Tick,NewlyInfected,NewlyRecovered,TotalSusceptible,TotalInfected,TotalRecovered,StepTimeNanos
0,2,0,999993,7,0,40888800
1,4,1,999989,10,1,5148500
2,2,4,999987,8,5,20313200
3,2,1,999985,9,6,1684900
4,1,0,999984,10,6,1493400
5,1,1,999983,10,7,1420000
6,2,0,999981,12,7,1367000
7,4,0,999977,16,7,1398400
8,3,0,999974,19,7,1407900
9,6,3,999968,22,10,1434100
10,2,2,999966,22,12,1407200
11,5,1,999961,26,13,1451600
12,3,0,999958,29,13,1388700
13,3,2,999955,30,15,1411100
14,4,3,999951,31,18,1390300
15,4,2,999947,33,20,1358000
16,4,4,999943,33,24,1386000
17,4,1,999939,36,25,1372600
18,3,2,999936,37,27,1374800
19,7,3,999929,41,30,1621900
20,7,4,999922,44,34,1863800
21,10,2,999912,52,36,1782100
22,4,2,999908,54,38,1771900
23,2,4,999906,52,42,1762400
24,7,2,999899,57,44,1877000
25,3,0,999896,60,44,1745300
26,13,4,999883,69,48,1742900
27,9,1,999874,77,49,1722000
28,10,3,999864,84,52,1813800
29,10,1,999854,93,53,1974500
30,9,4,999845,98,57,1724100
31,10,6,999835,102,63,1762100
32,10,5,999825,107,68,1835900
33,11,4,999814,114,72,1976600
34,14,4,999800,124,76,1747600
35,12,4,999788,132,80,1694600
36,16,5,999772,143,85,1759400
37,6,3,999766,146,88,1781900
38,12,7,999754,151,95,1755500
39,9,8,999745,152,103,1679700
40,15,11,999730,156,114,1751900
41,14,10,999716,160,124,1864900
42,9,9,999707,160,133,1800700
43,18,10,999689,168,143,1758500
44,19,8,999670,179,151,1668300
45,18,12,999652,185,163,1776400
46,18,19,999634,184,182,1860900
47,13,8,999621,189,190,1721700
48,14,6,999607,197,196,1789000
49,17,10,999590,204,206,1826800
50,14,10,999576,208,216,1923600
51,19,9,999557,218,225,2126000
52,14,8,999543,224,233,1973200
53,16,12,999527,228,245,1991500
54,20,13,999507,235,258,1950800
55,28,14,999479,249,272,1972100
56,25,10,999454,264,282,1813400
57,18,19,999436,263,301,1887700
58,27,9,999409,281,310,2179300
59,33,18,999376,296,328,1928800
60,22,17,999354,301,345,2005400
61,21,14,999333,308,359,1910700
62,34,14,999299,328,373,1815700
63,17,15,999282,330,388,1950000
64,32,12,999250,350,400,2510900
65,20,18,999230,352,418,9575200
66,23,19,999207,356,437,2159500
67,16,13,999191,359,450,2108300
68,28,14,999163,373,464,2093500
69,20,19,999143,374,483,1985300
70,21,23,999122,372,506,1899400
71,33,23,999089,382,529,1808500
72,22,25,999067,379,554,1871900
73,30,19,999037,390,573,1855900
74,38,21,998999,407,594,1785300
75,37,19,998962,425,613,2222400
76,31,18,998931,438,631,1829800
77,32,24,998899,446,655,2035100
78,38,20,998861,464,675,1858100
79,32,30,998829,466,705,1812300
80,34,25,998795,475,730,1962300
81,37,21,998758,491,751,2349000
82,30,23,998728,498,774,1891400
83,37,21,998691,514,795,1927000
84,37,35,998654,516,830,1822000
85,44,32,998610,528,862,1784800
86,51,29,998559,550,891,1896100
87,43,33,998516,560,924,2009500
88,38,31,998478,567,955,1818400
89,38,30,998440,575,985,2104700
90,46,29,998394,592,1014,1867700
91,31,25,998363,598,1039,1926800
92,34,26,998329,606,1065,1920600
93,40,31,998289,615,1096,1938500
94,51,35,998238,631,1131,1986700
95,55,39,998183,647,1170,1880100
96,47,41,998136,653,1211,1892100
97,37,27,998099,663,1238,1911500
98,42,29,998057,676,1267,2105000
99,45,46,998012,675,1313,1932900
100,48,40,997964,683,1353,1921100
101,50,36,997914,697,1389,1939800
102,37,27,997877,707,1416,1896200
103,47,28,997830,726,1444,1863700
104,60,44,997770,742,1488,1886400
105,49,43,997721,748,1531,1849200
106,50,22,997671,776,1553,1890200
107,50,43,997621,783,1596,1905800
108,46,45,997575,784,1641,1887400
109,55,51,997520,788,1692,1863200
110,40,52,997480,776,1744,1811100
111,46,30,997434,792,1774,1798700
112,45,43,997389,794,1817,1822300
113,42,44,997347,792,1861,1944000
114,55,42,997292,805,1903,1866000
115,62,47,997230,820,1950,1981800
116,54,39,997176,835,1989,1850700
117,64,37,997112,862,2026,1839200
118,63,44,997049,881,2070,1849300
119,59,36,996990,904,2106,1819300
120,72,42,996918,934,2148,1857000
121,71,45,996847,960,2193,1934800
122,57,44,996790,973,2237,1832700
123,58,59,996732,972,2296,1825300
124,46,61,996686,957,2357,1832100
125,51,52,996635,956,2409,1832300
126,56,38,996579,974,2447,2032400
127,69,56,996510,987,2503,1900700
128,69,51,996441,1005,2554,1829000
129,69,51,996372,1023,2605,1788500
130,60,52,996312,1031,2657,1813500
131,62,58,996250,1035,2715,1841600
132,57,54,996193,1038,2769,1859000
133,60,57,996133,1041,2826,1877900
134,65,48,996068,1058,2874,1924200
135,89,64,995979,1083,2938,1941600
136,75,65,995904,1093,3003,1802500
137,64,50,995840,1107,3053,1886300
138,72,50,995768,1129,3103,1849800
139,85,65,995683,1149,3168,1861200
140,63,59,995620,1153,3227,1822000
141,75,65,995545,1163,3292,1804500
142,66,68,995479,1161,3360,1856600
143,78,47,995401,1192,3407,1826000
144,81,68,995320,1205,3475,1876000
145,89,64,995231,1230,3539,1876700
146,76,63,995155,1243,3602,1872400
147,80,59,995075,1264,3661,1908000
148,92,60,994983,1296,3721,1827100
149,88,63,994895,1321,3784,1899100
150,84,86,994811,1319,3870,1864600
151,91,64,994720,1346,3934,1996800
152,74,60,994646,1360,3994,1921100
153,84,53,994562,1391,4047,1895900
154,88,72,994474,1407,4119,1796300
155,82,66,994392,1423,4185,2213100
156,80,68,994312,1435,4253,1839900
157,80,84,994232,1431,4337,1852000
158,92,79,994140,1444,4416,1826000
159,81,66,994059,1459,4482,1777400
160,88,84,993971,1463,4566,1819900
161,102,57,993869,1508,4623,1847400
162,96,88,993773,1516,4711,2085300
163,80,76,993693,1520,4787,2047900
164,111,74,993582,1557,4861,1816800
165,102,81,993480,1578,4942,1824000
166,89,72,993391,1595,5014,1900300
167,86,63,993305,1618,5077,1790800
168,93,87,993212,1624,5164,1782500
169,89,89,993123,1624,5253,1988300
170,89,79,993034,1634,5332,1788200
171,93,75,992941,1652,5407,1874700
172,98,67,992843,1683,5474,1879900
173,94,91,992749,1686,5565,1801200
174,93,90,992656,1689,5655,1911300
175,94,90,992562,1693,5745,2095100
176,93,79,992469,1707,5824,6346600
177,90,91,992379,1706,5915,7405900
178,80,87,992299,1699,6002,2032100
179,108,76,992191,1731,6078,1962100
180,104,95,992087,1740,6173,1987400
181,85,89,992002,1736,6262,1943200
182,101,82,991901,1755,6344,1892300
183,99,79,991802,1775,6423,2053300
184,105,65,991697,1815,6488,1927700
185,106,91,991591,1830,6579,1998500
186,113,84,991478,1859,6663,2021600
187,110,91,991368,1878,6754,1948500
188,102,89,991266,1891,6843,1994400
189,81,98,991185,1874,6941,1895100
190,107,78,991078,1903,7019,1960800
191,94,83,990984,1914,7102,1941400
192,112,90,990872,1936,7192,1854100
193,112,100,990760,1948,7292,1852000
194,125,86,990635,1987,7378,2009900
195,104,78,990531,2013,7456,2036300
196,128,91,990403,2050,7547,1895200
197,117,97,990286,2070,7644,2087300
198,127,103,990159,2094,7747,2001600
199,122,103,990037,2113,7850,1989000
200,117,122,989920,2108,7972,1972600
201,116,101,989804,2123,8073,2035500
202,120,112,989684,2131,8185,1994400
203,111,91,989573,2151,8276,1936500
204,137,110,989436,2178,8386,2002700
205,132,114,989304,2196,8500,2031200
206,126,124,989178,2198,8624,2072900
207,122,114,989056,2206,8738,1948000
208,113,116,988943,2203,8854,2151000
209,132,113,988811,2222,8967,2722400
210,116,108,988695,2230,9075,3083900
211,124,121,988571,2233,9196,2759400
212,130,94,988441,2269,9290,2570400
213,126,119,988315,2276,9409,2077100
214,130,117,988185,2289,9526,2036300
215,147,99,988038,2337,9625,1934600
216,124,115,987914,2346,9740,1870700
217,164,118,987750,2392,9858,2157200
218,126,113,987624,2405,9971,2411400
219,128,156,987496,2377,10127,2142200
220,107,102,987389,2382,10229,1955400
221,134,120,987255,2396,10349,2100200
222,114,137,987141,2373,10486,2441400
223,132,117,987009,2388,10603,2153900
224,125,119,986884,2394,10722,2476400
225,140,115,986744,2419,10837,2327300
226,132,118,986612,2433,10955,2047300
227,129,127,986483,2435,11082,1919800
228,123,140,986360,2418,11222,1946000
229,135,107,986225,2446,11329,1982000
230,125,136,986100,2435,11465,1934400
231,143,110,985957,2468,11575,2239700
232,126,133,985831,2461,11708,4058500
233,136,133,985695,2464,11841,3811400
234,159,109,985536,2514,11950,3436100
235,136,100,985400,2550,12050,2400500
236,141,114,985259,2577,12164,1975800
237,141,132,985118,2586,12296,1959100
238,136,123,984982,2599,12419,2117700
239,124,124,984858,2599,12543,2202900
240,146,117,984712,2628,12660,2066300
241,139,132,984573,2635,12792,1975700
242,142,139,984431,2638,12931,1920600
243,140,135,984291,2643,13066,1999100
244,135,113,984156,2665,13179,1966800
245,154,129,984002,2690,13308,1912400
246,138,132,983864,2696,13440,1972500
247,134,127,983730,2703,13567,2299400
248,148,125,983582,2726,13692,5597100
249,144,124,983438,2746,13816,2752700
250,136,135,983302,2747,13951,2080700
251,125,133,983177,2739,14084,2048900
252,145,137,983032,2747,14221,2086400
253,164,147,982868,2764,14368,2018900
254,149,136,982719,2777,14504,1986900
255,126,126,982593,2777,14630,1957800
256,128,126,982465,2779,14756,1915400
257,134,114,982331,2799,14870,1937500
258,140,147,982191,2792,15017,1903600
259,138,133,982053,2797,15150,1861400
260,139,150,981914,2786,15300,2039700
261,159,150,981755,2795,15450,1889600
262,130,135,981625,2790,15585,1905500
263,132,146,981493,2776,15731,1823900
264,145,111,981348,2810,15842,1739700
265,118,124,981230,2804,15966,1775000
266,140,151,981090,2793,16117,1843100
267,156,141,980934,2808,16258,1850300
268,143,137,980791,2814,16395,2007600
269,137,148,980654,2803,16543,1811500
270,132,139,980522,2796,16682,1826600
271,166,129,980356,2833,16811,1801400
272,150,146,980206,2837,16957,1838400
273,144,138,980062,2843,17095,1819800
274,147,139,979915,2851,17234,1884600
275,143,141,979772,2853,17375,2004100
276,131,113,979641,2871,17488,1921400
277,159,145,979482,2885,17633,1837000
278,156,154,979326,2887,17787,1866700
279,154,153,979172,2888,17940,2095300
280,166,154,979006,2900,18094,1793200
281,158,130,978848,2928,18224,1742100
282,164,143,978684,2949,18367,1710000
283,168,139,978516,2978,18506,1695900
284,183,149,978333,3012,18655,1806400
285,176,158,978157,3030,18813,1784300
286,163,155,977994,3038,18968,2064600
287,166,147,977828,3057,19115,1741100
288,155,157,977673,3055,19272,1749500
289,160,151,977513,3064,19423,1781200
290,157,157,977356,3064,19580,1739700
291,183,148,977173,3099,19728,1765200
292,164,167,977009,3096,19895,1760300
293,143,154,976866,3085,20049,1762300
294,177,159,976689,3103,20208,1808200
295,154,149,976535,3108,20357,1827900
296,160,157,976375,3111,20514,1752800
297,174,133,976201,3152,20647,1777400
298,172,154,976029,3170,20801,1692700
299,182,161,975847,3191,20962,1733300
300,158,150,975689,3199,21112,1735200
301,164,167,975525,3196,21279,1804100
302,173,156,975352,3213,21435,1727200
303,178,166,975174,3225,21601,1747900
304,166,137,975008,3254,21738,1857100
305,163,144,974845,3273,21882,1987700
306,180,155,974665,3298,22037,1725800
307,203,170,974462,3331,22207,2045500
308,172,139,974290,3364,22346,1735800
309,165,173,974125,3356,22519,1920700
310,183,166,973942,3373,22685,2026100
311,178,172,973764,3379,22857,2032900
312,175,172,973589,3382,23029,1841500
313,168,160,973421,3390,23189,1868600
314,159,159,973262,3390,23348,1976300
315,182,157,973080,3415,23505,1804500
316,160,156,972920,3419,23661,1857000
317,163,157,972757,3425,23818,1831100
318,159,176,972598,3408,23994,1803300
319,146,152,972452,3402,24146,1798900
320,167,166,972285,3403,24312,1841000
321,192,172,972093,3423,24484,1833000
322,176,177,971917,3422,24661,2044100
323,179,173,971738,3428,24834,2297300
324,160,178,971578,3410,25012,1844100
325,157,151,971421,3416,25163,1851700
326,170,178,971251,3408,25341,1819500
327,165,165,971086,3408,25506,1819100
328,168,184,970918,3392,25690,1770100
329,167,164,970751,3395,25854,1779200
330,159,181,970592,3373,26035,1971300
331,156,180,970436,3349,26215,1834100
332,176,156,970260,3369,26371,1828000
333,175,181,970085,3363,26552,1787700
334,156,167,969929,3352,26719,1785300
335,186,177,969743,3361,26896,1779500
336,176,162,969567,3375,27058,2091700
337,174,170,969393,3379,27228,1817300
338,193,160,969200,3412,27388,1846900
339,179,204,969021,3387,27592,1842300
340,189,188,968832,3388,27780,1801700
341,202,172,968630,3418,27952,1785200
342,181,165,968449,3434,28117,1993800
343,217,176,968232,3475,28293,1895500
344,181,161,968051,3495,28454,1763600
345,201,175,967850,3521,28629,1844500
346,180,179,967670,3522,28808,1846300
347,188,180,967482,3530,28988,1817300
348,171,178,967311,3523,29166,1799600
349,178,196,967133,3505,29362,1744900
350,200,171,966933,3534,29533,1799300
351,168,174,966765,3528,29707,1860700
352,171,150,966594,3549,29857,1818300
353,174,190,966420,3533,30047,1860100
354,197,171,966223,3559,30218,1831700
355,193,166,966030,3586,30384,1816600
356,187,171,965843,3602,30555,1790500
357,170,169,965673,3603,30724,1808900
358,170,179,965503,3594,30903,1829900
359,181,180,965322,3595,31083,1875900
360,187,182,965135,3600,31265,1830500
361,174,182,964961,3592,31447,1743600
362,178,180,964783,3590,31627,1730300
363,164,176,964619,3578,31803,1839400
364,175,184,964444,3569,31987,1801000
365,165,170,964279,3564,32157,1848000
366,172,171,964107,3565,32328,1780600
367,200,171,963907,3594,32499,1782600
368,172,170,963735,3596,32669,1817800
369,182,163,963553,3615,32832,1805200
370,165,175,963388,3605,33007,1782200
371,175,168,963213,3612,33175,1742800
372,202,190,963011,3624,33365,1747100
373,177,192,962834,3609,33557,1838100
374,194,176,962640,3627,33733,1730700
375,169,170,962471,3626,33903,1731500
376,188,200,962283,3614,34103,1760200
377,197,174,962086,3637,34277,1798600
378,177,194,961909,3620,34471,2144000
379,179,184,961730,3615,34655,1827600
380,192,184,961538,3623,34839,1830900
381,187,188,961351,3622,35027,1807500
382,156,190,961195,3588,35217,1812800
383,172,197,961023,3563,35414,1804900
384,191,161,960832,3593,35575,2078300
385,184,182,960648,3595,35757,1885200
386,170,180,960478,3585,35937,1865000
387,182,175,960296,3592,36112,1946000
388,173,194,960123,3571,36306,1901400
389,188,167,959935,3592,36473,1898200
390,207,190,959728,3609,36663,1876600
391,182,160,959546,3631,36823,1883400
392,179,171,959367,3639,36994,1790100
393,186,187,959181,3638,37181,1833500
394,223,198,958958,3663,37379,1829700
395,186,187,958772,3662,37566,1816000
396,180,181,958592,3661,37747,1832700
397,193,171,958399,3683,37918,1835900
398,205,190,958194,3698,38108,1817800
399,208,175,957986,3731,38283,1748300
400,199,165,957787,3765,38448,2071500
401,228,179,957559,3814,38627,1743500
402,216,187,957343,3843,38814,1789600
403,233,197,957110,3879,39011,1832000
404,220,180,956890,3919,39191,1846800
405,218,181,956672,3956,39372,1837800
406,229,177,956443,4008,39549,1698700
407,221,209,956222,4020,39758,1692400
408,208,202,956014,4026,39960,1886700
409,228,220,955786,4034,40180,1868600
410,220,220,955566,4034,40400,2004900
411,234,225,955332,4043,40625,1849000
412,215,197,955117,4061,40822,1739400
413,215,211,954902,4065,41033,1934200
414,193,185,954709,4073,41218,1730400
415,239,186,954470,4126,41404,1845100
416,217,199,954253,4144,41603,1874300
417,220,226,954033,4138,41829,1846600
418,218,223,953815,4133,42052,1817200
419,219,219,953596,4133,42271,1700100
420,215,209,953381,4139,42480,1706000
421,241,189,953140,4191,42669,1983000
422,217,220,952923,4188,42889,1738900
423,231,214,952692,4205,43103,1733200
424,242,233,952450,4214,43336,1833100
425,207,183,952243,4238,43519,1752800
426,235,225,952008,4248,43744,2073900
427,236,224,951772,4260,43968,2010700
428,203,204,951569,4259,44172,1911100
429,233,211,951336,4281,44383,1893000
430,235,180,951101,4336,44563,1789500
431,223,207,950878,4352,44770,1797000
432,208,236,950670,4324,45006,19428500
433,241,223,950429,4342,45229,5711000
434,218,244,950211,4316,45473,5088900
435,223,196,949988,4343,45669,1844500
436,243,231,949745,4355,45900,1844800
437,221,183,949524,4393,46083,1843700
438,242,203,949282,4432,46286,1883500
439,235,222,949047,4445,46508,1876200
440,231,264,948816,4412,46772,2029600
441,238,212,948578,4438,46984,1841500
442,233,207,948345,4464,47191,1894600
443,252,226,948093,4490,47417,1952500
444,250,223,947843,4517,47640,1869400
445,217,234,947626,4500,47874,1806500
446,250,226,947376,4524,48100,1859000
447,220,217,947156,4527,48317,1912200
448,245,227,946911,4545,48544,1933400
449,256,242,946655,4559,48786,1887200
450,244,213,946411,4590,48999,1861600
451,238,208,946173,4620,49207,1877800
452,248,224,945925,4644,49431,1826300
453,222,233,945703,4633,49664,1853900
454,239,222,945464,4650,49886,1822100
455,195,219,945269,4626,50105,1844400
456,225,223,945044,4628,50328,1815200
457,262,236,944782,4654,50564,1845500
458,255,245,944527,4664,50809,1883200
459,247,249,944280,4662,51058,1915200
460,234,225,944046,4671,51283,1904500
461,241,258,943805,4654,51541,1921700
462,236,252,943569,4638,51793,1943500
463,247,224,943322,4661,52017,1757000
464,243,228,943079,4676,52245,1857600
465,231,207,942848,4700,52452,1897800
466,255,210,942593,4745,52662,1986500
467,261,247,942332,4759,52909,1973500
468,246,231,942086,4774,53140,1961900
469,235,248,941851,4761,53388,2042700
470,238,234,941613,4765,53622,2016300
471,238,222,941375,4781,53844,1959600
472,230,234,941145,4777,54078,2156700
473,236,220,940909,4793,54298,1891300
474,245,231,940664,4807,54529,1937500
475,236,247,940428,4796,54776,2068500
476,259,243,940169,4812,55019,2141100
477,236,222,939933,4826,55241,2166900
478,251,241,939682,4836,55482,1867100
479,243,221,939439,4858,55703,1861500
480,263,256,939176,4865,55959,2023000
481,254,230,938922,4889,56189,1933100
482,263,258,938659,4894,56447,1836300
483,234,243,938425,4885,56690,1739000
484,249,267,938176,4867,56957,1752200
485,225,247,937951,4845,57204,1794800
486,237,254,937714,4828,57458,1884300
487,260,235,937454,4853,57693,1872900
488,237,204,937217,4886,57897,1987400
489,244,262,936973,4868,58159,1835100
490,224,244,936749,4848,58403,1851400
491,241,219,936508,4870,58622,1804500
492,247,249,936261,4868,58871,1715700
493,230,231,936031,4867,59102,1863400
494,259,232,935772,4894,59334,1719800
495,257,292,935515,4859,59626,1746900
496,279,240,935236,4898,59866,1724400
497,240,256,934996,4882,60122,1811100
498,236,243,934760,4875,60365,1840000
499,264,231,934496,4908,60596,1868200
500,236,248,934260,4896,60844,1767600
501,247,244,934013,4899,61088,1862300
502,261,239,933752,4921,61327,1713200
503,252,261,933500,4912,61588,1880700
504,279,226,933221,4965,61814,1726700
505,264,242,932957,4987,62056,1753600
506,258,233,932699,5012,62289,1720100
507,252,255,932447,5009,62544,1922300
508,256,250,932191,5015,62794,1873200
509,228,250,931963,4993,63044,1867600
510,255,229,931708,5019,63273,1801800
511,248,273,931460,4994,63546,1818200
512,253,239,931207,5008,63785,2104100
513,261,239,930946,5030,64024,1991900
514,271,240,930675,5061,64264,1865900
515,239,244,930436,5056,64508,1820500
516,246,239,930190,5063,64747,1782500
517,259,222,929931,5100,64969,1865600
518,248,246,929683,5102,65215,2508100
519,269,219,929414,5152,65434,2073600
520,261,266,929153,5147,65700,1720300
521,249,247,928904,5149,65947,1722100
522,278,256,928626,5171,66203,1900000
523,259,234,928367,5196,66437,1867000
524,264,282,928103,5178,66719,1767800
525,249,255,927854,5172,66974,1708200
526,287,245,927567,5214,67219,1713700
527,262,249,927305,5227,67468,1877500
528,259,228,927046,5258,67696,1846300
529,276,258,926770,5276,67954,1825000
530,271,249,926499,5298,68203,1769500
531,270,268,926229,5300,68471,1800400
532,277,271,925952,5306,68742,2195900
533,254,256,925698,5304,68998,1905000
534,279,243,925419,5340,69241,1839500
535,255,252,925164,5343,69493,1830500
536,241,246,924923,5338,69739,1878000
537,248,275,924675,5311,70014,1813700
538,265,257,924410,5319,70271,2009200
539,263,262,924147,5320,70533,1743600
540,271,266,923876,5325,70799,1719600
541,242,246,923634,5321,71045,1864100
542,253,293,923381,5281,71338,1837400
543,284,259,923097,5306,71597,1841200
544,265,267,922832,5304,71864,1823900
545,273,249,922559,5328,72113,1752600
546,267,289,922292,5306,72402,1918800
547,289,282,922003,5313,72684,1863200
548,263,244,921740,5332,72928,1944800
549,247,287,921493,5292,73215,1940200
550,253,275,921240,5270,73490,1884300
551,256,261,920984,5265,73751,1865300
552,272,267,920712,5270,74018,1806800
553,239,261,920473,5248,74279,1810400
554,295,287,920178,5256,74566,2164400
555,255,261,919923,5250,74827,1992800
556,269,269,919654,5250,75096,1979900
557,262,245,919392,5267,75341,1842100
558,264,274,919128,5257,75615,1836200
559,258,235,918870,5280,75850,1805300
560,283,283,918587,5280,76133,2070500
561,261,255,918326,5286,76388,1874600
562,254,244,918072,5296,76632,1857000
563,270,257,917802,5309,76889,1865800
564,264,237,917538,5336,77126,1908300
565,256,261,917282,5331,77387,1878100
566,277,290,917005,5318,77677,1888700
567,274,273,916731,5319,77950,1825800
568,272,233,916459,5358,78183,1730500
569,263,258,916196,5363,78441,1983500
570,275,269,915921,5369,78710,1815100
571,303,272,915618,5400,78982,1853900
572,276,276,915342,5400,79258,1854200
573,257,261,915085,5396,79519,1823300
574,250,270,914835,5376,79789,1835800
575,274,275,914561,5375,80064,1945800
576,261,281,914300,5355,80345,2069900
577,292,257,914008,5390,80602,2065300
578,263,262,913745,5391,80864,1802300
579,271,267,913474,5395,81131,1757900
580,272,287,913202,5380,81418,1877600
581,273,274,912929,5379,81692,1831900
582,278,271,912651,5386,81963,1689900
583,248,252,912403,5382,82215,2044200
584,274,258,912129,5398,82473,2148000
585,272,278,911857,5392,82751,1894500
586,239,253,911618,5378,83004,1758800
587,259,266,911359,5371,83270,1786500
588,275,276,911084,5370,83546,1917500
589,269,263,910815,5376,83809,2138300
590,252,228,910563,5400,84037,1861300
591,275,272,910288,5403,84309,1834800
592,284,246,910004,5441,84555,1849600
593,297,260,909707,5478,84815,1784000
594,271,280,909436,5469,85095,1698100
595,287,273,909149,5483,85368,1808400
596,284,285,908865,5482,85653,1964600
597,292,274,908573,5500,85927,1858000
598,282,284,908291,5498,86211,1791700
599,263,274,908028,5487,86485,1720700
600,276,272,907752,5491,86757,1760800
601,267,262,907485,5496,87019,1882600
602,266,277,907219,5485,87296,1852700
603,273,259,906946,5499,87555,1750100
604,266,264,906680,5501,87819,1756300
605,288,278,906392,5511,88097,1760100
606,269,289,906123,5491,88386,2192400
607,263,296,905860,5458,88682,1839300
608,258,269,905602,5447,88951,1798900
609,299,270,905303,5476,89221,1873900
610,287,253,905016,5510,89474,1995800
611,289,277,904727,5522,89751,2119100
612,269,285,904458,5506,90036,2001800
613,285,261,904173,5530,90297,1954300
614,299,286,903874,5543,90583,1918200
615,309,265,903565,5587,90848,1927400
616,279,302,903286,5564,91150,1816200
617,300,294,902986,5570,91444,1773800
618,287,294,902699,5563,91738,1808000
619,276,268,902423,5571,92006,1837200
620,274,308,902149,5537,92314,2045200
621,302,285,901847,5554,92599,1883700
622,303,271,901544,5586,92870,1859700
623,267,276,901277,5577,93146,1837400
624,309,257,900968,5629,93403,2212000
625,280,257,900688,5652,93660,1920900
626,291,257,900397,5686,93917,1870000
627,296,300,900101,5682,94217,1907600
628,306,299,899795,5689,94516,1736900
629,286,292,899509,5683,94808,1749800
630,292,261,899217,5714,95069,1827600
631,279,299,898938,5694,95368,1816800
632,298,277,898640,5715,95645,1849300
633,294,292,898346,5717,95937,1806700
634,300,267,898046,5750,96204,1741600
635,325,304,897721,5771,96508,1683700
636,318,308,897403,5781,96816,1874600
637,303,275,897100,5809,97091,1859000
638,296,272,896804,5833,97363,1748400
639,303,312,896501,5824,97675,1694200
640,299,289,896202,5834,97964,1765200
641,282,302,895920,5814,98266,1866100
642,275,298,895645,5791,98564,1913700
643,290,302,895355,5779,98866,1780700
644,312,276,895043,5815,99142,1814500
645,305,291,894738,5829,99433,1753500
646,296,284,894442,5841,99717,1873400
647,311,298,894131,5854,100015,1887800
648,321,322,893810,5853,100337,1861800
649,282,280,893528,5855,100617,1788100
650,302,296,893226,5861,100913,1747800
651,315,309,892911,5867,101222,1934400
652,297,284,892614,5880,101506,1998900
653,307,297,892307,5890,101803,1885000
654,307,283,892000,5914,102086,1837900
655,296,313,891704,5897,102399,1870400
656,302,323,891402,5876,102722,1836900
657,325,277,891077,5924,102999,1717900
658,299,282,890778,5941,103281,1900100
659,267,285,890511,5923,103566,1794300
660,319,307,890192,5935,103873,1892800
661,279,309,889913,5905,104182,1887700
662,317,327,889596,5895,104509,2029500
663,311,281,889285,5925,104790,1896400
664,314,308,888971,5931,105098,1834400
665,326,307,888645,5950,105405,1749100
666,298,293,888347,5955,105698,1777200
667,308,329,888039,5934,106027,1866100
668,285,307,887754,5912,106334,1880200
669,321,291,887433,5942,106625,1911900
670,279,273,887154,5948,106898,1841600
671,319,297,886835,5970,107195,1786000
672,315,298,886520,5987,107493,1743800
673,316,315,886204,5988,107808,1749900
674,318,301,885886,6005,108109,1933600
675,315,286,885571,6034,108395,1836100
676,312,295,885259,6051,108690,1829100
677,319,292,884940,6078,108982,1747100
678,295,297,884645,6076,109279,1760300
679,325,304,884320,6097,109583,1726600
680,311,318,884009,6090,109901,2044400
681,321,290,883688,6121,110191,1947200
682,314,289,883374,6146,110480,1979200
683,299,334,883075,6111,110814,1873500
684,293,324,882782,6080,111138,1987300
685,306,304,882476,6082,111442,2004000
686,328,304,882148,6106,111746,2006400
687,315,287,881833,6134,112033,1933500
688,329,326,881504,6137,112359,1932800
689,324,311,881180,6150,112670,1973500
690,334,286,880846,6198,112956,1919200
691,330,282,880516,6246,113238,1980800
692,299,322,880217,6223,113560,2196600
693,317,324,879900,6216,113884,2166300
694,322,301,879578,6237,114185,2025200
695,288,302,879290,6223,114487,2005500
696,317,314,878973,6226,114801,2130400
697,321,294,878652,6253,115095,1999300
698,328,319,878324,6262,115414,1889800
699,308,327,878016,6243,115741,3019700
700,295,287,877721,6251,116028,2498900
701,341,324,877380,6268,116352,2115100
702,297,327,877083,6238,116679,2395700
703,287,324,876796,6201,117003,4269500
704,337,334,876459,6204,117337,6252000
705,347,324,876112,6227,117661,3746900
706,351,305,875761,6273,117966,2888800
707,323,315,875438,6281,118281,3252200
708,355,294,875083,6342,118575,2435800
709,342,306,874741,6378,118881,2520000
710,333,343,874408,6368,119224,2207500
711,336,331,874072,6373,119555,2179900
712,359,311,873713,6421,119866,2156700
713,315,338,873398,6398,120204,2269900
714,358,314,873040,6442,120518,2139200
715,326,318,872714,6450,120836,2010500
716,321,340,872393,6431,121176,2291500
717,334,309,872059,6456,121485,2502100
718,338,334,871721,6460,121819,2238500
719,317,350,871404,6427,122169,6493100
720,324,326,871080,6425,122495,4132400
721,343,311,870737,6457,122806,2271900
722,290,303,870447,6444,123109,2129800
723,332,361,870115,6415,123470,2241900
724,332,328,869783,6419,123798,2109600
725,328,322,869455,6425,124120,2121700
726,333,326,869122,6432,124446,2256400
727,371,287,868751,6516,124733,2116600
728,340,303,868411,6553,125036,2163700
729,334,323,868077,6564,125359,2074600
730,311,348,867766,6527,125707,1984500
731,354,305,867412,6576,126012,1979100
732,341,325,867071,6592,126337,1970800
733,334,315,866737,6611,126652,1934000
734,368,340,866369,6639,126992,1881400
735,359,311,866010,6687,127303,1854900
736,305,334,865705,6658,127637,1968300
737,355,323,865350,6690,127960,1895600
738,336,364,865014,6662,128324,2012200
739,389,322,864625,6729,128646,1880900
740,341,335,864284,6735,128981,1815300
741,350,327,863934,6758,129308,2014300
742,304,344,863630,6718,129652,1774000
743,344,341,863286,6721,129993,1874800
744,337,354,862949,6704,130347,1914600
745,348,336,862601,6716,130683,1989000
746,338,326,862263,6728,131009,1875300
747,329,329,861934,6728,131338,1793300
748,342,339,861592,6731,131677,1862300
749,340,318,861252,6753,131995,2021500
750,350,320,860902,6783,132315,1944100
751,346,359,860556,6770,132674,2014600
752,353,324,860203,6799,132998,1932200
753,352,340,859851,6811,133338,2137400
754,337,352,859514,6796,133690,1856000
755,350,336,859164,6810,134026,1752100
756,339,319,858825,6830,134345,1727000
757,327,342,858498,6815,134687,1760800
758,350,318,858148,6847,135005,1894800
759,339,342,857809,6844,135347,1847800
760,336,351,857473,6829,135698,1839700
761,326,324,857147,6831,136022,2018100
762,323,327,856824,6827,136349,1781400
763,332,301,856492,6858,136650,1769400
764,325,350,856167,6833,137000,1974800
765,320,357,855847,6796,137357,1854900
766,304,334,855543,6766,137691,1934100
767,321,325,855222,6762,138016,1897900
768,323,354,854899,6731,138370,1902800
769,330,346,854569,6715,138716,1804800
770,364,327,854205,6752,139043,2007300
771,360,337,853845,6775,139380,1800300
772,354,327,853491,6802,139707,1841500
773,325,334,853166,6793,140041,1767600
774,345,351,852821,6787,140392,2056800
775,378,345,852443,6820,140737,1914900
776,359,337,852084,6842,141074,1903200
777,361,337,851723,6866,141411,2232400
778,365,358,851358,6873,141769,1744300
779,335,337,851023,6871,142106,2002100
780,371,340,850652,6902,142446,1978900
781,408,357,850244,6953,142803,1901700
782,371,336,849873,6988,143139,1888800
783,336,352,849537,6972,143491,1824600
784,332,358,849205,6946,143849,1753000
785,335,323,848870,6958,144172,1830500
786,349,304,848521,7003,144476,1968000
787,363,360,848158,7006,144836,1793000
788,323,371,847835,6958,145207,1899500
789,346,334,847489,6970,145541,2006600
790,335,342,847154,6963,145883,1860000
791,344,354,846810,6953,146237,1870000
792,324,318,846486,6959,146555,1782200
793,345,371,846141,6933,146926,1916200
794,349,356,845792,6926,147282,1738200
795,352,380,845440,6898,147662,2004400
796,380,319,845060,6959,147981,1881200
797,370,327,844690,7002,148308,1894900
798,337,378,844353,6961,148686,1838200
799,369,359,843984,6971,149045,1715400
800,336,338,843648,6969,149383,1758300
801,349,331,843299,6987,149714,1829500
802,341,362,842958,6966,150076,1852300
803,369,346,842589,6989,150422,1863600
804,354,345,842235,6998,150767,1966200
805,359,362,841876,6995,151129,1783300
806,352,338,841524,7009,151467,1780600
807,347,344,841177,7012,151811,1830800
808,365,383,840812,6994,152194,1889000
809,376,352,840436,7018,152546,2172600
810,364,362,840072,7020,152908,1797700
811,347,378,839725,6989,153286,1790000
812,373,342,839352,7020,153628,2103300
813,386,373,838966,7033,154001,1867200
814,366,364,838600,7035,154365,1858100
815,352,368,838248,7019,154733,1762800
816,355,332,837893,7042,155065,1760500
817,382,366,837511,7058,155431,1863700
818,400,356,837111,7102,155787,2131500
819,377,348,836734,7131,156135,1918000
820,369,354,836365,7146,156489,1931400
821,393,354,835972,7185,156843,1894500
822,387,371,835585,7201,157214,1966200
823,414,357,835171,7258,157571,2077300
824,398,356,834773,7300,157927,2096300
825,380,382,834393,7298,158309,1912100
826,362,361,834031,7299,158670,1968600
827,365,367,833666,7297,159037,1933000
828,360,379,833306,7278,159416,1795700
829,396,378,832910,7296,159794,1884900
830,389,389,832521,7296,160183,1795300
831,370,365,832151,7301,160548,1756600
832,331,330,831820,7302,160878,1810800
833,359,353,831461,7308,161231,1941800
834,330,363,831131,7275,161594,2132500
835,362,325,830769,7312,161919,1768300
836,381,324,830388,7369,162243,1916100
837,389,344,829999,7414,162587,1779100
838,367,357,829632,7424,162944,2031700
839,370,409,829262,7385,163353,1844800
840,378,402,828884,7361,163755,1805300
841,365,388,828519,7338,164143,1756300
842,380,363,828139,7355,164506,1970300
843,351,364,827788,7342,164870,1895100
844,381,360,827407,7363,165230,1901700
845,367,368,827040,7362,165598,1855800
846,370,366,826670,7366,165964,1840500
847,394,375,826276,7385,166339,1771000
848,332,357,825944,7360,166696,1854600
849,358,413,825586,7305,167109,1811600
850,352,355,825234,7302,167464,1862700
851,380,350,824854,7332,167814,2129800
852,442,393,824412,7381,168207,1918100
853,381,347,824031,7415,168554,2117100
854,409,399,823622,7425,168953,1924700
855,433,372,823189,7486,169325,1915800
856,387,393,822802,7480,169718,1923700
857,378,364,822424,7494,170082,1876300
858,366,370,822058,7490,170452,1850100
859,401,379,821657,7512,170831,1871300
860,388,361,821269,7539,171192,2108300
861,406,381,820863,7564,171573,1934100
862,370,394,820493,7540,171967,1776400
863,401,381,820092,7560,172348,1766900
864,386,396,819706,7550,172744,1837900
865,348,387,819358,7511,173131,1881600
866,366,359,818992,7518,173490,1867400
867,383,369,818609,7532,173859,1842500
868,376,392,818233,7516,174251,1781300
869,374,391,817859,7499,174642,1726200
870,361,399,817498,7461,175041,1906800
871,394,357,817104,7498,175398,1884400
872,369,383,816735,7484,175781,1904100
873,349,383,816386,7450,176164,1893300
874,376,400,816010,7426,176564,1803100
875,356,362,815654,7420,176926,1954200
876,368,391,815286,7397,177317,1825400
877,362,378,814924,7381,177695,2055000
878,392,373,814532,7400,178068,2098700
879,383,397,814149,7386,178465,1990200
880,411,370,813738,7427,178835,2275300
881,394,365,813344,7456,179200,2167000
882,372,379,812972,7449,179579,2304500
883,378,380,812594,7447,179959,1990900
884,390,362,812204,7475,180321,2039600
885,401,374,811803,7502,180695,1887100
886,387,383,811416,7506,181078,2083200
887,358,378,811058,7486,181456,1776000
888,397,352,810661,7531,181808,2082300
889,393,365,810268,7559,182173,1911000
890,385,386,809883,7558,182559,1835200
891,383,389,809500,7552,182948,2076200
892,394,376,809106,7570,183324,2060600
893,406,365,808700,7611,183689,2127100
894,409,389,808291,7631,184078,1792100
895,406,356,807885,7681,184434,1858500
896,393,399,807492,7675,184833,1891600
897,386,406,807106,7655,185239,1876300
898,379,399,806727,7635,185638,1812800
899,423,407,806304,7651,186045,1968700
900,420,382,805884,7689,186427,1800500
901,366,366,805518,7689,186793,1772700
902,394,393,805124,7690,187186,1969800
903,370,385,804754,7675,187571,2147800
904,368,366,804386,7677,187937,1778900
905,410,395,803976,7692,188332,2058200
906,365,348,803611,7709,188680,1914100
907,370,362,803241,7717,189042,1949100
908,421,379,802820,7759,189421,1942400
909,387,401,802433,7745,189822,2057800
910,375,366,802058,7754,190188,2098000
911,402,392,801656,7764,190580,1909300
912,378,375,801278,7767,190955,1839700
913,387,407,800891,7747,191362,1900700
914,377,402,800514,7722,191764,1915000
915,361,367,800153,7716,192131,1867500
916,363,392,799790,7687,192523,2032600
917,345,368,799445,7664,192891,1815600
918,382,391,799063,7655,193282,1994100
919,386,375,798677,7666,193657,1913300
920,387,376,798290,7677,194033,1814500
921,379,390,797911,7666,194423,1822600
922,401,383,797510,7684,194806,2414100
923,363,361,797147,7686,195167,1877200
924,400,402,796747,7684,195569,1839700
925,387,375,796360,7696,195944,1855200
926,382,351,795978,7727,196295,1883900
927,388,423,795590,7692,196718,1942800
928,362,409,795228,7645,197127,1976600
929,377,380,794851,7642,197507,1985400
930,398,408,794453,7632,197915,1992800
931,430,399,794023,7663,198314,1991000
932,401,356,793622,7708,198670,17315300
933,388,404,793234,7692,199074,5430200
934,377,395,792857,7674,199469,5657200
935,372,396,792485,7650,199865,5541500
936,364,353,792121,7661,200218,2200800
937,405,392,791716,7674,200610,1931600
938,426,340,791290,7760,200950,1898400
939,407,393,790883,7774,201343,2097200
940,388,384,790495,7778,201727,2137100
941,420,382,790075,7816,202109,1866400
942,367,413,789708,7770,202522,1948300
943,398,373,789310,7795,202895,2058700
944,353,397,788957,7751,203292,1815500
945,394,389,788563,7756,203681,1909800
946,336,405,788227,7687,204086,2181000
947,405,420,787822,7672,204506,1825000
948,383,379,787439,7676,204885,1820300
949,375,394,787064,7657,205279,1927600
950,330,370,786734,7617,205649,1906900
951,397,373,786337,7641,206022,1908600
952,355,377,785982,7619,206399,1859100
953,384,385,785598,7618,206784,1848000
954,371,364,785227,7625,207148,1920600
955,384,384,784843,7625,207532,1880800
956,386,374,784457,7637,207906,1938100
957,385,383,784072,7639,208289,1864000
958,374,379,783698,7634,208668,1844600
959,377,372,783321,7639,209040,1783800
960,385,400,782936,7624,209440,1788400
961,391,403,782545,7612,209843,1898400
962,377,405,782168,7584,210248,2095900
963,371,382,781797,7573,210630,1881900
964,360,371,781437,7562,211001,1933400
965,365,344,781072,7583,211345,2120600
966,380,342,780692,7621,211687,1956200
967,392,381,780300,7632,212068,1950800
968,375,374,779925,7633,212442,1852900
969,395,401,779530,7627,212843,1866300
970,386,371,779144,7642,213214,1922200
971,411,381,778733,7672,213595,1983100
972,384,400,778349,7656,213995,1822100
973,408,381,777941,7683,214376,1952600
974,376,344,777565,7715,214720,2001700
975,357,424,777208,7648,215144,1841300
976,383,390,776825,7641,215534,1850500
977,361,356,776464,7646,215890,1854200
978,356,398,776108,7604,216288,1909200
979,337,371,775771,7570,216659,2104700
980,340,382,775431,7528,217041,2103900
981,385,389,775046,7524,217430,1948700
982,367,358,774679,7533,217788,1825900
983,362,400,774317,7495,218188,1976200
984,392,382,773925,7505,218570,1887800
985,380,368,773545,7517,218938,1922400
986,358,381,773187,7494,219319,1877100
987,348,392,772839,7450,219711,1816800
988,390,379,772449,7461,220090,1776700
989,373,399,772076,7435,220489,2090800
990,379,382,771697,7432,220871,1920500
991,369,383,771328,7418,221254,1790200
992,376,348,770952,7446,221602,1760000
993,392,406,770560,7432,222008,1881100
994,381,347,770179,7466,222355,1879100
995,344,352,769835,7458,222707,1844400
996,373,363,769462,7468,223070,1753900
997,364,374,769098,7458,223444,1731000
998,367,385,768731,7440,223829,1899100
999,389,380,768342,7449,224209,1888900
1000,370,410,767972,7409,224619,1778700
1001,379,357,767593,7431,224976,1750200
1002,354,363,767239,7422,225339,1739300
1003,402,373,766837,7451,225712,1780000
1004,334,367,766503,7418,226079,1888400
1005,355,388,766148,7385,226467,1902100
1006,409,400,765739,7394,226867,1980800
1007,370,371,765369,7393,227238,1860100
1008,364,408,765005,7349,227646,1768900
1009,372,349,764633,7372,227995,2218200
1010,364,405,764269,7331,228400,1752800
1011,371,352,763898,7350,228752,1788500
1012,385,364,763513,7371,229116,1865600
1013,364,398,763149,7337,229514,1947000
1014,348,354,762801,7331,229868,1886200
1015,375,376,762426,7330,230244,1891000
1016,351,389,762075,7292,230633,1839200
1017,347,373,761728,7266,231006,1713600
1018,353,355,761375,7264,231361,1774400
1019,361,388,761014,7237,231749,1881100
1020,361,330,760653,7268,232079,1873300
1021,362,347,760291,7283,232426,1880200
1022,362,331,759929,7314,232757,1848200
1023,368,368,759561,7314,233125,1923900
1024,372,362,759189,7324,233487,1778600
1025,359,331,758830,7352,233818,1744700
1026,339,355,758491,7336,234173,2093800
1027,364,354,758127,7346,234527,1823100
1028,375,340,757752,7381,234867,1900500
1029,335,359,757417,7357,235226,1897300
1030,370,371,757047,7356,235597,1862800
1031,355,375,756692,7336,235972,1793300
1032,350,384,756342,7302,236356,1866000
1033,340,328,756002,7314,236684,1782600
1034,380,360,755622,7334,237044,1747700
1035,352,385,755270,7301,237429,1876500
1036,394,390,754876,7305,237819,1839800
1037,333,386,754543,7252,238205,1789500
1038,367,363,754176,7256,238568,1785700
1039,339,378,753837,7217,238946,1847100
1040,354,354,753483,7217,239300,2173100
1041,340,374,753143,7183,239674,2116600
1042,386,370,752757,7199,240044,2068400
1043,341,354,752416,7186,240398,1863100
1044,354,324,752062,7216,240722,1857200
1045,349,384,751713,7181,241106,1963200
1046,327,355,751386,7153,241461,1899000
1047,337,355,751049,7135,241816,1990300
1048,367,391,750682,7111,242207,1956300
1049,330,360,750352,7081,242567,1898100
1050,352,316,750000,7117,242883,1905900
1051,314,327,749686,7104,243210,1821100
1052,320,327,749366,7097,243537,1840000
1053,341,343,749025,7095,243880,1789700
1054,338,347,748687,7086,244227,2219900
1055,355,359,748332,7082,244586,2003100
1056,339,373,747993,7048,244959,2141400
1057,345,366,747648,7027,245325,1897100
1058,325,345,747323,7007,245670,1871500
1059,354,346,746969,7015,246016,1768300
1060,354,326,746615,7043,246342,1797700
1061,348,370,746267,7021,246712,2080100
1062,366,362,745901,7025,247074,2004200
1063,397,340,745504,7082,247414,1839500
1064,361,338,745143,7105,247752,2062700
1065,340,348,744803,7097,248100,1885400
1066,352,345,744451,7104,248445,1884800
1067,344,374,744107,7074,248819,1909900
1068,350,383,743757,7041,249202,1821200
1069,414,349,743343,7106,249551,1792300
1070,346,320,742997,7132,249871,1743600
1071,350,326,742647,7156,250197,1761500
1072,392,349,742255,7199,250546,2066000
1073,366,350,741889,7215,250896,2146000
1074,339,355,741550,7199,251251,1805300
1075,358,361,741192,7196,251612,1904300
1076,374,387,740818,7183,251999,2045500
1077,363,363,740455,7183,252362,1896500
1078,349,362,740106,7170,252724,1899000
1079,370,346,739736,7194,253070,1779800
1080,340,364,739396,7170,253434,2000600
1081,381,352,739015,7199,253786,1799000
1082,332,387,738683,7144,254173,1821800
1083,357,330,738326,7171,254503,1715600
1084,348,370,737978,7149,254873,1899900
1085,338,343,737640,7144,255216,2272700
1086,365,385,737275,7124,255601,1924100
1087,359,370,736916,7113,255971,1894800
1088,352,357,736564,7108,256328,1924800
1089,326,357,736238,7077,256685,1781100
1090,370,344,735868,7103,257029,2121500
1091,344,359,735524,7088,257388,1890800
1092,346,343,735178,7091,257731,1822800
1093,324,323,734854,7092,258054,1805400
1094,325,348,734529,7069,258402,1740600
1095,373,358,734156,7084,258760,1752500
1096,326,369,733830,7041,259129,1874300
1097,319,383,733511,6977,259512,2039200
1098,355,342,733156,6990,259854,1999100
1099,372,336,732784,7026,260190,1914300
1100,335,314,732449,7047,260504,1863300
1101,332,364,732117,7015,260868,1870000
1102,317,326,731800,7006,261194,2113900
1103,355,361,731445,7000,261555,1747100
1104,318,339,731127,6979,261894,1766200
1105,364,372,730763,6971,262266,1959900
1106,364,353,730399,6982,262619,1814000
1107,332,356,730067,6958,262975,1974200
1108,350,334,729717,6974,263309,1882600
1109,350,319,729367,7005,263628,1885800
1110,353,332,729014,7026,263960,1985700
1111,369,346,728645,7049,264306,1810800
1112,355,335,728290,7069,264641,1746400
1113,340,318,727950,7091,264959,2071200
1114,366,346,727584,7111,265305,2134500
1115,374,361,727210,7124,265666,2029900
1116,346,343,726864,7127,266009,1889500
1117,364,353,726500,7138,266362,1810000
1118,358,348,726142,7148,266710,1782200
1119,353,327,725789,7174,267037,1918600
1120,332,353,725457,7153,267390,1925500
1121,365,344,725092,7174,267734,1964600
1122,344,366,724748,7152,268100,1894200
1123,364,357,724384,7159,268457,1830500
1124,306,349,724078,7116,268806,1776500
1125,316,349,723762,7083,269155,1747200
1126,352,341,723410,7094,269496,1709800
1127,346,347,723064,7093,269843,1898600
1128,346,334,722718,7105,270177,1828800
1129,381,368,722337,7118,270545,1780000
1130,320,379,722017,7059,270924,1775600
1131,334,346,721683,7047,271270,1834200
1132,350,331,721333,7066,271601,1931200
1133,317,345,721016,7038,271946,1912300
1134,354,340,720662,7052,272286,1876800
1135,366,351,720296,7067,272637,2352500
1136,360,369,719936,7058,273006,1892900
1137,369,391,719567,7036,273397,1895400
1138,338,366,719229,7008,273763,20110200
1139,334,335,718895,7007,274098,2244000
1140,336,366,718559,6977,274464,2044000
1141,339,337,718220,6979,274801,2137900
1142,333,300,717887,7012,275101,1977200
1143,325,356,717562,6981,275457,1947000
1144,332,371,717230,6942,275828,2117600
1145,327,349,716903,6920,276177,1917300
1146,368,353,716535,6935,276530,1891100
1147,350,347,716185,6938,276877,2064700
1148,321,338,715864,6921,277215,1911700
1149,322,342,715542,6901,277557,2102500
1150,356,305,715186,6952,277862,2072800
1151,336,346,714850,6942,278208,2060000
1152,359,340,714491,6961,278548,1905200
1153,335,336,714156,6960,278884,1958600
1154,363,373,713793,6950,279257,1939400
1155,333,325,713460,6958,279582,2120700
1156,336,339,713124,6955,279921,1834000
1157,374,335,712750,6994,280256,1931800
1158,367,327,712383,7034,280583,1767500
1159,346,364,712037,7016,280947,1749300
1160,377,334,711660,7059,281281,1767300
1161,366,371,711294,7054,281652,1879600
1162,353,379,710941,7028,282031,1850700
1163,356,325,710585,7059,282356,2088300
1164,353,377,710232,7035,282733,1920600
1165,346,353,709886,7028,283086,1885400
1166,352,370,709534,7010,283456,1886600
1167,345,348,709189,7007,283804,2125500
1168,314,341,708875,6980,284145,1857100
1169,343,351,708532,6972,284496,1840800
1170,333,316,708199,6989,284812,1902800
1171,336,368,707863,6957,285180,1881000
1172,348,342,707515,6963,285522,1899800
1173,310,353,707205,6920,285875,1854600
1174,311,334,706894,6897,286209,2015200
1175,327,336,706567,6888,286545,2185100
1176,336,341,706231,6883,286886,2326200
1177,343,334,705888,6892,287220,2566500
1178,296,341,705592,6847,287561,2079000
1179,328,334,705264,6841,287895,2043500
1180,356,314,704908,6883,288209,2033700
1181,315,347,704593,6851,288556,2301500
1182,323,347,704270,6827,288903,2180800
1183,328,351,703942,6804,289254,1965700
1184,320,346,703622,6778,289600,2028400
1185,368,345,703254,6801,289945,1931700
1186,340,320,702914,6821,290265,2289400
1187,343,346,702571,6818,290611,2252800
1188,334,355,702237,6797,290966,2022200
1189,333,334,701904,6796,291300,2121900
1190,342,343,701562,6795,291643,1963300
1191,346,339,701216,6802,291982,2206600
1192,351,350,700865,6803,292332,2424100
1193,339,337,700526,6805,292669,1978100
1194,341,332,700185,6814,293001,2025600
1195,329,340,699856,6803,293341,1910300
1196,346,346,699510,6803,293687,2241900
1197,342,322,699168,6823,294009,1945600
1198,316,351,698852,6788,294360,1871100
1199,333,325,698519,6796,294685,1931200
1200,308,383,698211,6721,295068,1897100
1201,278,327,697933,6672,295395,1910700
1202,318,332,697615,6658,295727,1871500
1203,367,337,697248,6688,296064,1904900
1204,309,347,696939,6650,296411,1858100
1205,330,333,696609,6647,296744,2114600
1206,335,334,696274,6648,297078,1957800
1207,350,325,695924,6673,297403,1885300
1208,322,347,695602,6648,297750,1896600
1209,330,310,695272,6668,298060,1905800
1210,330,334,694942,6664,298394,1921900
1211,343,295,694599,6712,298689,1932100
1212,331,316,694268,6727,299005,2011700
1213,337,334,693931,6730,299339,2147700
1214,322,340,693609,6712,299679,2224700
1215,337,344,693272,6705,300023,2122600
1216,345,345,692927,6705,300368,2064600
1217,326,328,692601,6703,300696,2013500
1218,345,359,692256,6689,301055,2050300
1219,346,328,691910,6707,301383,1977600
1220,350,330,691560,6727,301713,2207400
1221,343,330,691217,6740,302043,2285600
1222,341,342,690876,6739,302385,2055600
1223,323,339,690553,6723,302724,2091300
1224,313,326,690240,6710,303050,1994400
1225,326,357,689914,6679,303407,2047200
1226,318,349,689596,6648,303756,2143100
1227,312,338,689284,6622,304094,2334700
1228,331,312,688953,6641,304406,2237900
1229,324,333,688629,6632,304739,2296500
1230,327,354,688302,6605,305093,2507900
1231,327,349,687975,6583,305442,2214700
1232,343,325,687632,6601,305767,2102200
1233,303,354,687329,6550,306121,1958900
1234,305,350,687024,6505,306471,1903700
1235,327,300,686697,6532,306771,1983100
1236,315,355,686382,6492,307126,2020000
1237,309,352,686073,6449,307478,2117000
1238,334,328,685739,6455,307806,2132900
1239,330,323,685409,6462,308129,2185700
1240,355,322,685054,6495,308451,2043000
1241,330,343,684724,6482,308794,2059400
1242,351,309,684373,6524,309103,2199400
1243,338,359,684035,6503,309462,2111100
1244,334,340,683701,6497,309802,2186000
1245,327,354,683374,6470,310156,2072000
1246,324,331,683050,6463,310487,2139000
1247,315,323,682735,6455,310810,2018300
1248,345,317,682390,6483,311127,2128600
1249,359,305,682031,6537,311432,2089200
1250,313,329,681718,6521,311761,2033600
1251,311,339,681407,6493,312100,2036100
1252,319,297,681088,6515,312397,2022000
1253,316,309,680772,6522,312706,2222300
1254,307,339,680465,6490,313045,2041300
1255,309,359,680156,6440,313404,1890100
1256,313,336,679843,6417,313740,1879100
1257,306,335,679537,6388,314075,1923000
1258,301,307,679236,6382,314382,2242800
1259,324,334,678912,6372,314716,1947700
1260,306,298,678606,6380,315014,1930400
1261,343,318,678263,6405,315332,2049500
1262,319,309,677944,6415,315641,1877100
1263,346,319,677598,6442,315960,1909400
1264,337,329,677261,6450,316289,1941300
1265,306,326,676955,6430,316615,1833300
1266,308,305,676647,6433,316920,2013700
1267,310,348,676337,6395,317268,1837500
1268,335,337,676002,6393,317605,2128000
1269,337,305,675665,6425,317910,2119000
1270,328,295,675337,6458,318205,1967100
1271,309,311,675028,6456,318516,1927000
1272,320,316,674708,6460,318832,1881900
1273,343,322,674365,6481,319154,1881100
1274,315,320,674050,6476,319474,1937500
1275,329,334,673721,6471,319808,2017400
1276,303,304,673418,6470,320112,1967900
1277,331,299,673087,6502,320411,1912400
1278,346,320,672741,6528,320731,1860200
1279,358,324,672383,6562,321055,1946000
1280,349,345,672034,6566,321400,1850500
1281,331,315,671703,6582,321715,1990300
1282,323,299,671380,6606,322014,2184800
1283,329,324,671051,6611,322338,1909300
1284,340,333,670711,6618,322671,1956700
1285,326,343,670385,6601,323014,1804800
1286,324,300,670061,6625,323314,2009200
1287,348,338,669713,6635,323652,1901100
1288,330,325,669383,6640,323977,1897300
1289,348,323,669035,6665,324300,1959000
1290,326,336,668709,6655,324636,1920200
1291,336,372,668373,6619,325008,1939600
1292,323,344,668050,6598,325352,1979100
1293,316,344,667734,6570,325696,1968300
1294,310,342,667424,6538,326038,1887500
1295,347,333,667077,6552,326371,1926100
1296,315,338,666762,6529,326709,1843800
1297,319,334,666443,6514,327043,2263000
1298,336,342,666107,6508,327385,2150000
1299,316,342,665791,6482,327727,1952400
1300,302,327,665489,6457,328054,2164600
1301,338,318,665151,6477,328372,1894000
1302,303,334,664848,6446,328706,1887000
1303,311,335,664537,6422,329041,1933200
1304,342,328,664195,6436,329369,1908200
1305,351,331,663844,6456,329700,2041600
1306,364,319,663480,6501,330019,1980600
1307,352,353,663128,6500,330372,1968200
1308,320,334,662808,6486,330706,1954400
1309,321,356,662487,6451,331062,1931900
1310,330,300,662157,6481,331362,1908800
1311,335,292,661822,6524,331654,1859300
1312,312,336,661510,6500,331990,1920800
1313,343,313,661167,6530,332303,1893400
1314,307,326,660860,6511,332629,2178300
1315,326,321,660534,6516,332950,2069900
1316,329,290,660205,6555,333240,1957400
1317,348,358,659857,6545,333598,2033900
1318,317,326,659540,6536,333924,1898800
1319,312,326,659228,6522,334250,2051500
1320,314,329,658914,6507,334579,2060500
1321,307,319,658607,6495,334898,1921000
1322,307,292,658300,6510,335190,1930300
1323,337,304,657963,6543,335494,1896500
1324,344,344,657619,6543,335838,1931700
1325,341,324,657278,6560,336162,1886600
1326,328,338,656950,6550,336500,1949100
1327,328,317,656622,6561,336817,1878100
1328,308,330,656314,6539,337147,1865000
1329,338,326,655976,6551,337473,2051300
1330,340,325,655636,6566,337798,1910100
1331,333,318,655303,6581,338116,2127600
1332,333,327,654970,6587,338443,2188400
1333,308,330,654662,6565,338773,2083800
1334,346,306,654316,6605,339079,1955500
1335,351,348,653965,6608,339427,1971300
1336,360,349,653605,6619,339776,2180400
1337,306,333,653299,6592,340109,2074600
1338,323,314,652976,6601,340423,2034700
1339,338,302,652638,6637,340725,2066100
1340,327,353,652311,6611,341078,2071300
1341,324,323,651987,6612,341401,1980800
1342,348,330,651639,6630,341731,1975300
1343,312,330,651327,6612,342061,2071500
1344,324,320,651003,6616,342381,2055200
1345,327,356,650676,6587,342737,1955700
1346,320,364,650356,6543,343101,1959700
1347,326,331,650030,6538,343432,1955100
1348,312,317,649718,6533,343749,1930900
1349,332,376,649386,6489,344125,1937100
1350,323,284,649063,6528,344409,1911600
1351,309,298,648754,6539,344707,2110300
1352,315,310,648439,6544,345017,1919600
1353,307,363,648132,6488,345380,2091000
1354,328,335,647804,6481,345715,2182600
1355,315,331,647489,6465,346046,1894200
1356,304,317,647185,6452,346363,1945800
1357,305,334,646880,6423,346697,2127100
1358,303,333,646577,6393,347030,1976200
1359,314,297,646263,6410,347327,2329400
1360,305,290,645958,6425,347617,1925900
1361,359,341,645599,6443,347958,2078500
1362,314,349,645285,6408,348307,2092500
1363,331,325,644954,6414,348632,1951400
1364,319,292,644635,6441,348924,1988700
1365,300,313,644335,6428,349237,1947900
1366,321,302,644014,6447,349539,2593400
1367,323,340,643691,6430,349879,3236100
1368,326,319,643365,6437,350198,2873800
1369,322,322,643043,6437,350520,2517100
1370,335,308,642708,6464,350828,2397200
1371,348,309,642360,6503,351137,2184200
1372,324,308,642036,6519,351445,2198100
1373,340,318,641696,6541,351763,2233700
1374,334,346,641362,6529,352109,7430400
1375,330,315,641032,6544,352424,2692800
1376,343,341,640689,6546,352765,2379800
1377,362,311,640327,6597,353076,2114100
1378,346,294,639981,6649,353370,2103100
1379,308,325,639673,6632,353695,2071200
1380,348,344,639325,6636,354039,2297200
1381,338,361,638987,6613,354400,2228900
1382,351,335,638636,6629,354735,2261100
1383,314,354,638322,6589,355089,2129300
1384,317,350,638005,6556,355439,2139100
1385,321,305,637684,6572,355744,2283600
1386,292,324,637392,6540,356068,2135500
1387,289,315,637103,6514,356383,2262100
1388,297,342,636806,6469,356725,2114100
1389,312,303,636494,6478,357028,2025600
1390,290,327,636204,6441,357355,2009400
1391,313,350,635891,6404,357705,2080300
1392,314,326,635577,6392,358031,2050300
1393,296,306,635281,6382,358337,2699200
1394,346,320,634935,6408,358657,2119300
1395,281,299,634654,6390,358956,2248900
1396,293,334,634361,6349,359290,2170900
1397,303,331,634058,6321,359621,2085200
1398,290,320,633768,6291,359941,2219600
1399,326,347,633442,6270,360288,2103400
1400,294,327,633148,6237,360615,2139000
1401,305,352,632843,6190,360967,2115800
1402,300,302,632543,6188,361269,2019300
1403,331,322,632212,6197,361591,2236300
1404,334,287,631878,6244,361878,2061600
1405,321,298,631557,6267,362176,2042100
1406,330,301,631227,6296,362477,1940600
1407,304,318,630923,6282,362795,1876100
1408,326,324,630597,6284,363119,1869100
1409,305,345,630292,6244,363464,1842300
1410,311,310,629981,6245,363774,1886600
1411,321,307,629660,6259,364081,1893700
1412,330,300,629330,6289,364381,1934000
1413,307,299,629023,6297,364680,1920600
1414,316,301,628707,6312,364981,1896200
1415,325,298,628382,6339,365279,1907300
1416,326,302,628056,6363,365581,1941500
1417,329,304,627727,6388,365885,1830600
1418,313,309,627414,6392,366194,1825900
1419,331,342,627083,6381,366536,1822200
1420,317,311,626766,6387,366847,1920100
1421,333,302,626433,6418,367149,1945800
1422,304,287,626129,6435,367436,1892000
1423,314,340,625815,6409,367776,1903600
1424,311,323,625504,6397,368099,1877600
1425,325,304,625179,6418,368403,1845100
1426,345,328,624834,6435,368731,2105400
1427,296,340,624538,6391,369071,1898000
1428,309,281,624229,6419,369352,1920300
1429,292,323,623937,6388,369675,1904800
1430,332,327,623605,6393,370002,2128000
1431,334,302,623271,6425,370304,2011900
1432,330,341,622941,6414,370645,1908700
1433,342,348,622599,6408,370993,1908200
1434,305,324,622294,6389,371317,1818900
1435,321,293,621973,6417,371610,1850700
1436,309,308,621664,6418,371918,2128500
1437,330,299,621334,6449,372217,1908200
1438,312,324,621022,6437,372541,2177400
1439,328,337,620694,6428,372878,1950500
1440,321,320,620373,6429,373198,1898600
1441,325,270,620048,6484,373468,1862200
1442,295,341,619753,6438,373809,1813200
1443,318,316,619435,6440,374125,1911400
1444,315,326,619120,6429,374451,2092600
1445,294,330,618826,6393,374781,1925000
1446,279,306,618547,6366,375087,1973600
1447,297,335,618250,6328,375422,1928600
1448,303,318,617947,6313,375740,1972200
1449,318,302,617629,6329,376042,1906900
1450,310,336,617319,6303,376378,1902300
1451,323,314,616996,6312,376692,1888200
1452,311,310,616685,6313,377002,1962600
1453,295,302,616390,6306,377304,2004200
1454,319,324,616071,6301,377628,2107900
1455,304,318,615767,6287,377946,2178900
1456,312,328,615455,6271,378274,2365000
1457,312,324,615143,6259,378598,2157500
1458,323,307,614820,6275,378905,2057500
1459,305,307,614515,6273,379212,2258900
1460,311,304,614204,6280,379516,2408400
1461,306,322,613898,6264,379838,2194500
1462,317,307,613581,6274,380145,1946400
1463,292,318,613289,6248,380463,2192100
1464,293,321,612996,6220,380784,2106700
1465,315,287,612681,6248,381071,1959600
1466,300,290,612381,6258,381361,1850800
1467,323,307,612058,6274,381668,2179100
1468,310,273,611748,6311,381941,1779500
1469,280,277,611468,6314,382218,2050900
1470,334,279,611134,6369,382497,1936500
1471,302,321,610832,6350,382818,2010000
1472,291,295,610541,6346,383113,1763000
1473,297,356,610244,6287,383469,1788200
1474,284,282,609960,6289,383751,1987500
1475,313,278,609647,6324,384029,1897600
1476,326,341,609321,6309,384370,1988200
1477,306,337,609015,6278,384707,2139100
1478,299,298,608716,6279,385005,1945600
1479,288,294,608428,6273,385299,1861400
1480,319,288,608109,6304,385587,1893500
1481,290,319,607819,6275,385906,1905600
1482,305,342,607514,6238,386248,1872800
1483,309,284,607205,6263,386532,1812700
1484,303,315,606902,6251,386847,1999700
1485,309,312,606593,6248,387159,1823600
1486,317,333,606276,6232,387492,1821500
1487,274,337,606002,6169,387829,1853600
1488,329,290,605673,6208,388119,1804100
1489,327,326,605346,6209,388445,1870400
1490,323,326,605023,6206,388771,1876400
1491,307,333,604716,6180,389104,1949100
1492,314,316,604402,6178,389420,2001000
1493,325,299,604077,6204,389719,1843000
1494,316,315,603761,6205,390034,1832100
1495,297,331,603464,6171,390365,1808800
1496,292,302,603172,6161,390667,1837100
1497,328,287,602844,6202,390954,1912100
1498,328,329,602516,6201,391283,1886900
1499,318,318,602198,6201,391601,1910300
1500,313,301,601885,6213,391902,1808300
1501,302,330,601583,6185,392232,1824500
1502,322,333,601261,6174,392565,1898500
1503,338,301,600923,6211,392866,1840300
1504,345,312,600578,6244,393178,1779400
1505,323,299,600255,6268,393477,2087900
1506,341,326,599914,6283,393803,1906700
1507,330,319,599584,6294,394122,1901100
1508,329,336,599255,6287,394458,1845600
1509,312,308,598943,6291,394766,1874100
1510,329,321,598614,6299,395087,1898800
1511,368,314,598246,6353,395401,1806000
1512,339,302,597907,6390,395703,1809400
1513,307,314,597600,6383,396017,2023100
1514,321,311,597279,6393,396328,1865300
1515,337,324,596942,6406,396652,1921600
1516,347,273,596595,6480,396925,2056800
1517,331,295,596264,6516,397220,1955200
1518,356,362,595908,6510,397582,1937300
1519,334,325,595574,6519,397907,1861100
1520,324,344,595250,6499,398251,1833700
1521,332,327,594918,6504,398578,1827700
1522,361,342,594557,6523,398920,1833600
1523,314,313,594243,6524,399233,1814100
1524,361,314,593882,6571,399547,1878400
1525,375,319,593507,6627,399866,1884100
1526,345,304,593162,6668,400170,2308000
1527,376,334,592786,6710,400504,2059000
1528,376,314,592410,6772,400818,2133800
1529,350,330,592060,6792,401148,2161700
1530,350,348,591710,6794,401496,1996600
1531,361,337,591349,6818,401833,2201300
1532,365,332,590984,6851,402165,1956000
1533,336,325,590648,6862,402490,2356700
1534,331,351,590317,6842,402841,2070600
1535,340,343,589977,6839,403184,2111800
1536,356,337,589621,6858,403521,2192500
1537,340,328,589281,6870,403849,2264100
1538,334,341,588947,6863,404190,2207300
1539,383,350,588564,6896,404540,2233500
1540,335,349,588229,6882,404889,2071200
1541,320,316,587909,6886,405205,2342100
1542,342,329,587567,6899,405534,2271100
1543,343,368,587224,6874,405902,2537700
1544,321,388,586903,6807,406290,2072800
1545,326,318,586577,6815,406608,2017200
1546,355,307,586222,6863,406915,2086000
1547,352,348,585870,6867,407263,1995100
1548,331,346,585539,6852,407609,2009300
1549,340,334,585199,6858,407943,1970700
1550,354,347,584845,6865,408290,1965500
1551,320,326,584525,6859,408616,2041000
1552,338,351,584187,6846,408967,1972900
1553,332,334,583855,6844,409301,2064100
1554,344,349,583511,6839,409650,2082900
1555,305,336,583206,6808,409986,1964600
1556,313,312,582893,6809,410298,1970900
1557,307,349,582586,6767,410647,1952900
1558,323,319,582263,6771,410966,1981100
1559,345,331,581918,6785,411297,2252600
1560,310,318,581608,6777,411615,2098700
1561,305,360,581303,6722,411975,2259800
1562,308,322,580995,6708,412297,2124500
1563,308,342,580687,6674,412639,2021500
1564,331,331,580356,6674,412970,2141700
1565,325,337,580031,6662,413307,2050300
1566,312,353,579719,6621,413660,2103500
1567,315,320,579404,6616,413980,2103700
1568,319,321,579085,6614,414301,2116900
1569,313,335,578772,6592,414636,2048500
1570,328,318,578444,6602,414954,2058800
1571,338,321,578106,6619,415275,2012700
1572,318,326,577788,6611,415601,1973700
1573,324,329,577464,6606,415930,2030500
1574,307,308,577157,6605,416238,1932000
1575,323,348,576834,6580,416586,1936100
1576,287,295,576547,6572,416881,1943700
1577,315,372,576232,6515,417253,1966400
1578,297,315,575935,6497,417568,1957500
1579,295,329,575640,6463,417897,1952400
1580,342,330,575298,6475,418227,1963800
1581,342,317,574956,6500,418544,1904600
1582,317,330,574639,6487,418874,1895800
1583,310,298,574329,6499,419172,1822000
1584,335,334,573994,6500,419506,2010100
1585,311,360,573683,6451,419866,1932400
1586,309,322,573374,6438,420188,2026000
1587,310,318,573064,6430,420506,2008400
1588,316,349,572748,6397,420855,1996100
1589,341,302,572407,6436,421157,1915600
1590,336,306,572071,6466,421463,1936800
1591,302,358,571769,6410,421821,1893000
1592,308,331,571461,6387,422152,1885000
1593,333,333,571128,6387,422485,2087600
1594,314,359,570814,6342,422844,1861300
1595,311,313,570503,6340,423157,1896600
1596,276,291,570227,6325,423448,1794500
1597,298,296,569929,6327,423744,1919700
1598,328,332,569601,6323,424076,1848300
1599,310,319,569291,6314,424395,1859000
1600,327,345,568964,6296,424740,2076300
1601,301,321,568663,6276,425061,1946300
1602,307,317,568356,6266,425378,1902900
1603,305,311,568051,6260,425689,1940100
1604,316,303,567735,6273,425992,2030100
1605,282,325,567453,6230,426317,2105500
1606,341,307,567112,6264,426624,1902400
1607,314,316,566798,6262,426940,2071100
1608,329,335,566469,6256,427275,1894300
1609,337,326,566132,6267,427601,1934700
1610,307,324,565825,6250,427925,1851300
1611,313,307,565512,6256,428232,2016700
1612,277,349,565235,6184,428581,1842700
1613,276,307,564959,6153,428888,1784300
1614,304,321,564655,6136,429209,2054800
1615,284,303,564371,6117,429512,1855200
1616,269,326,564102,6060,429838,1851600
1617,311,311,563791,6060,430149,1944300
1618,297,304,563494,6053,430453,1886300
1619,305,292,563189,6066,430745,1861700
1620,288,288,562901,6066,431033,1838600
1621,305,294,562596,6077,431327,1750000
1622,327,303,562269,6101,431630,2006200
1623,299,289,561970,6111,431919,1839200
1624,314,314,561656,6111,432233,1903800
1625,306,301,561350,6116,432534,1772000
1626,314,288,561036,6142,432822,1984000
1627,312,286,560724,6168,433108,2066400
1628,293,297,560431,6164,433405,1857600
1629,310,311,560121,6163,433716,1874500
1630,297,308,559824,6152,434024,1780900
1631,303,293,559521,6162,434317,2004500
1632,274,348,559247,6088,434665,1985300
1633,308,299,558939,6097,434964,1890700
1634,290,284,558649,6103,435248,1913600
1635,306,295,558343,6114,435543,1833700
1636,310,290,558033,6134,435833,1838600
1637,319,289,557714,6164,436122,1874500
1638,325,332,557389,6157,436454,1765000
1639,308,327,557081,6138,436781,1837200
1640,309,336,556772,6111,437117,2047300
1641,310,273,556462,6148,437390,1849700
1642,329,332,556133,6145,437722,1859500
1643,330,337,555803,6138,438059,1874600
1644,324,329,555479,6133,438388,1862700
1645,294,317,555185,6110,438705,1869000
1646,312,286,554873,6136,438991,1901700
1647,304,296,554569,6144,439287,2101800
1648,329,320,554240,6153,439607,1958100
1649,315,290,553925,6178,439897,1972400
1650,312,298,553613,6192,440195,1835700
1651,328,306,553285,6214,440501,1744200
1652,322,326,552963,6210,440827,1734900
1653,325,300,552638,6235,441127,1877200
1654,337,329,552301,6243,441456,1998800
1655,326,334,551975,6235,441790,2414600
1656,315,314,551660,6236,442104,1989200
1657,337,319,551323,6254,442423,1846400
1658,332,323,550991,6263,442746,1816100
1659,316,314,550675,6265,443060,1878400
1660,338,339,550337,6264,443399,1961500
1661,345,323,549992,6286,443722,1872500
1662,303,313,549689,6276,444035,1840000
1663,306,325,549383,6257,444360,1848800
1664,348,336,549035,6269,444696,1825400
1665,322,295,548713,6296,444991,1845200
1666,330,305,548383,6321,445296,1885800
1667,345,278,548038,6388,445574,2103900
1668,305,324,547733,6369,445898,1913900
1669,332,306,547401,6395,446204,2041100
1670,328,329,547073,6394,446533,1865000
1671,335,320,546738,6409,446853,1890800
1672,321,347,546417,6383,447200,1878500
1673,333,314,546084,6402,447514,1850800
1674,348,299,545736,6451,447813,2074300
1675,351,350,545385,6452,448163,1897500
1676,343,342,545042,6453,448505,2143100
1677,363,327,544679,6489,448832,1886000
1678,357,326,544322,6520,449158,1870800
1679,327,329,543995,6518,449487,1819300
1680,322,314,543673,6526,449801,1817000
1681,336,319,543337,6543,450120,1788800
1682,348,344,542989,6547,450464,1872700
1683,324,324,542665,6547,450788,1802600
1684,357,343,542308,6561,451131,1841100
1685,333,330,541975,6564,451461,1772100
1686,346,328,541629,6582,451789,1891300
1687,340,322,541289,6600,452111,1780100
1688,333,343,540956,6590,452454,1900800
1689,345,352,540611,6583,452806,1872400
1690,323,322,540288,6584,453128,1795600
1691,352,332,539936,6604,453460,1795300
1692,355,310,539581,6649,453770,1809000
1693,331,308,539250,6672,454078,1723600
1694,319,337,538931,6654,454415,1875300
1695,353,331,538578,6676,454746,1912400
1696,346,351,538232,6671,455097,1851800
1697,341,338,537891,6674,455435,1827900
1698,306,323,537585,6657,455758,1914900
1699,361,326,537224,6692,456084,1837200
1700,336,335,536888,6693,456419,1838200
1701,368,276,536520,6785,456695,2025100
1702,302,337,536218,6750,457032,1909200
1703,346,333,535872,6763,457365,1819200
1704,349,354,535523,6758,457719,1873200
1705,329,319,535194,6768,458038,1827900
1706,328,360,534866,6736,458398,1823300
1707,341,330,534525,6747,458728,1747100
1708,365,344,534160,6768,459072,1773900
1709,327,329,533833,6766,459401,1917700
1710,322,327,533511,6761,459728,1900300
1711,362,355,533149,6768,460083,1962200
1712,334,330,532815,6772,460413,1845500
1713,326,347,532489,6751,460760,1829900
1714,345,330,532144,6766,461090,1878400
1715,331,344,531813,6753,461434,2281800
1716,314,353,531499,6714,461787,1902800
1717,338,361,531161,6691,462148,2034000
1718,331,329,530830,6693,462477,1853200
1719,323,342,530507,6674,462819,1951400
1720,345,344,530162,6675,463163,1933400
1721,319,309,529843,6685,463472,2137900
1722,353,313,529490,6725,463785,2033600
1723,314,329,529176,6710,464114,2156400
1724,347,350,528829,6707,464464,1964800
1725,302,362,528527,6647,464826,2181900
1726,341,377,528186,6611,465203,1902600
1727,338,309,527848,6640,465512,1774000
1728,330,326,527518,6644,465838,1868300
1729,303,329,527215,6618,466167,1990500
1730,323,358,526892,6583,466525,1792900
1731,332,307,526560,6608,466832,1870100
1732,323,302,526237,6629,467134,1756200
1733,295,316,525942,6608,467450,1727900
1734,297,332,525645,6573,467782,1854100
1735,342,329,525303,6586,468111,1815300
1736,342,337,524961,6591,468448,1760900
1737,308,337,524653,6562,468785,1925600
1738,336,311,524317,6587,469096,1904900
1739,327,328,523990,6586,469424,1926300
1740,328,286,523662,6628,469710,1818300
1741,333,335,523329,6626,470045,1813000
1742,341,331,522988,6636,470376,2156900
1743,298,309,522690,6625,470685,1850100
1744,333,321,522357,6637,471006,1946300
1745,320,354,522037,6603,471360,1795400
1746,327,331,521710,6599,471691,1801600
1747,336,340,521374,6595,472031,1737800
1748,345,331,521029,6609,472362,1852700
1749,345,341,520684,6613,472703,1846100
1750,361,337,520323,6637,473040,2012800
1751,335,340,519988,6632,473380,1950000
1752,352,320,519636,6664,473700,1967000
1753,366,349,519270,6681,474049,1777800
1754,312,316,518958,6677,474365,1724000
1755,326,345,518632,6658,474710,1763400
1756,334,303,518298,6689,475013,1988600
1757,348,322,517950,6715,475335,2098100
1758,332,323,517618,6724,475658,1897200
1759,297,363,517321,6658,476021,1883800
1760,348,327,516973,6679,476348,1893700
1761,338,320,516635,6697,476668,1978600
1762,335,317,516300,6715,476985,1873900
1763,345,350,515955,6710,477335,1876500
1764,331,317,515624,6724,477652,1955900
1765,312,343,515312,6693,477995,1846600
1766,321,337,514991,6677,478332,1799200
1767,355,327,514636,6705,478659,1915100
1768,315,320,514321,6700,478979,1955200
1769,313,322,514008,6691,479301,2155600
1770,309,347,513699,6653,479648,1911700
1771,344,316,513355,6681,479964,1865100
1772,348,325,513007,6704,480289,1866100
1773,322,354,512685,6672,480643,1779900
1774,323,318,512362,6677,480961,1853200
1775,334,349,512028,6662,481310,1831100
1776,322,348,511706,6636,481658,1882000
1777,295,360,511411,6571,482018,1757300
1778,354,311,511057,6614,482329,1853300
1779,370,329,510687,6655,482658,1820000
1780,335,366,510352,6624,483024,1807500
1781,322,324,510030,6622,483348,1834000
1782,324,314,509706,6632,483662,1811000
1783,339,361,509367,6610,484023,1837200
1784,297,324,509070,6583,484347,1918800
1785,342,339,508728,6586,484686,1857900
1786,313,338,508415,6561,485024,1825800
1787,330,302,508085,6589,485326,1797500
1788,357,349,507728,6597,485675,1998100
1789,331,333,507397,6595,486008,2076600
1790,342,319,507055,6618,486327,1799200
1791,332,338,506723,6612,486665,2001300
1792,358,303,506365,6667,486968,1742100
1793,325,351,506040,6641,487319,2000600
1794,322,383,505718,6580,487702,1923500
1795,345,329,505373,6596,488031,1834300
1796,303,337,505070,6562,488368,1801300
1797,305,333,504765,6534,488701,1836500
1798,321,320,504444,6535,489021,1816000
1799,345,342,504099,6538,489363,1838400
1800,338,333,503761,6543,489696,1802000
1801,332,316,503429,6559,490012,1879100
1802,326,360,503103,6525,490372,1868700
1803,307,322,502796,6510,490694,2076600
1804,306,328,502490,6488,491022,1845600
1805,347,318,502143,6517,491340,1835300
1806,351,330,501792,6538,491670,1855300
1807,312,309,501480,6541,491979,1875600
1808,320,304,501160,6557,492283,1975100
1809,352,319,500808,6590,492602,1858700
1810,333,309,500475,6614,492911,1778400
1811,361,326,500114,6649,493237,1916400
1812,324,337,499790,6636,493574,1868600
1813,354,345,499436,6645,493919,1824000
1814,322,327,499114,6640,494246,1989700
1815,327,332,498787,6635,494578,1940900
1816,332,342,498455,6625,494920,1857200
1817,365,293,498090,6697,495213,1899800
1818,322,324,497768,6695,495537,1863400
1819,337,322,497431,6710,495859,1837100
1820,333,316,497098,6727,496175,2080500
1821,327,366,496771,6688,496541,1871800
1822,356,332,496415,6712,496873,1895100
1823,328,338,496087,6702,497211,1894000
1824,332,332,495755,6702,497543,1844100
1825,343,332,495412,6713,497875,1895800
1826,298,322,495114,6689,498197,1844000
1827,311,337,494803,6663,498534,2016300
1828,333,342,494470,6654,498876,1827700
1829,340,331,494130,6663,499207,1784500
1830,325,348,493805,6640,499555,1841800
1831,320,341,493485,6619,499896,1906600
1832,348,357,493137,6610,500253,2144300
1833,313,317,492824,6606,500570,1851800
1834,336,361,492488,6581,500931,1821200
1835,356,346,492132,6591,501277,1854000
1836,297,336,491835,6552,501613,1806300
1837,324,321,491511,6555,501934,1803500
1838,362,361,491149,6556,502295,1837500
1839,331,328,490818,6559,502623,1926900
1840,327,285,490491,6601,502908,1906600
1841,341,343,490150,6599,503251,1935600
1842,375,344,489775,6630,503595,1857300
1843,351,307,489424,6674,503902,2049100
1844,341,331,489083,6684,504233,2330400
1845,355,354,488728,6685,504587,2037500
1846,314,328,488414,6671,504915,1937600
1847,374,286,488040,6759,505201,1801200
1848,336,314,487704,6781,505515,1892900
1849,360,336,487344,6805,505851,1876100
1850,352,333,486992,6824,506184,1868600
1851,307,342,486685,6789,506526,1865500
1852,299,327,486386,6761,506853,1803900
1853,317,362,486069,6716,507215,1742200
1854,362,338,485707,6740,507553,1736200
1855,335,329,485372,6746,507882,2009600
1856,330,347,485042,6729,508229,1819300
1857,310,333,484732,6706,508562,1812500
1858,329,323,484403,6712,508885,1943900
1859,318,317,484085,6713,509202,1801600
1860,367,343,483718,6737,509545,1803700
1861,344,350,483374,6731,509895,1881400
1862,355,333,483019,6753,510228,1859100
1863,340,347,482679,6746,510575,2092400
1864,348,315,482331,6779,510890,1878300
1865,354,316,481977,6817,511206,1865200
1866,332,311,481645,6838,511517,1834900
1867,339,312,481306,6865,511829,1826900
1868,346,361,480960,6850,512190,1970900
1869,331,327,480629,6854,512517,2033600
1870,329,369,480300,6814,512886,1896300
1871,350,319,479950,6845,513205,1905000
1872,365,339,479585,6871,513544,2072400
1873,333,342,479252,6862,513886,1925600
1874,337,359,478915,6840,514245,2053600
1875,314,384,478601,6770,514629,1826800
1876,328,329,478273,6769,514958,1830800
1877,332,349,477941,6752,515307,1816300
1878,335,341,477606,6746,515648,2097800
1879,311,343,477295,6714,515991,1962700
1880,296,375,476999,6635,516366,1901000
1881,338,327,476661,6646,516693,1872500
1882,356,356,476305,6646,517049,1815600
1883,342,311,475963,6677,517360,1745300
1884,338,325,475625,6690,517685,1813600
1885,351,337,475274,6704,518022,1875200
1886,317,305,474957,6716,518327,1929200
1887,296,339,474661,6673,518666,1853300
1888,323,330,474338,6666,518996,2298100
1889,323,365,474015,6624,519361,1994900
1890,352,366,473663,6610,519727,1861800
1891,303,351,473360,6562,520078,1856300
1892,327,348,473033,6541,520426,1853700
1893,339,320,472694,6560,520746,1823900
1894,310,312,472384,6558,521058,1787500
1895,311,312,472073,6557,521370,1948200
1896,335,309,471738,6583,521679,1750000
1897,321,345,471417,6559,522024,1885500
1898,338,310,471079,6587,522334,1903000
1899,335,345,470744,6577,522679,1878200
1900,336,336,470408,6577,523015,1739200
1901,321,341,470087,6557,523356,1804700
1902,334,344,469753,6547,523700,1796000
1903,302,340,469451,6509,524040,1875500
1904,336,362,469115,6483,524402,2110500
1905,319,307,468796,6495,524709,1938300
1906,346,307,468450,6534,525016,1853500
1907,315,314,468135,6535,525330,1760700
1908,363,319,467772,6579,525649,1800500
1909,365,338,467407,6606,525987,1999500
1910,360,352,467047,6614,526339,1986900
1911,363,354,466684,6623,526693,1786100
1912,336,297,466348,6662,526990,1963500
1913,354,340,465994,6676,527330,1798000
1914,357,344,465637,6689,527674,1751700
1915,356,367,465281,6678,528041,1868700
1916,360,348,464921,6690,528389,1994900
1917,319,342,464602,6667,528731,1836900
1918,330,331,464272,6666,529062,1824700
1919,371,313,463901,6724,529375,1820000
1920,349,306,463552,6767,529681,1911100
1921,317,339,463235,6745,530020,1827500
1922,345,350,462890,6740,530370,1926500
1923,337,347,462553,6730,530717,1990000
1924,352,327,462201,6755,531044,1904800
1925,348,332,461853,6771,531376,1901100
1926,361,354,461492,6778,531730,1956600
1927,377,328,461115,6827,532058,1864200
1928,403,348,460712,6882,532406,1906100
1929,359,359,460353,6882,532765,1803700
1930,386,316,459967,6952,533081,1870200
1931,352,334,459615,6970,533415,1860100
1932,373,360,459242,6983,533775,1818000
1933,335,385,458907,6933,534160,1819500
1934,373,348,458534,6958,534508,1843500
1935,387,336,458147,7009,534844,1801800
1936,330,334,457817,7005,535178,2065700
1937,362,343,457455,7024,535521,1982300
1938,366,350,457089,7040,535871,1928500
1939,338,357,456751,7021,536228,1722200
1940,378,374,456373,7025,536602,1728000
1941,385,349,455988,7061,536951,1875300
1942,338,357,455650,7042,537308,1841800
1943,368,328,455282,7082,537636,1821300
1944,364,357,454918,7089,537993,1819600
1945,352,345,454566,7096,538338,1832700
1946,348,352,454218,7092,538690,1805700
1947,360,339,453858,7113,539029,1917800
1948,370,360,453488,7123,539389,1887100
1949,342,353,453146,7112,539742,1818700
1950,348,371,452798,7089,540113,1977600
1951,332,379,452466,7042,540492,1797100
1952,374,362,452092,7054,540854,2071800
1953,328,360,451764,7022,541214,1771800
1954,368,326,451396,7064,541540,1791000
1955,355,360,451041,7059,541900,1932900
1956,347,355,450694,7051,542255,1864400
1957,332,339,450362,7044,542594,1864300
1958,326,340,450036,7030,542934,1980600
1959,373,376,449663,7027,543310,1886300
1960,345,378,449318,6994,543688,1862200
1961,367,356,448951,7005,544044,1903900
1962,330,396,448621,6939,544440,1863100
1963,332,335,448289,6936,544775,1891900
1964,361,371,447928,6926,545146,1897600
1965,365,348,447563,6943,545494,2010900
1966,380,312,447183,7011,545806,1988000
1967,355,318,446828,7048,546124,2153300
1968,360,338,446468,7070,546462,1848400
1969,354,375,446114,7049,546837,2212700
1970,357,366,445757,7040,547203,1892700
1971,338,367,445419,7011,547570,1889300
1972,346,339,445073,7018,547909,1953100
1973,340,361,444733,6997,548270,1939800
1974,328,327,444405,6998,548597,2015800
1975,367,332,444038,7033,548929,1919700
1976,342,332,443696,7043,549261,1916300
1977,339,373,443357,7009,549634,1975700
1978,348,314,443009,7043,549948,1912500
1979,333,364,442676,7012,550312,1879200
1980,347,341,442329,7018,550653,1913100
1981,339,336,441990,7021,550989,1929700
1982,312,358,441678,6975,551347,1893200
1983,350,344,441328,6981,551691,1882400
1984,353,317,440975,7017,552008,1939500
1985,362,365,440613,7014,552373,1925600
1986,316,388,440297,6942,552761,1905800
1987,346,334,439951,6954,553095,1895400
1988,343,337,439608,6960,553432,1810100
1989,310,300,439298,6970,553732,1845300
1990,340,347,438958,6963,554079,1794200
1991,308,332,438650,6939,554411,1866800
1992,340,359,438310,6920,554770,1790700
1993,336,362,437974,6894,555132,1872800
1994,337,348,437637,6883,555480,1755700
1995,324,358,437313,6849,555838,1798300
1996,330,360,436983,6819,556198,1873000
1997,320,354,436663,6785,556552,1830900
1998,301,375,436362,6711,556927,1738600
1999,306,373,436056,6644,557300,1795000
2000,305,365,435751,6584,557665,1945000
2001,303,301,435448,6586,557966,1837000
2002,308,339,435140,6555,558305,1811200
2003,268,317,434872,6506,558622,1797600
2004,325,302,434547,6529,558924,1810900
2005,288,320,434259,6497,559244,2001700
2006,300,307,433959,6490,559551,1790500
2007,302,299,433657,6493,559850,1773500
2008,302,319,433355,6476,560169,2065600
2009,322,306,433033,6492,560475,1861600
2010,301,309,432732,6484,560784,1840300
2011,292,298,432440,6478,561082,1783100
2012,289,318,432151,6449,561400,1792600
2013,297,317,431854,6429,561717,1732500
2014,291,310,431563,6410,562027,1715000
2015,310,327,431253,6393,562354,1871400
2016,315,357,430938,6351,562711,1838400
2017,282,327,430656,6306,563038,1883600
2018,299,280,430357,6325,563318,1864900
2019,308,298,430049,6335,563616,2030100
2020,300,309,429749,6326,563925,1854500
2021,279,294,429470,6311,564219,1847400
2022,288,318,429182,6281,564537,1860600
2023,272,310,428910,6243,564847,1854100
2024,271,297,428639,6217,565144,1848000
2025,291,299,428348,6209,565443,1889700
2026,311,333,428037,6187,565776,1753200
2027,283,273,427754,6197,566049,1800600
2028,279,350,427475,6126,566399,1772100
2029,291,341,427184,6076,566740,1858900
2030,297,302,426887,6071,567042,1819300
2031,317,316,426570,6072,567358,1708400
2032,281,296,426289,6057,567654,1756000
2033,269,294,426020,6032,567948,1855700
2034,291,304,425729,6019,568252,1853400
2035,266,288,425463,5997,568540,1798600
2036,296,286,425167,6007,568826,1792700
2037,301,298,424866,6010,569124,1744300
2038,278,326,424588,5962,569450,1700200
2039,287,271,424301,5978,569721,1808800
2040,291,316,424010,5953,570037,1834600
2041,290,310,423720,5933,570347,1742400
2042,292,302,423428,5923,570649,1709000
2043,272,300,423156,5895,570949,1862000
2044,304,281,422852,5918,571230,1870600
2045,264,290,422588,5892,571520,1775000
2046,269,295,422319,5866,571815,1702500
2047,287,309,422032,5844,572124,1752100
2048,294,283,421738,5855,572407,1868000
2049,283,287,421455,5851,572694,1961700
2050,335,288,421120,5898,572982,1845200
2051,300,275,420820,5923,573257,1980600
2052,300,301,420520,5922,573558,1894000
2053,293,300,420227,5915,573858,1959900
2054,295,296,419932,5914,574154,1956800
2055,318,286,419614,5946,574440,1853100
2056,299,291,419315,5954,574731,1887900
2057,299,285,419016,5968,575016,1855000
2058,310,331,418706,5947,575347,1847300
2059,298,294,418408,5951,575641,1932300
2060,290,267,418118,5974,575908,2384000
2061,280,276,417838,5978,576184,1930200
2062,284,281,417554,5981,576465,1859300
2063,350,305,417204,6026,576770,1908000
2064,282,297,416922,6011,577067,2076300
2065,314,318,416608,6007,577385,1880200
2066,272,294,416336,5985,577679,1853800
2067,300,293,416036,5992,577972,1928800
2068,331,319,415705,6004,578291,1892500
2069,295,318,415410,5981,578609,1903500
2070,293,296,415117,5978,578905,1893800
2071,311,282,414806,6007,579187,1751000
2072,291,297,414515,6001,579484,1757800
2073,322,290,414193,6033,579774,1804000
2074,299,274,413894,6058,580048,1857000
2075,296,318,413598,6036,580366,1840500
2076,274,288,413324,6022,580654,2137500
2077,292,306,413032,6008,580960,2148400
2078,260,301,412772,5967,581261,1874300
2079,325,309,412447,5983,581570,1842700
2080,312,316,412135,5979,581886,1830700
2081,280,311,411855,5948,582197,1763000
2082,291,325,411564,5914,582522,1752000
2083,283,281,411281,5916,582803,1872000
2084,318,280,410963,5954,583083,1922800
2085,301,282,410662,5973,583365,1793400
2086,301,291,410361,5983,583656,2037800
2087,306,299,410055,5990,583955,1775200
2088,293,309,409762,5974,584264,1837000
2089,305,277,409457,6002,584541,1776700
2090,276,315,409181,5963,584856,1862400
2091,294,286,408887,5971,585142,1838100
2092,279,265,408608,5985,585407,1803500
2093,292,271,408316,6006,585678,1751100
2094,293,313,408023,5986,585991,1774600
2095,275,288,407748,5973,586279,1833700
2096,275,272,407473,5976,586551,1860100
2097,284,287,407189,5973,586838,1882200
2098,297,299,406892,5971,587137,1805500
2099,285,282,406607,5974,587419,1746700
2100,300,292,406307,5982,587711,1706300
2101,292,303,406015,5971,588014,1953600
2102,319,304,405696,5986,588318,1944300
2103,272,296,405424,5962,588614,1883200
2104,280,324,405144,5918,588938,1845900
2105,296,292,404848,5922,589230,1832700
2106,305,288,404543,5939,589518,1904300
2107,294,296,404249,5937,589814,1834600
2108,297,281,403952,5953,590095,1800700
2109,316,298,403636,5971,590393,1965500
2110,304,293,403332,5982,590686,2045000
2111,311,316,403021,5977,591002,1896900
2112,298,300,402723,5975,591302,2279600
2113,314,300,402409,5989,591602,1868000
2114,292,321,402117,5960,591923,1803100
2115,299,283,401818,5976,592206,1864200
2116,271,307,401547,5940,592513,1866500
2117,291,270,401256,5961,592783,1845000
2118,287,318,400969,5930,593101,1895300
2119,276,298,400693,5908,593399,1860700
2120,257,290,400436,5875,593689,1962400
2121,278,271,400158,5882,593960,2067500
2122,293,263,399865,5912,594223,1859800
2123,296,309,399569,5899,594532,2000400
2124,274,319,399295,5854,594851,1867000
2125,284,309,399011,5829,595160,2008300
2126,262,309,398749,5782,595469,2175500
2127,269,291,398480,5760,595760,2028300
2128,283,269,398197,5774,596029,1874100
2129,283,307,397914,5750,596336,1801800
2130,273,275,397641,5748,596611,1793200
2131,294,314,397347,5728,596925,1949700
2132,284,319,397063,5693,597244,1891000
2133,270,308,396793,5655,597552,1949700
2134,245,313,396548,5587,597865,1875500
2135,296,276,396252,5607,598141,1882100
2136,268,253,395984,5622,598394,1878600
2137,261,281,395723,5602,598675,1891700
2138,250,263,395473,5589,598938,2023200
2139,252,259,395221,5582,599197,1796800
2140,269,302,394952,5549,599499,1784700
2141,273,292,394679,5530,599791,1878500
2142,234,257,394445,5507,600048,2057900
2143,259,255,394186,5511,600303,1981700
2144,260,268,393926,5503,600571,1874800
2145,264,253,393662,5514,600824,1852200
2146,274,288,393388,5500,601112,1834700
2147,222,260,393166,5462,601372,1799100
2148,231,263,392935,5430,601635,1814500
2149,254,254,392681,5430,601889,1932600
2150,260,274,392421,5416,602163,1876800
2151,290,269,392131,5437,602432,1871700
2152,230,241,391901,5426,602673,1861400
2153,270,285,391631,5411,602958,1800100
2154,254,243,391377,5422,603201,1809700
2155,283,275,391094,5430,603476,1797200
2156,241,268,390853,5403,603744,2137200
2157,267,274,390586,5396,604018,2011200
2158,280,261,390306,5415,604279,2193900
2159,279,257,390027,5437,604536,2093800
2160,265,265,389762,5437,604801,1843100
2161,247,269,389515,5415,605070,1779200
2162,280,241,389235,5454,605311,1978000
2163,249,264,388986,5439,605575,2023500
2164,236,265,388750,5410,605840,1981700
2165,236,248,388514,5398,606088,1985500
2166,235,278,388279,5355,606366,2091600
2167,261,245,388018,5371,606611,3259500
2168,238,255,387780,5354,606866,3272800
2169,246,286,387534,5314,607152,2516000
2170,248,255,387286,5307,607407,3216200
2171,237,247,387049,5297,607654,3778300
2172,239,253,386810,5283,607907,2763200
2173,238,248,386572,5273,608155,2458000
2174,250,269,386322,5254,608424,2481400
2175,250,260,386072,5244,608684,2431300
2176,270,252,385802,5262,608936,2394100
2177,242,266,385560,5238,609202,2268900
2178,241,274,385319,5205,609476,2036200
2179,228,241,385091,5192,609717,1983700
2180,247,250,384844,5189,609967,2099700
2181,261,270,384583,5180,610237,1910300
2182,262,255,384321,5187,610492,1897900
2183,232,275,384089,5144,610767,2087100
2184,254,285,383835,5113,611052,2038700
2185,258,260,383577,5111,611312,1977900
2186,268,287,383309,5092,611599,1940000
2187,304,246,383005,5150,611845,1987400
2188,274,265,382731,5159,612110,2212800
2189,262,267,382469,5154,612377,2408700
2190,269,240,382200,5183,612617,2193400
2191,257,238,381943,5202,612855,2020900
2192,247,255,381696,5194,613110,1976400
2193,245,268,381451,5171,613378,2032700
2194,262,258,381189,5175,613636,2046100
2195,267,275,380922,5167,613911,1923000
2196,279,262,380643,5184,614173,1881000
2197,255,231,380388,5208,614404,1862100
2198,261,273,380127,5196,614677,1853900
2199,254,274,379873,5176,614951,1955100
2200,292,274,379581,5194,615225,1821800
2201,321,266,379260,5249,615491,1887100
2202,263,261,378997,5251,615752,1850900
2203,259,239,378738,5271,615991,1793200
2204,250,259,378488,5262,616250,1782500
2205,245,255,378243,5252,616505,1773600
2206,251,262,377992,5241,616767,1856400
2207,273,263,377719,5251,617030,1887100
2208,249,257,377470,5243,617287,1837600
2209,299,266,377171,5276,617553,1807600
2210,259,246,376912,5289,617799,1716600
2211,258,265,376654,5282,618064,1876300
2212,242,271,376412,5253,618335,1734500
2213,256,280,376156,5229,618615,1853100
2214,233,230,375923,5232,618845,1790300
2215,242,250,375681,5224,619095,1940100
2216,256,240,375425,5240,619335,1783600
2217,239,265,375186,5214,619600,1872900
2218,249,243,374937,5220,619843,1860500
2219,268,260,374669,5228,620103,1824800
2220,251,279,374418,5200,620382,1848800
2221,266,235,374152,5231,620617,1843700
2222,262,260,373890,5233,620877,1750800
2223,222,250,373668,5205,621127,1729700
2224,260,245,373408,5220,621372,1864500
2225,260,285,373148,5195,621657,1872600
2226,235,282,372913,5148,621939,1874100
2227,225,237,372688,5136,622176,1798800
2228,250,249,372438,5137,622425,1707500
2229,266,264,372172,5139,622689,1795300
2230,246,279,371926,5106,622968,1856100
2231,272,254,371654,5124,623222,1886700
2232,251,265,371403,5110,623487,1945700
2233,225,257,371178,5078,623744,1906400
2234,245,250,370933,5073,623994,1981800
2235,236,267,370697,5042,624261,1847300
2236,249,265,370448,5026,624526,1951100
2237,250,246,370198,5030,624772,2060700
2238,259,238,369939,5051,625010,1905600
2239,211,246,369728,5016,625256,1905900
2240,245,229,369483,5032,625485,1855500
2241,238,261,369245,5009,625746,1954200
2242,233,258,369012,4984,626004,2029300
2243,260,239,368752,5005,626243,1903000
2244,222,266,368530,4961,626509,1850600
2245,266,238,368264,4989,626747,1847300
2246,241,221,368023,5009,626968,1856800
2247,220,246,367803,4983,627214,1860900
2248,248,214,367555,5017,627428,1868400
2249,245,232,367310,5030,627660,1844400
2250,255,241,367055,5044,627901,2035400
2251,246,279,366809,5011,628180,1814500
2252,252,256,366557,5007,628436,1786300
2253,226,276,366331,4957,628712,1871500
2254,228,238,366103,4947,628950,1840300
2255,241,252,365862,4936,629202,1865600
2256,247,229,365615,4954,629431,1815200
2257,264,259,365351,4959,629690,1726000
2258,259,246,365092,4972,629936,2065700
2259,221,266,364871,4927,630202,1991800
2260,230,215,364641,4942,630417,1882600
2261,241,257,364400,4926,630674,1768700
2262,233,263,364167,4896,630937,1887600
2263,231,254,363936,4873,631191,1859000
2264,235,235,363701,4873,631426,1832900
2265,243,273,363458,4843,631699,1778400
2266,229,262,363229,4810,631961,1747700
2267,260,247,362969,4823,632208,1704700
2268,238,239,362731,4822,632447,1826800
2269,243,220,362488,4845,632667,1774900
2270,245,218,362243,4872,632885,1693200
2271,248,267,361995,4853,633152,1701800
2272,242,269,361753,4826,633421,1824500
2273,249,240,361504,4835,633661,1892200
2274,247,242,361257,4840,633903,1741200
2275,210,240,361047,4810,634143,2107900
2276,243,239,360804,4814,634382,1791900
2277,233,250,360571,4797,634632,1762000
2278,253,229,360318,4821,634861,1763400
2279,263,216,360055,4868,635077,1805600
2280,244,257,359811,4855,635334,1779200
2281,243,260,359568,4838,635594,1745200
2282,233,237,359335,4834,635831,1691500
2283,277,268,359058,4843,636099,1818900
2284,250,221,358808,4872,636320,1806000
2285,243,245,358565,4870,636565,1769300
2286,256,253,358309,4873,636818,1709700
2287,257,239,358052,4891,637057,1832000
2288,224,220,357828,4895,637277,1826200
2289,218,243,357610,4870,637520,1840500
2290,267,251,357343,4886,637771,1746700
2291,246,237,357097,4895,638008,1958600
2292,263,227,356834,4931,638235,1901800
2293,235,246,356599,4920,638481,2171300
2294,237,235,356362,4922,638716,1842600
2295,257,254,356105,4925,638970,2004600
2296,255,253,355850,4927,639223,1901200
2297,249,219,355601,4957,639442,1915500
2298,253,245,355348,4965,639687,2068100
2299,262,247,355086,4980,639934,1869500
2300,249,259,354837,4970,640193,1917000
2301,226,251,354611,4945,640444,2262500
2302,238,259,354373,4924,640703,1859200
2303,230,254,354143,4900,640957,1885700
2304,248,223,353895,4925,641180,1870800
2305,267,238,353628,4954,641418,1842500
2306,245,233,353383,4966,641651,1789900
2307,219,257,353164,4928,641908,1798000
2308,226,254,352938,4900,642162,1755500
2309,223,244,352715,4879,642406,1845000
2310,223,233,352492,4869,642639,1852500
2311,230,267,352262,4832,642906,1810600
2312,231,233,352031,4830,643139,1782000
2313,232,255,351799,4807,643394,1697400
2314,232,215,351567,4824,643609,1690500
2315,239,241,351328,4822,643850,1812800
2316,246,237,351082,4831,644087,1701100
2317,254,238,350828,4847,644325,1956600
2318,264,249,350564,4862,644574,1863100
2319,252,235,350312,4879,644809,1842200
2320,242,242,350070,4879,645051,1935800
2321,244,237,349826,4886,645288,1775100
2322,260,250,349566,4896,645538,1847000
2323,265,257,349301,4904,645795,2054600
2324,231,255,349070,4880,646050,2110700
2325,256,255,348814,4881,646305,2355100
2326,249,248,348565,4882,646553,2287300
2327,252,268,348313,4866,646821,2181400
2328,232,213,348081,4885,647034,1966000
2329,237,255,347844,4867,647289,2007200
2330,273,261,347571,4879,647550,1992100
2331,238,241,347333,4876,647791,1919100
2332,255,237,347078,4894,648028,2069400
2333,233,254,346845,4873,648282,2024500
2334,236,252,346609,4857,648534,1932400
2335,251,245,346358,4863,648779,1902400
2336,262,260,346096,4865,649039,1846200
2337,231,233,345865,4863,649272,1851000
2338,240,257,345625,4846,649529,2067600
2339,245,236,345380,4855,649765,1822100
2340,227,225,345153,4857,649990,1850700
2341,235,260,344918,4832,650250,2219400
2342,238,236,344680,4834,650486,1910300
2343,215,224,344465,4825,650710,1884000
2344,243,228,344222,4840,650938,2120300
2345,251,212,343971,4879,651150,1874800
2346,270,258,343701,4891,651408,1849200
2347,232,228,343469,4895,651636,1870600
2348,242,239,343227,4898,651875,1930700
2349,245,269,342982,4874,652144,1913000
2350,238,248,342744,4864,652392,1867200
2351,274,253,342470,4885,652645,1848700
2352,242,238,342228,4889,652883,1918200
2353,231,255,341997,4865,653138,1919900
2354,217,263,341780,4819,653401,1799400
2355,261,242,341519,4838,653643,1740700
2356,258,231,341261,4865,653874,1847700
2357,224,219,341037,4870,654093,1846100
2358,241,231,340796,4880,654324,1823000
2359,255,252,340541,4883,654576,1761500
2360,270,227,340271,4926,654803,1789200
2361,268,226,340003,4968,655029,1855400
2362,249,238,339754,4979,655267,1899700
2363,263,257,339491,4985,655524,1776600
2364,240,224,339251,5001,655748,1809700
2365,266,249,338985,5018,655997,1878000
2366,266,273,338719,5011,656270,1831700
2367,218,250,338501,4979,656520,1859100
2368,248,243,338253,4984,656763,1846200
2369,234,240,338019,4978,657003,1948900
2370,247,227,337772,4998,657230,1831000
2371,246,247,337526,4997,657477,1786500
2372,237,219,337289,5015,657696,1885900
2373,256,257,337033,5014,657953,1748100
2374,246,252,336787,5008,658205,1806400
2375,252,232,336535,5028,658437,1855200
2376,244,257,336291,5015,658694,1812200
2377,269,268,336022,5016,658962,1812300
2378,259,273,335763,5002,659235,1963800
2379,250,267,335513,4985,659502,1805300
2380,220,252,335293,4953,659754,2073800
2381,247,254,335046,4946,660008,1848800
2382,262,250,334784,4958,660258,1829800
2383,254,244,334530,4968,660502,1871000
2384,247,234,334283,4981,660736,1856700
2385,221,221,334062,4981,660957,1805700
2386,233,268,333829,4946,661225,1749500
2387,262,252,333567,4956,661477,1711900
2388,231,301,333336,4886,661778,1706100
2389,232,214,333104,4904,661992,1804400
2390,213,253,332891,4864,662245,1751000
2391,249,256,332642,4857,662501,1771200
2392,254,260,332388,4851,662761,1827100
2393,261,233,332127,4879,662994,1841900
2394,224,200,331903,4903,663194,2087400
2395,250,260,331653,4893,663454,1842800
2396,263,251,331390,4905,663705,1785200
2397,253,249,331137,4909,663954,1799000
2398,264,267,330873,4906,664221,1837500
2399,282,260,330591,4928,664481,1804500
2400,247,263,330344,4912,664744,1969600
2401,241,259,330103,4894,665003,1861000
2402,243,226,329860,4911,665229,1845900
2403,263,278,329597,4896,665507,1776600
2404,256,219,329341,4933,665726,1691900
2405,240,241,329101,4932,665967,1761300
2406,228,235,328873,4925,666202,1826700
2407,234,264,328639,4895,666466,2116400
2408,229,253,328410,4871,666719,1739300
2409,216,247,328194,4840,666966,1827300
2410,214,279,327980,4775,667245,1759100
2411,226,256,327754,4745,667501,1749400
2412,239,254,327515,4730,667755,1764900
2413,241,231,327274,4740,667986,1815100
2414,254,255,327020,4739,668241,1784200
2415,239,209,326781,4769,668450,1716000
2416,232,247,326549,4754,668697,1705800
2417,221,251,326328,4724,668948,1814400
2418,230,232,326098,4722,669180,1753300
2419,230,215,325868,4737,669395,1708300
2420,227,229,325641,4735,669624,1775900
2421,247,253,325394,4729,669877,2037000
2422,258,252,325136,4735,670129,2024800
2423,207,236,324929,4706,670365,1882500
2424,222,247,324707,4681,670612,2047600
2425,226,261,324481,4646,670873,1890200
2426,204,236,324277,4614,671109,2273600
2427,228,230,324049,4612,671339,1833200
2428,190,259,323859,4543,671598,1779400
2429,243,218,323616,4568,671816,1786400
2430,218,239,323398,4547,672055,1779300
2431,240,224,323158,4563,672279,1887200
2432,222,233,322936,4552,672512,1859500
2433,225,231,322711,4546,672743,1806300
2434,245,226,322466,4565,672969,1864900
2435,229,210,322237,4584,673179,1796200
2436,220,240,322017,4564,673419,1760400
2437,214,211,321803,4567,673630,1737200
2438,226,223,321577,4570,673853,1743300
2439,213,222,321364,4561,674075,1775400
2440,247,227,321117,4581,674302,1833400
2441,225,213,320892,4593,674515,1877000
2442,253,241,320639,4605,674756,1788200
2443,230,246,320409,4589,675002,1736300
2444,226,235,320183,4580,675237,1953400
2445,238,227,319945,4591,675464,2003000
2446,241,250,319704,4582,675714,1844300
2447,234,234,319470,4582,675948,1812100
2448,216,221,319254,4577,676169,1690200
2449,249,227,319005,4599,676396,1695800
2450,209,245,318796,4563,676641,2223100
2451,243,248,318553,4558,676889,1847200
2452,229,241,318324,4546,677130,1815900
2453,236,240,318088,4542,677370,1832200
2454,226,238,317862,4530,677608,1813200
2455,259,230,317603,4559,677838,1769100
2456,226,222,317377,4563,678060,1743600
2457,208,226,317169,4545,678286,1835900
2458,240,217,316929,4568,678503,1842600
2459,213,233,316716,4548,678736,1936500
2460,232,213,316484,4567,678949,1778700
2461,219,223,316265,4563,679172,1695500
2462,241,219,316024,4585,679391,1706100
2463,234,213,315790,4606,679604,1824800
2464,245,244,315545,4607,679848,1764600
2465,257,231,315288,4633,680079,1745000
2466,210,216,315078,4627,680295,1728100
2467,236,211,314842,4652,680506,1892800
2468,206,230,314636,4628,680736,1800700
2469,206,215,314430,4619,680951,1827600
2470,243,222,314187,4640,681173,1790400
2471,222,217,313965,4645,681390,1963700
2472,217,226,313748,4636,681616,1799000
2473,232,244,313516,4624,681860,1793400
2474,243,221,313273,4646,682081,1902400
2475,225,230,313048,4641,682311,1831900
2476,202,239,312846,4604,682550,1821700
2477,230,235,312616,4599,682785,1738100
2478,246,242,312370,4603,683027,1768900
2479,236,209,312134,4630,683236,1764700
2480,261,229,311873,4662,683465,1869900
2481,230,234,311643,4658,683699,1901800
2482,240,229,311403,4669,683928,1843100
2483,226,239,311177,4656,684167,1862600
2484,220,232,310957,4644,684399,2203300
2485,228,221,310729,4651,684620,1942000
2486,203,252,310526,4602,684872,1975100
2487,239,235,310287,4606,685107,1912400
2488,233,236,310054,4603,685343,1882100
2489,249,203,309805,4649,685546,1871800
2490,236,233,309569,4652,685779,2038300
2491,224,233,309345,4643,686012,1909000
2492,236,248,309109,4631,686260,1962100
2493,230,232,308879,4629,686492,2030200
2494,225,225,308654,4629,686717,2029700
2495,238,233,308416,4634,686950,1875400
2496,248,201,308168,4681,687151,2036100
2497,249,239,307919,4691,687390,2176700
2498,239,232,307680,4698,687622,2052800
2499,246,228,307434,4716,687850,2051600
2500,230,232,307204,4714,688082,1976700
2501,266,223,306938,4757,688305,2191800
2502,226,266,306712,4717,688571,1977600
2503,232,242,306480,4707,688813,2004600
2504,212,239,306268,4680,689052,1994400
2505,211,245,306057,4646,689297,1983800
2506,205,218,305852,4633,689515,1911600
2507,251,257,305601,4627,689772,1912400
2508,226,214,305375,4639,689986,1933900
2509,234,244,305141,4629,690230,2092300
2510,235,227,304906,4637,690457,1906500
2511,230,226,304676,4641,690683,1948700
2512,240,265,304436,4616,690948,2094900
2513,203,190,304233,4629,691138,1921900
2514,211,249,304022,4591,691387,1903300
2515,227,225,303795,4593,691612,1889900
2516,224,224,303571,4593,691836,1865700
2517,198,255,303373,4536,692091,1854700
2518,216,212,303157,4540,692303,1894400
2519,227,226,302930,4541,692529,1862600
2520,213,229,302717,4525,692758,1838500
2521,212,239,302505,4498,692997,1797200
2522,219,228,302286,4489,693225,1870500
2523,246,240,302040,4495,693465,1872800
2524,190,246,301850,4439,693711,1867500
2525,248,203,301602,4484,693914,1812100
2526,233,240,301369,4477,694154,1824300
2527,215,240,301154,4452,694394,2024100
2528,209,216,300945,4445,694610,1866200
2529,244,228,300701,4461,694838,1879800
2530,231,228,300470,4464,695066,1864000
2531,220,230,300250,4454,695296,1928400
2532,234,226,300016,4462,695522,1855100
2533,239,202,299777,4499,695724,1812400
2534,203,215,299574,4487,695939,2009000
2535,211,224,299363,4474,696163,2197300
2536,221,205,299142,4490,696368,1963700
2537,204,232,298938,4462,696600,2122600
2538,225,231,298713,4456,696831,1951100
2539,205,210,298508,4451,697041,1936300
2540,203,243,298305,4411,697284,1888300
2541,221,234,298084,4398,697518,1911800
2542,219,191,297865,4426,697709,2011300
2543,205,228,297660,4403,697937,1987700
2544,214,224,297446,4393,698161,2041400
2545,214,192,297232,4415,698353,1949300
2546,228,221,297004,4422,698574,1925100
2547,234,220,296770,4436,698794,1950500
2548,220,200,296550,4456,698994,1973600
2549,227,227,296323,4456,699221,1968500
2550,226,232,296097,4450,699453,2039500
2551,244,191,295853,4503,699644,1884400
2552,253,223,295600,4533,699867,1874500
2553,233,242,295367,4524,700109,1878900
2554,215,225,295152,4514,700334,2010000
2555,224,234,294928,4504,700568,1954200
2556,226,218,294702,4512,700786,1968500
2557,243,233,294459,4522,701019,2058300
2558,227,229,294232,4520,701248,1935200
2559,229,213,294003,4536,701461,1910300
2560,227,227,293776,4536,701688,1886300
2561,207,235,293569,4508,701923,1919300
2562,193,222,293376,4479,702145,1944000
2563,225,252,293151,4452,702397,2087800
2564,225,203,292926,4474,702600,1955400
2565,231,219,292695,4486,702819,1959500
2566,214,224,292481,4476,703043,1910400
2567,209,230,292272,4455,703273,1930400
2568,210,226,292062,4439,703499,1915900
2569,224,221,291838,4442,703720,2170500
2570,227,217,291611,4452,703937,1955900
2571,207,231,291404,4428,704168,2170200
2572,220,237,291184,4411,704405,2312700
2573,202,224,290982,4389,704629,2215700
2574,186,209,290796,4366,704838,2180800
2575,207,256,290589,4317,705094,2199600
2576,201,232,290388,4286,705326,2053400
2577,204,239,290184,4251,705565,1946100
2578,211,184,289973,4278,705749,2231900
2579,192,241,289781,4229,705990,2077600
2580,234,225,289547,4238,706215,2623700
2581,220,185,289327,4273,706400,1980700
2582,216,200,289111,4289,706600,1971900
2583,249,217,288862,4321,706817,1978500
2584,234,214,288628,4341,707031,2137700
2585,218,199,288410,4360,707230,2076400
2586,234,218,288176,4376,707448,1991500
2587,247,206,287929,4417,707654,2078900
2588,220,235,287709,4402,707889,1999800
2589,218,233,287491,4387,708122,1948300
2590,237,210,287254,4414,708332,1916900
2591,228,225,287026,4417,708557,1873300
2592,261,210,286765,4468,708767,1841800
2593,229,234,286536,4463,709001,1896900
2594,222,200,286314,4485,709201,1757100
2595,209,219,286105,4475,709420,1903400
2596,232,201,285873,4506,709621,1839500
2597,233,216,285640,4523,709837,1820100
2598,225,205,285415,4543,710042,1763400
2599,220,240,285195,4523,710282,1717400
2600,210,207,284985,4526,710489,1702600
2601,207,217,284778,4516,710706,1938400
2602,226,238,284552,4504,710944,1769700
2603,214,225,284338,4493,711169,1795200
2604,209,218,284129,4484,711387,1741300
2605,236,238,283893,4482,711625,1776300
2606,207,209,283686,4480,711834,1835000
2607,216,206,283470,4490,712040,2352800
2608,213,235,283257,4468,712275,1853300
2609,219,241,283038,4446,712516,2091600
2610,222,236,282816,4432,712752,1779000
2611,222,241,282594,4413,712993,1815100
2612,219,216,282375,4416,713209,1791500
2613,207,214,282168,4409,713423,1741000
2614,191,243,281977,4357,713666,1698400
2615,208,226,281769,4339,713892,1908100
2616,216,221,281553,4334,714113,2089000
2617,206,207,281347,4333,714320,1827900
2618,224,213,281123,4344,714533,1783000
2619,238,231,280885,4351,714764,1727200
2620,223,267,280662,4307,715031,1792200
2621,225,210,280437,4322,715241,1816100
2622,206,224,280231,4304,715465,1876100
2623,221,222,280010,4303,715687,1775600
2624,211,235,279799,4279,715922,1752300
2625,237,191,279562,4325,716113,1804200
2626,231,191,279331,4365,716304,1731600
2627,231,218,279100,4378,716522,1734300
2628,218,212,278882,4384,716734,1724700
2629,209,216,278673,4377,716950,1687800
2630,218,215,278455,4380,717165,1833400
2631,218,250,278237,4348,717415,1781700
2632,220,212,278017,4356,717627,1782100
2633,219,249,277798,4326,717876,1737700
2634,215,186,277583,4355,718062,1786200
2635,224,190,277359,4389,718252,1895500
2636,201,212,277158,4378,718464,1867600
2637,219,212,276939,4385,718676,1896700
2638,224,203,276715,4406,718879,1842300
2639,223,215,276492,4414,719094,1830900
2640,224,225,276268,4413,719319,1836300
2641,224,231,276044,4406,719550,1876500
2642,233,217,275811,4422,719767,1796400
2643,236,230,275575,4428,719997,1898200
2644,229,215,275346,4442,720212,1957900
2645,195,230,275151,4407,720442,1883400
2646,221,201,274930,4427,720643,1847300
2647,223,226,274707,4424,720869,1800500
2648,242,198,274465,4468,721067,1787200
2649,247,198,274218,4517,721265,1814000
2650,240,246,273978,4511,721511,1916200
2651,212,220,273766,4503,721731,1968100
2652,239,221,273527,4521,721952,1841900
2653,224,208,273303,4537,722160,1893800
2654,216,220,273087,4533,722380,1826100
2655,220,263,272867,4490,722643,1830700
2656,191,245,272676,4436,722888,1850400
2657,208,233,272468,4411,723121,1860500
2658,216,204,272252,4423,723325,1839100
2659,211,241,272041,4393,723566,1888000
2660,217,216,271824,4394,723782,2049100
2661,197,211,271627,4380,723993,1889900
2662,208,227,271419,4361,724220,1996900
2663,226,229,271193,4358,724449,1895900
2664,211,200,270982,4369,724649,1924400
2665,223,196,270759,4396,724845,1927600
2666,214,222,270545,4388,725067,1905900
2667,212,215,270333,4385,725282,2149400
2668,210,219,270123,4376,725501,1945700
2669,221,220,269902,4377,725721,1888600
2670,247,187,269655,4437,725908,1954000
2671,266,230,269389,4473,726138,1998900
2672,222,208,269167,4487,726346,1915800
2673,199,203,268968,4483,726549,2029000
2674,205,246,268763,4442,726795,1794800
2675,218,202,268545,4458,726997,1880400
2676,202,217,268343,4443,727214,1866800
2677,237,220,268106,4460,727434,1833900
2678,243,246,267863,4457,727680,1858500
2679,221,207,267642,4471,727887,1880500
2680,242,226,267400,4487,728113,1875100
2681,228,220,267172,4495,728333,2008600
2682,233,227,266939,4501,728560,1873000
2683,234,232,266705,4503,728792,2124500
2684,223,250,266482,4476,729042,2059300
2685,216,242,266266,4450,729284,2177700
2686,224,226,266042,4448,729510,2109400
2687,208,225,265834,4431,729735,2062800
2688,214,235,265620,4410,729970,2021900
2689,214,201,265406,4423,730171,1952200
2690,197,236,265209,4384,730407,2114200
2691,190,182,265019,4392,730589,1982700
2692,226,233,264793,4385,730822,2029500
2693,219,231,264574,4373,731053,2084100
2694,239,232,264335,4380,731285,2145500
2695,237,228,264098,4389,731513,2026400
2696,211,208,263887,4392,731721,1978400
2697,217,201,263670,4408,731922,1985300
2698,203,222,263467,4389,732144,3100400
2699,200,267,263267,4322,732411,2335200
2700,211,236,263056,4297,732647,2246500
2701,214,215,262842,4296,732862,2066600
2702,200,198,262642,4298,733060,2380000
2703,203,212,262439,4289,733272,2228800
2704,232,201,262207,4320,733473,2051800
2705,198,223,262009,4295,733696,2007700
2706,205,209,261804,4291,733905,2021800
2707,201,211,261603,4281,734116,2245400
2708,227,223,261376,4285,734339,2077700
2709,212,215,261164,4282,734554,1979800
2710,217,221,260947,4278,734775,1913100
2711,194,225,260753,4247,735000,1881900
2712,211,198,260542,4260,735198,1952600
2713,231,208,260311,4283,735406,2007500
2714,222,214,260089,4291,735620,1952000
2715,227,207,259862,4311,735827,1899500
2716,226,224,259636,4313,736051,1944800
2717,217,225,259419,4305,736276,1873200
2718,212,207,259207,4310,736483,1849400
2719,224,209,258983,4325,736692,1846200
2720,225,237,258758,4313,736929,2063300
2721,202,228,258556,4287,737157,1965600
2722,209,201,258347,4295,737358,2346900
2723,217,214,258130,4298,737572,1987200
2724,238,207,257892,4329,737779,1922000
2725,212,211,257680,4330,737990,1871300
2726,218,226,257462,4322,738216,1831000
2727,226,242,257236,4306,738458,1911900
2728,214,252,257022,4268,738710,2107300
2729,218,199,256804,4287,738909,1960900
2730,227,212,256577,4302,739121,1847200
2731,216,222,256361,4296,739343,1875600
2732,231,201,256130,4326,739544,1884400
2733,214,215,255916,4325,739759,2089200
2734,221,237,255695,4309,739996,2085100
2735,231,247,255464,4293,740243,1952100
2736,222,206,255242,4309,740449,2383300
2737,212,206,255030,4315,740655,1893000
2738,226,210,254804,4331,740865,1865400
2739,198,208,254606,4321,741073,1914200
2740,233,229,254373,4325,741302,1894300
2741,209,216,254164,4318,741518,1848300
2742,206,205,253958,4319,741723,1878500
2743,209,238,253749,4290,741961,1853200
2744,223,201,253526,4312,742162,1951300
2745,197,181,253329,4328,742343,2076400
2746,211,233,253118,4306,742576,1927400
2747,212,229,252906,4289,742805,1960900
2748,196,206,252710,4279,743011,1878700
2749,187,212,252523,4254,743223,1892000
2750,176,209,252347,4221,743432,1873400
2751,209,253,252138,4177,743685,1972400
2752,184,192,251954,4169,743877,2000100
2753,158,203,251796,4124,744080,2040300
2754,182,227,251614,4079,744307,2027400
2755,173,187,251441,4065,744494,2139900
2756,186,208,251255,4043,744702,2014700
2757,190,202,251065,4031,744904,2147300
2758,186,211,250879,4006,745115,2074900
2759,186,219,250693,3973,745334,1949800
2760,212,216,250481,3969,745550,1908300
2761,189,194,250292,3964,745744,1928200
2762,198,192,250094,3970,745936,1901600
2763,211,192,249883,3989,746128,1952100
2764,204,201,249679,3992,746329,1949000
2765,218,219,249461,3991,746548,1927700
2766,202,174,249259,4019,746722,2079400
2767,230,188,249029,4061,746910,2060600
2768,202,206,248827,4057,747116,2044800
2769,226,190,248601,4093,747306,2092700
2770,194,196,248407,4091,747502,2123700
2771,223,185,248184,4129,747687,1980100
2772,219,193,247965,4155,747880,2106500
2773,196,198,247769,4153,748078,1936700
2774,222,227,247547,4148,748305,2029900
2775,218,201,247329,4165,748506,2079600
2776,212,203,247117,4174,748709,2488300
2777,204,218,246913,4160,748927,2020400
2778,191,196,246722,4155,749123,1959200
2779,201,227,246521,4129,749350,1995100
2780,210,203,246311,4136,749553,2001100
2781,212,195,246099,4153,749748,1965800
2782,204,206,245895,4151,749954,2077600
2783,197,203,245698,4145,750157,1994500
2784,225,190,245473,4180,750347,1954500
2785,223,209,245250,4194,750556,1915600
2786,215,209,245035,4200,750765,2254300
2787,220,205,244815,4215,750970,1940500
2788,202,213,244613,4204,751183,1977800
2789,214,212,244399,4206,751395,2033800
2790,207,192,244192,4221,751587,1925300
2791,208,225,243984,4204,751812,1901000
2792,257,228,243727,4233,752040,1852200
2793,202,235,243525,4200,752275,1932200
2794,225,183,243300,4242,752458,1899000
2795,189,183,243111,4248,752641,1923500
2796,213,228,242898,4233,752869,1963900
2797,199,209,242699,4223,753078,1965100
2798,213,227,242486,4209,753305,2065600
2799,205,206,242281,4208,753511,1963200
2800,226,197,242055,4237,753708,1928100
2801,260,204,241795,4293,753912,1949000
2802,195,212,241600,4276,754124,1844500
2803,211,227,241389,4260,754351,1819400
2804,206,197,241183,4269,754548,1850200
2805,228,199,240955,4298,754747,1863300
2806,194,225,240761,4267,754972,2097000
2807,208,235,240553,4240,755207,1919900
2808,220,188,240333,4272,755395,1934700
2809,196,217,240137,4251,755612,1853900
2810,221,199,239916,4273,755811,1938400
2811,219,222,239697,4270,756033,1866600
2812,245,228,239452,4287,756261,1874600
2813,208,215,239244,4280,756476,1919800
2814,223,231,239021,4272,756707,2068900
2815,225,193,238796,4304,756900,1960500
2816,228,211,238568,4321,757111,1941500
2817,210,229,238358,4302,757340,1976300
2818,211,221,238147,4292,757561,1880600
2819,206,214,237941,4284,757775,2048000
2820,211,210,237730,4285,757985,1856700
2821,218,215,237512,4288,758200,2023600
2822,217,208,237295,4297,758408,1909200
2823,220,235,237075,4282,758643,1874300
2824,201,191,236874,4292,758834,1832700
2825,240,221,236634,4311,759055,1919800
2826,197,210,236437,4298,759265,1892500
2827,227,216,236210,4309,759481,1856800
2828,232,226,235978,4315,759707,1988300
2829,244,205,235734,4354,759912,2143600
2830,215,219,235519,4350,760131,1888100
2831,207,202,235312,4355,760333,1832800
2832,205,224,235107,4336,760557,1835300
2833,216,205,234891,4347,760762,1882800
2834,244,219,234647,4372,760981,1923000
2835,199,212,234448,4359,761193,1852600
2836,200,237,234248,4322,761430,1847200
2837,199,212,234049,4309,761642,1900900
2838,212,206,233837,4315,761848,2009600
2839,210,234,233627,4291,762082,1993000
2840,222,226,233405,4287,762308,1887300
2841,185,217,233220,4255,762525,2212400
2842,199,211,233021,4243,762736,1877400
2843,213,247,232808,4209,762983,2071800
2844,210,192,232598,4227,763175,1857100
2845,217,227,232381,4217,763402,1951800
2846,196,200,232185,4213,763602,1896200
2847,213,218,231972,4208,763820,2157100
2848,201,195,231771,4214,764015,2049500
2849,217,202,231554,4229,764217,1877400
2850,196,207,231358,4218,764424,2039600
2851,224,197,231134,4245,764621,2138400
2852,233,217,230901,4261,764838,2014100
2853,210,202,230691,4269,765040,1897300
2854,189,214,230502,4244,765254,1860800
2855,212,205,230290,4251,765459,1879400
2856,225,212,230065,4264,765671,1833400
2857,220,224,229845,4260,765895,1827100
2858,205,204,229640,4261,766099,1842800
2859,209,216,229431,4254,766315,1837700
2860,216,223,229215,4247,766538,1870000
2861,231,222,228984,4256,766760,1925200
2862,212,223,228772,4245,766983,2054000
2863,209,207,228563,4247,767190,2080800
2864,227,218,228336,4256,767408,1955100
2865,196,208,228140,4244,767616,1911200
2866,224,188,227916,4280,767804,1854900
2867,228,232,227688,4276,768036,1873500
2868,226,236,227462,4266,768272,1901000
2869,211,185,227251,4292,768457,1961300
2870,208,213,227043,4287,768670,1880700
2871,209,242,226834,4254,768912,2157000
2872,193,217,226641,4230,769129,2220800
2873,201,215,226440,4216,769344,4104400
2874,204,250,226236,4170,769594,2309000
2875,195,216,226041,4149,769810,2022600
2876,203,192,225838,4160,770002,2064100
2877,220,193,225618,4187,770195,1885900
2878,204,200,225414,4191,770395,1907800
2879,208,192,225206,4207,770587,2174000
2880,211,211,224995,4207,770798,2218300
2881,197,224,224798,4180,771022,2305800
2882,207,184,224591,4203,771206,1991600
2883,198,210,224393,4191,771416,2055400
2884,224,213,224169,4202,771629,1851700
2885,199,206,223970,4195,771835,2171500
2886,206,193,223764,4208,772028,2061300
2887,200,206,223564,4202,772234,2140600
2888,213,210,223351,4205,772444,2118000
2889,208,216,223143,4197,772660,2097900
2890,202,220,222941,4179,772880,2170900
2891,196,192,222745,4183,773072,2255100
2892,192,213,222553,4162,773285,2527000
2893,185,217,222368,4130,773502,1938700
2894,184,205,222184,4109,773707,1958600
2895,218,210,221966,4117,773917,2194200
2896,166,201,221800,4082,774118,2213600
2897,190,173,221610,4099,774291,2107500
2898,206,232,221404,4073,774523,2085900
2899,192,211,221212,4054,774734,1940100
2900,202,197,221010,4059,774931,2001800
2901,167,194,220843,4032,775125,1959800
2902,204,204,220639,4032,775329,1912500
2903,187,195,220452,4024,775524,1911700
2904,191,213,220261,4002,775737,1875500
2905,188,210,220073,3980,775947,1921900
2906,164,194,219909,3950,776141,2290400
2907,191,223,219718,3918,776364,6001000
2908,173,189,219545,3902,776553,2283700
2909,176,187,219369,3891,776740,1929000
2910,177,184,219192,3884,776924,1900200
2911,189,191,219003,3882,777115,2326600
2912,199,198,218804,3883,777313,1948700
2913,197,208,218607,3872,777521,2044300
2914,190,201,218417,3861,777722,1834600
2915,195,192,218222,3864,777914,1834300
2916,199,204,218023,3859,778118,1883200
2917,191,197,217832,3853,778315,1872700
2918,192,185,217640,3860,778500,1845600
2919,208,218,217432,3850,778718,1783300
2920,220,214,217212,3856,778932,1692400
2921,198,191,217014,3863,779123,1737000
2922,182,187,216832,3858,779310,1907900
2923,185,203,216647,3840,779513,1896400
2924,198,211,216449,3827,779724,1934700
2925,178,159,216271,3846,779883,1808600
2926,205,187,216066,3864,780070,1747400
2927,182,191,215884,3855,780261,1783500
2928,192,204,215692,3843,780465,1976900
2929,193,183,215499,3853,780648,1786000
2930,218,190,215281,3881,780838,1742000
2931,190,178,215091,3893,781016,1964700
2932,200,184,214891,3909,781200,1726800
2933,175,196,214716,3888,781396,1905100
2934,188,206,214528,3870,781602,1772400
2935,216,201,214312,3885,781803,1774700
2936,181,180,214131,3886,781983,1906800
2937,190,191,213941,3885,782174,2058700
2938,203,164,213738,3924,782338,1975800
2939,198,199,213540,3923,782537,1798700
2940,191,194,213349,3920,782731,1862700
2941,189,177,213160,3932,782908,1823100
2942,205,227,212955,3910,783135,1899600
2943,203,202,212752,3911,783337,1825800
2944,198,174,212554,3935,783511,1817300
2945,197,172,212357,3960,783683,1848500
2946,230,189,212127,4001,783872,1895200
2947,181,220,211946,3962,784092,1796100
2948,215,204,211731,3973,784296,1878900
2949,219,221,211512,3971,784517,1806600
2950,206,185,211306,3992,784702,1778100
2951,176,183,211130,3985,784885,1828900
2952,186,183,210944,3988,785068,1830500
2953,214,192,210730,4010,785260,1856700
2954,215,186,210515,4039,785446,1878600
2955,221,216,210294,4044,785662,1864200
2956,234,198,210060,4080,785860,1826000
2957,216,218,209844,4078,786078,1833600
2958,230,207,209614,4101,786285,1884900
2959,245,212,209369,4134,786497,1843900
2960,235,216,209134,4153,786713,1859400
2961,219,201,208915,4171,786914,1926300
2962,217,192,208698,4196,787106,1871700
2963,234,213,208464,4217,787319,1823200
2964,239,215,208225,4241,787534,2006100
2965,209,209,208016,4241,787743,2097200
2966,225,225,207791,4241,787968,1797600
2967,202,225,207589,4218,788193,1839300
2968,226,208,207363,4236,788401,1776800
2969,206,221,207157,4221,788622,1787500
2970,223,208,206934,4236,788830,1836900
2971,240,217,206694,4259,789047,1839400
2972,207,212,206487,4254,789259,1857800
2973,217,212,206270,4259,789471,1835300
2974,205,221,206065,4243,789692,1829600
2975,229,204,205836,4268,789896,1975600
2976,258,194,205578,4332,790090,1873600
2977,226,211,205352,4347,790301,1929700
2978,237,216,205115,4368,790517,1879000
2979,218,211,204897,4375,790728,1779900
2980,229,250,204668,4354,790978,1799700
2981,221,212,204447,4363,791190,1708800
2982,220,223,204227,4360,791413,1839800
2983,212,224,204015,4348,791637,1820900
2984,208,217,203807,4339,791854,1820600
2985,212,216,203595,4335,792070,1783600
2986,225,226,203370,4334,792296,1822500
2987,215,199,203155,4350,792495,1827000
2988,223,228,202932,4345,792723,1744900
2989,214,221,202718,4338,792944,1797200
2990,229,222,202489,4345,793166,1704000
2991,231,198,202258,4378,793364,1664500
2992,250,243,202008,4385,793607,1837600
2993,213,219,201795,4379,793826,1804300
2994,219,223,201576,4375,794049,1709100
2995,221,209,201355,4387,794258,1714900
2996,222,193,201133,4416,794451,1860500
2997,224,196,200909,4444,794647,1835900
2998,217,219,200692,4442,794866,1777900
2999,205,214,200487,4433,795080,1746600
3000,239,221,200248,4451,795301,1769600
3001,191,214,200057,4428,795515,1845900
3002,201,223,199856,4406,795738,1818200
3003,198,200,199658,4404,795938,1786800
3004,204,224,199454,4384,796162,1772300
3005,211,219,199243,4376,796381,1688500
3006,182,216,199061,4342,796597,1840800
3007,215,207,198846,4350,796804,1868300
3008,183,230,198663,4303,797034,1897000
3009,203,205,198460,4301,797239,1855600
3010,202,217,198258,4286,797456,1790700
3011,212,232,198046,4266,797688,1884800
3012,227,224,197819,4269,797912,1812700
3013,202,209,197617,4262,798121,1857600
3014,195,221,197422,4236,798342,1858000
3015,194,182,197228,4248,798524,1811800
3016,192,230,197036,4210,798754,2111100
3017,198,221,196838,4187,798975,1782700
3018,207,183,196631,4211,799158,1742700
3019,205,198,196426,4218,799356,1706700
3020,209,202,196217,4225,799558,1912700
3021,225,188,195992,4262,799746,1840300
3022,194,200,195798,4256,799946,1771300
3023,208,243,195590,4221,800189,1691800
3024,213,194,195377,4240,800383,1690900
3025,170,189,195207,4221,800572,1822600
3026,214,213,194993,4222,800785,1775400
3027,191,165,194802,4248,800950,1734500
3028,201,168,194601,4281,801118,1769500
3029,203,199,194398,4285,801317,1788400
3030,202,215,194196,4272,801532,1815300
3031,264,202,193932,4334,801734,1744700
3032,241,197,193691,4378,801931,1733900
3033,212,231,193479,4359,802162,1672300
3034,203,188,193276,4374,802350,1794600
3035,213,242,193063,4345,802592,1775800
3036,203,196,192860,4352,802788,1681300
3037,237,212,192623,4377,803000,1881800
3038,202,184,192421,4395,803184,1754100
3039,214,227,192207,4382,803411,1761700
3040,226,224,191981,4384,803635,1708600
3041,198,229,191783,4353,803864,1694800
3042,224,188,191559,4389,804052,1824200
3043,214,221,191345,4382,804273,1805700
3044,217,220,191128,4379,804493,1754200
3045,216,204,190912,4391,804697,1757200
3046,197,206,190715,4382,804903,1876800
3047,204,200,190511,4386,805103,1832500
3048,216,212,190295,4390,805315,1800100
3049,206,208,190089,4388,805523,1776400
3050,203,229,189886,4362,805752,1800000
3051,166,217,189720,4311,805969,1745100
3052,206,245,189514,4272,806214,1829300
3053,215,226,189299,4261,806440,1788200
3054,170,212,189129,4219,806652,1831300
3055,192,211,188937,4200,806863,1722800
3056,201,201,188736,4200,807064,1705700
3057,206,211,188530,4195,807275,1802700
3058,185,230,188345,4150,807505,1764400
3059,177,210,188168,4117,807715,1730700
3060,197,194,187971,4120,807909,1750300
3061,197,202,187774,4115,808111,1816900
3062,204,210,187570,4109,808321,1768400
3063,189,193,187381,4105,808514,2064400
3064,206,190,187175,4121,808704,1729500
3065,218,193,186957,4146,808897,1722400
3066,207,224,186750,4129,809121,1701600
3067,207,183,186543,4153,809304,1769700
3068,208,211,186335,4150,809515,1659800
3069,217,180,186118,4187,809695,1690800
3070,242,206,185876,4223,809901,1813800
3071,191,200,185685,4214,810101,1782200
3072,218,181,185467,4251,810282,1729600
3073,195,217,185272,4229,810499,1736300
3074,196,194,185076,4231,810693,1832200
3075,202,223,184874,4210,810916,1814400
3076,207,224,184667,4193,811140,1894000
3077,191,208,184476,4176,811348,1810300
3078,207,198,184269,4185,811546,1728400
3079,184,235,184085,4134,811781,1681900
3080,222,212,183863,4144,811993,1811200
3081,199,182,183664,4161,812175,1722200
3082,198,182,183466,4177,812357,1669400
3083,207,195,183259,4189,812552,1822200
3084,200,205,183059,4184,812757,1791100
3085,194,227,182865,4151,812984,1787200
3086,216,194,182649,4173,813178,1690600
3087,203,200,182446,4176,813378,1730200
3088,204,206,182242,4174,813584,1923900
3089,213,190,182029,4197,813774,1832100
3090,231,216,181798,4212,813990,1904200
3091,198,191,181600,4219,814181,2019900
3092,198,227,181402,4190,814408,1795800
3093,227,180,181175,4237,814588,1820000
3094,208,176,180967,4269,814764,1818800
3095,217,205,180750,4281,814969,1856600
3096,210,227,180540,4264,815196,1859400
3097,225,199,180315,4290,815395,1934900
3098,236,178,180079,4348,815573,1855500
3099,251,218,179828,4381,815791,1816200
3100,213,196,179615,4398,815987,1827900
3101,219,247,179396,4370,816234,1825900
3102,202,233,179194,4339,816467,1843400
3103,234,196,178960,4377,816663,2042300
3104,240,228,178720,4389,816891,1914400
3105,232,228,178488,4393,817119,1856200
3106,219,215,178269,4397,817334,1973900
3107,221,216,178048,4402,817550,1830800
3108,212,235,177836,4379,817785,1767400
3109,206,226,177630,4359,818011,1799600
3110,199,218,177431,4340,818229,1695400
3111,206,216,177225,4330,818445,1832000
3112,218,227,177007,4321,818672,1835600
3113,212,207,176795,4326,818879,1685600
3114,214,214,176581,4326,819093,1725700
3115,204,200,176377,4330,819293,1929300
3116,200,211,176177,4319,819504,1795700
3117,174,211,176003,4282,819715,1791300
3118,197,203,175806,4276,819918,1943000
3119,190,219,175616,4247,820137,1999700
3120,216,214,175400,4249,820351,8634600
3121,169,236,175231,4182,820587,25541900
3122,201,223,175030,4160,820810,1954300
3123,194,209,174836,4145,821019,1877400
3124,197,215,174639,4127,821234,1836000
3125,207,210,174432,4124,821444,1821200
3126,197,194,174235,4127,821638,1848100
3127,195,205,174040,4117,821843,1863000
3128,206,197,173834,4126,822040,1822500
3129,213,187,173621,4152,822227,1927700
3130,228,202,173393,4178,822429,1716300
3131,207,184,173186,4201,822613,1753400
3132,213,203,172973,4211,822816,1858200
3133,202,202,172771,4211,823018,1828500
3134,208,212,172563,4207,823230,1814000
3135,206,223,172357,4190,823453,1772900
3136,220,193,172137,4217,823646,1736500
3137,199,196,171938,4220,823842,1677300
3138,208,208,171730,4220,824050,1819200
3139,208,196,171522,4232,824246,1781500
3140,221,223,171301,4230,824469,1760200
3141,227,188,171074,4269,824657,1737700
3142,240,187,170834,4322,824844,1935500
3143,220,217,170614,4325,825061,1882800
3144,206,216,170408,4315,825277,1862500
3145,224,220,170184,4319,825497,1761600
3146,209,219,169975,4309,825716,1751100
3147,238,199,169737,4348,825915,2036400
3148,181,216,169556,4313,826131,1801200
3149,213,222,169343,4304,826353,1822500
3150,204,204,169139,4304,826557,1872500
3151,221,221,168918,4304,826778,1962500
3152,216,210,168702,4310,826988,1808400
3153,215,186,168487,4339,827174,1800700
3154,217,221,168270,4335,827395,1714200
3155,230,206,168040,4359,827601,1837000
3156,193,237,167847,4315,827838,1836900
3157,223,224,167624,4314,828062,1844800
3158,194,206,167430,4302,828268,1773800
3159,196,230,167234,4268,828498,1800800
3160,202,231,167032,4239,828729,1836900
3161,203,226,166829,4216,828955,1848200
3162,172,175,166657,4213,829130,1864000
3163,175,209,166482,4179,829339,1951400
3164,195,193,166287,4181,829532,1812100
3165,206,206,166081,4181,829738,1824700
3166,198,237,165883,4142,829975,1802900
3167,194,196,165689,4140,830171,1813300
3168,201,197,165488,4144,830368,1857300
3169,196,175,165292,4165,830543,1849700
3170,196,213,165096,4148,830756,1802900
3171,210,198,164886,4160,830954,1736100
3172,190,198,164696,4152,831152,1685800
3173,186,221,164510,4117,831373,1823600
3174,206,167,164304,4156,831540,1925000
3175,188,198,164116,4146,831738,1827200
3176,190,208,163926,4128,831946,1709400
3177,178,182,163748,4124,832128,1948800
3178,193,212,163555,4105,832340,1854800
3179,210,201,163345,4114,832541,1836200
3180,222,196,163123,4140,832737,2329100
3181,199,219,162924,4120,832956,2063400
3182,203,193,162721,4130,833149,1828600
3183,203,200,162518,4133,833349,1749500
3184,200,203,162318,4130,833552,1835100
3185,186,214,162132,4102,833766,1963200
3186,219,193,161913,4128,833959,1933600
3187,219,209,161694,4138,834168,1778500
3188,191,223,161503,4106,834391,1755000
3189,205,202,161298,4109,834593,1695000
3190,157,197,161141,4069,834790,1891400
3191,206,222,160935,4053,835012,1728700
3192,177,187,160758,4043,835199,1900200
3193,193,177,160565,4059,835376,1739700
3194,197,222,160368,4034,835598,1735800
3195,209,187,160159,4056,835785,1816700
3196,188,205,159971,4039,835990,1798400
3197,185,205,159786,4019,836195,1756800
3198,204,206,159582,4017,836401,1793700
3199,188,218,159394,3987,836619,1677900
3200,180,217,159214,3950,836836,1697600
3201,179,195,159035,3934,837031,1737700
3202,176,178,158859,3932,837209,2194500
3203,193,196,158666,3929,837405,1982500
3204,160,194,158506,3895,837599,1789900
3205,174,196,158332,3873,837795,1757200
3206,179,190,158153,3862,837985,1829300
3207,198,196,157955,3864,838181,1786700
3208,178,183,157777,3859,838364,2116600
3209,201,198,157576,3862,838562,1881700
3210,200,165,157376,3897,838727,2113500
3211,197,217,157179,3877,838944,2293100
3212,197,203,156982,3871,839147,1863200
3213,198,191,156784,3878,839338,2094100
3214,172,197,156612,3853,839535,1871200
3215,188,183,156424,3858,839718,1974400
3216,188,155,156236,3891,839873,1791000
3217,207,203,156029,3895,840076,1849600
3218,186,206,155843,3875,840282,1772900
3219,195,185,155648,3885,840467,1760100
3220,177,177,155471,3885,840644,1753800
3221,227,200,155244,3912,840844,1769200
3222,177,197,155067,3892,841041,1793200
3223,201,202,154866,3891,841243,1777900
3224,190,176,154676,3905,841419,1841300
3225,180,180,154496,3905,841599,1993100
3226,178,197,154318,3886,841796,1834600
3227,191,193,154127,3884,841989,1939700
3228,175,185,153952,3874,842174,1943800
3229,180,160,153772,3894,842334,1907600
3230,170,203,153602,3861,842537,1843500
3231,168,202,153434,3827,842739,2165900
3232,187,208,153247,3806,842947,4217900
3233,172,175,153075,3803,843122,2543900
3234,207,164,152868,3846,843286,2969000
3235,177,191,152691,3832,843477,3723700
3236,185,196,152506,3821,843673,2748800
3237,180,156,152326,3845,843829,2333700
3238,192,192,152134,3845,844021,2295900
3239,199,188,151935,3856,844209,2449800
3240,208,186,151727,3878,844395,2060500
3241,170,182,151557,3866,844577,1993900
3242,174,158,151383,3882,844735,1954000
3243,189,199,151194,3872,844934,1992800
3244,187,187,151007,3872,845121,2091700
3245,188,209,150819,3851,845330,1903500
3246,192,168,150627,3875,845498,1819000
3247,224,209,150403,3890,845707,1818500
3248,189,188,150214,3891,845895,1891800
3249,196,209,150018,3878,846104,1798000
3250,175,192,149843,3861,846296,1773600
3251,183,194,149660,3850,846490,1789200
3252,187,187,149473,3850,846677,1783600
3253,214,191,149259,3873,846868,1780600
3254,185,180,149074,3878,847048,2161200
3255,215,200,148859,3893,847248,1837900
3256,154,167,148705,3880,847415,1784700
3257,176,212,148529,3844,847627,1933700
3258,187,191,148342,3840,847818,1987900
3259,158,176,148184,3822,847994,1936100
3260,191,208,147993,3805,848202,2157900
3261,179,195,147814,3789,848397,1895400
3262,171,193,147643,3767,848590,1878100
3263,150,178,147493,3739,848768,1846900
3264,170,194,147323,3715,848962,1969000
3265,160,203,147163,3672,849165,1803800
3266,181,188,146982,3665,849353,1772300
3267,173,198,146809,3640,849551,1795200
3268,171,170,146638,3641,849721,1881700
3269,183,172,146455,3652,849893,1774300
3270,161,174,146294,3639,850067,1781700
3271,178,193,146116,3624,850260,1951400
3272,174,189,145942,3609,850449,1712700
3273,173,180,145769,3602,850629,1701400
3274,168,177,145601,3593,850806,1827700
3275,160,176,145441,3577,850982,1855000
3276,163,182,145278,3558,851164,1847600
3277,162,156,145116,3564,851320,1953500
3278,159,174,144957,3549,851494,1802000
3279,174,196,144783,3527,851690,1757600
3280,164,164,144619,3527,851854,1748700
3281,184,173,144435,3538,852027,1875700
3282,164,189,144271,3513,852216,1861800
3283,178,140,144093,3551,852356,1829700
3284,151,212,143942,3490,852568,1780900
3285,161,186,143781,3465,852754,1802900
3286,166,166,143615,3465,852920,1828000
3287,175,184,143440,3456,853104,1933000
3288,168,189,143272,3435,853293,1822200
3289,146,174,143126,3407,853467,1850400
3290,158,177,142968,3388,853644,1809400
3291,172,181,142796,3379,853825,1907100
3292,170,172,142626,3377,853997,1770500
3293,168,153,142458,3392,854150,1769600
3294,153,162,142305,3383,854312,1852700
3295,180,183,142125,3380,854495,1825900
3296,150,166,141975,3364,854661,1814600
3297,151,161,141824,3354,854822,1779100
3298,173,199,141651,3328,855021,1710600
3299,146,166,141505,3308,855187,1757500
3300,164,161,141341,3311,855348,1904600
3301,166,171,141175,3306,855519,2257500
3302,148,153,141027,3301,855672,2116500
3303,157,178,140870,3280,855850,2027400
3304,144,190,140726,3234,856040,1967800
3305,173,173,140553,3234,856213,1858100
3306,166,173,140387,3227,856386,1769100
3307,140,156,140247,3211,856542,1850700
3308,168,165,140079,3214,856707,1836400
3309,156,171,139923,3199,856878,1808300
3310,154,161,139769,3192,857039,2146400
3311,155,163,139614,3184,857202,1732200
3312,141,156,139473,3169,857358,1697200
3313,146,184,139327,3131,857542,1697000
3314,149,154,139178,3126,857696,1707400
3315,172,156,139006,3142,857852,1813400
3316,169,141,138837,3170,857993,1970300
3317,140,146,138697,3164,858139,1716800
3318,176,171,138521,3169,858310,1985800
3319,165,170,138356,3164,858480,1848400
3320,158,162,138198,3160,858642,1809900
3321,147,171,138051,3136,858813,1817500
3322,158,155,137893,3139,858968,1830500
3323,151,164,137742,3126,859132,1786600
3324,145,158,137597,3113,859290,1810500
3325,176,145,137421,3144,859435,1731900
3326,155,180,137266,3119,859615,1689100
3327,145,155,137121,3109,859770,1826600
3328,143,144,136978,3108,859914,1716200
3329,167,167,136811,3108,860081,1740100
3330,150,166,136661,3092,860247,1690900
3331,163,163,136498,3092,860410,1831200
3332,145,141,136353,3096,860551,1820100
3333,146,148,136207,3094,860699,1877500
3334,154,135,136053,3113,860834,1733900
3335,161,165,135892,3109,860999,1728900
3336,177,179,135715,3107,861178,1766600
3337,145,165,135570,3087,861343,1759500
3338,156,153,135414,3090,861496,1779200
3339,156,153,135258,3093,861649,1742700
3340,163,169,135095,3087,861818,1755800
3341,164,155,134931,3096,861973,1903800
3342,179,137,134752,3138,862110,1770200
3343,156,177,134596,3117,862287,1829000
3344,148,142,134448,3123,862429,1907900
3345,137,154,134311,3106,862583,1875600
3346,150,156,134161,3100,862739,1848000
3347,158,134,134003,3124,862873,1837100
3348,155,167,133848,3112,863040,1860200
3349,148,151,133700,3109,863191,1805600
3350,157,137,133543,3129,863328,1869900
3351,169,161,133374,3137,863489,1827600
3352,154,157,133220,3134,863646,1907700
3353,158,145,133062,3147,863791,1815900
3354,141,151,132921,3137,863942,1784700
3355,166,174,132755,3129,864116,1824300
3356,158,151,132597,3136,864267,1774400
3357,148,157,132449,3127,864424,1785300
3358,160,156,132289,3131,864580,1987000
3359,158,152,132131,3137,864732,1848500
3360,144,149,131987,3132,864881,1763800
3361,159,160,131828,3131,865041,1764400
3362,156,150,131672,3137,865191,1768500
3363,143,172,131529,3108,865363,1757800
3364,152,149,131377,3111,865512,1885100
3365,178,155,131199,3134,865667,1887800
3366,159,152,131040,3141,865819,1998600
3367,178,167,130862,3152,865986,2041600
3368,179,161,130683,3170,866147,1951900
3369,161,159,130522,3172,866306,1858700
3370,150,160,130372,3162,866466,1776100
3371,155,147,130217,3170,866613,1861600
3372,167,150,130050,3187,866763,1839800
3373,154,161,129896,3180,866924,1842800
3374,154,146,129742,3188,867070,1881800
3375,134,173,129608,3149,867243,1983700
3376,149,160,129459,3138,867403,1836200
3377,166,146,129293,3158,867549,1753400
3378,167,154,129126,3171,867703,1756700
3379,159,159,128967,3171,867862,1748200
3380,165,163,128802,3173,868025,1807600
3381,141,169,128661,3145,868194,1777100
3382,157,173,128504,3129,868367,1846600
3383,144,169,128360,3104,868536,1849900
3384,137,164,128223,3077,868700,1811800
3385,139,142,128084,3074,868842,1805200
3386,155,160,127929,3069,869002,1859900
3387,165,155,127764,3079,869157,1876900
3388,170,161,127594,3088,869318,22190200
3389,129,165,127465,3052,869483,2196900
3390,158,172,127307,3038,869655,1919800
3391,156,153,127151,3041,869808,1776100
3392,145,145,127006,3041,869953,1844800
3393,164,140,126842,3065,870093,1852800
3394,148,150,126694,3063,870243,1849700
3395,170,165,126524,3068,870408,1877200
3396,182,173,126342,3077,870581,1795000
3397,142,157,126200,3062,870738,1763300
3398,156,144,126044,3074,870882,1777300
3399,178,146,125866,3106,871028,1780500
3400,157,154,125709,3109,871182,1771800
3401,151,159,125558,3101,871341,1751200
3402,173,154,125385,3120,871495,1983700
3403,143,134,125242,3129,871629,1846600
3404,165,169,125077,3125,871798,1850700
3405,154,151,124923,3128,871949,2035900
3406,178,143,124745,3163,872092,1900300
3407,160,132,124585,3191,872224,2113600
3408,169,175,124416,3185,872399,1930900
3409,169,160,124247,3194,872559,2082300
3410,160,188,124087,3166,872747,1920700
3411,155,132,123932,3189,872879,2021200
3412,159,161,123773,3187,873040,2132200
3413,169,154,123604,3202,873194,1870700
3414,160,151,123444,3211,873345,2144500
3415,163,161,123281,3213,873506,1817100
3416,161,173,123120,3201,873679,1761200
3417,160,171,122960,3190,873850,1770300
3418,157,169,122803,3178,874019,1753100
3419,165,158,122638,3185,874177,1736500
3420,165,157,122473,3193,874334,1739100
3421,172,154,122301,3211,874488,1744700
3422,140,133,122161,3218,874621,2008000
3423,156,162,122005,3212,874783,1746600
3424,139,163,121866,3188,874946,1763800
3425,161,167,121705,3182,875113,1720300
3426,155,151,121550,3186,875264,1739300
3427,159,166,121391,3179,875430,1734500
3428,177,157,121214,3199,875587,1764100
3429,154,192,121060,3161,875779,1816700
3430,135,172,120925,3124,875951,1815900
3431,151,155,120774,3120,876106,1819700
3432,162,168,120612,3114,876274,1799300
3433,137,162,120475,3089,876436,1799900
3434,162,140,120313,3111,876576,2070500
3435,137,159,120176,3089,876735,2397900
3436,138,168,120038,3059,876903,2268400
3437,137,167,119901,3029,877070,2215600
3438,146,156,119755,3019,877226,2129100
3439,150,159,119605,3010,877385,2136200
3440,147,150,119458,3007,877535,1966100
3441,149,125,119309,3031,877660,1903500
3442,136,167,119173,3000,877827,1897700
3443,162,145,119011,3017,877972,2014000
3444,153,142,118858,3028,878114,1825400
3445,146,170,118712,3004,878284,1823100
3446,151,137,118561,3018,878421,1857200
3447,148,134,118413,3032,878555,1802600
3448,160,149,118253,3043,878704,1790900
3449,139,142,118114,3040,878846,1801800
3450,161,117,117953,3084,878963,1810300
3451,163,158,117790,3089,879121,1867100
3452,155,163,117635,3081,879284,1830900
3453,163,152,117472,3092,879436,1995100
3454,171,155,117301,3108,879591,1849300
3455,152,153,117149,3107,879744,1827600
3456,145,158,117004,3094,879902,1813200
3457,158,148,116846,3104,880050,1810400
3458,148,155,116698,3097,880205,1829500
3459,156,143,116542,3110,880348,1824700
3460,149,159,116393,3100,880507,1896300
3461,160,155,116233,3105,880662,1878700
3462,157,148,116076,3114,880810,1795200
3463,155,148,115921,3121,880958,1842100
3464,142,151,115779,3112,881109,2138300
3465,140,169,115639,3083,881278,2115400
3466,134,166,115505,3051,881444,1894500
3467,157,154,115348,3054,881598,1856000
3468,129,149,115219,3034,881747,1840000
3469,133,156,115086,3011,881903,1809200
3470,160,135,114926,3036,882038,1873800
3471,139,151,114787,3024,882189,2037800
3472,145,150,114642,3019,882339,1856600
3473,163,136,114479,3046,882475,1831000
3474,169,163,114310,3052,882638,1750300
3475,174,142,114136,3084,882780,2146100
3476,159,160,113977,3083,882940,1798000
3477,160,155,113817,3088,883095,1919200
3478,161,167,113656,3082,883262,1718100
3479,151,127,113505,3106,883389,2086800
3480,182,162,113323,3126,883551,1861500
3481,159,163,113164,3122,883714,1738100
3482,134,162,113030,3094,883876,2047700
3483,156,139,112874,3111,884015,1843100
3484,183,155,112691,3139,884170,1825800
3485,155,167,112536,3127,884337,1745200
3486,161,153,112375,3135,884490,1847300
3487,155,149,112220,3141,884639,1826400
3488,148,143,112072,3146,884782,1795100
3489,173,150,111899,3169,884932,1827100
3490,143,138,111756,3174,885070,2025300
3491,154,167,111602,3161,885237,1977600
3492,149,150,111453,3160,885387,1790100
3493,161,171,111292,3150,885558,1893000
3494,137,139,111155,3148,885697,1859000
3495,168,158,110987,3158,885855,1832500
3496,155,158,110832,3155,886013,2150900
3497,156,152,110676,3159,886165,2121000
3498,134,155,110542,3138,886320,2129000
3499,154,135,110388,3157,886455,2231100
3500,144,166,110244,3135,886621,1852200
3501,139,142,110105,3132,886763,1824400
3502,165,171,109940,3126,886934,1857700
3503,142,165,109798,3103,887099,1974500
3504,139,154,109659,3088,887253,1859400
3505,148,154,109511,3082,887407,1851900
3506,157,187,109354,3052,887594,2011700
3507,131,125,109223,3058,887719,1823500
3508,151,147,109072,3062,887866,1811900
3509,152,160,108920,3054,888026,1766600
3510,154,155,108766,3053,888181,1835700
3511,153,168,108613,3038,888349,1822700
3512,162,148,108451,3052,888497,1856900
3513,154,160,108297,3046,888657,1844600
3514,157,151,108140,3052,888808,1818500
3515,139,155,108001,3036,888963,1859200
3516,155,136,107846,3055,889099,1807800
3517,138,153,107708,3040,889252,1958200
3518,159,149,107549,3050,889401,1879700
3519,138,153,107411,3035,889554,1927800
3520,160,142,107251,3053,889696,2050700
3521,160,144,107091,3069,889840,1868100
3522,185,162,106906,3092,890002,1911200
3523,163,161,106743,3094,890163,1849200
3524,136,159,106607,3071,890322,1833800
3525,159,154,106448,3076,890476,2038100
3526,166,150,106282,3092,890626,2104900
3527,169,155,106113,3106,890781,2008700
3528,130,153,105983,3083,890934,1840300
3529,148,159,105835,3072,891093,2055700
3530,144,153,105691,3063,891246,1873800
3531,179,155,105512,3087,891401,1837900
3532,150,146,105362,3091,891547,1899200
3533,146,161,105216,3076,891708,1824200
3534,157,141,105059,3092,891849,1872700
3535,163,143,104896,3112,891992,1825800
3536,146,157,104750,3101,892149,1760500
3537,164,155,104586,3110,892304,1807200
3538,167,141,104419,3136,892445,1790700
3539,170,141,104249,3165,892586,1888600
3540,152,146,104097,3171,892732,1786700
3541,150,168,103947,3153,892900,1788900
3542,159,149,103788,3163,893049,1775000
3543,154,160,103634,3157,893209,2145000
3544,156,170,103478,3143,893379,1834900
3545,175,142,103303,3176,893521,1826800
3546,156,183,103147,3149,893704,1839600
3547,131,161,103016,3119,893865,2011900
3548,139,136,102877,3122,894001,1837500
3549,143,157,102734,3108,894158,1745900
3550,153,154,102581,3107,894312,1759500
3551,138,150,102443,3095,894462,1952100
3552,140,147,102303,3088,894609,1768600
3553,149,185,102154,3052,894794,2176900
3554,147,166,102007,3033,894960,1812100
3555,157,142,101850,3048,895102,1928400
3556,134,139,101716,3043,895241,1925400
3557,124,140,101592,3027,895381,1825600
3558,135,150,101457,3012,895531,1855200
3559,129,150,101328,2991,895681,1819200
3560,129,125,101199,2995,895806,2021200
3561,142,165,101057,2972,895971,1947400
3562,127,139,100930,2960,896110,2017300
3563,115,189,100815,2886,896299,1955300
3564,130,145,100685,2871,896444,1965100
3565,131,121,100554,2881,896565,1987700
3566,134,137,100420,2878,896702,1963900
3567,134,142,100286,2870,896844,2277100
3568,126,128,100160,2868,896972,2013500
3569,145,148,100015,2865,897120,1938400
3570,147,129,99868,2883,897249,1924600
3571,133,155,99735,2861,897404,1890300
3572,148,124,99587,2885,897528,2172700
3573,154,147,99433,2892,897675,2164900
3574,136,143,99297,2885,897818,2082700
3575,149,151,99148,2883,897969,1949000
3576,152,157,98996,2878,898126,1913100
3577,150,153,98846,2875,898279,1857200
3578,157,151,98689,2881,898430,1932400
3579,140,140,98549,2881,898570,1895700
3580,137,134,98412,2884,898704,1990300
3581,143,145,98269,2882,898849,1835800
3582,138,155,98131,2865,899004,1828900
3583,143,112,97988,2896,899116,1839900
3584,128,134,97860,2890,899250,1828200
3585,136,132,97724,2894,899382,2008600
3586,164,147,97560,2911,899529,1886800
3587,135,154,97425,2892,899683,1953400
3588,139,158,97286,2873,899841,2039400
3589,123,134,97163,2862,899975,1931600
3590,155,156,97008,2861,900131,2197900
3591,152,137,96856,2876,900268,2175100
3592,137,148,96719,2865,900416,1841700
3593,130,143,96589,2852,900559,1862400
3594,151,131,96438,2872,900690,1914900
3595,136,127,96302,2881,900817,1832100
3596,152,154,96150,2879,900971,1842700
3597,147,146,96003,2880,901117,1849400
3598,151,134,95852,2897,901251,1798600
3599,166,154,95686,2909,901405,2120900
3600,146,162,95540,2893,901567,2142700
3601,144,132,95396,2905,901699,1846000
3602,166,150,95230,2921,901849,1971600
3603,175,157,95055,2939,902006,1798800
3604,159,152,94896,2946,902158,1793100
3605,167,150,94729,2963,902308,1854200
3606,150,141,94579,2972,902449,1801100
3607,173,162,94406,2983,902611,2004600
3608,151,152,94255,2982,902763,1927000
3609,141,137,94114,2986,902900,1945000
3610,160,137,93954,3009,903037,1831200
3611,157,160,93797,3006,903197,1831300
3612,166,159,93631,3013,903356,1951900
3613,145,149,93486,3009,903505,2083900
3614,145,157,93341,2997,903662,2205400
3615,140,149,93201,2988,903811,2015500
3616,152,155,93049,2985,903966,1924600
3617,131,124,92918,2992,904090,1872900
3618,144,172,92774,2964,904262,1885800
3619,138,158,92636,2944,904420,1838600
3620,146,150,92490,2940,904570,1849400
3621,152,146,92338,2946,904716,2029000
3622,131,156,92207,2921,904872,1970300
3623,151,172,92056,2900,905044,2092500
3624,132,158,91924,2874,905202,1989700
3625,136,159,91788,2851,905361,1882400
3626,119,158,91669,2812,905519,1949300
3627,126,140,91543,2798,905659,1820100
3628,142,144,91401,2796,905803,1848400
3629,120,135,91281,2781,905938,1836400
3630,145,134,91136,2792,906072,1855000
3631,112,127,91024,2777,906199,1836300
3632,142,139,90882,2780,906338,1840100
3633,131,150,90751,2761,906488,1966700
3634,143,150,90608,2754,906638,1845500
3635,128,139,90480,2743,906777,1947000
3636,135,129,90345,2749,906906,1854600
3637,128,154,90217,2723,907060,1875500
3638,138,148,90079,2713,907208,1909900
3639,121,118,89958,2716,907326,1942900
3640,143,137,89815,2722,907463,1808500
3641,115,149,89700,2688,907612,1896700
3642,128,124,89572,2692,907736,1990800
3643,138,136,89434,2694,907872,2189600
3644,136,149,89298,2681,908021,2036100
3645,136,128,89162,2689,908149,2220500
3646,138,116,89024,2711,908265,1907200
3647,127,139,88897,2699,908404,1910700
3648,141,123,88756,2717,908527,1955700
3649,129,130,88627,2716,908657,1973500
3650,132,127,88495,2721,908784,1828200
3651,129,134,88366,2716,908918,1767900
3652,152,131,88214,2737,909049,1756100
3653,142,136,88072,2743,909185,1838500
3654,126,152,87946,2717,909337,1834500
3655,136,125,87810,2728,909462,1805200
3656,130,132,87680,2726,909594,1794500
3657,124,151,87556,2699,909745,1885300
3658,141,141,87415,2699,909886,1971400
3659,112,126,87303,2685,910012,1857900
3660,119,125,87184,2679,910137,1698300
3661,136,137,87048,2678,910274,1696300
3662,112,149,86936,2641,910423,1774500
3663,119,141,86817,2619,910564,1926000
3664,122,136,86695,2605,910700,1869500
3665,120,125,86575,2600,910825,1783200
3666,122,128,86453,2594,910953,1825800
3667,141,150,86312,2585,911103,1780100
3668,126,117,86186,2594,911220,1798800
3669,121,129,86065,2586,911349,1903300
3670,152,119,85913,2619,911468,1778100
3671,121,129,85792,2611,911597,1830800
3672,141,146,85651,2606,911743,1819400
3673,108,135,85543,2579,911878,1967600
3674,129,143,85414,2565,912021,1787100
3675,124,111,85290,2578,912132,1852000
3676,140,133,85150,2585,912265,2057500
3677,107,124,85043,2568,912389,1790700
3678,110,139,84933,2539,912528,1757700
3679,125,116,84808,2548,912644,1859100
3680,126,137,84682,2537,912781,1842400
3681,123,128,84559,2532,912909,1828100
3682,137,136,84422,2533,913045,1994300
3683,113,135,84309,2511,913180,1791300
3684,112,135,84197,2488,913315,1754200
3685,124,117,84073,2495,913432,1833900
3686,114,126,83959,2483,913558,1867200
3687,142,105,83817,2520,913663,2161400
3688,119,133,83698,2506,913796,1954300
3689,135,127,83563,2514,913923,1998700
3690,119,122,83444,2511,914045,2039000
3691,140,121,83304,2530,914166,1878900
3692,125,131,83179,2524,914297,1851500
3693,121,97,83058,2548,914394,2125400
3694,112,126,82946,2534,914520,2046600
3695,132,124,82814,2542,914644,1972600
3696,141,121,82673,2562,914765,1949700
3697,131,128,82542,2565,914893,1900100
3698,124,130,82418,2559,915023,2019200
3699,127,147,82291,2539,915170,1899900
3700,139,120,82152,2558,915290,2086700
3701,132,108,82020,2582,915398,1877200
3702,131,141,81889,2572,915539,2052900
3703,145,132,81744,2585,915671,1929000
3704,145,134,81599,2596,915805,1825900
3705,138,128,81461,2606,915933,1906600
3706,117,127,81344,2596,916060,1855300
3707,131,130,81213,2597,916190,1899300
3708,124,127,81089,2594,916317,1891000
3709,118,126,80971,2586,916443,2019100
3710,115,130,80856,2571,916573,1840900
3711,135,130,80721,2576,916703,1951300
3712,144,144,80577,2576,916847,1877000
3713,136,147,80441,2565,916994,1826100
3714,149,137,80292,2577,917131,1938200
3715,147,140,80145,2584,917271,1915700
3716,134,133,80011,2585,917404,2233800
3717,144,124,79867,2605,917528,2011200
3718,154,122,79713,2637,917650,2098900
3719,139,122,79574,2654,917772,1909900
3720,141,115,79433,2680,917887,1907700
3721,126,134,79307,2672,918021,1932600
3722,144,114,79163,2702,918135,1930900
3723,109,140,79054,2671,918275,2042800
3724,144,133,78910,2682,918408,1914100
3725,150,138,78760,2694,918546,2064600
3726,130,150,78630,2674,918696,1916800
3727,135,134,78495,2675,918830,2020700
3728,118,141,78377,2652,918971,1991300
3729,115,125,78262,2642,919096,1945000
3730,139,129,78123,2652,919225,1956600
3731,131,135,77992,2648,919360,2041100
3732,141,114,77851,2675,919474,1983800
3733,123,128,77728,2670,919602,2072800
3734,154,130,77574,2694,919732,1982400
3735,116,152,77458,2658,919884,2129100
3736,127,128,77331,2657,920012,1966900
3737,123,129,77208,2651,920141,1967300
3738,127,134,77081,2644,920275,2073300
3739,126,127,76955,2643,920402,1969100
3740,122,127,76833,2638,920529,1911500
3741,133,136,76700,2635,920665,2079200
3742,132,135,76568,2632,920800,1943400
3743,135,168,76433,2599,920968,1956900
3744,120,140,76313,2579,921108,1893700
3745,113,126,76200,2566,921234,1817500
3746,117,129,76083,2554,921363,2077100
3747,115,137,75968,2532,921500,1937900
3748,126,129,75842,2529,921629,1854100
3749,127,142,75715,2514,921771,1849100
3750,126,128,75589,2512,921899,1838800
3751,138,134,75451,2516,922033,1816900
3752,113,126,75338,2503,922159,1862900
3753,133,116,75205,2520,922275,2013700
3754,128,129,75077,2519,922404,1971900
3755,118,123,74959,2514,922527,1901000
3756,118,121,74841,2511,922648,1869200
3757,126,117,74715,2520,922765,1872200
3758,129,141,74586,2508,922906,1998400
3759,137,123,74449,2522,923029,1854300
3760,131,114,74318,2539,923143,2102200
3761,123,117,74195,2545,923260,2152000
3762,115,111,74080,2549,923371,1867800
3763,134,132,73946,2551,923503,1891200
3764,122,134,73824,2539,923637,1856700
3765,112,143,73712,2508,923780,1853100
3766,101,146,73611,2463,923926,2041500
3767,117,130,73494,2450,924056,1958600
3768,116,123,73378,2443,924179,1832300
3769,133,118,73245,2458,924297,1845800
3770,133,116,73112,2475,924413,1951200
3771,115,135,72997,2455,924548,2141400
3772,122,117,72875,2460,924665,1928500
3773,123,128,72752,2455,924793,2110500
3774,113,143,72639,2425,924936,1860300
3775,140,113,72499,2452,925049,1874700
3776,154,140,72345,2466,925189,1879400
3777,132,130,72213,2468,925319,1881100
3778,115,134,72098,2449,925453,1905500
3779,130,123,71968,2456,925576,2024900
3780,116,122,71852,2450,925698,1978800
3781,120,112,71732,2458,925810,1833700
3782,139,146,71593,2451,925956,1847800
3783,131,133,71462,2449,926089,1830800
3784,131,122,71331,2458,926211,2211500
3785,123,121,71208,2460,926332,2003100
3786,106,130,71102,2436,926462,2066800
3787,112,119,70990,2429,926581,2057600
3788,139,123,70851,2445,926704,1850200
3789,148,122,70703,2471,926826,1825400
3790,117,128,70586,2460,926954,1976700
3791,123,128,70463,2455,927082,1892900
3792,104,111,70359,2448,927193,1899500
3793,125,126,70234,2447,927319,1932800
3794,136,109,70098,2474,927428,2029100
3795,141,134,69957,2481,927562,1921200
3796,113,122,69844,2472,927684,1874300
3797,116,116,69728,2472,927800,1892700
3798,111,116,69617,2467,927916,1921700
3799,135,126,69482,2476,928042,1907300
3800,108,146,69374,2438,928188,1917200
3801,131,116,69243,2453,928304,2017400
3802,131,104,69112,2480,928408,1939400
3803,103,139,69009,2444,928547,1840800
3804,120,132,68889,2432,928679,1838700
3805,130,94,68759,2468,928773,1879900
3806,118,108,68641,2478,928881,1840600
3807,112,122,68529,2468,929003,1855500
3808,117,118,68412,2467,929121,1918800
3809,132,120,68280,2479,929241,1849300
3810,107,117,68173,2469,929358,1843800
3811,125,115,68048,2479,929473,1871900
3812,129,115,67919,2493,929588,1953500
3813,148,126,67771,2515,929714,2008100
3814,138,127,67633,2526,929841,1932800
3815,126,106,67507,2546,929947,1918700
3816,131,141,67376,2536,930088,1933200
3817,114,120,67262,2530,930208,1887800
3818,120,133,67142,2517,930341,2002200
3819,146,118,66996,2545,930459,1885100
3820,136,112,66860,2569,930571,1827200
3821,117,138,66743,2548,930709,2017600
3822,115,132,66628,2531,930841,1823700
3823,133,147,66495,2517,930988,1810400
3824,125,133,66370,2509,931121,1850800
3825,141,118,66229,2532,931239,1880500
3826,143,120,66086,2555,931359,1832400
3827,121,115,65965,2561,931474,1806700
3828,128,136,65837,2553,931610,1859200
3829,125,128,65712,2550,931738,1840000
3830,127,129,65585,2548,931867,1844700
3831,117,116,65468,2549,931983,1799600
3832,148,131,65320,2566,932114,1873900
3833,137,131,65183,2572,932245,1821400
3834,130,145,65053,2557,932390,1929000
3835,130,142,64923,2545,932532,2067400
3836,128,138,64795,2535,932670,2404800
3837,139,132,64656,2542,932802,2129200
3838,127,123,64529,2546,932925,2219700
3839,121,133,64408,2534,933058,2178200
3840,130,124,64278,2540,933182,2039400
3841,133,99,64145,2574,933281,1948400
3842,124,124,64021,2574,933405,1908000
3843,131,117,63890,2588,933522,1944900
3844,116,127,63774,2577,933649,1837200
3845,134,126,63640,2585,933775,1870300
3846,143,144,63497,2584,933919,1898200
3847,124,121,63373,2587,934040,1870200
3848,120,101,63253,2606,934141,1862900
3849,136,125,63117,2617,934266,1925800
3850,132,139,62985,2610,934405,1849400
3851,101,119,62884,2592,934524,1979800
3852,134,142,62750,2584,934666,1899200
3853,129,122,62621,2591,934788,1872700
3854,113,135,62508,2569,934923,2094700
3855,150,138,62358,2581,935061,2591700
3856,134,132,62224,2583,935193,3059300
3857,134,124,62090,2593,935317,2706500
3858,132,121,61958,2604,935438,2091000
3859,124,117,61834,2611,935555,1917100
3860,110,137,61724,2584,935692,1877700
3861,140,120,61584,2604,935812,2310200
3862,114,136,61470,2582,935948,2077000
3863,126,142,61344,2566,936090,2195100
3864,110,118,61234,2558,936208,2208400
3865,114,124,61120,2548,936332,2022600
3866,115,118,61005,2545,936450,3203900
3867,123,114,60882,2554,936564,2256400
3868,134,116,60748,2572,936680,2027900
3869,118,141,60630,2549,936821,2003300
3870,125,128,60505,2546,936949,1928900
3871,120,126,60385,2540,937075,1962500
3872,124,122,60261,2542,937197,2292300
3873,104,135,60157,2511,937332,1920900
3874,104,127,60053,2488,937459,2137500
3875,126,129,59927,2485,937588,5791700
3876,117,124,59810,2478,937712,2215600
3877,123,125,59687,2476,937837,2053000
3878,124,131,59563,2469,937968,2015300
3879,124,127,59439,2466,938095,4196900
3880,116,117,59323,2465,938212,2090200
3881,120,121,59203,2464,938333,1986500
3882,112,114,59091,2462,938447,1912600
3883,117,132,58974,2447,938579,1861400
3884,100,106,58874,2441,938685,1946400
3885,113,132,58761,2422,938817,1815900
3886,108,136,58653,2394,938953,1825200
3887,113,101,58540,2406,939054,2221800
3888,132,129,58408,2409,939183,1831000
3889,123,139,58285,2393,939322,2026900
3890,132,130,58153,2395,939452,1874700
3891,132,105,58021,2422,939557,1805800
3892,140,124,57881,2438,939681,1837700
3893,129,128,57752,2439,939809,1790200
3894,126,120,57626,2445,939929,2058700
3895,105,133,57521,2417,940062,1784100
3896,113,121,57408,2409,940183,1759900
3897,111,125,57297,2395,940308,2077300
3898,141,139,57156,2397,940447,1791400
3899,110,129,57046,2378,940576,1861200
3900,121,121,56925,2378,940697,1772900
3901,102,130,56823,2350,940827,1816200
3902,116,124,56707,2342,940951,1943300
3903,111,123,56596,2330,941074,1837800
3904,125,104,56471,2351,941178,2061000
3905,138,114,56333,2375,941292,2051700
3906,129,109,56204,2395,941401,1989700
3907,118,130,56086,2383,941531,2022800
3908,129,145,55957,2367,941676,1838100
3909,116,114,55841,2369,941790,1955000
3910,119,140,55722,2348,941930,1899300
3911,132,118,55590,2362,942048,2074500
3912,106,102,55484,2366,942150,2138400
3913,124,114,55360,2376,942264,1825700
3914,117,114,55243,2379,942378,1801700
3915,112,129,55131,2362,942507,1839100
3916,120,124,55011,2358,942631,1881700
3917,130,119,54881,2369,942750,1794200
3918,120,114,54761,2375,942864,1943600
3919,146,114,54615,2407,942978,2005500
3920,129,158,54486,2378,943136,1896100
3921,127,120,54359,2385,943256,1888400
3922,115,112,54244,2388,943368,2152700
3923,130,123,54114,2395,943491,2017000
3924,123,91,53991,2427,943582,1982100
3925,121,132,53870,2416,943714,1880700
3926,109,120,53761,2405,943834,1878100
3927,105,123,53656,2387,943957,1775100
3928,128,117,53528,2398,944074,1784000
3929,109,125,53419,2382,944199,1755800
3930,114,114,53305,2382,944313,2389600
3931,128,112,53177,2398,944425,1937500
3932,116,115,53061,2399,944540,1913400
3933,120,121,52941,2398,944661,1883900
3934,112,127,52829,2383,944788,1775100
3935,111,113,52718,2381,944901,2060000
3936,114,126,52604,2369,945027,1838300
3937,116,138,52488,2347,945165,1749500
3938,103,143,52385,2307,945308,2015400
3939,129,109,52256,2327,945417,1819500
3940,109,130,52147,2306,945547,1942000
3941,110,122,52037,2294,945669,2028000
3942,108,125,51929,2277,945794,1829000
3943,128,114,51801,2291,945908,1842300
3944,132,87,51669,2336,945995,1764300
3945,109,102,51560,2343,946097,1804200
3946,131,120,51429,2354,946217,1839900
3947,111,124,51318,2341,946341,2278900
3948,119,120,51199,2340,946461,1757600
3949,119,103,51080,2356,946564,1844800
3950,116,129,50964,2343,946693,1792700
3951,117,127,50847,2333,946820,1772300
3952,99,116,50748,2316,946936,1799300
3953,115,120,50633,2311,947056,1755100
3954,92,119,50541,2284,947175,1814900
3955,111,106,50430,2289,947281,1850300
3956,124,121,50306,2292,947402,2031500
3957,110,110,50196,2292,947512,1976400
3958,103,110,50093,2285,947622,1754000
3959,89,118,50004,2256,947740,1755300
3960,111,97,49893,2270,947837,1999600
3961,107,116,49786,2261,947953,2174100
3962,105,90,49681,2276,948043,2036400
3963,110,117,49571,2269,948160,1873300
3964,120,124,49451,2265,948284,1844600
3965,117,123,49334,2259,948407,1791500
3966,107,109,49227,2257,948516,1896500
3967,101,105,49126,2253,948621,1819900
3968,113,103,49013,2263,948724,1905200
3969,108,102,48905,2269,948826,1806200
3970,114,114,48791,2269,948940,1870400
3971,108,115,48683,2262,949055,1868000
3972,122,132,48561,2252,949187,1787000
3973,134,113,48427,2273,949300,2226300
3974,123,138,48304,2258,949438,1779300
3975,118,102,48186,2274,949540,1855400
3976,120,107,48066,2287,949647,1818600
3977,94,127,47972,2254,949774,2453100
3978,114,123,47858,2245,949897,1988200
3979,117,114,47741,2248,950011,1804400
3980,108,111,47633,2245,950122,1782400
3981,109,114,47524,2240,950236,1824200
3982,103,117,47421,2226,950353,1712300
3983,122,139,47299,2209,950492,2389300
3984,122,101,47177,2230,950593,1958500
3985,96,110,47081,2216,950703,2060800
3986,117,122,46964,2211,950825,1850100
3987,107,120,46857,2198,950945,1855300
3988,97,102,46760,2193,951047,1924600
3989,112,112,46648,2193,951159,1850900
3990,103,108,46545,2188,951267,1821400
3991,129,101,46416,2216,951368,1845600
3992,130,126,46286,2220,951494,1894500
3993,117,125,46169,2212,951619,2118300
3994,115,128,46054,2199,951747,1958900
3995,89,88,45965,2200,951835,1958100
3996,93,117,45872,2176,951952,1849500
3997,110,105,45762,2181,952057,1843400
3998,118,115,45644,2184,952172,1787000
3999,98,116,45546,2166,952288,1983900
4000,100,96,45446,2170,952384,2015000
4001,115,104,45331,2181,952488,2061200
4002,105,123,45226,2163,952611,1825500
4003,101,113,45125,2151,952724,1819500
4004,108,110,45017,2149,952834,1901600
4005,96,114,44921,2131,952948,1800300
4006,113,96,44808,2148,953044,1852600
4007,105,116,44703,2137,953160,2019900
4008,100,92,44603,2145,953252,1821900
4009,103,86,44500,2162,953338,1777600
4010,121,117,44379,2166,953455,1837800
4011,89,114,44290,2141,953569,1820400
4012,120,130,44170,2131,953699,1829700
4013,128,96,44042,2163,953795,1831800
4014,117,118,43925,2162,953913,1857200
4015,96,109,43829,2149,954022,1791900
4016,110,104,43719,2155,954126,1832700
4017,104,95,43615,2164,954221,1769300
4018,116,121,43499,2159,954342,2038000
4019,105,107,43394,2157,954449,1718200
4020,110,96,43284,2171,954545,1750600
4021,119,120,43165,2170,954665,1823300
4022,109,119,43056,2160,954784,2115000
4023,119,107,42937,2172,954891,1793200
4024,121,130,42816,2163,955021,1856000
4025,105,101,42711,2167,955122,1824000
4026,115,126,42596,2156,955248,1782100
4027,115,98,42481,2173,955346,1865800
4028,92,101,42389,2164,955447,1863300
4029,111,96,42278,2179,955543,1766600
4030,121,123,42157,2177,955666,1844400
4031,136,103,42021,2210,955769,2014700
4032,119,125,41902,2204,955894,1866500
4033,125,98,41777,2231,955992,1899200
4034,102,104,41675,2229,956096,1947800
4035,139,125,41536,2243,956221,2013300
4036,123,106,41413,2260,956327,1869200
4037,116,102,41297,2274,956429,1798300
4038,120,122,41177,2272,956551,1819700
4039,123,109,41054,2286,956660,1843300
4040,125,98,40929,2313,956758,1844000
4041,107,116,40822,2304,956874,1769300
4042,130,90,40692,2344,956964,1780200
4043,137,96,40555,2385,957060,2226900
4044,117,126,40438,2376,957186,1820500
4045,121,124,40317,2373,957310,1818100
4046,102,117,40215,2358,957427,1811900
4047,108,110,40107,2356,957537,1806400
4048,124,107,39983,2373,957644,1826700
4049,135,105,39848,2403,957749,1810800
4050,125,104,39723,2424,957853,1795800
4051,104,124,39619,2404,957977,1857200
4052,94,112,39525,2386,958089,1966400
4053,107,133,39418,2360,958222,1833900
4054,94,111,39324,2343,958333,1889800
4055,114,124,39210,2333,958457,1855200
4056,113,115,39097,2331,958572,1781400
4057,106,123,38991,2314,958695,1822500
4058,99,110,38892,2303,958805,2167600
4059,110,104,38782,2309,958909,1888300
4060,104,111,38678,2302,959020,1921500
4061,113,129,38565,2286,959149,2121500
4062,102,122,38463,2266,959271,1842300
4063,109,112,38354,2263,959383,1981000
4064,117,107,38237,2273,959490,1829600
4065,105,129,38132,2249,959619,1743400
4066,111,103,38021,2257,959722,1768800
4067,107,123,37914,2241,959845,2029100
4068,90,131,37824,2200,959976,1903700
4069,81,126,37743,2155,960102,1795600
4070,85,83,37658,2157,960185,1758500
4071,100,98,37558,2159,960283,1771700
4072,110,105,37448,2164,960388,2025800
4073,89,115,37359,2138,960503,1762100
4074,102,98,37257,2142,960601,1776400
4075,104,117,37153,2129,960718,1902900
4076,112,113,37041,2128,960831,1780400
4077,92,107,36949,2113,960938,2219900
4078,95,99,36854,2109,961037,2106800
4079,99,103,36755,2105,961140,2036000
4080,101,101,36654,2105,961241,2203100
4081,99,105,36555,2099,961346,1964500
4082,99,96,36456,2102,961442,1997100
4083,111,109,36345,2104,961551,2031300
4084,105,117,36240,2092,961668,1839700
4085,90,114,36150,2068,961782,1856200
4086,103,98,36047,2073,961880,1985000
4087,110,111,35937,2072,961991,1841100
4088,102,107,35835,2067,962098,1903300
4089,106,118,35729,2055,962216,1861900
4090,110,87,35619,2078,962303,1797700
4091,111,90,35508,2099,962393,1832000
4092,91,102,35417,2088,962495,1900500
4093,111,107,35306,2092,962602,1938500
4094,104,103,35202,2093,962705,1823600
4095,101,107,35101,2087,962812,1833000
4096,99,96,35002,2090,962908,1780800
4097,97,123,34905,2064,963031,2065400
4098,127,98,34778,2093,963129,1832800
4099,112,91,34666,2114,963220,1971700
4100,125,112,34541,2127,963332,2036300
4101,111,110,34430,2128,963442,1847600
4102,95,111,34335,2112,963553,1829500
4103,127,95,34208,2144,963648,1769800
4104,116,121,34092,2139,963769,1771300
4105,110,115,33982,2134,963884,1823100
4106,107,106,33875,2135,963990,1867400
4107,93,111,33782,2117,964101,1869900
4108,120,114,33662,2123,964215,1807100
4109,103,111,33559,2115,964326,1866000
4110,98,116,33461,2097,964442,2076600
4111,108,131,33353,2074,964573,1780500
4112,97,106,33256,2065,964679,2015600
4113,75,94,33181,2046,964773,2026000
4114,103,107,33078,2042,964880,1808000
4115,88,94,32990,2036,964974,2018500
4116,101,102,32889,2035,965076,1825500
4117,100,114,32789,2021,965190,1899700
4118,92,83,32697,2030,965273,1835400
4119,88,126,32609,1992,965399,2034400
4120,104,100,32505,1996,965499,2206100
4121,92,95,32413,1993,965594,1846300
4122,100,119,32313,1974,965713,1819900
4123,104,105,32209,1973,965818,1814200
4124,96,91,32113,1978,965909,1706200
4125,110,94,32003,1994,966003,1836700
4126,114,81,31889,2027,966084,1999500
4127,87,89,31802,2025,966173,1857700
4128,99,118,31703,2006,966291,1857500
4129,91,103,31612,1994,966394,1851200
4130,113,87,31499,2020,966481,1888100
4131,102,97,31397,2025,966578,1770500
4132,98,92,31299,2031,966670,2354900
4133,119,100,31180,2050,966770,1792500
4134,101,102,31079,2049,966872,1835500
4135,87,98,30992,2038,966970,1748600
4136,98,108,30894,2028,967078,1818500
4137,85,100,30809,2013,967178,1764800
4138,91,107,30718,1997,967285,1857600
4139,99,101,30619,1995,967386,1813700
4140,89,97,30530,1987,967483,1823700
4141,116,100,30414,2003,967583,1837700
4142,124,92,30290,2035,967675,2183400
4143,102,105,30188,2032,967780,1831900
4144,105,89,30083,2048,967869,1835700
4145,88,104,29995,2032,967973,1949000
4146,113,98,29882,2047,968071,2260500
4147,99,85,29783,2061,968156,1755100
4148,126,89,29657,2098,968245,1832400
4149,88,107,29569,2079,968352,1811100
4150,96,103,29473,2072,968455,1779300
4151,105,96,29368,2081,968551,1877200
4152,85,101,29283,2065,968652,1825600
4153,107,124,29176,2048,968776,2094100
4154,105,92,29071,2061,968868,1830200
4155,103,113,28968,2051,968981,1819900
4156,77,105,28891,2023,969086,1818100
4157,106,105,28785,2024,969191,1865400
4158,95,109,28690,2010,969300,1871800
4159,93,116,28597,1987,969416,1900600
4160,98,92,28499,1993,969508,1926100
4161,104,96,28395,2001,969604,1853400
4162,79,102,28316,1978,969706,1793700
4163,83,92,28233,1969,969798,1783400
4164,103,105,28130,1967,969903,1806500
4165,79,83,28051,1963,969986,1803400
4166,90,100,27961,1953,970086,1904100
4167,99,101,27862,1951,970187,1836300
4168,82,96,27780,1937,970283,1807000
4169,98,100,27682,1935,970383,1802500
4170,78,88,27604,1925,970471,2269800
4171,93,84,27511,1934,970555,1971100
4172,107,95,27404,1946,970650,1782500
4173,95,109,27309,1932,970759,1875500
4174,101,88,27208,1945,970847,2009600
4175,88,108,27120,1925,970955,1805100
4176,117,97,27003,1945,971052,1961000
4177,73,95,26930,1923,971147,1736000
4178,89,99,26841,1913,971246,1810100
4179,100,83,26741,1930,971329,1805700
4180,98,125,26643,1903,971454,1815100
4181,101,106,26542,1898,971560,1843400
4182,88,93,26454,1893,971653,1797300
4183,107,96,26347,1904,971749,2269700
4184,108,88,26239,1924,971837,1974700
4185,99,93,26140,1930,971930,1811700
4186,87,99,26053,1918,972029,1821200
4187,86,106,25967,1898,972135,2093100
4188,103,100,25864,1901,972235,2031400
4189,88,109,25776,1880,972344,2155500
4190,100,104,25676,1876,972448,1895200
4191,122,97,25554,1901,972545,1817000
4192,87,94,25467,1894,972639,1831500
4193,96,106,25371,1884,972745,1861100
4194,76,91,25295,1869,972836,1811300
4195,99,100,25196,1868,972936,1852000
4196,84,99,25112,1853,973035,1916900
4197,77,97,25035,1833,973132,1917200
4198,79,88,24956,1824,973220,1935000
4199,76,99,24880,1801,973319,1761200
4200,80,82,24800,1799,973401,1948400
4201,74,93,24726,1780,973494,1806500
4202,94,88,24632,1786,973582,1767600
4203,75,73,24557,1788,973655,1988400
4204,84,106,24473,1766,973761,1930800
4205,80,88,24393,1758,973849,1801100
4206,98,87,24295,1769,973936,1845100
4207,71,93,24224,1747,974029,1837600
4208,75,88,24149,1734,974117,1941700
4209,85,82,24064,1737,974199,1829800
4210,98,104,23966,1731,974303,1871700
4211,84,78,23882,1737,974381,1816400
4212,87,78,23795,1746,974459,1754800
4213,88,86,23707,1748,974545,1823700
4214,77,96,23630,1729,974641,1735900
4215,86,101,23544,1714,974742,2071700
4216,70,78,23474,1706,974820,2094600
4217,90,97,23384,1699,974917,1857700
4218,67,101,23317,1665,975018,1903700
4219,75,90,23242,1650,975108,1877800
4220,93,86,23149,1657,975194,1857400
4221,76,78,23073,1655,975272,1894000
4222,87,86,22986,1656,975358,1890200
4223,69,87,22917,1638,975445,1824700
4224,77,88,22840,1627,975533,1877600
4225,66,71,22774,1622,975604,1806300
4226,69,86,22705,1605,975690,1817600
4227,72,81,22633,1596,975771,1753400
4228,89,85,22544,1600,975856,1865800
4229,86,74,22458,1612,975930,1730900
4230,66,90,22392,1588,976020,1995400
4231,78,95,22314,1571,976115,1833800
4232,78,82,22236,1567,976197,1774100
4233,70,72,22166,1565,976269,1809300
4234,72,78,22094,1559,976347,1851200
4235,72,71,22022,1560,976418,1814400
4236,68,74,21954,1554,976492,1813400
4237,72,87,21882,1539,976579,1809100
4238,56,72,21826,1523,976651,1766700
4239,80,70,21746,1533,976721,1877000
4240,65,78,21681,1520,976799,1821800
4241,63,87,21618,1496,976886,1764800
4242,70,86,21548,1480,976972,1747500
4243,86,84,21462,1482,977056,1814600
4244,72,80,21390,1474,977136,1785700
4245,69,68,21321,1475,977204,1757100
4246,75,63,21246,1487,977267,1810700
4247,65,76,21181,1476,977343,1841600
4248,57,67,21124,1466,977410,1796000
4249,55,89,21069,1432,977499,1772500
4250,50,66,21019,1416,977565,1910600
4251,56,75,20963,1397,977640,2060200
4252,42,94,20921,1345,977734,2024200
4253,56,70,20865,1331,977804,1857300
4254,41,72,20824,1300,977876,1820700
4255,60,58,20764,1302,977934,1770100
4256,48,65,20716,1285,977999,1801500
4257,49,74,20667,1260,978073,2009300
4258,48,68,20619,1240,978141,1799400
4259,53,66,20566,1227,978207,1740700
4260,50,51,20516,1226,978258,1735000
4261,46,64,20470,1208,978322,1923600
4262,48,69,20422,1187,978391,1779600
4263,53,70,20369,1170,978461,1796000
4264,43,58,20326,1155,978519,1731100
4265,39,45,20287,1149,978564,1773300
4266,36,56,20251,1129,978620,1785300
4267,40,41,20211,1128,978661,1818100
4268,47,63,20164,1112,978724,1695400
4269,50,61,20114,1101,978785,1815500
4270,52,55,20062,1098,978840,1800500
4271,41,55,20021,1084,978895,1788000
4272,42,62,19979,1064,978957,1808200
4273,50,38,19929,1076,978995,1884300
4274,37,51,19892,1062,979046,1691600
4275,40,61,19852,1041,979107,1727100
4276,45,57,19807,1029,979164,1834400
4277,42,42,19765,1029,979206,1806900
4278,40,54,19725,1015,979260,2220700
4279,42,46,19683,1011,979306,2002300
4280,44,42,19639,1013,979348,1786700
4281,41,41,19598,1013,979389,1978500
4282,42,47,19556,1008,979436,1717600
4283,27,48,19529,987,979484,1835700
4284,37,63,19492,961,979547,1770600
4285,39,49,19453,951,979596,1716100
4286,28,43,19425,936,979639,1870600
4287,43,50,19382,929,979689,1799100
4288,47,52,19335,924,979741,1838300
4289,41,50,19294,915,979791,1807700
4290,34,37,19260,912,979828,1798200
4291,35,45,19225,902,979873,1781600
4292,37,45,19188,894,979918,1791500
4293,39,45,19149,888,979963,1796900
4294,43,50,19106,881,980013,2039900
4295,43,39,19063,885,980052,1714200
4296,30,36,19033,879,980088,1933100
4297,39,40,18994,878,980128,1787900
4298,38,50,18956,866,980178,1824900
4299,35,47,18921,854,980225,2039700
4300,33,46,18888,841,980271,1898100
4301,39,39,18849,841,980310,1721200
4302,39,34,18810,846,980344,1706900
4303,39,39,18771,846,980383,1704900
4304,36,57,18735,825,980440,2095500
4305,43,36,18692,832,980476,1809500
4306,36,33,18656,835,980509,1849400
4307,43,49,18613,829,980558,1906900
4308,33,45,18580,817,980603,1852800
4309,30,48,18550,799,980651,1847500
4310,39,48,18511,790,980699,1927400
4311,35,30,18476,795,980729,1775400
4312,31,37,18445,789,980766,1772200
4313,31,43,18414,777,980809,1728400
4314,42,33,18372,786,980842,1822900
4315,32,44,18340,774,980886,1789400
4316,27,33,18313,768,980919,1846000
4317,34,36,18279,766,980955,1854700
4318,29,51,18250,744,981006,1815400
4319,29,36,18221,737,981042,1793500
4320,26,30,18195,733,981072,1781500
4321,26,49,18169,710,981121,1816100
4322,29,35,18140,704,981156,1774900
4323,40,34,18100,710,981190,2053700
4324,41,40,18059,711,981230,1733200
4325,23,44,18036,690,981274,1683900
4326,23,41,18013,672,981315,1803100
4327,39,32,17974,679,981347,2011200
4328,25,33,17949,671,981380,1756300
4329,41,29,17908,683,981409,1954200
4330,20,40,17888,663,981449,1933800
4331,33,30,17855,666,981479,1997300
4332,26,41,17829,651,981520,1793700
4333,38,25,17791,664,981545,1835500
4334,29,40,17762,653,981585,2231600
4335,32,30,17730,655,981615,2048700
4336,31,36,17699,650,981651,1796800
4337,35,36,17664,649,981687,1959100
4338,29,27,17635,651,981714,1785000
4339,23,25,17612,649,981739,2128700
4340,29,35,17583,643,981774,1874600
4341,23,34,17560,632,981808,1801200
4342,23,29,17537,626,981837,1919500
4343,24,36,17513,614,981873,1875000
4344,23,33,17490,604,981906,1806500
4345,27,28,17463,603,981934,1827700
4346,24,31,17439,596,981965,1827700
4347,32,38,17407,590,982003,1815800
4348,23,32,17384,581,982035,1852600
4349,21,28,17363,574,982063,1854100
4350,25,26,17338,573,982089,1815800
4351,31,32,17307,572,982121,1874700
4352,29,29,17278,572,982150,1769100
4353,23,28,17255,567,982178,1840700
4354,22,37,17233,552,982215,1818500
4355,23,25,17210,550,982240,1810800
4356,24,24,17186,550,982264,1791600
4357,29,26,17157,553,982290,1816100
4358,30,26,17127,557,982316,1783000
4359,26,19,17101,564,982335,1917200
4360,26,20,17075,570,982355,1921100
4361,31,29,17044,572,982384,1828000
4362,23,36,17021,559,982420,2014900
4363,26,29,16995,556,982449,1820600
4364,21,23,16974,554,982472,1817600
4365,19,27,16955,546,982499,1830600
4366,24,26,16931,544,982525,1820200
4367,19,31,16912,532,982556,1889200
4368,23,22,16889,533,982578,2037100
4369,20,26,16869,527,982604,1807200
4370,32,23,16837,536,982627,1757100
4371,31,25,16806,542,982652,1783800
4372,26,28,16780,540,982680,1936400
4373,25,22,16755,543,982702,1808900
4374,18,25,16737,536,982727,1812600
4375,22,21,16715,537,982748,1822000
4376,25,30,16690,532,982778,1808100
4377,30,28,16660,534,982806,1930800
4378,20,20,16640,534,982826,1813200
4379,20,27,16620,527,982853,1832900
4380,24,27,16596,524,982880,1827900
4381,26,27,16570,523,982907,1855000
4382,23,35,16547,511,982942,1840500
4383,28,30,16519,509,982972,1837700
4384,28,21,16491,516,982993,1835300
4385,29,24,16462,521,983017,1859500
4386,22,28,16440,515,983045,2065800
4387,24,20,16416,519,983065,1889700
4388,21,31,16395,509,983096,1791900
4389,16,19,16379,506,983115,1785500
4390,24,32,16355,498,983147,1780200
4391,19,22,16336,495,983169,2092200
4392,24,25,16312,494,983194,1975900
4393,22,22,16290,494,983216,2014600
4394,19,19,16271,494,983235,1834000
4395,18,24,16253,488,983259,1783500
4396,15,27,16238,476,983286,1828000
4397,22,37,16216,461,983323,2045600
4398,14,23,16202,452,983346,1924800
4399,20,23,16182,449,983369,1842100
4400,22,29,16160,442,983398,1848300
4401,26,23,16134,445,983421,1811000
4402,21,17,16113,449,983438,1795400
4403,15,27,16098,437,983465,1866100
4404,27,25,16071,439,983490,2031800
4405,15,13,16056,441,983503,1856900
4406,14,28,16042,427,983531,1832200
4407,12,27,16030,412,983558,1893600
4408,21,18,16009,415,983576,1926200
4409,18,18,15991,415,983594,2433300
4410,19,26,15972,408,983620,1991900
4411,14,15,15958,407,983635,1870500
4412,19,25,15939,401,983660,1836500
4413,11,21,15928,391,983681,2119400
4414,19,22,15909,388,983703,2108600
4415,15,25,15894,378,983728,1855000
4416,12,17,15882,373,983745,1832900
4417,14,15,15868,372,983760,1868600
4418,13,20,15855,365,983780,1741900
4419,5,15,15850,355,983795,1721900
4420,18,19,15832,354,983814,1959700
4421,8,21,15824,341,983835,1987600
4422,11,19,15813,333,983854,1913800
4423,13,19,15800,327,983873,2011800
4424,12,19,15788,320,983892,2062600
4425,13,12,15775,321,983904,2007500
4426,14,12,15761,323,983916,2049700
4427,18,19,15743,322,983935,1889900
4428,20,24,15723,318,983959,2215500
4429,13,15,15710,316,983974,2161100
4430,13,16,15697,313,983990,2155200
4431,19,20,15678,312,984010,1939600
4432,16,20,15662,308,984030,1894100
4433,14,14,15648,308,984044,2069900
4434,11,18,15637,301,984062,1880000
4435,14,15,15623,300,984077,1833400
4436,15,14,15608,301,984091,1849000
4437,12,12,15596,301,984103,1841000
4438,7,13,15589,295,984116,2030600
4439,14,8,15575,301,984124,1781000
4440,22,18,15553,305,984142,1844700
4441,19,23,15534,301,984165,1812700
4442,17,13,15517,305,984178,1804700
4443,11,12,15506,304,984190,1846700
4444,16,17,15490,303,984207,2051300
4445,14,17,15476,300,984224,1876700
4446,9,20,15467,289,984244,1821400
4447,7,12,15460,284,984256,1945200
4448,15,14,15445,285,984270,2070200
4449,12,12,15433,285,984282,1819900
4450,7,15,15426,277,984297,2484000
4451,8,11,15418,274,984308,1951300
4452,9,12,15409,271,984320,2103100
4453,7,9,15402,269,984329,2060200
4454,9,8,15393,270,984337,1973000
4455,12,13,15381,269,984350,1965900
4456,12,11,15369,270,984361,1822100
4457,7,12,15362,265,984373,1891100
4458,10,13,15352,262,984386,1826100
4459,15,6,15337,271,984392,1902300
4460,3,10,15334,264,984402,1874300
4461,8,16,15326,256,984418,2005900
4462,9,12,15317,253,984430,1804300
4463,4,12,15313,245,984442,1865100
4464,7,14,15306,238,984456,1847800
4465,9,11,15297,236,984467,1857400
4466,9,13,15288,232,984480,2042900
4467,11,13,15277,230,984493,1993400
4468,5,9,15272,226,984502,2161400
4469,14,13,15258,227,984515,2107200
4470,9,13,15249,223,984528,2162700
4471,18,7,15231,234,984535,2171700
4472,11,8,15220,237,984543,2025900
4473,13,10,15207,240,984553,1872800
4474,13,15,15194,238,984568,2180600
4475,7,14,15187,231,984582,2152700
4476,14,10,15173,235,984592,2055800
4477,11,18,15162,228,984610,1921000
4478,7,8,15155,227,984618,1848500
4479,7,6,15148,228,984624,2014500
4480,9,8,15139,229,984632,2202400
4481,7,10,15132,226,984642,1852800
4482,6,9,15126,223,984651,2026200
4483,15,12,15111,226,984663,2311900
4484,8,10,15103,224,984673,2272200
4485,5,16,15098,213,984689,2114800
4486,5,9,15093,209,984698,2279900
4487,8,9,15085,208,984707,1915500
4488,8,11,15077,205,984718,1925400
4489,6,13,15071,198,984731,1837700
4490,7,11,15064,194,984742,1832400
4491,6,11,15058,189,984753,1861500
4492,5,10,15053,184,984763,1875900
4493,3,13,15050,174,984776,1870700
4494,6,9,15044,171,984785,1975900
4495,1,12,15043,160,984797,1838900
4496,3,4,15040,159,984801,1929300
4497,1,8,15039,152,984809,1915700
4498,4,14,15035,142,984823,1819400
4499,1,9,15034,134,984832,1900400
4500,3,6,15031,131,984838,2114100
4501,1,7,15030,125,984845,2014900
4502,2,1,15028,126,984846,1883400
4503,2,4,15026,124,984850,1789600
4504,0,3,15026,121,984853,1828600
4505,0,6,15026,115,984859,1802400
4506,0,4,15026,111,984863,1910300
4507,0,6,15026,105,984869,1729400
4508,0,6,15026,99,984875,1894300
4509,0,4,15026,95,984879,1827700
4510,3,4,15023,94,984883,1817500
4511,0,6,15023,88,984889,1803000
4512,0,4,15023,84,984893,1859800
4513,2,3,15021,83,984896,1708300
4514,0,2,15021,81,984898,1751300
4515,0,3,15021,78,984901,1930900
4516,0,5,15021,73,984906,1727900
4517,0,4,15021,69,984910,1829700
4518,0,3,15021,66,984913,1783200
4519,0,2,15021,64,984915,1845800
4520,0,6,15021,58,984921,1940100
4521,0,4,15021,54,984925,2057700
4522,0,1,15021,53,984926,1823200
4523,0,1,15021,52,984927,1997000
4524,0,3,15021,49,984930,1740000
4525,0,5,15021,44,984935,1986600
4526,0,2,15021,42,984937,1945800
4527,0,1,15021,41,984938,1804500
4528,0,1,15021,40,984939,1803500
4529,0,5,15021,35,984944,1786900
4530,0,0,15021,35,984944,1963100
4531,0,5,15021,30,984949,2161200
4532,0,3,15021,27,984952,1757600
4533,0,4,15021,23,984956,1819800
4534,0,1,15021,22,984957,1776600
4535,0,2,15021,20,984959,1743500
4536,0,1,15021,19,984960,2139300
4537,0,0,15021,19,984960,1937800
4538,0,1,15021,18,984961,1901500
4539,0,2,15021,16,984963,1792500
4540,0,0,15021,16,984963,2066300
4541,0,0,15021,16,984963,1966100
4542,0,1,15021,15,984964,1785100
4543,0,1,15021,14,984965,1820000
4544,0,2,15021,12,984967,1968900
4545,0,0,15021,12,984967,1799400
4546,0,1,15021,11,984968,1723700
4547,0,0,15021,11,984968,2035500
4548,0,0,15021,11,984968,1780100
4549,0,1,15021,10,984969,2227500
4550,0,1,15021,9,984970,1928500
4551,0,0,15021,9,984970,1795500
4552,0,1,15021,8,984971,1806300
4553,0,1,15021,7,984972,1792300
4554,0,2,15021,5,984974,1817800
4555,0,1,15021,4,984975,1927800
4556,0,0,15021,4,984975,2078100
4557,0,1,15021,3,984976,1798500
4558,0,0,15021,3,984976,1800000
4559,0,0,15021,3,984976,1711000
4560,0,0,15021,3,984976,1765200
4561,0,0,15021,3,984976,1856400
4562,0,1,15021,2,984977,1761100
4563,0,0,15021,2,984977,1746300
4564,0,0,15021,2,984977,1718200
4565,0,0,15021,2,984977,1772100
4566,0,0,15021,2,984977,1825400
4567,0,0,15021,2,984977,1800600
4568,0,0,15021,2,984977,1786400
4569,0,0,15021,2,984977,1804400
4570,0,0,15021,2,984977,2078300
4571,0,0,15021,2,984977,1808500
4572,0,0,15021,2,984977,1817500
4573,0,0,15021,2,984977,1794300
4574,0,0,15021,2,984977,1704400
4575,0,0,15021,2,984977,1796700
4576,0,0,15021,2,984977,1786100
4577,0,0,15021,2,984977,2104300
4578,0,1,15021,1,984978,2057500
4579,0,0,15021,1,984978,1985600
4580,0,0,15021,1,984978,1742400
4581,0,0,15021,1,984978,2060200
4582,0,0,15021,1,984978,1795300
4583,0,0,15021,1,984978,1701500
4584,0,0,15021,1,984978,1815900
4585,0,0,15021,1,984978,1738400
4586,0,0,15021,1,984978,1709800
4587,0,0,15021,1,984978,1823800
4588,0,0,15021,1,984978,1799700
4589,0,0,15021,1,984978,1788400
4590,0,0,15021,1,984978,1870700
4591,0,0,15021,1,984978,1790900
4592,0,0,15021,1,984978,1850200
4593,0,0,15021,1,984978,1973300
4594,0,0,15021,1,984978,1808500
4595,0,0,15021,1,984978,1694300
4596,0,0,15021,1,984978,1798200
4597,0,0,15021,1,984978,1777500
4598,0,0,15021,1,984978,1754200
4599,0,0,15021,1,984978,1841600
4600,0,0,15021,1,984978,1960300
4601,0,0,15021,1,984978,1983400
4602,0,0,15021,1,984978,1842300
4603,0,0,15021,1,984978,1955500
4604,0,0,15021,1,984978,1751100
4605,0,0,15021,1,984978,1720300
4606,0,0,15021,1,984978,1792900
4607,0,0,15021,1,984978,1796200
4608,0,0,15021,1,984978,1826500
4609,0,0,15021,1,984978,1795300
4610,0,0,15021,1,984978,1825000
4611,0,0,15021,1,984978,1968300
4612,0,0,15021,1,984978,2008000
4613,0,0,15021,1,984978,1839600
4614,0,0,15021,1,984978,2089300
4615,0,0,15021,1,984978,1790000
4616,0,0,15021,1,984978,1845100
4617,0,0,15021,1,984978,1798000
4618,0,0,15021,1,984978,1778700
4619,0,0,15021,1,984978,1795500
4620,0,0,15021,1,984978,2129600
4621,0,0,15021,1,984978,1798000
4622,0,0,15021,1,984978,1954700
4623,0,0,15021,1,984978,1782500
4624,0,0,15021,1,984978,2046700
4625,0,0,15021,1,984978,2036300
4626,0,0,15021,1,984978,1819400
4627,0,0,15021,1,984978,1808900
4628,0,0,15021,1,984978,1874700
4629,0,0,15021,1,984978,1808000
4630,0,0,15021,1,984978,1947500
4631,0,0,15021,1,984978,1813300
4632,0,0,15021,1,984978,1790800
4633,0,0,15021,1,984978,1685300
4634,0,0,15021,1,984978,1796600
4635,0,0,15021,1,984978,1696000
4636,0,0,15021,1,984978,1764200
4637,0,0,15021,1,984978,1824300
4638,0,0,15021,1,984978,1802900
4639,0,0,15021,1,984978,1813400
4640,0,0,15021,1,984978,1850300
4641,0,0,15021,1,984978,1761700
4642,0,0,15021,1,984978,1887600
4643,0,0,15021,1,984978,1870900
4644,0,0,15021,1,984978,1746900
4645,0,0,15021,1,984978,1808700
4646,0,0,15021,1,984978,1751300
4647,0,0,15021,1,984978,2211400
4648,0,0,15021,1,984978,2007900
4649,0,0,15021,1,984978,1776000
4650,0,0,15021,1,984978,1799600
4651,0,0,15021,1,984978,1901700
4652,0,0,15021,1,984978,1812300
4653,0,0,15021,1,984978,1784700
4654,0,0,15021,1,984978,2015200
4655,0,0,15021,1,984978,1825600
4656,0,0,15021,1,984978,1787700
4657,0,0,15021,1,984978,1754300
4658,0,0,15021,1,984978,1692000
4659,0,0,15021,1,984978,1827900
4660,0,0,15021,1,984978,1694100
4661,0,0,15021,1,984978,1903700
4662,0,1,15021,0,984979,2106300
