Tick,NewlyInfected,NewlyRecovered,TotalSusceptible,TotalInfected,TotalRecovered,StepTimeNanos
0,1,0,999994,6,0,2249800
1,4,0,999990,10,0,1954000
2,1,2,999989,9,2,1840700
3,2,0,999987,11,2,1712200
4,1,0,999986,12,2,1718300
5,4,1,999982,15,3,1728600
6,3,0,999979,18,3,1759000
7,1,1,999978,18,4,1801700
8,7,0,999971,25,4,1698900
9,3,2,999968,26,6,1671900
10,6,1,999962,31,7,1654400
11,7,0,999955,38,7,1751400
12,6,0,999949,44,7,1906100
13,5,2,999944,47,9,1895900
14,6,0,999938,53,9,1782900
15,12,4,999926,61,13,1688300
16,12,3,999914,70,16,1773400
17,12,2,999902,80,18,1772600
18,14,4,999888,90,22,2056900
19,14,6,999874,98,28,1751400
20,13,8,999861,103,36,1754900
21,16,5,999845,114,41,1712700
22,12,3,999833,123,44,1761800
23,14,6,999819,131,50,1770400
24,10,2,999809,139,52,1733400
25,16,7,999793,148,59,2078100
26,15,8,999778,155,67,1741600
27,19,7,999759,167,74,1690300
28,16,6,999743,177,80,1676100
29,15,12,999728,180,92,1811200
30,21,19,999707,182,111,1757200
31,11,10,999696,183,121,1689100
32,17,11,999679,189,132,1875300
33,18,10,999661,197,142,1707700
34,22,6,999639,213,148,1658400
35,15,5,999624,223,153,1796000
36,17,12,999607,228,165,1772200
37,21,13,999586,236,178,1894400
38,22,12,999564,246,190,1681900
39,25,16,999539,255,206,1754000
40,21,18,999518,258,224,1905100
41,23,27,999495,254,251,1766200
42,25,14,999470,265,265,1746200
43,27,19,999443,273,284,1825900
44,22,18,999421,277,302,1665500
45,24,12,999397,289,314,1883500
46,25,11,999372,303,325,1745800
47,30,23,999342,310,348,1912000
48,27,15,999315,322,363,1700300
49,18,21,999297,319,384,1840300
50,34,20,999263,333,404,1704700
51,26,15,999237,344,419,1768700
52,34,16,999203,362,435,1723700
53,27,8,999176,381,443,1676500
54,31,18,999145,394,461,1919600
55,26,18,999119,402,479,1728100
56,36,19,999083,419,498,2079600
57,35,25,999048,429,523,2142500
58,34,19,999014,444,542,1796000
59,36,18,998978,462,560,1759500
60,31,22,998947,471,582,1720400
61,46,24,998901,493,606,1876300
62,45,32,998856,506,638,1853500
63,45,28,998811,523,666,1657800
64,47,38,998764,532,704,1693500
65,49,39,998715,542,743,1769300
66,44,31,998671,555,774,1687100
67,43,25,998628,573,799,1679900
68,45,37,998583,581,836,1779300
69,43,21,998540,603,857,1728000
70,47,32,998493,618,889,1708400
71,45,37,998448,626,926,1701700
72,51,33,998397,644,959,1724300
73,62,24,998335,682,983,1748000
74,50,25,998285,707,1008,1692200
75,67,39,998218,735,1047,1652500
76,53,45,998165,743,1092,1754500
77,54,36,998111,761,1128,1904400
78,57,33,998054,785,1161,1889800
79,63,41,997991,807,1202,1681100
80,66,46,997925,827,1248,1704100
81,52,49,997873,830,1297,1738400
82,57,42,997816,845,1339,1839200
83,55,43,997761,857,1382,1791700
84,63,43,997698,877,1425,1688700
85,52,37,997646,892,1462,1684300
86,48,44,997598,896,1506,1782800
87,54,45,997544,905,1551,1686100
88,60,36,997484,929,1587,1681200
89,66,53,997418,942,1640,1798600
90,61,60,997357,943,1700,1784300
91,55,44,997302,954,1744,1684800
92,65,48,997237,971,1792,1650100
93,65,54,997172,982,1846,1780900
94,80,55,997092,1007,1901,1868500
95,71,58,997021,1020,1959,1675000
96,61,54,996960,1027,2013,1684700
97,60,51,996900,1036,2064,1777600
98,78,41,996822,1073,2105,1768200
99,80,51,996742,1102,2156,1713300
100,81,57,996661,1126,2213,1687700
101,67,64,996594,1129,2277,1763400
102,71,49,996523,1151,2326,1654500
103,85,56,996438,1180,2382,1703200
104,89,76,996349,1193,2458,1656100
105,75,61,996274,1207,2519,1776200
106,82,54,996192,1235,2573,1789300
107,72,76,996120,1231,2649,1895600
108,78,55,996042,1254,2704,1978900
109,91,70,995951,1275,2774,1679600
110,83,61,995868,1297,2835,1833200
111,67,62,995801,1302,2897,1833700
112,77,73,995724,1306,2970,1774400
113,77,59,995647,1324,3029,1702000
114,75,66,995572,1333,3095,1724600
115,74,56,995498,1351,3151,1836600
116,85,62,995413,1374,3213,1821200
117,83,63,995330,1394,3276,1857100
118,85,73,995245,1406,3349,2008000
119,79,71,995166,1414,3420,1839700
120,98,70,995068,1442,3490,1943000
121,82,72,994986,1452,3562,1971000
122,86,59,994900,1479,3621,1824300
123,83,74,994817,1488,3695,1989400
124,105,70,994712,1523,3765,1827700
125,93,70,994619,1546,3835,1795700
126,86,82,994533,1550,3917,2252100
127,102,91,994431,1561,4008,1690000
128,89,82,994342,1568,4090,1731100
129,103,84,994239,1587,4174,1887200
130,86,67,994153,1606,4241,1876200
131,95,69,994058,1632,4310,1754300
132,98,78,993960,1652,4388,1780400
133,105,89,993855,1668,4477,1693600
134,108,71,993747,1705,4548,1883400
135,107,84,993640,1728,4632,1886200
136,99,93,993541,1734,4725,1689500
137,106,97,993435,1743,4822,1741900
138,107,88,993328,1762,4910,1945500
139,116,85,993212,1793,4995,1808200
140,111,97,993101,1807,5092,1826000
141,95,88,993006,1814,5180,1783500
142,100,121,992906,1793,5301,1734700
143,113,84,992793,1822,5385,1741300
144,87,100,992706,1809,5485,1733200
145,109,96,992597,1822,5581,1924000
146,116,99,992481,1839,5680,2096700
147,108,98,992373,1849,5778,1765400
148,128,100,992245,1877,5878,1773400
149,115,94,992130,1898,5972,1750800
150,110,99,992020,1909,6071,1798800
151,125,74,991895,1960,6145,1723900
152,110,84,991785,1986,6229,2126100
153,116,99,991669,2003,6328,1884900
154,111,106,991558,2008,6434,1799900
155,121,106,991437,2023,6540,1694000
156,142,97,991295,2068,6637,1721300
157,137,88,991158,2117,6725,1799100
158,131,94,991027,2154,6819,1702000
159,119,109,990908,2164,6928,1778700
160,109,111,990799,2162,7039,1967800
161,138,109,990661,2191,7148,1701700
162,138,115,990523,2214,7263,1833100
163,156,128,990367,2242,7391,1758500
164,150,123,990217,2269,7514,1722700
165,117,106,990100,2280,7620,1679100
166,125,105,989975,2300,7725,1789600
167,148,119,989827,2329,7844,1696000
168,141,104,989686,2366,7948,1667100
169,145,124,989541,2387,8072,1666000
170,130,118,989411,2399,8190,1788900
171,136,126,989275,2409,8316,1751600
172,141,113,989134,2437,8429,1721200
173,158,133,988976,2462,8562,1740400
174,150,134,988826,2478,8696,1800900
175,150,138,988676,2490,8834,1705100
176,142,134,988534,2498,8968,1718700
177,141,136,988393,2503,9104,1690000
178,140,133,988253,2510,9237,1730300
179,144,131,988109,2523,9368,1711700
180,131,137,987978,2517,9505,1674400
181,137,121,987841,2533,9626,1814700
182,131,131,987710,2533,9757,1853500
183,152,120,987558,2565,9877,1691900
184,150,122,987408,2593,9999,1668300
185,145,129,987263,2609,10128,1704100
186,148,125,987115,2632,10253,1714000
187,155,138,986960,2649,10391,1660300
188,159,129,986801,2679,10520,1822400
189,143,132,986658,2690,10652,1819700
190,152,135,986506,2707,10787,1704800
191,155,136,986351,2726,10923,1760000
192,143,142,986208,2727,11065,1739100
193,158,127,986050,2758,11192,1823100
194,142,112,985908,2788,11304,1864500
195,149,147,985759,2790,11451,1762800
196,159,139,985600,2810,11590,1734200
197,167,160,985433,2817,11750,1837500
198,145,138,985288,2824,11888,1836400
199,169,141,985119,2852,12029,1791700
200,152,121,984967,2883,12150,1801800
201,161,141,984806,2903,12291,1740600
202,165,144,984641,2924,12435,1849600
203,164,137,984477,2951,12572,1849800
204,181,156,984296,2976,12728,1808500
205,183,147,984113,3012,12875,1771200
206,154,134,983959,3032,13009,1719300
207,170,166,983789,3036,13175,1799600
208,153,162,983636,3027,13337,1834300
209,175,177,983461,3025,13514,1781700
210,188,160,983273,3053,13674,1743100
211,158,171,983115,3040,13845,1754300
212,163,170,982952,3033,14015,1880300
213,157,168,982795,3022,14183,1843800
214,147,152,982648,3017,14335,1761500
215,165,166,982483,3016,14501,1786300
216,153,158,982330,3011,14659,1819700
217,149,143,982181,3017,14802,1848600
218,172,168,982009,3021,14970,1814000
219,164,129,981845,3056,15099,2050700
220,175,145,981670,3086,15244,1854000
221,177,143,981493,3120,15387,2078800
222,138,168,981355,3090,15555,1757400
223,156,152,981199,3094,15707,1782700
224,151,164,981048,3081,15871,1746800
225,150,147,980898,3084,16018,1796900
226,151,157,980747,3078,16175,1838500
227,151,178,980596,3051,16353,2297100
228,147,138,980449,3060,16491,1814800
229,157,132,980292,3085,16623,1817700
230,152,157,980140,3080,16780,1744500
231,153,152,979987,3081,16932,1735900
232,184,164,979803,3101,17096,1742700
233,159,159,979644,3101,17255,1796300
234,183,143,979461,3141,17398,1760100
235,162,148,979299,3155,17546,1752700
236,171,139,979128,3187,17685,1757000
237,181,163,978947,3205,17848,1777800
238,154,176,978793,3183,18024,1775900
239,160,156,978633,3187,18180,1793900
240,169,153,978464,3203,18333,1778600
241,165,142,978299,3226,18475,1804000
242,168,156,978131,3238,18631,1846000
243,160,178,977971,3220,18809,1771600
244,151,154,977820,3217,18963,1880400
245,180,177,977640,3220,19140,1794300
246,182,154,977458,3248,19294,1770800
247,169,161,977289,3256,19455,1743100
248,165,171,977124,3250,19626,1845800
249,189,167,976935,3272,19793,1756500
250,166,136,976769,3302,19929,1740800
251,191,160,976578,3333,20089,1741300
252,178,169,976400,3342,20258,1801500
253,195,161,976205,3376,20419,1792500
254,166,149,976039,3393,20568,1802400
255,177,170,975862,3400,20738,1826900
256,186,166,975676,3420,20904,1817100
257,182,172,975494,3430,21076,1786800
258,168,186,975326,3412,21262,1827200
259,184,168,975142,3428,21430,1797300
260,174,185,974968,3417,21615,1791400
261,187,171,974781,3433,21786,1751100
262,192,188,974589,3437,21974,1890100
263,153,155,974436,3435,22129,1825900
264,183,177,974253,3441,22306,1914000
265,200,172,974053,3469,22478,1809300
266,191,172,973862,3488,22650,1815000
267,161,180,973701,3469,22830,1749100
268,168,175,973533,3462,23005,1848700
269,189,174,973344,3477,23179,1852500
270,181,173,973163,3485,23352,1839800
271,212,186,972951,3511,23538,1797600
272,183,186,972768,3508,23724,1757500
273,187,186,972581,3509,23910,1940600
274,194,193,972387,3510,24103,1769000
275,197,189,972190,3518,24292,1822800
276,188,183,972002,3523,24475,1753700
277,196,150,971806,3569,24625,1967200
278,175,194,971631,3550,24819,1872700
279,207,182,971424,3575,25001,1818900
280,198,181,971226,3592,25182,1854200
281,187,183,971039,3596,25365,1896100
282,216,188,970823,3624,25553,1791000
283,185,166,970638,3643,25719,1774100
284,198,180,970440,3661,25899,1769700
285,190,175,970250,3676,26074,1748500
286,200,181,970050,3695,26255,1918700
287,199,164,969851,3730,26419,1870600
288,210,179,969641,3761,26598,1806400
289,173,160,969468,3774,26758,1687300
290,192,207,969276,3759,26965,1700800
291,189,209,969087,3739,27174,1949000
292,209,197,968878,3751,27371,1865800
293,195,183,968683,3763,27554,1819300
294,234,156,968449,3841,27710,1818500
295,200,175,968249,3866,27885,1979800
296,220,195,968029,3891,28080,1768000
297,204,193,967825,3902,28273,1741000
298,202,201,967623,3903,28474,1862000
299,221,192,967402,3932,28666,1879500
300,191,230,967211,3893,28896,1810300
301,215,179,966996,3929,29075,1954600
302,203,208,966793,3924,29283,1889200
303,217,208,966576,3933,29491,1800100
304,212,229,966364,3916,29720,1831200
305,194,201,966170,3909,29921,1861300
306,192,189,965978,3912,30110,1823600
307,216,166,965762,3962,30276,1697800
308,205,197,965557,3970,30473,1748700
309,209,197,965348,3982,30670,2065200
310,217,207,965131,3992,30877,1846800
311,189,207,964942,3974,31084,1798000
312,203,211,964739,3966,31295,1875900
313,190,194,964549,3962,31489,1738100
314,195,201,964354,3956,31690,1767200
315,196,189,964158,3963,31879,1758500
316,214,176,963944,4001,32055,2086200
317,202,185,963742,4018,32240,2201200
318,210,190,963532,4038,32430,1899800
319,191,233,963341,3996,32663,1884000
320,202,213,963139,3985,32876,1819900
321,188,208,962951,3965,33084,1834400
322,219,203,962732,3981,33287,1855400
323,218,193,962514,4006,33480,1735100
324,200,204,962314,4002,33684,1774600
325,213,178,962101,4037,33862,1772200
326,238,221,961863,4054,34083,2399900
327,216,193,961647,4077,34276,2124100
328,230,198,961417,4109,34474,1757500
329,220,209,961197,4120,34683,1914500
330,221,198,960976,4143,34881,1816900
331,246,201,960730,4188,35082,1853700
332,221,191,960509,4218,35273,1843700
333,238,204,960271,4252,35477,1751100
334,218,209,960053,4261,35686,1696000
335,230,238,959823,4253,35924,1699400
336,248,221,959575,4280,36145,1847200
337,202,196,959373,4286,36341,1797300
338,206,210,959167,4282,36551,1728000
339,199,253,958968,4228,36804,1770800
340,209,202,958759,4235,37006,1872100
341,192,205,958567,4222,37211,1747700
342,199,200,958368,4221,37411,1864600
343,194,210,958174,4205,37621,1872000
344,185,199,957989,4191,37820,1840200
345,206,224,957783,4173,38044,1853200
346,230,229,957553,4174,38273,2032900
347,191,223,957362,4142,38496,1837300
348,199,205,957163,4136,38701,2158500
349,194,191,956969,4139,38892,2157800
350,211,197,956758,4153,39089,2025200
351,215,212,956543,4156,39301,1938600
352,216,202,956327,4170,39503,1755900
353,186,212,956141,4144,39715,1837500
354,233,220,955908,4157,39935,1895700
355,239,200,955669,4196,40135,1827000
356,190,202,955479,4184,40337,1752600
357,250,228,955229,4206,40565,1827400
358,221,207,955008,4220,40772,1835100
359,245,227,954763,4238,40999,1837300
360,202,218,954561,4222,41217,1848000
361,221,216,954340,4227,41433,1744400
362,222,188,954118,4261,41621,1836600
363,204,223,953914,4242,41844,1736500
364,210,214,953704,4238,42058,1849300
365,231,195,953473,4274,42253,1864300
366,249,210,953224,4313,42463,1767500
367,210,229,953014,4294,42692,1692700
368,224,205,952790,4313,42897,1786900
369,230,226,952560,4317,43123,1804200
370,244,228,952316,4333,43351,1867900
371,250,212,952066,4371,43563,1805400
372,237,217,951829,4391,43780,1776900
373,229,243,951600,4377,44023,1754600
374,242,215,951358,4404,44238,2049400
375,228,214,951130,4418,44452,1845900
376,217,242,950913,4393,44694,1866300
377,205,201,950708,4397,44895,1816000
378,243,210,950465,4430,45105,1812100
379,240,229,950225,4441,45334,2230000
380,254,211,949971,4484,45545,1882700
381,252,204,949719,4532,45749,1912300
382,231,249,949488,4514,45998,1802100
383,225,248,949263,4491,46246,1921900
384,241,244,949022,4488,46490,1866100
385,212,257,948810,4443,46747,1831200
386,249,227,948561,4465,46974,1858300
387,217,230,948344,4452,47204,1792000
388,242,218,948102,4476,47422,1881900
389,224,191,947878,4509,47613,1817200
390,222,218,947656,4513,47831,1834200
391,217,215,947439,4515,48046,1827900
392,265,238,947174,4542,48284,1921600
393,248,252,946926,4538,48536,1893100
394,222,199,946704,4561,48735,2010300
395,241,219,946463,4583,48954,1873600
396,262,259,946201,4586,49213,1860700
397,256,232,945945,4610,49445,1839500
398,258,218,945687,4650,49663,1840100
399,232,249,945455,4633,49912,1863500
400,253,241,945202,4645,50153,1770600
401,248,241,944954,4652,50394,2025000
402,255,221,944699,4686,50615,2120300
403,243,216,944456,4713,50831,2011600
404,254,242,944202,4725,51073,1864800
405,252,240,943950,4737,51313,1778900
406,232,212,943718,4757,51525,1975100
407,224,229,943494,4752,51754,1767100
408,228,224,943266,4756,51978,1729600
409,248,209,943018,4795,52187,1720000
410,256,218,942762,4833,52405,1887900
411,250,238,942512,4845,52643,1826100
412,260,246,942252,4859,52889,1730100
413,274,214,941978,4919,53103,1775600
414,261,270,941717,4910,53373,1763800
415,244,255,941473,4899,53628,1882400
416,248,230,941225,4917,53858,1977800
417,245,276,940980,4886,54134,1802700
418,283,269,940697,4900,54403,1788100
419,254,236,940443,4918,54639,1775300
420,249,247,940194,4920,54886,1818700
421,234,245,939960,4909,55131,1918500
422,260,260,939700,4909,55391,1779500
423,235,245,939465,4899,55636,1769600
424,249,236,939216,4912,55872,1706000
425,245,270,938971,4887,56142,1710900
426,253,237,938718,4903,56379,1913200
427,274,250,938444,4927,56629,1923700
428,241,253,938203,4915,56882,2188700
429,243,244,937960,4914,57126,2269800
430,267,230,937693,4951,57356,1824700
431,268,274,937425,4945,57630,2029400
432,237,244,937188,4938,57874,1827700
433,270,229,936918,4979,58103,2268000
434,266,242,936652,5003,58345,2085400
435,274,277,936378,5000,58622,1796800
436,246,259,936132,4987,58881,1859800
437,259,282,935873,4964,59163,1894400
438,265,245,935608,4984,59408,1803800
439,253,246,935355,4991,59654,1719000
440,268,270,935087,4989,59924,2080200
441,269,265,934818,4993,60189,1902300
442,273,229,934545,5037,60418,1814900
443,258,245,934287,5050,60663,1852400
444,257,268,934030,5039,60931,1890800
445,264,258,933766,5045,61189,1884900
446,249,268,933517,5026,61457,1896700
447,288,264,933229,5050,61721,1826200
448,269,222,932960,5097,61943,1776100
449,272,231,932688,5138,62174,1710300
450,259,262,932429,5135,62436,2281000
451,242,260,932187,5117,62696,2237500
452,264,267,931923,5114,62963,1813200
453,260,251,931663,5123,63214,1738300
454,257,260,931406,5120,63474,1939300
455,296,262,931110,5154,63736,2145800
456,272,259,930838,5167,63995,1865100
457,297,244,930541,5220,64239,2139100
458,281,255,930260,5246,64494,2021800
459,303,253,929957,5296,64747,1845100
460,279,302,929678,5273,65049,1863600
461,300,247,929378,5326,65296,1862200
462,303,263,929075,5366,65559,1964700
463,291,274,928784,5383,65833,1879700
464,302,290,928482,5395,66123,1866600
465,295,293,928187,5397,66416,1872100
466,294,265,927893,5426,66681,1829300
467,308,282,927585,5452,66963,1850400
468,316,274,927269,5494,67237,1856300
469,282,285,926987,5491,67522,1928500
470,261,276,926726,5476,67798,2106800
471,286,295,926440,5467,68093,1864600
472,286,271,926154,5482,68364,1851400
473,299,307,925855,5474,68671,1851700
474,286,288,925569,5472,68959,1981600
475,284,261,925285,5495,69220,1835600
476,267,266,925018,5496,69486,1815700
477,288,304,924730,5480,69790,1814800
478,313,274,924417,5519,70064,1871500
479,312,264,924105,5567,70328,2195500
480,306,280,923799,5593,70608,2055900
481,290,284,923509,5599,70892,1873900
482,295,298,923214,5596,71190,1836000
483,308,291,922906,5613,71481,1932500
484,312,300,922594,5625,71781,1862100
485,277,244,922317,5658,72025,1840200
486,315,267,922002,5706,72292,1958900
487,289,303,921713,5692,72595,1976300
488,278,267,921435,5703,72862,1818400
489,338,275,921097,5766,73137,1896500
490,283,302,920814,5747,73439,1864700
491,298,289,920516,5756,73728,1902800
492,263,297,920253,5722,74025,1903000
493,301,313,919952,5710,74338,1910300
494,304,298,919648,5716,74636,1878500
495,314,256,919334,5774,74892,1910100
496,321,286,919013,5809,75178,1761600
497,301,297,918712,5813,75475,1725100
498,289,291,918423,5811,75766,1804100
499,309,278,918114,5842,76044,1911000
500,268,306,917846,5804,76350,1881700
501,295,305,917551,5794,76655,1754800
502,309,296,917242,5807,76951,1808000
503,272,313,916970,5766,77264,1806900
504,302,291,916668,5777,77555,1770200
505,311,279,916357,5809,77834,1856200
506,288,306,916069,5791,78140,1852000
507,320,304,915749,5807,78444,1788300
508,297,282,915452,5822,78726,1736100
509,334,293,915118,5863,79019,2052200
510,304,283,914814,5884,79302,1810400
511,301,294,914513,5891,79596,1938600
512,317,292,914196,5916,79888,2029900
513,332,281,913864,5967,80169,2142400
514,338,311,913526,5994,80480,2250000
515,321,321,913205,5994,80801,1880600
516,322,310,912883,6006,81111,1949400
517,333,284,912550,6055,81395,1885700
518,315,298,912235,6072,81693,2368700
519,319,306,911916,6085,81999,1948000
520,318,291,911598,6112,82290,1881700
521,319,310,911279,6121,82600,1742400
522,301,297,910978,6125,82897,1872200
523,326,279,910652,6172,83176,1902100
524,334,309,910318,6197,83485,1888700
525,336,323,909982,6210,83808,1864600
526,301,281,909681,6230,84089,1720100
527,327,311,909354,6246,84400,1735900
528,321,294,909033,6273,84694,2192300
529,314,314,908719,6273,85008,1869100
530,295,314,908424,6254,85322,1871300
531,354,321,908070,6287,85643,1910700
532,328,296,907742,6319,85939,1861900
533,317,310,907425,6326,86249,1887300
534,341,295,907084,6372,86544,1964500
535,296,336,906788,6332,86880,1800400
536,304,324,906484,6312,87204,2054300
537,315,337,906169,6290,87541,1763200
538,320,321,905849,6289,87862,1814000
539,327,310,905522,6306,88172,2082100
540,313,279,905209,6340,88451,1905400
541,302,298,904907,6344,88749,1896200
542,288,293,904619,6339,89042,1929000
543,315,287,904304,6367,89329,1833200
544,289,306,904015,6350,89635,1945200
545,319,348,903696,6321,89983,1828400
546,286,332,903410,6275,90315,1792000
547,289,315,903121,6249,90630,1871300
548,307,313,902814,6243,90943,1743000
549,313,313,902501,6243,91256,1919500
550,310,280,902191,6273,91536,1898500
551,299,363,901892,6209,91899,1877200
552,295,311,901597,6193,92210,1870600
553,263,308,901334,6148,92518,1746700
554,319,311,901015,6156,92829,1727200
555,312,327,900703,6141,93156,1900300
556,268,341,900435,6068,93497,1862300
557,299,290,900136,6077,93787,2325700
558,325,318,899811,6084,94105,1854600
559,290,285,899521,6089,94390,1865700
560,270,306,899251,6053,94696,2081100
561,320,299,898931,6074,94995,2213500
562,287,317,898644,6044,95312,1993700
563,281,316,898363,6009,95628,1999500
564,325,290,898038,6044,95918,1903600
565,313,298,897725,6059,96216,1912000
566,312,281,897413,6090,96497,1923300
567,324,293,897089,6121,96790,1920200
568,312,289,896777,6144,97079,1879600
569,337,287,896440,6194,97366,1800700
570,336,302,896104,6228,97668,1743100
571,322,324,895782,6226,97992,1796300
572,316,307,895466,6235,98299,1872500
573,318,305,895148,6248,98604,1886800
574,356,321,894792,6283,98925,1897900
575,335,326,894457,6292,99251,1856400
576,334,317,894123,6309,99568,1850100
577,301,303,893822,6307,99871,1798400
578,321,325,893501,6303,100196,1896500
579,323,318,893178,6308,100514,1831800
580,317,282,892861,6343,100796,1915300
581,283,328,892578,6298,101124,1916200
582,272,332,892306,6238,101456,1883400
583,299,320,892007,6217,101776,2064900
584,328,303,891679,6242,102079,2154000
585,317,330,891362,6229,102409,1907700
586,275,305,891087,6199,102714,2039900
587,345,305,890742,6239,103019,1767600
588,291,292,890451,6238,103311,1832500
589,308,301,890143,6245,103612,1795700
590,295,329,889848,6211,103941,1783200
591,304,328,889544,6187,104269,1905400
592,295,303,889249,6179,104572,2021100
593,318,306,888931,6191,104878,1963400
594,313,312,888618,6192,105190,1809200
595,287,305,888331,6174,105495,1814800
596,342,291,887989,6225,105786,1733700
597,299,320,887690,6204,106106,1744600
598,315,298,887375,6221,106404,1905100
599,285,345,887090,6161,106749,1927000
600,288,326,886802,6123,107075,1771200
601,320,282,886482,6161,107357,1817800
602,310,312,886172,6159,107669,1834400
603,291,328,885881,6122,107997,1801100
604,308,320,885573,6110,108317,1782300
605,342,348,885231,6104,108665,1885900
606,332,326,884899,6110,108991,1869600
607,307,302,884592,6115,109293,1872700
608,343,302,884249,6156,109595,1786200
609,336,307,883913,6185,109902,1731000
610,315,314,883598,6186,110216,2028100
611,340,274,883258,6252,110490,1790000
612,345,311,882913,6286,110801,1911100
613,322,298,882591,6310,111099,1898200
614,355,330,882236,6335,111429,1783800
615,315,322,881921,6328,111751,1748000
616,336,320,881585,6344,112071,1790000
617,387,322,881198,6409,112393,1818800
618,321,317,880877,6413,112710,1937300
619,302,327,880575,6388,113037,1765300
620,325,316,880250,6397,113353,1947100
621,328,322,879922,6403,113675,1785000
622,349,305,879573,6447,113980,1799400
623,343,327,879230,6463,114307,1768300
624,345,320,878885,6488,114627,1900300
625,332,350,878553,6470,114977,1885600
626,336,315,878217,6491,115292,1890700
627,316,314,877901,6493,115606,1950900
628,346,321,877555,6518,115927,1949400
629,358,312,877197,6564,116239,2104100
630,369,285,876828,6648,116524,1770400
631,349,342,876479,6655,116866,1950800
632,383,367,876096,6671,117233,1816400
633,346,325,875750,6692,117558,1822500
634,331,340,875419,6683,117898,1900700
635,309,302,875110,6690,118200,2394500
636,351,328,874759,6713,118528,2211200
637,359,353,874400,6719,118881,1750200
638,378,344,874022,6753,119225,1727600
639,292,325,873730,6720,119550,1919200
640,381,313,873349,6788,119863,1896700
641,334,323,873015,6799,120186,1877200
642,348,343,872667,6804,120529,1780900
643,362,334,872305,6832,120863,2086300
644,371,324,871934,6879,121187,1948100
645,332,352,871602,6859,121539,2145100
646,334,328,871268,6865,121867,2060900
647,337,324,870931,6878,122191,1827700
648,366,353,870565,6891,122544,2001200
649,333,349,870232,6875,122893,1816900
650,383,336,869849,6922,123229,1798400
651,362,377,869487,6907,123606,1805500
652,367,366,869120,6908,123972,1864400
653,363,355,868757,6916,124327,1883400
654,361,386,868396,6891,124713,1872700
655,343,331,868053,6903,125044,1984400
656,367,327,867686,6943,125371,1993900
657,367,335,867319,6975,125706,1994300
658,348,332,866971,6991,126038,1845600
659,351,341,866620,7001,126379,2043100
660,362,326,866258,7037,126705,1880200
661,345,328,865913,7054,127033,2167500
662,370,327,865543,7097,127360,1836800
663,340,346,865203,7091,127706,1993200
664,352,355,864851,7088,128061,1786700
665,364,321,864487,7131,128382,1718800
666,360,371,864127,7120,128753,1893700
667,358,335,863769,7143,129088,2000000
668,366,333,863403,7176,129421,1798800
669,346,350,863057,7172,129771,1839100
670,352,334,862705,7190,130105,1784000
671,379,359,862326,7210,130464,1771600
672,348,356,861978,7202,130820,2054600
673,370,396,861608,7176,131216,2050100
674,350,330,861258,7196,131546,1893100
675,361,372,860897,7185,131918,1889300
676,373,350,860524,7208,132268,1915000
677,363,358,860161,7213,132626,1859900
678,319,319,859842,7213,132945,1947100
679,370,370,859472,7213,133315,1816400
680,354,370,859118,7197,133685,1864800
681,368,372,858750,7193,134057,1749000
682,377,363,858373,7207,134420,1769400
683,361,354,858012,7214,134774,1946700
684,362,367,857650,7209,135141,1827000
685,345,348,857305,7206,135489,1781900
686,363,395,856942,7174,135884,2210000
687,381,332,856561,7223,136216,2012600
688,359,372,856202,7210,136588,1887100
689,356,356,855846,7210,136944,1811300
690,367,331,855479,7246,137275,1799700
691,346,376,855133,7216,137651,1966000
692,380,372,854753,7224,138023,1800300
693,380,360,854373,7244,138383,1918500
694,353,384,854020,7213,138767,1933800
695,402,378,853618,7237,139145,1769900
696,359,375,853259,7221,139520,1887300
697,345,343,852914,7223,139863,1751700
698,388,381,852526,7230,140244,1750900
699,354,335,852172,7249,140579,1780800
700,397,382,851775,7264,140961,1994100
701,362,352,851413,7274,141313,1867300
702,355,360,851058,7269,141673,1875100
703,404,340,850654,7333,142013,1875900
704,404,338,850250,7399,142351,1909000
705,392,360,849858,7431,142711,2090800
706,393,390,849465,7434,143101,1858300
707,364,346,849101,7452,143447,1859000
708,363,408,848738,7407,143855,1893700
709,421,359,848317,7469,144214,1783800
710,378,387,847939,7460,144601,1933500
711,407,376,847532,7491,144977,1859300
712,380,384,847152,7487,145361,1861100
713,363,385,846789,7465,145746,2036200
714,352,384,846437,7433,146130,1819300
715,378,388,846059,7423,146518,1860800
716,388,360,845671,7451,146878,1890100
717,375,385,845296,7441,147263,1809500
718,369,348,844927,7462,147611,10723000
719,375,376,844552,7461,147987,2359100
720,430,381,844122,7510,148368,2250000
721,405,386,843717,7529,148754,2074200
722,387,369,843330,7547,149123,1904500
723,386,365,842944,7568,149488,1862200
724,408,384,842536,7592,149872,1864100
725,395,369,842141,7618,150241,1951300
726,406,355,841735,7669,150596,1906800
727,428,376,841307,7721,150972,1946900
728,373,418,840934,7676,151390,1880500
729,384,384,840550,7676,151774,1905800
730,401,379,840149,7698,152153,1888600
731,412,363,839737,7747,152516,1797300
732,405,396,839332,7756,152912,1820900
733,390,417,838942,7729,153329,2037000
734,398,370,838544,7757,153699,1938700
735,390,415,838154,7732,154114,2015000
736,408,379,837746,7761,154493,1865300
737,407,364,837339,7804,154857,1927600
738,386,396,836953,7794,155253,1968100
739,412,418,836541,7788,155671,1959200
740,411,385,836130,7814,156056,1903000
741,408,419,835722,7803,156475,2127300
742,425,381,835297,7847,156856,2242700
743,379,376,834918,7850,157232,1875300
744,408,425,834510,7833,157657,1905400
745,391,371,834119,7853,158028,1955300
746,403,365,833716,7891,158393,1982000
747,395,399,833321,7887,158792,2056200
748,380,379,832941,7888,159171,2131500
749,412,358,832529,7942,159529,2256000
750,431,384,832098,7989,159913,2157100
751,426,418,831672,7997,160331,2122300
752,393,421,831279,7969,160752,1848500
753,375,381,830904,7963,161133,1807100
754,396,396,830508,7963,161529,1840900
755,391,386,830117,7968,161915,1884000
756,405,389,829712,7984,162304,1967900
757,409,394,829303,7999,162698,1931200
758,391,432,828912,7958,163130,1956700
759,379,413,828533,7924,163543,2034900
760,399,449,828134,7874,163992,1913900
761,393,388,827741,7879,164380,1943600
762,408,407,827333,7880,164787,1938300
763,412,406,826921,7886,165193,1927300
764,391,431,826530,7846,165624,1888100
765,353,395,826177,7804,166019,2075200
766,388,412,825789,7780,166431,1868900
767,395,394,825394,7781,166825,2169900
768,398,365,824996,7814,167190,1812200
769,376,403,824620,7787,167593,1804600
770,388,410,824232,7765,168003,1809900
771,418,412,823814,7771,168415,1818000
772,389,406,823425,7754,168821,1939000
773,403,405,823022,7752,169226,1952400
774,415,388,822607,7779,169614,1907400
775,386,377,822221,7788,169991,2112600
776,387,380,821834,7795,170371,1972300
777,438,407,821396,7826,170778,1996100
778,410,406,820986,7830,171184,2029800
779,409,412,820577,7827,171596,1955600
780,387,388,820190,7826,171984,2037000
781,428,372,819762,7882,172356,1875400
782,417,377,819345,7922,172733,1942500
783,437,388,818908,7971,173121,2142600
784,434,387,818474,8018,173508,1870800
785,397,421,818077,7994,173929,2116300
786,410,403,817667,8001,174332,1967100
787,425,412,817242,8014,174744,2129600
788,409,411,816833,8012,175155,2155900
789,460,410,816373,8062,175565,2021300
790,397,433,815976,8026,175998,1902600
791,395,395,815581,8026,176393,2027900
792,400,363,815181,8063,176756,1881800
793,401,426,814780,8038,177182,1958400
794,373,417,814407,7994,177599,1889600
795,394,396,814013,7992,177995,1911700
796,402,391,813611,8003,178386,1874100
797,389,371,813222,8021,178757,1850800
798,413,378,812809,8056,179135,1888800
799,403,406,812406,8053,179541,2090600
800,391,369,812015,8075,179910,1844100
801,410,426,811605,8059,180336,1826100
802,438,415,811167,8082,180751,1859700
803,439,399,810728,8122,181150,1946500
804,451,396,810277,8177,181546,2011800
805,407,449,809870,8135,181995,1924900
806,393,445,809477,8083,182440,1923400
807,443,389,809034,8137,182829,1998600
808,366,376,808668,8127,183205,2013400
809,415,381,808253,8161,183586,2241900
810,388,408,807865,8141,183994,1972100
811,420,419,807445,8142,184413,1982400
812,399,356,807046,8185,184769,2001100
813,431,377,806615,8239,185146,1957100
814,417,399,806198,8257,185545,1938000
815,410,408,805788,8259,185953,1928200
816,392,411,805396,8240,186364,2010900
817,383,376,805013,8247,186740,1975900
818,404,440,804609,8211,187180,1849100
819,405,393,804204,8223,187573,1851500
820,393,418,803811,8198,187991,1953800
821,410,395,803401,8213,188386,1847100
822,409,424,802992,8198,188810,1829600
823,408,427,802584,8179,189237,1956900
824,385,410,802199,8154,189647,1871600
825,380,410,801819,8124,190057,1868800
826,414,409,801405,8129,190466,1981500
827,391,384,801014,8136,190850,2018800
828,390,390,800624,8136,191240,1924600
829,421,382,800203,8175,191622,1972900
830,405,379,799798,8201,192001,1958900
831,403,402,799395,8202,192403,2034000
832,375,412,799020,8165,192815,1914200
833,403,416,798617,8152,193231,1888600
834,352,376,798265,8128,193607,1995800
835,379,403,797886,8104,194010,1885100
836,408,381,797478,8131,194391,1852900
837,419,389,797059,8161,194780,1954000
838,390,414,796669,8137,195194,2007300
839,406,380,796263,8163,195574,2138100
840,379,409,795884,8133,195983,1946400
841,389,373,795495,8149,196356,1929000
842,420,427,795075,8142,196783,1910300
843,428,426,794647,8144,197209,1902300
844,422,394,794225,8172,197603,2073900
845,403,422,793822,8153,198025,1984600
846,437,415,793385,8175,198440,2132000
847,402,432,792983,8145,198872,2267800
848,394,430,792589,8109,199302,2179900
849,430,426,792159,8113,199728,2006600
850,417,400,791742,8130,200128,2021000
851,442,415,791300,8157,200543,1988500
852,404,412,790896,8149,200955,1921500
853,421,383,790475,8187,201338,1928100
854,423,408,790052,8202,201746,1961600
855,444,395,789608,8251,202141,1911500
856,473,396,789135,8328,202537,1891700
857,445,418,788690,8355,202955,1866600
858,458,413,788232,8400,203368,1875400
859,450,390,787782,8460,203758,1857100
860,447,401,787335,8506,204159,1878100
861,469,421,786866,8554,204580,1902400
862,405,453,786461,8506,205033,1956800
863,467,401,785994,8572,205434,2031200
864,454,452,785540,8574,205886,1894000
865,442,410,785098,8606,206296,1915100
866,429,446,784669,8589,206742,1995700
867,461,417,784208,8633,207159,1965400
868,465,468,783743,8630,207627,1960700
869,455,444,783288,8641,208071,1910500
870,472,451,782816,8662,208522,1912100
871,462,437,782354,8687,208959,1921500
872,463,459,781891,8691,209418,1918800
873,451,421,781440,8721,209839,1866800
874,455,430,780985,8746,210269,1820200
875,470,466,780515,8750,210735,1821000
876,491,456,780024,8785,211191,1842400
877,438,429,779586,8794,211620,1944400
878,452,437,779134,8809,212057,1940800
879,436,475,778698,8770,212532,2386500
880,425,433,778273,8762,212965,1965900
881,459,456,777814,8765,213421,2036500
882,453,470,777361,8748,213891,2044800
883,444,450,776917,8742,214341,1922400
884,444,397,776473,8789,214738,1903900
885,455,488,776018,8756,215226,2240700
886,441,440,775577,8757,215666,1957000
887,436,448,775141,8745,216114,1930300
888,408,460,774733,8693,216574,2001100
889,464,457,774269,8700,217031,1938000
890,423,404,773846,8719,217435,1969500
891,444,423,773402,8740,217858,2147400
892,443,447,772959,8736,218305,1923500
893,400,449,772559,8687,218754,2034500
894,424,424,772135,8687,219178,2240500
895,464,407,771671,8744,219585,2045900
896,468,463,771203,8749,220048,1965200
897,423,444,770780,8728,220492,2087300
898,451,463,770329,8716,220955,1968400
899,459,451,769870,8724,221406,1944600
900,415,426,769455,8713,221832,1912200
901,416,455,769039,8674,222287,1984400
902,401,463,768638,8612,222750,1924500
903,445,404,768193,8653,223154,1957200
904,412,415,767781,8650,223569,1924000
905,399,415,767382,8634,223984,1944600
906,443,480,766939,8597,224464,2114500
907,455,430,766484,8622,224894,2048200
908,441,438,766043,8625,225332,2004800
909,474,429,765569,8670,225761,1941200
910,412,443,765157,8639,226204,1890400
911,443,421,764714,8661,226625,1863700
912,451,436,764263,8676,227061,1887600
913,446,443,763817,8679,227504,2056000
914,447,445,763370,8681,227949,2181200
915,453,444,762917,8690,228393,1903300
916,468,431,762449,8727,228824,2195000
917,470,452,761979,8745,229276,1956400
918,468,431,761511,8782,229707,1949700
919,475,445,761036,8812,230152,1882100
920,425,447,760611,8790,230599,1974600
921,447,472,760164,8765,231071,2340400
922,411,410,759753,8766,231481,1844400
923,424,452,759329,8738,231933,1844700
924,436,438,758893,8736,232371,2038900
925,438,451,758455,8723,232822,1964700
926,440,455,758015,8708,233277,1838600
927,430,428,757585,8710,233705,1906900
928,465,453,757120,8722,234158,1942800
929,438,443,756682,8717,234601,1944300
930,430,409,756252,8738,235010,1942900
931,429,403,755823,8764,235413,1897100
932,478,485,755345,8757,235898,1861300
933,419,462,754926,8714,236360,1837200
934,449,419,754477,8744,236779,1859800
935,460,424,754017,8780,237203,1837400
936,451,449,753566,8782,237652,2124900
937,444,464,753122,8762,238116,2128900
938,442,416,752680,8788,238532,1858400
939,448,457,752232,8779,238989,2053000
940,476,452,751756,8803,239441,2051200
941,458,425,751298,8836,239866,2067200
942,447,414,750851,8869,240280,1823400
943,499,456,750352,8912,240736,2088600
944,457,461,749895,8908,241197,2170100
945,465,490,749430,8883,241687,1854500
946,453,441,748977,8895,242128,2235100
947,451,424,748526,8922,242552,2041600
948,431,459,748095,8894,243011,1924500
949,466,427,747629,8933,243438,1885300
950,478,465,747151,8946,243903,2147900
951,422,454,746729,8914,244357,1843200
952,424,489,746305,8849,244846,1836400
953,460,449,745845,8860,245295,1823200
954,432,428,745413,8864,245723,1977100
955,427,443,744986,8848,246166,1911800
956,463,429,744523,8882,246595,1982400
957,445,464,744078,8863,247059,1854900
958,446,423,743632,8886,247482,1924400
959,428,465,743204,8849,247947,1909200
960,466,441,742738,8874,248388,1827700
961,453,459,742285,8868,248847,1782400
962,425,453,741860,8840,249300,1851300
963,454,449,741406,8845,249749,1908500
964,444,430,740962,8859,250179,1960800
965,463,448,740499,8874,250627,1872300
966,479,475,740020,8878,251102,1957700
967,446,456,739574,8868,251558,1921100
968,449,486,739125,8831,252044,1905500
969,467,489,738658,8809,252533,1871600
970,434,415,738224,8828,252948,2028800
971,423,439,737801,8812,253387,1936000
972,463,450,737338,8825,253837,1937200
973,425,412,736913,8838,254249,1891900
974,426,459,736487,8805,254708,1879600
975,433,453,736054,8785,255161,1924700
976,445,466,735609,8764,255627,1961700
977,445,437,735164,8772,256064,1916400
978,446,452,734718,8766,256516,1953800
979,434,474,734284,8726,256990,2122300
980,441,443,733843,8724,257433,1947300
981,461,435,733382,8750,257868,2159700
982,478,410,732904,8818,258278,1943400
983,430,482,732474,8766,258760,1952600
984,459,459,732015,8766,259219,1976900
985,472,458,731543,8780,259677,2047000
986,432,439,731111,8773,260116,1921500
987,456,463,730655,8766,260579,2340300
988,437,496,730218,8707,261075,1920500
989,436,457,729782,8686,261532,1909400
990,446,418,729336,8714,261950,1942700
991,459,437,728877,8736,262387,1888600
992,438,462,728439,8712,262849,1957300
993,437,454,728002,8695,263303,1996300
994,421,405,727581,8711,263708,1855000
995,429,420,727152,8720,264128,1937200
996,436,440,726716,8716,264568,1881600
997,419,457,726297,8678,265025,1987800
998,395,443,725902,8630,265468,1912600
999,387,415,725515,8602,265883,1852800
1000,406,440,725109,8568,266323,1873300
1001,404,408,724705,8564,266731,1766700
1002,418,407,724287,8575,267138,1803800
1003,421,441,723866,8555,267579,1980600
1004,418,426,723448,8547,268005,1966300
1005,428,441,723020,8534,268446,2042800
1006,395,424,722625,8505,268870,1842900
1007,403,402,722222,8506,269272,1954400
1008,437,461,721785,8482,269733,1947000
1009,434,429,721351,8487,270162,1912700
1010,382,468,720969,8401,270630,2285100
1011,436,444,720533,8393,271074,2130500
1012,420,396,720113,8417,271470,1950700
1013,442,408,719671,8451,271878,2174200
1014,431,396,719240,8486,272274,1857600
1015,421,422,718819,8485,272696,1994100
1016,438,441,718381,8482,273137,1866800
1017,414,423,717967,8473,273560,1968900
1018,406,409,717561,8470,273969,1956800
1019,402,403,717159,8469,274372,1920500
1020,445,442,716714,8472,274814,1977500
1021,423,410,716291,8485,275224,1838800
1022,431,447,715860,8469,275671,1988300
1023,414,422,715446,8461,276093,1815500
1024,447,427,714999,8481,276520,1805700
1025,433,378,714566,8536,276898,1798300
1026,429,427,714137,8538,277325,2107500
1027,420,428,713717,8530,277753,2114800
1028,395,422,713322,8503,278175,1982400
1029,431,448,712891,8486,278623,1840600
1030,421,405,712470,8502,279028,1911400
1031,424,420,712046,8506,279448,1957600
1032,429,399,711617,8536,279847,1952400
1033,402,412,711215,8526,280259,1955400
1034,405,407,710810,8524,280666,1969800
1035,453,451,710357,8526,281117,1959200
1036,441,428,709916,8539,281545,2004800
1037,441,395,709475,8585,281940,1852400
1038,440,436,709035,8589,282376,1901800
1039,405,411,708630,8583,282787,1797200
1040,430,429,708200,8584,283216,1829600
1041,426,424,707774,8586,283640,1793800
1042,431,442,707343,8575,284082,1926900
1043,365,413,706978,8527,284495,1960400
1044,363,416,706615,8474,284911,2108900
1045,443,415,706172,8502,285326,1874900
1046,425,469,705747,8458,285795,1943000
1047,418,420,705329,8456,286215,1939600
1048,385,473,704944,8368,286688,2250700
1049,377,484,704567,8261,287172,1961600
1050,381,384,704186,8258,287556,1989000
1051,420,419,703766,8259,287975,1934700
1052,397,430,703369,8226,288405,2167700
1053,394,411,702975,8209,288816,2126800
1054,387,413,702588,8183,289229,1879800
1055,402,435,702186,8150,289664,1949900
1056,392,412,701794,8130,290076,2103900
1057,386,432,701408,8084,290508,2017100
1058,387,413,701021,8058,290921,2100500
1059,412,393,700609,8077,291314,2181100
1060,389,392,700220,8074,291706,2115100
1061,404,404,699816,8074,292110,2085900
1062,407,401,699409,8080,292511,2051000
1063,406,398,699003,8088,292909,2089400
1064,434,376,698569,8146,293285,2123500
1065,406,464,698163,8088,293749,2006800
1066,437,429,697726,8096,294178,1995400
1067,402,387,697324,8111,294565,1981000
1068,405,404,696919,8112,294969,1900400
1069,434,388,696485,8158,295357,1968100
1070,397,377,696088,8178,295734,1882500
1071,385,389,695703,8174,296123,2049700
1072,439,447,695264,8166,296570,1947800
1073,382,409,694882,8139,296979,1916000
1074,393,393,694489,8139,297372,1879100
1075,401,422,694088,8118,297794,1824000
1076,408,417,693680,8109,298211,1985600
1077,399,395,693281,8113,298606,1895000
1078,392,427,692889,8078,299033,1882900
1079,407,390,692482,8095,299423,1846000
1080,416,397,692066,8114,299820,1931600
1081,430,432,691636,8112,300252,2303700
1082,407,413,691229,8106,300665,2084900
1083,400,383,690829,8123,301048,1998500
1084,428,408,690401,8143,301456,1894700
1085,397,435,690004,8105,301891,1909200
1086,410,371,689594,8144,302262,1839500
1087,413,406,689181,8151,302668,1919700
1088,443,454,688738,8140,303122,1960300
1089,411,390,688327,8161,303512,1954400
1090,411,422,687916,8150,303934,1887200
1091,422,403,687494,8169,304337,2028100
1092,396,424,687098,8141,304761,2005300
1093,406,378,686692,8169,305139,1987400
1094,391,395,686301,8165,305534,2002600
1095,422,420,685879,8167,305954,1975700
1096,412,395,685467,8184,306349,2100400
1097,403,401,685064,8186,306750,2009400
1098,351,439,684713,8098,307189,1846400
1099,406,410,684307,8094,307599,2186900
1100,394,441,683913,8047,308040,1967200
1101,383,363,683530,8067,308403,2003000
1102,417,422,683113,8062,308825,2019500
1103,421,420,682692,8063,309245,1934800
1104,397,420,682295,8040,309665,1972700
1105,393,411,681902,8022,310076,1937400
1106,408,375,681494,8055,310451,1950400
1107,440,403,681054,8092,310854,2103300
1108,395,449,680659,8038,311303,2073100
1109,399,438,680260,7999,311741,1960300
1110,412,411,679848,8000,312152,2321500
1111,402,400,679446,8002,312552,2058500
1112,423,434,679023,7991,312986,2034200
1113,422,399,678601,8014,313385,1820300
1114,375,427,678226,7962,313812,1913700
1115,442,380,677784,8024,314192,1864700
1116,420,379,677364,8065,314571,1984000
1117,427,398,676937,8094,314969,1946300
1118,451,400,676486,8145,315369,1908900
1119,431,405,676055,8171,315774,1890900
1120,439,396,675616,8214,316170,1885700
1121,433,379,675183,8268,316549,1830100
1122,441,420,674742,8289,316969,1951800
1123,436,413,674306,8312,317382,1925800
1124,433,428,673873,8317,317810,1813500
1125,451,438,673422,8330,318248,1911800
1126,410,438,673012,8302,318686,1969500
1127,374,416,672638,8260,319102,2191800
1128,422,454,672216,8228,319556,1850900
1129,423,400,671793,8251,319956,1840800
1130,402,435,671391,8218,320391,2009700
1131,392,405,670999,8205,320796,1951500
1132,418,426,670581,8197,321222,2067900
1133,401,420,670180,8178,321642,2186900
1134,391,436,669789,8133,322078,2230900
1135,418,397,669371,8154,322475,1796500
1136,425,441,668946,8138,322916,1814600
1137,416,400,668530,8154,323316,1893300
1138,398,404,668132,8148,323720,1991000
1139,384,391,667748,8141,324111,1857300
1140,405,409,667343,8137,324520,2014600
1141,400,375,666943,8162,324895,1906400
1142,399,394,666544,8167,325289,1858800
1143,361,406,666183,8122,325695,1757300
1144,372,398,665811,8096,326093,1815600
1145,375,394,665436,8077,326487,1911300
1146,399,388,665037,8088,326875,1920100
1147,378,422,664659,8044,327297,2137600
1148,408,386,664251,8066,327683,1931700
1149,375,414,663876,8027,328097,1933500
1150,417,408,663459,8036,328505,2187700
1151,404,424,663055,8016,328929,1870900
1152,375,394,662680,7997,329323,2022100
1153,413,399,662267,8011,329722,2239700
1154,392,393,661875,8010,330115,2235600
1155,378,427,661497,7961,330542,2016700
1156,402,376,661095,7987,330918,1850800
1157,357,400,660738,7944,331318,1816900
1158,362,398,660376,7908,331716,1796100
1159,396,402,659980,7902,332118,1936300
1160,365,401,659615,7866,332519,1908300
1161,368,401,659247,7833,332920,1918200
1162,344,388,658903,7789,333308,2007800
1163,384,374,658519,7799,333682,1948700
1164,391,396,658128,7794,334078,1937600
1165,379,398,657749,7775,334476,1888900
1166,408,379,657341,7804,334855,1871300
1167,407,381,656934,7830,335236,1849800
1168,377,400,656557,7807,335636,2084600
1169,428,410,656129,7825,336046,1913900
1170,393,397,655736,7821,336443,2141800
1171,397,398,655339,7820,336841,2084800
1172,450,410,654889,7860,337251,1943700
1173,413,407,654476,7866,337658,1881800
1174,414,409,654062,7871,338067,1827200
1175,407,364,653655,7914,338431,1786000
1176,378,371,653277,7921,338802,1917100
1177,418,407,652859,7932,339209,1935400
1178,393,395,652466,7930,339604,1925400
1179,392,390,652074,7932,339994,1922700
1180,402,403,651672,7931,340397,1891200
1181,410,393,651262,7948,340790,1869800
1182,388,399,650874,7937,341189,1889400
1183,404,393,650470,7948,341582,1828500
1184,406,438,650064,7916,342020,1845100
1185,412,378,649652,7950,342398,1846100
1186,401,425,649251,7926,342823,2068000
1187,419,413,648832,7932,343236,1939400
1188,405,393,648427,7944,343629,1977100
1189,452,425,647975,7971,344054,1919500
1190,381,395,647594,7957,344449,1942800
1191,403,421,647191,7939,344870,1929600
1192,401,405,646790,7935,345275,1892200
1193,426,382,646364,7979,345657,2053900
1194,385,399,645979,7965,346056,1984900
1195,398,412,645581,7951,346468,1900800
1196,423,387,645158,7987,346855,1908100
1197,400,379,644758,8008,347234,1794000
1198,396,410,644362,7994,347644,1813200
1199,407,390,643955,8011,348034,1830600
1200,404,407,643551,8008,348441,2124200
1201,408,340,643143,8076,348781,2074100
1202,426,428,642717,8074,349209,2173600
1203,414,387,642303,8101,349596,1947000
1204,416,405,641887,8112,350001,1891900
1205,386,395,641501,8103,350396,1941700
1206,395,423,641106,8075,350819,1960400
1207,392,435,640714,8032,351254,1967600
1208,415,425,640299,8022,351679,1950400
1209,425,344,639874,8103,352023,1854400
1210,444,419,639430,8128,352442,1987300
1211,408,444,639022,8092,352886,1945500
1212,385,388,638637,8089,353274,1933100
1213,430,408,638207,8111,353682,1927300
1214,426,391,637781,8146,354073,2028200
1215,435,406,637346,8175,354479,1844600
1216,422,422,636924,8175,354901,1922900
1217,416,421,636508,8170,355322,1863100
1218,414,412,636094,8172,355734,2000100
1219,452,452,635642,8172,356186,1952700
1220,427,414,635215,8185,356600,1963900
1221,413,424,634802,8174,357024,1830200
1222,390,410,634412,8154,357434,1792400
1223,436,389,633976,8201,357823,1932600
1224,422,395,633554,8228,358218,1985700
1225,411,414,633143,8225,358632,1922400
1226,420,404,632723,8241,359036,2088200
1227,429,397,632294,8273,359433,1983800
1228,453,427,631841,8299,359860,2172200
1229,411,430,631430,8280,360290,1992200
1230,416,401,631014,8295,360691,1931700
1231,415,393,630599,8317,361084,1913300
1232,412,397,630187,8332,361481,2097800
1233,421,426,629766,8327,361907,1930000
1234,455,441,629311,8341,362348,2085400
1235,431,402,628880,8370,362750,1859600
1236,418,417,628462,8371,363167,1919400
1237,399,393,628063,8377,363560,1889800
1238,431,416,627632,8392,363976,1854300
1239,468,436,627164,8424,364412,1815700
1240,428,415,626736,8437,364827,1796600
1241,462,418,626274,8481,365245,1857700
1242,447,414,625827,8514,365659,1950100
1243,442,430,625385,8526,366089,2077000
1244,436,436,624949,8526,366525,1956800
1245,428,400,624521,8554,366925,1891100
1246,462,406,624059,8610,367331,1935300
1247,422,418,623637,8614,367749,1932900
1248,449,435,623188,8628,368184,1904400
1249,401,488,622787,8541,368672,1866300
1250,435,440,622352,8536,369112,1965900
1251,472,417,621880,8591,369529,1988800
1252,445,439,621435,8597,369968,1819700
1253,473,380,620962,8690,370348,2099500
1254,434,422,620528,8702,370770,1842100
1255,439,468,620089,8673,371238,1868700
1256,439,438,619650,8674,371676,1897800
1257,421,443,619229,8652,372119,2370700
1258,458,442,618771,8668,372561,1967200
1259,442,439,618329,8671,373000,2083500
1260,441,441,617888,8671,373441,1997500
1261,439,440,617449,8670,373881,2060900
1262,451,413,616998,8708,374294,1823200
1263,466,452,616532,8722,374746,1812500
1264,446,432,616086,8736,375178,1802800
1265,464,433,615622,8767,375611,1940100
1266,467,453,615155,8781,376064,1943500
1267,481,443,614674,8819,376507,1943400
1268,451,436,614223,8834,376943,1937800
1269,439,475,613784,8798,377418,1903700
1270,461,419,613323,8840,377837,1844200
1271,449,417,612874,8872,378254,1810600
1272,430,414,612444,8888,378668,1850400
1273,448,474,611996,8862,379142,1839400
1274,470,433,611526,8899,379575,2164800
1275,435,416,611091,8918,379991,2189100
1276,435,421,610656,8932,380412,2083600
1277,448,445,610208,8935,380857,1963500
1278,428,474,609780,8889,381331,1837900
1279,479,462,609301,8906,381793,1783400
1280,460,433,608841,8933,382226,1975700
1281,455,428,608386,8960,382654,1932600
1282,455,442,607931,8973,383096,2110800
1283,434,454,607497,8953,383550,1847300
1284,455,405,607042,9003,383955,1945100
1285,503,442,606539,9064,384397,1972800
1286,427,433,606112,9058,384830,1997200
1287,458,414,605654,9102,385244,2223600
1288,446,459,605208,9089,385703,2170800
1289,477,488,604731,9078,386191,1941200
1290,456,445,604275,9089,386636,1967000
1291,417,460,603858,9046,387096,1831000
1292,436,482,603422,9000,387578,2017400
1293,427,457,602995,8970,388035,1951500
1294,444,439,602551,8975,388474,1928100
1295,407,470,602144,8912,388944,1884400
1296,393,466,601751,8839,389410,1938000
1297,433,411,601318,8861,389821,1888200
1298,417,450,600901,8828,390271,1815700
1299,426,441,600475,8813,390712,1788100
1300,422,440,600053,8795,391152,1837200
1301,431,396,599622,8830,391548,1946700
1302,414,450,599208,8794,391998,1942300
1303,430,432,598778,8792,392430,1925000
1304,438,454,598340,8776,392884,1929500
1305,440,454,597900,8762,393338,1927400
1306,400,368,597500,8794,393706,1909000
1307,432,437,597068,8789,394143,1890200
1308,403,415,596665,8777,394558,1819900
1309,432,479,596233,8730,395037,1816800
1310,431,424,595802,8737,395461,1943200
1311,439,441,595363,8735,395902,2154800
1312,425,422,594938,8738,396324,2053300
1313,439,431,594499,8746,396755,1843100
1314,421,427,594078,8740,397182,1867200
1315,408,467,593670,8681,397649,1836000
1316,410,427,593260,8664,398076,1950200
1317,381,482,592879,8563,398558,1916700
1318,421,453,592458,8531,399011,1907800
1319,404,416,592054,8519,399427,1898200
1320,422,444,591632,8497,399871,1887300
1321,400,439,591232,8458,400310,2125800
1322,420,422,590812,8456,400732,1870800
1323,419,432,590393,8443,401164,1925600
1324,380,400,590013,8423,401564,1882500
1325,408,411,589605,8420,401975,1921300
1326,400,396,589205,8424,402371,1921800
1327,419,431,588786,8412,402802,1929600
1328,396,419,588390,8389,403221,1938800
1329,373,410,588017,8352,403631,1921900
1330,444,411,587573,8385,404042,1994300
1331,364,415,587209,8334,404457,1798200
1332,400,436,586809,8298,404893,1814700
1333,375,371,586434,8302,405264,1811500
1334,410,441,586024,8271,405705,1799600
1335,432,391,585592,8312,406096,1798200
1336,392,390,585200,8314,406486,1909900
1337,426,399,584774,8341,406885,1930400
1338,420,446,584354,8315,407331,1970300
1339,398,401,583956,8312,407732,1871000
1340,432,419,583524,8325,408151,1887800
1341,399,417,583125,8307,408568,1772600
1342,437,385,582688,8359,408953,1814200
1343,409,416,582279,8352,409369,1852300
1344,397,392,581882,8357,409761,1938700
1345,406,429,581476,8334,410190,1927200
1346,369,434,581107,8269,410624,1933800
1347,414,412,580693,8271,411036,1830600
1348,391,391,580302,8271,411427,1856900
1349,390,405,579912,8256,411832,1795800
1350,395,395,579517,8256,412227,1791900
1351,377,389,579140,8244,412616,1875000
1352,401,404,578739,8241,413020,1917400
1353,417,411,578322,8247,413431,1925900
1354,420,430,577902,8237,413861,1824900
1355,422,392,577480,8267,414253,1922200
1356,403,397,577077,8273,414650,1818400
1357,390,406,576687,8257,415056,1851500
1358,399,403,576288,8253,415459,1837500
1359,446,376,575842,8323,415835,1917000
1360,403,389,575439,8337,416224,1896800
1361,437,418,575002,8356,416642,1930800
1362,381,448,574621,8289,417090,1913900
1363,452,402,574169,8339,417492,1931700
1364,412,426,573757,8325,417918,1882000
1365,450,428,573307,8347,418346,1826100
1366,426,412,572881,8361,418758,1907200
1367,408,391,572473,8378,419149,1763400
1368,430,371,572043,8437,419520,1799100
1369,436,406,571607,8467,419926,1976000
1370,456,423,571151,8500,420349,1903400
1371,420,442,570731,8478,420791,1997000
1372,394,407,570337,8465,421198,1886100
1373,417,436,569920,8446,421634,1858300
1374,448,423,569472,8471,422057,1819700
1375,399,408,569073,8462,422465,1887100
1376,433,396,568640,8499,422861,1898300
1377,443,439,568197,8503,423300,1936100
1378,399,427,567798,8475,423727,1897300
1379,407,436,567391,8446,424163,1936100
1380,434,435,566957,8445,424598,2219900
1381,385,434,566572,8396,425032,2013000
1382,419,416,566153,8399,425448,2326700
1383,397,437,565756,8359,425885,2112000
1384,430,399,565326,8390,426284,2049800
1385,387,407,564939,8370,426691,2169900
1386,411,418,564528,8363,427109,2013000
1387,404,428,564124,8339,427537,2018200
1388,376,412,563748,8303,427949,2078200
1389,380,401,563368,8282,428350,1986000
1390,396,447,562972,8231,428797,1977400
1391,362,393,562610,8200,429190,2012100
1392,371,387,562239,8184,429577,1960200
1393,405,399,561834,8190,429976,1928600
1394,407,434,561427,8163,430410,1973400
1395,377,450,561050,8090,430860,2075400
1396,410,419,560640,8081,431279,1938500
1397,387,385,560253,8083,431664,2108400
1398,367,413,559886,8037,432077,1920600
1399,416,408,559470,8045,432485,2106100
1400,384,404,559086,8025,432889,1883000
1401,400,411,558686,8014,433300,1955300
1402,385,419,558301,7980,433719,2007200
1403,358,408,557943,7930,434127,2122600
1404,387,390,557556,7927,434517,2046500
1405,370,422,557186,7875,434939,2012300
1406,400,428,556786,7847,435367,1959600
1407,390,388,556396,7849,435755,1990400
1408,389,382,556007,7856,436137,1904100
1409,403,417,555604,7842,436554,2007600
1410,402,409,555202,7835,436963,2030500
1411,374,405,554828,7804,437368,2048000
1412,383,386,554445,7801,437754,1961500
1413,405,403,554040,7803,438157,1974300
1414,409,393,553631,7819,438550,1972200
1415,428,371,553203,7876,438921,2126400
1416,432,423,552771,7885,439344,2129500
1417,400,383,552371,7902,439727,2147100
1418,416,409,551955,7909,440136,2166800
1419,393,397,551562,7905,440533,2091600
1420,366,427,551196,7844,440960,2341000
1421,377,376,550819,7845,441336,1963500
1422,386,428,550433,7803,441764,1961500
1423,383,397,550050,7789,442161,1940300
1424,376,363,549674,7802,442524,1991900
1425,421,370,549253,7853,442894,1970600
1426,420,358,548833,7915,443252,1976700
1427,406,395,548427,7926,443647,1955300
1428,443,386,547984,7983,444033,1909400
1429,397,411,547587,7969,444444,1958100
1430,432,419,547155,7982,444863,1967400
1431,372,403,546783,7951,445266,1945100
1432,410,397,546373,7964,445663,1973100
1433,416,429,545957,7951,446092,1923300
1434,430,381,545527,8000,446473,1919600
1435,405,393,545122,8012,446866,1922900
1436,382,381,544740,8013,447247,1925500
1437,373,396,544367,7990,447643,1912100
1438,401,428,543966,7963,448071,1847500
1439,401,404,543565,7960,448475,1907200
1440,392,413,543173,7939,448888,1895300
1441,408,365,542765,7982,449253,1877000
1442,388,377,542377,7993,449630,1896600
1443,416,401,541961,8008,450031,1875400
1444,401,404,541560,8005,450435,1968300
1445,415,395,541145,8025,450830,1953900
1446,399,404,540746,8020,451234,1901100
1447,410,417,540336,8013,451651,2013600
1448,432,387,539904,8058,452038,2200700
1449,401,403,539503,8056,452441,1924300
1450,396,454,539107,7998,452895,1888000
1451,406,391,538701,8013,453286,1888200
1452,380,428,538321,7965,453714,1891600
1453,401,367,537920,7999,454081,1886900
1454,397,393,537523,8003,454474,1891000
1455,410,393,537113,8020,454867,1928300
1456,400,415,536713,8005,455282,2156800
1457,390,392,536323,8003,455674,1986800
1458,415,404,535908,8014,456078,1962800
1459,420,396,535488,8038,456474,1969900
1460,421,376,535067,8083,456850,1953200
1461,417,396,534650,8104,457246,1938100
1462,424,394,534226,8134,457640,1936200
1463,396,443,533830,8087,458083,1901300
1464,420,425,533410,8082,458508,1903400
1465,449,389,532961,8142,458897,2009700
1466,392,432,532569,8102,459329,1942000
1467,415,403,532154,8114,459732,1900500
1468,422,377,531732,8159,460109,1930700
1469,435,357,531297,8237,460466,1919700
1470,411,407,530886,8241,460873,1951400
1471,401,428,530485,8214,461301,1889400
1472,427,417,530058,8224,461718,1931900
1473,446,379,529612,8291,462097,2002800
1474,444,407,529168,8328,462504,1948900
1475,422,439,528746,8311,462943,1929000
1476,413,414,528333,8310,463357,1881300
1477,403,407,527930,8306,463764,1897300
1478,396,398,527534,8304,464162,2068000
1479,419,402,527115,8321,464564,1882100
1480,414,404,526701,8331,464968,1987600
1481,381,405,526320,8307,465373,2039000
1482,434,435,525886,8306,465808,1938600
1483,436,414,525450,8328,466222,1931100
1484,419,396,525031,8351,466618,1989700
1485,423,441,524608,8333,467059,2158000
1486,408,436,524200,8305,467495,1965600
1487,391,412,523809,8284,467907,1936100
1488,425,414,523384,8295,468321,1912200
1489,402,426,522982,8271,468747,2095800
1490,418,380,522564,8309,469127,1996400
1491,428,389,522136,8348,469516,1919500
1492,427,423,521709,8352,469939,1992500
1493,396,416,521313,8332,470355,1921700
1494,400,421,520913,8311,470776,2066200
1495,452,410,520461,8353,471186,2061500
1496,397,419,520064,8331,471605,1972700
1497,390,428,519674,8293,472033,1979300
1498,426,393,519248,8326,472426,2002900
1499,439,427,518809,8338,472853,2098000
1500,419,414,518390,8343,473267,2040500
1501,437,410,517953,8370,473677,2009200
1502,442,418,517511,8394,474095,1985400
1503,401,412,517110,8383,474507,1935800
1504,426,415,516684,8394,474922,1939800
1505,405,441,516279,8358,475363,2005200
1506,390,462,515889,8286,475825,1948000
1507,386,458,515503,8214,476283,1983800
1508,409,409,515094,8214,476692,1894100
1509,414,390,514680,8238,477082,1865000
1510,398,383,514282,8253,477465,1892800
1511,401,389,513881,8265,477854,1885600
1512,412,442,513469,8235,478296,1920300
1513,426,445,513043,8216,478741,2012800
1514,408,428,512635,8196,479169,1943600
1515,431,439,512204,8188,479608,1915900
1516,419,413,511785,8194,480021,2035600
1517,381,431,511404,8144,480452,2050800
1518,384,428,511020,8100,480880,2128500
1519,396,347,510624,8149,481227,2158200
1520,396,422,510228,8123,481649,2138100
1521,394,413,509834,8104,482062,2169600
1522,367,387,509467,8084,482449,2167400
1523,407,417,509060,8074,482866,2099900
1524,394,418,508666,8050,483284,2135400
1525,422,383,508244,8089,483667,2197000
1526,413,407,507831,8095,484074,2192500
1527,412,421,507419,8086,484495,2352400
1528,417,404,507002,8099,484899,2161000
1529,354,420,506648,8033,485319,2167800
1530,407,388,506241,8052,485707,2160300
1531,394,403,505847,8043,486110,2596800
1532,397,401,505450,8039,486511,2118500
1533,384,406,505066,8017,486917,2061600
1534,390,419,504676,7988,487336,2798100
1535,439,410,504237,8017,487746,2370100
1536,406,395,503831,8028,488141,2128300
1537,390,415,503441,8003,488556,2116000
1538,437,397,503004,8043,488953,1970700
1539,408,406,502596,8045,489359,2088800
1540,399,382,502197,8062,489741,1926600
1541,381,429,501816,8014,490170,1944900
1542,402,429,501414,7987,490599,1933700
1543,429,373,500985,8043,490972,2282500
1544,372,389,500613,8026,491361,2189800
1545,429,399,500184,8056,491760,2083600
1546,418,442,499766,8032,492202,1976800
1547,406,360,499360,8078,492562,2024200
1548,423,414,498937,8087,492976,1958000
1549,413,414,498524,8086,493390,1830200
1550,390,393,498134,8083,493783,1860100
1551,398,387,497736,8094,494170,1788200
1552,431,364,497305,8161,494534,1878100
1553,435,428,496870,8168,494962,2019000
1554,427,385,496443,8210,495347,1935500
1555,390,409,496053,8191,495756,1931100
1556,404,416,495649,8179,496172,1945000
1557,405,447,495244,8137,496619,1826300
1558,422,384,494822,8175,497003,2161500
1559,409,372,494413,8212,497375,2056900
1560,440,383,493973,8269,497758,2130300
1561,411,432,493562,8248,498190,1901000
1562,404,368,493158,8284,498558,1854200
1563,418,397,492740,8305,498955,1829100
1564,420,444,492320,8281,499399,1854900
1565,377,405,491943,8253,499804,1853500
1566,418,411,491525,8260,500215,1896900
1567,414,408,491111,8266,500623,1834100
1568,414,407,490697,8273,501030,1854600
1569,418,429,490279,8262,501459,1896700
1570,426,409,489853,8279,501868,2052600
1571,400,411,489453,8268,502279,1918000
1572,398,413,489055,8253,502692,2169600
1573,398,390,488657,8261,503082,1863200
1574,418,417,488239,8262,503499,1904100
1575,391,409,487848,8244,503908,1914700
1576,395,400,487453,8239,504308,1895600
1577,382,443,487071,8178,504751,1851100
1578,403,406,486668,8175,505157,1811900
1579,399,371,486269,8203,505528,1792600
1580,421,376,485848,8248,505904,2012900
1581,467,383,485381,8332,506287,1843900
1582,447,380,484934,8399,506667,1822400
1583,397,417,484537,8379,507084,1973200
1584,447,409,484090,8417,507493,1908500
1585,378,406,483712,8389,507899,1897200
1586,393,406,483319,8376,508305,2007200
1587,353,422,482966,8307,508727,1875400
1588,422,400,482544,8329,509127,1896400
1589,389,432,482155,8286,509559,2121700
1590,388,418,481767,8256,509977,2170800
1591,409,417,481358,8248,510394,1922800
1592,420,398,480938,8270,510792,1880400
1593,381,418,480557,8233,511210,2005100
1594,403,400,480154,8236,511610,1858900
1595,425,437,479729,8224,512047,1845200
1596,412,411,479317,8225,512458,2051900
1597,414,366,478903,8273,512824,1943700
1598,446,426,478457,8293,513250,1855300
1599,398,404,478059,8287,513654,1843400
1600,418,386,477641,8319,514040,1900000
1601,442,420,477199,8341,514460,2360200
1602,382,433,476817,8290,514893,1995200
1603,435,421,476382,8304,515314,1940200
1604,427,392,475955,8339,515706,2040100
1605,434,407,475521,8366,516113,1924800
1606,418,421,475103,8363,516534,1924300
1607,465,411,474638,8417,516945,1812600
1608,455,438,474183,8434,517383,1957100
1609,431,417,473752,8448,517800,1872100
1610,405,440,473347,8413,518240,1893600
1611,403,405,472944,8411,518645,1895600
1612,442,378,472502,8475,519023,1948100
1613,461,446,472041,8490,519469,1957200
1614,405,409,471636,8486,519878,1810400
1615,401,402,471235,8485,520280,1824400
1616,426,437,470809,8474,520717,1779900
1617,450,407,470359,8517,521124,1914300
1618,407,455,469952,8469,521579,1844400
1619,432,433,469520,8468,522012,1874100
1620,413,430,469107,8451,522442,1838800
1621,459,442,468648,8468,522884,1822000
1622,434,420,468214,8482,523304,1859400
1623,392,407,467822,8467,523711,1879400
1624,416,438,467406,8445,524149,1869900
1625,417,398,466989,8464,524547,1984600
1626,440,420,466549,8484,524967,1926100
1627,425,422,466124,8487,525389,1933900
1628,411,387,465713,8511,525776,2059700
1629,451,440,465262,8522,526216,1925600
1630,435,396,464827,8561,526612,1920300
1631,420,427,464407,8554,527039,1838800
1632,416,380,463991,8590,527419,1869100
1633,429,434,463562,8585,527853,1797600
1634,413,433,463149,8565,528286,1822400
1635,413,438,462736,8540,528724,1935900
1636,417,419,462319,8538,529143,1930100
1637,420,438,461899,8520,529581,1947400
1638,440,392,461459,8568,529973,1928100
1639,392,405,461067,8555,530378,1855700
1640,437,431,460630,8561,530809,1918300
1641,422,459,460208,8524,531268,1890900
1642,411,428,459797,8507,531696,1875900
1643,406,428,459391,8485,532124,1974600
1644,428,410,458963,8503,532534,1829300
1645,391,446,458572,8448,532980,1842400
1646,445,439,458127,8454,533419,1909300
1647,400,415,457727,8439,533834,1938600
1648,428,423,457299,8444,534257,1897100
1649,438,426,456861,8456,534683,1832100
1650,446,429,456415,8473,535112,1955200
1651,419,411,455996,8481,535523,1836000
1652,428,411,455568,8498,535934,1867100
1653,438,393,455130,8543,536327,1910400
1654,427,415,454703,8555,536742,1903100
1655,406,427,454297,8534,537169,1889100
1656,414,457,453883,8491,537626,1813700
1657,418,428,453465,8481,538054,2382200
1658,394,407,453071,8468,538461,1888600
1659,406,418,452665,8456,538879,1851100
1660,416,441,452249,8431,539320,2007800
1661,395,396,451854,8430,539716,1850700
1662,410,449,451444,8391,540165,1895800
1663,386,411,451058,8366,540576,2259700
1664,396,409,450662,8353,540985,1890500
1665,427,429,450235,8351,541414,1961000
1666,402,445,449833,8308,541859,1913100
1667,392,400,449441,8300,542259,1823100
1668,438,426,449003,8312,542685,2025100
1669,433,469,448570,8276,543154,1971100
1670,466,412,448104,8330,543566,1905200
1671,441,424,447663,8347,543990,1886400
1672,408,425,447255,8330,544415,1877800
1673,384,438,446871,8276,544853,1854200
1674,400,425,446471,8251,545278,1829800
1675,378,397,446093,8232,545675,1861700
1676,401,405,445692,8228,546080,1851600
1677,431,416,445261,8243,546496,1893600
1678,436,407,444825,8272,546903,2085600
1679,412,425,444413,8259,547328,1901600
1680,441,429,443972,8271,547757,2400300
1681,396,407,443576,8260,548164,2253700
1682,435,421,443141,8274,548585,1912900
1683,418,446,442723,8246,549031,1943200
1684,413,427,442310,8232,549458,1890000
1685,394,425,441916,8201,549883,1959800
1686,413,421,441503,8193,550304,1901600
1687,426,401,441077,8218,550705,1951600
1688,436,379,440641,8275,551084,2103600
1689,412,404,440229,8283,551488,1972500
1690,414,426,439815,8271,551914,1979700
1691,412,453,439403,8230,552367,2012900
1692,408,424,438995,8214,552791,11017400
1693,412,413,438583,8213,553204,3281000
1694,391,417,438192,8187,553621,2321900
1695,419,415,437773,8191,554036,2799900
1696,430,430,437343,8191,554466,2429400
1697,439,416,436904,8214,554882,2121600
1698,425,454,436479,8185,555336,2233300
1699,409,423,436070,8171,555759,2269800
1700,432,426,435638,8177,556185,2106800
1701,407,430,435231,8154,556615,2094100
1702,423,391,434808,8186,557006,2102700
1703,402,432,434406,8156,557438,2129300
1704,389,395,434017,8150,557833,2000200
1705,424,436,433593,8138,558269,2173900
1706,449,422,433144,8165,558691,1979400
1707,417,403,432727,8179,559094,1959600
1708,393,403,432334,8169,559497,1908400
1709,398,410,431936,8157,559907,1997800
1710,471,395,431465,8233,560302,1950300
1711,411,435,431054,8209,560737,1927600
1712,432,435,430622,8206,561172,1907300
1713,429,368,430193,8267,561540,1909300
1714,408,397,429785,8278,561937,1892100
1715,399,429,429386,8248,562366,1968400
1716,406,388,428980,8266,562754,1937900
1717,460,408,428520,8318,563162,1956600
1718,447,408,428073,8357,563570,2130800
1719,456,426,427617,8387,563996,2004200
1720,429,448,427188,8368,564444,1952400
1721,414,429,426774,8353,564873,1959800
1722,409,420,426365,8342,565293,1965800
1723,420,417,425945,8345,565710,2116000
1724,431,414,425514,8362,566124,2016700
1725,456,407,425058,8411,566531,2079800
1726,425,400,424633,8436,566931,2108300
1727,435,412,424198,8459,567343,1957000
1728,453,438,423745,8474,567781,1933800
1729,435,425,423310,8484,568206,1931700
1730,401,426,422909,8459,568632,1948000
1731,417,437,422492,8439,569069,2030100
1732,444,386,422048,8497,569455,1922000
1733,426,433,421622,8490,569888,1985000
1734,422,429,421200,8483,570317,2151200
1735,439,451,420761,8471,570768,1941600
1736,411,442,420350,8440,571210,2137000
1737,384,413,419966,8411,571623,1914200
1738,389,425,419577,8375,572048,1916100
1739,435,418,419142,8392,572466,1898300
1740,428,397,418714,8423,572863,1962100
1741,399,408,418315,8414,573271,1957800
1742,407,432,417908,8389,573703,1923000
1743,403,419,417505,8373,574122,1934900
1744,421,371,417084,8423,574493,1919000
1745,430,428,416654,8425,574921,1936300
1746,408,407,416246,8426,575328,1956400
1747,432,417,415814,8441,575745,1954000
1748,462,443,415352,8460,576188,1965700
1749,438,431,414914,8467,576619,1966800
1750,414,418,414500,8463,577037,1942600
1751,430,414,414070,8479,577451,1927000
1752,420,421,413650,8478,577872,1918800
1753,447,418,413203,8507,578290,1922600
1754,439,403,412764,8543,578693,2053900
1755,462,437,412302,8568,579130,1941200
1756,455,428,411847,8595,579558,1942100
1757,399,456,411448,8538,580014,1986700
1758,433,457,411015,8514,580471,1959400
1759,446,460,410569,8500,580931,1921000
1760,429,390,410140,8539,581321,2051900
1761,439,455,409701,8523,581776,2257000
1762,448,436,409253,8535,582212,1949600
1763,411,431,408842,8515,582643,1893600
1764,424,386,408418,8553,583029,1917600
1765,412,429,408006,8536,583458,2212600
1766,441,408,407565,8569,583866,2110500
1767,430,421,407135,8578,584287,1918600
1768,461,437,406674,8602,584724,1949600
1769,465,422,406209,8645,585146,1931400
1770,428,388,405781,8685,585534,1925100
1771,447,459,405334,8673,585993,1921800
1772,459,432,404875,8700,586425,1923100
1773,448,417,404427,8731,586842,1981000
1774,438,432,403989,8737,587274,2163600
1775,444,423,403545,8758,587697,2117700
1776,420,384,403125,8794,588081,1961800
1777,455,409,402670,8840,588490,1908700
1778,453,439,402217,8854,588929,1916800
1779,436,428,401781,8862,589357,1980200
1780,459,460,401322,8861,589817,2047200
1781,470,440,400852,8891,590257,2300700
1782,383,486,400469,8788,590743,2106800
1783,425,431,400044,8782,591174,2018800
1784,443,414,399601,8811,591588,1970000
1785,450,428,399151,8833,592016,2218700
1786,436,441,398715,8828,592457,2027300
1787,437,424,398278,8841,592881,2080600
1788,431,416,397847,8856,593297,2008300
1789,443,425,397404,8874,593722,2312400
1790,455,434,396949,8895,594156,1967700
1791,442,443,396507,8894,594599,1966100
1792,458,453,396049,8899,595052,1961200
1793,426,443,395623,8882,595495,1947100
1794,438,459,395185,8861,595954,2064000
1795,427,421,394758,8867,596375,1969700
1796,422,462,394336,8827,596837,1980600
1797,447,403,393889,8871,597240,1961100
1798,472,427,393417,8916,597667,1938000
1799,420,472,392997,8864,598139,1977100
1800,439,442,392558,8861,598581,1971500
1801,425,433,392133,8853,599014,1987400
1802,480,465,391653,8868,599479,1968300
1803,477,444,391176,8901,599923,1975000
1804,477,447,390699,8931,600370,1957200
1805,433,475,390266,8889,600845,2018500
1806,472,439,389794,8922,601284,1964000
1807,480,450,389314,8952,601734,1981600
1808,407,456,388907,8903,602190,1974000
1809,458,460,388449,8901,602650,1987500
1810,431,445,388018,8887,603095,2044800
1811,475,447,387543,8915,603542,1941000
1812,456,443,387087,8928,603985,1927600
1813,452,427,386635,8953,604412,2018100
1814,443,463,386192,8933,604875,1981500
1815,447,441,385745,8939,605316,2035500
1816,465,465,385280,8939,605781,2602700
1817,443,445,384837,8937,606226,2283300
1818,469,483,384368,8923,606709,2259800
1819,461,437,383907,8947,607146,2238400
1820,496,477,383411,8966,607623,2216400
1821,435,438,382976,8963,608061,2069400
1822,478,443,382498,8998,608504,2166500
1823,463,510,382035,8951,609014,2109800
1824,477,458,381558,8970,609472,2024500
1825,434,434,381124,8970,609906,2044100
1826,435,470,380689,8935,610376,1983200
1827,487,448,380202,8974,610824,2140900
1828,460,431,379742,9003,611255,2135000
1829,461,475,379281,8989,611730,2079100
1830,459,419,378822,9029,612149,2012100
1831,449,437,378373,9041,612586,1990300
1832,470,475,377903,9036,613061,3132000
1833,447,434,377456,9049,613495,2822000
1834,464,440,376992,9073,613935,2898600
1835,486,480,376506,9079,614415,2234300
1836,426,472,376080,9033,614887,2277700
1837,482,434,375598,9081,615321,2169800
1838,447,425,375151,9103,615746,2141200
1839,464,448,374687,9119,616194,2140200
1840,431,430,374256,9120,616624,2249000
1841,465,444,373791,9141,617068,2108300
1842,447,479,373344,9109,617547,2806800
1843,443,468,372901,9084,618015,3244300
1844,440,486,372461,9038,618501,3290400
1845,449,430,372012,9057,618931,2323800
1846,425,448,371587,9034,619379,2337400
1847,431,434,371156,9031,619813,2839500
1848,418,457,370738,8992,620270,3127900
1849,425,488,370313,8929,620758,2699700
1850,441,424,369872,8946,621182,2378800
1851,446,463,369426,8929,621645,2330100
1852,447,407,368979,8969,622052,2354500
1853,471,463,368508,8977,622515,2414000
1854,403,468,368105,8912,622983,2611900
1855,470,467,367635,8915,623450,2282800
1856,463,468,367172,8910,623918,2113300
1857,425,450,366747,8885,624368,2106300
1858,428,431,366319,8882,624799,2109200
1859,406,441,365913,8847,625240,2058600
1860,426,436,365487,8837,625676,2360400
1861,457,430,365030,8864,626106,2193200
1862,431,440,364599,8855,626546,2040000
1863,442,436,364157,8861,626982,2010600
1864,450,440,363707,8871,627422,2006400
1865,444,422,363263,8893,627844,2015200
1866,423,472,362840,8844,628316,2126600
1867,454,427,362386,8871,628743,2213900
1868,449,468,361937,8852,629211,2347700
1869,463,408,361474,8907,629619,2273300
1870,444,419,361030,8932,630038,2200300
1871,413,414,360617,8931,630452,2222200
1872,465,421,360152,8975,630873,2396700
1873,401,458,359751,8918,631331,2360600
1874,416,467,359335,8867,631798,2550500
1875,399,429,358936,8837,632227,2616600
1876,394,454,358542,8777,632681,2254000
1877,428,446,358114,8759,633127,2366400
1878,464,438,357650,8785,633565,2466500
1879,447,427,357203,8805,633992,2583700
1880,447,468,356756,8784,634460,2562500
1881,428,449,356328,8763,634909,2404800
1882,432,442,355896,8753,635351,2576100
1883,464,430,355432,8787,635781,2751000
1884,445,463,354987,8769,636244,2443000
1885,469,436,354518,8802,636680,2351000
1886,449,436,354069,8815,637116,2530500
1887,448,455,353621,8808,637571,3128700
1888,461,422,353160,8847,637993,2344300
1889,439,405,352721,8881,638398,2482600
1890,493,442,352228,8932,638840,2308700
1891,502,460,351726,8974,639300,2849100
1892,468,467,351258,8975,639767,2770500
1893,504,494,350754,8985,640261,2620500
1894,440,453,350314,8972,640714,2740300
1895,454,444,349860,8982,641158,2723800
1896,434,452,349426,8964,641610,2298900
1897,450,466,348976,8948,642076,2860200
1898,470,420,348506,8998,642496,2496600
1899,475,437,348031,9036,642933,2806600
1900,472,435,347559,9073,643368,2495200
1901,459,436,347100,9096,643804,2683600
1902,445,423,346655,9118,644227,3764500
1903,454,488,346201,9084,644715,2778000
1904,438,448,345763,9074,645163,2670900
1905,422,436,345341,9060,645599,2604200
1906,426,414,344915,9072,646013,2231000
1907,494,470,344421,9096,646483,2036500
1908,439,440,343982,9095,646923,1994600
1909,442,444,343540,9093,647367,2320800
1910,430,439,343110,9084,647806,2030100
1911,483,470,342627,9097,648276,2097900
1912,463,490,342164,9070,648766,2013200
1913,451,480,341713,9041,649246,2301200
1914,429,438,341284,9032,649684,2030300
1915,448,414,340836,9066,650098,2135800
1916,444,452,340392,9058,650550,2069500
1917,447,452,339945,9053,651002,2049100
1918,455,463,339490,9045,651465,2060700
1919,421,482,339069,8984,651947,2019900
1920,463,472,338606,8975,652419,1971800
1921,469,448,338137,8996,652867,2088800
1922,489,459,337648,9026,653326,2019800
1923,470,448,337178,9048,653774,2164000
1924,445,420,336733,9073,654194,2059900
1925,487,464,336246,9096,654658,2101500
1926,456,444,335790,9108,655102,2302200
1927,468,446,335322,9130,655548,2021900
1928,459,466,334863,9123,656014,2116700
1929,459,446,334404,9136,656460,1982500
1930,496,444,333908,9188,656904,1990600
1931,466,474,333442,9180,657378,2279500
1932,472,464,332970,9188,657842,2315500
1933,452,475,332518,9165,658317,1899700
1934,437,442,332081,9160,658759,1984300
1935,453,428,331628,9185,659187,2091800
1936,487,458,331141,9214,659645,2012800
1937,439,474,330702,9179,660119,1941500
1938,469,485,330233,9163,660604,1988000
1939,451,424,329782,9190,661028,1939300
1940,521,484,329261,9227,661512,1947100
1941,487,420,328774,9294,661932,1934100
1942,503,439,328271,9358,662371,1889400
1943,483,465,327788,9376,662836,1892600
1944,482,498,327306,9360,663334,1894700
1945,512,464,326794,9408,663798,1877600
1946,518,466,326276,9460,664264,1900800
1947,484,484,325792,9460,664748,1940200
1948,571,432,325221,9599,665180,1884600
1949,484,467,324737,9616,665647,1933800
1950,461,491,324276,9586,666138,1922700
1951,475,480,323801,9581,666618,2079400
1952,489,468,323312,9602,667086,1979600
1953,506,470,322806,9638,667556,2014600
1954,473,479,322333,9632,668035,2029800
1955,534,488,321799,9678,668523,2311300
1956,482,479,321317,9681,669002,2024100
1957,493,432,320824,9742,669434,2070100
1958,513,502,320311,9753,669936,1866200
1959,461,478,319850,9736,670414,1920000
1960,438,523,319412,9651,670937,1973300
1961,477,489,318935,9639,671426,1933500
1962,463,506,318472,9596,671932,2165700
1963,534,491,317938,9639,672423,2570600
1964,509,444,317429,9704,672867,2020600
1965,509,501,316920,9712,673368,2015400
1966,469,505,316451,9676,673873,1990000
1967,452,454,315999,9674,674327,2522900
1968,455,477,315544,9652,674804,1992600
1969,488,485,315056,9655,675289,2058800
1970,461,513,314595,9603,675802,2037100
1971,421,484,314174,9540,676286,2138300
1972,451,479,313723,9512,676765,2098600
1973,440,473,313283,9479,677238,2261100
1974,451,458,312832,9472,677696,2074900
1975,491,472,312341,9491,678168,2007300
1976,487,454,311854,9524,678622,2077100
1977,449,478,311405,9495,679100,2024900
1978,475,478,310930,9492,679578,2335200
1979,486,478,310444,9500,680056,2049000
1980,488,478,309956,9510,680534,2113700
1981,484,479,309472,9515,681013,2279800
1982,444,452,309028,9507,681465,2224800
1983,463,476,308565,9494,681941,2127900
1984,489,476,308076,9507,682417,2070000
1985,421,499,307655,9429,682916,2000900
1986,447,483,307208,9393,683399,2015600
1987,451,471,306757,9373,683870,2072500
1988,455,504,306302,9324,684374,1990400
1989,460,478,305842,9306,684852,2035000
1990,449,487,305393,9268,685339,2079000
1991,426,454,304967,9240,685793,2143100
1992,449,473,304518,9216,686266,2074900
1993,437,416,304081,9237,686682,1974500
1994,466,455,303615,9248,687137,2157000
1995,466,483,303149,9231,687620,2125600
1996,469,443,302680,9257,688063,1983800
1997,421,456,302259,9222,688519,2083700
1998,452,454,301807,9220,688973,2355700
1999,470,457,301337,9233,689430,2096900
2000,443,474,300894,9202,689904,1976300
2001,457,457,300437,9202,690361,2034800
2002,455,446,299982,9211,690807,2106200
2003,432,454,299550,9189,691261,2033900
2004,447,456,299103,9180,691717,2153900
2005,426,444,298677,9162,692161,1998500
2006,423,455,298254,9130,692616,2197900
2007,446,455,297808,9121,693071,2175900
2008,432,413,297376,9140,693484,2101300
2009,463,424,296913,9179,693908,2210700
2010,419,478,296494,9120,694386,1957000
2011,453,432,296041,9141,694818,2007100
2012,444,454,295597,9131,695272,2014600
2013,447,457,295150,9121,695729,2049500
2014,467,411,294683,9177,696140,1972700
2015,431,449,294252,9159,696589,2160100
2016,429,475,293823,9113,697064,2010100
2017,435,408,293388,9140,697472,1971800
2018,433,461,292955,9112,697933,1962900
2019,442,438,292513,9116,698371,1949900
2020,485,447,292028,9154,698818,1978600
2021,412,428,291616,9138,699246,1963800
2022,449,493,291167,9094,699739,1972200
2023,451,421,290716,9124,700160,1989600
2024,451,424,290265,9151,700584,1979800
2025,467,482,289798,9136,701066,1975100
2026,431,470,289367,9097,701536,1967500
2027,442,458,288925,9081,701994,1973100
2028,414,439,288511,9056,702433,2018500
2029,412,426,288099,9042,702859,2425800
2030,425,457,287674,9010,703316,2042700
2031,425,443,287249,8992,703759,2038100
2032,397,455,286852,8934,704214,1984000
2033,435,429,286417,8940,704643,1997500
2034,426,458,285991,8908,705101,1948500
2035,429,428,285562,8909,705529,1930400
2036,376,412,285186,8873,705941,2154800
2037,427,466,284759,8834,706407,1985800
2038,406,411,284353,8829,706818,2002300
2039,419,458,283934,8790,707276,2013600
2040,398,423,283536,8765,707699,1975200
2041,403,408,283133,8760,708107,1934100
2042,380,452,282753,8688,708559,1927800
2043,402,435,282351,8655,708994,1976800
2044,418,420,281933,8653,709414,1944900
2045,386,440,281547,8599,709854,1999900
2046,394,407,281153,8586,710261,2120300
2047,373,426,280780,8533,710687,1930600
2048,387,408,280393,8512,711095,1909300
2049,395,416,279998,8491,711511,1896600
2050,393,434,279605,8450,711945,1865800
2051,381,437,279224,8394,712382,1895800
2052,392,403,278832,8383,712785,2145500
2053,382,405,278450,8360,713190,1961600
2054,391,445,278059,8306,713635,1978500
2055,407,399,277652,8314,714034,1920400
2056,399,429,277253,8284,714463,1930600
2057,397,388,276856,8293,714851,1989100
2058,408,429,276448,8272,715280,1930700
2059,392,382,276056,8282,715662,1968200
2060,391,413,275665,8260,716075,1911300
2061,368,421,275297,8207,716496,2008000
2062,368,423,274929,8152,716919,1962000
2063,393,404,274536,8141,717323,2251400
2064,358,432,274178,8067,717755,2109600
2065,387,401,273791,8053,718156,2179200
2066,389,386,273402,8056,718542,2386400
2067,356,377,273046,8035,718919,2174500
2068,348,389,272698,7994,719308,2079000
2069,401,456,272297,7939,719764,2119200
2070,390,391,271907,7938,720155,2343000
2071,390,366,271517,7962,720521,2155400
2072,344,440,271173,7866,720961,2258300
2073,396,419,270777,7843,721380,1952300
2074,366,395,270411,7814,721775,2109200
2075,354,392,270057,7776,722167,1997900
2076,366,365,269691,7777,722532,2032600
2077,372,389,269319,7760,722921,2019500
2078,353,388,268966,7725,723309,1973200
2079,394,370,268572,7749,723679,1994800
2080,367,378,268205,7738,724057,1926500
2081,370,374,267835,7734,724431,1917200
2082,361,399,267474,7696,724830,2378900
2083,365,392,267109,7669,725222,2126900
2084,363,360,266746,7672,725582,1948000
2085,361,417,266385,7616,725999,2036000
2086,347,409,266038,7554,726408,2222000
2087,357,386,265681,7525,726794,2104100
2088,380,403,265301,7502,727197,2149200
2089,366,389,264935,7479,727586,2121700
2090,381,410,264554,7450,727996,1982300
2091,351,377,264203,7424,728373,1982600
2092,392,383,263811,7433,728756,2200200
2093,353,342,263458,7444,729098,2207100
2094,374,397,263084,7421,729495,2282300
2095,375,380,262709,7416,729875,1983400
2096,349,317,262360,7448,730192,1915900
2097,337,368,262023,7417,730560,2089500
2098,360,352,261663,7425,730912,2060300
2099,331,356,261332,7400,731268,1924000
2100,355,326,260977,7429,731594,1875200
2101,379,375,260598,7433,731969,1858200
2102,355,372,260243,7416,732341,1847500
2103,349,377,259894,7388,732718,2025700
2104,351,393,259543,7346,733111,1945100
2105,345,384,259198,7307,733495,1920000
2106,371,372,258827,7306,733867,1912800
2107,367,403,258460,7270,734270,1864600
2108,359,368,258101,7261,734638,1858900
2109,371,376,257730,7256,735014,1849000
2110,356,372,257374,7240,735386,1914400
2111,356,358,257018,7238,735744,1855900
2112,352,386,256666,7204,736130,1905800
2113,333,348,256333,7189,736478,2292100
2114,350,382,255983,7157,736860,1893700
2115,366,326,255617,7197,737186,1876100
2116,371,363,255246,7205,737549,1903800
2117,375,333,254871,7247,737882,1862900
2118,332,346,254539,7233,738228,1865200
2119,400,359,254139,7274,738587,1897400
2120,325,382,253814,7217,738969,1966700
2121,349,381,253465,7185,739350,1885300
2122,349,379,253116,7155,739729,1854300
2123,324,338,252792,7141,740067,2056000
2124,357,391,252435,7107,740458,1827900
2125,322,350,252113,7079,740808,1853100
2126,350,357,251763,7072,741165,1918300
2127,363,357,251400,7078,741522,1890200
2128,339,369,251061,7048,741891,2030600
2129,319,344,250742,7023,742235,1882900
2130,342,347,250400,7018,742582,2187300
2131,332,358,250068,6992,742940,1986100
2132,340,319,249728,7013,743259,1997400
2133,329,295,249399,7047,743554,1842000
2134,322,339,249077,7030,743893,1869900
2135,349,317,248728,7062,744210,2017800
2136,344,333,248384,7073,744543,1964600
2137,338,341,248046,7070,744884,1904900
2138,331,393,247715,7008,745277,1927000
2139,342,333,247373,7017,745610,1874200
2140,355,349,247018,7023,745959,1878600
2141,317,351,246701,6989,746310,1906500
2142,324,353,246377,6960,746663,1872200
2143,311,354,246066,6917,747017,1831900
2144,334,335,245732,6916,747352,1852200
2145,312,367,245420,6861,747719,1772500
2146,350,335,245070,6876,748054,1777700
2147,354,369,244716,6861,748423,1861100
2148,302,364,244414,6799,748787,1982600
2149,353,357,244061,6795,749144,2097900
2150,333,346,243728,6782,749490,1888400
2151,293,311,243435,6764,749801,1857000
2152,370,330,243065,6804,750131,1981700
2153,345,318,242720,6831,750449,1873000
2154,322,348,242398,6805,750797,2180700
2155,322,350,242076,6777,751147,1872900
2156,313,364,241763,6726,751511,1842400
2157,327,315,241436,6738,751826,1974600
2158,307,355,241129,6690,752181,2155400
2159,334,373,240795,6651,752554,1934100
2160,304,369,240491,6586,752923,2038200
2161,308,336,240183,6558,753259,2074200
2162,301,314,239882,6545,753573,1873500
2163,325,322,239557,6548,753895,1830600
2164,313,325,239244,6536,754220,1785400
2165,299,330,238945,6505,754550,1747200
2166,304,317,238641,6492,754867,1932700
2167,324,323,238317,6493,755190,2113100
2168,311,329,238006,6475,755519,2054600
2169,313,346,237693,6442,755865,1837500
2170,303,313,237390,6432,756178,1755800
2171,280,313,237110,6399,756491,1849400
2172,313,317,236797,6395,756808,1835500
2173,314,318,236483,6391,757126,1754200
2174,296,341,236187,6346,757467,1754000
2175,288,310,235899,6324,757777,1868500
2176,302,315,235597,6311,758092,1874100
2177,301,330,235296,6282,758422,1942200
2178,288,337,235008,6233,758759,2001700
2179,297,319,234711,6211,759078,1826500
2180,288,296,234423,6203,759374,1772500
2181,301,337,234122,6167,759711,1808100
2182,304,325,233818,6146,760036,2003400
2183,265,320,233553,6091,760356,1849800
2184,279,306,233274,6064,760662,1732500
2185,292,292,232982,6064,760954,1948000
2186,321,318,232661,6067,761272,1781400
2187,289,309,232372,6047,761581,1831100
2188,296,333,232076,6010,761914,1728600
2189,275,264,231801,6021,762178,1768000
2190,303,286,231498,6038,762464,1837600
2191,315,311,231183,6042,762775,1799600
2192,318,299,230865,6061,763074,1737100
2193,285,296,230580,6050,763370,1769500
2194,325,291,230255,6084,763661,2004800
2195,333,289,229922,6128,763950,1927400
2196,368,295,229554,6201,764245,1885500
2197,304,291,229250,6214,764536,1860000
2198,270,285,228980,6199,764821,1971800
2199,284,316,228696,6167,765137,1807500
2200,285,285,228411,6167,765422,1763000
2201,305,321,228106,6151,765743,1801400
2202,304,333,227802,6122,766076,1865200
2203,312,306,227490,6128,766382,1754000
2204,301,293,227189,6136,766675,1920900
2205,300,277,226889,6159,766952,2155500
2206,310,300,226579,6169,767252,2032300
2207,308,307,226271,6170,767559,1760000
2208,294,322,225977,6142,767881,1914300
2209,320,347,225657,6115,768228,1992100
2210,337,296,225320,6156,768524,1814200
2211,308,319,225012,6145,768843,1843200
2212,288,322,224724,6111,769165,2008100
2213,281,294,224443,6098,769459,1853600
2214,320,250,224123,6168,769709,1851000
2215,294,313,223829,6149,770022,1787500
2216,319,303,223510,6165,770325,1810000
2217,313,327,223197,6151,770652,1748900
2218,305,286,222892,6170,770938,1752100
2219,337,317,222555,6190,771255,1916900
2220,353,306,222202,6237,771561,1807500
2221,297,306,221905,6228,771867,1804300
2222,346,281,221559,6293,772148,1983400
2223,296,345,221263,6244,772493,1749200
2224,309,339,220954,6214,772832,1752300
2225,318,312,220636,6220,773144,1880900
2226,299,325,220337,6194,773469,1983100
2227,289,310,220048,6173,773779,1880300
2228,294,301,219754,6166,774080,1855400
2229,291,310,219463,6147,774390,1863400
2230,278,309,219185,6116,774699,1914100
2231,276,312,218909,6080,775011,1906300
2232,288,298,218621,6070,775309,1759900
2233,255,243,218366,6082,775552,1808800
2234,293,337,218073,6038,775889,1971700
2235,267,312,217806,5993,776201,2054400
2236,298,296,217508,5995,776497,2166300
2237,261,297,217247,5959,776794,1814600
2238,285,294,216962,5950,777088,2156300
2239,281,278,216681,5953,777366,2028000
2240,276,304,216405,5925,777670,2067400
2241,302,268,216103,5959,777938,2313100
2242,285,299,215818,5945,778237,2020900
2243,286,304,215532,5927,778541,1728100
2244,274,272,215258,5929,778813,1799300
2245,274,336,214984,5867,779149,1791700
2246,293,341,214691,5819,779490,2132300
2247,272,264,214419,5827,779754,1858400
2248,299,302,214120,5824,780056,1845600
2249,267,293,213853,5798,780349,1934300
2250,262,279,213591,5781,780628,1823000
2251,235,322,213356,5694,780950,1732500
2252,278,279,213078,5693,781229,1770700
2253,284,267,212794,5710,781496,2097700
2254,265,275,212529,5700,781771,2044700
2255,261,293,212268,5668,782064,1855100
2256,281,271,211987,5678,782335,1842400
2257,272,275,211715,5675,782610,1743400
2258,285,284,211430,5676,782894,1916500
2259,264,289,211166,5651,783183,1736700
2260,261,287,210905,5625,783470,1755200
2261,267,284,210638,5608,783754,1929500
2262,269,300,210369,5577,784054,1874400
2263,259,277,210110,5559,784331,1815400
2264,255,289,209855,5525,784620,1777000
2265,250,282,209605,5493,784902,1780900
2266,275,279,209330,5489,785181,1721700
2267,279,283,209051,5485,785464,1827100
2268,263,270,208788,5478,785734,1722700
2269,278,285,208510,5471,786019,1821600
2270,272,282,208238,5461,786301,1797800
2271,266,265,207972,5462,786566,1834900
2272,282,232,207690,5512,786798,1889600
2273,302,310,207388,5504,787108,1865300
2274,318,272,207070,5550,787380,1904700
2275,307,264,206763,5593,787644,1847400
2276,289,295,206474,5587,787939,1734800
2277,295,273,206179,5609,788212,1883800
2278,261,266,205918,5604,788478,1933900
2279,289,288,205629,5605,788766,1849700
2280,322,283,205307,5644,789049,1749400
2281,281,280,205026,5645,789329,1767900
2282,273,271,204753,5647,789600,1747700
2283,246,263,204507,5630,789863,1745600
2284,281,303,204226,5608,790166,1864300
2285,300,280,203926,5628,790446,1773300
2286,279,282,203647,5625,790728,1792800
2287,293,260,203354,5658,790988,1807400
2288,281,315,203073,5624,791303,1828600
2289,278,286,202795,5616,791589,1918500
2290,286,271,202509,5631,791860,1833500
2291,281,295,202228,5617,792155,1818100
2292,299,268,201929,5648,792423,1812300
2293,285,309,201644,5624,792732,1797800
2294,279,281,201365,5622,793013,1857600
2295,290,296,201075,5616,793309,1950900
2296,283,290,200792,5609,793599,1810100
2297,281,275,200511,5615,793874,1885500
2298,262,288,200249,5589,794162,1752000
2299,265,297,199984,5557,794459,1741300
2300,250,288,199734,5519,794747,1899200
2301,269,285,199465,5503,795032,1865500
2302,255,285,199210,5473,795317,1950200
2303,249,270,198961,5452,795587,1775900
2304,256,262,198705,5446,795849,1802700
2305,253,258,198452,5441,796107,1739200
2306,242,269,198210,5414,796376,1931100
2307,283,286,197927,5411,796662,1778900
2308,242,263,197685,5390,796925,1835500
2309,265,264,197420,5391,797189,1836700
2310,269,254,197151,5406,797443,1936000
2311,235,259,196916,5382,797702,1769200
2312,270,284,196646,5368,797986,1750700
2313,233,254,196413,5347,798240,1688700
2314,276,248,196137,5375,798488,1859800
2315,240,299,195897,5316,798787,1796200
2316,253,257,195644,5312,799044,1748100
2317,282,295,195362,5299,799339,1731100
2318,244,269,195118,5274,799608,1833900
2319,264,284,194854,5254,799892,1846500
2320,229,254,194625,5229,800146,1823800
2321,263,254,194362,5238,800400,1740900
2322,280,253,194082,5265,800653,1755500
2323,289,262,193793,5292,800915,1831000
2324,238,290,193555,5240,801205,1806200
2325,256,261,193299,5235,801466,1726500
2326,237,249,193062,5223,801715,1730300
2327,268,264,192794,5227,801979,1731100
2328,256,262,192538,5221,802241,1812500
2329,284,268,192254,5237,802509,1927200
2330,295,249,191959,5283,802758,1850500
2331,290,225,191669,5348,802983,1909800
2332,292,276,191377,5364,803259,1713000
2333,279,265,191098,5378,803524,1833600
2334,277,289,190821,5366,803813,1838300
2335,268,267,190553,5367,804080,1785000
2336,297,260,190256,5404,804340,1716600
2337,302,291,189954,5415,804631,1730700
2338,281,249,189673,5447,804880,2096600
2339,288,264,189385,5471,805144,1841500
2340,267,243,189118,5495,805387,1846300
2341,300,281,188818,5514,805668,1813000
2342,305,266,188513,5553,805934,1863300
2343,275,272,188238,5556,806206,1734700
2344,273,283,187965,5546,806489,1720100
2345,256,277,187709,5525,806766,1854100
2346,288,280,187421,5533,807046,1807500
2347,256,275,187165,5514,807321,1737400
2348,252,298,186913,5468,807619,1741800
2349,267,273,186646,5462,807892,1838100
2350,269,296,186377,5435,808188,1852800
2351,255,268,186122,5422,808456,1793500
2352,239,242,185883,5419,808698,1796600
2353,272,291,185611,5400,808989,1878500
2354,262,288,185349,5374,809277,1893700
2355,264,283,185085,5355,809560,1933500
2356,271,257,184814,5369,809817,1858300
2357,284,256,184530,5397,810073,1880700
2358,250,248,184280,5399,810321,1902400
2359,289,279,183991,5409,810600,1911800
2360,261,247,183730,5423,810847,1965700
2361,281,286,183449,5418,811133,1893000
2362,251,266,183198,5403,811399,1762200
2363,257,283,182941,5377,811682,1895500
2364,286,266,182655,5397,811948,1731000
2365,262,270,182393,5389,812218,1797000
2366,273,273,182120,5389,812491,1831700
2367,257,270,181863,5376,812761,1717100
2368,295,272,181568,5399,813033,1740100
2369,271,266,181297,5404,813299,1827800
2370,275,246,181022,5433,813545,1891800
2371,253,295,180769,5391,813840,1844900
2372,293,278,180476,5406,814118,1789800
2373,291,263,180185,5434,814381,1752300
2374,264,280,179921,5418,814661,1713400
2375,279,262,179642,5435,814923,1825700
2376,248,278,179394,5405,815201,1824300
2377,266,269,179128,5402,815470,1833400
2378,265,252,178863,5415,815722,1751600
2379,265,287,178598,5393,816009,1821600
2380,270,282,178328,5381,816291,1923800
2381,254,270,178074,5365,816561,1879400
2382,279,292,177795,5352,816853,1921600
2383,286,285,177509,5353,817138,1893000
2384,257,265,177252,5345,817403,2112900
2385,246,253,177006,5338,817656,1873300
2386,267,262,176739,5343,817918,1985200
2387,257,254,176482,5346,818172,1928600
2388,256,258,176226,5344,818430,1860300
2389,273,321,175953,5296,818751,1803500
2390,234,268,175719,5262,819019,1803000
2391,271,231,175448,5302,819250,1836000
2392,263,260,175185,5305,819510,2062700
2393,253,276,174932,5282,819786,1978000
2394,269,264,174663,5287,820050,1866200
2395,250,267,174413,5270,820317,1839800
2396,233,249,174180,5254,820566,1883600
2397,272,269,173908,5257,820835,1864100
2398,269,243,173639,5283,821078,1836100
2399,227,259,173412,5251,821337,1893600
2400,240,275,173172,5216,821612,1865800
2401,256,247,172916,5225,821859,1823200
2402,253,265,172663,5213,822124,1811200
2403,250,268,172413,5195,822392,1858600
2404,244,256,172169,5183,822648,1807900
2405,261,259,171908,5185,822907,2047800
2406,249,278,171659,5156,823185,1839200
2407,233,255,171426,5134,823440,2022500
2408,246,244,171180,5136,823684,2024300
2409,260,258,170920,5138,823942,1842000
2410,243,278,170677,5103,824220,1870400
2411,265,258,170412,5110,824478,1906200
2412,248,251,170164,5107,824729,1884700
2413,240,284,169924,5063,825013,1883900
2414,245,258,169679,5050,825271,1855200
2415,248,257,169431,5041,825528,1932800
2416,231,244,169200,5028,825772,1807900
2417,253,277,168947,5004,826049,1904500
2418,255,255,168692,5004,826304,1866700
2419,238,253,168454,4989,826557,1886300
2420,221,249,168233,4961,826806,1843400
2421,253,250,167980,4964,827056,1836500
2422,238,261,167742,4941,827317,1817200
2423,252,268,167490,4925,827585,1994700
2424,240,237,167250,4928,827822,1797800
2425,231,233,167019,4926,828055,1968500
2426,218,241,166801,4903,828296,1782000
2427,223,228,166578,4898,828524,2054800
2428,228,223,166350,4903,828747,1831100
2429,239,243,166111,4899,828990,1983500
2430,231,258,165880,4872,829248,1780400
2431,224,251,165656,4845,829499,1870300
2432,233,252,165423,4826,829751,1760000
2433,228,248,165195,4806,829999,1988100
2434,232,235,164963,4803,830234,1845600
2435,246,215,164717,4834,830449,2085100
2436,239,258,164478,4815,830707,1775600
2437,281,262,164197,4834,830969,2112600
2438,227,237,163970,4824,831206,1814600
2439,219,239,163751,4804,831445,1836300
2440,232,237,163519,4799,831682,2119600
2441,265,246,163254,4818,831928,1879300
2442,262,252,162992,4828,832180,1815900
2443,235,235,162757,4828,832415,1918600
2444,235,262,162522,4801,832677,1803300
2445,270,220,162252,4851,832897,1823500
2446,248,248,162004,4851,833145,1794600
2447,225,258,161779,4818,833403,1834600
2448,246,256,161533,4808,833659,1834600
2449,268,229,161265,4847,833888,2124000
2450,244,256,161021,4835,834144,1822000
2451,234,256,160787,4813,834400,1909500
2452,233,219,160554,4827,834619,1717900
2453,250,242,160304,4835,834861,1733900
2454,253,240,160051,4848,835101,1782700
2455,230,261,159821,4817,835362,1810600
2456,268,201,159553,4884,835563,1773300
2457,243,247,159310,4880,835810,1779600
2458,246,263,159064,4863,836073,1776400
2459,229,231,158835,4861,836304,1869600
2460,241,271,158594,4831,836575,1801700
2461,259,236,158335,4854,836811,1819200
2462,253,230,158082,4877,837041,1957000
2463,250,226,157832,4901,837267,1960900
2464,277,267,157555,4911,837534,1773100
2465,249,243,157306,4917,837777,2018200
2466,262,218,157044,4961,837995,2015800
2467,254,257,156790,4958,838252,1745400
2468,248,227,156542,4979,838479,1715500
2469,257,242,156285,4994,838721,1773500
2470,268,234,156017,5028,838955,1884900
2471,272,255,155745,5045,839210,1780100
2472,278,235,155467,5088,839445,1795000
2473,251,252,155216,5087,839697,1963000
2474,266,219,154950,5134,839916,1842300
2475,280,280,154670,5134,840196,2080900
2476,264,238,154406,5160,840434,1825500
2477,279,279,154127,5160,840713,1775500
2478,248,245,153879,5163,840958,2227800
2479,275,238,153604,5200,841196,1896000
2480,251,271,153353,5180,841467,1804700
2481,250,240,153103,5190,841707,1780500
2482,235,270,152868,5155,841977,1781900
2483,260,231,152608,5184,842208,1899600
2484,240,263,152368,5161,842471,1853500
2485,269,250,152099,5180,842721,1785800
2486,234,231,151865,5183,842952,1812500
2487,244,251,151621,5176,843203,1791600
2488,247,271,151374,5152,843474,1826100
2489,268,272,151106,5148,843746,1878800
2490,263,252,150843,5159,843998,2130200
2491,234,241,150609,5152,844239,2326000
2492,268,263,150341,5157,844502,2137300
2493,260,252,150081,5165,844754,1848800
2494,248,270,149833,5143,845024,2048300
2495,253,272,149580,5124,845296,1841400
2496,207,245,149373,5086,845541,1837200
2497,230,263,149143,5053,845804,1866800
2498,243,234,148900,5062,846038,1906600
2499,217,238,148683,5041,846276,1820900
2500,236,250,148447,5027,846526,1785500
2501,232,249,148215,5010,846775,1785100
2502,263,252,147952,5021,847027,1750900
2503,250,235,147702,5036,847262,1831400
2504,241,247,147461,5030,847509,1772200
2505,245,251,147216,5024,847760,1779400
2506,253,247,146963,5030,848007,1785800
2507,218,224,146745,5024,848231,1780500
2508,269,254,146476,5039,848485,1849900
2509,262,250,146214,5051,848735,1798000
2510,270,267,145944,5054,849002,1792700
2511,262,266,145682,5050,849268,1739100
2512,218,246,145464,5022,849514,1725800
2513,236,255,145228,5003,849769,1804100
2514,243,286,144985,4960,850055,1738600
2515,213,230,144772,4943,850285,2012500
2516,245,253,144527,4935,850538,1864000
2517,230,255,144297,4910,850793,1809000
2518,225,231,144072,4904,851024,2031400
2519,247,228,143825,4923,851252,1794900
2520,257,238,143568,4942,851490,1881200
2521,241,290,143327,4893,851780,1818900
2522,230,243,143097,4880,852023,1806000
2523,246,249,142851,4877,852272,2010300
2524,248,238,142603,4887,852510,1910200
2525,237,230,142366,4894,852740,1711400
2526,224,239,142142,4879,852979,1825400
2527,236,256,141906,4859,853235,1831200
2528,230,222,141676,4867,853457,2311100
2529,262,225,141414,4904,853682,1974800
2530,217,215,141197,4906,853897,1973100
2531,253,251,140944,4908,854148,1832100
2532,244,260,140700,4892,854408,1818300
2533,235,244,140465,4883,854652,1927100
2534,265,230,140200,4918,854882,1738500
2535,229,236,139971,4911,855118,1767500
2536,216,257,139755,4870,855375,1775700
2537,234,246,139521,4858,855621,1895400
2538,246,236,139275,4868,855857,1812400
2539,248,240,139027,4876,856097,1801500
2540,239,226,138788,4889,856323,1720800
2541,247,237,138541,4899,856560,1715200
2542,259,256,138282,4902,856816,1781500
2543,272,235,138010,4939,857051,1774300
2544,224,234,137786,4929,857285,1876400
2545,229,248,137557,4910,857533,1798700
2546,249,247,137308,4912,857780,1891100
2547,263,257,137045,4918,858037,2016700
2548,241,230,136804,4929,858267,1792600
2549,242,241,136562,4930,858508,2061100
2550,274,220,136288,4984,858728,1943700
2551,238,253,136050,4969,858981,1896700
2552,272,273,135778,4968,859254,1845000
2553,254,283,135524,4939,859537,1860300
2554,226,260,135298,4905,859797,2077000
2555,248,233,135050,4920,860030,1962300
2556,244,269,134806,4895,860299,1861700
2557,237,261,134569,4871,860560,1835800
2558,232,234,134337,4869,860794,1968500
2559,254,247,134083,4876,861041,1873700
2560,238,250,133845,4864,861291,1842500
2561,228,234,133617,4858,861525,1883600
2562,257,249,133360,4866,861774,2022600
2563,230,268,133130,4828,862042,2061300
2564,251,238,132879,4841,862280,1829600
2565,237,231,132642,4847,862511,1835000
2566,255,271,132387,4831,862782,1827300
2567,260,251,132127,4840,863033,1770100
2568,240,254,131887,4826,863287,1778200
2569,264,255,131623,4835,863542,1767300
2570,277,250,131346,4862,863792,1782900
2571,241,254,131105,4849,864046,2060300
2572,230,251,130875,4828,864297,1896600
2573,254,259,130621,4823,864556,2041100
2574,270,252,130351,4841,864808,1866000
2575,247,217,130104,4871,865025,1918500
2576,269,254,129835,4886,865279,1936800
2577,248,228,129587,4906,865507,2067500
2578,229,250,129358,4885,865757,2399200
2579,252,259,129106,4878,866016,2021200
2580,242,239,128864,4881,866255,1956500
2581,252,257,128612,4876,866512,1895700
2582,222,239,128390,4859,866751,1903500
2583,268,251,128122,4876,867002,1855400
2584,258,223,127864,4911,867225,1881500
2585,234,225,127630,4920,867450,1901100
2586,243,251,127387,4912,867701,1969900
2587,228,251,127159,4889,867952,1921500
2588,237,261,126922,4865,868213,2125400
2589,240,241,126682,4864,868454,1923800
2590,220,233,126462,4851,868687,2027400
2591,233,245,126229,4839,868932,1994700
2592,241,261,125988,4819,869193,2208700
2593,232,251,125756,4800,869444,1859200
2594,232,227,125524,4805,869671,1888700
2595,234,221,125290,4818,869892,2077600
2596,263,259,125027,4822,870151,1884800
2597,205,230,124822,4797,870381,1936100
2598,227,243,124595,4781,870624,3225000
2599,255,255,124340,4781,870879,2584600
2600,223,218,124117,4786,871097,2127300
2601,233,251,123884,4768,871348,2155100
2602,245,217,123639,4796,871565,2394900
2603,252,238,123387,4810,871803,2095900
2604,226,265,123161,4771,872068,2119600
2605,245,204,122916,4812,872272,1936900
2606,223,264,122693,4771,872536,1945900
2607,224,241,122469,4754,872777,1939800
2608,220,230,122249,4744,873007,1961900
2609,246,229,122003,4761,873236,1901300
2610,226,243,121777,4744,873479,1860100
2611,225,215,121552,4754,873694,1912800
2612,240,232,121312,4762,873926,1915700
2613,243,246,121069,4759,874172,2003400
2614,244,219,120825,4784,874391,1803600
2615,217,261,120608,4740,874652,1799500
2616,236,220,120372,4756,874872,2226700
2617,207,237,120165,4726,875109,2030700
2618,225,227,119940,4724,875336,1929400
2619,213,217,119727,4720,875553,1901100
2620,237,222,119490,4735,875775,1931200
2621,231,243,119259,4723,876018,2109500
2622,217,224,119042,4716,876242,1947700
2623,225,232,118817,4709,876474,2209400
2624,269,246,118548,4732,876720,1921900
2625,231,226,118317,4737,876946,1949000
2626,223,228,118094,4732,877174,1829800
2627,269,213,117825,4788,877387,1804800
2628,264,226,117561,4826,877613,1901200
2629,225,229,117336,4822,877842,1798900
2630,237,252,117099,4807,878094,1850100
2631,234,251,116865,4790,878345,1868500
2632,253,246,116612,4797,878591,2206500
2633,248,241,116364,4804,878832,1842000
2634,225,230,116139,4799,879062,1902800
2635,235,250,115904,4784,879312,1949000
2636,224,250,115680,4758,879562,1955100
2637,220,249,115460,4729,879811,1962800
2638,219,227,115241,4721,880038,1933500
2639,230,247,115011,4704,880285,1858300
2640,234,233,114777,4705,880518,1880200
2641,236,232,114541,4709,880750,1774800
2642,231,207,114310,4733,880957,1805000
2643,250,242,114060,4741,881199,1847800
2644,230,252,113830,4719,881451,1796400
2645,242,250,113588,4711,881701,1819500
2646,202,234,113386,4679,881935,1872100
2647,198,242,113188,4635,882177,1879600
2648,222,217,112966,4640,882394,1944600
2649,234,216,112732,4658,882610,3564200
2650,245,236,112487,4667,882846,2626100
2651,237,237,112250,4667,883083,2584200
2652,255,248,111995,4674,883331,2358200
2653,230,248,111765,4656,883579,2040600
2654,246,240,111519,4662,883819,1978800
2655,200,244,111319,4618,884063,2462300
2656,247,206,111072,4659,884269,2071900
2657,219,241,110853,4637,884510,2382300
2658,234,229,110619,4642,884739,2017600
2659,206,212,110413,4636,884951,1912900
2660,236,210,110177,4662,885161,1904000
2661,240,193,109937,4709,885354,2080900
2662,228,219,109709,4718,885573,1915100
2663,226,243,109483,4701,885816,1944700
2664,212,213,109271,4700,886029,1927400
2665,226,233,109045,4693,886262,2145200
2666,223,242,108822,4674,886504,1884900
2667,244,241,108578,4677,886745,2148600
2668,254,205,108324,4726,886950,2139100
2669,234,243,108090,4717,887193,1960600
2670,214,238,107876,4693,887431,1899100
2671,243,244,107633,4692,887675,1897900
2672,199,237,107434,4654,887912,1926500
2673,228,235,107206,4647,888147,2439000
2674,209,227,106997,4629,888374,2947900
2675,219,243,106778,4605,888617,2237800
2676,215,222,106563,4598,888839,2378000
2677,219,240,106344,4577,889079,2193500
2678,202,244,106142,4535,889323,1993500
2679,223,249,105919,4509,889572,2030600
2680,199,228,105720,4480,889800,1973700
2681,208,223,105512,4465,890023,2052900
2682,200,219,105312,4446,890242,1931600
2683,233,203,105079,4476,890445,1898400
2684,235,229,104844,4482,890674,2124600
2685,205,220,104639,4467,890894,1963500
2686,229,221,104410,4475,891115,2294400
2687,216,220,104194,4471,891335,1907200
2688,207,241,103987,4437,891576,2297800
2689,227,231,103760,4433,891807,1941800
2690,217,222,103543,4428,892029,1893900
2691,212,222,103331,4418,892251,1866300
2692,224,230,103107,4412,892481,1879300
2693,237,245,102870,4404,892726,1844300
2694,237,231,102633,4410,892957,1845400
2695,238,217,102395,4431,893174,1852000
2696,244,194,102151,4481,893368,2167700
2697,208,218,101943,4471,893586,3178200
2698,247,229,101696,4489,893815,2421300
2699,245,223,101451,4511,894038,2627600
2700,231,232,101220,4510,894270,2260700
2701,246,219,100974,4537,894489,2020800
2702,231,242,100743,4526,894731,2010900
2703,226,208,100517,4544,894939,1969000
2704,235,231,100282,4548,895170,1952000
2705,206,212,100076,4542,895382,1935400
2706,197,214,99879,4525,895596,1950000
2707,205,202,99674,4528,895798,1951000
2708,190,222,99484,4496,896020,1865700
2709,206,223,99278,4479,896243,1861900
2710,213,200,99065,4492,896443,1884800
2711,225,220,98840,4497,896663,1904200
2712,200,202,98640,4495,896865,1847700
2713,208,254,98432,4449,897119,1857200
2714,223,200,98209,4472,897319,1894400
2715,219,220,97990,4471,897539,1840400
2716,209,233,97781,4447,897772,1812600
2717,222,213,97559,4456,897985,1797700
2718,209,193,97350,4472,898178,1873500
2719,214,233,97136,4453,898411,1930700
2720,218,212,96918,4459,898623,2060100
2721,216,249,96702,4426,898872,2184500
2722,226,228,96476,4424,899100,2960100
2723,193,231,96283,4386,899331,3458200
2724,216,202,96067,4400,899533,2332700
2725,223,242,95844,4381,899775,2301600
2726,213,207,95631,4387,899982,2022500
2727,211,217,95420,4381,900199,2133800
2728,212,190,95208,4403,900389,1908300
2729,221,225,94987,4399,900614,2143100
2730,194,203,94793,4390,900817,1925000
2731,205,227,94588,4368,901044,1867600
2732,223,222,94365,4369,901266,1887400
2733,224,229,94141,4364,901495,1860600
2734,226,216,93915,4374,901711,1798700
2735,220,190,93695,4404,901901,2037000
2736,215,200,93480,4419,902101,1849500
2737,228,229,93252,4418,902330,1899700
2738,224,223,93028,4419,902553,1746100
2739,223,202,92805,4440,902755,1830900
2740,251,203,92554,4488,902958,1765400
2741,231,219,92323,4500,903177,1981800
2742,228,217,92095,4511,903394,1829300
2743,249,219,91846,4541,903613,1770400
2744,219,229,91627,4531,903842,1785500
2745,237,220,91390,4548,904062,1806200
2746,226,213,91164,4561,904275,1970900
2747,221,230,90943,4552,904505,1903000
2748,240,215,90703,4577,904720,1800700
2749,199,229,90504,4547,904949,1802100
2750,208,226,90296,4529,905175,1896700
2751,204,227,90092,4506,905402,1800000
2752,209,252,89883,4463,905654,1769600
2753,186,227,89697,4422,905881,1848700
2754,212,236,89485,4398,906117,1834800
2755,189,217,89296,4370,906334,1761000
2756,210,208,89086,4372,906542,1965600
2757,193,225,88893,4340,906767,1983900
2758,220,213,88673,4347,906980,1954000
2759,242,219,88431,4370,907199,1825800
2760,201,213,88230,4358,907412,1798900
2761,221,207,88009,4372,907619,1800200
2762,229,195,87780,4406,907814,1775500
2763,231,217,87549,4420,908031,1930200
2764,222,203,87327,4439,908234,1869700
2765,211,232,87116,4418,908466,1967100
2766,205,205,86911,4418,908671,2055700
2767,206,205,86705,4419,908876,1825700
2768,228,212,86477,4435,909088,1804400
2769,259,218,86218,4476,909306,2030900
2770,235,223,85983,4488,909529,1841500
2771,204,214,85779,4478,909743,1855300
2772,242,231,85537,4489,909974,1861000
2773,230,202,85307,4517,910176,2744700
2774,206,227,85101,4496,910403,2966100
2775,215,252,84886,4459,910655,2931900
2776,228,238,84658,4449,910893,2453900
2777,195,202,84463,4442,911095,2075700
2778,218,224,84245,4436,911319,2289600
2779,218,235,84027,4419,911554,2188700
2780,232,233,83795,4418,911787,2055400
2781,257,221,83538,4454,912008,2016800
2782,218,208,83320,4464,912216,2092500
2783,215,212,83105,4467,912428,2051700
2784,205,231,82900,4441,912659,1985700
2785,193,225,82707,4409,912884,2019200
2786,225,212,82482,4422,913096,1929100
2787,214,194,82268,4442,913290,2096500
2788,204,224,82064,4422,913514,2024400
2789,188,185,81876,4425,913699,1876600
2790,186,229,81690,4382,913928,1982700
2791,210,213,81480,4379,914141,2099800
2792,212,235,81268,4356,914376,1872300
2793,185,233,81083,4308,914609,1898100
2794,211,192,80872,4327,914801,1846000
2795,203,226,80669,4304,915027,1859300
2796,202,220,80467,4286,915247,1904400
2797,189,228,80278,4247,915475,1976200
2798,220,200,80058,4267,915675,2710500
2799,208,220,79850,4255,915895,3068300
2800,222,200,79628,4277,916095,2368700
2801,185,208,79443,4254,916303,2364200
2802,204,211,79239,4247,916514,2114700
2803,213,200,79026,4260,916714,2500600
2804,223,230,78803,4253,916944,2057900
2805,207,239,78596,4221,917183,2193500
2806,205,197,78391,4229,917380,2032000
2807,199,208,78192,4220,917588,1985500
2808,208,188,77984,4240,917776,1954900
2809,194,239,77790,4195,918015,2027800
2810,194,219,77596,4170,918234,1941600
2811,249,216,77347,4203,918450,1916100
2812,183,213,77164,4173,918663,1880100
2813,201,199,76963,4175,918862,1864200
2814,200,183,76763,4192,919045,1894700
2815,193,231,76570,4154,919276,1869600
2816,206,205,76364,4155,919481,1869900
2817,232,191,76132,4196,919672,1909700
2818,226,189,75906,4233,919861,1916800
2819,200,191,75706,4242,920052,2090000
2820,221,236,75485,4227,920288,1954600
2821,169,184,75316,4212,920472,1946700
2822,222,207,75094,4227,920679,1971200
2823,179,217,74915,4189,920896,2108100
2824,225,204,74690,4210,921100,2856900
2825,212,209,74478,4213,921309,2833500
2826,227,221,74251,4219,921530,2853900
2827,223,197,74028,4245,921727,2198500
2828,228,223,73800,4250,921950,2367800
2829,234,212,73566,4272,922162,2089200
2830,215,203,73351,4284,922365,1997800
2831,188,215,73163,4257,922580,2141900
2832,192,219,72971,4230,922799,1965900
2833,191,213,72780,4208,923012,2055000
2834,228,238,72552,4198,923250,2046300
2835,186,196,72366,4188,923446,1935200
2836,193,222,72173,4159,923668,1933000
2837,196,221,71977,4134,923889,1977300
2838,200,197,71777,4137,924086,1919100
2839,208,184,71569,4161,924270,1885200
2840,217,197,71352,4181,924467,1894800
2841,226,205,71126,4202,924672,1900400
2842,207,206,70919,4203,924878,1910800
2843,201,230,70718,4174,925108,2070100
2844,216,204,70502,4186,925312,3898000
2845,214,199,70288,4201,925511,2337400
2846,186,221,70102,4166,925732,2304500
2847,221,190,69881,4197,925922,2398000
2848,212,228,69669,4181,926150,2075100
2849,192,211,69477,4162,926361,2115300
2850,212,208,69265,4166,926569,2150400
2851,236,239,69029,4163,926808,2156800
2852,212,197,68817,4178,927005,2119400
2853,220,209,68597,4189,927214,2038300
2854,239,205,68358,4223,927419,1995100
2855,220,194,68138,4249,927613,2189400
2856,212,208,67926,4253,927821,1958100
2857,222,194,67704,4281,928015,1943900
2858,247,213,67457,4315,928228,1971900
2859,208,235,67249,4288,928463,2033100
2860,207,214,67042,4281,928677,1999500
2861,206,204,66836,4283,928881,1953300
2862,229,206,66607,4306,929087,1940300
2863,201,227,66406,4280,929314,1997700
2864,209,230,66197,4259,929544,1932000
2865,215,197,65982,4277,929741,1830600
2866,196,227,65786,4246,929968,1892100
2867,183,228,65603,4201,930196,1883400
2868,204,193,65399,4212,930389,2094600
2869,223,194,65176,4241,930583,3284200
2870,219,206,64957,4254,930789,2567100
2871,203,218,64754,4239,931007,2428300
2872,200,238,64554,4201,931245,2338900
2873,202,220,64352,4183,931465,2136500
2874,165,210,64187,4138,931675,2043300
2875,188,200,63999,4126,931875,2050600
2876,216,197,63783,4145,932072,2133700
2877,222,230,63561,4137,932302,2080700
2878,199,181,63362,4155,932483,2085000
2879,208,216,63154,4147,932699,1996100
2880,184,230,62970,4101,932929,1977000
2881,209,209,62761,4101,933138,1911700
2882,202,221,62559,4082,933359,1904100
2883,181,209,62378,4054,933568,1871000
2884,191,185,62187,4060,933753,2130100
2885,193,188,61994,4065,933941,1924400
2886,186,196,61808,4055,934137,1914900
2887,213,212,61595,4056,934349,1812300
2888,204,193,61391,4067,934542,1817500
2889,210,238,61181,4039,934780,2065200
2890,210,185,60971,4064,934965,1902800
2891,171,199,60800,4036,935164,1893400
2892,206,165,60594,4077,935329,6136700
2893,195,220,60399,4052,935549,2798900
2894,195,215,60204,4032,935764,2377200
2895,185,213,60019,4004,935977,2234000
2896,200,222,59819,3982,936199,2114300
2897,171,184,59648,3969,936383,2365500
2898,193,211,59455,3951,936594,2220000
2899,199,202,59256,3948,936796,2072000
2900,196,205,59060,3939,937001,2106900
2901,181,205,58879,3915,937206,2358800
2902,189,168,58690,3936,937374,2011800
2903,164,196,58526,3904,937570,1966400
2904,212,195,58314,3921,937765,2167300
2905,219,196,58095,3944,937961,2075600
2906,179,207,57916,3916,938168,1975800
2907,167,173,57749,3910,938341,1991800
2908,179,200,57570,3889,938541,1909100
2909,165,203,57405,3851,938744,1878900
2910,154,182,57251,3823,938926,1774800
2911,171,198,57080,3796,939124,1856900
2912,186,166,56894,3816,939290,2106000
2913,170,197,56724,3789,939487,1863000
2914,159,195,56565,3753,939682,1867700
2915,160,179,56405,3734,939861,1988700
2916,173,189,56232,3718,940050,3348200
2917,153,200,56079,3671,940250,2453400
2918,158,181,55921,3648,940431,2389200
2919,172,161,55749,3659,940592,2108000
2920,181,204,55568,3636,940796,2288900
2921,160,171,55408,3625,940967,2113300
2922,157,178,55251,3604,941145,2081700
2923,182,189,55069,3597,941334,2274700
2924,179,200,54890,3576,941534,2042700
2925,163,195,54727,3544,941729,2147700
2926,168,161,54559,3551,941890,2140300
2927,166,178,54393,3539,942068,1959800
2928,162,176,54231,3525,942244,1988700
2929,162,193,54069,3494,942437,1973600
2930,168,197,53901,3465,942634,1907200
2931,175,166,53726,3474,942800,1998100
2932,148,161,53578,3461,942961,1897500
2933,145,188,53433,3418,943149,1847400
2934,145,159,53288,3404,943308,1851500
2935,162,183,53126,3383,943491,1784400
2936,111,171,53015,3323,943662,1816100
2937,123,148,52892,3298,943810,1853700
2938,158,178,52734,3278,943988,1870300
2939,134,151,52600,3261,944139,3447400
2940,146,166,52454,3241,944305,2629300
2941,148,169,52306,3220,944474,2554200
2942,129,152,52177,3197,944626,2534700
2943,154,161,52023,3190,944787,2164500
2944,146,168,51877,3168,944955,2093500
2945,150,162,51727,3156,945117,1991400
2946,160,135,51567,3181,945252,1970400
2947,126,153,51441,3154,945405,1978000
2948,140,140,51301,3154,945545,1942500
2949,124,147,51177,3131,945692,1988700
2950,113,175,51064,3069,945867,1918000
2951,127,149,50937,3047,946016,1910300
2952,134,145,50803,3036,946161,1916400
2953,131,165,50672,3002,946326,1904800
2954,128,145,50544,2985,946471,1826900
2955,112,127,50432,2970,946598,1833100
2956,133,159,50299,2944,946757,1794800
2957,121,145,50178,2920,946902,1782100
2958,122,137,50056,2905,947039,1825800
2959,136,137,49920,2904,947176,1773600
2960,110,156,49810,2858,947332,1850500
2961,117,142,49693,2833,947474,1999100
2962,105,123,49588,2815,947597,2027500
2963,138,143,49450,2810,947740,1969100
2964,122,154,49328,2778,947894,2890600
2965,115,149,49213,2744,948043,3385400
2966,104,126,49109,2722,948169,2189200
2967,101,167,49008,2656,948336,2215900
2968,126,127,48882,2655,948463,2045900
2969,108,145,48774,2618,948608,1940500
2970,115,127,48659,2606,948735,1952400
2971,115,123,48544,2598,948858,1954400
2972,130,133,48414,2595,948991,1905300
2973,112,158,48302,2549,949149,1931300
2974,130,122,48172,2557,949271,1878400
2975,129,110,48043,2576,949381,1911200
2976,130,137,47913,2569,949518,1941300
2977,118,121,47795,2566,949639,1958600
2978,109,145,47686,2530,949784,1889500
2979,111,143,47575,2498,949927,2061400
2980,126,132,47449,2492,950059,1976300
2981,131,109,47318,2514,950168,1898200
2982,145,106,47173,2553,950274,1902200
2983,126,127,47047,2552,950401,2079300
2984,112,129,46935,2535,950530,1816800
2985,130,119,46805,2546,950649,1837100
2986,127,120,46678,2553,950769,1976400
2987,109,132,46569,2530,950901,1863900
2988,125,131,46444,2524,951032,2087600
2989,126,143,46318,2507,951175,3281100
2990,115,115,46203,2507,951290,2358500
2991,123,129,46080,2501,951419,2080400
2992,109,127,45971,2483,951546,2044000
2993,117,126,45854,2474,951672,1944100
2994,125,123,45729,2476,951795,1867800
2995,121,128,45608,2469,951923,1895700
2996,100,129,45508,2440,952052,1972800
2997,117,127,45391,2430,952179,1886600
2998,119,126,45272,2423,952305,1857000
2999,128,127,45144,2424,952432,1865900
3000,130,125,45014,2429,952557,2162600
3001,125,118,44889,2436,952675,1895300
3002,124,129,44765,2431,952804,2132900
3003,134,128,44631,2437,952932,2194700
3004,125,128,44506,2434,953060,1961500
3005,128,132,44378,2430,953192,2167000
3006,110,121,44268,2419,953313,1895200
3007,121,130,44147,2410,953443,1750100
3008,109,106,44038,2413,953549,1782800
3009,121,110,43917,2424,953659,1699400
3010,125,145,43792,2404,953804,1789100
3011,149,139,43643,2414,953943,1767600
3012,114,136,43529,2392,954079,1893900
3013,111,109,43418,2394,954188,1804200
3014,122,113,43296,2403,954301,1946300
3015,116,125,43180,2394,954426,2823000
3016,106,129,43074,2371,954555,2385100
3017,140,115,42934,2396,954670,2265500
3018,112,126,42822,2382,954796,2136000
3019,109,123,42713,2368,954919,2400300
3020,122,127,42591,2363,955046,2032300
3021,123,118,42468,2368,955164,2082600
3022,125,129,42343,2364,955293,1879100
3023,120,141,42223,2343,955434,1943000
3024,106,114,42117,2335,955548,1856800
3025,105,115,42012,2325,955663,1833400
3026,111,115,41901,2321,955778,1843300
3027,123,131,41778,2313,955909,1838000
3028,130,116,41648,2327,956025,1824200
3029,127,111,41521,2343,956136,1859600
3030,123,119,41398,2347,956255,1858700
3031,103,114,41295,2336,956369,1841100
3032,108,122,41187,2322,956491,1702000
3033,116,104,41071,2334,956595,1706000
3034,123,122,40948,2335,956717,1866400
3035,126,115,40822,2346,956832,1829500
3036,122,108,40700,2360,956940,1783100
3037,117,139,40583,2338,957079,1761100
3038,126,106,40457,2358,957185,1936600
3039,135,114,40322,2379,957299,1870900
3040,122,133,40200,2368,957432,1845000
3041,112,118,40088,2362,957550,3826500
3042,134,123,39954,2373,957673,2519900
3043,107,137,39847,2343,957810,2320200
3044,101,112,39746,2332,957922,2063200
3045,107,98,39639,2341,958020,1989900
3046,128,109,39511,2360,958129,2000700
3047,120,117,39391,2363,958246,1965000
3048,102,111,39289,2354,958357,1956400
3049,117,115,39172,2356,958472,1970500
3050,111,113,39061,2354,958585,2081100
3051,125,106,38936,2373,958691,1855900
3052,125,124,38811,2374,958815,1873500
3053,117,123,38694,2368,958938,2037600
3054,116,121,38578,2363,959059,2061600
3055,115,109,38463,2369,959168,1894600
3056,114,93,38349,2390,959261,1839000
3057,111,142,38238,2359,959403,1817300
3058,103,133,38135,2329,959536,1812100
3059,111,133,38024,2307,959669,1788000
3060,99,111,37925,2295,959780,1875000
3061,104,132,37821,2267,959912,1965400
3062,93,94,37728,2266,960006,1802600
3063,98,103,37630,2261,960109,1763100
3064,98,100,37532,2259,960209,2446400
3065,101,125,37431,2235,960334,2745600
3066,108,104,37323,2239,960438,2375600
3067,108,118,37215,2229,960556,2077000
3068,101,98,37114,2232,960654,2347600
3069,101,127,37013,2206,960781,2063700
3070,102,103,36911,2205,960884,2119300
3071,94,98,36817,2201,960982,1968200
3072,99,103,36718,2197,961085,2011600
3073,98,99,36620,2196,961184,1988600
3074,98,119,36522,2175,961303,1905700
3075,109,127,36413,2157,961430,1867600
3076,111,104,36302,2164,961534,1935600
3077,98,105,36204,2157,961639,1838400
3078,101,112,36103,2146,961751,1836500
3079,103,111,36000,2138,961862,1817600
3080,105,100,35895,2143,961962,2138200
3081,106,105,35789,2144,962067,1764400
3082,110,103,35679,2151,962170,1806900
3083,88,105,35591,2134,962275,2004200
3084,115,118,35476,2131,962393,1819100
3085,106,119,35370,2118,962512,1805500
3086,116,101,35254,2133,962613,1763000
3087,92,93,35162,2132,962706,1790700
3088,101,121,35061,2112,962827,1843100
3089,98,112,34963,2098,962939,2177700
3090,85,92,34878,2091,963031,2667200
3091,100,126,34778,2065,963157,2847800
3092,87,109,34691,2043,963266,2111000
3093,92,94,34599,2041,963360,2138600
3094,86,102,34513,2025,963462,2074700
3095,96,111,34417,2010,963573,2023000
3096,98,103,34319,2005,963676,2126200
3097,85,97,34234,1993,963773,2259900
3098,78,115,34156,1956,963888,2120500
3099,91,96,34065,1951,963984,2162300
3100,82,97,33983,1936,964081,2022300
3101,96,99,33887,1933,964180,2304100
3102,71,84,33816,1920,964264,1990400
3103,84,108,33732,1896,964372,2238400
3104,96,89,33636,1903,964461,1910300
3105,81,102,33555,1882,964563,1883000
3106,72,102,33483,1852,964665,1958500
3107,85,91,33398,1846,964756,1846500
3108,88,90,33310,1844,964846,1816700
3109,89,82,33221,1851,964928,1804800
3110,85,78,33136,1858,965006,2098700
3111,99,95,33037,1862,965101,1886300
3112,85,98,32952,1849,965199,1887000
3113,101,91,32851,1859,965290,2090100
3114,106,90,32745,1875,965380,2427200
3115,90,90,32655,1875,965470,2373900
3116,85,102,32570,1858,965572,2117600
3117,86,104,32484,1840,965676,2197600
3118,80,99,32404,1821,965775,2062000
3119,79,101,32325,1799,965876,1978000
3120,71,87,32254,1783,965963,1945000
3121,73,92,32181,1764,966055,2188400
3122,80,95,32101,1749,966150,1959600
3123,70,89,32031,1730,966239,1880500
3124,98,71,31933,1757,966310,1926600
3125,78,87,31855,1748,966397,2000300
3126,60,96,31795,1712,966493,1889800
3127,80,105,31715,1687,966598,1857800
3128,86,67,31629,1706,966665,1828100
3129,87,65,31542,1728,966730,1848800
3130,101,73,31441,1756,966803,1896300
3131,81,87,31360,1750,966890,2026800
3132,78,90,31282,1738,966980,1906400
3133,80,89,31202,1729,967069,1765400
3134,85,89,31117,1725,967158,1813000
3135,78,80,31039,1723,967238,1731300
3136,65,85,30974,1703,967323,1859500
3137,95,90,30879,1708,967413,1849800
3138,75,70,30804,1713,967483,2004000
3139,94,90,30710,1717,967573,2148100
3140,87,90,30623,1714,967663,3268600
3141,84,92,30539,1706,967755,2113400
3142,84,78,30455,1712,967833,2135100
3143,76,86,30379,1702,967919,2320000
3144,63,82,30316,1683,968001,2053300
3145,79,75,30237,1687,968076,2010700
3146,74,99,30163,1662,968175,1904200
3147,97,62,30066,1697,968237,1964300
3148,80,101,29986,1676,968338,2058700
3149,103,85,29883,1694,968423,1908700
3150,106,83,29777,1717,968506,1878000
3151,86,91,29691,1712,968597,1802500
3152,83,82,29608,1713,968679,1755900
3153,85,96,29523,1702,968775,1776100
3154,77,98,29446,1681,968873,1885300
3155,89,103,29357,1667,968976,2038900
3156,72,80,29285,1659,969056,1911100
3157,80,80,29205,1659,969136,1771200
3158,81,82,29124,1658,969218,1834700
3159,75,83,29049,1650,969301,1795800
3160,88,100,28961,1638,969401,1726300
3161,75,75,28886,1638,969476,1703200
3162,99,79,28787,1658,969555,1709900
3163,62,91,28725,1629,969646,1949700
3164,68,106,28657,1591,969752,2070800
3165,81,70,28576,1602,969822,3500900
3166,76,66,28500,1612,969888,2332600
3167,64,83,28436,1593,969971,2273700
3168,82,85,28354,1590,970056,1930900
3169,83,89,28271,1584,970145,2184600
3170,64,81,28207,1567,970226,2425700
3171,80,75,28127,1572,970301,2144900
3172,67,67,28060,1572,970368,2138900
3173,63,72,27997,1563,970440,2032600
3174,68,73,27929,1558,970513,2293300
3175,78,71,27851,1565,970584,2198000
3176,79,86,27772,1558,970670,2038800
3177,74,70,27698,1562,970740,2022200
3178,64,79,27634,1547,970819,1902400
3179,76,79,27558,1544,970898,1993000
3180,77,72,27481,1549,970970,1868900
3181,70,84,27411,1535,971054,1804200
3182,63,64,27348,1534,971118,1914800
3183,69,67,27279,1536,971185,1760500
3184,68,72,27211,1532,971257,1685900
3185,70,82,27141,1520,971339,1856700
3186,74,66,27067,1528,971405,2062300
3187,68,74,26999,1522,971479,1837400
3188,81,72,26918,1531,971551,1930400
3189,86,79,26832,1538,971630,2038000
3190,76,81,26756,1533,971711,1785500
3191,75,58,26681,1550,971769,1736200
3192,59,74,26622,1535,971843,1947600
3193,74,76,26548,1533,971919,1760100
3194,57,74,26491,1516,971993,1821200
3195,66,85,26425,1497,972078,1762200
3196,62,73,26363,1486,972151,1855900
3197,73,70,26290,1489,972221,1775100
3198,68,87,26222,1470,972308,1802000
3199,65,66,26157,1469,972374,1759200
3200,61,71,26096,1459,972445,1785300
3201,76,86,26020,1449,972531,1713200
3202,71,74,25949,1446,972605,1855600
3203,59,70,25890,1435,972675,1931400
3204,64,69,25826,1430,972744,1831400
3205,54,64,25772,1420,972808,1771100
3206,48,57,25724,1411,972865,1768800
3207,56,62,25668,1405,972927,1764900
3208,63,75,25605,1393,973002,1771400
3209,48,83,25557,1358,973085,1785900
3210,59,48,25498,1369,973133,1766600
3211,38,77,25460,1330,973210,1808100
3212,49,75,25411,1304,973285,1781100
3213,64,62,25347,1306,973347,1814600
3214,58,68,25289,1296,973415,1923000
3215,50,67,25239,1279,973482,1965700
3216,48,62,25191,1265,973544,3677900
3217,56,62,25135,1259,973606,3084800
3218,60,57,25075,1262,973663,2548900
3219,70,62,25005,1270,973725,2137200
3220,50,69,24955,1251,973794,2029400
3221,54,51,24901,1254,973845,1985300
3222,56,56,24845,1254,973901,2251100
3223,59,68,24786,1245,973969,2018200
3224,55,56,24731,1244,974025,2025700
3225,56,54,24675,1246,974079,1945800
3226,63,60,24612,1249,974139,1915600
3227,58,61,24554,1246,974200,2000900
3228,60,59,24494,1247,974259,1953200
3229,42,48,24452,1241,974307,2054300
3230,58,74,24394,1225,974381,1906200
3231,51,47,24343,1229,974428,1918500
3232,55,58,24288,1226,974486,1909400
3233,51,62,24237,1215,974548,1893700
3234,45,54,24192,1206,974602,1867800
3235,51,63,24141,1194,974665,1863300
3236,59,47,24082,1206,974712,1875000
3237,55,59,24027,1202,974771,2032300
3238,42,61,23985,1183,974832,3279400
3239,55,55,23930,1183,974887,2545400
3240,49,60,23881,1172,974947,2430700
3241,61,41,23820,1192,974988,2400300
3242,55,60,23765,1187,975048,2245700
3243,58,70,23707,1175,975118,2019100
3244,52,58,23655,1169,975176,2183500
3245,55,74,23600,1150,975250,2112900
3246,57,66,23543,1141,975316,2057700
3247,45,54,23498,1132,975370,2194100
3248,57,63,23441,1126,975433,2005100
3249,52,60,23389,1118,975493,1975300
3250,52,50,23337,1120,975543,2001500
3251,46,64,23291,1102,975607,1967900
3252,45,54,23246,1093,975661,1882800
3253,52,47,23194,1098,975708,1934600
3254,49,48,23145,1099,975756,1879500
3255,37,57,23108,1079,975813,1831700
3256,47,56,23061,1070,975869,1796400
3257,52,51,23009,1071,975920,2009000
3258,37,52,22972,1056,975972,2229100
3259,46,66,22926,1036,976038,2792900
3260,54,45,22872,1045,976083,2343100
3261,49,47,22823,1047,976130,2262200
3262,38,66,22785,1019,976196,2147900
3263,46,58,22739,1007,976254,1999100
3264,51,52,22688,1006,976306,2155200
3265,49,46,22639,1009,976352,2206100
3266,44,37,22595,1016,976389,2054600
3267,42,47,22553,1011,976436,1890500
3268,45,43,22508,1013,976479,1876700
3269,32,55,22476,990,976534,1830000
3270,38,57,22438,971,976591,1840800
3271,37,41,22401,967,976632,1841700
3272,32,48,22369,951,976680,1973900
3273,36,32,22333,955,976712,1881900
3274,47,57,22286,945,976769,1798100
3275,44,51,22242,938,976820,1864700
3276,35,49,22207,924,976869,1781300
3277,34,50,22173,908,976919,1784100
3278,49,40,22124,917,976959,1828400
3279,52,49,22072,920,977008,2007800
3280,38,39,22034,919,977047,2014400
3281,59,49,21975,929,977096,2156100
3282,37,44,21938,922,977140,2925100
3283,45,50,21893,917,977190,2632800
3284,39,51,21854,905,977241,2663100
3285,42,31,21812,916,977272,2128600
3286,31,47,21781,900,977319,2074500
3287,39,42,21742,897,977361,2080900
3288,37,43,21705,891,977404,2013700
3289,52,42,21653,901,977446,2204900
3290,42,45,21611,898,977491,1981600
3291,41,40,21570,899,977531,2263500
3292,54,44,21516,909,977575,1972000
3293,47,47,21469,909,977622,2053400
3294,33,64,21436,878,977686,1879300
3295,35,39,21401,874,977725,2022000
3296,41,42,21360,873,977767,2042500
3297,38,43,21322,868,977810,1832300
3298,45,43,21277,870,977853,1851000
3299,30,44,21247,856,977897,1817600
3300,41,35,21206,862,977932,1977700
3301,45,36,21161,871,977968,1988300
3302,42,40,21119,873,978008,3292100
3303,39,42,21080,870,978050,2627600
3304,37,30,21043,877,978080,2540300
3305,34,46,21009,865,978126,1971400
3306,35,45,20974,855,978171,2096100
3307,43,47,20931,851,978218,1879400
3308,37,37,20894,851,978255,1919200
3309,39,50,20855,840,978305,1888200
3310,46,45,20809,841,978350,1970200
3311,30,48,20779,823,978398,1870100
3312,42,46,20737,819,978444,1871000
3313,43,36,20694,826,978480,1772600
3314,31,31,20663,826,978511,1790000
3315,24,45,20639,805,978556,1843600
3316,27,44,20612,788,978600,1838500
3317,41,46,20571,783,978646,1752900
3318,38,47,20533,774,978693,1806700
3319,38,32,20495,780,978725,1907100
3320,29,30,20466,779,978755,1947700
3321,32,33,20434,778,978788,1816300
3322,30,39,20404,769,978827,1803000
3323,37,50,20367,756,978877,1836200
3324,31,46,20336,741,978923,1780800
3325,33,30,20303,744,978953,2029800
3326,28,42,20275,730,978995,2395500
3327,48,43,20227,735,979038,2379100
3328,32,38,20195,729,979076,2208500
3329,22,39,20173,712,979115,1936500
3330,42,31,20131,723,979146,1936500
3331,29,49,20102,703,979195,1949000
3332,41,30,20061,714,979225,1876000
3333,30,34,20031,710,979259,2034300
3334,34,36,19997,708,979295,2119800
3335,37,27,19960,718,979322,2028300
3336,38,36,19922,720,979358,1859900
3337,41,34,19881,727,979392,1810100
3338,36,34,19845,729,979426,1814500
3339,40,34,19805,735,979460,1826800
3340,40,49,19765,726,979509,1804500
3341,31,44,19734,713,979553,1844300
3342,37,25,19697,725,979578,1768400
3343,36,33,19661,728,979611,1669600
3344,26,31,19635,723,979642,1675300
3345,30,35,19605,718,979677,1796400
3346,34,32,19571,720,979709,1810700
3347,30,35,19541,715,979744,1837900
3348,38,39,19503,714,979783,2091800
3349,30,35,19473,709,979818,3153800
3350,35,32,19438,712,979850,2387600
3351,28,42,19410,698,979892,2288000
3352,36,29,19374,705,979921,1991000
3353,36,26,19338,715,979947,2072800
3354,37,29,19301,723,979976,2015300
3355,40,36,19261,727,980012,1961400
3356,31,37,19230,721,980049,1965700
3357,28,42,19202,707,980091,1817800
3358,41,26,19161,722,980117,1809600
3359,29,51,19132,700,980168,1802800
3360,36,30,19096,706,980198,1777300
3361,34,35,19062,705,980233,1785800
3362,25,31,19037,699,980264,1828400
3363,32,28,19005,703,980292,1835000
3364,27,30,18978,700,980322,1722700
3365,37,39,18941,698,980361,1805200
3366,34,35,18907,697,980396,1817300
3367,39,41,18868,695,980437,1799600
3368,39,37,18829,697,980474,1912200
3369,21,39,18808,679,980513,1824900
3370,30,35,18778,674,980548,2110900
3371,29,31,18749,672,980579,2097600
3372,23,31,18726,664,980610,4019700
3373,36,29,18690,671,980639,2765100
3374,40,26,18650,685,980665,2537400
3375,36,32,18614,689,980697,2175400
3376,32,37,18582,684,980734,1997200
3377,31,35,18551,680,980769,2177000
3378,25,26,18526,679,980795,2201600
3379,28,33,18498,674,980828,2036500
3380,32,42,18466,664,980870,1972600
3381,24,34,18442,654,980904,1884900
3382,27,28,18415,653,980932,2182100
3383,29,31,18386,651,980963,1872100
3384,24,30,18362,645,980993,1892800
3385,30,23,18332,652,981016,1815700
3386,32,37,18300,647,981053,1847900
3387,29,33,18271,643,981086,1822800
3388,30,39,18241,634,981125,1717100
3389,26,29,18215,631,981154,1829300
3390,29,38,18186,622,981192,2018400
3391,28,29,18158,621,981221,1822200
3392,31,29,18127,623,981250,1835800
3393,23,31,18104,615,981281,1842500
3394,30,23,18074,622,981304,1813100
3395,25,31,18049,616,981335,1849800
3396,28,28,18021,616,981363,2805400
3397,26,30,17995,612,981393,2491600
3398,25,25,17970,612,981418,2400600
3399,18,36,17952,594,981454,2164400
3400,30,27,17922,597,981481,2157200
3401,28,24,17894,601,981505,2001700
3402,36,34,17858,603,981539,2320700
3403,26,24,17832,605,981563,2038300
3404,21,27,17811,599,981590,2162400
3405,29,29,17782,599,981619,2205000
3406,26,30,17756,595,981649,2026000
3407,18,30,17738,583,981679,1911300
3408,18,29,17720,572,981708,1917800
3409,20,34,17700,558,981742,1939800
3410,20,41,17680,537,981783,1908200
3411,13,25,17667,525,981808,2257400
3412,24,29,17643,520,981837,1910200
3413,19,26,17624,513,981863,1890700
3414,15,27,17609,501,981890,1841100
3415,17,17,17592,501,981907,1889400
3416,17,34,17575,484,981941,1888500
3417,16,19,17559,481,981960,1829800
3418,21,21,17538,481,981981,1941300
3419,16,32,17522,465,982013,2167900
3420,17,23,17505,459,982036,2712500
3421,19,16,17486,462,982052,2495700
3422,26,26,17460,462,982078,2372900
3423,19,15,17441,466,982093,2273600
3424,17,18,17424,465,982111,2353600
3425,22,21,17402,466,982132,2091300
3426,26,25,17376,467,982157,2148900
3427,20,25,17356,462,982182,2264000
3428,21,22,17335,461,982204,2393800
3429,17,27,17318,451,982231,1994900
3430,19,17,17299,453,982248,1887700
3431,19,26,17280,446,982274,1897600
3432,28,19,17252,455,982293,1883700
3433,23,23,17229,455,982316,1912400
3434,13,23,17216,445,982339,1893400
3435,16,28,17200,433,982367,2192900
3436,17,20,17183,430,982387,1847800
3437,16,20,17167,426,982407,1874400
3438,16,20,17151,422,982427,1825900
3439,20,26,17131,416,982453,1804500
3440,16,16,17115,416,982469,2320000
3441,15,14,17100,417,982483,2445500
3442,24,25,17076,416,982508,3134900
3443,16,18,17060,414,982526,2391300
3444,14,28,17046,400,982554,2087500
3445,29,23,17017,406,982577,2278300
3446,15,24,17002,397,982601,4841200
3447,22,20,16980,399,982621,2307800
3448,19,22,16961,396,982643,2128100
3449,26,23,16935,399,982666,2409400
3450,20,16,16915,403,982682,2347400
3451,32,16,16883,419,982698,2395500
3452,21,27,16862,413,982725,2270500
3453,19,20,16843,412,982745,2220900
3454,23,15,16820,420,982760,2011400
3455,14,27,16806,407,982787,1896600
3456,23,23,16783,407,982810,1941600
3457,22,20,16761,409,982830,1868800
3458,14,33,16747,390,982863,1889400
3459,15,12,16732,393,982875,2133800
3460,18,21,16714,390,982896,1991800
3461,20,22,16694,388,982918,2192300
3462,23,15,16671,396,982933,2542200
3463,23,17,16648,402,982950,2555500
3464,23,25,16625,400,982975,2377800
3465,17,12,16608,405,982987,2351800
3466,18,29,16590,394,983016,2234800
3467,19,15,16571,398,983031,2168500
3468,16,28,16555,386,983059,2573500
3469,18,12,16537,392,983071,2370000
3470,14,21,16523,385,983092,2010900
3471,23,18,16500,390,983110,2407100
3472,15,12,16485,393,983122,2126200
3473,23,16,16462,400,983138,1899100
3474,14,22,16448,392,983160,1934700
3475,16,21,16432,387,983181,1835800
3476,21,16,16411,392,983197,1831900
3477,20,13,16391,399,983210,1922300
3478,19,16,16372,402,983226,2065700
3479,20,17,16352,405,983243,2676300
3480,16,19,16336,402,983262,3015500
3481,26,29,16310,399,983291,2203800
3482,17,21,16293,395,983312,2223200
3483,13,17,16280,391,983329,2144300
3484,14,24,16266,381,983353,2083300
3485,16,19,16250,378,983372,2063000
3486,14,14,16236,378,983386,2194800
3487,15,20,16221,373,983406,2030100
3488,11,31,16210,353,983437,1992300
3489,15,20,16195,348,983457,2078900
3490,14,16,16181,346,983473,1971700
3491,15,23,16166,338,983496,2096700
3492,10,14,16156,334,983510,1911500
3493,13,19,16143,328,983529,1974800
3494,9,20,16134,317,983549,1866300
3495,19,13,16115,323,983562,1854800
3496,10,22,16105,311,983584,1951100
3497,13,11,16092,313,983595,1887100
3498,12,15,16080,310,983610,2092600
3499,14,17,16066,307,983627,1918200
3500,15,11,16051,311,983638,2069600
3501,11,16,16040,306,983654,2390800
3502,12,13,16028,305,983667,2347700
3503,13,20,16015,298,983687,2424900
3504,11,6,16004,303,983693,2227900
3505,18,15,15986,306,983708,2218400
3506,11,13,15975,304,983721,2036100
3507,22,12,15953,314,983733,2321200
3508,16,9,15937,321,983742,1979200
3509,13,14,15924,320,983756,2124900
3510,12,17,15912,315,983773,2073100
3511,11,16,15901,310,983789,1907100
3512,7,15,15894,302,983804,2103900
3513,19,13,15875,308,983817,1862000
3514,17,20,15858,305,983837,1921000
3515,17,9,15841,313,983846,3634300
3516,13,18,15828,308,983864,3569900
3517,15,8,15813,315,983872,2803700
3518,11,8,15802,318,983880,2083600
3519,12,16,15790,314,983896,1902100
3520,17,13,15773,318,983909,2132400
3521,13,17,15760,314,983926,4181900
3522,12,15,15748,311,983941,2655500
3523,15,20,15733,306,983961,2303700
3524,18,10,15715,314,983971,2038900
3525,14,15,15701,313,983986,2267400
3526,9,14,15692,308,984000,2215500
3527,12,10,15680,310,984010,1885800
3528,12,22,15668,300,984032,1842700
3529,16,16,15652,300,984048,1991200
3530,8,7,15644,301,984055,1901300
3531,10,17,15634,294,984072,3649100
3532,11,14,15623,291,984086,5311400
3533,10,12,15613,289,984098,2188600
3534,15,14,15598,290,984112,1977500
3535,15,10,15583,295,984122,5151000
3536,14,15,15569,294,984137,5530200
3537,17,22,15552,289,984159,2755700
3538,11,17,15541,283,984176,13941000
3539,12,13,15529,282,984189,2239000
3540,11,8,15518,285,984197,3630700
3541,7,15,15511,277,984212,3188200
3542,14,13,15497,278,984225,2424900
3543,6,15,15491,269,984240,2054300
3544,5,17,15486,257,984257,1974600
3545,13,16,15473,254,984273,2030400
3546,11,12,15462,253,984285,5074700
3547,9,13,15453,249,984298,2765000
3548,7,13,15446,243,984311,2290500
3549,13,18,15433,238,984329,5358100
3550,10,10,15423,238,984339,3512200
3551,13,14,15410,237,984353,3074100
3552,9,12,15401,234,984365,2494000
3553,9,16,15392,227,984381,2341900
3554,7,8,15385,226,984389,2130700
3555,8,11,15377,223,984400,2274600
3556,8,7,15369,224,984407,2549400
3557,6,14,15363,216,984421,2340700
3558,9,9,15354,216,984430,1909200
3559,6,10,15348,212,984440,1820300
3560,9,14,15339,207,984454,1827400
3561,9,12,15330,204,984466,4610100
3562,9,11,15321,202,984477,2796200
3563,9,6,15312,205,984483,2157800
3564,9,8,15303,206,984491,7439600
3565,18,17,15285,207,984508,4031900
3566,9,8,15276,208,984516,2578900
3567,10,7,15266,211,984523,2056100
3568,8,11,15258,208,984534,1984800
3569,7,10,15251,205,984544,1998200
3570,7,11,15244,201,984555,1972300
3571,9,17,15235,193,984572,2177600
3572,12,6,15223,199,984578,1843300
3573,8,10,15215,197,984588,1851200
3574,9,9,15206,197,984597,1827800
3575,9,11,15197,195,984608,1923700
3576,13,11,15184,197,984619,1852500
3577,7,10,15177,194,984629,2267100
3578,9,9,15168,194,984638,2843100
3579,5,11,15163,188,984649,3601800
3580,5,9,15158,184,984658,2103900
3581,3,9,15155,178,984667,9656600
3582,4,5,15151,177,984672,3521500
3583,10,17,15141,170,984689,2523900
3584,3,7,15138,166,984696,2445200
3585,6,10,15132,162,984706,2147600
3586,3,6,15129,159,984712,2026500
3587,3,5,15126,157,984717,1998600
3588,8,6,15118,159,984723,2000300
3589,4,13,15114,150,984736,1848500
3590,5,6,15109,149,984742,1886100
3591,4,10,15105,143,984752,1860600
3592,4,10,15101,137,984762,1805300
3593,2,10,15099,129,984772,1794200
3594,2,4,15097,127,984776,2256200
3595,5,5,15092,127,984781,3825200
3596,9,4,15083,132,984785,2434700
3597,4,7,15079,129,984792,2757700
3598,1,8,15078,122,984800,6128700
3599,4,6,15074,120,984806,3760100
3600,4,4,15070,120,984810,2785700
3601,5,4,15065,121,984814,2421300
3602,4,6,15061,119,984820,2055900
3603,4,5,15057,118,984825,1978200
3604,1,3,15056,116,984828,2034900
3605,3,6,15053,113,984834,2330200
3606,3,3,15050,113,984837,2376600
3607,0,5,15050,108,984842,1870400
3608,2,6,15048,104,984848,1920300
3609,3,4,15045,103,984852,1838700
3610,2,6,15043,99,984858,1952500
3611,3,5,15040,97,984863,5388200
3612,4,6,15036,95,984869,3919600
3613,3,4,15033,94,984873,2409700
3614,2,3,15031,93,984876,6657400
3615,4,0,15027,97,984876,3687600
3616,2,5,15025,94,984881,2924300
3617,1,1,15024,94,984882,2813200
3618,2,4,15022,92,984886,2223300
3619,2,3,15020,91,984889,2369100
3620,2,6,15018,87,984895,2235600
3621,1,4,15017,84,984899,2462400
3622,1,6,15016,79,984905,2056300
3623,2,5,15014,76,984910,1994700
3624,0,4,15014,72,984914,2086900
3625,1,4,15013,69,984918,2786900
3626,0,5,15013,64,984923,4310100
3627,0,1,15013,63,984924,2732400
3628,1,1,15012,63,984925,2260100
3629,1,2,15011,62,984927,8715100
3630,1,1,15010,62,984928,3249000
3631,0,2,15010,60,984930,2270200
3632,0,4,15010,56,984934,2321200
3633,0,4,15010,52,984938,2333100
3634,0,4,15010,48,984942,2508900
3635,1,2,15009,47,984944,2214500
3636,0,2,15009,45,984946,2355000
3637,0,4,15009,41,984950,1917700
3638,0,3,15009,38,984953,1939400
3639,0,1,15009,37,984954,1947900
3640,0,5,15009,32,984959,3735600
3641,0,0,15009,32,984959,3250100
3642,0,1,15009,31,984960,2858800
3643,0,1,15009,30,984961,2451300
3644,0,2,15009,28,984963,8350100
3645,0,1,15009,27,984964,4123000
3646,0,1,15009,26,984965,2339100
3647,0,1,15009,25,984966,2052000
3648,1,1,15008,25,984967,1972000
3649,0,1,15008,24,984968,2158000
3650,0,0,15008,24,984968,2065900
3651,0,0,15008,24,984968,2032300
3652,0,2,15008,22,984970,1870500
3653,0,2,15008,20,984972,1865700
3654,0,1,15008,19,984973,1836100
3655,0,0,15008,19,984973,1852600
3656,0,0,15008,19,984973,4591700
3657,0,0,15008,19,984973,3785700
3658,0,1,15008,18,984974,2604800
3659,0,1,15008,17,984975,7029800
3660,0,0,15008,17,984975,3461100
3661,0,0,15008,17,984975,2590200
3662,0,0,15008,17,984975,2457700
3663,0,1,15008,16,984976,1998200
3664,0,1,15008,15,984977,1986900
3665,0,3,15008,12,984980,2001600
3666,0,1,15008,11,984981,2076500
3667,0,0,15008,11,984981,2307300
3668,0,1,15008,10,984982,2158900
3669,0,1,15008,9,984983,2000700
3670,0,0,15008,9,984983,1967200
3671,0,0,15008,9,984983,1914300
3672,0,1,15008,8,984984,3592900
3673,0,1,15008,7,984985,2324000
3674,0,0,15008,7,984985,1955300
3675,0,0,15008,7,984985,1925100
3676,0,0,15008,7,984985,1935400
3677,0,0,15008,7,984985,3526400
3678,0,0,15008,7,984985,4454900
3679,0,0,15008,7,984985,2894500
3680,0,2,15008,5,984987,2666100
3681,0,0,15008,5,984987,4908000
3682,0,0,15008,5,984987,7595200
3683,0,0,15008,5,984987,2842900
3684,0,1,15008,4,984988,2105900
3685,0,0,15008,4,984988,2080500
3686,0,1,15008,3,984989,3020200
3687,0,0,15008,3,984989,4001500
3688,0,0,15008,3,984989,4194800
3689,0,0,15008,3,984989,2757900
3690,0,0,15008,3,984989,4060900
3691,0,0,15008,3,984989,4459000
3692,0,0,15008,3,984989,5517200
3693,0,1,15008,2,984990,2983500
3694,0,0,15008,2,984990,2312900
3695,0,2,15008,0,984992,2244700
