Tick,NewlyInfected,NewlyRecovered,TotalSusceptible,TotalInfected,TotalRecovered,StepTimeNanos
0,1,0,999994,6,0,2092700
1,3,0,999991,9,0,1822000
2,3,0,999988,12,0,1767200
3,0,1,999988,11,1,1746500
4,5,1,999983,15,2,1735400
5,2,1,999981,16,3,1761700
6,3,1,999978,18,4,2088900
7,5,1,999973,22,5,1750000
8,7,1,999966,28,6,2009800
9,6,3,999960,31,9,1988000
10,6,2,999954,35,11,1796400
11,4,3,999950,36,14,1730600
12,7,0,999943,43,14,1712100
13,7,2,999936,48,16,1737100
14,9,2,999927,55,18,1782700
15,8,2,999919,61,20,1786300
16,5,1,999914,65,21,1864400
17,7,2,999907,70,23,1708900
18,12,3,999895,79,26,1702300
19,7,3,999888,83,29,1766800
20,9,3,999879,89,32,1771100
21,10,8,999869,91,40,1774200
22,14,4,999855,101,44,1649200
23,11,2,999844,110,46,1655700
24,12,8,999832,114,54,1769200
25,17,4,999815,127,58,1759900
26,11,5,999804,133,63,1673000
27,16,8,999788,141,71,1664900
28,23,9,999765,155,80,1791900
29,21,16,999744,160,96,1960200
30,16,8,999728,168,104,1815000
31,13,14,999715,167,118,1686400
32,16,7,999699,176,125,1658000
33,12,13,999687,175,138,1715800
34,14,12,999673,177,150,1775500
35,14,9,999659,182,159,1745000
36,16,12,999643,186,171,1703700
37,22,7,999621,201,178,1939300
38,21,14,999600,208,192,1742900
39,22,11,999578,219,203,2012600
40,25,15,999553,229,218,2018100
41,27,14,999526,242,232,1958300
42,25,12,999501,255,244,2543000
43,26,7,999475,274,251,3265600
44,23,17,999452,280,268,5498200
45,26,19,999426,287,287,2503300
46,26,15,999400,298,302,2310700
47,27,12,999373,313,314,9306500
48,32,15,999341,330,329,2503200
49,34,11,999307,353,340,2055100
50,33,18,999274,368,358,4345800
51,25,21,999249,372,379,2438700
52,24,24,999225,372,403,2097300
53,34,17,999191,389,420,2060200
54,27,24,999164,392,444,1917900
55,35,17,999129,410,461,2270400
56,32,12,999097,430,473,2028900
57,31,25,999066,436,498,2145200
58,31,28,999035,439,526,2206500
59,32,32,999003,439,558,1947500
60,36,25,998967,450,583,1937700
61,39,15,998928,474,598,1949600
62,32,21,998896,485,619,1914200
63,39,17,998857,507,636,2025200
64,33,22,998824,518,658,2133100
65,45,26,998779,537,684,2006200
66,44,33,998735,548,717,2401200
67,34,34,998701,548,751,1916800
68,38,24,998663,562,775,2008200
69,36,27,998627,571,802,1911600
70,42,24,998585,589,826,1767400
71,51,35,998534,605,861,1823800
72,38,30,998496,613,891,1780900
73,45,19,998451,639,910,1792400
74,47,40,998404,646,950,1780100
75,41,27,998363,660,977,1794800
76,48,37,998315,671,1014,1796200
77,56,45,998259,682,1059,2091300
78,52,37,998207,697,1096,1835200
79,62,29,998145,730,1125,1789200
80,43,38,998102,735,1163,1894700
81,52,46,998050,741,1209,1781900
82,64,32,997986,773,1241,1751900
83,41,46,997945,768,1287,1770900
84,67,35,997878,800,1322,1984200
85,60,49,997818,811,1371,2094800
86,59,41,997759,829,1412,1813100
87,73,48,997686,854,1460,1830400
88,61,56,997625,859,1516,2185700
89,60,46,997565,873,1562,2028800
90,66,49,997499,890,1611,1779800
91,75,47,997424,918,1658,1836200
92,63,35,997361,946,1693,1812500
93,67,51,997294,962,1744,1831300
94,72,45,997222,989,1789,2262900
95,57,62,997165,984,1851,2048900
96,66,55,997099,995,1906,1801000
97,53,46,997046,1002,1952,1890700
98,68,57,996978,1013,2009,1908800
99,61,44,996917,1030,2053,1812300
100,58,54,996859,1034,2107,1811100
101,54,59,996805,1029,2166,1934700
102,76,42,996729,1063,2208,1798600
103,74,39,996655,1098,2247,1878400
104,68,47,996587,1119,2294,1873700
105,68,59,996519,1128,2353,1884800
106,74,47,996445,1155,2400,1951600
107,60,58,996385,1157,2458,1856500
108,77,54,996308,1180,2512,1770000
109,74,54,996234,1200,2566,1908500
110,71,65,996163,1206,2631,1836200
111,93,61,996070,1238,2692,1732600
112,73,56,995997,1255,2748,2183700
113,64,74,995933,1245,2822,1710700
114,72,59,995861,1258,2881,1825600
115,70,57,995791,1271,2938,1787600
116,74,54,995717,1291,2992,1749700
117,61,58,995656,1294,3050,1730400
118,89,58,995567,1325,3108,2210300
119,66,60,995501,1331,3168,1808300
120,94,67,995407,1358,3235,1864000
121,63,73,995344,1348,3308,1821000
122,86,59,995258,1375,3367,1929100
123,80,73,995178,1382,3440,1774900
124,97,83,995081,1396,3523,1842200
125,67,65,995014,1398,3588,1887000
126,84,83,994930,1399,3671,1844000
127,88,75,994842,1412,3746,1850500
128,82,67,994760,1427,3813,1799400
129,81,55,994679,1453,3868,2603100
130,90,74,994589,1469,3942,1855600
131,88,67,994501,1490,4009,1752700
132,85,79,994416,1496,4088,2213600
133,86,57,994330,1525,4145,1815800
134,92,72,994238,1545,4217,1792500
135,93,87,994145,1551,4304,1827400
136,78,72,994067,1557,4376,1881000
137,105,76,993962,1586,4452,1831400
138,106,84,993856,1608,4536,1798200
139,101,84,993755,1625,4620,1791800
140,90,70,993665,1645,4690,1814000
141,112,90,993553,1667,4780,1835200
142,94,86,993459,1675,4866,2053700
143,108,77,993351,1706,4943,1775900
144,113,95,993238,1724,5038,2073900
145,107,88,993131,1743,5126,1799000
146,104,93,993027,1754,5219,1759900
147,113,101,992914,1766,5320,1770800
148,97,81,992817,1782,5401,1753900
149,99,74,992718,1807,5475,2001200
150,120,91,992598,1836,5566,2025900
151,108,107,992490,1837,5673,2017000
152,121,78,992369,1880,5751,1852200
153,118,106,992251,1892,5857,1823500
154,110,97,992141,1905,5954,1814300
155,127,91,992014,1941,6045,1772300
156,109,101,991905,1949,6146,1730500
157,130,105,991775,1974,6251,1743000
158,120,93,991655,2001,6344,2233800
159,139,114,991516,2026,6458,1876800
160,120,97,991396,2049,6555,1843000
161,109,107,991287,2051,6662,1890900
162,140,105,991147,2086,6767,1945300
163,112,101,991035,2097,6868,1991500
164,139,105,990896,2131,6973,2091100
165,125,103,990771,2153,7076,2159600
166,141,101,990630,2193,7177,1949700
167,143,100,990487,2236,7277,1964900
168,156,113,990331,2279,7390,2014600
169,124,120,990207,2283,7510,1968500
170,122,99,990085,2306,7609,1966400
171,147,91,989938,2362,7700,1874300
172,145,116,989793,2391,7816,2048800
173,145,115,989648,2421,7931,1870800
174,154,125,989494,2450,8056,1836700
175,146,102,989348,2494,8158,1867100
176,163,143,989185,2514,8301,2007800
177,155,110,989030,2559,8411,1840100
178,150,113,988880,2596,8524,1927400
179,150,125,988730,2621,8649,1814300
180,125,115,988605,2631,8764,1824800
181,164,130,988441,2665,8894,1839200
182,136,151,988305,2650,9045,2084600
183,119,124,988186,2645,9169,1866400
184,137,133,988049,2649,9302,1866200
185,149,155,987900,2643,9457,1861200
186,173,132,987727,2684,9589,1856900
187,141,133,987586,2692,9722,1827400
188,145,111,987441,2726,9833,1831100
189,140,138,987301,2728,9971,1832100
190,152,143,987149,2737,10114,1924300
191,156,139,986993,2754,10253,1892700
192,154,131,986839,2777,10384,1859600
193,145,127,986694,2795,10511,1874700
194,145,137,986549,2803,10648,1869300
195,157,142,986392,2818,10790,1773400
196,140,120,986252,2838,10910,2066100
197,156,156,986096,2838,11066,1848100
198,153,133,985943,2858,11199,1804700
199,166,142,985777,2882,11341,2068600
200,136,134,985641,2884,11475,1808400
201,141,158,985500,2867,11633,1854400
202,163,157,985337,2873,11790,1990600
203,169,131,985168,2911,11921,1794600
204,162,156,985006,2917,12077,2099100
205,166,138,984840,2945,12215,1910900
206,165,151,984675,2959,12366,1824100
207,170,142,984505,2987,12508,2020700
208,162,143,984343,3006,12651,2046000
209,152,154,984191,3004,12805,2024800
210,146,137,984045,3013,12942,1778100
211,177,163,983868,3027,13105,1765000
212,176,158,983692,3045,13263,1806300
213,175,165,983517,3055,13428,1834500
214,170,154,983347,3071,13582,1828500
215,179,179,983168,3071,13761,1739900
216,180,152,982988,3099,13913,1758500
217,178,147,982810,3130,14060,1847200
218,158,164,982652,3124,14224,1697500
219,184,178,982468,3130,14402,1788900
220,177,152,982291,3155,14554,1787100
221,178,141,982113,3192,14695,1707100
222,168,163,981945,3197,14858,1877300
223,166,175,981779,3188,15033,1861900
224,183,153,981596,3218,15186,1763400
225,165,145,981431,3238,15331,1678700
226,185,156,981246,3267,15487,1729800
227,189,166,981057,3290,15653,2020000
228,181,145,980876,3326,15798,2332900
229,164,144,980712,3346,15942,2036100
230,179,172,980533,3353,16114,1802400
231,177,171,980356,3359,16285,2018900
232,169,178,980187,3350,16463,1874700
233,177,174,980010,3353,16637,1696100
234,204,159,979806,3398,16796,1786300
235,198,176,979608,3420,16972,1682100
236,176,162,979432,3434,17134,1683300
237,195,184,979237,3445,17318,1814400
238,162,159,979075,3448,17477,1686400
239,168,162,978907,3454,17639,1705600
240,191,163,978716,3482,17802,1837200
241,192,183,978524,3491,17985,1795200
242,190,198,978334,3483,18183,1791100
243,175,175,978159,3483,18358,1736000
244,175,187,977984,3471,18545,1957700
245,177,168,977807,3480,18713,1833400
246,159,190,977648,3449,18903,1806900
247,179,149,977469,3479,19052,1814400
248,174,167,977295,3486,19219,1837500
249,191,177,977104,3500,19396,1984400
250,169,180,976935,3489,19576,1773900
251,192,194,976743,3487,19770,1682800
252,168,165,976575,3490,19935,1689700
253,174,185,976401,3479,20120,2210500
254,178,195,976223,3462,20315,1836600
255,177,177,976046,3462,20492,1938500
256,187,170,975859,3479,20662,1754200
257,209,185,975650,3503,20847,2106900
258,187,192,975463,3498,21039,1964000
259,194,193,975269,3499,21232,2516100
260,191,167,975078,3523,21399,2121100
261,204,176,974874,3551,21575,2085400
262,200,177,974674,3574,21752,2227200
263,195,172,974479,3597,21924,2173800
264,185,188,974294,3594,22112,2071300
265,169,194,974125,3569,22306,2057300
266,186,180,973939,3575,22486,1943900
267,201,143,973738,3633,22629,1921500
268,198,175,973540,3656,22804,1924900
269,180,205,973360,3631,23009,1930800
270,187,175,973173,3643,23184,1984400
271,186,179,972987,3650,23363,1912600
272,184,194,972803,3640,23557,1946500
273,200,177,972603,3663,23734,2020800
274,208,169,972395,3702,23903,1957800
275,235,177,972160,3760,24080,2037600
276,204,206,971956,3758,24286,2097400
277,204,202,971752,3760,24488,2302900
278,213,194,971539,3779,24682,2001600
279,214,176,971325,3817,24858,2029100
280,218,189,971107,3846,25047,2004200
281,182,192,970925,3836,25239,1932000
282,192,184,970733,3844,25423,1892400
283,203,202,970530,3845,25625,1933000
284,202,164,970328,3883,25789,1914500
285,205,188,970123,3900,25977,1924400
286,211,214,969912,3897,26191,1949100
287,188,202,969724,3883,26393,1990300
288,195,176,969529,3902,26569,1956600
289,194,195,969335,3901,26764,1890000
290,220,174,969115,3947,26938,1865800
291,217,207,968898,3957,27145,1871900
292,211,191,968687,3977,27336,1816200
293,217,194,968470,4000,27530,1900200
294,206,219,968264,3987,27749,1863200
295,211,227,968053,3971,27976,1915100
296,211,214,967842,3968,28190,1913600
297,193,183,967649,3978,28373,1894100
298,165,209,967484,3934,28582,1951400
299,183,212,967301,3905,28794,1945200
300,190,179,967111,3916,28973,2040900
301,205,200,966906,3921,29173,2026000
302,214,182,966692,3953,29355,1955800
303,184,162,966508,3975,29517,2024700
304,191,209,966317,3957,29726,2009400
305,209,209,966108,3957,29935,1931600
306,211,186,965897,3982,30121,2028900
307,202,197,965695,3987,30318,2000900
308,185,212,965510,3960,30530,1987700
309,204,211,965306,3953,30741,2007300
310,197,172,965109,3978,30913,1987700
311,220,177,964889,4021,31090,2061000
312,221,213,964668,4029,31303,1998000
313,201,187,964467,4043,31490,2025000
314,200,174,964267,4069,31664,2077600
315,197,192,964070,4074,31856,2081900
316,203,184,963867,4093,32040,1993200
317,203,215,963664,4081,32255,2151600
318,185,205,963479,4061,32460,2158400
319,203,235,963276,4029,32695,2131700
320,182,187,963094,4024,32882,2171800
321,190,215,962904,3999,33097,2084300
322,201,200,962703,4000,33297,2118200
323,208,207,962495,4001,33504,2084900
324,213,198,962282,4016,33702,2281500
325,209,211,962073,4014,33913,2205100
326,234,223,961839,4025,34136,2142700
327,209,182,961630,4052,34318,2181900
328,193,197,961437,4048,34515,2146600
329,225,205,961212,4068,34720,2249700
330,209,228,961003,4049,34948,2292200
331,210,181,960793,4078,35129,2152600
332,208,202,960585,4084,35331,2191900
333,218,193,960367,4109,35524,2142300
334,222,202,960145,4129,35726,2215900
335,227,194,959918,4162,35920,2095100
336,218,198,959700,4182,36118,2112200
337,213,241,959487,4154,36359,2163300
338,201,239,959286,4116,36598,2259500
339,204,215,959082,4105,36813,2230500
340,222,240,958860,4087,37053,2055000
341,214,219,958646,4082,37272,2033800
342,231,194,958415,4119,37466,2007900
343,213,228,958202,4104,37694,1996200
344,216,205,957986,4115,37899,1997600
345,216,203,957770,4128,38102,2086900
346,217,239,957553,4106,38341,2128400
347,216,209,957337,4113,38550,2165900
348,229,223,957108,4119,38773,2134200
349,208,242,956900,4085,39015,2070700
350,211,207,956689,4089,39222,2024300
351,231,217,956458,4103,39439,2093500
352,210,217,956248,4096,39656,2036200
353,227,195,956021,4128,39851,2091100
354,234,191,955787,4171,40042,2272300
355,254,211,955533,4214,40253,2440400
356,247,222,955286,4239,40475,2324000
357,256,214,955030,4281,40689,2207300
358,231,214,954799,4298,40903,2124900
359,249,218,954550,4329,41121,2158600
360,206,191,954344,4344,41312,2326800
361,223,209,954121,4358,41521,2274900
362,238,193,953883,4403,41714,2200500
363,248,211,953635,4440,41925,2205800
364,215,240,953420,4415,42165,2191100
365,258,211,953162,4462,42376,2112700
366,268,225,952894,4505,42601,2059700
367,268,211,952626,4562,42812,2417600
368,256,231,952370,4587,43043,2115800
369,258,252,952112,4593,43295,2293400
370,261,236,951851,4618,43531,2187100
371,231,232,951620,4617,43763,2125500
372,251,217,951369,4651,43980,2037400
373,246,236,951123,4661,44216,2018600
374,265,224,950858,4702,44440,2044800
375,265,219,950593,4748,44659,2131200
376,245,235,950348,4758,44894,2058000
377,265,244,950083,4779,45138,1967700
378,231,264,949852,4746,45402,2028100
379,258,249,949594,4755,45651,1918800
380,289,222,949305,4822,45873,1937200
381,282,234,949023,4870,46107,1948400
382,265,234,948758,4901,46341,1985400
383,259,228,948499,4932,46569,2165500
384,249,246,948250,4935,46815,2061700
385,253,242,947997,4946,47057,1997100
386,265,229,947732,4982,47286,1988600
387,247,257,947485,4972,47543,1984100
388,279,236,947206,5015,47779,2054200
389,280,256,946926,5039,48035,1947500
390,270,264,946656,5045,48299,1976200
391,259,254,946397,5050,48553,1937900
392,274,240,946123,5084,48793,2095800
393,261,236,945862,5109,49029,2140300
394,252,264,945610,5097,49293,2012500
395,251,254,945359,5094,49547,2030000
396,298,259,945061,5133,49806,2152400
397,290,273,944771,5150,50079,2177400
398,269,270,944502,5149,50349,2309000
399,250,234,944252,5165,50583,2188700
400,306,288,943946,5183,50871,2086800
401,262,236,943684,5209,51107,2125900
402,235,276,943449,5168,51383,2194100
403,260,256,943189,5172,51639,2138900
404,252,236,942937,5188,51875,2094800
405,248,268,942689,5168,52143,2065400
406,275,258,942414,5185,52401,2165900
407,261,265,942153,5181,52666,2114200
408,252,283,941901,5150,52949,2049500
409,268,252,941633,5166,53201,2200700
410,266,265,941367,5167,53466,2023700
411,248,269,941119,5146,53735,2157700
412,260,245,940859,5161,53980,2273600
413,248,267,940611,5142,54247,2264400
414,253,296,940358,5099,54543,2239900
415,229,247,940129,5081,54790,2171600
416,255,265,939874,5071,55055,2016200
417,260,247,939614,5084,55302,2156800
418,225,225,939389,5084,55527,2141000
419,246,256,939143,5074,55783,1995500
420,261,257,938882,5078,56040,2425600
421,250,240,938632,5088,56280,2070600
422,231,247,938401,5072,56527,2028400
423,242,239,938159,5075,56766,2007300
424,248,259,937911,5064,57025,2162900
425,240,230,937671,5074,57255,2004400
426,261,252,937410,5083,57507,2122000
427,283,256,937127,5110,57763,2441000
428,283,257,936844,5136,58020,2237700
429,261,277,936583,5120,58297,2147800
430,286,261,936297,5145,58558,1985800
431,257,257,936040,5145,58815,2038400
432,258,270,935782,5133,59085,1916400
433,258,257,935524,5134,59342,1984800
434,254,240,935270,5148,59582,1948100
435,248,261,935022,5135,59843,2032400
436,250,279,934772,5106,60122,2049700
437,284,227,934488,5163,60349,2043000
438,236,258,934252,5141,60607,1959400
439,259,247,933993,5153,60854,1925800
440,293,248,933700,5198,61102,2035900
441,262,266,933438,5194,61368,2123300
442,287,261,933151,5220,61629,1950900
443,267,279,932884,5208,61908,1945400
444,264,244,932620,5228,62152,1924000
445,289,257,932331,5260,62409,2582300
446,279,246,932052,5293,62655,2137100
447,294,272,931758,5315,62927,2004200
448,269,262,931489,5322,63189,2010000
449,297,271,931192,5348,63460,1964700
450,289,276,930903,5361,63736,2103300
451,285,286,930618,5360,64022,1940900
452,287,265,930331,5382,64287,1979300
453,296,236,930035,5442,64523,2069100
454,302,258,929733,5486,64781,2228800
455,319,279,929414,5526,65060,1959600
456,279,284,929135,5521,65344,2112500
457,276,256,928859,5541,65600,1960500
458,296,312,928563,5525,65912,1969500
459,262,238,928301,5549,66150,2096600
460,305,265,927996,5589,66415,2272400
461,296,269,927700,5616,66684,1970500
462,289,277,927411,5628,66961,1938300
463,303,272,927108,5659,67233,2152300
464,293,316,926815,5636,67549,1982600
465,305,287,926510,5654,67836,1962500
466,304,273,926206,5685,68109,1916200
467,289,297,925917,5677,68406,2073800
468,281,266,925636,5692,68672,1940800
469,304,285,925332,5711,68957,2003800
470,285,279,925047,5717,69236,1937900
471,298,284,924749,5731,69520,1985000
472,291,271,924458,5751,69791,2152100
473,294,265,924164,5780,70056,1933900
474,282,288,923882,5774,70344,2072800
475,287,279,923595,5782,70623,1949800
476,323,295,923272,5810,70918,1945600
477,306,284,922966,5832,71202,1939300
478,315,283,922651,5864,71485,1935000
479,316,274,922335,5906,71759,1929700
480,328,317,922007,5917,72076,2021500
481,288,299,921719,5906,72375,2219600
482,311,292,921408,5925,72667,1964500
483,283,303,921125,5905,72970,1964300
484,288,297,920837,5896,73267,1976200
485,321,273,920516,5944,73540,1971100
486,325,309,920191,5960,73849,1948000
487,322,283,919869,5999,74132,1947300
488,309,310,919560,5998,74442,2047800
489,309,293,919251,6014,74735,2054900
490,278,311,918973,5981,75046,2002000
491,310,295,918663,5996,75341,1986600
492,312,274,918351,6034,75615,1996800
493,330,308,918021,6056,75923,2012100
494,290,286,917731,6060,76209,2163600
495,312,297,917419,6075,76506,2028700
496,320,307,917099,6088,76813,2061600
497,307,268,916792,6127,77081,2105400
498,294,316,916498,6105,77397,2053200
499,278,317,916220,6066,77714,1972200
500,317,317,915903,6066,78031,1961800
501,265,299,915638,6032,78330,1936300
502,300,322,915338,6010,78652,1974900
503,310,320,915028,6000,78972,2052800
504,296,307,914732,5989,79279,1921800
505,307,309,914425,5987,79588,1914100
506,303,298,914122,5992,79886,1906500
507,272,278,913850,5986,80164,1954900
508,303,307,913547,5982,80471,2019500
509,330,305,913217,6007,80776,2354800
510,318,266,912899,6059,81042,2054900
511,320,326,912579,6053,81368,1911000
512,310,314,912269,6049,81682,2077400
513,317,297,911952,6069,81979,1914700
514,324,321,911628,6072,82300,1950400
515,294,299,911334,6067,82599,1961900
516,307,292,911027,6082,82891,1991100
517,312,300,910715,6094,83191,2032600
518,314,315,910401,6093,83506,2016800
519,326,293,910075,6126,83799,1937100
520,291,309,909784,6108,84108,1937600
521,344,328,909440,6124,84436,2480900
522,293,316,909147,6101,84752,1975100
523,327,318,908820,6110,85070,1970300
524,324,301,908496,6133,85371,2091600
525,305,328,908191,6110,85699,1931100
526,291,322,907900,6079,86021,2262900
527,288,310,907612,6057,86331,1943700
528,306,290,907306,6073,86621,2132300
529,296,277,907010,6092,86898,1923700
530,327,276,906683,6143,87174,1919200
531,278,363,906405,6058,87537,1945700
532,314,280,906091,6092,87817,2014600
533,281,307,905810,6066,88124,2448600
534,325,312,905485,6079,88436,2105100
535,313,274,905172,6118,88710,2276300
536,334,291,904838,6161,89001,2161900
537,332,314,904506,6179,89315,2158500
538,311,315,904195,6175,89630,2143600
539,336,291,903859,6220,89921,2015700
540,320,334,903539,6206,90255,2094800
541,316,333,903223,6189,90588,2105500
542,329,334,902894,6184,90922,2309300
543,299,291,902595,6192,91213,2293700
544,310,303,902285,6199,91516,2499200
545,342,293,901943,6248,91809,2234500
546,339,308,901604,6279,92117,2133800
547,327,320,901277,6286,92437,2265800
548,339,318,900938,6307,92755,2125000
549,347,282,900591,6372,93037,2083100
550,313,325,900278,6360,93362,2522300
551,312,308,899966,6364,93670,2399200
552,326,329,899640,6361,93999,2380800
553,321,282,899319,6400,94281,2342000
554,341,307,898978,6434,94588,2784600
555,350,337,898628,6447,94925,4560100
556,312,314,898316,6445,95239,2414100
557,299,308,898017,6436,95547,2325500
558,322,296,897695,6462,95843,2167800
559,318,338,897377,6442,96181,2149600
560,322,328,897055,6436,96509,2328700
561,322,329,896733,6429,96838,2224200
562,326,318,896407,6437,97156,2137800
563,344,301,896063,6480,97457,2757900
564,331,332,895732,6479,97789,2297900
565,328,310,895404,6497,98099,2429100
566,296,346,895108,6447,98445,2525000
567,315,324,894793,6438,98769,2357100
568,309,294,894484,6453,99063,2269700
569,308,313,894176,6448,99376,2258800
570,353,330,893823,6471,99706,2244000
571,341,320,893482,6492,100026,2268600
572,346,308,893136,6530,100334,2355400
573,328,346,892808,6512,100680,2457100
574,326,325,892482,6513,101005,2360300
575,347,291,892135,6569,101296,2238000
576,342,331,891793,6580,101627,2214000
577,341,324,891452,6597,101951,2275200
578,356,339,891096,6614,102290,2275200
579,333,299,890763,6648,102589,2675800
580,331,321,890432,6658,102910,2297300
581,321,303,890111,6676,103213,2327400
582,320,367,889791,6629,103580,2341400
583,329,319,889462,6639,103899,2231000
584,327,306,889135,6660,104205,2297400
585,320,316,888815,6664,104521,2335500
586,339,330,888476,6673,104851,2281300
587,319,340,888157,6652,105191,2227600
588,316,328,887841,6640,105519,2208900
589,335,331,887506,6644,105850,2277400
590,347,316,887159,6675,106166,2205700
591,337,331,886822,6681,106497,2426000
592,319,328,886503,6672,106825,2092700
593,307,335,886196,6644,107160,2123900
594,336,320,885860,6660,107480,2225700
595,310,337,885550,6633,107817,2280100
596,350,302,885200,6681,108119,2403000
597,362,309,884838,6734,108428,2230300
598,365,334,884473,6765,108762,2283300
599,333,307,884140,6791,109069,2240600
600,362,355,883778,6798,109424,2099000
601,322,361,883456,6759,109785,2312600
602,355,347,883101,6767,110132,2211900
603,353,345,882748,6775,110477,2234300
604,330,312,882418,6793,110789,2059400
605,299,342,882119,6750,111131,2032000
606,325,342,881794,6733,111473,2243500
607,324,355,881470,6702,111828,2073600
608,329,341,881141,6690,112169,2210100
609,354,314,880787,6730,112483,2274700
610,328,336,880459,6722,112819,2152000
611,312,309,880147,6725,113128,2227100
612,342,346,879805,6721,113474,2184700
613,358,319,879447,6760,113793,2000600
614,338,317,879109,6781,114110,2238000
615,370,346,878739,6805,114456,2226500
616,360,344,878379,6821,114800,2140900
617,347,336,878032,6832,115136,2089300
618,340,359,877692,6813,115495,2443200
619,336,339,877356,6810,115834,2519300
620,325,327,877031,6808,116161,2118200
621,356,330,876675,6834,116491,2611200
622,354,303,876321,6885,116794,2204200
623,329,369,875992,6845,117163,2449300
624,359,310,875633,6894,117473,2102700
625,348,323,875285,6919,117796,2058000
626,335,353,874950,6901,118149,2231400
627,371,376,874579,6896,118525,2205800
628,310,351,874269,6855,118876,2223900
629,361,370,873908,6846,119246,2301100
630,337,370,873571,6813,119616,2169400
631,352,357,873219,6808,119973,2275900
632,342,323,872877,6827,120296,2157000
633,367,337,872510,6857,120633,2213700
634,350,365,872160,6842,120998,2207400
635,337,337,871823,6842,121335,2101500
636,372,368,871451,6846,121703,2259300
637,365,334,871086,6877,122037,2058000
638,336,332,870750,6881,122369,2088100
639,333,377,870417,6837,122746,2171600
640,328,343,870089,6822,123089,2090200
641,348,311,869741,6859,123400,2155600
642,327,321,869414,6865,123721,2074000
643,334,382,869080,6817,124103,2135700
644,354,345,868726,6826,124448,2208900
645,335,331,868391,6830,124779,2055800
646,378,350,868013,6858,125129,2125300
647,347,315,867666,6890,125444,2186700
648,347,357,867319,6880,125801,2369800
649,362,336,866957,6906,126137,2184300
650,355,372,866602,6889,126509,2017700
651,376,353,866226,6912,126862,2107700
652,378,334,865848,6956,127196,2180200
653,356,353,865492,6959,127549,2040400
654,341,358,865151,6942,127907,2021000
655,402,345,864749,6999,128252,1932800
656,394,312,864355,7081,128564,1989600
657,359,345,863996,7095,128909,1991400
658,352,367,863644,7080,129276,2041800
659,371,392,863273,7059,129668,2119300
660,377,351,862896,7085,130019,2119200
661,348,341,862548,7092,130360,2016600
662,346,374,862202,7064,130734,2110000
663,383,347,861819,7100,131081,2104300
664,394,339,861425,7155,131420,2117000
665,367,347,861058,7175,131767,2022000
666,357,376,860701,7156,132143,2059400
667,349,361,860352,7144,132504,2056200
668,352,334,860000,7162,132838,2032900
669,374,381,859626,7155,133219,2055400
670,347,344,859279,7158,133563,2207600
671,366,351,858913,7173,133914,2161800
672,357,351,858556,7179,134265,2114700
673,346,326,858210,7199,134591,2203100
674,361,367,857849,7193,134958,1946500
675,388,353,857461,7228,135311,2040100
676,364,387,857097,7205,135698,2116000
677,348,355,856749,7198,136053,2141000
678,346,384,856403,7160,136437,2151900
679,414,358,855989,7216,136795,2082300
680,362,390,855627,7188,137185,2311200
681,333,338,855294,7183,137523,2087500
682,374,367,854920,7190,137890,2047100
683,356,370,854564,7176,138260,1930400
684,365,323,854199,7218,138583,2059100
685,357,387,853842,7188,138970,1976600
686,366,349,853476,7205,139319,2135400
687,362,364,853114,7203,139683,1967500
688,399,375,852715,7227,140058,1966200
689,359,383,852356,7203,140441,2151900
690,353,387,852003,7169,140828,2046200
691,363,373,851640,7159,141201,2001500
692,382,344,851258,7197,141545,2015200
693,358,335,850900,7220,141880,2031500
694,366,348,850534,7238,142228,2166600
695,387,342,850147,7283,142570,2119600
696,371,385,849776,7269,142955,2106800
697,371,322,849405,7318,143277,2164200
698,384,354,849021,7348,143631,2090100
699,391,366,848630,7373,143997,2317800
700,380,360,848250,7393,144357,2110100
701,400,348,847850,7445,144705,2117200
702,341,343,847509,7443,145048,2192700
703,383,387,847126,7439,145435,2068300
704,370,373,846756,7436,145808,2097600
705,366,380,846390,7422,146188,2029200
706,385,395,846005,7412,146583,1999800
707,385,349,845620,7448,146932,1993500
708,372,360,845248,7460,147292,1964900
709,371,348,844877,7483,147640,2147100
710,424,370,844453,7537,148010,2060800
711,358,397,844095,7498,148407,1978700
712,396,390,843699,7504,148797,1984000
713,397,360,843302,7541,149157,1990700
714,372,339,842930,7574,149496,2060400
715,377,360,842553,7591,149856,2054000
716,406,433,842147,7564,150289,1980100
717,380,368,841767,7576,150657,1930800
718,388,392,841379,7572,151049,2019800
719,408,358,840971,7622,151407,2047000
720,417,376,840554,7663,151783,1992600
721,422,430,840132,7655,152213,2091800
722,443,377,839689,7721,152590,2091300
723,409,423,839280,7707,153013,2082000
724,407,405,838873,7709,153418,2134900
725,400,376,838473,7733,153794,2285300
726,419,396,838054,7756,154190,2091600
727,411,366,837643,7801,154556,2068500
728,388,380,837255,7809,154936,2133700
729,426,374,836829,7861,155310,2099100
730,416,391,836413,7886,155701,2131100
731,410,380,836003,7916,156081,2512400
732,393,421,835610,7888,156502,2780300
733,396,425,835214,7859,156927,2782800
734,402,406,834812,7855,157333,5115400
735,404,387,834408,7872,157720,2283700
736,405,378,834003,7899,158098,2122500
737,429,368,833574,7960,158466,2045200
738,418,382,833156,7996,158848,2084700
739,423,395,832733,8024,159243,5368600
740,414,386,832319,8052,159629,2349800
741,447,401,831872,8098,160030,2191700
742,405,428,831467,8075,160458,2141000
743,439,417,831028,8097,160875,2376200
744,427,377,830601,8147,161252,2144200
745,405,398,830196,8154,161650,2162500
746,392,429,829804,8117,162079,2364800
747,420,409,829384,8128,162488,2114600
748,430,404,828954,8154,162892,2061200
749,391,403,828563,8142,163295,2068000
750,418,413,828145,8147,163708,2123900
751,450,442,827695,8155,164150,2209500
752,407,419,827288,8143,164569,2111700
753,436,423,826852,8156,164992,2060400
754,422,407,826430,8171,165399,11652400
755,390,371,826040,8190,165770,2394800
756,436,436,825604,8190,166206,2225200
757,403,414,825201,8179,166620,2017400
758,461,403,824740,8237,167023,1971900
759,417,398,824323,8256,167421,1988300
760,411,398,823912,8269,167819,1956200
761,426,428,823486,8267,168247,1896600
762,428,424,823058,8271,168671,1969800
763,446,427,822612,8290,169098,2165100
764,409,439,822203,8260,169537,2010600
765,401,430,821802,8231,169967,2128400
766,414,420,821388,8225,170387,1955700
767,409,425,820979,8209,170812,2064400
768,411,392,820568,8228,171204,2196800
769,412,400,820156,8240,171604,2018700
770,411,431,819745,8220,172035,1942000
771,405,407,819340,8218,172442,1870900
772,406,428,818934,8196,172870,2096900
773,387,403,818547,8180,173273,1943300
774,417,416,818130,8181,173689,1878100
775,400,363,817730,8218,174052,2288600
776,406,461,817324,8163,174513,1909600
777,421,424,816903,8160,174937,1896300
778,409,407,816494,8162,175344,2169700
779,409,407,816085,8164,175751,1892100
780,420,433,815665,8151,176184,2081000
781,386,426,815279,8111,176610,1949200
782,422,393,814857,8140,177003,1877800
783,435,385,814422,8190,177388,2117900
784,432,417,813990,8205,177805,1937000
785,418,407,813572,8216,178212,1888800
786,408,418,813164,8206,178630,1888100
787,370,404,812794,8172,179034,1922200
788,397,414,812397,8155,179448,1916500
789,387,392,812010,8150,179840,1950500
790,416,403,811594,8163,180243,2202800
791,427,394,811167,8196,180637,1959700
792,433,425,810734,8204,181062,1936700
793,427,392,810307,8239,181454,1938000
794,425,405,809882,8259,181859,1923700
795,413,466,809469,8206,182325,1910200
796,422,420,809047,8208,182745,1892700
797,432,396,808615,8244,183141,1859800
798,430,391,808185,8283,183532,1816800
799,435,396,807750,8322,183928,1896100
800,458,445,807292,8335,184373,1901800
801,446,437,806846,8344,184810,1918000
802,444,438,806402,8350,185248,2140500
803,439,381,805963,8408,185629,1903400
804,418,425,805545,8401,186054,1944800
805,450,431,805095,8420,186485,1918100
806,439,410,804656,8449,186895,1948700
807,435,423,804221,8461,187318,2206700
808,430,432,803791,8459,187750,1890000
809,468,441,803323,8486,188191,1967900
810,398,452,802925,8432,188643,1898000
811,407,412,802518,8427,189055,1936900
812,413,413,802105,8427,189468,2571300
813,461,408,801644,8480,189876,2057300
814,455,445,801189,8490,190321,2299400
815,445,413,800744,8522,190734,2178300
816,425,433,800319,8514,191167,1984400
817,438,392,799881,8560,191559,1968500
818,412,415,799469,8557,191974,1944300
819,441,423,799028,8575,192397,1956000
820,444,465,798584,8554,192862,1948500
821,424,426,798160,8552,193288,2584200
822,469,421,797691,8600,193709,2259500
823,421,446,797270,8575,194155,2121400
824,436,433,796834,8578,194588,2225900
825,410,426,796424,8562,195014,2092500
826,451,400,795973,8613,195414,2007900
827,409,431,795564,8591,195845,1954900
828,432,421,795132,8602,196266,2214300
829,459,406,794673,8655,196672,2042300
830,426,474,794247,8607,197146,2239200
831,417,412,793830,8612,197558,2169300
832,454,390,793376,8676,197948,2122800
833,473,444,792903,8705,198392,2334500
834,429,472,792474,8662,198864,2046600
835,444,409,792030,8697,199273,2039600
836,444,437,791586,8704,199710,2203400
837,410,467,791176,8647,200177,1981500
838,429,426,790747,8650,200603,1939900
839,438,409,790309,8679,201012,1880000
840,479,448,789830,8710,201460,1920700
841,446,428,789384,8728,201888,1948700
842,426,426,788958,8728,202314,1970600
843,441,414,788517,8755,202728,1907000
844,422,407,788095,8770,203135,1921300
845,491,445,787604,8816,203580,1964500
846,437,469,787167,8784,204049,1948700
847,449,470,786718,8763,204519,1934700
848,467,430,786251,8800,204949,1896100
849,479,449,785772,8830,205398,2027600
850,423,418,785349,8835,205816,1968700
851,456,423,784893,8868,206239,2052500
852,424,447,784469,8845,206686,1912100
853,462,441,784007,8866,207127,2027900
854,456,424,783551,8898,207551,1938000
855,472,476,783079,8894,208027,1912200
856,437,446,782642,8885,208473,1860100
857,434,435,782208,8884,208908,1968400
858,462,425,781746,8921,209333,1941500
859,438,442,781308,8917,209775,2031700
860,456,459,780852,8914,210234,1980200
861,418,436,780434,8896,210670,2191800
862,450,460,779984,8886,211130,2100200
863,437,461,779547,8862,211591,2010800
864,426,442,779121,8846,212033,1990900
865,436,434,778685,8848,212467,2087300
866,467,429,778218,8886,212896,1996100
867,422,430,777796,8878,213326,1967600
868,474,441,777322,8911,213767,1936500
869,451,445,776871,8917,214212,1935500
870,457,476,776414,8898,214688,1983600
871,443,426,775971,8915,215114,2087100
872,440,435,775531,8920,215549,1993400
873,451,463,775080,8908,216012,1937100
874,474,437,774606,8945,216449,2023700
875,419,430,774187,8934,216879,1948400
876,483,400,773704,9017,217279,1937000
877,432,434,773272,9015,217713,1956000
878,472,463,772800,9024,218176,1921000
879,465,450,772335,9039,218626,1945000
880,478,447,771857,9070,219073,1906900
881,495,453,771362,9112,219526,1846000
882,460,461,770902,9111,219987,1964100
883,464,462,770438,9113,220449,1966000
884,420,470,770018,9063,220919,1980900
885,443,451,769575,9055,221370,2189800
886,446,454,769129,9047,221824,2192300
887,449,442,768680,9054,222266,1984600
888,457,438,768223,9073,222704,2115600
889,446,422,767777,9097,223126,2010600
890,476,438,767301,9135,223564,1949000
891,466,476,766835,9125,224040,2154300
892,436,445,766399,9116,224485,1852200
893,440,495,765959,9061,224980,1910500
894,448,470,765511,9039,225450,2126000
895,430,407,765081,9062,225857,1963700
896,422,475,764659,9009,226332,1944700
897,458,489,764201,8978,226821,2042700
898,434,451,763767,8961,227272,2003000
899,430,468,763337,8923,227740,2169900
900,426,448,762911,8901,228188,2234300
901,424,418,762487,8907,228606,1896500
902,427,438,762060,8896,229044,1834400
903,438,460,761622,8874,229504,1808400
904,379,488,761243,8765,229992,1936600
905,421,400,760822,8786,230392,2142000
906,385,424,760437,8747,230816,1872700
907,426,425,760011,8748,231241,1941900
908,426,438,759585,8736,231679,1930800
909,458,449,759127,8745,232128,1934800
910,419,429,758708,8735,232557,2289800
911,417,449,758291,8703,233006,2389200
912,405,423,757886,8685,233429,2025200
913,438,433,757448,8690,233862,2009500
914,432,419,757016,8703,234281,2006300
915,387,444,756629,8646,234725,1962700
916,415,435,756214,8626,235160,2024300
917,415,451,755799,8590,235611,1892900
918,434,469,755365,8555,236080,1896600
919,468,393,754897,8630,236473,1884400
920,467,382,754430,8715,236855,1973400
921,435,407,753995,8743,237262,1933300
922,431,453,753564,8721,237715,2104700
923,488,454,753076,8755,238169,1910100
924,460,411,752616,8804,238580,1957600
925,457,456,752159,8805,239036,1928400
926,424,422,751735,8807,239458,1918200
927,474,480,751261,8801,239938,2056700
928,468,426,750793,8843,240364,2014200
929,430,461,750363,8812,240825,1934000
930,459,432,749904,8839,241257,1906500
931,431,460,749473,8810,241717,1916300
932,430,402,749043,8838,242119,1914200
933,450,456,748593,8832,242575,1884400
934,433,447,748160,8818,243022,1878600
935,420,409,747740,8829,243431,1891800
936,449,418,747291,8860,243849,1988000
937,440,433,746851,8867,244282,1909700
938,442,429,746409,8880,244711,1875500
939,444,418,745965,8906,245129,1917500
940,459,475,745506,8890,245604,1826800
941,452,416,745054,8926,246020,1921900
942,459,452,744595,8933,246472,1972800
943,442,422,744153,8953,246894,1949100
944,456,441,743697,8968,247335,1951600
945,431,445,743266,8954,247780,1904100
946,446,436,742820,8964,248216,2367000
947,458,454,742362,8968,248670,1991700
948,401,466,741961,8903,249136,1893400
949,451,409,741510,8945,249545,1940300
950,423,442,741087,8926,249987,1974700
951,439,426,740648,8939,250413,2054600
952,454,449,740194,8944,250862,2071100
953,416,428,739778,8932,251290,2177500
954,417,422,739361,8927,251712,1978900
955,470,472,738891,8925,252184,1965500
956,460,446,738431,8939,252630,1976000
957,423,419,738008,8943,253049,1942600
958,443,466,737565,8920,253515,1830800
959,450,442,737115,8928,253957,1820400
960,495,464,736620,8959,254421,2127800
961,495,423,736125,9031,254844,1911000
962,470,453,735655,9048,255297,1817300
963,490,447,735165,9091,255744,1849500
964,456,477,734709,9070,256221,1865800
965,455,481,734254,9044,256702,1905500
966,443,472,733811,9015,257174,1762000
967,451,458,733360,9008,257632,2116800
968,450,471,732910,8987,258103,1914600
969,428,419,732482,8996,258522,2161600
970,404,451,732078,8949,258973,1969700
971,457,438,731621,8968,259411,1832000
972,407,472,731214,8903,259883,1813200
973,427,446,730787,8884,260329,1926000
974,478,438,730309,8924,260767,1950700
975,426,486,729883,8864,261253,1918900
976,434,451,729449,8847,261704,2262100
977,432,437,729017,8842,262141,1884800
978,471,454,728546,8859,262595,2076100
979,444,418,728102,8885,263013,2025300
980,443,441,727659,8887,263454,1928500
981,431,461,727228,8857,263915,1976000
982,459,467,726769,8849,264382,1959600
983,419,433,726350,8835,264815,1942800
984,410,445,725940,8800,265260,1958100
985,412,440,725528,8772,265700,1880900
986,437,437,725091,8772,266137,1921500
987,428,463,724663,8737,266600,2236400
988,446,450,724217,8733,267050,1886900
989,426,463,723791,8696,267513,2055700
990,429,410,723362,8715,267923,2215200
991,475,461,722887,8729,268384,1991200
992,422,424,722465,8727,268808,2008500
993,408,428,722057,8707,269236,1881100
994,413,417,721644,8703,269653,1832600
995,442,438,721202,8707,270091,1930500
996,429,474,720773,8662,270565,1845200
997,412,436,720361,8638,271001,2077800
998,447,450,719914,8635,271451,1834900
999,415,455,719499,8595,271906,1966200
1000,422,443,719077,8574,272349,2116300
1001,419,439,718658,8554,272788,1915900
1002,363,404,718295,8513,273192,1922700
1003,444,425,717851,8532,273617,2086800
1004,442,422,717409,8552,274039,2089700
1005,394,402,717015,8544,274441,1910400
1006,427,420,716588,8551,274861,2088600
1007,436,419,716152,8568,275280,2044500
1008,415,406,715737,8577,275686,1941300
1009,419,432,715318,8564,276118,1904500
1010,412,430,714906,8546,276548,1937800
1011,454,429,714452,8571,276977,1918000
1012,462,406,713990,8627,277383,1882800
1013,436,433,713554,8630,277816,1859500
1014,459,463,713095,8626,278279,2005300
1015,456,416,712639,8666,278695,2030900
1016,416,437,712223,8645,279132,2085700
1017,411,446,711812,8610,279578,2048500
1018,441,446,711371,8605,280024,1976300
1019,434,444,710937,8595,280468,1947900
1020,394,414,710543,8575,280882,1968000
1021,414,446,710129,8543,281328,1960900
1022,426,437,709703,8532,281765,1988400
1023,415,407,709288,8540,282172,2160600
1024,425,413,708863,8552,282585,1942300
1025,433,449,708430,8536,283034,1969900
1026,410,414,708020,8532,283448,1893900
1027,412,420,707608,8524,283868,1917600
1028,385,419,707223,8490,284287,1913500
1029,409,428,706814,8471,284715,1914500
1030,453,460,706361,8464,285175,2107500
1031,453,407,705908,8510,285582,1942200
1032,411,407,705497,8514,285989,1898100
1033,437,457,705060,8494,286446,1897700
1034,439,459,704621,8474,286905,1894700
1035,454,442,704167,8486,287347,1908800
1036,432,397,703735,8521,287744,1925200
1037,420,421,703315,8520,288165,1934400
1038,421,421,702894,8520,288586,1890800
1039,424,423,702470,8521,289009,1978500
1040,413,431,702057,8503,289440,1941200
1041,429,437,701628,8495,289877,1930000
1042,439,423,701189,8511,290300,2110800
1043,421,444,700768,8488,290744,1933100
1044,423,448,700345,8463,291192,1984700
1045,404,440,699941,8427,291632,2070600
1046,428,439,699513,8416,292071,2056500
1047,427,423,699086,8420,292494,2120400
1048,411,460,698675,8371,292954,2085100
1049,430,451,698245,8350,293405,2067400
1050,391,379,697854,8362,293784,2055400
1051,384,405,697470,8341,294189,1931700
1052,393,439,697077,8295,294628,2027100
1053,414,402,696663,8307,295030,1921500
1054,418,411,696245,8314,295441,2007500
1055,408,416,695837,8306,295857,2138600
1056,386,421,695451,8271,296278,1998200
1057,375,419,695076,8227,296697,1999800
1058,374,402,694702,8199,297099,1842200
1059,387,408,694315,8178,297507,2100000
1060,370,381,693945,8167,297888,1857400
1061,396,434,693549,8129,298322,1987000
1062,357,373,693192,8113,298695,1922300
1063,417,376,692775,8154,299071,1967500
1064,410,434,692365,8130,299505,1918200
1065,370,403,691995,8097,299908,1887600
1066,401,413,691594,8085,300321,1873600
1067,433,446,691161,8072,300767,1921100
1068,412,402,690749,8082,301169,1879900
1069,378,396,690371,8064,301565,1926300
1070,413,396,689958,8081,301961,2001800
1071,431,391,689527,8121,302352,1986500
1072,444,449,689083,8116,302801,1996300
1073,407,411,688676,8112,303212,1985000
1074,468,434,688208,8146,303646,1945600
1075,435,380,687773,8201,304026,1966300
1076,427,398,687346,8230,304424,1974400
1077,412,390,686934,8252,304814,1958200
1078,434,415,686500,8271,305229,2005300
1079,436,387,686064,8320,305616,2120500
1080,404,428,685660,8296,306044,1973400
1081,430,443,685230,8283,306487,1911500
1082,388,418,684842,8253,306905,1935800
1083,404,432,684438,8225,307337,1948300
1084,414,410,684024,8229,307747,2043300
1085,424,417,683600,8236,308164,2024100
1086,445,439,683155,8242,308603,1937900
1087,415,408,682740,8249,309011,1972300
1088,414,406,682326,8257,309417,2023600
1089,457,415,681869,8299,309832,1988500
1090,438,397,681431,8340,310229,2026200
1091,418,430,681013,8328,310659,2078300
1092,422,430,680591,8320,311089,2036800
1093,413,430,680178,8303,311519,2106300
1094,427,443,679751,8287,311962,2019200
1095,421,465,679330,8243,312427,2012000
1096,412,392,678918,8263,312819,2092300
1097,449,344,678469,8368,313163,2019700
1098,433,394,678036,8407,313557,2027800
1099,443,395,677593,8455,313952,2073700
1100,402,415,677191,8442,314367,2102400
1101,442,445,676749,8439,314812,2099200
1102,439,414,676310,8464,315226,2037800
1103,391,423,675919,8432,315649,2060400
1104,410,408,675509,8434,316057,2184200
1105,421,407,675088,8448,316464,1975300
1106,424,425,674664,8447,316889,2333100
1107,404,421,674260,8430,317310,2206500
1108,434,430,673826,8434,317740,2321900
1109,423,440,673403,8417,318180,1954000
1110,395,421,673008,8391,318601,1917300
1111,368,412,672640,8347,319013,2130300
1112,377,435,672263,8289,319448,1998100
1113,443,428,671820,8304,319876,1930900
1114,456,437,671364,8323,320313,2348200
1115,380,426,670984,8277,320739,2002400
1116,398,409,670586,8266,321148,1969400
1117,379,464,670207,8181,321612,1916100
1118,400,410,669807,8171,322022,1915900
1119,419,407,669388,8183,322429,2134700
1120,421,405,668967,8199,322834,2043300
1121,417,428,668550,8188,323262,2300000
1122,395,395,668155,8188,323657,2112500
1123,444,379,667711,8253,324036,2072500
1124,414,395,667297,8272,324431,2056300
1125,391,407,666906,8256,324838,2140800
1126,413,377,666493,8292,325215,2049800
1127,423,398,666070,8317,325613,2159500
1128,413,395,665657,8335,326008,1976400
1129,416,466,665241,8285,326474,1982900
1130,402,431,664839,8256,326905,2236300
1131,375,429,664464,8202,327334,1918100
1132,431,397,664033,8236,327731,2102900
1133,419,366,663614,8289,328097,2209600
1134,413,434,663201,8268,328531,1946300
1135,417,408,662784,8277,328939,1984100
1136,387,431,662397,8233,329370,1953400
1137,405,434,661992,8204,329804,1965200
1138,382,403,661610,8183,330207,2223500
1139,385,403,661225,8165,330610,2001200
1140,373,414,660852,8124,331024,2021900
1141,416,380,660436,8160,331404,1994300
1142,407,402,660029,8165,331806,1999400
1143,356,399,659673,8122,332205,1939000
1144,374,417,659299,8079,332622,1940100
1145,402,446,658897,8035,333068,1974700
1146,379,358,658518,8056,333426,2331600
1147,401,447,658117,8010,333873,2027900
1148,401,397,657716,8014,334270,1952100
1149,363,394,657353,7983,334664,1983300
1150,369,386,656984,7966,335050,2343200
1151,401,377,656583,7990,335427,2087200
1152,429,424,656154,7995,335851,2113000
1153,395,403,655759,7987,336254,2099700
1154,402,407,655357,7982,336661,2237100
1155,393,407,654964,7968,337068,2077700
1156,385,396,654579,7957,337464,2022400
1157,393,415,654186,7935,337879,1916300
1158,407,394,653779,7948,338273,1919700
1159,405,376,653374,7977,338649,1982500
1160,393,371,652981,7999,339020,2228100
1161,363,418,652618,7944,339438,2008500
1162,421,394,652197,7971,339832,1884000
1163,401,400,651796,7972,340232,1897300
1164,411,417,651385,7966,340649,1930500
1165,420,412,650965,7974,341061,1921200
1166,375,358,650590,7991,341419,1980900
1167,443,419,650147,8015,341838,1968200
1168,426,414,649721,8027,342252,1962600
1169,418,378,649303,8067,342630,1803400
1170,406,368,648897,8105,342998,1936700
1171,437,383,648460,8159,343381,1906600
1172,440,410,648020,8189,343791,1912000
1173,418,423,647602,8184,344214,1838000
1174,398,393,647204,8189,344607,1783700
1175,402,421,646802,8170,345028,1868000
1176,401,420,646401,8151,345448,1808500
1177,438,385,645963,8204,345833,1849300
1178,439,385,645524,8258,346218,1893000
1179,449,438,645075,8269,346656,1848900
1180,437,444,644638,8262,347100,1882300
1181,446,412,644192,8296,347512,1820100
1182,408,420,643784,8284,347932,1819200
1183,425,435,643359,8274,348367,1928300
1184,424,397,642935,8301,348764,1931200
1185,438,428,642497,8311,349192,2049700
1186,432,385,642065,8358,349577,1899600
1187,408,380,641657,8386,349957,1959500
1188,439,414,641218,8411,350371,1997800
1189,424,419,640794,8416,350790,1896700
1190,411,435,640383,8392,351225,1862300
1191,421,402,639962,8411,351627,1886500
1192,461,422,639501,8450,352049,1954900
1193,434,444,639067,8440,352493,1885600
1194,420,392,638647,8468,352885,1921600
1195,426,464,638221,8430,353349,1928900
1196,438,437,637783,8431,353786,1838300
1197,429,415,637354,8445,354201,1932500
1198,450,405,636904,8490,354606,1838200
1199,431,417,636473,8504,355023,1965200
1200,425,400,636048,8529,355423,2227100
1201,435,429,635613,8535,355852,2255200
1202,418,453,635195,8500,356305,1843600
1203,449,458,634746,8491,356763,1974400
1204,394,455,634352,8430,357218,1934900
1205,407,399,633945,8438,357617,1943900
1206,388,427,633557,8399,358044,1912600
1207,395,425,633162,8369,358469,1961600
1208,416,424,632746,8361,358893,1830600
1209,409,439,632337,8331,359332,1974700
1210,422,398,631915,8355,359730,1944000
1211,396,470,631519,8281,360200,2019500
1212,384,434,631135,8231,360634,2216500
1213,394,423,630741,8202,361057,1935200
1214,395,393,630346,8204,361450,1914600
1215,423,402,629923,8225,361852,1872000
1216,404,398,629519,8231,362250,2004800
1217,430,475,629089,8186,362725,1841000
1218,374,410,628715,8150,363135,1803300
1219,435,398,628280,8187,363533,1832500
1220,403,403,627877,8187,363936,1822700
1221,443,423,627434,8207,364359,2030300
1222,419,404,627015,8222,364763,1824500
1223,431,417,626584,8236,365180,2194000
1224,369,433,626215,8172,365613,1925000
1225,407,444,625808,8135,366057,1828000
1226,432,417,625376,8150,366474,1826900
1227,449,412,624927,8187,366886,2293900
1228,425,418,624502,8194,367304,1929300
1229,405,377,624097,8222,367681,1958600
1230,422,394,623675,8250,368075,1939800
1231,420,442,623255,8228,368517,1895100
1232,421,396,622834,8253,368913,1809600
1233,449,439,622385,8263,369352,2034800
1234,408,430,621977,8241,369782,1869200
1235,399,429,621578,8211,370211,2015700
1236,397,412,621181,8196,370623,2106700
1237,388,419,620793,8165,371042,2021600
1238,400,432,620393,8133,371474,1860600
1239,406,410,619987,8129,371884,1828300
1240,447,431,619540,8145,372315,1776700
1241,401,408,619139,8138,372723,2032100
1242,411,386,618728,8163,373109,1836300
1243,431,385,618297,8209,373494,2037700
1244,460,421,617837,8248,373915,1838300
1245,456,406,617381,8298,374321,2020400
1246,442,410,616939,8330,374731,1843400
1247,423,419,616516,8334,375150,1971800
1248,445,409,616071,8370,375559,1886800
1249,398,371,615673,8397,375930,2232700
1250,416,409,615257,8404,376339,1950400
1251,420,432,614837,8392,376771,1978600
1252,409,406,614428,8395,377177,2033200
1253,423,384,614005,8434,377561,2126600
1254,421,389,613584,8466,377950,2102600
1255,417,440,613167,8443,378390,1869500
1256,407,434,612760,8416,378824,2035300
1257,402,428,612358,8390,379252,2006800
1258,406,440,611952,8356,379692,1977400
1259,408,440,611544,8324,380132,2260300
1260,406,430,611138,8300,380562,2062800
1261,418,426,610720,8292,380988,1976800
1262,395,412,610325,8275,381400,2149200
1263,407,403,609918,8279,381803,1966000
1264,422,425,609496,8276,382228,1945800
1265,431,405,609065,8302,382633,2000300
1266,428,456,608637,8274,383089,2017700
1267,412,396,608225,8290,383485,2136700
1268,393,421,607832,8262,383906,2118600
1269,415,424,607417,8253,384330,2038900
1270,394,424,607023,8223,384754,1991900
1271,387,371,606636,8239,385125,1996700
1272,389,406,606247,8222,385531,1879700
1273,404,395,605843,8231,385926,2074900
1274,389,415,605454,8205,386341,1838200
1275,396,427,605058,8174,386768,1996600
1276,396,419,604662,8151,387187,1825100
1277,447,425,604215,8173,387612,1859700
1278,392,407,603823,8158,388019,1802800
1279,393,399,603430,8152,388418,1928800
1280,417,436,603013,8133,388854,2178100
1281,398,432,602615,8099,389286,1939300
1282,413,432,602202,8080,389718,1981500
1283,387,405,601815,8062,390123,1813400
1284,378,405,601437,8035,390528,1866800
1285,390,400,601047,8025,390928,1932600
1286,375,434,600672,7966,391362,1901700
1287,387,404,600285,7949,391766,1883200
1288,399,393,599886,7955,392159,1822900
1289,416,393,599470,7978,392552,1851900
1290,396,409,599074,7965,392961,1846000
1291,422,411,598652,7976,393372,1978500
1292,388,378,598264,7986,393750,2077900
1293,410,384,597854,8012,394134,1912300
1294,406,405,597448,8013,394539,2092300
1295,423,396,597025,8040,394935,1999100
1296,418,405,596607,8053,395340,2025600
1297,428,380,596179,8101,395720,1926200
1298,390,403,595789,8088,396123,1960200
1299,426,413,595363,8101,396536,1888800
1300,391,385,594972,8107,396921,1966600
1301,386,430,594586,8063,397351,1914700
1302,425,376,594161,8112,397727,1917700
1303,445,392,593716,8165,398119,2284800
1304,421,406,593295,8180,398525,2200000
1305,411,389,592884,8202,398914,1976900
1306,405,449,592479,8158,399363,1855500
1307,421,413,592058,8166,399776,1824700
1308,407,423,591651,8150,400199,1903500
1309,413,386,591238,8177,400585,1857500
1310,423,421,590815,8179,401006,2055700
1311,396,391,590419,8184,401397,2016500
1312,383,416,590036,8151,401813,2120000
1313,432,371,589604,8212,402184,1879800
1314,360,377,589244,8195,402561,1974100
1315,432,384,588812,8243,402945,1949300
1316,418,415,588394,8246,403360,1929000
1317,394,424,588000,8216,403784,1879400
1318,418,433,587582,8201,404217,1874900
1319,389,417,587193,8173,404634,2053700
1320,393,375,586800,8191,405009,2159400
1321,395,411,586405,8175,405420,2010300
1322,401,405,586004,8171,405825,1949700
1323,366,425,585638,8112,406250,2001900
1324,390,431,585248,8071,406681,1971400
1325,359,433,584889,7997,407114,1954900
1326,374,405,584515,7966,407519,1931800
1327,409,378,584106,7997,407897,2285200
1328,365,392,583741,7970,408289,2289100
1329,401,415,583340,7956,408704,2148700
1330,365,394,582975,7927,409098,2136400
1331,379,399,582596,7907,409497,2129400
1332,382,369,582214,7920,409866,2138400
1333,393,420,581821,7893,410286,2183200
1334,388,388,581433,7893,410674,2390900
1335,403,390,581030,7906,411064,2082300
1336,406,401,580624,7911,411465,2309600
1337,404,403,580220,7912,411868,2163400
1338,408,412,579812,7908,412280,2121700
1339,413,375,579399,7946,412655,2082100
1340,409,406,578990,7949,413061,2137800
1341,398,390,578592,7957,413451,2538400
1342,394,404,578198,7947,413855,2158000
1343,397,389,577801,7955,414244,2125500
1344,373,407,577428,7921,414651,2013700
1345,415,404,577013,7932,415055,2088400
1346,435,391,576578,7976,415446,2037900
1347,425,398,576153,8003,415844,2421900
1348,392,432,575761,7963,416276,2089500
1349,415,361,575346,8017,416637,2239500
1350,389,438,574957,7968,417075,1992500
1351,426,391,574531,8003,417466,2041800
1352,427,442,574104,7988,417908,1946000
1353,452,411,573652,8029,418319,1951600
1354,425,377,573227,8077,418696,1961100
1355,448,377,572779,8148,419073,2002400
1356,413,433,572366,8128,419506,1960000
1357,424,397,571942,8155,419903,2364100
1358,456,403,571486,8208,420306,1929000
1359,410,401,571076,8217,420707,1935200
1360,419,411,570657,8225,421118,1975200
1361,399,471,570258,8153,421589,1872900
1362,437,403,569821,8187,421992,1838000
1363,407,423,569414,8171,422415,1986500
1364,426,458,568988,8139,422873,2000200
1365,413,421,568575,8131,423294,2056000
1366,395,412,568180,8114,423706,2215700
1367,435,399,567745,8150,424105,2054100
1368,417,416,567328,8151,424521,2155100
1369,380,353,566948,8178,424874,1950400
1370,399,369,566549,8208,425243,2088400
1371,432,442,566117,8198,425685,1967300
1372,416,452,565701,8162,426137,1980000
1373,412,410,565289,8164,426547,1950500
1374,395,418,564894,8141,426965,2098900
1375,422,418,564472,8145,427383,1959400
1376,381,384,564091,8142,427767,1825400
1377,423,424,563668,8141,428191,1889000
1378,371,402,563297,8110,428593,1864800
1379,381,373,562916,8118,428966,1957200
1380,392,424,562524,8086,429390,1849900
1381,370,401,562154,8055,429791,1954300
1382,413,386,561741,8082,430177,1976000
1383,377,391,561364,8068,430568,2017600
1384,390,403,560974,8055,430971,1966600
1385,392,398,560582,8049,431369,2148400
1386,415,424,560167,8040,431793,1974500
1387,401,342,559766,8099,432135,1949700
1388,416,400,559350,8115,432535,1910700
1389,379,364,558971,8130,432899,1969500
1390,395,382,558576,8143,433281,1849300
1391,408,421,558168,8130,433702,1946800
1392,410,428,557758,8112,434130,1932200
1393,438,395,557320,8155,434525,1869100
1394,423,392,556897,8186,434917,1789800
1395,426,405,556471,8207,435322,1844200
1396,406,406,556065,8207,435728,1849500
1397,407,443,555658,8171,436171,2037900
1398,392,427,555266,8136,436598,1959800
1399,430,408,554836,8158,437006,2201900
1400,371,402,554465,8127,437408,1918200
1401,376,393,554089,8110,437801,1823700
1402,382,412,553707,8080,438213,1941400
1403,412,413,553295,8079,438626,2444300
1404,421,382,552874,8118,439008,2047600
1405,436,436,552438,8118,439444,1961200
1406,415,381,552023,8152,439825,1918900
1407,402,429,551621,8125,440254,1787000
1408,377,419,551244,8083,440673,1778600
1409,377,438,550867,8022,441111,1920100
1410,379,365,550488,8036,441476,1876100
1411,392,407,550096,8021,441883,2486400
1412,412,408,549684,8025,442291,1936400
1413,386,388,549298,8023,442679,1872100
1414,391,405,548907,8009,443084,1888400
1415,372,401,548535,7980,443485,2073300
1416,400,402,548135,7978,443887,1915400
1417,373,405,547762,7946,444292,1936400
1418,380,398,547382,7928,444690,2439900
1419,389,425,546993,7892,445115,1884900
1420,384,404,546609,7872,445519,2155900
1421,381,388,546228,7865,445907,1943900
1422,407,352,545821,7920,446259,1972500
1423,369,412,545452,7877,446671,1908500
1424,371,414,545081,7834,447085,1896100
1425,395,410,544686,7819,447495,1884300
1426,355,385,544331,7789,447880,2292700
1427,384,397,543947,7776,448277,1950600
1428,369,405,543578,7740,448682,2080700
1429,387,393,543191,7734,449075,1856100
1430,397,394,542794,7737,449469,2091200
1431,399,357,542395,7779,449826,1884900
1432,374,394,542021,7759,450220,1848900
1433,399,374,541622,7784,450594,1934600
1434,412,325,541210,7871,450919,1975500
1435,385,379,540825,7877,451298,1965200
1436,342,412,540483,7807,451710,1862600
1437,365,384,540118,7788,452094,1897400
1438,417,379,539701,7826,452473,1907300
1439,370,377,539331,7819,452850,1835400
1440,397,388,538934,7828,453238,1797400
1441,419,381,538515,7866,453619,1943200
1442,415,404,538100,7877,454023,1864100
1443,410,427,537690,7860,454450,2104400
1444,400,402,537290,7858,454852,2133500
1445,373,415,536917,7816,455267,1944600
1446,420,386,536497,7850,455653,1944700
1447,379,384,536118,7845,456037,1954200
1448,349,382,535769,7812,456419,1827000
1449,379,393,535390,7798,456812,1945700
1450,382,444,535008,7736,457256,2022200
1451,385,369,534623,7752,457625,1954400
1452,433,355,534190,7830,457980,1903400
1453,385,370,533805,7845,458350,1948500
1454,416,392,533389,7869,458742,1915800
1455,390,398,532999,7861,459140,1873700
1456,387,385,532612,7863,459525,1940000
1457,353,402,532259,7814,459927,2012800
1458,413,343,531846,7884,460270,1972100
1459,412,412,531434,7884,460682,1874500
1460,378,415,531056,7847,461097,1807200
1461,386,408,530670,7825,461505,1881200
1462,390,415,530280,7800,461920,1780700
1463,401,401,529879,7800,462321,1934300
1464,401,381,529478,7820,462702,1918800
1465,386,378,529092,7828,463080,1888500
1466,379,389,528713,7818,463469,2014800
1467,378,404,528335,7792,463873,1856900
1468,367,357,527968,7802,464230,1809300
1469,407,374,527561,7835,464604,1828200
1470,394,359,527167,7870,464963,1846500
1471,401,387,526766,7884,465350,1895900
1472,394,395,526372,7883,465745,1853700
1473,409,388,525963,7904,466133,2043300
1474,409,403,525554,7910,466536,2335800
1475,389,412,525165,7887,466948,2235600
1476,419,412,524746,7894,467360,2085900
1477,399,426,524347,7867,467786,1935700
1478,401,404,523946,7864,468190,1781100
1479,383,410,523563,7837,468600,1814400
1480,426,374,523137,7889,468974,1799600
1481,389,386,522748,7892,469360,1924700
1482,418,389,522330,7921,469749,1918400
1483,435,393,521895,7963,470142,1885000
1484,409,439,521486,7933,470581,1870200
1485,409,389,521077,7953,470970,1808500
1486,413,434,520664,7932,471404,1870100
1487,425,375,520239,7982,471779,1895700
1488,403,441,519836,7944,472220,1790600
1489,458,359,519378,8043,472579,1972300
1490,428,395,518950,8076,472974,2215400
1491,395,391,518555,8080,473365,1961500
1492,401,417,518154,8064,473782,1960600
1493,397,428,517757,8033,474210,1966400
1494,402,419,517355,8016,474629,1949600
1495,417,409,516938,8024,475038,2011600
1496,439,374,516499,8089,475412,1846900
1497,427,391,516072,8125,475803,1907400
1498,447,394,515625,8178,476197,2060400
1499,431,441,515194,8168,476638,1835800
1500,418,404,514776,8182,477042,1881000
1501,442,382,514334,8242,477424,1860200
1502,402,396,513932,8248,477820,1862800
1503,387,406,513545,8229,478226,1868700
1504,416,379,513129,8266,478605,1906200
1505,418,402,512711,8282,479007,1914300
1506,417,410,512294,8289,479417,1927400
1507,440,419,511854,8310,479836,1865100
1508,437,438,511417,8309,480274,2016300
1509,406,413,511011,8302,480687,2144200
1510,393,397,510618,8298,481084,1915000
1511,450,402,510168,8346,481486,1924300
1512,429,388,509739,8387,481874,1905800
1513,434,391,509305,8430,482265,1861700
1514,393,439,508912,8384,482704,1926500
1515,417,404,508495,8397,483108,1887600
1516,384,408,508111,8373,483516,1829000
1517,407,422,507704,8358,483938,1825100
1518,425,464,507279,8319,484402,1950700
1519,377,440,506902,8256,484842,1993500
1520,422,423,506480,8255,485265,2011200
1521,406,430,506074,8231,485695,1958000
1522,412,422,505662,8221,486117,2083000
1523,407,417,505255,8211,486534,1898600
1524,420,408,504835,8223,486942,2015200
1525,413,406,504422,8230,487348,1896400
1526,389,382,504033,8237,487730,1883700
1527,435,390,503598,8282,488120,2157900
1528,419,432,503179,8269,488552,1963200
1529,422,393,502757,8298,488945,1870300
1530,389,419,502368,8268,489364,1970000
1531,397,433,501971,8232,489797,1849200
1532,425,390,501546,8267,490187,1884400
1533,399,394,501147,8272,490581,1895500
1534,385,416,500762,8241,490997,1816300
1535,403,443,500359,8201,491440,1851900
1536,414,413,499945,8202,491853,1921600
1537,446,447,499499,8201,492300,2097300
1538,411,425,499088,8187,492725,1938200
1539,412,461,498676,8138,493186,1901700
1540,395,389,498281,8144,493575,1922700
1541,384,404,497897,8124,493979,1897500
1542,379,395,497518,8108,494374,1910000
1543,390,406,497128,8092,494780,1881700
1544,377,393,496751,8076,495173,1881100
1545,422,403,496329,8095,495576,1922800
1546,403,405,495926,8093,495981,1875300
1547,409,410,495517,8092,496391,1818000
1548,390,375,495127,8107,496766,1857700
1549,389,393,494738,8103,497159,1907300
1550,387,430,494351,8060,497589,1932800
1551,397,377,493954,8080,497966,1918000
1552,407,401,493547,8086,498367,1900800
1553,400,367,493147,8119,498734,1914000
1554,379,390,492768,8108,499124,2086700
1555,402,418,492366,8092,499542,2210900
1556,421,387,491945,8126,499929,1953900
1557,447,433,491498,8140,500362,1954000
1558,417,447,491081,8110,500809,2161000
1559,386,379,490695,8117,501188,1994900
1560,388,422,490307,8083,501610,1949500
1561,431,416,489876,8098,502026,1959400
1562,391,411,489485,8078,502437,1837400
1563,381,423,489104,8036,502860,1961800
1564,395,382,488709,8049,503242,1882700
1565,432,359,488277,8122,503601,1913600
1566,433,383,487844,8172,503984,2041800
1567,451,425,487393,8198,504409,1877400
1568,436,435,486957,8199,504844,1854400
1569,413,426,486544,8186,505270,1862300
1570,430,421,486114,8195,505691,1875900
1571,403,426,485711,8172,506117,1860900
1572,430,386,485281,8216,506503,1905900
1573,419,401,484862,8234,506904,1891900
1574,406,397,484456,8243,507301,1921000
1575,392,412,484064,8223,507713,1914200
1576,425,393,483639,8255,508106,1882300
1577,407,414,483232,8248,508520,1860900
1578,447,409,482785,8286,508929,1869100
1579,425,410,482360,8301,509339,1860900
1580,428,417,481932,8312,509756,1925200
1581,432,432,481500,8312,510188,1931500
1582,453,427,481047,8338,510615,1956000
1583,395,411,480652,8322,511026,1949100
1584,440,443,480212,8319,511469,1863300
1585,432,409,479780,8342,511878,1930600
1586,426,420,479354,8348,512298,2079500
1587,380,422,478974,8306,512720,1900200
1588,414,424,478560,8296,513144,1859000
1589,402,406,478158,8292,513550,1867600
1590,373,408,477785,8257,513958,1870900
1591,415,419,477370,8253,514377,1852000
1592,403,424,476967,8232,514801,2176400
1593,431,447,476536,8216,515248,1913100
1594,423,406,476113,8233,515654,2004600
1595,429,399,475684,8263,516053,1884200
1596,411,401,475273,8273,516454,1931600
1597,389,423,474884,8239,516877,1882700
1598,432,465,474452,8206,517342,1878000
1599,420,388,474032,8238,517730,2014400
1600,397,429,473635,8206,518159,1929900
1601,389,428,473246,8167,518587,1914700
1602,383,399,472863,8151,518986,2049900
1603,395,417,472468,8129,519403,1862700
1604,412,377,472056,8164,519780,1986000
1605,427,385,471629,8206,520165,1890200
1606,409,385,471220,8230,520550,1869800
1607,445,373,470775,8302,520923,1848300
1608,406,445,470369,8263,521368,2047600
1609,436,430,469933,8269,521798,1895000
1610,403,458,469530,8214,522256,1849200
1611,369,386,469161,8197,522642,1837900
1612,409,397,468752,8209,523039,1910100
1613,425,373,468327,8261,523412,1890900
1614,440,421,467887,8280,523833,1834200
1615,433,431,467454,8282,524264,2023600
1616,407,429,467047,8260,524693,1810900
1617,425,432,466622,8253,525125,1850300
1618,414,387,466208,8280,525512,1787300
1619,426,407,465782,8299,525919,1799400
1620,418,395,465364,8322,526314,1904800
1621,446,427,464918,8341,526741,1975000
1622,453,419,464465,8375,527160,1915700
1623,439,422,464026,8392,527582,1878200
1624,453,405,463573,8440,527987,1783400
1625,418,432,463155,8426,528419,1783400
1626,434,420,462721,8440,528839,1891400
1627,407,474,462314,8373,529313,2144100
1628,439,421,461875,8391,529734,2169400
1629,421,405,461454,8407,530139,1926800
1630,459,426,460995,8440,530565,1863300
1631,434,414,460561,8460,530979,1939200
1632,423,418,460138,8465,531397,2149000
1633,428,418,459710,8475,531815,1937600
1634,455,434,459255,8496,532249,1992700
1635,401,442,458854,8455,532691,1917700
1636,402,421,458452,8436,533112,1855100
1637,417,404,458035,8449,533516,2018700
1638,447,423,457588,8473,533939,1884000
1639,409,429,457179,8453,534368,2066600
1640,433,430,456746,8456,534798,1855400
1641,405,434,456341,8427,535232,1862600
1642,423,417,455918,8433,535649,2029000
1643,438,408,455480,8463,536057,1958400
1644,404,425,455076,8442,536482,1866200
1645,412,421,454664,8433,536903,1923600
1646,441,451,454223,8423,537354,2023100
1647,416,437,453807,8402,537791,1869900
1648,431,411,453376,8422,538202,1857100
1649,420,396,452956,8446,538598,1841100
1650,384,426,452572,8404,539024,1904000
1651,412,425,452160,8391,539449,1905800
1652,421,410,451739,8402,539859,1971000
1653,413,408,451326,8407,540267,1913900
1654,463,425,450863,8445,540692,2069400
1655,417,432,450446,8430,541124,1825000
1656,421,436,450025,8415,541560,1854700
1657,430,426,449595,8419,541986,2013200
1658,393,422,449202,8390,542408,2055100
1659,368,416,448834,8342,542824,2065800
1660,421,394,448413,8369,543218,1956100
1661,415,401,447998,8383,543619,1941200
1662,388,379,447610,8392,543998,2001700
1663,428,398,447182,8422,544396,1913600
1664,426,440,446756,8408,544836,1915300
1665,409,456,446347,8361,545292,2073200
1666,432,369,445915,8424,545661,1980100
1667,410,423,445505,8411,546084,2012400
1668,434,392,445071,8453,546476,2176200
1669,394,454,444677,8393,546930,1988500
1670,430,419,444247,8404,547349,1952800
1671,448,390,443799,8462,547739,1945600
1672,437,436,443362,8463,548175,1897900
1673,427,457,442935,8433,548632,1897700
1674,438,396,442497,8475,549028,1967700
1675,442,442,442055,8475,549470,2095100
1676,432,406,441623,8501,549876,1933600
1677,444,427,441179,8518,550303,1910300
1678,388,434,440791,8472,550737,1790000
1679,409,422,440382,8459,551159,1902600
1680,422,470,439960,8411,551629,1901200
1681,397,405,439563,8403,552034,1897600
1682,421,446,439142,8378,552480,1916400
1683,445,396,438697,8427,552876,1909000
1684,405,433,438292,8399,553309,1844900
1685,457,416,437835,8440,553725,2029400
1686,402,446,437433,8396,554171,1876400
1687,428,445,437005,8379,554616,2045800
1688,420,416,436585,8383,555032,1855900
1689,451,443,436134,8391,555475,1851700
1690,422,405,435712,8408,555880,1838400
1691,424,405,435288,8427,556285,1791000
1692,426,422,434862,8431,556707,1796100
1693,425,414,434437,8442,557121,1889600
1694,428,419,434009,8451,557540,2002500
1695,460,405,433549,8506,557945,1941100
1696,453,420,433096,8539,558365,2010400
1697,445,446,432651,8538,558811,1993800
1698,422,439,432229,8521,559250,2027400
1699,466,426,431763,8561,559676,2078100
1700,416,452,431347,8525,560128,2065900
1701,419,419,430928,8525,560547,1911200
1702,438,444,430490,8519,560991,1920000
1703,430,423,430060,8526,561414,1862100
1704,449,420,429611,8555,561834,1907700
1705,433,410,429178,8578,562244,1864300
1706,464,427,428714,8615,562671,2100000
1707,445,423,428269,8637,563094,1903200
1708,441,434,427828,8644,563528,1830900
1709,467,438,427361,8673,563966,1991800
1710,442,428,426919,8687,564394,1942100
1711,484,419,426435,8752,564813,1861800
1712,436,413,425999,8775,565226,1856100
1713,452,458,425547,8769,565684,1946800
1714,441,396,425106,8814,566080,1899300
1715,408,435,424698,8787,566515,1878800
1716,475,445,424223,8817,566960,2020200
1717,434,422,423789,8829,567382,1908400
1718,434,471,423355,8792,567853,1866800
1719,472,452,422883,8812,568305,1850600
1720,455,479,422428,8788,568784,1849300
1721,443,448,421985,8783,569232,1927300
1722,438,444,421547,8777,569676,1914300
1723,440,463,421107,8754,570139,1970400
1724,463,415,420644,8802,570554,2142800
1725,446,426,420198,8822,570980,1824400
1726,443,446,419755,8819,571426,11010500
1727,393,428,419362,8784,571854,2148600
1728,453,467,418909,8770,572321,2001200
1729,467,429,418442,8808,572750,1951900
1730,439,424,418003,8823,573174,1903600
1731,443,425,417560,8841,573599,1934200
1732,396,447,417164,8790,574046,1940000
1733,420,474,416744,8736,574520,1923300
1734,442,445,416302,8733,574965,2068600
1735,473,433,415829,8773,575398,1920400
1736,443,477,415386,8739,575875,1898400
1737,444,458,414942,8725,576333,2038900
1738,429,447,414513,8707,576780,1873400
1739,451,440,414062,8718,577220,1902900
1740,480,424,413582,8774,577644,1896300
1741,466,439,413116,8801,578083,1879000
1742,447,412,412669,8836,578495,2068100
1743,431,461,412238,8806,578956,1984900
1744,443,454,411795,8795,579410,1823100
1745,473,422,411322,8846,579832,2168300
1746,445,444,410877,8847,580276,1951600
1747,433,440,410444,8840,580716,1900800
1748,431,442,410013,8829,581158,1872700
1749,465,442,409548,8852,581600,1947100
1750,472,445,409076,8879,582045,2094100
1751,450,435,408626,8894,582480,1956400
1752,470,440,408156,8924,582920,1896000
1753,429,465,407727,8888,583385,1940300
1754,438,445,407289,8881,583830,2076700
1755,423,468,406866,8836,584298,2025700
1756,454,459,406412,8831,584757,2067400
1757,433,427,405979,8837,585184,1912200
1758,467,404,405512,8900,585588,1937900
1759,454,466,405058,8888,586054,1942800
1760,418,451,404640,8855,586505,1989600
1761,468,498,404172,8825,587003,1910800
1762,419,429,403753,8815,587432,2098700
1763,412,457,403341,8770,587889,1970100
1764,428,433,402913,8765,588322,1908300
1765,451,452,402462,8764,588774,1928700
1766,441,471,402021,8734,589245,2048900
1767,477,446,401544,8765,589691,2013100
1768,421,440,401123,8746,590131,1921200
1769,419,424,400704,8741,590555,2025000
1770,427,458,400277,8710,591013,1890300
1771,461,422,399816,8749,591435,1938900
1772,388,429,399428,8708,591864,1978900
1773,451,423,398977,8736,592287,2005100
1774,456,453,398521,8739,592740,1925500
1775,476,471,398045,8744,593211,2078700
1776,473,456,397572,8761,593667,1926600
1777,451,432,397121,8780,594099,1913200
1778,476,440,396645,8816,594539,1873100
1779,477,393,396168,8900,594932,1848400
1780,470,430,395698,8940,595362,1865800
1781,474,451,395224,8963,595813,1876700
1782,461,487,394763,8937,596300,1932300
1783,465,451,394298,8951,596751,2388500
1784,484,465,393814,8970,597216,1976200
1785,474,458,393340,8986,597674,1967500
1786,439,440,392901,8985,598114,2128600
1787,418,481,392483,8922,598595,1879300
1788,445,404,392038,8963,598999,1865600
1789,432,421,391606,8974,599420,1850900
1790,478,476,391128,8976,599896,1932100
1791,457,467,390671,8966,600363,1874800
1792,447,454,390224,8959,600817,1924800
1793,497,470,389727,8986,601287,1945800
1794,461,452,389266,8995,601739,2086200
1795,449,481,388817,8963,602220,1912600
1796,446,466,388371,8943,602686,1889100
1797,433,471,387938,8905,603157,2003600
1798,434,452,387504,8887,603609,1882500
1799,430,419,387074,8898,604028,1923100
1800,443,444,386631,8897,604472,1800700
1801,429,415,386202,8911,604887,1823700
1802,428,424,385774,8915,605311,1912600
1803,427,457,385347,8885,605768,1990600
1804,466,475,384881,8876,606243,2097800
1805,455,431,384426,8900,606674,1924100
1806,444,423,383982,8921,607097,1929600
1807,443,426,383539,8938,607523,1980200
1808,458,457,383081,8939,607980,1919400
1809,424,449,382657,8914,608429,1950400
1810,447,457,382210,8904,608886,1938700
1811,498,457,381712,8945,609343,1893900
1812,441,463,381271,8923,609806,1912700
1813,485,439,380786,8969,610245,1830700
1814,474,455,380312,8988,610700,1789400
1815,469,502,379843,8955,611202,2080000
1816,481,453,379362,8983,611655,1883900
1817,440,461,378922,8962,612116,1869900
1818,474,416,378448,9020,612532,1929300
1819,434,437,378014,9017,612969,1917000
1820,458,445,377556,9030,613414,1919500
1821,452,463,377104,9019,613877,1922200
1822,471,430,376633,9060,614307,2061700
1823,488,427,376145,9121,614734,1996300
1824,482,463,375663,9140,615197,1953900
1825,453,461,375210,9132,615658,1876500
1826,458,443,374752,9147,616101,1897200
1827,499,440,374253,9206,616541,1902200
1828,477,454,373776,9229,616995,1885000
1829,476,470,373300,9235,617465,1896200
1830,496,503,372804,9228,617968,1983700
1831,455,395,372349,9288,618363,1900900
1832,489,503,371860,9274,618866,2000500
1833,433,434,371427,9273,619300,1866100
1834,477,467,370950,9283,619767,1937300
1835,477,468,370473,9292,620235,1943700
1836,473,436,370000,9329,620671,1935300
1837,458,480,369542,9307,621151,1925600
1838,483,462,369059,9328,621613,2069700
1839,466,474,368593,9320,622087,2092200
1840,446,440,368147,9326,622527,1953700
1841,492,508,367655,9310,623035,2040400
1842,452,482,367203,9280,623517,1924800
1843,429,462,366774,9247,623979,1921700
1844,485,438,366289,9294,624417,1930500
1845,450,420,365839,9324,624837,1934100
1846,499,447,365340,9376,625284,1963400
1847,442,434,364898,9384,625718,2057300
1848,463,450,364435,9397,626168,1937400
1849,428,455,364007,9370,626623,1919700
1850,432,453,363575,9349,627076,1917500
1851,438,471,363137,9316,627547,1978500
1852,459,486,362678,9289,628033,1975300
1853,472,514,362206,9247,628547,1932400
1854,464,436,361742,9275,628983,1945300
1855,435,486,361307,9224,629469,1961100
1856,424,434,360883,9214,629903,2084500
1857,487,495,360396,9206,630398,2073800
1858,414,498,359982,9122,630896,1879800
1859,438,438,359544,9122,631334,1937500
1860,483,428,359061,9177,631762,1940800
1861,469,491,358592,9155,632253,1905000
1862,465,452,358127,9168,632705,2142600
1863,480,431,357647,9217,633136,2197100
1864,443,469,357204,9191,633605,2044500
1865,453,463,356751,9181,634068,2085900
1866,466,454,356285,9193,634522,1964200
1867,442,440,355843,9195,634962,2076700
1868,450,463,355393,9182,635425,1904700
1869,471,464,354922,9189,635889,1885900
1870,482,454,354440,9217,636343,2032700
1871,482,463,353958,9236,636806,1869700
1872,491,439,353467,9288,637245,1883600
1873,461,486,353006,9263,637731,1879100
1874,452,453,352554,9262,638184,1899500
1875,451,504,352103,9209,638688,1913800
1876,472,451,351631,9230,639139,1917700
1877,444,473,351187,9201,639612,1953000
1878,444,443,350743,9202,640055,1936000
1879,427,453,350316,9176,640508,1905200
1880,473,463,349843,9186,640971,1871700
1881,456,455,349387,9187,641426,1920600
1882,428,462,348959,9153,641888,1906700
1883,457,449,348502,9161,642337,1901400
1884,459,450,348043,9170,642787,1779000
1885,491,496,347552,9165,643283,1811900
1886,438,464,347114,9139,643747,2000800
1887,443,412,346671,9170,644159,1930300
1888,469,473,346202,9166,644632,1966200
1889,441,461,345761,9146,645093,1920700
1890,469,449,345292,9166,645542,1919800
1891,495,422,344797,9239,645964,1885900
1892,477,445,344320,9271,646409,2025600
1893,483,453,343837,9301,646862,1879600
1894,458,418,343379,9341,647280,1931500
1895,468,489,342911,9320,647769,1906300
1896,463,488,342448,9295,648257,2073900
1897,500,470,341948,9325,648727,2066500
1898,457,433,341491,9349,649160,1937500
1899,440,470,341051,9319,649630,1843200
1900,446,470,340605,9295,650100,1809000
1901,426,456,340179,9265,650556,1846200
1902,412,462,339767,9215,651018,2036000
1903,465,466,339302,9214,651484,1960600
1904,458,434,338844,9238,651918,1937900
1905,465,454,338379,9249,652372,2135400
1906,487,489,337892,9247,652861,1954700
1907,442,467,337450,9222,653328,1856300
1908,431,465,337019,9188,653793,1943000
1909,457,455,336562,9190,654248,1893200
1910,497,467,336065,9220,654715,1922600
1911,472,447,335593,9245,655162,1903300
1912,461,478,335132,9228,655640,1923000
1913,472,446,334660,9254,656086,1901500
1914,502,475,334158,9281,656561,1881500
1915,482,459,333676,9304,657020,1874700
1916,397,476,333279,9225,657496,1929500
1917,463,458,332816,9230,657954,1981400
1918,473,459,332343,9244,658413,1950100
1919,453,476,331890,9221,658889,2033100
1920,489,454,331401,9256,659343,1925800
1921,467,494,330934,9229,659837,1902700
1922,435,429,330499,9235,660266,1959700
1923,463,490,330036,9208,660756,1899600
1924,466,476,329570,9198,661232,1968000
1925,443,462,329127,9179,661694,1930900
1926,483,479,328644,9183,662173,1914100
1927,422,467,328222,9138,662640,1908300
1928,434,443,327788,9129,663083,1929500
1929,451,458,327337,9122,663541,1912400
1930,442,467,326895,9097,664008,1929200
1931,467,450,326428,9114,664458,1934400
1932,479,503,325949,9090,664961,1946500
1933,475,465,325474,9100,665426,2033100
1934,486,452,324988,9134,665878,1924600
1935,468,460,324520,9142,666338,1922700
1936,493,436,324027,9199,666774,1889000
1937,443,446,323584,9196,667220,1965600
1938,468,500,323116,9164,667720,1890600
1939,469,473,322647,9160,668193,1993200
1940,417,417,322230,9160,668610,1870100
1941,452,419,321778,9193,669029,2004200
1942,425,462,321353,9156,669491,1982900
1943,479,464,320874,9171,669955,1971100
1944,455,441,320419,9185,670396,2100000
1945,422,484,319997,9123,670880,1937100
1946,472,434,319525,9161,671314,1930600
1947,478,489,319047,9150,671803,1939000
1948,455,432,318592,9173,672235,1917000
1949,448,438,318144,9183,672673,2040500
1950,488,487,317656,9184,673160,1913200
1951,489,474,317167,9199,673634,1900600
1952,472,463,316695,9208,674097,1919900
1953,485,421,316210,9272,674518,1883400
1954,443,489,315767,9226,675007,1870300
1955,476,434,315291,9268,675441,1874800
1956,473,455,314818,9286,675896,1949100
1957,474,479,314344,9281,676375,2004700
1958,479,433,313865,9327,676808,1969000
1959,467,468,313398,9326,677276,2001100
1960,449,455,312949,9320,677731,1918400
1961,483,476,312466,9327,678207,1944500
1962,440,451,312026,9316,678658,1948400
1963,515,432,311511,9399,679090,1936400
1964,444,451,311067,9392,679541,1906200
1965,459,456,310608,9395,679997,1968700
1966,462,493,310146,9364,680490,1932600
1967,414,486,309732,9292,680976,1921500
1968,463,442,309269,9313,681418,1903700
1969,477,482,308792,9308,681900,1865100
1970,448,440,308344,9316,682340,1924400
1971,448,481,307896,9283,682821,1880700
1972,450,443,307446,9290,683264,1923600
1973,436,452,307010,9274,683716,2087100
1974,432,475,306578,9231,684191,1938800
1975,451,483,306127,9199,684674,1991400
1976,474,460,305653,9213,685134,1945600
1977,447,441,305206,9219,685575,1882300
1978,439,482,304767,9176,686057,1913500
1979,481,509,304286,9148,686566,1933400
1980,447,441,303839,9154,687007,1928400
1981,449,446,303390,9157,687453,2055900
1982,470,452,302920,9175,687905,1940100
1983,424,485,302496,9114,688390,1889400
1984,450,468,302046,9096,688858,1912800
1985,455,451,301591,9100,689309,1922400
1986,457,417,301134,9140,689726,1896100
1987,398,457,300736,9081,690183,1875100
1988,455,451,300281,9085,690634,1849900
1989,455,456,299826,9084,691090,1991600
1990,464,420,299362,9128,691510,1886400
1991,436,461,298926,9103,691971,2528000
1992,438,472,298488,9069,692443,1932800
1993,414,483,298074,9000,692926,1789900
1994,474,451,297600,9023,693377,1770500
1995,445,472,297155,8996,693849,1920500
1996,462,434,296693,9024,694283,1837100
1997,406,469,296287,8961,694752,1924700
1998,463,410,295824,9014,695162,2039000
1999,436,491,295388,8959,695653,1917400
2000,425,460,294963,8924,696113,1911000
2001,468,463,294495,8929,696576,1849400
2002,402,469,294093,8862,697045,1877800
2003,416,419,293677,8859,697464,1859000
2004,384,412,293293,8831,697876,1924400
2005,425,450,292868,8806,698326,1892000
2006,412,446,292456,8772,698772,1897000
2007,392,443,292064,8721,699215,1925400
2008,395,426,291669,8690,699641,1992900
2009,424,463,291245,8651,700104,1917400
2010,422,432,290823,8641,700536,1860000
2011,441,421,290382,8661,700957,1871600
2012,403,401,289979,8663,701358,1890400
2013,414,444,289565,8633,701802,2195300
2014,416,440,289149,8609,702242,1936200
2015,432,459,288717,8582,702701,1892500
2016,408,448,288309,8542,703149,1895200
2017,380,421,287929,8501,703570,1833300
2018,385,415,287544,8471,703985,1947200
2019,376,400,287168,8447,704385,1911300
2020,396,451,286772,8392,704836,1904500
2021,421,391,286351,8422,705227,1924600
2022,401,426,285950,8397,705653,1889900
2023,406,421,285544,8382,706074,1874300
2024,361,389,285183,8354,706463,2025900
2025,389,392,284794,8351,706855,1789500
2026,357,405,284437,8303,707260,1741900
2027,375,423,284062,8255,707683,1797900
2028,412,417,283650,8250,708100,1861700
2029,389,398,283261,8241,708498,1979500
2030,389,403,282872,8227,708901,2167600
2031,385,430,282487,8182,709331,2107800
2032,359,378,282128,8163,709709,2257100
2033,363,411,281765,8115,710120,2047500
2034,347,417,281418,8045,710537,1894700
2035,366,397,281052,8014,710934,1822800
2036,352,408,280700,7958,711342,1833800
2037,351,392,280349,7917,711734,1907100
2038,358,392,279991,7883,712126,1848200
2039,401,342,279590,7942,712468,1965200
2040,344,386,279246,7900,712854,1848300
2041,364,387,278882,7877,713241,2001400
2042,351,388,278531,7840,713629,1774300
2043,373,386,278158,7827,714015,1781100
2044,374,406,277784,7795,714421,1815100
2045,383,362,277401,7816,714783,1889300
2046,326,388,277075,7754,715171,2132400
2047,338,368,276737,7724,715539,1786500
2048,370,406,276367,7688,715945,1869900
2049,350,368,276017,7670,716313,1985900
2050,349,412,275668,7607,716725,1835100
2051,358,362,275310,7603,717087,1782400
2052,371,373,274939,7601,717460,1830900
2053,371,359,274568,7613,717819,1871300
2054,367,347,274201,7633,718166,2074500
2055,341,380,273860,7594,718546,1817100
2056,366,377,273494,7583,718923,1926200
2057,389,382,273105,7590,719305,1958100
2058,351,366,272754,7575,719671,1879600
2059,345,361,272409,7559,720032,2105000
2060,388,388,272021,7559,720420,1870200
2061,366,371,271655,7554,720791,1828200
2062,310,378,271345,7486,721169,1766000
2063,366,379,270979,7473,721548,2198900
2064,338,382,270641,7429,721930,1760800
2065,354,364,270287,7419,722294,1746600
2066,360,352,269927,7427,722646,1871000
2067,369,347,269558,7449,722993,1935800
2068,340,369,269218,7420,723362,1898200
2069,310,379,268908,7351,723741,1854500
2070,361,361,268547,7351,724102,1840500
2071,354,354,268193,7351,724456,1837300
2072,328,389,267865,7290,724845,1760800
2073,323,409,267542,7204,725254,1859700
2074,341,375,267201,7170,725629,2031400
2075,339,344,266862,7165,725973,1858400
2076,322,352,266540,7135,726325,1816300
2077,314,340,266226,7109,726665,1798400
2078,321,354,265905,7076,727019,1814900
2079,330,377,265575,7029,727396,1824500
2080,344,332,265231,7041,727728,1925700
2081,311,366,264920,6986,728094,1862900
2082,303,347,264617,6942,728441,1796500
2083,336,367,264281,6911,728808,2002000
2084,319,366,263962,6864,729174,1818600
2085,312,345,263650,6831,729519,2000100
2086,283,336,263367,6778,729855,1752100
2087,316,297,263051,6797,730152,1821300
2088,298,356,262753,6739,730508,2030000
2089,335,354,262418,6720,730862,1823600
2090,307,328,262111,6699,731190,1823400
2091,296,345,261815,6650,731535,1825300
2092,326,289,261489,6687,731824,1814500
2093,302,325,261187,6664,732149,1797400
2094,322,350,260865,6636,732499,1802300
2095,295,329,260570,6602,732828,1892200
2096,277,322,260293,6557,733150,1860700
2097,305,299,259988,6563,733449,1874600
2098,316,323,259672,6556,733772,1854500
2099,317,363,259355,6510,734135,1811600
2100,315,330,259040,6495,734465,1707800
2101,308,320,258732,6483,734785,1840800
2102,310,319,258422,6474,735104,1816500
2103,312,301,258110,6485,735405,2161700
2104,300,328,257810,6457,735733,2155800
2105,295,318,257515,6434,736051,1933300
2106,294,346,257221,6382,736397,1881900
2107,279,340,256942,6321,736737,1897700
2108,301,320,256641,6302,737057,1816200
2109,293,319,256348,6276,737376,1756700
2110,301,307,256047,6270,737683,1750900
2111,335,309,255712,6296,737992,1757900
2112,315,278,255397,6333,738270,1850100
2113,293,316,255104,6310,738586,1867500
2114,292,305,254812,6297,738891,1827900
2115,324,305,254488,6316,739196,1709700
2116,293,298,254195,6311,739494,1731900
2117,312,292,253883,6331,739786,1840300
2118,299,313,253584,6317,740099,1876000
2119,304,290,253280,6331,740389,1738200
2120,283,327,252997,6287,740716,1829500
2121,276,294,252721,6269,741010,1786100
2122,301,301,252420,6269,741311,1911700
2123,300,321,252120,6248,741632,1858100
2124,293,321,251827,6220,741953,1810800
2125,285,311,251542,6194,742264,1735300
2126,304,314,251238,6184,742578,1739200
2127,295,291,250943,6188,742869,1841800
2128,293,324,250650,6157,743193,1855000
2129,269,288,250381,6138,743481,1779900
2130,280,292,250101,6126,743773,1699500
2131,274,329,249827,6071,744102,1751400
2132,257,289,249570,6039,744391,1846300
2133,291,307,249279,6023,744698,1833900
2134,264,278,249015,6009,744976,1805000
2135,295,287,248720,6017,745263,1746100
2136,271,307,248449,5981,745570,1751800
2137,263,287,248186,5957,745857,1857100
2138,296,288,247890,5965,746145,1760400
2139,305,268,247585,6002,746413,2173400
2140,299,312,247286,5989,746725,2009400
2141,319,315,246967,5993,747040,1889700
2142,307,299,246660,6001,747339,1816700
2143,287,307,246373,5981,747646,1835000
2144,320,294,246053,6007,747940,1827600
2145,291,302,245762,5996,748242,1902700
2146,300,306,245462,5990,748548,1808600
2147,281,312,245181,5959,748860,1891700
2148,299,278,244882,5980,749138,1777500
2149,265,310,244617,5935,749448,1879500
2150,293,277,244324,5951,749725,1813400
2151,295,267,244029,5979,749992,1759300
2152,303,327,243726,5955,750319,2040000
2153,281,307,243445,5929,750626,1859300
2154,305,312,243140,5922,750938,1843500
2155,287,277,242853,5932,751215,1821700
2156,326,323,242527,5935,751538,1837600
2157,311,295,242216,5951,751833,1770000
2158,270,314,241946,5907,752147,1840400
2159,309,254,241637,5962,752401,1841700
2160,309,319,241328,5952,752720,2071400
2161,287,310,241041,5929,753030,1943500
2162,304,340,240737,5893,753370,1906200
2163,286,304,240451,5875,753674,1762500
2164,310,263,240141,5922,753937,1890600
2165,311,272,239830,5961,754209,1766400
2166,284,291,239546,5954,754500,1762600
2167,288,319,239258,5923,754819,1858700
2168,300,322,238958,5901,755141,1874600
2169,286,308,238672,5879,755449,1821500
2170,280,315,238392,5844,755764,1762500
2171,271,306,238121,5809,756070,1762200
2172,293,281,237828,5821,756351,1749400
2173,282,303,237546,5800,756654,1754400
2174,302,288,237244,5814,756942,1792800
2175,270,286,236974,5798,757228,1776400
2176,303,283,236671,5818,757511,1768400
2177,304,293,236367,5829,757804,2003300
2178,280,285,236087,5824,758089,1867200
2179,302,313,235785,5813,758402,1991000
2180,318,297,235467,5834,758699,1860700
2181,284,278,235183,5840,758977,1893700
2182,314,341,234869,5813,759318,1820200
2183,293,271,234576,5835,759589,1984800
2184,296,290,234280,5841,759879,1857200
2185,307,286,233973,5862,760165,1980100
2186,284,287,233689,5859,760452,1862100
2187,302,266,233387,5895,760718,1725500
2188,296,287,233091,5904,761005,1840200
2189,289,298,232802,5895,761303,2119100
2190,293,290,232509,5898,761593,1848000
2191,279,293,232230,5884,761886,1773400
2192,294,293,231936,5885,762179,1737500
2193,295,279,231641,5901,762458,1840300
2194,288,284,231353,5905,762742,1834400
2195,272,301,231081,5876,763043,1857100
2196,290,257,230791,5909,763300,1794600
2197,301,304,230490,5906,763604,1747700
2198,285,297,230205,5894,763901,1792500
2199,300,282,229905,5912,764183,1978300
2200,276,299,229629,5889,764482,1893900
2201,303,306,229326,5886,764788,1861900
2202,292,309,229034,5869,765097,1847500
2203,291,313,228743,5847,765410,1785800
2204,260,278,228483,5829,765688,1735600
2205,262,292,228221,5799,765980,1737000
2206,264,278,227957,5785,766258,1858500
2207,281,286,227676,5780,766544,1731300
2208,278,276,227398,5782,766820,1722500
2209,259,310,227139,5731,767130,1763500
2210,254,307,226885,5678,767437,1745700
2211,278,279,226607,5677,767716,1724600
2212,260,294,226347,5643,768010,1741800
2213,270,296,226077,5617,768306,1778300
2214,267,297,225810,5587,768603,1873100
2215,299,258,225511,5628,768861,2226000
2216,274,260,225237,5642,769121,1772000
2217,266,287,224971,5621,769408,1875200
2218,289,281,224682,5629,769689,1814100
2219,296,308,224386,5617,769997,1791000
2220,269,290,224117,5596,770287,1700100
2221,271,245,223846,5622,770532,1717400
2222,263,285,223583,5600,770817,1852100
2223,293,265,223290,5628,771082,1766700
2224,280,285,223010,5623,771367,1903200
2225,260,283,222750,5600,771650,1743800
2226,297,296,222453,5601,771946,1995700
2227,272,275,222181,5598,772221,1851700
2228,295,249,221886,5644,772470,1853900
2229,283,296,221603,5631,772766,1878800
2230,290,263,221313,5658,773029,1973300
2231,268,288,221045,5638,773317,1781600
2232,284,272,220761,5650,773589,1771600
2233,316,250,220445,5716,773839,2021400
2234,258,267,220187,5707,774106,1867200
2235,310,281,219877,5736,774387,1750500
2236,271,255,219606,5752,774642,1855200
2237,269,291,219337,5730,774933,1819600
2238,265,289,219072,5706,775222,1705900
2239,278,281,218794,5703,775503,1755100
2240,292,292,218502,5703,775795,1831000
2241,290,292,218212,5701,776087,1929200
2242,287,307,217925,5681,776394,1843900
2243,307,296,217618,5692,776690,1739400
2244,271,259,217347,5704,776949,1784000
2245,284,325,217063,5663,777274,1733900
2246,296,278,216767,5681,777552,1832800
2247,268,286,216499,5663,777838,2136400
2248,260,307,216239,5616,778145,1913100
2249,245,287,215994,5574,778432,1918600
2250,257,275,215737,5556,778707,1929700
2251,277,256,215460,5577,778963,1803200
2252,253,300,215207,5530,779263,1724400
2253,245,239,214962,5536,779502,1786600
2254,258,289,214704,5505,779791,1773200
2255,272,271,214432,5506,780062,1911500
2256,280,259,214152,5527,780321,2123300
2257,260,255,213892,5532,780576,1859200
2258,262,282,213630,5512,780858,1779300
2259,255,271,213375,5496,781129,1748200
2260,291,236,213084,5551,781365,1736600
2261,250,254,212834,5547,781619,1844300
2262,261,267,212573,5541,781886,1825500
2263,246,288,212327,5499,782174,1778300
2264,269,262,212058,5506,782436,1992400
2265,259,295,211799,5470,782731,1739900
2266,253,257,211546,5466,782988,1743400
2267,302,259,211244,5509,783247,1742300
2268,292,253,210952,5548,783500,1759400
2269,290,279,210662,5559,783779,1749900
2270,271,250,210391,5580,784029,1771400
2271,280,277,210111,5583,784306,1842800
2272,279,300,209832,5562,784606,1817700
2273,285,270,209547,5577,784876,1800500
2274,284,264,209263,5597,785140,1755000
2275,300,295,208963,5602,785435,1752300
2276,264,271,208699,5595,785706,1850100
2277,294,270,208405,5619,785976,1883100
2278,259,296,208146,5582,786272,1813400
2279,255,256,207891,5581,786528,1669700
2280,285,280,207606,5586,786808,1716000
2281,269,310,207337,5545,787118,1834600
2282,262,262,207075,5545,787380,1795200
2283,278,261,206797,5562,787641,1807200
2284,272,274,206525,5560,787915,1834300
2285,273,278,206252,5555,788193,1773200
2286,273,253,205979,5575,788446,1884600
2287,283,289,205696,5569,788735,1824000
2288,270,269,205426,5570,789004,1862600
2289,296,263,205130,5603,789267,1740900
2290,256,276,204874,5583,789543,1767200
2291,269,290,204605,5562,789833,1736000
2292,278,261,204327,5579,790094,1824200
2293,257,264,204070,5572,790358,1779200
2294,260,300,203810,5532,790658,1706900
2295,265,272,203545,5525,790930,1723100
2296,261,309,203284,5477,791239,1830700
2297,261,280,203023,5458,791519,1795000
2298,275,252,202748,5481,791771,1713700
2299,260,262,202488,5479,792033,1760600
2300,252,274,202236,5457,792307,1925700
2301,243,279,201993,5421,792586,1879700
2302,289,287,201704,5423,792873,2098200
2303,270,256,201434,5437,793129,1909600
2304,282,251,201152,5468,793380,1879100
2305,263,271,200889,5460,793651,2164200
2306,275,296,200614,5439,793947,1879900
2307,271,250,200343,5460,794197,1968300
2308,266,266,200077,5460,794463,1771400
2309,274,296,199803,5438,794759,1881600
2310,291,291,199512,5438,795050,1725100
2311,285,279,199227,5444,795329,1811400
2312,272,271,198955,5445,795600,1830500
2313,269,290,198686,5424,795890,2121200
2314,254,281,198432,5397,796171,1846600
2315,286,258,198146,5425,796429,2046100
2316,289,267,197857,5447,796696,1794000
2317,262,273,197595,5436,796969,1866600
2318,280,273,197315,5443,797242,1791700
2319,251,284,197064,5410,797526,1748800
2320,264,236,196800,5438,797762,1841900
2321,242,245,196558,5435,798007,1882200
2322,290,263,196268,5462,798270,2096200
2323,270,263,195998,5469,798533,1966900
2324,264,282,195734,5451,798815,1750500
2325,270,264,195464,5457,799079,1895900
2326,274,286,195190,5445,799365,1716400
2327,241,274,194949,5412,799639,1715100
2328,249,281,194700,5380,799920,1828200
2329,249,276,194451,5353,800196,2112900
2330,262,256,194189,5359,800452,1819600
2331,261,276,193928,5344,800728,1785900
2332,259,241,193669,5362,800969,2119200
2333,244,285,193425,5321,801254,1912300
2334,242,264,193183,5299,801518,1868800
2335,266,284,192917,5281,801802,1826000
2336,239,254,192678,5266,802056,1881300
2337,227,263,192451,5230,802319,1796000
2338,265,279,192186,5216,802598,1794800
2339,261,236,191925,5241,802834,1805500
2340,264,246,191661,5259,803080,1718700
2341,230,271,191431,5218,803351,1731600
2342,229,274,191202,5173,803625,1726500
2343,254,231,190948,5196,803856,1941700
2344,242,243,190706,5195,804099,1816500
2345,239,258,190467,5176,804357,2058700
2346,245,260,190222,5161,804617,1835400
2347,270,272,189952,5159,804889,1803400
2348,238,230,189714,5167,805119,1977000
2349,254,286,189460,5135,805405,1843100
2350,219,252,189241,5102,805657,1842600
2351,288,248,188953,5142,805905,1924800
2352,268,225,188685,5185,806130,2079900
2353,270,242,188415,5213,806372,1822900
2354,288,263,188127,5238,806635,1802300
2355,271,259,187856,5250,806894,1715700
2356,262,303,187594,5209,807197,1919900
2357,253,237,187341,5225,807434,1730700
2358,247,258,187094,5214,807692,1848900
2359,263,261,186831,5216,807953,2090300
2360,250,265,186581,5201,808218,1845900
2361,260,258,186321,5203,808476,1914500
2362,258,231,186063,5230,808707,1755900
2363,274,242,185789,5262,808949,1772600
2364,250,280,185539,5232,809229,1815100
2365,237,298,185302,5171,809527,1839900
2366,268,262,185034,5177,809789,1807200
2367,242,248,184792,5171,810037,1805400
2368,239,227,184553,5183,810264,1925400
2369,251,259,184302,5175,810523,2084200
2370,233,253,184069,5155,810776,1822800
2371,287,262,183782,5180,811038,1836900
2372,252,233,183530,5199,811271,1903100
2373,236,240,183294,5195,811511,1797300
2374,251,250,183043,5196,811761,1869000
2375,269,264,182774,5201,812025,1929600
2376,263,259,182511,5205,812284,1970300
2377,252,257,182259,5200,812541,1854200
2378,269,275,181990,5194,812816,1840300
2379,280,271,181710,5203,813087,1856400
2380,264,251,181446,5216,813338,1877500
2381,225,279,181221,5162,813617,1857900
2382,283,266,180938,5179,813883,2058800
2383,266,278,180672,5167,814161,1881600
2384,257,258,180415,5166,814419,1766100
2385,235,253,180180,5148,814672,1795100
2386,257,250,179923,5155,814922,1708100
2387,255,235,179668,5175,815157,1758200
2388,223,260,179445,5138,815417,2043600
2389,276,268,179169,5146,815685,1875300
2390,255,239,178914,5162,815924,1835700
2391,280,287,178634,5155,816211,1787400
2392,223,264,178411,5114,816475,2037400
2393,233,239,178178,5108,816714,1831400
2394,253,252,177925,5109,816966,1778500
2395,247,268,177678,5088,817234,1781400
2396,266,270,177412,5084,817504,1855800
2397,251,226,177161,5109,817730,1966800
2398,260,253,176901,5116,817983,1922100
2399,239,270,176662,5085,818253,1867400
2400,258,262,176404,5081,818515,1859800
2401,264,228,176140,5117,818743,1947300
2402,251,263,175889,5105,819006,1838800
2403,251,219,175638,5137,819225,1822600
2404,233,264,175405,5106,819489,1833800
2405,244,250,175161,5100,819739,1867500
2406,256,247,174905,5109,819986,2006200
2407,251,270,174654,5090,820256,1866900
2408,247,262,174407,5075,820518,1847500
2409,255,233,174152,5097,820751,1792500
2410,255,237,173897,5115,820988,1828300
2411,238,241,173659,5112,821229,1765800
2412,239,250,173420,5101,821479,1843000
2413,222,264,173198,5059,821743,1925800
2414,263,233,172935,5089,821976,1807200
2415,246,271,172689,5064,822247,1734500
2416,240,219,172449,5085,822466,1817700
2417,257,249,172192,5093,822715,1832500
2418,246,265,171946,5074,822980,1842700
2419,226,268,171720,5032,823248,1840200
2420,251,251,171469,5032,823499,1799500
2421,270,248,171199,5054,823747,1739200
2422,225,251,170974,5028,823998,1973900
2423,260,273,170714,5015,824271,1772700
2424,256,246,170458,5025,824517,1857700
2425,236,267,170222,4994,824784,1908000
2426,234,264,169988,4964,825048,1782900
2427,248,260,169740,4952,825308,1790300
2428,219,253,169521,4918,825561,1720400
2429,251,238,169270,4931,825799,1831900
2430,238,252,169032,4917,826051,1848800
2431,217,236,168815,4898,826287,1804700
2432,225,242,168590,4881,826529,1744300
2433,219,216,168371,4884,826745,1727100
2434,232,246,168139,4870,826991,1756400
2435,240,251,167899,4859,827242,2006200
2436,245,236,167654,4868,827478,1829200
2437,249,219,167405,4898,827697,1942200
2438,249,245,167156,4902,827942,1741800
2439,243,240,166913,4905,828182,1740500
2440,257,227,166656,4935,828409,1820000
2441,252,244,166404,4943,828653,2069600
2442,257,257,166147,4943,828910,1860600
2443,256,237,165891,4962,829147,1805500
2444,254,256,165637,4960,829403,1825000
2445,248,263,165389,4945,829666,1701200
2446,282,238,165107,4989,829904,1731800
2447,264,261,164843,4992,830165,1827100
2448,270,266,164573,4996,830431,1931500
2449,243,231,164330,5008,830662,1790900
2450,268,265,164062,5011,830927,1810400
2451,272,243,163790,5040,831170,1762800
2452,257,238,163533,5059,831408,1747400
2453,264,272,163269,5051,831680,1914200
2454,243,240,163026,5054,831920,1788000
2455,263,255,162763,5062,832175,1998700
2456,262,272,162501,5052,832447,1795100
2457,274,279,162227,5047,832726,1809300
2458,258,238,161969,5067,832964,1837700
2459,234,243,161735,5058,833207,1854500
2460,280,219,161455,5119,833426,2080500
2461,237,281,161218,5075,833707,1861000
2462,272,242,160946,5105,833949,1809600
2463,269,240,160677,5134,834189,1921900
2464,256,255,160421,5135,834444,1826900
2465,215,255,160206,5095,834699,1881100
2466,242,262,159964,5075,834961,1815800
2467,234,254,159730,5055,835215,1840600
2468,247,254,159483,5048,835469,2145400
2469,264,264,159219,5048,835733,1804300
2470,229,255,158990,5022,835988,2022500
2471,244,247,158746,5019,836235,1866400
2472,229,273,158517,4975,836508,1833500
2473,220,254,158297,4941,836762,1798100
2474,242,224,158055,4959,836986,1800300
2475,256,247,157799,4968,837233,1799300
2476,223,262,157576,4929,837495,1989400
2477,214,265,157362,4878,837760,1818500
2478,239,238,157123,4879,837998,1976800
2479,265,279,156858,4865,838277,1786100
2480,247,247,156611,4865,838524,1772500
2481,231,226,156380,4870,838750,1719500
2482,239,231,156141,4878,838981,1713800
2483,238,253,155903,4863,839234,1825300
2484,254,253,155649,4864,839487,2130400
2485,233,244,155416,4853,839731,2094500
2486,255,236,155161,4872,839967,1881700
2487,240,246,154921,4866,840213,1923300
2488,237,227,154684,4876,840440,1773500
2489,230,232,154454,4874,840672,1707800
2490,229,241,154225,4862,840913,1779500
2491,266,277,153959,4851,841190,1825300
2492,250,233,153709,4868,841423,1804600
2493,248,260,153461,4856,841683,1793800
2494,245,243,153216,4858,841926,1800300
2495,259,259,152957,4858,842185,1768900
2496,238,271,152719,4825,842456,1832000
2497,248,255,152471,4818,842711,1813800
2498,251,225,152220,4844,842936,1951900
2499,256,251,151964,4849,843187,1775200
2500,232,257,151732,4824,843444,1771700
2501,214,248,151518,4790,843692,1737900
2502,262,238,151256,4814,843930,1985300
2503,240,243,151016,4811,844173,1851200
2504,243,227,150773,4827,844400,1838100
2505,247,235,150526,4839,844635,1749700
2506,244,243,150282,4840,844878,1714500
2507,241,227,150041,4854,845105,1800300
2508,253,244,149788,4863,845349,2279000
2509,214,234,149574,4843,845583,1803900
2510,227,238,149347,4832,845821,1980200
2511,241,260,149106,4813,846081,2015100
2512,224,260,148882,4777,846341,1846600
2513,223,236,148659,4764,846577,1947500
2514,244,223,148415,4785,846800,1779300
2515,206,250,148209,4741,847050,1811800
2516,215,242,147994,4714,847292,1757500
2517,208,247,147786,4675,847539,1810800
2518,214,227,147572,4662,847766,1858500
2519,220,221,147352,4661,847987,1904900
2520,234,247,147118,4648,848234,1832300
2521,204,244,146914,4608,848478,1942600
2522,203,232,146711,4579,848710,1782100
2523,210,247,146501,4542,848957,1767100
2524,233,215,146268,4560,849172,1754600
2525,210,208,146058,4562,849380,1833700
2526,217,231,145841,4548,849611,1797700
2527,242,206,145599,4584,849817,2005300
2528,227,210,145372,4601,850027,1775900
2529,247,218,145125,4630,850245,1747400
2530,229,237,144896,4622,850482,1756300
2531,214,265,144682,4571,850747,1840300
2532,218,246,144464,4543,850993,1832000
2533,223,218,144241,4548,851211,1842900
2534,227,243,144014,4532,851454,1761100
2535,206,235,143808,4503,851689,1908100
2536,196,219,143612,4480,851908,2020500
2537,239,222,143373,4497,852130,1877200
2538,222,235,143151,4484,852365,1988500
2539,193,236,142958,4441,852601,1856500
2540,203,241,142755,4403,852842,1879500
2541,208,222,142547,4389,853064,1814500
2542,215,240,142332,4364,853304,1753300
2543,207,222,142125,4349,853526,1750900
2544,207,202,141918,4354,853728,1779200
2545,229,210,141689,4373,853938,1757400
2546,213,205,141476,4381,854143,1957800
2547,219,216,141257,4384,854359,1802400
2548,230,211,141027,4403,854570,1770300
2549,226,201,140801,4428,854771,1800800
2550,253,192,140548,4489,854963,1784400
2551,239,201,140309,4527,855164,1807800
2552,238,218,140071,4547,855382,1832400
2553,232,216,139839,4563,855598,1739600
2554,224,246,139615,4541,855844,1785800
2555,227,233,139388,4535,856077,2092600
2556,240,208,139148,4567,856285,2032600
2557,233,233,138915,4567,856518,1856600
2558,244,244,138671,4567,856762,1842200
2559,247,214,138424,4600,856976,1923000
2560,236,222,138188,4614,857198,1824300
2561,230,259,137958,4585,857457,1801900
2562,236,209,137722,4612,857666,1793800
2563,239,234,137483,4617,857900,1818600
2564,225,236,137258,4606,858136,1835100
2565,197,231,137061,4572,858367,1817800
2566,219,248,136842,4543,858615,2114900
2567,223,253,136619,4513,858868,1774700
2568,229,224,136390,4518,859092,1772000
2569,220,224,136170,4514,859316,2026500
2570,228,219,135942,4523,859535,1837000
2571,233,238,135709,4518,859773,1927900
2572,231,238,135478,4511,860011,1897900
2573,220,232,135258,4499,860243,1853500
2574,231,220,135027,4510,860463,1928200
2575,251,220,134776,4541,860683,1985700
2576,231,198,134545,4574,860881,1908500
2577,221,225,134324,4570,861106,1834500
2578,220,223,134104,4567,861329,2039400
2579,266,220,133838,4613,861549,1805000
2580,223,231,133615,4605,861780,1800000
2581,243,212,133372,4636,861992,1782800
2582,250,251,133122,4635,862243,1796200
2583,209,238,132913,4606,862481,1792900
2584,218,228,132695,4596,862709,1774200
2585,236,219,132459,4613,862928,1818600
2586,234,260,132225,4587,863188,1817000
2587,240,236,131985,4591,863424,1797200
2588,243,228,131742,4606,863652,1848400
2589,220,247,131522,4579,863899,1825500
2590,228,221,131294,4586,864120,1737500
2591,233,217,131061,4602,864337,1741500
2592,234,231,130827,4605,864568,1852200
2593,225,217,130602,4613,864785,1856800
2594,236,218,130366,4631,865003,1940600
2595,211,221,130155,4621,865224,1794800
2596,241,217,129914,4645,865441,1834300
2597,235,229,129679,4651,865670,1803600
2598,229,227,129450,4653,865897,1862200
2599,236,271,129214,4618,866168,1838000
2600,231,248,128983,4601,866416,1842900
2601,212,226,128771,4587,866642,1781100
2602,234,223,128537,4598,866865,1857600
2603,220,227,128317,4591,867092,1826300
2604,244,226,128073,4609,867318,1831700
2605,221,218,127852,4612,867536,1805600
2606,226,243,127626,4595,867779,1915000
2607,246,232,127380,4609,868011,1836700
2608,247,235,127133,4621,868246,1890800
2609,216,233,126917,4604,868479,1816200
2610,212,254,126705,4562,868733,1779800
2611,217,239,126488,4540,868972,1762700
2612,221,226,126267,4535,869198,1843200
2613,243,218,126024,4560,869416,1823600
2614,226,239,125798,4547,869655,1994100
2615,230,223,125568,4554,869878,1990900
2616,225,212,125343,4567,870090,1857600
2617,229,259,125114,4537,870349,1813500
2618,217,217,124897,4537,870566,1825300
2619,223,234,124674,4526,870800,1784600
2620,220,206,124454,4540,871006,1799600
2621,234,220,124220,4554,871226,1766500
2622,229,240,123991,4543,871466,1708400
2623,255,227,123736,4571,871693,1706000
2624,237,232,123499,4576,871925,1808800
2625,232,229,123267,4579,872154,1952500
2626,243,261,123024,4561,872415,2154700
2627,207,228,122817,4540,872643,1916700
2628,252,245,122565,4547,872888,1842100
2629,256,218,122309,4585,873106,1819700
2630,210,270,122099,4525,873376,1805600
2631,244,216,121855,4553,873592,1746400
2632,232,229,121623,4556,873821,1844600
2633,226,224,121397,4558,874045,1796000
2634,212,230,121185,4540,874275,1941900
2635,234,219,120951,4555,874494,1784200
2636,211,217,120740,4549,874711,1791000
2637,232,231,120508,4550,874942,1798900
2638,222,226,120286,4546,875168,1878600
2639,233,237,120053,4542,875405,1791800
2640,228,220,119825,4550,875625,1794100
2641,206,226,119619,4530,875851,1802500
2642,198,212,119421,4516,876063,1775700
2643,206,206,119215,4516,876269,1819900
2644,209,231,119006,4494,876500,2018000
2645,226,243,118780,4477,876743,2016000
2646,227,242,118553,4462,876985,1941400
2647,221,229,118332,4454,877214,1789100
2648,198,226,118134,4426,877440,1829100
2649,215,243,117919,4398,877683,1706800
2650,226,240,117693,4384,877923,1705200
2651,201,209,117492,4376,878132,1826100
2652,219,213,117273,4382,878345,1973100
2653,191,204,117082,4369,878549,1745200
2654,196,227,116886,4338,878776,1780700
2655,221,197,116665,4362,878973,1748300
2656,207,228,116458,4341,879201,1917400
2657,218,194,116240,4365,879395,1823900
2658,239,217,116001,4387,879612,2072100
2659,212,224,115789,4375,879836,1807800
2660,195,205,115594,4365,880041,1790500
2661,237,194,115357,4408,880235,1778500
2662,234,221,115123,4421,880456,1836400
2663,238,239,114885,4420,880695,1769800
2664,241,236,114644,4425,880931,1755900
2665,233,244,114411,4414,881175,1749700
2666,238,203,114173,4449,881378,1694600
2667,241,210,113932,4480,881588,1829500
2668,257,208,113675,4529,881796,1843300
2669,240,231,113435,4538,882027,1735600
2670,248,210,113187,4576,882237,1716700
2671,254,232,112933,4598,882469,1744500
2672,229,205,112704,4622,882674,1816300
2673,254,232,112450,4644,882906,1906400
2674,261,252,112189,4653,883158,1832700
2675,229,244,111960,4638,883402,1746100
2676,244,236,111716,4646,883638,1753700
2677,259,248,111457,4657,883886,1839800
2678,232,249,111225,4640,884135,1830800
2679,202,231,111023,4611,884366,1968500
2680,240,235,110783,4616,884601,1738600
2681,220,249,110563,4587,884850,2157200
2682,230,222,110333,4595,885072,1989200
2683,222,257,110111,4560,885329,1912600
2684,210,261,109901,4509,885590,1776300
2685,218,207,109683,4520,885797,1821200
2686,238,220,109445,4538,886017,2018300
2687,224,222,109221,4540,886239,1764600
2688,208,226,109013,4522,886465,1794900
2689,247,222,108766,4547,886687,1814600
2690,228,217,108538,4558,886904,1775000
2691,207,214,108331,4551,887118,1708600
2692,218,216,108113,4553,887334,1772600
2693,229,244,107884,4538,887578,1779400
2694,222,201,107662,4559,887779,1767500
2695,213,235,107449,4537,888014,1761400
2696,220,219,107229,4538,888233,1763600
2697,222,231,107007,4529,888464,2082800
2698,238,229,106769,4538,888693,1805900
2699,219,202,106550,4555,888895,1719800
2700,225,240,106325,4540,889135,1700600
2701,220,236,106105,4524,889371,1959200
2702,213,218,105892,4519,889589,1710300
2703,209,212,105683,4516,889801,1776900
2704,198,226,105485,4488,890027,1961800
2705,201,233,105284,4456,890260,1755600
2706,191,231,105093,4416,890491,1743700
2707,225,215,104868,4426,890706,1699200
2708,184,208,104684,4402,890914,1920500
2709,213,212,104471,4403,891126,1757100
2710,217,201,104254,4419,891327,1691700
2711,202,227,104052,4394,891554,1700500
2712,230,216,103822,4408,891770,1799700
2713,208,221,103614,4395,891991,1782600
2714,207,229,103407,4373,892220,1711400
2715,214,237,103193,4350,892457,1709900
2716,228,192,102965,4386,892649,2275800
2717,210,200,102755,4396,892849,1987100
2718,213,211,102542,4398,893060,1843000
2719,212,227,102330,4383,893287,1831000
2720,203,221,102127,4365,893508,1937300
2721,213,247,101914,4331,893755,1774600
2722,194,224,101720,4301,893979,1778000
2723,226,213,101494,4314,894192,1739300
2724,225,227,101269,4312,894419,1873800
2725,208,237,101061,4283,894656,1860200
2726,218,218,100843,4283,894874,1929200
2727,189,192,100654,4280,895066,2123500
2728,208,234,100446,4254,895300,1803900
2729,207,210,100239,4251,895510,2062100
2730,228,214,100011,4265,895724,1781200
2731,198,216,99813,4247,895940,1824600
2732,218,221,99595,4244,896161,1853400
2733,210,204,99385,4250,896365,1741900
2734,205,184,99180,4271,896549,1850600
2735,208,203,98972,4276,896752,1786100
2736,213,196,98759,4293,896948,1963800
2737,209,217,98550,4285,897165,1760800
2738,215,195,98335,4305,897360,1712000
2739,224,216,98111,4313,897576,1712700
2740,193,204,97918,4302,897780,1932100
2741,204,194,97714,4312,897974,1740200
2742,217,226,97497,4303,898200,1723400
2743,247,217,97250,4333,898417,1856200
2744,216,233,97034,4316,898650,1839500
2745,235,231,96799,4320,898881,1822300
2746,224,250,96575,4294,899131,1924300
2747,212,212,96363,4294,899343,1780600
2748,213,214,96150,4293,899557,1767700
2749,226,199,95924,4320,899756,1744700
2750,184,230,95740,4274,899986,1830600
2751,209,233,95531,4250,900219,1755800
2752,223,197,95308,4276,900416,1724600
2753,199,208,95109,4267,900624,1714000
2754,228,232,94881,4263,900856,1965500
2755,221,201,94660,4283,901057,1825300
2756,230,216,94430,4297,901273,1972600
2757,219,222,94211,4294,901495,1942400
2758,210,233,94001,4271,901728,1949400
2759,212,244,93789,4239,901972,1795100
2760,200,199,93589,4240,902171,1715600
2761,188,181,93401,4247,902352,1748800
2762,211,215,93190,4243,902567,1814400
2763,180,229,93010,4194,902796,1776900
2764,200,188,92810,4206,902984,1744800
2765,220,188,92590,4238,903172,1717100
2766,210,179,92380,4269,903351,1815300
2767,214,197,92166,4286,903548,1771900
2768,213,190,91953,4309,903738,1748900
2769,202,201,91751,4310,903939,1718500
2770,214,215,91537,4309,904154,1818900
2771,204,212,91333,4301,904366,1794800
2772,210,194,91123,4317,904560,1834300
2773,211,221,90912,4307,904781,1728000
2774,220,207,90692,4320,904988,1724300
2775,206,189,90486,4337,905177,1816900
2776,229,221,90257,4345,905398,1895900
2777,217,205,90040,4357,905603,1776400
2778,217,223,89823,4351,905826,1758000
2779,215,209,89608,4357,906035,1738900
2780,222,210,89386,4369,906245,1822800
2781,223,197,89163,4395,906442,1770900
2782,199,222,88964,4372,906664,1751800
2783,201,216,88763,4357,906880,1742800
2784,210,215,88553,4352,907095,1704800
2785,215,228,88338,4339,907323,1761000
2786,208,206,88130,4341,907529,1750300
2787,216,218,87914,4339,907747,1786100
2788,225,239,87689,4325,907986,1851500
2789,210,245,87479,4290,908231,1844500
2790,222,195,87257,4317,908426,1876500
2791,208,227,87049,4298,908653,1807100
2792,209,206,86840,4301,908859,2114500
2793,184,213,86656,4272,909072,1974000
2794,221,229,86435,4264,909301,1782900
2795,206,223,86229,4247,909524,1755800
2796,210,208,86019,4249,909732,1867500
2797,209,230,85810,4228,909962,1882300
2798,191,204,85619,4215,910166,2285500
2799,219,207,85400,4227,910373,1838100
2800,210,201,85190,4236,910574,1840300
2801,235,210,84955,4261,910784,1766200
2802,205,196,84750,4270,910980,1764800
2803,195,219,84555,4246,911199,1689400
2804,209,220,84346,4235,911419,1822900
2805,200,210,84146,4225,911629,2082200
2806,203,204,83943,4224,911833,1832400
2807,194,216,83749,4202,912049,1749800
2808,216,211,83533,4207,912260,1949200
2809,213,223,83320,4197,912483,1754300
2810,199,225,83121,4171,912708,2009300
2811,205,211,82916,4165,912919,1828300
2812,194,222,82722,4137,913141,1738900
2813,223,198,82499,4162,913339,1816900
2814,180,201,82319,4141,913540,1776600
2815,153,215,82166,4079,913755,1781000
2816,195,240,81971,4034,913995,1722500
2817,193,210,81778,4017,914205,1937700
2818,201,207,81577,4011,914412,1838100
2819,198,171,81379,4038,914583,1933100
2820,194,207,81185,4025,914790,1757700
2821,222,192,80963,4055,914982,1763400
2822,207,214,80756,4048,915196,1768200
2823,221,198,80535,4071,915394,1827000
2824,206,214,80329,4063,915608,1715800
2825,206,226,80123,4043,915834,1801200
2826,191,214,79932,4020,916048,1810200
2827,182,211,79750,3991,916259,2022300
2828,205,194,79545,4002,916453,1733400
2829,183,192,79362,3993,916645,1913000
2830,209,195,79153,4007,916840,1795600
2831,198,218,78955,3987,917058,1767200
2832,213,204,78742,3996,917262,1992600
2833,205,193,78537,4008,917455,1749700
2834,219,193,78318,4034,917648,1770800
2835,199,210,78119,4023,917858,1832400
2836,178,201,77941,4000,918059,1754900
2837,213,187,77728,4026,918246,1874100
2838,225,215,77503,4036,918461,1746400
2839,187,181,77316,4042,918642,1746500
2840,216,218,77100,4040,918860,1815200
2841,214,208,76886,4046,919068,1789200
2842,189,197,76697,4038,919265,1760000
2843,218,231,76479,4025,919496,1794600
2844,192,196,76287,4021,919692,2070400
2845,203,204,76084,4020,919896,1879300
2846,193,212,75891,4001,920108,1836600
2847,197,206,75694,3992,920314,2106100
2848,192,198,75502,3986,920512,1833300
2849,220,223,75282,3983,920735,1977400
2850,196,196,75086,3983,920931,1894300
2851,180,213,74906,3950,921144,1877400
2852,205,205,74701,3950,921349,1840300
2853,213,220,74488,3943,921569,1894300
2854,198,206,74290,3935,921775,1761900
2855,225,222,74065,3938,921997,1749700
2856,181,191,73884,3928,922188,1788200
2857,201,201,73683,3928,922389,1794700
2858,188,202,73495,3914,922591,1993000
2859,198,190,73297,3922,922781,1775300
2860,189,190,73108,3921,922971,1732100
2861,165,227,72943,3859,923198,1825100
2862,207,176,72736,3890,923374,1803500
2863,201,210,72535,3881,923584,1704900
2864,168,191,72367,3858,923775,1839300
2865,186,189,72181,3855,923964,1725100
2866,186,207,71995,3834,924171,1826800
2867,217,208,71778,3843,924379,1800500
2868,176,182,71602,3837,924561,1779500
2869,199,203,71403,3833,924764,1790400
2870,193,186,71210,3840,924950,1817600
2871,190,221,71020,3809,925171,1749800
2872,196,218,70824,3787,925389,1912600
2873,196,183,70628,3800,925572,1765500
2874,213,183,70415,3830,925755,1846800
2875,189,175,70226,3844,925930,1724000
2876,200,201,70026,3843,926131,1824900
2877,201,205,69825,3839,926336,1771100
2878,204,196,69621,3847,926532,1688500
2879,196,201,69425,3842,926733,1710200
2880,195,176,69230,3861,926909,1809900
2881,194,207,69036,3848,927116,1915100
2882,196,189,68840,3855,927305,1758400
2883,203,189,68637,3869,927494,1744000
2884,220,190,68417,3899,927684,1753700
2885,190,186,68227,3903,927870,1696000
2886,203,180,68024,3926,928050,1757900
2887,206,182,67818,3950,928232,1749200
2888,215,210,67603,3955,928442,1706300
2889,193,177,67410,3971,928619,1838300
2890,197,177,67213,3991,928796,1759900
2891,174,181,67039,3984,928977,1738400
2892,184,184,66855,3984,929161,1712300
2893,189,186,66666,3987,929347,1733300
2894,187,188,66479,3986,929535,1775600
2895,180,205,66299,3961,929740,1688300
2896,196,199,66103,3958,929939,1704700
2897,175,213,65928,3920,930152,1800500
2898,183,220,65745,3883,930372,2093800
2899,197,173,65548,3907,930545,2124000
2900,199,219,65349,3887,930764,1743800
2901,208,187,65141,3908,930951,1810500
2902,229,214,64912,3923,931165,1772900
2903,196,190,64716,3929,931355,1721900
2904,206,192,64510,3943,931547,1795300
2905,190,214,64320,3919,931761,2067600
2906,192,221,64128,3890,931982,2066900
2907,212,197,63916,3905,932179,1908500
2908,190,177,63726,3918,932356,1917200
2909,198,204,63528,3912,932560,2063600
2910,197,195,63331,3914,932755,1822500
2911,188,199,63143,3903,932954,1802600
2912,190,203,62953,3890,933157,1808600
2913,189,206,62764,3873,933363,1795800
2914,171,176,62593,3868,933539,1849100
2915,183,214,62410,3837,933753,1944700
2916,213,186,62197,3864,933939,1789600
2917,201,222,61996,3843,934161,2043300
2918,192,179,61804,3856,934340,1906600
2919,183,203,61621,3836,934543,1881600
2920,204,200,61417,3840,934743,1911700
2921,217,202,61200,3855,934945,1812000
2922,186,198,61014,3843,935143,1748600
2923,189,192,60825,3840,935335,1888300
2924,194,191,60631,3843,935526,1715400
2925,188,166,60443,3865,935692,1767200
2926,186,192,60257,3859,935884,1830100
2927,177,184,60080,3852,936068,1772200
2928,201,199,59879,3854,936267,1830400
2929,199,217,59680,3836,936484,1841200
2930,169,195,59511,3810,936679,1739900
2931,196,182,59315,3824,936861,1755100
2932,180,190,59135,3814,937051,1698000
2933,190,179,58945,3825,937230,1855800
2934,172,181,58773,3816,937411,1859500
2935,186,182,58587,3820,937593,1763500
2936,175,193,58412,3802,937786,1714500
2937,200,188,58212,3814,937974,1831100
2938,156,196,58056,3774,938170,1854300
2939,172,191,57884,3755,938361,1940300
2940,164,196,57720,3723,938557,1976700
2941,181,200,57539,3704,938757,1837900
2942,195,194,57344,3705,938951,1887300
2943,159,193,57185,3671,939144,1793200
2944,166,180,57019,3657,939324,1770900
2945,159,187,56860,3629,939511,1843400
2946,160,162,56700,3627,939673,1804600
2947,177,164,56523,3640,939837,1767000
2948,168,182,56355,3626,940019,1747300
2949,165,181,56190,3610,940200,1715100
2950,170,197,56020,3583,940397,1886200
2951,136,178,55884,3541,940575,1727600
2952,178,183,55706,3536,940758,1685400
2953,151,203,55555,3484,940961,1690000
2954,146,184,55409,3446,941145,1811000
2955,143,188,55266,3401,941333,1771700
2956,161,163,55105,3399,941496,1687000
2957,155,196,54950,3358,941692,1747300
2958,168,165,54782,3361,941857,1941200
2959,163,170,54619,3354,942027,1835100
2960,145,163,54474,3336,942190,1760100
2961,149,171,54325,3314,942361,1733400
2962,136,188,54189,3262,942549,1738200
2963,146,168,54043,3240,942717,1834900
2964,153,164,53890,3229,942881,1833800
2965,160,171,53730,3218,943052,1764700
2966,147,158,53583,3207,943210,1796300
2967,155,156,53428,3206,943366,1833400
2968,145,157,53283,3194,943523,1843700
2969,157,173,53126,3178,943696,1772200
2970,157,174,52969,3161,943870,1737300
2971,155,158,52814,3158,944028,2084300
2972,160,169,52654,3149,944197,2030100
2973,160,159,52494,3150,944356,1764100
2974,156,152,52338,3154,944508,1822400
2975,146,151,52192,3149,944659,1831800
2976,139,150,52053,3138,944809,1841400
2977,162,148,51891,3152,944957,1924800
2978,150,155,51741,3147,945112,1874900
2979,173,153,51568,3167,945265,1735000
2980,148,160,51420,3155,945425,1776700
2981,172,158,51248,3169,945583,1846400
2982,160,163,51088,3166,945746,1858900
2983,160,149,50928,3177,945895,1812800
2984,139,151,50789,3165,946046,1653000
2985,147,171,50642,3141,946217,1927400
2986,156,156,50486,3141,946373,2218600
2987,147,155,50339,3133,946528,1900800
2988,152,178,50187,3107,946706,1787300
2989,156,175,50031,3088,946881,1748300
2990,142,145,49889,3085,947026,1850600
2991,140,135,49749,3090,947161,1809700
2992,171,156,49578,3105,947317,1731100
2993,145,143,49433,3107,947460,1789500
2994,127,151,49306,3083,947611,1862400
2995,151,156,49155,3078,947767,1705300
2996,155,176,49000,3057,947943,1737900
2997,168,144,48832,3081,948087,1825300
2998,150,150,48682,3081,948237,1778900
2999,154,157,48528,3078,948394,1850800
3000,133,148,48395,3063,948542,1961500
3001,127,143,48268,3047,948685,1822300
3002,171,171,48097,3047,948856,1822700
3003,141,162,47956,3026,949018,1777700
3004,131,169,47825,2988,949187,1754500
3005,144,142,47681,2990,949329,1829000
3006,133,151,47548,2972,949480,1825100
3007,114,168,47434,2918,949648,1749600
3008,140,145,47294,2913,949793,1751400
3009,131,147,47163,2897,949940,1951200
3010,134,143,47029,2888,950083,1980500
3011,140,153,46889,2875,950236,2134300
3012,122,144,46767,2853,950380,1859500
3013,127,126,46640,2854,950506,1845100
3014,116,164,46524,2806,950670,1861600
3015,129,130,46395,2805,950800,1830100
3016,115,129,46280,2791,950929,1736600
3017,126,113,46154,2804,951042,1739800
3018,128,158,46026,2774,951200,1940900
3019,127,142,45899,2759,951342,1756000
3020,126,120,45773,2765,951462,2012400
3021,125,150,45648,2740,951612,1797200
3022,127,127,45521,2740,951739,1782100
3023,135,133,45386,2742,951872,1795300
3024,129,137,45257,2734,952009,1692200
3025,149,139,45108,2744,952148,1802900
3026,149,127,44959,2766,952275,1772400
3027,128,128,44831,2766,952403,1692200
3028,134,131,44697,2769,952534,1684700
3029,125,134,44572,2760,952668,1710800
3030,124,129,44448,2755,952797,1710200
3031,123,128,44325,2750,952925,1702400
3032,120,128,44205,2742,953053,1832900
3033,121,124,44084,2739,953177,1811500
3034,131,127,43953,2743,953304,1739700
3035,139,135,43814,2747,953439,1732600
3036,146,134,43668,2759,953573,1696500
3037,153,141,43515,2771,953714,1805500
3038,120,155,43395,2736,953869,2046100
3039,119,128,43276,2727,953997,1780600
3040,118,128,43158,2717,954125,1706600
3041,120,131,43038,2706,954256,1947300
3042,124,142,42914,2688,954398,1754200
3043,126,128,42788,2686,954526,1821000
3044,129,132,42659,2683,954658,1782900
3045,134,134,42525,2683,954792,1962200
3046,128,128,42397,2683,954920,1735800
3047,121,139,42276,2665,955059,1978200
3048,133,122,42143,2676,955181,1886400
3049,135,131,42008,2680,955312,1809800
3050,120,123,41888,2677,955435,1748100
3051,145,147,41743,2675,955582,1764000
3052,128,135,41615,2668,955717,1792800
3053,131,148,41484,2651,955865,1698200
3054,141,151,41343,2641,956016,2101300
3055,111,130,41232,2622,956146,1817600
3056,130,136,41102,2616,956282,1738400
3057,118,149,40984,2585,956431,1719500
3058,121,125,40863,2581,956556,1722700
3059,125,138,40738,2568,956694,1836800
3060,125,141,40613,2552,956835,1810600
3061,129,133,40484,2548,956968,1702700
3062,108,104,40376,2552,957072,1677600
3063,114,137,40262,2529,957209,1914500
3064,131,133,40131,2527,957342,1761700
3065,102,123,40029,2506,957465,1847400
3066,110,130,39919,2486,957595,1792900
3067,119,132,39800,2473,957727,1742000
3068,135,115,39665,2493,957842,1762600
3069,103,131,39562,2465,957973,1717000
3070,129,137,39433,2457,958110,1747700
3071,133,121,39300,2469,958231,1695700
3072,134,118,39166,2485,958349,1698200
3073,125,133,39041,2477,958482,1732200
3074,125,131,38916,2471,958613,1707700
3075,123,125,38793,2469,958738,1677900
3076,119,125,38674,2463,958863,1837400
3077,116,140,38558,2439,959003,1758900
3078,111,116,38447,2434,959119,1674400
3079,128,122,38319,2440,959241,1789000
3080,133,111,38186,2462,959352,1815500
3081,126,104,38060,2484,959456,1965300
3082,113,108,37947,2489,959564,1753900
3083,104,130,37843,2463,959694,1704900
3084,93,127,37750,2429,959821,1739800
3085,117,128,37633,2418,959949,1719400
3086,114,108,37519,2424,960057,1758100
3087,112,108,37407,2428,960165,1713100
3088,106,122,37301,2412,960287,1741800
3089,106,112,37195,2406,960399,1830300
3090,132,97,37063,2441,960496,1827600
3091,112,113,36951,2440,960609,1995900
3092,91,126,36860,2405,960735,1833800
3093,99,128,36761,2376,960863,1800500
3094,104,110,36657,2370,960973,1760000
3095,117,126,36540,2361,961099,1759800
3096,103,125,36437,2339,961224,1927900
3097,107,119,36330,2327,961343,1808500
3098,91,126,36239,2292,961469,1804300
3099,112,106,36127,2298,961575,1998400
3100,97,123,36030,2272,961698,1665300
3101,97,111,35933,2258,961809,1839000
3102,99,126,35834,2231,961935,1816900
3103,107,107,35727,2231,962042,1754500
3104,98,111,35629,2218,962153,1672500
3105,97,117,35532,2198,962270,1677900
3106,117,102,35415,2213,962372,1776600
3107,103,118,35312,2198,962490,1782300
3108,89,118,35223,2169,962608,1715000
3109,101,98,35122,2172,962706,1829300
3110,100,114,35022,2158,962820,1825000
3111,93,100,34929,2151,962920,1743400
3112,126,128,34803,2149,963048,1702700
3113,118,126,34685,2141,963174,1696300
3114,114,103,34571,2152,963277,1713300
3115,93,104,34478,2141,963381,1697100
3116,107,103,34371,2145,963484,1711000
3117,97,114,34274,2128,963598,1681000
3118,111,105,34163,2134,963703,2099400
3119,103,113,34060,2124,963816,1792100
3120,124,107,33936,2141,963923,1705500
3121,121,111,33815,2151,964034,2050400
3122,109,115,33706,2145,964149,1831600
3123,120,106,33586,2159,964255,1817200
3124,109,107,33477,2161,964362,1868900
3125,110,112,33367,2159,964474,1832600
3126,102,110,33265,2151,964584,1819500
3127,124,102,33141,2173,964686,1706400
3128,100,101,33041,2172,964787,1691800
3129,99,118,32942,2153,964905,1840600
3130,94,116,32848,2131,965021,1804300
3131,114,109,32734,2136,965130,1704000
3132,113,93,32621,2156,965223,1710800
3133,107,102,32514,2161,965325,1822200
3134,118,106,32396,2173,965431,1813100
3135,111,90,32285,2194,965521,1921600
3136,113,126,32172,2181,965647,1689500
3137,123,109,32049,2195,965756,1681000
3138,100,125,31949,2170,965881,1809600
3139,107,107,31842,2170,965988,1753500
3140,89,104,31753,2155,966092,1677000
3141,97,112,31656,2140,966204,1707300
3142,102,111,31554,2131,966315,1804700
3143,110,90,31444,2151,966405,1927100
3144,100,112,31344,2139,966517,1885600
3145,102,100,31242,2141,966617,1701200
3146,100,95,31142,2146,966712,1686400
3147,109,132,31033,2123,966844,1834100
3148,94,97,30939,2120,966941,1813700
3149,103,101,30836,2122,967042,1727100
3150,105,97,30731,2130,967139,1687000
3151,101,101,30630,2130,967240,1820500
3152,107,121,30523,2116,967361,1810000
3153,98,93,30425,2121,967454,1741500
3154,101,108,30324,2114,967562,1686000
3155,91,108,30233,2097,967670,1779100
3156,97,96,30136,2098,967766,1816500
3157,96,104,30040,2090,967870,2322200
3158,97,100,29943,2087,967970,1925200
3159,111,98,29832,2100,968068,1762200
3160,89,124,29743,2065,968192,1796500
3161,110,101,29633,2074,968293,1797700
3162,119,99,29514,2094,968392,1696200
3163,98,109,29416,2083,968501,2015300
3164,97,112,29319,2068,968613,1826200
3165,104,92,29215,2080,968705,1843200
3166,103,98,29112,2085,968803,1776300
3167,84,108,29028,2061,968911,1644000
3168,80,112,28948,2029,969023,1687200
3169,82,96,28866,2015,969119,1806100
3170,98,85,28768,2028,969204,1702600
3171,98,113,28670,2013,969317,1997000
3172,95,101,28575,2007,969418,1680500
3173,84,92,28491,1999,969510,1683600
3174,95,89,28396,2005,969599,2059600
3175,120,109,28276,2016,969708,1818800
3176,86,107,28190,1995,969815,1842300
3177,101,108,28089,1988,969923,1949800
3178,95,94,27994,1989,970017,1733200
3179,88,101,27906,1976,970118,1724000
3180,91,110,27815,1957,970228,1826800
3181,90,100,27725,1947,970328,1796400
3182,86,104,27639,1929,970432,1793800
3183,76,84,27563,1921,970516,1745400
3184,90,98,27473,1913,970614,1791700
3185,99,85,27374,1927,970699,1778300
3186,84,93,27290,1918,970792,1763400
3187,77,97,27213,1898,970889,1960500
3188,90,108,27123,1880,970997,1920600
3189,91,102,27032,1869,971099,1782300
3190,82,104,26950,1847,971203,1709400
3191,91,80,26859,1858,971283,1850600
3192,103,78,26756,1883,971361,1904400
3193,96,90,26660,1889,971451,1871500
3194,81,90,26579,1880,971541,1878300
3195,84,103,26495,1861,971644,1850300
3196,66,86,26429,1841,971730,2001200
3197,78,106,26351,1813,971836,1799000
3198,82,91,26269,1804,971927,1860600
3199,81,81,26188,1804,972008,1869200
3200,87,91,26101,1800,972099,1944900
3201,99,74,26002,1825,972173,2113500
3202,83,90,25919,1818,972263,1789200
3203,86,79,25833,1825,972342,1822000
3204,80,87,25753,1818,972429,1771400
3205,89,81,25664,1826,972510,1748200
3206,94,94,25570,1826,972604,1847300
3207,82,100,25488,1808,972704,1753700
3208,73,97,25415,1784,972801,1855000
3209,75,79,25340,1780,972880,1768900
3210,68,85,25272,1763,972965,1970600
3211,88,110,25184,1741,973075,1784100
3212,82,88,25102,1735,973163,1842000
3213,61,94,25041,1702,973257,1718200
3214,66,96,24975,1672,973353,1710800
3215,73,104,24902,1641,973457,1696100
3216,66,95,24836,1612,973552,1790000
3217,79,74,24757,1617,973626,1798100
3218,56,85,24701,1588,973711,1847600
3219,67,69,24634,1586,973780,1731300
3220,72,73,24562,1585,973853,1722300
3221,81,81,24481,1585,973934,1821600
3222,61,67,24420,1579,974001,1768300
3223,68,94,24352,1553,974095,1773900
3224,66,80,24286,1539,974175,1723600
3225,77,54,24209,1562,974229,1819600
3226,71,85,24138,1548,974314,1849200
3227,75,88,24063,1535,974402,1843400
3228,77,73,23986,1539,974475,1965100
3229,73,63,23913,1549,974538,1821000
3230,70,77,23843,1542,974615,1820600
3231,65,76,23778,1531,974691,1754500
3232,62,76,23716,1517,974767,1848000
3233,63,83,23653,1497,974850,1921900
3234,69,90,23584,1476,974940,1802400
3235,84,70,23500,1490,975010,1765700
3236,71,65,23429,1496,975075,1743400
3237,66,84,23363,1478,975159,1824800
3238,73,83,23290,1468,975242,1809400
3239,75,76,23215,1467,975318,1953600
3240,61,83,23154,1445,975401,1731400
3241,70,77,23084,1438,975478,1725200
3242,71,72,23013,1437,975550,1719700
3243,59,72,22954,1424,975622,1779900
3244,71,60,22883,1435,975682,1855500
3245,58,71,22825,1422,975753,1729300
3246,60,69,22765,1413,975822,1713800
3247,81,69,22684,1425,975891,1839500
3248,75,63,22609,1437,975954,1783600
3249,67,54,22542,1450,976008,1745100
3250,64,74,22478,1440,976082,1786700
3251,57,74,22421,1423,976156,1825700
3252,55,78,22366,1400,976234,1828200
3253,55,76,22311,1379,976310,1792600
3254,49,68,22262,1360,976378,1989200
3255,51,57,22211,1354,976435,1773200
3256,43,78,22168,1319,976513,1983400
3257,50,65,22118,1304,976578,2061100
3258,49,65,22069,1288,976643,1911100
3259,54,59,22015,1283,976702,1707100
3260,53,69,21962,1267,976771,1831300
3261,48,54,21914,1261,976825,1874100
3262,62,63,21852,1260,976888,1759400
3263,57,60,21795,1257,976948,1771000
3264,44,79,21751,1222,977027,1745600
3265,49,55,21702,1216,977082,1769100
3266,66,63,21636,1219,977145,1893400
3267,55,63,21581,1211,977208,1769500
3268,60,68,21521,1203,977276,1724800
3269,62,58,21459,1207,977334,2051500
3270,53,65,21406,1195,977399,1737900
3271,59,59,21347,1195,977458,1813800
3272,55,36,21292,1214,977494,1866000
3273,49,65,21243,1198,977559,1782600
3274,52,43,21191,1207,977602,2003100
3275,49,76,21142,1180,977678,1697000
3276,48,57,21094,1171,977735,1680700
3277,50,58,21044,1163,977793,1811600
3278,51,57,20993,1157,977850,1688000
3279,49,53,20944,1153,977903,1718200
3280,48,43,20896,1158,977946,1737000
3281,48,63,20848,1143,978009,1779800
3282,37,56,20811,1124,978065,1690500
3283,47,53,20764,1118,978118,1673000
3284,45,49,20719,1114,978167,1798300
3285,44,63,20675,1095,978230,1741500
3286,57,53,20618,1099,978283,1691900
3287,47,51,20571,1095,978334,1993600
3288,42,62,20529,1075,978396,1845600
3289,48,60,20481,1063,978456,1816500
3290,33,49,20448,1047,978505,1736600
3291,47,43,20401,1051,978548,1697700
3292,51,48,20350,1054,978596,1672300
3293,37,56,20313,1035,978652,1790700
3294,43,64,20270,1014,978716,1719000
3295,50,53,20220,1011,978769,1683900
3296,47,59,20173,999,978828,1970000
3297,62,38,20111,1023,978866,1826900
3298,46,39,20065,1030,978905,1812500
3299,55,63,20010,1022,978968,1844700
3300,34,55,19976,1001,979023,1744100
3301,48,46,19928,1003,979069,1690700
3302,34,40,19894,997,979109,1678500
3303,42,46,19852,993,979155,1796000
3304,43,49,19809,987,979204,1755200
3305,49,56,19760,980,979260,1688700
3306,50,58,19710,972,979318,1716400
3307,57,46,19653,983,979364,1918600
3308,43,39,19610,987,979403,1756900
3309,40,47,19570,980,979450,1673300
3310,45,51,19525,974,979501,1697200
3311,52,46,19473,980,979547,1674700
3312,34,66,19439,948,979613,1672100
3313,50,49,19389,949,979662,1690200
3314,56,49,19333,956,979711,1820000
3315,35,46,19298,945,979757,1754300
3316,32,44,19266,933,979801,1687700
3317,24,62,19242,895,979863,1674900
3318,47,58,19195,884,979921,2045400
3319,32,55,19163,861,979976,1801200
3320,37,37,19126,861,980013,1744800
3321,33,53,19093,841,980066,1669600
3322,36,47,19057,830,980113,1709100
3323,39,41,19018,828,980154,1683000
3324,40,44,18978,824,980198,1713400
3325,24,44,18954,804,980242,1676600
3326,41,53,18913,792,980295,1801400
3327,25,40,18888,777,980335,1745700
3328,40,38,18848,779,980373,1671800
3329,30,39,18818,770,980412,1701000
3330,34,35,18784,769,980447,1786200
3331,38,36,18746,771,980483,1803900
3332,34,38,18712,767,980521,1694600
3333,34,42,18678,759,980563,1671200
3334,23,47,18655,735,980610,1933000
3335,25,33,18630,727,980643,1713000
3336,29,38,18601,718,980681,1622400
3337,35,26,18566,727,980707,1675200
3338,31,37,18535,721,980744,1789100
3339,31,43,18504,709,980787,1732600
3340,30,40,18474,699,980827,2055200
3341,30,26,18444,703,980853,1702700
3342,18,23,18426,698,980876,1792300
3343,16,48,18410,666,980924,1812000
3344,29,32,18381,663,980956,1805200
3345,27,36,18354,654,980992,1783300
3346,38,22,18316,670,981014,1683000
3347,31,47,18285,654,981061,1679700
3348,23,36,18262,641,981097,1812900
3349,19,40,18243,620,981137,2105900
3350,27,34,18216,613,981171,2004700
3351,29,22,18187,620,981193,2001400
3352,26,28,18161,618,981221,1791300
3353,36,30,18125,624,981251,1687800
3354,24,27,18101,621,981278,1676400
3355,32,33,18069,620,981311,1710900
3356,29,44,18040,605,981355,1952800
3357,32,20,18008,617,981375,1888800
3358,26,37,17982,606,981412,1999600
3359,26,34,17956,598,981446,1701600
3360,31,21,17925,608,981467,1678600
3361,33,27,17892,614,981494,1683900
3362,30,23,17862,621,981517,1798600
3363,29,20,17833,630,981537,1810600
3364,22,34,17811,618,981571,1803500
3365,42,31,17769,629,981602,1809000
3366,27,45,17742,611,981647,1810400
3367,34,38,17708,607,981685,1805500
3368,25,31,17683,601,981716,1799600
3369,28,36,17655,593,981752,1813100
3370,35,28,17620,600,981780,1811300
3371,32,36,17588,596,981816,1785400
3372,36,37,17552,595,981853,2082600
3373,29,25,17523,599,981878,1698800
3374,37,24,17486,612,981902,1804900
3375,21,26,17465,607,981928,2109000
3376,29,26,17436,610,981954,1699300
3377,31,25,17405,616,981979,1681700
3378,30,27,17375,619,982006,1723500
3379,26,29,17349,616,982035,1811000
3380,26,33,17323,609,982068,1828200
3381,23,31,17300,601,982099,1687400
3382,21,25,17279,597,982124,1804300
3383,24,25,17255,596,982149,1800100
3384,27,30,17228,593,982179,1797600
3385,30,29,17198,594,982208,1810700
3386,29,27,17169,596,982235,1789700
3387,30,17,17139,609,982252,1791900
3388,29,26,17110,612,982278,1808500
3389,24,29,17086,607,982307,1783100
3390,30,37,17056,600,982344,1802600
3391,33,31,17023,602,982375,1833500
3392,27,29,16996,600,982404,1782200
3393,26,26,16970,600,982430,1812900
3394,24,25,16946,599,982455,1802900
3395,26,33,16920,592,982488,1946900
3396,23,39,16897,576,982527,2061300
3397,31,20,16866,587,982547,1768800
3398,16,33,16850,570,982580,1736600
3399,28,26,16822,572,982606,1749500
3400,30,30,16792,572,982636,1697200
3401,28,21,16764,579,982657,1942900
3402,18,28,16746,569,982685,1686100
3403,19,30,16727,558,982715,1786900
3404,35,30,16692,563,982745,1862700
3405,24,20,16668,567,982765,1796500
3406,24,20,16644,571,982785,1966100
3407,19,32,16625,558,982817,1815400
3408,27,26,16598,559,982843,1745100
3409,22,19,16576,562,982862,1721100
3410,18,31,16558,549,982893,1677700
3411,28,24,16530,553,982917,1992500
3412,22,27,16508,548,982944,1680000
3413,21,24,16487,545,982968,1675400
3414,15,31,16472,529,982999,1843900
3415,24,28,16448,525,983027,1815800
3416,30,19,16418,536,983046,1792500
3417,21,28,16397,529,983074,1978300
3418,24,24,16373,529,983098,1958900
3419,19,29,16354,519,983127,1738200
3420,19,33,16335,505,983160,1743800
3421,20,23,16315,502,983183,1801300
3422,27,22,16288,507,983205,1736000
3423,34,35,16254,506,983240,1761900
3424,24,28,16230,502,983268,1685100
3425,23,28,16207,497,983296,1685600
3426,25,20,16182,502,983316,1966300
3427,26,28,16156,500,983344,1850900
3428,19,23,16137,496,983367,1821800
3429,23,28,16114,491,983395,1750400
3430,27,29,16087,489,983424,2063300
3431,16,26,16071,479,983450,1787300
3432,19,30,16052,468,983480,1806900
3433,11,16,16041,463,983496,1782000
3434,19,24,16022,458,983520,1676800
3435,19,25,16003,452,983545,1793400
3436,15,23,15988,444,983568,1797000
3437,19,25,15969,438,983593,1780600
3438,18,17,15951,439,983610,1694800
3439,24,15,15927,448,983625,1797200
3440,18,21,15909,445,983646,1804300
3441,20,21,15889,444,983667,2175300
3442,23,20,15866,447,983687,1814800
3443,22,20,15844,449,983707,1909300
3444,21,21,15823,449,983728,1680500
3445,14,20,15809,443,983748,1680000
3446,21,24,15788,440,983772,1684000
3447,26,27,15762,439,983799,1671300
3448,16,18,15746,437,983817,1825800
3449,16,23,15730,430,983840,1789500
3450,20,24,15710,426,983864,1873600
3451,16,22,15694,420,983886,1762800
3452,11,14,15683,417,983900,1740200
3453,19,23,15664,413,983923,1719700
3454,22,23,15642,412,983946,1817000
3455,16,19,15626,409,983965,1779700
3456,21,20,15605,410,983985,1807000
3457,15,17,15590,408,984002,1803500
3458,18,26,15572,400,984028,1785600
3459,15,20,15557,395,984048,1791900
3460,18,13,15539,400,984061,1834000
3461,22,18,15517,404,984079,1808300
3462,17,19,15500,402,984098,1813600
3463,15,16,15485,401,984114,1833200
3464,14,26,15471,389,984140,1866800
3465,12,14,15459,387,984154,1789200
3466,22,23,15437,386,984177,1732300
3467,17,15,15420,388,984192,1815300
3468,17,12,15403,393,984204,1783100
3469,14,28,15389,379,984232,1797500
3470,17,22,15372,374,984254,1778700
3471,22,19,15350,377,984273,1897400
3472,10,26,15340,361,984299,1728200
3473,12,20,15328,353,984319,1789200
3474,10,16,15318,347,984335,1837000
3475,13,24,15305,336,984359,1691400
3476,17,18,15288,335,984377,2197000
3477,11,13,15277,333,984390,1687100
3478,10,16,15267,327,984406,1678600
3479,9,16,15258,320,984422,1689100
3480,11,12,15247,319,984434,1691100
3481,12,15,15235,316,984449,1769100
3482,11,14,15224,313,984463,1812200
3483,6,19,15218,300,984482,1720000
3484,8,18,15210,290,984500,1913100
3485,9,18,15201,281,984518,1799300
3486,8,17,15193,272,984535,1682600
3487,8,15,15185,265,984550,1799800
3488,4,10,15181,259,984560,1679600
3489,8,11,15173,256,984571,1805000
3490,10,13,15163,253,984584,1781400
3491,7,13,15156,247,984597,1795000
3492,10,16,15146,241,984613,1763600
3493,5,8,15141,238,984621,1776600
3494,11,19,15130,230,984640,1770900
3495,6,18,15124,218,984658,1791600
3496,6,10,15118,214,984668,1675100
3497,3,9,15115,208,984677,1699200
3498,5,4,15110,209,984681,1664500
3499,7,11,15103,205,984692,1774000
3500,7,11,15096,201,984703,1962000
3501,5,17,15091,189,984720,1765200
3502,4,5,15087,188,984725,1830600
3503,6,6,15081,188,984731,1682900
3504,1,8,15080,181,984739,1696800
3505,5,13,15075,173,984752,1677600
3506,4,11,15071,166,984763,1683300
3507,5,12,15066,159,984775,1716700
3508,3,6,15063,156,984781,1921900
3509,2,4,15061,154,984785,1942500
3510,3,5,15058,152,984790,1774900
3511,2,6,15056,148,984796,1811300
3512,4,5,15052,147,984801,1794500
3513,0,9,15052,138,984810,1828500
3514,0,8,15052,130,984818,1792100
3515,1,7,15051,124,984825,1807700
3516,1,4,15050,121,984829,1728700
3517,0,12,15050,109,984841,1799100
3518,1,6,15049,104,984847,1744900
3519,1,2,15048,103,984849,1926000
3520,0,6,15048,97,984855,1727200
3521,0,7,15048,90,984862,1695000
3522,2,3,15046,89,984865,1727200
3523,0,3,15046,86,984868,1623800
3524,0,6,15046,80,984874,1669400
3525,0,2,15046,78,984876,1659000
3526,0,5,15046,73,984881,1999700
3527,0,1,15046,72,984882,1693000
3528,0,7,15046,65,984889,1664900
3529,0,5,15046,60,984894,1877800
3530,1,2,15045,59,984896,1804200
3531,1,0,15044,60,984896,1708500
3532,0,7,15044,53,984903,1727900
3533,0,3,15044,50,984906,1799000
3534,0,5,15044,45,984911,1900700
3535,0,3,15044,42,984914,1767000
3536,0,0,15044,42,984914,1736500
3537,0,0,15044,42,984914,1808200
3538,0,2,15044,40,984916,2065500
3539,0,3,15044,37,984919,1793300
3540,0,3,15044,34,984922,1747700
3541,0,3,15044,31,984925,1734100
3542,0,2,15044,29,984927,1732600
3543,0,2,15044,27,984929,1716800
3544,0,2,15044,25,984931,1721400
3545,1,1,15043,25,984932,1728000
3546,0,3,15043,22,984935,1719500
3547,0,2,15043,20,984937,1709300
3548,0,0,15043,20,984937,1753800
3549,0,1,15043,19,984938,1953500
3550,0,0,15043,19,984938,1734300
3551,0,0,15043,19,984938,1800100
3552,0,1,15043,18,984939,1806000
3553,0,1,15043,17,984940,1775700
3554,0,1,15043,16,984941,1794500
3555,0,2,15043,14,984943,1802500
3556,0,1,15043,13,984944,1790800
3557,0,1,15043,12,984945,1685300
3558,0,1,15043,11,984946,1915400
3559,0,2,15043,9,984948,1746200
3560,0,0,15043,9,984948,1664700
3561,0,3,15043,6,984951,1675600
3562,0,0,15043,6,984951,1660300
3563,0,0,15043,6,984951,1669600
3564,0,0,15043,6,984951,1630500
3565,0,0,15043,6,984951,1862600
3566,0,0,15043,6,984951,1686500
3567,0,0,15043,6,984951,1717000
3568,0,0,15043,6,984951,1758100
3569,0,0,15043,6,984951,2005500
3570,0,0,15043,6,984951,1789300
3571,0,0,15043,6,984951,1721300
3572,0,1,15043,5,984952,1726600
3573,0,1,15043,4,984953,1739000
3574,0,1,15043,3,984954,1826100
3575,0,0,15043,3,984954,1695800
3576,0,0,15043,3,984954,1786700
3577,0,0,15043,3,984954,1791800
3578,0,0,15043,3,984954,1709900
3579,0,0,15043,3,984954,1956900
3580,0,0,15043,3,984954,1740500
3581,0,0,15043,3,984954,1736500
3582,0,0,15043,3,984954,1790300
3583,0,1,15043,2,984955,1793300
3584,0,0,15043,2,984955,1781800
3585,0,0,15043,2,984955,1784500
3586,0,0,15043,2,984955,1803400
3587,0,0,15043,2,984955,1697600
3588,0,0,15043,2,984955,1674400
3589,0,0,15043,2,984955,1664800
3590,0,0,15043,2,984955,1691900
3591,0,1,15043,1,984956,1673600
3592,0,0,15043,1,984956,1657600
3593,0,0,15043,1,984956,1657000
3594,0,0,15043,1,984956,1672200
3595,0,0,15043,1,984956,1658100
3596,0,0,15043,1,984956,1663400
3597,0,0,15043,1,984956,1790300
3598,0,0,15043,1,984956,1764800
3599,0,0,15043,1,984956,1779300
3600,0,1,15043,0,984957,1785000
