Tick,NewlyInfected,NewlyRecovered,TotalSusceptible,TotalInfected,TotalRecovered,StepTimeNanos
0,1,1,999994,5,1,2455800
1,3,0,999991,8,1,2501100
2,1,2,999990,7,3,3511500
3,4,0,999986,11,3,2229200
4,5,1,999981,15,4,2367000
5,3,0,999978,18,4,8124900
6,3,1,999975,20,5,3912300
7,5,1,999970,24,6,2578600
8,5,0,999965,29,6,2233700
9,1,0,999964,30,6,2283800
10,5,3,999959,32,9,2218500
11,5,4,999954,33,13,2317400
12,9,1,999945,41,14,2294300
13,8,4,999937,45,18,2229400
14,8,2,999929,51,20,2110600
15,4,0,999925,55,20,2016700
16,8,0,999917,63,20,1967300
17,9,1,999908,71,21,2707700
18,7,5,999901,73,26,6512000
19,10,3,999891,80,29,4114700
20,12,1,999879,91,30,3429800
21,10,3,999869,98,33,9025600
22,9,6,999860,101,39,4349700
23,10,4,999850,107,43,3034500
24,16,5,999834,118,48,2221300
25,13,4,999821,127,52,2083400
26,12,3,999809,136,55,2067600
27,20,3,999789,153,58,2117500
28,8,4,999781,157,62,2102800
29,12,13,999769,156,75,2033100
30,10,4,999759,162,79,1842200
31,12,5,999747,169,84,1878100
32,15,5,999732,179,89,2546300
33,13,12,999719,180,101,2413800
34,15,11,999704,184,112,2287600
35,16,5,999688,195,117,5580200
36,22,9,999666,208,126,2841700
37,20,12,999646,216,138,2888500
38,21,7,999625,230,145,2602400
39,21,10,999604,241,155,2208100
40,30,6,999574,265,161,2072500
41,24,13,999550,276,174,2369600
42,19,12,999531,283,186,2131600
43,20,16,999511,287,202,2045400
44,27,16,999484,298,218,1995300
45,29,9,999455,318,227,1925000
46,32,13,999423,337,240,2078500
47,28,11,999395,354,251,1866000
48,38,15,999357,377,266,1911500
49,28,20,999329,385,286,1850000
50,32,30,999297,387,316,1849000
51,25,16,999272,396,332,1909100
52,26,19,999246,403,351,4788400
53,25,17,999221,411,368,4665600
54,30,18,999191,423,386,2644200
55,28,28,999163,423,414,2855400
56,25,23,999138,425,437,7292700
57,26,21,999112,430,458,4300100
58,25,23,999087,432,481,5536100
59,32,23,999055,441,504,2704200
60,36,18,999019,459,522,2405300
61,35,28,998984,466,550,2360500
62,25,17,998959,474,567,2099400
63,22,23,998937,473,590,2057600
64,25,23,998912,475,613,1909700
65,31,21,998881,485,634,2007400
66,28,28,998853,485,662,2069000
67,29,30,998824,484,692,1957800
68,30,26,998794,488,718,1873000
69,39,27,998755,500,745,1830600
70,35,25,998720,510,770,1808000
71,46,20,998674,536,790,1917100
72,36,32,998638,540,822,1793200
73,41,34,998597,547,856,1813000
74,40,27,998557,560,883,1781300
75,36,30,998521,566,913,1835400
76,36,26,998485,576,939,1780700
77,35,33,998450,578,972,1771100
78,34,32,998416,580,1004,1737700
79,34,24,998382,590,1028,1894400
80,49,34,998333,605,1062,1767300
81,41,22,998292,624,1084,1699900
82,43,32,998249,635,1116,1718900
83,41,43,998208,633,1159,1742100
84,49,36,998159,646,1195,1692900
85,41,38,998118,649,1233,1720400
86,53,29,998065,673,1262,1825000
87,42,42,998023,673,1304,1980300
88,50,29,997973,694,1333,1806800
89,43,25,997930,712,1358,1769500
90,54,38,997876,728,1396,1785100
91,55,36,997821,747,1432,1830600
92,46,25,997775,768,1457,4130000
93,58,29,997717,797,1486,2902600
94,62,37,997655,822,1523,4256100
95,59,47,997596,834,1570,2181900
96,49,50,997547,833,1620,2167700
97,62,53,997485,842,1673,8694300
98,66,48,997419,860,1721,3062500
99,55,35,997364,880,1756,2858400
100,52,39,997312,893,1795,2257800
101,74,51,997238,916,1846,2082300
102,58,48,997180,926,1894,2138000
103,76,45,997104,957,1939,2033100
104,71,53,997033,975,1992,2103800
105,47,55,996986,967,2047,2231000
106,54,39,996932,982,2086,2067200
107,64,48,996868,998,2134,1943300
108,51,32,996817,1017,2166,1905200
109,41,54,996776,1004,2220,2110300
110,55,55,996721,1004,2275,4712000
111,58,45,996663,1017,2320,2517000
112,72,47,996591,1042,2367,3452300
113,65,52,996526,1055,2419,2289600
114,70,49,996456,1076,2468,2287000
115,64,44,996392,1096,2512,11192200
116,60,51,996332,1105,2563,4077500
117,62,58,996270,1109,2621,2678400
118,57,63,996213,1103,2684,2479000
119,68,56,996145,1115,2740,3622700
120,76,51,996069,1140,2791,2044900
121,71,50,995998,1161,2841,2002500
122,74,72,995924,1163,2913,2029800
123,65,52,995859,1176,2965,1905000
124,67,49,995792,1194,3014,1873500
125,75,59,995717,1210,3073,2020800
126,78,82,995639,1206,3155,4077400
127,77,61,995562,1222,3216,2759200
128,87,59,995475,1250,3275,3362000
129,90,66,995385,1274,3341,2194800
130,72,73,995313,1273,3414,2164100
131,89,82,995224,1280,3496,6329300
132,94,66,995130,1308,3562,3199100
133,88,66,995042,1330,3628,2970600
134,80,59,994962,1351,3687,2751300
135,76,66,994886,1361,3753,2205900
136,71,65,994815,1367,3818,2077800
137,92,61,994723,1398,3879,2018400
138,71,63,994652,1406,3942,2100200
139,98,66,994554,1438,4008,2084800
140,81,74,994473,1445,4082,2045500
141,85,68,994388,1462,4150,2195100
142,88,64,994300,1486,4214,1956500
143,90,80,994210,1496,4294,1871200
144,74,76,994136,1494,4370,1876800
145,85,92,994051,1487,4462,5095600
146,85,79,993966,1493,4541,5679800
147,100,73,993866,1520,4614,2473600
148,109,81,993757,1548,4695,2592600
149,90,72,993667,1566,4767,13211700
150,103,70,993564,1599,4837,4478900
151,99,66,993465,1632,4903,2811700
152,104,90,993361,1646,4993,2289300
153,95,90,993266,1651,5083,2532100
154,85,86,993181,1650,5169,2286800
155,94,85,993087,1659,5254,2083700
156,84,70,993003,1673,5324,2093100
157,101,83,992902,1691,5407,2115600
158,95,98,992807,1688,5505,6444100
159,79,102,992728,1665,5607,5333800
160,89,85,992639,1669,5692,2600900
161,103,83,992536,1689,5775,3760900
162,86,79,992450,1696,5854,2082800
163,96,73,992354,1719,5927,1931000
164,95,84,992259,1730,6011,1980900
165,92,85,992167,1737,6096,9556700
166,87,82,992080,1742,6178,3338900
167,91,73,991989,1760,6251,3873200
168,108,67,991881,1801,6318,2727400
169,95,99,991786,1797,6417,2126600
170,98,82,991688,1813,6499,1915800
171,123,95,991565,1841,6594,1903100
172,132,78,991433,1895,6672,5179200
173,116,94,991317,1917,6766,3014900
174,95,82,991222,1930,6848,2437800
175,114,79,991108,1965,6927,2180000
176,104,117,991004,1952,7044,3207000
177,113,115,990891,1950,7159,6951000
178,105,91,990786,1964,7250,3350800
179,106,91,990680,1979,7341,3304700
180,112,95,990568,1996,7436,2301900
181,98,97,990470,1997,7533,2313400
182,115,101,990355,2011,7634,2096400
183,97,100,990258,2008,7734,2100900
184,132,90,990126,2050,7824,2085200
185,113,113,990013,2050,7937,2155600
186,110,104,989903,2056,8041,2034500
187,132,102,989771,2086,8143,1942900
188,123,96,989648,2113,8239,2087100
189,128,121,989520,2120,8360,1962400
190,112,109,989408,2123,8469,4192700
191,113,102,989295,2134,8571,2355200
192,136,95,989159,2175,8666,3357900
193,128,120,989031,2183,8786,2266500
194,111,118,988920,2176,8904,8083700
195,126,125,988794,2177,9029,3556900
196,138,109,988656,2206,9138,3377700
197,114,118,988542,2202,9256,2426500
198,136,124,988406,2214,9380,2192000
199,132,102,988274,2244,9482,2189600
200,134,111,988140,2267,9593,2102500
201,144,122,987996,2289,9715,2124100
202,133,90,987863,2332,9805,2045800
203,142,107,987721,2367,9912,2053600
204,123,115,987598,2375,10027,1965800
205,125,111,987473,2389,10138,1978100
206,130,112,987343,2407,10250,1934300
207,140,116,987203,2431,10366,1979600
208,131,128,987072,2434,10494,3822300
209,133,122,986939,2445,10616,4105100
210,147,133,986792,2459,10749,2560500
211,128,134,986664,2453,10883,2354700
212,126,109,986538,2470,10992,7787700
213,126,107,986412,2489,11099,3285600
214,129,106,986283,2512,11205,2884400
215,146,127,986137,2531,11332,2293600
216,148,144,985989,2535,11476,2150300
217,141,124,985848,2552,11600,2063300
218,136,128,985712,2560,11728,2197600
219,125,133,985587,2552,11861,2153300
220,147,124,985440,2575,11985,2004600
221,126,127,985314,2574,12112,1977900
222,153,143,985161,2584,12255,1978700
223,172,150,984989,2606,12405,1962900
224,144,118,984845,2632,12523,1879500
225,143,120,984702,2655,12643,1848000
226,148,128,984554,2675,12771,2241200
227,152,132,984402,2695,12903,3145400
228,142,130,984260,2707,13033,3954800
229,130,123,984130,2714,13156,2236600
230,153,131,983977,2736,13287,7082400
231,140,148,983837,2728,13435,3116900
232,133,159,983704,2702,13594,2524900
233,136,142,983568,2696,13736,2129000
234,135,133,983433,2698,13869,2088500
235,145,122,983288,2721,13991,2178600
236,146,135,983142,2732,14126,1963900
237,141,138,983001,2735,14264,2013900
238,147,128,982854,2754,14392,2017100
239,136,152,982718,2738,14544,2057100
240,155,137,982563,2756,14681,2058800
241,140,125,982423,2771,14806,1930500
242,149,130,982274,2790,14936,1903400
243,151,136,982123,2805,15072,1859100
244,148,145,981975,2808,15217,1833100
245,153,140,981822,2821,15357,1859000
246,135,156,981687,2800,15513,3704100
247,151,121,981536,2830,15634,3652300
248,132,139,981404,2823,15773,2349800
249,130,141,981274,2812,15914,2242900
250,132,137,981142,2807,16051,5079100
251,151,145,980991,2813,16196,3771400
252,164,133,980827,2844,16329,3074000
253,159,150,980668,2853,16479,2355300
254,162,147,980506,2868,16626,2312700
255,144,138,980362,2874,16764,2100500
256,159,126,980203,2907,16890,2133800
257,147,155,980056,2899,17045,2139700
258,151,154,979905,2896,17199,2014800
259,154,163,979751,2887,17362,1983100
260,163,144,979588,2906,17506,2014100
261,177,156,979411,2927,17662,2046400
262,152,145,979259,2934,17807,1930000
263,151,137,979108,2948,17944,1868900
264,170,150,978938,2968,18094,1972500
265,176,157,978762,2987,18251,1876700
266,154,154,978608,2987,18405,2024200
267,168,136,978440,3019,18541,3339500
268,168,174,978272,3013,18715,2985000
269,187,165,978085,3035,18880,3208900
270,162,131,977923,3066,19011,2423800
271,160,169,977763,3057,19180,9136100
272,168,166,977595,3059,19346,3656400
273,180,160,977415,3079,19506,3022100
274,160,156,977255,3083,19662,2971300
275,171,165,977084,3089,19827,2150200
276,154,162,976930,3081,19989,2133100
277,181,148,976749,3114,20137,2038400
278,165,158,976584,3121,20295,2047400
279,171,151,976413,3141,20446,2154900
280,155,158,976258,3138,20604,2230500
281,163,153,976095,3148,20757,2132200
282,168,160,975927,3156,20917,2053600
283,170,154,975757,3172,21071,2074500
284,171,149,975586,3194,21220,2019400
285,170,165,975416,3199,21385,2216800
286,167,158,975249,3208,21543,4916900
287,178,141,975071,3245,21684,3546500
288,174,138,974897,3281,21822,3261100
289,162,167,974735,3276,21989,2520900
290,184,164,974551,3296,22153,2401000
291,154,151,974397,3299,22304,5691100
292,195,173,974202,3321,22477,4331900
293,162,155,974040,3328,22632,6538200
294,155,141,973885,3342,22773,2897700
295,156,155,973729,3343,22928,2617900
296,186,175,973543,3354,23103,2621700
297,182,170,973361,3366,23273,2178300
298,189,183,973172,3372,23456,2242200
299,178,168,972994,3382,23624,1980300
300,175,165,972819,3392,23789,2149000
301,183,163,972636,3412,23952,1993400
302,169,212,972467,3369,24164,2029900
303,190,163,972277,3396,24327,4361200
304,178,165,972099,3409,24492,3882200
305,180,182,971919,3407,24674,2790000
306,163,176,971756,3394,24850,2551600
307,154,160,971602,3388,25010,3370700
308,178,179,971424,3387,25189,9042500
309,199,198,971225,3388,25387,6239500
310,165,180,971060,3373,25567,2744700
311,209,160,970851,3422,25727,2333400
312,189,154,970662,3457,25881,2269700
313,174,157,970488,3474,26038,2443600
314,173,209,970315,3438,26247,2447600
315,177,180,970138,3435,26427,2748500
316,192,171,969946,3456,26598,2580400
317,176,157,969770,3475,26755,2116500
318,220,182,969550,3513,26937,2161000
319,201,185,969349,3529,27122,2167800
320,213,171,969136,3571,27293,2046000
321,196,184,968940,3583,27477,1976800
322,209,187,968731,3605,27664,1950100
323,216,171,968515,3650,27835,2199100
324,198,179,968317,3669,28014,2068400
325,181,183,968136,3667,28197,2102600
326,195,188,967941,3674,28385,2496700
327,168,205,967773,3637,28590,6130300
328,182,176,967591,3643,28766,2139800
329,171,174,967420,3640,28940,2005600
330,198,225,967222,3613,29165,2215300
331,182,192,967040,3603,29357,1991000
332,183,197,966857,3589,29554,2080800
333,211,180,966646,3620,29734,2213600
334,197,206,966449,3611,29940,2106600
335,213,202,966236,3622,30142,2158200
336,207,146,966029,3683,30288,2085500
337,194,183,965835,3694,30471,1962400
338,189,212,965646,3671,30683,1967700
339,201,177,965445,3695,30860,3470400
340,205,208,965240,3692,31068,6324000
341,196,183,965044,3705,31251,2358600
342,208,192,964836,3721,31443,3271000
343,195,181,964641,3735,31624,2424400
344,227,189,964414,3773,31813,10811100
345,206,177,964208,3802,31990,6168200
346,202,191,964006,3813,32181,2525300
347,195,198,963811,3810,32379,2424700
348,200,180,963611,3830,32559,2131800
349,183,178,963428,3835,32737,2117000
350,185,191,963243,3829,32928,2220500
351,213,183,963030,3859,33111,5509900
352,220,197,962810,3882,33308,2743600
353,197,211,962613,3868,33519,2460700
354,216,201,962397,3883,33720,7870300
355,225,196,962172,3912,33916,3528500
356,207,176,961965,3943,34092,3009900
357,201,185,961764,3959,34277,3389600
358,211,204,961553,3966,34481,2480800
359,210,195,961343,3981,34676,2530900
360,212,208,961131,3985,34884,2455400
361,231,191,960900,4025,35075,2437100
362,216,210,960684,4031,35285,2713500
363,221,240,960463,4012,35525,2284300
364,219,187,960244,4044,35712,2297400
365,219,225,960025,4038,35937,2291600
366,202,215,959823,4025,36152,2358000
367,205,186,959618,4044,36338,5137000
368,212,195,959406,4061,36533,5204600
369,212,192,959194,4081,36725,2643200
370,215,194,958979,4102,36919,8330300
371,223,204,958756,4121,37123,3416900
372,247,208,958509,4160,37331,3397700
373,197,206,958312,4151,37537,2739200
374,232,190,958080,4193,37727,2556000
375,221,183,957859,4231,37910,2181800
376,211,215,957648,4227,38125,2380200
377,226,190,957422,4263,38315,2162200
378,228,236,957194,4255,38551,2452200
379,226,197,956968,4284,38748,2602600
380,218,198,956750,4304,38946,2360900
381,246,218,956504,4332,39164,2180500
382,231,225,956273,4338,39389,5307300
383,242,223,956031,4357,39612,4463100
384,266,227,955765,4396,39839,2697700
385,228,232,955537,4392,40071,6183500
386,225,210,955312,4407,40281,3335400
387,220,220,955092,4407,40501,3426500
388,263,235,954829,4435,40736,2469500
389,245,209,954584,4471,40945,2375000
390,255,187,954329,4539,41132,2288500
391,233,221,954096,4551,41353,2095400
392,233,220,953863,4564,41573,2153700
393,226,257,953637,4533,41830,2430000
394,244,208,953393,4569,42038,2166000
395,215,211,953178,4573,42249,2044800
396,215,211,952963,4577,42460,2100500
397,260,207,952703,4630,42667,2521700
398,235,229,952468,4636,42896,2144500
399,229,227,952239,4638,43123,2027400
400,236,259,952003,4615,43382,2073800
401,233,254,951770,4594,43636,2282000
402,242,214,951528,4622,43850,4768900
403,222,214,951306,4630,44064,3817500
404,239,253,951067,4616,44317,3360600
405,225,237,950842,4604,44554,2897900
406,255,239,950587,4620,44793,6125800
407,231,269,950356,4582,45062,4750700
408,242,217,950114,4607,45279,3916900
409,236,221,949878,4622,45500,2818800
410,236,261,949642,4597,45761,2348300
411,243,249,949399,4591,46010,2658400
412,230,226,949169,4595,46236,2541900
413,258,207,948911,4646,46443,2277000
414,241,235,948670,4652,46678,2503300
415,261,243,948409,4670,46921,10411500
416,214,244,948195,4640,47165,3530800
417,244,265,947951,4619,47430,2776600
418,230,248,947721,4601,47678,3622400
419,265,261,947456,4605,47939,6021900
420,254,246,947202,4613,48185,4296000
421,286,212,946916,4687,48397,2505200
422,234,224,946682,4697,48621,2472800
423,249,207,946433,4739,48828,2391200
424,267,234,946166,4772,49062,2429400
425,221,287,945945,4706,49349,2480100
426,247,202,945698,4751,49551,2331500
427,246,248,945452,4749,49799,2238600
428,292,237,945160,4804,50036,2244900
429,277,231,944883,4850,50267,4467200
430,247,230,944636,4867,50497,4572100
431,245,291,944391,4821,50788,2955800
432,255,224,944136,4852,51012,2685300
433,255,236,943881,4871,51248,4475700
434,252,264,943629,4859,51512,2973300
435,251,267,943378,4843,51779,4743200
436,238,228,943140,4853,52007,2762900
437,261,205,942879,4909,52212,2567300
438,246,230,942633,4925,52442,4273400
439,217,255,942416,4887,52697,2728700
440,242,273,942174,4856,52970,3054100
441,217,238,941957,4835,53208,2943900
442,221,262,941736,4794,53470,2416800
443,234,245,941502,4783,53715,2312100
444,247,228,941255,4802,53943,2326000
445,228,256,941027,4774,54199,2103200
446,252,233,940775,4793,54432,2137000
447,278,265,940497,4806,54697,2171500
448,256,244,940241,4818,54941,2113900
449,224,238,940017,4804,55179,2064100
450,256,225,939761,4835,55404,2061600
451,242,262,939519,4815,55666,2037400
452,235,269,939284,4781,55935,2174000
453,282,257,939002,4806,56192,2084000
454,270,227,938732,4849,56419,2054200
455,246,261,938486,4834,56680,2102400
456,250,245,938236,4839,56925,2371400
457,251,244,937985,4846,57169,2253900
458,258,260,937727,4844,57429,2299900
459,257,257,937470,4844,57686,2258700
460,238,212,937232,4870,57898,2107100
461,246,246,936986,4870,58144,2003900
462,246,236,936740,4880,58380,1939200
463,242,226,936498,4896,58606,2095300
464,250,242,936248,4904,58848,2262000
465,251,269,935997,4886,59117,2376400
466,269,242,935728,4913,59359,2405600
467,246,244,935482,4915,59603,2453100
468,238,247,935244,4906,59850,2965900
469,273,246,934971,4933,60096,7805000
470,269,238,934702,4964,60334,3161100
471,243,262,934459,4945,60596,9796400
472,246,249,934213,4942,60845,5321500
473,279,253,933934,4968,61098,3426000
474,268,251,933666,4985,61349,2754100
475,254,258,933412,4981,61607,2710000
476,273,233,933139,5021,61840,2619000
477,266,238,932873,5049,62078,2899800
478,271,230,932602,5090,62308,2560600
479,296,285,932306,5101,62593,2291400
480,289,272,932017,5118,62865,2332900
481,306,236,931711,5188,63101,2465900
482,276,254,931435,5210,63355,9085300
483,295,250,931140,5255,63605,2746500
484,256,253,930884,5258,63858,2663000
485,289,252,930595,5295,64110,11406800
486,257,271,930338,5281,64381,3841500
487,275,285,930063,5271,64666,2905000
488,262,273,929801,5260,64939,2463000
489,261,261,929540,5260,65200,2169100
490,245,259,929295,5246,65459,2220000
491,264,270,929031,5240,65729,2148800
492,264,258,928767,5246,65987,2245100
493,283,269,928484,5260,66256,2476400
494,275,281,928209,5254,66537,2532500
495,247,267,927962,5234,66804,2350400
496,282,262,927680,5254,67066,2174500
497,282,247,927398,5289,67313,2310100
498,268,247,927130,5310,67560,2237000
499,290,301,926840,5299,67861,5037900
500,249,253,926591,5295,68114,3523700
501,264,281,926327,5278,68395,2101100
502,251,226,926076,5303,68621,2142500
503,273,241,925803,5335,68862,2507800
504,265,263,925538,5337,69125,8652500
505,263,272,925275,5328,69397,8058500
506,269,266,925006,5331,69663,3167800
507,249,283,924757,5297,69946,2756700
508,263,249,924494,5311,70195,2491200
509,269,259,924225,5321,70454,2370900
510,262,275,923963,5308,70729,2208600
511,292,267,923671,5333,70996,2289100
512,274,252,923397,5355,71248,11215300
513,288,254,923109,5389,71502,4382000
514,277,275,922832,5391,71777,7525000
515,308,276,922524,5423,72053,5652100
516,301,269,922223,5455,72322,3497000
517,284,290,921939,5449,72612,4053400
518,296,277,921643,5468,72889,2371900
519,321,292,921322,5497,73181,2230000
520,287,266,921035,5518,73447,2264600
521,265,267,920770,5516,73714,2246700
522,263,295,920507,5484,74009,2550700
523,290,265,920217,5509,74274,7199800
524,284,264,919933,5529,74538,2302400
525,248,272,919685,5505,74810,2220000
526,284,256,919401,5533,75066,2146500
527,287,263,919114,5557,75329,2100500
528,269,290,918845,5536,75619,2206300
529,275,299,918570,5512,75918,4127700
530,298,270,918272,5540,76188,2671900
531,273,274,917999,5539,76462,14527900
532,305,263,917694,5581,76725,2447200
533,299,289,917395,5591,77014,2198700
534,275,265,917120,5601,77279,2145100
535,286,301,916834,5586,77580,11739000
536,266,262,916568,5590,77842,2261500
537,281,279,916287,5592,78121,2139200
538,267,266,916020,5593,78387,2027600
539,280,275,915740,5598,78662,2054300
540,272,299,915468,5571,78961,2145000
541,280,284,915188,5567,79245,10920100
542,290,273,914898,5584,79518,7606800
543,288,268,914610,5604,79786,2783800
544,295,279,914315,5620,80065,2636000
545,287,263,914028,5644,80328,2279000
546,289,251,913739,5682,80579,2267200
547,280,278,913459,5684,80857,2830500
548,318,278,913141,5724,81135,5334900
549,324,272,912817,5776,81407,4000800
550,286,284,912531,5778,81691,8546000
551,267,288,912264,5757,81979,4391700
552,303,276,911961,5784,82255,4576700
553,316,295,911645,5805,82550,3034200
554,307,275,911338,5837,82825,3115300
555,297,252,911041,5882,83077,2820800
556,300,291,910741,5891,83368,2385200
557,275,261,910466,5905,83629,2313600
558,306,291,910160,5920,83920,2266600
559,288,293,909872,5915,84213,2051300
560,306,288,909566,5933,84501,2002800
561,320,296,909246,5957,84797,2054300
562,324,327,908922,5954,85124,4321400
563,335,276,908587,6013,85400,3543500
564,346,312,908241,6047,85712,3619100
565,327,281,907914,6093,85993,2735600
566,317,281,907597,6129,86274,7699700
567,341,297,907256,6173,86571,5758100
568,325,307,906931,6191,86878,4612900
569,350,301,906581,6240,87179,2935900
570,312,342,906269,6210,87521,2387800
571,341,308,905928,6243,87829,2609000
572,362,311,905566,6294,88140,2612700
573,323,301,905243,6316,88441,2526500
574,358,306,904885,6368,88747,2175900
575,327,317,904558,6378,89064,2091900
576,355,343,904203,6390,89407,5225500
577,357,293,903846,6454,89700,5105000
578,336,345,903510,6445,90045,2722000
579,312,352,903198,6405,90397,10879900
580,361,293,902837,6473,90690,4977900
581,332,314,902505,6491,91004,2903900
582,314,346,902191,6459,91350,3093000
583,315,328,901876,6446,91678,2508300
584,330,337,901546,6439,92015,2456600
585,347,307,901199,6479,92322,2609300
586,310,347,900889,6442,92669,2423800
587,329,318,900560,6453,92987,2284800
588,317,329,900243,6441,93316,2170800
589,301,330,899942,6412,93646,2254500
590,346,326,899596,6432,93972,2261400
591,367,342,899229,6457,94314,4557100
592,344,301,898885,6500,94615,5643900
593,301,347,898584,6454,94962,2740600
594,300,311,898284,6443,95273,8760300
595,299,352,897985,6390,95625,4501900
596,316,341,897669,6365,95966,2688800
597,327,318,897342,6374,96284,2791800
598,320,349,897022,6345,96633,2454300
599,317,316,896705,6346,96949,2650800
600,326,318,896379,6354,97267,2321600
601,314,325,896065,6343,97592,2394900
602,297,312,895768,6328,97904,2150900
603,326,297,895442,6357,98201,2027400
604,292,324,895150,6325,98525,2127500
605,314,348,894836,6291,98873,2136700
606,317,320,894519,6288,99193,4408400
607,289,314,894230,6263,99507,4223700
608,313,326,893917,6250,99833,2719800
609,331,304,893586,6277,100137,4645200
610,367,303,893219,6341,100440,5089600
611,319,312,892900,6348,100752,3170000
612,341,314,892559,6375,101066,3150800
613,321,333,892238,6363,101399,2451100
614,313,351,891925,6325,101750,2292400
615,316,328,891609,6313,102078,2295300
616,318,328,891291,6303,102406,2372900
617,301,349,890990,6255,102755,2293900
618,333,287,890657,6301,103042,2171100
619,284,316,890373,6269,103358,2071100
620,323,283,890050,6309,103641,2080100
621,364,322,889686,6351,103963,2140800
622,332,306,889354,6377,104269,4029400
623,320,319,889034,6378,104588,4450400
624,320,322,888714,6376,104910,2718900
625,342,327,888372,6391,105237,2362900
626,317,339,888055,6369,105576,6594600
627,325,330,887730,6364,105906,3694400
628,312,311,887418,6365,106217,3441600
629,341,337,887077,6369,106554,2652500
630,323,328,886754,6364,106882,2410600
631,272,319,886482,6317,107201,2259400
632,291,331,886191,6277,107532,2458400
633,301,337,885890,6241,107869,2468800
634,296,303,885594,6234,108172,2428300
635,339,297,885255,6276,108469,2279300
636,349,334,884906,6291,108803,2475400
637,327,331,884579,6287,109134,2244600
638,304,320,884275,6271,109454,2103100
639,314,277,883961,6308,109731,5615100
640,332,339,883629,6301,110070,4778800
641,336,308,883293,6329,110378,2375200
642,319,300,882974,6348,110678,2178700
643,319,298,882655,6369,110976,4722600
644,331,322,882324,6378,111298,2706500
645,320,293,882004,6405,111591,7212200
646,361,333,881643,6433,111924,4815100
647,338,330,881305,6441,112254,3476100
648,333,317,880972,6457,112571,2577300
649,327,329,880645,6455,112900,2566500
650,340,340,880305,6455,113240,2511600
651,330,328,879975,6457,113568,2237400
652,314,320,879661,6451,113888,2221900
653,309,302,879352,6458,114190,5914800
654,320,318,879032,6460,114508,6500400
655,359,304,878673,6515,114812,2757500
656,321,342,878352,6494,115154,27579700
657,344,362,878008,6476,115516,2866100
658,310,309,877698,6477,115825,2172400
659,312,342,877386,6447,116167,2159200
660,318,317,877068,6448,116484,3175500
661,311,336,876757,6423,116820,2836400
662,295,306,876462,6412,117126,4281300
663,324,336,876138,6400,117462,2469400
664,300,341,875838,6359,117803,6661100
665,280,307,875558,6332,118110,5101300
666,320,332,875238,6320,118442,3096700
667,328,314,874910,6334,118756,2354600
668,344,308,874566,6370,119064,2245600
669,313,339,874253,6344,119403,2244000
670,318,310,873935,6352,119713,2197000
671,317,296,873618,6373,120009,2294800
672,289,329,873329,6333,120338,2437300
673,302,312,873027,6323,120650,2403300
674,330,296,872697,6357,120946,2204000
675,332,310,872365,6379,121256,2131000
676,313,318,872052,6374,121574,2148700
677,328,333,871724,6369,121907,2282500
678,349,310,871375,6408,122217,3308500
679,333,342,871042,6399,122559,2994200
680,358,315,870684,6442,122874,2691400
681,353,288,870331,6507,123162,2486900
682,378,324,869953,6561,123486,8680700
683,323,343,869630,6541,123829,3294900
684,334,323,869296,6552,124152,2628500
685,383,328,868913,6607,124480,4178000
686,371,355,868542,6623,124835,2522800
687,360,313,868182,6670,125148,2768500
688,355,333,867827,6692,125481,2790600
689,356,338,867471,6710,125819,2336600
690,358,328,867113,6740,126147,2277600
691,373,347,866740,6766,126494,2213500
692,347,353,866393,6760,126847,2177400
693,364,334,866029,6790,127181,2120600
694,355,344,865674,6801,127525,4004100
695,381,334,865293,6848,127859,3114800
696,389,342,864904,6895,128201,4522800
697,356,335,864548,6916,128536,3089500
698,371,353,864177,6934,128889,15495300
699,394,328,863783,7000,129217,2850300
700,373,355,863410,7018,129572,3313400
701,377,363,863033,7032,129935,2378700
702,336,323,862697,7045,130258,3008100
703,368,326,862329,7087,130584,2591300
704,386,372,861943,7101,130956,2505800
705,331,346,861612,7086,131302,2124000
706,368,338,861244,7116,131640,2453900
707,355,326,860889,7145,131966,2145400
708,367,336,860522,7176,132302,5655400
709,373,325,860149,7224,132627,3537100
710,385,401,859764,7208,133028,2473400
711,339,364,859425,7183,133392,9659100
712,351,313,859074,7221,133705,5911200
713,331,369,858743,7183,134074,2879800
714,355,371,858388,7167,134445,2751800
715,357,349,858031,7175,134794,2796500
716,355,338,857676,7192,135132,2501400
717,347,355,857329,7184,135487,2610400
718,382,378,856947,7188,135865,2389300
719,345,341,856602,7192,136206,2243300
720,366,342,856236,7216,136548,2098200
721,376,354,855860,7238,136902,2042200
722,347,353,855513,7232,137255,2338500
723,390,359,855123,7263,137614,3334400
724,372,400,854751,7235,138014,3031700
725,362,362,854389,7235,138376,3891800
726,398,357,853991,7276,138733,2775400
727,401,380,853590,7297,139113,2589000
728,360,345,853230,7312,139458,3555400
729,377,374,852853,7315,139832,4638000
730,398,373,852455,7340,140205,7785300
731,371,358,852084,7353,140563,4246700
732,365,350,851719,7368,140913,6878700
733,389,342,851330,7415,141255,2554900
734,395,339,850935,7471,141594,2307900
735,386,357,850549,7500,141951,2289900
736,377,391,850172,7486,142342,7006200
737,342,372,849830,7456,142714,6781500
738,375,369,849455,7462,143083,3488200
739,333,358,849122,7437,143441,12368800
740,377,385,848745,7429,143826,7638900
741,347,347,848398,7429,144173,3346800
742,370,377,848028,7422,144550,3163000
743,370,345,847658,7447,144895,2495700
744,342,359,847316,7430,145254,2207500
745,392,364,846924,7458,145618,2283300
746,390,386,846534,7462,146004,9861600
747,367,380,846167,7449,146384,6222100
748,359,365,845808,7443,146749,3095900
749,365,361,845443,7447,147110,4972500
750,384,378,845059,7453,147488,8059400
751,360,388,844699,7425,147876,7817300
752,365,364,844334,7426,148240,3713300
753,357,369,843977,7414,148609,2379300
754,364,370,843613,7408,148979,2399300
755,386,364,843227,7430,149343,2316300
756,378,357,842849,7451,149700,2372000
757,380,413,842469,7418,150113,2387700
758,392,407,842077,7403,150520,2207900
759,395,390,841682,7408,150910,2176800
760,366,337,841316,7437,151247,2144300
761,359,371,840957,7425,151618,2073700
762,374,351,840583,7448,151969,2255300
763,397,404,840186,7441,152373,2172300
764,362,336,839824,7467,152709,2433600
765,391,372,839433,7486,153081,2892800
766,410,392,839023,7504,153473,2632500
767,382,397,838641,7489,153870,2302500
768,397,369,838244,7517,154239,2176400
769,365,405,837879,7477,154644,2393500
770,419,392,837460,7504,155036,2455200
771,367,352,837093,7519,155388,2441800
772,384,364,836709,7539,155752,2613400
773,420,340,836289,7619,156092,2260800
774,391,393,835898,7617,156485,2253100
775,383,349,835515,7651,156834,2289500
776,427,371,835088,7707,157205,2257600
777,400,380,834688,7727,157585,2280700
778,397,400,834291,7724,157985,2177300
779,418,373,833873,7769,158358,2177100
780,397,370,833476,7796,158728,2225200
781,404,355,833072,7845,159083,2065500
782,375,356,832697,7864,159439,2322600
783,393,386,832304,7871,159825,2447900
784,403,391,831901,7883,160216,2270600
785,389,387,831512,7885,160603,2433500
786,417,406,831095,7896,161009,12886000
787,363,391,830732,7868,161400,10557100
788,372,380,830360,7860,161780,2532800
789,387,408,829973,7839,162188,2335700
790,412,388,829561,7863,162576,9159000
791,339,372,829222,7830,162948,4152900
792,380,411,828842,7799,163359,6521600
793,371,381,828471,7789,163740,5665200
794,395,371,828076,7813,164111,10678200
795,392,416,827684,7789,164527,2873600
796,399,376,827285,7812,164903,3073100
797,356,423,826929,7745,165326,2743700
798,372,397,826557,7720,165723,2565400
799,389,358,826168,7751,166081,2517100
800,357,376,825811,7732,166457,5499500
801,376,406,825435,7702,166863,6913100
802,379,358,825056,7723,167221,3308300
803,412,358,824644,7777,167579,7085900
804,355,378,824289,7754,167957,2321200
805,359,357,823930,7756,168314,2999100
806,401,396,823529,7761,168710,2397600
807,389,374,823140,7776,169084,2350800
808,409,404,822731,7781,169488,2277000
809,407,390,822324,7798,169878,2188100
810,387,399,821937,7786,170277,2227700
811,410,400,821527,7796,170677,2399000
812,443,368,821084,7871,171045,2171400
813,408,402,820676,7877,171447,2266700
814,432,391,820244,7918,171838,2268900
815,426,382,819818,7962,172220,2200200
816,419,395,819399,7986,172615,2156300
817,382,420,819017,7948,173035,2316300
818,433,419,818584,7962,173454,2212500
819,440,420,818144,7982,173874,2255700
820,406,399,817738,7989,174273,2423600
821,442,393,817296,8038,174666,3900100
822,433,417,816863,8054,175083,3311400
823,441,451,816422,8044,175534,3262300
824,354,387,816068,8011,175921,2951900
825,420,447,815648,7984,176368,2354500
826,427,397,815221,8014,176765,2302300
827,436,394,814785,8056,177159,2147500
828,397,407,814388,8046,177566,2241600
829,416,391,813972,8071,177957,2250700
830,369,415,813603,8025,178372,2228900
831,391,395,813212,8021,178767,2849900
832,420,386,812792,8055,179153,4716200
833,411,386,812381,8080,179539,2313400
834,425,410,811956,8095,179949,2293700
835,441,420,811515,8116,180369,2345800
836,426,402,811089,8140,180771,2907000
837,415,422,810674,8133,181193,3187000
838,448,418,810226,8163,181611,2701100
839,420,410,809806,8173,182021,2359000
840,400,407,809406,8166,182428,2743000
841,411,414,808995,8163,182842,2831800
842,403,405,808592,8161,183247,5515700
843,425,354,808167,8232,183601,2538300
844,421,429,807746,8224,184030,3007700
845,442,396,807304,8270,184426,13233200
846,449,412,806855,8307,184838,14713600
847,433,396,806422,8344,185234,11149700
848,412,401,806010,8355,185635,4828700
849,419,376,805591,8398,186011,2865000
850,437,397,805154,8438,186408,2709100
851,436,423,804718,8451,186831,2885400
852,447,417,804271,8481,187248,3577200
853,440,435,803831,8486,187683,2695100
854,432,383,803399,8535,188066,2483700
855,433,409,802966,8559,188475,2702300
856,413,471,802553,8501,188946,12005000
857,432,426,802121,8507,189372,3381000
858,399,477,801722,8429,189849,5528900
859,456,415,801266,8470,190264,8447900
860,400,411,800866,8459,190675,3381300
861,378,438,800488,8399,191113,2560000
862,395,435,800093,8359,191548,2591900
863,451,389,799642,8421,191937,9365600
864,438,441,799204,8418,192378,3954900
865,433,382,798771,8469,192760,6512800
866,402,380,798369,8491,193140,3979300
867,404,402,797965,8493,193542,3445700
868,428,423,797537,8498,193965,2657900
869,418,414,797119,8502,194379,2763400
870,399,409,796720,8492,194788,2383400
871,462,429,796258,8525,195217,2308200
872,471,410,795787,8586,195627,2421100
873,432,446,795355,8572,196073,2567400
874,440,437,794915,8575,196510,2491100
875,406,478,794509,8503,196988,2183800
876,390,463,794119,8430,197451,2089800
877,400,447,793719,8383,197898,2332400
878,435,406,793284,8412,198304,4012900
879,404,409,792880,8407,198713,4754700
880,429,465,792451,8371,199178,2630200
881,393,430,792058,8334,199608,9537400
882,389,470,791669,8253,200078,2929200
883,407,391,791262,8269,200469,2513500
884,442,406,790820,8305,200875,2400800
885,408,412,790412,8301,201287,2364500
886,420,415,789992,8306,201702,2358400
887,410,421,789582,8295,202123,2597300
888,424,413,789158,8306,202536,2365500
889,450,390,788708,8366,202926,2395500
890,411,436,788297,8341,203362,2341700
891,424,407,787873,8358,203769,2271200
892,407,417,787466,8348,204186,2199300
893,430,397,787036,8381,204583,4178400
894,439,466,786597,8354,205049,3293600
895,417,409,786180,8362,205458,4044500
896,406,413,785774,8355,205871,9050100
897,387,414,785387,8328,206285,4242100
898,404,409,784983,8323,206694,2845700
899,394,424,784589,8293,207118,2597400
900,419,416,784170,8296,207534,2346900
901,409,410,783761,8295,207944,2459200
902,397,400,783364,8292,208344,2279900
903,417,416,782947,8293,208760,2351000
904,438,387,782509,8344,209147,2331600
905,442,435,782067,8351,209582,2286700
906,435,413,781632,8373,209995,2235500
907,384,398,781248,8359,210393,2134700
908,435,428,780813,8366,210821,2498500
909,462,376,780351,8452,211197,3534900
910,455,453,779896,8454,211650,4651800
911,419,408,779477,8465,212058,3067900
912,413,400,779064,8478,212458,2814600
913,433,383,778631,8528,212841,2361500
914,404,450,778227,8482,213291,2361600
915,407,423,777820,8466,213714,9771000
916,400,423,777420,8443,214137,3577800
917,430,445,776990,8428,214582,3092600
918,388,407,776602,8409,214989,2468900
919,408,430,776194,8387,215419,2515100
920,402,431,775792,8358,215850,2384600
921,424,421,775368,8361,216271,2547500
922,390,397,774978,8354,216668,2504000
923,400,412,774578,8342,217080,2867400
924,402,420,774176,8324,217500,8017700
925,406,416,773770,8314,217916,3218300
926,394,394,773376,8314,218310,13871600
927,372,405,773004,8281,218715,3748000
928,410,431,772594,8260,219146,3174700
929,423,428,772171,8255,219574,2953600
930,363,400,771808,8218,219974,2458600
931,358,410,771450,8166,220384,2633600
932,389,390,771061,8165,220774,2590100
933,423,396,770638,8192,221170,2343400
934,389,402,770249,8179,221572,2309600
935,437,420,769812,8196,221992,2229500
936,408,416,769404,8188,222408,2125600
937,439,407,768965,8220,222815,2012600
938,408,404,768557,8224,223219,2111500
939,446,397,768111,8273,223616,1945300
940,439,402,767672,8310,224018,1966600
941,420,406,767252,8324,224424,2155800
942,417,408,766835,8333,224832,2045700
943,416,426,766419,8323,225258,1914800
944,392,427,766027,8288,225685,1932900
945,422,413,765605,8297,226098,1958400
946,407,419,765198,8285,226517,2063100
947,411,426,764787,8270,226943,1994800
948,461,420,764326,8311,227363,1970000
949,460,420,763866,8351,227783,2013000
950,473,431,763393,8393,228214,2003900
951,457,408,762936,8442,228622,1979400
952,398,420,762538,8420,229042,1960700
953,412,419,762126,8413,229461,1963200
954,423,431,761703,8405,229892,2001900
955,389,402,761314,8392,230294,1958900
956,409,414,760905,8387,230708,2259200
957,433,432,760472,8388,231140,2049500
958,407,429,760065,8366,231569,4513400
959,423,427,759642,8362,231996,4484400
960,420,434,759222,8348,232430,2552500
961,426,403,758796,8371,232833,8614500
962,391,432,758405,8330,233265,3171400
963,420,413,757985,8337,233678,2866200
964,384,403,757601,8318,234081,2489700
965,423,399,757178,8342,234480,2332900
966,412,433,756766,8321,234913,2289500
967,399,398,756367,8322,235311,2324000
968,418,430,755949,8310,235741,2536800
969,409,382,755540,8337,236123,3096000
970,399,428,755141,8308,236551,2314200
971,424,400,754717,8332,236951,2345800
972,425,442,754292,8315,237393,2257300
973,408,369,753884,8354,237762,2207300
974,423,424,753461,8353,238186,2170700
975,435,412,753026,8376,238598,2083200
976,391,408,752635,8359,239006,2610000
977,404,395,752231,8368,239401,4477300
978,405,428,751826,8345,239829,2689900
979,389,397,751437,8337,240226,2479800
980,425,409,751012,8353,240635,2438700
981,395,406,750617,8342,241041,2454100
982,402,445,750215,8299,241486,2317900
983,403,389,749812,8313,241875,2239900
984,386,433,749426,8266,242308,2192000
985,386,415,749040,8237,242723,2251100
986,368,413,748672,8192,243136,2271000
987,431,420,748241,8203,243556,2095000
988,372,435,747869,8140,243991,2181400
989,421,365,747448,8196,244356,2243500
990,389,374,747059,8211,244730,2334500
991,382,431,746677,8162,245161,2170500
992,398,431,746279,8129,245592,2052500
993,385,408,745894,8106,246000,2135500
994,379,415,745515,8070,246415,2082300
995,398,387,745117,8081,246802,2199200
996,382,415,744735,8048,247217,2215900
997,363,400,744372,8011,247617,2220300
998,405,428,743967,7988,248045,2501000
999,373,393,743594,7968,248438,3300000
1000,349,402,743245,7915,248840,3810800
1001,379,416,742866,7878,249256,3023300
1002,427,399,742439,7906,249655,2547300
1003,386,427,742053,7865,250082,2446100
1004,401,399,741652,7867,250481,2513900
1005,365,394,741287,7838,250875,2575300
1006,386,376,740901,7848,251251,2595800
1007,395,373,740506,7870,251624,2653500
1008,393,416,740113,7847,252040,2450000
1009,363,403,739750,7807,252443,2376700
1010,375,374,739375,7808,252817,2367300
1011,392,364,738983,7836,253181,2475800
1012,401,408,738582,7829,253589,2522700
1013,395,378,738187,7846,253967,2440900
1014,351,383,737836,7814,254350,2288700
1015,356,412,737480,7758,254762,2169700
1016,404,369,737076,7793,255131,2082000
1017,367,394,736709,7766,255525,2089300
1018,403,401,736306,7768,255926,2052300
1019,403,414,735903,7757,256340,2165800
1020,391,374,735512,7774,256714,2003500
1021,374,362,735138,7786,257076,2179800
1022,393,426,734745,7753,257502,2130900
1023,365,400,734380,7718,257902,2063100
1024,376,357,734004,7737,258259,2002500
1025,375,386,733629,7726,258645,1970700
1026,399,390,733230,7735,259035,1933800
1027,369,404,732861,7700,259439,1939600
1028,363,361,732498,7702,259800,2079300
1029,405,407,732093,7700,260207,2177000
1030,392,408,731701,7684,260615,2065500
1031,386,341,731315,7729,260956,2018100
1032,419,362,730896,7786,261318,1929000
1033,389,362,730507,7813,261680,1903400
1034,388,363,730119,7838,262043,1934200
1035,412,411,729707,7839,262454,2003400
1036,430,376,729277,7893,262830,2011800
1037,425,375,728852,7943,263205,1979600
1038,467,410,728385,8000,263615,2026000
1039,415,400,727970,8015,264015,1930100
1040,410,416,727560,8009,264431,2023100
1041,423,384,727137,8048,264815,2106200
1042,366,426,726771,7988,265241,2081200
1043,428,410,726343,8006,265651,2204400
1044,408,371,725935,8043,266022,2362700
1045,415,420,725520,8038,266442,2062500
1046,436,379,725084,8095,266821,2077600
1047,402,399,724682,8098,267220,2077400
1048,414,431,724268,8081,267651,2094900
1049,399,402,723869,8078,268053,2132100
1050,402,416,723467,8064,268469,2026000
1051,396,402,723071,8058,268871,2121400
1052,414,402,722657,8070,269273,2012700
1053,423,389,722234,8104,269662,1987900
1054,385,411,721849,8078,270073,2020800
1055,393,421,721456,8050,270494,1894900
1056,370,409,721086,8011,270903,1957000
1057,431,413,720655,8029,271316,1908200
1058,416,394,720239,8051,271710,1866300
1059,404,445,719835,8010,272155,1920200
1060,413,418,719422,8005,272573,1901600
1061,388,397,719034,7996,272970,1917100
1062,433,387,718601,8042,273357,1923100
1063,375,377,718226,8040,273734,1900100
1064,387,403,717839,8024,274137,1893800
1065,374,397,717465,8001,274534,1922400
1066,371,411,717094,7961,274945,1984700
1067,406,388,716688,7979,275333,2080900
1068,375,388,716313,7966,275721,2120800
1069,398,432,715915,7932,276153,1991900
1070,372,407,715543,7897,276560,1957300
1071,366,388,715177,7875,276948,1948600
1072,356,414,714821,7817,277362,1934900
1073,379,378,714442,7818,277740,2085400
1074,372,379,714070,7811,278119,1988600
1075,405,377,713665,7839,278496,1998400
1076,342,394,713323,7787,278890,2095500
1077,409,367,712914,7829,279257,2010600
1078,349,382,712565,7796,279639,1951300
1079,362,368,712203,7790,280007,1906400
1080,415,368,711788,7837,280375,1956700
1081,376,408,711412,7805,280783,1889000
1082,362,409,711050,7758,281192,1941200
1083,372,406,710678,7724,281598,1942600
1084,394,385,710284,7733,281983,2039600
1085,373,359,709911,7747,282342,1890100
1086,398,367,709513,7778,282709,1905600
1087,385,389,709128,7774,283098,1910900
1088,388,362,708740,7800,283460,2048800
1089,382,396,708358,7786,283856,1926400
1090,369,386,707989,7769,284242,2094100
1091,391,383,707598,7777,284625,2021700
1092,406,363,707192,7820,284988,1975600
1093,416,381,706776,7855,285369,2023900
1094,393,391,706383,7857,285760,2029800
1095,367,390,706016,7834,286150,1955000
1096,413,411,705603,7836,286561,2241400
1097,405,352,705198,7889,286913,2001000
1098,348,365,704850,7872,287278,2077800
1099,386,378,704464,7880,287656,2023400
1100,389,397,704075,7872,288053,2003100
1101,380,407,703695,7845,288460,2261000
1102,366,431,703329,7780,288891,2044100
1103,377,396,702952,7761,289287,2092100
1104,401,385,702551,7777,289672,1996400
1105,389,397,702162,7769,290069,2271600
1106,366,379,701796,7756,290448,2386400
1107,379,407,701417,7728,290855,1989300
1108,401,372,701016,7757,291227,1989600
1109,366,343,700650,7780,291570,2006700
1110,389,388,700261,7781,291958,1939100
1111,378,372,699883,7787,292330,2036100
1112,392,365,699491,7814,292695,1975400
1113,390,372,699101,7832,293067,1955400
1114,389,388,698712,7833,293455,1996400
1115,405,402,698307,7836,293857,1888700
1116,367,401,697940,7802,294258,1835500
1117,386,386,697554,7802,294644,1961500
1118,366,403,697188,7765,295047,2000400
1119,395,334,696793,7826,295381,2059800
1120,354,364,696439,7816,295745,2240500
1121,367,398,696072,7785,296143,2045400
1122,374,396,695698,7763,296539,2114900
1123,396,391,695302,7768,296930,1978900
1124,403,389,694899,7782,297319,1935300
1125,359,395,694540,7746,297714,2000500
1126,399,405,694141,7740,298119,1910900
1127,385,401,693756,7724,298520,1829800
1128,409,374,693347,7759,298894,2014900
1129,391,399,692956,7751,299293,1979000
1130,380,410,692576,7721,299703,1867900
1131,381,357,692195,7745,300060,1880800
1132,381,413,691814,7713,300473,1906800
1133,410,410,691404,7713,300883,1859500
1134,375,392,691029,7696,301275,1939900
1135,389,406,690640,7679,301681,1902800
1136,397,381,690243,7695,302062,2094600
1137,374,392,689869,7677,302454,2133300
1138,387,394,689482,7670,302848,1864500
1139,395,391,689087,7674,303239,2185500
1140,342,374,688745,7642,303613,1988400
1141,396,365,688349,7673,303978,2161000
1142,401,366,687948,7708,304344,2000500
1143,386,386,687562,7708,304730,1987900
1144,406,415,687156,7699,305145,1920700
1145,378,407,686778,7670,305552,1914400
1146,384,383,686394,7671,305935,1890100
1147,387,351,686007,7707,306286,1838600
1148,371,381,685636,7697,306667,1966500
1149,371,406,685265,7662,307073,1906600
1150,378,340,684887,7700,307413,1792300
1151,384,372,684503,7712,307785,1866000
1152,365,394,684138,7683,308179,1930800
1153,386,407,683752,7662,308586,1943400
1154,355,382,683397,7635,308968,1867300
1155,341,372,683056,7604,309340,1817800
1156,351,337,682705,7618,309677,1913700
1157,365,398,682340,7585,310075,1805300
1158,362,378,681978,7569,310453,1774200
1159,381,440,681597,7510,310893,2092400
1160,364,375,681233,7499,311268,1913000
1161,349,389,680884,7459,311657,1795900
1162,375,389,680509,7445,312046,1995300
1163,364,369,680145,7440,312415,1927500
1164,345,340,679800,7445,312755,1817600
1165,382,395,679418,7432,313150,1921500
1166,367,394,679051,7405,313544,1839200
1167,382,372,678669,7415,313916,1807700
1168,374,378,678295,7411,314294,2338600
1169,357,395,677938,7373,314689,2124900
1170,374,357,677564,7390,315046,1876900
1171,350,362,677214,7378,315408,2291700
1172,351,353,676863,7376,315761,1897700
1173,360,348,676503,7388,316109,1957800
1174,383,382,676120,7389,316491,1846000
1175,339,379,675781,7349,316870,1911100
1176,375,389,675406,7335,317259,1950500
1177,382,372,675024,7345,317631,1883300
1178,373,364,674651,7354,317995,1832100
1179,393,395,674258,7352,318390,1780500
1180,412,339,673846,7425,318729,1829500
1181,377,358,673469,7444,319087,1928400
1182,385,372,673084,7457,319459,2141800
1183,396,334,672688,7519,319793,1839700
1184,388,377,672300,7530,320170,2049400
1185,395,385,671905,7540,320555,2185200
1186,389,396,671516,7533,320951,1833900
1187,370,376,671146,7527,321327,1875400
1188,386,369,670760,7544,321696,1899800
1189,371,368,670389,7547,322064,1863600
1190,378,386,670011,7539,322450,1797900
1191,423,356,669588,7606,322806,1875000
1192,380,380,669208,7606,323186,2099200
1193,386,372,668822,7620,323558,1914900
1194,375,380,668447,7615,323938,1922300
1195,386,392,668061,7609,324330,1893200
1196,362,355,667699,7616,324685,1870900
1197,373,382,667326,7607,325067,1928900
1198,372,390,666954,7589,325457,1957300
1199,403,349,666551,7643,325806,2124500
1200,399,416,666152,7626,326222,2067400
1201,379,373,665773,7632,326595,2068400
1202,383,377,665390,7638,326972,2387300
1203,408,380,664982,7666,327352,2271300
1204,393,368,664589,7691,327720,2150200
1205,369,398,664220,7662,328118,2162100
1206,410,392,663810,7680,328510,2027800
1207,436,391,663374,7725,328901,2312800
1208,378,406,662996,7697,329307,2053900
1209,392,404,662604,7685,329711,2123500
1210,385,383,662219,7687,330094,2052200
1211,392,381,661827,7698,330475,2004900
1212,412,395,661415,7715,330870,2106100
1213,396,385,661019,7726,331255,2033700
1214,404,387,660615,7743,331642,2078400
1215,429,374,660186,7798,332016,2241100
1216,363,425,659823,7736,332441,2015300
1217,379,387,659444,7728,332828,2043200
1218,403,360,659041,7771,333188,1993000
1219,383,373,658658,7781,333561,2087200
1220,357,320,658301,7818,333881,1885700
1221,379,372,657922,7825,334253,1989600
1222,411,395,657511,7841,334648,2101300
1223,391,391,657120,7841,335039,2343400
1224,405,393,656715,7853,335432,2577100
1225,430,390,656285,7893,335822,2677300
1226,357,391,655928,7859,336213,2410300
1227,404,364,655524,7899,336577,2474900
1228,417,405,655107,7911,336982,2252000
1229,375,432,654732,7854,337414,2358700
1230,414,388,654318,7880,337802,2182600
1231,409,389,653909,7900,338191,2150700
1232,389,400,653520,7889,338591,2323800
1233,416,368,653104,7937,338959,2129600
1234,381,397,652723,7921,339356,2393900
1235,384,381,652339,7924,339737,2315500
1236,405,432,651934,7897,340169,2275300
1237,392,383,651542,7906,340552,2053700
1238,400,375,651142,7931,340927,2055600
1239,401,382,650741,7950,341309,2201200
1240,397,393,650344,7954,341702,1990500
1241,382,400,649962,7936,342102,1963100
1242,402,392,649560,7946,342494,1975600
1243,411,376,649149,7981,342870,2019500
1244,377,405,648772,7953,343275,2042100
1245,382,378,648390,7957,343653,2045500
1246,406,393,647984,7970,344046,1950500
1247,366,400,647618,7936,344446,2017900
1248,417,392,647201,7961,344838,2134100
1249,400,389,646801,7972,345227,1893700
1250,397,362,646404,8007,345589,1915300
1251,375,371,646029,8011,345960,1968400
1252,403,401,645626,8013,346361,2098100
1253,406,356,645220,8063,346717,1873900
1254,390,395,644830,8058,347112,1912900
1255,392,402,644438,8048,347514,1864600
1256,413,392,644025,8069,347906,1836100
1257,394,409,643631,8054,348315,1898500
1258,392,410,643239,8036,348725,1918500
1259,396,410,642843,8022,349135,1898400
1260,406,385,642437,8043,349520,1880800
1261,402,419,642035,8026,349939,1956000
1262,382,409,641653,7999,350348,1871100
1263,388,413,641265,7974,350761,1883700
1264,405,407,640860,7972,351168,1956300
1265,415,388,640445,7999,351556,1919400
1266,405,443,640040,7961,351999,1981000
1267,392,374,639648,7979,352373,1925100
1268,378,420,639270,7937,352793,2005400
1269,419,385,638851,7971,353178,2046800
1270,412,419,638439,7964,353597,2051300
1271,392,375,638047,7981,353972,2158000
1272,426,390,637621,8017,354362,5099000
1273,403,415,637218,8005,354777,3152900
1274,388,412,636830,7981,355189,2808700
1275,423,397,636407,8007,355586,2389000
1276,410,454,635997,7963,356040,2655200
1277,400,408,635597,7955,356448,2513900
1278,412,420,635185,7947,356868,2439200
1279,403,402,634782,7948,357270,2372400
1280,398,425,634384,7921,357695,2336000
1281,354,408,634030,7867,358103,2508200
1282,371,383,633659,7855,358486,2250900
1283,384,401,633275,7838,358887,2237900
1284,383,371,632892,7850,359258,2206800
1285,407,444,632485,7813,359702,2210500
1286,373,374,632112,7812,360076,2058400
1287,410,375,631702,7847,360451,2029900
1288,370,360,631332,7857,360811,2065300
1289,385,382,630947,7860,361193,2076900
1290,371,384,630576,7847,361577,2009100
1291,411,419,630165,7839,361996,2070700
1292,377,398,629788,7818,362394,3710500
1293,372,372,629416,7818,362766,2735800
1294,397,382,629019,7833,363148,2421000
1295,403,388,628616,7848,363536,2438500
1296,427,420,628189,7855,363956,2426900
1297,354,373,627835,7836,364329,2519500
1298,433,423,627402,7846,364752,2198700
1299,390,412,627012,7824,365164,2266800
1300,386,339,626626,7871,365503,2253500
1301,354,393,626272,7832,365896,2096000
1302,389,389,625883,7832,366285,2089900
1303,417,396,625466,7853,366681,2063700
1304,412,400,625054,7865,367081,2021500
1305,432,381,624622,7916,367462,2277100
1306,430,382,624192,7964,367844,2106600
1307,360,356,623832,7968,368200,2286300
1308,424,418,623408,7974,368618,2010100
1309,392,390,623016,7976,369008,2058000
1310,383,390,622633,7969,369398,1951700
1311,376,395,622257,7950,369793,1997800
1312,379,387,621878,7942,370180,1983300
1313,397,416,621481,7923,370596,2205000
1314,393,391,621088,7925,370987,3965300
1315,386,388,620702,7923,371375,2687300
1316,382,414,620320,7891,371789,2392600
1317,380,408,619940,7863,372197,2410500
1318,386,372,619554,7877,372569,2540300
1319,407,397,619147,7887,372966,2272100
1320,367,384,618780,7870,373350,2208900
1321,404,404,618376,7870,373754,2173300
1322,395,388,617981,7877,374142,2344200
1323,412,394,617569,7895,374536,2228600
1324,382,415,617187,7862,374951,2458200
1325,408,396,616779,7874,375347,2131000
1326,405,420,616374,7859,375767,2151200
1327,388,409,615986,7838,376176,2125000
1328,374,391,615612,7821,376567,2034200
1329,375,412,615237,7784,376979,2138100
1330,389,385,614848,7788,377364,2079800
1331,401,425,614447,7764,377789,2053000
1332,386,382,614061,7768,378171,1996000
1333,411,401,613650,7778,378572,1985800
1334,402,387,613248,7793,378959,2061100
1335,381,372,612867,7802,379331,2872300
1336,387,372,612480,7817,379703,2764800
1337,436,427,612044,7826,380130,2835000
1338,387,375,611657,7838,380505,2876000
1339,368,377,611289,7829,380882,2347700
1340,410,350,610879,7889,381232,2364800
1341,388,422,610491,7855,381654,2240900
1342,367,403,610124,7819,382057,2244700
1343,422,376,609702,7865,382433,2164400
1344,380,413,609322,7832,382846,2306600
1345,415,407,608907,7840,383253,2730900
1346,398,407,608509,7831,383660,2095200
1347,391,382,608118,7840,384042,2117000
1348,395,420,607723,7815,384462,2233000
1349,398,397,607325,7816,384859,2026500
1350,392,394,606933,7814,385253,2077300
1351,418,416,606515,7816,385669,2095200
1352,391,396,606124,7811,386065,2122800
1353,448,421,605676,7838,386486,2243700
1354,395,416,605281,7817,386902,2149400
1355,421,396,604860,7842,387298,2014800
1356,406,356,604454,7892,387654,2065600
1357,383,405,604071,7870,388059,1924100
1358,412,421,603659,7861,388480,1967700
1359,398,384,603261,7875,388864,2012900
1360,424,400,602837,7899,389264,1951100
1361,443,408,602394,7934,389672,1999700
1362,411,381,601983,7964,390053,2135200
1363,400,417,601583,7947,390470,3436200
1364,422,400,601161,7969,390870,2725900
1365,396,390,600765,7975,391260,2721800
1366,437,385,600328,8027,391645,2355000
1367,393,404,599935,8016,392049,2239100
1368,401,395,599534,8022,392444,2285000
1369,410,399,599124,8033,392843,2159300
1370,397,412,598727,8018,393255,2394700
1371,411,406,598316,8023,393661,2318700
1372,402,391,597914,8034,394052,2362600
1373,393,448,597521,7979,394500,2351300
1374,458,394,597063,8043,394894,2095500
1375,411,427,596652,8027,395321,2407600
1376,422,394,596230,8055,395715,2213000
1377,441,419,595789,8077,396134,2092300
1378,417,416,595372,8078,396550,2112100
1379,361,420,595011,8019,396970,2632400
1380,372,409,594639,7982,397379,6424800
1381,373,376,594266,7979,397755,2847500
1382,352,401,593914,7930,398156,2921000
1383,377,431,593537,7876,398587,3148900
1384,380,369,593157,7887,398956,2713300
1385,412,399,592745,7900,399355,2400200
1386,382,389,592363,7893,399744,2345800
1387,405,394,591958,7904,400138,2253300
1388,389,410,591569,7883,400548,2404200
1389,394,400,591175,7877,400948,2253500
1390,397,382,590778,7892,401330,2142800
1391,391,423,590387,7860,401753,2120600
1392,406,376,589981,7890,402129,2073500
1393,374,368,589607,7896,402497,2187000
1394,396,436,589211,7856,402933,2053900
1395,392,369,588819,7879,403302,1925500
1396,422,377,588397,7924,403679,2042000
1397,449,448,587948,7925,404127,2105300
1398,369,361,587579,7933,404488,3941500
1399,395,396,587184,7932,404884,3010000
1400,403,407,586781,7928,405291,2576600
1401,416,375,586365,7969,405666,2496100
1402,411,407,585954,7973,406073,2344400
1403,427,425,585527,7975,406498,2370600
1404,431,386,585096,8020,406884,2251100
1405,383,413,584713,7990,407297,2440700
1406,404,446,584309,7948,407743,2333700
1407,411,384,583898,7975,408127,2242700
1408,404,434,583494,7945,408561,2181900
1409,412,393,583082,7964,408954,2145600
1410,424,388,582658,8000,409342,2098100
1411,399,385,582259,8014,409727,2286000
1412,430,399,581829,8045,410126,2030600
1413,425,391,581404,8079,410517,1962400
1414,414,370,580990,8123,410887,1983800
1415,411,410,580579,8124,411297,2258100
1416,392,395,580187,8121,411692,2067800
1417,409,415,579778,8115,412107,2101900
1418,423,398,579355,8140,412505,2195800
1419,441,433,578914,8148,412938,2069400
1420,457,356,578457,8249,413294,3378700
1421,389,418,578068,8220,413712,2546600
1422,388,402,577680,8206,414114,2395200
1423,438,404,577242,8240,414518,2293500
1424,434,420,576808,8254,414938,2450800
1425,403,448,576405,8209,415386,2228200
1426,404,429,576001,8184,415815,2268700
1427,433,421,575568,8196,416236,2208100
1428,393,415,575175,8174,416651,2078800
1429,422,430,574753,8166,417081,2268700
1430,412,428,574341,8150,417509,2238100
1431,430,408,573911,8172,417917,2060800
1432,382,391,573529,8163,418308,2385800
1433,419,410,573110,8172,418718,2050300
1434,405,376,572705,8201,419094,2199100
1435,401,449,572304,8153,419543,1989700
1436,413,415,571891,8151,419958,2247800
1437,410,375,571481,8186,420333,1947500
1438,405,425,571076,8166,420758,1932200
1439,443,409,570633,8200,421167,1934900
1440,431,437,570202,8194,421604,2216800
1441,433,403,569769,8224,422007,2152600
1442,419,389,569350,8254,422396,2250600
1443,433,409,568917,8278,422805,2055500
1444,401,396,568516,8283,423201,1976900
1445,438,455,568078,8266,423656,1964500
1446,439,422,567639,8283,424078,1925700
1447,397,382,567242,8298,424460,1948400
1448,423,439,566819,8282,424899,1972400
1449,452,391,566367,8343,425290,2157600
1450,427,434,565940,8336,425724,2309900
1451,426,431,565514,8331,426155,2116200
1452,395,412,565119,8314,426567,2154000
1453,436,423,564683,8327,426990,2173400
1454,446,381,564237,8392,427371,2028200
1455,422,412,563815,8402,427783,1958700
1456,437,395,563378,8444,428178,2011500
1457,415,441,562963,8418,428619,2149500
1458,438,422,562525,8434,429041,2132600
1459,387,460,562138,8361,429501,2153200
1460,411,417,561727,8355,429918,2078300
1461,392,471,561335,8276,430389,2147800
1462,397,404,560938,8269,430793,2012300
1463,423,385,560515,8307,431178,2030400
1464,389,387,560126,8309,431565,2054800
1465,407,411,559719,8305,431976,2239100
1466,415,436,559304,8284,432412,2303700
1467,412,406,558892,8290,432818,3275700
1468,394,396,558498,8288,433214,2967500
1469,401,417,558097,8272,433631,2891000
1470,396,402,557701,8266,434033,5635400
1471,422,380,557279,8308,434413,3302400
1472,431,439,556848,8300,434852,2988300
1473,411,414,556437,8297,435266,2849600
1474,396,424,556041,8269,435690,2890300
1475,428,433,555613,8264,436123,2865100
1476,389,415,555224,8238,436538,2684600
1477,425,411,554799,8252,436949,2407700
1478,419,459,554380,8212,437408,2435500
1479,428,396,553952,8244,437804,2648000
1480,426,437,553526,8233,438241,2534300
1481,448,396,553078,8285,438637,2314100
1482,398,416,552680,8267,439053,2194800
1483,399,426,552281,8240,439479,2289300
1484,400,432,551881,8208,439911,2410300
1485,413,425,551468,8196,440336,2820400
1486,414,366,551054,8244,440702,3200400
1487,440,392,550614,8292,441094,2782100
1488,406,418,550208,8280,441512,2661600
1489,428,397,549780,8311,441909,2347800
1490,442,461,549338,8292,442370,2742600
1491,398,425,548940,8265,442795,2763100
1492,396,400,548544,8261,443195,2480200
1493,404,418,548140,8247,443613,2666900
1494,410,415,547730,8242,444028,2358000
1495,430,379,547300,8293,444407,2469100
1496,415,377,546885,8331,444784,2737100
1497,436,398,546449,8369,445182,2461100
1498,410,430,546039,8349,445612,2543500
1499,370,419,545669,8300,446031,2617300
1500,378,434,545291,8244,446465,2843900
1501,400,438,544891,8206,446903,2390200
1502,417,415,544474,8208,447318,2189000
1503,381,418,544093,8171,447736,2643100
1504,420,375,543673,8216,448111,3757000
1505,401,422,543272,8195,448533,2874600
1506,417,371,542855,8241,448904,3113900
1507,436,451,542419,8226,449355,2539200
1508,424,412,541995,8238,449767,2527900
1509,382,428,541613,8192,450195,2327000
1510,427,431,541186,8188,450626,2436800
1511,382,393,540804,8177,451019,2502900
1512,411,392,540393,8196,451411,2249500
1513,404,401,539989,8199,451812,2266500
1514,443,441,539546,8201,452253,2235800
1515,421,424,539125,8198,452677,2204800
1516,445,419,538680,8224,453096,2169900
1517,421,426,538259,8219,453522,2094500
1518,413,421,537846,8211,453943,2064400
1519,402,363,537444,8250,454306,2262700
1520,426,389,537018,8287,454695,2019800
1521,440,460,536578,8267,455155,2021500
1522,418,422,536160,8263,455577,2421200
1523,401,392,535759,8272,455969,4016600
1524,405,392,535354,8285,456361,2570500
1525,404,396,534950,8293,456757,2776600
1526,443,442,534507,8294,457199,2760300
1527,416,344,534091,8366,457543,2921500
1528,442,445,533649,8363,457988,2548200
1529,423,445,533226,8341,458433,2666000
1530,451,424,532775,8368,458857,2699300
1531,421,430,532354,8359,459287,2696000
1532,440,426,531914,8373,459713,2423400
1533,406,426,531508,8353,460139,2395300
1534,427,442,531081,8338,460581,2299800
1535,426,430,530655,8334,461011,2459800
1536,386,445,530269,8275,461456,2383800
1537,428,419,529841,8284,461875,2391800
1538,414,414,529427,8284,462289,2481700
1539,408,397,529019,8295,462686,2239500
1540,432,428,528587,8299,463114,2294500
1541,421,409,528166,8311,463523,2223800
1542,428,445,527738,8294,463968,2396200
1543,403,403,527335,8294,464371,2482700
1544,437,415,526898,8316,464786,8739700
1545,402,431,526496,8287,465217,4154800
1546,408,424,526088,8271,465641,2818000
1547,412,462,525676,8221,466103,2607300
1548,401,431,525275,8191,466534,2380400
1549,383,403,524892,8171,466937,2220800
1550,409,412,524483,8168,467349,2278500
1551,439,433,524044,8174,467782,2572100
1552,405,393,523639,8186,468175,2195000
1553,409,408,523230,8187,468583,2187300
1554,380,399,522850,8168,468982,2592800
1555,416,379,522434,8205,469361,2399000
1556,391,440,522043,8156,469801,2486400
1557,401,421,521642,8136,470222,2348900
1558,386,391,521256,8131,470613,2509100
1559,414,380,520842,8165,470993,2399600
1560,408,407,520434,8166,471400,2440200
1561,412,428,520022,8150,471828,2141400
1562,442,397,519580,8195,472225,2148900
1563,404,434,519176,8165,472659,7090000
1564,448,402,518728,8211,473061,3368000
1565,433,418,518295,8226,473479,3487000
1566,409,422,517886,8213,473901,3132800
1567,425,418,517461,8220,474319,2737600
1568,431,418,517030,8233,474737,2486700
1569,434,424,516596,8243,475161,2575200
1570,411,390,516185,8264,475551,2671900
1571,443,415,515742,8292,475966,2332100
1572,427,410,515315,8309,476376,2740300
1573,431,429,514884,8311,476805,2491600
1574,376,402,514508,8285,477207,2550900
1575,417,403,514091,8299,477610,2542400
1576,403,398,513688,8304,478008,2662300
1577,404,412,513284,8296,478420,2470900
1578,435,405,512849,8326,478825,3654600
1579,421,398,512428,8349,479223,5337300
1580,420,416,512008,8353,479639,2965400
1581,430,426,511578,8357,480065,3422100
1582,403,405,511175,8355,480470,2987700
1583,406,427,510769,8334,480897,3981400
1584,434,431,510335,8337,481328,3233400
1585,428,483,509907,8282,481811,3037500
1586,399,402,509508,8279,482213,2550100
1587,408,434,509100,8253,482647,2375800
1588,428,400,508672,8281,483047,3100300
1589,417,427,508255,8271,483474,2446900
1590,401,415,507854,8257,483889,2327200
1591,403,404,507451,8256,484293,2229800
1592,447,403,507004,8300,484696,2444200
1593,445,430,506559,8315,485126,2344500
1594,397,418,506162,8294,485544,2156800
1595,442,394,505720,8342,485938,3251900
1596,433,409,505287,8366,486347,3593900
1597,428,407,504859,8387,486754,2795300
1598,422,414,504437,8395,487168,2797100
1599,428,425,504009,8398,487593,2500700
1600,414,461,503595,8351,488054,2869600
1601,406,430,503189,8327,488484,2326800
1602,419,384,502770,8362,488868,2736300
1603,455,396,502315,8421,489264,2438200
1604,423,416,501892,8428,489680,2276300
1605,422,445,501470,8405,490125,2399000
1606,389,397,501081,8397,490522,2312600
1607,454,430,500627,8421,490952,2374400
1608,418,424,500209,8415,491376,2253200
1609,466,424,499743,8457,491800,2298200
1610,452,419,499291,8490,492219,2268200
1611,448,405,498843,8533,492624,2507200
1612,434,389,498409,8578,493013,2262600
1613,439,455,497970,8562,493468,2631800
1614,428,405,497542,8585,493873,2364500
1615,427,430,497115,8582,494303,2827500
1616,406,467,496709,8521,494770,4554600
1617,424,451,496285,8494,495221,3855900
1618,438,422,495847,8510,495643,3586400
1619,401,436,495446,8475,496079,3798300
1620,422,451,495024,8446,496530,3513300
1621,436,436,494588,8446,496966,2864500
1622,445,401,494143,8490,497367,3148700
1623,406,424,493737,8472,497791,2818200
1624,412,418,493325,8466,498209,2931800
1625,462,402,492863,8526,498611,2743100
1626,414,411,492449,8529,499022,3026000
1627,434,405,492015,8558,499427,2339400
1628,414,435,491601,8537,499862,2547000
1629,458,417,491143,8578,500279,2135100
1630,424,409,490719,8593,500688,2246600
1631,465,443,490254,8615,501131,2328900
1632,442,412,489812,8645,501543,4618300
1633,415,423,489397,8637,501966,4411900
1634,436,436,488961,8637,502402,3201200
1635,442,438,488519,8641,502840,2722600
1636,416,391,488103,8666,503231,2831300
1637,417,405,487686,8678,503636,2835000
1638,416,411,487270,8683,504047,2447100
1639,442,443,486828,8682,504490,2410400
1640,440,417,486388,8705,504907,2454400
1641,430,398,485958,8737,505305,2512600
1642,437,447,485521,8727,505752,2371600
1643,410,416,485111,8721,506168,2187000
1644,451,453,484660,8719,506621,2553200
1645,457,431,484203,8745,507052,2178200
1646,455,408,483748,8792,507460,2404500
1647,418,410,483330,8800,507870,2173700
1648,458,408,482872,8850,508278,2073500
1649,420,399,482452,8871,508677,2449400
1650,437,419,482015,8889,509096,3766500
1651,415,458,481600,8846,509554,2663900
1652,472,418,481128,8900,509972,2465300
1653,435,440,480693,8895,510412,2295800
1654,420,456,480273,8859,510868,2285100
1655,456,450,479817,8865,511318,2242500
1656,434,444,479383,8855,511762,2192400
1657,428,432,478955,8851,512194,2575200
1658,442,458,478513,8835,512652,2318600
1659,437,431,478076,8841,513083,2401200
1660,445,460,477631,8826,513543,2236400
1661,429,480,477202,8775,514023,2055900
1662,425,430,476777,8770,514453,2244600
1663,439,449,476338,8760,514902,2232900
1664,394,440,475944,8714,515342,2181800
1665,446,407,475498,8753,515749,2376900
1666,416,426,475082,8743,516175,2066500
1667,410,467,474672,8686,516642,2232000
1668,410,430,474262,8666,517072,2127200
1669,389,390,473873,8665,517462,2074200
1670,436,427,473437,8674,517889,3890700
1671,415,424,473022,8665,518313,3200300
1672,432,385,472590,8712,518698,2705200
1673,385,448,472205,8649,519146,2450800
1674,433,427,471772,8655,519573,2719700
1675,414,382,471358,8687,519955,2916100
1676,399,438,470959,8648,520393,2492300
1677,442,410,470517,8680,520803,12343200
1678,462,407,470055,8735,521210,3057500
1679,435,450,469620,8720,521660,2294700
1680,426,453,469194,8693,522113,2628100
1681,423,411,468771,8705,522524,2231000
1682,434,424,468337,8715,522948,2228400
1683,411,415,467926,8711,523363,2358000
1684,427,451,467499,8687,523814,2118200
1685,449,416,467050,8720,524230,2196100
1686,456,478,466594,8698,524708,2428200
1687,455,425,466139,8728,525133,2156300
1688,490,456,465649,8762,525589,2082400
1689,406,422,465243,8746,526011,2034900
1690,449,444,464794,8751,526455,2169600
1691,429,447,464365,8733,526902,2070800
1692,424,434,463941,8723,527336,2030200
1693,457,455,463484,8725,527791,2112700
1694,457,441,463027,8741,528232,2084200
1695,449,477,462578,8713,528709,2427000
1696,447,459,462131,8701,529168,2067500
1697,430,413,461701,8718,529581,2308700
1698,458,474,461243,8702,530055,2119800
1699,434,401,460809,8735,530456,1985600
1700,409,436,460400,8708,530892,1974500
1701,416,460,459984,8664,531352,2058200
1702,422,435,459562,8651,531787,1981000
1703,420,459,459142,8612,532246,2046100
1704,444,411,458698,8645,532657,1990800
1705,445,412,458253,8678,533069,1976000
1706,414,474,457839,8618,533543,2189400
1707,439,436,457400,8621,533979,2060900
1708,419,453,456981,8587,534432,2143500
1709,453,471,456528,8569,534903,2318700
1710,404,451,456124,8522,535354,2113300
1711,423,392,455701,8553,535746,2961800
1712,434,437,455267,8550,536183,3642500
1713,409,472,454858,8487,536655,2914200
1714,459,427,454399,8519,537082,2602100
1715,420,431,453979,8508,537513,2781000
1716,424,419,453555,8513,537932,2430900
1717,442,426,453113,8529,538358,2519800
1718,419,432,452694,8516,538790,2564900
1719,432,425,452262,8523,539215,2413300
1720,436,413,451826,8546,539628,2298200
1721,426,441,451400,8531,540069,2761900
1722,434,455,450966,8510,540524,2413900
1723,461,428,450505,8543,540952,2431900
1724,422,431,450083,8534,541383,2203300
1725,419,457,449664,8496,541840,2177600
1726,407,436,449257,8467,542276,2517500
1727,428,442,448829,8453,542718,2207500
1728,405,425,448424,8433,543143,2208000
1729,426,407,447998,8452,543550,2335000
1730,422,428,447576,8446,543978,2451700
1731,411,418,447165,8439,544396,2863700
1732,425,464,446740,8400,544860,2790300
1733,392,398,446348,8394,545258,2514900
1734,387,418,445961,8363,545676,2523600
1735,404,402,445557,8365,546078,2251200
1736,408,435,445149,8338,546513,2200700
1737,425,427,444724,8336,546940,2276300
1738,395,418,444329,8313,547358,2376600
1739,376,408,443953,8281,547766,2081300
1740,414,426,443539,8269,548192,2239200
1741,425,418,443114,8276,548610,2018800
1742,402,394,442712,8284,549004,2073300
1743,389,414,442323,8259,549418,2029100
1744,404,399,441919,8264,549817,2059200
1745,381,404,441538,8241,550221,2249400
1746,409,422,441129,8228,550643,2069200
1747,397,414,440732,8211,551057,1974200
1748,409,380,440323,8240,551437,1991900
1749,439,376,439884,8303,551813,1918500
1750,399,425,439485,8277,552238,2031800
1751,401,410,439084,8268,552648,1980100
1752,379,391,438705,8256,553039,2162200
1753,442,437,438263,8261,553476,3994000
1754,426,407,437837,8280,553883,3039600
1755,435,400,437402,8315,554283,2677200
1756,460,393,436942,8382,554676,2507500
1757,440,405,436502,8417,555081,2176800
1758,475,405,436027,8487,555486,2099600
1759,441,411,435586,8517,555897,2055700
1760,451,421,435135,8547,556318,2207000
1761,462,410,434673,8599,556728,2282500
1762,448,432,434225,8615,557160,2267400
1763,525,407,433700,8733,557567,2169500
1764,425,431,433275,8727,557998,2083300
1765,420,451,432855,8696,558449,2164800
1766,454,458,432401,8692,558907,2045700
1767,427,449,431974,8670,559356,2064000
1768,468,439,431506,8699,559795,2059000
1769,425,445,431081,8679,560240,2114000
1770,449,440,430632,8688,560680,2300900
1771,429,450,430203,8667,561130,2031500
1772,456,447,429747,8676,561577,2182000
1773,422,469,429325,8629,562046,2153700
1774,398,413,428927,8614,562459,2416800
1775,448,450,428479,8612,562909,4212900
1776,421,454,428058,8579,563363,2720000
1777,459,428,427599,8610,563791,2398700
1778,412,445,427187,8577,564236,2513500
1779,435,438,426752,8574,564674,2191300
1780,417,398,426335,8593,565072,2197200
1781,459,422,425876,8630,565494,2328800
1782,407,403,425469,8634,565897,2155200
1783,435,431,425034,8638,566328,2077100
1784,412,436,424622,8614,566764,2040000
1785,422,440,424200,8596,567204,2174500
1786,458,444,423742,8610,567648,2019000
1787,450,465,423292,8595,568113,1982300
1788,433,409,422859,8619,568522,2054800
1789,426,448,422433,8597,568970,1954100
1790,452,405,421981,8644,569375,1901900
1791,449,453,421532,8640,569828,1921000
1792,453,413,421079,8680,570241,2008300
1793,431,445,420648,8666,570686,1881300
1794,442,465,420206,8643,571151,1835700
1795,437,424,419769,8656,571575,1882900
1796,423,428,419346,8651,572003,1963400
1797,445,424,418901,8672,572427,2533600
1798,424,418,418477,8678,572845,2674300
1799,415,407,418062,8686,573252,2596600
1800,430,416,417632,8700,573668,2427900
1801,430,411,417202,8719,574079,2458300
1802,429,464,416773,8684,574543,2312200
1803,456,449,416317,8691,574992,2254000
1804,430,410,415887,8711,575402,2144000
1805,456,446,415431,8721,575848,2193000
1806,406,415,415025,8712,576263,2037900
1807,438,446,414587,8704,576709,2020400
1808,432,437,414155,8699,577146,2236200
1809,439,409,413716,8729,577555,2179200
1810,420,434,413296,8715,577989,2019300
1811,463,406,412833,8772,578395,2057600
1812,432,437,412401,8767,578832,2097900
1813,482,416,411919,8833,579248,1917200
1814,455,447,411464,8841,579695,1915300
1815,463,472,411001,8832,580167,1785800
1816,428,476,410573,8784,580643,1815100
1817,434,424,410139,8794,581067,1891200
1818,436,446,409703,8784,581513,1956100
1819,453,467,409250,8770,581980,1959900
1820,435,426,408815,8779,582406,3677300
1821,433,434,408382,8778,582840,3571500
1822,447,471,407935,8754,583311,5412400
1823,435,422,407500,8767,583733,4217700
1824,425,402,407075,8790,584135,5181400
1825,417,431,406658,8776,584566,3227900
1826,447,381,406211,8842,584947,2712200
1827,473,380,405738,8935,585327,2327700
1828,457,472,405281,8920,585799,2235600
1829,469,443,404812,8946,586242,2335000
1830,451,439,404361,8958,586681,2044800
1831,453,455,403908,8956,587136,1991800
1832,474,429,403434,9001,587565,2189200
1833,486,434,402948,9053,587999,2287300
1834,453,452,402495,9054,588451,2107400
1835,478,432,402017,9100,588883,2071000
1836,429,438,401588,9091,589321,1959200
1837,405,460,401183,9036,589781,2160300
1838,459,416,400724,9079,590197,2084800
1839,482,479,400242,9082,590676,2931000
1840,435,473,399807,9044,591149,5006700
1841,425,441,399382,9028,591590,2759900
1842,477,464,398905,9041,592054,2440400
1843,440,424,398465,9057,592478,2244000
1844,424,466,398041,9015,592944,2165600
1845,440,459,397601,8996,593403,2216500
1846,454,414,397147,9036,593817,2545900
1847,455,474,396692,9017,594291,2274000
1848,442,448,396250,9011,594739,2077700
1849,472,481,395778,9002,595220,2010700
1850,427,423,395351,9006,595643,2021600
1851,426,484,394925,8948,596127,1963600
1852,411,493,394514,8866,596620,2057800
1853,428,439,394086,8855,597059,2033400
1854,423,448,393663,8830,597507,2033500
1855,437,474,393226,8793,597981,1964900
1856,434,443,392792,8784,598424,1956500
1857,414,460,392378,8738,598884,1922200
1858,406,459,391972,8685,599343,2012400
1859,404,454,391568,8635,599797,1951700
1860,424,448,391144,8611,600245,1978500
1861,402,459,390742,8554,600704,2917800
1862,418,382,390324,8590,601086,2882200
1863,454,439,389870,8605,601525,2867600
1864,409,437,389461,8577,601962,2527900
1865,433,422,389028,8588,602384,2306000
1866,441,428,388587,8601,602812,2238800
1867,413,469,388174,8545,603281,2158100
1868,425,446,387749,8524,603727,2121800
1869,439,435,387310,8528,604162,2139700
1870,433,424,386877,8537,604586,2230100
1871,434,416,386443,8555,605002,2103500
1872,454,442,385989,8567,605444,2083800
1873,435,379,385554,8623,605823,2059500
1874,498,476,385056,8645,606299,2058400
1875,467,444,384589,8668,606743,2148300
1876,439,424,384150,8683,607167,1995100
1877,454,452,383696,8685,607619,1970500
1878,448,406,383248,8727,608025,1938800
1879,452,460,382796,8719,608485,1863200
1880,443,425,382353,8737,608910,1928700
1881,465,456,381888,8746,609366,1907000
1882,479,426,381409,8799,609792,1874100
1883,463,434,380946,8828,610226,2224100
1884,468,448,380478,8848,610674,2420300
1885,460,461,380018,8847,611135,3134200
1886,463,396,379555,8914,611531,2806500
1887,461,425,379094,8950,611956,2261600
1888,455,447,378639,8958,612403,2276600
1889,460,463,378179,8955,612866,2181400
1890,431,463,377748,8923,613329,2517700
1891,440,504,377308,8859,613833,2100400
1892,456,425,376852,8890,614258,2211300
1893,457,492,376395,8855,614750,2143200
1894,454,472,375941,8837,615222,2047300
1895,443,434,375498,8846,615656,2124700
1896,459,441,375039,8864,616097,1996100
1897,460,415,374579,8909,616512,2022400
1898,467,422,374112,8954,616934,2020700
1899,465,448,373647,8971,617382,1986700
1900,456,445,373191,8982,617827,2055400
1901,439,430,372752,8991,618257,1986100
1902,450,465,372302,8976,618722,1946600
1903,452,473,371850,8955,619195,2041800
1904,416,463,371434,8908,619658,2028900
1905,448,457,370986,8899,620115,2120800
1906,433,443,370553,8889,620558,2125300
1907,447,429,370106,8907,620987,2117500
1908,410,434,369696,8883,621421,4037200
1909,475,438,369221,8920,621859,2619400
1910,440,450,368781,8910,622309,2578000
1911,467,437,368314,8940,622746,2214900
1912,468,462,367846,8946,623208,2245100
1913,476,416,367370,9006,623624,2271400
1914,469,466,366901,9009,624090,2128900
1915,422,435,366479,8996,624525,2486700
1916,426,467,366053,8955,624992,2174100
1917,435,445,365618,8945,625437,2177200
1918,424,436,365194,8933,625873,2156800
1919,429,461,364765,8901,626334,2141800
1920,442,433,364323,8910,626767,2181200
1921,466,455,363857,8921,627222,2153400
1922,454,440,363403,8935,627662,2075700
1923,467,456,362936,8946,628118,2119800
1924,464,394,362472,9016,628512,2030200
1925,487,421,361985,9082,628933,2041100
1926,479,449,361506,9112,629382,2022500
1927,468,436,361038,9144,629818,2262900
1928,488,461,360550,9171,630279,2121100
1929,461,467,360089,9165,630746,2334000
1930,431,440,359658,9156,631186,5069400
1931,483,404,359175,9235,631590,2952300
1932,485,468,358690,9252,632058,2605200
1933,429,441,358261,9240,632499,2489300
1934,474,451,357787,9263,632950,2333000
1935,463,463,357324,9263,633413,2252800
1936,436,478,356888,9221,633891,2218200
1937,420,430,356468,9211,634321,2370300
1938,450,453,356018,9208,634774,2169200
1939,432,446,355586,9194,635220,2130600
1940,398,463,355188,9129,635683,2066600
1941,481,460,354707,9150,636143,2304600
1942,464,464,354243,9150,636607,2456300
1943,432,449,353811,9133,637056,2269400
1944,512,457,353299,9188,637513,2212500
1945,425,446,352874,9167,637959,2232800
1946,462,453,352412,9176,638412,2164400
1947,464,441,351948,9199,638853,2131700
1948,480,478,351468,9201,639331,2066300
1949,468,454,351000,9215,639785,2151500
1950,455,442,350545,9228,640227,3823600
1951,436,444,350109,9220,640671,2887800
1952,462,470,349647,9212,641141,2547300
1953,477,462,349170,9227,641603,2428700
1954,461,409,348709,9279,642012,2303800
1955,452,462,348257,9269,642474,2534100
1956,463,441,347794,9291,642915,2209900
1957,466,487,347328,9270,643402,2259900
1958,451,442,346877,9279,643844,2390900
1959,468,469,346409,9278,644313,2481500
1960,446,461,345963,9263,644774,2344900
1961,475,433,345488,9305,645207,2569000
1962,448,468,345040,9285,645675,2157400
1963,429,511,344611,9203,646186,2107300
1964,452,467,344159,9188,646653,2059700
1965,439,461,343720,9166,647114,2015700
1966,474,488,343246,9152,647602,2040000
1967,416,490,342830,9078,648092,2122400
1968,465,460,342365,9083,648552,2053300
1969,456,459,341909,9080,649011,2134400
1970,445,471,341464,9054,649482,2149400
1971,437,431,341027,9060,649913,2078400
1972,461,474,340566,9047,650387,2198100
1973,502,461,340064,9088,650848,2106900
1974,440,466,339624,9062,651314,2011700
1975,488,465,339136,9085,651779,1983700
1976,448,456,338688,9077,652235,2272600
1977,468,449,338220,9096,652684,1995100
1978,444,504,337776,9036,653188,2248300
1979,454,461,337322,9029,653649,1996400
1980,433,433,336889,9029,654082,2046300
1981,475,477,336414,9027,654559,1969000
1982,483,474,335931,9036,655033,1971900
1983,449,438,335482,9047,655471,1909000
1984,452,443,335030,9056,655914,1922300
1985,464,458,334566,9062,656372,2098900
1986,463,454,334103,9071,656826,1919600
1987,446,466,333657,9051,657292,1952800
1988,445,428,333212,9068,657720,2021200
1989,444,487,332768,9025,658207,1879400
1990,465,442,332303,9048,658649,1946400
1991,479,472,331824,9055,659121,1946600
1992,454,459,331370,9050,659580,2040300
1993,452,462,330918,9040,660042,1897900
1994,432,448,330486,9024,660490,1895900
1995,455,427,330031,9052,660917,1999600
1996,469,499,329562,9022,661416,2128900
1997,447,446,329115,9023,661862,3108700
1998,456,441,328659,9038,662303,2426500
1999,438,461,328221,9015,662764,2290900
2000,448,474,327773,8989,663238,2287400
2001,433,469,327340,8953,663707,2529400
2002,462,479,326878,8936,664186,2139000
2003,445,434,326433,8947,664620,2451200
2004,435,454,325998,8928,665074,2266000
2005,477,471,325521,8934,665545,2216600
2006,437,453,325084,8918,665998,2006700
2007,417,470,324667,8865,666468,1959000
2008,435,461,324232,8839,666929,2251700
2009,434,442,323798,8831,667371,2017200
2010,467,445,323331,8853,667816,1905100
2011,477,468,322854,8862,668284,2477000
2012,443,477,322411,8828,668761,1996600
2013,454,444,321957,8838,669205,1932000
2014,438,472,321519,8804,669677,1928700
2015,451,457,321068,8798,670134,1897200
2016,446,437,320622,8807,670571,1825400
2017,449,455,320173,8801,671026,1913800
2018,437,435,319736,8803,671461,1972300
2019,434,424,319302,8813,671885,2928700
2020,474,404,318828,8883,672289,3075000
2021,450,450,318378,8883,672739,2499100
2022,410,443,317968,8850,673182,2281100
2023,446,456,317522,8840,673638,2289000
2024,458,455,317064,8843,674093,2059700
2025,417,459,316647,8801,674552,2097000
2026,416,445,316231,8772,674997,2114400
2027,418,453,315813,8737,675450,2060900
2028,421,417,315392,8741,675867,2179400
2029,434,474,314958,8701,676341,1976600
2030,406,427,314552,8680,676768,1917500
2031,458,438,314094,8700,677206,1948400
2032,457,441,313637,8716,677647,2043700
2033,440,419,313197,8737,678066,1961300
2034,430,423,312767,8744,678489,2191600
2035,467,438,312300,8773,678927,1907300
2036,421,427,311879,8767,679354,1852800
2037,451,394,311428,8824,679748,1888200
2038,453,438,310975,8839,680186,1835000
2039,429,470,310546,8798,680656,1942000
2040,463,442,310083,8819,681098,1795900
2041,433,441,309650,8811,681539,2277800
2042,455,437,309195,8829,681976,2125700
2043,457,429,308738,8857,682405,2490000
2044,470,412,308268,8915,682817,3209400
2045,418,455,307850,8878,683272,2278700
2046,461,433,307389,8906,683705,2436100
2047,487,417,306902,8976,684122,2268700
2048,398,427,306504,8947,684549,2247900
2049,448,436,306056,8959,684985,2412700
2050,446,460,305610,8945,685445,2429400
2051,416,455,305194,8906,685900,2336600
2052,454,452,304740,8908,686352,2038000
2053,426,420,304314,8914,686772,1985200
2054,448,413,303866,8949,687185,1963000
2055,418,449,303448,8918,687634,1954500
2056,457,463,302991,8912,688097,1964600
2057,477,426,302514,8963,688523,1931800
2058,450,439,302064,8974,688962,1915500
2059,415,452,301649,8937,689414,1870700
2060,428,486,301221,8879,689900,1923700
2061,457,443,300764,8893,690343,1903000
2062,462,450,300302,8905,690793,2024300
2063,456,447,299846,8914,691240,2119600
2064,445,422,299401,8937,691662,2499300
2065,401,423,299000,8915,692085,2131000
2066,435,457,298565,8893,692542,2510100
2067,440,461,298125,8872,693003,2824100
2068,423,466,297702,8829,693469,2642600
2069,438,482,297264,8785,693951,2532100
2070,437,458,296827,8764,694409,2251200
2071,402,463,296425,8703,694872,2109700
2072,406,405,296019,8704,695277,2318000
2073,421,429,295598,8696,695706,2118100
2074,465,413,295133,8748,696119,2013200
2075,413,437,294720,8724,696556,1993300
2076,392,451,294328,8665,697007,2166100
2077,391,409,293937,8647,697416,2128900
2078,414,442,293523,8619,697858,1969400
2079,408,475,293115,8552,698333,1950500
2080,384,425,292731,8511,698758,2085100
2081,402,422,292329,8491,699180,1963500
2082,390,417,291939,8464,699597,1879200
2083,400,444,291539,8420,700041,1870200
2084,392,399,291147,8413,700440,1874800
2085,398,456,290749,8355,700896,2025000
2086,399,430,290350,8324,701326,1830700
2087,396,412,289954,8308,701738,1897200
2088,418,423,289536,8303,702161,2178200
2089,441,434,289095,8310,702595,1999500
2090,402,416,288693,8296,703011,2199300
2091,391,414,288302,8273,703425,2669800
2092,413,412,287889,8274,703837,2699900
2093,396,416,287493,8254,704253,2538500
2094,408,431,287085,8231,704684,2203100
2095,414,419,286671,8226,705103,2123500
2096,424,404,286247,8246,705507,2139200
2097,400,412,285847,8234,705919,2060700
2098,414,411,285433,8237,706330,2125000
2099,418,438,285015,8217,706768,2102500
2100,409,436,284606,8190,707204,1976000
2101,431,405,284175,8216,707609,2197400
2102,411,409,283764,8218,708018,1948200
2103,436,433,283328,8221,708451,1934200
2104,391,411,282937,8201,708862,1905900
2105,413,418,282524,8196,709280,1940500
2106,426,378,282098,8244,709658,1901900
2107,403,389,281695,8258,710047,1922600
2108,384,451,281311,8191,710498,1878700
2109,425,399,280886,8217,710897,2156300
2110,422,369,280464,8270,711266,1861000
2111,397,443,280067,8224,711709,2351400
2112,412,429,279655,8207,712138,2010100
2113,414,398,279241,8223,712536,2221400
2114,400,413,278841,8210,712949,3336900
2115,399,408,278442,8201,713357,2309800
2116,424,423,278018,8202,713780,2322100
2117,368,413,277650,8157,714193,2279900
2118,377,379,277273,8155,714572,2097200
2119,383,409,276890,8129,714981,2198900
2120,394,418,276496,8105,715399,2060300
2121,425,410,276071,8120,715809,2237000
2122,411,419,275660,8112,716228,2012900
2123,356,391,275304,8077,716619,1958000
2124,394,409,274910,8062,717028,1991400
2125,409,402,274501,8069,717430,1972700
2126,426,397,274075,8098,717827,2003200
2127,433,384,273642,8147,718211,1927400
2128,415,372,273227,8190,718583,1871000
2129,412,381,272815,8221,718964,2027200
2130,412,408,272403,8225,719372,2029600
2131,410,456,271993,8179,719828,1887000
2132,380,397,271613,8162,720225,1898500
2133,438,387,271175,8213,720612,1880900
2134,397,391,270778,8219,721003,1849000
2135,410,390,270368,8239,721393,2243800
2136,428,433,269940,8234,721826,2006300
2137,431,397,269509,8268,722223,2240700
2138,421,411,269088,8278,722634,3242200
2139,374,392,268714,8260,723026,2683000
2140,431,390,268283,8301,723416,2396000
2141,406,403,267877,8304,723819,2227000
2142,436,443,267441,8297,724262,2364200
2143,398,429,267043,8266,724691,2190800
2144,421,442,266622,8245,725133,2253900
2145,377,394,266245,8228,725527,2522100
2146,390,432,265855,8186,725959,2101700
2147,409,446,265446,8149,726405,2410000
2148,394,409,265052,8134,726814,2070400
2149,399,394,264653,8139,727208,2063000
2150,370,411,264283,8098,727619,2116900
2151,423,402,263860,8119,728021,2037800
2152,359,393,263501,8085,728414,2048700
2153,377,390,263124,8072,728804,1958400
2154,412,419,262712,8065,729223,1962300
2155,389,446,262323,8008,729669,1943200
2156,370,387,261953,7991,730056,1936100
2157,354,387,261599,7958,730443,1972600
2158,387,429,261212,7916,730872,2054800
2159,367,394,260845,7889,731266,1978800
2160,365,368,260480,7886,731634,2027100
2161,386,391,260094,7881,732025,2609900
2162,403,381,259691,7903,732406,2687900
2163,375,381,259316,7897,732787,3103300
2164,375,396,258941,7876,733183,2485000
2165,373,369,258568,7880,733552,2497400
2166,390,393,258178,7877,733945,2210000
2167,386,364,257792,7899,734309,2224000
2168,371,387,257421,7883,734696,2264600
2169,359,380,257062,7862,735076,2396000
2170,375,382,256687,7855,735458,2396400
2171,358,378,256329,7835,735836,2215000
2172,391,391,255938,7835,736227,2348300
2173,342,422,255596,7755,736649,2180300
2174,373,377,255223,7751,737026,2173200
2175,346,378,254877,7719,737404,2018300
2176,330,395,254547,7654,737799,1996200
2177,380,382,254167,7652,738181,2143500
2178,376,445,253791,7583,738626,2227400
2179,376,417,253415,7542,739043,1956200
2180,375,373,253040,7544,739416,2105600
2181,360,366,252680,7538,739782,1980600
2182,358,376,252322,7520,740158,2402900
2183,346,355,251976,7511,740513,3142400
2184,337,355,251639,7493,740868,2767400
2185,370,364,251269,7499,741232,2477700
2186,350,390,250919,7459,741622,2639200
2187,346,374,250573,7431,741996,2249800
2188,358,376,250215,7413,742372,2171100
2189,343,382,249872,7374,742754,2199800
2190,350,370,249522,7354,743124,2346400
2191,332,347,249190,7339,743471,2283900
2192,350,349,248840,7340,743820,2390500
2193,349,373,248491,7316,744193,2041700
2194,323,332,248168,7307,744525,2036700
2195,317,343,247851,7281,744868,2004500
2196,317,375,247534,7223,745243,2061100
2197,332,369,247202,7186,745612,2308000
2198,387,342,246815,7231,745954,2107300
2199,353,348,246462,7236,746302,2086300
2200,344,399,246118,7181,746701,1986100
2201,332,373,245786,7140,747074,1943200
2202,343,350,245443,7133,747424,1957200
2203,341,356,245102,7118,747780,1950000
2204,358,357,244744,7119,748137,2128800
2205,379,336,244365,7162,748473,3498100
2206,324,344,244041,7142,748817,3138200
2207,376,362,243665,7156,749179,2814500
2208,332,370,243333,7118,749549,2346500
2209,347,358,242986,7107,749907,2298800
2210,349,364,242637,7092,750271,2187200
2211,369,365,242268,7096,750636,2550600
2212,359,368,241909,7087,751004,2427200
2213,361,356,241548,7092,751360,2517300
2214,340,353,241208,7079,751713,2365200
2215,345,351,240863,7073,752064,2429700
2216,370,357,240493,7086,752421,2149000
2217,324,359,240169,7051,752780,2274200
2218,343,336,239826,7058,753116,2185500
2219,336,337,239490,7057,753453,2171600
2220,353,358,239137,7052,753811,2120300
2221,334,360,238803,7026,754171,2052200
2222,342,352,238461,7016,754523,2012100
2223,368,320,238093,7064,754843,1979200
2224,326,362,237767,7028,755205,1985700
2225,330,337,237437,7021,755542,2031400
2226,348,365,237089,7004,755907,2073100
2227,309,350,236780,6963,756257,2449200
2228,330,340,236450,6953,756597,2850000
2229,367,325,236083,6995,756922,2814100
2230,363,325,235720,7033,757247,2597600
2231,349,338,235371,7044,757585,2445700
2232,345,372,235026,7017,757957,2268200
2233,362,360,234664,7019,758317,2282900
2234,331,345,234333,7005,758662,2571100
2235,347,347,233986,7005,759009,2274200
2236,334,336,233652,7003,759345,2371200
2237,338,332,233314,7009,759677,2208900
2238,316,328,232998,6997,760005,2220900
2239,328,372,232670,6953,760377,2093800
2240,362,319,232308,6996,760696,2057900
2241,300,377,232008,6919,761073,2158300
2242,316,316,231692,6919,761389,2080900
2243,312,355,231380,6876,761744,2136700
2244,328,343,231052,6861,762087,2234500
2245,329,345,230723,6845,762432,2131500
2246,308,361,230415,6792,762793,2023100
2247,294,349,230121,6737,763142,2094700
2248,342,331,229779,6748,763473,2359300
2249,315,366,229464,6697,763839,2717300
2250,338,332,229126,6703,764171,3312700
2251,357,306,228769,6754,764477,2780800
2252,348,365,228421,6737,764842,2814500
2253,337,324,228084,6750,765166,2253300
2254,349,344,227735,6755,765510,2202200
2255,340,322,227395,6773,765832,2398100
2256,310,328,227085,6755,766160,2196100
2257,327,318,226758,6764,766478,2209200
2258,303,343,226455,6724,766821,2222400
2259,298,350,226157,6672,767171,2307600
2260,327,361,225830,6638,767532,2189000
2261,317,339,225513,6616,767871,2400700
2262,301,330,225212,6587,768201,2256500
2263,336,337,224876,6586,768538,2228200
2264,315,326,224561,6575,768864,2293200
2265,315,347,224246,6543,769211,2359400
2266,329,342,223917,6530,769553,2032600
2267,306,349,223611,6487,769902,2165400
2268,269,326,223342,6430,770228,2727800
2269,269,327,223073,6372,770555,6588400
2270,293,320,222780,6345,770875,3008300
2271,290,330,222490,6305,771205,2815000
2272,297,276,222193,6326,771481,2468300
2273,292,322,221901,6296,771803,2217400
2274,264,303,221637,6257,772106,2662800
2275,281,296,221356,6242,772402,2428000
2276,241,310,221115,6173,772712,2745300
2277,272,314,220843,6131,773026,2372700
2278,288,284,220555,6135,773310,2153000
2279,315,301,220240,6149,773611,2394300
2280,304,295,219936,6158,773906,2003100
2281,284,296,219652,6146,774202,2037400
2282,302,314,219350,6134,774516,2127200
2283,295,288,219055,6141,774804,1987800
2284,295,282,218760,6154,775086,2000700
2285,313,319,218447,6148,775405,2011800
2286,301,300,218146,6149,775705,2107900
2287,288,284,217858,6153,775989,2049500
2288,300,298,217558,6155,776287,2185500
2289,282,309,217276,6128,776596,3779000
2290,287,314,216989,6101,776910,3019100
2291,247,311,216742,6037,777221,2555500
2292,255,296,216487,5996,777517,2241700
2293,271,304,216216,5963,777821,2291800
2294,279,309,215937,5933,778130,2186100
2295,255,299,215682,5889,778429,2533000
2296,250,276,215432,5863,778705,2538100
2297,290,297,215142,5856,779002,2147600
2298,270,285,214872,5841,779287,2189400
2299,234,300,214638,5775,779587,2071400
2300,299,282,214339,5792,779869,2115700
2301,264,275,214075,5781,780144,2270300
2302,275,284,213800,5772,780428,2026600
2303,295,313,213505,5754,780741,2088200
2304,308,270,213197,5792,781011,2116000
2305,271,319,212926,5744,781330,1997800
2306,262,258,212664,5748,781588,1948000
2307,315,289,212349,5774,781877,1937200
2308,314,299,212035,5789,782176,2113400
2309,309,286,211726,5812,782462,1956500
2310,277,288,211449,5801,782750,2377800
2311,307,299,211142,5809,783049,4236800
2312,314,305,210828,5818,783354,3228900
2313,321,271,210507,5868,783625,2573000
2314,322,303,210185,5887,783928,2305900
2315,336,289,209849,5934,784217,2333500
2316,301,280,209548,5955,784497,2254400
2317,306,294,209242,5967,784791,2086600
2318,302,305,208940,5964,785096,2144000
2319,325,299,208615,5990,785395,2211600
2320,254,283,208361,5961,785678,2189800
2321,304,300,208057,5965,785978,2061800
2322,315,272,207742,6008,786250,2107400
2323,316,274,207426,6050,786524,2051200
2324,286,303,207140,6033,786827,1991700
2325,301,308,206839,6026,787135,2006300
2326,291,294,206548,6023,787429,2121700
2327,286,309,206262,6000,787738,2243900
2328,327,286,205935,6041,788024,1982300
2329,312,312,205623,6041,788336,1934100
2330,298,317,205325,6022,788653,1966700
2331,304,279,205021,6047,788932,2050200
2332,308,318,204713,6037,789250,2038800
2333,260,323,204453,5974,789573,2329600
2334,291,297,204162,5968,789870,3583800
2335,280,305,203882,5943,790175,2689100
2336,265,286,203617,5922,790461,2609400
2337,252,314,203365,5860,790775,2133600
2338,279,298,203086,5841,791073,2040300
2339,296,282,202790,5855,791355,2014200
2340,283,297,202507,5841,791652,2102200
2341,314,284,202193,5871,791936,2005900
2342,275,270,201918,5876,792206,2111100
2343,290,306,201628,5860,792512,2120000
2344,300,296,201328,5864,792808,2069200
2345,275,301,201053,5838,793109,2054200
2346,273,294,200780,5817,793403,1992800
2347,267,272,200513,5812,793675,1946000
2348,287,285,200226,5814,793960,1922900
2349,313,302,199913,5825,794262,1862400
2350,290,297,199623,5818,794559,1903000
2351,270,295,199353,5793,794854,2076800
2352,285,289,199068,5789,795143,1918200
2353,262,288,198806,5763,795431,1943400
2354,266,263,198540,5766,795694,1887500
2355,281,294,198259,5753,795988,2167800
2356,264,262,197995,5755,796250,2371300
2357,249,283,197746,5721,796533,2748500
2358,276,270,197470,5727,796803,2731800
2359,310,288,197160,5749,797091,2751400
2360,288,282,196872,5755,797373,2281100
2361,308,272,196564,5791,797645,2107900
2362,253,289,196311,5755,797934,2062700
2363,276,334,196035,5697,798268,2097100
2364,259,306,195776,5650,798574,2128700
2365,291,250,195485,5691,798824,2026000
2366,281,286,195204,5686,799110,2094600
2367,269,303,194935,5652,799413,1958100
2368,290,269,194645,5673,799682,1983700
2369,286,289,194359,5670,799971,1945100
2370,279,274,194080,5675,800245,1973000
2371,291,258,193789,5708,800503,1946400
2372,285,281,193504,5712,800784,2070700
2373,261,286,193243,5687,801070,2150900
2374,260,313,192983,5634,801383,2033000
2375,279,287,192704,5626,801670,1937500
2376,313,280,192391,5659,801950,1830900
2377,272,280,192119,5651,802230,2029400
2378,293,275,191826,5669,802505,1943700
2379,290,251,191536,5708,802756,2061200
2380,307,270,191229,5745,803026,1942600
2381,273,287,190956,5731,803313,1984200
2382,326,303,190630,5754,803616,1922500
2383,272,293,190358,5733,803909,1875300
2384,260,286,190098,5707,804195,2054500
2385,278,308,189820,5677,804503,1843400
2386,278,294,189542,5661,804797,1980700
2387,269,291,189273,5639,805088,1853000
2388,301,283,188972,5657,805371,2306900
2389,296,285,188676,5668,805656,1851400
2390,312,269,188364,5711,805925,2010000
2391,270,268,188094,5713,806193,2012400
2392,310,283,187784,5740,806476,1872200
2393,292,288,187492,5744,806764,1816400
2394,288,264,187204,5768,807028,1941800
2395,291,297,186913,5762,807325,1859600
2396,275,263,186638,5774,807588,2183500
2397,279,301,186359,5752,807889,2106700
2398,296,301,186063,5747,808190,1953500
2399,286,283,185777,5750,808473,1851500
2400,295,275,185482,5770,808748,1964900
2401,256,288,185226,5738,809036,1966500
2402,277,334,184949,5681,809370,1885500
2403,273,274,184676,5680,809644,1927800
2404,268,269,184408,5679,809913,2066000
2405,291,285,184117,5685,810198,4557900
2406,279,295,183838,5669,810493,2639300
2407,271,283,183567,5657,810776,2194900
2408,275,315,183292,5617,811091,2312000
2409,263,292,183029,5588,811383,2068600
2410,269,248,182760,5609,811631,2202500
2411,290,305,182470,5594,811936,2475800
2412,262,263,182208,5593,812199,2270300
2413,283,281,181925,5595,812480,2063400
2414,291,267,181634,5619,812747,2198000
2415,307,261,181327,5665,813008,2048500
2416,287,283,181040,5669,813291,1952200
2417,293,280,180747,5682,813571,2045600
2418,282,270,180465,5694,813841,1985900
2419,291,286,180174,5699,814127,1947700
2420,273,307,179901,5665,814434,1935900
2421,306,276,179595,5695,814710,2187500
2422,275,285,179320,5685,814995,1955100
2423,288,292,179032,5681,815287,2029300
2424,291,276,178741,5696,815563,1921200
2425,287,272,178454,5711,815835,1995300
2426,281,257,178173,5735,816092,2098600
2427,297,293,177876,5739,816385,2065400
2428,284,283,177592,5740,816668,3766000
2429,291,275,177301,5756,816943,2745300
2430,278,301,177023,5733,817244,2610800
2431,283,301,176740,5715,817545,2121100
2432,303,282,176437,5736,817827,2043000
2433,279,282,176158,5733,818109,2327300
2434,278,278,175880,5733,818387,2112100
2435,277,269,175603,5741,818656,2274800
2436,278,259,175325,5760,818915,2048100
2437,286,296,175039,5750,819211,2074200
2438,291,307,174748,5734,819518,1954400
2439,301,254,174447,5781,819772,2133900
2440,257,272,174190,5766,820044,2145000
2441,273,278,173917,5761,820322,1929000
2442,287,293,173630,5755,820615,1978200
2443,277,282,173353,5750,820897,2054900
2444,315,304,173038,5761,821201,1917800
2445,274,290,172764,5745,821491,2039500
2446,269,280,172495,5734,821771,1864200
2447,291,320,172204,5705,822091,1851000
2448,308,284,171896,5729,822375,1898300
2449,249,279,171647,5699,822654,1968900
2450,249,285,171398,5663,822939,2081300
2451,245,315,171153,5593,823254,3143900
2452,249,292,170904,5550,823546,3254400
2453,272,279,170632,5543,823825,2230500
2454,248,300,170384,5491,824125,2373600
2455,241,287,170143,5445,824412,2120000
2456,241,272,169902,5414,824684,2014100
2457,257,281,169645,5390,824965,2061800
2458,268,243,169377,5415,825208,2085300
2459,242,278,169135,5379,825486,2270300
2460,246,266,168889,5359,825752,1945000
2461,224,267,168665,5316,826019,1982900
2462,250,274,168415,5292,826293,2151000
2463,257,250,168158,5299,826543,1960600
2464,227,260,167931,5266,826803,1920400
2465,244,248,167687,5262,827051,2044500
2466,252,284,167435,5230,827335,1982000
2467,234,227,167201,5237,827562,2251600
2468,215,249,166986,5203,827811,2047400
2469,241,302,166745,5142,828113,1928700
2470,244,242,166501,5144,828355,1893000
2471,241,263,166260,5122,828618,1899500
2472,243,240,166017,5125,828858,2179600
2473,278,275,165739,5128,829133,2005300
2474,272,248,165467,5152,829381,1962700
2475,226,278,165241,5100,829659,2170800
2476,226,259,165015,5067,829918,2055000
2477,276,259,164739,5084,830177,1995200
2478,245,241,164494,5088,830418,2123200
2479,253,244,164241,5097,830662,2061400
2480,270,286,163971,5081,830948,2003100
2481,276,289,163695,5068,831237,1972400
2482,285,239,163410,5114,831476,1974700
2483,240,236,163170,5118,831712,1909300
2484,267,249,162903,5136,831961,2080500
2485,258,264,162645,5130,832225,2532000
2486,269,259,162376,5140,832484,2388600
2487,265,283,162111,5122,832767,1925200
2488,290,258,161821,5154,833025,2021400
2489,283,245,161538,5192,833270,2325300
2490,264,266,161274,5190,833536,1924000
2491,270,244,161004,5216,833780,1902500
2492,265,266,160739,5215,834046,1991200
2493,271,255,160468,5231,834301,1893900
2494,248,270,160220,5209,834571,1897200
2495,261,298,159959,5172,834869,1832200
2496,253,267,159706,5158,835136,1907200
2497,224,265,159482,5117,835401,2144000
2498,254,247,159228,5124,835648,2115300
2499,257,263,158971,5118,835911,2016500
2500,272,253,158699,5137,836164,2105300
2501,265,238,158434,5164,836402,2001600
2502,287,285,158147,5166,836687,1896500
2503,250,253,157897,5163,836940,1931300
2504,251,269,157646,5145,837209,2029800
2505,259,257,157387,5147,837466,1826800
2506,281,250,157106,5178,837716,1846800
2507,284,267,156822,5195,837983,1824700
2508,274,253,156548,5216,838236,1909200
2509,258,286,156290,5188,838522,1859200
2510,259,291,156031,5156,838813,2150200
2511,278,276,155753,5158,839089,2095800
2512,262,236,155491,5184,839325,1845700
2513,280,256,155211,5208,839581,1833000
2514,266,253,154945,5221,839834,1875800
2515,275,263,154670,5233,840097,1865500
2516,247,242,154423,5238,840339,2087900
2517,277,239,154146,5276,840578,2013000
2518,250,247,153896,5279,840825,1904100
2519,281,247,153615,5313,841072,1886500
2520,256,235,153359,5334,841307,1880400
2521,277,260,153082,5351,841567,1870600
2522,255,278,152827,5328,841845,1855900
2523,268,271,152559,5325,842116,1946200
2524,281,274,152278,5332,842390,2190700
2525,263,260,152015,5335,842650,1971400
2526,243,279,151772,5299,842929,1952200
2527,286,253,151486,5332,843182,2097900
2528,234,249,151252,5317,843431,1980100
2529,267,293,150985,5291,843724,2108100
2530,258,231,150727,5318,843955,1946700
2531,273,257,150454,5334,844212,1987200
2532,286,260,150168,5360,844472,2134200
2533,276,278,149892,5358,844750,1934100
2534,267,275,149625,5350,845025,2141100
2535,249,293,149376,5306,845318,1905900
2536,250,245,149126,5311,845563,2117800
2537,254,262,148872,5303,845825,2032300
2538,282,277,148590,5308,846102,1869200
2539,256,261,148334,5303,846363,1847300
2540,256,251,148078,5308,846614,1886800
2541,262,246,147816,5324,846860,1837600
2542,268,292,147548,5300,847152,1845200
2543,257,251,147291,5306,847403,1865500
2544,261,265,147030,5302,847668,2024800
2545,261,265,146769,5298,847933,1859200
2546,265,292,146504,5271,848225,1877700
2547,246,262,146258,5255,848487,1843500
2548,252,249,146006,5258,848736,1929500
2549,252,242,145754,5268,848978,1881100
2550,237,284,145517,5221,849262,2055300
2551,257,271,145260,5207,849533,1988800
2552,266,271,144994,5202,849804,1865400
2553,236,236,144758,5202,850040,2024700
2554,252,264,144506,5190,850304,1888700
2555,240,239,144266,5191,850543,1878700
2556,239,267,144027,5163,850810,1898700
2557,260,259,143767,5164,851069,1856000
2558,248,238,143519,5174,851307,2010900
2559,276,254,143243,5196,851561,1869100
2560,242,293,143001,5145,851854,1914600
2561,255,291,142746,5109,852145,1858200
2562,255,244,142491,5120,852389,1836900
2563,247,247,142244,5120,852636,1805600
2564,253,243,141991,5130,852879,1806600
2565,240,246,141751,5124,853125,1810400
2566,229,269,141522,5084,853394,1814300
2567,237,231,141285,5090,853625,1845100
2568,238,235,141047,5093,853860,1828500
2569,234,248,140813,5079,854108,1793200
2570,265,247,140548,5097,854355,1782600
2571,234,275,140314,5056,854630,1822200
2572,220,254,140094,5022,854884,1806200
2573,232,232,139862,5022,855116,1827600
2574,241,236,139621,5027,855352,1812500
2575,227,255,139394,4999,855607,1819600
2576,257,232,139137,5024,855839,1803800
2577,239,250,138898,5013,856089,1815200
2578,214,259,138684,4968,856348,1799100
2579,249,234,138435,4983,856582,1830000
2580,242,254,138193,4971,856836,1798800
2581,233,273,137960,4931,857109,1816500
2582,241,245,137719,4927,857354,1783800
2583,245,229,137474,4943,857583,1812300
2584,265,239,137209,4969,857822,1843900
2585,212,274,136997,4907,858096,1843300
2586,250,258,136747,4899,858354,1799900
2587,228,265,136519,4862,858619,1914700
2588,232,240,136287,4854,858859,1848200
2589,231,263,136056,4822,859122,1859100
2590,222,252,135834,4792,859374,1852000
2591,247,250,135587,4789,859624,1838600
2592,215,248,135372,4756,859872,1816200
2593,236,223,135136,4769,860095,1837300
2594,234,231,134902,4772,860326,1822300
2595,229,261,134673,4740,860587,1805800
2596,222,233,134451,4729,860820,1834000
2597,237,256,134214,4710,861076,1772600
2598,205,236,134009,4679,861312,1854100
2599,192,238,133817,4633,861550,1782200
2600,240,228,133577,4645,861778,1795500
2601,222,221,133355,4646,861999,1818000
2602,219,246,133136,4619,862245,1804700
2603,219,216,132917,4622,862461,1783000
2604,256,210,132661,4668,862671,1831600
2605,231,225,132430,4674,862896,1809300
2606,223,194,132207,4703,863090,1814000
2607,229,231,131978,4701,863321,1990100
2608,222,226,131756,4697,863547,1795400
2609,246,238,131510,4705,863785,1825000
2610,236,235,131274,4706,864020,1802800
2611,224,259,131050,4671,864279,1800600
2612,239,222,130811,4688,864501,1723000
2613,249,241,130562,4696,864742,1772600
2614,240,215,130322,4721,864957,1748900
2615,240,248,130082,4713,865205,2028600
2616,242,245,129840,4710,865450,1778100
2617,228,251,129612,4687,865701,1808100
2618,216,242,129396,4661,865943,1774900
2619,227,245,129169,4643,866188,1834600
2620,223,251,128946,4615,866439,1775000
2621,246,235,128700,4626,866674,1778600
2622,235,229,128465,4632,866903,1770900
2623,222,226,128243,4628,867129,1830900
2624,247,244,127996,4631,867373,1792700
2625,214,241,127782,4604,867614,1751800
2626,217,255,127565,4566,867869,1794500
2627,249,216,127316,4599,868085,1821300
2628,234,222,127082,4611,868307,1836100
2629,250,235,126832,4626,868542,1809200
2630,230,231,126602,4625,868773,1760700
2631,255,211,126347,4669,868984,1734100
2632,216,236,126131,4649,869220,2042500
2633,238,213,125893,4674,869433,1814500
2634,237,232,125656,4679,869665,1725200
2635,238,199,125418,4718,869864,1779600
2636,236,235,125182,4719,870099,1795000
2637,249,207,124933,4761,870306,1826300
2638,252,242,124681,4771,870548,1880900
2639,215,224,124466,4762,870772,2039000
2640,252,224,124214,4790,870996,1765300
2641,229,220,123985,4799,871216,1760700
2642,233,252,123752,4780,871468,1959700
2643,222,241,123530,4761,871709,1786400
2644,252,228,123278,4785,871937,1792200
2645,231,235,123047,4781,872172,1744400
2646,212,232,122835,4761,872404,1820000
2647,247,225,122588,4783,872629,1767400
2648,242,238,122346,4787,872867,1958500
2649,249,244,122097,4792,873111,1719200
2650,224,249,121873,4767,873360,1830000
2651,221,219,121652,4769,873579,1834300
2652,235,253,121417,4751,873832,1827200
2653,205,256,121212,4700,874088,1785500
2654,258,214,120954,4744,874302,1756800
2655,227,244,120727,4727,874546,1743400
2656,234,244,120493,4717,874790,1714900
2657,246,207,120247,4756,874997,2063600
2658,201,229,120046,4728,875226,1804600
2659,251,240,119795,4739,875466,1804300
2660,216,260,119579,4695,875726,1803700
2661,255,236,119324,4714,875962,1784700
2662,210,252,119114,4672,876214,1703800
2663,231,227,118883,4676,876441,1804100
2664,264,208,118619,4732,876649,1972900
2665,267,258,118352,4741,876907,1753100
2666,251,256,118101,4736,877163,1813000
2667,231,238,117870,4729,877401,2230200
2668,254,251,117616,4732,877652,2110600
2669,243,246,117373,4729,877898,1909700
2670,232,224,117141,4737,878122,2046900
2671,268,236,116873,4769,878358,1850200
2672,256,236,116617,4789,878594,1790600
2673,227,244,116390,4772,878838,1807600
2674,263,238,116127,4797,879076,1740400
2675,246,230,115881,4813,879306,1796700
2676,257,225,115624,4845,879531,1828300
2677,232,243,115392,4834,879774,1794500
2678,235,253,115157,4816,880027,1799300
2679,262,244,114895,4834,880271,1808900
2680,267,246,114628,4855,880517,1771600
2681,247,257,114381,4845,880774,1789600
2682,245,223,114136,4867,880997,1813300
2683,263,252,113873,4878,881249,1805600
2684,222,227,113651,4873,881476,1940300
2685,234,249,113417,4858,881725,1952400
2686,228,231,113189,4855,881956,1901600
2687,232,244,112957,4843,882200,1870100
2688,264,231,112693,4876,882431,1912900
2689,237,236,112456,4877,882667,1841600
2690,254,240,112202,4891,882907,1831000
2691,246,229,111956,4908,883136,1862200
2692,258,249,111698,4917,883385,2049700
2693,248,268,111450,4897,883653,1907600
2694,259,241,111191,4915,883894,1879600
2695,227,258,110964,4884,884152,1860500
2696,208,220,110756,4872,884372,1889600
2697,243,235,110513,4880,884607,1965400
2698,224,254,110289,4850,884861,2344600
2699,211,251,110078,4810,885112,2025600
2700,233,245,109845,4798,885357,1941000
2701,209,244,109636,4763,885601,1841400
2702,229,221,109407,4771,885822,1947900
2703,218,261,109189,4728,886083,1798700
2704,236,219,108953,4745,886302,1925900
2705,243,249,108710,4739,886551,1787100
2706,238,233,108472,4744,886784,1784400
2707,236,241,108236,4739,887025,1791100
2708,240,234,107996,4745,887259,1806700
2709,246,235,107750,4756,887494,1780300
2710,207,243,107543,4720,887737,1750000
2711,215,224,107328,4711,887961,1778100
2712,226,243,107102,4694,888204,1850500
2713,200,195,106902,4699,888399,1772200
2714,206,250,106696,4655,888649,1812700
2715,217,261,106479,4611,888910,1772700
2716,208,227,106271,4592,889137,1880500
2717,192,246,106079,4538,889383,1815300
2718,223,227,105856,4534,889610,1845500
2719,207,225,105649,4516,889835,1745400
2720,245,226,105404,4535,890061,1780400
2721,207,232,105197,4510,890293,1751800
2722,231,200,104966,4541,890493,1738100
2723,252,229,104714,4564,890722,1831600
2724,251,239,104463,4576,890961,1755400
2725,224,240,104239,4560,891201,1839600
2726,231,221,104008,4570,891422,1823700
2727,254,208,103754,4616,891630,1835000
2728,231,262,103523,4585,891892,1787100
2729,245,228,103278,4602,892120,1929500
2730,254,236,103024,4620,892356,1824700
2731,229,245,102795,4604,892601,1827000
2732,238,211,102557,4631,892812,1820800
2733,245,224,102312,4652,893036,1802800
2734,249,208,102063,4693,893244,1800300
2735,257,233,101806,4717,893477,1912000
2736,240,245,101566,4712,893722,1800800
2737,235,229,101331,4718,893951,1732700
2738,239,263,101092,4694,894214,2230100
2739,230,228,100862,4696,894442,1752900
2740,234,259,100628,4671,894701,1766600
2741,216,229,100412,4658,894930,1882100
2742,221,240,100191,4639,895170,1803800
2743,249,210,99942,4678,895380,1803000
2744,225,226,99717,4677,895606,1796100
2745,243,235,99474,4685,895841,1821800
2746,212,237,99262,4660,896078,1798100
2747,226,204,99036,4682,896282,1835800
2748,226,244,98810,4664,896526,1870900
2749,231,234,98579,4661,896760,1803100
2750,238,232,98341,4667,896992,1760600
2751,214,216,98127,4665,897208,2115300
2752,199,255,97928,4609,897463,1895000
2753,243,266,97685,4586,897729,2336400
2754,232,240,97453,4578,897969,1847500
2755,246,235,97207,4589,898204,1812300
2756,211,227,96996,4573,898431,1783300
2757,218,203,96778,4588,898634,1921400
2758,214,238,96564,4564,898872,1820300
2759,211,216,96353,4559,899088,1805600
2760,225,209,96128,4575,899297,1780800
2761,219,217,95909,4577,899514,1841100
2762,216,212,95693,4581,899726,1766800
2763,232,218,95461,4595,899944,2078600
2764,239,226,95222,4608,900170,1845600
2765,244,242,94978,4610,900412,2196900
2766,230,237,94748,4603,900649,2025100
2767,237,234,94511,4606,900883,1914600
2768,249,235,94262,4620,901118,1792100
2769,267,251,93995,4636,901369,1840300
2770,216,216,93779,4636,901585,1920900
2771,250,213,93529,4673,901798,1784800
2772,220,250,93309,4643,902048,1770200
2773,207,210,93102,4640,902258,1784900
2774,244,243,92858,4641,902501,1964600
2775,230,225,92628,4646,902726,1802600
2776,229,225,92399,4650,902951,1829500
2777,217,224,92182,4643,903175,1791400
2778,196,210,91986,4629,903385,1775300
2779,230,213,91756,4646,903598,1774500
2780,230,215,91526,4661,903813,1781300
2781,232,212,91294,4681,904025,1826900
2782,247,229,91047,4699,904254,1781000
2783,240,234,90807,4705,904488,2078500
2784,228,247,90579,4686,904735,1723300
2785,203,248,90376,4641,904983,2086400
2786,235,241,90141,4635,905224,1956000
2787,251,202,89890,4684,905426,1780000
2788,202,233,89688,4653,905659,1764700
2789,239,252,89449,4640,905911,1797600
2790,217,229,89232,4628,906140,1776100
2791,241,239,88991,4630,906379,1788700
2792,214,235,88777,4609,906614,1804100
2793,213,228,88564,4594,906842,1843100
2794,199,238,88365,4555,907080,1793700
2795,224,248,88141,4531,907328,1784100
2796,238,215,87903,4554,907543,1766900
2797,204,228,87699,4530,907771,1721900
2798,220,235,87479,4515,908006,1871900
2799,231,221,87248,4525,908227,1758300
2800,189,214,87059,4500,908441,1775500
2801,235,229,86824,4506,908670,1846700
2802,202,220,86622,4488,908890,1731500
2803,216,217,86406,4487,909107,1748800
2804,199,212,86207,4474,909319,1968900
2805,237,237,85970,4474,909556,1774200
2806,207,241,85763,4440,909797,2124000
2807,225,229,85538,4436,910026,1778000
2808,220,210,85318,4446,910236,1887000
2809,198,205,85120,4439,910441,1788700
2810,216,207,84904,4448,910648,2017100
2811,172,247,84732,4373,910895,1837700
2812,239,207,84493,4405,911102,1767200
2813,218,214,84275,4409,911316,1786000
2814,224,219,84051,4414,911535,2088900
2815,212,218,83839,4408,911753,1757300
2816,202,225,83637,4385,911978,1752800
2817,204,237,83433,4352,912215,1722400
2818,212,198,83221,4366,912413,1817000
2819,215,218,83006,4363,912631,1934800
2820,241,224,82765,4380,912855,1868800
2821,216,255,82549,4341,913110,1725600
2822,220,216,82329,4345,913326,1769600
2823,206,207,82123,4344,913533,1812400
2824,213,213,81910,4344,913746,1821900
2825,209,223,81701,4330,913969,1722100
2826,212,228,81489,4314,914197,1713500
2827,188,201,81301,4301,914398,1728400
2828,207,226,81094,4282,914624,1903600
2829,208,196,80886,4294,914820,1767200
2830,186,223,80700,4257,915043,1777900
2831,236,220,80464,4273,915263,1771000
2832,203,195,80261,4281,915458,1763200
2833,213,199,80048,4295,915657,1835000
2834,217,238,79831,4274,915895,1760000
2835,195,227,79636,4242,916122,1754300
2836,207,192,79429,4257,916314,1751000
2837,193,225,79236,4225,916539,2124600
2838,229,195,79007,4259,916734,1771500
2839,206,208,78801,4257,916942,1885100
2840,199,217,78602,4239,917159,1816000
2841,192,221,78410,4210,917380,1769700
2842,231,219,78179,4222,917599,1722800
2843,197,204,77982,4215,917803,1822000
2844,207,226,77775,4196,918029,1812400
2845,208,221,77567,4183,918250,1711200
2846,218,227,77349,4174,918477,1774600
2847,221,203,77128,4192,918680,1751000
2848,229,211,76899,4210,918891,1736100
2849,215,211,76684,4214,919102,1745600
2850,221,218,76463,4217,919320,1975700
2851,214,226,76249,4205,919546,1749600
2852,212,192,76037,4225,919738,1748200
2853,201,238,75836,4188,919976,2010500
2854,188,212,75648,4164,920188,1844900
2855,201,185,75447,4180,920373,1792300
2856,207,206,75240,4181,920579,1750500
2857,194,207,75046,4168,920786,1710600
2858,205,222,74841,4151,921008,1829300
2859,222,197,74619,4176,921205,1893300
2860,213,209,74406,4180,921414,1776600
2861,222,206,74184,4196,921620,1779400
2862,193,220,73991,4169,921840,1730600
2863,192,197,73799,4164,922037,1757300
2864,233,227,73566,4170,922264,1792100
2865,215,213,73351,4172,922477,1738900
2866,210,213,73141,4169,922690,1754200
2867,224,224,72917,4169,922914,1850000
2868,207,225,72710,4151,923139,1787900
2869,216,204,72494,4163,923343,1931900
2870,225,223,72269,4165,923566,1926400
2871,207,201,72062,4171,923767,1765200
2872,208,195,71854,4184,923962,1754400
2873,212,193,71642,4203,924155,1747400
2874,217,209,71425,4211,924364,1758200
2875,209,214,71216,4206,924578,1777200
2876,233,216,70983,4223,924794,1992900
2877,217,218,70766,4222,925012,1911100
2878,210,192,70556,4240,925204,1954000
2879,208,216,70348,4232,925420,1906400
2880,217,215,70131,4234,925635,1907200
2881,222,212,69909,4244,925847,1954400
2882,192,205,69717,4231,926052,1897300
2883,224,206,69493,4249,926258,1922100
2884,213,228,69280,4234,926486,1940900
2885,201,203,69079,4232,926689,1884600
2886,199,226,68880,4205,926915,1930400
2887,197,209,68683,4193,927124,1929400
2888,215,219,68468,4189,927343,1899300
2889,199,236,68269,4152,927579,1903700
2890,219,195,68050,4176,927774,1853800
2891,221,189,67829,4208,927963,1863100
2892,246,213,67583,4241,928176,2172400
2893,188,202,67395,4227,928378,2205400
2894,209,209,67186,4227,928587,1932600
2895,243,223,66943,4247,928810,1979800
2896,185,205,66758,4227,929015,1948700
2897,223,229,66535,4221,929244,2078100
2898,222,215,66313,4228,929459,1935100
2899,209,247,66104,4190,929706,2113700
2900,198,232,65906,4156,929938,1957900
2901,214,197,65692,4173,930135,1968300
2902,220,216,65472,4177,930351,2199200
2903,203,221,65269,4159,930572,2201300
2904,208,209,65061,4158,930781,2000000
2905,226,210,64835,4174,930991,1971900
2906,184,220,64651,4138,931211,1924200
2907,204,202,64447,4140,931413,1944000
2908,214,209,64233,4145,931622,1999600
2909,211,190,64022,4166,931812,1911700
2910,209,193,63813,4182,932005,2039900
2911,223,214,63590,4191,932219,1912700
2912,208,199,63382,4200,932418,1887000
2913,207,223,63175,4184,932641,2051200
2914,203,218,62972,4169,932859,1987300
2915,220,209,62752,4180,933068,1881900
2916,217,210,62535,4187,933278,2167600
2917,202,226,62333,4163,933504,3408400
2918,220,218,62113,4165,933722,2097400
2919,226,198,61887,4193,933920,1899000
2920,217,215,61670,4195,934135,1923700
2921,215,196,61455,4214,934331,1968600
2922,224,202,61231,4236,934533,1937600
2923,217,195,61014,4258,934728,1901700
2924,217,214,60797,4261,934942,1938200
2925,210,222,60587,4249,935164,1858500
2926,210,202,60377,4257,935366,1801800
2927,209,233,60168,4233,935599,1963000
2928,203,176,59965,4260,935775,1834000
2929,208,228,59757,4240,936003,1853900
2930,233,209,59524,4264,936212,1896400
2931,208,195,59316,4277,936407,1795900
2932,216,200,59100,4293,936607,1820400
2933,223,217,58877,4299,936824,1863700
2934,212,236,58665,4275,937060,1988900
2935,205,220,58460,4260,937280,2302200
2936,198,228,58262,4230,937508,1948800
2937,212,203,58050,4239,937711,1906600
2938,211,208,57839,4242,937919,1876500
2939,210,216,57629,4236,938135,1878600
2940,195,179,57434,4252,938314,1838300
2941,194,212,57240,4234,938526,1954100
2942,213,193,57027,4254,938719,1824500
2943,235,204,56792,4285,938923,2119900
2944,204,205,56588,4284,939128,1834800
2945,220,200,56368,4304,939328,1848800
2946,195,202,56173,4297,939530,1954500
2947,201,245,55972,4253,939775,1871700
2948,217,197,55755,4273,939972,1957300
2949,195,230,55560,4238,940202,2036600
2950,195,210,55365,4223,940412,2033300
2951,168,227,55197,4164,940639,1845300
2952,188,194,55009,4158,940833,1975300
2953,191,217,54818,4132,941050,1875300
2954,188,215,54630,4105,941265,1974600
2955,186,227,54444,4064,941492,1804800
2956,185,201,54259,4048,941693,1758100
2957,181,211,54078,4018,941904,1804900
2958,159,192,53919,3985,942096,1951600
2959,167,193,53752,3959,942289,1787600
2960,169,200,53583,3928,942489,1789500
2961,190,198,53393,3920,942687,2024600
2962,160,183,53233,3897,942870,1910100
2963,172,209,53061,3860,943079,1882500
2964,158,202,52903,3816,943281,1915100
2965,167,188,52736,3795,943469,1825600
2966,155,171,52581,3779,943640,1755000
2967,150,217,52431,3712,943857,1753100
2968,159,187,52272,3684,944044,1808100
2969,159,174,52113,3669,944218,1825500
2970,173,185,51940,3657,944403,1976500
2971,154,168,51786,3643,944571,1816000
2972,150,179,51636,3614,944750,1825800
2973,173,177,51463,3610,944927,1790600
2974,152,184,51311,3578,945111,1815000
2975,146,189,51165,3535,945300,1793700
2976,158,180,51007,3513,945480,1992000
2977,160,152,50847,3521,945632,1826900
2978,132,188,50715,3465,945820,1762300
2979,158,168,50557,3455,945988,1849900
2980,150,175,50407,3430,946163,1802500
2981,145,154,50262,3421,946317,1791700
2982,155,185,50107,3391,946502,1821100
2983,151,171,49956,3371,946673,1756300
2984,148,170,49808,3349,946843,1754300
2985,156,157,49652,3348,947000,1792100
2986,167,190,49485,3325,947190,1815600
2987,147,174,49338,3298,947364,1768600
2988,138,145,49200,3291,947509,1738000
2989,142,152,49058,3281,947661,1752200
2990,153,174,48905,3260,947835,1882800
2991,157,155,48748,3262,947990,1979600
2992,136,168,48612,3230,948158,1798100
2993,133,138,48479,3225,948296,1779100
2994,168,155,48311,3238,948451,1997500
2995,135,143,48176,3230,948594,1987800
2996,140,179,48036,3191,948773,1793000
2997,135,185,47901,3141,948958,1759400
2998,143,134,47758,3150,949092,1811700
2999,130,163,47628,3117,949255,1912100
3000,118,149,47510,3086,949404,1695900
3001,142,141,47368,3087,949545,1692900
3002,135,144,47233,3078,949689,1749000
3003,117,128,47116,3067,949817,1765700
3004,118,170,46998,3015,949987,1755600
3005,128,175,46870,2968,950162,1697300
3006,137,143,46733,2962,950305,1894800
3007,138,126,46595,2974,950431,1731800
3008,107,161,46488,2920,950592,1702000
3009,126,162,46362,2884,950754,1890400
3010,127,137,46235,2874,950891,1727600
3011,121,138,46114,2857,951029,1941900
3012,97,120,46017,2834,951149,1689600
3013,115,138,45902,2811,951287,1979800
3014,135,121,45767,2825,951408,1768900
3015,116,127,45651,2814,951535,1973700
3016,111,131,45540,2794,951666,1800200
3017,129,125,45411,2798,951791,1700300
3018,132,164,45279,2766,951955,1836400
3019,107,140,45172,2733,952095,1801400
3020,122,142,45050,2713,952237,1847900
3021,125,130,44925,2708,952367,1754700
3022,109,144,44816,2673,952511,1700800
3023,145,131,44671,2687,952642,2013700
3024,105,133,44566,2659,952775,1824800
3025,122,113,44444,2668,952888,1871500
3026,131,128,44313,2671,953016,1773400
3027,107,127,44206,2651,953143,1712300
3028,123,132,44083,2642,953275,1801100
3029,128,122,43955,2648,953397,1791700
3030,126,151,43829,2623,953548,1778800
3031,126,132,43703,2617,953680,1767000
3032,120,128,43583,2609,953808,1722300
3033,119,106,43464,2622,953914,1774600
3034,140,123,43324,2639,954037,1737200
3035,123,111,43201,2651,954148,1766600
3036,129,140,43072,2640,954288,1746900
3037,116,94,42956,2662,954382,1786600
3038,99,133,42857,2628,954515,1765400
3039,114,135,42743,2607,954650,1762100
3040,117,128,42626,2596,954778,1696500
3041,115,116,42511,2595,954894,1687100
3042,121,144,42390,2572,955038,1759400
3043,135,130,42255,2577,955168,1698000
3044,136,118,42119,2595,955286,1623000
3045,125,132,41994,2588,955418,1809800
3046,124,133,41870,2579,955551,1810400
3047,131,130,41739,2580,955681,1731100
3048,112,119,41627,2573,955800,1659900
3049,117,135,41510,2555,955935,1803800
3050,117,129,41393,2543,956064,1683600
3051,122,132,41271,2533,956196,1672800
3052,119,106,41152,2546,956302,1821000
3053,108,130,41044,2524,956432,1739200
3054,109,133,40935,2500,956565,1743000
3055,127,114,40808,2513,956679,2042700
3056,108,128,40700,2493,956807,1883200
3057,119,108,40581,2504,956915,1908600
3058,104,121,40477,2487,957036,1871000
3059,99,104,40378,2482,957140,1840500
3060,111,120,40267,2473,957260,2001000
3061,119,141,40148,2451,957401,1722500
3062,105,131,40043,2425,957532,1725100
3063,111,115,39932,2421,957647,2099100
3064,120,107,39812,2434,957754,1672500
3065,111,123,39701,2422,957877,1662400
3066,113,115,39588,2420,957992,1964800
3067,115,140,39473,2395,958132,1777400
3068,99,122,39374,2372,958254,1686500
3069,112,134,39262,2350,958388,1775800
3070,125,97,39137,2378,958485,1802600
3071,121,110,39016,2389,958595,1919100
3072,134,125,38882,2398,958720,2213400
3073,113,106,38769,2405,958826,1827000
3074,120,106,38649,2419,958932,1797800
3075,139,112,38510,2446,959044,1936900
3076,118,111,38392,2453,959155,1641500
3077,136,124,38256,2465,959279,1679000
3078,129,123,38127,2471,959402,1863200
3079,112,125,38015,2458,959527,2086500
3080,134,128,37881,2464,959655,1767000
3081,129,110,37752,2483,959765,1673800
3082,117,132,37635,2468,959897,1740400
3083,125,131,37510,2462,960028,1801300
3084,132,134,37378,2460,960162,2125000
3085,109,142,37269,2427,960304,1817500
3086,97,103,37172,2421,960407,1784400
3087,126,123,37046,2424,960530,2101900
3088,116,140,36930,2400,960670,2031600
3089,125,114,36805,2411,960784,1813500
3090,138,129,36667,2420,960913,1794900
3091,136,118,36531,2438,961031,1751500
3092,130,106,36401,2462,961137,1712700
3093,105,122,36296,2445,961259,1805500
3094,128,114,36168,2459,961373,1742400
3095,106,117,36062,2448,961490,1746400
3096,104,105,35958,2447,961595,2147300
3097,108,107,35850,2448,961702,1882100
3098,118,100,35732,2466,961802,1725500
3099,103,134,35629,2435,961936,1725000
3100,98,105,35531,2428,962041,1711400
3101,113,106,35418,2435,962147,1718500
3102,111,130,35307,2416,962277,1932800
3103,101,129,35206,2388,962406,1834400
3104,113,130,35093,2371,962536,1792900
3105,121,117,34972,2375,962653,1713200
3106,106,114,34866,2367,962767,2058600
3107,120,111,34746,2376,962878,1881300
3108,117,108,34629,2385,962986,1764900
3109,109,112,34520,2382,963098,1850900
3110,116,110,34404,2388,963208,1819800
3111,88,127,34316,2349,963335,1754900
3112,112,138,34204,2323,963473,1756400
3113,110,124,34094,2309,963597,1740700
3114,118,116,33976,2311,963713,1832700
3115,118,107,33858,2322,963820,1956700
3116,108,101,33750,2329,963921,1718300
3117,118,119,33632,2328,964040,1748200
3118,118,85,33514,2361,964125,1959400
3119,114,126,33400,2349,964251,1728500
3120,103,121,33297,2331,964372,1805700
3121,110,121,33187,2320,964493,1808100
3122,99,117,33088,2302,964610,1704000
3123,112,111,32976,2303,964721,1836600
3124,105,112,32871,2296,964833,1762100
3125,111,120,32760,2287,964953,1831300
3126,115,104,32645,2298,965057,1799800
3127,108,128,32537,2278,965185,1750800
3128,102,127,32435,2253,965312,1722500
3129,117,117,32318,2253,965429,1849400
3130,101,96,32217,2258,965525,1782900
3131,98,127,32119,2229,965652,1770600
3132,100,88,32019,2241,965740,1840100
3133,104,126,31915,2219,965866,1716900
3134,90,127,31825,2182,965993,1841700
3135,85,105,31740,2162,966098,1814100
3136,116,107,31624,2171,966205,1716700
3137,101,102,31523,2170,966307,1721500
3138,106,109,31417,2167,966416,1699900
3139,96,94,31321,2169,966510,1982200
3140,96,99,31225,2166,966609,1762800
3141,122,100,31103,2188,966709,1770800
3142,82,107,31021,2163,966816,1729600
3143,113,104,30908,2172,966920,1703000
3144,115,117,30793,2170,967037,1735700
3145,108,110,30685,2168,967147,1718500
3146,94,127,30591,2135,967274,1703500
3147,103,115,30488,2123,967389,1697500
3148,118,98,30370,2143,967487,1685300
3149,100,96,30270,2147,967583,1693400
3150,109,102,30161,2154,967685,1906700
3151,98,115,30063,2137,967800,1886500
3152,113,99,29950,2151,967899,1705400
3153,93,109,29857,2135,968008,1940800
3154,102,113,29755,2124,968121,1736400
3155,100,113,29655,2111,968234,1680000
3156,99,98,29556,2112,968332,1827700
3157,105,114,29451,2103,968446,1678200
3158,91,108,29360,2086,968554,1770800
3159,94,112,29266,2068,968666,1804000
3160,103,114,29163,2057,968780,1899700
3161,90,94,29073,2053,968874,1817300
3162,94,92,28979,2055,968966,2302400
3163,82,93,28897,2044,969059,1817100
3164,90,95,28807,2039,969154,1845200
3165,77,90,28730,2026,969244,1778600
3166,99,118,28631,2007,969362,1728900
3167,78,100,28553,1985,969462,1754800
3168,85,99,28468,1971,969561,1725000
3169,71,91,28397,1951,969652,1764200
3170,72,94,28325,1929,969746,1727400
3171,94,69,28231,1954,969815,1739000
3172,90,90,28141,1954,969905,1820700
3173,78,99,28063,1933,970004,1803500
3174,75,98,27988,1910,970102,1834800
3175,83,92,27905,1901,970194,1726400
3176,89,93,27816,1897,970287,1726300
3177,80,96,27736,1881,970383,1726700
3178,91,97,27645,1875,970480,1783300
3179,72,99,27573,1848,970579,1703600
3180,75,87,27498,1836,970666,1705600
3181,98,71,27400,1863,970737,1808300
3182,81,96,27319,1848,970833,1799400
3183,83,88,27236,1843,970921,1698800
3184,102,94,27134,1851,971015,1707000
3185,87,105,27047,1833,971120,1705800
3186,87,83,26960,1837,971203,1683900
3187,79,85,26881,1831,971288,1684000
3188,94,72,26787,1853,971360,1807300
3189,83,81,26704,1855,971441,1742200
3190,84,106,26620,1833,971547,1669100
3191,91,74,26529,1850,971621,1971300
3192,91,87,26438,1854,971708,1802000
3193,87,77,26351,1864,971785,1796400
3194,97,77,26254,1884,971862,2271800
3195,91,111,26163,1864,971973,1820100
3196,88,87,26075,1865,972060,1792200
3197,92,82,25983,1875,972142,1746300
3198,84,103,25899,1856,972245,1723000
3199,85,92,25814,1849,972337,1669900
3200,79,96,25735,1832,972433,1824600
3201,80,81,25655,1831,972514,2085200
3202,89,94,25566,1826,972608,1914400
3203,78,95,25488,1809,972703,1869800
3204,88,81,25400,1816,972784,1691800
3205,88,94,25312,1810,972878,1676900
3206,70,85,25242,1795,972963,1778100
3207,57,92,25185,1760,973055,1724200
3208,84,90,25101,1754,973145,1822400
3209,76,95,25025,1735,973240,1677900
3210,69,90,24956,1714,973330,1816100
3211,64,105,24892,1673,973435,2032900
3212,80,66,24812,1687,973501,1815000
3213,83,74,24729,1696,973575,1819600
3214,74,88,24655,1682,973663,1925900
3215,56,79,24599,1659,973742,2015900
3216,61,73,24538,1647,973815,1857000
3217,73,82,24465,1638,973897,1710600
3218,76,94,24389,1620,973991,1692400
3219,60,89,24329,1591,974080,1814000
3220,58,81,24271,1568,974161,1704800
3221,58,109,24213,1517,974270,1678100
3222,60,94,24153,1483,974364,1669800
3223,52,77,24101,1458,974441,1769700
3224,53,60,24048,1451,974501,1683800
3225,54,75,23994,1430,974576,1725900
3226,55,69,23939,1416,974645,1790000
3227,63,67,23876,1412,974712,1789600
3228,58,74,23818,1396,974786,1937800
3229,63,71,23755,1388,974857,1798200
3230,44,68,23711,1364,974925,1818100
3231,61,83,23650,1342,975008,1739700
3232,70,65,23580,1347,975073,1734900
3233,65,56,23515,1356,975129,1848600
3234,70,66,23445,1360,975195,2055800
3235,68,77,23377,1351,975272,1760600
3236,57,74,23320,1334,975346,2069700
3237,58,56,23262,1336,975402,1796200
3238,70,73,23192,1333,975475,1792300
3239,67,65,23125,1335,975540,2140800
3240,63,67,23062,1331,975607,1786000
3241,70,63,22992,1338,975670,1816200
3242,51,77,22941,1312,975747,1926200
3243,55,61,22886,1306,975808,1898000
3244,57,73,22829,1290,975881,1947300
3245,81,72,22748,1299,975953,1887300
3246,59,70,22689,1288,976023,1828300
3247,49,70,22640,1267,976093,1665600
3248,77,71,22563,1273,976164,1676300
3249,50,68,22513,1255,976232,1797100
3250,56,66,22457,1245,976298,1792800
3251,61,52,22396,1254,976350,1710000
3252,63,65,22333,1252,976415,1680900
3253,55,54,22278,1253,976469,1689100
3254,45,70,22233,1228,976539,1799000
3255,64,67,22169,1225,976606,1778200
3256,51,57,22118,1219,976663,1714300
3257,54,65,22064,1208,976728,1671300
3258,53,61,22011,1200,976789,1656200
3259,56,57,21955,1199,976846,1798000
3260,55,50,21900,1204,976896,1848900
3261,46,50,21854,1200,976946,1763500
3262,45,45,21809,1200,976991,1703900
3263,48,62,21761,1186,977053,1681100
3264,48,68,21713,1166,977121,1677500
3265,41,70,21672,1137,977191,1770400
3266,59,48,21613,1148,977239,2262500
3267,59,45,21554,1162,977284,1802400
3268,60,62,21494,1160,977346,1793500
3269,44,51,21450,1153,977397,1721000
3270,46,44,21404,1155,977441,1892800
3271,44,61,21360,1138,977502,1629300
3272,38,53,21322,1123,977555,1731200
3273,57,49,21265,1131,977604,1690100
3274,43,60,21222,1114,977664,1781000
3275,44,52,21178,1106,977716,1675400
3276,57,51,21121,1112,977767,1669400
3277,48,52,21073,1108,977819,1667300
3278,45,60,21028,1093,977879,2021400
3279,45,51,20983,1087,977930,1669800
3280,56,46,20927,1097,977976,1786600
3281,47,56,20880,1088,978032,1769500
3282,47,45,20833,1090,978077,1712000
3283,43,60,20790,1073,978137,1665000
3284,53,52,20737,1074,978189,1684400
3285,60,48,20677,1086,978237,1793000
3286,48,54,20629,1080,978291,1665600
3287,40,53,20589,1067,978344,2109100
3288,61,50,20528,1078,978394,1783700
3289,55,49,20473,1084,978443,1748000
3290,46,54,20427,1076,978497,1698400
3291,41,47,20386,1070,978544,1657600
3292,46,66,20340,1050,978610,1668600
3293,42,45,20298,1047,978655,1788400
3294,44,52,20254,1039,978707,1845900
3295,62,40,20192,1061,978747,1783600
3296,41,49,20151,1053,978796,1710900
3297,53,56,20098,1050,978852,1923200
3298,43,66,20055,1027,978918,1704000
3299,31,59,20024,999,978977,1705800
3300,50,55,19974,994,979032,1697000
3301,40,64,19934,970,979096,1809100
3302,36,65,19898,941,979161,1780200
3303,45,43,19853,943,979204,1833500
3304,47,53,19806,937,979257,1749800
3305,29,48,19777,918,979305,1698200
3306,33,54,19744,897,979359,1693100
3307,49,54,19695,892,979413,1805200
3308,41,47,19654,886,979460,1800800
3309,25,54,19629,857,979514,1804000
3310,35,40,19594,852,979554,1773700
3311,37,46,19557,843,979600,1730200
3312,24,34,19533,833,979634,1727700
3313,40,46,19493,827,979680,1697100
3314,36,46,19457,817,979726,1807900
3315,31,38,19426,810,979764,1716000
3316,36,44,19390,802,979808,1700100
3317,28,50,19362,780,979858,1802200
3318,28,27,19334,781,979885,1750600
3319,35,40,19299,776,979925,1728800
3320,32,40,19267,768,979965,1726700
3321,30,43,19237,755,980008,1917500
3322,26,37,19211,744,980045,1884200
3323,29,44,19182,729,980089,1786000
3324,45,49,19137,725,980138,1795200
3325,33,39,19104,719,980177,1795600
3326,33,41,19071,711,980218,1775400
3327,35,30,19036,716,980248,1736400
3328,36,33,19000,719,980281,1696200
3329,34,38,18966,715,980319,1911100
3330,42,31,18924,726,980350,1673200
3331,35,46,18889,715,980396,1664500
3332,25,27,18864,713,980423,1810200
3333,34,36,18830,711,980459,1789200
3334,31,38,18799,704,980497,1753700
3335,38,48,18761,694,980545,1641100
3336,37,25,18724,706,980570,1671300
3337,37,30,18687,713,980600,1785600
3338,30,41,18657,702,980641,1759300
3339,40,33,18617,709,980674,1796000
3340,33,34,18584,708,980708,1754400
3341,29,33,18555,704,980741,1755100
3342,28,50,18527,682,980791,1954000
3343,32,29,18495,685,980820,1676300
3344,25,40,18470,670,980860,1698000
3345,24,32,18446,662,980892,1785100
3346,28,28,18418,662,980920,1989400
3347,23,34,18395,651,980954,1703000
3348,30,29,18365,652,980983,1970100
3349,25,22,18340,655,981005,1824200
3350,23,42,18317,636,981047,1786400
3351,26,38,18291,624,981085,1778500
3352,31,32,18260,623,981117,1747500
3353,28,29,18232,622,981146,1697700
3354,24,22,18208,624,981168,1933700
3355,21,27,18187,618,981195,1691700
3356,23,27,18164,614,981222,1668600
3357,22,37,18142,599,981259,1682400
3358,28,39,18114,588,981298,1786200
3359,31,23,18083,596,981321,1774300
3360,30,32,18053,594,981353,1787500
3361,29,33,18024,590,981386,1779300
3362,27,39,17997,578,981425,1767400
3363,22,30,17975,570,981455,1958600
3364,23,25,17952,568,981480,1793700
3365,27,31,17925,564,981511,1791700
3366,24,29,17901,559,981540,1777400
3367,32,32,17869,559,981572,1778200
3368,31,31,17838,559,981603,1777300
3369,32,27,17806,564,981630,1696100
3370,30,40,17776,554,981670,1687300
3371,24,28,17752,550,981698,1775800
3372,24,34,17728,540,981732,1788700
3373,36,21,17692,555,981753,1773400
3374,30,27,17662,558,981780,1776200
3375,21,23,17641,556,981803,1753600
3376,39,29,17602,566,981832,1750300
3377,27,34,17575,559,981866,1702800
3378,34,22,17541,571,981888,1805000
3379,29,24,17512,576,981912,1739200
3380,30,22,17482,584,981934,2029000
3381,28,34,17454,578,981968,1797800
3382,29,30,17425,577,981998,1712000
3383,29,34,17396,572,982032,2190200
3384,28,24,17368,576,982056,1708600
3385,16,20,17352,572,982076,1782600
3386,24,21,17328,575,982097,1754100
3387,25,33,17303,567,982130,1790400
3388,33,22,17270,578,982152,1779200
3389,24,26,17246,576,982178,1782700
3390,32,20,17214,588,982198,1890200
3391,26,32,17188,582,982230,1819200
3392,30,37,17158,575,982267,1980900
3393,21,26,17137,570,982293,1697400
3394,23,22,17114,571,982315,1795800
3395,29,24,17085,576,982339,1686100
3396,18,30,17067,564,982369,1681600
3397,25,29,17042,560,982398,1775200
3398,22,29,17020,553,982427,1777800
3399,28,17,16992,564,982444,1771000
3400,11,30,16981,545,982474,1908600
3401,18,28,16963,535,982502,1686100
3402,17,26,16946,526,982528,2001500
3403,20,28,16926,518,982556,1787600
3404,14,26,16912,506,982582,1775500
3405,30,30,16882,506,982612,1785000
3406,25,25,16857,506,982637,1781000
3407,14,20,16843,500,982657,1780500
3408,26,30,16817,496,982687,1701900
3409,29,24,16788,501,982711,2124000
3410,15,18,16773,498,982729,1783400
3411,21,31,16752,488,982760,1803400
3412,13,26,16739,475,982786,1789200
3413,21,15,16718,481,982801,1785500
3414,24,20,16694,485,982821,1770700
3415,19,20,16675,484,982841,1792300
3416,22,16,16653,490,982857,1893500
3417,21,34,16632,477,982891,1708800
3418,26,26,16606,477,982917,1777100
3419,14,18,16592,473,982935,1800000
3420,18,29,16574,462,982964,1779700
3421,20,25,16554,457,982989,1777900
3422,16,28,16538,445,983017,1699800
3423,23,18,16515,450,983035,1770600
3424,17,18,16498,449,983053,2345900
3425,18,22,16480,445,983075,1773800
3426,14,25,16466,434,983100,1656600
3427,20,19,16446,435,983119,1622600
3428,17,18,16429,434,983137,1778600
3429,20,19,16409,435,983156,1769500
3430,19,12,16390,442,983168,1777100
3431,15,20,16375,437,983188,1774800
3432,26,25,16349,438,983213,1877500
3433,27,11,16322,454,983224,1686900
3434,10,21,16312,443,983245,1773900
3435,20,16,16292,447,983261,1771500
3436,18,24,16274,441,983285,1770800
3437,14,26,16260,429,983311,1788500
3438,12,22,16248,419,983333,1780400
3439,11,31,16237,399,983364,1802000
3440,14,18,16223,395,983382,1815100
3441,18,17,16205,396,983399,1784600
3442,13,25,16192,384,983424,1753700
3443,12,20,16180,376,983444,1774600
3444,7,25,16173,358,983469,1794000
3445,8,14,16165,352,983483,1801300
3446,5,13,16160,344,983496,1778000
3447,5,20,16155,329,983516,1802900
3448,8,12,16147,325,983528,1667400
3449,11,16,16136,320,983544,1783900
3450,9,22,16127,307,983566,1775200
3451,7,18,16120,296,983584,1778100
3452,15,16,16105,295,983600,2021100
3453,12,17,16093,290,983617,1777900
3454,9,20,16084,279,983637,1762400
3455,13,9,16071,283,983646,1781700
3456,13,19,16058,277,983665,1905400
3457,14,15,16044,276,983680,1778600
3458,8,11,16036,273,983691,1693600
3459,8,18,16028,263,983709,1658400
3460,11,15,16017,259,983724,1652000
3461,8,14,16009,253,983738,1772800
3462,8,12,16001,249,983750,1686200
3463,7,12,15994,244,983762,1709700
3464,2,9,15992,237,983771,1774900
3465,7,11,15985,233,983782,1773500
3466,10,9,15975,234,983791,1769700
3467,10,16,15965,228,983807,1665100
3468,11,10,15954,229,983817,1769200
3469,11,10,15943,230,983827,1802000
3470,7,19,15936,218,983846,1816000
3471,9,6,15927,221,983852,1900900
3472,9,4,15918,226,983856,1794700
3473,9,8,15909,227,983864,1738300
3474,9,10,15900,226,983874,1712700
3475,7,15,15893,218,983889,1712000
3476,13,9,15880,222,983898,1695200
3477,6,15,15874,213,983913,1717700
3478,7,10,15867,210,983923,1686500
3479,7,16,15860,201,983939,1778300
3480,10,10,15850,201,983949,1788300
3481,4,9,15846,196,983958,1786300
3482,7,8,15839,195,983966,1773000
3483,9,7,15830,197,983973,1805800
3484,9,12,15821,194,983985,1946500
3485,8,6,15813,196,983991,1748100
3486,9,5,15804,200,983996,1929300
3487,6,10,15798,196,984006,1783800
3488,5,12,15793,189,984018,1684000
3489,6,6,15787,189,984024,1758700
3490,3,9,15784,183,984033,1759300
3491,7,13,15777,177,984046,1866900
3492,4,8,15773,173,984054,1767100
3493,6,18,15767,161,984072,1955700
3494,7,7,15760,161,984079,1671100
3495,2,14,15758,149,984093,1780700
3496,2,6,15756,145,984099,1684400
3497,5,12,15751,138,984111,1684300
3498,6,5,15745,139,984116,1700500
3499,5,8,15740,136,984124,1767800
3500,8,7,15732,137,984131,1769400
3501,5,7,15727,135,984138,1975100
3502,6,1,15721,140,984139,1750300
3503,3,14,15718,129,984153,1788000
3504,6,9,15712,126,984162,1888700
3505,4,2,15708,128,984164,1773900
3506,5,11,15703,122,984175,1731500
3507,7,10,15696,119,984185,1747500
3508,1,4,15695,116,984189,1784400
3509,7,4,15688,119,984193,1718500
3510,8,9,15680,118,984202,1673900
3511,8,2,15672,124,984204,1761800
3512,7,13,15665,118,984217,1776200
3513,6,5,15659,119,984222,1775500
3514,6,3,15653,122,984225,1777800
3515,4,6,15649,120,984231,1785500
3516,5,9,15644,116,984240,1951200
3517,8,4,15636,120,984244,1784800
3518,5,7,15631,118,984251,1684100
3519,7,4,15624,121,984255,1681300
3520,8,5,15616,124,984260,1800000
3521,7,6,15609,125,984266,1763200
3522,6,11,15603,120,984277,1770000
3523,3,4,15600,119,984281,1800900
3524,7,6,15593,120,984287,1893900
3525,7,9,15586,118,984296,2032800
3526,5,5,15581,118,984301,1669700
3527,6,6,15575,118,984307,1663000
3528,4,13,15571,109,984320,1777300
3529,2,11,15569,100,984331,1757700
3530,4,3,15565,101,984334,1769600
3531,5,6,15560,100,984340,1738900
3532,3,4,15557,99,984344,1687000
3533,3,7,15554,95,984351,1767900
3534,0,6,15554,89,984357,1708400
3535,1,5,15553,85,984362,1765800
3536,0,4,15553,81,984366,1684800
3537,0,5,15553,76,984371,1763000
3538,1,3,15552,74,984374,1788800
3539,0,6,15552,68,984380,1789100
3540,1,2,15551,67,984382,1801600
3541,1,4,15550,64,984386,1646400
3542,2,0,15548,66,984386,2343700
3543,0,2,15548,64,984388,1700700
3544,1,2,15547,63,984390,1890700
3545,1,3,15546,61,984393,1667400
3546,0,3,15546,58,984396,1810500
3547,0,3,15546,55,984399,1658400
3548,0,2,15546,53,984401,1760700
3549,1,3,15545,51,984404,1773500
3550,0,2,15545,49,984406,1690500
3551,0,2,15545,47,984408,1659800
3552,0,2,15545,45,984410,1761700
3553,0,3,15545,42,984413,1917400
3554,0,6,15545,36,984419,1737800
3555,0,5,15545,31,984424,1727700
3556,0,1,15545,30,984425,1773300
3557,0,3,15545,27,984428,1741100
3558,0,2,15545,25,984430,1755100
3559,0,2,15545,23,984432,1755600
3560,0,1,15545,22,984433,1708900
3561,0,3,15545,19,984436,1860300
3562,0,0,15545,19,984436,1786800
3563,0,0,15545,19,984436,1777900
3564,0,1,15545,18,984437,2024000
3565,0,1,15545,17,984438,1752200
3566,0,3,15545,14,984441,1649000
3567,0,1,15545,13,984442,1647700
3568,0,1,15545,12,984443,1646600
3569,0,1,15545,11,984444,1933300
3570,0,1,15545,10,984445,2006200
3571,0,0,15545,10,984445,1968300
3572,0,1,15545,9,984446,1777100
3573,0,1,15545,8,984447,2075400
3574,0,0,15545,8,984447,1847800
3575,0,0,15545,8,984447,2206900
3576,0,0,15545,8,984447,1703700
3577,0,0,15545,8,984447,1663300
3578,0,1,15545,7,984448,1880800
3579,0,0,15545,7,984448,1667000
3580,0,0,15545,7,984448,1642700
3581,0,1,15545,6,984449,1650100
3582,0,0,15545,6,984449,1663600
3583,0,0,15545,6,984449,1716300
3584,0,1,15545,5,984450,1764300
3585,0,1,15545,4,984451,1691000
3586,0,0,15545,4,984451,1682700
3587,0,0,15545,4,984451,1691000
3588,0,0,15545,4,984451,1767100
3589,0,0,15545,4,984451,1647500
3590,0,0,15545,4,984451,1641500
3591,0,1,15545,3,984452,1792000
3592,0,1,15545,2,984453,1738800
3593,0,0,15545,2,984453,1912800
3594,0,0,15545,2,984453,1728100
3595,0,0,15545,2,984453,1639700
3596,0,0,15545,2,984453,1660500
3597,0,0,15545,2,984453,1662300
3598,0,0,15545,2,984453,1692500
3599,0,0,15545,2,984453,1778100
3600,0,1,15545,1,984454,1709400
3601,0,0,15545,1,984454,1680500
3602,0,0,15545,1,984454,1668000
3603,0,0,15545,1,984454,1649700
3604,0,0,15545,1,984454,1642400
3605,0,0,15545,1,984454,1648200
3606,0,0,15545,1,984454,1655500
3607,0,0,15545,1,984454,1773600
3608,0,0,15545,1,984454,1728400
3609,0,0,15545,1,984454,1705300
3610,0,1,15545,0,984455,1735100
