Tick,NewlyInfected,NewlyRecovered,TotalSusceptible,TotalInfected,TotalRecovered,StepTimeNanos
0,2,0,999993,7,0,2594500
1,2,0,999991,9,0,2070600
2,6,1,999985,14,1,2108200
3,8,0,999977,22,1,1994300
4,4,2,999973,24,3,1742300
5,5,2,999968,27,5,1779400
6,4,1,999964,30,6,1841500
7,2,1,999962,31,7,1739300
8,5,1,999957,35,8,1757300
9,10,1,999947,44,9,1735700
10,8,1,999939,51,10,1760700
11,14,1,999925,64,11,1860300
12,14,4,999911,74,15,1786900
13,11,6,999900,79,21,1703200
14,12,4,999888,87,25,1761000
15,12,4,999876,95,29,1712900
16,7,3,999869,99,32,1672300
17,23,4,999846,118,36,1885100
18,13,3,999833,128,39,1722800
19,14,7,999819,135,46,1707000
20,20,8,999799,147,54,1896100
21,17,2,999782,162,56,1763700
22,24,6,999758,180,62,1637800
23,20,5,999738,195,67,1770700
24,16,15,999722,196,82,1683400
25,20,9,999702,207,91,1657700
26,17,10,999685,214,101,1656200
27,21,13,999664,222,114,1633000
28,16,17,999648,221,131,1690800
29,17,11,999631,227,142,1618700
30,19,10,999612,236,152,1677800
31,18,12,999594,242,164,1696800
32,20,12,999574,250,176,2091500
33,16,15,999558,251,191,1777900
34,16,14,999542,253,205,1737600
35,12,13,999530,252,218,1825800
36,19,13,999511,258,231,1749500
37,21,11,999490,268,242,1821500
38,16,13,999474,271,255,1967700
39,21,17,999453,275,272,1732000
40,23,8,999430,290,280,1723400
41,27,21,999403,296,301,1677700
42,27,20,999376,303,321,1672200
43,21,13,999355,311,334,1673300
44,11,16,999344,306,350,1725400
45,18,13,999326,311,363,1948600
46,25,20,999301,316,383,1935200
47,31,15,999270,332,398,1827100
48,33,15,999237,350,413,1816100
49,28,23,999209,355,436,1742700
50,36,10,999173,381,446,2087900
51,29,12,999144,398,458,1749600
52,29,22,999115,405,480,1722700
53,28,20,999087,413,500,1700200
54,28,21,999059,420,521,1728800
55,25,15,999034,430,536,1679800
56,39,18,998995,451,554,1794300
57,29,21,998966,459,575,1657200
58,37,20,998929,476,595,1669200
59,36,22,998893,490,617,1849700
60,38,23,998855,505,640,1762200
61,39,24,998816,520,664,1783200
62,45,23,998771,542,687,1858200
63,26,31,998745,537,718,1977800
64,34,27,998711,544,745,2238100
65,37,37,998674,544,782,1894700
66,30,29,998644,545,811,1912000
67,31,27,998613,549,838,1805600
68,39,37,998574,551,875,1873400
69,25,23,998549,553,898,1821300
70,44,24,998505,573,922,1716100
71,47,30,998458,590,952,1730200
72,42,39,998416,593,991,1734100
73,37,27,998379,603,1018,1723600
74,47,33,998332,617,1051,1691300
75,33,31,998299,619,1082,1703200
76,33,24,998266,628,1106,1739000
77,43,18,998223,653,1124,1806400
78,51,28,998172,676,1152,1753400
79,59,33,998113,702,1185,1730500
80,57,26,998056,733,1211,1751900
81,49,38,998007,744,1249,1695100
82,37,37,997970,744,1286,1691900
83,42,26,997928,760,1312,1699400
84,43,28,997885,775,1340,1716900
85,47,50,997838,772,1390,1675200
86,35,40,997803,767,1430,1708400
87,38,31,997765,774,1461,1750700
88,52,37,997713,789,1498,1730800
89,56,36,997657,809,1534,1682300
90,37,24,997620,822,1558,1932000
91,54,33,997566,843,1591,1778200
92,48,40,997518,851,1631,1743600
93,59,40,997459,870,1671,1735600
94,62,46,997397,886,1717,1668600
95,53,43,997344,896,1760,1749800
96,53,53,997291,896,1813,1751400
97,55,40,997236,911,1853,1700900
98,52,45,997184,918,1898,1685600
99,55,42,997129,931,1940,1682200
100,59,42,997070,948,1982,1884300
101,61,54,997009,955,2036,1820700
102,48,33,996961,970,2069,1778300
103,61,48,996900,983,2117,1692500
104,46,43,996854,986,2160,1795900
105,49,55,996805,980,2215,1730000
106,46,48,996759,978,2263,1749900
107,53,54,996706,977,2317,1798800
108,58,51,996648,984,2368,1749600
109,60,46,996588,998,2414,1797900
110,62,63,996526,997,2477,1889300
111,59,49,996467,1007,2526,1826800
112,63,57,996404,1013,2583,1781700
113,66,57,996338,1022,2640,1795800
114,69,56,996269,1035,2696,1717100
115,72,53,996197,1054,2749,1846800
116,66,52,996131,1068,2801,1912400
117,63,60,996068,1071,2861,1747200
118,71,49,995997,1093,2910,1890200
119,61,58,995936,1096,2968,1754300
120,68,58,995868,1106,3026,1839100
121,62,73,995806,1095,3099,1883200
122,60,48,995746,1107,3147,1781500
123,69,47,995677,1129,3194,1733900
124,69,67,995608,1131,3261,1997700
125,70,53,995538,1148,3314,1735500
126,80,60,995458,1168,3374,1780100
127,65,47,995393,1186,3421,1821900
128,64,50,995329,1200,3471,1748000
129,78,65,995251,1213,3536,1810400
130,80,57,995171,1236,3593,1767900
131,65,67,995106,1234,3660,1755000
132,85,64,995021,1255,3724,1711900
133,93,78,994928,1270,3802,2040800
134,76,60,994852,1286,3862,1841100
135,82,68,994770,1300,3930,1755700
136,85,67,994685,1318,3997,1727800
137,102,65,994583,1355,4062,1777100
138,74,67,994509,1362,4129,1766000
139,79,79,994430,1362,4208,1680900
140,84,70,994346,1376,4278,1761400
141,86,69,994260,1393,4347,1796400
142,94,70,994166,1417,4417,1738400
143,91,56,994075,1452,4473,1776200
144,83,62,993992,1473,4535,1736200
145,93,77,993899,1489,4612,1732900
146,106,68,993793,1527,4680,1761100
147,96,69,993697,1554,4749,1833000
148,96,84,993601,1566,4833,1799700
149,88,82,993513,1572,4915,1762600
150,74,80,993439,1566,4995,1708600
151,103,77,993336,1592,5072,1966100
152,84,87,993252,1589,5159,1728300
153,89,96,993163,1582,5255,1731200
154,90,88,993073,1584,5343,1716600
155,101,73,992972,1612,5416,2076400
156,109,77,992863,1644,5493,1806100
157,93,91,992770,1646,5584,1958700
158,110,70,992660,1686,5654,1869000
159,95,92,992565,1689,5746,1668400
160,103,85,992462,1707,5831,1643300
161,89,64,992373,1732,5895,1769600
162,105,89,992268,1748,5984,1758700
163,97,75,992171,1770,6059,1906100
164,103,104,992068,1769,6163,1658900
165,87,105,991981,1751,6268,1692900
166,105,73,991876,1783,6341,2044300
167,92,78,991784,1797,6419,1761100
168,104,107,991680,1794,6526,1692700
169,124,85,991556,1833,6611,1701000
170,90,93,991466,1830,6704,1680600
171,101,96,991365,1835,6800,1717900
172,95,111,991270,1819,6911,1889800
173,100,87,991170,1832,6998,1900100
174,120,84,991050,1868,7082,1762700
175,110,95,990940,1883,7177,1737200
176,113,113,990827,1883,7290,1829900
177,118,86,990709,1915,7376,1691500
178,133,96,990576,1952,7472,1631200
179,123,84,990453,1991,7556,1770000
180,133,86,990320,2038,7642,1705900
181,139,102,990181,2075,7744,1686700
182,115,106,990066,2084,7850,1693800
183,127,92,989939,2119,7942,1709300
184,132,125,989807,2126,8067,1703200
185,116,89,989691,2153,8156,1674700
186,109,117,989582,2145,8273,1646600
187,125,131,989457,2139,8404,1692300
188,98,114,989359,2123,8518,1671800
189,120,111,989239,2132,8629,1762800
190,130,101,989109,2161,8730,1701600
191,103,104,989006,2160,8834,1661900
192,121,125,988885,2156,8959,1626300
193,114,103,988771,2167,9062,1694000
194,125,110,988646,2182,9172,1693000
195,120,111,988526,2191,9283,1642400
196,122,103,988404,2210,9386,1863300
197,114,122,988290,2202,9508,1674300
198,125,103,988165,2224,9611,1690000
199,128,122,988037,2230,9733,1714900
200,125,103,987912,2252,9836,1671200
201,123,102,987789,2273,9938,1687800
202,119,111,987670,2281,10049,1635000
203,113,127,987557,2267,10176,1679300
204,120,120,987437,2267,10296,1702300
205,136,122,987301,2281,10418,1899600
206,124,111,987177,2294,10529,1739800
207,130,103,987047,2321,10632,1815200
208,117,102,986930,2336,10734,1762600
209,130,120,986800,2346,10854,1683300
210,135,121,986665,2360,10975,1677700
211,121,103,986544,2378,11078,1744800
212,139,111,986405,2406,11189,1648000
213,107,127,986298,2386,11316,1695700
214,123,121,986175,2388,11437,1826900
215,128,129,986047,2387,11566,1732800
216,126,118,985921,2395,11684,1685200
217,152,113,985769,2434,11797,1718200
218,144,129,985625,2449,11926,1751700
219,131,116,985494,2464,12042,1708400
220,135,143,985359,2456,12185,1748500
221,124,122,985235,2458,12307,1732100
222,126,123,985109,2461,12430,1722000
223,132,140,984977,2453,12570,1885900
224,118,109,984859,2462,12679,1892400
225,134,131,984725,2465,12810,1654000
226,131,106,984594,2490,12916,1847500
227,138,118,984456,2510,13034,1780200
228,127,137,984329,2500,13171,1669500
229,133,121,984196,2512,13292,1657300
230,138,123,984058,2527,13415,1761100
231,147,138,983911,2536,13553,1804000
232,150,113,983761,2573,13666,1750900
233,127,132,983634,2568,13798,1690500
234,134,121,983500,2581,13919,1766900
235,142,122,983358,2601,14041,1791000
236,144,121,983214,2624,14162,2060400
237,139,138,983075,2625,14300,1949600
238,133,137,982942,2621,14437,1677700
239,137,122,982805,2636,14559,1758300
240,164,147,982641,2653,14706,1749000
241,164,151,982477,2666,14857,1823400
242,142,129,982335,2679,14986,1786700
243,144,117,982191,2706,15103,1822600
244,153,152,982038,2707,15255,1788800
245,149,134,981889,2722,15389,1834500
246,160,145,981729,2737,15534,1876500
247,133,148,981596,2722,15682,1893000
248,166,138,981430,2750,15820,2111400
249,151,148,981279,2753,15968,1848800
250,146,130,981133,2769,16098,1976300
251,142,125,980991,2786,16223,2131200
252,164,138,980827,2812,16361,2089000
253,153,146,980674,2819,16507,1981300
254,148,138,980526,2829,16645,1872000
255,166,140,980360,2855,16785,1881700
256,164,163,980196,2856,16948,1879500
257,163,146,980033,2873,17094,1839200
258,186,130,979847,2929,17224,1863200
259,163,144,979684,2948,17368,2051200
260,167,173,979517,2942,17541,1995100
261,158,161,979359,2939,17702,1922100
262,177,152,979182,2964,17854,2103200
263,171,135,979011,3000,17989,1917900
264,147,166,978864,2981,18155,1854000
265,149,160,978715,2970,18315,1826500
266,173,145,978542,2998,18460,1818700
267,161,136,978381,3023,18596,1773100
268,155,155,978226,3023,18751,2085800
269,142,137,978084,3028,18888,1935600
270,177,152,977907,3053,19040,1879800
271,155,139,977752,3069,19179,1809800
272,161,147,977591,3083,19326,1824700
273,156,144,977435,3095,19470,1919700
274,149,172,977286,3072,19642,1860200
275,179,173,977107,3078,19815,1804700
276,139,161,976968,3056,19976,1834000
277,176,159,976792,3073,20135,1896800
278,163,156,976629,3080,20291,1833700
279,179,158,976450,3101,20449,2078900
280,175,170,976275,3106,20619,1879200
281,179,153,976096,3132,20772,1945600
282,174,147,975922,3159,20919,1993900
283,198,136,975724,3221,21055,1836800
284,182,147,975542,3256,21202,1918500
285,199,183,975343,3272,21385,1857200
286,157,161,975186,3268,21546,1829600
287,189,164,974997,3293,21710,1959700
288,170,167,974827,3296,21877,1891500
289,163,164,974664,3295,22041,1884900
290,179,168,974485,3306,22209,1813100
291,197,158,974288,3345,22367,1989600
292,180,164,974108,3361,22531,1804800
293,184,154,973924,3391,22685,1889900
294,196,184,973728,3403,22869,1847200
295,165,179,973563,3389,23048,1899900
296,185,170,973378,3404,23218,1850300
297,180,173,973198,3411,23391,1850600
298,178,169,973020,3420,23560,1809200
299,170,173,972850,3417,23733,1836000
300,170,157,972680,3430,23890,1810300
301,177,181,972503,3426,24071,1882300
302,183,174,972320,3435,24245,1871100
303,182,180,972138,3437,24425,1863800
304,174,205,971964,3406,24630,1853500
305,168,163,971796,3411,24793,1799800
306,173,168,971623,3416,24961,2079700
307,178,139,971445,3455,25100,2062800
308,165,170,971280,3450,25270,1893600
309,182,164,971098,3468,25434,1883200
310,197,167,970901,3498,25601,1943300
311,190,178,970711,3510,25779,1868900
312,191,149,970520,3552,25928,1886100
313,180,190,970340,3542,26118,1860700
314,185,189,970155,3538,26307,1842100
315,176,204,969979,3510,26511,1996700
316,197,190,969782,3517,26701,1865900
317,224,177,969558,3564,26878,1995100
318,189,179,969369,3574,27057,1881300
319,195,192,969174,3577,27249,1914500
320,178,171,968996,3584,27420,1964600
321,185,178,968811,3591,27598,1847700
322,187,167,968624,3611,27765,1860100
323,205,170,968419,3646,27935,1910600
324,180,173,968239,3653,28108,1812400
325,200,189,968039,3664,28297,1838000
326,194,213,967845,3645,28510,1777300
327,181,178,967664,3648,28688,1950400
328,193,200,967471,3641,28888,1820900
329,180,170,967291,3651,29058,1864800
330,187,177,967104,3661,29235,1696100
331,218,197,966886,3682,29432,1867900
332,193,186,966693,3689,29618,1904800
333,206,179,966487,3716,29797,1767500
334,166,177,966321,3705,29974,2135500
335,179,169,966142,3715,30143,1886600
336,204,173,965938,3746,30316,1876400
337,200,196,965738,3750,30512,1768600
338,198,208,965540,3740,30720,1763500
339,211,179,965329,3772,30899,1748500
340,188,197,965141,3763,31096,1939200
341,214,215,964927,3762,31311,1757500
342,205,187,964722,3780,31498,1696200
343,232,195,964490,3817,31693,1954600
344,217,196,964273,3838,31889,1845100
345,213,181,964060,3870,32070,1880700
346,200,182,963860,3888,32252,1748700
347,236,177,963624,3947,32429,1665900
348,204,190,963420,3961,32619,1721400
349,208,240,963212,3929,32859,1823600
350,192,198,963020,3923,33057,1730400
351,199,185,962821,3937,33242,1862400
352,193,186,962628,3944,33428,1679100
353,206,195,962422,3955,33623,1784100
354,203,189,962219,3969,33812,1764000
355,197,183,962022,3983,33995,1729700
356,207,220,961815,3970,34215,1731400
357,207,204,961608,3973,34419,1787400
358,207,238,961401,3942,34657,1755300
359,191,173,961210,3960,34830,1723700
360,232,207,960978,3985,35037,1721600
361,215,194,960763,4006,35231,1717700
362,168,201,960595,3973,35432,1684600
363,188,189,960407,3972,35621,1731400
364,196,203,960211,3965,35824,1694500
365,216,212,959995,3969,36036,1711900
366,196,225,959799,3940,36261,1735000
367,181,219,959618,3902,36480,1931000
368,195,195,959423,3902,36675,1744300
369,208,194,959215,3916,36869,1787900
370,187,194,959028,3909,37063,1753700
371,199,200,958829,3908,37263,1670800
372,204,226,958625,3886,37489,1703700
373,217,175,958408,3928,37664,1759600
374,224,212,958184,3940,37876,1795600
375,201,189,957983,3952,38065,1673600
376,221,196,957762,3977,38261,1686000
377,234,194,957528,4017,38455,1825000
378,215,203,957313,4029,38658,1932600
379,207,211,957106,4025,38869,1960900
380,237,212,956869,4050,39081,1789700
381,251,175,956618,4126,39256,1770100
382,210,187,956408,4149,39443,1889800
383,247,175,956161,4221,39618,2007400
384,223,217,955938,4227,39835,1924700
385,225,199,955713,4253,40034,1947100
386,247,211,955466,4289,40245,1936500
387,218,223,955248,4284,40468,1896400
388,211,216,955037,4279,40684,1895800
389,232,205,954805,4306,40889,2087500
390,235,202,954570,4339,41091,1976400
391,249,200,954321,4388,41291,1864200
392,234,224,954087,4398,41515,2068300
393,221,212,953866,4407,41727,1924500
394,236,232,953630,4411,41959,1937300
395,241,225,953389,4427,42184,1921700
396,245,237,953144,4435,42421,1951000
397,202,222,952942,4415,42643,1974600
398,257,226,952685,4446,42869,1870300
399,227,231,952458,4442,43100,1948900
400,236,238,952222,4440,43338,1887500
401,237,214,951985,4463,43552,1894300
402,249,230,951736,4482,43782,1894200
403,217,219,951519,4480,44001,1880700
404,246,224,951273,4502,44225,1852500
405,239,221,951034,4520,44446,1925500
406,208,236,950826,4492,44682,1892100
407,236,226,950590,4502,44908,1986600
408,222,229,950368,4495,45137,1950600
409,241,233,950127,4503,45370,1889300
410,269,196,949858,4576,45566,1903200
411,245,220,949613,4601,45786,2020400
412,266,242,949347,4625,46028,1933200
413,255,209,949092,4671,46237,1969700
414,262,247,948830,4686,46484,1932300
415,265,246,948565,4705,46730,1902800
416,221,251,948344,4675,46981,1905600
417,246,230,948098,4691,47211,1847900
418,267,245,947831,4713,47456,1932000
419,248,226,947583,4735,47682,2002500
420,231,217,947352,4749,47899,1886600
421,221,252,947131,4718,48151,2016700
422,244,243,946887,4719,48394,2039700
423,248,237,946639,4730,48631,2029700
424,256,229,946383,4757,48860,1994700
425,255,229,946128,4783,49089,2019700
426,246,226,945882,4803,49315,2205800
427,267,240,945615,4830,49555,2047000
428,257,240,945358,4847,49795,1969600
429,258,277,945100,4828,50072,2019600
430,289,233,944811,4884,50305,2021100
431,259,250,944552,4893,50555,2313300
432,259,252,944293,4900,50807,2343600
433,239,251,944054,4888,51058,3028600
434,259,248,943795,4899,51306,2519000
435,244,236,943551,4907,51542,2398500
436,272,245,943279,4934,51787,2188400
437,272,255,943007,4951,52042,2119500
438,257,263,942750,4945,52305,1992800
439,261,237,942489,4969,52542,1899900
440,274,258,942215,4985,52800,1884700
441,251,237,941964,4999,53037,1869200
442,237,244,941727,4992,53281,1863100
443,255,265,941472,4982,53546,2052000
444,251,259,941221,4974,53805,2055500
445,245,260,940976,4959,54065,2073600
446,259,225,940717,4993,54290,1962100
447,245,262,940472,4976,54552,2041100
448,251,247,940221,4980,54799,1984900
449,280,228,939941,5032,55027,1952500
450,271,239,939670,5064,55266,2023000
451,282,225,939388,5121,55491,2173800
452,261,254,939127,5128,55745,2064800
453,282,258,938845,5152,56003,2104600
454,286,275,938559,5163,56278,2004700
455,266,226,938293,5203,56504,1989900
456,257,262,938036,5198,56766,1926400
457,288,261,937748,5225,57027,2100600
458,271,243,937477,5253,57270,1974300
459,304,270,937173,5287,57540,1990900
460,267,261,936906,5293,57801,1984500
461,280,289,936626,5284,58090,1999700
462,270,265,936356,5289,58355,1960800
463,272,263,936084,5298,58618,2078200
464,260,248,935824,5310,58866,2015400
465,283,261,935541,5332,59127,1898600
466,258,280,935283,5310,59407,2016300
467,290,282,934993,5318,59689,1883700
468,260,269,934733,5309,59958,1869300
469,247,272,934486,5284,60230,1835600
470,260,249,934226,5295,60479,1903800
471,294,259,933932,5330,60738,1929800
472,249,269,933683,5310,61007,1934400
473,253,272,933430,5291,61279,1990900
474,238,259,933192,5270,61538,1902500
475,252,254,932940,5268,61792,1914000
476,262,284,932678,5246,62076,1986500
477,235,259,932443,5222,62335,1892100
478,284,270,932159,5236,62605,1906000
479,288,237,931871,5287,62842,2023500
480,250,248,931621,5289,63090,1961400
481,286,240,931335,5335,63330,1980900
482,268,258,931067,5345,63588,1881300
483,265,258,930802,5352,63846,1954400
484,288,300,930514,5340,64146,1967600
485,276,281,930238,5335,64427,1915700
486,288,258,929950,5365,64685,1941300
487,252,263,929698,5354,64948,1963600
488,267,284,929431,5337,65232,1898500
489,268,271,929163,5334,65503,1938600
490,275,271,928888,5338,65774,1915700
491,258,220,928630,5376,65994,1868200
492,267,231,928363,5412,66225,1957800
493,271,283,928092,5400,66508,1874500
494,296,254,927796,5442,66762,1872100
495,290,282,927506,5450,67044,2046400
496,270,284,927236,5436,67328,1966900
497,263,290,926973,5409,67618,1957200
498,297,251,926676,5455,67869,1977200
499,258,254,926418,5459,68123,1964400
500,280,284,926138,5455,68407,1952600
501,246,271,925892,5430,68678,2049500
502,293,288,925599,5435,68966,1963800
503,264,275,925335,5424,69241,2204200
504,271,261,925064,5434,69502,1963200
505,269,260,924795,5443,69762,1946400
506,294,292,924501,5445,70054,1954500
507,279,263,924222,5461,70317,2206400
508,304,280,923918,5485,70597,1954800
509,316,274,923602,5527,70871,2022900
510,286,282,923316,5531,71153,2137000
511,299,281,923017,5549,71434,2062300
512,306,288,922711,5567,71722,2120900
513,281,256,922430,5592,71978,2103900
514,280,273,922150,5599,72251,2100100
515,303,258,921847,5644,72509,1978100
516,271,267,921576,5648,72776,1949300
517,300,293,921276,5655,73069,1951900
518,258,298,921018,5615,73367,1990200
519,289,288,920729,5616,73655,2028800
520,290,289,920439,5617,73944,2064600
521,285,281,920154,5621,74225,2051200
522,266,282,919888,5605,74507,2078000
523,278,303,919610,5580,74810,1951000
524,304,281,919306,5603,75091,1940600
525,276,281,919030,5598,75372,2017500
526,310,258,918720,5650,75630,2210400
527,280,277,918440,5653,75907,2277700
528,261,277,918179,5637,76184,2217300
529,276,272,917903,5641,76456,2001300
530,268,254,917635,5655,76710,2110500
531,289,288,917346,5656,76998,1926600
532,247,294,917099,5609,77292,1995700
533,283,248,916816,5644,77540,2109900
534,288,275,916528,5657,77815,1941600
535,304,275,916224,5686,78090,1964800
536,284,314,915940,5656,78404,2084800
537,291,318,915649,5629,78722,1966300
538,302,264,915347,5667,78986,1980700
539,311,314,915036,5664,79300,2042900
540,294,257,914742,5701,79557,1836000
541,284,258,914458,5727,79815,2128500
542,281,245,914177,5763,80060,2107900
543,315,298,913862,5780,80358,1990600
544,304,294,913558,5790,80652,1961700
545,298,303,913260,5785,80955,1835600
546,329,296,912931,5818,81251,1996300
547,274,303,912657,5789,81554,1892500
548,290,294,912367,5785,81848,1879600
549,312,259,912055,5838,82107,1869900
550,294,304,911761,5828,82411,1844600
551,314,292,911447,5850,82703,1844100
552,300,303,911147,5847,83006,1834400
553,302,312,910845,5837,83318,1709400
554,308,305,910537,5840,83623,1801200
555,312,293,910225,5859,83916,1803000
556,305,309,909920,5855,84225,1743100
557,316,300,909604,5871,84525,1815300
558,340,287,909264,5924,84812,1821200
559,296,286,908968,5934,85098,1797100
560,326,292,908642,5968,85390,1961400
561,310,306,908332,5972,85696,1930800
562,328,290,908004,6010,85986,1831100
563,303,278,907701,6035,86264,1721800
564,310,316,907391,6029,86580,1804900
565,353,320,907038,6062,86900,1760000
566,343,306,906695,6099,87206,1824700
567,324,311,906371,6112,87517,1807900
568,297,304,906074,6105,87821,1898000
569,339,336,905735,6108,88157,1786100
570,306,302,905429,6112,88459,1957200
571,340,298,905089,6154,88757,1816400
572,330,339,904759,6145,89096,1800500
573,292,302,904467,6135,89398,1837900
574,331,288,904136,6178,89686,2137400
575,305,304,903831,6179,89990,1898800
576,311,305,903520,6185,90295,1958700
577,333,316,903187,6202,90611,1956300
578,320,314,902867,6208,90925,1880300
579,293,316,902574,6185,91241,2137100
580,290,313,902284,6162,91554,1847500
581,335,317,901949,6180,91871,1797000
582,316,311,901633,6185,92182,1966100
583,330,305,901303,6210,92487,1759100
584,337,289,900966,6258,92776,1780300
585,320,324,900646,6254,93100,1778900
586,308,345,900338,6217,93445,1909400
587,326,310,900012,6233,93755,1740300
588,306,311,899706,6228,94066,1940600
589,287,326,899419,6189,94392,1726600
590,301,323,899118,6167,94715,1853000
591,284,288,898834,6163,95003,1768900
592,312,277,898522,6198,95280,1847800
593,310,327,898212,6181,95607,1808500
594,324,329,897888,6176,95936,1792300
595,282,286,897606,6172,96222,1804600
596,308,273,897298,6207,96495,1783100
597,341,314,896957,6234,96809,2078900
598,334,286,896623,6282,97095,1807700
599,326,333,896297,6275,97428,1781200
600,369,298,895928,6346,97726,1818600
601,368,311,895560,6403,98037,1894200
602,345,322,895215,6426,98359,1769300
603,349,337,894866,6438,98696,1723800
604,299,309,894567,6428,99005,1706000
605,351,349,894216,6430,99354,1991200
606,326,331,893890,6425,99685,1850600
607,355,304,893535,6476,99989,1855600
608,338,343,893197,6471,100332,2172600
609,319,322,892878,6468,100654,1798600
610,356,297,892522,6527,100951,1811700
611,335,332,892187,6530,101283,1685200
612,347,325,891840,6552,101608,1828300
613,334,338,891506,6548,101946,1805900
614,336,327,891170,6557,102273,1814500
615,325,320,890845,6562,102593,1810600
616,347,336,890498,6573,102929,1830000
617,341,311,890157,6603,103240,1818300
618,323,296,889834,6630,103536,1805400
619,376,317,889458,6689,103853,1807900
620,331,339,889127,6681,104192,1777800
621,339,348,888788,6672,104540,1830000
622,331,338,888457,6665,104878,1695200
623,355,343,888102,6677,105221,1780100
624,319,327,887783,6669,105548,1738000
625,330,330,887453,6669,105878,2194700
626,341,330,887112,6680,106208,1813400
627,351,350,886761,6681,106558,2032300
628,375,349,886386,6707,106907,1814700
629,343,292,886043,6758,107199,1785900
630,334,306,885709,6786,107505,1713500
631,333,351,885376,6768,107856,1765400
632,324,357,885052,6735,108213,1680700
633,339,325,884713,6749,108538,1765400
634,361,341,884352,6769,108879,1745000
635,326,301,884026,6794,109180,1764100
636,362,340,883664,6816,109520,1766300
637,378,348,883286,6846,109868,1806000
638,338,329,882948,6855,110197,1896500
639,318,312,882630,6861,110509,1757700
640,358,360,882272,6859,110869,1752300
641,392,355,881880,6896,111224,1761200
642,361,351,881519,6906,111575,1704800
643,342,339,881177,6909,111914,1775600
644,344,344,880833,6909,112258,1788800
645,338,360,880495,6887,112618,1806100
646,378,337,880117,6928,112955,1798500
647,374,340,879743,6962,113295,2118100
648,366,367,879377,6961,113662,1814800
649,360,319,879017,7002,113981,2175000
650,386,340,878631,7048,114321,2038300
651,366,331,878265,7083,114652,1855300
652,372,388,877893,7067,115040,1897200
653,358,350,877535,7075,115390,1879900
654,332,347,877203,7060,115737,1762800
655,410,355,876793,7115,116092,1824300
656,387,371,876406,7131,116463,1976800
657,410,362,875996,7179,116825,1942300
658,376,387,875620,7168,117212,1842600
659,397,323,875223,7242,117535,1898300
660,391,365,874832,7268,117900,1816600
661,368,350,874464,7286,118250,1750800
662,379,364,874085,7301,118614,1719100
663,385,341,873700,7345,118955,1708400
664,367,369,873333,7343,119324,1709900
665,393,377,872940,7359,119701,1719400
666,361,381,872579,7339,120082,1787100
667,362,350,872217,7351,120432,1794900
668,401,423,871816,7329,120855,1809500
669,415,353,871401,7391,121208,1747400
670,374,365,871027,7400,121573,1809000
671,404,371,870623,7433,121944,1847700
672,387,369,870236,7451,122313,1812900
673,387,380,869849,7458,122693,1819200
674,371,384,869478,7445,123077,1812700
675,402,353,869076,7494,123430,1804400
676,376,390,868700,7480,123820,1725300
677,389,357,868311,7512,124177,1878700
678,382,420,867929,7474,124597,1918500
679,420,378,867509,7516,124975,1898400
680,379,359,867130,7536,125334,1891500
681,402,358,866728,7580,125692,1806500
682,427,375,866301,7632,126067,1787900
683,408,329,865893,7711,126396,1823400
684,423,379,865470,7755,126775,1810100
685,399,395,865071,7759,127170,1978100
686,403,360,864668,7802,127530,1810500
687,400,391,864268,7811,127921,1870900
688,407,406,863861,7812,128327,2245700
689,418,391,863443,7839,128718,1909500
690,413,412,863030,7840,129130,1835600
691,400,385,862630,7855,129515,1889300
692,391,377,862239,7869,129892,1859100
693,404,369,861835,7904,130261,1797700
694,384,387,861451,7901,130648,1850900
695,422,353,861029,7970,131001,1792100
696,389,365,860640,7994,131366,1814700
697,403,377,860237,8020,131743,1930800
698,382,398,859855,8004,132141,1778200
699,393,373,859462,8024,132514,1779200
700,394,398,859068,8020,132912,1743600
701,406,418,858662,8008,133330,1778400
702,358,394,858304,7972,133724,1765000
703,389,410,857915,7951,134134,1794000
704,398,403,857517,7946,134537,1767200
705,384,448,857133,7882,134985,1767300
706,382,380,856751,7884,135365,1788700
707,392,412,856359,7864,135777,1875000
708,391,440,855968,7815,136217,1706600
709,415,398,855553,7832,136615,1720000
710,373,382,855180,7823,136997,1796800
711,385,405,854795,7803,137402,1788400
712,410,396,854385,7817,137798,1711300
713,371,399,854014,7789,138197,1986100
714,366,370,853648,7785,138567,1814900
715,367,382,853281,7770,138949,1710800
716,386,420,852895,7736,139369,1806500
717,392,413,852503,7715,139782,1727400
718,381,427,852122,7669,140209,1769500
719,380,389,851742,7660,140598,1782000
720,387,398,851355,7649,140996,1965500
721,400,392,850955,7657,141388,1817300
722,381,384,850574,7654,141772,2249500
723,391,355,850183,7690,142127,2118400
724,428,400,849755,7718,142527,1858500
725,397,355,849358,7760,142882,1803900
726,402,418,848956,7744,143300,1868300
727,365,409,848591,7700,143709,1988600
728,417,389,848174,7728,144098,1784400
729,386,367,847788,7747,144465,1777500
730,359,384,847429,7722,144849,1707000
731,411,391,847018,7742,145240,1821300
732,414,379,846604,7777,145619,1772600
733,394,364,846210,7807,145983,1722300
734,385,412,845825,7780,146395,1712800
735,395,389,845430,7786,146784,1854300
736,413,386,845017,7813,147170,1921800
737,413,381,844604,7845,147551,1819600
738,433,421,844171,7857,147972,1830000
739,425,353,843746,7929,148325,1772200
740,394,398,843352,7925,148723,1821200
741,433,397,842919,7961,149120,1766400
742,373,398,842546,7936,149518,1792600
743,401,434,842145,7903,149952,1715100
744,425,393,841720,7935,150345,1802900
745,420,399,841300,7956,150744,1787200
746,438,390,840862,8004,151134,1796100
747,396,418,840466,7982,151552,1776300
748,420,394,840046,8008,151946,1769600
749,410,371,839636,8047,152317,1773200
750,406,392,839230,8061,152709,1787300
751,414,415,838816,8060,153124,1731900
752,428,413,838388,8075,153537,1753800
753,431,386,837957,8120,153923,1770500
754,380,418,837577,8082,154341,1780300
755,433,424,837144,8091,154765,1816500
756,411,396,836733,8106,155161,1911600
757,394,397,836339,8103,155558,1816400
758,424,376,835915,8151,155934,1756300
759,405,416,835510,8140,156350,1820900
760,391,375,835119,8156,156725,1880300
761,403,414,834716,8145,157139,1885600
762,423,371,834293,8197,157510,1827000
763,424,415,833869,8206,157925,1999400
764,429,404,833440,8231,158329,1841300
765,389,401,833051,8219,158730,1801700
766,408,372,832643,8255,159102,1755500
767,404,424,832239,8235,159526,2214300
768,424,401,831815,8258,159927,1793800
769,448,393,831367,8313,160320,1920700
770,412,435,830955,8290,160755,1845100
771,405,434,830550,8261,161189,1956000
772,432,389,830118,8304,161578,1845600
773,437,420,829681,8321,161998,1832300
774,365,418,829316,8268,162416,1804300
775,385,399,828931,8254,162815,1847400
776,418,415,828513,8257,163230,1820000
777,458,448,828055,8267,163678,1877700
778,434,406,827621,8295,164084,1927000
779,433,396,827188,8332,164480,1913900
780,437,384,826751,8385,164864,1816700
781,387,410,826364,8362,165274,1994800
782,399,436,825965,8325,165710,1730200
783,450,394,825515,8381,166104,1759100
784,416,435,825099,8362,166539,1815800
785,420,429,824679,8353,166968,2015200
786,426,402,824253,8377,167370,1910400
787,430,420,823823,8387,167790,1903200
788,441,420,823382,8408,168210,1766600
789,468,438,822914,8438,168648,1894700
790,393,402,822521,8429,169050,1901400
791,457,394,822064,8492,169444,1916200
792,454,443,821610,8503,169887,1841600
793,465,414,821145,8554,170301,1845700
794,489,463,820656,8580,170764,2131700
795,433,436,820223,8577,171200,1956700
796,434,452,819789,8559,171652,1911800
797,450,443,819339,8566,172095,1945100
798,443,405,818896,8604,172500,2254400
799,439,448,818457,8595,172948,2192300
800,453,436,818004,8612,173384,2092600
801,465,426,817539,8651,173810,2297000
802,444,450,817095,8645,174260,1975100
803,422,415,816673,8652,174675,2054100
804,425,442,816248,8635,175117,2059200
805,425,413,815823,8647,175530,1903900
806,407,391,815416,8663,175921,1813900
807,431,427,814985,8667,176348,2082500
808,449,414,814536,8702,176762,1875900
809,439,459,814097,8682,177221,2014300
810,444,462,813653,8664,177683,2061700
811,447,397,813206,8714,178080,2014100
812,387,431,812819,8670,178511,1920800
813,451,454,812368,8667,178965,1863800
814,472,387,811896,8752,179352,1783300
815,462,419,811434,8795,179771,1970200
816,434,381,811000,8848,180152,1783700
817,440,462,810560,8826,180614,1938000
818,428,414,810132,8840,181028,1890300
819,477,473,809655,8844,181501,1918000
820,429,436,809226,8837,181937,1866700
821,472,433,808754,8876,182370,1761200
822,494,471,808260,8899,182841,1858600
823,460,455,807800,8904,183296,1784300
824,492,469,807308,8927,183765,1983400
825,465,426,806843,8966,184191,1859600
826,464,458,806379,8972,184649,1840500
827,480,414,805899,9038,185063,1771400
828,459,504,805440,8993,185567,1858600
829,508,446,804932,9055,186013,1927200
830,475,447,804457,9083,186460,1876900
831,479,473,803978,9089,186933,1873600
832,503,466,803475,9126,187399,1849800
833,458,477,803017,9107,187876,1863200
834,470,450,802547,9127,188326,1922900
835,438,450,802109,9115,188776,1876300
836,449,450,801660,9114,189226,1741700
837,470,446,801190,9138,189672,1829200
838,491,460,800699,9169,190132,1894400
839,454,450,800245,9173,190582,1868400
840,464,472,799781,9165,191054,1871200
841,453,479,799328,9139,191533,1831200
842,479,428,798849,9190,191961,1956500
843,430,463,798419,9157,192424,1887100
844,423,473,797996,9107,192897,1802400
845,441,454,797555,9094,193351,1901500
846,422,454,797133,9062,193805,1800700
847,462,458,796671,9066,194263,1891300
848,433,509,796238,8990,194772,1996100
849,449,462,795789,8977,195234,1932400
850,439,463,795350,8953,195697,1860500
851,456,445,794894,8964,196142,2106800
852,428,433,794466,8959,196575,1936700
853,426,426,794040,8959,197001,1941000
854,449,448,793591,8960,197449,1933300
855,421,488,793170,8893,197937,1920700
856,419,418,792751,8894,198355,1917300
857,414,442,792337,8866,198797,1954100
858,383,435,791954,8814,199232,1941600
859,425,442,791529,8797,199674,1919700
860,442,438,791087,8801,200112,1986700
861,445,427,790642,8819,200539,1973000
862,396,463,790246,8752,201002,2007000
863,427,430,789819,8749,201432,2049100
864,424,447,789395,8726,201879,2019700
865,418,448,788977,8696,202327,2004400
866,392,417,788585,8671,202744,1917700
867,416,417,788169,8670,203161,1999700
868,392,432,787777,8630,203593,1933800
869,441,401,787336,8670,203994,1882700
870,429,450,786907,8649,204444,1934600
871,426,434,786481,8641,204878,1933600
872,425,430,786056,8636,205308,1940200
873,413,423,785643,8626,205731,1938900
874,452,438,785191,8640,206169,1950000
875,437,415,784754,8662,206584,1842200
876,431,449,784323,8644,207033,1795000
877,475,423,783848,8696,207456,1877700
878,445,418,783403,8723,207874,1883200
879,452,423,782951,8752,208297,1886400
880,409,450,782542,8711,208747,1841600
881,448,467,782094,8692,209214,1906500
882,454,435,781640,8711,209649,1918600
883,447,452,781193,8706,210101,1895300
884,463,437,780730,8732,210538,1948000
885,446,427,780284,8751,210965,1841900
886,447,468,779837,8730,211433,1867500
887,466,433,779371,8763,211866,1896100
888,440,448,778931,8755,212314,1885700
889,425,463,778506,8717,212777,1871700
890,473,427,778033,8763,213204,1975400
891,455,438,777578,8780,213642,1914400
892,433,460,777145,8753,214102,1967900
893,484,396,776661,8841,214498,1910400
894,474,431,776187,8884,214929,1917500
895,452,449,775735,8887,215378,1897700
896,487,454,775248,8920,215832,1887300
897,417,427,774831,8910,216259,1935000
898,455,446,774376,8919,216705,2083600
899,468,458,773908,8929,217163,2194000
900,458,423,773450,8964,217586,2000100
901,450,434,773000,8980,218020,1924000
902,448,425,772552,9003,218445,1888900
903,419,451,772133,8971,218896,1926000
904,440,466,771693,8945,219362,1901600
905,427,450,771266,8922,219812,1874100
906,430,427,770836,8925,220239,1880900
907,434,436,770402,8923,220675,1909700
908,416,440,769986,8899,221115,1888600
909,450,433,769536,8916,221548,1906100
910,414,468,769122,8862,222016,1856700
911,444,463,768678,8843,222479,1821800
912,428,452,768250,8819,222931,1858900
913,420,434,767830,8805,223365,1990900
914,409,422,767421,8792,223787,1870600
915,434,448,766987,8778,224235,1804300
916,423,422,766564,8779,224657,1829400
917,427,451,766137,8755,225108,1951200
918,427,421,765710,8761,225529,1828300
919,439,446,765271,8754,225975,1868000
920,453,458,764818,8749,226433,1848700
921,407,446,764411,8710,226879,2077600
922,444,388,763967,8766,227267,1911000
923,416,440,763551,8742,227707,1894300
924,429,409,763122,8762,228116,1876100
925,442,449,762680,8755,228565,1828500
926,407,426,762273,8736,228991,1789800
927,431,442,761842,8725,229433,1800400
928,400,404,761442,8721,229837,1816800
929,419,422,761023,8718,230259,1867200
930,419,443,760604,8694,230702,1854600
931,428,439,760176,8683,231141,1882600
932,422,436,759754,8669,231577,1860600
933,411,422,759343,8658,231999,1917200
934,401,448,758942,8611,232447,1887600
935,395,440,758547,8566,232887,1859300
936,412,403,758135,8575,233290,1850500
937,408,442,757727,8541,233732,1846000
938,414,417,757313,8538,234149,1872100
939,402,415,756911,8525,234564,1835700
940,428,434,756483,8519,234998,1770900
941,394,411,756089,8502,235409,1902300
942,366,433,755723,8435,235842,1917300
943,390,409,755333,8416,236251,1874200
944,403,408,754930,8411,236659,1770100
945,395,441,754535,8365,237100,1812800
946,405,436,754130,8334,237536,2048800
947,386,442,753744,8278,237978,1949400
948,380,422,753364,8236,238400,1841300
949,386,423,752978,8199,238823,1795600
950,370,412,752608,8157,239235,2118500
951,386,404,752222,8139,239639,1954900
952,366,439,751856,8066,240078,1860000
953,381,368,751475,8079,240446,1783000
954,391,429,751084,8041,240875,1749700
955,393,420,750691,8014,241295,2108400
956,391,414,750300,7991,241709,2579900
957,391,414,749909,7968,242123,2063800
958,408,405,749501,7971,242528,2006800
959,397,392,749104,7976,242920,1932900
960,408,414,748696,7970,243334,2271600
961,374,420,748322,7924,243754,1924300
962,367,395,747955,7896,244149,2140400
963,394,382,747561,7908,244531,1898000
964,393,392,747168,7909,244923,1880300
965,350,386,746818,7873,245309,2051700
966,349,377,746469,7845,245686,1935400
967,361,393,746108,7813,246079,1901500
968,373,384,745735,7802,246463,1902900
969,385,408,745350,7779,246871,1905800
970,377,388,744973,7768,247259,1945400
971,390,393,744583,7765,247652,1865300
972,385,380,744198,7770,248032,1848300
973,364,355,743834,7779,248387,1883700
974,394,398,743440,7775,248785,1867200
975,409,416,743031,7768,249201,1893000
976,396,371,742635,7793,249572,1930600
977,405,380,742230,7818,249952,1892900
978,409,402,741821,7825,250354,1906500
979,356,379,741465,7802,250733,1941700
980,405,395,741060,7812,251128,1842800
981,375,376,740685,7811,251504,2016700
982,356,395,740329,7772,251899,1879000
983,407,407,739922,7772,252306,1818400
984,397,377,739525,7792,252683,1837100
985,356,372,739169,7776,253055,1875100
986,405,405,738764,7776,253460,1778200
987,376,381,738388,7771,253841,1809100
988,411,380,737977,7802,254221,1735500
989,381,377,737596,7806,254598,1794100
990,396,381,737200,7821,254979,1779100
991,392,368,736808,7845,255347,1794300
992,426,364,736382,7907,255711,1845200
993,394,419,735988,7882,256130,1825900
994,429,424,735559,7887,256554,1853800
995,419,404,735140,7902,256958,1833400
996,411,416,734729,7897,257374,1848100
997,405,402,734324,7900,257776,2108600
998,423,359,733901,7964,258135,1986900
999,394,417,733507,7941,258552,1839000
1000,423,370,733084,7994,258922,1847100
1001,405,413,732679,7986,259335,1869400
1002,410,401,732269,7995,259736,2039400
1003,392,379,731877,8008,260115,1910200
1004,422,407,731455,8023,260522,2147200
1005,371,399,731084,7995,260921,1858300
1006,413,375,730671,8033,261296,2398500
1007,391,378,730280,8046,261674,1790000
1008,407,392,729873,8061,262066,1913900
1009,400,408,729473,8053,262474,1751400
1010,409,430,729064,8032,262904,1939400
1011,396,443,728668,7985,263347,1918500
1012,420,369,728248,8036,263716,1830200
1013,376,414,727872,7998,264130,1816200
1014,422,392,727450,8028,264522,1751200
1015,396,384,727054,8040,264906,1755200
1016,406,389,726648,8057,265295,1846500
1017,417,395,726231,8079,265690,1832100
1018,429,410,725802,8098,266100,1983900
1019,380,421,725422,8057,266521,1839900
1020,378,426,725044,8009,266947,1783700
1021,402,433,724642,7978,267380,1798600
1022,385,395,724257,7968,267775,1723900
1023,404,412,723853,7960,268187,1814500
1024,377,416,723476,7921,268603,1735200
1025,392,393,723084,7920,268996,1858500
1026,366,398,722718,7888,269394,1873300
1027,380,376,722338,7892,269770,1854400
1028,413,387,721925,7918,270157,1846400
1029,391,407,721534,7902,270564,1941400
1030,411,383,721123,7930,270947,1896400
1031,436,424,720687,7942,271371,1925400
1032,391,416,720296,7917,271787,1929500
1033,419,417,719877,7919,272204,1896200
1034,417,414,719460,7922,272618,1872700
1035,408,460,719052,7870,273078,1896000
1036,444,394,718608,7920,273472,1929200
1037,384,394,718224,7910,273866,1899100
1038,420,361,717804,7969,274227,1915100
1039,390,387,717414,7972,274614,1881000
1040,409,433,717005,7948,275047,1884900
1041,391,364,716614,7975,275411,1878500
1042,436,397,716178,8014,275808,1824600
1043,406,371,715772,8049,276179,1785500
1044,384,422,715388,8011,276601,1826800
1045,409,394,714979,8026,276995,1969100
1046,404,423,714575,8007,277418,1974500
1047,399,379,714176,8027,277797,1955400
1048,424,418,713752,8033,278215,1924500
1049,384,385,713368,8032,278600,1886200
1050,375,411,712993,7996,279011,1939100
1051,413,390,712580,8019,279401,1810000
1052,408,416,712172,8011,279817,1815700
1053,406,362,711766,8055,280179,2073800
1054,393,411,711373,8037,280590,2012600
1055,427,359,710946,8105,280949,1935500
1056,386,381,710560,8110,281330,1854400
1057,391,440,710169,8061,281770,1958600
1058,412,405,709757,8068,282175,1976400
1059,424,412,709333,8080,282587,1954000
1060,401,390,708932,8091,282977,2075000
1061,404,400,708528,8095,283377,1993200
1062,393,433,708135,8055,283810,1928400
1063,416,354,707719,8117,284164,1991800
1064,458,409,707261,8166,284573,1965300
1065,424,406,706837,8184,284979,1847300
1066,418,412,706419,8190,285391,1758100
1067,429,404,705990,8215,285795,1764500
1068,418,423,705572,8210,286218,1804400
1069,397,395,705175,8212,286613,1739100
1070,408,394,704767,8226,287007,1820900
1071,412,372,704355,8266,287379,1955500
1072,432,440,703923,8258,287819,2022700
1073,440,409,703483,8289,288228,1925700
1074,397,412,703086,8274,288640,1862800
1075,425,445,702661,8254,289085,1800700
1076,420,392,702241,8282,289477,1753700
1077,415,424,701826,8273,289901,1809500
1078,410,412,701416,8271,290313,1825300
1079,403,422,701013,8252,290735,1915100
1080,400,455,700613,8197,291190,1861000
1081,420,417,700193,8200,291607,1812200
1082,416,398,699777,8218,292005,1991600
1083,417,420,699360,8215,292425,1883900
1084,392,399,698968,8208,292824,1974100
1085,404,428,698564,8184,293252,1958700
1086,408,424,698156,8168,293676,2294300
1087,380,384,697776,8164,294060,2098100
1088,410,422,697366,8152,294482,2074000
1089,393,406,696973,8139,294888,1960600
1090,382,400,696591,8121,295288,1879400
1091,413,393,696178,8141,295681,1839000
1092,395,400,695783,8136,296081,1960900
1093,412,428,695371,8120,296509,1846200
1094,382,401,694989,8101,296910,1749400
1095,393,397,694596,8097,297307,1781100
1096,402,400,694194,8099,297707,1873400
1097,381,406,693813,8074,298113,1829600
1098,406,382,693407,8098,298495,1817300
1099,393,384,693014,8107,298879,1756600
1100,413,415,692601,8105,299294,1828200
1101,396,397,692205,8104,299691,2070300
1102,424,440,691781,8088,300131,1902700
1103,386,367,691395,8107,300498,1781300
1104,418,410,690977,8115,300908,1786900
1105,401,392,690576,8124,301300,1949400
1106,421,398,690155,8147,301698,1838600
1107,383,398,689772,8132,302096,2035200
1108,405,424,689367,8113,302520,1848300
1109,419,391,688948,8141,302911,1748300
1110,396,427,688552,8110,303338,2062700
1111,415,412,688137,8113,303750,2515100
1112,388,424,687749,8077,304174,2004400
1113,394,426,687355,8045,304600,1921300
1114,391,391,686964,8045,304991,1933300
1115,414,410,686550,8049,305401,1923500
1116,396,379,686154,8066,305780,1951700
1117,414,397,685740,8083,306177,2006600
1118,388,397,685352,8074,306574,1857400
1119,387,405,684965,8056,306979,1840900
1120,402,416,684563,8042,307395,2088500
1121,396,412,684167,8026,307807,1819200
1122,436,403,683731,8059,308210,1962000
1123,393,419,683338,8033,308629,1806100
1124,426,413,682912,8046,309042,1803000
1125,357,409,682555,7994,309451,1799300
1126,395,407,682160,7982,309858,1765300
1127,368,384,681792,7966,310242,1856700
1128,397,420,681395,7943,310662,1785100
1129,406,390,680989,7959,311052,1809600
1130,391,434,680598,7916,311486,1800000
1131,381,370,680217,7927,311856,1761900
1132,397,395,679820,7929,312251,1776300
1133,417,387,679403,7959,312638,1854100
1134,417,384,678986,7992,313022,1820800
1135,400,381,678586,8011,313403,1923200
1136,387,415,678199,7983,313818,1979600
1137,387,405,677812,7965,314223,1794800
1138,406,389,677406,7982,314612,1878200
1139,402,411,677004,7973,315023,1784100
1140,398,390,676606,7981,315413,1829700
1141,401,409,676205,7973,315822,1881700
1142,419,362,675786,8030,316184,1828700
1143,404,386,675382,8048,316570,2186100
1144,424,410,674958,8062,316980,1872100
1145,374,424,674584,8012,317404,1858000
1146,416,384,674168,8044,317788,1869300
1147,401,431,673767,8014,318219,1908200
1148,433,430,673334,8017,318649,2036100
1149,417,399,672917,8035,319048,2359800
1150,412,377,672505,8070,319425,1915800
1151,414,383,672091,8101,319808,1916400
1152,424,402,671667,8123,320210,1954300
1153,438,424,671229,8137,320634,1893100
1154,439,429,670790,8147,321063,2091700
1155,482,403,670308,8226,321466,2024300
1156,410,418,669898,8218,321884,1896000
1157,414,404,669484,8228,322288,1728300
1158,396,391,669088,8233,322679,1932800
1159,410,391,668678,8252,323070,1934500
1160,415,428,668263,8239,323498,2011800
1161,424,404,667839,8259,323902,2108000
1162,410,386,667429,8283,324288,2099900
1163,414,397,667015,8300,324685,2057500
1164,403,440,666612,8263,325125,2128200
1165,401,416,666211,8248,325541,2078800
1166,398,381,665813,8265,325922,1939700
1167,403,402,665410,8266,326324,1980500
1168,420,429,664990,8257,326753,1954800
1169,405,409,664585,8253,327162,2042400
1170,394,431,664191,8216,327593,1889700
1171,407,377,663784,8246,327970,1861700
1172,404,403,663380,8247,328373,2059600
1173,424,432,662956,8239,328805,1822300
1174,400,395,662556,8244,329200,2010700
1175,400,389,662156,8255,329589,1945400
1176,405,414,661751,8246,330003,2287500
1177,425,407,661326,8264,330410,1973400
1178,427,418,660899,8273,330828,1931000
1179,420,439,660479,8254,331267,1806700
1180,402,387,660077,8269,331654,1897200
1181,400,435,659677,8234,332089,1867000
1182,396,420,659281,8210,332509,1877500
1183,384,436,658897,8158,332945,1826600
1184,384,402,658513,8140,333347,2058800
1185,400,414,658113,8126,333761,2230200
1186,383,396,657730,8113,334157,2074300
1187,376,423,657354,8066,334580,1961200
1188,387,428,656967,8025,335008,1854000
1189,420,386,656547,8059,335394,1885700
1190,381,416,656166,8024,335810,1878100
1191,385,394,655781,8015,336204,1881300
1192,400,415,655381,8000,336619,1813400
1193,384,428,654997,7956,337047,1773300
1194,386,403,654611,7939,337450,1790200
1195,405,412,654206,7932,337862,1743000
1196,422,406,653784,7948,338268,1905200
1197,382,359,653402,7971,338627,1829100
1198,391,434,653011,7928,339061,1895100
1199,387,383,652624,7932,339444,1911400
1200,394,383,652230,7943,339827,1891600
1201,374,394,651856,7923,340221,1881900
1202,382,423,651474,7882,340644,1830800
1203,347,406,651127,7823,341050,2064800
1204,390,361,650737,7852,341411,1785100
1205,391,385,650346,7858,341796,1912800
1206,431,391,649915,7898,342187,1933800
1207,364,377,649551,7885,342564,2102800
1208,385,419,649166,7851,342983,2270100
1209,414,416,648752,7849,343399,2148800
1210,392,407,648360,7834,343806,1967700
1211,391,366,647969,7859,344172,2139600
1212,422,387,647547,7894,344559,1921200
1213,428,405,647119,7917,344964,1873300
1214,366,410,646753,7873,345374,1948700
1215,437,407,646316,7903,345781,2101300
1216,393,359,645923,7937,346140,1910600
1217,390,394,645533,7933,346534,1920100
1218,404,396,645129,7941,346930,1875600
1219,410,379,644719,7972,347309,1856700
1220,415,365,644304,8022,347674,1810100
1221,403,399,643901,8026,348073,1774700
1222,437,395,643464,8068,348468,1707900
1223,396,372,643068,8092,348840,1858300
1224,402,431,642666,8063,349271,1841900
1225,410,420,642256,8053,349691,1937100
1226,427,387,641829,8093,350078,1835400
1227,427,461,641402,8059,350539,1853900
1228,440,370,640962,8129,350909,1828800
1229,451,390,640511,8190,351299,1986000
1230,439,426,640072,8203,351725,1853700
1231,415,394,639657,8224,352119,1781100
1232,413,428,639244,8209,352547,1874500
1233,405,380,638839,8234,352927,2128100
1234,413,389,638426,8258,353316,2099400
1235,429,397,637997,8290,353713,1802000
1236,424,444,637573,8270,354157,1921900
1237,422,432,637151,8260,354589,1805500
1238,405,413,636746,8252,355002,1827300
1239,418,409,636328,8261,355411,1832400
1240,439,405,635889,8295,355816,1842000
1241,375,410,635514,8260,356226,1767200
1242,402,421,635112,8241,356647,1968100
1243,395,420,634717,8216,357067,1811000
1244,401,430,634316,8187,357497,1825600
1245,417,402,633899,8202,357899,1773800
1246,423,424,633476,8201,358323,1765200
1247,420,419,633056,8202,358742,1908300
1248,427,383,632629,8246,359125,2062400
1249,428,415,632201,8259,359540,1795400
1250,416,397,631785,8278,359937,1839300
1251,413,375,631372,8316,360312,1794500
1252,400,418,630972,8298,360730,1767600
1253,381,401,630591,8278,361131,2015800
1254,425,403,630166,8300,361534,1975500
1255,436,372,629730,8364,361906,1950800
1256,415,426,629315,8353,362332,1869000
1257,427,439,628888,8341,362771,1862200
1258,401,378,628487,8364,363149,1915300
1259,435,413,628052,8386,363562,1811600
1260,389,408,627663,8367,363970,1807200
1261,435,434,627228,8368,364404,1751500
1262,410,417,626818,8361,364821,1779500
1263,407,407,626411,8361,365228,1828800
1264,427,443,625984,8345,365671,1961200
1265,427,403,625557,8369,366074,1968300
1266,398,446,625159,8321,366520,2082200
1267,430,420,624729,8331,366940,1969900
1268,409,428,624320,8312,367368,1858700
1269,448,413,623872,8347,367781,1754600
1270,412,411,623460,8348,368192,1830500
1271,370,430,623090,8288,368622,1711700
1272,393,364,622697,8317,368986,1727000
1273,393,403,622304,8307,369389,1819300
1274,422,411,621882,8318,369800,1733500
1275,403,377,621479,8344,370177,1709200
1276,418,429,621061,8333,370606,1734400
1277,399,409,620662,8323,371015,1802300
1278,416,421,620246,8318,371436,1720500
1279,414,430,619832,8302,371866,1710100
1280,402,420,619430,8284,372286,1744400
1281,405,385,619025,8304,372671,1834300
1282,409,441,618616,8272,373112,1934100
1283,400,371,618216,8301,373483,1814200
1284,406,400,617810,8307,373883,1886600
1285,403,388,617407,8322,374271,2129500
1286,390,399,617017,8313,374670,1991200
1287,427,417,616590,8323,375087,1878300
1288,385,413,616205,8295,375500,1785900
1289,391,422,615814,8264,375922,1841300
1290,382,417,615432,8229,376339,1736200
1291,421,464,615011,8186,376803,1721400
1292,382,385,614629,8183,377188,1778900
1293,423,397,614206,8209,377585,1673100
1294,384,424,613822,8169,378009,1830000
1295,411,416,613411,8164,378425,1773600
1296,401,393,613010,8172,378818,1652200
1297,418,444,612592,8146,379262,1683000
1298,399,405,612193,8140,379667,1854500
1299,382,401,611811,8121,380068,1803100
1300,381,364,611430,8138,380432,1697500
1301,374,408,611056,8104,380840,1800400
1302,373,416,610683,8061,381256,1768100
1303,394,385,610289,8070,381641,1680200
1304,411,413,609878,8068,382054,1707100
1305,414,407,609464,8075,382461,1719900
1306,403,389,609061,8089,382850,1818600
1307,396,397,608665,8088,383247,1792900
1308,416,410,608249,8094,383657,1910800
1309,383,390,607866,8087,384047,2062600
1310,384,436,607482,8035,384483,1714800
1311,400,378,607082,8057,384861,1657300
1312,407,422,606675,8042,385283,2012100
1313,421,412,606254,8051,385695,1880800
1314,389,375,605865,8065,386070,1829100
1315,389,438,605476,8016,386508,1717600
1316,406,390,605070,8032,386898,1730000
1317,370,407,604700,7995,387305,1742200
1318,432,395,604268,8032,387700,1831100
1319,371,385,603897,8018,388085,1803000
1320,386,374,603511,8030,388459,1731600
1321,417,394,603094,8053,388853,1713500
1322,407,441,602687,8019,389294,1819900
1323,382,362,602305,8039,389656,1860000
1324,388,387,601917,8040,390043,2050400
1325,412,407,601505,8045,390450,1734200
1326,406,375,601099,8076,390825,1713000
1327,387,389,600712,8074,391214,1949300
1328,403,396,600309,8081,391610,1836800
1329,392,415,599917,8058,392025,2018200
1330,404,423,599513,8039,392448,1820900
1331,423,400,599090,8062,392848,1748000
1332,415,389,598675,8088,393237,1737600
1333,408,387,598267,8109,393624,1701700
1334,375,397,597892,8087,394021,1876700
1335,403,403,597489,8087,394424,1757300
1336,412,409,597077,8090,394833,1711300
1337,435,402,596642,8123,395235,1973100
1338,383,412,596259,8094,395647,1909100
1339,426,411,595833,8109,396058,1908300
1340,404,409,595429,8104,396467,1899500
1341,412,391,595017,8125,396858,1938400
1342,444,358,594573,8211,397216,1897700
1343,424,408,594149,8227,397624,2055100
1344,379,405,593770,8201,398029,4190100
1345,395,431,593375,8165,398460,5992500
1346,433,409,592942,8189,398869,27099900
1347,441,370,592501,8260,399239,2805500
1348,427,401,592074,8286,399640,2541500
1349,391,420,591683,8257,400060,2674600
1350,406,445,591277,8218,400505,2844900
1351,391,408,590886,8201,400913,2875900
1352,419,446,590467,8174,401359,2312100
1353,416,375,590051,8215,401734,2474400
1354,424,393,589627,8246,402127,7509200
1355,422,400,589205,8268,402527,2634500
1356,427,442,588778,8253,402969,2450400
1357,430,416,588348,8267,403385,2116600
1358,403,405,587945,8265,403790,2023800
1359,397,421,587548,8241,404211,2003000
1360,392,403,587156,8230,404614,1857000
1361,412,428,586744,8214,405042,2127000
1362,421,447,586323,8188,405489,1961700
1363,411,430,585912,8169,405919,1864400
1364,437,385,585475,8221,406304,2066100
1365,431,417,585044,8235,406721,1909800
1366,424,432,584620,8227,407153,1804000
1367,427,410,584193,8244,407563,1846500
1368,379,439,583814,8184,408002,1973500
1369,400,433,583414,8151,408435,1955100
1370,415,397,582999,8169,408832,1940900
1371,410,420,582589,8159,409252,1846800
1372,390,411,582199,8138,409663,1844700
1373,384,414,581815,8108,410077,1818500
1374,421,385,581394,8144,410462,1889600
1375,430,455,580964,8119,410917,1929000
1376,434,397,580530,8156,411314,1969600
1377,398,421,580132,8133,411735,1915900
1378,442,413,579690,8162,412148,2044600
1379,423,414,579267,8171,412562,2036400
1380,422,428,578845,8165,412990,1858600
1381,428,384,578417,8209,413374,1871700
1382,433,423,577984,8219,413797,1879800
1383,444,428,577540,8235,414225,1837300
1384,443,413,577097,8265,414638,2015800
1385,433,415,576664,8283,415053,1913200
1386,422,387,576242,8318,415440,1913800
1387,419,416,575823,8321,415856,1888100
1388,407,465,575416,8263,416321,1805600
1389,415,392,575001,8286,416713,2013900
1390,420,413,574581,8293,417126,1885100
1391,416,439,574165,8270,417565,1918600
1392,401,391,573764,8280,417956,2019800
1393,434,420,573330,8294,418376,1941500
1394,415,415,572915,8294,418791,1930100
1395,438,372,572477,8360,419163,1913700
1396,385,411,572092,8334,419574,1836800
1397,402,452,571690,8284,420026,1936100
1398,396,381,571294,8299,420407,1824400
1399,422,421,570872,8300,420828,1831500
1400,408,385,570464,8323,421213,1766000
1401,399,427,570065,8295,421640,1767600
1402,397,404,569668,8288,422044,1804600
1403,416,405,569252,8299,422449,1766500
1404,419,429,568833,8289,422878,1775000
1405,375,441,568458,8223,423319,1903700
1406,409,417,568049,8215,423736,1896500
1407,394,393,567655,8216,424129,1911000
1408,388,395,567267,8209,424524,1890300
1409,404,376,566863,8237,424900,1888600
1410,386,403,566477,8220,425303,1832100
1411,370,403,566107,8187,425706,1872900
1412,399,433,565708,8153,426139,1760200
1413,387,383,565321,8157,426522,1908500
1414,382,392,564939,8147,426914,1769900
1415,375,410,564564,8112,427324,1760700
1416,397,420,564167,8089,427744,1822800
1417,365,414,563802,8040,428158,1912800
1418,397,405,563405,8032,428563,1924200
1419,355,401,563050,7986,428964,1957500
1420,388,406,562662,7968,429370,1756500
1421,408,364,562254,8012,429734,1722500
1422,389,423,561865,7978,430157,1761200
1423,386,438,561479,7926,430595,1807600
1424,398,408,561081,7916,431003,1844000
1425,400,406,560681,7910,431409,1917300
1426,398,419,560283,7889,431828,1949800
1427,367,425,559916,7831,432253,1947000
1428,365,411,559551,7785,432664,1847900
1429,398,404,559153,7779,433068,1863100
1430,396,363,558757,7812,433431,1787600
1431,394,387,558363,7819,433818,1848200
1432,419,399,557944,7839,434217,1936900
1433,403,375,557541,7867,434592,1986900
1434,410,371,557131,7906,434963,1886000
1435,386,369,556745,7923,435332,1841800
1436,398,442,556347,7879,435774,1830400
1437,384,383,555963,7880,436157,1891100
1438,395,422,555568,7853,436579,1900200
1439,403,408,555165,7848,436987,1900800
1440,377,373,554788,7852,437360,1894200
1441,399,420,554389,7831,437780,1908000
1442,399,396,553990,7834,438176,1974000
1443,409,410,553581,7833,438586,1983600
1444,376,391,553205,7818,438977,1971000
1445,390,408,552815,7800,439385,1954400
1446,423,404,552392,7819,439789,1889800
1447,395,380,551997,7834,440169,1873600
1448,392,365,551605,7861,440534,1836500
1449,406,388,551199,7879,440922,2042600
1450,420,375,550779,7924,441297,2012200
1451,417,391,550362,7950,441688,1989500
1452,419,391,549943,7978,442079,2003500
1453,406,435,549537,7949,442514,1937600
1454,384,432,549153,7901,442946,1819900
1455,425,427,548728,7899,443373,1813900
1456,446,427,548282,7918,443800,1960400
1457,407,431,547875,7894,444231,1863800
1458,466,428,547409,7932,444659,1855400
1459,454,431,546955,7955,445090,2290300
1460,439,416,546516,7978,445506,1930400
1461,415,444,546101,7949,445950,1916000
1462,419,398,545682,7970,446348,2031900
1463,428,404,545254,7994,446752,1831000
1464,404,443,544850,7955,447195,1948000
1465,446,397,544404,8004,447592,1942600
1466,381,385,544023,8000,447977,1898200
1467,379,387,543644,7992,448364,1885900
1468,405,396,543239,8001,448760,1951000
1469,401,378,542838,8024,449138,2058200
1470,400,446,542438,7978,449584,1901700
1471,435,401,542003,8012,449985,1837200
1472,413,422,541590,8003,450407,1879300
1473,403,418,541187,7988,450825,1870000
1474,409,420,540778,7977,451245,1832400
1475,430,407,540348,8000,451652,1846400
1476,458,401,539890,8057,452053,1888300
1477,383,397,539507,8043,452450,2014800
1478,419,407,539088,8055,452857,1934500
1479,378,407,538710,8026,453264,1902400
1480,382,386,538328,8022,453650,2048400
1481,404,415,537924,8011,454065,1812500
1482,436,399,537488,8048,454464,1911600
1483,415,410,537073,8053,454874,1936000
1484,398,404,536675,8047,455278,1949600
1485,388,405,536287,8030,455683,1975600
1486,382,391,535905,8021,456074,2011800
1487,376,426,535529,7971,456500,1809200
1488,392,428,535137,7935,456928,1884400
1489,427,421,534710,7941,457349,1926600
1490,404,375,534306,7970,457724,1873800
1491,387,433,533919,7924,458157,1931200
1492,370,398,533549,7896,458555,1879800
1493,396,405,533153,7887,458960,1888300
1494,399,389,532754,7897,459349,1991400
1495,429,408,532325,7918,459757,1900600
1496,410,411,531915,7917,460168,1899500
1497,408,396,531507,7929,460564,1906800
1498,399,397,531108,7931,460961,1797500
1499,409,402,530699,7938,461363,1871000
1500,379,373,530320,7944,461736,1865100
1501,405,388,529915,7961,462124,1902800
1502,386,395,529529,7952,462519,1852500
1503,397,354,529132,7995,462873,1905000
1504,404,428,528728,7971,463301,1927900
1505,393,403,528335,7961,463704,1899200
1506,356,383,527979,7934,464087,2098300
1507,374,398,527605,7910,464485,2029000
1508,379,418,527226,7871,464903,1825800
1509,426,388,526800,7909,465291,1868200
1510,423,384,526377,7948,465675,1849500
1511,385,388,525992,7945,466063,1838500
1512,392,392,525600,7945,466455,2080800
1513,338,392,525262,7891,466847,2243000
1514,383,406,524879,7868,467253,1958300
1515,390,373,524489,7885,467626,1928600
1516,404,396,524085,7893,468022,1866000
1517,388,381,523697,7900,468403,1803800
1518,429,363,523268,7966,468766,1875700
1519,423,405,522845,7984,469171,1900700
1520,393,389,522452,7988,469560,2404400
1521,428,391,522024,8025,469951,1927400
1522,425,417,521599,8033,470368,1862200
1523,380,370,521219,8043,470738,1968900
1524,385,394,520834,8034,471132,1944600
1525,382,381,520452,8035,471513,1926200
1526,404,434,520048,8005,471947,1935600
1527,364,398,519684,7971,472345,1962000
1528,387,393,519297,7965,472738,1921700
1529,382,392,518915,7955,473130,1866600
1530,404,365,518511,7994,473495,1907400
1531,415,395,518096,8014,473890,2040300
1532,408,406,517688,8016,474296,1817300
1533,398,357,517290,8057,474653,1841400
1534,390,407,516900,8040,475060,1963600
1535,412,418,516488,8034,475478,1810600
1536,416,434,516072,8016,475912,2003100
1537,421,448,515651,7989,476360,1826600
1538,399,379,515252,8009,476739,1854800
1539,387,406,514865,7990,477145,1854800
1540,411,396,514454,8005,477541,1849600
1541,417,412,514037,8010,477953,1820800
1542,408,389,513629,8029,478342,1818400
1543,424,415,513205,8038,478757,1910800
1544,410,428,512795,8020,479185,1822200
1545,375,404,512420,7991,479589,2170000
1546,418,406,512002,8003,479995,1841400
1547,406,397,511596,8012,480392,1992800
1548,413,378,511183,8047,480770,1987200
1549,390,402,510793,8035,481172,1903500
1550,432,401,510361,8066,481573,1718000
1551,404,429,509957,8041,482002,2048800
1552,405,418,509552,8028,482420,1924800
1553,402,382,509150,8048,482802,1923600
1554,418,397,508732,8069,483199,2015100
1555,410,373,508322,8106,483572,1841700
1556,394,421,507928,8079,483993,2031700
1557,406,395,507522,8090,484388,1864800
1558,430,445,507092,8075,484833,1819000
1559,423,394,506669,8104,485227,2382400
1560,394,404,506275,8094,485631,1967600
1561,412,403,505863,8103,486034,2108100
1562,407,434,505456,8076,486468,2076100
1563,410,422,505046,8064,486890,2023000
1564,424,474,504622,8014,487364,2021900
1565,402,384,504220,8032,487748,2024500
1566,415,403,503805,8044,488151,2007700
1567,389,390,503416,8043,488541,1964900
1568,431,415,502985,8059,488956,2177100
1569,375,395,502610,8039,489351,1884500
1570,405,426,502205,8018,489777,1816900
1571,405,412,501800,8011,490189,1865300
1572,441,390,501359,8062,490579,2060500
1573,405,419,500954,8048,490998,2160600
1574,378,378,500576,8048,491376,1841900
1575,407,398,500169,8057,491774,1804300
1576,374,387,499795,8044,492161,1864900
1577,439,388,499356,8095,492549,1856700
1578,396,414,498960,8077,492963,1905800
1579,398,382,498562,8093,493345,1963000
1580,416,411,498146,8098,493756,2243400
1581,397,406,497749,8089,494162,1784600
1582,387,432,497362,8044,494594,1843200
1583,414,410,496948,8048,495004,2177400
1584,399,376,496549,8071,495380,1880700
1585,386,379,496163,8078,495759,1992000
1586,417,399,495746,8096,496158,1800500
1587,358,428,495388,8026,496586,1796600
1588,396,361,494992,8061,496947,1786900
1589,384,409,494608,8036,497356,1887900
1590,404,404,494204,8036,497760,1820800
1591,405,402,493799,8039,498162,2147700
1592,414,371,493385,8082,498533,1843700
1593,386,401,492999,8067,498934,1822400
1594,386,413,492613,8040,499347,1712000
1595,386,386,492227,8040,499733,1733600
1596,382,393,491845,8029,500126,1825800
1597,387,396,491458,8020,500522,2348300
1598,409,386,491049,8043,500908,1789100
1599,394,423,490655,8014,501331,1894700
1600,384,417,490271,7981,501748,1780400
1601,380,391,489891,7970,502139,1789600
1602,353,393,489538,7930,502532,1718400
1603,380,375,489158,7935,502907,1787300
1604,392,415,488766,7912,503322,1722400
1605,433,391,488333,7954,503713,1760600
1606,403,369,487930,7988,504082,1708200
1607,387,398,487543,7977,504480,1886200
1608,398,370,487145,8005,504850,2100800
1609,397,415,486748,7987,505265,1806000
1610,413,398,486335,8002,505663,2225400
1611,389,400,485946,7991,506063,1922800
1612,418,444,485528,7965,506507,1852100
1613,420,409,485108,7976,506916,1887000
1614,372,403,484736,7945,507319,1999400
1615,398,372,484338,7971,507691,1964000
1616,410,398,483928,7983,508089,2014400
1617,371,379,483557,7975,508468,1965300
1618,423,371,483134,8027,508839,2126500
1619,436,410,482698,8053,509249,1978900
1620,404,423,482294,8034,509672,1780400
1621,432,404,481862,8062,510076,2028200
1622,415,368,481447,8109,510444,1945000
1623,400,406,481047,8103,510850,1774900
1624,444,413,480603,8134,511263,1956200
1625,397,402,480206,8129,511665,1854300
1626,438,400,479768,8167,512065,1840500
1627,412,425,479356,8154,512490,1751400
1628,406,412,478950,8148,512902,1832400
1629,425,418,478525,8155,513320,1819100
1630,412,419,478113,8148,513739,1777800
1631,414,416,477699,8146,514155,1764600
1632,421,426,477278,8141,514581,1883700
1633,446,411,476832,8176,514992,1719900
1634,458,401,476374,8233,515393,1809200
1635,460,447,475914,8246,515840,1853000
1636,384,391,475530,8239,516231,1977500
1637,395,430,475135,8204,516661,1728900
1638,404,408,474731,8200,517069,1827500
1639,399,405,474332,8194,517474,1855800
1640,447,410,473885,8231,517884,1946900
1641,405,373,473480,8263,518257,1784000
1642,381,439,473099,8205,518696,1797600
1643,423,426,472676,8202,519122,1740600
1644,426,429,472250,8199,519551,1858400
1645,416,393,471834,8222,519944,2263100
1646,428,425,471406,8225,520369,1801800
1647,420,419,470986,8226,520788,1839600
1648,408,416,470578,8218,521204,1897200
1649,401,435,470177,8184,521639,1829000
1650,422,392,469755,8214,522031,1795600
1651,398,427,469357,8185,522458,1810600
1652,405,407,468952,8183,522865,1763600
1653,406,410,468546,8179,523275,1847300
1654,408,398,468138,8189,523673,1901100
1655,415,410,467723,8194,524083,1915500
1656,424,401,467299,8217,524484,2025600
1657,448,399,466851,8266,524883,1818400
1658,426,392,466425,8300,525275,1780200
1659,468,414,465957,8354,525689,1806900
1660,450,409,465507,8395,526098,1746200
1661,424,457,465083,8362,526555,1782500
1662,422,398,464661,8386,526953,1803300
1663,449,411,464212,8424,527364,1963400
1664,410,443,463802,8391,527807,2022700
1665,440,440,463362,8391,528247,1942000
1666,458,433,462904,8416,528680,1817000
1667,442,426,462462,8432,529106,1838300
1668,392,402,462070,8422,529508,1842900
1669,432,430,461638,8424,529938,1834000
1670,418,399,461220,8443,530337,1927500
1671,441,446,460779,8438,530783,1944400
1672,416,439,460363,8415,531222,1835300
1673,428,422,459935,8421,531644,1792200
1674,404,430,459531,8395,532074,1804400
1675,413,413,459118,8395,532487,1842300
1676,428,408,458690,8415,532895,1854000
1677,424,426,458266,8413,533321,1829000
1678,418,428,457848,8403,533749,1833000
1679,431,432,457417,8402,534181,1799700
1680,432,422,456985,8412,534603,1824000
1681,407,405,456578,8414,535008,1826100
1682,451,416,456127,8449,535424,1874100
1683,417,394,455710,8472,535818,1924400
1684,398,427,455312,8443,536245,1776500
1685,427,426,454885,8444,536671,1768000
1686,444,408,454441,8480,537079,2050300
1687,436,425,454005,8491,537504,1775500
1688,444,430,453561,8505,537934,1789700
1689,431,405,453130,8531,538339,1932700
1690,406,433,452724,8504,538772,1877000
1691,440,418,452284,8526,539190,1788500
1692,430,405,451854,8551,539595,1781500
1693,451,421,451403,8581,540016,1781600
1694,463,412,450940,8632,540428,2173400
1695,438,441,450502,8629,540869,1843400
1696,465,395,450037,8699,541264,1852600
1697,432,415,449605,8716,541679,1828400
1698,462,419,449143,8759,542098,2174100
1699,473,438,448670,8794,542536,1916900
1700,460,462,448210,8792,542998,1866700
1701,452,451,447758,8793,543449,1848600
1702,439,430,447319,8802,543879,1815500
1703,447,453,446872,8796,544332,1724800
1704,445,424,446427,8817,544756,1794500
1705,451,389,445976,8879,545145,1824400
1706,467,445,445509,8901,545590,1796800
1707,426,465,445083,8862,546055,1810900
1708,453,432,444630,8883,546487,1817300
1709,453,447,444177,8889,546934,2012600
1710,446,493,443731,8842,547427,1815900
1711,435,441,443296,8836,547868,1758700
1712,475,421,442821,8890,548289,1810800
1713,434,436,442387,8888,548725,1784100
1714,473,429,441914,8932,549154,1810600
1715,468,465,441446,8935,549619,2055200
1716,435,462,441011,8908,550081,2103000
1717,453,435,440558,8926,550516,1796000
1718,458,446,440100,8938,550962,1903400
1719,468,443,439632,8963,551405,1851800
1720,461,471,439171,8953,551876,1933300
1721,435,414,438736,8974,552290,1893000
1722,484,439,438252,9019,552729,2081900
1723,431,436,437821,9014,553165,1898500
1724,436,484,437385,8966,553649,2072000
1725,437,452,436948,8951,554101,1906000
1726,429,468,436519,8912,554569,1976300
1727,407,435,436112,8884,555004,2011400
1728,445,424,435667,8905,555428,2234400
1729,431,437,435236,8899,555865,1964300
1730,428,448,434808,8879,556313,2165600
1731,428,426,434380,8881,556739,2044700
1732,445,436,433935,8890,557175,1911300
1733,422,453,433513,8859,557628,2027300
1734,412,459,433101,8812,558087,1964200
1735,443,419,432658,8836,558506,2013900
1736,451,474,432207,8813,558980,1918000
1737,458,461,431749,8810,559441,1880800
1738,438,426,431311,8822,559867,2096700
1739,429,440,430882,8811,560307,2102400
1740,401,468,430481,8744,560775,1938400
1741,414,445,430067,8713,561220,1870900
1742,412,438,429655,8687,561658,1859500
1743,422,430,429233,8679,562088,1827700
1744,445,414,428788,8710,562502,1789400
1745,430,438,428358,8702,562940,1775100
1746,400,459,427958,8643,563399,1817800
1747,456,428,427502,8671,563827,1993000
1748,416,434,427086,8653,564261,1864900
1749,429,427,426657,8655,564688,1798800
1750,372,414,426285,8613,565102,2191000
1751,396,442,425889,8567,565544,1844600
1752,432,434,425457,8565,565978,1809200
1753,454,427,425003,8592,566405,1826300
1754,411,455,424592,8548,566860,1864100
1755,429,435,424163,8542,567295,1783800
1756,398,405,423765,8535,567700,1842600
1757,435,442,423330,8528,568142,1783500
1758,425,447,422905,8506,568589,1973900
1759,399,418,422506,8487,569007,1811900
1760,409,439,422097,8457,569446,1773200
1761,422,437,421675,8442,569883,1772800
1762,450,454,421225,8438,570337,1934700
1763,454,417,420771,8475,570754,1781700
1764,426,373,420345,8528,571127,1788800
1765,417,447,419928,8498,571574,1941400
1766,415,436,419513,8477,572010,1804100
1767,435,437,419078,8475,572447,1804000
1768,407,408,418671,8474,572855,1985300
1769,411,425,418260,8460,573280,1870100
1770,412,385,417848,8487,573665,1944400
1771,440,436,417408,8491,574101,1823800
1772,436,419,416972,8508,574520,1864400
1773,451,410,416521,8549,574930,1985400
1774,389,413,416132,8525,575343,1970700
1775,397,416,415735,8506,575759,1820300
1776,458,415,415277,8549,576174,1836700
1777,451,409,414826,8591,576583,1837400
1778,461,438,414365,8614,577021,1874200
1779,465,445,413900,8634,577466,1842000
1780,450,432,413450,8652,577898,1943200
1781,417,417,413033,8652,578315,2024300
1782,434,390,412599,8696,578705,2045000
1783,450,386,412149,8760,579091,2267900
1784,461,482,411688,8739,579573,2197900
1785,456,425,411232,8770,579998,2142100
1786,426,425,410806,8771,580423,2117600
1787,450,447,410356,8774,580870,1945500
1788,454,455,409902,8773,581325,1892800
1789,414,445,409488,8742,581770,1938800
1790,452,400,409036,8794,582170,1960500
1791,465,419,408571,8840,582589,1851300
1792,480,454,408091,8866,583043,1907800
1793,483,447,407608,8902,583490,2311100
1794,465,424,407143,8943,583914,2190900
1795,442,467,406701,8918,584381,1922800
1796,460,425,406241,8953,584806,2075700
1797,421,487,405820,8887,585293,2069200
1798,451,456,405369,8882,585749,2072800
1799,401,437,404968,8846,586186,1986300
1800,439,473,404529,8812,586659,2065600
1801,443,475,404086,8780,587134,1906000
1802,433,434,403653,8779,587568,2012000
1803,428,438,403225,8769,588006,1959600
1804,455,435,402770,8789,588441,1895300
1805,438,424,402332,8803,588865,1957000
1806,458,448,401874,8813,589313,1932600
1807,443,442,401431,8814,589755,1945900
1808,425,473,401006,8766,590228,1988000
1809,452,462,400554,8756,590690,2000400
1810,443,405,400111,8794,591095,2022300
1811,471,406,399640,8859,591501,1980800
1812,475,430,399165,8904,591931,2313500
1813,399,461,398766,8842,592392,2014600
1814,444,429,398322,8857,592821,2071600
1815,449,460,397873,8846,593281,1935500
1816,446,402,397427,8890,593683,1947300
1817,461,453,396966,8898,594136,1965200
1818,421,450,396545,8869,594586,2037800
1819,409,427,396136,8851,595013,2112500
1820,420,410,395716,8861,595423,2000100
1821,449,398,395267,8912,595821,2026100
1822,458,456,394809,8914,596277,1905900
1823,425,461,394384,8878,596738,1982900
1824,464,461,393920,8881,597199,1925200
1825,432,474,393488,8839,597673,1996700
1826,423,436,393065,8826,598109,1957400
1827,455,435,392610,8846,598544,1959300
1828,455,453,392155,8848,598997,1989600
1829,502,475,391653,8875,599472,1850400
1830,474,452,391179,8897,599924,1931400
1831,438,458,390741,8877,600382,1903100
1832,434,485,390307,8826,600867,1901700
1833,436,469,389871,8793,601336,1946600
1834,486,434,389385,8845,601770,2026400
1835,473,453,388912,8865,602223,1994900
1836,464,416,388448,8913,602639,2073500
1837,474,428,387974,8959,603067,2098100
1838,438,458,387536,8939,603525,2152900
1839,455,430,387081,8964,603955,2170700
1840,469,482,386612,8951,604437,2334400
1841,460,464,386152,8947,604901,2255100
1842,440,495,385712,8892,605396,2411300
1843,480,398,385232,8974,605794,2210700
1844,432,448,384800,8958,606242,2209100
1845,446,430,384354,8974,606672,2210000
1846,445,433,383909,8986,607105,2154600
1847,426,453,383483,8959,607558,2232800
1848,406,440,383077,8925,607998,2455800
1849,444,468,382633,8901,608466,2225100
1850,480,450,382153,8931,608916,2512400
1851,441,462,381712,8910,609378,2172800
1852,460,456,381252,8914,609834,2296000
1853,437,463,380815,8888,610297,2373400
1854,464,463,380351,8889,610760,2770000
1855,474,460,379877,8903,611220,2221300
1856,436,436,379441,8903,611656,2226700
1857,479,453,378962,8929,612109,2261200
1858,487,463,378475,8953,612572,2035100
1859,456,436,378019,8973,613008,2237800
1860,464,432,377555,9005,613440,2170300
1861,472,433,377083,9044,613873,2130300
1862,469,443,376614,9070,614316,2178400
1863,489,462,376125,9097,614778,2023200
1864,459,436,375666,9120,615214,1993800
1865,493,454,375173,9159,615668,2131600
1866,464,464,374709,9159,616132,1991000
1867,469,469,374240,9159,616601,2279600
1868,472,424,373768,9207,617025,1995400
1869,463,472,373305,9198,617497,1963900
1870,474,448,372831,9224,617945,1992500
1871,455,464,372376,9215,618409,1975400
1872,450,510,371926,9155,618919,2001100
1873,476,479,371450,9152,619398,1947300
1874,436,443,371014,9145,619841,2129200
1875,457,439,370557,9163,620280,2040700
1876,490,449,370067,9204,620729,1972100
1877,458,453,369609,9209,621182,2090400
1878,435,506,369174,9138,621688,2115300
1879,429,446,368745,9121,622134,2321200
1880,472,494,368273,9099,622628,2109500
1881,462,467,367811,9094,623095,2288700
1882,434,474,367377,9054,623569,2297200
1883,442,476,366935,9020,624045,2192900
1884,475,453,366460,9042,624498,2237400
1885,432,460,366028,9014,624958,2474900
1886,459,466,365569,9007,625424,2115600
1887,423,445,365146,8985,625869,2217700
1888,444,454,364702,8975,626323,2347300
1889,441,491,364261,8925,626814,2134400
1890,427,455,363834,8897,627269,2334600
1891,484,455,363350,8926,627724,4739100
1892,437,444,362913,8919,628168,5051400
1893,452,453,362461,8918,628621,8241200
1894,440,426,362021,8932,629047,7654200
1895,408,437,361613,8903,629484,6286300
1896,463,476,361150,8890,629960,3003600
1897,460,422,360690,8928,630382,3549100
1898,458,465,360232,8921,630847,3229000
1899,409,444,359823,8886,631291,3130700
1900,400,424,359423,8862,631715,3165500
1901,412,503,359011,8771,632218,2914100
1902,452,449,358559,8774,632667,3029600
1903,413,399,358146,8788,633066,3506700
1904,431,470,357715,8749,633536,2623200
1905,438,451,357277,8736,633987,2657400
1906,435,437,356842,8734,634424,4270100
1907,423,435,356419,8722,634859,8572600
1908,431,430,355988,8723,635289,3542500
1909,467,482,355521,8708,635771,3792300
1910,471,462,355050,8717,636233,2624600
1911,436,402,354614,8751,636635,3326000
1912,412,459,354202,8704,637094,2981700
1913,465,453,353737,8716,637547,2540800
1914,441,454,353296,8703,638001,2400100
1915,401,437,352895,8667,638438,2355500
1916,433,440,352462,8660,638878,2161400
1917,468,446,351994,8682,639324,2291600
1918,425,399,351569,8708,639723,2138100
1919,460,450,351109,8718,640173,2054600
1920,480,435,350629,8763,640608,2145200
1921,446,452,350183,8757,641060,2279700
1922,450,417,349733,8790,641477,2208500
1923,463,433,349270,8820,641910,2565400
1924,454,432,348816,8842,642342,2214800
1925,480,433,348336,8889,642775,2510300
1926,461,452,347875,8898,643227,2528000
1927,477,436,347398,8939,643663,2177800
1928,461,434,346937,8966,644097,2211400
1929,488,449,346449,9005,644546,2127500
1930,446,439,346003,9012,644985,2088500
1931,472,427,345531,9057,645412,2067000
1932,438,420,345093,9075,645832,2113800
1933,461,484,344632,9052,646316,2224900
1934,447,446,344185,9053,646762,2498400
1935,473,425,343712,9101,647187,2429400
1936,450,465,343262,9086,647652,2335000
1937,471,439,342791,9118,648091,2241200
1938,442,473,342349,9087,648564,2293500
1939,428,452,341921,9063,649016,2676200
1940,432,468,341489,9027,649484,2909500
1941,407,471,341082,8963,649955,2429800
1942,397,476,340685,8884,650431,2301600
1943,448,412,340237,8920,650843,2358800
1944,427,464,339810,8883,651307,2412500
1945,455,416,339355,8922,651723,2228100
1946,433,407,338922,8948,652130,2106000
1947,432,452,338490,8928,652582,2388200
1948,452,452,338038,8928,653034,2409900
1949,436,451,337602,8913,653485,2249900
1950,431,423,337171,8921,653908,2090900
1951,424,432,336747,8913,654340,2231000
1952,426,478,336321,8861,654818,2156300
1953,429,432,335892,8858,655250,2031400
1954,433,457,335459,8834,655707,2083000
1955,427,438,335032,8823,656145,2296400
1956,424,445,334608,8802,656590,2197000
1957,439,466,334169,8775,657056,2221900
1958,427,467,333742,8735,657523,2223300
1959,432,447,333310,8720,657970,2028400
1960,417,444,332893,8693,658414,2162900
1961,434,427,332459,8700,658841,2264400
1962,452,411,332007,8741,659252,2028500
1963,458,450,331549,8749,659702,1987200
1964,440,447,331109,8742,660149,2204100
1965,464,437,330645,8769,660586,2151900
1966,427,398,330218,8798,660984,2126700
1967,411,391,329807,8818,661375,1980400
1968,406,453,329401,8771,661828,2074400
1969,495,440,328906,8826,662268,2077300
1970,466,424,328440,8868,662692,2145300
1971,434,486,328006,8816,663178,2037900
1972,454,451,327552,8819,663629,1985700
1973,431,425,327121,8825,664054,1995600
1974,426,468,326695,8783,664522,2208100
1975,477,453,326218,8807,664975,1982500
1976,457,416,325761,8848,665391,2067900
1977,425,469,325336,8804,665860,2066300
1978,444,426,324892,8822,666286,2239400
1979,417,440,324475,8799,666726,2083900
1980,409,433,324066,8775,667159,2388700
1981,428,424,323638,8779,667583,2090400
1982,435,428,323203,8786,668011,2117000
1983,415,418,322788,8783,668429,2095300
1984,429,457,322359,8755,668886,2368500
1985,434,444,321925,8745,669330,2062500
1986,452,421,321473,8776,669751,2039900
1987,409,430,321064,8755,670181,2061700
1988,437,455,320627,8737,670636,2027000
1989,418,476,320209,8679,671112,2093100
1990,404,403,319805,8680,671515,1994600
1991,411,425,319394,8666,671940,1998400
1992,425,489,318969,8602,672429,2037700
1993,413,421,318556,8594,672850,1967800
1994,440,438,318116,8596,673288,2076800
1995,391,421,317725,8566,673709,2107300
1996,429,404,317296,8591,674113,2136400
1997,408,463,316888,8536,674576,1984500
1998,430,434,316458,8532,675010,1952200
1999,444,450,316014,8526,675460,2181800
2000,390,436,315624,8480,675896,2074700
2001,420,428,315204,8472,676324,2113400
2002,399,427,314805,8444,676751,2057700
2003,442,411,314363,8475,677162,2166300
2004,452,441,313911,8486,677603,2376400
2005,429,451,313482,8464,678054,2194000
2006,422,389,313060,8497,678443,2081500
2007,428,437,312632,8488,678880,2085600
2008,459,450,312173,8497,679330,2154100
2009,463,459,311710,8501,679789,2170200
2010,462,415,311248,8548,680204,2095200
2011,426,426,310822,8548,680630,2288000
2012,450,455,310372,8543,681085,2013700
2013,403,411,309969,8535,681496,2173900
2014,398,455,309571,8478,681951,2257900
2015,431,427,309140,8482,682378,2119400
2016,433,406,308707,8509,682784,2088600
2017,428,434,308279,8503,683218,2083400
2018,415,428,307864,8490,683646,2125300
2019,431,424,307433,8497,684070,2046300
2020,445,475,306988,8467,684545,2108500
2021,440,397,306548,8510,684942,2068400
2022,440,413,306108,8537,685355,1978800
2023,441,433,305667,8545,685788,2106000
2024,428,440,305239,8533,686228,2005700
2025,387,393,304852,8527,686621,2029700
2026,433,415,304419,8545,687036,2004300
2027,422,451,303997,8516,687487,2053200
2028,413,402,303584,8527,687889,1980800
2029,433,459,303151,8501,688348,2218200
2030,449,443,302702,8507,688791,2186700
2031,373,405,302329,8475,689196,2407600
2032,403,437,301926,8441,689633,2169600
2033,425,455,301501,8411,690088,2182900
2034,441,426,301060,8426,690514,2226300
2035,429,388,300631,8467,690902,2247800
2036,380,445,300251,8402,691347,2121500
2037,404,426,299847,8380,691773,2141800
2038,427,414,299420,8393,692187,2073200
2039,438,444,298982,8387,692631,2039100
2040,434,427,298548,8394,693058,2336100
2041,428,403,298120,8419,693461,2291800
2042,401,432,297719,8388,693893,2551500
2043,385,441,297334,8332,694334,3043100
2044,445,400,296889,8377,694734,2321700
2045,359,412,296530,8324,695146,2771500
2046,375,377,296155,8322,695523,2480000
2047,369,416,295786,8275,695939,2711300
2048,415,390,295371,8300,696329,2841300
2049,415,430,294956,8285,696759,2135300
2050,408,430,294548,8263,697189,2269500
2051,435,380,294113,8318,697569,2229300
2052,401,405,293712,8314,697974,2459200
2053,409,427,293303,8296,698401,2235900
2054,432,422,292871,8306,698823,2144900
2055,392,417,292479,8281,699240,2131500
2056,395,386,292084,8290,699626,2266200
2057,405,411,291679,8284,700037,2258200
2058,401,396,291278,8289,700433,2133200
2059,360,436,290918,8213,700869,2160900
2060,397,442,290521,8168,701311,2135100
2061,396,401,290125,8163,701712,2393200
2062,415,375,289710,8203,702087,2197500
2063,402,415,289308,8190,702502,11009600
2064,423,442,288885,8171,702944,2282300
2065,404,419,288481,8156,703363,2220400
2066,376,399,288105,8133,703762,2279100
2067,401,445,287704,8089,704207,2240800
2068,392,420,287312,8061,704627,2322400
2069,386,387,286926,8060,705014,17773500
2070,394,367,286532,8087,705381,7216800
2071,402,368,286130,8121,705749,2519000
2072,395,363,285735,8153,706112,2187600
2073,378,407,285357,8124,706519,2081500
2074,401,389,284956,8136,706908,2134900
2075,413,378,284543,8171,707286,3499800
2076,396,462,284147,8105,707748,4778900
2077,390,418,283757,8077,708166,2243700
2078,360,390,283397,8047,708556,2082700
2079,385,434,283012,7998,708990,1971800
2080,365,403,282647,7960,709393,1962600
2081,385,405,282262,7940,709798,2258400
2082,389,373,281873,7956,710171,2815000
2083,373,418,281500,7911,710589,3634900
2084,380,413,281120,7878,711002,3304200
2085,338,375,280782,7841,711377,2452300
2086,330,381,280452,7790,711758,2323100
2087,373,377,280079,7786,712135,2276700
2088,380,380,279699,7786,712515,2307700
2089,380,426,279319,7740,712941,2303500
2090,363,403,278956,7700,713344,2160900
2091,339,364,278617,7675,713708,1997600
2092,354,374,278263,7655,714082,1959200
2093,357,355,277906,7657,714437,2111100
2094,372,399,277534,7630,714836,1878700
2095,337,366,277197,7601,715202,1907600
2096,363,365,276834,7599,715567,1941300
2097,363,375,276471,7587,715942,1923200
2098,314,412,276157,7489,716354,1868100
2099,343,383,275814,7449,716737,1923800
2100,316,375,275498,7390,717112,1891800
2101,368,351,275130,7407,717463,1905200
2102,316,389,274814,7334,717852,1909800
2103,335,349,274479,7320,718201,1919400
2104,338,374,274141,7284,718575,1981700
2105,347,360,273794,7271,718935,2014500
2106,334,331,273460,7274,719266,2028200
2107,336,362,273124,7248,719628,1943400
2108,363,357,272761,7254,719985,1889300
2109,331,327,272430,7258,720312,1875800
2110,348,389,272082,7217,720701,1908200
2111,348,337,271734,7228,721038,1921500
2112,351,382,271383,7197,721420,1922600
2113,345,334,271038,7208,721754,2000100
2114,338,372,270700,7174,722126,2007600
2115,345,371,270355,7148,722497,1960800
2116,331,359,270024,7120,722856,1954000
2117,364,356,269660,7128,723212,1866300
2118,335,365,269325,7098,723577,1947000
2119,353,364,268972,7087,723941,2039900
2120,321,322,268651,7086,724263,2227200
2121,323,371,268328,7038,724634,1917600
2122,345,354,267983,7029,724988,1766300
2123,340,347,267643,7022,725335,1824300
2124,326,370,267317,6978,725705,1785900
2125,317,348,267000,6947,726053,1777200
2126,337,335,266663,6949,726388,1736600
2127,324,344,266339,6929,726732,1786800
2128,335,350,266004,6914,727082,1802700
2129,340,315,265664,6939,727397,1779600
2130,357,357,265307,6939,727754,1753700
2131,318,309,264989,6948,728063,1850900
2132,351,324,264638,6975,728387,1841300
2133,355,367,264283,6963,728754,1727800
2134,330,341,263953,6952,729095,1795100
2135,325,363,263628,6914,729458,1739300
2136,331,332,263297,6913,729790,1749500
2137,332,319,262965,6926,730109,2048200
2138,324,330,262641,6920,730439,1782400
2139,309,341,262332,6888,730780,1743200
2140,294,362,262038,6820,731142,1700300
2141,326,374,261712,6772,731516,1707300
2142,292,318,261420,6746,731834,2065100
2143,334,340,261086,6740,732174,1785000
2144,281,338,260805,6683,732512,1746200
2145,313,330,260492,6666,732842,2031800
2146,318,354,260174,6630,733196,2012500
2147,318,317,259856,6631,733513,1719000
2148,302,346,259554,6587,733859,1806400
2149,318,345,259236,6560,734204,1746000
2150,310,332,258926,6538,734536,2175100
2151,315,342,258611,6511,734878,1792700
2152,300,322,258311,6489,735200,1788100
2153,287,332,258024,6444,735532,1765800
2154,295,329,257729,6410,735861,1824300
2155,292,338,257437,6364,736199,1808300
2156,319,308,257118,6375,736507,1848700
2157,302,334,256816,6343,736841,1827300
2158,315,315,256501,6343,737156,1864400
2159,320,315,256181,6348,737471,1885400
2160,308,329,255873,6327,737800,1782200
2161,312,329,255561,6310,738129,1814700
2162,301,340,255260,6271,738469,1780000
2163,281,290,254979,6262,738759,1816400
2164,303,302,254676,6263,739061,1786100
2165,340,310,254336,6293,739371,1727000
2166,357,300,253979,6350,739671,1687600
2167,306,325,253673,6331,739996,1777200
2168,296,313,253377,6314,740309,1718200
2169,352,317,253025,6349,740626,1772800
2170,316,287,252709,6378,740913,1752600
2171,317,324,252392,6371,741237,1762200
2172,327,303,252065,6395,741540,1783000
2173,302,318,251763,6379,741858,1753400
2174,318,327,251445,6370,742185,1724300
2175,277,291,251168,6356,742476,1795800
2176,290,325,250878,6321,742801,1746900
2177,284,329,250594,6276,743130,1747200
2178,293,298,250301,6271,743428,1766300
2179,265,315,250036,6221,743743,1796500
2180,302,308,249734,6215,744051,1799600
2181,283,329,249451,6169,744380,1842600
2182,296,324,249155,6141,744704,1784400
2183,285,326,248870,6100,745030,1850200
2184,317,300,248553,6117,745330,1772800
2185,278,305,248275,6090,745635,1797200
2186,299,310,247976,6079,745945,1735500
2187,312,318,247664,6073,746263,1788000
2188,282,320,247382,6035,746583,1731800
2189,294,310,247088,6019,746893,2037200
2190,299,264,246789,6054,747157,1844800
2191,282,296,246507,6040,747453,1781400
2192,312,321,246195,6031,747774,1842200
2193,306,322,245889,6015,748096,1804500
2194,308,296,245581,6027,748392,1850100
2195,303,283,245278,6047,748675,2067200
2196,308,330,244970,6025,749005,1894300
2197,276,302,244694,5999,749307,1964200
2198,299,284,244395,6014,749591,2595900
2199,319,286,244076,6047,749877,4594400
2200,322,314,243754,6055,750191,18689100
2201,270,325,243484,6000,750516,5236900
2202,311,294,243173,6017,750810,2397500
2203,305,287,242868,6035,751097,1821400
2204,269,301,242599,6003,751398,2018200
2205,283,280,242316,6006,751678,2627600
2206,305,276,242011,6035,751954,2840100
2207,283,313,241728,6005,752267,2542400
2208,290,326,241438,5969,752593,2746700
2209,283,290,241155,5962,752883,2630700
2210,285,310,240870,5937,753193,2260400
2211,302,297,240568,5942,753490,2198500
2212,284,331,240284,5895,753821,2268800
2213,292,339,239992,5848,754160,2345800
2214,307,286,239685,5869,754446,2534500
2215,278,281,239407,5866,754727,2144300
2216,306,284,239101,5888,755011,2247100
2217,298,311,238803,5875,755322,1974000
2218,298,309,238505,5864,755631,2011000
2219,279,310,238226,5833,755941,2245800
2220,303,288,237923,5848,756229,2141300
2221,270,300,237653,5818,756529,5314100
2222,271,289,237382,5800,756818,2328900
2223,262,286,237120,5776,757104,1913900
2224,291,249,236829,5818,757353,1867600
2225,309,274,236520,5853,757627,1775800
2226,287,266,236233,5874,757893,1836400
2227,326,287,235907,5913,758180,1923400
2228,302,276,235605,5939,758456,1852800
2229,333,304,235272,5968,758760,1846700
2230,310,283,234962,5995,759043,1804300
2231,324,306,234638,6013,759349,1843300
2232,339,296,234299,6056,759645,1953600
2233,329,310,233970,6075,759955,1811000
2234,277,325,233693,6027,760280,1744600
2235,296,305,233397,6018,760585,1714500
2236,287,296,233110,6009,760881,1883100
2237,267,287,232843,5989,761168,2011900
2238,283,304,232560,5968,761472,2180300
2239,296,281,232264,5983,761753,1969800
2240,297,317,231967,5963,762070,1738000
2241,293,315,231674,5941,762385,1730500
2242,321,276,231353,5986,762661,1791200
2243,298,296,231055,5988,762957,1751900
2244,281,305,230774,5964,763262,1728200
2245,269,313,230505,5920,763575,1809500
2246,283,286,230222,5917,763861,1766500
2247,296,263,229926,5950,764124,1760100
2248,280,287,229646,5943,764411,1723800
2249,284,305,229362,5922,764716,1907500
2250,281,302,229081,5901,765018,1853200
2251,317,304,228764,5914,765322,1734900
2252,286,298,228478,5902,765620,1762700
2253,296,277,228182,5921,765897,1969800
2254,260,296,227922,5885,766193,1729300
2255,288,321,227634,5852,766514,1733200
2256,277,294,227357,5835,766808,1744900
2257,274,301,227083,5808,767109,1730400
2258,288,304,226795,5792,767413,1828700
2259,302,305,226493,5789,767718,1741500
2260,276,280,226217,5785,767998,1717900
2261,268,280,225949,5773,768278,1724400
2262,280,290,225669,5763,768568,1840500
2263,261,306,225408,5718,768874,1797700
2264,257,276,225151,5699,769150,2289600
2265,312,279,224839,5732,769429,1757700
2266,305,293,224534,5744,769722,1743500
2267,280,306,224254,5718,770028,1815800
2268,276,298,223978,5696,770326,1855000
2269,294,283,223684,5707,770609,2032300
2270,298,302,223386,5703,770911,1817400
2271,275,269,223111,5709,771180,1752900
2272,273,287,222838,5695,771467,1776400
2273,257,294,222581,5658,771761,1915100
2274,274,281,222307,5651,772042,1919400
2275,296,257,222011,5690,772299,1746900
2276,287,274,221724,5703,772573,1751200
2277,293,288,221431,5708,772861,1776600
2278,296,266,221135,5738,773127,1759500
2279,247,293,220888,5692,773420,1704700
2280,286,301,220602,5677,773721,1865100
2281,289,300,220313,5666,774021,1796900
2282,295,302,220018,5659,774323,1798800
2283,274,250,219744,5683,774573,1724900
2284,269,280,219475,5672,774853,1708300
2285,268,304,219207,5636,775157,1722700
2286,259,304,218948,5591,775461,1702400
2287,311,316,218637,5586,775777,1714600
2288,272,278,218365,5580,776055,1892100
2289,265,264,218100,5581,776319,1808800
2290,273,268,217827,5586,776587,1776900
2291,292,257,217535,5621,776844,2064600
2292,252,290,217283,5583,777134,1728500
2293,270,304,217013,5549,777438,2057600
2294,273,278,216740,5544,777716,1721400
2295,257,283,216483,5518,777999,1700000
2296,272,291,216211,5499,778290,1791800
2297,292,305,215919,5486,778595,1859400
2298,272,276,215647,5482,778871,1734500
2299,278,267,215369,5493,779138,1762900
2300,263,275,215106,5481,779413,1746000
2301,272,281,214834,5472,779694,1789600
2302,265,265,214569,5472,779959,1708200
2303,261,246,214308,5487,780205,1738300
2304,254,285,214054,5456,780490,1728800
2305,285,265,213769,5476,780755,1690400
2306,271,261,213498,5486,781016,1736000
2307,261,277,213237,5470,781293,1729400
2308,256,280,212981,5446,781573,1776500
2309,274,303,212707,5417,781876,1838300
2310,273,293,212434,5397,782169,1913400
2311,266,259,212168,5404,782428,1864300
2312,251,271,211917,5384,782699,2018600
2313,255,292,211662,5347,782991,1839900
2314,239,237,211423,5349,783228,1893100
2315,270,308,211153,5311,783536,1998700
2316,260,238,210893,5333,783774,1741000
2317,244,272,210649,5305,784046,2223800
2318,248,246,210401,5307,784292,1843700
2319,232,290,210169,5249,784582,1816200
2320,267,270,209902,5246,784852,2089600
2321,267,252,209635,5261,785104,2037500
2322,226,264,209409,5223,785368,1896600
2323,241,255,209168,5209,785623,1821600
2324,226,243,208942,5192,785866,1764300
2325,252,250,208690,5194,786116,1892600
2326,252,267,208438,5179,786383,1721300
2327,263,283,208175,5159,786666,1790000
2328,254,253,207921,5160,786919,1794200
2329,253,290,207668,5123,787209,1873700
2330,246,243,207422,5126,787452,1839400
2331,251,241,207171,5136,787693,1797500
2332,269,239,206902,5166,787932,1741300
2333,285,282,206617,5169,788214,1741700
2334,288,229,206329,5228,788443,1762900
2335,272,259,206057,5241,788702,1728000
2336,268,260,205789,5249,788962,1720800
2337,274,266,205515,5257,789228,1743900
2338,291,263,205224,5285,789491,2202300
2339,266,264,204958,5287,789755,1971700
2340,266,263,204692,5290,790018,1761500
2341,285,258,204407,5317,790276,2050100
2342,255,252,204152,5320,790528,1858800
2343,278,251,203874,5347,790779,1802000
2344,277,242,203597,5382,791021,1776600
2345,314,252,203283,5444,791273,1779500
2346,276,277,203007,5443,791550,1838500
2347,243,259,202764,5427,791809,1814200
2348,272,235,202492,5464,792044,1963600
2349,265,272,202227,5457,792316,1818300
2350,281,253,201946,5485,792569,1821800
2351,288,254,201658,5519,792823,1819200
2352,254,276,201404,5497,793099,1884000
2353,293,269,201111,5521,793368,1810600
2354,276,276,200835,5521,793644,1948600
2355,280,295,200555,5506,793939,1946900
2356,263,256,200292,5513,794195,4180800
2357,275,280,200017,5508,794475,2459000
2358,263,264,199754,5507,794739,2681400
2359,279,295,199475,5491,795034,7305100
2360,263,286,199212,5468,795320,3287900
2361,268,279,198944,5457,795599,2515300
2362,273,276,198671,5454,795875,2260400
2363,282,267,198389,5469,796142,2368200
2364,261,286,198128,5444,796428,2309500
2365,251,283,197877,5412,796711,2685400
2366,264,281,197613,5395,796992,2216000
2367,255,277,197358,5373,797269,2230500
2368,237,268,197121,5342,797537,2179300
2369,252,261,196869,5333,797798,2277600
2370,269,287,196600,5315,798085,1996100
2371,274,277,196326,5312,798362,1995400
2372,267,283,196059,5296,798645,2003000
2373,258,260,195801,5294,798905,2000000
2374,246,270,195555,5270,799175,1918800
2375,273,301,195282,5242,799476,2063900
2376,260,262,195022,5240,799738,1918200
2377,257,279,194765,5218,800017,1934400
2378,283,267,194482,5234,800284,1947300
2379,271,249,194211,5256,800533,2081300
2380,243,292,193968,5207,800825,2103400
2381,262,267,193706,5202,801092,2042200
2382,238,260,193468,5180,801352,2258400
2383,278,262,193190,5196,801614,2280300
2384,220,266,192970,5150,801880,2166700
2385,257,260,192713,5147,802140,2687000
2386,255,256,192458,5146,802396,4099700
2387,246,249,192212,5143,802645,2539000
2388,256,255,191956,5144,802900,3145600
2389,239,244,191717,5139,803144,7913600
2390,269,277,191448,5131,803421,2615600
2391,224,252,191224,5103,803673,2283400
2392,251,265,190973,5089,803938,2167100
2393,236,270,190737,5055,804208,2165700
2394,236,266,190501,5025,804474,2124600
2395,266,248,190235,5043,804722,3060700
2396,249,264,189986,5028,804986,2214900
2397,260,242,189726,5046,805228,2096900
2398,269,262,189457,5053,805490,2209900
2399,240,231,189217,5062,805721,2053200
2400,271,258,188946,5075,805979,1920000
2401,242,248,188704,5069,806227,1802300
2402,241,245,188463,5065,806472,1787600
2403,254,242,188209,5077,806714,1781800
2404,253,244,187956,5086,806958,1824400
2405,255,264,187701,5077,807222,1932700
2406,246,283,187455,5040,807505,1861700
2407,242,253,187213,5029,807758,1890800
2408,228,247,186985,5010,808005,2037800
2409,251,273,186734,4988,808278,2240600
2410,242,232,186492,4998,808510,1942100
2411,232,253,186260,4977,808763,2217600
2412,246,244,186014,4979,809007,2317300
2413,248,253,185766,4974,809260,1931200
2414,242,247,185524,4969,809507,1937700
2415,224,231,185300,4962,809738,1891200
2416,233,245,185067,4950,809983,1856000
2417,262,261,184805,4951,810244,1871700
2418,266,253,184539,4964,810497,1815300
2419,231,251,184308,4944,810748,1991900
2420,285,247,184023,4982,810995,1852100
2421,256,251,183767,4987,811246,1873900
2422,233,274,183534,4946,811520,2017300
2423,235,211,183299,4970,811731,1908000
2424,246,240,183053,4976,811971,1821300
2425,241,248,182812,4969,812219,1753000
2426,255,259,182557,4965,812478,1856300
2427,249,236,182308,4978,812714,1908100
2428,247,252,182061,4973,812966,1768600
2429,267,257,181794,4983,813223,1753800
2430,242,241,181552,4984,813464,1747300
2431,241,229,181311,4996,813693,1966600
2432,242,253,181069,4985,813946,1799000
2433,243,255,180826,4973,814201,1806300
2434,236,245,180590,4964,814446,1792200
2435,235,245,180355,4954,814691,1763000
2436,254,240,180101,4968,814931,1784200
2437,245,259,179856,4954,815190,1739100
2438,246,232,179610,4968,815422,1811700
2439,267,250,179343,4985,815672,1822300
2440,255,235,179088,5005,815907,1743400
2441,243,256,178845,4992,816163,1770800
2442,262,231,178583,5023,816394,2367500
2443,255,236,178328,5042,816630,1976800
2444,267,231,178061,5078,816861,1751300
2445,270,234,177791,5114,817095,1993400
2446,278,270,177513,5122,817365,1959100
2447,249,238,177264,5133,817603,1977100
2448,278,262,176986,5149,817865,1806700
2449,237,258,176749,5128,818123,1791400
2450,256,253,176493,5131,818376,1720900
2451,260,289,176233,5102,818665,1964200
2452,239,264,175994,5077,818929,1720500
2453,289,247,175705,5119,819176,1813400
2454,263,258,175442,5124,819434,1957000
2455,248,247,175194,5125,819681,1733700
2456,254,252,174940,5127,819933,1750000
2457,269,241,174671,5155,820174,1728800
2458,235,265,174436,5125,820439,1770600
2459,260,266,174176,5119,820705,1694500
2460,263,260,173913,5122,820965,1722700
2461,255,241,173658,5136,821206,1704200
2462,253,267,173405,5122,821473,1835200
2463,243,252,173162,5113,821725,1765400
2464,253,260,172909,5106,821985,1970400
2465,277,224,172632,5159,822209,1762800
2466,255,250,172377,5164,822459,1697900
2467,244,268,172133,5140,822727,1785300
2468,270,241,171863,5169,822968,1737800
2469,261,278,171602,5152,823246,1708000
2470,270,242,171332,5180,823488,1790000
2471,216,249,171116,5147,823737,1785000
2472,241,278,170875,5110,824015,1760600
2473,212,251,170663,5071,824266,1758700
2474,253,246,170410,5078,824512,1730300
2475,252,247,170158,5083,824759,1755400
2476,256,257,169902,5082,825016,1777200
2477,257,246,169645,5093,825262,1767400
2478,261,249,169384,5105,825511,1734700
2479,251,233,169133,5123,825744,1782200
2480,262,247,168871,5138,825991,1787500
2481,270,270,168601,5138,826261,1795100
2482,255,258,168346,5135,826519,1778400
2483,265,282,168081,5118,826801,1753000
2484,252,259,167829,5111,827060,1777700
2485,272,242,167557,5141,827302,1764600
2486,275,239,167282,5177,827541,1800100
2487,244,227,167038,5194,827768,1830800
2488,256,262,166782,5188,828030,1868800
2489,265,249,166517,5204,828279,1818000
2490,243,269,166274,5178,828548,1798700
2491,268,265,166006,5181,828813,1780300
2492,239,270,165767,5150,829083,1795000
2493,262,237,165505,5175,829320,1714700
2494,257,240,165248,5192,829560,1917800
2495,228,266,165020,5154,829826,1783000
2496,244,271,164776,5127,830097,1749000
2497,242,263,164534,5106,830360,1885400
2498,224,241,164310,5089,830601,1768300
2499,246,263,164064,5072,830864,1712900
2500,193,259,163871,5006,831123,1842800
2501,250,250,163621,5006,831373,1869500
2502,243,269,163378,4980,831642,1835100
2503,243,244,163135,4979,831886,1947000
2504,225,230,162910,4974,832116,1851100
2505,234,249,162676,4959,832365,1802500
2506,234,253,162442,4940,832618,1797300
2507,215,225,162227,4930,832843,1837200
2508,223,244,162004,4909,833087,1811300
2509,254,246,161750,4917,833333,1972000
2510,227,247,161523,4897,833580,1927300
2511,234,225,161289,4906,833805,1827100
2512,245,241,161044,4910,834046,1756800
2513,234,262,160810,4882,834308,1948100
2514,248,221,160562,4909,834529,2145600
2515,229,219,160333,4919,834748,2150800
2516,263,247,160070,4935,834995,2019500
2517,246,240,159824,4941,835235,2170500
2518,212,244,159612,4909,835479,1942900
2519,241,252,159371,4898,835731,1965200
2520,230,243,159141,4885,835974,1963800
2521,243,229,158898,4899,836203,1927600
2522,242,235,158656,4906,836438,2045500
2523,224,247,158432,4883,836685,1852500
2524,247,244,158185,4886,836929,1789700
2525,252,249,157933,4889,837178,1767700
2526,284,251,157649,4922,837429,1828100
2527,233,282,157416,4873,837711,1989500
2528,255,250,157161,4878,837961,1818800
2529,272,246,156889,4904,838207,2055800
2530,235,234,156654,4905,838441,1867000
2531,257,277,156397,4885,838718,1797600
2532,268,219,156129,4934,838937,1742900
2533,269,235,155860,4968,839172,1776000
2534,254,260,155606,4962,839432,2036000
2535,259,256,155347,4965,839688,1771400
2536,261,264,155086,4962,839952,1932800
2537,275,257,154811,4980,840209,2032700
2538,222,250,154589,4952,840459,1852900
2539,255,249,154334,4958,840708,1812000
2540,269,253,154065,4974,840961,1789100
2541,245,280,153820,4939,841241,1790800
2542,254,249,153566,4944,841490,1783500
2543,233,239,153333,4938,841729,1793900
2544,277,226,153056,4989,841955,1768100
2545,258,262,152798,4985,842217,1872800
2546,248,230,152550,5003,842447,1821500
2547,266,231,152284,5038,842678,1840700
2548,271,248,152013,5061,842926,1841100
2549,229,273,151784,5017,843199,1874700
2550,252,264,151532,5005,843463,2025600
2551,266,241,151266,5030,843704,1899600
2552,242,268,151024,5004,843972,1804000
2553,223,279,150801,4948,844251,1792700
2554,259,291,150542,4916,844542,1990200
2555,233,239,150309,4910,844781,1768800
2556,253,258,150056,4905,845039,1790700
2557,229,237,149827,4897,845276,1771700
2558,248,243,149579,4902,845519,1756800
2559,249,251,149330,4900,845770,1718600
2560,250,229,149080,4921,845999,1772000
2561,243,238,148837,4926,846237,1973700
2562,260,265,148577,4921,846502,1908400
2563,235,252,148342,4904,846754,1890000
2564,269,227,148073,4946,846981,1882200
2565,249,270,147824,4925,847251,1943400
2566,223,251,147601,4897,847502,1868000
2567,246,234,147355,4909,847736,1815300
2568,248,256,147107,4901,847992,1852400
2569,281,222,146826,4960,848214,1934200
2570,220,234,146606,4946,848448,1858500
2571,259,251,146347,4954,848699,1898900
2572,283,223,146064,5014,848922,1896000
2573,250,247,145814,5017,849169,1934600
2574,258,232,145556,5043,849401,1988500
2575,244,258,145312,5029,849659,1819700
2576,246,260,145066,5015,849919,1780600
2577,240,250,144826,5005,850169,1757300
2578,255,250,144571,5010,850419,1810100
2579,223,224,144348,5009,850643,1842500
2580,236,230,144112,5015,850873,1803000
2581,257,258,143855,5014,851131,1833800
2582,234,235,143621,5013,851366,1826900
2583,237,253,143384,4997,851619,1877800
2584,233,236,143151,4994,851855,1774600
2585,230,254,142921,4970,852109,1772300
2586,248,242,142673,4976,852351,1810500
2587,245,239,142428,4982,852590,1745500
2588,248,260,142180,4970,852850,2002500
2589,251,256,141929,4965,853106,1907700
2590,268,222,141661,5011,853328,1857000
2591,259,254,141402,5016,853582,1976900
2592,253,227,141149,5042,853809,1891700
2593,246,243,140903,5045,854052,1861500
2594,241,239,140662,5047,854291,1899700
2595,208,260,140454,4995,854551,1841900
2596,241,267,140213,4969,854818,1945100
2597,244,245,139969,4968,855063,1919500
2598,257,244,139712,4981,855307,1914100
2599,253,228,139459,5006,855535,1964600
2600,256,216,139203,5046,855751,1989200
2601,228,233,138975,5041,855984,1904300
2602,244,223,138731,5062,856207,2019300
2603,250,242,138481,5070,856449,2070500
2604,241,252,138240,5059,856701,2040700
2605,252,266,137988,5045,856967,1959600
2606,251,256,137737,5040,857223,2101500
2607,260,224,137477,5076,857447,1948300
2608,251,265,137226,5062,857712,1934800
2609,258,267,136968,5053,857979,1835100
2610,234,263,136734,5024,858242,1848000
2611,226,264,136508,4986,858506,1918200
2612,265,273,136243,4978,858779,2036400
2613,247,250,135996,4975,859029,1847700
2614,249,252,135747,4972,859281,1863600
2615,229,243,135518,4958,859524,1882900
2616,233,224,135285,4967,859748,1894400
2617,234,253,135051,4948,860001,2471300
2618,218,270,134833,4896,860271,1996000
2619,249,259,134584,4886,860530,1823100
2620,216,256,134368,4846,860786,2107900
2621,247,246,134121,4847,861032,1855700
2622,205,272,133916,4780,861304,1871200
2623,209,265,133707,4724,861569,2137600
2624,214,219,133493,4719,861788,1868300
2625,214,236,133279,4697,862024,1839500
2626,222,241,133057,4678,862265,1916200
2627,232,230,132825,4680,862495,1889500
2628,222,203,132603,4699,862698,1869700
2629,226,226,132377,4699,862924,1841800
2630,223,221,132154,4701,863145,1882300
2631,233,239,131921,4695,863384,2154100
2632,252,253,131669,4694,863637,1895400
2633,220,229,131449,4685,863866,1840100
2634,234,237,131215,4682,864103,1841800
2635,203,240,131012,4645,864343,1949200
2636,233,208,130779,4670,864551,2058700
2637,248,241,130531,4677,864792,1907400
2638,217,212,130314,4682,865004,1890100
2639,216,234,130098,4664,865238,1891300
2640,264,208,129834,4720,865446,1838100
2641,221,250,129613,4691,865696,1797900
2642,237,232,129376,4696,865928,1806600
2643,236,225,129140,4707,866153,1840500
2644,224,236,128916,4695,866389,1952500
2645,229,212,128687,4712,866601,1887400
2646,234,253,128453,4693,866854,1898300
2647,236,227,128217,4702,867081,1873200
2648,239,223,127978,4718,867304,1833100
2649,222,245,127756,4695,867549,1841000
2650,225,232,127531,4688,867781,1988700
2651,221,226,127310,4683,868007,1868000
2652,201,231,127109,4653,868238,2043000
2653,230,226,126879,4657,868464,1914400
2654,230,232,126649,4655,868696,1931700
2655,233,236,126416,4652,868932,1818700
2656,235,220,126181,4667,869152,1927700
2657,249,235,125932,4681,869387,1778100
2658,219,252,125713,4648,869639,1793000
2659,206,235,125507,4619,869874,1983100
2660,239,207,125268,4651,870081,2319000
2661,202,225,125066,4628,870306,1920600
2662,243,208,124823,4663,870514,1853400
2663,199,226,124624,4636,870740,1893900
2664,247,223,124377,4660,870963,1882000
2665,241,226,124136,4675,871189,2017100
2666,230,225,123906,4680,871414,1804800
2667,247,237,123659,4690,871651,1796600
2668,223,241,123436,4672,871892,1856200
2669,244,231,123192,4685,872123,1930600
2670,236,255,122956,4666,872378,1917100
2671,249,242,122707,4673,872620,2090600
2672,238,211,122469,4700,872831,1969800
2673,214,227,122255,4687,873058,1842100
2674,241,222,122014,4706,873280,1798100
2675,208,220,121806,4694,873500,1871900
2676,240,233,121566,4701,873733,1872700
2677,214,247,121352,4668,873980,1876200
2678,231,239,121121,4660,874219,2158200
2679,246,218,120875,4688,874437,2067900
2680,219,231,120656,4676,874668,1868100
2681,244,234,120412,4686,874902,1867800
2682,221,243,120191,4664,875145,1850000
2683,243,231,119948,4676,875376,2128800
2684,231,222,119717,4685,875598,1942100
2685,229,227,119488,4687,875825,2018500
2686,244,247,119244,4684,876072,2213100
2687,241,224,119003,4701,876296,1940800
2688,238,239,118765,4700,876535,1853300
2689,227,215,118538,4712,876750,1876600
2690,210,232,118328,4690,876982,1837400
2691,228,248,118100,4670,877230,1811700
2692,251,240,117849,4681,877470,2037300
2693,229,260,117620,4650,877730,1975500
2694,229,232,117391,4647,877962,1955700
2695,234,252,117157,4629,878214,1930500
2696,228,204,116929,4653,878418,1961500
2697,235,231,116694,4657,878649,2030200
2698,224,227,116470,4654,878876,2052100
2699,213,240,116257,4627,879116,1958500
2700,243,224,116014,4646,879340,2016700
2701,243,207,115771,4682,879547,2179000
2702,254,201,115517,4735,879748,1981700
2703,223,231,115294,4727,879979,2203300
2704,231,251,115063,4707,880230,2019800
2705,224,211,114839,4720,880441,1953500
2706,213,232,114626,4701,880673,1995600
2707,246,239,114380,4708,880912,2006700
2708,231,224,114149,4715,881136,1979900
2709,217,240,113932,4692,881376,2205100
2710,219,238,113713,4673,881614,2033000
2711,231,227,113482,4677,881841,1902000
2712,225,222,113257,4680,882063,1992100
2713,223,260,113034,4643,882323,1903100
2714,230,219,112804,4654,882542,1848300
2715,235,236,112569,4653,882778,1958600
2716,253,222,112316,4684,883000,1911100
2717,220,227,112096,4677,883227,2414000
2718,252,250,111844,4679,883477,2073600
2719,217,233,111627,4663,883710,2310900
2720,233,220,111394,4676,883930,2385100
2721,223,246,111171,4653,884176,2395200
2722,227,243,110944,4637,884419,2286400
2723,219,242,110725,4614,884661,2357600
2724,231,246,110494,4599,884907,2121000
2725,204,216,110290,4587,885123,2204800
2726,246,252,110044,4581,885375,2079100
2727,230,206,109814,4605,885581,1971500
2728,207,209,109607,4603,885790,1942900
2729,218,210,109389,4611,886000,2019500
2730,231,253,109158,4589,886253,2189900
2731,223,212,108935,4600,886465,2124500
2732,247,240,108688,4607,886705,1917100
2733,185,225,108503,4567,886930,2100700
2734,224,242,108279,4549,887172,1840300
2735,216,202,108063,4563,887374,2073100
2736,215,253,107848,4525,887627,1983700
2737,196,232,107652,4489,887859,1830900
2738,196,225,107456,4460,888084,2287300
2739,183,248,107273,4395,888332,2031900
2740,212,215,107061,4392,888547,2336700
2741,193,241,106868,4344,888788,2021600
2742,202,222,106666,4324,889010,1953000
2743,202,207,106464,4319,889217,2092600
2744,232,205,106232,4346,889422,1955300
2745,198,216,106034,4328,889638,1831300
2746,190,231,105844,4287,889869,1886900
2747,221,210,105623,4298,890079,1994800
2748,203,200,105420,4301,890279,1831900
2749,208,199,105212,4310,890478,1833300
2750,215,211,104997,4314,890689,1827000
2751,195,218,104802,4291,890907,1772700
2752,190,238,104612,4243,891145,1852900
2753,207,210,104405,4240,891355,1901400
2754,212,222,104193,4230,891577,1872100
2755,210,212,103983,4228,891789,1844800
2756,181,235,103802,4174,892024,1937300
2757,194,241,103608,4127,892265,1863700
2758,196,193,103412,4130,892458,1837500
2759,211,211,103201,4130,892669,1872600
2760,188,213,103013,4105,892882,1800300
2761,188,185,102825,4108,893067,1757700
2762,198,226,102627,4080,893293,1713300
2763,201,188,102426,4093,893481,1717900
2764,221,202,102205,4112,893683,1783400
2765,209,224,101996,4097,893907,1892400
2766,202,174,101794,4125,894081,1827900
2767,176,201,101618,4100,894282,1798300
2768,191,195,101427,4096,894477,1781700
2769,179,210,101248,4065,894687,1790700
2770,192,223,101056,4034,894910,2024000
2771,206,212,100850,4028,895122,1959400
2772,215,214,100635,4029,895336,1905800
2773,199,223,100436,4005,895559,2093800
2774,212,195,100224,4022,895754,1835100
2775,209,205,100015,4026,895959,1793300
2776,197,197,99818,4026,896156,1793100
2777,231,217,99587,4040,896373,1819200
2778,213,203,99374,4050,896576,2142500
2779,191,184,99183,4057,896760,1937800
2780,188,189,98995,4056,896949,1896800
2781,183,218,98812,4021,897167,2044400
2782,202,229,98610,3994,897396,1740400
2783,184,206,98426,3972,897602,1813400
2784,181,191,98245,3962,897793,1878900
2785,199,179,98046,3982,897972,1803600
2786,189,191,97857,3980,898163,1792500
2787,190,207,97667,3963,898370,1788700
2788,179,180,97488,3962,898550,1791100
2789,185,186,97303,3961,898736,1819100
2790,205,196,97098,3970,898932,2038800
2791,167,193,96931,3944,899125,1855800
2792,174,171,96757,3947,899296,1832600
2793,194,187,96563,3954,899483,1802100
2794,191,207,96372,3938,899690,1808900
2795,199,208,96173,3929,899898,1815600
2796,191,221,95982,3899,900119,1832300
2797,183,191,95799,3891,900310,1923900
2798,200,180,95599,3911,900490,1895100
2799,201,206,95398,3906,900696,2220400
2800,174,175,95224,3905,900871,1837600
2801,189,182,95035,3912,901053,1777400
2802,214,189,94821,3937,901242,2002600
2803,201,182,94620,3956,901424,1946600
2804,202,194,94418,3964,901618,1910900
2805,214,215,94204,3963,901833,1954200
2806,195,198,94009,3960,902031,1837600
2807,200,221,93809,3939,902252,1808200
2808,201,195,93608,3945,902447,1885600
2809,174,182,93434,3937,902629,1772600
2810,197,181,93237,3953,902810,1762900
2811,176,166,93061,3963,902976,1895800
2812,180,199,92881,3944,903175,1770900
2813,216,202,92665,3958,903377,1769800
2814,185,214,92480,3929,903591,1772600
2815,209,194,92271,3944,903785,1732100
2816,204,213,92067,3935,903998,1723600
2817,224,197,91843,3962,904195,1770700
2818,178,195,91665,3945,904390,1816100
2819,212,212,91453,3945,904602,1820800
2820,185,185,91268,3945,904787,1953400
2821,190,178,91078,3957,904965,2042400
2822,205,189,90873,3973,905154,1921300
2823,194,206,90679,3961,905360,1938100
2824,215,219,90464,3957,905579,2014400
2825,213,199,90251,3971,905778,2007600
2826,201,200,90050,3972,905978,1831300
2827,195,218,89855,3949,906196,1782700
2828,198,200,89657,3947,906396,1877200
2829,189,200,89468,3936,906596,1850400
2830,198,188,89270,3946,906784,1935600
2831,184,196,89086,3934,906980,1882500
2832,194,185,88892,3943,907165,1886700
2833,216,187,88676,3972,907352,1824800
2834,209,193,88467,3988,907545,1806700
2835,182,219,88285,3951,907764,1798900
2836,207,183,88078,3975,907947,1854900
2837,184,190,87894,3969,908137,1796000
2838,190,209,87704,3950,908346,1794200
2839,196,219,87508,3927,908565,1783700
2840,167,228,87341,3866,908793,1810200
2841,193,190,87148,3869,908983,1916700
2842,211,182,86937,3898,909165,1951300
2843,179,216,86758,3861,909381,1823900
2844,206,204,86552,3863,909585,1969200
2845,183,205,86369,3841,909790,1902500
2846,197,199,86172,3839,909989,1892500
2847,180,172,85992,3847,910161,1897100
2848,206,226,85786,3827,910387,1932600
2849,196,188,85590,3835,910575,2243100
2850,199,181,85391,3853,910756,2172200
2851,221,223,85170,3851,910979,2177000
2852,198,197,84972,3852,911176,2123500
2853,192,198,84780,3846,911374,1928100
2854,187,211,84593,3822,911585,1951800
2855,188,243,84405,3767,911828,1923200
2856,186,194,84219,3759,912022,2048300
2857,201,182,84018,3778,912204,1956600
2858,209,178,83809,3809,912382,1939400
2859,188,181,83621,3816,912563,2204800
2860,193,173,83428,3836,912736,2043300
2861,205,176,83223,3865,912912,2039700
2862,201,182,83022,3884,913094,1927700
2863,201,188,82821,3897,913282,2114600
2864,205,189,82616,3913,913471,1991900
2865,184,189,82432,3908,913660,2016800
2866,189,181,82243,3916,913841,2042200
2867,210,202,82033,3924,914043,2072300
2868,185,226,81848,3883,914269,1971800
2869,208,195,81640,3896,914464,2031200
2870,175,193,81465,3878,914657,1875100
2871,220,182,81245,3916,914839,2435900
2872,195,202,81050,3909,915041,1921500
2873,202,187,80848,3924,915228,1878400
2874,194,205,80654,3913,915433,2071400
2875,205,164,80449,3954,915597,2101500
2876,223,217,80226,3960,915814,1891900
2877,169,207,80057,3922,916021,1925400
2878,209,180,79848,3951,916201,1934300
2879,209,208,79639,3952,916409,1886800
2880,196,184,79443,3964,916593,1884000
2881,180,183,79263,3961,916776,1871600
2882,190,180,79073,3971,916956,1894800
2883,220,219,78853,3972,917175,1988500
2884,203,184,78650,3991,917359,1946900
2885,198,203,78452,3986,917562,1884000
2886,205,189,78247,4002,917751,1952500
2887,218,217,78029,4003,917968,1902500
2888,225,183,77804,4045,918151,1919400
2889,227,194,77577,4078,918345,2086700
2890,219,182,77358,4115,918527,1938700
2891,218,190,77140,4143,918717,2106500
2892,202,194,76938,4151,918911,1892000
2893,195,207,76743,4139,919118,2216600
2894,217,216,76526,4140,919334,1912200
2895,197,201,76329,4136,919535,2048400
2896,217,217,76112,4136,919752,1920700
2897,182,213,75930,4105,919965,2112500
2898,182,200,75748,4087,920165,2109000
2899,197,200,75551,4084,920365,2314700
2900,194,190,75357,4088,920555,1927700
2901,190,228,75167,4050,920783,1868600
2902,197,209,74970,4038,920992,1936200
2903,200,224,74770,4014,921216,1881600
2904,193,195,74577,4012,921411,2116500
2905,198,218,74379,3992,921629,1958800
2906,187,216,74192,3963,921845,1934000
2907,185,198,74007,3950,922043,1847700
2908,197,225,73810,3922,922268,1858000
2909,169,213,73641,3878,922481,1866300
2910,186,207,73455,3857,922688,1844400
2911,179,207,73276,3829,922895,1863600
2912,171,195,73105,3805,923090,1822000
2913,178,184,72927,3799,923274,1862300
2914,195,204,72732,3790,923478,1982800
2915,198,209,72534,3779,923687,2403400
2916,197,171,72337,3805,923858,2346200
2917,184,213,72153,3776,924071,2026300
2918,185,214,71968,3747,924285,2155100
2919,175,202,71793,3720,924487,2301100
2920,183,182,71610,3721,924669,1931300
2921,159,201,71451,3679,924870,2037000
2922,181,174,71270,3686,925044,2063500
2923,179,174,71091,3691,925218,2004900
2924,188,189,70903,3690,925407,2033500
2925,214,194,70689,3710,925601,2099900
2926,178,195,70511,3693,925796,2173700
2927,179,197,70332,3675,925993,2024900
2928,183,154,70149,3704,926147,8972800
2929,182,185,69967,3701,926332,2435000
2930,205,167,69762,3739,926499,2286200
2931,206,186,69556,3759,926685,2156400
2932,231,212,69325,3778,926897,1880200
2933,195,189,69130,3784,927086,2186700
2934,190,188,68940,3786,927274,14693700
2935,193,184,68747,3795,927458,3130500
2936,196,217,68551,3774,927675,2765800
2937,204,191,68347,3787,927866,2584000
2938,202,173,68145,3816,928039,2314200
2939,204,183,67941,3837,928222,2529200
2940,204,188,67737,3853,928410,2233900
2941,218,205,67519,3866,928615,2473900
2942,216,204,67303,3878,928819,5347100
2943,195,191,67108,3882,929010,2280700
2944,221,192,66887,3911,929202,2212200
2945,209,210,66678,3910,929412,1911700
2946,213,209,66465,3914,929621,2124000
2947,205,205,66260,3914,929826,1822000
2948,203,182,66057,3935,930008,1817600
2949,174,189,65883,3920,930197,2162400
2950,206,212,65677,3914,930409,2164300
2951,203,191,65474,3926,930600,1905200
2952,215,199,65259,3942,930799,1919800
2953,197,192,65062,3947,930991,2038100
2954,185,179,64877,3953,931170,2096300
2955,216,210,64661,3959,931380,1966100
2956,209,223,64452,3945,931603,2296800
2957,204,219,64248,3930,931822,2052100
2958,184,215,64064,3899,932037,1901400
2959,175,200,63889,3874,932237,1867700
2960,203,184,63686,3893,932421,1998000
2961,196,210,63490,3879,932631,2022300
2962,219,197,63271,3901,932828,2161900
2963,235,222,63036,3914,933050,1824200
2964,213,196,62823,3931,933246,1823100
2965,238,181,62585,3988,933427,2035500
2966,202,170,62383,4020,933597,1864700
2967,202,210,62181,4012,933807,1854900
2968,197,186,61984,4023,933993,1969500
2969,204,202,61780,4025,934195,1994200
2970,222,202,61558,4045,934397,1866800
2971,205,190,61353,4060,934587,1857900
2972,179,212,61174,4027,934799,1828800
2973,229,204,60945,4052,935003,1835600
2974,204,192,60741,4064,935195,2079200
2975,220,203,60521,4081,935398,1798700
2976,201,224,60320,4058,935622,2191700
2977,205,191,60115,4072,935813,1993100
2978,217,185,59898,4104,935998,1827500
2979,213,208,59685,4109,936206,2133100
2980,208,194,59477,4123,936400,1832100
2981,212,207,59265,4128,936607,1841000
2982,185,209,59080,4104,936816,1705100
2983,169,180,58911,4093,936996,1751700
2984,193,225,58718,4061,937221,1733000
2985,189,221,58529,4029,937442,1887700
2986,202,198,58327,4033,937640,1775700
2987,206,188,58121,4051,937828,1818300
2988,197,193,57924,4055,938021,1783500
2989,191,199,57733,4047,938220,1759900
2990,206,213,57527,4040,938433,1755800
2991,208,187,57319,4061,938620,1790800
2992,198,199,57121,4060,938819,1740200
2993,198,184,56923,4074,939003,1736300
2994,196,219,56727,4051,939222,1937800
2995,192,188,56535,4055,939410,1872200
2996,202,178,56333,4079,939588,1731300
2997,203,202,56130,4080,939790,1893500
2998,197,200,55933,4077,939990,1700500
2999,190,212,55743,4055,940202,1713500
3000,182,211,55561,4026,940413,1778400
3001,190,204,55371,4012,940617,1695200
3002,205,195,55166,4022,940812,1722200
3003,197,192,54969,4027,941004,1783200
3004,198,206,54771,4019,941210,1894400
3005,191,188,54580,4022,941398,1780900
3006,179,203,54401,3998,941601,1755900
3007,200,181,54201,4017,941782,2184400
3008,198,192,54003,4023,941974,1964100
3009,198,201,53805,4020,942175,1746700
3010,177,195,53628,4002,942370,1765200
3011,164,176,53464,3990,942546,1831200
3012,171,191,53293,3970,942737,1931500
3013,138,200,53155,3908,942937,1988500
3014,177,198,52978,3887,943135,1865300
3015,155,197,52823,3845,943332,1919700
3016,153,172,52670,3826,943504,1816900
3017,170,182,52500,3814,943686,1804900
3018,153,209,52347,3758,943895,1827000
3019,161,209,52186,3710,944104,2063000
3020,146,160,52040,3696,944264,2022700
3021,157,179,51883,3674,944443,2061000
3022,136,175,51747,3635,944618,1861500
3023,168,194,51579,3609,944812,1847400
3024,150,170,51429,3589,944982,1844600
3025,164,180,51265,3573,945162,1747500
3026,146,185,51119,3534,945347,1886500
3027,160,184,50959,3510,945531,1814000
3028,151,166,50808,3495,945697,1858900
3029,140,191,50668,3444,945888,1888000
3030,128,146,50540,3426,946034,1823800
3031,148,185,50392,3389,946219,1804200
3032,139,214,50253,3314,946433,1766600
3033,142,176,50111,3280,946609,1683300
3034,157,178,49954,3259,946787,1828500
3035,127,150,49827,3236,946937,1792200
3036,126,188,49701,3174,947125,1851200
3037,134,166,49567,3142,947291,1783900
3038,128,156,49439,3114,947447,1771200
3039,160,151,49279,3123,947598,2053300
3040,138,148,49141,3113,947746,1752200
3041,132,147,49009,3098,947893,1750700
3042,165,166,48844,3097,948059,1896800
3043,133,151,48711,3079,948210,1707700
3044,114,166,48597,3027,948376,1694600
3045,152,139,48445,3040,948515,1958700
3046,148,160,48297,3028,948675,1710500
3047,145,149,48152,3024,948824,1701400
3048,123,142,48029,3005,948966,1704800
3049,125,139,47904,2991,949105,1982700
3050,130,153,47774,2968,949258,1781100
3051,138,163,47636,2943,949421,1801900
3052,140,141,47496,2942,949562,1821400
3053,138,136,47358,2944,949698,1738300
3054,124,132,47234,2936,949830,1850500
3055,130,121,47104,2945,949951,1968900
3056,138,140,46966,2943,950091,1796600
3057,142,157,46824,2928,950248,1650700
3058,120,148,46704,2900,950396,1819000
3059,122,142,46582,2880,950538,1702100
3060,120,132,46462,2868,950670,1771600
3061,133,147,46329,2854,950817,1774500
3062,120,135,46209,2839,950952,2207200
3063,117,137,46092,2819,951089,1765100
3064,131,159,45961,2791,951248,1768700
3065,120,136,45841,2775,951384,1668100
3066,138,144,45703,2769,951528,1794500
3067,134,128,45569,2775,951656,1809400
3068,122,140,45447,2757,951796,2295900
3069,153,125,45294,2785,951921,2226100
3070,125,134,45169,2776,952055,1860600
3071,129,140,45040,2765,952195,2346800
3072,123,126,44917,2762,952321,1940100
3073,131,136,44786,2757,952457,2033800
3074,125,130,44661,2752,952587,2301600
3075,124,134,44537,2742,952721,1974100
3076,106,135,44431,2713,952856,2097900
3077,107,141,44324,2679,952997,2040300
3078,118,140,44206,2657,953137,1890900
3079,97,130,44109,2624,953267,1909000
3080,133,142,43976,2615,953409,2005000
3081,115,123,43861,2607,953532,1964600
3082,123,137,43738,2593,953669,1936900
3083,119,115,43619,2597,953784,1890300
3084,118,127,43501,2588,953911,2148600
3085,115,129,43386,2574,954040,2053700
3086,102,142,43284,2534,954182,2218000
3087,111,146,43173,2499,954328,2040000
3088,114,135,43059,2478,954463,1952500
3089,131,135,42928,2474,954598,2184200
3090,122,110,42806,2486,954708,1979400
3091,112,119,42694,2479,954827,1883200
3092,120,123,42574,2476,954950,1946300
3093,113,113,42461,2476,955063,1872100
3094,123,108,42338,2491,955171,1815200
3095,108,122,42230,2477,955293,1953200
3096,115,129,42115,2463,955422,1803100
3097,130,133,41985,2460,955555,2169000
3098,111,132,41874,2439,955687,1882500
3099,110,122,41764,2427,955809,1849500
3100,120,114,41644,2433,955923,2208000
3101,119,131,41525,2421,956054,1969900
3102,102,111,41423,2412,956165,1936400
3103,122,116,41301,2418,956281,2039400
3104,124,106,41177,2436,956387,2023300
3105,125,124,41052,2437,956511,1868900
3106,115,104,40937,2448,956615,1939500
3107,124,117,40813,2455,956732,1860000
3108,112,127,40701,2440,956859,2085200
3109,130,123,40571,2447,956982,1871400
3110,129,115,40442,2461,957097,1953400
3111,107,121,40335,2447,957218,1797000
3112,122,93,40213,2476,957311,1826400
3113,115,122,40098,2469,957433,1803100
3114,144,128,39954,2485,957561,1842500
3115,119,134,39835,2470,957695,1858900
3116,106,123,39729,2453,957818,1821300
3117,121,120,39608,2454,957938,1900100
3118,104,109,39504,2449,958047,2001000
3119,111,115,39393,2445,958162,1914800
3120,128,120,39265,2453,958282,1922600
3121,125,118,39140,2460,958400,1887600
3122,112,142,39028,2430,958542,1836900
3123,108,134,38920,2404,958676,2231100
3124,95,123,38825,2376,958799,1899000
3125,104,114,38721,2366,958913,1923300
3126,96,114,38625,2348,959027,1833500
3127,93,120,38532,2321,959147,1866300
3128,119,129,38413,2311,959276,1867300
3129,104,124,38309,2291,959400,2153900
3130,112,126,38197,2277,959526,1881500
3131,98,123,38099,2252,959649,1841400
3132,112,114,37987,2250,959763,2102900
3133,98,99,37889,2249,959862,1878300
3134,83,109,37806,2223,959971,1809700
3135,108,111,37698,2220,960082,1875800
3136,94,120,37604,2194,960202,1772400
3137,97,93,37507,2198,960295,1821100
3138,102,103,37405,2197,960398,2000000
3139,95,113,37310,2179,960511,1894700
3140,90,117,37220,2152,960628,1843600
3141,96,107,37124,2141,960735,2165100
3142,97,99,37027,2139,960834,1804700
3143,95,93,36932,2141,960927,1871900
3144,90,105,36842,2126,961032,1821000
3145,82,98,36760,2110,961130,1807900
3146,96,99,36664,2107,961229,1810300
3147,86,92,36578,2101,961321,1889500
3148,92,108,36486,2085,961429,1819800
3149,92,108,36394,2069,961537,2178300
3150,79,117,36315,2031,961654,1948600
3151,95,88,36220,2038,961742,1860000
3152,73,104,36147,2007,961846,2192700
3153,98,98,36049,2007,961944,1868900
3154,97,112,35952,1992,962056,1860200
3155,90,96,35862,1986,962152,1972200
3156,75,88,35787,1973,962240,1889600
3157,98,92,35689,1979,962332,2219100
3158,92,107,35597,1964,962439,2109500
3159,109,89,35488,1984,962528,2037600
3160,81,108,35407,1957,962636,1819800
3161,93,82,35314,1968,962718,1851600
3162,107,92,35207,1983,962810,1816200
3163,97,95,35110,1985,962905,1790500
3164,102,94,35008,1993,962999,1973800
3165,97,97,34911,1993,963096,1828800
3166,77,108,34834,1962,963204,1795400
3167,92,94,34742,1960,963298,1961000
3168,96,103,34646,1953,963401,1802300
3169,101,122,34545,1932,963523,1781600
3170,78,103,34467,1907,963626,1812600
3171,97,107,34370,1897,963733,1799100
3172,92,94,34278,1895,963827,1861400
3173,93,101,34185,1887,963928,1819000
3174,109,99,34076,1897,964027,1839000
3175,110,96,33966,1911,964123,1782800
3176,102,94,33864,1919,964217,1787500
3177,77,101,33787,1895,964318,1804600
3178,99,91,33688,1903,964409,1792300
3179,89,102,33599,1890,964511,1870200
3180,108,93,33491,1905,964604,1807900
3181,84,92,33407,1897,964696,1745800
3182,109,76,33298,1930,964772,1844500
3183,96,84,33202,1942,964856,1868700
3184,79,96,33123,1925,964952,1812400
3185,109,90,33014,1944,965042,1878100
3186,107,107,32907,1944,965149,1769500
3187,87,100,32820,1931,965249,1743600
3188,101,113,32719,1919,965362,1951200
3189,88,85,32631,1922,965447,1744400
3190,107,71,32524,1958,965518,1812000
3191,101,92,32423,1967,965610,1811800
3192,94,98,32329,1963,965708,1805700
3193,79,113,32250,1929,965821,1730100
3194,90,112,32160,1907,965933,1778600
3195,82,99,32078,1890,966032,1797200
3196,106,85,31972,1911,966117,1816900
3197,91,94,31881,1908,966211,1919400
3198,79,94,31802,1893,966305,1739200
3199,89,92,31713,1890,966397,1907200
3200,85,108,31628,1867,966505,1856500
3201,80,101,31548,1846,966606,1740500
3202,85,82,31463,1849,966688,1777700
3203,94,112,31369,1831,966800,1870600
3204,93,94,31276,1830,966894,1738100
3205,86,102,31190,1814,966996,1683000
3206,90,80,31100,1824,967076,1615200
3207,89,90,31011,1823,967166,1718500
3208,79,99,30932,1803,967265,1707500
3209,89,91,30843,1801,967356,1611800
3210,95,91,30748,1805,967447,1621800
3211,111,76,30637,1840,967523,1665200
3212,98,104,30539,1834,967627,1658200
3213,95,93,30444,1836,967720,1712400
3214,99,92,30345,1843,967812,1647800
3215,108,88,30237,1863,967900,1661200
3216,110,112,30127,1861,968012,1704600
3217,86,77,30041,1870,968089,1685200
3218,104,106,29937,1868,968195,1684000
3219,107,86,29830,1889,968281,1758600
3220,99,101,29731,1887,968382,1680300
3221,105,90,29626,1902,968472,1676900
3222,100,82,29526,1920,968554,1728600
3223,106,88,29420,1938,968642,1695100
3224,118,96,29302,1960,968738,1654000
3225,106,87,29196,1979,968825,1971400
3226,106,82,29090,2003,968907,1774000
3227,109,86,28981,2026,968993,1675000
3228,108,106,28873,2028,969099,1720500
3229,110,100,28763,2038,969199,1763500
3230,85,89,28678,2034,969288,1808200
3231,101,118,28577,2017,969406,1882800
3232,98,112,28479,2003,969518,1825600
3233,101,101,28378,2003,969619,1687700
3234,85,101,28293,1987,969720,1704800
3235,107,105,28186,1989,969825,2025200
3236,108,102,28078,1995,969927,1761800
3237,105,90,27973,2010,970017,1708100
3238,122,108,27851,2024,970125,1660300
3239,95,94,27756,2025,970219,1674200
3240,118,100,27638,2043,970319,1720700
3241,95,118,27543,2020,970437,1666400
3242,100,108,27443,2012,970545,1665700
3243,92,120,27351,1984,970665,1666500
3244,95,107,27256,1972,970772,1703800
3245,109,99,27147,1982,970871,1720900
3246,92,78,27055,1996,970949,1810500
3247,112,93,26943,2015,971042,1685400
3248,103,111,26840,2007,971153,1692200
3249,102,96,26738,2013,971249,1688500
3250,89,102,26649,2000,971351,1713200
3251,92,98,26557,1994,971449,1870100
3252,99,99,26458,1994,971548,1685800
3253,82,97,26376,1979,971645,1746300
3254,106,97,26270,1988,971742,1756700
3255,79,100,26191,1967,971842,1701100
3256,95,103,26096,1959,971945,1642000
3257,98,97,25998,1960,972042,1755300
3258,105,83,25893,1982,972125,1881800
3259,100,95,25793,1987,972220,1720500
3260,91,92,25702,1986,972312,1698000
3261,94,91,25608,1989,972403,1697000
3262,96,91,25512,1994,972494,1698500
3263,74,111,25438,1957,972605,1693000
3264,91,90,25347,1958,972695,1847900
3265,93,91,25254,1960,972786,1738300
3266,88,103,25166,1945,972889,1743400
3267,81,82,25085,1944,972971,1694100
3268,95,91,24990,1948,973062,1687300
3269,67,110,24923,1905,973172,1772600
3270,97,100,24826,1902,973272,1744900
3271,93,108,24733,1887,973380,1731500
3272,90,94,24643,1883,973474,2014200
3273,86,80,24557,1889,973554,1641000
3274,82,102,24475,1869,973656,1727600
3275,82,108,24393,1843,973764,1663900
3276,78,86,24315,1835,973850,1948100
3277,82,97,24233,1820,973947,1783400
3278,88,106,24145,1802,974053,1660500
3279,86,85,24059,1803,974138,1897600
3280,76,84,23983,1795,974222,1688400
3281,57,87,23926,1765,974309,1663600
3282,77,90,23849,1752,974399,1754400
3283,98,81,23751,1769,974480,1683800
3284,75,103,23676,1741,974583,1710400
3285,74,90,23602,1725,974673,1777800
3286,83,88,23519,1720,974761,1704400
3287,68,89,23451,1699,974850,1683100
3288,77,82,23374,1694,974932,1751200
3289,74,86,23300,1682,975018,1645400
3290,86,62,23214,1706,975080,1678900
3291,78,87,23136,1697,975167,1660700
3292,82,99,23054,1680,975266,2000000
3293,86,76,22968,1690,975342,1791500
3294,69,86,22899,1673,975428,2021300
3295,71,93,22828,1651,975521,1814700
3296,70,80,22758,1641,975601,1685800
3297,72,89,22686,1624,975690,1717300
3298,70,102,22616,1592,975792,1952400
3299,56,82,22560,1566,975874,1665600
3300,60,84,22500,1542,975958,1683100
3301,54,70,22446,1526,976028,1956400
3302,65,75,22381,1516,976103,1698100
3303,57,93,22324,1480,976196,1711000
3304,53,72,22271,1461,976268,1733800
3305,65,61,22206,1465,976329,1819200
3306,56,93,22150,1428,976422,1913300
3307,60,80,22090,1408,976502,1840600
3308,67,63,22023,1412,976565,1995400
3309,72,63,21951,1421,976628,1667300
3310,62,60,21889,1423,976688,1718900
3311,57,86,21832,1394,976774,1701200
3312,69,73,21763,1390,976847,1740900
3313,75,58,21688,1407,976905,1701900
3314,47,61,21641,1393,976966,1767700
3315,66,72,21575,1387,977038,1764500
3316,55,77,21520,1365,977115,1794000
3317,58,76,21462,1347,977191,1752400
3318,53,65,21409,1335,977256,1727800
3319,47,60,21362,1322,977316,1681700
3320,65,66,21297,1321,977382,1890400
3321,42,66,21255,1297,977448,1634700
3322,60,59,21195,1298,977507,1719000
3323,50,58,21145,1290,977565,1786200
3324,54,62,21091,1282,977627,1723800
3325,37,63,21054,1256,977690,1699500
3326,45,61,21009,1240,977751,1746800
3327,51,62,20958,1229,977813,1791500
3328,56,54,20902,1231,977867,1685500
3329,54,63,20848,1222,977930,1734100
3330,44,59,20804,1207,977989,1882600
3331,50,50,20754,1207,978039,1710100
3332,47,81,20707,1173,978120,1760000
3333,41,61,20666,1153,978181,1705600
3334,42,43,20624,1152,978224,1672900
3335,57,59,20567,1150,978283,1679600
3336,41,48,20526,1143,978331,1787800
3337,40,58,20486,1125,978389,1686500
3338,44,49,20442,1120,978438,1703600
3339,60,47,20382,1133,978485,1710900
3340,46,58,20336,1121,978543,1670300
3341,40,47,20296,1114,978590,2003300
3342,44,54,20252,1104,978644,1779200
3343,46,53,20206,1097,978697,1794600
3344,52,52,20154,1097,978749,1766500
3345,59,38,20095,1118,978787,2104000
3346,38,53,20057,1103,978840,1871300
3347,45,52,20012,1096,978892,2028900
3348,51,61,19961,1086,978953,1758100
3349,42,52,19919,1076,979005,1720200
3350,35,52,19884,1059,979057,1805500
3351,44,40,19840,1063,979097,1718100
3352,44,48,19796,1059,979145,1744500
3353,42,48,19754,1053,979193,1698000
3354,36,59,19718,1030,979252,1739800
3355,30,48,19688,1012,979300,1715300
3356,30,54,19658,988,979354,1711200
3357,37,56,19621,969,979410,1749100
3358,49,45,19572,973,979455,1709900
3359,46,45,19526,974,979500,1781100
3360,40,50,19486,964,979550,1720600
3361,53,51,19433,966,979601,1782100
3362,43,46,19390,963,979647,1797200
3363,43,44,19347,962,979691,1667800
3364,39,55,19308,946,979746,1756900
3365,37,62,19271,921,979808,1712800
3366,47,53,19224,915,979861,1719300
3367,42,45,19182,912,979906,1724400
3368,44,42,19138,914,979948,1753400
3369,33,51,19105,896,979999,1776700
3370,41,48,19064,889,980047,1758500
3371,49,44,19015,894,980091,2059600
3372,37,48,18978,883,980139,1806700
3373,36,38,18942,881,980177,1952400
3374,35,45,18907,871,980222,1744900
3375,47,39,18860,879,980261,1724400
3376,30,34,18830,875,980295,1705400
3377,39,45,18791,869,980340,1790300
3378,40,42,18751,867,980382,2026600
3379,45,42,18706,870,980424,1791900
3380,38,40,18668,868,980464,1745500
3381,35,38,18633,865,980502,1730200
3382,37,38,18596,864,980540,1816900
3383,37,42,18559,859,980582,1779400
3384,32,44,18527,847,980626,1695800
3385,34,42,18493,839,980668,1685100
3386,39,49,18454,829,980717,1705600
3387,30,42,18424,817,980759,1702300
3388,31,57,18393,791,980816,1683200
3389,33,37,18360,787,980853,1666200
3390,25,42,18335,770,980895,1676600
3391,25,39,18310,756,980934,1694500
3392,32,43,18278,745,980977,1651100
3393,26,34,18252,737,981011,1675900
3394,33,43,18219,727,981054,1680900
3395,31,31,18188,727,981085,1697400
3396,39,41,18149,725,981126,1760600
3397,27,44,18122,708,981170,1732700
3398,32,25,18090,715,981195,1845700
3399,25,42,18065,698,981237,1688400
3400,36,24,18029,710,981261,1616600
3401,33,31,17996,712,981292,1694700
3402,41,34,17955,719,981326,1644200
3403,37,48,17918,708,981374,1953700
3404,34,36,17884,706,981410,1673300
3405,29,32,17855,703,981442,1693300
3406,41,26,17814,718,981468,1672000
3407,37,26,17777,729,981494,1642100
3408,54,26,17723,757,981520,1741700
3409,30,47,17693,740,981567,1658500
3410,39,33,17654,746,981600,1646700
3411,44,50,17610,740,981650,1753700
3412,51,35,17559,756,981685,1858000
3413,30,44,17529,742,981729,1880400
3414,48,34,17481,756,981763,1808400
3415,37,40,17444,753,981803,1865300
3416,28,36,17416,745,981839,1738600
3417,41,33,17375,753,981872,1752500
3418,39,39,17336,753,981911,2149800
3419,32,32,17304,753,981943,1795000
3420,32,52,17272,733,981995,1824700
3421,27,48,17245,712,982043,1673200
3422,34,37,17211,709,982080,1761600
3423,21,29,17190,701,982109,1679800
3424,25,28,17165,698,982137,1855200
3425,31,45,17134,684,982182,1901400
3426,28,33,17106,679,982215,1677500
3427,21,23,17085,677,982238,1791700
3428,25,44,17060,658,982282,2073000
3429,32,32,17028,658,982314,1870900
3430,22,33,17006,647,982347,1956600
3431,26,28,16980,645,982375,1871900
3432,21,35,16959,631,982410,1668500
3433,28,27,16931,632,982437,1733000
3434,25,27,16906,630,982464,1846100
3435,25,35,16881,620,982499,1712500
3436,27,38,16854,609,982537,2383900
3437,21,36,16833,594,982573,2177600
3438,17,29,16816,582,982602,2126100
3439,24,31,16792,575,982633,1992900
3440,22,16,16770,581,982649,1785000
3441,20,29,16750,572,982678,1785100
3442,29,19,16721,582,982697,1819100
3443,19,32,16702,569,982729,2040300
3444,23,34,16679,558,982763,2189100
3445,30,33,16649,555,982796,2349500
3446,33,28,16616,560,982824,4255800
3447,30,24,16586,566,982848,6722100
3448,20,22,16566,564,982870,2217900
3449,29,21,16537,572,982891,2092500
3450,27,28,16510,571,982919,2262200
3451,26,28,16484,569,982947,2291800
3452,22,26,16462,565,982973,2140800
3453,26,27,16436,564,983000,1921400
3454,30,26,16406,568,983026,1963200
3455,21,34,16385,555,983060,2188100
3456,14,24,16371,545,983084,1811800
3457,18,25,16353,538,983109,1764800
3458,24,28,16329,534,983137,1771400
3459,23,33,16306,524,983170,1942100
3460,18,23,16288,519,983193,1741600
3461,19,25,16269,513,983218,1830000
3462,21,20,16248,514,983238,1751400
3463,20,16,16228,518,983254,1661000
3464,15,28,16213,505,983282,1704900
3465,15,28,16198,492,983310,2104800
3466,16,29,16182,479,983339,1960900
3467,22,27,16160,474,983366,1715000
3468,16,18,16144,472,983384,1962500
3469,10,34,16134,448,983418,2902300
3470,18,10,16116,456,983428,2303000
3471,17,18,16099,455,983446,3038900
3472,11,21,16088,445,983467,5215500
3473,20,20,16068,445,983487,2169500
3474,13,23,16055,435,983510,2018300
3475,20,20,16035,435,983530,1907100
3476,19,23,16016,431,983553,1826100
3477,21,23,15995,429,983576,1742900
3478,20,24,15975,425,983600,1758500
3479,17,25,15958,417,983625,1797700
3480,25,8,15933,434,983633,1723000
3481,9,16,15924,427,983649,1768700
3482,16,21,15908,422,983670,1820500
3483,25,24,15883,423,983694,1826800
3484,23,21,15860,425,983715,1786900
3485,17,23,15843,419,983738,1725900
3486,20,27,15823,412,983765,1753600
3487,17,29,15806,400,983794,1749500
3488,16,16,15790,400,983810,1787600
3489,17,17,15773,400,983827,1698400
3490,10,16,15763,394,983843,1718100
3491,16,19,15747,391,983862,1716500
3492,9,10,15738,390,983872,1997600
3493,15,27,15723,378,983899,1780400
3494,12,21,15711,369,983920,1687700
3495,13,12,15698,370,983932,1713900
3496,20,17,15678,373,983949,2081100
3497,17,20,15661,370,983969,1767500
3498,13,13,15648,370,983982,1715900
3499,9,19,15639,360,984001,1748600
3500,17,23,15622,354,984024,2003200
3501,8,18,15614,344,984042,1713900
3502,17,16,15597,345,984058,1666700
3503,14,18,15583,341,984076,1689100
3504,19,15,15564,345,984091,1801100
3505,15,19,15549,341,984110,1720000
3506,10,13,15539,338,984123,1765000
3507,11,21,15528,328,984144,1778800
3508,16,15,15512,329,984159,1924900
3509,10,18,15502,321,984177,1781300
3510,13,19,15489,315,984196,1730600
3511,17,15,15472,317,984211,1753500
3512,17,13,15455,321,984224,1718200
3513,11,18,15444,314,984242,2005600
3514,6,17,15438,303,984259,1916800
3515,5,9,15433,299,984268,1814900
3516,8,13,15425,294,984281,1830000
3517,13,8,15412,299,984289,1753600
3518,16,15,15396,300,984304,1706300
3519,14,22,15382,292,984326,1826400
3520,5,14,15377,283,984340,1722500
3521,12,19,15365,276,984359,1803900
3522,12,16,15353,272,984375,1864000
3523,8,14,15345,266,984389,1898200
3524,9,12,15336,263,984401,1981600
3525,7,11,15329,259,984412,1843700
3526,7,6,15322,260,984418,1793200
3527,9,13,15313,256,984431,1764400
3528,14,12,15299,258,984443,1931500
3529,7,15,15292,250,984458,2005300
3530,14,14,15278,250,984472,1836100
3531,10,17,15268,243,984489,1820500
3532,9,23,15259,229,984512,1862400
3533,11,6,15248,234,984518,1811700
3534,4,5,15244,233,984523,1993000
3535,12,13,15232,232,984536,1917600
3536,4,5,15228,231,984541,2037800
3537,8,13,15220,226,984554,1818900
3538,11,14,15209,223,984568,1833800
3539,10,12,15199,221,984580,1712900
3540,11,9,15188,223,984589,1770100
3541,11,13,15177,221,984602,1746500
3542,10,14,15167,217,984616,1728700
3543,7,17,15160,207,984633,1885500
3544,12,14,15148,205,984647,1883700
3545,12,8,15136,209,984655,1804000
3546,10,15,15126,204,984670,1729500
3547,10,5,15116,209,984675,1731800
3548,11,7,15105,213,984682,1798500
3549,6,15,15099,204,984697,1743500
3550,9,10,15090,203,984707,1777700
3551,5,7,15085,201,984714,1751700
3552,4,7,15081,198,984721,1737700
3553,3,14,15078,187,984735,1796400
3554,4,8,15074,183,984743,1815400
3555,10,14,15064,179,984757,1830800
3556,10,5,15054,184,984762,1872800
3557,5,9,15049,180,984771,1954700
3558,7,6,15042,181,984777,1785500
3559,5,8,15037,178,984785,1803200
3560,3,6,15034,175,984791,1740600
3561,6,8,15028,173,984799,1842200
3562,1,8,15027,166,984807,1741700
3563,4,9,15023,161,984816,1811500
3564,2,5,15021,158,984821,2086700
3565,2,8,15019,152,984829,1756900
3566,5,3,15014,154,984832,1899400
3567,1,12,15013,143,984844,1843800
3568,2,7,15011,138,984851,2336100
3569,1,10,15010,129,984861,1834800
3570,1,3,15009,127,984864,1845700
3571,1,3,15008,125,984867,1857400
3572,1,3,15007,123,984870,1750900
3573,1,7,15006,117,984877,1864100
3574,1,5,15005,113,984882,1776400
3575,2,7,15003,108,984889,1779300
3576,1,8,15002,101,984897,1824800
3577,1,3,15001,99,984900,1737700
3578,1,3,15000,97,984903,1755000
3579,0,7,15000,90,984910,1926300
3580,4,5,14996,89,984915,1818900
3581,3,8,14993,84,984923,1848600
3582,0,1,14993,83,984924,1948000
3583,0,5,14993,78,984929,1756300
3584,0,6,14993,72,984935,1795400
3585,0,1,14993,71,984936,1707300
3586,0,3,14993,68,984939,1910000
3587,1,4,14992,65,984943,1668600
3588,1,2,14991,64,984945,1738200
3589,0,3,14991,61,984948,1770700
3590,1,1,14990,61,984949,1673900
3591,1,3,14989,59,984952,1674900
3592,0,2,14989,57,984954,1795000
3593,0,4,14989,53,984958,1787300
3594,0,3,14989,50,984961,1734400
3595,0,4,14989,46,984965,1731600
3596,0,1,14989,45,984966,1759000
3597,0,2,14989,43,984968,1688900
3598,0,3,14989,40,984971,1674100
3599,0,1,14989,39,984972,1871600
3600,0,1,14989,38,984973,1737600
3601,0,2,14989,36,984975,1741600
3602,1,0,14988,37,984975,1719400
3603,0,2,14988,35,984977,1700700
3604,0,1,14988,34,984978,1689400
3605,0,0,14988,34,984978,1736600
3606,0,1,14988,33,984979,1716800
3607,0,0,14988,33,984979,1732200
3608,0,4,14988,29,984983,1698400
3609,0,1,14988,28,984984,1775800
3610,0,0,14988,28,984984,1805700
3611,0,1,14988,27,984985,1849600
3612,0,2,14988,25,984987,1934000
3613,0,0,14988,25,984987,1756000
3614,0,5,14988,20,984992,1714700
3615,0,0,14988,20,984992,1711400
3616,0,2,14988,18,984994,1868700
3617,0,2,14988,16,984996,1731100
3618,0,1,14988,15,984997,1963400
3619,0,0,14988,15,984997,1775500
3620,0,0,14988,15,984997,1967000
3621,0,0,14988,15,984997,1734300
3622,0,1,14988,14,984998,1785000
3623,0,0,14988,14,984998,1738800
3624,0,1,14988,13,984999,1756900
3625,0,0,14988,13,984999,1682700
3626,0,0,14988,13,984999,1753900
3627,0,2,14988,11,985001,1709700
3628,0,0,14988,11,985001,1680100
3629,0,1,14988,10,985002,1736200
3630,0,1,14988,9,985003,1679200
3631,0,0,14988,9,985003,1877800
3632,0,1,14988,8,985004,1732200
3633,0,0,14988,8,985004,44950800
3634,0,1,14988,7,985005,1898400
3635,0,0,14988,7,985005,1728500
3636,0,0,14988,7,985005,1997900
3637,0,1,14988,6,985006,1853100
3638,0,2,14988,4,985008,2195300
3639,0,0,14988,4,985008,1896800
3640,0,1,14988,3,985009,1749400
3641,0,0,14988,3,985009,1770400
3642,0,0,14988,3,985009,1782800
3643,0,0,14988,3,985009,1771300
3644,0,0,14988,3,985009,1940000
3645,0,1,14988,2,985010,1868200
3646,0,0,14988,2,985010,1753300
3647,0,0,14988,2,985010,1795100
3648,0,0,14988,2,985010,1832900
3649,0,0,14988,2,985010,1851600
3650,0,0,14988,2,985010,1798700
3651,0,1,14988,1,985011,1846700
3652,0,0,14988,1,985011,1805900
3653,0,1,14988,0,985012,1769500
