Tick,NewlyInfected,NewlyRecovered,TotalSusceptible,TotalInfected,TotalRecovered,StepTimeNanos
0,2,0,999993,7,0,2669000
1,2,0,999991,9,0,1841500
2,1,0,999990,10,0,1743100
3,1,1,999989,10,1,1627400
4,8,1,999981,17,2,1632800
5,7,0,999974,24,2,1609100
6,3,2,999971,25,4,1725800
7,5,1,999966,29,5,2145900
8,7,1,999959,35,6,1717600
9,4,3,999955,36,9,2301700
10,8,1,999947,43,10,1936000
11,11,1,999936,53,11,1812700
12,7,5,999929,55,16,1778500
13,12,2,999917,65,18,1843300
14,6,4,999911,67,22,1745800
15,6,4,999905,69,26,1719900
16,9,4,999896,74,30,1970100
17,9,2,999887,81,32,1704900
18,13,6,999874,88,38,1715000
19,15,7,999859,96,45,1835500
20,14,7,999845,103,52,1737700
21,9,3,999836,109,55,1718300
22,14,1,999822,122,56,1718200
23,11,6,999811,127,62,1670600
24,18,6,999793,139,68,1709000
25,12,8,999781,143,76,1637900
26,15,7,999766,151,83,1658600
27,17,13,999749,155,96,1744100
28,15,5,999734,165,101,1908500
29,18,11,999716,172,112,2043800
30,16,10,999700,178,122,1784200
31,24,12,999676,190,134,2295000
32,22,11,999654,201,145,1881700
33,17,12,999637,206,157,1778000
34,19,11,999618,214,168,1730400
35,16,10,999602,220,178,1767800
36,28,11,999574,237,189,1700300
37,18,19,999556,236,208,1802500
38,22,8,999534,250,216,1919500
39,23,17,999511,256,233,1712000
40,19,10,999492,265,243,1682400
41,23,13,999469,275,256,1686100
42,17,10,999452,282,266,1701300
43,30,17,999422,295,283,1707200
44,31,20,999391,306,303,1691600
45,30,12,999361,324,315,1805800
46,27,22,999334,329,337,2014900
47,36,12,999298,353,349,1716400
48,40,11,999258,382,360,1733000
49,39,24,999219,397,384,1670500
50,32,17,999187,412,401,1665600
51,32,19,999155,425,420,1713100
52,32,13,999123,444,433,1694900
53,40,19,999083,465,452,1686600
54,30,36,999053,459,488,1667900
55,31,15,999022,475,503,1721300
56,32,17,998990,490,520,1618300
57,38,36,998952,492,556,1613100
58,32,23,998920,501,579,1715800
59,40,16,998880,525,595,1655500
60,24,35,998856,514,630,1618100
61,37,26,998819,525,656,1717100
62,38,23,998781,540,679,1634300
63,31,34,998750,537,713,1634800
64,33,31,998717,539,744,1824000
65,36,35,998681,540,779,1775700
66,43,33,998638,550,812,1761800
67,38,27,998600,561,839,1708600
68,36,28,998564,569,867,1681200
69,34,28,998530,575,895,1745200
70,50,27,998480,598,922,1749800
71,48,31,998432,615,953,1654900
72,34,30,998398,619,983,1666700
73,42,29,998356,632,1012,1672000
74,43,34,998313,641,1046,1677100
75,43,27,998270,657,1073,1708200
76,26,37,998244,646,1110,1626300
77,46,35,998198,657,1145,1616200
78,40,30,998158,667,1175,1629600
79,50,33,998108,684,1208,1615700
80,52,38,998056,698,1246,1826400
81,43,33,998013,708,1279,2059900
82,56,41,997957,723,1320,1650900
83,50,27,997907,746,1347,1623000
84,55,34,997852,767,1381,1928900
85,53,44,997799,776,1425,1723600
86,48,42,997751,782,1467,1698300
87,56,45,997695,793,1512,1623200
88,46,36,997649,803,1548,1620600
89,49,40,997600,812,1588,1709600
90,55,37,997545,830,1625,1627400
91,55,43,997490,842,1668,1622000
92,68,43,997422,867,1711,1711300
93,57,42,997365,882,1753,1645400
94,63,41,997302,904,1794,1615900
95,61,36,997241,929,1830,1733600
96,65,48,997176,946,1878,1670100
97,54,67,997122,933,1945,1614400
98,56,48,997066,941,1993,1646400
99,68,45,996998,964,2038,1657300
100,68,51,996930,981,2089,1625000
101,71,45,996859,1007,2134,1720200
102,63,50,996796,1020,2184,1822100
103,72,75,996724,1017,2259,1641100
104,84,56,996640,1045,2315,1626700
105,79,42,996561,1082,2357,2052300
106,88,56,996473,1114,2413,1801800
107,74,66,996399,1122,2479,1850300
108,79,69,996320,1132,2548,1704400
109,69,60,996251,1141,2608,1691200
110,71,59,996180,1153,2667,1645500
111,87,71,996093,1169,2738,1756600
112,76,49,996017,1196,2787,1639000
113,77,64,995940,1209,2851,2525000
114,59,56,995881,1212,2907,1720700
115,72,57,995809,1227,2964,1722400
116,88,56,995721,1259,3020,1668500
117,89,56,995632,1292,3076,1760800
118,96,69,995536,1319,3145,1687700
119,89,72,995447,1336,3217,1894500
120,83,66,995364,1353,3283,1703400
121,110,64,995254,1399,3347,1769600
122,97,75,995157,1421,3422,1744700
123,93,66,995064,1448,3488,1752800
124,81,59,994983,1470,3547,1923800
125,89,64,994894,1495,3611,1848800
126,84,71,994810,1508,3682,1778300
127,88,59,994722,1537,3741,1777300
128,97,79,994625,1555,3820,1654200
129,115,79,994510,1591,3899,1746700
130,95,84,994415,1602,3983,1681800
131,108,82,994307,1628,4065,1735800
132,101,80,994206,1649,4145,1991700
133,98,89,994108,1658,4234,1762800
134,96,82,994012,1672,4316,1672900
135,107,76,993905,1703,4392,1789100
136,113,96,993792,1720,4488,1685500
137,93,93,993699,1720,4581,1668500
138,89,84,993610,1725,4665,1723000
139,95,93,993515,1727,4758,1673100
140,112,87,993403,1752,4845,1687700
141,109,71,993294,1790,4916,1630400
142,93,102,993201,1781,5018,1748100
143,95,85,993106,1791,5103,1723000
144,108,86,992998,1813,5189,1630600
145,96,77,992902,1832,5266,1740700
146,94,83,992808,1843,5349,1773300
147,94,76,992714,1861,5425,1721600
148,106,94,992608,1873,5519,1704400
149,108,97,992500,1884,5616,1790100
150,109,87,992391,1906,5703,1969900
151,108,100,992283,1914,5803,1825600
152,93,97,992190,1910,5900,2030300
153,106,106,992084,1910,6006,1723800
154,118,84,991966,1944,6090,1867400
155,126,106,991840,1964,6196,1747000
156,129,85,991711,2008,6281,1865600
157,134,93,991577,2049,6374,2035800
158,122,117,991455,2054,6491,1752300
159,118,105,991337,2067,6596,1838000
160,111,90,991226,2088,6686,2001400
161,120,94,991106,2114,6780,1740700
162,133,102,990973,2145,6882,1709300
163,146,103,990827,2188,6985,1833500
164,126,99,990701,2215,7084,1977200
165,140,93,990561,2262,7177,1852800
166,124,121,990437,2265,7298,2059900
167,151,100,990286,2316,7398,1800000
168,126,107,990160,2335,7505,1719500
169,128,140,990032,2323,7645,1768700
170,134,117,989898,2340,7762,1745500
171,135,115,989763,2360,7877,1741200
172,150,109,989613,2401,7986,1714600
173,129,104,989484,2426,8090,1781200
174,143,117,989341,2452,8207,1778200
175,130,119,989211,2463,8326,1822300
176,144,131,989067,2476,8457,1756600
177,134,137,988933,2473,8594,1720400
178,127,128,988806,2472,8722,1825700
179,129,132,988677,2469,8854,1915700
180,136,145,988541,2460,8999,1713600
181,133,139,988408,2454,9138,1723000
182,126,118,988282,2462,9256,1677700
183,133,108,988149,2487,9364,1971000
184,122,98,988027,2511,9462,1988700
185,125,143,987902,2493,9605,1748900
186,134,112,987768,2515,9717,1753500
187,142,122,987626,2535,9839,1862200
188,135,132,987491,2538,9971,1694500
189,142,144,987349,2536,10115,1775600
190,144,111,987205,2569,10226,1702000
191,128,133,987077,2564,10359,1651500
192,146,108,986931,2602,10467,1713600
193,137,113,986794,2626,10580,1773000
194,146,110,986648,2662,10690,1726200
195,156,140,986492,2678,10830,1720900
196,151,132,986341,2697,10962,1725400
197,167,138,986174,2726,11100,1899300
198,146,145,986028,2727,11245,1735500
199,128,130,985900,2725,11375,1724300
200,149,141,985751,2733,11516,1836800
201,140,128,985611,2745,11644,1988900
202,124,145,985487,2724,11789,1694600
203,145,137,985342,2732,11926,1785900
204,156,125,985186,2763,12051,1729500
205,147,139,985039,2771,12190,1731300
206,137,144,984902,2764,12334,1781100
207,131,141,984771,2754,12475,1733400
208,139,128,984632,2765,12603,1687700
209,164,158,984468,2771,12761,1677500
210,137,130,984331,2778,12891,1755400
211,151,140,984180,2789,13031,1684500
212,142,129,984038,2802,13160,1713800
213,145,130,983893,2817,13290,1772500
214,143,138,983750,2822,13428,1748200
215,151,148,983599,2825,13576,1663500
216,141,131,983458,2835,13707,1709900
217,136,135,983322,2836,13842,1772500
218,139,140,983183,2835,13982,1703800
219,143,131,983040,2847,14113,1726000
220,147,138,982893,2856,14251,1735600
221,153,123,982740,2886,14374,1846800
222,148,155,982592,2879,14529,1719500
223,139,152,982453,2866,14681,2106400
224,145,158,982308,2853,14839,1864400
225,160,136,982148,2877,14975,1672600
226,157,133,981991,2901,15108,1742900
227,148,141,981843,2908,15249,1895200
228,157,129,981686,2936,15378,1863900
229,144,185,981542,2895,15563,1774800
230,157,155,981385,2897,15718,1724900
231,135,125,981250,2907,15843,1680100
232,168,112,981082,2963,15955,1775600
233,162,147,980920,2978,16102,1684000
234,163,180,980757,2961,16282,1731100
235,172,141,980585,2992,16423,1779700
236,153,153,980432,2992,16576,1744700
237,182,150,980250,3024,16726,1921600
238,160,134,980090,3050,16860,1770000
239,152,156,979938,3046,17016,1718900
240,164,156,979774,3054,17172,1732400
241,154,158,979620,3050,17330,2170500
242,180,144,979440,3086,17474,1741800
243,200,150,979240,3136,17624,1749900
244,164,155,979076,3145,17779,1771300
245,191,152,978885,3184,17931,1760500
246,159,153,978726,3190,18084,1806000
247,160,176,978566,3174,18260,1813800
248,154,168,978412,3160,18428,1671800
249,189,146,978223,3203,18574,1631700
250,187,180,978036,3210,18754,1751200
251,189,156,977847,3243,18910,1651200
252,189,156,977658,3276,19066,1631100
253,184,162,977474,3298,19228,1664200
254,177,166,977297,3309,19394,1639500
255,197,187,977100,3319,19581,1683700
256,186,152,976914,3353,19733,1764900
257,181,158,976733,3376,19891,1692500
258,183,148,976550,3411,20039,1674400
259,200,164,976350,3447,20203,1725800
260,200,163,976150,3484,20366,1694500
261,203,158,975947,3529,20524,1757900
262,194,180,975753,3543,20704,1665400
263,176,175,975577,3544,20879,1787200
264,174,161,975403,3557,21040,1766600
265,168,192,975235,3533,21232,1664800
266,168,171,975067,3530,21403,1639500
267,168,210,974899,3488,21613,1710200
268,159,177,974740,3470,21790,1630100
269,181,181,974559,3470,21971,1656100
270,182,155,974377,3497,22126,1733600
271,186,156,974191,3527,22282,1664100
272,186,187,974005,3526,22469,1666600
273,193,188,973812,3531,22657,1908500
274,185,162,973627,3554,22819,1713200
275,182,194,973445,3542,23013,1667300
276,191,168,973254,3565,23181,1654500
277,183,170,973071,3578,23351,1670600
278,169,182,972902,3565,23533,1651300
279,181,147,972721,3599,23680,1629500
280,166,203,972555,3562,23883,1705100
281,171,168,972384,3565,24051,1659500
282,178,168,972206,3575,24219,1742700
283,197,157,972009,3615,24376,1675500
284,179,191,971830,3603,24567,1649500
285,172,161,971658,3614,24728,1628200
286,170,180,971488,3604,24908,1732100
287,168,160,971320,3612,25068,1622600
288,186,200,971134,3598,25268,1665000
289,168,162,970966,3604,25430,1719700
290,185,145,970781,3644,25575,1682100
291,200,168,970581,3676,25743,1660200
292,210,185,970371,3701,25928,1679400
293,187,212,970184,3676,26140,2070200
294,205,185,969979,3696,26325,1693000
295,204,183,969775,3717,26508,1674900
296,180,208,969595,3689,26716,1788700
297,177,183,969418,3683,26899,1787800
298,196,179,969222,3700,27078,1693800
299,185,205,969037,3680,27283,1787300
300,182,175,968855,3687,27458,1690600
301,196,215,968659,3668,27673,1750900
302,193,184,968466,3677,27857,2357700
303,190,194,968276,3673,28051,2064500
304,191,193,968085,3671,28244,1784700
305,206,182,967879,3695,28426,1695400
306,194,193,967685,3696,28619,1682500
307,191,166,967494,3721,28785,1666300
308,193,196,967301,3718,28981,1766100
309,205,195,967096,3728,29176,1670700
310,211,188,966885,3751,29364,1950400
311,195,184,966690,3762,29548,1784000
312,224,201,966466,3785,29749,1784900
313,188,198,966278,3775,29947,1706600
314,197,202,966081,3770,30149,1630000
315,205,162,965876,3813,30311,1662200
316,222,187,965654,3848,30498,1711600
317,191,190,965463,3849,30688,1637200
318,210,187,965253,3872,30875,1680200
319,213,194,965040,3891,31069,1723000
320,184,199,964856,3876,31268,1671300
321,203,175,964653,3904,31443,1665000
322,214,218,964439,3900,31661,1758700
323,191,206,964248,3885,31867,1663200
324,207,215,964041,3877,32082,1662800
325,201,196,963840,3882,32278,1770400
326,214,168,963626,3928,32446,1666400
327,216,219,963410,3925,32665,1686400
328,223,215,963187,3933,32880,1806100
329,221,204,962966,3950,33084,1746100
330,211,209,962755,3952,33293,1672700
331,199,198,962556,3953,33491,1631200
332,211,219,962345,3945,33710,1783600
333,203,212,962142,3936,33922,1658300
334,246,200,961896,3982,34122,1682100
335,219,203,961677,3998,34325,1778700
336,218,184,961459,4032,34509,1780900
337,224,211,961235,4045,34720,1817300
338,234,204,961001,4075,34924,1761100
339,221,206,960780,4090,35130,1696800
340,222,180,960558,4132,35310,1715100
341,238,188,960320,4182,35498,1673400
342,231,201,960089,4212,35699,1670100
343,198,216,959891,4194,35915,1769200
344,211,191,959680,4214,36106,1724800
345,208,209,959472,4213,36315,1632300
346,217,206,959255,4224,36521,1742200
347,215,205,959040,4234,36726,1736400
348,224,221,958816,4237,36947,1644000
349,246,214,958570,4269,37161,1648600
350,250,228,958320,4291,37389,1848300
351,244,208,958076,4327,37597,1809100
352,223,209,957853,4341,37806,1704800
353,221,212,957632,4350,38018,1740700
354,227,218,957405,4359,38236,1858200
355,238,211,957167,4386,38447,1696000
356,242,225,956925,4403,38672,1692300
357,230,212,956695,4421,38884,1685300
358,237,229,956458,4429,39113,1781300
359,232,215,956226,4446,39328,1709200
360,254,198,955972,4502,39526,1673500
361,230,217,955742,4515,39743,1636200
362,242,216,955500,4541,39959,1728300
363,240,229,955260,4552,40188,1823000
364,231,242,955029,4541,40430,1759600
365,231,265,954798,4507,40695,1766300
366,228,239,954570,4496,40934,1788700
367,242,238,954328,4500,41172,1770200
368,190,229,954138,4461,41401,1696200
369,233,216,953905,4478,41617,1679500
370,209,227,953696,4460,41844,1748200
371,231,232,953465,4459,42076,1700200
372,227,233,953238,4453,42309,1676300
373,227,239,953011,4441,42548,1643400
374,232,203,952779,4470,42751,1680400
375,261,199,952518,4532,42950,1727200
376,222,219,952296,4535,43169,1794400
377,241,214,952055,4562,43383,1786200
378,244,250,951811,4556,43633,1651900
379,249,223,951562,4582,43856,1796800
380,220,233,951342,4569,44089,1815400
381,234,218,951108,4585,44307,2236800
382,259,234,950849,4610,44541,1705600
383,252,238,950597,4624,44779,1758700
384,254,227,950343,4651,45006,1681600
385,242,228,950101,4665,45234,1906800
386,237,230,949864,4672,45464,1797900
387,243,224,949621,4691,45688,1817100
388,232,230,949389,4693,45918,1728600
389,251,236,949138,4708,46154,1683000
390,241,234,948897,4715,46388,1856100
391,240,229,948657,4726,46617,2110300
392,214,253,948443,4687,46870,2073800
393,243,268,948200,4662,47138,1806900
394,230,238,947970,4654,47376,1793100
395,230,246,947740,4638,47622,1749200
396,245,220,947495,4663,47842,1637300
397,251,234,947244,4680,48076,1698600
398,253,235,946991,4698,48311,1788000
399,223,215,946768,4706,48526,1674500
400,267,250,946501,4723,48776,1701600
401,223,225,946278,4721,49001,1792000
402,262,211,946016,4772,49212,1780500
403,258,206,945758,4824,49418,1682900
404,238,214,945520,4848,49632,1685800
405,266,229,945254,4885,49861,1798900
406,238,235,945016,4888,50096,1761100
407,261,218,944755,4931,50314,1677800
408,256,249,944499,4938,50563,1810800
409,226,248,944273,4916,50811,1787600
410,247,246,944026,4917,51057,1764600
411,221,234,943805,4904,51291,1650900
412,248,236,943557,4916,51527,1715100
413,252,265,943305,4903,51792,2022400
414,254,218,943051,4939,52010,1953300
415,287,233,942764,4993,52243,1708800
416,235,257,942529,4971,52500,1856500
417,250,244,942279,4977,52744,1769600
418,268,263,942011,4982,53007,1677200
419,274,249,941737,5007,53256,2109200
420,248,228,941489,5027,53484,1981300
421,243,244,941246,5026,53728,1797400
422,274,260,940972,5040,53988,1775300
423,257,256,940715,5041,54244,1684800
424,251,243,940464,5049,54487,1678400
425,282,266,940182,5065,54753,1814300
426,285,239,939897,5111,54992,1789000
427,242,267,939655,5086,55259,1645500
428,247,272,939408,5061,55531,1688300
429,236,259,939172,5038,55790,1797500
430,257,258,938915,5037,56048,1655300
431,256,230,938659,5063,56278,1687500
432,226,258,938433,5031,56536,1685100
433,280,247,938153,5064,56783,1850500
434,279,262,937874,5081,57045,1697500
435,248,247,937626,5082,57292,1689000
436,270,238,937356,5114,57530,2088600
437,274,272,937082,5116,57802,1999900
438,252,231,936830,5137,58033,1815500
439,277,229,936553,5185,58262,1757100
440,275,261,936278,5199,58523,1751400
441,267,247,936011,5219,58770,1766400
442,226,246,935785,5199,59016,1797400
443,284,244,935501,5239,59260,1988200
444,264,271,935237,5232,59531,1771300
445,274,267,934963,5239,59798,1766800
446,273,263,934690,5249,60061,1795700
447,267,259,934423,5257,60320,1773000
448,289,276,934134,5270,60596,1760900
449,297,246,933837,5321,60842,2278600
450,277,287,933560,5311,61129,2010500
451,252,259,933308,5304,61388,1834600
452,260,279,933048,5285,61667,1792500
453,285,267,932763,5303,61934,1780800
454,241,268,932522,5276,62202,1874400
455,264,257,932258,5283,62459,1797500
456,263,273,931995,5273,62732,1772000
457,269,286,931726,5256,63018,1881600
458,278,255,931448,5279,63273,1788300
459,273,275,931175,5277,63548,1860600
460,284,264,930891,5297,63812,1777500
461,279,272,930612,5304,64084,1784800
462,273,268,930339,5309,64352,1810800
463,305,245,930034,5369,64597,1794000
464,284,272,929750,5381,64869,1734700
465,306,251,929444,5436,65120,1688000
466,281,275,929163,5442,65395,1644500
467,291,266,928872,5467,65661,1787900
468,275,281,928597,5461,65942,1769300
469,272,276,928325,5457,66218,1665200
470,314,233,928011,5538,66451,1656300
471,281,274,927730,5545,66725,1775100
472,317,307,927413,5555,67032,1658300
473,306,318,927107,5543,67350,1658500
474,346,303,926761,5586,67653,1806300
475,301,285,926460,5602,67938,1687700
476,265,265,926195,5602,68203,1706900
477,307,286,925888,5623,68489,1961500
478,312,299,925576,5636,68788,1813800
479,282,292,925294,5626,69080,1800800
480,303,254,924991,5675,69334,1704400
481,294,266,924697,5703,69600,1693600
482,297,272,924400,5728,69872,1753600
483,293,308,924107,5713,70180,1777300
484,267,290,923840,5690,70470,1686600
485,287,304,923553,5673,70774,1651800
486,317,284,923236,5706,71058,1807900
487,319,259,922917,5766,71317,1777400
488,281,289,922636,5758,71606,1687100
489,305,274,922331,5789,71880,1779300
490,328,304,922003,5813,72184,1820900
491,315,266,921688,5862,72450,1767400
492,298,282,921390,5878,72732,2133500
493,281,290,921109,5869,73022,2281700
494,268,304,920841,5833,73326,1850800
495,262,277,920579,5818,73603,1784600
496,309,304,920270,5823,73907,1817500
497,285,308,919985,5800,74215,1716900
498,311,262,919674,5849,74477,1658900
499,305,310,919369,5844,74787,1791500
500,294,291,919075,5847,75078,1710200
501,306,297,918769,5856,75375,1897600
502,280,291,918489,5845,75666,1907700
503,296,299,918193,5842,75965,1980800
504,283,319,917910,5806,76284,1967000
505,313,312,917597,5807,76596,2023000
506,266,298,917331,5775,76894,1954500
507,297,291,917034,5781,77185,1884100
508,292,279,916742,5794,77464,2054600
509,279,269,916463,5804,77733,1914900
510,295,292,916168,5807,78025,1869600
511,311,295,915857,5823,78320,2358900
512,297,321,915560,5799,78641,1940600
513,292,293,915268,5798,78934,2089600
514,283,246,914985,5835,79180,2177700
515,311,303,914674,5843,79483,1895500
516,310,300,914364,5853,79783,1879700
517,309,308,914055,5854,80091,1896300
518,295,258,913760,5891,80349,1900600
519,289,295,913471,5885,80644,2051900
520,292,274,913179,5903,80918,1887100
521,272,265,912907,5910,81183,1836800
522,277,293,912630,5894,81476,1845900
523,279,284,912351,5889,81760,1820100
524,289,295,912062,5883,82055,1907300
525,306,283,911756,5906,82338,2030200
526,315,285,911441,5936,82623,1802800
527,320,300,911121,5956,82923,1823400
528,301,282,910820,5975,83205,1882700
529,309,293,910511,5991,83498,1810100
530,322,260,910189,6053,83758,1915700
531,307,307,909882,6053,84065,1876000
532,284,288,909598,6049,84353,1776000
533,319,304,909279,6064,84657,1869800
534,299,319,908980,6044,84976,1812200
535,311,281,908669,6074,85257,1825800
536,309,292,908360,6091,85549,1796600
537,319,290,908041,6120,85839,1802300
538,307,321,907734,6106,86160,1769400
539,328,288,907406,6146,86448,1780400
540,333,303,907073,6176,86751,1803600
541,300,327,906773,6149,87078,1892800
542,280,311,906493,6118,87389,1839500
543,302,325,906191,6095,87714,1895000
544,332,299,905859,6128,88013,2003000
545,312,302,905547,6138,88315,1773600
546,297,323,905250,6112,88638,1829100
547,309,311,904941,6110,88949,1860600
548,315,313,904626,6112,89262,1805900
549,291,307,904335,6096,89569,1757100
550,271,312,904064,6055,89881,1718800
551,267,286,903797,6036,90167,1789400
552,299,304,903498,6031,90471,1824000
553,297,284,903201,6044,90755,1817600
554,267,297,902934,6014,91052,1830000
555,300,282,902634,6032,91334,2007800
556,297,302,902337,6027,91636,1832100
557,330,319,902007,6038,91955,2192700
558,332,283,901675,6087,92238,1860700
559,304,323,901371,6068,92561,2043900
560,291,318,901080,6041,92879,2004600
561,282,313,900798,6010,93192,1784900
562,323,258,900475,6075,93450,1814900
563,297,318,900178,6054,93768,1890000
564,302,300,899876,6056,94068,1857700
565,299,306,899577,6049,94374,1856900
566,300,278,899277,6071,94652,1866500
567,310,309,898967,6072,94961,1923400
568,314,310,898653,6076,95271,1896000
569,319,311,898334,6084,95582,1950900
570,310,304,898024,6090,95886,2024700
571,326,308,897698,6108,96194,1895300
572,305,306,897393,6107,96500,1817700
573,310,309,897083,6108,96809,1829800
574,307,306,896776,6109,97115,1832500
575,299,310,896477,6098,97425,1799100
576,304,282,896173,6120,97707,2146600
577,324,310,895849,6134,98017,1895400
578,303,335,895546,6102,98352,1859500
579,311,296,895235,6117,98648,1909900
580,333,320,894902,6130,98968,1996300
581,336,317,894566,6149,99285,1956900
582,331,270,894235,6210,99555,2029600
583,345,306,893890,6249,99861,2031200
584,323,285,893567,6287,100146,1983100
585,346,320,893221,6313,100466,2084700
586,320,336,892901,6297,100802,1867400
587,337,296,892564,6338,101098,1945100
588,321,316,892243,6343,101414,1897800
589,329,304,891914,6368,101718,1805400
590,316,297,891598,6387,102015,1839700
591,344,318,891254,6413,102333,1862700
592,331,324,890923,6420,102657,1790100
593,321,297,890602,6444,102954,1840700
594,306,303,890296,6447,103257,1839300
595,307,308,889989,6446,103565,1855800
596,329,307,889660,6468,103872,1838400
597,308,319,889352,6457,104191,1820100
598,337,300,889015,6494,104491,1798300
599,315,341,888700,6468,104832,1829500
600,337,303,888363,6502,105135,1843900
601,301,339,888062,6464,105474,1886500
602,303,305,887759,6462,105779,1812200
603,320,289,887439,6493,106068,1739200
604,349,323,887090,6519,106391,1743300
605,349,309,886741,6559,106700,1684700
606,345,343,886396,6561,107043,1873800
607,313,314,886083,6560,107357,1952400
608,342,339,885741,6563,107696,1912400
609,320,299,885421,6584,107995,1933500
610,287,335,885134,6536,108330,1953800
611,334,304,884800,6566,108634,2051900
612,294,325,884506,6535,108959,1948700
613,295,337,884211,6493,109296,1939800
614,292,314,883919,6471,109610,1999600
615,305,330,883614,6446,109940,1958400
616,298,316,883316,6428,110256,2078600
617,304,292,883012,6440,110548,1842200
618,292,354,882720,6378,110902,1931400
619,322,270,882398,6430,111172,1833200
620,305,306,882093,6429,111478,1782400
621,324,319,881769,6434,111797,1868100
622,346,328,881423,6452,112125,1869200
623,329,322,881094,6459,112447,1875900
624,310,337,880784,6432,112784,1918100
625,314,351,880470,6395,113135,1887800
626,315,326,880155,6384,113461,1860100
627,325,347,879830,6362,113808,1853400
628,343,317,879487,6388,114125,1905500
629,321,316,879166,6393,114441,1943400
630,330,326,878836,6397,114767,1859800
631,355,332,878481,6420,115099,1866800
632,343,321,878138,6442,115420,1878700
633,306,307,877832,6441,115727,1839300
634,299,381,877533,6359,116108,1996400
635,296,306,877237,6349,116414,1875400
636,342,312,876895,6379,116726,1832100
637,354,352,876541,6381,117078,1913400
638,286,320,876255,6347,117398,1863800
639,332,333,875923,6346,117731,2042500
640,303,327,875620,6322,118058,2097800
641,326,304,875294,6344,118362,1836100
642,332,333,874962,6343,118695,1924800
643,343,319,874619,6367,119014,1936400
644,312,319,874307,6360,119333,1830500
645,314,330,873993,6344,119663,1820200
646,307,314,873686,6337,119977,1775700
647,317,323,873369,6331,120300,1787000
648,317,356,873052,6292,120656,1819400
649,341,306,872711,6327,120962,2141000
650,339,307,872372,6359,121269,1824700
651,343,295,872029,6407,121564,1842100
652,350,325,871679,6432,121889,1778900
653,318,328,871361,6422,122217,1912300
654,366,307,870995,6481,122524,1832800
655,350,300,870645,6531,122824,1792300
656,348,329,870297,6550,123153,1844500
657,345,300,869952,6595,123453,1839700
658,326,333,869626,6588,123786,1813100
659,355,337,869271,6606,124123,1844500
660,375,341,868896,6640,124464,1796200
661,361,327,868535,6674,124791,1872800
662,335,341,868200,6668,125132,1850400
663,355,352,867845,6671,125484,2003600
664,376,359,867469,6688,125843,1878300
665,350,297,867119,6741,126140,2126300
666,329,299,866790,6771,126439,1826500
667,359,351,866431,6779,126790,1893600
668,381,370,866050,6790,127160,1861600
669,351,338,865699,6803,127498,1861800
670,364,353,865335,6814,127851,1864500
671,367,338,864968,6843,128189,1796100
672,362,324,864606,6881,128513,1691200
673,376,346,864230,6911,128859,1799400
674,393,348,863837,6956,129207,1992900
675,332,344,863505,6944,129551,1828900
676,358,360,863147,6942,129911,1802400
677,350,329,862797,6963,130240,1802000
678,362,339,862435,6986,130579,1866300
679,369,360,862066,6995,130939,1873900
680,357,338,861709,7014,131277,1892100
681,364,365,861345,7013,131642,1843200
682,394,349,860951,7058,131991,1845900
683,386,355,860565,7089,132346,1848800
684,392,356,860173,7125,132702,1806200
685,370,354,859803,7141,133056,1855200
686,375,377,859428,7139,133433,2135900
687,392,380,859036,7151,133813,2013000
688,369,346,858667,7174,134159,1846700
689,385,349,858282,7210,134508,1843800
690,355,385,857927,7180,134893,1926600
691,368,375,857559,7173,135268,1857200
692,396,359,857163,7210,135627,1740000
693,372,361,856791,7221,135988,2001600
694,384,357,856407,7248,136345,1736600
695,387,393,856020,7242,136738,1849500
696,378,391,855642,7229,137129,2016300
697,398,382,855244,7245,137511,1852600
698,351,341,854893,7255,137852,1834000
699,363,376,854530,7242,138228,1995100
700,369,361,854161,7250,138589,1900900
701,391,375,853770,7266,138964,2020600
702,371,350,853399,7287,139314,1943400
703,379,352,853020,7314,139666,1878800
704,358,385,852662,7287,140051,1851500
705,374,368,852288,7293,140419,1876900
706,409,375,851879,7327,140794,1871300
707,368,391,851511,7304,141185,1846400
708,396,379,851115,7321,141564,1826600
709,389,378,850726,7332,141942,1771600
710,364,344,850362,7352,142286,1872700
711,366,415,849996,7303,142701,1848000
712,381,339,849615,7345,143040,1868900
713,359,369,849256,7335,143409,1837000
714,375,370,848881,7340,143779,2001000
715,408,354,848473,7394,144133,5347900
716,378,360,848095,7412,144493,3554000
717,366,389,847729,7389,144882,4918100
718,364,350,847365,7403,145232,2442200
719,397,377,846968,7423,145609,2111700
720,355,385,846613,7393,145994,1958300
721,368,374,846245,7387,146368,1884500
722,394,379,845851,7402,146747,1901200
723,392,394,845459,7400,147141,2066700
724,384,339,845075,7445,147480,7782400
725,381,364,844694,7462,147844,2524800
726,368,366,844326,7464,148210,2409400
727,382,353,843944,7493,148563,2231900
728,357,360,843587,7490,148923,2617300
729,376,396,843211,7470,149319,6068700
730,385,364,842826,7491,149683,2300300
731,361,380,842465,7472,150063,2319000
732,389,349,842076,7512,150412,2030500
733,384,358,841692,7538,150770,1919100
734,379,365,841313,7552,151135,1899200
735,409,342,840904,7619,151477,1885200
736,404,387,840500,7636,151864,1929400
737,420,397,840080,7659,152261,1882900
738,380,391,839700,7648,152652,1886600
739,422,381,839278,7689,153033,1861200
740,404,390,838874,7703,153423,1904200
741,381,386,838493,7698,153809,1865700
742,400,397,838093,7701,154206,1829900
743,383,372,837710,7712,154578,1811800
744,377,414,837333,7675,154992,1853100
745,361,376,836972,7660,155368,2056100
746,392,403,836580,7649,155771,1822900
747,366,366,836214,7649,156137,1827700
748,378,387,835836,7640,156524,1833800
749,425,368,835411,7697,156892,1795100
750,379,385,835032,7691,157277,1801500
751,387,394,834645,7684,157671,1796200
752,388,395,834257,7677,158066,1845300
753,371,381,833886,7667,158447,1926400
754,392,428,833494,7631,158875,2338700
755,386,386,833108,7631,159261,1832500
756,381,391,832727,7621,159652,1870100
757,388,371,832339,7638,160023,2134500
758,386,393,831953,7631,160416,1832300
759,392,341,831561,7682,160757,1736600
760,401,396,831160,7687,161153,1717400
761,422,408,830738,7701,161561,1831400
762,401,356,830337,7746,161917,1866200
763,409,400,829928,7755,162317,1814300
764,416,395,829512,7776,162712,1730600
765,375,390,829137,7761,163102,1668800
766,408,368,828729,7801,163470,1805700
767,401,377,828328,7825,163847,1824500
768,414,382,827914,7857,164229,1774700
769,411,402,827503,7866,164631,1726000
770,380,414,827123,7832,165045,1737800
771,375,381,826748,7826,165426,2091000
772,387,371,826361,7842,165797,1862500
773,366,422,825995,7786,166219,1839700
774,377,399,825618,7764,166618,1768700
775,390,381,825228,7773,166999,1690000
776,394,387,824834,7780,167386,1693500
777,394,335,824440,7839,167721,1798600
778,386,371,824054,7854,168092,1740500
779,421,366,823633,7909,168458,1726000
780,393,410,823240,7892,168868,1744700
781,401,430,822839,7863,169298,1841500
782,407,403,822432,7867,169701,1760600
783,463,362,821969,7968,170063,1720600
784,386,392,821583,7962,170455,1721300
785,406,430,821177,7938,170885,1825100
786,403,395,820774,7946,171280,1791800
787,433,369,820341,8010,171649,1926400
788,429,395,819912,8044,172044,1715400
789,416,379,819496,8081,172423,1811600
790,430,403,819066,8108,172826,1885800
791,401,408,818665,8101,173234,1833400
792,414,401,818251,8114,173635,1830200
793,432,435,817819,8111,174070,1794700
794,422,423,817397,8110,174493,2028200
795,434,385,816963,8159,174878,1890000
796,436,407,816527,8188,175285,2104500
797,410,415,816117,8183,175700,1833500
798,427,409,815690,8201,176109,1840300
799,402,412,815288,8191,176521,1817800
800,382,416,814906,8157,176937,1945400
801,437,411,814469,8183,177348,1853600
802,401,413,814068,8171,177761,1788000
803,459,414,813609,8216,178175,1782000
804,427,412,813182,8231,178587,1764100
805,409,395,812773,8245,178982,1883500
806,464,413,812309,8296,179395,1801500
807,431,427,811878,8300,179822,1792500
808,429,404,811449,8325,180226,1857500
809,451,470,810998,8306,180696,1771800
810,468,404,810530,8370,181100,1807400
811,409,392,810121,8387,181492,1883400
812,431,399,809690,8419,181891,2174100
813,427,443,809263,8403,182334,1839200
814,415,440,808848,8378,182774,1886200
815,393,432,808455,8339,183206,1756700
816,403,425,808052,8317,183631,1725100
817,430,434,807622,8313,184065,1770300
818,388,389,807234,8312,184454,1898700
819,427,397,806807,8342,184851,1879200
820,410,409,806397,8343,185260,1802100
821,410,403,805987,8350,185663,1812500
822,411,462,805576,8299,186125,2122900
823,414,414,805162,8299,186539,1793400
824,420,415,804742,8304,186954,1781000
825,381,429,804361,8256,187383,1847600
826,428,425,803933,8259,187808,1756500
827,419,397,803514,8281,188205,1821000
828,414,399,803100,8296,188604,1702300
829,428,404,802672,8320,189008,1766800
830,458,437,802214,8341,189445,2031700
831,437,442,801777,8336,189887,1904600
832,466,428,801311,8374,190315,1773500
833,396,414,800915,8356,190729,2170500
834,413,431,800502,8338,191160,2072400
835,430,397,800072,8371,191557,1895300
836,456,403,799616,8424,191960,1841400
837,418,439,799198,8403,192399,1809800
838,411,397,798787,8417,192796,1789100
839,442,419,798345,8440,193215,1813700
840,424,398,797921,8466,193613,1826600
841,419,429,797502,8456,194042,1840600
842,449,452,797053,8453,194494,1802700
843,420,426,796633,8447,194920,1826100
844,427,441,796206,8433,195361,1730600
845,410,412,795796,8431,195773,2216300
846,396,404,795400,8423,196177,1841700
847,423,407,794977,8439,196584,1999000
848,464,454,794513,8449,197038,1900600
849,453,434,794060,8468,197472,1819300
850,428,384,793632,8512,197856,1869600
851,450,401,793182,8561,198257,1881400
852,489,450,792693,8600,198707,1820100
853,459,449,792234,8610,199156,1802600
854,434,445,791800,8599,199601,1819500
855,444,425,791356,8618,200026,1820200
856,450,423,790906,8645,200449,1888000
857,444,457,790462,8632,200906,1990800
858,415,472,790047,8575,201378,1782200
859,471,431,789576,8615,201809,1838000
860,441,417,789135,8639,202226,1791300
861,444,432,788691,8651,202658,2005400
862,447,423,788244,8675,203081,1868500
863,465,407,787779,8733,203488,1769400
864,467,429,787312,8771,203917,1933900
865,426,434,786886,8763,204351,1768300
866,448,410,786438,8801,204761,1817900
867,444,427,785994,8818,205188,1813600
868,465,443,785529,8840,205631,1762900
869,442,471,785087,8811,206102,1764000
870,391,426,784696,8776,206528,1852000
871,417,419,784279,8774,206947,1818900
872,453,449,783826,8778,207396,1798000
873,422,453,783404,8747,207849,2056400
874,450,443,782954,8754,208292,1830100
875,417,459,782537,8712,208751,1811300
876,464,455,782073,8721,209206,1807800
877,461,441,781612,8741,209647,1856800
878,393,454,781219,8680,210101,2335800
879,436,450,780783,8666,210551,2240400
880,440,444,780343,8662,210995,1915000
881,419,402,779924,8679,211397,1910400
882,453,430,779471,8702,211827,1852000
883,443,420,779028,8725,212247,2029100
884,439,469,778589,8695,212716,1773300
885,430,471,778159,8654,213187,2105100
886,427,435,777732,8646,213622,2187900
887,436,439,777296,8643,214061,1853200
888,435,411,776861,8667,214472,1856800
889,438,427,776423,8678,214899,1803000
890,440,403,775983,8715,215302,1839100
891,440,462,775543,8693,215764,1751500
892,439,456,775104,8676,216220,1724000
893,442,445,774662,8673,216665,1812200
894,433,416,774229,8690,217081,1797500
895,465,418,773764,8737,217499,1746000
896,456,426,773308,8767,217925,1701700
897,439,456,772869,8750,218381,1826700
898,456,446,772413,8760,218827,2293900
899,456,452,771957,8764,219279,1941900
900,445,429,771512,8780,219708,1882700
901,454,440,771058,8794,220148,1842600
902,456,446,770602,8804,220594,1827000
903,431,431,770171,8804,221025,1751800
904,449,418,769722,8835,221443,1743300
905,475,442,769247,8868,221885,1727700
906,433,432,768814,8869,222317,1844500
907,510,424,768304,8955,222741,1953500
908,473,459,767831,8969,223200,1736500
909,454,452,767377,8971,223652,1700600
910,473,469,766904,8975,224121,1731000
911,519,465,766385,9029,224586,1801400
912,449,438,765936,9040,225024,1769000
913,490,435,765446,9095,225459,1675000
914,472,459,764974,9108,225918,1746200
915,477,446,764497,9139,226364,2035000
916,487,473,764010,9153,226837,1766600
917,486,435,763524,9204,227272,1699000
918,482,477,763042,9209,227749,1743800
919,473,441,762569,9241,228190,1814700
920,450,485,762119,9206,228675,1852800
921,460,474,761659,9192,229149,1736600
922,450,483,761209,9159,229632,1742800
923,415,458,760794,9116,230090,1713600
924,455,482,760339,9089,230572,1792000
925,461,435,759878,9115,231007,1756800
926,444,467,759434,9092,231474,1700300
927,415,421,759019,9086,231895,1678800
928,418,445,758601,9059,232340,1803300
929,441,420,758160,9080,232760,1745800
930,446,474,757714,9052,233234,1692100
931,468,412,757246,9108,233646,1731200
932,427,467,756819,9068,234113,1843800
933,444,468,756375,9044,234581,1717100
934,460,466,755915,9038,235047,1733300
935,426,487,755489,8977,235534,1711300
936,454,449,755035,8982,235983,1812400
937,448,411,754587,9019,236394,1821300
938,472,451,754115,9040,236845,1719600
939,422,472,753693,8990,237317,2098900
940,436,473,753257,8953,237790,1876800
941,439,469,752818,8923,238259,1883700
942,482,444,752336,8961,238703,1885900
943,432,402,751904,8991,239105,1836800
944,453,449,751451,8995,239554,1807200
945,461,457,750990,8999,240011,1743800
946,440,434,750550,9005,240445,1741200
947,461,431,750089,9035,240876,1819700
948,428,498,749661,8965,241374,1812700
949,428,426,749233,8967,241800,1807400
950,449,469,748784,8947,242269,1769000
951,434,449,748350,8932,242718,1745300
952,435,483,747915,8884,243201,1839400
953,410,441,747505,8853,243642,1840900
954,448,428,747057,8873,244070,1805500
955,436,455,746621,8854,244525,1704400
956,437,474,746184,8817,244999,1708900
957,430,409,745754,8838,245408,1871600
958,497,428,745257,8907,245836,1790600
959,463,485,744794,8885,246321,1734200
960,437,438,744357,8884,246759,1700200
961,443,428,743914,8899,247187,2010900
962,473,488,743441,8884,247675,1806000
963,447,436,742994,8895,248111,1874700
964,439,429,742555,8905,248540,1814100
965,458,440,742097,8923,248980,1769800
966,470,438,741627,8955,249418,1882000
967,452,431,741175,8976,249849,1878300
968,459,437,740716,8998,250286,1818400
969,478,453,740238,9023,250739,1864500
970,458,456,739780,9025,251195,1841600
971,446,451,739334,9020,251646,1988600
972,499,489,738835,9030,252135,1838700
973,481,461,738354,9050,252596,2006000
974,503,425,737851,9128,253021,1850400
975,466,456,737385,9138,253477,1861800
976,444,448,736941,9134,253925,1846100
977,441,468,736500,9107,254393,1824300
978,437,474,736063,9070,254867,1813700
979,436,477,735627,9029,255344,1934400
980,442,478,735185,8993,255822,2000200
981,450,441,734735,9002,256263,1857900
982,438,450,734297,8990,256713,1801600
983,429,435,733868,8984,257148,2010200
984,465,450,733403,8999,257598,1814400
985,431,423,732972,9007,258021,2026300
986,432,442,732540,8997,258463,2083500
987,446,475,732094,8968,258938,1882300
988,448,479,731646,8937,259417,1815600
989,447,469,731199,8915,259886,1853600
990,438,470,730761,8883,260356,1801300
991,467,460,730294,8890,260816,1692700
992,444,484,729850,8850,261300,1747200
993,447,424,729403,8873,261724,1838500
994,448,458,728955,8863,262182,1848800
995,428,394,728527,8897,262576,1787900
996,427,452,728100,8872,263028,1743300
997,428,459,727672,8841,263487,1715300
998,417,414,727255,8844,263901,1854200
999,436,401,726819,8879,264302,1818300
1000,439,421,726380,8897,264723,1749800
1001,443,448,725937,8892,265171,1865200
1002,436,430,725501,8898,265601,1785800
1003,444,437,725057,8905,266038,1848500
1004,409,443,724648,8871,266481,1830700
1005,396,448,724252,8819,266929,1780100
1006,444,444,723808,8819,267373,1704400
1007,415,484,723393,8750,267857,1743300
1008,390,458,723003,8682,268315,1820700
1009,423,464,722580,8641,268779,1831000
1010,436,425,722144,8652,269204,2139500
1011,407,442,721737,8617,269646,1859500
1012,400,451,721337,8566,270097,1812700
1013,441,420,720896,8587,270517,1708700
1014,423,420,720473,8590,270937,1745300
1015,453,452,720020,8591,271389,1836800
1016,395,426,719625,8560,271815,1823400
1017,434,438,719191,8556,272253,1721700
1018,448,443,718743,8561,272696,1682800
1019,420,450,718323,8531,273146,1808900
1020,424,425,717899,8530,273571,2120100
1021,428,396,717471,8562,273967,1825000
1022,484,422,716987,8624,274389,1809200
1023,421,432,716566,8613,274821,1726900
1024,447,416,716119,8644,275237,1728900
1025,412,439,715707,8617,275676,1810700
1026,452,436,715255,8633,276112,1831000
1027,466,458,714789,8641,276570,2125800
1028,454,423,714335,8672,276993,1828600
1029,422,458,713913,8636,277451,1732600
1030,400,432,713513,8604,277883,1708200
1031,395,422,713118,8577,278305,1837800
1032,426,433,712692,8570,278738,1812400
1033,398,413,712294,8555,279151,1780100
1034,411,405,711883,8561,279556,1726700
1035,429,448,711454,8542,280004,1783000
1036,397,417,711057,8522,280421,1866900
1037,410,416,710647,8516,280837,1984200
1038,409,443,710238,8482,281280,1876700
1039,414,408,709824,8488,281688,1891800
1040,438,440,709386,8486,282128,1757300
1041,450,461,708936,8475,282589,1746000
1042,435,428,708501,8482,283017,1851400
1043,423,438,708078,8467,283455,1730500
1044,440,408,707638,8499,283863,1807100
1045,406,399,707232,8506,284262,1705300
1046,410,404,706822,8512,284666,1711700
1047,472,402,706350,8582,285068,1878400
1048,443,411,705907,8614,285479,1862500
1049,443,418,705464,8639,285897,1960900
1050,433,436,705031,8636,286333,2132100
1051,407,454,704624,8589,286787,1757900
1052,436,422,704188,8603,287209,1676600
1053,427,399,703761,8631,287608,1737600
1054,421,418,703340,8634,288026,1745600
1055,417,414,702923,8637,288440,1754700
1056,398,441,702525,8594,288881,1728300
1057,403,416,702122,8581,289297,1699000
1058,390,449,701732,8522,289746,1815000
1059,416,477,701316,8461,290223,1969700
1060,402,443,700914,8420,290666,1719100
1061,378,402,700536,8396,291068,1714700
1062,406,410,700130,8392,291478,1675600
1063,410,397,699720,8405,291875,1781000
1064,402,427,699318,8380,292302,1703600
1065,390,421,698928,8349,292723,1679400
1066,421,444,698507,8326,293167,1837500
1067,417,372,698090,8371,293539,1829200
1068,432,429,697658,8374,293968,1725200
1069,407,427,697251,8354,294395,1753100
1070,414,419,696837,8349,294814,1736700
1071,424,418,696413,8355,295232,1823500
1072,432,402,695981,8385,295634,1789100
1073,443,420,695538,8408,296054,1720100
1074,413,410,695125,8411,296464,1704200
1075,423,416,694702,8418,296880,1803500
1076,439,417,694263,8440,297297,1763600
1077,429,444,693834,8425,297741,1708900
1078,418,396,693416,8447,298137,1808100
1079,391,413,693025,8425,298550,1840500
1080,403,414,692622,8414,298964,1729200
1081,377,359,692245,8432,299323,1733200
1082,434,379,691811,8487,299702,1737000
1083,381,421,691430,8447,300123,1836600
1084,470,452,690960,8465,300575,1934000
1085,407,416,690553,8456,300991,1850300
1086,394,423,690159,8427,301414,1932700
1087,404,428,689755,8403,301842,2853500
1088,436,442,689319,8397,302284,2409000
1089,404,410,688915,8391,302694,1990200
1090,390,425,688525,8356,303119,2378100
1091,419,406,688106,8369,303525,5382300
1092,400,419,687706,8350,303944,13445100
1093,413,411,687293,8352,304355,11737700
1094,410,440,686883,8322,304795,5386300
1095,417,420,686466,8319,305215,7172700
1096,401,463,686065,8257,305678,4313800
1097,386,401,685679,8242,306079,11871000
1098,395,376,685284,8261,306455,3292800
1099,430,405,684854,8286,306860,2496300
1100,443,413,684411,8316,307273,2319300
1101,427,418,683984,8325,307691,2752400
1102,388,386,683596,8327,308077,2575700
1103,379,402,683217,8304,308479,2131900
1104,389,382,682828,8311,308861,2107300
1105,389,404,682439,8296,309265,2046700
1106,439,403,682000,8332,309668,2229100
1107,398,413,681602,8317,310081,2077800
1108,374,381,681228,8310,310462,2116600
1109,384,370,680844,8324,310832,1963700
1110,387,417,680457,8294,311249,2088100
1111,406,383,680051,8317,311632,2389800
1112,397,413,679654,8301,312045,2011000
1113,422,435,679232,8288,312480,2099100
1114,395,407,678837,8276,312887,2860600
1115,399,425,678438,8250,313312,2013900
1116,402,397,678036,8255,313709,1956000
1117,421,410,677615,8266,314119,1897700
1118,404,405,677211,8265,314524,1870100
1119,449,409,676762,8305,314933,2252800
1120,451,420,676311,8336,315353,2060500
1121,410,407,675901,8339,315760,2185500
1122,405,436,675496,8308,316196,2182200
1123,372,414,675124,8266,316610,2210200
1124,393,414,674731,8245,317024,2408800
1125,414,410,674317,8249,317434,2173800
1126,383,422,673934,8210,317856,2129700
1127,418,417,673516,8211,318273,2321700
1128,417,367,673099,8261,318640,1971700
1129,391,445,672708,8207,319085,2196600
1130,378,400,672330,8185,319485,2209300
1131,429,415,671901,8199,319900,1997300
1132,441,418,671460,8222,320318,1872800
1133,421,436,671039,8207,320754,2077200
1134,389,424,670650,8172,321178,1990500
1135,389,415,670261,8146,321593,1969800
1136,384,449,669877,8081,322042,1931500
1137,392,397,669485,8076,322439,2121700
1138,415,402,669070,8089,322841,2083500
1139,415,396,668655,8108,323237,1883100
1140,429,429,668226,8108,323666,1936400
1141,400,436,667826,8072,324102,1933200
1142,365,385,667461,8052,324487,1996600
1143,410,395,667051,8067,324882,1864900
1144,437,411,666614,8093,325293,1947500
1145,393,385,666221,8101,325678,1905100
1146,393,420,665828,8074,326098,1894800
1147,417,435,665411,8056,326533,1867200
1148,376,412,665035,8020,326945,1971200
1149,379,379,664656,8020,327324,1839900
1150,410,407,664246,8023,327731,1860300
1151,430,392,663816,8061,328123,1997600
1152,401,411,663415,8051,328534,1986400
1153,399,416,663016,8034,328950,1863700
1154,435,414,662581,8055,329364,1856800
1155,397,428,662184,8024,329792,1808900
1156,406,390,661778,8040,330182,1875100
1157,415,416,661363,8039,330598,1861000
1158,380,392,660983,8027,330990,1876000
1159,376,433,660607,7970,331423,1860800
1160,381,403,660226,7948,331826,1818800
1161,366,422,659860,7892,332248,1915300
1162,423,381,659437,7934,332629,1902400
1163,399,392,659038,7941,333021,1869600
1164,397,414,658641,7924,333435,1852400
1165,400,412,658241,7912,333847,1819400
1166,421,434,657820,7899,334281,1698700
1167,377,386,657443,7890,334667,1721700
1168,378,421,657065,7847,335088,1843600
1169,356,360,656709,7843,335448,1805000
1170,387,390,656322,7840,335838,1688200
1171,411,400,655911,7851,336238,1710400
1172,395,387,655516,7859,336625,1826600
1173,399,401,655117,7857,337026,1818200
1174,409,416,654708,7850,337442,1761300
1175,408,401,654300,7857,337843,1701900
1176,381,374,653919,7864,338217,1756500
1177,397,374,653522,7887,338591,1805100
1178,402,394,653120,7895,338985,1809300
1179,383,404,652737,7874,339389,1733400
1180,363,405,652374,7832,339794,1802800
1181,387,407,651987,7812,340201,1821400
1182,386,375,651601,7823,340576,1817400
1183,399,413,651202,7809,340989,1771000
1184,409,380,650793,7838,341369,1696600
1185,393,418,650400,7813,341787,1737500
1186,411,401,649989,7823,342188,1821000
1187,414,395,649575,7842,342583,1794800
1188,410,368,649165,7884,342951,1973100
1189,421,392,648744,7913,343343,1738600
1190,419,415,648325,7917,343758,1719100
1191,418,367,647907,7968,344125,1816100
1192,419,403,647488,7984,344528,1783600
1193,406,428,647082,7962,344956,1733000
1194,414,438,646668,7938,345394,1708200
1195,410,400,646258,7948,345794,2079300
1196,430,417,645828,7961,346211,1873000
1197,457,443,645371,7975,346654,1831000
1198,429,438,644942,7966,347092,1816600
1199,445,388,644497,8023,347480,1671100
1200,457,407,644040,8073,347887,1713600
1201,455,431,643585,8097,348318,1856000
1202,417,410,643168,8104,348728,1719300
1203,422,395,642746,8131,349123,1736300
1204,401,409,642345,8123,349532,1735000
1205,427,370,641918,8180,349902,1739600
1206,421,410,641497,8191,350312,1816300
1207,416,403,641081,8204,350715,1738300
1208,437,363,640644,8278,351078,1720100
1209,435,425,640209,8288,351503,1702400
1210,456,411,639753,8333,351914,1807500
1211,404,378,639349,8359,352292,1713700
1212,471,409,638878,8421,352701,1657500
1213,420,442,638458,8399,353143,1846300
1214,428,422,638030,8405,353565,1728200
1215,441,463,637589,8383,354028,1669200
1216,442,385,637147,8440,354413,1778500
1217,455,420,636692,8475,354833,1783200
1218,480,407,636212,8548,355240,1796300
1219,447,415,635765,8580,355655,1745500
1220,436,434,635329,8582,356089,1723900
1221,441,418,634888,8605,356507,1758100
1222,456,440,634432,8621,356947,2158600
1223,432,411,634000,8642,357358,1753800
1224,396,455,633604,8583,357813,1808800
1225,430,408,633174,8605,358221,1701500
1226,407,429,632767,8583,358650,1713500
1227,438,428,632329,8593,359078,1866200
1228,443,445,631886,8591,359523,1817700
1229,435,414,631451,8612,359937,1748900
1230,427,415,631024,8624,360352,1729800
1231,438,430,630586,8632,360782,1804600
1232,402,444,630184,8590,361226,1864600
1233,418,415,629766,8593,361641,1913300
1234,399,464,629367,8528,362105,1831300
1235,427,459,628940,8496,362564,1845100
1236,408,423,628532,8481,362987,1744700
1237,439,418,628093,8502,363405,1725600
1238,427,452,627666,8477,363857,1848100
1239,428,406,627238,8499,364263,1800000
1240,412,435,626826,8476,364698,1727800
1241,416,399,626410,8493,365097,1707000
1242,456,426,625954,8523,365523,1845200
1243,428,423,625526,8528,365946,1859400
1244,446,417,625080,8557,366363,1765800
1245,418,439,624662,8536,366802,1944800
1246,438,448,624224,8526,367250,1759500
1247,447,407,623777,8566,367657,1794700
1248,460,468,623317,8558,368125,1858300
1249,416,401,622901,8573,368526,1805200
1250,399,449,622502,8523,368975,1736800
1251,437,426,622065,8534,369401,1807700
1252,394,466,621671,8462,369867,1803900
1253,417,417,621254,8462,370284,1859700
1254,430,417,620824,8475,370701,1856100
1255,405,434,620419,8446,371135,1764400
1256,410,404,620009,8452,371539,1715100
1257,411,437,619598,8426,371976,1830800
1258,387,427,619211,8386,372403,1838900
1259,421,384,618790,8423,372787,1817600
1260,408,428,618382,8403,373215,1809000
1261,421,462,617961,8362,373677,1715900
1262,396,405,617565,8353,374082,1717000
1263,424,419,617141,8358,374501,1819500
1264,410,427,616731,8341,374928,2095100
1265,389,406,616342,8324,375334,2306000
1266,388,421,615954,8291,375755,2016500
1267,398,446,615556,8243,376201,1844700
1268,380,392,615176,8231,376593,1862900
1269,415,406,614761,8240,376999,1859700
1270,424,410,614337,8254,377409,1744200
1271,401,426,613936,8229,377835,1756100
1272,418,404,613518,8243,378239,1680300
1273,384,410,613134,8217,378649,1933600
1274,436,400,612698,8253,379049,1845900
1275,408,436,612290,8225,379485,1845800
1276,402,414,611888,8213,379899,1724600
1277,449,398,611439,8264,380297,1715900
1278,392,409,611047,8247,380706,1832700
1279,417,396,610630,8268,381102,1801100
1280,398,407,610232,8259,381509,1870200
1281,416,382,609816,8293,381891,1729000
1282,405,404,609411,8294,382295,1737700
1283,409,420,609002,8283,382715,1728400
1284,426,403,608576,8306,383118,1799400
1285,405,435,608171,8276,383553,1703800
1286,399,387,607772,8288,383940,1711500
1287,396,468,607376,8216,384408,1828700
1288,418,413,606958,8221,384821,1786600
1289,400,413,606558,8208,385234,1701400
1290,396,373,606162,8231,385607,1723500
1291,401,412,605761,8220,386019,1974500
1292,423,399,605338,8244,386418,1736600
1293,431,391,604907,8284,386809,1739300
1294,413,400,604494,8297,387209,1718800
1295,413,443,604081,8267,387652,1709600
1296,436,459,603645,8244,388111,1825900
1297,427,418,603218,8253,388529,1740900
1298,462,415,602756,8300,388944,1713900
1299,416,428,602340,8288,389372,1725800
1300,438,432,601902,8294,389804,1741500
1301,440,404,601462,8330,390208,1729700
1302,421,433,601041,8318,390641,1687600
1303,394,401,600647,8311,391042,1830800
1304,392,387,600255,8316,391429,1820400
1305,442,426,599813,8332,391855,1957500
1306,399,465,599414,8266,392320,1740200
1307,468,435,598946,8299,392755,1798500
1308,443,439,598503,8303,393194,1772500
1309,423,435,598080,8291,393629,1743500
1310,420,433,597660,8278,394062,1810600
1311,428,421,597232,8285,394483,1773900
1312,438,394,596794,8329,394877,1718400
1313,395,422,596399,8302,395299,1833700
1314,420,427,595979,8295,395726,1833800
1315,379,410,595600,8264,396136,1757100
1316,370,390,595230,8244,396526,1722800
1317,428,390,594802,8282,396916,1733700
1318,434,396,594368,8320,397312,1855900
1319,404,409,593964,8315,397721,1792100
1320,391,437,593573,8269,398158,1660600
1321,404,394,593169,8279,398552,1716200
1322,403,399,592766,8283,398951,1842000
1323,394,428,592372,8249,399379,1768400
1324,388,426,591984,8211,399805,1715100
1325,395,437,591589,8169,400242,1805600
1326,409,401,591180,8177,400643,1730700
1327,400,400,590780,8177,401043,1792400
1328,434,445,590346,8166,401488,1719000
1329,397,409,589949,8154,401897,1704300
1330,391,410,589558,8135,402307,1820500
1331,412,409,589146,8138,402716,1808800
1332,396,395,588750,8139,403111,1742200
1333,409,405,588341,8143,403516,1704600
1334,407,390,587934,8160,403906,1723100
1335,398,408,587536,8150,404314,1841800
1336,423,398,587113,8175,404712,1755000
1337,408,417,586705,8166,405129,1751600
1338,424,392,586281,8198,405521,1733400
1339,413,406,585868,8205,405927,1842100
1340,399,424,585469,8180,406351,1776700
1341,432,416,585037,8196,406767,1712700
1342,445,448,584592,8193,407215,1729100
1343,448,394,584144,8247,407609,1847800
1344,420,385,583724,8282,407994,1944800
1345,415,463,583309,8234,408457,1765000
1346,424,436,582885,8222,408893,1723100
1347,419,458,582466,8183,409351,1721000
1348,391,404,582075,8170,409755,1812400
1349,386,415,581689,8141,410170,1807200
1350,401,423,581288,8119,410593,1764900
1351,440,411,580848,8148,411004,1740700
1352,427,393,580421,8182,411397,1758100
1353,392,428,580029,8146,411825,1822400
1354,408,411,579621,8143,412236,1718400
1355,401,410,579220,8134,412646,1709600
1356,397,424,578823,8107,413070,1728700
1357,404,381,578419,8130,413451,1732900
1358,389,443,578030,8076,413894,1721600
1359,407,402,577623,8081,414296,1719000
1360,420,406,577203,8095,414702,1839700
1361,415,407,576788,8103,415109,1801500
1362,404,442,576384,8065,415551,1725800
1363,373,380,576011,8058,415931,1712600
1364,360,400,575651,8018,416331,1702900
1365,412,371,575239,8059,416702,1788000
1366,409,403,574830,8065,417105,1704900
1367,360,380,574470,8045,417485,1704800
1368,397,377,574073,8065,417862,1827700
1369,415,435,573658,8045,418297,1861100
1370,391,411,573267,8025,418708,1842000
1371,392,367,572875,8050,419075,1929400
1372,409,398,572466,8061,419473,2112500
1373,391,397,572075,8055,419870,1836100
1374,393,434,571682,8014,420304,1737200
1375,443,379,571239,8078,420683,1713200
1376,418,393,570821,8103,421076,1863900
1377,371,444,570450,8030,421520,1798000
1378,407,386,570043,8051,421906,1760900
1379,379,422,569664,8008,422328,1705700
1380,400,410,569264,7998,422738,1844900
1381,381,404,568883,7975,423142,1842300
1382,410,409,568473,7976,423551,1861100
1383,399,407,568074,7968,423958,1667500
1384,420,390,567654,7998,424348,1727800
1385,415,424,567239,7989,424772,1909400
1386,396,413,566843,7972,425185,1881100
1387,377,389,566466,7960,425574,1757200
1388,375,394,566091,7941,425968,1715100
1389,370,373,565721,7938,426341,1712300
1390,373,389,565348,7922,426730,1820600
1391,386,380,564962,7928,427110,1797600
1392,417,385,564545,7960,427495,1699800
1393,388,377,564157,7971,427872,1699700
1394,380,442,563777,7909,428314,1822300
1395,386,398,563391,7897,428712,1893800
1396,397,402,562994,7892,429114,1904800
1397,426,432,562568,7886,429546,1966600
1398,369,370,562199,7885,429916,1894800
1399,426,408,561773,7903,430324,1883800
1400,436,431,561337,7908,430755,1861900
1401,451,389,560886,7970,431144,1833200
1402,393,426,560493,7937,431570,1860000
1403,431,403,560062,7965,431973,1873700
1404,420,379,559642,8006,432352,1834500
1405,399,423,559243,7982,432775,1830400
1406,408,417,558835,7973,433192,1811800
1407,411,387,558424,7997,433579,1789800
1408,403,388,558021,8012,433967,1834100
1409,433,384,557588,8061,434351,1810400
1410,389,418,557199,8032,434769,1881200
1411,451,403,556748,8080,435172,1764000
1412,423,412,556325,8091,435584,1854200
1413,438,422,555887,8107,436006,1874000
1414,417,396,555470,8128,436402,1818300
1415,406,392,555064,8142,436794,1887600
1416,390,417,554674,8115,437211,1834800
1417,394,412,554280,8097,437623,1792700
1418,398,391,553882,8104,438014,1787900
1419,384,432,553498,8056,438446,1885400
1420,385,414,553113,8027,438860,1833600
1421,359,417,552754,7969,439277,1725700
1422,382,380,552372,7971,439657,1809400
1423,366,395,552006,7942,440052,1735800
1424,421,387,551585,7976,440439,1807600
1425,417,389,551168,8004,440828,1793500
1426,390,383,550778,8011,441211,1835200
1427,394,446,550384,7959,441657,1836600
1428,372,430,550012,7901,442087,2011800
1429,413,390,549599,7924,442477,2021200
1430,420,428,549179,7916,442905,1815700
1431,412,384,548767,7944,443289,1838000
1432,405,413,548362,7936,443702,1809700
1433,397,402,547965,7931,444104,1833400
1434,451,380,547514,8002,444484,1934800
1435,398,410,547116,7990,444894,1893300
1436,421,421,546695,7990,445315,1841700
1437,452,412,546243,8030,445727,1946700
1438,420,440,545823,8010,446167,1870000
1439,405,429,545418,7986,446596,1842000
1440,418,427,545000,7977,447023,1804700
1441,369,415,544631,7931,447438,1870500
1442,405,456,544226,7880,447894,1872700
1443,409,403,543817,7886,448297,1844700
1444,417,378,543400,7925,448675,1839100
1445,418,385,542982,7958,449060,1843000
1446,432,434,542550,7956,449494,1860300
1447,427,411,542123,7972,449905,1820500
1448,415,409,541708,7978,450314,1857200
1449,426,378,541282,8026,450692,1822400
1450,424,436,540858,8014,451128,1801600
1451,431,382,540427,8063,451510,1801300
1452,390,401,540037,8052,451911,1809000
1453,441,442,539596,8051,452353,1818200
1454,386,411,539210,8026,452764,1905500
1455,408,388,538802,8046,453152,1983500
1456,401,412,538401,8035,453564,1859500
1457,414,420,537987,8029,453984,1815800
1458,412,390,537575,8051,454374,1842000
1459,410,414,537165,8047,454788,1821900
1460,392,424,536773,8015,455212,1845300
1461,441,384,536332,8072,455596,2204500
1462,423,394,535909,8101,455990,1872600
1463,389,414,535520,8076,456404,1952100
1464,413,415,535107,8074,456819,1867800
1465,430,411,534677,8093,457230,1863500
1466,414,407,534263,8100,457637,1829000
1467,394,418,533869,8076,458055,1763100
1468,375,386,533494,8065,458441,1833000
1469,421,441,533073,8045,458882,1876600
1470,389,412,532684,8022,459294,1971100
1471,398,408,532286,8012,459702,2032500
1472,422,446,531864,7988,460148,1850400
1473,408,411,531456,7985,460559,1821400
1474,396,418,531060,7963,460977,1857400
1475,405,398,530655,7970,461375,2266000
1476,374,380,530281,7964,461755,1933700
1477,396,389,529885,7971,462144,1857400
1478,390,406,529495,7955,462550,1824100
1479,400,383,529095,7972,462933,1867700
1480,391,390,528704,7973,463323,1828400
1481,367,421,528337,7919,463744,1824800
1482,367,410,527970,7876,464154,1818200
1483,395,384,527575,7887,464538,2050300
1484,380,385,527195,7882,464923,1837100
1485,401,418,526794,7865,465341,1876000
1486,405,383,526389,7887,465724,1815300
1487,404,401,525985,7890,466125,1897300
1488,420,378,525565,7932,466503,1957500
1489,414,411,525151,7935,466914,1873400
1490,389,410,524762,7914,467324,1938800
1491,385,393,524377,7906,467717,1880700
1492,376,389,524001,7893,468106,1834600
1493,414,408,523587,7899,468514,1822900
1494,373,412,523214,7860,468926,1827500
1495,385,402,522829,7843,469328,1906400
1496,394,401,522435,7836,469729,1814500
1497,397,381,522038,7852,470110,1820100
1498,378,358,521660,7872,470468,1871600
1499,425,401,521235,7896,470869,2063100
1500,404,440,520831,7860,471309,1775100
1501,404,386,520427,7878,471695,1864300
1502,378,376,520049,7880,472071,1791800
1503,372,382,519677,7870,472453,1811500
1504,393,417,519284,7846,472870,1798800
1505,431,403,518853,7874,473273,1834000
1506,435,430,518418,7879,473703,1843300
1507,368,417,518050,7830,474120,1766000
1508,417,411,517633,7836,474531,1848400
1509,386,402,517247,7820,474933,1751600
1510,407,385,516840,7842,475318,1713300
1511,370,393,516470,7819,475711,1745200
1512,413,377,516057,7855,476088,1770500
1513,437,422,515620,7870,476510,1773800
1514,411,365,515209,7916,476875,1762300
1515,415,403,514794,7928,477278,1847200
1516,405,416,514389,7917,477694,1770000
1517,430,421,513959,7926,478115,1949500
1518,388,392,513571,7922,478507,1732300
1519,390,397,513181,7915,478904,1777400
1520,375,435,512806,7855,479339,1837800
1521,390,406,512416,7839,479745,1842200
1522,370,419,512046,7790,480164,1766900
1523,397,359,511649,7828,480523,1757900
1524,376,370,511273,7834,480893,1780500
1525,398,407,510875,7825,481300,1841900
1526,388,389,510487,7824,481689,1912400
1527,393,374,510094,7843,482063,1813900
1528,410,398,509684,7855,482461,1832800
1529,373,363,509311,7865,482824,1824600
1530,439,422,508872,7882,483246,1864200
1531,346,380,508526,7848,483626,1759700
1532,427,390,508099,7885,484016,1861800
1533,426,424,507673,7887,484440,1774600
1534,423,389,507250,7921,484829,1712700
1535,416,387,506834,7950,485216,1834900
1536,388,427,506446,7911,485643,1802800
1537,409,406,506037,7914,486049,1820200
1538,394,339,505643,7969,486388,1797200
1539,393,384,505250,7978,486772,1746400
1540,406,395,504844,7989,487167,1775000
1541,436,353,504408,8072,487520,1754300
1542,377,404,504031,8045,487924,1791400
1543,385,388,503646,8042,488312,1716700
1544,418,407,503228,8053,488719,1760100
1545,422,429,502806,8046,489148,1854500
1546,410,400,502396,8056,489548,1945100
1547,413,375,501983,8094,489923,1870900
1548,459,398,501524,8155,490321,1882500
1549,410,420,501114,8145,490741,1832900
1550,408,385,500706,8168,491126,1771000
1551,428,420,500278,8176,491546,1777000
1552,420,417,499858,8179,491963,1915800
1553,418,381,499440,8216,492344,1985600
1554,425,397,499015,8244,492741,1967600
1555,424,410,498591,8258,493151,2119900
1556,439,416,498152,8281,493567,2074500
1557,428,412,497724,8297,493979,2011700
1558,425,415,497299,8307,494394,1977600
1559,419,423,496880,8303,494817,2095200
1560,402,412,496478,8293,495229,2426900
1561,423,416,496055,8300,495645,2127000
1562,426,418,495629,8308,496063,2117700
1563,451,396,495178,8363,496459,2135100
1564,434,405,494744,8392,496864,1975500
1565,404,397,494340,8399,497261,1994900
1566,441,408,493899,8432,497669,2075400
1567,427,470,493472,8389,498139,2006900
1568,421,424,493051,8386,498563,1941700
1569,434,423,492617,8397,498986,1992300
1570,442,437,492175,8402,499423,1982200
1571,396,454,491779,8344,499877,1908400
1572,448,393,491331,8399,500270,1941800
1573,421,420,490910,8400,500690,1881400
1574,417,446,490493,8371,501136,1909100
1575,367,405,490126,8333,501541,2040900
1576,398,443,489728,8288,501984,1960800
1577,394,419,489334,8263,502403,1901700
1578,434,410,488900,8287,502813,1911500
1579,438,421,488462,8304,503234,1900200
1580,405,411,488057,8298,503645,1873600
1581,435,407,487622,8326,504052,1889100
1582,409,397,487213,8338,504449,1920700
1583,408,453,486805,8293,504902,2150000
1584,401,432,486404,8262,505334,12307000
1585,404,421,486000,8245,505755,5658000
1586,397,405,485603,8237,506160,3128400
1587,393,404,485210,8226,506564,2891600
1588,429,415,484781,8240,506979,2973000
1589,446,447,484335,8239,507426,2306900
1590,405,377,483930,8267,507803,2401800
1591,404,441,483526,8230,508244,2450200
1592,434,414,483092,8250,508658,2190200
1593,445,400,482647,8295,509058,2204400
1594,423,405,482224,8313,509463,2136700
1595,408,421,481816,8300,509884,2147600
1596,409,409,481407,8300,510293,5123400
1597,423,395,480984,8328,510688,2241200
1598,397,421,480587,8304,511109,2069000
1599,410,419,480177,8295,511528,2226000
1600,403,402,479774,8296,511930,2119400
1601,394,409,479380,8281,512339,2017500
1602,400,418,478980,8263,512757,2071000
1603,405,387,478575,8281,513144,1950100
1604,429,406,478146,8304,513550,2081700
1605,432,434,477714,8302,513984,2118700
1606,431,419,477283,8314,514403,2439200
1607,419,410,476864,8323,514813,2172100
1608,441,426,476423,8338,515239,2088800
1609,444,437,475979,8345,515676,2363800
1610,428,420,475551,8353,516096,2022100
1611,435,423,475116,8365,516519,1968100
1612,431,439,474685,8357,516958,2015700
1613,435,452,474250,8340,517410,2002300
1614,411,428,473839,8323,517838,2256200
1615,437,425,473402,8335,518263,2259000
1616,432,431,472970,8336,518694,2019900
1617,433,407,472537,8362,519101,1949600
1618,426,402,472111,8386,519503,1910600
1619,435,396,471676,8425,519899,1926300
1620,427,410,471249,8442,520309,1926200
1621,417,453,470832,8406,520762,1952000
1622,381,439,470451,8348,521201,1898800
1623,412,445,470039,8315,521646,1869300
1624,420,445,469619,8290,522091,1875900
1625,407,413,469212,8284,522504,1869400
1626,435,446,468777,8273,522950,1816400
1627,465,412,468312,8326,523362,1881500
1628,439,404,467873,8361,523766,1842400
1629,427,403,467446,8385,524169,1878500
1630,416,427,467030,8374,524596,1910900
1631,435,411,466595,8398,525007,1914900
1632,392,411,466203,8379,525418,1879000
1633,407,420,465796,8366,525838,1856500
1634,428,385,465368,8409,526223,1856600
1635,449,379,464919,8479,526602,1872000
1636,403,430,464516,8452,527032,1992800
1637,450,416,464066,8486,527448,1966900
1638,440,421,463626,8505,527869,1939700
1639,429,445,463197,8489,528314,2076800
1640,454,382,462743,8561,528696,1891100
1641,401,436,462342,8526,529132,2063600
1642,440,443,461902,8523,529575,1924900
1643,420,457,461482,8486,530032,1882800
1644,469,406,461013,8549,530438,1886200
1645,445,443,460568,8551,530881,1874800
1646,419,434,460149,8536,531315,1788100
1647,409,435,459740,8510,531750,1803000
1648,422,398,459318,8534,532148,2032900
1649,450,420,458868,8564,532568,2039800
1650,434,439,458434,8559,533007,1978300
1651,427,452,458007,8534,533459,1984900
1652,437,407,457570,8564,533866,1981200
1653,392,446,457178,8510,534312,1881000
1654,389,423,456789,8476,534735,1859200
1655,428,455,456361,8449,535190,1797200
1656,412,419,455949,8442,535609,1842400
1657,434,408,455515,8468,536017,1802900
1658,394,429,455121,8433,536446,1848500
1659,400,429,454721,8404,536875,2243500
1660,410,409,454311,8405,537284,2212000
1661,428,391,453883,8442,537675,2263000
1662,386,429,453497,8399,538104,2029300
1663,420,427,453077,8392,538531,1983200
1664,405,392,452672,8405,538923,1860900
1665,382,413,452290,8374,539336,1828400
1666,426,420,451864,8380,539756,1855600
1667,414,457,451450,8337,540213,1852500
1668,420,396,451030,8361,540609,2045000
1669,418,427,450612,8352,541036,1854700
1670,400,385,450212,8367,541421,1841100
1671,425,395,449787,8397,541816,1835500
1672,406,404,449381,8399,542220,2165600
1673,401,430,448980,8370,542650,1863400
1674,429,402,448551,8397,543052,1809100
1675,387,413,448164,8371,543465,1688300
1676,397,404,447767,8364,543869,2041400
1677,409,457,447358,8316,544326,1783600
1678,387,393,446971,8310,544719,1838300
1679,439,396,446532,8353,545115,1826100
1680,436,420,446096,8369,545535,1800100
1681,447,424,445649,8392,545959,1736200
1682,428,438,445221,8382,546397,1737400
1683,419,406,444802,8395,546803,1850900
1684,398,408,444404,8385,547211,1957100
1685,407,438,443997,8354,547649,1819100
1686,400,415,443597,8339,548064,1824700
1687,416,426,443181,8329,548490,1810300
1688,404,425,442777,8308,548915,1792100
1689,380,430,442397,8258,549345,1780000
1690,466,392,441931,8332,549737,1777000
1691,398,407,441533,8323,550144,1765500
1692,403,439,441130,8287,550583,1706300
1693,434,378,440696,8343,550961,1732600
1694,431,462,440265,8312,551423,1837500
1695,412,402,439853,8322,551825,1954100
1696,434,414,439419,8342,552239,1911200
1697,386,438,439033,8290,552677,1841100
1698,407,397,438626,8300,553074,1797300
1699,445,429,438181,8316,553503,1700600
1700,462,430,437719,8348,553933,1835100
1701,411,419,437308,8340,554352,1827700
1702,464,437,436844,8367,554789,1830700
1703,440,410,436404,8397,555199,1834900
1704,410,413,435994,8394,555612,1754500
1705,392,438,435602,8348,556050,1815500
1706,431,432,435171,8347,556482,1861200
1707,416,423,434755,8340,556905,1888300
1708,426,412,434329,8354,557317,1796100
1709,385,416,433944,8323,557733,1823600
1710,383,406,433561,8300,558139,1996100
1711,412,429,433149,8283,558568,1883700
1712,443,394,432706,8332,558962,1824000
1713,414,397,432292,8349,559359,1946300
1714,413,393,431879,8369,559752,1828700
1715,407,387,431472,8389,560139,1765900
1716,428,444,431044,8373,560583,1769200
1717,441,446,430603,8368,561029,1773600
1718,439,423,430164,8384,561452,2038400
1719,439,402,429725,8421,561854,1859000
1720,433,406,429292,8448,562260,1925100
1721,427,410,428865,8465,562670,1944800
1722,413,426,428452,8452,563096,1861600
1723,411,403,428041,8460,563499,1815900
1724,436,409,427605,8487,563908,1769100
1725,434,441,427171,8480,564349,1779100
1726,453,438,426718,8495,564787,1827100
1727,406,427,426312,8474,565214,1924500
1728,435,426,425877,8483,565640,1899400
1729,414,420,425463,8477,566060,1866700
1730,450,474,425013,8453,566534,1809000
1731,416,423,424597,8446,566957,1797400
1732,433,425,424164,8454,567382,1792700
1733,415,392,423749,8477,567774,1830300
1734,464,418,423285,8523,568192,2178500
1735,432,422,422853,8533,568614,1988600
1736,426,433,422427,8526,569047,1899300
1737,441,435,421986,8532,569482,1785300
1738,481,435,421505,8578,569917,1869000
1739,451,431,421054,8598,570348,1996100
1740,423,426,420631,8595,570774,2002100
1741,429,436,420202,8588,571210,1830500
1742,443,463,419759,8568,571673,1761300
1743,450,443,419309,8575,572116,1791000
1744,479,413,418830,8641,572529,1930800
1745,433,453,418397,8621,572982,1821300
1746,461,452,417936,8630,573434,2142000
1747,463,439,417473,8654,573873,1798800
1748,471,434,417002,8691,574307,1764600
1749,432,453,416570,8670,574760,1817000
1750,441,407,416129,8704,575167,1814400
1751,467,413,415662,8758,575580,1830700
1752,418,442,415244,8734,576022,1890200
1753,450,424,414794,8760,576446,1855200
1754,481,430,414313,8811,576876,1831700
1755,436,465,413877,8782,577341,1892800
1756,395,482,413482,8695,577823,1896800
1757,434,447,413048,8682,578270,2023400
1758,471,426,412577,8727,578696,1833000
1759,424,400,412153,8751,579096,1910300
1760,444,421,411709,8774,579517,2074900
1761,435,424,411274,8785,579941,1829900
1762,455,458,410819,8782,580399,1917600
1763,448,423,410371,8807,580822,1854700
1764,453,415,409918,8845,581237,1851900
1765,438,417,409480,8866,581654,1971500
1766,424,456,409056,8834,582110,1877200
1767,415,493,408641,8756,582603,1852600
1768,471,453,408170,8774,583056,1731800
1769,459,416,407711,8817,583472,1893600
1770,420,421,407291,8816,583893,1948100
1771,422,443,406869,8795,584336,1897800
1772,469,426,406400,8838,584762,1935200
1773,456,415,405944,8879,585177,1915400
1774,415,415,405529,8879,585592,1864500
1775,442,431,405087,8890,586023,1885600
1776,474,438,404613,8926,586461,1897100
1777,421,431,404192,8916,586892,2036300
1778,429,455,403763,8890,587347,1925800
1779,472,463,403291,8899,587810,1904000
1780,413,416,402878,8896,588226,1988500
1781,455,441,402423,8910,588667,1965300
1782,467,448,401956,8929,589115,2031800
1783,422,418,401534,8933,589533,1958300
1784,430,479,401104,8884,590012,1990900
1785,428,447,400676,8865,590459,2175400
1786,447,483,400229,8829,590942,1953600
1787,463,442,399766,8850,591384,1890400
1788,473,424,399293,8899,591808,1844800
1789,459,453,398834,8905,592261,1805900
1790,419,438,398415,8886,592699,1824500
1791,480,432,397935,8934,593131,1861400
1792,484,450,397451,8968,593581,1865100
1793,507,431,396944,9044,594012,1902600
1794,431,431,396513,9044,594443,1868700
1795,477,466,396036,9055,594909,1789400
1796,451,498,395585,9008,595407,1833900
1797,497,417,395088,9088,595824,1749300
1798,449,460,394639,9077,596284,1751300
1799,441,462,394198,9056,596746,1837200
1800,430,438,393768,9048,597184,1800300
1801,434,453,393334,9029,597637,1853000
1802,488,450,392846,9067,598087,1846900
1803,447,433,392399,9081,598520,1752100
1804,486,448,391913,9119,598968,1842300
1805,438,472,391475,9085,599440,1840000
1806,415,433,391060,9067,599873,1764900
1807,473,474,390587,9066,600347,1826500
1808,452,456,390135,9062,600803,1731900
1809,396,445,389739,9013,601248,1833400
1810,460,448,389279,9025,601696,1986800
1811,448,449,388831,9024,602145,1850900
1812,457,479,388374,9002,602624,1751800
1813,453,434,387921,9021,603058,1793600
1814,413,451,387508,8983,603509,1781400
1815,412,471,387096,8924,603980,1810500
1816,471,464,386625,8931,604444,1814600
1817,437,473,386188,8895,604917,1761400
1818,424,504,385764,8815,605421,1790500
1819,432,420,385332,8827,605841,2012800
1820,422,430,384910,8819,606271,1758200
1821,449,448,384461,8820,606719,1758300
1822,450,391,384011,8879,607110,1841600
1823,469,451,383542,8897,607561,1819600
1824,428,444,383114,8881,608005,1776400
1825,450,481,382664,8850,608486,1767000
1826,424,403,382240,8871,608889,1803100
1827,450,494,381790,8827,609383,1838800
1828,443,460,381347,8810,609843,1848700
1829,430,440,380917,8800,610283,1814300
1830,378,444,380539,8734,610727,1889200
1831,412,445,380127,8701,611172,1874000
1832,388,433,379739,8656,611605,1850900
1833,415,453,379324,8618,612058,1817500
1834,419,450,378905,8587,612508,1821200
1835,396,442,378509,8541,612950,1899500
1836,431,373,378078,8599,613323,1890700
1837,418,427,377660,8590,613750,1863000
1838,420,432,377240,8578,614182,1845800
1839,386,426,376854,8538,614608,1872600
1840,426,425,376428,8539,615033,1834500
1841,427,426,376001,8540,615459,1904200
1842,429,431,375572,8538,615890,2015700
1843,419,467,375153,8490,616357,1881600
1844,444,400,374709,8534,616757,1873100
1845,458,445,374251,8547,617202,1859400
1846,441,394,373810,8594,617596,1823300
1847,421,444,373389,8571,618040,1775300
1848,453,440,372936,8584,618480,1810200
1849,461,432,372475,8613,618912,1856400
1850,426,432,372049,8607,619344,1796400
1851,428,401,371621,8634,619745,1979500
1852,442,411,371179,8665,620156,2014600
1853,456,433,370723,8688,620589,1817600
1854,424,426,370299,8686,621015,1830100
1855,376,411,369923,8651,621426,1757200
1856,476,436,369447,8691,621862,1755300
1857,449,455,368998,8685,622317,1815500
1858,454,396,368544,8743,622713,1967100
1859,455,423,368089,8775,623136,1734800
1860,472,448,367617,8799,623584,1843600
1861,453,420,367164,8832,624004,1732600
1862,447,458,366717,8821,624462,1736600
1863,439,445,366278,8815,624907,1683800
1864,461,396,365817,8880,625303,1841600
1865,440,450,365377,8870,625753,1821600
1866,412,443,364965,8839,626196,1751800
1867,465,411,364500,8893,626607,1698800
1868,459,421,364041,8931,627028,1825100
1869,430,418,363611,8943,627446,1890900
1870,452,445,363159,8950,627891,1771200
1871,455,443,362704,8962,628334,1716100
1872,451,462,362253,8951,628796,1726200
1873,467,439,361786,8979,629235,1815500
1874,455,439,361331,8995,629674,1811800
1875,414,461,360917,8948,630135,1764600
1876,437,433,360480,8952,630568,1731900
1877,415,463,360065,8904,631031,1669000
1878,449,493,359616,8860,631524,1939500
1879,452,448,359164,8864,631972,1826200
1880,444,439,358720,8869,632411,1749700
1881,455,439,358265,8885,632850,1708800
1882,434,426,357831,8893,633276,1842000
1883,452,441,357379,8904,633717,1742200
1884,453,432,356926,8925,634149,1702700
1885,426,449,356500,8902,634598,1699100
1886,431,470,356069,8863,635068,1838800
1887,484,448,355585,8899,635516,1916500
1888,420,424,355165,8895,635940,1741600
1889,438,429,354727,8904,636369,1793300
1890,437,444,354290,8897,636813,1822300
1891,427,447,353863,8877,637260,1760800
1892,399,489,353464,8787,637749,1827200
1893,429,433,353035,8783,638182,1847400
1894,417,432,352618,8768,638614,1914100
1895,449,421,352169,8796,639035,2030900
1896,447,430,351722,8813,639465,1874200
1897,485,455,351237,8843,639920,2040100
1898,455,430,350782,8868,640350,1964900
1899,430,493,350352,8805,640843,2012200
1900,446,463,349906,8788,641306,1929400
1901,447,442,349459,8793,641748,1765200
1902,453,417,349006,8829,642165,1848500
1903,471,444,348535,8856,642609,1843900
1904,452,403,348083,8905,643012,1885700
1905,468,465,347615,8908,643477,1769600
1906,436,445,347179,8899,643922,1812900
1907,464,457,346715,8906,644379,1833700
1908,436,447,346279,8895,644826,1797000
1909,408,430,345871,8873,645256,1806100
1910,454,421,345417,8906,645677,1766600
1911,503,471,344914,8938,646148,1785000
1912,426,439,344488,8925,646587,1822500
1913,455,447,344033,8933,647034,1800400
1914,468,470,343565,8931,647504,1777100
1915,463,462,343102,8932,647966,1906500
1916,429,410,342673,8951,648376,1743100
1917,441,452,342232,8940,648828,1823200
1918,422,470,341810,8892,649298,1867800
1919,463,452,341347,8903,649750,1923000
1920,425,437,340922,8891,650187,1888800
1921,456,472,340466,8875,650659,1871800
1922,472,469,339994,8878,651128,1854300
1923,446,448,339548,8876,651576,1767000
1924,447,432,339101,8891,652008,1998700
1925,461,446,338640,8906,652454,1784200
1926,432,426,338208,8912,652880,1801200
1927,453,469,337755,8896,653349,1879500
1928,470,452,337285,8914,653801,1734600
1929,438,465,336847,8887,654266,1986300
1930,479,403,336368,8963,654669,1835100
1931,474,439,335894,8998,655108,1720300
1932,459,427,335435,9030,655535,1767200
1933,488,449,334947,9069,655984,1817500
1934,456,442,334491,9083,656426,2074500
1935,448,453,334043,9078,656879,2000600
1936,482,454,333561,9106,657333,1780400
1937,473,481,333088,9098,657814,1901900
1938,478,458,332610,9118,658272,1780500
1939,449,491,332161,9076,658763,1833600
1940,456,438,331705,9094,659201,1891400
1941,475,429,331230,9140,659630,1738400
1942,444,443,330786,9141,660073,1904000
1943,476,512,330310,9105,660585,1864800
1944,466,439,329844,9132,661024,1825400
1945,478,465,329366,9145,661489,1775700
1946,496,470,328870,9171,661959,1740400
1947,467,417,328403,9221,662376,1745400
1948,436,437,327967,9220,662813,1728700
1949,492,436,327475,9276,663249,1872900
1950,464,449,327011,9291,663698,1804400
1951,463,468,326548,9286,664166,1756200
1952,466,463,326082,9289,664629,1742300
1953,444,453,325638,9280,665082,1748500
1954,487,449,325151,9318,665531,1789600
1955,459,496,324692,9281,666027,1713800
1956,459,431,324233,9309,666458,1809900
1957,480,482,323753,9307,666940,1759700
1958,472,484,323281,9295,667424,1724200
1959,472,460,322809,9307,667884,1739500
1960,447,427,322362,9327,668311,1815700
1961,470,460,321892,9337,668771,1786200
1962,471,482,321421,9326,669253,1752700
1963,480,496,320941,9310,669749,1884500
1964,505,440,320436,9375,670189,1813700
1965,470,478,319966,9367,670667,1776600
1966,469,467,319497,9369,671134,1832800
1967,489,470,319008,9388,671604,1942300
1968,441,479,318567,9350,672083,1745100
1969,450,493,318117,9307,672576,1772900
1970,458,438,317659,9327,673014,1812400
1971,421,489,317238,9259,673503,1800700
1972,411,458,316827,9212,673961,1901300
1973,438,458,316389,9192,674419,1852700
1974,486,458,315903,9220,674877,2002200
1975,456,465,315447,9211,675342,1767900
1976,475,485,314972,9201,675827,1805400
1977,444,438,314528,9207,676265,1854000
1978,446,463,314082,9190,676728,1827000
1979,415,469,313667,9136,677197,1818600
1980,476,461,313191,9151,677658,1819000
1981,480,429,312711,9202,678087,1779300
1982,493,418,312218,9277,678505,1780100
1983,510,472,311708,9315,678977,1810500
1984,492,467,311216,9340,679444,1890200
1985,446,463,310770,9323,679907,1783100
1986,491,481,310279,9333,680388,1757700
1987,486,472,309793,9347,680860,1736200
1988,439,493,309354,9293,681353,1901400
1989,458,490,308896,9261,681843,1881600
1990,461,460,308435,9262,682303,1843200
1991,469,436,307966,9295,682739,1856600
1992,441,471,307525,9265,683210,1866900
1993,477,468,307048,9274,683678,1818000
1994,431,500,306617,9205,684178,1793200
1995,442,434,306175,9213,684612,1981700
1996,417,462,305758,9168,685074,1942600
1997,440,476,305318,9132,685550,1914500
1998,442,448,304876,9126,685998,1873900
1999,425,483,304451,9068,686481,1839800
2000,449,456,304002,9061,686937,1860800
2001,477,458,303525,9080,687395,1867200
2002,419,469,303106,9030,687864,2009000
2003,456,445,302650,9041,688309,1855000
2004,460,404,302190,9097,688713,1828300
2005,436,448,301754,9085,689161,1897400
2006,466,452,301288,9099,689613,1855200
2007,470,481,300818,9088,690094,2025200
2008,434,466,300384,9056,690560,1859900
2009,462,453,299922,9065,691013,2023600
2010,434,434,299488,9065,691447,2058700
2011,437,473,299051,9029,691920,1890700
2012,444,418,298607,9055,692338,1891300
2013,430,423,298177,9062,692761,1966300
2014,433,476,297744,9019,693237,2055000
2015,468,457,297276,9030,693694,1846100
2016,447,471,296829,9006,694165,1995900
2017,461,430,296368,9037,694595,2019200
2018,441,452,295927,9026,695047,1827100
2019,469,443,295458,9052,695490,1792600
2020,399,475,295059,8976,695965,1860600
2021,437,476,294622,8937,696441,1910900
2022,442,445,294180,8934,696886,1847300
2023,430,442,293750,8922,697328,1831300
2024,412,436,293338,8898,697764,1796100
2025,435,406,292903,8927,698170,1785500
2026,484,471,292419,8940,698641,1848300
2027,391,445,292028,8886,699086,1869700
2028,423,466,291605,8843,699552,1934100
2029,443,429,291162,8857,699981,2037200
2030,416,419,290746,8854,700400,1818800
2031,393,434,290353,8813,700834,2261200
2032,414,461,289939,8766,701295,1826200
2033,420,426,289519,8760,701721,1869500
2034,420,396,289099,8784,702117,1820100
2035,408,445,288691,8747,702562,1838300
2036,384,464,288307,8667,703026,1814900
2037,443,432,287864,8678,703458,1824200
2038,403,424,287461,8657,703882,1749200
2039,422,438,287039,8641,704320,1820600
2040,385,431,286654,8595,704751,1786600
2041,401,440,286253,8556,705191,2044200
2042,418,442,285835,8532,705633,1803700
2043,402,436,285433,8498,706069,1769000
2044,376,425,285057,8449,706494,1878600
2045,399,370,284658,8478,706864,1905000
2046,392,446,284266,8424,707310,2011600
2047,405,452,283861,8377,707762,1832200
2048,403,409,283458,8371,708171,1845500
2049,375,410,283083,8336,708581,1813300
2050,418,419,282665,8335,709000,1791600
2051,389,405,282276,8319,709405,1851300
2052,391,371,281885,8339,709776,1854700
2053,428,426,281457,8341,710202,1910800
2054,427,408,281030,8360,710610,1836800
2055,384,382,280646,8362,710992,1921900
2056,393,447,280253,8308,711439,1747900
2057,390,416,279863,8282,711855,1976800
2058,395,438,279468,8239,712293,1915800
2059,373,432,279095,8180,712725,1786400
2060,359,395,278736,8144,713120,1834400
2061,391,405,278345,8130,713525,1766200
2062,366,400,277979,8096,713925,1785100
2063,392,362,277587,8126,714287,1811300
2064,398,394,277189,8130,714681,1838200
2065,375,392,276814,8113,715073,1849900
2066,374,388,276440,8099,715461,2230700
2067,356,429,276084,8026,715890,2061600
2068,432,438,275652,8020,716328,2014000
2069,357,389,275295,7988,716717,2098800
2070,354,375,274941,7967,717092,2001000
2071,415,436,274526,7946,717528,1992900
2072,371,403,274155,7914,717931,2065300
2073,381,403,273774,7892,718334,2070100
2074,400,409,273374,7883,718743,2156300
2075,345,401,273029,7827,719144,2074200
2076,387,386,272642,7828,719530,2183800
2077,364,386,272278,7806,719916,2001500
2078,385,391,271893,7800,720307,2057600
2079,362,408,271531,7754,720715,1986500
2080,355,390,271176,7719,721105,2041700
2081,351,394,270825,7676,721499,1958600
2082,362,426,270463,7612,721925,1954600
2083,343,377,270120,7578,722302,1942100
2084,372,395,269748,7555,722697,2109800
2085,339,379,269409,7515,723076,2020000
2086,333,356,269076,7492,723432,2143800
2087,341,388,268735,7445,723820,2017100
2088,323,359,268412,7409,724179,2061500
2089,364,404,268048,7369,724583,1897700
2090,342,345,267706,7366,724928,1949000
2091,323,380,267383,7309,725308,1917800
2092,367,381,267016,7295,725689,1897800
2093,324,376,266692,7243,726065,1909200
2094,357,371,266335,7229,726436,1925800
2095,342,348,265993,7223,726784,1863100
2096,343,361,265650,7205,727145,1848900
2097,311,380,265339,7136,727525,1877900
2098,317,356,265022,7097,727881,1853500
2099,326,355,264696,7068,728236,1848400
2100,328,386,264368,7010,728622,1824000
2101,304,341,264064,6973,728963,1788800
2102,361,310,263703,7024,729273,1831200
2103,338,368,263365,6994,729641,1844700
2104,325,359,263040,6960,730000,1817800
2105,343,364,262697,6939,730364,1845300
2106,325,355,262372,6909,730719,1914400
2107,298,326,262074,6881,731045,1888500
2108,335,334,261739,6882,731379,1846800
2109,336,321,261403,6897,731700,1823700
2110,323,363,261080,6857,732063,1808600
2111,348,389,260732,6816,732452,2012800
2112,327,348,260405,6795,732800,1854800
2113,314,370,260091,6739,733170,1921200
2114,332,330,259759,6741,733500,1935400
2115,319,339,259440,6721,733839,1812000
2116,310,356,259130,6675,734195,1813500
2117,339,331,258791,6683,734526,1833500
2118,318,305,258473,6696,734831,1813300
2119,353,315,258120,6734,735146,1885500
2120,347,322,257773,6759,735468,2145100
2121,359,333,257414,6785,735801,1932900
2122,335,336,257079,6784,736137,1998900
2123,342,329,256737,6797,736466,1864200
2124,341,383,256396,6755,736849,2007800
2125,334,333,256062,6756,737182,1909700
2126,350,349,255712,6757,737531,1885900
2127,356,324,255356,6789,737855,1905000
2128,329,359,255027,6759,738214,1991400
2129,341,362,254686,6738,738576,1865700
2130,343,346,254343,6735,738922,2012000
2131,339,367,254004,6707,739289,2033700
2132,320,347,253684,6680,739636,1994600
2133,352,337,253332,6695,739973,2084500
2134,356,315,252976,6736,740288,1890000
2135,336,303,252640,6769,740591,2059900
2136,359,322,252281,6806,740913,1885500
2137,340,342,251941,6804,741255,1868900
2138,366,350,251575,6820,741605,1968500
2139,336,321,251239,6835,741926,1953900
2140,330,365,250909,6800,742291,1948100
2141,353,361,250556,6792,742652,1924900
2142,355,338,250201,6809,742990,1867700
2143,322,352,249879,6779,743342,1868600
2144,330,345,249549,6764,743687,2222100
2145,336,338,249213,6762,744025,2116700
2146,346,335,248867,6773,744360,1993900
2147,323,331,248544,6765,744691,1946200
2148,296,351,248248,6710,745042,1882600
2149,307,335,247941,6682,745377,1840900
2150,314,330,247627,6666,745707,1902500
2151,332,359,247295,6639,746066,1830300
2152,361,297,246934,6703,746363,1872500
2153,330,315,246604,6718,746678,1891500
2154,332,331,246272,6719,747009,1928200
2155,315,329,245957,6705,747338,1910100
2156,341,339,245616,6707,747677,1871900
2157,288,329,245328,6666,748006,1846700
2158,335,341,244993,6660,748347,1821600
2159,352,352,244641,6660,748699,1909200
2160,327,343,244314,6644,749042,1790300
2161,349,351,243965,6642,749393,1839100
2162,309,327,243656,6624,749720,1724400
2163,332,311,243324,6645,750031,1819100
2164,314,345,243010,6614,750376,1836700
2165,319,329,242691,6604,750705,1842900
2166,313,343,242378,6574,751048,1770500
2167,300,313,242078,6561,751361,1795700
2168,331,319,241747,6573,751680,1808100
2169,319,299,241428,6593,751979,1852100
2170,338,331,241090,6600,752310,2046900
2171,361,337,240729,6624,752647,1893400
2172,293,307,240436,6610,752954,1809600
2173,312,317,240124,6605,753271,1754700
2174,319,323,239805,6601,753594,1935200
2175,329,358,239476,6572,753952,1784200
2176,287,331,239189,6528,754283,1824400
2177,287,331,238902,6484,754614,1967900
2178,309,334,238593,6459,754948,1794900
2179,306,336,238287,6429,755284,1791900
2180,270,296,238017,6403,755580,1841500
2181,284,327,237733,6360,755907,1792300
2182,295,329,237438,6326,756236,1961000
2183,306,329,237132,6303,756565,2062900
2184,312,310,236820,6305,756875,1889000
2185,322,281,236498,6346,757156,1881900
2186,341,324,236157,6363,757480,2172100
2187,328,301,235829,6390,757781,2045200
2188,330,329,235499,6391,758110,2206700
2189,330,298,235169,6423,758408,2358300
2190,319,315,234850,6427,758723,1883600
2191,296,318,234554,6405,759041,1858100
2192,328,331,234226,6402,759372,1817000
2193,328,315,233898,6415,759687,1867000
2194,300,322,233598,6393,760009,1744800
2195,332,310,233266,6415,760319,1849200
2196,327,352,232939,6390,760671,1835600
2197,316,312,232623,6394,760983,1832800
2198,319,325,232304,6388,761308,1819800
2199,327,318,231977,6397,761626,1779000
2200,316,269,231661,6444,761895,1843400
2201,314,323,231347,6435,762218,1902300
2202,309,309,231038,6435,762527,1815300
2203,310,306,230728,6439,762833,1806200
2204,321,338,230407,6422,763171,1800600
2205,290,312,230117,6400,763483,1898300
2206,287,287,229830,6400,763770,1898200
2207,315,311,229515,6404,764081,1867600
2208,300,328,229215,6376,764409,1835000
2209,277,330,228938,6323,764739,1926100
2210,334,287,228604,6370,765026,1865900
2211,299,315,228305,6354,765341,1801200
2212,320,327,227985,6347,765668,1779500
2213,316,330,227669,6333,765998,1795600
2214,325,303,227344,6355,766301,1820400
2215,326,303,227018,6378,766604,1835600
2216,290,325,226728,6343,766929,1812700
2217,326,335,226402,6334,767264,1982200
2218,289,338,226113,6285,767602,1812300
2219,309,296,225804,6298,767898,1839700
2220,303,302,225501,6299,768200,1783800
2221,286,301,225215,6284,768501,1777300
2222,314,338,224901,6260,768839,1832300
2223,296,313,224605,6243,769152,1787800
2224,309,313,224296,6239,769465,1848000
2225,338,294,223958,6283,769759,2008400
2226,283,311,223675,6255,770070,1873200
2227,278,271,223397,6262,770341,1940700
2228,326,333,223071,6255,770674,1903500
2229,285,322,222786,6218,770996,1928000
2230,316,283,222470,6251,771279,1837000
2231,318,309,222152,6260,771588,1854400
2232,293,333,221859,6220,771921,1893800
2233,308,305,221551,6223,772226,1893100
2234,310,310,221241,6223,772536,1910000
2235,310,314,220931,6219,772850,1885300
2236,283,295,220648,6207,773145,1833500
2237,265,328,220383,6144,773473,1955300
2238,293,310,220090,6127,773783,1860000
2239,282,339,219808,6070,774122,1780600
2240,304,304,219504,6070,774426,1774500
2241,277,310,219227,6037,774736,1860700
2242,269,308,218958,5998,775044,1803200
2243,295,317,218663,5976,775361,1857300
2244,285,310,218378,5951,775671,1907600
2245,289,263,218089,5977,775934,1817900
2246,258,293,217831,5942,776227,1841400
2247,277,305,217554,5914,776532,1871000
2248,279,288,217275,5905,776820,1773100
2249,291,287,216984,5909,777107,1782000
2250,281,303,216703,5887,777410,1784400
2251,298,295,216405,5890,777705,2284800
2252,298,271,216107,5917,777976,1893300
2253,291,293,215816,5915,778269,1879800
2254,305,281,215511,5939,778550,1893900
2255,293,308,215218,5924,778858,1821300
2256,285,289,214933,5920,779147,2017600
2257,266,306,214667,5880,779453,1835600
2258,252,266,214415,5866,779719,1779400
2259,272,318,214143,5820,780037,1876000
2260,265,304,213878,5781,780341,1939900
2261,259,298,213619,5742,780639,1862300
2262,269,302,213350,5709,780941,1807100
2263,275,269,213075,5715,781210,1773200
2264,260,261,212815,5714,781471,1729200
2265,302,282,212513,5734,781753,1723100
2266,259,277,212254,5716,782030,1768700
2267,249,294,212005,5671,782324,1745500
2268,279,306,211726,5644,782630,1893100
2269,292,313,211434,5623,782943,1757000
2270,284,320,211150,5587,783263,1691100
2271,249,300,210901,5536,783563,1790300
2272,243,283,210658,5496,783846,1890600
2273,265,295,210393,5466,784141,1824700
2274,264,285,210129,5445,784426,1750100
2275,279,271,209850,5453,784697,1738000
2276,270,233,209580,5490,784930,1807500
2277,276,287,209304,5479,785217,1846000
2278,271,253,209033,5497,785470,1837800
2279,263,245,208770,5515,785715,1816900
2280,246,272,208524,5489,785987,1825400
2281,266,258,208258,5497,786245,2046000
2282,258,256,208000,5499,786501,1974900
2283,261,264,207739,5496,786765,2058700
2284,270,273,207469,5493,787038,1881000
2285,289,282,207180,5500,787320,1784100
2286,251,266,206929,5485,787586,1770200
2287,269,252,206660,5502,787838,1769400
2288,269,316,206391,5455,788154,2407900
2289,265,287,206126,5433,788441,6056400
2290,286,273,205840,5446,788714,3320100
2291,281,265,205559,5462,788979,6235700
2292,250,292,205309,5420,789271,1960500
2293,280,293,205029,5407,789564,1786200
2294,265,268,204764,5404,789832,1748800
2295,281,303,204483,5382,790135,1751400
2296,247,279,204236,5350,790414,1888500
2297,265,285,203971,5330,790699,1976600
2298,266,243,203705,5353,790942,4243200
2299,273,252,203432,5374,791194,2391400
2300,273,275,203159,5372,791469,2252300
2301,254,254,202905,5372,791723,2297800
2302,259,270,202646,5361,791993,2149000
2303,266,284,202380,5343,792277,2178100
2304,260,240,202120,5363,792517,4734300
2305,277,271,201843,5369,792788,2056000
2306,253,271,201590,5351,793059,2076600
2307,258,263,201332,5346,793322,2299900
2308,286,281,201046,5351,793603,1980000
2309,263,269,200783,5345,793872,2073200
2310,265,289,200518,5321,794161,1817700
2311,280,258,200238,5343,794419,1975800
2312,276,286,199962,5333,794705,1840000
2313,273,273,199689,5333,794978,1874800
2314,282,269,199407,5346,795247,1852700
2315,261,265,199146,5342,795512,1836300
2316,271,243,198875,5370,795755,1892000
2317,269,266,198606,5373,796021,1787400
2318,260,261,198346,5372,796282,1836500
2319,250,282,198096,5340,796564,1752500
2320,244,275,197852,5309,796839,1770300
2321,271,235,197581,5345,797074,1889200
2322,277,262,197304,5360,797336,1742300
2323,282,261,197022,5381,797597,1878500
2324,296,278,196726,5399,797875,1775400
2325,276,237,196450,5438,798112,1757500
2326,312,300,196138,5450,798412,1694500
2327,278,243,195860,5485,798655,1647300
2328,280,271,195580,5494,798926,1681900
2329,275,282,195305,5487,799208,1739600
2330,294,282,195011,5499,799490,1657500
2331,290,260,194721,5529,799750,1662800
2332,264,313,194457,5480,800063,1753700
2333,266,296,194191,5450,800359,1663100
2334,254,275,193937,5429,800634,1697600
2335,293,300,193644,5422,800934,1709600
2336,271,284,193373,5409,801218,1719900
2337,278,254,193095,5433,801472,1713400
2338,271,262,192824,5442,801734,1663300
2339,258,250,192566,5450,801984,1701000
2340,264,277,192302,5437,802261,1665000
2341,257,290,192045,5404,802551,1656700
2342,279,273,191766,5410,802824,1745600
2343,246,255,191520,5401,803079,1627600
2344,270,230,191250,5441,803309,1677700
2345,273,271,190977,5443,803580,1764300
2346,243,272,190734,5414,803852,1612700
2347,249,250,190485,5413,804102,1650500
2348,240,240,190245,5413,804342,1779600
2349,270,265,189975,5418,804607,1740800
2350,261,271,189714,5408,804878,1986900
2351,258,266,189456,5400,805144,1831600
2352,284,252,189172,5432,805396,2608900
2353,277,284,188895,5425,805680,2336000
2354,275,265,188620,5435,805945,5319000
2355,265,260,188355,5440,806205,12057500
2356,247,310,188108,5377,806515,3675500
2357,232,275,187876,5334,806790,2457500
2358,262,246,187614,5350,807036,2289600
2359,258,285,187356,5323,807321,2294600
2360,240,283,187116,5280,807604,2124200
2361,248,246,186868,5282,807850,2380700
2362,218,268,186650,5232,808118,2366700
2363,271,242,186379,5261,808360,2117100
2364,244,304,186135,5201,808664,2033600
2365,227,273,185908,5155,808937,2051700
2366,271,243,185637,5183,809180,2034600
2367,270,239,185367,5214,809419,2222000
2368,264,258,185103,5220,809677,2392300
2369,253,260,184850,5213,809937,4780700
2370,239,270,184611,5182,810207,2630900
2371,233,258,184378,5157,810465,2310000
2372,243,237,184135,5163,810702,2187100
2373,244,262,183891,5145,810964,1954100
2374,242,259,183649,5128,811223,1919100
2375,254,244,183395,5138,811467,1886900
2376,235,266,183160,5107,811733,1924600
2377,243,257,182917,5093,811990,1855700
2378,267,223,182650,5137,812213,1865300
2379,246,259,182404,5124,812472,1835200
2380,269,261,182135,5132,812733,1792600
2381,254,269,181881,5117,813002,1823500
2382,261,250,181620,5128,813252,1794300
2383,271,246,181349,5153,813498,1735400
2384,266,267,181083,5152,813765,1745000
2385,246,263,180837,5135,814028,1685200
2386,257,262,180580,5130,814290,1789300
2387,259,289,180321,5100,814579,1712400
2388,251,244,180070,5107,814823,1640600
2389,267,246,179803,5128,815069,1701600
2390,292,265,179511,5155,815334,1678300
2391,260,257,179251,5158,815591,1735500
2392,242,268,179009,5132,815859,1689100
2393,245,261,178764,5116,816120,1776900
2394,231,235,178533,5112,816355,1932000
2395,223,252,178310,5083,816607,1725600
2396,244,265,178066,5062,816872,1728600
2397,230,256,177836,5036,817128,1816700
2398,251,265,177585,5022,817393,2085900
2399,245,272,177340,4995,817665,1770200
2400,214,243,177126,4966,817908,1751600
2401,233,245,176893,4954,818153,1698200
2402,252,235,176641,4971,818388,1641500
2403,284,235,176357,5020,818623,1944900
2404,293,252,176064,5061,818875,1686900
2405,227,251,175837,5037,819126,1837300
2406,253,244,175584,5046,819370,1925900
2407,243,284,175341,5005,819654,1693600
2408,247,269,175094,4983,819923,1762600
2409,267,255,174827,4995,820178,1896500
2410,292,260,174535,5027,820438,1887900
2411,259,224,174276,5062,820662,1673900
2412,226,225,174050,5063,820887,1670200
2413,261,247,173789,5077,821134,2112300
2414,252,247,173537,5082,821381,1807000
2415,255,251,173282,5086,821632,1907000
2416,232,249,173050,5069,821881,1841300
2417,260,282,172790,5047,822163,2956300
2418,264,250,172526,5061,822413,2044400
2419,273,266,172253,5068,822679,7148800
2420,246,263,172007,5051,822942,10031200
2421,236,237,171771,5050,823179,2785100
2422,267,244,171504,5073,823423,3393300
2423,250,250,171254,5073,823673,2942300
2424,262,267,170992,5068,823940,2619700
2425,275,245,170717,5098,824185,2310000
2426,268,258,170449,5108,824443,1979200
2427,274,259,170175,5123,824702,2144300
2428,263,268,169912,5118,824970,1887700
2429,249,233,169663,5134,825203,2829600
2430,260,263,169403,5131,825466,2432300
2431,249,238,169154,5142,825704,2084200
2432,227,228,168927,5141,825932,2051400
2433,240,240,168687,5141,826172,2180300
2434,256,252,168431,5145,826424,2279500
2435,257,259,168174,5143,826683,8505300
2436,271,255,167903,5159,826938,2777600
2437,239,221,167664,5177,827159,2154800
2438,272,246,167392,5203,827405,1943200
2439,243,247,167149,5199,827652,1979300
2440,258,253,166891,5204,827905,1984900
2441,257,272,166634,5189,828177,1887900
2442,255,255,166379,5189,828432,1844900
2443,256,290,166123,5155,828722,1816000
2444,271,246,165852,5180,828968,1784800
2445,235,263,165617,5152,829231,1742200
2446,279,261,165338,5170,829492,1761700
2447,237,258,165101,5149,829750,1694500
2448,272,275,164829,5146,830025,1684700
2449,261,281,164568,5126,830306,1637600
2450,233,247,164335,5112,830553,1770400
2451,258,247,164077,5123,830800,1944900
2452,251,269,163826,5105,831069,1716800
2453,256,246,163570,5115,831315,1695000
2454,254,264,163316,5105,831579,1803700
2455,221,245,163095,5081,831824,1735100
2456,260,270,162835,5071,832094,1668900
2457,275,239,162560,5107,832333,1952900
2458,248,258,162312,5097,832591,1765700
2459,257,223,162055,5131,832814,1783600
2460,275,263,161780,5143,833077,1788800
2461,250,259,161530,5134,833336,1728400
2462,253,269,161277,5118,833605,1768000
2463,245,256,161032,5107,833861,1658700
2464,257,275,160775,5089,834136,1675900
2465,258,265,160517,5082,834401,1650500
2466,240,254,160277,5068,834655,1795700
2467,255,244,160022,5079,834899,1698700
2468,254,249,159768,5084,835148,1733400
2469,234,233,159534,5085,835381,1676800
2470,252,237,159282,5100,835618,1823500
2471,267,264,159015,5103,835882,1773800
2472,269,273,158746,5099,836155,1687900
2473,277,237,158469,5139,836392,1902200
2474,245,274,158224,5110,836666,1790300
2475,275,251,157949,5134,836917,1951400
2476,262,252,157687,5144,837169,1793000
2477,287,258,157400,5173,837427,1719600
2478,246,265,157154,5154,837692,1846800
2479,252,256,156902,5150,837948,1795900
2480,283,251,156619,5182,838199,1771800
2481,289,247,156330,5224,838446,1923700
2482,266,254,156064,5236,838700,1756200
2483,278,263,155786,5251,838963,1891600
2484,274,257,155512,5268,839220,1880700
2485,290,248,155222,5310,839468,1721700
2486,246,247,154976,5309,839715,1793300
2487,256,272,154720,5293,839987,1772200
2488,245,277,154475,5261,840264,1723800
2489,264,277,154211,5248,840541,1665500
2490,285,258,153926,5275,840799,1737900
2491,263,241,153663,5297,841040,1834400
2492,254,257,153409,5294,841297,2230800
2493,251,270,153158,5275,841567,2279500
2494,257,264,152901,5268,841831,3453300
2495,261,295,152640,5234,842126,4407800
2496,282,285,152358,5231,842411,2211400
2497,251,263,152107,5219,842674,15653200
2498,273,273,151834,5219,842947,3391300
2499,243,278,151591,5184,843225,2576900
2500,272,259,151319,5197,843484,2531600
2501,270,258,151049,5209,843742,2649400
2502,247,264,150802,5192,844006,2166900
2503,260,244,150542,5208,844250,2130900
2504,285,255,150257,5238,844505,2107000
2505,247,253,150010,5232,844758,2351700
2506,266,264,149744,5234,845022,2283200
2507,252,254,149492,5232,845276,2152900
2508,248,246,149244,5234,845522,2277600
2509,251,265,148993,5220,845787,8254200
2510,242,289,148751,5173,846076,2254500
2511,240,288,148511,5125,846364,2202200
2512,264,238,148247,5151,846602,2167500
2513,241,279,148006,5113,846881,2218300
2514,242,253,147764,5102,847134,2105500
2515,224,277,147540,5049,847411,1877400
2516,249,223,147291,5075,847634,1802000
2517,259,253,147032,5081,847887,1854100
2518,233,270,146799,5044,848157,1799500
2519,224,250,146575,5018,848407,1782700
2520,253,249,146322,5022,848656,1807200
2521,249,279,146073,4992,848935,1671400
2522,236,259,145837,4969,849194,1705700
2523,222,258,145615,4933,849452,1649800
2524,230,231,145385,4932,849683,1824900
2525,244,237,145141,4939,849920,1671100
2526,270,234,144871,4975,850154,1691500
2527,251,218,144620,5008,850372,1754800
2528,245,242,144375,5011,850614,1767100
2529,258,280,144117,4989,850894,1688000
2530,233,261,143884,4961,851155,1796900
2531,229,218,143655,4972,851373,1766300
2532,245,236,143410,4981,851609,1671800
2533,245,261,143165,4965,851870,1726500
2534,260,251,142905,4974,852121,1800000
2535,253,257,142652,4970,852378,2027400
2536,270,214,142382,5026,852592,1788800
2537,238,271,142144,4993,852863,1714700
2538,228,261,141916,4960,853124,1669000
2539,234,242,141682,4952,853366,1786500
2540,258,251,141424,4959,853617,1722900
2541,215,254,141209,4920,853871,1733300
2542,247,243,140962,4924,854114,1675600
2543,213,253,140749,4884,854367,1783300
2544,237,234,140512,4887,854601,1680000
2545,227,252,140285,4862,854853,1669600
2546,244,244,140041,4862,855097,1744000
2547,226,244,139815,4844,855341,1744800
2548,237,243,139578,4838,855584,1666800
2549,235,247,139343,4826,855831,1704800
2550,246,243,139097,4829,856074,1788400
2551,239,239,138858,4829,856313,1767500
2552,246,262,138612,4813,856575,1767500
2553,259,258,138353,4814,856833,1711900
2554,248,236,138105,4826,857069,1793000
2555,271,246,137834,4851,857315,1993200
2556,226,268,137608,4809,857583,1740800
2557,243,240,137365,4812,857823,1688100
2558,251,238,137114,4825,858061,1685500
2559,248,226,136866,4847,858287,1799400
2560,223,214,136643,4856,858501,1714300
2561,241,233,136402,4864,858734,1682300
2562,253,233,136149,4884,858967,1947700
2563,230,240,135919,4874,859207,1787900
2564,241,252,135678,4863,859459,2323000
2565,236,237,135442,4862,859696,2014300
2566,229,236,135213,4855,859932,2961600
2567,248,273,134965,4830,860205,3242600
2568,239,240,134726,4829,860445,2605900
2569,265,231,134461,4863,860676,10230600
2570,215,264,134246,4814,860940,4385400
2571,234,222,134012,4826,861162,2642900
2572,195,248,133817,4773,861410,2135400
2573,234,230,133583,4777,861640,2370000
2574,230,228,133353,4779,861868,2242300
2575,242,233,133111,4788,862101,2103400
2576,221,241,132890,4768,862342,2097300
2577,230,223,132660,4775,862565,1999800
2578,210,229,132450,4756,862794,2001800
2579,224,225,132226,4755,863019,1972500
2580,227,230,131999,4752,863249,2048900
2581,227,271,131772,4708,863520,2025900
2582,229,242,131543,4695,863762,1975000
2583,236,234,131307,4697,863996,2281400
2584,226,225,131081,4698,864221,7231900
2585,209,244,130872,4663,864465,2155300
2586,222,237,130650,4648,864702,2053300
2587,216,219,130434,4645,864921,1950800
2588,223,229,130211,4639,865150,1932600
2589,248,217,129963,4670,865367,1877600
2590,223,232,129740,4661,865599,2051400
2591,234,217,129506,4678,865816,1900500
2592,267,229,129239,4716,866045,1829100
2593,228,237,129011,4707,866282,1790400
2594,220,242,128791,4685,866524,1781500
2595,220,235,128571,4670,866759,1739300
2596,238,235,128333,4673,866994,1802000
2597,218,219,128115,4672,867213,1814900
2598,226,249,127889,4649,867462,1746000
2599,234,245,127655,4638,867707,1722800
2600,237,215,127418,4660,867922,1653900
2601,236,260,127182,4636,868182,1762000
2602,223,221,126959,4638,868403,1955600
2603,233,254,126726,4617,868657,1663500
2604,231,237,126495,4611,868894,1675700
2605,218,231,126277,4598,869125,1785700
2606,231,250,126046,4579,869375,1681900
2607,214,221,125832,4572,869596,1701200
2608,198,213,125634,4557,869809,1765500
2609,214,232,125420,4539,870041,1983100
2610,196,221,125224,4514,870262,1895700
2611,229,219,124995,4524,870481,1959900
2612,228,254,124767,4498,870735,1830000
2613,225,222,124542,4501,870957,1821500
2614,216,232,124326,4485,871189,1946900
2615,241,221,124085,4505,871410,1815700
2616,230,188,123855,4547,871598,2038600
2617,243,225,123612,4565,871823,1876800
2618,218,232,123394,4551,872055,1849400
2619,219,229,123175,4541,872284,1809900
2620,228,227,122947,4542,872511,2012500
2621,222,227,122725,4537,872738,1898900
2622,221,243,122504,4515,872981,2134000
2623,228,233,122276,4510,873214,1912800
2624,224,225,122052,4509,873439,2004800
2625,219,219,121833,4509,873658,1928900
2626,216,226,121617,4499,873884,2291200
2627,273,214,121344,4558,874098,1823500
2628,230,210,121114,4578,874308,1807700
2629,247,260,120867,4565,874568,1831300
2630,243,237,120624,4571,874805,2073100
2631,248,215,120376,4604,875020,1959400
2632,257,226,120119,4635,875246,1894100
2633,232,211,119887,4656,875457,1835200
2634,233,212,119654,4677,875669,1825700
2635,206,249,119448,4634,875918,1779700
2636,268,202,119180,4700,876120,1791800
2637,236,206,118944,4730,876326,1738300
2638,217,233,118727,4714,876559,1873400
2639,233,221,118494,4726,876780,1930400
2640,224,261,118270,4689,877041,2123000
2641,234,266,118036,4657,877307,3486700
2642,234,215,117802,4676,877522,2115900
2643,216,244,117586,4648,877766,3247800
2644,204,230,117382,4622,877996,3475300
2645,228,233,117154,4617,878229,11268400
2646,203,189,116951,4631,878418,8101500
2647,220,216,116731,4635,878634,3967000
2648,210,215,116521,4630,878849,3311300
2649,210,229,116311,4611,879078,2768600
2650,239,228,116072,4622,879306,2191300
2651,216,233,115856,4605,879539,2025200
2652,218,233,115638,4590,879772,2810700
2653,228,211,115410,4607,879983,3142400
2654,241,239,115169,4609,880222,2749200
2655,216,247,114953,4578,880469,2527000
2656,203,236,114750,4545,880705,2691600
2657,237,210,114513,4572,880915,2532400
2658,248,221,114265,4599,881136,2331000
2659,203,234,114062,4568,881370,2398100
2660,219,236,113843,4551,881606,2463600
2661,205,234,113638,4522,881840,7209700
2662,224,225,113414,4521,882065,2795900
2663,203,215,113211,4509,882280,2107200
2664,228,224,112983,4513,882504,1915900
2665,203,225,112780,4491,882729,1845300
2666,225,210,112555,4506,882939,1888400
2667,216,234,112339,4488,883173,1829500
2668,206,232,112133,4462,883405,2148100
2669,212,210,111921,4464,883615,1911400
2670,195,203,111726,4456,883818,1790500
2671,196,243,111530,4409,884061,1819800
2672,196,235,111334,4370,884296,1889300
2673,234,208,111100,4396,884504,1830000
2674,185,237,110915,4344,884741,1825100
2675,243,200,110672,4387,884941,1752300
2676,205,226,110467,4366,885167,1688900
2677,217,200,110250,4383,885367,1927200
2678,204,221,110046,4366,885588,2072000
2679,216,215,109830,4367,885803,1775700
2680,209,230,109621,4346,886033,1981100
2681,218,237,109403,4327,886270,1879900
2682,213,219,109190,4321,886489,1768500
2683,190,219,109000,4292,886708,1858700
2684,201,231,108799,4262,886939,1741200
2685,209,207,108590,4264,887146,1700200
2686,201,207,108389,4258,887353,1774700
2687,215,230,108174,4243,887583,1755500
2688,220,235,107954,4228,887818,1712300
2689,206,215,107748,4219,888033,1705200
2690,196,215,107552,4200,888248,1752900
2691,222,192,107330,4230,888440,1720900
2692,228,213,107102,4245,888653,1659500
2693,211,203,106891,4253,888856,1673300
2694,196,229,106695,4220,889085,1818300
2695,202,222,106493,4200,889307,1733000
2696,220,225,106273,4195,889532,1715200
2697,211,207,106062,4199,889739,1649900
2698,190,200,105872,4189,889939,1731400
2699,206,212,105666,4183,890151,1705400
2700,212,216,105454,4179,890367,1701400
2701,203,177,105251,4205,890544,1769200
2702,198,210,105053,4193,890754,1744200
2703,190,205,104863,4178,890959,1701400
2704,210,226,104653,4162,891185,1725100
2705,187,205,104466,4144,891390,1737700
2706,228,208,104238,4164,891598,1912500
2707,215,187,104023,4192,891785,2141600
2708,223,235,103800,4180,892020,1796400
2709,206,210,103594,4176,892230,1715500
2710,179,210,103415,4145,892440,2069700
2711,203,200,103212,4148,892640,1914200
2712,210,191,103002,4167,892831,1800600
2713,202,166,102800,4203,892997,2203500
2714,232,215,102568,4220,893212,1802200
2715,198,220,102370,4198,893432,1817100
2716,202,217,102168,4183,893649,1934200
2717,205,204,101963,4184,893853,1763700
2718,210,203,101753,4191,894056,1687900
2719,238,198,101515,4231,894254,1703600
2720,214,212,101301,4233,894466,1997300
2721,193,216,101108,4210,894682,1721800
2722,212,223,100896,4199,894905,1822000
2723,211,219,100685,4191,895124,1738900
2724,220,160,100465,4251,895284,1663800
2725,218,216,100247,4253,895500,1800100
2726,215,203,100032,4265,895703,1733000
2727,222,211,99810,4276,895914,1668500
2728,219,219,99591,4276,896133,1642300
2729,248,223,99343,4301,896356,1749900
2730,195,183,99148,4313,896539,1873500
2731,216,222,98932,4307,896761,1664900
2732,227,208,98705,4326,896969,1680400
2733,219,218,98486,4327,897187,1765900
2734,214,218,98272,4323,897405,1664800
2735,211,229,98061,4305,897634,1661200
2736,227,200,97834,4332,897834,1768600
2737,212,225,97622,4319,898059,1743600
2738,196,202,97426,4313,898261,1904500
2739,223,214,97203,4322,898475,1905000
2740,212,206,96991,4328,898681,1963900
2741,220,225,96771,4323,898906,1786500
2742,194,213,96577,4304,899119,1744500
2743,199,214,96378,4289,899333,1950100
2744,200,229,96178,4260,899562,1772500
2745,201,203,95977,4258,899765,1865100
2746,207,196,95770,4269,899961,1664000
2747,224,205,95546,4288,900166,1765700
2748,212,189,95334,4311,900355,1748200
2749,225,196,95109,4340,900551,1662000
2750,213,224,94896,4329,900775,1662200
2751,229,232,94667,4326,901007,1737000
2752,218,217,94449,4327,901224,1657200
2753,205,210,94244,4322,901434,1657500
2754,200,210,94044,4312,901644,1636900
2755,211,226,93833,4297,901870,1673700
2756,204,188,93629,4313,902058,1703900
2757,232,236,93397,4309,902294,1754600
2758,213,219,93184,4303,902513,1718600
2759,204,229,92980,4278,902742,1636600
2760,212,215,92768,4275,902957,1636900
2761,203,211,92565,4267,903168,1697900
2762,201,194,92364,4274,903362,1659900
2763,216,204,92148,4286,903566,1745200
2764,219,247,91929,4258,903813,1731800
2765,200,223,91729,4235,904036,1668100
2766,225,214,91504,4246,904250,1635100
2767,210,208,91294,4248,904458,1745700
2768,211,225,91083,4234,904683,1713600
2769,208,223,90875,4219,904906,1658200
2770,190,216,90685,4193,905122,1768600
2771,212,230,90473,4175,905352,1866000
2772,227,189,90246,4213,905541,1680200
2773,212,225,90034,4200,905766,1645600
2774,209,203,89825,4206,905969,2287900
2775,212,185,89613,4233,906154,1997100
2776,201,219,89412,4215,906373,1779900
2777,223,210,89189,4228,906583,1829700
2778,222,215,88967,4235,906798,1645600
2779,205,213,88762,4227,907011,1653600
2780,218,222,88544,4223,907233,1678500
2781,242,195,88302,4270,907428,1777400
2782,196,209,88106,4257,907637,1832800
2783,212,227,87894,4242,907864,1683800
2784,210,208,87684,4244,908072,1712600
2785,219,218,87465,4245,908290,1664200
2786,228,201,87237,4272,908491,1669500
2787,225,212,87012,4285,908703,1619500
2788,200,243,86812,4242,908946,1743700
2789,209,228,86603,4223,909174,1663300
2790,181,192,86422,4212,909366,1640900
2791,203,210,86219,4205,909576,1746100
2792,207,206,86012,4206,909782,1625500
2793,230,218,85782,4218,910000,1642600
2794,195,194,85587,4219,910194,1759900
2795,210,232,85377,4197,910426,1641400
2796,197,222,85180,4172,910648,1662200
2797,194,199,84986,4167,910847,1767100
2798,207,200,84779,4174,911047,2044100
2799,239,214,84540,4199,911261,1743200
2800,215,192,84325,4222,911453,1672600
2801,198,205,84127,4215,911658,1662100
2802,207,214,83920,4208,911872,1781500
2803,213,204,83707,4217,912076,1667200
2804,220,223,83487,4214,912299,1710600
2805,212,191,83275,4235,912490,1812300
2806,197,212,83078,4220,912702,1771700
2807,210,172,82868,4258,912874,1658100
2808,197,213,82671,4242,913087,1722400
2809,214,213,82457,4243,913300,1973800
2810,213,217,82244,4239,913517,1819400
2811,209,184,82035,4264,913701,1831000
2812,225,200,81810,4289,913901,1831800
2813,193,219,81617,4263,914120,2213500
2814,197,218,81420,4242,914338,5033200
2815,209,215,81211,4236,914553,2493400
2816,201,222,81010,4215,914775,11280200
2817,232,228,80778,4219,915003,2680500
2818,210,194,80568,4235,915197,2497400
2819,236,213,80332,4258,915410,2372400
2820,205,206,80127,4257,915616,2263000
2821,188,211,79939,4234,915827,2033800
2822,204,214,79735,4224,916041,1998400
2823,191,186,79544,4229,916227,1980900
2824,205,217,79339,4217,916444,2280700
2825,202,201,79137,4218,916645,2002500
2826,219,219,78918,4218,916864,1941200
2827,194,177,78724,4235,917041,2161500
2828,208,196,78516,4247,917237,2029600
2829,201,204,78315,4244,917441,6408800
2830,225,214,78090,4255,917655,2537100
2831,218,209,77872,4264,917864,2098300
2832,227,219,77645,4272,918083,2036400
2833,212,208,77433,4276,918291,1967700
2834,213,183,77220,4306,918474,2047900
2835,229,201,76991,4334,918675,1852400
2836,200,223,76791,4311,918898,1860800
2837,202,210,76589,4303,919108,1899900
2838,226,208,76363,4321,919316,2000100
2839,227,239,76136,4309,919555,2067800
2840,226,207,75910,4328,919762,1802700
2841,209,197,75701,4340,919959,1764700
2842,197,231,75504,4306,920190,1809400
2843,206,214,75298,4298,920404,1752500
2844,192,212,75106,4278,920616,1767300
2845,211,241,74895,4248,920857,1762300
2846,224,211,74671,4261,921068,1752400
2847,227,206,74444,4282,921274,1723900
2848,223,236,74221,4269,921510,1816500
2849,199,189,74022,4279,921699,1784800
2850,196,202,73826,4273,921901,1746600
2851,218,230,73608,4261,922131,1784000
2852,204,210,73404,4255,922341,2063800
2853,193,204,73211,4244,922545,1779300
2854,186,206,73025,4224,922751,1780900
2855,213,193,72812,4244,922944,1776300
2856,217,223,72595,4238,923167,2022200
2857,227,194,72368,4271,923361,1947400
2858,211,206,72157,4276,923567,1975700
2859,226,218,71931,4284,923785,1810000
2860,213,226,71718,4271,924011,1751800
2861,203,216,71515,4258,924227,1874900
2862,224,234,71291,4248,924461,1764500
2863,211,207,71080,4252,924668,1734300
2864,206,188,70874,4270,924856,1908800
2865,193,186,70681,4277,925042,2021900
2866,205,226,70476,4256,925268,1818000
2867,213,201,70263,4268,925469,1765900
2868,210,226,70053,4252,925695,1760700
2869,188,192,69865,4248,925887,1841100
2870,181,212,69684,4217,926099,1979200
2871,204,190,69480,4231,926289,1842200
2872,213,210,69267,4234,926499,2093800
2873,228,232,69039,4230,926731,1960200
2874,218,211,68821,4237,926942,1900200
2875,224,216,68597,4245,927158,1881000
2876,182,202,68415,4225,927360,1817200
2877,212,212,68203,4225,927572,1760800
2878,202,219,68001,4208,927791,1723300
2879,223,222,67778,4209,928013,1773000
2880,209,201,67569,4217,928214,1953400
2881,191,202,67378,4206,928416,1863800
2882,214,241,67164,4179,928657,1857600
2883,212,219,66952,4172,928876,1734900
2884,200,214,66752,4158,929090,1805600
2885,181,194,66571,4145,929284,1759600
2886,187,198,66384,4134,929482,1855400
2887,235,191,66149,4178,929673,1704400
2888,209,205,65940,4182,929878,1645600
2889,205,222,65735,4165,930100,1748200
2890,225,207,65510,4183,930307,1658000
2891,197,227,65313,4153,930534,1723800
2892,180,204,65133,4129,930738,1807600
2893,198,209,64935,4118,930947,1648000
2894,201,230,64734,4089,931177,1663000
2895,209,208,64525,4090,931385,1737200
2896,216,211,64309,4095,931596,1767500
2897,194,228,64115,4061,931824,1654500
2898,181,219,63934,4023,932043,1643800
2899,188,218,63746,3993,932261,1669000
2900,192,208,63554,3977,932469,1711800
2901,184,198,63370,3963,932667,1639900
2902,189,180,63181,3972,932847,1770100
2903,180,206,63001,3946,933053,1763200
2904,209,213,62792,3942,933266,1855100
2905,193,188,62599,3947,933454,1802600
2906,186,186,62413,3947,933640,1756200
2907,161,202,62252,3906,933842,1763800
2908,172,207,62080,3871,934049,1727700
2909,173,205,61907,3839,934254,1783300
2910,177,173,61730,3843,934427,1644000
2911,176,182,61554,3837,934609,1695300
2912,193,202,61361,3828,934811,1701100
2913,188,173,61173,3843,934984,1643000
2914,188,170,60985,3861,935154,1768600
2915,201,206,60784,3856,935360,1664400
2916,174,196,60610,3834,935556,1636800
2917,152,186,60458,3800,935742,1802900
2918,167,220,60291,3747,935962,1731200
2919,141,172,60150,3716,936134,1700700
2920,176,185,59974,3707,936319,2019500
2921,153,179,59821,3681,936498,1805100
2922,155,168,59666,3668,936666,1775600
2923,161,167,59505,3662,936833,1734500
2924,189,166,59316,3685,936999,1985500
2925,140,168,59176,3657,937167,1712600
2926,147,197,59029,3607,937364,1744000
2927,140,175,58889,3572,937539,1778300
2928,154,175,58735,3551,937714,1758000
2929,135,189,58600,3497,937903,1691700
2930,153,155,58447,3495,938058,1735800
2931,141,171,58306,3465,938229,1743500
2932,145,205,58161,3405,938434,1878700
2933,143,199,58018,3349,938633,1771900
2934,138,192,57880,3295,938825,1766700
2935,124,158,57756,3261,938983,2009800
2936,117,162,57639,3216,939145,1797400
2937,130,151,57509,3195,939296,1831100
2938,144,168,57365,3171,939464,1774900
2939,141,164,57224,3148,939628,1769400
2940,124,142,57100,3130,939770,1692700
2941,130,165,56970,3095,939935,1780900
2942,141,160,56829,3076,940095,1725300
2943,132,167,56697,3041,940262,1660300
2944,136,140,56561,3037,940402,1637200
2945,131,142,56430,3026,940544,1922000
2946,148,149,56282,3025,940693,1650700
2947,130,166,56152,2989,940859,1630100
2948,136,153,56016,2972,941012,1748800
2949,147,154,55869,2965,941166,1696400
2950,143,166,55726,2942,941332,1649400
2951,143,132,55583,2953,941464,1635600
2952,153,161,55430,2945,941625,1698800
2953,175,139,55255,2981,941764,1642500
2954,128,144,55127,2965,941908,1842500
2955,151,151,54976,2965,942059,1640400
2956,149,152,54827,2962,942211,1727500
2957,148,158,54679,2952,942369,1657200
2958,133,150,54546,2935,942519,1776400
2959,128,161,54418,2902,942680,1706400
2960,130,152,54288,2880,942832,1670000
2961,141,135,54147,2886,942967,1632000
2962,137,157,54010,2866,943124,1690400
2963,139,138,53871,2867,943262,1647200
2964,116,149,53755,2834,943411,1793900
2965,129,118,53626,2845,943529,1662000
2966,132,136,53494,2841,943665,1633600
2967,138,135,53356,2844,943800,1644100
2968,125,133,53231,2836,943933,1644400
2969,138,136,53093,2838,944069,1640900
2970,123,148,52970,2813,944217,1650500
2971,129,145,52841,2797,944362,1694600
2972,119,136,52722,2780,944498,1647200
2973,135,134,52587,2781,944632,1639200
2974,117,138,52470,2760,944770,1683900
2975,104,146,52366,2718,944916,1633400
2976,119,142,52247,2695,945058,1716200
2977,121,122,52126,2694,945180,2059700
2978,113,140,52013,2667,945320,1761800
2979,112,127,51901,2652,945447,2071100
2980,133,146,51768,2639,945593,1768800
2981,112,123,51656,2628,945716,1761700
2982,131,142,51525,2617,945858,1963100
2983,132,130,51393,2619,945988,1764900
2984,118,126,51275,2611,946114,1763400
2985,133,111,51142,2633,946225,1704900
2986,108,138,51034,2603,946363,1679000
2987,110,116,50924,2597,946479,1709400
2988,113,138,50811,2572,946617,1730300
2989,125,129,50686,2568,946746,1695700
2990,134,143,50552,2559,946889,1956500
2991,109,127,50443,2541,947016,1913000
2992,112,121,50331,2532,947137,1763000
2993,105,126,50226,2511,947263,1821500
2994,118,109,50108,2520,947372,1710800
2995,121,110,49987,2531,947482,1738700
2996,115,147,49872,2499,947629,2049700
2997,125,130,49747,2494,947759,1793800
2998,109,146,49638,2457,947905,1768900
2999,123,116,49515,2464,948021,2243700
3000,112,111,49403,2465,948132,1959100
3001,116,140,49287,2441,948272,1712600
3002,116,133,49171,2424,948405,1700900
3003,110,121,49061,2413,948526,1703600
3004,108,112,48953,2409,948638,1723100
3005,125,159,48828,2375,948797,1727900
3006,138,125,48690,2388,948922,1684000
3007,107,103,48583,2392,949025,1784900
3008,121,116,48462,2397,949141,1741900
3009,123,116,48339,2404,949257,1724100
3010,120,115,48219,2409,949372,1675200
3011,109,97,48110,2421,949469,1693900
3012,108,120,48002,2409,949589,1748400
3013,105,114,47897,2400,949703,1636500
3014,129,126,47768,2403,949829,1628400
3015,107,122,47661,2388,949951,1735900
3016,109,125,47552,2372,950076,1631500
3017,126,108,47426,2390,950184,1634400
3018,142,123,47284,2409,950307,1735800
3019,112,126,47172,2395,950433,1637300
3020,115,120,47057,2390,950553,1642100
3021,127,111,46930,2406,950664,1759800
3022,116,109,46814,2413,950773,1629200
3023,157,134,46657,2436,950907,1624300
3024,131,122,46526,2445,951029,1727900
3025,124,126,46402,2443,951155,1634200
3026,129,111,46273,2461,951266,1636600
3027,132,115,46141,2478,951381,1627300
3028,131,124,46010,2485,951505,1628500
3029,108,131,45902,2462,951636,1642000
3030,131,130,45771,2463,951766,1683400
3031,129,138,45642,2454,951904,1632500
3032,120,131,45522,2443,952035,1656000
3033,116,131,45406,2428,952166,1695000
3034,121,122,45285,2427,952288,1947400
3035,133,129,45152,2431,952417,1685900
3036,118,133,45034,2416,952550,1599000
3037,111,124,44923,2403,952674,1674600
3038,119,124,44804,2398,952798,1645000
3039,122,131,44682,2389,952929,1635300
3040,111,111,44571,2389,953040,1642300
3041,127,126,44444,2390,953166,1625700
3042,137,124,44307,2403,953290,1726400
3043,145,138,44162,2410,953428,1654800
3044,129,143,44033,2396,953571,1739600
3045,119,115,43914,2400,953686,1751000
3046,109,119,43805,2390,953805,1704300
3047,119,128,43686,2381,953933,1631300
3048,119,121,43567,2379,954054,1634900
3049,109,113,43458,2375,954167,1687500
3050,112,111,43346,2376,954278,1637200
3051,120,130,43226,2366,954408,1631800
3052,131,124,43095,2373,954532,1681900
3053,119,109,42976,2383,954641,1644800
3054,124,142,42852,2365,954783,1941700
3055,113,121,42739,2357,954904,1954500
3056,108,119,42631,2346,955023,1762100
3057,118,115,42513,2349,955138,1673600
3058,118,110,42395,2357,955248,1625400
3059,122,135,42273,2344,955383,1744300
3060,131,116,42142,2359,955499,1695200
3061,119,126,42023,2352,955625,1631800
3062,110,123,41913,2339,955748,1744100
3063,147,107,41766,2379,955855,1638000
3064,113,129,41653,2363,955984,1633000
3065,118,136,41535,2345,956120,1653600
3066,95,126,41440,2314,956246,1663600
3067,118,131,41322,2301,956377,1633400
3068,112,119,41210,2294,956496,1633200
3069,129,132,41081,2291,956628,1669800
3070,122,123,40959,2290,956751,1640300
3071,116,110,40843,2296,956861,1747700
3072,116,108,40727,2304,956969,1925300
3073,105,125,40622,2284,957094,2081900
3074,118,127,40504,2275,957221,1853500
3075,113,108,40391,2280,957329,1593300
3076,111,119,40280,2272,957448,1627200
3077,108,108,40172,2272,957556,2060800
3078,90,114,40082,2248,957670,1746700
3079,94,112,39988,2230,957782,1655000
3080,128,105,39860,2253,957887,1641900
3081,118,118,39742,2253,958005,1715300
3082,116,110,39626,2259,958115,1725900
3083,101,117,39525,2243,958232,1668200
3084,116,123,39409,2236,958355,1604000
3085,139,106,39270,2269,958461,1672400
3086,125,106,39145,2288,958567,1636400
3087,105,126,39040,2267,958693,1732300
3088,90,119,38950,2238,958812,1670300
3089,123,116,38827,2245,958928,1627500
3090,121,112,38706,2254,959040,1801800
3091,116,109,38590,2261,959149,1764700
3092,117,98,38473,2280,959247,1623300
3093,131,122,38342,2289,959369,1643600
3094,121,109,38221,2301,959478,1903200
3095,119,124,38102,2296,959602,1661100
3096,112,119,37990,2289,959721,1635000
3097,120,109,37870,2300,959830,1646500
3098,120,110,37750,2310,959940,1768500
3099,141,102,37609,2349,960042,2010500
3100,121,128,37488,2342,960170,1733000
3101,111,97,37377,2356,960267,1711700
3102,100,115,37277,2341,960382,1966600
3103,104,125,37173,2320,960507,1768200
3104,118,98,37055,2340,960605,1665500
3105,86,117,36969,2309,960722,1629100
3106,122,119,36847,2312,960841,1747000
3107,105,104,36742,2313,960945,1700500
3108,120,101,36622,2332,961046,1669100
3109,139,102,36483,2369,961148,1674900
3110,117,115,36366,2371,961263,1655300
3111,110,117,36256,2364,961380,1981300
3112,129,132,36127,2361,961512,1648700
3113,103,99,36024,2365,961611,1722400
3114,107,118,35917,2354,961729,1822800
3115,102,111,35815,2345,961840,1639900
3116,113,113,35702,2345,961953,1850800
3117,116,144,35586,2317,962097,1856800
3118,98,108,35488,2307,962205,1802400
3119,103,116,35385,2294,962321,1689200
3120,104,120,35281,2278,962441,1630100
3121,94,107,35187,2265,962548,1711400
3122,119,108,35068,2276,962656,1708600
3123,118,108,34950,2286,962764,1627300
3124,105,131,34845,2260,962895,1635000
3125,115,121,34730,2254,963016,1705600
3126,100,112,34630,2242,963128,1634100
3127,82,117,34548,2207,963245,1626500
3128,108,112,34440,2203,963357,1680200
3129,97,111,34343,2189,963468,1637100
3130,88,95,34255,2182,963563,1632200
3131,98,117,34157,2163,963680,1674300
3132,87,116,34070,2134,963796,1632300
3133,92,109,33978,2117,963905,1735300
3134,101,108,33877,2110,964013,1685300
3135,96,112,33781,2094,964125,1637800
3136,99,110,33682,2083,964235,1624400
3137,117,85,33565,2115,964320,1651000
3138,87,106,33478,2096,964426,1675600
3139,98,114,33380,2080,964540,1734900
3140,103,91,33277,2092,964631,1673800
3141,91,87,33186,2096,964718,1627500
3142,93,103,33093,2086,964821,1745700
3143,100,110,32993,2076,964931,1706700
3144,97,107,32896,2066,965038,1933700
3145,105,98,32791,2073,965136,1709400
3146,100,100,32691,2073,965236,1753200
3147,106,104,32585,2075,965340,1761000
3148,119,111,32466,2083,965451,1789700
3149,105,100,32361,2088,965551,1711200
3150,105,100,32256,2093,965651,1711100
3151,118,124,32138,2087,965775,1756900
3152,98,90,32040,2095,965865,1961100
3153,105,98,31935,2102,965963,1762000
3154,84,112,31851,2074,966075,1889300
3155,81,94,31770,2061,966169,1799100
3156,99,91,31671,2069,966260,1699400
3157,102,91,31569,2080,966351,1697800
3158,105,101,31464,2084,966452,1706300
3159,88,102,31376,2070,966554,1716300
3160,105,126,31271,2049,966680,1863400
3161,85,99,31186,2035,966779,1868300
3162,102,102,31084,2035,966881,1813500
3163,103,111,30981,2027,966992,1770300
3164,88,94,30893,2021,967086,1750900
3165,95,97,30798,2019,967183,1698400
3166,108,106,30690,2021,967289,1724500
3167,99,104,30591,2016,967393,1908600
3168,94,92,30497,2018,967485,1784600
3169,95,104,30402,2009,967589,1763800
3170,73,100,30329,1982,967689,1758100
3171,98,106,30231,1974,967795,1715500
3172,84,103,30147,1955,967898,1647400
3173,85,115,30062,1925,968013,1738800
3174,93,99,29969,1919,968112,1725900
3175,83,94,29886,1908,968206,1644800
3176,82,104,29804,1886,968310,1642200
3177,95,87,29709,1894,968397,1706000
3178,88,112,29621,1870,968509,1650400
3179,95,98,29526,1867,968607,1636300
3180,85,108,29441,1844,968715,1793200
3181,86,93,29355,1837,968808,1631700
3182,91,89,29264,1839,968897,1585200
3183,93,106,29171,1826,969003,1689000
3184,101,99,29070,1828,969102,1625400
3185,91,94,28979,1825,969196,1634000
3186,97,87,28882,1835,969283,1705100
3187,83,92,28799,1826,969375,1637300
3188,92,96,28707,1822,969471,1821700
3189,87,86,28620,1823,969557,1751100
3190,84,94,28536,1813,969651,1636100
3191,85,80,28451,1818,969731,1631900
3192,75,94,28376,1799,969825,1727800
3193,89,90,28287,1798,969915,1781800
3194,87,84,28200,1801,969999,1633300
3195,91,91,28109,1801,970090,1712900
3196,74,79,28035,1796,970169,1678000
3197,79,78,27956,1797,970247,1645000
3198,98,94,27858,1801,970341,1639500
3199,90,71,27768,1820,970412,1830400
3200,84,95,27684,1809,970507,1630200
3201,84,66,27600,1827,970573,1628100
3202,102,97,27498,1832,970670,1680500
3203,84,76,27414,1840,970746,1610800
3204,91,89,27323,1842,970835,1657900
3205,81,92,27242,1831,970927,1784500
3206,84,86,27158,1829,971013,1795200
3207,83,92,27075,1820,971105,1660100
3208,80,107,26995,1793,971212,1639900
3209,69,94,26926,1768,971306,1654900
3210,72,84,26854,1756,971390,1620400
3211,82,72,26772,1766,971462,1726800
3212,87,104,26685,1749,971566,1643400
3213,85,93,26600,1741,971659,1643000
3214,74,67,26526,1748,971726,1724800
3215,72,85,26454,1735,971811,1853800
3216,80,78,26374,1737,971889,1587800
3217,70,90,26304,1717,971979,1850700
3218,86,88,26218,1715,972067,1955900
3219,53,80,26165,1688,972147,1738100
3220,79,91,26086,1676,972238,1649100
3221,94,75,25992,1695,972313,1623500
3222,70,89,25922,1676,972402,1754300
3223,74,84,25848,1666,972486,1650000
3224,66,73,25782,1659,972559,1721100
3225,62,96,25720,1625,972655,1983800
3226,72,87,25648,1610,972742,1767900
3227,69,84,25579,1595,972826,1736700
3228,85,82,25494,1598,972908,1688900
3229,84,69,25410,1613,972977,1630200
3230,79,98,25331,1594,973075,1754800
3231,56,61,25275,1589,973136,1623400
3232,69,79,25206,1579,973215,1708700
3233,69,80,25137,1568,973295,1743200
3234,72,67,25065,1573,973362,1652600
3235,68,72,24997,1569,973434,1638300
3236,79,76,24918,1572,973510,1738500
3237,64,62,24854,1574,973572,1677500
3238,67,79,24787,1562,973651,1993800
3239,69,80,24718,1551,973731,1653900
3240,67,77,24651,1541,973808,1632500
3241,59,88,24592,1512,973896,1662600
3242,63,83,24529,1492,973979,1619500
3243,66,79,24463,1479,974058,1730400
3244,63,77,24400,1465,974135,1676300
3245,65,56,24335,1474,974191,1620200
3246,68,81,24267,1461,974272,1625400
3247,80,68,24187,1473,974340,1648100
3248,72,73,24115,1472,974413,1579500
3249,67,86,24048,1453,974499,1727100
3250,70,80,23978,1443,974579,1619800
3251,69,62,23909,1450,974641,1614300
3252,61,67,23848,1444,974708,2011200
3253,79,73,23769,1450,974781,1991900
3254,84,66,23685,1468,974847,2052000
3255,88,74,23597,1482,974921,1735500
3256,74,73,23523,1483,974994,1656700
3257,55,65,23468,1473,975059,1629600
3258,66,61,23402,1478,975120,1720000
3259,58,83,23344,1453,975203,1667800
3260,51,74,23293,1430,975277,1628800
3261,77,72,23216,1435,975349,1629900
3262,64,72,23152,1427,975421,1664100
3263,70,78,23082,1419,975499,1939900
3264,66,74,23016,1411,975573,1755500
3265,53,80,22963,1384,975653,1779400
3266,77,76,22886,1385,975729,1749800
3267,64,90,22822,1359,975819,1635900
3268,48,76,22774,1331,975895,1752500
3269,67,77,22707,1321,975972,1820500
3270,60,66,22647,1315,976038,1998900
3271,51,75,22596,1291,976113,1674200
3272,64,68,22532,1287,976181,1656100
3273,50,69,22482,1268,976250,1653300
3274,44,60,22438,1252,976310,1762900
3275,53,60,22385,1245,976370,1649700
3276,76,60,22309,1261,976430,1658600
3277,54,54,22255,1261,976484,1704100
3278,48,43,22207,1266,976527,1762000
3279,66,41,22141,1291,976568,2005500
3280,63,73,22078,1281,976641,1713600
3281,57,63,22021,1275,976704,2004300
3282,64,79,21957,1260,976783,1951300
3283,53,71,21904,1242,976854,1677300
3284,53,57,21851,1238,976911,1776300
3285,54,56,21797,1236,976967,1681400
3286,51,55,21746,1232,977022,1753300
3287,63,61,21683,1234,977083,1885100
3288,58,65,21625,1227,977148,1676700
3289,65,54,21560,1238,977202,1747300
3290,54,70,21506,1222,977272,1750300
3291,67,62,21439,1227,977334,1727600
3292,64,72,21375,1219,977406,1737900
3293,54,47,21321,1226,977453,1714200
3294,55,73,21266,1208,977526,1771100
3295,53,68,21213,1193,977594,1779300
3296,57,52,21156,1198,977646,1736900
3297,57,70,21099,1185,977716,1725700
3298,54,54,21045,1185,977770,1657700
3299,51,69,20994,1167,977839,1717400
3300,53,55,20941,1165,977894,1682900
3301,40,62,20901,1143,977956,1988400
3302,55,44,20846,1154,978000,1684100
3303,42,46,20804,1150,978046,1750100
3304,67,70,20737,1147,978116,1634400
3305,59,55,20678,1151,978171,1645000
3306,58,67,20620,1142,978238,1683000
3307,49,62,20571,1129,978300,1665000
3308,48,73,20523,1104,978373,1863700
3309,54,70,20469,1088,978443,1841000
3310,53,61,20416,1080,978504,1740300
3311,47,53,20369,1074,978557,1734600
3312,49,45,20320,1078,978602,1869900
3313,54,49,20266,1083,978651,1845400
3314,57,70,20209,1070,978721,1767300
3315,65,60,20144,1075,978781,1735900
3316,50,52,20094,1073,978833,1726000
3317,52,54,20042,1071,978887,1687900
3318,40,44,20002,1067,978931,1852100
3319,49,55,19953,1061,978986,1650700
3320,51,60,19902,1052,979046,1662400
3321,40,59,19862,1033,979105,1661100
3322,54,48,19808,1039,979153,1751900
3323,48,52,19760,1035,979205,1751500
3324,41,58,19719,1018,979263,1733000
3325,51,55,19668,1014,979318,1714200
3326,50,52,19618,1012,979370,1645300
3327,37,53,19581,996,979423,1637200
3328,49,46,19532,999,979469,1738200
3329,45,45,19487,999,979514,1663100
3330,41,51,19446,989,979565,1659800
3331,39,42,19407,986,979607,1720900
3332,53,48,19354,991,979655,1671500
3333,31,50,19323,972,979705,1652500
3334,39,52,19284,959,979757,1646500
3335,38,50,19246,947,979807,2111600
3336,38,49,19208,936,979856,1834600
3337,37,48,19171,925,979904,1905700
3338,37,47,19134,915,979951,1729400
3339,40,48,19094,907,979999,2005100
3340,40,59,19054,888,980058,1639500
3341,43,50,19011,881,980108,1646100
3342,30,48,18981,863,980156,1900900
3343,41,47,18940,857,980203,1750600
3344,48,47,18892,858,980250,1751400
3345,34,53,18858,839,980303,1677100
3346,34,51,18824,822,980354,1781700
3347,37,33,18787,826,980387,2036900
3348,37,36,18750,827,980423,1650700
3349,40,47,18710,820,980470,1753200
3350,40,46,18670,814,980516,1649300
3351,35,39,18635,810,980555,1642100
3352,46,35,18589,821,980590,1665700
3353,50,51,18539,820,980641,1779400
3354,35,43,18504,812,980684,1637400
3355,40,40,18464,812,980724,1750600
3356,27,47,18437,792,980771,1742600
3357,47,40,18390,799,980811,1735200
3358,49,40,18341,808,980851,1870600
3359,45,30,18296,823,980881,1641100
3360,36,32,18260,827,980913,1890500
3361,29,39,18231,817,980952,1775900
3362,38,44,18193,811,980996,1731600
3363,35,45,18158,801,981041,1725700
3364,40,38,18118,803,981079,1633600
3365,29,48,18089,784,981127,1632600
3366,28,33,18061,779,981160,2221600
3367,33,36,18028,776,981196,2173800
3368,31,29,17997,778,981225,2479700
3369,29,42,17968,765,981267,2392900
3370,23,39,17945,749,981306,2033700
3371,37,43,17908,743,981349,1859100
3372,37,39,17871,741,981388,1972600
3373,26,34,17845,733,981422,1786200
3374,22,30,17823,725,981452,1837900
3375,27,27,17796,725,981479,2002600
3376,27,33,17769,719,981512,7875000
3377,46,28,17723,737,981540,2045500
3378,35,50,17688,722,981590,1794300
3379,23,40,17665,705,981630,1740400
3380,34,37,17631,702,981667,2202800
3381,21,31,17610,692,981698,3133500
3382,24,31,17586,685,981729,2367500
3383,32,38,17554,679,981767,2195000
3384,35,40,17519,674,981807,2055200
3385,32,30,17487,676,981837,1985100
3386,21,32,17466,665,981869,2077500
3387,19,18,17447,666,981887,1875800
3388,26,36,17421,656,981923,1748400
3389,35,30,17386,661,981953,1850200
3390,27,34,17359,654,981987,2994600
3391,24,39,17335,639,982026,2154800
3392,22,37,17313,624,982063,2194400
3393,23,38,17290,609,982101,5531100
3394,25,41,17265,593,982142,2130700
3395,20,36,17245,577,982178,2086800
3396,29,26,17216,580,982204,2183500
3397,26,29,17190,577,982233,1945700
3398,24,31,17166,570,982264,1833600
3399,20,26,17146,564,982290,1871200
3400,19,31,17127,552,982321,2068800
3401,27,28,17100,551,982349,1794700
3402,18,29,17082,540,982378,1840700
3403,26,34,17056,532,982412,1719400
3404,24,29,17032,527,982441,1755300
3405,29,30,17003,526,982471,1827400
3406,25,30,16978,521,982501,1709700
3407,21,25,16957,517,982526,1833400
3408,23,23,16934,517,982549,1749100
3409,19,21,16915,515,982570,1681700
3410,18,16,16897,517,982586,1688200
3411,25,20,16872,522,982606,1694400
3412,18,26,16854,514,982632,1792400
3413,18,22,16836,510,982654,1722300
3414,24,22,16812,512,982676,1753700
3415,23,30,16789,505,982706,1843300
3416,19,26,16770,498,982732,1761900
3417,19,23,16751,494,982755,1758900
3418,20,19,16731,495,982774,1733400
3419,27,30,16704,492,982804,1843800
3420,13,29,16691,476,982833,1790300
3421,22,27,16669,471,982860,1793600
3422,19,27,16650,463,982887,1812500
3423,15,26,16635,452,982913,1779900
3424,21,16,16614,457,982929,1718100
3425,20,26,16594,451,982955,1800100
3426,16,17,16578,450,982972,1786800
3427,28,28,16550,450,983000,1751300
3428,14,19,16536,445,983019,2017400
3429,21,26,16515,440,983045,1720700
3430,23,24,16492,439,983069,1759100
3431,21,22,16471,438,983091,1877100
3432,22,26,16449,434,983117,1857800
3433,11,18,16438,427,983135,1768400
3434,24,12,16414,439,983147,1893600
3435,28,13,16386,454,983160,1746200
3436,20,22,16366,452,983182,1758900
3437,19,22,16347,449,983204,1690900
3438,23,22,16324,450,983226,1880300
3439,25,22,16299,453,983248,1744800
3440,19,23,16280,449,983271,1850000
3441,15,25,16265,439,983296,1785300
3442,16,24,16249,431,983320,1952300
3443,23,15,16226,439,983335,1760000
3444,24,28,16202,435,983363,1768300
3445,17,31,16185,421,983394,1871500
3446,17,20,16168,418,983414,1787600
3447,16,26,16152,408,983440,1726500
3448,15,17,16137,406,983457,1701200
3449,16,23,16121,399,983480,1762100
3450,20,26,16101,393,983506,1831900
3451,13,21,16088,385,983527,1865400
3452,16,19,16072,382,983546,1753700
3453,13,21,16059,374,983567,1730100
3454,17,21,16042,370,983588,1727000
3455,15,19,16027,366,983607,1752000
3456,17,19,16010,364,983626,1977800
3457,15,16,15995,363,983642,1716700
3458,12,22,15983,353,983664,1659100
3459,10,21,15973,342,983685,1760000
3460,14,17,15959,339,983702,1650800
3461,13,10,15946,342,983712,1724700
3462,9,11,15937,340,983723,1687600
3463,11,19,15926,332,983742,1704400
3464,6,21,15920,317,983763,1701200
3465,8,15,15912,310,983778,1726600
3466,9,25,15903,294,983803,1785900
3467,13,12,15890,295,983815,1678900
3468,9,13,15881,291,983828,1762800
3469,13,14,15868,290,983842,1799200
3470,10,13,15858,287,983855,1676900
3471,16,21,15842,282,983876,1704300
3472,12,18,15830,276,983894,1724900
3473,13,11,15817,278,983905,1733700
3474,9,7,15808,280,983912,1752700
3475,8,15,15800,273,983927,1690100
3476,12,13,15788,272,983940,1700900
3477,12,13,15776,271,983953,1754700
3478,7,13,15769,265,983966,1709500
3479,6,13,15763,258,983979,1772000
3480,15,8,15748,265,983987,2001600
3481,11,13,15737,263,984000,1772500
3482,11,18,15726,256,984018,1696500
3483,6,15,15720,247,984033,1682100
3484,11,11,15709,247,984044,2076000
3485,6,16,15703,237,984060,1729900
3486,9,19,15694,227,984079,1881900
3487,5,12,15689,220,984091,1706900
3488,14,15,15675,219,984106,1766300
3489,8,11,15667,216,984117,1942100
3490,5,9,15662,212,984126,1723200
3491,9,15,15653,206,984141,1735700
3492,4,8,15649,202,984149,1701000
3493,5,8,15644,199,984157,1711600
3494,7,10,15637,196,984167,1776300
3495,4,10,15633,190,984177,1824200
3496,7,11,15626,186,984188,1800700
3497,7,10,15619,183,984198,1870300
3498,7,9,15612,181,984207,1763400
3499,4,16,15608,169,984223,2052400
3500,3,9,15605,163,984232,2002300
3501,5,7,15600,161,984239,1801500
3502,6,4,15594,163,984243,1775500
3503,3,5,15591,161,984248,2157200
3504,3,13,15588,151,984261,1802600
3505,2,6,15586,147,984267,1819200
3506,4,5,15582,146,984272,1764500
3507,4,6,15578,144,984278,2050700
3508,4,9,15574,139,984287,1999900
3509,3,6,15571,136,984293,1894600
3510,2,8,15569,130,984301,1836900
3511,2,9,15567,123,984310,1840100
3512,5,3,15562,125,984313,1848900
3513,2,8,15560,119,984321,1783100
3514,6,6,15554,119,984327,1932500
3515,2,6,15552,115,984333,1921600
3516,3,6,15549,112,984339,1729000
3517,5,6,15544,111,984345,2059200
3518,2,5,15542,108,984350,1782100
3519,7,6,15535,109,984356,1794600
3520,2,10,15533,101,984366,1774000
3521,3,11,15530,93,984377,1793100
3522,2,5,15528,90,984382,1885500
3523,2,8,15526,84,984390,1862100
3524,4,6,15522,82,984396,1988800
3525,3,4,15519,81,984400,1825400
3526,4,6,15515,79,984406,1755500
3527,5,5,15510,79,984411,1913200
3528,7,4,15503,82,984415,1942300
3529,5,4,15498,83,984419,1766500
3530,3,3,15495,83,984422,1854900
3531,8,4,15487,87,984426,2255800
3532,6,3,15481,90,984429,2192500
3533,4,6,15477,88,984435,1856500
3534,3,9,15474,82,984444,1868300
3535,4,2,15470,84,984446,2195200
3536,6,5,15464,85,984451,1912200
3537,6,5,15458,86,984456,1767700
3538,4,4,15454,86,984460,1901700
3539,4,2,15450,88,984462,1836300
3540,4,3,15446,89,984465,1829300
3541,1,2,15445,88,984467,1827900
3542,2,2,15443,88,984469,1789200
3543,2,2,15441,88,984471,1773600
3544,0,6,15441,82,984477,1900000
3545,4,6,15437,80,984483,1800700
3546,3,4,15434,79,984487,1813000
3547,2,1,15432,80,984488,1835100
3548,1,3,15431,78,984491,1903000
3549,2,3,15429,77,984494,1941000
3550,3,5,15426,75,984499,4553000
3551,1,5,15425,71,984504,6242600
3552,0,4,15425,67,984508,2042700
3553,0,5,15425,62,984513,1827900
3554,1,5,15424,58,984518,1892000
3555,0,3,15424,55,984521,7314700
3556,0,2,15424,53,984523,2698100
3557,0,2,15424,51,984525,2043800
3558,1,0,15423,52,984525,1930300
3559,2,3,15421,51,984528,1907900
3560,2,0,15419,53,984528,2183300
3561,0,3,15419,50,984531,2222200
3562,1,1,15418,50,984532,2610100
3563,1,3,15417,48,984535,2317500
3564,0,4,15417,44,984539,2122800
3565,0,3,15417,41,984542,2119100
3566,1,2,15416,40,984544,1918600
3567,0,4,15416,36,984548,1813800
3568,1,2,15415,35,984550,1772000
3569,0,2,15415,33,984552,1772500
3570,0,2,15415,31,984554,1736700
3571,0,1,15415,30,984555,1967900
3572,0,0,15415,30,984555,1839700
3573,0,5,15415,25,984560,1843400
3574,0,0,15415,25,984560,1820200
3575,0,1,15415,24,984561,1755900
3576,0,2,15415,22,984563,1737600
3577,0,2,15415,20,984565,1796600
3578,0,0,15415,20,984565,1756800
3579,2,1,15413,21,984566,1751000
3580,0,2,15413,19,984568,2013200
3581,1,1,15412,19,984569,1771400
3582,0,1,15412,18,984570,1725400
3583,0,2,15412,16,984572,1646700
3584,1,1,15411,16,984573,1729000
3585,0,1,15411,15,984574,1855300
3586,0,2,15411,13,984576,1621700
3587,0,0,15411,13,984576,1724600
3588,0,0,15411,13,984576,1711000
3589,0,1,15411,12,984577,1708800
3590,0,1,15411,11,984578,1853100
3591,0,0,15411,11,984578,1632700
3592,0,0,15411,11,984578,1712700
3593,0,0,15411,11,984578,1713300
3594,0,0,15411,11,984578,1717800
3595,1,0,15410,12,984578,1692600
3596,0,0,15410,12,984578,1718000
3597,0,1,15410,11,984579,1721700
3598,0,0,15410,11,984579,1670700
3599,0,1,15410,10,984580,1716900
3600,0,0,15410,10,984580,1707700
3601,0,0,15410,10,984580,1662400
3602,0,0,15410,10,984580,1716100
3603,0,4,15410,6,984584,1732700
3604,0,0,15410,6,984584,1634000
3605,0,1,15410,5,984585,1726600
3606,0,1,15410,4,984586,1713900
3607,0,0,15410,4,984586,1612100
3608,0,1,15410,3,984587,1731600
3609,0,0,15410,3,984587,1744900
3610,0,0,15410,3,984587,1992300
3611,0,0,15410,3,984587,1841500
3612,0,0,15410,3,984587,2004100
3613,0,0,15410,3,984587,1747700
3614,0,0,15410,3,984587,1726100
3615,0,0,15410,3,984587,1723600
3616,0,0,15410,3,984587,1869700
3617,0,0,15410,3,984587,1767000
3618,0,0,15410,3,984587,2332700
3619,0,0,15410,3,984587,1903800
3620,0,0,15410,3,984587,1770400
3621,0,0,15410,3,984587,1754200
3622,0,1,15410,2,984588,1778600
3623,0,0,15410,2,984588,1688900
3624,0,1,15410,1,984589,1678000
3625,0,0,15410,1,984589,1935700
3626,0,1,15410,0,984590,1723500
