Tick,NewlyInfected,NewlyRecovered,TotalSusceptible,TotalInfected,TotalRecovered,StepTimeNanos
0,3,0,999992,8,0,2557200
1,2,0,999990,10,0,2148600
2,1,1,999989,10,1,2054400
3,2,0,999987,12,1,1909300
4,3,0,999984,15,1,2004000
5,2,2,999982,15,3,1823900
6,2,0,999980,17,3,1821000
7,3,1,999977,19,4,1804000
8,5,2,999972,22,6,1838400
9,7,0,999965,29,6,2692400
10,9,1,999956,37,7,1902300
11,5,2,999951,40,9,1878300
12,4,0,999947,44,9,1868500
13,6,2,999941,48,11,2120100
14,9,2,999932,55,13,1830100
15,9,4,999923,60,17,1793300
16,13,4,999910,69,21,1909700
17,10,2,999900,77,23,1769300
18,14,2,999886,89,25,1918100
19,15,5,999871,99,30,1731700
20,13,7,999858,105,37,1748600
21,12,5,999846,112,42,1911700
22,11,6,999835,117,48,1849400
23,16,6,999819,127,54,1801200
24,17,7,999802,137,61,1802200
25,9,8,999793,138,69,2027400
26,17,10,999776,145,79,1957800
27,16,7,999760,154,86,1735700
28,17,6,999743,165,92,1931500
29,14,8,999729,171,100,1741500
30,16,10,999713,177,110,1740700
31,26,17,999687,186,127,1884000
32,22,11,999665,197,138,2067800
33,19,8,999646,208,146,1967400
34,23,12,999623,219,158,1870900
35,22,11,999601,230,169,1782400
36,21,7,999580,244,176,1770300
37,22,10,999558,256,186,1740700
38,23,14,999535,265,200,1959400
39,24,11,999511,278,211,1752200
40,28,16,999483,290,227,1963600
41,22,19,999461,293,246,1761000
42,20,19,999441,294,265,1746700
43,32,20,999409,306,285,1718100
44,27,13,999382,320,298,1712800
45,34,14,999348,340,312,1938700
46,23,20,999325,343,332,1872700
47,31,14,999294,360,346,1803500
48,30,18,999264,372,364,1727500
49,27,27,999237,372,391,1751600
50,24,18,999213,378,409,1701200
51,29,19,999184,388,428,1772500
52,30,9,999154,409,437,1720200
53,23,21,999131,411,458,1790700
54,55,11,999076,455,469,1725300
55,42,25,999034,472,494,1892400
56,38,28,998996,482,522,1687100
57,36,26,998960,492,548,2039800
58,37,18,998923,511,566,1745600
59,34,23,998889,522,589,1817400
60,37,27,998852,532,616,1731700
61,38,28,998814,542,644,1699100
62,37,27,998777,552,671,1669300
63,43,22,998734,573,693,1733500
64,37,25,998697,585,718,1995500
65,43,31,998654,597,749,1752800
66,31,46,998623,582,795,1715500
67,46,31,998577,597,826,1671800
68,34,27,998543,604,853,1711100
69,47,30,998496,621,883,1746400
70,50,41,998446,630,924,1691700
71,48,29,998398,649,953,1642100
72,45,30,998353,664,983,1687400
73,57,36,998296,685,1019,1868900
74,46,36,998250,695,1055,2033400
75,59,29,998191,725,1084,1774600
76,53,31,998138,747,1115,1747500
77,59,34,998079,772,1149,1727700
78,57,44,998022,785,1193,1743400
79,60,33,997962,812,1226,1765500
80,60,36,997902,836,1262,1730500
81,62,41,997840,857,1303,1657500
82,63,37,997777,883,1340,1738300
83,61,50,997716,894,1390,1770000
84,45,39,997671,900,1429,1749000
85,66,52,997605,914,1481,1875400
86,62,51,997543,925,1532,1880900
87,62,40,997481,947,1572,1708500
88,60,41,997421,966,1613,1677300
89,60,50,997361,976,1663,1721100
90,59,46,997302,989,1709,1650400
91,66,44,997236,1011,1753,1703200
92,60,60,997176,1011,1813,1677600
93,75,53,997101,1033,1866,1712500
94,75,52,997026,1056,1918,1754600
95,77,53,996949,1080,1971,1718200
96,59,65,996890,1074,2036,1738800
97,66,51,996824,1089,2087,1768400
98,69,57,996755,1101,2144,1829000
99,72,55,996683,1118,2199,1815700
100,65,41,996618,1142,2240,1765000
101,65,60,996553,1147,2300,1733600
102,81,53,996472,1175,2353,1726100
103,85,58,996387,1202,2411,1695700
104,77,65,996310,1214,2476,1777200
105,84,58,996226,1240,2534,1733100
106,69,60,996157,1249,2594,1664600
107,83,62,996074,1270,2656,1772200
108,93,60,995981,1303,2716,1821600
109,83,63,995898,1323,2779,1854200
110,77,60,995821,1340,2839,1894400
111,85,53,995736,1372,2892,1855800
112,69,73,995667,1368,2965,1851900
113,86,64,995581,1390,3029,1853700
114,95,62,995486,1423,3091,1758700
115,70,75,995416,1418,3166,1820500
116,96,75,995320,1439,3241,1932300
117,88,69,995232,1458,3310,1852400
118,94,76,995138,1476,3386,1847100
119,94,76,995044,1494,3462,1897100
120,79,71,994965,1502,3533,1822900
121,81,68,994884,1515,3601,1817300
122,84,81,994800,1518,3682,1915800
123,87,99,994713,1506,3781,1862300
124,77,86,994636,1497,3867,1838200
125,88,57,994548,1528,3924,1891000
126,81,76,994467,1533,4000,1823300
127,101,85,994366,1549,4085,1850000
128,106,88,994260,1567,4173,1839100
129,97,63,994163,1601,4236,1736700
130,115,80,994048,1636,4316,1813600
131,87,60,993961,1663,4376,1879000
132,93,85,993868,1671,4461,1841900
133,112,80,993756,1703,4541,1836100
134,107,91,993649,1719,4632,1823800
135,106,101,993543,1724,4733,1811100
136,101,102,993442,1723,4835,1771200
137,117,88,993325,1752,4923,1871400
138,108,98,993217,1762,5021,1942400
139,98,82,993119,1778,5103,2058100
140,104,92,993015,1790,5195,1823200
141,103,103,992912,1790,5298,2023100
142,107,96,992805,1801,5394,1962400
143,112,104,992693,1809,5498,1859100
144,116,77,992577,1848,5575,1813300
145,100,103,992477,1845,5678,1873700
146,103,83,992374,1865,5761,1826700
147,120,96,992254,1889,5857,1824700
148,93,92,992161,1890,5949,1792100
149,98,95,992063,1893,6044,1759600
150,113,92,991950,1914,6136,1724100
151,112,113,991838,1913,6249,1773400
152,108,91,991730,1930,6340,1747000
153,109,90,991621,1949,6430,1762600
154,117,90,991504,1976,6520,1849700
155,116,108,991388,1984,6628,1799900
156,103,117,991285,1970,6745,1725900
157,121,101,991164,1990,6846,1850500
158,125,102,991039,2013,6948,1711100
159,136,100,990903,2049,7048,1792900
160,107,115,990796,2041,7163,1776600
161,139,93,990657,2087,7256,1898400
162,120,111,990537,2096,7367,1714700
163,132,105,990405,2123,7472,1761000
164,129,96,990276,2156,7568,1733800
165,144,101,990132,2199,7669,1738300
166,118,102,990014,2215,7771,1728800
167,139,116,989875,2238,7887,1721000
168,126,117,989749,2247,8004,1824800
169,145,110,989604,2282,8114,1725000
170,113,123,989491,2272,8237,1690900
171,141,94,989350,2319,8331,1851600
172,148,137,989202,2330,8468,1776800
173,134,127,989068,2337,8595,1792800
174,149,121,988919,2365,8716,1765400
175,149,128,988770,2386,8844,1750000
176,139,118,988631,2407,8962,1744300
177,130,125,988501,2412,9087,1749400
178,124,126,988377,2410,9213,1772100
179,126,140,988251,2396,9353,1724400
180,146,135,988105,2407,9488,1772000
181,149,126,987956,2430,9614,1745400
182,115,133,987841,2412,9747,1740300
183,143,108,987698,2447,9855,1686200
184,136,111,987562,2472,9966,1767500
185,129,124,987433,2477,10090,1876000
186,123,107,987310,2493,10197,1777000
187,145,122,987165,2516,10319,1771100
188,155,116,987010,2555,10435,1752200
189,140,102,986870,2593,10537,1766100
190,161,114,986709,2640,10651,1702400
191,160,125,986549,2675,10776,1753700
192,154,128,986395,2701,10904,1752700
193,155,134,986240,2722,11038,1779000
194,147,171,986093,2698,11209,2158900
195,147,140,985946,2705,11349,1934700
196,159,131,985787,2733,11480,1814000
197,156,132,985631,2757,11612,1720800
198,148,133,985483,2772,11745,1634700
199,142,146,985341,2768,11891,1774200
200,190,158,985151,2800,12049,1711300
201,154,162,984997,2792,12211,1736200
202,164,149,984833,2807,12360,1668300
203,160,134,984673,2833,12494,1765600
204,150,149,984523,2834,12643,1774800
205,153,141,984370,2846,12784,1713900
206,172,139,984198,2879,12923,1675600
207,161,147,984037,2893,13070,1881200
208,139,121,983898,2911,13191,1694900
209,129,122,983769,2918,13313,1898500
210,136,145,983633,2909,13458,1683600
211,146,144,983487,2911,13602,1777900
212,151,152,983336,2910,13754,1730300
213,145,155,983191,2900,13909,1666600
214,152,141,983039,2911,14050,1636400
215,152,124,982887,2939,14174,2729200
216,144,149,982743,2934,14323,2051500
217,137,153,982606,2918,14476,1723100
218,156,132,982450,2942,14608,1721800
219,134,165,982316,2911,14773,1768900
220,146,147,982170,2910,14920,1734900
221,142,154,982028,2898,15074,1798100
222,157,150,981871,2905,15224,1789500
223,166,157,981705,2914,15381,1745600
224,166,144,981539,2936,15525,1898300
225,167,152,981372,2951,15677,1773400
226,159,161,981213,2949,15838,1716100
227,158,137,981055,2970,15975,1726200
228,156,151,980899,2975,16126,1743400
229,169,148,980730,2996,16274,1764100
230,185,167,980545,3014,16441,1778500
231,159,143,980386,3030,16584,1758500
232,163,163,980223,3030,16747,1759300
233,157,160,980066,3027,16907,1797200
234,171,147,979895,3051,17054,1733600
235,158,149,979737,3060,17203,1746900
236,180,149,979557,3091,17352,1753000
237,186,153,979371,3124,17505,1793100
238,160,168,979211,3116,17673,1821200
239,158,161,979053,3113,17834,1805100
240,169,156,978884,3126,17990,1800800
241,168,162,978716,3132,18152,1920400
242,178,164,978538,3146,18316,1937000
243,155,190,978383,3111,18506,1793400
244,157,141,978226,3127,18647,1791500
245,164,154,978062,3137,18801,1700900
246,162,162,977900,3137,18963,1625300
247,165,177,977735,3125,19140,1848700
248,172,157,977563,3140,19297,1698900
249,164,143,977399,3161,19440,1644500
250,162,151,977237,3172,19591,1676800
251,170,151,977067,3191,19742,1757700
252,161,161,976906,3191,19903,1659100
253,168,165,976738,3194,20068,1666600
254,159,150,976579,3203,20218,1768300
255,207,159,976372,3251,20377,1704800
256,176,186,976196,3241,20563,1676900
257,177,161,976019,3257,20724,1735800
258,176,165,975843,3268,20889,1769400
259,172,165,975671,3275,21054,1697700
260,176,177,975495,3274,21231,1695200
261,189,164,975306,3299,21395,1812100
262,188,157,975118,3330,21552,1690900
263,198,163,974920,3365,21715,1647600
264,177,186,974743,3356,21901,1752100
265,169,182,974574,3343,22083,1904400
266,168,175,974406,3336,22258,1744200
267,163,159,974243,3340,22417,1733900
268,149,174,974094,3315,22591,1693700
269,187,154,973907,3348,22745,1691700
270,141,147,973766,3342,22892,1922900
271,181,166,973585,3357,23058,1740900
272,167,168,973418,3356,23226,1692300
273,200,168,973218,3388,23394,1665400
274,202,206,973016,3384,23600,1735400
275,177,178,972839,3383,23778,1679300
276,193,185,972646,3391,23963,1638600
277,186,160,972460,3417,24123,1675100
278,197,158,972263,3456,24281,1663700
279,180,182,972083,3454,24463,1642100
280,195,198,971888,3451,24661,1742500
281,165,184,971723,3432,24845,1632100
282,195,199,971528,3428,25044,1693400
283,180,164,971348,3444,25208,1769300
284,203,177,971145,3470,25385,1658500
285,173,157,970972,3486,25542,1672400
286,190,180,970782,3496,25722,1771200
287,182,180,970600,3498,25902,1730900
288,205,190,970395,3513,26092,1681900
289,155,182,970240,3486,26274,1672100
290,165,178,970075,3473,26452,1765000
291,200,155,969875,3518,26607,1702900
292,171,151,969704,3538,26758,1708400
293,167,179,969537,3526,26937,1689000
294,203,178,969334,3551,27115,1728300
295,187,177,969147,3561,27292,1642800
296,180,166,968967,3575,27458,1671800
297,193,189,968774,3579,27647,1746200
298,179,177,968595,3581,27824,1648800
299,195,179,968400,3597,28003,1676200
300,193,176,968207,3614,28179,1781800
301,211,181,967996,3644,28360,1659400
302,213,182,967783,3675,28542,1676600
303,205,167,967578,3713,28709,2176000
304,187,171,967391,3729,28880,1997100
305,198,196,967193,3731,29076,1872000
306,209,197,966984,3743,29273,1796900
307,207,211,966777,3739,29484,1784700
308,212,188,966565,3763,29672,1675600
309,200,180,966365,3783,29852,1648900
310,204,197,966161,3790,30049,1675300
311,207,164,965954,3833,30213,1679100
312,204,174,965750,3863,30387,1649800
313,201,194,965549,3870,30581,1782100
314,206,177,965343,3899,30758,1721700
315,205,157,965138,3947,30915,1682700
316,219,190,964919,3976,31105,1679600
317,228,220,964691,3984,31325,1806700
318,218,184,964473,4018,31509,1709400
319,199,205,964274,4012,31714,1758800
320,225,233,964049,4004,31947,1760600
321,232,196,963817,4040,32143,1792700
322,234,212,963583,4062,32355,1761400
323,201,192,963382,4071,32547,1772500
324,224,188,963158,4107,32735,1774000
325,227,192,962931,4142,32927,1787000
326,236,222,962695,4156,33149,1995200
327,212,205,962483,4163,33354,1808400
328,225,193,962258,4195,33547,1787900
329,212,207,962046,4200,33754,1756600
330,242,204,961804,4238,33958,1809900
331,231,191,961573,4278,34149,1793700
332,233,213,961340,4298,34362,1930300
333,248,213,961092,4333,34575,1816400
334,221,223,960871,4331,34798,1700800
335,230,234,960641,4327,35032,1728200
336,201,242,960440,4286,35274,1798300
337,217,228,960223,4275,35502,1838600
338,214,206,960009,4283,35708,1829300
339,224,221,959785,4286,35929,1878700
340,226,216,959559,4296,36145,2002200
341,206,201,959353,4301,36346,1963900
342,238,236,959115,4303,36582,1779500
343,232,223,958883,4312,36805,1764600
344,258,216,958625,4354,37021,1843600
345,210,216,958415,4348,37237,1888500
346,196,229,958219,4315,37466,1816700
347,216,189,958003,4342,37655,1796000
348,215,243,957788,4314,37898,1789500
349,216,226,957572,4304,38124,1765700
350,231,207,957341,4328,38331,1756900
351,253,213,957088,4368,38544,1812900
352,204,194,956884,4378,38738,1850700
353,206,234,956678,4350,38972,1860500
354,232,212,956446,4370,39184,1848600
355,221,259,956225,4332,39443,1811200
356,219,207,956006,4344,39650,1786500
357,227,195,955779,4376,39845,1640400
358,231,214,955548,4393,40059,1680300
359,233,206,955315,4420,40265,1834100
360,222,230,955093,4412,40495,1738300
361,248,200,954845,4460,40695,1685900
362,237,201,954608,4496,40896,1708800
363,215,257,954393,4454,41153,1800900
364,225,225,954168,4454,41378,1726800
365,250,221,953918,4483,41599,1722800
366,206,232,953712,4457,41831,1750300
367,250,208,953462,4499,42039,1853000
368,236,224,953226,4511,42263,1701800
369,238,215,952988,4534,42478,1688600
370,235,214,952753,4555,42692,1769000
371,252,235,952501,4572,42927,1966000
372,208,240,952293,4540,43167,1931600
373,222,232,952071,4530,43399,1909600
374,259,247,951812,4542,43646,1729900
375,247,228,951565,4561,43874,1685500
376,229,223,951336,4567,44097,1682100
377,236,228,951100,4575,44325,1783600
378,245,222,950855,4598,44547,1685200
379,248,240,950607,4606,44787,1899000
380,233,217,950374,4622,45004,1711300
381,225,250,950149,4597,45254,1816100
382,244,222,949905,4619,45476,1754700
383,251,233,949654,4637,45709,1697800
384,240,234,949414,4643,45943,1671700
385,274,249,949140,4668,46192,1676100
386,242,225,948898,4685,46417,1685700
387,245,229,948653,4701,46646,1644200
388,267,247,948386,4721,46893,1827300
389,251,232,948135,4740,47125,1695600
390,270,244,947865,4766,47369,1656000
391,261,258,947604,4769,47627,1886900
392,260,277,947344,4752,47904,1815600
393,247,201,947097,4798,48105,1776700
394,241,217,946856,4822,48322,1691000
395,240,218,946616,4844,48540,1724000
396,264,233,946352,4875,48773,1798000
397,253,253,946099,4875,49026,2080500
398,267,233,945832,4909,49259,1823700
399,264,211,945568,4962,49470,1734600
400,273,255,945295,4980,49725,1706800
401,273,247,945022,5006,49972,1678300
402,270,282,944752,4994,50254,1744600
403,301,246,944451,5049,50500,1895900
404,287,271,944164,5065,50771,1682300
405,243,249,943921,5059,51020,1764000
406,257,273,943664,5043,51293,2037200
407,244,270,943420,5017,51563,1821000
408,270,256,943150,5031,51819,1799400
409,255,251,942895,5035,52070,1685800
410,251,233,942644,5053,52303,1709000
411,272,253,942372,5072,52556,1797100
412,259,257,942113,5074,52813,1782600
413,232,279,941881,5027,53092,1697900
414,273,233,941608,5067,53325,1763400
415,218,253,941390,5032,53578,1908700
416,249,256,941141,5025,53834,1807500
417,260,234,940881,5051,54068,1947000
418,279,254,940602,5076,54322,1824300
419,251,229,940351,5098,54551,1884200
420,269,254,940082,5113,54805,1988400
421,244,255,939838,5102,55060,1881100
422,242,258,939596,5086,55318,1855900
423,268,259,939328,5095,55577,1881300
424,263,239,939065,5119,55816,1899800
425,246,271,938819,5094,56087,1888200
426,262,257,938557,5099,56344,1977800
427,247,246,938310,5100,56590,2028000
428,274,267,938036,5107,56857,2006200
429,278,264,937758,5121,57121,1921800
430,265,276,937493,5110,57397,1865900
431,273,266,937220,5117,57663,1849100
432,279,259,936941,5137,57922,1880500
433,264,267,936677,5134,58189,1859500
434,286,243,936391,5177,58432,1834100
435,264,246,936127,5195,58678,1847900
436,256,269,935871,5182,58947,1795600
437,269,247,935602,5204,59194,2318500
438,278,236,935324,5246,59430,1842300
439,305,293,935019,5258,59723,1835300
440,260,276,934759,5242,59999,1840900
441,248,256,934511,5234,60255,1746800
442,261,253,934250,5242,60508,1730200
443,260,261,933990,5241,60769,1724000
444,269,251,933721,5259,61020,1882000
445,269,304,933452,5224,61324,1804000
446,251,267,933201,5208,61591,1792900
447,251,262,932950,5197,61853,2035000
448,242,265,932708,5174,62118,1843000
449,258,270,932450,5162,62388,1725000
450,245,225,932205,5182,62613,1827800
451,280,267,931925,5195,62880,1755700
452,291,285,931634,5201,63165,1866600
453,251,258,931383,5194,63423,1820700
454,252,265,931131,5181,63688,1772300
455,262,246,930869,5197,63934,1700700
456,274,246,930595,5225,64180,1753400
457,274,259,930321,5240,64439,1734700
458,275,252,930046,5263,64691,1664000
459,279,260,929767,5282,64951,1792200
460,272,278,929495,5276,65229,1898400
461,290,257,929205,5309,65486,1680400
462,229,212,928976,5326,65698,1833400
463,302,250,928674,5378,65948,1833000
464,267,256,928407,5389,66204,1773300
465,296,284,928111,5401,66488,1785300
466,303,260,927808,5444,66748,1818900
467,260,276,927548,5428,67024,1797000
468,281,268,927267,5441,67292,1803400
469,295,279,926972,5457,67571,1999900
470,266,279,926706,5444,67850,2104000
471,276,264,926430,5456,68114,1894900
472,280,245,926150,5491,68359,1719600
473,243,256,925907,5478,68615,1787000
474,289,289,925618,5478,68904,1767400
475,235,276,925383,5437,69180,1709700
476,269,292,925114,5414,69472,1823700
477,287,241,924827,5460,69713,1896600
478,264,293,924563,5431,70006,1827800
479,280,289,924283,5422,70295,1692500
480,274,272,924009,5424,70567,1718700
481,292,278,923717,5438,70845,1887300
482,242,271,923475,5409,71116,1832100
483,278,252,923197,5435,71368,1790400
484,279,271,922918,5443,71639,1770000
485,253,267,922665,5429,71906,1798900
486,269,283,922396,5415,72189,1770800
487,281,271,922115,5425,72460,1791200
488,272,244,921843,5453,72704,1778800
489,240,274,921603,5419,72978,1991600
490,279,276,921324,5422,73254,1822000
491,268,285,921056,5405,73539,1945500
492,298,284,920758,5419,73823,1820400
493,272,275,920486,5416,74098,1832300
494,303,289,920183,5430,74387,1882700
495,306,266,919877,5470,74653,1772100
496,286,283,919591,5473,74936,1785700
497,284,303,919307,5454,75239,1714000
498,271,255,919036,5470,75494,1788100
499,275,273,918761,5472,75767,1846300
500,276,253,918485,5495,76020,1781500
501,294,274,918191,5515,76294,1791600
502,299,291,917892,5523,76585,1776100
503,291,268,917601,5546,76853,1808500
504,310,292,917291,5564,77145,1845900
505,293,282,916998,5575,77427,1774600
506,294,281,916704,5588,77708,1818500
507,290,252,916414,5626,77960,1767700
508,286,304,916128,5608,78264,1806400
509,305,320,915823,5593,78584,1807300
510,299,316,915524,5576,78900,1897700
511,283,285,915241,5574,79185,1752400
512,260,301,914981,5533,79486,1763100
513,308,287,914673,5554,79773,1779700
514,296,283,914377,5567,80056,1772800
515,283,277,914094,5573,80333,2404800
516,278,242,913816,5609,80575,2108700
517,275,301,913541,5583,80876,1826800
518,310,270,913231,5623,81146,1824000
519,300,269,912931,5654,81415,1891800
520,305,287,912626,5672,81702,1898600
521,281,253,912345,5700,81955,1766400
522,277,282,912068,5695,82237,1743800
523,280,293,911788,5682,82530,1816300
524,263,284,911525,5661,82814,1827800
525,296,269,911229,5688,83083,1964900
526,274,301,910955,5661,83384,1797400
527,312,273,910643,5700,83657,1788100
528,313,287,910330,5726,83944,1892500
529,304,287,910026,5743,84231,1784400
530,322,297,909704,5768,84528,1795100
531,283,265,909421,5786,84793,1819300
532,288,279,909133,5795,85072,1823300
533,275,301,908858,5769,85373,1823200
534,312,314,908546,5767,85687,1813900
535,324,295,908222,5796,85982,1755300
536,314,312,907908,5798,86294,1895200
537,299,283,907609,5814,86577,1819500
538,271,273,907338,5812,86850,1819000
539,294,264,907044,5842,87114,1702600
540,295,292,906749,5845,87406,1817100
541,295,272,906454,5868,87678,1821300
542,279,271,906175,5876,87949,1828800
543,302,293,905873,5885,88242,1741000
544,305,291,905568,5899,88533,1707200
545,329,292,905239,5936,88825,1752400
546,306,290,904933,5952,89115,1883700
547,309,278,904624,5983,89393,1817500
548,315,308,904309,5990,89701,1805500
549,299,283,904010,6006,89984,1822500
550,317,303,903693,6020,90287,1808400
551,330,292,903363,6058,90579,1756400
552,317,310,903046,6065,90889,1933100
553,300,316,902746,6049,91205,1818800
554,342,289,902404,6102,91494,1751900
555,303,313,902101,6092,91807,1829300
556,284,286,901817,6090,92093,1776800
557,300,306,901517,6084,92399,1848500
558,332,328,901185,6088,92727,1967800
559,329,311,900856,6106,93038,1890900
560,311,331,900545,6086,93369,1851900
561,298,330,900247,6054,93699,1740900
562,325,284,899922,6095,93983,2214700
563,311,303,899611,6103,94286,1839600
564,306,332,899305,6077,94618,1818500
565,341,320,898964,6098,94938,1930800
566,301,316,898663,6083,95254,1877000
567,320,324,898343,6079,95578,1740800
568,295,288,898048,6086,95866,1774100
569,306,293,897742,6099,96159,1740600
570,305,294,897437,6110,96453,1814200
571,298,312,897139,6096,96765,1858300
572,288,292,896851,6092,97057,1817400
573,311,320,896540,6083,97377,1801400
574,313,306,896227,6090,97683,1770800
575,332,270,895895,6152,97953,1809700
576,324,295,895571,6181,98248,1815200
577,331,310,895240,6202,98558,1817300
578,319,332,894921,6189,98890,2076700
579,353,299,894568,6243,99189,1833100
580,322,287,894246,6278,99476,1906300
581,367,321,893879,6324,99797,1742500
582,332,311,893547,6345,100108,1802200
583,321,320,893226,6346,100428,1751700
584,352,305,892874,6393,100733,1846900
585,369,322,892505,6440,101055,1909400
586,327,332,892178,6435,101387,1833000
587,345,343,891833,6437,101730,1815800
588,323,327,891510,6433,102057,1763600
589,350,333,891160,6450,102390,1861300
590,328,324,890832,6454,102714,1926200
591,298,333,890534,6419,103047,1908800
592,312,311,890222,6420,103358,1814600
593,306,329,889916,6397,103687,1771600
594,319,312,889597,6404,103999,1843200
595,314,321,889283,6397,104320,1852100
596,327,294,888956,6430,104614,1874900
597,309,335,888647,6404,104949,1750300
598,333,317,888314,6420,105266,1959100
599,297,295,888017,6422,105561,1835500
600,316,292,887701,6446,105853,1831000
601,320,281,887381,6485,106134,1879300
602,352,321,887029,6516,106455,1900800
603,311,334,886718,6493,106789,1824700
604,345,337,886373,6501,107126,1811900
605,323,292,886050,6532,107418,2080300
606,321,319,885729,6534,107737,2024900
607,332,353,885397,6513,108090,1836900
608,297,331,885100,6479,108421,1890600
609,324,333,884776,6470,108754,1783900
610,318,322,884458,6466,109076,1732300
611,345,338,884113,6473,109414,1794600
612,314,332,883799,6455,109746,1851900
613,333,296,883466,6492,110042,1787400
614,326,324,883140,6494,110366,1900600
615,285,348,882855,6431,110714,1796200
616,297,342,882558,6386,111056,1777200
617,313,335,882245,6364,111391,1773800
618,315,290,881930,6389,111681,1850200
619,321,317,881609,6393,111998,2001600
620,289,325,881320,6357,112323,1791800
621,321,310,880999,6368,112633,1798600
622,363,291,880636,6440,112924,1741700
623,344,312,880292,6472,113236,1804700
624,316,331,879976,6457,113567,1742700
625,349,327,879627,6479,113894,1770100
626,344,326,879283,6497,114220,1806000
627,335,328,878948,6504,114548,2017400
628,352,310,878596,6546,114858,1897300
629,335,315,878261,6566,115173,1862800
630,329,302,877932,6593,115475,1821600
631,330,340,877602,6583,115815,2046200
632,297,339,877305,6541,116154,1761700
633,355,316,876950,6580,116470,1844700
634,356,293,876594,6643,116763,1855800
635,327,328,876267,6642,117091,1788400
636,339,329,875928,6652,117420,1856400
637,373,323,875555,6702,117743,1986400
638,326,331,875229,6697,118074,1935000
639,338,335,874891,6700,118409,1965600
640,336,319,874555,6717,118728,1992300
641,345,323,874210,6739,119051,1890500
642,337,365,873873,6711,119416,2088200
643,391,325,873482,6777,119741,2130300
644,336,333,873146,6780,120074,2020200
645,334,348,872812,6766,120422,1901000
646,385,366,872427,6785,120788,1849600
647,329,316,872098,6798,121104,1726400
648,326,317,871772,6807,121421,1771200
649,339,343,871433,6803,121764,1787200
650,337,312,871096,6828,122076,1725900
651,367,360,870729,6835,122436,2077500
652,325,351,870404,6809,122787,1863800
653,338,360,870066,6787,123147,1830600
654,345,361,869721,6771,123508,1796500
655,366,331,869355,6806,123839,1727100
656,364,349,868991,6821,124188,1794200
657,352,324,868639,6849,124512,1824000
658,366,347,868273,6868,124859,1804200
659,360,325,867913,6903,125184,1804500
660,380,353,867533,6930,125537,1818800
661,373,353,867160,6950,125890,1800200
662,341,368,866819,6923,126258,1785400
663,363,372,866456,6914,126630,1844500
664,380,360,866076,6934,126990,1756200
665,348,360,865728,6922,127350,1788700
666,335,341,865393,6916,127691,1788600
667,347,351,865046,6912,128042,1808900
668,353,360,864693,6905,128402,2097000
669,381,351,864312,6935,128753,2153400
670,355,339,863957,6951,129092,1903700
671,365,350,863592,6966,129442,2080400
672,374,382,863218,6958,129824,1875100
673,390,353,862828,6995,130177,1917900
674,349,365,862479,6979,130542,1905000
675,357,312,862122,7024,130854,1807100
676,371,373,861751,7022,131227,2001700
677,390,350,861361,7062,131577,1805300
678,352,338,861009,7076,131915,1791600
679,353,348,860656,7081,132263,1778300
680,381,362,860275,7100,132625,1765100
681,353,352,859922,7101,132977,1832700
682,347,363,859575,7085,133340,1757100
683,387,352,859188,7120,133692,1741800
684,385,357,858803,7148,134049,1704800
685,370,355,858433,7163,134404,1828000
686,392,348,858041,7207,134752,1841800
687,380,350,857661,7237,135102,1881600
688,365,343,857296,7259,135445,1756900
689,396,334,856900,7321,135779,1719700
690,368,376,856532,7313,136155,1810700
691,388,382,856144,7319,136537,2012600
692,387,354,855757,7352,136891,1834700
693,392,387,855365,7357,137278,1963700
694,397,349,854968,7405,137627,1861600
695,370,377,854598,7398,138004,1843600
696,381,386,854217,7393,138390,2030900
697,388,335,853829,7446,138725,1886500
698,368,372,853461,7442,139097,1881600
699,373,370,853088,7445,139467,2040900
700,384,378,852704,7451,139845,1993200
701,379,381,852325,7449,140226,1919900
702,385,393,851940,7441,140619,2064300
703,401,368,851539,7474,140987,1858400
704,390,369,851149,7495,141356,2131200
705,363,366,850786,7492,141722,1944200
706,403,380,850383,7515,142102,1882400
707,410,368,849973,7557,142470,1849400
708,385,383,849588,7559,142853,1828800
709,375,398,849213,7536,143251,1750700
710,387,387,848826,7536,143638,1718400
711,380,370,848446,7546,144008,1658100
712,365,368,848081,7543,144376,1809500
713,382,419,847699,7506,144795,1701500
714,400,389,847299,7517,145184,1760900
715,379,391,846920,7505,145575,1815400
716,365,373,846555,7497,145948,1806400
717,361,371,846194,7487,146319,1912200
718,384,374,845810,7497,146693,1706700
719,374,359,845436,7512,147052,1742300
720,388,350,845048,7550,147402,1820500
721,399,380,844649,7569,147782,2264100
722,390,393,844259,7566,148175,2020500
723,366,357,843893,7575,148532,1830000
724,423,393,843470,7605,148925,1848500
725,400,386,843070,7619,149311,2011200
726,353,387,842717,7585,149698,1856200
727,400,369,842317,7616,150067,1792000
728,360,377,841957,7599,150444,1702200
729,351,410,841606,7540,150854,1724200
730,314,382,841292,7472,151236,1827400
731,384,375,840908,7481,151611,1811400
732,383,350,840525,7514,151961,1707600
733,356,376,840169,7494,152337,1722600
734,361,370,839808,7485,152707,1810800
735,371,351,839437,7505,153058,1856000
736,393,390,839044,7508,153448,1742200
737,351,354,838693,7505,153802,1713100
738,384,365,838309,7524,154167,1694100
739,383,341,837926,7566,154508,1837000
740,391,389,837535,7568,154897,1804700
741,416,414,837119,7570,155311,1766700
742,385,389,836734,7566,155700,1904600
743,360,376,836374,7550,156076,1765800
744,386,383,835988,7553,156459,1792700
745,400,389,835588,7564,156848,1949200
746,381,378,835207,7567,157226,1844700
747,377,351,834830,7593,157577,1813700
748,381,371,834449,7603,157948,1829100
749,384,405,834065,7582,158353,1856000
750,391,390,833674,7583,158743,1916100
751,389,360,833285,7612,159103,1838600
752,403,376,832882,7639,159479,2078500
753,413,390,832469,7662,159869,1909900
754,431,421,832038,7672,160290,1840200
755,398,372,831640,7698,160662,1780400
756,359,376,831281,7681,161038,1721600
757,391,392,830890,7680,161430,1664600
758,399,395,830491,7684,161825,1821900
759,394,387,830097,7691,162212,1752900
760,410,373,829687,7728,162585,1708700
761,441,360,829246,7809,162945,1720300
762,406,403,828840,7812,163348,1823700
763,390,369,828450,7833,163717,2127200
764,402,415,828048,7820,164132,1895200
765,410,407,827638,7823,164539,1878700
766,395,397,827243,7821,164936,1793500
767,398,361,826845,7858,165297,1784900
768,416,377,826429,7897,165674,1807800
769,399,395,826030,7901,166069,1791300
770,428,412,825602,7917,166481,1854600
771,383,378,825219,7922,166859,1792900
772,394,426,824825,7890,167285,1792000
773,404,396,824421,7898,167681,1780100
774,392,369,824029,7921,168050,1837100
775,464,407,823565,7978,168457,1861600
776,448,379,823117,8047,168836,1852600
777,413,436,822704,8024,169272,1834200
778,429,423,822275,8030,169695,1846800
779,410,425,821865,8015,170120,1843400
780,386,396,821479,8005,170516,1872400
781,390,386,821089,8009,170902,2081300
782,388,369,820701,8028,171271,1899600
783,371,453,820330,7946,171724,1826800
784,416,391,819914,7971,172115,1863400
785,428,430,819486,7969,172545,1818800
786,400,397,819086,7972,172942,1796800
787,399,394,818687,7977,173336,1789500
788,403,378,818284,8002,173714,1793600
789,394,386,817890,8010,174100,1882100
790,412,430,817478,7992,174530,1824200
791,383,437,817095,7938,174967,1769400
792,387,379,816708,7946,175346,1707000
793,375,400,816333,7921,175746,2012800
794,400,381,815933,7940,176127,1944400
795,368,437,815565,7871,176564,2023700
796,406,379,815159,7898,176943,1845600
797,390,368,814769,7920,177311,1845400
798,392,381,814377,7931,177692,1909100
799,420,423,813957,7928,178115,1823900
800,413,457,813544,7884,178572,1741900
801,382,444,813162,7822,179016,1826600
802,393,391,812769,7824,179407,1749400
803,393,395,812376,7822,179802,1828200
804,357,350,812019,7829,180152,1793500
805,367,413,811652,7783,180565,1692700
806,379,431,811273,7731,180996,1737600
807,395,388,810878,7738,181384,1823900
808,387,392,810491,7733,181776,1801100
809,423,403,810068,7753,182179,1758400
810,368,398,809700,7723,182577,1728500
811,405,366,809295,7762,182943,1695800
812,381,378,808914,7765,183321,1811200
813,416,427,808498,7754,183748,1780600
814,398,409,808100,7743,184157,1742500
815,432,358,807668,7817,184515,1720700
816,402,382,807266,7837,184897,1829300
817,401,353,806865,7885,185250,1822100
818,400,398,806465,7887,185648,1768500
819,418,379,806047,7926,186027,1876000
820,419,379,805628,7966,186406,1737500
821,397,411,805231,7952,186817,1847600
822,406,387,804825,7971,187204,1820200
823,391,385,804434,7977,187589,1752700
824,440,384,803994,8033,187973,1791000
825,421,404,803573,8050,188377,1781100
826,422,375,803151,8097,188752,1846300
827,430,378,802721,8149,189130,1749900
828,411,393,802310,8167,189523,1816600
829,416,390,801894,8193,189913,1778900
830,442,406,801452,8229,190319,1764000
831,434,418,801018,8245,190737,1854600
832,412,386,800606,8271,191123,1824900
833,422,433,800184,8260,191556,1731700
834,444,387,799740,8317,191943,1660600
835,452,465,799288,8304,192408,1917600
836,445,425,798843,8324,192833,1854600
837,473,440,798370,8357,193273,1721200
838,439,407,797931,8389,193680,1724900
839,429,419,797502,8399,194099,1730000
840,447,409,797055,8437,194508,1836100
841,479,407,796576,8509,194915,1824300
842,459,485,796117,8483,195400,1754400
843,458,420,795659,8521,195820,1726200
844,435,443,795224,8513,196263,1702800
845,439,427,794785,8525,196690,1878400
846,442,424,794343,8543,197114,1751800
847,461,396,793882,8608,197510,1708600
848,410,415,793472,8603,197925,1667000
849,440,461,793032,8582,198386,1728600
850,441,483,792591,8540,198869,1719900
851,450,436,792141,8554,199305,1925000
852,424,443,791717,8535,199748,1852000
853,431,378,791286,8588,200126,1854400
854,432,484,790854,8536,200610,1949000
855,428,418,790426,8546,201028,1757200
856,447,404,789979,8589,201432,1779600
857,420,431,789559,8578,201863,1754600
858,427,429,789132,8576,202292,1707200
859,401,408,788731,8569,202700,1835400
860,435,379,788296,8625,203079,1814300
861,470,412,787826,8683,203491,1723100
862,443,428,787383,8698,203919,1732900
863,422,437,786961,8683,204356,1744900
864,423,468,786538,8638,204824,1813300
865,474,423,786064,8689,205247,1897100
866,446,442,785618,8693,205689,1789300
867,436,428,785182,8701,206117,1922800
868,482,413,784700,8770,206530,1827000
869,453,472,784247,8751,207002,1894800
870,415,469,783832,8697,207471,1842300
871,471,438,783361,8730,207909,1991900
872,469,458,782892,8741,208367,2043500
873,439,437,782453,8743,208804,1902400
874,443,437,782010,8749,209241,1980200
875,472,443,781538,8778,209684,2108100
876,476,459,781062,8795,210143,1862800
877,466,443,780596,8818,210586,2086300
878,439,439,780157,8818,211025,1909000
879,425,434,779732,8809,211459,1969000
880,441,402,779291,8848,211861,1905500
881,429,409,778862,8868,212270,1907000
882,421,463,778441,8826,212733,2107100
883,453,464,777988,8815,213197,2068200
884,406,425,777582,8796,213622,1917700
885,452,414,777130,8834,214036,1916100
886,410,462,776720,8782,214498,1837100
887,453,414,776267,8821,214912,1819800
888,422,449,775845,8794,215361,1834900
889,456,428,775389,8822,215789,1895000
890,445,481,774944,8786,216270,1871700
891,453,424,774491,8815,216694,1856600
892,447,453,774044,8809,217147,1827100
893,480,424,773564,8865,217571,1819300
894,444,462,773120,8847,218033,1837200
895,428,460,772692,8815,218493,1920200
896,430,455,772262,8790,218948,1947500
897,461,458,771801,8793,219406,1897500
898,435,420,771366,8808,219826,1863300
899,436,463,770930,8781,220289,1759000
900,462,472,770468,8771,220761,1754700
901,468,438,770000,8801,221199,1842300
902,430,448,769570,8783,221647,1734200
903,426,439,769144,8770,222086,1890900
904,451,444,768693,8777,222530,1803300
905,420,414,768273,8783,222944,1767100
906,451,428,767822,8806,223372,1707000
907,437,443,767385,8800,223815,1809900
908,430,420,766955,8810,224235,1843400
909,449,453,766506,8806,224688,1801400
910,412,418,766094,8800,225106,1717200
911,451,429,765643,8822,225535,1731100
912,395,430,765248,8787,225965,1829700
913,430,444,764818,8773,226409,1719100
914,422,446,764396,8749,226855,1752300
915,429,422,763967,8756,227277,1732500
916,472,452,763495,8776,227729,1775500
917,431,411,763064,8796,228140,1847600
918,436,462,762628,8770,228602,1795700
919,442,404,762186,8808,229006,1727400
920,433,436,761753,8805,229442,2001200
921,461,425,761292,8841,229867,1873000
922,500,459,760792,8882,230326,1766300
923,456,399,760336,8939,230725,1838800
924,454,421,759882,8972,231146,1782400
925,441,470,759441,8943,231616,2026200
926,444,447,758997,8940,232063,1744300
927,418,457,758579,8901,232520,1797100
928,472,452,758107,8921,232972,1815500
929,435,444,757672,8912,233416,1871500
930,458,454,757214,8916,233870,1833100
931,441,469,756773,8888,234339,1741600
932,431,442,756342,8877,234781,1729500
933,459,443,755883,8893,235224,1715500
934,420,441,755463,8872,235665,1837300
935,443,449,755020,8866,236114,1783400
936,454,453,754566,8867,236567,1709800
937,433,424,754133,8876,236991,1690600
938,432,475,753701,8833,237466,1841400
939,433,448,753268,8818,237914,1714400
940,413,449,752855,8782,238363,1705100
941,435,452,752420,8765,238815,1725000
942,425,448,751995,8742,239263,1804200
943,412,424,751583,8730,239687,1686900
944,422,417,751161,8735,240104,1722100
945,405,436,750756,8704,240540,1722000
946,446,405,750310,8745,240945,1825300
947,405,426,749905,8724,241371,1913100
948,441,430,749464,8735,241801,1768400
949,451,432,749013,8754,242233,1757900
950,421,458,748592,8717,242691,1816300
951,446,434,748146,8729,243125,1859600
952,439,475,747707,8693,243600,1809300
953,448,400,747259,8741,244000,1708200
954,433,472,746826,8702,244472,1712900
955,450,461,746376,8691,244933,1750100
956,434,405,745942,8720,245338,1795500
957,438,453,745504,8705,245791,1688200
958,409,419,745095,8695,246210,1742400
959,471,422,744624,8744,246632,1866200
960,430,449,744194,8725,247081,1862400
961,433,420,743761,8738,247501,1787000
962,438,424,743323,8752,247925,1735000
963,438,434,742885,8756,248359,1727900
964,446,433,742439,8769,248792,1835500
965,414,495,742025,8688,249287,1857400
966,423,444,741602,8667,249731,1997600
967,449,421,741153,8695,250152,1764200
968,408,427,740745,8676,250579,1705000
969,430,444,740315,8662,251023,1666100
970,443,445,739872,8660,251468,1832500
971,447,441,739425,8666,251909,2183100
972,457,422,738968,8701,252331,1847200
973,467,400,738501,8768,252731,2002700
974,455,450,738046,8773,253181,1931500
975,443,428,737603,8788,253609,1793400
976,440,442,737163,8786,254051,1802700
977,459,426,736704,8819,254477,1712700
978,435,414,736269,8840,254891,1890800
979,480,409,735789,8911,255300,1731800
980,468,478,735321,8901,255778,1723400
981,419,462,734902,8858,256240,1713500
982,455,456,734447,8857,256696,1804700
983,456,429,733991,8884,257125,1762100
984,443,445,733548,8882,257570,1792700
985,434,451,733114,8865,258021,1696800
986,441,427,732673,8879,258448,1726800
987,473,431,732200,8921,258879,1833700
988,410,508,731790,8823,259387,1762100
989,432,449,731358,8806,259836,1731000
990,443,400,730915,8849,260236,1734300
991,487,428,730428,8908,260664,1742600
992,442,460,729986,8890,261124,1778400
993,460,411,729526,8939,261535,1731500
994,441,470,729085,8910,262005,1717500
995,443,467,728642,8886,262472,1829700
996,425,442,728217,8869,262914,1920800
997,480,449,727737,8900,263363,1804000
998,439,431,727298,8908,263794,1724800
999,446,433,726852,8921,264227,1681000
1000,470,458,726382,8933,264685,1747900
1001,452,441,725930,8944,265126,1753200
1002,454,438,725476,8960,265564,1674700
1003,434,456,725042,8938,266020,1727100
1004,430,437,724612,8931,266457,1817800
1005,460,449,724152,8942,266906,1877400
1006,427,487,723725,8882,267393,1840000
1007,437,398,723288,8921,267791,1765500
1008,458,423,722830,8956,268214,1746900
1009,430,420,722400,8966,268634,1710400
1010,430,432,721970,8964,269066,1728500
1011,427,468,721543,8923,269534,1716100
1012,426,417,721117,8932,269951,1873700
1013,436,420,720681,8948,270371,1840500
1014,432,424,720249,8956,270795,1830600
1015,437,448,719812,8945,271243,1714600
1016,421,520,719391,8846,271763,1669700
1017,400,484,718991,8762,272247,1818100
1018,412,465,718579,8709,272712,1726800
1019,405,448,718174,8666,273160,1663100
1020,409,437,717765,8638,273597,1704100
1021,391,437,717374,8592,274034,1805800
1022,397,434,716977,8555,274468,1934000
1023,416,432,716561,8539,274900,1771500
1024,406,398,716155,8547,275298,1730100
1025,412,431,715743,8528,275729,1708200
1026,401,416,715342,8513,276145,2091400
1027,386,446,714956,8453,276591,1742900
1028,376,411,714580,8418,277002,1734200
1029,369,400,714211,8387,277402,1714600
1030,410,414,713801,8383,277816,1659800
1031,428,436,713373,8375,278252,1793100
1032,378,433,712995,8320,278685,1772400
1033,393,437,712602,8276,279122,1678400
1034,401,398,712201,8279,279520,1761600
1035,364,405,711837,8238,279925,1838500
1036,410,409,711427,8239,280334,1717500
1037,438,408,710989,8269,280742,1720600
1038,404,381,710585,8292,281123,1735600
1039,423,430,710162,8285,281553,1847700
1040,419,361,709743,8343,281914,1818100
1041,415,415,709328,8343,282329,1731200
1042,434,414,708894,8363,282743,1716900
1043,398,385,708496,8376,283128,1701900
1044,439,455,708057,8360,283583,2011100
1045,399,476,707658,8283,284059,1736000
1046,402,455,707256,8230,284514,1716700
1047,388,407,706868,8211,284921,1720100
1048,393,402,706475,8202,285323,1857400
1049,422,373,706053,8251,285696,1771500
1050,418,405,705635,8264,286101,1671500
1051,396,404,705239,8256,286505,1720000
1052,443,419,704796,8280,286924,1897700
1053,395,415,704401,8260,287339,1721100
1054,398,411,704003,8247,287750,1723300
1055,427,385,703576,8289,288135,1728100
1056,415,398,703161,8306,288533,1844300
1057,422,400,702739,8328,288933,1850300
1058,448,402,702291,8374,289335,1792900
1059,397,472,701894,8299,289807,1728500
1060,399,388,701495,8310,290195,1696700
1061,427,407,701068,8330,290602,2388100
1062,420,416,700648,8334,291018,2023600
1063,436,463,700212,8307,291481,1829900
1064,392,414,699820,8285,291895,1722700
1065,433,397,699387,8321,292292,1835100
1066,391,432,698996,8280,292724,1782000
1067,400,380,698596,8300,293104,1727800
1068,425,407,698171,8318,293511,1717600
1069,406,430,697765,8294,293941,1870500
1070,403,430,697362,8267,294371,1859700
1071,427,395,696935,8299,294766,1836300
1072,403,442,696532,8260,295208,1930300
1073,441,397,696091,8304,295605,1717600
1074,406,397,695685,8313,296002,1715200
1075,435,433,695250,8315,296435,1856600
1076,424,422,694826,8317,296857,1821800
1077,444,405,694382,8356,297262,1770400
1078,421,417,693961,8360,297679,1686800
1079,392,415,693569,8337,298094,1742400
1080,430,461,693139,8306,298555,1827800
1081,456,427,692683,8335,298982,1825000
1082,433,401,692250,8367,299383,1732200
1083,454,422,691796,8399,299805,1729200
1084,473,418,691323,8454,300223,1723000
1085,416,430,690907,8440,300653,1798000
1086,458,396,690449,8502,301049,1729500
1087,450,405,689999,8547,301454,1721100
1088,437,443,689562,8541,301897,1846500
1089,446,409,689116,8578,302306,1734400
1090,455,423,688661,8610,302729,1724200
1091,436,471,688225,8575,303200,1707100
1092,434,428,687791,8581,303628,1835900
1093,457,433,687334,8605,304061,1837000
1094,454,414,686880,8645,304475,1759800
1095,435,440,686445,8640,304915,1891200
1096,425,433,686020,8632,305348,1991500
1097,421,378,685599,8675,305726,1932000
1098,417,466,685182,8626,306192,1815900
1099,456,426,684726,8656,306618,1835500
1100,414,421,684312,8649,307039,1831500
1101,433,427,683879,8655,307466,1811700
1102,423,435,683456,8643,307901,1731100
1103,438,418,683018,8663,308319,1712700
1104,424,428,682594,8659,308747,1725600
1105,422,424,682172,8657,309171,1867900
1106,399,431,681773,8625,309602,1777000
1107,425,465,681348,8585,310067,1724800
1108,386,389,680962,8582,310456,1758400
1109,368,442,680594,8508,310898,1822200
1110,403,462,680191,8449,311360,1783300
1111,380,436,679811,8393,311796,1740200
1112,419,436,679392,8376,312232,1742800
1113,413,433,678979,8356,312665,1839800
1114,379,439,678600,8296,313104,1817600
1115,378,396,678222,8278,313500,1754800
1116,438,402,677784,8314,313902,1717800
1117,427,424,677357,8317,314326,1719200
1118,376,417,676981,8276,314743,1816300
1119,374,403,676607,8247,315146,1723800
1120,429,400,676178,8276,315546,1708100
1121,451,421,675727,8306,315967,1681200
1122,375,415,675352,8266,316382,1825500
1123,389,407,674963,8248,316789,1726500
1124,430,444,674533,8234,317233,1702900
1125,420,408,674113,8246,317641,1720300
1126,366,464,673747,8148,318105,1813700
1127,410,425,673337,8133,318530,1692400
1128,425,397,672912,8161,318927,1733300
1129,424,443,672488,8142,319370,1845000
1130,401,433,672087,8110,319803,1741600
1131,399,412,671688,8097,320215,1726300
1132,372,387,671316,8082,320602,1718800
1133,391,410,670925,8063,321012,1699200
1134,393,394,670532,8062,321406,1723700
1135,397,403,670135,8056,321809,1719200
1136,404,408,669731,8052,322217,1712300
1137,435,400,669296,8087,322617,2113400
1138,372,416,668924,8043,323033,2021500
1139,414,407,668510,8050,323440,1842900
1140,414,398,668096,8066,323838,1751800
1141,396,364,667700,8098,324202,1776700
1142,429,443,667271,8084,324645,1726400
1143,408,416,666863,8076,325061,2000000
1144,431,407,666432,8100,325468,1806000
1145,402,415,666030,8087,325883,1841800
1146,406,386,665624,8107,326269,1835600
1147,417,413,665207,8111,326682,1866000
1148,420,393,664787,8138,327075,1945300
1149,412,410,664375,8140,327485,1798000
1150,417,409,663958,8148,327894,1798700
1151,406,424,663552,8130,328318,1852700
1152,420,395,663132,8155,328713,1855300
1153,448,385,662684,8218,329098,1812300
1154,429,415,662255,8232,329513,1800200
1155,412,402,661843,8242,329915,1849100
1156,426,459,661417,8209,330374,1907900
1157,444,408,660973,8245,330782,1860500
1158,449,406,660524,8288,331188,1740600
1159,456,417,660068,8327,331605,1834400
1160,450,405,659618,8372,332010,1825300
1161,446,434,659172,8384,332444,1993900
1162,443,428,658729,8399,332872,1751300
1163,418,408,658311,8409,333280,1754000
1164,437,424,657874,8422,333704,1999800
1165,442,461,657432,8403,334165,2110000
1166,433,433,656999,8403,334598,1984000
1167,417,394,656582,8426,334992,1864300
1168,411,410,656171,8427,335402,1866700
1169,428,402,655743,8453,335804,1849300
1170,418,405,655325,8466,336209,1978500
1171,446,431,654879,8481,336640,1759800
1172,424,411,654455,8494,337051,1787500
1173,437,431,654018,8500,337482,1736200
1174,424,426,653594,8498,337908,1844400
1175,381,430,653213,8449,338338,1831600
1176,428,425,652785,8452,338763,1773900
1177,429,398,652356,8483,339161,1765200
1178,408,389,651948,8502,339550,1760000
1179,418,447,651530,8473,339997,1882900
1180,421,403,651109,8491,340400,1869700
1181,418,420,650691,8489,340820,1838100
1182,444,398,650247,8535,341218,1850700
1183,420,429,649827,8526,341647,1763500
1184,430,382,649397,8574,342029,1705300
1185,414,437,648983,8551,342466,1853700
1186,401,446,648582,8506,342912,1841200
1187,418,429,648164,8495,343341,1776600
1188,404,422,647760,8477,343763,1830000
1189,436,401,647324,8512,344164,1817100
1190,411,419,646913,8504,344583,1872200
1191,428,428,646485,8504,345011,1854800
1192,411,422,646074,8493,345433,2130200
1193,420,395,645654,8518,345828,1910600
1194,413,419,645241,8512,346247,1837200
1195,411,408,644830,8515,346655,1818800
1196,445,396,644385,8564,347051,1771500
1197,454,436,643931,8582,347487,1710500
1198,376,400,643555,8558,347887,1800000
1199,398,446,643157,8510,348333,1844600
1200,411,440,642746,8481,348773,1748700
1201,395,453,642351,8423,349226,1738700
1202,416,446,641935,8393,349672,1747300
1203,423,403,641512,8413,350075,1966900
1204,423,413,641089,8423,350488,1851200
1205,426,445,640663,8404,350933,1862600
1206,447,421,640216,8430,351354,1864400
1207,419,364,639797,8485,351718,1862900
1208,412,427,639385,8470,352145,1819000
1209,415,382,638970,8503,352527,1863600
1210,393,421,638577,8475,352948,1854600
1211,393,426,638184,8442,353374,1848200
1212,419,434,637765,8427,353808,1818800
1213,406,400,637359,8433,354208,1760500
1214,392,441,636967,8384,354649,1770600
1215,407,404,636560,8387,355053,1884900
1216,401,437,636159,8351,355490,2229500
1217,411,430,635748,8332,355920,2085500
1218,396,435,635352,8293,356355,1897800
1219,405,393,634947,8305,356748,2119700
1220,412,387,634535,8330,357135,1825600
1221,411,413,634124,8328,357548,1875100
1222,415,388,633709,8355,357936,1839200
1223,392,392,633317,8355,358328,1845800
1224,417,417,632900,8355,358745,1806700
1225,423,417,632477,8361,359162,1876200
1226,419,402,632058,8378,359564,1910500
1227,432,408,631626,8402,359972,1927500
1228,437,412,631189,8427,360384,1895500
1229,402,410,630787,8419,360794,2094700
1230,463,378,630324,8504,361172,2159500
1231,442,421,629882,8525,361593,1922300
1232,436,411,629446,8550,362004,1940900
1233,442,421,629004,8571,362425,1903900
1234,429,423,628575,8577,362848,1950100
1235,437,433,628138,8581,363281,1973400
1236,418,390,627720,8609,363671,1926800
1237,423,410,627297,8622,364081,2022800
1238,446,457,626851,8611,364538,1943500
1239,426,380,626425,8657,364918,1995100
1240,445,405,625980,8697,365323,2119300
1241,407,427,625573,8677,365750,1947200
1242,420,420,625153,8677,366170,2134600
1243,473,456,624680,8694,366626,1896800
1244,424,459,624256,8659,367085,1961000
1245,437,436,623819,8660,367521,1886500
1246,446,420,623373,8686,367941,1906200
1247,422,442,622951,8666,368383,1925400
1248,443,396,622508,8713,368779,1896500
1249,436,427,622072,8722,369206,1888300
1250,399,421,621673,8700,369627,1971100
1251,448,466,621225,8682,370093,2065900
1252,465,397,620760,8750,370490,1953700
1253,443,448,620317,8745,370938,1962100
1254,459,403,619858,8801,371341,1946700
1255,440,444,619418,8797,371785,1923400
1256,450,441,618968,8806,372226,2010200
1257,423,450,618545,8779,372676,1913200
1258,430,393,618115,8816,373069,1893600
1259,422,419,617693,8819,373488,1898400
1260,456,437,617237,8838,373925,1885500
1261,448,444,616789,8842,374369,1908900
1262,423,429,616366,8836,374798,1924400
1263,445,437,615921,8844,375235,1889000
1264,397,425,615524,8816,375660,2120000
1265,439,459,615085,8796,376119,1946000
1266,448,417,614637,8827,376536,1909600
1267,444,470,614193,8801,377006,2000700
1268,400,497,613793,8704,377503,1946500
1269,402,443,613391,8663,377946,1940600
1270,416,412,612975,8667,378358,1933800
1271,424,427,612551,8664,378785,1893300
1272,402,412,612149,8654,379197,1888300
1273,421,444,611728,8631,379641,1944400
1274,418,417,611310,8632,380058,1846100
1275,433,434,610877,8631,380492,1877600
1276,451,413,610426,8669,380905,1879400
1277,420,425,610006,8664,381330,1896500
1278,430,434,609576,8660,381764,1869100
1279,442,422,609134,8680,382186,2089800
1280,439,437,608695,8682,382623,1901900
1281,416,399,608279,8699,383022,1905300
1282,387,430,607892,8656,383452,1882200
1283,462,429,607430,8689,383881,2525500
1284,418,393,607012,8714,384274,2220000
1285,420,404,606592,8730,384678,1946000
1286,438,438,606154,8730,385116,1858100
1287,413,472,605741,8671,385588,1930300
1288,405,465,605336,8611,386053,1889500
1289,434,434,604902,8611,386487,1931000
1290,433,447,604469,8597,386934,1906100
1291,394,427,604075,8564,387361,2044400
1292,400,401,603675,8563,387762,2070700
1293,410,430,603265,8543,388192,1855800
1294,439,406,602826,8576,388598,1939400
1295,451,385,602375,8642,388983,1856100
1296,398,414,601977,8626,389397,1832600
1297,393,434,601584,8585,389831,1945800
1298,403,423,601181,8565,390254,1858300
1299,422,416,600759,8571,390670,1869300
1300,400,437,600359,8534,391107,1921000
1301,418,413,599941,8539,391520,1999000
1302,422,420,599519,8541,391940,1884400
1303,433,442,599086,8532,392382,1946900
1304,418,443,598668,8507,392825,1914500
1305,436,439,598232,8504,393264,1942300
1306,435,449,597797,8490,393713,1926700
1307,394,417,597403,8467,394130,2187900
1308,426,439,596977,8454,394569,2024100
1309,423,413,596554,8464,394982,1953400
1310,402,447,596152,8419,395429,1961300
1311,435,425,595717,8429,395854,1902200
1312,428,377,595289,8480,396231,1939400
1313,420,397,594869,8503,396628,1950400
1314,403,377,594466,8529,397005,1990100
1315,450,451,594016,8528,397456,1937600
1316,409,412,593607,8525,397868,2197100
1317,434,411,593173,8548,398279,1959200
1318,379,413,592794,8514,398692,1942900
1319,382,426,592412,8470,399118,1961900
1320,413,471,591999,8412,399589,1895100
1321,397,443,591602,8366,400032,1881900
1322,375,416,591227,8325,400448,1908200
1323,396,452,590831,8269,400900,1965000
1324,368,388,590463,8249,401288,1939600
1325,405,385,590058,8269,401673,2055800
1326,400,454,589658,8215,402127,1973700
1327,385,419,589273,8181,402546,1944500
1328,362,410,588911,8133,402956,2113700
1329,382,378,588529,8137,403334,1892700
1330,371,409,588158,8099,403743,1941100
1331,382,413,587776,8068,404156,1854800
1332,386,392,587390,8062,404548,1960700
1333,391,426,586999,8027,404974,1926200
1334,429,394,586570,8062,405368,1982500
1335,391,388,586179,8065,405756,2078900
1336,410,403,585769,8072,406159,2143100
1337,384,431,585385,8025,406590,1917600
1338,400,419,584985,8006,407009,1883100
1339,415,394,584570,8027,407403,1893300
1340,410,400,584160,8037,407803,1883800
1341,446,399,583714,8084,408202,1970200
1342,404,387,583310,8101,408589,1920200
1343,424,379,582886,8146,408968,1940300
1344,420,373,582466,8193,409341,1967800
1345,427,420,582039,8200,409761,1884900
1346,400,407,581639,8193,410168,1969900
1347,392,401,581247,8184,410569,1887800
1348,391,356,580856,8219,410925,1882500
1349,413,434,580443,8198,411359,1990900
1350,400,394,580043,8204,411753,1909500
1351,426,400,579617,8230,412153,1866400
1352,371,394,579246,8207,412547,1877400
1353,394,411,578852,8190,412958,1938700
1354,368,405,578484,8153,413363,1919100
1355,394,417,578090,8130,413780,1864800
1356,374,423,577716,8081,414203,1990000
1357,441,434,577275,8088,414637,1874100
1358,410,403,576865,8095,415040,1788800
1359,395,378,576470,8112,415418,1825400
1360,349,402,576121,8059,415820,1906900
1361,410,391,575711,8078,416211,2075000
1362,375,377,575336,8076,416588,1844900
1363,422,394,574914,8104,416982,1854700
1364,389,406,574525,8087,417388,1848300
1365,411,401,574114,8097,417789,1851800
1366,404,420,573710,8081,418209,1937300
1367,385,395,573325,8071,418604,1926100
1368,388,388,572937,8071,418992,1822800
1369,384,393,572553,8062,419385,1872600
1370,376,418,572177,8020,419803,2022200
1371,366,383,571811,8003,420186,1814300
1372,384,394,571427,7993,420580,1937100
1373,391,378,571036,8006,420958,1913400
1374,390,369,570646,8027,421327,2029100
1375,386,391,570260,8022,421718,2104400
1376,392,429,569868,7985,422147,1945600
1377,410,429,569458,7966,422576,2049200
1378,414,368,569044,8012,422944,1948000
1379,381,377,568663,8016,423321,1981900
1380,352,395,568311,7973,423716,1948900
1381,397,415,567914,7955,424131,1981000
1382,398,388,567516,7965,424519,2017400
1383,416,378,567100,8003,424897,1939900
1384,403,431,566697,7975,425328,1977400
1385,415,408,566282,7982,425736,1938600
1386,409,369,565873,8022,426105,1908000
1387,417,381,565456,8058,426486,2014400
1388,391,399,565065,8050,426885,2040500
1389,401,387,564664,8064,427272,1976600
1390,383,401,564281,8046,427673,1902700
1391,384,445,563897,7985,428118,1833800
1392,402,402,563495,7985,428520,1779500
1393,390,384,563105,7991,428904,1738200
1394,392,434,562713,7949,429338,2061900
1395,332,415,562381,7866,429753,2038000
1396,360,399,562021,7827,430152,1874500
1397,374,410,561647,7791,430562,1898600
1398,348,406,561299,7733,430968,1870200
1399,387,379,560912,7741,431347,1956400
1400,399,359,560513,7781,431706,1872400
1401,375,427,560138,7729,432133,1853700
1402,390,382,559748,7737,432515,1887200
1403,393,369,559355,7761,432884,1846900
1404,390,391,558965,7760,433275,1969500
1405,385,379,558580,7766,433654,1863900
1406,446,405,558134,7807,434059,2211900
1407,381,394,557753,7794,434453,1935800
1408,390,366,557363,7818,434819,2000800
1409,393,360,556970,7851,435179,1970800
1410,383,402,556587,7832,435581,1941300
1411,406,403,556181,7835,435984,1981800
1412,382,384,555799,7833,436368,1820500
1413,390,385,555409,7838,436753,1843500
1414,444,399,554965,7883,437152,2175900
1415,393,378,554572,7898,437530,2081200
1416,422,410,554150,7910,437940,2053300
1417,394,408,553756,7896,438348,1888300
1418,396,381,553360,7911,438729,1903800
1419,410,386,552950,7935,439115,1886000
1420,462,413,552488,7984,439528,1873700
1421,405,407,552083,7982,439935,1994400
1422,418,373,551665,8027,440308,2006300
1423,417,399,551248,8045,440707,2020800
1424,400,420,550848,8025,441127,1927200
1425,411,389,550437,8047,441516,1901700
1426,436,437,550001,8046,441953,1900000
1427,398,405,549603,8039,442358,1790900
1428,376,422,549227,7993,442780,1924200
1429,402,377,548825,8018,443157,1812900
1430,400,392,548425,8026,443549,2145400
1431,414,402,548011,8038,443951,1964400
1432,381,400,547630,8019,444351,1851600
1433,386,398,547244,8007,444749,1781000
1434,419,404,546825,8022,445153,1863700
1435,417,418,546408,8021,445571,1862100
1436,398,405,546010,8014,445976,1770600
1437,398,401,545612,8011,446377,1735100
1438,393,399,545219,8005,446776,1661200
1439,391,399,544828,7997,447175,1798600
1440,403,382,544425,8018,447557,1796000
1441,385,425,544040,7978,447982,1677000
1442,448,383,543592,8043,448365,1719200
1443,408,420,543184,8031,448785,1820300
1444,429,409,542755,8051,449194,1761400
1445,373,375,542382,8049,449569,1702900
1446,417,392,541965,8074,449961,1718700
1447,428,415,541537,8087,450376,1980700
1448,404,381,541133,8110,450757,1738700
1449,371,416,540762,8065,451173,1727000
1450,431,401,540331,8095,451574,1795000
1451,401,416,539930,8080,451990,1846000
1452,384,370,539546,8094,452360,1827900
1453,385,416,539161,8063,452776,1797600
1454,414,388,538747,8089,453164,1719300
1455,397,391,538350,8095,453555,1708500
1456,407,394,537943,8108,453949,1836300
1457,410,415,537533,8103,454364,1736100
1458,380,430,537153,8053,454794,1788800
1459,412,375,536741,8090,455169,1749200
1460,408,401,536333,8097,455570,1764200
1461,445,384,535888,8158,455954,2082900
1462,411,414,535477,8155,456368,1829500
1463,390,430,535087,8115,456798,1813300
1464,402,402,534685,8115,457200,1760700
1465,397,426,534288,8086,457626,1982400
1466,404,385,533884,8105,458011,1721700
1467,411,414,533473,8102,458425,1708300
1468,435,388,533038,8149,458813,1816700
1469,426,437,532612,8138,459250,1717600
1470,391,407,532221,8122,459657,1713000
1471,410,393,531811,8139,460050,1742500
1472,402,402,531409,8139,460452,1818500
1473,411,382,530998,8168,460834,1762500
1474,398,387,530600,8179,461221,1713200
1475,355,395,530245,8139,461616,1708100
1476,399,427,529846,8111,462043,1834200
1477,355,402,529491,8064,462445,1688600
1478,437,390,529054,8111,462835,2108400
1479,392,420,528662,8083,463255,1887200
1480,376,406,528286,8053,463661,1862100
1481,385,365,527901,8073,464026,1838900
1482,432,392,527469,8113,464418,1805700
1483,403,416,527066,8100,464834,1706000
1484,415,436,526651,8079,465270,1789400
1485,401,409,526250,8071,465679,1727600
1486,384,385,525866,8070,466064,1672700
1487,405,390,525461,8085,466454,1762900
1488,421,396,525040,8110,466850,1730000
1489,385,413,524655,8082,467263,1720000
1490,391,399,524264,8074,467662,1857400
1491,437,435,523827,8076,468097,1861500
1492,394,410,523433,8060,468507,2117500
1493,406,460,523027,8006,468967,1874600
1494,396,439,522631,7963,469406,1828600
1495,402,401,522229,7964,469807,1751300
1496,391,387,521838,7968,470194,1774000
1497,397,390,521441,7975,470584,1725800
1498,397,364,521044,8008,470948,1824500
1499,394,440,520650,7962,471388,1785600
1500,402,394,520248,7970,471782,1780500
1501,391,394,519857,7967,472176,1716200
1502,380,411,519477,7936,472587,1829600
1503,413,390,519064,7959,472977,1803200
1504,415,401,518649,7973,473378,1900500
1505,402,409,518247,7966,473787,1753400
1506,385,391,517862,7960,474178,1743900
1507,390,394,517472,7956,474572,1827700
1508,382,386,517090,7952,474958,1781100
1509,408,438,516682,7922,475396,1744700
1510,390,404,516292,7908,475800,1719000
1511,409,413,515883,7904,476213,1706300
1512,406,363,515477,7947,476576,1812700
1513,389,399,515088,7937,476975,1743800
1514,377,431,514711,7883,477406,1709000
1515,366,407,514345,7842,477813,1713400
1516,384,390,513961,7836,478203,1810000
1517,381,405,513580,7812,478608,1774400
1518,370,374,513210,7808,478982,1709700
1519,353,402,512857,7759,479384,2047100
1520,395,377,512462,7777,479761,1800500
1521,387,395,512075,7769,480156,1762100
1522,374,383,511701,7760,480539,1916800
1523,376,388,511325,7748,480927,1757300
1524,390,411,510935,7727,481338,1709400
1525,379,408,510556,7698,481746,1709600
1526,376,393,510180,7681,482139,2067100
1527,390,388,509790,7683,482527,1829700
1528,398,357,509392,7724,482884,1802400
1529,390,378,509002,7736,483262,1715200
1530,420,376,508582,7780,483638,1722300
1531,393,389,508189,7784,484027,1716500
1532,409,367,507780,7826,484394,1784800
1533,420,398,507360,7848,484792,1822400
1534,375,374,506985,7849,485166,1706900
1535,393,394,506592,7848,485560,1886200
1536,414,410,506178,7852,485970,1880700
1537,393,403,505785,7842,486373,1845700
1538,377,402,505408,7817,486775,1780400
1539,392,347,505016,7862,487122,1729300
1540,406,414,504610,7854,487536,1714400
1541,397,370,504213,7881,487906,1764200
1542,397,427,503816,7851,488333,1891000
1543,426,398,503390,7879,488731,1728300
1544,357,412,503033,7824,489143,1708500
1545,390,389,502643,7825,489532,1698100
1546,406,383,502237,7848,489915,1803100
1547,402,375,501835,7875,490290,1757300
1548,409,391,501426,7893,490681,1700500
1549,420,404,501006,7909,491085,1817500
1550,429,380,500577,7958,491465,1801200
1551,404,417,500173,7945,491882,1717000
1552,402,399,499771,7948,492281,1858900
1553,408,379,499363,7977,492660,1724900
1554,441,389,498922,8029,493049,1832700
1555,421,390,498501,8060,493439,1785800
1556,396,394,498105,8062,493833,1710100
1557,408,398,497697,8072,494231,1709600
1558,425,410,497272,8087,494641,1856800
1559,462,407,496810,8142,495048,2305400
1560,436,382,496374,8196,495430,2049600
1561,413,432,495961,8177,495862,1743300
1562,411,385,495550,8203,496247,1823000
1563,393,394,495157,8202,496641,1793700
1564,413,398,494744,8217,497039,1766600
1565,436,408,494308,8245,497447,1732100
1566,405,386,493903,8264,497833,1852800
1567,455,395,493448,8324,498228,1829800
1568,446,397,493002,8373,498625,1818800
1569,421,429,492581,8365,499054,1853900
1570,407,397,492174,8375,499451,1807200
1571,423,373,491751,8425,499824,1964000
1572,417,457,491334,8385,500281,2058300
1573,391,406,490943,8370,500687,1726800
1574,415,391,490528,8394,501078,1822000
1575,440,422,490088,8412,501500,1753500
1576,450,439,489638,8423,501939,1740900
1577,409,390,489229,8442,502329,1728000
1578,434,418,488795,8458,502747,1810500
1579,420,452,488375,8426,503199,1846300
1580,421,432,487954,8415,503631,1782800
1581,442,427,487512,8430,504058,1710900
1582,438,442,487074,8426,504500,1712200
1583,389,405,486685,8410,504905,1821200
1584,410,390,486275,8430,505295,1821400
1585,445,417,485830,8458,505712,1744300
1586,431,405,485399,8484,506117,1791100
1587,431,408,484968,8507,506525,1736900
1588,429,456,484539,8480,506981,1826500
1589,413,442,484126,8451,507423,1803200
1590,413,407,483713,8457,507830,1936800
1591,402,397,483311,8462,508227,1737800
1592,443,408,482868,8497,508635,1767800
1593,422,405,482446,8514,509040,1744800
1594,402,413,482044,8503,509453,1799900
1595,414,401,481630,8516,509854,1747100
1596,423,423,481207,8516,510277,1733700
1597,435,451,480772,8500,510728,1832500
1598,403,438,480369,8465,511166,1723500
1599,457,404,479912,8518,511570,1664900
1600,371,425,479541,8464,511995,1726100
1601,435,440,479106,8459,512435,1837500
1602,453,425,478653,8487,512860,1829600
1603,412,393,478241,8506,513253,1777100
1604,438,387,477803,8557,513640,1724200
1605,422,483,477381,8496,514123,1783500
1606,395,454,476986,8437,514577,1837000
1607,409,402,476577,8444,514979,1878200
1608,427,431,476150,8440,515410,1738200
1609,408,430,475742,8418,515840,1731700
1610,394,420,475348,8392,516260,1718000
1611,419,396,474929,8415,516656,1831300
1612,418,422,474511,8411,517078,1784200
1613,438,420,474073,8429,517498,1817000
1614,405,408,473668,8426,517906,1714700
1615,414,404,473254,8436,518310,1830300
1616,410,420,472844,8426,518730,1829200
1617,421,420,472423,8427,519150,1796300
1618,419,441,472004,8405,519591,1734300
1619,398,411,471606,8392,520002,1817400
1620,405,412,471201,8385,520414,1802700
1621,422,425,470779,8382,520839,2053400
1622,398,418,470381,8362,521257,1911000
1623,400,414,469981,8348,521671,1996500
1624,430,423,469551,8355,522094,1832700
1625,427,405,469124,8377,522499,1786500
1626,440,404,468684,8413,522903,1704500
1627,428,433,468256,8408,523336,1695200
1628,431,420,467825,8419,523756,1839600
1629,453,405,467372,8467,524161,1760800
1630,453,428,466919,8492,524589,1810300
1631,453,449,466466,8496,525038,1741600
1632,460,424,466006,8532,525462,1818500
1633,422,396,465584,8558,525858,1872300
1634,440,428,465144,8570,526286,1848300
1635,442,406,464702,8606,526692,1758900
1636,411,409,464291,8608,527101,1714100
1637,443,426,463848,8625,527527,1707800
1638,418,440,463430,8603,527967,1812300
1639,433,426,462997,8610,528393,1721100
1640,452,406,462545,8656,528799,1713900
1641,410,453,462135,8613,529252,1709700
1642,453,450,461682,8616,529702,1800000
1643,427,454,461255,8589,530156,1720300
1644,439,440,460816,8588,530596,1792700
1645,408,415,460408,8581,531011,1869100
1646,427,438,459981,8570,531449,1897100
1647,400,430,459581,8540,531879,2026200
1648,392,402,459189,8530,532281,1773700
1649,426,435,458763,8521,532716,1775500
1650,405,458,458358,8468,533174,1729400
1651,456,396,457902,8528,533570,1747600
1652,466,412,457436,8582,533982,1841800
1653,439,469,456997,8552,534451,1800500
1654,414,413,456583,8553,534864,1720600
1655,420,401,456163,8572,535265,1726500
1656,439,428,455724,8583,535693,1906500
1657,414,420,455310,8577,536113,1860700
1658,406,429,454904,8554,536542,1801100
1659,449,429,454455,8574,536971,1919600
1660,459,423,453996,8610,537394,1730900
1661,407,469,453589,8548,537863,1993200
1662,423,426,453166,8545,538289,1870300
1663,441,439,452725,8547,538728,1909800
1664,426,426,452299,8547,539154,1846000
1665,405,395,451894,8557,539549,1837200
1666,448,442,451446,8563,539991,1786800
1667,410,420,451036,8553,540411,1737700
1668,433,410,450603,8576,540821,1670200
1669,427,425,450176,8578,541246,1847800
1670,425,456,449751,8547,541702,1811800
1671,405,437,449346,8515,542139,1743800
1672,380,412,448966,8483,542551,1717900
1673,406,459,448560,8430,543010,1729200
1674,392,414,448168,8408,543424,1956100
1675,430,425,447738,8413,543849,2082200
1676,402,435,447336,8380,544284,2055000
1677,446,418,446890,8408,544702,1892700
1678,408,412,446482,8404,545114,2014600
1679,419,445,446063,8378,545559,1840400
1680,396,402,445667,8372,545961,1800700
1681,430,392,445237,8410,546353,1771000
1682,452,403,444785,8459,546756,1735800
1683,454,428,444331,8485,547184,1869100
1684,435,403,443896,8517,547587,1890300
1685,421,419,443475,8519,548006,1843700
1686,429,411,443046,8537,548417,1722200
1687,419,400,442627,8556,548817,1711200
1688,422,446,442205,8532,549263,1837600
1689,419,449,441786,8502,549712,1895000
1690,423,423,441363,8502,550135,1729800
1691,435,405,440928,8532,550540,1732900
1692,445,437,440483,8540,550977,1725300
1693,440,406,440043,8574,551383,1833400
1694,455,409,439588,8620,551792,1831000
1695,456,458,439132,8618,552250,1778800
1696,434,422,438698,8630,552672,1718400
1697,433,439,438265,8624,553111,1719200
1698,447,442,437818,8629,553553,2279700
1699,451,429,437367,8651,553982,2053800
1700,432,442,436935,8641,554424,1867500
1701,425,447,436510,8619,554871,1844900
1702,432,403,436078,8648,555274,1874900
1703,425,419,435653,8654,555693,1786900
1704,433,392,435220,8695,556085,1828000
1705,429,422,434791,8702,556507,1712500
1706,449,414,434342,8737,556921,2002800
1707,439,436,433903,8740,557357,1841900
1708,455,444,433448,8751,557801,1853700
1709,421,415,433027,8757,558216,1839500
1710,405,445,432622,8717,558661,1852800
1711,428,467,432194,8678,559128,1728400
1712,398,433,431796,8643,559561,1735800
1713,426,452,431370,8617,560013,1982600
1714,405,407,430965,8615,560420,1894700
1715,456,421,430509,8650,560841,1769100
1716,439,435,430070,8654,561276,1859400
1717,455,439,429615,8670,561715,1919900
1718,434,447,429181,8657,562162,1914400
1719,419,411,428762,8665,562573,1731300
1720,459,468,428303,8656,563041,1740100
1721,425,443,427878,8638,563484,1832500
1722,420,477,427458,8581,563961,1786200
1723,392,453,427066,8520,564414,1736600
1724,439,420,426627,8539,564834,1741300
1725,415,428,426212,8526,565262,1848200
1726,412,419,425800,8519,565681,1826300
1727,439,421,425361,8537,566102,1770200
1728,456,400,424905,8593,566502,1750700
1729,420,476,424485,8537,566978,1773600
1730,431,441,424054,8527,567419,1862500
1731,428,401,423626,8554,567820,1823800
1732,437,410,423189,8581,568230,1891200
1733,417,437,422772,8561,568667,1725600
1734,427,424,422345,8564,569091,1706800
1735,453,389,421892,8628,569480,1861500
1736,418,432,421474,8614,569912,1831400
1737,382,470,421092,8526,570382,1779500
1738,426,410,420666,8542,570792,1726900
1739,439,475,420227,8506,571267,1762500
1740,426,421,419801,8511,571688,1845200
1741,388,440,419413,8459,572128,1891400
1742,408,416,419005,8451,572544,1742100
1743,416,421,418589,8446,572965,1743700
1744,402,405,418187,8443,573370,1997600
1745,430,430,417757,8443,573800,1875200
1746,441,416,417316,8468,574216,1854100
1747,437,427,416879,8478,574643,1855400
1748,438,441,416441,8475,575084,1813100
1749,412,398,416029,8489,575482,1715200
1750,424,459,415605,8454,575941,1785000
1751,437,422,415168,8469,576363,2055000
1752,418,438,414750,8449,576801,1881300
1753,458,410,414292,8497,577211,1856600
1754,418,429,413874,8486,577640,1768000
1755,449,384,413425,8551,578024,1811600
1756,453,433,412972,8571,578457,1846300
1757,448,416,412524,8603,578873,1824600
1758,442,420,412082,8625,579293,2140900
1759,434,508,411648,8551,579801,1903400
1760,427,415,411221,8563,580216,2137600
1761,408,460,410813,8511,580676,2055100
1762,453,441,410360,8523,581117,2159600
1763,428,432,409932,8519,581549,2070200
1764,468,438,409464,8549,581987,1911100
1765,422,432,409042,8539,582419,1969800
1766,430,462,408612,8507,582881,1954400
1767,443,408,408169,8542,583289,1925000
1768,451,446,407718,8547,583735,1888500
1769,439,406,407279,8580,584141,1878000
1770,415,434,406864,8561,584575,2067600
1771,409,444,406455,8526,585019,1954900
1772,446,431,406009,8541,585450,1898700
1773,458,388,405551,8611,585838,1937000
1774,426,425,405125,8612,586263,1912900
1775,421,396,404704,8637,586659,1875300
1776,459,429,404245,8667,587088,1874300
1777,447,419,403798,8695,587507,1881900
1778,452,454,403346,8693,587961,1862800
1779,436,428,402910,8701,588389,1855100
1780,479,448,402431,8732,588837,1888100
1781,476,428,401955,8780,589265,1867000
1782,463,449,401492,8794,589714,1877400
1783,429,480,401063,8743,590194,1895500
1784,422,431,400641,8734,590625,1912100
1785,480,431,400161,8783,591056,1927300
1786,433,421,399728,8795,591477,1911500
1787,447,427,399281,8815,591904,2045100
1788,428,420,398853,8823,592324,1940600
1789,427,412,398426,8838,592736,1965900
1790,426,445,398000,8819,593181,2019700
1791,437,418,397563,8838,593599,1915600
1792,452,416,397111,8874,594015,2060100
1793,456,454,396655,8876,594469,1942700
1794,488,435,396167,8929,594904,1892500
1795,440,435,395727,8934,595339,2090300
1796,476,436,395251,8974,595775,2054000
1797,424,434,394827,8964,596209,2098500
1798,440,442,394387,8962,596651,2288900
1799,464,481,393923,8945,597132,2124400
1800,464,419,393459,8990,597551,1993500
1801,467,440,392992,9017,597991,2100700
1802,467,411,392525,9073,598402,1921700
1803,442,436,392083,9079,598838,1889100
1804,479,454,391604,9104,599292,1937900
1805,443,452,391161,9095,599744,1895900
1806,473,473,390688,9095,600217,1942400
1807,443,467,390245,9071,600684,1924200
1808,451,421,389794,9101,601105,1923700
1809,478,449,389316,9130,601554,1946700
1810,430,464,388886,9096,602018,1993800
1811,465,473,388421,9088,602491,1924600
1812,477,468,387944,9097,602959,1950700
1813,465,464,387479,9098,603423,1915800
1814,473,423,387006,9148,603846,2053700
1815,429,488,386577,9089,604334,1943800
1816,461,450,386116,9100,604784,2090600
1817,443,485,385673,9058,605269,1929400
1818,447,454,385226,9051,605723,2074800
1819,458,455,384768,9054,606178,2007500
1820,443,460,384325,9037,606638,1979000
1821,448,442,383877,9043,607080,2083200
1822,485,439,383392,9089,607519,1971700
1823,446,489,382946,9046,608008,2157200
1824,472,463,382474,9055,608471,1916100
1825,459,466,382015,9048,608937,1893900
1826,449,447,381566,9050,609384,1986000
1827,425,475,381141,9000,609859,1946800
1828,441,459,380700,8982,610318,1897100
1829,421,433,380279,8970,610751,1955200
1830,442,448,379837,8964,611199,2062100
1831,463,452,379374,8975,611651,1975500
1832,472,432,378902,9015,612083,1982300
1833,421,447,378481,8989,612530,1984200
1834,429,425,378052,8993,612955,2012800
1835,472,465,377580,9000,613420,2143900
1836,446,457,377134,8989,613877,1907200
1837,472,447,376662,9014,614324,2072400
1838,478,442,376184,9050,614766,1958000
1839,438,447,375746,9041,615213,1910500
1840,428,422,375318,9047,615635,1905000
1841,410,429,374908,9028,616064,2069300
1842,489,428,374419,9089,616492,2272100
1843,433,443,373986,9079,616935,2234200
1844,448,492,373538,9035,617427,1927000
1845,452,452,373086,9035,617879,2224800
1846,442,419,372644,9058,618298,2114800
1847,429,463,372215,9024,618761,1981000
1848,463,461,371752,9026,619222,1989500
1849,441,460,371311,9007,619682,1910100
1850,473,491,370838,8989,620173,1921200
1851,446,455,370392,8980,620628,2028500
1852,477,489,369915,8968,621117,1966200
1853,448,459,369467,8957,621576,1954700
1854,461,427,369006,8991,622003,1997300
1855,439,429,368567,9001,622432,1941000
1856,466,512,368101,8955,622944,1952300
1857,477,454,367624,8978,623398,1947800
1858,416,493,367208,8901,623891,1919300
1859,450,418,366758,8933,624309,2321900
1860,458,465,366300,8926,624774,2000900
1861,451,419,365849,8958,625193,1960500
1862,440,428,365409,8970,625621,2057100
1863,463,456,364946,8977,626077,1967100
1864,476,481,364470,8972,626558,1927900
1865,425,424,364045,8973,626982,1962000
1866,414,447,363631,8940,627429,1931200
1867,469,440,363162,8969,627869,2091200
1868,453,445,362709,8977,628314,2045100
1869,442,440,362267,8979,628754,1892300
1870,453,477,361814,8955,629231,2071000
1871,438,427,361376,8966,629658,1968200
1872,438,437,360938,8967,630095,1967200
1873,439,480,360499,8926,630575,1970600
1874,441,510,360058,8857,631085,1963900
1875,458,498,359600,8817,631583,1998700
1876,453,446,359147,8824,632029,1992900
1877,482,424,358665,8882,632453,1909600
1878,438,440,358227,8880,632893,1927100
1879,447,445,357780,8882,633338,1910300
1880,448,439,357332,8891,633777,1873200
1881,419,460,356913,8850,634237,1887000
1882,443,424,356470,8869,634661,1883100
1883,435,451,356035,8853,635112,1983600
1884,394,465,355641,8782,635577,1924800
1885,443,461,355198,8764,636038,1949100
1886,433,414,354765,8783,636452,1911900
1887,458,406,354307,8835,636858,2074400
1888,452,438,353855,8849,637296,1895400
1889,441,457,353414,8833,637753,1873600
1890,439,471,352975,8801,638224,1940800
1891,439,459,352536,8781,638683,1879200
1892,439,484,352097,8736,639167,1863200
1893,420,444,351677,8712,639611,1893100
1894,433,401,351244,8744,640012,1874500
1895,398,423,350846,8719,640435,1846100
1896,438,471,350408,8686,640906,1907900
1897,472,424,349936,8734,641330,1850900
1898,492,415,349444,8811,641745,1842000
1899,432,438,349012,8805,642183,1877400
1900,431,445,348581,8791,642628,1895900
1901,463,453,348118,8801,643081,1860800
1902,448,454,347670,8795,643535,1867700
1903,436,432,347234,8799,643967,1862500
1904,420,455,346814,8764,644422,1842200
1905,458,406,346356,8816,644828,1883100
1906,450,461,345906,8805,645289,1884000
1907,443,459,345463,8789,645748,1851800
1908,490,422,344973,8857,646170,1908000
1909,459,450,344514,8866,646620,1894300
1910,442,454,344072,8854,647074,1822300
1911,437,435,343635,8856,647509,1923000
1912,480,456,343155,8880,647965,1844600
1913,478,452,342677,8906,648417,1865200
1914,495,480,342182,8921,648897,1882200
1915,451,459,341731,8913,649356,1914900
1916,458,485,341273,8886,649841,2223100
1917,440,424,340833,8902,650265,1965300
1918,467,457,340366,8912,650722,1864600
1919,453,468,339913,8897,651190,1893500
1920,453,459,339460,8891,651649,1860400
1921,442,442,339018,8891,652091,1896500
1922,448,468,338570,8871,652559,1864600
1923,474,429,338096,8916,652988,1963700
1924,463,437,337633,8942,653425,1990700
1925,442,419,337191,8965,653844,2121000
1926,423,426,336768,8962,654270,1891300
1927,441,435,336327,8968,654705,1896500
1928,464,443,335863,8989,655148,1954300
1929,489,423,335374,9055,655571,1936300
1930,467,429,334907,9093,656000,1891000
1931,460,379,334447,9174,656379,2112700
1932,455,472,333992,9157,656851,1970100
1933,452,451,333540,9158,657302,1946500
1934,484,450,333056,9192,657752,1958800
1935,476,432,332580,9236,658184,2198700
1936,467,472,332113,9231,658656,1948200
1937,487,487,331626,9231,659143,1963500
1938,512,485,331114,9258,659628,1911800
1939,462,484,330652,9236,660112,2038200
1940,495,452,330157,9279,660564,1894800
1941,465,445,329692,9299,661009,1864500
1942,482,468,329210,9313,661477,1868700
1943,495,453,328715,9355,661930,1860600
1944,447,484,328268,9318,662414,1857800
1945,431,474,327837,9275,662888,1938500
1946,453,455,327384,9273,663343,1830600
1947,500,490,326884,9283,663833,1851400
1948,481,474,326403,9290,664307,1969600
1949,501,469,325902,9322,664776,1945900
1950,457,466,325445,9313,665242,1845800
1951,515,448,324930,9380,665690,1956400
1952,496,472,324434,9404,666162,2085600
1953,508,481,323926,9431,666643,1915400
1954,484,470,323442,9445,667113,1891200
1955,479,498,322963,9426,667611,1868100
1956,481,455,322482,9452,668066,2014900
1957,441,521,322041,9372,668587,2243100
1958,487,461,321554,9398,669048,2009200
1959,464,472,321090,9390,669520,1914400
1960,518,497,320572,9411,670017,1912600
1961,508,466,320064,9453,670483,2028900
1962,524,510,319540,9467,670993,1882900
1963,519,505,319021,9481,671498,1855500
1964,483,496,318538,9468,671994,1939100
1965,462,505,318076,9425,672499,2013400
1966,471,464,317605,9432,672963,1904700
1967,475,477,317130,9430,673440,1877900
1968,474,485,316656,9419,673925,1939000
1969,464,507,316192,9376,674432,1979700
1970,433,468,315759,9341,674900,1898100
1971,420,465,315339,9296,675365,1874500
1972,440,467,314899,9269,675832,1938800
1973,476,453,314423,9292,676285,1979200
1974,454,447,313969,9299,676732,1921500
1975,452,463,313517,9288,677195,1806300
1976,474,489,313043,9273,677684,1837400
1977,495,462,312548,9306,678146,1884200
1978,488,433,312060,9361,678579,1896100
1979,510,471,311550,9400,679050,1828000
1980,463,458,311087,9405,679508,2016400
1981,420,495,310667,9330,680003,1877300
1982,481,472,310186,9339,680475,1753400
1983,488,439,309698,9388,680914,1835200
1984,482,480,309216,9390,681394,1760000
1985,486,465,308730,9411,681859,1756400
1986,455,460,308275,9406,682319,1836800
1987,448,478,307827,9376,682797,1758300
1988,424,452,307403,9348,683249,1854400
1989,459,447,306944,9360,683696,1849500
1990,481,435,306463,9406,684131,1844800
1991,452,484,306011,9374,684615,1894400
1992,441,476,305570,9339,685091,1787500
1993,417,472,305153,9284,685563,1802800
1994,443,486,304710,9241,686049,1829000
1995,469,514,304241,9196,686563,1848100
1996,436,447,303805,9185,687010,1997100
1997,462,471,303343,9176,687481,1797400
1998,452,473,302891,9155,687954,2012100
1999,424,428,302467,9151,688382,1843400
2000,467,407,302000,9211,688789,1849600
2001,458,440,301542,9229,689229,1821900
2002,469,448,301073,9250,689677,1796300
2003,463,429,300610,9284,690106,1851700
2004,450,420,300160,9314,690526,1813200
2005,478,457,299682,9335,690983,1830100
2006,457,460,299225,9332,691443,1913100
2007,464,461,298761,9335,691904,1885800
2008,471,456,298290,9350,692360,1786400
2009,458,459,297832,9349,692819,1788100
2010,403,513,297429,9239,693332,1820100
2011,460,489,296969,9210,693821,1857300
2012,459,484,296510,9185,694305,1870300
2013,421,459,296089,9147,694764,1839000
2014,428,488,295661,9087,695252,1796300
2015,400,475,295261,9012,695727,1769700
2016,444,445,294817,9011,696172,1787800
2017,408,426,294409,8993,696598,1828600
2018,452,442,293957,9003,697040,1804900
2019,409,443,293548,8969,697483,1842700
2020,442,456,293106,8955,697939,1767200
2021,436,478,292670,8913,698417,1848000
2022,408,460,292262,8861,698877,1817600
2023,450,433,291812,8878,699310,1774600
2024,418,456,291394,8840,699766,1821700
2025,401,442,290993,8799,700208,1835600
2026,383,440,290610,8742,700648,1884000
2027,446,454,290164,8734,701102,1849800
2028,367,456,289797,8645,701558,2065800
2029,410,449,289387,8606,702007,1870300
2030,390,412,288997,8584,702419,2035200
2031,400,437,288597,8547,702856,1812200
2032,396,430,288201,8513,703286,1803700
2033,400,423,287801,8490,703709,1819300
2034,389,457,287412,8422,704166,1757900
2035,375,421,287037,8376,704587,1801800
2036,347,416,286690,8307,705003,1718900
2037,399,395,286291,8311,705398,1708100
2038,393,409,285898,8295,705807,1759600
2039,370,400,285528,8265,706207,1821500
2040,408,413,285120,8260,706620,1746400
2041,393,411,284727,8242,707031,1715400
2042,379,398,284348,8223,707429,1712000
2043,389,433,283959,8179,707862,1816100
2044,396,436,283563,8139,708298,1787700
2045,372,412,283191,8099,708710,1710400
2046,338,448,282853,7989,709158,1694800
2047,356,411,282497,7934,709569,2052800
2048,387,384,282110,7937,709953,1822900
2049,393,404,281717,7926,710357,1796600
2050,371,425,281346,7872,710782,2118100
2051,389,397,280957,7864,711179,1965600
2052,367,431,280590,7800,711610,1823400
2053,338,389,280252,7749,711999,1729500
2054,336,385,279916,7700,712384,1703800
2055,362,388,279554,7674,712772,1838000
2056,379,366,279175,7687,713138,1895900
2057,339,374,278836,7652,713512,1811100
2058,353,388,278483,7617,713900,1732000
2059,332,375,278151,7574,714275,1680600
2060,364,378,277787,7560,714653,1828700
2061,356,392,277431,7524,715045,1861600
2062,373,396,277058,7501,715441,1908200
2063,365,381,276693,7485,715822,1802800
2064,351,351,276342,7485,716173,1763100
2065,380,403,275962,7462,716576,1725600
2066,353,357,275609,7458,716933,1801900
2067,379,377,275230,7460,717310,1826900
2068,362,348,274868,7474,717658,1734300
2069,398,368,274470,7504,718026,1708300
2070,372,386,274098,7490,718412,1795400
2071,358,419,273740,7429,718831,1760600
2072,354,375,273386,7408,719206,1723100
2073,367,385,273019,7390,719591,1706600
2074,353,367,272666,7376,719958,1806700
2075,351,350,272315,7377,720308,1781100
2076,353,373,271962,7357,720681,1698800
2077,371,372,271591,7356,721053,1698500
2078,354,414,271237,7296,721467,1808200
2079,357,368,270880,7285,721835,1715100
2080,345,378,270535,7252,722213,1732900
2081,321,343,270214,7230,722556,1977200
2082,353,396,269861,7187,722952,1777400
2083,347,334,269514,7200,723286,1813800
2084,336,402,269178,7134,723688,1751200
2085,315,365,268863,7084,724053,1758100
2086,353,370,268510,7067,724423,1742200
2087,391,347,268119,7111,724770,1804300
2088,336,358,267783,7089,725128,1730800
2089,332,364,267451,7057,725492,1815300
2090,343,341,267108,7059,725833,1888700
2091,358,358,266750,7059,726191,1905300
2092,331,342,266419,7048,726533,1808400
2093,367,351,266052,7064,726884,1793000
2094,336,354,265716,7046,727238,1806600
2095,323,363,265393,7006,727601,1804100
2096,324,370,265069,6960,727971,1684000
2097,353,331,264716,6982,728302,1679100
2098,353,322,264363,7013,728624,1757700
2099,349,353,264014,7009,728977,1699200
2100,357,363,263657,7003,729340,1708800
2101,369,378,263288,6994,729718,1755100
2102,328,330,262960,6992,730048,1767100
2103,328,363,262632,6957,730411,1702700
2104,352,339,262280,6970,730750,1848000
2105,342,318,261938,6994,731068,1815100
2106,343,347,261595,6990,731415,1727400
2107,332,388,261263,6934,731803,1720500
2108,358,384,260905,6908,732187,1740100
2109,350,336,260555,6922,732523,1827800
2110,335,358,260220,6899,732881,1799700
2111,329,337,259891,6891,733218,1783400
2112,329,326,259562,6894,733544,1775000
2113,320,347,259242,6867,733891,1744800
2114,315,340,258927,6842,734231,1828300
2115,339,334,258588,6847,734565,1819900
2116,314,359,258274,6802,734924,1788400
2117,334,354,257940,6782,735278,1965900
2118,391,330,257549,6843,735608,1712100
2119,302,349,257247,6796,735957,1663800
2120,329,334,256918,6791,736291,1768100
2121,332,325,256586,6798,736616,1681400
2122,310,372,256276,6736,736988,1689700
2123,345,327,255931,6754,737315,1876000
2124,338,331,255593,6761,737646,1840500
2125,343,341,255250,6763,737987,1703000
2126,326,372,254924,6717,738359,1695500
2127,332,319,254592,6730,738678,1796000
2128,379,295,254213,6814,738973,1773400
2129,333,327,253880,6820,739300,1697800
2130,338,363,253542,6795,739663,1681600
2131,336,336,253206,6795,739999,1796700
2132,316,323,252890,6788,740322,1773400
2133,330,328,252560,6790,740650,1695800
2134,327,337,252233,6780,740987,1696400
2135,338,311,251895,6807,741298,1690100
2136,308,350,251587,6765,741648,1735200
2137,316,342,251271,6739,741990,1710400
2138,319,332,250952,6726,742322,1702900
2139,309,324,250643,6711,742646,1853400
2140,346,336,250297,6721,742982,1789600
2141,318,367,249979,6672,743349,1702300
2142,304,317,249675,6659,743666,1688400
2143,314,306,249361,6667,743972,1736100
2144,295,354,249066,6608,744326,1723500
2145,307,343,248759,6572,744669,1694400
2146,313,333,248446,6552,745002,1687000
2147,306,332,248140,6526,745334,1744500
2148,327,307,247813,6546,745641,1681400
2149,283,330,247530,6499,745971,1668600
2150,306,331,247224,6474,746302,1779400
2151,318,309,246906,6483,746611,2055300
2152,338,319,246568,6502,746930,1714400
2153,325,329,246243,6498,747259,1673400
2154,327,339,245916,6486,747598,1680700
2155,354,315,245562,6525,747913,1736300
2156,320,330,245242,6515,748243,1677900
2157,349,314,244893,6550,748557,1669300
2158,327,295,244566,6582,748852,1799800
2159,304,339,244262,6547,749191,1817100
2160,348,311,243914,6584,749502,1714500
2161,347,344,243567,6587,749846,1709000
2162,300,329,243267,6558,750175,1788400
2163,298,364,242969,6492,750539,1717900
2164,313,338,242656,6467,750877,1689900
2165,340,310,242316,6497,751187,1683200
2166,315,327,242001,6485,751514,1764000
2167,317,328,241684,6474,751842,1673900
2168,315,311,241369,6478,752153,1709900
2169,348,345,241021,6481,752498,1811500
2170,304,321,240717,6464,752819,1767200
2171,312,338,240405,6438,753157,2035900
2172,312,313,240093,6437,753470,1685500
2173,318,307,239775,6448,753777,1688000
2174,295,306,239480,6437,754083,1787500
2175,299,331,239181,6405,754414,1698600
2176,296,318,238885,6383,754732,1765300
2177,322,315,238563,6390,755047,1974300
2178,305,324,238258,6371,755371,1892800
2179,307,334,237951,6344,755705,1701200
2180,301,329,237650,6316,756034,1796000
2181,291,292,237359,6315,756326,1692900
2182,296,316,237063,6295,756642,1673900
2183,311,316,236752,6290,756958,1782000
2184,320,321,236432,6289,757279,1733000
2185,314,309,236118,6294,757588,1693500
2186,305,312,235813,6287,757900,1717500
2187,302,290,235511,6299,758190,1759700
2188,328,319,235183,6308,758509,1822600
2189,352,284,234831,6376,758793,1693500
2190,330,333,234501,6373,759126,1711300
2191,296,327,234205,6342,759453,1701000
2192,310,342,233895,6310,759795,1766600
2193,292,344,233603,6258,760139,1774100
2194,293,305,233310,6246,760444,1727900
2195,343,302,232967,6287,760746,1825200
2196,302,306,232665,6283,761052,1996600
2197,307,333,232358,6257,761385,1858500
2198,310,331,232048,6236,761716,2104700
2199,311,326,231737,6221,762042,1884500
2200,348,305,231389,6264,762347,1836400
2201,317,307,231072,6274,762654,1802500
2202,290,312,230782,6252,762966,2038600
2203,326,319,230456,6259,763285,2070300
2204,308,270,230148,6297,763555,1880100
2205,343,318,229805,6322,763873,2085500
2206,295,291,229510,6326,764164,1828100
2207,310,327,229200,6309,764491,1850200
2208,319,328,228881,6300,764819,1839200
2209,324,323,228557,6301,765142,1857500
2210,345,344,228212,6302,765486,1803300
2211,337,315,227875,6324,765801,1831700
2212,327,323,227548,6328,766124,1893300
2213,307,338,227241,6297,766462,1827600
2214,296,309,226945,6284,766771,1827000
2215,292,328,226653,6248,767099,1820000
2216,301,323,226352,6226,767422,1976100
2217,300,303,226052,6223,767725,1889900
2218,288,328,225764,6183,768053,1821300
2219,285,312,225479,6156,768365,1814900
2220,297,315,225182,6138,768680,2149900
2221,312,321,224870,6129,769001,1817900
2222,315,315,224555,6129,769316,1801300
2223,315,308,224240,6136,769624,1808500
2224,285,308,223955,6113,769932,1806500
2225,295,334,223660,6074,770266,1793900
2226,312,343,223348,6043,770609,1834600
2227,290,293,223058,6040,770902,1826000
2228,286,294,222772,6032,771196,1830900
2229,302,289,222470,6045,771485,2063900
2230,294,324,222176,6015,771809,1862200
2231,303,320,221873,5998,772129,1800500
2232,286,310,221587,5974,772439,1861500
2233,317,281,221270,6010,772720,1805800
2234,302,285,220968,6027,773005,1798200
2235,314,310,220654,6031,773315,1848000
2236,326,283,220328,6074,773598,2200600
2237,322,305,220006,6091,773903,1905700
2238,273,286,219733,6078,774189,1845800
2239,313,278,219420,6113,774467,2033900
2240,311,321,219109,6103,774788,1816000
2241,333,322,218776,6114,775110,1778500
2242,298,318,218478,6094,775428,1800300
2243,308,288,218170,6114,775716,1790200
2244,260,287,217910,6087,776003,2017700
2245,280,304,217630,6063,776307,1936700
2246,267,325,217363,6005,776632,2101600
2247,289,298,217074,5996,776930,1892800
2248,288,299,216786,5985,777229,1871600
2249,298,309,216488,5974,777538,1862400
2250,263,259,216225,5978,777797,1924900
2251,290,306,215935,5962,778103,1839900
2252,312,294,215623,5980,778397,1933300
2253,280,285,215343,5975,778682,1906000
2254,296,292,215047,5979,778974,1788600
2255,319,278,214728,6020,779252,1978100
2256,278,292,214450,6006,779544,1800400
2257,294,289,214156,6011,779833,2008100
2258,265,309,213891,5967,780142,1861400
2259,318,292,213573,5993,780434,1837000
2260,293,317,213280,5969,780751,1855400
2261,290,299,212990,5960,781050,1854100
2262,276,305,212714,5931,781355,1883000
2263,291,306,212423,5916,781661,1731500
2264,287,300,212136,5903,781961,1826700
2265,317,289,211819,5931,782250,1811300
2266,300,330,211519,5901,782580,1814900
2267,262,284,211257,5879,782864,1850800
2268,281,301,210976,5859,783165,1857700
2269,267,259,210709,5867,783424,1773000
2270,286,291,210423,5862,783715,1824700
2271,240,301,210183,5801,784016,1825300
2272,295,284,209888,5812,784300,1798500
2273,267,285,209621,5794,784585,1873600
2274,286,282,209335,5798,784867,1808800
2275,267,307,209068,5758,785174,1803600
2276,303,257,208765,5804,785431,1845400
2277,328,290,208437,5842,785721,1849900
2278,267,293,208170,5816,786014,1854700
2279,304,251,207866,5869,786265,1959500
2280,310,304,207556,5875,786569,2143700
2281,282,313,207274,5844,786882,1840600
2282,281,295,206993,5830,787177,2044300
2283,282,308,206711,5804,787485,1980400
2284,290,325,206421,5769,787810,1813600
2285,309,291,206112,5787,788101,1800500
2286,284,312,205828,5759,788413,1769400
2287,275,280,205553,5754,788693,1844200
2288,294,276,205259,5772,788969,1901900
2289,314,320,204945,5766,789289,1824800
2290,274,316,204671,5724,789605,1948000
2291,280,292,204391,5712,789897,1860100
2292,287,280,204104,5719,790177,1780300
2293,280,278,203824,5721,790455,1796500
2294,281,270,203543,5732,790725,1811700
2295,290,288,203253,5734,791013,1949000
2296,280,284,202973,5730,791297,2088300
2297,247,294,202726,5683,791591,1852400
2298,279,268,202447,5694,791859,1822400
2299,266,298,202181,5662,792157,1807400
2300,262,287,201919,5637,792444,1799000
2301,287,275,201632,5649,792719,1785400
2302,261,291,201371,5619,793010,1786400
2303,236,312,201135,5543,793322,1856400
2304,282,301,200853,5524,793623,1855900
2305,265,284,200588,5505,793907,1747200
2306,290,299,200298,5496,794206,1840000
2307,288,268,200010,5516,794474,1765300
2308,273,285,199737,5504,794759,1860100
2309,242,294,199495,5452,795053,1881800
2310,284,296,199211,5440,795349,1791600
2311,273,288,198938,5425,795637,1804000
2312,299,269,198639,5455,795906,1811100
2313,305,279,198334,5481,796185,2001900
2314,269,285,198065,5465,796470,2164700
2315,301,250,197764,5516,796720,1860800
2316,295,266,197469,5545,796986,1828300
2317,271,277,197198,5539,797263,1822400
2318,262,303,196936,5498,797566,1954400
2319,274,284,196662,5488,797850,1973300
2320,280,327,196382,5441,798177,2328400
2321,284,272,196098,5453,798449,1966300
2322,286,270,195812,5469,798719,1887900
2323,272,285,195540,5456,799004,1849600
2324,250,263,195290,5443,799267,1819000
2325,261,288,195029,5416,799555,1821300
2326,289,266,194740,5439,799821,1920000
2327,273,280,194467,5432,800101,1818200
2328,263,284,194204,5411,800385,1780100
2329,269,261,193935,5419,800646,1873800
2330,257,254,193678,5422,800900,1864800
2331,281,287,193397,5416,801187,1836500
2332,278,277,193119,5417,801464,1793900
2333,313,264,192806,5466,801728,1805400
2334,275,262,192531,5479,801990,1885000
2335,269,252,192262,5496,802242,1893500
2336,296,242,191966,5550,802484,1781300
2337,300,290,191666,5560,802774,1848600
2338,242,269,191424,5533,803043,1805700
2339,278,261,191146,5550,803304,1813300
2340,269,293,190877,5526,803597,2100200
2341,274,282,190603,5518,803879,1883100
2342,264,293,190339,5489,804172,1837800
2343,264,270,190075,5483,804442,1775800
2344,288,263,189787,5508,804705,1953200
2345,277,269,189510,5516,804974,1825300
2346,269,245,189241,5540,805219,1867400
2347,275,261,188966,5554,805480,1818300
2348,260,293,188706,5521,805773,1815900
2349,271,254,188435,5538,806027,1793900
2350,238,268,188197,5508,806295,1786000
2351,280,298,187917,5490,806593,1760100
2352,244,270,187673,5464,806863,1706800
2353,255,305,187418,5414,807168,1786900
2354,254,286,187164,5382,807454,1863300
2355,250,280,186914,5352,807734,1836900
2356,264,279,186650,5337,808013,1899700
2357,244,261,186406,5320,808274,1763000
2358,232,261,186174,5291,808535,1716700
2359,263,246,185911,5308,808781,1891900
2360,252,261,185659,5299,809042,1774000
2361,249,235,185410,5313,809277,1788700
2362,270,252,185140,5331,809529,1777600
2363,266,279,184874,5318,809808,1782800
2364,270,290,184604,5298,810098,1909100
2365,271,267,184333,5302,810365,1739300
2366,282,268,184051,5316,810633,1804900
2367,266,264,183785,5318,810897,1737800
2368,283,236,183502,5365,811133,1759000
2369,280,256,183222,5389,811389,1707500
2370,255,279,182967,5365,811668,1699900
2371,271,273,182696,5363,811941,1932100
2372,269,271,182427,5361,812212,1691100
2373,264,288,182163,5337,812500,1723400
2374,249,260,181914,5326,812760,1709500
2375,265,264,181649,5327,813024,1743200
2376,228,264,181421,5291,813288,1948900
2377,251,252,181170,5290,813540,1718800
2378,255,273,180915,5272,813813,1726200
2379,272,251,180643,5293,814064,1828200
2380,296,290,180347,5299,814354,1805000
2381,291,262,180056,5328,814616,1808500
2382,255,264,179801,5319,814880,1794200
2383,254,245,179547,5328,815125,1772500
2384,261,275,179286,5314,815400,1782800
2385,266,258,179020,5322,815658,1775000
2386,269,286,178751,5305,815944,1777800
2387,261,262,178490,5304,816206,1847500
2388,264,254,178226,5314,816460,1844100
2389,251,250,177975,5315,816710,1832800
2390,242,260,177733,5297,816970,1853500
2391,255,272,177478,5280,817242,1791200
2392,292,247,177186,5325,817489,1865000
2393,247,257,176939,5315,817746,2083500
2394,247,250,176692,5312,817996,1831500
2395,260,249,176432,5323,818245,2134500
2396,260,255,176172,5328,818500,1791900
2397,243,266,175929,5305,818766,1829600
2398,264,277,175665,5292,819043,1766300
2399,274,272,175391,5294,819315,1764400
2400,266,266,175125,5294,819581,1765000
2401,253,268,174872,5279,819849,1730100
2402,251,241,174621,5289,820090,1727900
2403,267,253,174354,5303,820343,1755900
2404,249,280,174105,5272,820623,1760900
2405,259,258,173846,5273,820881,2057200
2406,239,263,173607,5249,821144,1777200
2407,253,284,173354,5218,821428,1708900
2408,244,279,173110,5183,821707,1987800
2409,233,258,172877,5158,821965,1711200
2410,260,277,172617,5141,822242,1700100
2411,255,226,172362,5170,822468,1740300
2412,253,291,172109,5132,822759,1753100
2413,250,273,171859,5109,823032,1676800
2414,259,230,171600,5138,823262,1719300
2415,240,245,171360,5133,823507,1951400
2416,253,250,171107,5136,823757,1882800
2417,236,263,170871,5109,824020,1926900
2418,246,244,170625,5111,824264,1719600
2419,254,237,170371,5128,824501,1951900
2420,237,257,170134,5108,824758,1989100
2421,234,265,169900,5077,825023,1870800
2422,260,278,169640,5059,825301,1711500
2423,271,256,169369,5074,825557,1715100
2424,265,258,169104,5081,825815,1758900
2425,237,248,168867,5070,826063,1859200
2426,266,258,168601,5078,826321,1687700
2427,268,254,168333,5092,826575,1921200
2428,245,230,168088,5107,826805,1896800
2429,258,262,167830,5103,827067,1790600
2430,259,251,167571,5111,827318,1961600
2431,264,241,167307,5134,827559,1685400
2432,252,278,167055,5108,827837,1948300
2433,276,257,166779,5127,828094,1787000
2434,247,227,166532,5147,828321,1969000
2435,221,248,166311,5120,828569,1748000
2436,261,226,166050,5155,828795,1758500
2437,248,270,165802,5133,829065,1771900
2438,270,241,165532,5162,829306,1813200
2439,269,265,165263,5166,829571,1803700
2440,252,260,165011,5158,829831,1815100
2441,266,244,164745,5180,830075,1741600
2442,252,260,164493,5172,830335,1738700
2443,264,289,164229,5147,830624,1707300
2444,283,287,163946,5143,830911,1769000
2445,222,248,163724,5117,831159,1879700
2446,282,244,163442,5155,831403,1705800
2447,239,261,163203,5133,831664,1735700
2448,264,242,162939,5155,831906,1798500
2449,243,231,162696,5167,832137,1772000
2450,246,273,162450,5140,832410,1710300
2451,244,250,162206,5134,832660,1893600
2452,237,224,161969,5147,832884,1769800
2453,254,258,161715,5143,833142,1784000
2454,267,262,161448,5148,833404,1937000
2455,230,267,161218,5111,833671,1902800
2456,236,260,160982,5087,833931,1763900
2457,256,226,160726,5117,834157,1780000
2458,264,252,160462,5129,834409,1802300
2459,243,269,160219,5103,834678,1725700
2460,250,235,159969,5118,834913,1722500
2461,241,259,159728,5100,835172,1706800
2462,256,250,159472,5106,835422,1737400
2463,266,253,159206,5119,835675,2191500
2464,268,248,158938,5139,835923,1724500
2465,251,256,158687,5134,836179,1916100
2466,265,268,158422,5131,836447,1946400
2467,255,247,158167,5139,836694,1849600
2468,250,269,157917,5120,836963,1835100
2469,251,243,157666,5128,837206,1740800
2470,257,247,157409,5138,837453,1715900
2471,305,265,157104,5178,837718,2264800
2472,253,261,156851,5170,837979,1795700
2473,271,290,156580,5151,838269,1823200
2474,249,252,156331,5148,838521,2277500
2475,259,257,156072,5150,838778,2080700
2476,230,238,155842,5142,839016,1851000
2477,269,248,155573,5163,839264,1821400
2478,271,271,155302,5163,839535,1787800
2479,285,273,155017,5175,839808,1831200
2480,246,282,154771,5139,840090,2017200
2481,248,256,154523,5131,840346,1770700
2482,253,233,154270,5151,840579,2002000
2483,251,250,154019,5152,840829,1958400
2484,245,249,153774,5148,841078,1768100
2485,272,224,153502,5196,841302,1817900
2486,264,232,153238,5228,841534,1750500
2487,276,272,152962,5232,841806,1809000
2488,263,293,152699,5202,842099,1939800
2489,265,269,152434,5198,842368,1768600
2490,262,241,152172,5219,842609,1750500
2491,251,277,151921,5193,842886,1830100
2492,267,265,151654,5195,843151,1812500
2493,288,266,151366,5217,843417,1818200
2494,254,259,151112,5212,843676,1794700
2495,255,272,150857,5195,843948,1832200
2496,252,249,150605,5198,844197,1851500
2497,258,256,150347,5200,844453,2015300
2498,244,244,150103,5200,844697,1818400
2499,276,261,149827,5215,844958,1983800
2500,246,228,149581,5233,845186,2168200
2501,247,261,149334,5219,845447,2045200
2502,262,239,149072,5242,845686,2086000
2503,253,265,148819,5230,845951,2017000
2504,247,250,148572,5227,846201,1932800
2505,270,242,148302,5255,846443,1948700
2506,254,259,148048,5250,846702,2049900
2507,266,269,147782,5247,846971,1931600
2508,254,268,147528,5233,847239,1951300
2509,242,270,147286,5205,847509,2002300
2510,252,269,147034,5188,847778,1987900
2511,284,269,146750,5203,848047,1904100
2512,258,269,146492,5192,848316,1869000
2513,253,242,146239,5203,848558,1826900
2514,267,255,145972,5215,848813,1896400
2515,247,270,145725,5192,849083,1895800
2516,269,248,145456,5213,849331,1877000
2517,232,257,145224,5188,849588,1893500
2518,226,245,144998,5169,849833,2243100
2519,261,235,144737,5195,850068,1910600
2520,261,261,144476,5195,850329,1786200
2521,245,247,144231,5193,850576,1820000
2522,254,258,143977,5189,850834,1786800
2523,254,255,143723,5188,851089,1827000
2524,289,263,143434,5214,851352,1742800
2525,262,243,143172,5233,851595,1783200
2526,252,238,142920,5247,851833,1799100
2527,261,231,142659,5277,852064,1741700
2528,234,253,142425,5258,852317,1740200
2529,223,275,142202,5206,852592,1735400
2530,251,276,141951,5181,852868,1785400
2531,233,256,141718,5158,853124,2152300
2532,251,271,141467,5138,853395,1801600
2533,264,248,141203,5154,853643,1746800
2534,243,239,140960,5158,853882,1670500
2535,250,258,140710,5150,854140,1709500
2536,240,269,140470,5121,854409,1806900
2537,234,252,140236,5103,854661,1771900
2538,269,238,139967,5134,854899,1679700
2539,252,251,139715,5135,855150,1618400
2540,252,251,139463,5136,855401,1933700
2541,257,268,139206,5125,855669,1686500
2542,250,255,138956,5120,855924,1849500
2543,215,239,138741,5096,856163,1747700
2544,229,249,138512,5076,856412,1805200
2545,250,250,138262,5076,856662,1753700
2546,252,280,138010,5048,856942,1643600
2547,247,264,137763,5031,857206,1955700
2548,256,226,137507,5061,857432,1761100
2549,222,274,137285,5009,857706,1784500
2550,228,256,137057,4981,857962,1692700
2551,227,237,136830,4971,858199,1679900
2552,277,250,136553,4998,858449,1697000
2553,268,229,136285,5037,858678,1752200
2554,227,256,136058,5008,858934,1663900
2555,252,251,135806,5009,859185,1661000
2556,219,272,135587,4956,859457,1786000
2557,219,244,135368,4931,859701,1705000
2558,203,258,135165,4876,859959,1633900
2559,234,217,134931,4893,860176,1779400
2560,221,237,134710,4877,860413,1791500
2561,221,261,134489,4837,860674,1640800
2562,240,243,134249,4834,860917,1652300
2563,212,225,134037,4821,861142,2127900
2564,254,257,133783,4818,861399,1797100
2565,211,237,133572,4792,861636,1728400
2566,237,215,133335,4814,861851,1677800
2567,241,237,133094,4818,862088,1906300
2568,231,266,132863,4783,862354,1693500
2569,218,238,132645,4763,862592,2090300
2570,220,241,132425,4742,862833,1810300
2571,228,249,132197,4721,863082,1764600
2572,214,250,131983,4685,863332,1669200
2573,221,242,131762,4664,863574,2104100
2574,226,221,131536,4669,863795,1994700
2575,240,258,131296,4651,864053,1712400
2576,223,244,131073,4630,864297,1674800
2577,222,211,130851,4641,864508,1754000
2578,224,242,130627,4623,864750,1657800
2579,204,225,130423,4602,864975,1686500
2580,206,239,130217,4569,865214,1661100
2581,230,241,129987,4558,865455,1934500
2582,223,243,129764,4538,865698,1755200
2583,210,232,129554,4516,865930,1738000
2584,217,219,129337,4514,866149,1852100
2585,233,247,129104,4500,866396,2124900
2586,222,215,128882,4507,866611,1943100
2587,250,237,128632,4520,866848,1894300
2588,228,228,128404,4520,867076,1788600
2589,219,227,128185,4512,867303,1753400
2590,242,233,127943,4521,867536,2034500
2591,214,241,127729,4494,867777,1763700
2592,220,220,127509,4494,867997,1781500
2593,222,221,127287,4495,868218,1842400
2594,206,218,127081,4483,868436,1796700
2595,230,244,126851,4469,868680,2171200
2596,219,203,126632,4485,868883,1838400
2597,215,219,126417,4481,869102,1766900
2598,233,219,126184,4495,869321,2186500
2599,216,229,125968,4482,869550,1868400
2600,221,210,125747,4493,869760,1807100
2601,215,223,125532,4485,869983,2209300
2602,245,232,125287,4498,870215,1797300
2603,235,221,125052,4512,870436,1785000
2604,234,218,124818,4528,870654,1835200
2605,234,229,124584,4533,870883,1819100
2606,234,238,124350,4529,871121,1770700
2607,219,204,124131,4544,871325,1793900
2608,233,251,123898,4526,871576,1818700
2609,235,229,123663,4532,871805,2043900
2610,218,212,123445,4538,872017,2127500
2611,247,253,123198,4532,872270,1811600
2612,221,215,122977,4538,872485,1891600
2613,249,232,122728,4555,872717,1843000
2614,221,249,122507,4527,872966,1869200
2615,233,228,122274,4532,873194,1790300
2616,209,233,122065,4508,873427,1979200
2617,215,223,121850,4500,873650,1825000
2618,235,238,121615,4497,873888,2028900
2619,213,223,121402,4487,874111,1861400
2620,240,191,121162,4536,874302,1796200
2621,221,218,120941,4539,874520,1808300
2622,209,204,120732,4544,874724,1791100
2623,203,209,120529,4538,874933,2116100
2624,226,206,120303,4558,875139,1963400
2625,212,239,120091,4531,875378,1838400
2626,235,241,119856,4525,875619,1812000
2627,218,238,119638,4505,875857,1765500
2628,225,222,119413,4508,876079,1819500
2629,226,214,119187,4520,876293,1753900
2630,245,248,118942,4517,876541,2294400
2631,255,219,118687,4553,876760,1897400
2632,220,208,118467,4565,876968,1887000
2633,243,231,118224,4577,877199,2227500
2634,228,238,117996,4567,877437,1819800
2635,229,216,117767,4580,877653,1966000
2636,229,205,117538,4604,877858,1829000
2637,218,224,117320,4598,878082,1805400
2638,235,243,117085,4590,878325,1882600
2639,237,239,116848,4588,878564,1834800
2640,217,239,116631,4566,878803,1846700
2641,196,222,116435,4540,879025,1905500
2642,217,244,116218,4513,879269,1897200
2643,245,207,115973,4551,879476,1940800
2644,222,242,115751,4531,879718,1871800
2645,236,241,115515,4526,879959,1839100
2646,247,236,115268,4537,880195,1830000
2647,221,236,115047,4522,880431,1916100
2648,205,248,114842,4479,880679,2072300
2649,221,217,114621,4483,880896,1903800
2650,235,210,114386,4508,881106,1806700
2651,237,224,114149,4521,881330,2013500
2652,212,227,113937,4506,881557,1835400
2653,202,231,113735,4477,881788,1808800
2654,217,206,113518,4488,881994,1809700
2655,213,220,113305,4481,882214,1752200
2656,220,211,113085,4490,882425,1770700
2657,238,212,112847,4516,882637,1804900
2658,229,228,112618,4517,882865,1772000
2659,220,228,112398,4509,883093,1772000
2660,214,214,112184,4509,883307,1957700
2661,204,228,111980,4485,883535,1785600
2662,236,228,111744,4493,883763,1766200
2663,210,220,111534,4483,883983,1904500
2664,206,220,111328,4469,884203,1830800
2665,208,221,111120,4456,884424,1782100
2666,212,245,110908,4423,884669,1821700
2667,219,213,110689,4429,884882,1839800
2668,202,247,110487,4384,885129,1812500
2669,211,209,110276,4386,885338,1823300
2670,211,221,110065,4376,885559,1787600
2671,208,231,109857,4353,885790,1773800
2672,204,233,109653,4324,886023,1756600
2673,230,216,109423,4338,886239,1939400
2674,218,186,109205,4370,886425,1777200
2675,202,212,109003,4360,886637,1852800
2676,225,224,108778,4361,886861,1821700
2677,217,250,108561,4328,887111,1782200
2678,238,226,108323,4340,887337,1765100
2679,238,187,108085,4391,887524,1822100
2680,217,254,107868,4354,887778,2038600
2681,231,201,107637,4384,887979,1821000
2682,211,225,107426,4370,888204,1825800
2683,218,213,107208,4375,888417,1820800
2684,233,245,106975,4363,888662,1829200
2685,216,214,106759,4365,888876,1813400
2686,200,210,106559,4355,889086,1743300
2687,238,214,106321,4379,889300,1821100
2688,198,190,106123,4387,889490,1818500
2689,231,232,105892,4386,889722,1800700
2690,232,192,105660,4426,889914,1738800
2691,222,209,105438,4439,890123,1818800
2692,224,233,105214,4430,890356,1819500
2693,238,213,104976,4455,890569,1801200
2694,203,208,104773,4450,890777,1786500
2695,243,203,104530,4490,890980,1770800
2696,214,206,104316,4498,891186,1804900
2697,223,211,104093,4510,891397,1783700
2698,216,230,103877,4496,891627,1739800
2699,199,235,103678,4460,891862,1821800
2700,214,231,103464,4443,892093,1845600
2701,223,212,103241,4454,892305,1845000
2702,215,240,103026,4429,892545,1775700
2703,240,206,102786,4463,892751,1810300
2704,216,244,102570,4435,892995,1778200
2705,193,217,102377,4411,893212,1952400
2706,195,219,102182,4387,893431,1869700
2707,198,224,101984,4361,893655,1773200
2708,230,217,101754,4374,893872,1833800
2709,201,199,101553,4376,894071,1839000
2710,213,229,101340,4360,894300,1785100
2711,222,206,101118,4376,894506,1659000
2712,189,210,100929,4355,894716,1798500
2713,214,231,100715,4338,894947,1795100
2714,208,222,100507,4324,895169,1673600
2715,205,239,100302,4290,895408,1773000
2716,210,228,100092,4272,895636,1797100
2717,201,216,99891,4257,895852,1801300
2718,203,243,99688,4217,896095,1831000
2719,222,215,99466,4224,896310,1793500
2720,217,202,99249,4239,896512,1690300
2721,215,229,99034,4225,896741,1857400
2722,217,185,98817,4257,896926,1852800
2723,208,216,98609,4249,897142,1770200
2724,216,232,98393,4233,897374,1776000
2725,174,224,98219,4183,897598,1810400
2726,227,212,97992,4198,897810,1688600
2727,216,216,97776,4198,898026,1696200
2728,207,205,97569,4200,898231,1687300
2729,204,209,97365,4195,898440,1707100
2730,206,206,97159,4195,898646,1788600
2731,191,216,96968,4170,898862,1795700
2732,202,189,96766,4183,899051,1681800
2733,176,217,96590,4142,899268,1658300
2734,212,222,96378,4132,899490,1773000
2735,204,215,96174,4121,899705,1718600
2736,197,195,95977,4123,899900,1705100
2737,207,211,95770,4119,900111,1743200
2738,176,212,95594,4083,900323,1780300
2739,201,205,95393,4079,900528,1695500
2740,195,206,95198,4068,900734,1664700
2741,200,200,94998,4068,900934,1770800
2742,203,207,94795,4064,901141,1756200
2743,205,194,94590,4075,901335,1735100
2744,194,215,94396,4054,901550,1683300
2745,184,192,94212,4046,901742,1759000
2746,221,200,93991,4067,901942,1642100
2747,188,217,93803,4038,902159,1895600
2748,210,196,93593,4052,902355,1688500
2749,206,190,93387,4068,902545,1642700
2750,202,208,93185,4062,902753,1654200
2751,210,214,92975,4058,902967,1670000
2752,200,206,92775,4052,903173,1770000
2753,225,191,92550,4086,903364,1729200
2754,203,213,92347,4076,903577,1674300
2755,221,205,92126,4092,903782,1703400
2756,215,185,91911,4122,903967,1696200
2757,197,209,91714,4110,904176,1707300
2758,203,196,91511,4117,904372,1677000
2759,215,204,91296,4128,904576,1786800
2760,233,222,91063,4139,904798,2087900
2761,197,194,90866,4142,904992,1793400
2762,222,240,90644,4124,905232,1674000
2763,223,202,90421,4145,905434,1693400
2764,210,223,90211,4132,905657,1658600
2765,197,212,90014,4117,905869,1700400
2766,207,186,89807,4138,906055,1707900
2767,180,216,89627,4102,906271,1751600
2768,203,224,89424,4081,906495,1766800
2769,196,210,89228,4067,906705,1698200
2770,198,218,89030,4047,906923,1634800
2771,198,200,88832,4045,907123,1775500
2772,199,214,88633,4030,907337,1743600
2773,197,185,88436,4042,907522,1654600
2774,194,215,88242,4021,907737,1678400
2775,179,226,88063,3974,907963,1747500
2776,191,195,87872,3970,908158,1661300
2777,205,190,87667,3985,908348,1742800
2778,192,219,87475,3958,908567,1781500
2779,214,183,87261,3989,908750,1644000
2780,186,221,87075,3954,908971,1664200
2781,216,181,86859,3989,909152,1736800
2782,227,210,86632,4006,909362,1970300
2783,204,200,86428,4010,909562,1866300
2784,218,200,86210,4028,909762,1689900
2785,202,187,86008,4043,909949,1625200
2786,227,182,85781,4088,910131,1786100
2787,215,200,85566,4103,910331,1751200
2788,215,220,85351,4098,910551,1742300
2789,219,218,85132,4099,910769,1775100
2790,235,223,84897,4111,910992,2041900
2791,230,214,84667,4127,911206,2055700
2792,226,216,84441,4137,911422,1830800
2793,215,234,84226,4118,911656,2112500
2794,238,236,83988,4120,911892,1920000
2795,230,198,83758,4152,912090,1986100
2796,219,198,83539,4173,912288,2343100
2797,203,186,83336,4190,912474,2028700
2798,241,206,83095,4225,912680,1831100
2799,233,226,82862,4232,912906,1796200
2800,227,220,82635,4239,913126,1874000
2801,203,223,82432,4219,913349,1825700
2802,205,217,82227,4207,913566,1763700
2803,204,217,82023,4194,913783,2044700
2804,200,204,81823,4190,913987,1801300
2805,176,207,81647,4159,914194,2051500
2806,212,234,81435,4137,914428,1991400
2807,218,189,81217,4166,914617,2021800
2808,194,205,81023,4155,914822,1845200
2809,203,181,80820,4177,915003,1836900
2810,182,229,80638,4130,915232,2016000
2811,185,214,80453,4101,915446,1825200
2812,197,201,80256,4097,915647,1787100
2813,211,202,80045,4106,915849,1753000
2814,208,214,79837,4100,916063,1945300
2815,196,181,79641,4115,916244,1800900
2816,207,203,79434,4119,916447,1852400
2817,227,226,79207,4120,916673,1808900
2818,202,204,79005,4118,916877,1788100
2819,192,214,78813,4096,917091,1875300
2820,205,195,78608,4106,917286,2077700
2821,204,218,78404,4092,917504,1921300
2822,229,200,78175,4121,917704,1778200
2823,192,198,77983,4115,917902,2268500
2824,234,203,77749,4146,918105,1984100
2825,202,214,77547,4134,918319,2052300
2826,231,194,77316,4171,918513,1800000
2827,206,231,77110,4146,918744,1754200
2828,212,199,76898,4159,918943,1766300
2829,226,226,76672,4159,919169,1829700
2830,196,207,76476,4148,919376,1795100
2831,177,184,76299,4141,919560,1962600
2832,188,230,76111,4099,919790,1841300
2833,213,202,75898,4110,919992,1819600
2834,190,201,75708,4099,920193,1786300
2835,212,215,75496,4096,920408,1854200
2836,181,195,75315,4082,920603,1762800
2837,172,208,75143,4046,920811,1766500
2838,207,235,74936,4018,921046,1870000
2839,205,211,74731,4012,921257,1811100
2840,181,196,74550,3997,921453,1973700
2841,194,191,74356,4000,921644,1969300
2842,183,213,74173,3970,921857,1784900
2843,192,196,73981,3966,922053,1720900
2844,196,204,73785,3958,922257,1768700
2845,157,199,73628,3916,922456,1774000
2846,180,185,73448,3911,922641,1722100
2847,173,189,73275,3895,922830,1891200
2848,138,207,73137,3826,923037,1765200
2849,194,206,72943,3814,923243,1818100
2850,163,210,72780,3767,923453,1931400
2851,200,214,72580,3753,923667,1779500
2852,178,170,72402,3761,923837,1947800
2853,185,195,72217,3751,924032,2165300
2854,184,185,72033,3750,924217,1786000
2855,182,186,71851,3746,924403,1824600
2856,192,183,71659,3755,924586,1832800
2857,205,188,71454,3772,924774,1812300
2858,167,185,71287,3754,924959,1773600
2859,186,165,71101,3775,925124,1789200
2860,183,184,70918,3774,925308,1785700
2861,203,187,70715,3790,925495,1811100
2862,194,198,70521,3786,925693,1758200
2863,206,176,70315,3816,925869,1797300
2864,193,197,70122,3812,926066,1841500
2865,180,186,69942,3806,926252,1962400
2866,179,212,69763,3773,926464,1937200
2867,165,207,69598,3731,926671,1840200
2868,190,208,69408,3713,926879,1799700
2869,209,178,69199,3744,927057,1788900
2870,214,180,68985,3778,927237,1738700
2871,205,191,68780,3792,927428,1899900
2872,226,195,68554,3823,927623,1780900
2873,168,195,68386,3796,927818,1802200
2874,182,208,68204,3770,928026,2283300
2875,192,212,68012,3750,928238,1854900
2876,184,181,67828,3753,928419,1830200
2877,184,186,67644,3751,928605,1768200
2878,198,207,67446,3742,928812,1782700
2879,223,180,67223,3785,928992,1765900
2880,188,195,67035,3778,929187,1799100
2881,174,197,66861,3755,929384,1769700
2882,188,161,66673,3782,929545,1742500
2883,194,184,66479,3792,929729,1838500
2884,202,185,66277,3809,929914,1777800
2885,199,184,66078,3824,930098,1816900
2886,159,208,65919,3775,930306,1780000
2887,198,223,65721,3750,930529,1770600
2888,197,182,65524,3765,930711,1738900
2889,199,195,65325,3769,930906,1906900
2890,190,195,65135,3764,931101,1792000
2891,190,208,64945,3746,931309,1919300
2892,208,186,64737,3768,931495,1756600
2893,187,179,64550,3776,931674,1798600
2894,193,185,64357,3784,931859,1725300
2895,200,177,64157,3807,932036,2008700
2896,187,197,63970,3797,932233,1800900
2897,190,183,63780,3804,932416,1776900
2898,191,190,63589,3805,932606,1761200
2899,182,197,63407,3790,932803,1803100
2900,196,195,63211,3791,932998,1758200
2901,179,179,63032,3791,933177,1860600
2902,189,174,62843,3806,933351,1760700
2903,199,173,62644,3832,933524,1718300
2904,185,182,62459,3835,933706,1667000
2905,193,174,62266,3854,933880,1781700
2906,181,166,62085,3869,934046,1915100
2907,205,173,61880,3901,934219,1780400
2908,183,189,61697,3895,934408,2039400
2909,213,189,61484,3919,934597,1777400
2910,181,203,61303,3897,934800,1676300
2911,187,174,61116,3910,934974,1778700
2912,195,175,60921,3930,935149,1692300
2913,213,212,60708,3931,935361,1676100
2914,190,192,60518,3929,935553,1655900
2915,204,186,60314,3947,935739,1757200
2916,203,189,60111,3961,935928,1668500
2917,201,197,59910,3965,936125,1783500
2918,176,203,59734,3938,936328,1758600
2919,178,201,59556,3915,936529,1846300
2920,191,179,59365,3927,936708,1671700
2921,181,184,59184,3924,936892,1666500
2922,176,188,59008,3912,937080,1780600
2923,202,195,58806,3919,937275,1741300
2924,199,210,58607,3908,937485,1650000
2925,173,171,58434,3910,937656,1823000
2926,208,207,58226,3911,937863,1731200
2927,194,186,58032,3919,938049,1712600
2928,197,214,57835,3902,938263,1926700
2929,226,207,57609,3921,938470,1711900
2930,217,187,57392,3951,938657,1840400
2931,226,190,57166,3987,938847,2026900
2932,206,196,56960,3997,939043,2021800
2933,200,203,56760,3994,939246,1765600
2934,204,184,56556,4014,939430,1763300
2935,210,180,56346,4044,939610,1953400
2936,175,199,56171,4020,939809,1708800
2937,186,180,55985,4026,939989,1697500
2938,210,199,55775,4037,940188,2064400
2939,204,229,55571,4012,940417,1929900
2940,169,206,55402,3975,940623,1956000
2941,189,183,55213,3981,940806,1712100
2942,201,208,55012,3974,941014,1802500
2943,184,191,54828,3967,941205,1696400
2944,194,226,54634,3935,941431,1766500
2945,213,195,54421,3953,941626,1742100
2946,189,203,54232,3939,941829,1685300
2947,206,199,54026,3946,942028,1682600
2948,197,191,53829,3952,942219,1757000
2949,187,198,53642,3941,942417,1711100
2950,186,213,53456,3914,942630,1689500
2951,192,196,53264,3910,942826,1929800
2952,182,166,53082,3926,942992,1667400
2953,200,197,52882,3929,943189,1672200
2954,176,205,52706,3900,943394,1636300
2955,179,170,52527,3909,943564,1782800
2956,178,197,52349,3890,943761,1733100
2957,194,199,52155,3885,943960,1671500
2958,163,213,51992,3835,944173,1688900
2959,173,197,51819,3811,944370,1663100
2960,175,186,51644,3800,944556,1672400
2961,179,211,51465,3768,944767,1667900
2962,173,177,51292,3764,944944,1782500
2963,153,173,51139,3744,945117,1910600
2964,162,210,50977,3696,945327,1789700
2965,159,158,50818,3697,945485,1625600
2966,168,183,50650,3682,945668,1728600
2967,164,179,50486,3667,945847,1663900
2968,166,171,50320,3662,946018,1620900
2969,161,194,50159,3629,946212,1681700
2970,151,180,50008,3600,946392,1903100
2971,152,223,49856,3529,946615,2014700
2972,152,181,49704,3500,946796,1724700
2973,136,150,49568,3486,946946,1677700
2974,139,167,49429,3458,947113,1699800
2975,158,152,49271,3464,947265,1752300
2976,153,197,49118,3420,947462,1716800
2977,148,152,48970,3416,947614,1968600
2978,140,160,48830,3396,947774,2046300
2979,156,189,48674,3363,947963,1639200
2980,156,166,48518,3353,948129,1808300
2981,134,173,48384,3314,948302,1688500
2982,117,147,48267,3284,948449,1674700
2983,147,164,48120,3267,948613,1802800
2984,131,184,47989,3214,948797,1678600
2985,131,190,47858,3155,948987,1629600
2986,136,160,47722,3131,949147,1671200
2987,129,161,47593,3099,949308,1750400
2988,125,149,47468,3075,949457,1755600
2989,114,155,47354,3034,949612,1725900
2990,142,153,47212,3023,949765,1776900
2991,126,151,47086,2998,949916,1685600
2992,121,144,46965,2975,950060,1667400
2993,124,148,46841,2951,950208,1757600
2994,121,149,46720,2923,950357,1647200
2995,132,148,46588,2907,950505,1732400
2996,155,122,46433,2940,950627,1700400
2997,149,140,46284,2949,950767,1625000
2998,127,174,46157,2902,950941,1733200
2999,139,152,46018,2889,951093,1734600
3000,149,144,45869,2894,951237,1658500
3001,136,144,45733,2886,951381,2023200
3002,127,142,45606,2871,951523,1832500
3003,150,148,45456,2873,951671,1658300
3004,124,135,45332,2862,951806,1665900
3005,171,157,45161,2876,951963,2088400
3006,122,155,45039,2843,952118,1680800
3007,129,145,44910,2827,952263,1682700
3008,155,130,44755,2852,952393,1647800
3009,120,147,44635,2825,952540,1642400
3010,149,152,44486,2822,952692,1748800
3011,113,126,44373,2809,952818,1677000
3012,124,143,44249,2790,952961,1593500
3013,114,129,44135,2775,953090,1765700
3014,116,124,44019,2767,953214,1692600
3015,154,137,43865,2784,953351,1705100
3016,123,141,43742,2766,953492,1785200
3017,145,138,43597,2773,953630,1827400
3018,143,148,43454,2768,953778,1671400
3019,107,126,43347,2749,953904,1942500
3020,110,146,43237,2713,954050,1670900
3021,116,118,43121,2711,954168,1754700
3022,115,131,43006,2695,954299,1760400
3023,106,137,42900,2664,954436,1655500
3024,105,148,42795,2621,954584,1656000
3025,108,133,42687,2596,954717,1720800
3026,112,130,42575,2578,954847,1753300
3027,106,134,42469,2550,954981,1642900
3028,103,117,42366,2536,955098,1751800
3029,112,139,42254,2509,955237,1691300
3030,124,122,42130,2511,955359,1639300
3031,118,150,42012,2479,955509,1771500
3032,112,102,41900,2489,955611,1677300
3033,134,132,41766,2491,955743,1849700
3034,109,135,41657,2465,955878,1657900
3035,119,138,41538,2446,956016,1748900
3036,100,115,41438,2431,956131,1690800
3037,124,123,41314,2432,956254,1645800
3038,123,113,41191,2442,956367,1639800
3039,126,122,41065,2446,956489,1726400
3040,112,116,40953,2442,956605,1698700
3041,108,115,40845,2435,956720,1689500
3042,138,121,40707,2452,956841,1738900
3043,112,117,40595,2447,956958,1640200
3044,95,110,40500,2432,957068,1627900
3045,104,119,40396,2417,957187,1744000
3046,124,114,40272,2427,957301,1645200
3047,119,92,40153,2454,957393,1904200
3048,124,130,40029,2448,957523,1661100
3049,132,126,39897,2454,957649,1720300
3050,111,122,39786,2443,957771,1819300
3051,110,129,39676,2424,957900,1795900
3052,109,131,39567,2402,958031,1774500
3053,112,113,39455,2401,958144,1759800
3054,110,133,39345,2378,958277,1747200
3055,84,117,39261,2345,958394,2045100
3056,107,110,39154,2342,958504,1721900
3057,90,112,39064,2320,958616,1702400
3058,103,119,38961,2304,958735,2035100
3059,116,115,38845,2305,958850,1810100
3060,125,117,38720,2313,958967,1789100
3061,104,116,38616,2301,959083,1825900
3062,113,109,38503,2305,959192,1751100
3063,93,107,38410,2291,959299,1709500
3064,98,116,38312,2273,959415,1957900
3065,103,95,38209,2281,959510,2191400
3066,105,121,38104,2265,959631,1868200
3067,104,101,38000,2268,959732,1797700
3068,85,125,37915,2228,959857,2041000
3069,104,120,37811,2212,959977,1851100
3070,82,123,37729,2171,960100,1814000
3071,115,100,37614,2186,960200,1924500
3072,99,121,37515,2164,960321,1754700
3073,94,120,37421,2138,960441,1708000
3074,70,112,37351,2096,960553,1897400
3075,112,118,37239,2090,960671,1712100
3076,103,96,37136,2097,960767,1718600
3077,97,111,37039,2083,960878,1637600
3078,97,85,36942,2095,960963,1737900
3079,119,104,36823,2110,961067,1707600
3080,121,110,36702,2121,961177,1654300
3081,99,111,36603,2109,961288,1744800
3082,102,110,36501,2101,961398,1657300
3083,103,101,36398,2103,961499,1651600
3084,88,108,36310,2083,961607,1779500
3085,94,116,36216,2061,961723,1652500
3086,105,109,36111,2057,961832,1649800
3087,96,103,36015,2050,961935,1642800
3088,84,104,35931,2030,962039,1659100
3089,94,93,35837,2031,962132,1650600
3090,93,97,35744,2027,962229,1674800
3091,91,103,35653,2015,962332,2285600
3092,81,104,35572,1992,962436,1697600
3093,94,98,35478,1988,962534,1673000
3094,88,111,35390,1965,962645,1877200
3095,90,109,35300,1946,962754,1698800
3096,93,86,35207,1953,962840,1774100
3097,113,110,35094,1956,962950,1733900
3098,98,84,34996,1970,963034,1712000
3099,103,90,34893,1983,963124,1749700
3100,95,85,34798,1993,963209,1789900
3101,99,98,34699,1994,963307,1685800
3102,111,116,34588,1989,963423,1980600
3103,110,98,34478,2001,963521,1727100
3104,88,104,34390,1985,963625,1899500
3105,104,92,34286,1997,963717,1963900
3106,96,98,34190,1995,963815,1905600
3107,104,106,34086,1993,963921,1752800
3108,114,87,33972,2020,964008,1755400
3109,128,87,33844,2061,964095,2121400
3110,110,93,33734,2078,964188,1688100
3111,110,102,33624,2086,964290,1684100
3112,99,103,33525,2082,964393,1748700
3113,110,118,33415,2074,964511,1699900
3114,106,106,33309,2074,964617,1947900
3115,101,82,33208,2093,964699,1713200
3116,117,125,33091,2085,964824,1809700
3117,97,108,32994,2074,964932,1678000
3118,96,107,32898,2063,965039,1672000
3119,91,91,32807,2063,965130,1818200
3120,97,108,32710,2052,965238,1655900
3121,84,116,32626,2020,965354,1708600
3122,95,88,32531,2027,965442,1672800
3123,96,94,32435,2029,965536,1856200
3124,99,114,32336,2014,965650,1663800
3125,87,89,32249,2012,965739,1687500
3126,100,102,32149,2010,965841,1682400
3127,107,93,32042,2024,965934,1729900
3128,107,108,31935,2023,966042,2351800
3129,102,85,31833,2040,966127,1738400
3130,91,89,31742,2042,966216,1701300
3131,81,98,31661,2025,966314,1789700
3132,101,107,31560,2019,966421,1704900
3133,103,88,31457,2034,966509,1915300
3134,94,103,31363,2025,966612,2059800
3135,110,101,31253,2034,966713,1764500
3136,103,96,31150,2041,966809,1803500
3137,113,90,31037,2064,966899,1989700
3138,116,116,30921,2064,967015,1637600
3139,109,88,30812,2085,967103,1646100
3140,102,99,30710,2088,967202,1759000
3141,102,95,30608,2095,967297,1681700
3142,99,92,30509,2102,967389,1675200
3143,113,101,30396,2114,967490,1762600
3144,114,121,30282,2107,967611,2077500
3145,100,107,30182,2100,967718,1951900
3146,106,89,30076,2117,967807,1698600
3147,105,106,29971,2116,967913,1693900
3148,100,93,29871,2123,968006,1697600
3149,98,118,29773,2103,968124,2184700
3150,91,112,29682,2082,968236,1899500
3151,92,106,29590,2068,968342,2713900
3152,110,114,29480,2064,968456,1983600
3153,112,120,29368,2056,968576,3232100
3154,92,98,29276,2050,968674,6165800
3155,99,103,29177,2046,968777,2047500
3156,104,100,29073,2050,968877,1955600
3157,104,133,28969,2021,969010,1939800
3158,78,103,28891,1996,969113,2092500
3159,99,104,28792,1991,969217,1984600
3160,101,87,28691,2005,969304,2082100
3161,107,97,28584,2015,969401,2110600
3162,92,109,28492,1998,969510,1873100
3163,88,92,28404,1994,969602,1920200
3164,99,95,28305,1998,969697,1811000
3165,77,95,28228,1980,969792,1719600
3166,90,101,28138,1969,969893,1804000
3167,86,87,28052,1968,969980,1684700
3168,95,111,27957,1952,970091,1725600
3169,109,98,27848,1963,970189,1818900
3170,87,89,27761,1961,970278,1778400
3171,101,109,27660,1953,970387,1669800
3172,78,112,27582,1919,970499,1665200
3173,72,98,27510,1893,970597,1961100
3174,102,113,27408,1882,970710,1667800
3175,97,93,27311,1886,970803,1677800
3176,87,91,27224,1882,970894,1712000
3177,74,98,27150,1858,970992,1662800
3178,71,82,27079,1847,971074,1663100
3179,93,99,26986,1841,971173,1659300
3180,85,87,26901,1839,971260,2070900
3181,83,101,26818,1821,971361,3187800
3182,100,88,26718,1833,971449,2189200
3183,101,76,26617,1858,971525,2187900
3184,105,101,26512,1862,971626,6112900
3185,94,93,26418,1863,971719,2048800
3186,103,90,26315,1876,971809,1901000
3187,93,103,26222,1866,971912,2024100
3188,90,95,26132,1861,972007,2000300
3189,107,103,26025,1865,972110,2152000
3190,107,85,25918,1887,972195,1854700
3191,97,77,25821,1907,972272,1991500
3192,100,111,25721,1896,972383,1810700
3193,107,95,25614,1908,972478,1813700
3194,111,99,25503,1920,972577,1816100
3195,92,90,25411,1922,972667,1756900
3196,95,98,25316,1919,972765,1881300
3197,83,101,25233,1901,972866,1698400
3198,90,114,25143,1877,972980,1628400
3199,77,105,25066,1849,973085,1749800
3200,101,78,24965,1872,973163,1702500
3201,106,93,24859,1885,973256,1645000
3202,88,101,24771,1872,973357,1646200
3203,79,78,24692,1873,973435,1734300
3204,86,91,24606,1868,973526,1671600
3205,97,111,24509,1854,973637,1612400
3206,95,90,24414,1859,973727,1639400
3207,94,111,24320,1842,973838,1687900
3208,75,112,24245,1805,973950,1714600
3209,81,104,24164,1782,974054,1708700
3210,89,92,24075,1779,974146,1724200
3211,75,86,24000,1768,974232,1634600
3212,82,66,23918,1784,974298,1639500
3213,73,75,23845,1782,974373,1663000
3214,78,91,23767,1769,974464,1642500
3215,60,84,23707,1745,974548,1880200
3216,68,81,23639,1732,974629,1651500
3217,87,99,23552,1720,974728,1664400
3218,85,97,23467,1708,974825,1638800
3219,88,81,23379,1715,974906,1732200
3220,64,91,23315,1688,974997,1636100
3221,67,86,23248,1669,975083,1626500
3222,84,92,23164,1661,975175,1827400
3223,56,91,23108,1626,975266,1677100
3224,64,75,23044,1615,975341,1634600
3225,68,82,22976,1601,975423,1749100
3226,72,78,22904,1595,975501,1691900
3227,69,97,22835,1567,975598,1626300
3228,73,72,22762,1568,975670,1756100
3229,75,66,22687,1577,975736,1712600
3230,65,88,22622,1554,975824,1626700
3231,68,92,22554,1530,975916,1647100
3232,60,73,22494,1517,975989,1720500
3233,63,73,22431,1507,976062,1746200
3234,62,70,22369,1499,976132,1669200
3235,61,82,22308,1478,976214,1767700
3236,66,63,22242,1481,976277,1713800
3237,67,67,22175,1481,976344,1633500
3238,63,65,22112,1479,976409,1642400
3239,64,73,22048,1470,976482,1687000
3240,69,82,21979,1457,976564,1590900
3241,73,77,21906,1453,976641,1623900
3242,75,76,21831,1452,976717,1657500
3243,67,87,21764,1432,976804,1763800
3244,58,70,21706,1420,976874,1760600
3245,60,70,21646,1410,976944,1797800
3246,61,51,21585,1420,976995,1965700
3247,53,83,21532,1390,977078,1659300
3248,87,86,21445,1391,977164,1687100
3249,73,74,21372,1390,977238,1745000
3250,67,69,21305,1388,977307,1673200
3251,61,57,21244,1392,977364,1650200
3252,70,66,21174,1396,977430,1667600
3253,65,63,21109,1398,977493,1671400
3254,52,74,21057,1376,977567,1634700
3255,75,73,20982,1378,977640,1723900
3256,56,67,20926,1367,977707,1667200
3257,56,67,20870,1356,977774,1624600
3258,60,54,20810,1362,977828,1749200
3259,55,64,20755,1353,977892,1688300
3260,50,63,20705,1340,977955,1626500
3261,61,66,20644,1335,978021,1661000
3262,67,73,20577,1329,978094,1675800
3263,53,74,20524,1308,978168,1638300
3264,64,69,20460,1303,978237,1664500
3265,53,59,20407,1297,978296,1677500
3266,52,68,20355,1281,978364,1632100
3267,51,76,20304,1256,978440,1602400
3268,50,63,20254,1243,978503,1647100
3269,40,65,20214,1218,978568,1664000
3270,50,58,20164,1210,978626,1792500
3271,41,72,20123,1179,978698,1646300
3272,46,57,20077,1168,978755,1649000
3273,46,46,20031,1168,978801,1635900
3274,62,49,19969,1181,978850,1666800
3275,53,72,19916,1162,978922,1721200
3276,54,57,19862,1159,978979,1735900
3277,62,57,19800,1164,979036,1733800
3278,39,52,19761,1151,979088,1737100
3279,48,48,19713,1151,979136,1667300
3280,51,54,19662,1148,979190,1746000
3281,57,56,19605,1149,979246,1711100
3282,43,58,19562,1134,979304,1632600
3283,42,78,19520,1098,979382,1626500
3284,34,47,19486,1085,979429,1654000
3285,43,46,19443,1082,979475,1636800
3286,60,51,19383,1091,979526,1727900
3287,47,55,19336,1083,979581,1687600
3288,47,45,19289,1085,979626,1663000
3289,50,68,19239,1067,979694,1942700
3290,43,56,19196,1054,979750,1745000
3291,58,47,19138,1065,979797,1725500
3292,37,57,19101,1045,979854,1617700
3293,38,57,19063,1026,979911,1633900
3294,36,59,19027,1003,979970,1713600
3295,48,41,18979,1010,980011,1618100
3296,53,43,18926,1020,980054,1630300
3297,39,39,18887,1020,980093,2023200
3298,45,67,18842,998,980160,1660500
3299,41,52,18801,987,980212,1667000
3300,46,49,18755,984,980261,1629900
3301,55,40,18700,999,980301,1692100
3302,53,50,18647,1002,980351,1675700
3303,54,54,18593,1002,980405,1650700
3304,49,50,18544,1001,980455,1713000
3305,40,48,18504,993,980503,1873800
3306,62,46,18442,1009,980549,1652400
3307,46,49,18396,1006,980598,1812700
3308,49,60,18347,995,980658,2081200
3309,49,42,18298,1002,980700,1691500
3310,61,54,18237,1009,980754,1804200
3311,47,52,18190,1004,980806,1888500
3312,45,42,18145,1007,980848,1659100
3313,48,51,18097,1004,980899,2216900
3314,46,52,18051,998,980951,1704700
3315,42,53,18009,987,981004,1666700
3316,40,30,17969,997,981034,1963100
3317,43,61,17926,979,981095,1664700
3318,37,48,17889,968,981143,1855200
3319,50,45,17839,973,981188,1658900
3320,44,51,17795,966,981239,1702000
3321,40,45,17755,961,981284,1751200
3322,28,42,17727,947,981326,1708200
3323,30,55,17697,922,981381,1731900
3324,32,51,17665,903,981432,1618300
3325,26,45,17639,884,981477,1632600
3326,27,49,17612,862,981526,1776700
3327,29,45,17583,846,981571,1637700
3328,38,34,17545,850,981605,1637500
3329,37,46,17508,841,981651,1775900
3330,28,50,17480,819,981701,1655500
3331,33,34,17447,818,981735,1664400
3332,26,41,17421,803,981776,1594400
3333,30,45,17391,788,981821,1787700
3334,31,38,17360,781,981859,1642700
3335,26,39,17334,768,981898,1623500
3336,35,32,17299,771,981930,1876100
3337,30,29,17269,772,981959,1619600
3338,32,32,17237,772,981991,1827000
3339,24,39,17213,757,982030,1732700
3340,22,48,17191,731,982078,1728900
3341,31,43,17160,719,982121,1629700
3342,25,35,17135,709,982156,1667800
3343,27,34,17108,702,982190,1697900
3344,34,29,17074,707,982219,1652100
3345,30,23,17044,714,982242,1633900
3346,23,29,17021,708,982271,1701500
3347,27,33,16994,702,982304,1641600
3348,40,35,16954,707,982339,1633700
3349,33,40,16921,700,982379,1804000
3350,24,28,16897,696,982407,1653700
3351,30,41,16867,685,982448,1641000
3352,35,28,16832,692,982476,1789700
3353,33,34,16799,691,982510,1847700
3354,24,30,16775,685,982540,1814800
3355,29,35,16746,679,982575,1629500
3356,23,30,16723,672,982605,1624600
3357,25,38,16698,659,982643,1709400
3358,21,34,16677,646,982677,1965200
3359,28,35,16649,639,982712,1630300
3360,23,25,16626,637,982737,1636500
3361,20,37,16606,620,982774,1694400
3362,24,21,16582,623,982795,1623600
3363,28,28,16554,623,982823,1619200
3364,31,31,16523,623,982854,1694500
3365,23,25,16500,621,982879,1620300
3366,22,28,16478,615,982907,1620800
3367,23,39,16455,599,982946,1700600
3368,31,25,16424,605,982971,1618300
3369,24,22,16400,607,982993,1652100
3370,19,29,16381,597,983022,1737100
3371,20,21,16361,596,983043,1602500
3372,18,32,16343,582,983075,1625500
3373,26,26,16317,582,983101,1730800
3374,27,36,16290,573,983137,1652800
3375,30,34,16260,569,983171,1644800
3376,26,26,16234,569,983197,1734800
3377,26,21,16208,574,983218,1699000
3378,28,45,16180,557,983263,1664200
3379,25,29,16155,553,983292,1627700
3380,23,32,16132,544,983324,1712300
3381,29,29,16103,544,983353,1620600
3382,22,31,16081,535,983384,1619500
3383,22,31,16059,526,983415,1745100
3384,20,30,16039,516,983445,1642200
3385,22,32,16017,506,983477,1622300
3386,21,19,15996,508,983496,1805800
3387,18,30,15978,496,983526,1727400
3388,15,25,15963,486,983551,1990200
3389,20,22,15943,484,983573,1671000
3390,27,27,15916,484,983600,2253300
3391,16,28,15900,472,983628,1781800
3392,13,27,15887,458,983655,1689900
3393,8,17,15879,449,983672,1800000
3394,14,26,15865,437,983698,1782000
3395,19,25,15846,431,983723,1959000
3396,21,26,15825,426,983749,1815400
3397,9,23,15816,412,983772,2822500
3398,12,25,15804,399,983797,5501400
3399,22,22,15782,399,983819,7843800
3400,10,19,15772,390,983838,5932300
3401,14,23,15758,381,983861,2817600
3402,14,22,15744,373,983883,2594700
3403,16,18,15728,371,983901,2130700
3404,8,20,15720,359,983921,2125300
3405,15,18,15705,356,983939,2271700
3406,11,24,15694,343,983963,1938100
3407,17,19,15677,341,983982,1953000
3408,12,11,15665,342,983993,2158600
3409,13,18,15652,337,984011,2248300
3410,13,14,15639,336,984025,2353700
3411,10,16,15629,330,984041,7629100
3412,7,12,15622,325,984053,2324800
3413,6,16,15616,315,984069,2144500
3414,10,15,15606,310,984084,1875600
3415,8,20,15598,298,984104,1830800
3416,6,17,15592,287,984121,1854300
3417,10,20,15582,277,984141,1790400
3418,9,22,15573,264,984163,1832900
3419,7,13,15566,258,984176,1710000
3420,10,8,15556,260,984184,1679100
3421,6,7,15550,259,984191,1693500
3422,11,12,15539,258,984203,2048500
3423,6,11,15533,253,984214,1649500
3424,8,19,15525,242,984233,1745200
3425,4,14,15521,232,984247,1686200
3426,3,10,15518,225,984257,2195700
3427,6,13,15512,218,984270,2055700
3428,5,12,15507,211,984282,1746800
3429,5,6,15502,210,984288,1659800
3430,2,14,15500,198,984302,1670400
3431,1,10,15499,189,984312,1705000
3432,2,13,15497,178,984325,2265400
3433,3,9,15494,172,984334,1726000
3434,0,11,15494,161,984345,1651200
3435,2,9,15492,154,984354,1738600
3436,4,5,15488,153,984359,1634600
3437,4,6,15484,151,984365,1672600
3438,1,9,15483,143,984374,1979000
3439,1,10,15482,134,984384,1756300
3440,4,5,15478,133,984389,1669600
3441,3,7,15475,129,984396,1730800
3442,1,6,15474,124,984402,1721500
3443,8,6,15466,126,984408,1789900
3444,0,6,15466,120,984414,1684300
3445,5,11,15461,114,984425,2047600
3446,3,5,15458,112,984430,1769600
3447,2,6,15456,108,984436,1688500
3448,1,7,15455,102,984443,1940200
3449,2,1,15453,103,984444,1993700
3450,1,4,15452,100,984448,1739200
3451,0,5,15452,95,984453,1750500
3452,1,6,15451,90,984459,1921300
3453,1,3,15450,88,984462,1715200
3454,3,2,15447,89,984464,1653000
3455,0,3,15447,86,984467,1718000
3456,1,5,15446,82,984472,1692700
3457,1,5,15445,78,984477,1792500
3458,1,3,15444,76,984480,1881400
3459,1,1,15443,76,984481,1664400
3460,1,3,15442,74,984484,1684200
3461,0,4,15442,70,984488,1725900
3462,0,0,15442,70,984488,1679800
3463,0,6,15442,64,984494,1726700
3464,0,3,15442,61,984497,1683900
3465,0,3,15442,58,984500,1739000
3466,0,4,15442,54,984504,1734600
3467,0,2,15442,52,984506,1937000
3468,0,1,15442,51,984507,1686100
3469,0,2,15442,49,984509,1727200
3470,0,2,15442,47,984511,1927700
3471,0,2,15442,45,984513,1744700
3472,0,3,15442,42,984516,1731800
3473,0,1,15442,41,984517,1757500
3474,0,3,15442,38,984520,1644100
3475,0,1,15442,37,984521,1775800
3476,0,0,15442,37,984521,1725500
3477,0,1,15442,36,984522,1620700
3478,0,0,15442,36,984522,1708500
3479,0,2,15442,34,984524,1630700
3480,0,1,15442,33,984525,1723700
3481,0,3,15442,30,984528,1711500
3482,0,3,15442,27,984531,1656400
3483,0,2,15442,25,984533,1750800
3484,0,4,15442,21,984537,1722100
3485,0,0,15442,21,984537,1723000
3486,0,3,15442,18,984540,1714500
3487,0,0,15442,18,984540,1722800
3488,0,0,15442,18,984540,1726500
3489,0,1,15442,17,984541,1666200
3490,0,2,15442,15,984543,1729200
3491,0,1,15442,14,984544,1725200
3492,0,1,15442,13,984545,1691500
3493,0,0,15442,13,984545,1752900
3494,0,0,15442,13,984545,1730200
3495,0,0,15442,13,984545,1672100
3496,0,1,15442,12,984546,1656400
3497,0,2,15442,10,984548,1747200
3498,0,0,15442,10,984548,2015700
3499,0,1,15442,9,984549,1799400
3500,0,0,15442,9,984549,1698300
3501,0,0,15442,9,984549,1963700
3502,0,0,15442,9,984549,1732700
3503,0,0,15442,9,984549,1797900
3504,0,2,15442,7,984551,2092000
3505,0,0,15442,7,984551,3032800
3506,0,1,15442,6,984552,2784300
3507,0,0,15442,6,984552,2008900
3508,0,1,15442,5,984553,1906400
3509,0,0,15442,5,984553,11356900
3510,0,0,15442,5,984553,4159800
3511,0,0,15442,5,984553,2769400
3512,0,0,15442,5,984553,2822400
3513,0,1,15442,4,984554,2168300
3514,0,0,15442,4,984554,2225800
3515,0,1,15442,3,984555,2512300
3516,0,1,15442,2,984556,2470100
3517,0,0,15442,2,984556,2767900
3518,0,0,15442,2,984556,2292100
3519,0,0,15442,2,984556,4951700
3520,0,0,15442,2,984556,2473000
3521,0,0,15442,2,984556,1990700
3522,0,0,15442,2,984556,2191900
3523,0,0,15442,2,984556,2092600
3524,0,0,15442,2,984556,1930400
3525,0,0,15442,2,984556,1943400
3526,0,0,15442,2,984556,1702700
3527,0,0,15442,2,984556,1777200
3528,0,1,15442,1,984557,1671000
3529,0,1,15442,0,984558,1813100
