Tick,NewlyInfected,NewlyRecovered,TotalSusceptible,TotalInfected,TotalRecovered,StepTimeNanos
0,3,0,999992,8,0,39870000
1,2,0,999990,10,0,9487800
2,2,0,999988,12,0,5708000
3,0,0,999988,12,0,6538300
4,3,0,999985,15,0,1947800
5,8,0,999977,23,0,2386500
6,7,1,999970,29,1,7461300
7,7,1,999963,35,2,7790700
8,4,3,999959,36,5,2277800
9,8,2,999951,42,7,2439500
10,7,3,999944,46,10,2005900
11,10,2,999934,54,12,2120100
12,13,3,999921,64,15,1934000
13,6,5,999915,65,20,1633900
14,8,2,999907,71,22,2005200
15,8,4,999899,75,26,2132300
16,12,3,999887,84,29,1866500
17,12,7,999875,89,36,1682400
18,12,6,999863,95,42,2132900
19,11,3,999852,103,45,1595100
20,12,9,999840,106,54,2053900
21,10,2,999830,114,56,2253900
22,14,5,999816,123,61,2240000
23,17,10,999799,130,71,2406700
24,13,11,999786,132,82,2295400
25,12,13,999774,131,95,1825700
26,17,8,999757,140,103,1758500
27,17,6,999740,151,109,2125200
28,13,7,999727,157,116,1736700
29,17,11,999710,163,127,1917500
30,22,11,999688,174,138,1880500
31,14,14,999674,174,152,1869100
32,20,11,999654,183,163,1829200
33,20,6,999634,197,169,1824700
34,16,19,999618,194,188,1882900
35,20,9,999598,205,197,1804400
36,16,8,999582,213,205,1798500
37,18,6,999564,225,211,1743800
38,16,9,999548,232,220,1766100
39,19,14,999529,237,234,1736500
40,14,11,999515,240,245,1772600
41,18,8,999497,250,253,1796200
42,20,15,999477,255,268,1804000
43,24,8,999453,271,276,2270800
44,28,15,999425,284,291,1738200
45,32,14,999393,302,305,1835900
46,31,18,999362,315,323,1769000
47,32,22,999330,325,345,1708500
48,29,18,999301,336,363,1847100
49,35,13,999266,358,376,1701400
50,26,11,999240,373,387,1982600
51,34,15,999206,392,402,1800400
52,33,21,999173,404,423,1762200
53,32,36,999141,400,459,1685200
54,30,28,999111,402,487,1744600
55,32,21,999079,413,508,1729300
56,35,14,999044,434,522,1675300
57,44,18,999000,460,540,1727600
58,45,17,998955,488,557,1824800
59,29,27,998926,490,584,1662100
60,30,39,998896,481,623,1648100
61,37,28,998859,490,651,1675000
62,45,25,998814,510,676,1714300
63,33,27,998781,516,703,1855200
64,45,27,998736,534,730,1808100
65,45,28,998691,551,758,1888800
66,46,26,998645,571,784,2056100
67,52,23,998593,600,807,1899100
68,42,32,998551,610,839,1815100
69,49,17,998502,642,856,1919400
70,38,33,998464,647,889,1861400
71,42,45,998422,644,934,2189100
72,45,29,998377,660,963,1701600
73,41,45,998336,656,1008,1760900
74,39,30,998297,665,1038,2047200
75,40,45,998257,660,1083,1740300
76,49,39,998208,670,1122,1740000
77,44,36,998164,678,1158,1670700
78,50,27,998114,701,1185,1727000
79,56,36,998058,721,1221,1786000
80,43,42,998015,722,1263,1829500
81,48,43,997967,727,1306,1714900
82,37,39,997930,725,1345,2060300
83,46,41,997884,730,1386,1769100
84,46,35,997838,741,1421,1885600
85,46,33,997792,754,1454,1770600
86,41,35,997751,760,1489,1887500
87,44,39,997707,765,1528,1776300
88,48,47,997659,766,1575,2046500
89,41,35,997618,772,1610,1737700
90,45,36,997573,781,1646,1734600
91,44,48,997529,777,1694,1859100
92,46,41,997483,782,1735,1863600
93,52,37,997431,797,1772,2129200
94,49,43,997382,803,1815,1770200
95,49,35,997333,817,1850,1819100
96,61,60,997272,818,1910,1835500
97,50,39,997222,829,1949,1813800
98,53,41,997169,841,1990,1820700
99,54,55,997115,840,2045,1841300
100,53,45,997062,848,2090,1796900
101,65,38,996997,875,2128,1745600
102,59,36,996938,898,2164,1963700
103,72,39,996866,931,2203,1969900
104,61,35,996805,957,2238,1938900
105,54,43,996751,968,2281,1952100
106,72,48,996679,992,2329,1849500
107,79,53,996600,1018,2382,2004500
108,78,55,996522,1041,2437,1936800
109,67,54,996455,1054,2491,2000600
110,74,40,996381,1088,2531,1900600
111,66,62,996315,1092,2593,1773500
112,82,44,996233,1130,2637,1831600
113,72,64,996161,1138,2701,1818200
114,89,54,996072,1173,2755,1867000
115,83,51,995989,1205,2806,1873600
116,83,66,995906,1222,2872,1855700
117,90,57,995816,1255,2929,1768400
118,76,64,995740,1267,2993,1815300
119,93,72,995647,1288,3065,2167700
120,85,51,995562,1322,3116,1863700
121,84,69,995478,1337,3185,1948600
122,83,76,995395,1344,3261,1920300
123,83,65,995312,1362,3326,1851300
124,89,74,995223,1377,3400,1940200
125,78,75,995145,1380,3475,2095700
126,89,53,995056,1416,3528,1766300
127,84,68,994972,1432,3596,2219800
128,102,84,994870,1450,3680,2136400
129,89,62,994781,1477,3742,1703600
130,91,58,994690,1510,3800,1793200
131,102,84,994588,1528,3884,1700800
132,104,80,994484,1552,3964,1948200
133,112,76,994372,1588,4040,1795000
134,93,82,994279,1599,4122,1730100
135,115,92,994164,1622,4214,1749200
136,99,90,994065,1631,4304,1730500
137,115,64,993950,1682,4368,1695000
138,103,84,993847,1701,4452,1996700
139,111,79,993736,1733,4531,1684300
140,113,93,993623,1753,4624,1713000
141,91,95,993532,1749,4719,1704900
142,109,74,993423,1784,4793,1699600
143,109,89,993314,1804,4882,1764200
144,100,82,993214,1822,4964,1761700
145,118,107,993096,1833,5071,1707900
146,111,92,992985,1852,5163,1723500
147,124,88,992861,1888,5251,2079300
148,113,89,992748,1912,5340,1731900
149,123,83,992625,1952,5423,1746700
150,110,83,992515,1979,5506,16053800
151,128,112,992387,1995,5618,4879400
152,126,104,992261,2017,5722,3563100
153,138,104,992123,2051,5826,4762300
154,128,115,991995,2064,5941,2060700
155,127,102,991868,2089,6043,1965200
156,104,88,991764,2105,6131,1992800
157,138,126,991626,2117,6257,1965500
158,132,115,991494,2134,6372,2272000
159,126,107,991368,2153,6479,2089700
160,111,112,991257,2152,6591,2021700
161,116,94,991141,2174,6685,1834600
162,139,107,991002,2206,6792,2072800
163,126,99,990876,2233,6891,1894500
164,133,100,990743,2266,6991,1737200
165,137,120,990606,2283,7111,1993900
166,151,122,990455,2312,7233,1879800
167,111,120,990344,2303,7353,1802700
168,140,117,990204,2326,7470,1660500
169,125,126,990079,2325,7596,1723100
170,134,114,989945,2345,7710,1808900
171,144,99,989801,2390,7809,1786400
172,114,125,989687,2379,7934,1968000
173,157,111,989530,2425,8045,1880800
174,141,108,989389,2458,8153,1749200
175,133,139,989256,2452,8292,1719000
176,146,123,989110,2475,8415,1984800
177,127,119,988983,2483,8534,2039700
178,130,108,988853,2505,8642,1757900
179,133,109,988720,2529,8751,1725900
180,134,126,988586,2537,8877,1715500
181,126,131,988460,2532,9008,1706500
182,117,103,988343,2546,9111,2015500
183,120,114,988223,2552,9225,1745700
184,147,140,988076,2559,9365,1672500
185,131,142,987945,2548,9507,1679400
186,150,124,987795,2574,9631,1731300
187,126,116,987669,2584,9747,1659800
188,131,121,987538,2594,9868,1729300
189,145,121,987393,2618,9989,1895600
190,137,108,987256,2647,10097,1944400
191,146,126,987110,2667,10223,1899500
192,162,137,986948,2692,10360,1738000
193,155,136,986793,2711,10496,1711300
194,156,133,986637,2734,10629,1721800
195,144,165,986493,2713,10794,1673400
196,159,132,986334,2740,10926,2238700
197,141,149,986193,2732,11075,1717800
198,158,139,986035,2751,11214,1726600
199,144,139,985891,2756,11353,1718900
200,171,122,985720,2805,11475,1801800
201,151,133,985569,2823,11608,2001700
202,176,137,985393,2862,11745,21152900
203,139,147,985254,2854,11892,7563500
204,148,154,985106,2848,12046,5229400
205,145,129,984961,2864,12175,1940500
206,168,138,984793,2894,12313,1775700
207,160,140,984633,2914,12453,1803900
208,169,151,984464,2932,12604,1764200
209,141,144,984323,2929,12748,2106600
210,173,160,984150,2942,12908,1880600
211,156,165,983994,2933,13073,1862700
212,163,137,983831,2959,13210,1844900
213,170,141,983661,2988,13351,2173600
214,131,140,983530,2979,13491,2108700
215,151,142,983379,2988,13633,1836700
216,131,140,983248,2979,13773,1818800
217,143,150,983105,2972,13923,1976700
218,164,123,982941,3013,14046,1959500
219,145,163,982796,2995,14209,2012700
220,167,140,982629,3022,14349,1973300
221,165,151,982464,3036,14500,1906100
222,131,153,982333,3014,14653,2144000
223,140,135,982193,3019,14788,2250000
224,145,144,982048,3020,14932,2021300
225,142,161,981906,3001,15093,1992700
226,152,151,981754,3002,15244,1959100
227,148,137,981606,3013,15381,1791800
228,137,149,981469,3001,15530,1782800
229,150,126,981319,3025,15656,1859300
230,141,152,981178,3014,15808,1998400
231,140,133,981038,3021,15941,1983000
232,155,154,980883,3022,16095,2009800
233,153,133,980730,3042,16228,1913800
234,152,140,980578,3054,16368,1894900
235,194,152,980384,3096,16520,1817700
236,167,162,980217,3101,16682,1942900
237,159,167,980058,3093,16849,2007200
238,158,148,979900,3103,16997,1973800
239,164,142,979736,3125,17139,1773600
240,160,170,979576,3115,17309,1922200
241,164,145,979412,3134,17454,1778600
242,155,147,979257,3142,17601,1863200
243,169,147,979088,3164,17748,2012400
244,165,143,978923,3186,17891,2003500
245,172,136,978751,3222,18027,1972500
246,178,143,978573,3257,18170,1812800
247,158,180,978415,3235,18350,1837200
248,193,161,978222,3267,18511,1793300
249,181,168,978041,3280,18679,1972900
250,161,157,977880,3284,18836,1972600
251,142,154,977738,3272,18990,1935100
252,167,166,977571,3273,19156,1936700
253,172,152,977399,3293,19308,2069600
254,187,169,977212,3311,19477,2047400
255,181,153,977031,3339,19630,2005500
256,165,172,976866,3332,19802,2111000
257,169,161,976697,3340,19963,1945900
258,167,170,976530,3337,20133,1731000
259,158,155,976372,3340,20288,1981400
260,154,164,976218,3330,20452,1786800
261,167,164,976051,3333,20616,2108700
262,155,146,975896,3342,20762,2260000
263,161,179,975735,3324,20941,1962000
264,154,181,975581,3297,21122,1880900
265,166,181,975415,3282,21303,1770500
266,161,159,975254,3284,21462,1917200
267,168,160,975086,3292,21622,2236300
268,181,168,974905,3305,21790,2085500
269,156,140,974749,3321,21930,2074200
270,169,157,974580,3333,22087,2039400
271,174,151,974406,3356,22238,1737400
272,164,167,974242,3353,22405,1729100
273,189,169,974053,3373,22574,2014300
274,178,168,973875,3383,22742,2005500
275,168,171,973707,3380,22913,2183500
276,172,156,973535,3396,23069,2113700
277,175,177,973360,3394,23246,2107200
278,195,191,973165,3398,23437,2012000
279,170,166,972995,3402,23603,1996100
280,184,189,972811,3397,23792,2006200
281,161,157,972650,3401,23949,1879100
282,183,173,972467,3411,24122,2097400
283,172,164,972295,3419,24286,2043600
284,181,170,972114,3430,24456,1821600
285,172,153,971942,3449,24609,2036900
286,198,173,971744,3474,24782,2149000
287,184,171,971560,3487,24953,2107600
288,190,178,971370,3499,25131,2089900
289,197,178,971173,3518,25309,1734100
290,196,184,970977,3530,25493,1727100
291,196,177,970781,3549,25670,1825800
292,183,175,970598,3557,25845,1845300
293,187,151,970411,3593,25996,2307900
294,219,157,970192,3655,26153,2128100
295,202,191,969990,3666,26344,2049600
296,211,194,969779,3683,26538,1739600
297,182,194,969597,3671,26732,2194200
298,185,194,969412,3662,26926,2104700
299,192,173,969220,3681,27099,2082200
300,193,174,969027,3700,27273,2054200
301,191,197,968836,3694,27470,1920200
302,188,198,968648,3684,27668,1788200
303,172,174,968476,3682,27842,1814200
304,189,171,968287,3700,28013,1895300
305,206,178,968081,3728,28191,1835300
306,188,186,967893,3730,28377,1806400
307,174,196,967719,3708,28573,1997700
308,211,186,967508,3733,28759,1957400
309,175,198,967333,3710,28957,1995000
310,185,170,967148,3725,29127,2015100
311,201,185,966947,3741,29312,1902600
312,178,184,966769,3735,29496,2175600
313,191,180,966578,3746,29676,1903300
314,205,190,966373,3761,29866,1952600
315,168,195,966205,3734,30061,2029900
316,206,176,965999,3764,30237,1911300
317,195,197,965804,3762,30434,1926200
318,190,180,965614,3772,30614,2061700
319,236,191,965378,3817,30805,1907700
320,192,196,965186,3813,31001,1853400
321,179,179,965007,3813,31180,1805500
322,202,208,964805,3807,31388,1796600
323,209,179,964596,3837,31567,1796100
324,211,176,964385,3872,31743,1869900
325,188,188,964197,3872,31931,2036000
326,196,183,964001,3885,32114,1934100
327,221,171,963780,3935,32285,1798100
328,221,207,963559,3949,32492,1878600
329,210,164,963349,3995,32656,1773100
330,212,183,963137,4024,32839,1722400
331,204,233,962933,3995,33072,2269200
332,244,208,962689,4031,33280,1787000
333,253,259,962436,4025,33539,2125700
334,225,207,962211,4043,33746,1938400
335,237,183,961974,4097,33929,2023300
336,227,197,961747,4127,34126,1868400
337,251,212,961496,4166,34338,1874200
338,236,210,961260,4192,34548,2406700
339,232,216,961028,4208,34764,1743400
340,254,202,960774,4260,34966,1717500
341,214,235,960560,4239,35201,1737800
342,244,225,960316,4258,35426,1792100
343,235,222,960081,4271,35648,1826900
344,215,192,959866,4294,35840,1849600
345,250,230,959616,4314,36070,1838000
346,219,231,959397,4302,36301,2014300
347,221,199,959176,4324,36500,1811500
348,228,190,958948,4362,36690,1824500
349,202,187,958746,4377,36877,1842800
350,234,216,958512,4395,37093,1996500
351,226,222,958286,4399,37315,2013800
352,228,193,958058,4434,37508,1849300
353,213,220,957845,4427,37728,1788900
354,211,181,957634,4457,37909,1917100
355,232,203,957402,4486,38112,1902000
356,245,235,957157,4496,38347,1867800
357,235,260,956922,4471,38607,1876200
358,233,239,956689,4465,38846,1900200
359,251,251,956438,4465,39097,1882700
360,232,217,956206,4480,39314,1908700
361,234,257,955972,4457,39571,2017500
362,231,239,955741,4449,39810,1850700
363,220,243,955521,4426,40053,2083300
364,220,206,955301,4440,40259,1939700
365,234,251,955067,4423,40510,1760500
366,230,217,954837,4436,40727,1821500
367,243,207,954594,4472,40934,1831800
368,243,235,954351,4480,41169,2024400
369,225,222,954126,4483,41391,1888100
370,241,225,953885,4499,41616,1879700
371,240,214,953645,4525,41830,2027600
372,233,229,953412,4529,42059,1907700
373,247,201,953165,4575,42260,2065900
374,243,229,952922,4589,42489,1888400
375,237,256,952685,4570,42745,1856300
376,221,226,952464,4565,42971,1846300
377,226,242,952238,4549,43213,2140000
378,224,227,952014,4546,43440,2068000
379,248,205,951766,4589,43645,1923500
380,222,229,951544,4582,43874,2033500
381,241,237,951303,4586,44111,1914800
382,217,237,951086,4566,44348,1901400
383,259,230,950827,4595,44578,1886900
384,238,229,950589,4604,44807,1937900
385,246,242,950343,4608,45049,1917800
386,249,238,950094,4619,45287,2054700
387,240,228,949854,4631,45515,1834400
388,256,251,949598,4636,45766,1844900
389,243,246,949355,4633,46012,1789000
390,256,233,949099,4656,46245,1870600
391,242,225,948857,4673,46470,1879400
392,247,232,948610,4688,46702,1877300
393,244,218,948366,4714,46920,1902100
394,270,226,948096,4758,47146,1937000
395,236,258,947860,4736,47404,1970800
396,238,243,947622,4731,47647,2079700
397,238,221,947384,4748,47868,1928300
398,233,237,947151,4744,48105,2003000
399,237,262,946914,4719,48367,2219200
400,252,241,946662,4730,48608,21630900
401,255,237,946407,4748,48845,5616500
402,243,240,946164,4751,49085,4307200
403,238,260,945926,4729,49345,1996200
404,224,253,945702,4700,49598,1835700
405,243,230,945459,4713,49828,2187100
406,237,232,945222,4718,50060,1928200
407,261,258,944961,4721,50318,2156500
408,256,229,944705,4748,50547,2006500
409,254,240,944451,4762,50787,2074900
410,270,238,944181,4794,51025,2003500
411,244,217,943937,4821,51242,1750300
412,283,228,943654,4876,51470,1821000
413,260,221,943394,4915,51691,1823200
414,267,235,943127,4947,51926,1880000
415,284,271,942843,4960,52197,1817000
416,268,249,942575,4979,52446,2126200
417,242,235,942333,4986,52681,1921900
418,242,254,942091,4974,52935,1906600
419,250,236,941841,4988,53171,2086300
420,233,257,941608,4964,53428,1816800
421,226,238,941382,4952,53666,1869700
422,276,246,941106,4982,53912,1980200
423,244,251,940862,4975,54163,2028300
424,238,263,940624,4950,54426,2302900
425,242,230,940382,4962,54656,2121800
426,272,255,940110,4979,54911,2025400
427,246,239,939864,4986,55150,2020700
428,267,281,939597,4972,55431,1896700
429,237,247,939360,4962,55678,1917900
430,269,253,939091,4978,55931,1942100
431,237,259,938854,4956,56190,1821100
432,281,260,938573,4977,56450,2007800
433,276,242,938297,5011,56692,1993800
434,253,243,938044,5021,56935,2241100
435,259,264,937785,5016,57199,1813800
436,257,240,937528,5033,57439,1863700
437,272,231,937256,5074,57670,1829200
438,259,281,936997,5052,57951,1932300
439,256,263,936741,5045,58214,1912000
440,275,242,936466,5078,58456,1948300
441,272,273,936194,5077,58729,1867400
442,229,275,935965,5031,59004,1889100
443,287,274,935678,5044,59278,1903600
444,296,240,935382,5100,59518,2063400
445,277,218,935105,5159,59736,2038000
446,280,266,934825,5173,60002,1891500
447,257,277,934568,5153,60279,2141700
448,267,233,934301,5187,60512,2311000
449,276,241,934025,5222,60753,1842000
450,253,250,933772,5225,61003,2015600
451,262,255,933510,5232,61258,1938300
452,302,292,933208,5242,61550,2095100
453,287,263,932921,5266,61813,2002700
454,268,290,932653,5244,62103,1946900
455,289,275,932364,5258,62378,1967200
456,276,258,932088,5276,62636,2077200
457,236,284,931852,5228,62920,2324800
458,273,257,931579,5244,63177,1938000
459,252,255,931327,5241,63432,1869400
460,249,254,931078,5236,63686,1899900
461,287,265,930791,5258,63951,1951300
462,270,250,930521,5278,64201,1935100
463,272,264,930249,5286,64465,2004200
464,258,260,929991,5284,64725,1957300
465,301,248,929690,5337,64973,2076600
466,274,256,929416,5355,65229,1986600
467,264,276,929152,5343,65505,1979700
468,242,263,928910,5322,65768,2076000
469,270,258,928640,5334,66026,2301300
470,246,281,928394,5299,66307,1948400
471,243,287,928151,5255,66594,1952400
472,257,251,927894,5261,66845,2176800
473,268,251,927626,5278,67096,2159700
474,281,240,927345,5319,67336,2050600
475,258,244,927087,5333,67580,1957200
476,278,251,926809,5360,67831,1829400
477,268,276,926541,5352,68107,1793700
478,259,283,926282,5328,68390,1762500
479,264,258,926018,5334,68648,1835900
480,277,237,925741,5374,68885,1938600
481,254,249,925487,5379,69134,1977600
482,284,252,925203,5411,69386,1880300
483,290,286,924913,5415,69672,1846100
484,270,291,924643,5394,69963,1920600
485,270,240,924373,5424,70203,2187300
486,281,268,924092,5437,70471,1987000
487,264,269,923828,5432,70740,1956300
488,289,282,923539,5439,71022,1948600
489,267,287,923272,5419,71309,1895300
490,303,262,922969,5460,71571,1797000
491,280,283,922689,5457,71854,1963800
492,283,287,922406,5453,72141,1990200
493,268,244,922138,5477,72385,2051500
494,302,249,921836,5530,72634,1860200
495,269,291,921567,5508,72925,2142400
496,286,242,921281,5552,73167,1828900
497,292,274,920989,5570,73441,1915500
498,283,295,920706,5558,73736,1942400
499,288,277,920418,5569,74013,2198400
500,243,280,920175,5532,74293,1934000
501,259,319,919916,5472,74612,1939600
502,298,286,919618,5484,74898,2042500
503,255,268,919363,5471,75166,1947500
504,273,261,919090,5483,75427,2013500
505,284,267,918806,5500,75694,1813200
506,276,247,918530,5529,75941,1805400
507,256,267,918274,5518,76208,1861300
508,297,281,917977,5534,76489,1925400
509,257,260,917720,5531,76749,1974600
510,278,278,917442,5531,77027,1730300
511,246,266,917196,5511,77293,1806200
512,303,283,916893,5531,77576,1972100
513,269,272,916624,5528,77848,1876300
514,310,282,916314,5556,78130,1898600
515,300,246,916014,5610,78376,1959100
516,282,262,915732,5630,78638,2082000
517,263,250,915469,5643,78888,2272000
518,301,283,915168,5661,79171,2171700
519,296,259,914872,5698,79430,2027900
520,269,284,914603,5683,79714,1791100
521,322,286,914281,5719,80000,1934000
522,276,305,914005,5690,80305,2107500
523,298,256,913707,5732,80561,1878100
524,299,313,913408,5718,80874,2142800
525,319,285,913089,5752,81159,2148100
526,292,290,912797,5754,81449,1930300
527,285,262,912512,5777,81711,1975400
528,287,289,912225,5775,82000,2182500
529,276,304,911949,5747,82304,1970100
530,320,297,911629,5770,82601,1962100
531,282,302,911347,5750,82903,1914100
532,313,285,911034,5778,83188,1917400
533,308,279,910726,5807,83467,2037200
534,304,293,910422,5818,83760,2044900
535,278,284,910144,5812,84044,2038900
536,279,265,909865,5826,84309,1985100
537,306,266,909559,5866,84575,1919300
538,343,310,909216,5899,84885,2125100
539,282,285,908934,5896,85170,1836700
540,292,314,908642,5874,85484,2083700
541,315,308,908327,5881,85792,1955900
542,274,295,908053,5860,86087,1735600
543,316,317,907737,5859,86404,1767300
544,305,332,907432,5832,86736,2300200
545,315,296,907117,5851,87032,2086200
546,290,271,906827,5870,87303,2088800
547,324,279,906503,5915,87582,1941300
548,329,277,906174,5967,87859,1904800
549,320,311,905854,5976,88170,2131800
550,315,295,905539,5996,88465,2023100
551,297,295,905242,5998,88760,2093400
552,315,295,904927,6018,89055,2056500
553,313,285,904614,6046,89340,2123100
554,321,284,904293,6083,89624,2348700
555,304,311,903989,6076,89935,2217300
556,342,306,903647,6112,90241,2100600
557,335,309,903312,6138,90550,2041600
558,319,312,902993,6145,90862,2026400
559,319,324,902674,6140,91186,1975000
560,328,282,902346,6186,91468,1949500
561,306,288,902040,6204,91756,1817100
562,326,282,901714,6248,92038,1923000
563,313,299,901401,6262,92337,2180000
564,302,350,901099,6214,92687,2048400
565,301,327,900798,6188,93014,1985100
566,326,300,900472,6214,93314,1816700
567,312,346,900160,6180,93660,1957000
568,338,336,899822,6182,93996,2190200
569,323,304,899499,6201,94300,2042000
570,305,306,899194,6200,94606,2058500
571,308,286,898886,6222,94892,1896600
572,315,294,898571,6243,95186,1902700
573,318,327,898253,6234,95513,2094000
574,307,289,897946,6252,95802,2086400
575,298,306,897648,6244,96108,1713300
576,316,313,897332,6247,96421,1916500
577,297,299,897035,6245,96720,2178500
578,305,318,896730,6232,97038,2102700
579,295,311,896435,6216,97349,1994900
580,302,301,896133,6217,97650,2083600
581,320,335,895813,6202,97985,2085500
582,312,327,895501,6187,98312,2069000
583,316,302,895185,6201,98614,2082400
584,288,329,894897,6160,98943,2378000
585,317,313,894580,6164,99256,2195800
586,295,296,894285,6163,99552,2033800
587,309,303,893976,6169,99855,2063700
588,307,299,893669,6177,100154,2013100
589,282,309,893387,6150,100463,1916000
590,290,311,893097,6129,100774,2004200
591,318,328,892779,6119,101102,1941300
592,314,305,892465,6128,101407,1840000
593,313,321,892152,6120,101728,2257000
594,347,260,891805,6207,101988,2029500
595,322,311,891483,6218,102299,2252200
596,332,288,891151,6262,102587,1857500
597,366,334,890785,6294,102921,2093000
598,287,287,890498,6294,103208,1830000
599,324,359,890174,6259,103567,2052200
600,346,298,889828,6307,103865,1929100
601,340,294,889488,6353,104159,1934000
602,312,335,889176,6330,104494,1847500
603,347,336,888829,6341,104830,1916400
604,322,308,888507,6355,105138,2103600
605,348,326,888159,6377,105464,1847400
606,373,321,887786,6429,105785,1889600
607,312,322,887474,6419,106107,1985100
608,344,307,887130,6456,106414,1951300
609,336,323,886794,6469,106737,2007000
610,321,399,886473,6391,107136,1988700
611,332,357,886141,6366,107493,2066800
612,336,329,885805,6373,107822,2021700
613,370,335,885435,6408,108157,2267600
614,325,321,885110,6412,108478,2079100
615,313,299,884797,6426,108777,2029300
616,322,292,884475,6456,109069,1995700
617,296,348,884179,6404,109417,1828300
618,308,317,883871,6395,109734,1939900
619,311,307,883560,6399,110041,2029600
620,357,303,883203,6453,110344,1806900
621,312,326,882891,6439,110670,1869900
622,341,317,882550,6463,110987,1868300
623,325,352,882225,6436,111339,1952600
624,327,335,881898,6428,111674,2068000
625,331,340,881567,6419,112014,2212000
626,325,303,881242,6441,112317,1979100
627,349,337,880893,6453,112654,2160400
628,312,337,880581,6428,112991,1899000
629,339,310,880242,6457,113301,1996100
630,353,285,879889,6525,113586,2141200
631,302,336,879587,6491,113922,1798300
632,329,333,879258,6487,114255,1782200
633,334,322,878924,6499,114577,1951700
634,309,335,878615,6473,114912,2019700
635,305,339,878310,6439,115251,1984900
636,348,340,877962,6447,115591,2033900
637,323,359,877639,6411,115950,2165300
638,321,324,877318,6408,116274,1865700
639,310,307,877008,6411,116581,1806500
640,354,327,876654,6438,116908,2292900
641,330,314,876324,6454,117222,1912900
642,347,325,875977,6476,117547,1817500
643,390,309,875587,6557,117856,2242800
644,366,329,875221,6594,118185,2141200
645,358,334,874863,6618,118519,2014600
646,377,319,874486,6676,118838,1985600
647,344,316,874142,6704,119154,1989700
648,377,330,873765,6751,119484,2067700
649,353,363,873412,6741,119847,2120700
650,349,380,873063,6710,120227,2113800
651,329,333,872734,6706,120560,2324000
652,349,309,872385,6746,120869,2017600
653,353,351,872032,6748,121220,2209600
654,335,308,871697,6775,121528,2096500
655,341,350,871356,6766,121878,2021500
656,368,315,870988,6819,122193,1925500
657,385,335,870603,6869,122528,1960200
658,330,325,870273,6874,122853,2143300
659,323,348,869950,6849,123201,2019300
660,341,359,869609,6831,123560,1759700
661,350,361,869259,6820,123921,2048900
662,341,355,868918,6806,124276,2004000
663,320,332,868598,6794,124608,2069700
664,347,331,868251,6810,124939,1936600
665,363,357,867888,6816,125296,1974000
666,366,346,867522,6836,125642,1930500
667,321,317,867201,6840,125959,1986700
668,377,348,866824,6869,126307,2130300
669,361,313,866463,6917,126620,2013300
670,357,318,866106,6956,126938,1918000
671,349,372,865757,6933,127310,1937100
672,352,365,865405,6920,127675,2144200
673,391,323,865014,6988,127998,2034300
674,339,357,864675,6970,128355,1992700
675,346,326,864329,6990,128681,1836200
676,376,358,863953,7008,129039,1803600
677,339,342,863614,7005,129381,1980800
678,365,332,863249,7038,129713,2181700
679,356,369,862893,7025,130082,2114200
680,344,370,862549,6999,130452,1839700
681,358,346,862191,7011,130798,2092900
682,390,338,861801,7063,131136,2165700
683,383,323,861418,7123,131459,2002200
684,364,337,861054,7150,131796,1801900
685,353,355,860701,7148,132151,2009100
686,378,330,860323,7196,132481,2129900
687,375,380,859948,7191,132861,2063600
688,375,350,859573,7216,133211,1922700
689,345,364,859228,7197,133575,2022400
690,346,331,858882,7212,133906,1800600
691,349,349,858533,7212,134255,1958400
692,400,348,858133,7264,134603,2124600
693,374,367,857759,7271,134970,2039800
694,375,362,857384,7284,135332,2035500
695,406,350,856978,7340,135682,1944300
696,409,345,856569,7404,136027,1943300
697,386,367,856183,7423,136394,1766200
698,372,399,855811,7396,136793,2141100
699,380,381,855431,7395,137174,2118800
700,380,376,855051,7399,137550,2080900
701,388,384,854663,7403,137934,1812700
702,399,357,854264,7445,138291,1993200
703,360,377,853904,7428,138668,1924900
704,391,386,853513,7433,139054,2135600
705,377,381,853136,7429,139435,1849100
706,358,376,852778,7411,139811,2019600
707,413,375,852365,7449,140186,2128000
708,368,359,851997,7458,140545,1960900
709,374,327,851623,7505,140872,2117600
710,370,388,851253,7487,141260,1918200
711,388,402,850865,7473,141662,1881600
712,374,379,850491,7468,142041,2056100
713,333,358,850158,7443,142399,2177700
714,382,388,849776,7437,142787,1898700
715,357,381,849419,7413,143168,1912800
716,347,341,849072,7419,143509,1870900
717,344,380,848728,7383,143889,1854700
718,352,409,848376,7326,144298,1977200
719,362,349,848014,7339,144647,2168600
720,357,359,847657,7337,145006,2168700
721,340,373,847317,7304,145379,2027700
722,385,385,846932,7304,145764,1809400
723,396,398,846536,7302,146162,2010600
724,373,384,846163,7291,146546,1978200
725,358,334,845805,7315,146880,2076200
726,377,354,845428,7338,147234,2070500
727,389,369,845039,7358,147603,2031200
728,368,366,844671,7360,147969,1851100
729,411,384,844260,7387,148353,1978900
730,397,372,843863,7412,148725,2137600
731,393,385,843470,7420,149110,1762600
732,401,358,843069,7463,149468,1876200
733,377,345,842692,7495,149813,2009000
734,421,377,842271,7539,150190,1930800
735,401,416,841870,7524,150606,1940000
736,393,334,841477,7583,150940,2234500
737,392,382,841085,7593,151322,1935100
738,385,373,840700,7605,151695,2120900
739,416,382,840284,7639,152077,2129500
740,433,382,839851,7690,152459,1929000
741,396,369,839455,7717,152828,2014900
742,406,358,839049,7765,153186,1986200
743,410,423,838639,7752,153609,1994500
744,414,415,838225,7751,154024,1910800
745,407,405,837818,7753,154429,1921600
746,388,367,837430,7774,154796,1916200
747,406,390,837024,7790,155186,2221400
748,412,412,836612,7790,155598,1979500
749,422,419,836190,7793,156017,2102100
750,408,418,835782,7783,156435,2012800
751,365,402,835417,7746,156837,1912800
752,397,413,835020,7730,157250,2099500
753,397,403,834623,7724,157653,1906500
754,386,363,834237,7747,158016,1935700
755,431,371,833806,7807,158387,2182300
756,406,392,833400,7821,158779,2184300
757,404,406,832996,7819,159185,2218500
758,384,431,832612,7772,159616,2008200
759,402,376,832210,7798,159992,1861700
760,434,362,831776,7870,160354,1840500
761,462,374,831314,7958,160728,2010600
762,444,410,830870,7992,161138,1860200
763,385,381,830485,7996,161519,1964000
764,405,416,830080,7985,161935,1964200
765,428,404,829652,8009,162339,2104000
766,395,376,829257,8028,162715,1801500
767,433,380,828824,8081,163095,1696000
768,422,409,828402,8094,163504,1749900
769,392,410,828010,8076,163914,1767100
770,424,403,827586,8097,164317,1805600
771,431,424,827155,8104,164741,1683600
772,411,384,826744,8131,165125,1712100
773,387,398,826357,8120,165523,1795300
774,458,426,825899,8152,165949,1825700
775,421,410,825478,8163,166359,1727600
776,389,434,825089,8118,166793,1726500
777,403,398,824686,8123,167191,1834100
778,403,372,824283,8154,167563,1847300
779,425,419,823858,8160,167982,1808300
780,423,409,823435,8174,168391,1689700
781,446,380,822989,8240,168771,1795600
782,455,407,822534,8288,169178,1703400
783,422,395,822112,8315,169573,1805300
784,417,454,821695,8278,170027,1717800
785,423,420,821272,8281,170447,1704000
786,445,395,820827,8331,170842,1837700
787,417,401,820410,8347,171243,1811100
788,409,403,820001,8353,171646,1729100
789,410,437,819591,8326,172083,1703500
790,410,389,819181,8347,172472,1695900
791,402,406,818779,8343,172878,1831100
792,407,417,818372,8333,173295,1733100
793,434,402,817938,8365,173697,1701500
794,399,441,817539,8323,174138,1708100
795,386,419,817153,8290,174557,1775100
796,447,445,816706,8292,175002,1784700
797,403,433,816303,8262,175435,2049300
798,375,410,815928,8227,175845,1685100
799,415,361,815513,8281,176206,1734000
800,410,426,815103,8265,176632,1823300
801,421,418,814682,8268,177050,1743200
802,428,428,814254,8268,177478,1699400
803,382,411,813872,8239,177889,1872500
804,436,385,813436,8290,178274,1766800
805,433,364,813003,8359,178638,1841400
806,429,389,812574,8399,179027,2128600
807,410,414,812164,8395,179441,1853000
808,375,424,811789,8346,179865,1958300
809,421,398,811368,8369,180263,1820800
810,420,410,810948,8379,180673,1730300
811,396,444,810552,8331,181117,1715000
812,440,425,810112,8346,181542,2072000
813,425,421,809687,8350,181963,1757800
814,417,444,809270,8323,182407,1838800
815,395,425,808875,8293,182832,1787300
816,439,359,808436,8373,183191,1728400
817,405,410,808031,8368,183601,1714200
818,392,443,807639,8317,184044,1863700
819,385,430,807254,8272,184474,1767300
820,412,425,806842,8259,184899,2025300
821,399,399,806443,8259,185298,1921000
822,375,440,806068,8194,185738,2007000
823,425,419,805643,8200,186157,1812600
824,402,400,805241,8202,186557,1833200
825,419,394,804822,8227,186951,1814900
826,395,416,804427,8206,187367,2035400
827,398,395,804029,8209,187762,1862000
828,421,398,803608,8232,188160,1841200
829,415,441,803193,8206,188601,1786200
830,408,408,802785,8206,189009,1791500
831,393,381,802392,8218,189390,1842500
832,397,410,801995,8205,189800,1887100
833,411,391,801584,8225,190191,1814200
834,425,421,801159,8229,190612,1864900
835,449,412,800710,8266,191024,2564300
836,439,422,800271,8283,191446,1871900
837,416,439,799855,8260,191885,1778300
838,440,427,799415,8273,192312,1861000
839,416,429,798999,8260,192741,1825400
840,439,439,798560,8260,193180,1794400
841,427,423,798133,8264,193603,1831000
842,414,368,797719,8310,193971,1775600
843,428,388,797291,8350,194359,1761000
844,418,450,796873,8318,194809,1872900
845,432,394,796441,8356,195203,1841400
846,460,389,795981,8427,195592,2017700
847,450,447,795531,8430,196039,1853500
848,457,452,795074,8435,196491,1790000
849,429,399,794645,8465,196890,1740900
850,407,441,794238,8431,197331,1860300
851,435,453,793803,8413,197784,1853100
852,393,402,793410,8404,198186,1738500
853,465,440,792945,8429,198626,1712700
854,415,444,792530,8400,199070,1708200
855,433,449,792097,8384,199519,1840200
856,450,412,791647,8422,199931,1922400
857,468,428,791179,8462,200359,1789500
858,427,421,790752,8468,200780,1666200
859,461,439,790291,8490,201219,1727600
860,418,419,789873,8489,201638,1808500
861,419,447,789454,8461,202085,1734100
862,452,404,789002,8509,202489,1961300
863,461,401,788541,8569,202890,1747400
864,468,415,788073,8622,203305,1717100
865,446,441,787627,8627,203746,1814700
866,451,434,787176,8644,204180,1777900
867,462,422,786714,8684,204602,1827300
868,464,408,786250,8740,205010,1705600
869,475,433,785775,8782,205443,1810100
870,444,437,785331,8789,205880,1846100
871,451,435,784880,8805,206315,1943100
872,453,406,784427,8852,206721,2144400
873,444,455,783983,8841,207176,1811300
874,423,458,783560,8806,207634,1712200
875,470,474,783090,8802,208108,1719300
876,440,437,782650,8805,208545,1958500
877,409,429,782241,8785,208974,1828900
878,434,468,781807,8751,209442,1811300
879,463,460,781344,8754,209902,1783300
880,416,460,780928,8710,210362,1737300
881,421,440,780507,8691,210802,1697400
882,464,410,780043,8745,211212,1826400
883,399,445,779644,8699,211657,1786000
884,438,427,779206,8710,212084,1707100
885,437,435,778769,8712,212519,1757300
886,414,442,778355,8684,212961,1819300
887,411,447,777944,8648,213408,1833400
888,457,434,777487,8671,213842,1749700
889,467,431,777020,8707,214273,1735800
890,445,453,776575,8699,214726,1713200
891,435,424,776140,8710,215150,1806300
892,445,430,775695,8725,215580,1737800
893,440,429,775255,8736,216009,1724500
894,455,423,774800,8768,216432,1712200
895,436,451,774364,8753,216883,1848900
896,454,456,773910,8751,217339,1821300
897,425,446,773485,8730,217785,2311200
898,444,427,773041,8747,218212,2025700
899,413,460,772628,8700,218672,1848700
900,434,440,772194,8694,219112,1805100
901,421,448,771773,8667,219560,1703200
902,443,441,771330,8669,220001,1708000
903,463,455,770867,8677,220456,1976500
904,399,427,770468,8649,220883,1859100
905,422,442,770046,8629,221325,2050400
906,432,477,769614,8584,221802,1871200
907,419,425,769195,8578,222227,1804200
908,459,402,768736,8635,222629,1722000
909,424,405,768312,8654,223034,1736400
910,472,407,767840,8719,223441,1699600
911,453,432,767387,8740,223873,1911700
912,431,440,766956,8731,224313,1774400
913,436,445,766520,8722,224758,1724300
914,424,409,766096,8737,225167,1712300
915,407,415,765689,8729,225582,1836400
916,471,436,765218,8764,226018,1810700
917,435,436,764783,8763,226454,1721200
918,489,443,764294,8809,226897,1714900
919,458,418,763836,8849,227315,1815800
920,479,454,763357,8874,227769,1815800
921,447,439,762910,8882,228208,1742100
922,461,445,762449,8898,228653,1972000
923,452,455,761997,8895,229108,1727000
924,441,425,761556,8911,229533,1731000
925,476,442,761080,8945,229975,1833500
926,483,446,760597,8982,230421,1774200
927,460,440,760137,9002,230861,1713200
928,454,458,759683,8998,231319,1690000
929,460,489,759223,8969,231808,1985400
930,435,471,758788,8933,232279,1941700
931,507,456,758281,8984,232735,1861500
932,482,461,757799,9005,233196,1832100
933,461,423,757338,9043,233619,1892000
934,443,413,756895,9073,234032,2113800
935,453,400,756442,9126,234432,1856200
936,460,457,755982,9129,234889,1845300
937,479,466,755503,9142,235355,1813900
938,422,473,755081,9091,235828,1817500
939,464,450,754617,9105,236278,1980200
940,438,456,754179,9087,236734,1844800
941,450,429,753729,9108,237163,1927800
942,476,446,753253,9138,237609,1869400
943,498,414,752755,9222,238023,1852900
944,494,469,752261,9247,238492,1859400
945,500,455,751761,9292,238947,1849500
946,474,458,751287,9308,239405,1891400
947,478,432,750809,9354,239837,14438800
948,469,496,750340,9327,240333,15297300
949,429,488,749911,9268,240821,2042300
950,454,502,749457,9220,241323,2054000
951,448,453,749009,9215,241776,1955500
952,466,453,748543,9228,242229,1937400
953,410,468,748133,9170,242697,1882400
954,430,480,747703,9120,243177,1964000
955,429,429,747274,9120,243606,1777700
956,437,483,746837,9074,244089,1849500
957,470,439,746367,9105,244528,1779600
958,418,435,745949,9088,244963,2000000
959,428,456,745521,9060,245419,1822200
960,460,461,745061,9059,245880,1924200
961,442,437,744619,9064,246317,2005000
962,431,468,744188,9027,246785,1824700
963,442,427,743746,9042,247212,1971200
964,419,481,743327,8980,247693,1875300
965,402,463,742925,8919,248156,1834400
966,435,438,742490,8916,248594,2046200
967,454,463,742036,8907,249057,1828900
968,463,440,741573,8930,249497,1750600
969,442,444,741131,8928,249941,1861500
970,408,459,740723,8877,250400,2274100
971,432,424,740291,8885,250824,1880900
972,451,424,739840,8912,251248,2205200
973,428,459,739412,8881,251707,1819700
974,436,444,738976,8873,252151,1868600
975,471,430,738505,8914,252581,1874600
976,442,428,738063,8928,253009,1795900
977,450,433,737613,8945,253442,1764000
978,453,433,737160,8965,253875,1789900
979,437,453,736723,8949,254328,1793200
980,442,406,736281,8985,254734,1856300
981,471,451,735810,9005,255185,1842100
982,403,446,735407,8962,255631,1901800
983,473,475,734934,8960,256106,1987400
984,475,432,734459,9003,256538,1959200
985,472,433,733987,9042,256971,1872100
986,471,438,733516,9075,257409,1891300
987,455,480,733061,9050,257889,1862200
988,449,485,732612,9014,258374,2062400
989,435,440,732177,9009,258814,1929700
990,455,426,731722,9038,259240,1979000
991,449,464,731273,9023,259704,1992400
992,420,436,730853,9007,260140,1929100
993,438,449,730415,8996,260589,1888100
994,439,446,729976,8989,261035,1944100
995,423,478,729553,8934,261513,1973200
996,428,432,729125,8930,261945,2106700
997,430,495,728695,8865,262440,2157100
998,449,442,728246,8872,262882,1977400
999,421,432,727825,8861,263314,1850400
1000,434,428,727391,8867,263742,1905900
1001,440,473,726951,8834,264215,1875400
1002,439,446,726512,8827,264661,1847200
1003,428,437,726084,8818,265098,2057800
1004,452,505,725632,8765,265603,1979200
1005,479,438,725153,8806,266041,1895700
1006,444,486,724709,8764,266527,2139100
1007,435,488,724274,8711,267015,1924100
1008,417,475,723857,8653,267490,2148200
1009,415,410,723442,8658,267900,1855000
1010,423,411,723019,8670,268311,1750400
1011,443,431,722576,8682,268742,1934700
1012,447,434,722129,8695,269176,1970100
1013,410,419,721719,8686,269595,1768800
1014,405,434,721314,8657,270029,2130800
1015,438,432,720876,8663,270461,1840900
1016,441,439,720435,8665,270900,1790200
1017,457,441,719978,8681,271341,1887200
1018,434,430,719544,8685,271771,1960200
1019,445,446,719099,8684,272217,1885000
1020,449,450,718650,8683,272667,1820400
1021,417,430,718233,8670,273097,1810500
1022,434,457,717799,8647,273554,2052900
1023,402,434,717397,8615,273988,1884800
1024,427,429,716970,8613,274417,1894500
1025,410,454,716560,8569,274871,1879300
1026,406,463,716154,8512,275334,1854200
1027,419,420,715735,8511,275754,1876600
1028,395,408,715340,8498,276162,1908800
1029,435,406,714905,8527,276568,1831000
1030,417,450,714488,8494,277018,1881300
1031,407,422,714081,8479,277440,1823600
1032,434,435,713647,8478,277875,1830200
1033,401,449,713246,8430,278324,1840300
1034,408,426,712838,8412,278750,1776700
1035,426,425,712412,8413,279175,1835200
1036,398,411,712014,8400,279586,1831000
1037,402,423,711612,8379,280009,1831200
1038,431,434,711181,8376,280443,1809800
1039,421,372,710760,8425,280815,2021600
1040,396,427,710364,8394,281242,1884700
1041,389,384,709975,8399,281626,2083500
1042,421,419,709554,8401,282045,1871000
1043,416,401,709138,8416,282446,1953000
1044,435,428,708703,8423,282874,1888400
1045,397,441,708306,8379,283315,1853600
1046,417,462,707889,8334,283777,1814200
1047,420,444,707469,8310,284221,1906100
1048,429,431,707040,8308,284652,1819600
1049,444,405,706596,8347,285057,1808000
1050,401,442,706195,8306,285499,1833300
1051,408,431,705787,8283,285930,1839800
1052,405,406,705382,8282,286336,1853500
1053,385,461,704997,8206,286797,2020200
1054,426,436,704571,8196,287233,1981800
1055,459,444,704112,8211,287677,1799700
1056,443,470,703669,8184,288147,2017900
1057,404,393,703265,8195,288540,1849100
1058,415,414,702850,8196,288954,2000200
1059,429,395,702421,8230,289349,1819100
1060,434,404,701987,8260,289753,1830600
1061,406,397,701581,8269,290150,1839100
1062,403,417,701178,8255,290567,1753700
1063,437,469,700741,8223,291036,1974500
1064,402,408,700339,8217,291444,1867500
1065,402,438,699937,8181,291882,1836000
1066,422,415,699515,8188,292297,1832000
1067,433,379,699082,8242,292676,1921100
1068,411,457,698671,8196,293133,1853300
1069,411,408,698260,8199,293541,1900600
1070,426,415,697834,8210,293956,1932000
1071,379,371,697455,8218,294327,1849400
1072,448,425,697007,8241,294752,1894100
1073,426,416,696581,8251,295168,1819800
1074,404,413,696177,8242,295581,1809000
1075,431,456,695746,8217,296037,1992900
1076,444,413,695302,8248,296450,2034200
1077,403,443,694899,8208,296893,1810000
1078,397,413,694502,8192,297306,1821200
1079,413,396,694089,8209,297702,1870100
1080,422,376,693667,8255,298078,1871300
1081,425,413,693242,8267,298491,1833500
1082,420,417,692822,8270,298908,2139300
1083,426,418,692396,8278,299326,1763500
1084,455,404,691941,8329,299730,1778200
1085,434,416,691507,8347,300146,2016500
1086,419,423,691088,8343,300569,1796200
1087,432,401,690656,8374,300970,1726700
1088,404,437,690252,8341,301407,2069100
1089,420,435,689832,8326,301842,1763800
1090,408,419,689424,8315,302261,2137000
1091,422,421,689002,8316,302682,1841700
1092,403,393,688599,8326,303075,1796300
1093,412,413,688187,8325,303488,1764600
1094,400,402,687787,8323,303890,1799200
1095,414,440,687373,8297,304330,1862100
1096,414,421,686959,8290,304751,2226900
1097,407,403,686552,8294,305154,1816800
1098,418,426,686134,8286,305580,2050200
1099,414,442,685720,8258,306022,1771600
1100,409,404,685311,8263,306426,1807700
1101,413,442,684898,8234,306868,1797300
1102,433,392,684465,8275,307260,2386500
1103,433,429,684032,8279,307689,1876800
1104,396,433,683636,8242,308122,1825300
1105,434,447,683202,8229,308569,1805300
1106,409,408,682793,8230,308977,1789600
1107,402,394,682391,8238,309371,1801100
1108,385,436,682006,8187,309807,1850200
1109,426,418,681580,8195,310225,1765800
1110,399,376,681181,8218,310601,1780700
1111,380,389,680801,8209,310990,1798100
1112,398,394,680403,8213,311384,1794900
1113,459,439,679944,8233,311823,1915900
1114,407,421,679537,8219,312244,1857700
1115,417,397,679120,8239,312641,1786800
1116,414,410,678706,8243,313051,1798800
1117,399,390,678307,8252,313441,1855000
1118,396,444,677911,8204,313885,1953900
1119,420,409,677491,8215,314294,1875000
1120,410,407,677081,8218,314701,1812900
1121,404,384,676677,8238,315085,1808900
1122,369,403,676308,8204,315488,1911100
1123,444,393,675864,8255,315881,1837700
1124,445,418,675419,8282,316299,2013900
1125,392,430,675027,8244,316729,1786000
1126,454,378,674573,8320,317107,1753300
1127,392,420,674181,8292,317527,1843600
1128,391,395,673790,8288,317922,2428200
1129,410,401,673380,8297,318323,1895300
1130,402,422,672978,8277,318745,2085300
1131,446,430,672532,8293,319175,1879300
1132,419,434,672113,8278,319609,2025100
1133,424,427,671689,8275,320036,2021800
1134,399,423,671290,8251,320459,1949100
1135,417,401,670873,8267,320860,2121500
1136,395,407,670478,8255,321267,2036800
1137,411,447,670067,8219,321714,1896600
1138,379,409,669688,8189,322123,1937700
1139,387,428,669301,8148,322551,1901600
1140,429,453,668872,8124,323004,1876400
1141,406,390,668466,8140,323394,1907800
1142,412,367,668054,8185,323761,2290300
1143,387,417,667667,8155,324178,1958200
1144,426,380,667241,8201,324558,1924800
1145,427,425,666814,8203,324983,2149700
1146,388,457,666426,8134,325440,2018100
1147,400,382,666026,8152,325822,1853900
1148,387,451,665639,8088,326273,1868600
1149,394,422,665245,8060,326695,1917900
1150,415,424,664830,8051,327119,2479500
1151,390,387,664440,8054,327506,2033200
1152,414,412,664026,8056,327918,1939100
1153,427,390,663599,8093,328308,1882000
1154,416,382,663183,8127,328690,1911200
1155,403,429,662780,8101,329119,1856700
1156,415,383,662365,8133,329502,1851300
1157,401,414,661964,8120,329916,1904900
1158,404,430,661560,8094,330346,2166900
1159,401,405,661159,8090,330751,2012800
1160,386,405,660773,8071,331156,1970600
1161,376,397,660397,8050,331553,1967200
1162,409,382,659988,8077,331935,1928400
1163,426,411,659562,8092,332346,1908400
1164,413,430,659149,8075,332776,1856100
1165,382,391,658767,8066,333167,1817700
1166,403,395,658364,8074,333562,2020600
1167,428,405,657936,8097,333967,1882300
1168,405,412,657531,8090,334379,1822000
1169,423,401,657108,8112,334780,1994200
1170,420,422,656688,8110,335202,1981900
1171,408,398,656280,8120,335600,1946500
1172,452,401,655828,8171,336001,1942800
1173,420,387,655408,8204,336388,1924000
1174,422,430,654986,8196,336818,1975300
1175,416,400,654570,8212,337218,1873400
1176,417,435,654153,8194,337653,1878300
1177,413,394,653740,8213,338047,1907400
1178,458,380,653282,8291,338427,2105600
1179,478,422,652804,8347,338849,1950100
1180,408,438,652396,8317,339287,1877000
1181,412,389,651984,8340,339676,2028600
1182,395,405,651589,8330,340081,1906300
1183,438,438,651151,8330,340519,1861100
1184,421,416,650730,8335,340935,1895600
1185,422,408,650308,8349,341343,1887600
1186,454,435,649854,8368,341778,1893400
1187,410,422,649444,8356,342200,1845100
1188,459,418,648985,8397,342618,1867000
1189,448,439,648537,8406,343057,1855300
1190,461,408,648076,8459,343465,1878300
1191,414,414,647662,8459,343879,1930300
1192,385,421,647277,8423,344300,1907800
1193,406,449,646871,8380,344749,1850200
1194,400,408,646471,8372,345157,2058700
1195,426,414,646045,8384,345571,1876700
1196,405,406,645640,8383,345977,1837500
1197,393,410,645247,8366,346387,1828700
1198,402,429,644845,8339,346816,1872200
1199,472,384,644373,8427,347200,1928000
1200,407,429,643966,8405,347629,2025200
1201,410,396,643556,8419,348025,2016800
1202,421,404,643135,8436,348429,1888600
1203,419,397,642716,8458,348826,2002700
1204,406,380,642310,8484,349206,2025700
1205,447,417,641863,8514,349623,1884500
1206,452,456,641411,8510,350079,1952200
1207,419,413,640992,8516,350492,1887100
1208,429,422,640563,8523,350914,1839000
1209,382,416,640181,8489,351330,1896400
1210,406,450,639775,8445,351780,1951200
1211,419,404,639356,8460,352184,1846100
1212,412,426,638944,8446,352610,1889100
1213,421,398,638523,8469,353008,1870200
1214,433,424,638090,8478,353432,1894200
1215,475,401,637615,8552,353833,1930200
1216,397,421,637218,8528,354254,1844100
1217,465,433,636753,8560,354687,1897000
1218,419,406,636334,8573,355093,1884800
1219,409,441,635925,8541,355534,1860600
1220,413,422,635512,8532,355956,2016100
1221,407,430,635105,8509,356386,1793000
1222,434,406,634671,8537,356792,1829900
1223,412,438,634259,8511,357230,2022400
1224,391,430,633868,8472,357660,1894000
1225,416,427,633452,8461,358087,1929300
1226,442,454,633010,8449,358541,2107700
1227,463,393,632547,8519,358934,2154100
1228,415,441,632132,8493,359375,1823300
1229,415,428,631717,8480,359803,1872600
1230,400,427,631317,8453,360230,1890000
1231,394,409,630923,8438,360639,1945800
1232,439,432,630484,8445,361071,1846000
1233,394,431,630090,8408,361502,1794600
1234,360,449,629730,8319,361951,1812300
1235,407,402,629323,8324,362353,1804900
1236,396,396,628927,8324,362749,1882000
1237,431,429,628496,8326,363178,1857300
1238,413,461,628083,8278,363639,2228900
1239,416,390,627667,8304,364029,1904300
1240,421,410,627246,8315,364439,1928900
1241,470,390,626776,8395,364829,1951300
1242,412,417,626364,8390,365246,1904300
1243,400,434,625964,8356,365680,1791900
1244,412,428,625552,8340,366108,1879300
1245,424,436,625128,8328,366544,1871300
1246,400,356,624728,8372,366900,1916500
1247,440,468,624288,8344,367368,1908600
1248,409,405,623879,8348,367773,1973400
1249,413,414,623466,8347,368187,1924000
1250,394,414,623072,8327,368601,1888300
1251,399,425,622673,8301,369026,1913600
1252,424,404,622249,8321,369430,1877200
1253,450,412,621799,8359,369842,2035600
1254,424,434,621375,8349,370276,2011100
1255,455,400,620920,8404,370676,1874700
1256,427,406,620493,8425,371082,1876900
1257,411,441,620082,8395,371523,2117900
1258,414,422,619668,8387,371945,1872600
1259,402,412,619266,8377,372357,1855200
1260,415,397,618851,8395,372754,1838300
1261,431,385,618420,8441,373139,1999400
1262,410,403,618010,8448,373542,1884500
1263,411,427,617599,8432,373969,1948700
1264,405,442,617194,8395,374411,1894200
1265,383,425,616811,8353,374836,1912400
1266,419,399,616392,8373,375235,1881800
1267,430,439,615962,8364,375674,1920600
1268,440,385,615522,8419,376059,1890600
1269,415,437,615107,8397,376496,1900200
1270,421,432,614686,8386,376928,1869900
1271,433,437,614253,8382,377365,1901700
1272,441,446,613812,8377,377811,1859500
1273,435,423,613377,8389,378234,1884800
1274,396,399,612981,8386,378633,2020400
1275,430,427,612551,8389,379060,2403300
1276,431,437,612120,8383,379497,2051800
1277,423,420,611697,8386,379917,1965100
1278,438,399,611259,8425,380316,1955800
1279,426,420,610833,8431,380736,1907400
1280,419,388,610414,8462,381124,1849200
1281,404,433,610010,8433,381557,2131000
1282,447,409,609563,8471,381966,1866400
1283,464,424,609099,8511,382390,1895300
1284,469,423,608630,8557,382813,1827000
1285,465,416,608165,8606,383229,1788000
1286,426,429,607739,8603,383658,1899900
1287,460,426,607279,8637,384084,1863900
1288,449,452,606830,8634,384536,1969400
1289,420,458,606410,8596,384994,2078700
1290,399,421,606011,8574,385415,2179800
1291,433,417,605578,8590,385832,1889800
1292,417,442,605161,8565,386274,1992100
1293,399,417,604762,8547,386691,1869600
1294,422,468,604340,8501,387159,1986100
1295,441,420,603899,8522,387579,1853800
1296,452,432,603447,8542,388011,1979200
1297,447,402,603000,8587,388413,1917400
1298,432,428,602568,8591,388841,1862800
1299,479,434,602089,8636,389275,2120600
1300,449,435,601640,8650,389710,1858400
1301,379,438,601261,8591,390148,1824200
1302,406,404,600855,8593,390552,1995600
1303,433,403,600422,8623,390955,1780500
1304,393,418,600029,8598,391373,1744300
1305,368,402,599661,8564,391775,1847200
1306,419,456,599242,8527,392231,1783400
1307,422,437,598820,8512,392668,2174300
1308,397,431,598423,8478,393099,2030500
1309,393,405,598030,8466,393504,1865200
1310,389,428,597641,8427,393932,1860800
1311,375,410,597266,8392,394342,1870600
1312,434,415,596832,8411,394757,1875100
1313,379,403,596453,8387,395160,1887500
1314,400,432,596053,8355,395592,1836200
1315,395,398,595658,8352,395990,1865900
1316,402,454,595256,8300,396444,1860000
1317,417,393,594839,8324,396837,1903400
1318,412,406,594427,8330,397243,2154800
1319,385,410,594042,8305,397653,2047400
1320,379,429,593663,8255,398082,2107300
1321,390,438,593273,8207,398520,2234800
1322,369,445,592904,8131,398965,1926600
1323,380,403,592524,8108,399368,1914300
1324,382,413,592142,8077,399781,1911600
1325,391,394,591751,8074,400175,1906700
1326,386,422,591365,8038,400597,2078800
1327,424,361,590941,8101,400958,1972000
1328,351,431,590590,8021,401389,1870100
1329,386,393,590204,8014,401782,2187600
1330,387,400,589817,8001,402182,1908700
1331,389,420,589428,7970,402602,1862800
1332,413,395,589015,7988,402997,1924500
1333,387,344,588628,8031,403341,1858300
1334,455,393,588173,8093,403734,2018300
1335,449,433,587724,8109,404167,1868000
1336,459,439,587265,8129,404606,1862300
1337,446,391,586819,8184,404997,1833300
1338,408,410,586411,8182,405407,1776400
1339,405,378,586006,8209,405785,1892500
1340,423,415,585583,8217,406200,1895500
1341,434,408,585149,8243,406608,1930900
1342,457,422,584692,8278,407030,1872100
1343,423,420,584269,8281,407450,1845300
1344,434,406,583835,8309,407856,1829700
1345,459,424,583376,8344,408280,1742900
1346,423,437,582953,8330,408717,1731100
1347,415,420,582538,8325,409137,2047100
1348,432,408,582106,8349,409545,1929300
1349,459,438,581647,8370,409983,1864900
1350,408,417,581239,8361,410400,1826900
1351,413,442,580826,8332,410842,1866200
1352,405,452,580421,8285,411294,1985100
1353,449,424,579972,8310,411718,1868500
1354,398,401,579574,8307,412119,1829200
1355,402,439,579172,8270,412558,1834300
1356,385,426,578787,8229,412984,2076400
1357,379,418,578408,8190,413402,1821200
1358,420,397,577988,8213,413799,2079000
1359,398,405,577590,8206,414204,1841300
1360,392,452,577198,8146,414656,1841900
1361,411,406,576787,8151,415062,1866500
1362,404,389,576383,8166,415451,1861600
1363,422,418,575961,8170,415869,1918500
1364,409,427,575552,8152,416296,1892500
1365,408,409,575144,8151,416705,1853200
1366,412,415,574732,8148,417120,1826400
1367,396,418,574336,8126,417538,1883900
1368,385,413,573951,8098,417951,2001600
1369,400,396,573551,8102,418347,1975800
1370,414,414,573137,8102,418761,1881000
1371,411,395,572726,8118,419156,2327200
1372,428,433,572298,8113,419589,1857600
1373,395,383,571903,8125,419972,1865800
1374,436,410,571467,8151,420382,2130500
1375,423,382,571044,8192,420764,2073000
1376,422,414,570622,8200,421178,1848100
1377,430,398,570192,8232,421576,2272800
1378,447,369,569745,8310,421945,1998700
1379,388,426,569357,8272,422371,2016900
1380,439,447,568918,8264,422818,2047300
1381,413,414,568505,8263,423232,1978700
1382,392,413,568113,8242,423645,2057300
1383,402,419,567711,8225,424064,1940500
1384,431,377,567280,8279,424441,2375800
1385,443,425,566837,8297,424866,2076700
1386,469,405,566368,8361,425271,2302200
1387,417,384,565951,8394,425655,2457400
1388,431,441,565520,8384,426096,1902400
1389,418,391,565102,8411,426487,1927200
1390,451,458,564651,8404,426945,1899200
1391,424,403,564227,8425,427348,1829500
1392,393,458,563834,8360,427806,2030300
1393,388,413,563446,8335,428219,1859200
1394,393,383,563053,8345,428602,1971700
1395,405,424,562648,8326,429026,1833100
1396,412,394,562236,8344,429420,1829700
1397,385,433,561851,8296,429853,1758600
1398,413,437,561438,8272,430290,2024700
1399,397,407,561041,8262,430697,1899700
1400,416,427,560625,8251,431124,1861500
1401,405,439,560220,8217,431563,1864300
1402,360,415,559860,8162,431978,1927300
1403,374,384,559486,8152,432362,2085600
1404,411,442,559075,8121,432804,1768300
1405,396,374,558679,8143,433178,1897900
1406,419,388,558260,8174,433566,2163800
1407,391,400,557869,8165,433966,1811700
1408,369,411,557500,8123,434377,1819600
1409,413,419,557087,8117,434796,1858200
1410,399,445,556688,8071,435241,1844000
1411,407,419,556281,8059,435660,2276500
1412,380,438,555901,8001,436098,1991400
1413,406,413,555495,7994,436511,1837000
1414,354,403,555141,7945,436914,1815700
1415,431,409,554710,7967,437323,1862200
1416,393,401,554317,7959,437724,2076400
1417,418,406,553899,7971,438130,1837200
1418,411,400,553488,7982,438530,1810200
1419,397,412,553091,7967,438942,2004200
1420,395,398,552696,7964,439340,1817700
1421,427,380,552269,8011,439720,1847600
1422,435,385,551834,8061,440105,1789200
1423,403,379,551431,8085,440484,1787800
1424,412,459,551019,8038,440943,1842300
1425,423,388,550596,8073,441331,2010700
1426,398,394,550198,8077,441725,1800900
1427,386,395,549812,8068,442120,1792000
1428,440,397,549372,8111,442517,1837200
1429,418,402,548954,8127,442919,1835500
1430,426,355,548528,8198,443274,1834400
1431,433,449,548095,8182,443723,1874800
1432,416,400,547679,8198,444123,2106700
1433,427,418,547252,8207,444541,1897100
1434,441,395,546811,8253,444936,3556700
1435,415,442,546396,8226,445378,2892300
1436,439,409,545957,8256,445787,1977000
1437,409,421,545548,8244,446208,1939900
1438,431,429,545117,8246,446637,1870800
1439,443,404,544674,8285,447041,1854100
1440,409,428,544265,8266,447469,1949700
1441,439,424,543826,8281,447893,1840300
1442,399,409,543427,8271,448302,2137200
1443,431,454,542996,8248,448756,1830100
1444,401,416,542595,8233,449172,1884100
1445,432,380,542163,8285,449552,2376300
1446,387,417,541776,8255,449969,1867600
1447,424,389,541352,8290,450358,1951100
1448,448,422,540904,8316,450780,1913300
1449,412,423,540492,8305,451203,1813200
1450,425,463,540067,8267,451666,1853300
1451,396,418,539671,8245,452084,1880400
1452,428,432,539243,8241,452516,1940300
1453,394,426,538849,8209,452942,1846500
1454,435,396,538414,8248,453338,1832700
1455,418,432,537996,8234,453770,1858400
1456,407,443,537589,8198,454213,1809900
1457,377,403,537212,8172,454616,1781400
1458,380,366,536832,8186,454982,2135800
1459,429,411,536403,8204,455393,1842500
1460,411,432,535992,8183,455825,1846300
1461,416,395,535576,8204,456220,1809900
1462,392,409,535184,8187,456629,1771400
1463,383,425,534801,8145,457054,1862100
1464,406,396,534395,8155,457450,1881800
1465,390,395,534005,8150,457845,1881600
1466,436,367,533569,8219,458212,1797800
1467,404,430,533165,8193,458642,1859000
1468,394,407,532771,8180,459049,2086000
1469,369,373,532402,8176,459422,1812600
1470,365,401,532037,8140,459823,1809700
1471,407,394,531630,8153,460217,1892600
1472,384,432,531246,8105,460649,1878500
1473,397,426,530849,8076,461075,1879300
1474,366,399,530483,8043,461474,1935700
1475,416,379,530067,8080,461853,1845300
1476,408,436,529659,8052,462289,1850000
1477,401,392,529258,8061,462681,1848300
1478,410,402,528848,8069,463083,1883400
1479,408,437,528440,8040,463520,1806700
1480,413,380,528027,8073,463900,1880900
1481,401,395,527626,8079,464295,1790400
1482,362,409,527264,8032,464704,1835900
1483,423,395,526841,8060,465099,1896300
1484,398,419,526443,8039,465518,1857500
1485,398,426,526045,8011,465944,1824800
1486,429,364,525616,8076,466308,1987100
1487,427,414,525189,8089,466722,1833100
1488,419,418,524770,8090,467140,1859400
1489,419,392,524351,8117,467532,2103600
1490,430,399,523921,8148,467931,2223300
1491,444,396,523477,8196,468327,1927200
1492,431,437,523046,8190,468764,1810600
1493,400,421,522646,8169,469185,2095000
1494,392,380,522254,8181,469565,1851900
1495,440,448,521814,8173,470013,1886200
1496,413,406,521401,8180,470419,2071300
1497,413,426,520988,8167,470845,2144400
1498,419,408,520569,8178,471253,2028700
1499,413,431,520156,8160,471684,2035000
1500,412,417,519744,8155,472101,1971700
1501,432,422,519312,8165,472523,2267700
1502,427,421,518885,8171,472944,2081900
1503,406,400,518479,8177,473344,2129300
1504,423,423,518056,8177,473767,1956100
1505,419,388,517637,8208,474155,2093200
1506,454,403,517183,8259,474558,2181700
1507,399,406,516784,8252,474964,1990800
1508,405,433,516379,8224,475397,1973400
1509,416,438,515963,8202,475835,2045500
1510,427,376,515536,8253,476211,1928600
1511,396,416,515140,8233,476627,2172500
1512,393,413,514747,8213,477040,1879200
1513,418,424,514329,8207,477464,1988600
1514,392,397,513937,8202,477861,2152300
1515,405,396,513532,8211,478257,1987300
1516,397,446,513135,8162,478703,1949200
1517,388,416,512747,8134,479119,1915400
1518,425,372,512322,8187,479491,1931400
1519,416,403,511906,8200,479894,1949600
1520,411,407,511495,8204,480301,2349400
1521,414,392,511081,8226,480693,2003800
1522,419,431,510662,8214,481124,2043600
1523,405,397,510257,8222,481521,1889000
1524,421,400,509836,8243,481921,1939000
1525,430,428,509406,8245,482349,1855600
1526,451,404,508955,8292,482753,1877900
1527,484,443,508471,8333,483196,2036300
1528,461,420,508010,8374,483616,2063700
1529,428,436,507582,8366,484052,1934000
1530,470,401,507112,8435,484453,2081700
1531,451,456,506661,8430,484909,1979800
1532,427,409,506234,8448,485318,1890800
1533,486,445,505748,8489,485763,1805300
1534,419,442,505329,8466,486205,1775800
1535,445,431,504884,8480,486636,1839500
1536,415,425,504469,8470,487061,1783000
1537,448,410,504021,8508,487471,1753500
1538,447,432,503574,8523,487903,2012400
1539,453,403,503121,8573,488306,1835600
1540,429,419,502692,8583,488725,1816500
1541,430,403,502262,8610,489128,1821800
1542,417,484,501845,8543,489612,1739000
1543,438,410,501407,8571,490022,1789100
1544,444,437,500963,8578,490459,1859800
1545,438,450,500525,8566,490909,1832500
1546,419,431,500106,8554,491340,2079400
1547,442,443,499664,8553,491783,1860900
1548,423,434,499241,8542,492217,1917700
1549,448,419,498793,8571,492636,2009700
1550,463,428,498330,8606,493064,1923800
1551,439,439,497891,8606,493503,1884100
1552,435,447,497456,8594,493950,1853400
1553,404,414,497052,8584,494364,2282400
1554,415,428,496637,8571,494792,2025000
1555,410,455,496227,8526,495247,1851800
1556,425,427,495802,8524,495674,1818000
1557,449,424,495353,8549,496098,1826400
1558,443,410,494910,8582,496508,1860000
1559,443,417,494467,8608,496925,1849500
1560,452,411,494015,8649,497336,1805500
1561,438,426,493577,8661,497762,1769900
1562,445,456,493132,8650,498218,1854800
1563,424,432,492708,8642,498650,1739900
1564,485,425,492223,8702,499075,1834200
1565,414,454,491809,8662,499529,1834000
1566,458,443,491351,8677,499972,1794400
1567,443,416,490908,8704,500388,1837400
1568,420,428,490488,8696,500816,1851700
1569,414,436,490074,8674,501252,2177100
1570,429,419,489645,8684,501671,1864600
1571,431,401,489214,8714,502072,1744100
1572,454,452,488760,8716,502524,1849100
1573,386,427,488374,8675,502951,1817100
1574,425,432,487949,8668,503383,1730500
1575,421,436,487528,8653,503819,1849800
1576,405,447,487123,8611,504266,1943600
1577,408,401,486715,8618,504667,1970400
1578,403,424,486312,8597,505091,1882400
1579,426,455,485886,8568,505546,1886800
1580,428,417,485458,8579,505963,1896300
1581,373,437,485085,8515,506400,2063800
1582,417,414,484668,8518,506814,1963600
1583,383,451,484285,8450,507265,1852400
1584,432,418,483853,8464,507683,1841000
1585,435,396,483418,8503,508079,1828500
1586,441,438,482977,8506,508517,1899600
1587,414,464,482563,8456,508981,2152100
1588,443,407,482120,8492,509388,1842200
1589,415,427,481705,8480,509815,1741500
1590,370,440,481335,8410,510255,1829200
1591,411,421,480924,8400,510676,1845300
1592,419,468,480505,8351,511144,1802600
1593,437,402,480068,8386,511546,1795300
1594,446,410,479622,8422,511956,1701700
1595,444,419,479178,8447,512375,1876800
1596,420,383,478758,8484,512758,2119200
1597,426,412,478332,8498,513170,2058700
1598,424,428,477908,8494,513598,1824400
1599,440,441,477468,8493,514039,1819800
1600,427,472,477041,8448,514511,1829500
1601,401,422,476640,8427,514933,1808300
1602,400,423,476240,8404,515356,1799700
1603,438,410,475802,8432,515766,1846600
1604,389,420,475413,8401,516186,1827500
1605,412,418,475001,8395,516604,1859000
1606,428,405,474573,8418,517009,1837500
1607,417,454,474156,8381,517463,1958900
1608,434,416,473722,8399,517879,1797100
1609,431,445,473291,8385,518324,1923000
1610,482,379,472809,8488,518703,1833600
1611,399,422,472410,8465,519125,1963700
1612,441,393,471969,8513,519518,2035800
1613,436,435,471533,8514,519953,1882400
1614,440,431,471093,8523,520384,1804200
1615,440,434,470653,8529,520818,1869200
1616,453,441,470200,8541,521259,1974900
1617,442,425,469758,8558,521684,1819500
1618,422,432,469336,8548,522116,2228300
1619,439,416,468897,8571,522532,1979600
1620,426,450,468471,8547,522982,1840800
1621,448,439,468023,8556,523421,1814500
1622,443,417,467580,8582,523838,1830100
1623,465,448,467115,8599,524286,1760300
1624,448,420,466667,8627,524706,1802900
1625,422,426,466245,8623,525132,1852200
1626,497,400,465748,8720,525532,1821500
1627,438,421,465310,8737,525953,1808900
1628,445,451,464865,8731,526404,1889800
1629,442,450,464423,8723,526854,1775100
1630,483,424,463940,8782,527278,1834100
1631,423,448,463517,8757,527726,1811200
1632,438,431,463079,8764,528157,1813200
1633,423,437,462656,8750,528594,1999400
1634,445,398,462211,8797,528992,1810100
1635,459,438,461752,8818,529430,1862500
1636,465,432,461287,8851,529862,1959100
1637,448,445,460839,8854,530307,1839100
1638,439,448,460400,8845,530755,1883600
1639,453,499,459947,8799,531254,1905100
1640,425,407,459522,8817,531661,1862400
1641,452,420,459070,8849,532081,1836300
1642,424,415,458646,8858,532496,1844200
1643,428,459,458218,8827,532955,1959600
1644,414,473,457804,8768,533428,1983500
1645,443,456,457361,8755,533884,1950400
1646,436,421,456925,8770,534305,1918300
1647,429,421,456496,8778,534726,1879700
1648,441,468,456055,8751,535194,1906000
1649,393,447,455662,8697,535641,1873600
1650,448,421,455214,8724,536062,1893700
1651,431,425,454783,8730,536487,1904900
1652,411,405,454372,8736,536892,1957900
1653,459,433,453913,8762,537325,1948100
1654,436,463,453477,8735,537788,2041800
1655,413,427,453064,8721,538215,1942900
1656,419,417,452645,8723,538632,1984200
1657,441,459,452204,8705,539091,1906200
1658,398,439,451806,8664,539530,1914800
1659,432,392,451374,8704,539922,1865000
1660,408,436,450966,8676,540358,1962500
1661,433,461,450533,8648,540819,1862700
1662,397,420,450136,8625,541239,1950800
1663,410,437,449726,8598,541676,1893900
1664,424,426,449302,8596,542102,1894700
1665,395,359,448907,8632,542461,1860100
1666,421,413,448486,8640,542874,1973700
1667,432,435,448054,8637,543309,1897500
1668,421,437,447633,8621,543746,1894600
1669,433,434,447200,8620,544180,1895300
1670,432,419,446768,8633,544599,1878200
1671,432,415,446336,8650,545014,1854000
1672,374,454,445962,8570,545468,1917700
1673,416,441,445546,8545,545909,1898100
1674,477,426,445069,8596,546335,1937800
1675,444,419,444625,8621,546754,1873000
1676,411,413,444214,8619,547167,1970200
1677,432,415,443782,8636,547582,1900700
1678,440,400,443342,8676,547982,1917000
1679,435,444,442907,8667,548426,1904000
1680,441,440,442466,8668,548866,1860900
1681,446,429,442020,8685,549295,1865800
1682,440,425,441580,8700,549720,1914100
1683,443,426,441137,8717,550146,1896500
1684,447,426,440690,8738,550572,1897000
1685,451,430,440239,8759,551002,1903900
1686,402,459,439837,8702,551461,2061200
1687,469,459,439368,8712,551920,2045700
1688,444,442,438924,8714,552362,1922600
1689,450,440,438474,8724,552802,1909400
1690,467,451,438007,8740,553253,1880100
1691,433,398,437574,8775,553651,1847100
1692,427,427,437147,8775,554078,1895300
1693,414,423,436733,8766,554501,1942500
1694,440,443,436293,8763,554944,1901700
1695,474,460,435819,8777,555404,1930300
1696,486,422,435333,8841,555826,1928900
1697,457,450,434876,8848,556276,1899100
1698,450,468,434426,8830,556744,1823000
1699,443,426,433983,8847,557170,1862800
1700,462,439,433521,8870,557609,1844900
1701,436,451,433085,8855,558060,1816500
1702,415,463,432670,8807,558523,1890500
1703,423,444,432247,8786,558967,1868100
1704,440,447,431807,8779,559414,1909900
1705,467,446,431340,8800,559860,1906600
1706,395,451,430945,8744,560311,1847000
1707,441,452,430504,8733,560763,1829500
1708,439,434,430065,8738,561197,1950600
1709,479,426,429586,8791,561623,2168700
1710,441,430,429145,8802,562053,1874500
1711,443,477,428702,8768,562530,1858200
1712,454,444,428248,8778,562974,1860700
1713,403,429,427845,8752,563403,2057100
1714,421,443,427424,8730,563846,2126600
1715,420,434,427004,8716,564280,2021100
1716,431,442,426573,8705,564722,1861800
1717,440,409,426133,8736,565131,2266500
1718,419,441,425714,8714,565572,1943000
1719,466,445,425248,8735,566017,1911900
1720,432,461,424816,8706,566478,2143200
1721,437,433,424379,8710,566911,1939400
1722,406,443,423973,8673,567354,1871300
1723,416,444,423557,8645,567798,1891500
1724,442,385,423115,8702,568183,1946000
1725,443,455,422672,8690,568638,1866000
1726,430,431,422242,8689,569069,1877200
1727,458,425,421784,8722,569494,2064200
1728,433,439,421351,8716,569933,1852400
1729,435,407,420916,8744,570340,1825300
1730,453,442,420463,8755,570782,1819400
1731,456,434,420007,8777,571216,1767600
1732,428,423,419579,8782,571639,1855600
1733,446,431,419133,8797,572070,2084200
1734,399,400,418734,8796,572470,2097600
1735,451,425,418283,8822,572895,1853000
1736,436,429,417847,8829,573324,1783400
1737,438,420,417409,8847,573744,1807700
1738,433,456,416976,8824,574200,1853600
1739,485,397,416491,8912,574597,1768300
1740,427,423,416064,8916,575020,1807300
1741,442,434,415622,8924,575454,1869500
1742,449,437,415173,8936,575891,1910300
1743,482,432,414691,8986,576323,1843800
1744,441,452,414250,8975,576775,2188500
1745,441,471,413809,8945,577246,1859600
1746,426,449,413383,8922,577695,1835500
1747,403,434,412980,8891,578129,1841700
1748,478,427,412502,8942,578556,1803300
1749,438,446,412064,8934,579002,1801700
1750,433,450,411631,8917,579452,1812800
1751,469,469,411162,8917,579921,1822700
1752,450,466,410712,8901,580387,1802000
1753,444,439,410268,8906,580826,1845900
1754,426,432,409842,8900,581258,1816900
1755,439,422,409403,8917,581680,1826800
1756,455,429,408948,8943,582109,2041000
1757,435,453,408513,8925,582562,2186500
1758,478,445,408035,8958,583007,2070400
1759,473,463,407562,8968,583470,1977700
1760,445,455,407117,8958,583925,1938700
1761,458,452,406659,8964,584377,1984500
1762,465,449,406194,8980,584826,1878100
1763,438,426,405756,8992,585252,1870600
1764,425,473,405331,8944,585725,1846500
1765,468,469,404863,8943,586194,1830200
1766,464,404,404399,9003,586598,2027400
1767,442,405,403957,9040,587003,1947900
1768,456,432,403501,9064,587435,1883200
1769,467,470,403034,9061,587905,1824600
1770,486,443,402548,9104,588348,1838600
1771,440,452,402108,9092,588800,2102500
1772,488,461,401620,9119,589261,1902300
1773,472,470,401148,9121,589731,1857500
1774,482,483,400666,9120,590214,1847600
1775,463,433,400203,9150,590647,2159200
1776,442,438,399761,9154,591085,2013500
1777,439,481,399322,9112,591566,2042100
1778,455,474,398867,9093,592040,1822500
1779,449,439,398418,9103,592479,1885400
1780,471,469,397947,9105,592948,1819400
1781,424,441,397523,9088,593389,1857800
1782,451,444,397072,9095,593833,1959600
1783,429,443,396643,9081,594276,1805500
1784,430,464,396213,9047,594740,1779900
1785,442,461,395771,9028,595201,1730000
1786,494,440,395277,9082,595641,1785400
1787,481,463,394796,9100,596104,1832300
1788,448,401,394348,9147,596505,2116800
1789,446,458,393902,9135,596963,1880600
1790,480,446,393422,9169,597409,1825500
1791,433,468,392989,9134,597877,1904800
1792,462,473,392527,9123,598350,1899800
1793,457,438,392070,9142,598788,1833300
1794,492,480,391578,9154,599268,1853800
1795,446,479,391132,9121,599747,1825200
1796,458,447,390674,9132,600194,1855100
1797,423,456,390251,9099,600650,1830200
1798,485,450,389766,9134,601100,1837200
1799,414,475,389352,9073,601575,2063800
1800,461,436,388891,9098,602011,1897700
1801,470,444,388421,9124,602455,1830300
1802,474,473,387947,9125,602928,1818500
1803,465,480,387482,9110,603408,1822600
1804,455,467,387027,9098,603875,2261300
1805,500,461,386527,9137,604336,1861300
1806,451,455,386076,9133,604791,1858600
1807,466,441,385610,9158,605232,1862000
1808,412,421,385198,9149,605653,1838100
1809,484,446,384714,9187,606099,1858100
1810,446,442,384268,9191,606541,1804800
1811,499,404,383769,9286,606945,1869600
1812,453,472,383316,9267,607417,1852200
1813,488,449,382828,9306,607866,1962700
1814,480,471,382348,9315,608337,1840600
1815,449,481,381899,9283,608818,2014600
1816,481,474,381418,9290,609292,2015800
1817,428,486,380990,9232,609778,1955900
1818,448,463,380542,9217,610241,2180500
1819,462,461,380080,9218,610702,2014500
1820,462,492,379618,9188,611194,2349000
1821,475,466,379143,9197,611660,2059700
1822,470,464,378673,9203,612124,2175800
1823,426,446,378247,9183,612570,1902100
1824,458,465,377789,9176,613035,1983500
1825,498,434,377291,9240,613469,1896100
1826,470,477,376821,9233,613946,1925600
1827,460,480,376361,9213,614426,1923000
1828,446,458,375915,9201,614884,1926600
1829,476,476,375439,9201,615360,1901700
1830,470,429,374969,9242,615789,1910200
1831,459,459,374510,9242,616248,1962900
1832,480,457,374030,9265,616705,1976300
1833,451,464,373579,9252,617169,1977300
1834,453,464,373126,9241,617633,1960400
1835,436,472,372690,9205,618105,1939900
1836,438,467,372252,9176,618572,1901600
1837,441,474,371811,9143,619046,1949000
1838,446,462,371365,9127,619508,2048500
1839,501,486,370864,9142,619994,2013600
1840,451,463,370413,9130,620457,1935600
1841,476,503,369937,9103,620960,2113900
1842,491,430,369446,9164,621390,1906200
1843,460,405,368986,9219,621795,1919900
1844,485,475,368501,9229,622270,1979200
1845,521,519,367980,9231,622789,1957700
1846,479,500,367501,9210,623289,1847700
1847,456,431,367045,9235,623720,1979700
1848,436,477,366609,9194,624197,1883100
1849,465,423,366144,9236,624620,1832200
1850,412,468,365732,9180,625088,2195700
1851,463,458,365269,9185,625546,1929900
1852,463,469,364806,9179,626015,1896600
1853,478,445,364328,9212,626460,2118500
1854,487,465,363841,9234,626925,2049900
1855,433,474,363408,9193,627399,2135700
1856,459,452,362949,9200,627851,2340700
1857,474,436,362475,9238,628287,2645500
1858,473,432,362002,9279,628719,2034800
1859,424,463,361578,9240,629182,2254100
1860,463,459,361115,9244,629641,2098300
1861,440,474,360675,9210,630115,1967800
1862,448,484,360227,9174,630599,2019000
1863,473,486,359754,9161,631085,1970600
1864,466,495,359288,9132,631580,1909000
1865,472,444,358816,9160,632024,1918500
1866,456,470,358360,9146,632494,1900200
1867,468,508,357892,9106,633002,1900200
1868,455,467,357437,9094,633469,1894300
1869,487,461,356950,9120,633930,2166400
1870,441,456,356509,9105,634386,1937400
1871,479,421,356030,9163,634807,1800200
1872,461,456,355569,9168,635263,1812000
1873,456,437,355113,9187,635700,1877900
1874,458,455,354655,9190,636155,1790900
1875,486,452,354169,9224,636607,1825600
1876,483,461,353686,9246,637068,1841600
1877,484,448,353202,9282,637516,1851500
1878,477,476,352725,9283,637992,1895900
1879,441,436,352284,9288,638428,1950600
1880,470,445,351814,9313,638873,1900900
1881,449,479,351365,9283,639352,2011500
1882,445,459,350920,9269,639811,2001500
1883,436,461,350484,9244,640272,2008400
1884,470,485,350014,9229,640757,1949900
1885,450,497,349564,9182,641254,1828800
1886,459,429,349105,9212,641683,1875700
1887,444,449,348661,9207,642132,1824500
1888,479,475,348182,9211,642607,1843700
1889,467,436,347715,9242,643043,1844600
1890,455,445,347260,9252,643488,1864300
1891,451,450,346809,9253,643938,1810800
1892,466,483,346343,9236,644421,1770100
1893,465,463,345878,9238,644884,1827400
1894,457,450,345421,9245,645334,1871800
1895,442,481,344979,9206,645815,1931200
1896,417,436,344562,9187,646251,1846700
1897,498,474,344064,9211,646725,1816400
1898,437,456,343627,9192,647181,1852700
1899,475,505,343152,9162,647686,1776100
1900,477,448,342675,9191,648134,1764700
1901,435,474,342240,9152,648608,2236200
1902,477,449,341763,9180,649057,1943600
1903,476,436,341287,9220,649493,2052000
1904,488,451,340799,9257,649944,1865000
1905,454,449,340345,9262,650393,2013700
1906,457,440,339888,9279,650833,1857700
1907,505,482,339383,9302,651315,1843600
1908,459,505,338924,9256,651820,1860000
1909,484,480,338440,9260,652300,1840800
1910,469,485,337971,9244,652785,1979500
1911,439,475,337532,9208,653260,1984400
1912,482,459,337050,9231,653719,1889500
1913,446,469,336604,9208,654188,1866700
1914,434,466,336170,9176,654654,1859900
1915,475,450,335695,9201,655104,1857400
1916,443,450,335252,9194,655554,2062200
1917,442,466,334810,9170,656020,2111600
1918,483,488,334327,9165,656508,1948800
1919,489,455,333838,9199,656963,2040600
1920,442,457,333396,9184,657420,1828100
1921,492,444,332904,9232,657864,1885100
1922,472,444,332432,9260,658308,1855100
1923,441,434,331991,9267,658742,1758200
1924,476,471,331515,9272,659213,2204700
1925,478,458,331037,9292,659671,1990300
1926,453,459,330584,9286,660130,1828400
1927,475,486,330109,9275,660616,1956500
1928,441,483,329668,9233,661099,1776600
1929,448,471,329220,9210,661570,1845800
1930,496,455,328724,9251,662025,1850400
1931,427,478,328297,9200,662503,1874300
1932,454,471,327843,9183,662974,2019400
1933,436,467,327407,9152,663441,1954700
1934,452,485,326955,9119,663926,1907400
1935,451,477,326504,9093,664403,1940300
1936,452,461,326052,9084,664864,1878200
1937,466,457,325586,9093,665321,1848700
1938,474,455,325112,9112,665776,1982600
1939,438,486,324674,9064,666262,1811300
1940,443,455,324231,9052,666717,1815800
1941,445,427,323786,9070,667144,1795800
1942,447,459,323339,9058,667603,1777800
1943,465,454,322874,9069,668057,1804500
1944,460,454,322414,9075,668511,2041700
1945,439,453,321975,9061,668964,1833000
1946,480,465,321495,9076,669429,1811800
1947,438,450,321057,9064,669879,1852500
1948,429,455,320628,9038,670334,1806600
1949,444,452,320184,9030,670786,1824000
1950,412,462,319772,8980,671248,1945600
1951,428,474,319344,8934,671722,1894600
1952,437,431,318907,8940,672153,3101400
1953,454,444,318453,8950,672597,2082000
1954,442,422,318011,8970,673019,1899800
1955,412,414,317599,8968,673433,1894900
1956,400,447,317199,8921,673880,2168600
1957,406,463,316793,8864,674343,1955400
1958,453,426,316340,8891,674769,1827900
1959,434,426,315906,8899,675195,1996600
1960,471,465,315435,8905,675660,1976000
1961,444,451,314991,8898,676111,1991800
1962,427,440,314564,8885,676551,1936600
1963,444,447,314120,8882,676998,1900000
1964,402,446,313718,8838,677444,1890900
1965,416,405,313302,8849,677849,1998000
1966,434,392,312868,8891,678241,2011600
1967,406,451,312462,8846,678692,1876100
1968,435,434,312027,8847,679126,1911700
1969,436,403,311591,8880,679529,1859900
1970,443,452,311148,8871,679981,1820100
1971,449,435,310699,8885,680416,1879100
1972,451,434,310248,8902,680850,1820800
1973,462,472,309786,8892,681322,1848600
1974,473,478,309313,8887,681800,2103000
1975,420,469,308893,8838,682269,1825500
1976,426,452,308467,8812,682721,1931900
1977,394,428,308073,8778,683149,1886400
1978,447,433,307626,8792,683582,1836200
1979,423,451,307203,8764,684033,1876700
1980,429,385,306774,8808,684418,1857800
1981,431,452,306343,8787,684870,1777400
1982,408,472,305935,8723,685342,1828400
1983,428,437,305507,8714,685779,1799500
1984,379,439,305128,8654,686218,1843500
1985,435,429,304693,8660,686647,1774900
1986,418,449,304275,8629,687096,1754100
1987,410,423,303865,8616,687519,1797000
1988,401,412,303464,8605,687931,1823500
1989,404,425,303060,8584,688356,1800800
1990,393,403,302667,8574,688759,1860000
1991,368,390,302299,8552,689149,1852400
1992,416,402,301883,8566,689551,1850500
1993,409,439,301474,8536,689990,1909600
1994,415,427,301059,8524,690417,1867000
1995,398,442,300661,8480,690859,2027400
1996,412,432,300249,8460,691291,1821200
1997,359,437,299890,8382,691728,1934900
1998,394,431,299496,8345,692159,1889300
1999,378,428,299118,8295,692587,2082100
2000,377,405,298741,8267,692992,2007300
2001,398,410,298343,8255,693402,1868000
2002,399,418,297944,8236,693820,1971100
2003,425,394,297519,8267,694214,1867500
2004,384,418,297135,8233,694632,1847400
2005,413,418,296722,8228,695050,1859300
2006,376,433,296346,8171,695483,2030300
2007,358,392,295988,8137,695875,1839200
2008,364,402,295624,8099,696277,1865600
2009,387,406,295237,8080,696683,1762300
2010,388,412,294849,8056,697095,1785400
2011,363,429,294486,7990,697524,1830000
2012,406,404,294080,7992,697928,2001400
2013,407,399,293673,8000,698327,2159100
2014,394,370,293279,8024,698697,1815300
2015,388,374,292891,8038,699071,1817900
2016,403,403,292488,8038,699474,1849400
2017,379,389,292109,8028,699863,2135400
2018,407,368,291702,8067,700231,2189300
2019,410,420,291292,8057,700651,1860200
2020,371,390,290921,8038,701041,1831900
2021,392,406,290529,8024,701447,1780400
2022,378,380,290151,8022,701827,1802000
2023,388,408,289763,8002,702235,1829700
2024,387,425,289376,7964,702660,2003600
2025,388,426,288988,7926,703086,1785300
2026,351,423,288637,7854,703509,1843700
2027,384,369,288253,7869,703878,1778300
2028,351,392,287902,7828,704270,1719000
2029,369,369,287533,7828,704639,1753200
2030,375,370,287158,7833,705009,1838800
2031,382,392,286776,7823,705401,1838500
2032,357,373,286419,7807,705774,1851800
2033,385,417,286034,7775,706191,1879600
2034,365,382,285669,7758,706573,1914400
2035,378,379,285291,7757,706952,1922300
2036,353,376,284938,7734,707328,1838600
2037,345,351,284593,7728,707679,1854900
2038,365,400,284228,7693,708079,1847400
2039,370,371,283858,7692,708450,2120300
2040,367,356,283491,7703,708806,1868700
2041,361,399,283130,7665,709205,2332600
2042,392,408,282738,7649,709613,1843900
2043,354,382,282384,7621,709995,1813600
2044,343,423,282041,7541,710418,1988500
2045,332,357,281709,7516,710775,1809800
2046,333,395,281376,7454,711170,1787400
2047,377,400,280999,7431,711570,1804600
2048,360,362,280639,7429,711932,1866200
2049,354,367,280285,7416,712299,1995600
2050,380,383,279905,7413,712682,2210600
2051,360,362,279545,7411,713044,2178900
2052,354,368,279191,7397,713412,1909200
2053,352,349,278839,7400,713761,1875600
2054,333,356,278506,7377,714117,1862000
2055,353,343,278153,7387,714460,1826700
2056,345,389,277808,7343,714849,1886100
2057,362,386,277446,7319,715235,1821500
2058,349,374,277097,7294,715609,1748500
2059,344,383,276753,7255,715992,1763300
2060,359,333,276394,7281,716325,1882300
2061,336,358,276058,7259,716683,2039600
2062,336,392,275722,7203,717075,1724000
2063,326,377,275396,7152,717452,1873100
2064,337,350,275059,7139,717802,1806300
2065,342,375,274717,7106,718177,1806100
2066,338,359,274379,7085,718536,1793200
2067,325,357,274054,7053,718893,1794200
2068,341,349,273713,7045,719242,1710200
2069,337,364,273376,7018,719606,1767900
2070,341,342,273035,7017,719948,1731600
2071,340,368,272695,6989,720316,2110500
2072,317,320,272378,6986,720636,1764900
2073,357,341,272021,7002,720977,1755200
2074,329,383,271692,6948,721360,2084000
2075,330,370,271362,6908,721730,1848200
2076,337,322,271025,6923,722052,1795000
2077,358,334,270667,6947,722386,1753600
2078,356,358,270311,6945,722744,1790300
2079,342,385,269969,6902,723129,1748100
2080,345,349,269624,6898,723478,1792800
2081,353,352,269271,6899,723830,1861800
2082,322,335,268949,6886,724165,1930800
2083,326,309,268623,6903,724474,1960500
2084,367,337,268256,6933,724811,1749800
2085,329,354,267927,6908,725165,1734200
2086,354,341,267573,6921,725506,1845100
2087,360,353,267213,6928,725859,1818600
2088,358,359,266855,6927,726218,1739000
2089,332,333,266523,6926,726551,1753700
2090,341,337,266182,6930,726888,1738700
2091,340,345,265842,6925,727233,1784200
2092,333,332,265509,6926,727565,1759000
2093,330,311,265179,6945,727876,1748900
2094,335,349,264844,6931,728225,1766000
2095,337,353,264507,6915,728578,1813400
2096,344,376,264163,6883,728954,1809400
2097,351,360,263812,6874,729314,1767200
2098,301,387,263511,6788,729701,1877600
2099,315,372,263196,6731,730073,1894300
2100,303,364,262893,6670,730437,2322200
2101,337,310,262556,6697,730747,1873100
2102,313,313,262243,6697,731060,1846400
2103,333,367,261910,6663,731427,1939900
2104,294,320,261616,6637,731747,1996000
2105,312,358,261304,6591,732105,2416400
2106,290,320,261014,6561,732425,1844000
2107,321,328,260693,6554,732753,1845500
2108,308,313,260385,6549,733066,1825700
2109,298,338,260087,6509,733404,1804200
2110,291,309,259796,6491,733713,1716000
2111,316,323,259480,6484,734036,1988300
2112,299,326,259181,6457,734362,1735600
2113,328,317,258853,6468,734679,1754900
2114,297,308,258556,6457,734987,1806400
2115,324,333,258232,6448,735320,1801300
2116,322,316,257910,6454,735636,1782600
2117,322,331,257588,6445,735967,1838000
2118,300,315,257288,6430,736282,1753000
2119,322,319,256966,6433,736601,1752500
2120,307,298,256659,6442,736899,1743600
2121,311,348,256348,6405,737247,1787500
2122,299,309,256049,6395,737556,1754900
2123,313,322,255736,6386,737878,1714300
2124,330,332,255406,6384,738210,1873000
2125,308,304,255098,6388,738514,1915200
2126,295,309,254803,6374,738823,1846800
2127,333,330,254470,6377,739153,1874400
2128,306,290,254164,6393,739443,1695000
2129,304,332,253860,6365,739775,1700600
2130,300,302,253560,6363,740077,2009300
2131,299,284,253261,6378,740361,1762600
2132,316,269,252945,6425,740630,1775600
2133,333,335,252612,6423,740965,1870900
2134,353,291,252259,6485,741256,1745400
2135,333,318,251926,6500,741574,1700200
2136,365,312,251561,6553,741886,1875400
2137,315,337,251246,6531,742223,1937000
2138,341,352,250905,6520,742575,1789500
2139,302,327,250603,6495,742902,1807800
2140,323,333,250280,6485,743235,1749700
2141,319,310,249961,6494,743545,1834300
2142,303,317,249658,6480,743862,1813500
2143,343,332,249315,6491,744194,1811500
2144,281,337,249034,6435,744531,1899400
2145,337,343,248697,6429,744874,1777800
2146,314,295,248383,6448,745169,1703500
2147,318,325,248065,6441,745494,1819500
2148,311,316,247754,6436,745810,1720000
2149,334,335,247420,6435,746145,1757700
2150,296,311,247124,6420,746456,1796600
2151,346,321,246778,6445,746777,1817900
2152,316,317,246462,6444,747094,2032700
2153,309,331,246153,6422,747425,1820700
2154,286,330,245867,6378,747755,1762000
2155,323,301,245544,6400,748056,1719900
2156,312,332,245232,6380,748388,1753600
2157,303,331,244929,6352,748719,1809700
2158,317,326,244612,6343,749045,1848100
2159,279,297,244333,6325,749342,1946300
2160,292,302,244041,6315,749644,1717600
2161,307,321,243734,6301,749965,1744600
2162,316,316,243418,6301,750281,1724700
2163,284,312,243134,6273,750593,1794400
2164,304,314,242830,6263,750907,1726000
2165,300,302,242530,6261,751209,1745300
2166,295,292,242235,6264,751501,1876500
2167,278,314,241957,6228,751815,1760100
2168,282,318,241675,6192,752133,1787200
2169,281,322,241394,6151,752455,1686500
2170,278,282,241116,6147,752737,1717800
2171,306,288,240810,6165,753025,1691700
2172,284,319,240526,6130,753344,1724500
2173,297,255,240229,6172,753599,1727900
2174,289,307,239940,6154,753906,1727600
2175,280,319,239660,6115,754225,1791700
2176,302,309,239358,6108,754534,1765600
2177,310,293,239048,6125,754827,1776700
2178,316,339,238732,6102,755166,1783400
2179,316,326,238416,6092,755492,1851500
2180,295,320,238121,6067,755812,1824400
2181,290,293,237831,6064,756105,2110000
2182,293,301,237538,6056,756406,1814300
2183,299,317,237239,6038,756723,1788000
2184,314,284,236925,6068,757007,1741800
2185,323,304,236602,6087,757311,1712300
2186,309,263,236293,6133,757574,1835200
2187,297,321,235996,6109,757895,1922700
2188,309,306,235687,6112,758201,1729100
2189,278,323,235409,6067,758524,1716900
2190,301,313,235108,6055,758837,1728600
2191,292,269,234816,6078,759106,1800500
2192,303,317,234513,6064,759423,1746900
2193,291,300,234222,6055,759723,1976100
2194,295,302,233927,6048,760025,1751800
2195,322,305,233605,6065,760330,1732600
2196,309,267,233296,6107,760597,1789600
2197,295,328,233001,6074,760925,1762500
2198,281,323,232720,6032,761248,1728200
2199,292,297,232428,6027,761545,1765000
2200,316,267,232112,6076,761812,1807000
2201,300,318,231812,6058,762130,1799200
2202,298,309,231514,6047,762439,1698600
2203,288,278,231226,6057,762717,1730600
2204,297,283,230929,6071,763000,1881900
2205,292,290,230637,6073,763290,1800700
2206,296,290,230341,6079,763580,1775600
2207,304,313,230037,6070,763893,1747900
2208,303,285,229734,6088,764178,1702200
2209,282,264,229452,6106,764442,1860600
2210,293,310,229159,6089,764752,1950000
2211,295,290,228864,6094,765042,1828000
2212,323,274,228541,6143,765316,1767000
2213,271,291,228270,6123,765607,1831800
2214,265,308,228005,6080,765915,1727000
2215,321,310,227684,6091,766225,1796400
2216,288,303,227396,6076,766528,1999100
2217,275,311,227121,6040,766839,1908200
2218,298,298,226823,6040,767137,1828700
2219,317,285,226506,6072,767422,2120700
2220,272,288,226234,6056,767710,2023700
2221,316,310,225918,6062,768020,2244100
2222,299,288,225619,6073,768308,1966900
2223,291,294,225328,6070,768602,2014600
2224,306,328,225022,6048,768930,1861000
2225,288,300,224734,6036,769230,1994800
2226,289,281,224445,6044,769511,2006200
2227,291,298,224154,6037,769809,1905900
2228,295,266,223859,6066,770075,1961100
2229,300,317,223559,6049,770392,1919000
2230,276,299,223283,6026,770691,2015500
2231,266,325,223017,5967,771016,1823900
2232,282,305,222735,5944,771321,1920800
2233,285,291,222450,5938,771612,1932200
2234,300,263,222150,5975,771875,2144000
2235,280,296,221870,5959,772171,1976900
2236,301,330,221569,5930,772501,1867000
2237,260,269,221309,5921,772770,1843900
2238,283,271,221026,5933,773041,1831000
2239,258,295,220768,5896,773336,1940300
2240,265,308,220503,5853,773644,1829600
2241,269,298,220234,5824,773942,2004100
2242,301,303,219933,5822,774245,2077400
2243,303,287,219630,5838,774532,1848300
2244,274,298,219356,5814,774830,1822200
2245,286,278,219070,5822,775108,1973300
2246,253,306,218817,5769,775414,1917800
2247,259,277,218558,5751,775691,1878900
2248,281,284,218277,5748,775975,1848400
2249,316,286,217961,5778,776261,1849200
2250,287,292,217674,5773,776553,2001600
2251,285,297,217389,5761,776850,1880800
2252,262,269,217127,5754,777119,1899200
2253,271,317,216856,5708,777436,1847100
2254,287,271,216569,5724,777707,1784200
2255,261,305,216308,5680,778012,1831800
2256,294,255,216014,5719,778267,1858700
2257,280,289,215734,5710,778556,1872800
2258,274,285,215460,5699,778841,1989800
2259,299,306,215161,5692,779147,1921900
2260,257,280,214904,5669,779427,1860300
2261,284,279,214620,5674,779706,1869800
2262,298,281,214322,5691,779987,1855700
2263,276,298,214046,5669,780285,1880100
2264,272,259,213774,5682,780544,1980200
2265,282,280,213492,5684,780824,1851900
2266,270,245,213222,5709,781069,1876800
2267,278,307,212944,5680,781376,1927400
2268,245,305,212699,5620,781681,1877700
2269,266,291,212433,5595,781972,1891700
2270,271,268,212162,5598,782240,1810200
2271,283,300,211879,5581,782540,1824300
2272,269,286,211610,5564,782826,1927300
2273,246,253,211364,5557,783079,1850400
2274,281,285,211083,5553,783364,1875000
2275,253,279,210830,5527,783643,1856600
2276,248,267,210582,5508,783910,1841400
2277,286,287,210296,5507,784197,1844900
2278,271,266,210025,5512,784463,1869100
2279,296,254,209729,5554,784717,1854300
2280,280,286,209449,5548,785003,1855800
2281,252,281,209197,5519,785284,1882400
2282,288,281,208909,5526,785565,1908100
2283,300,280,208609,5546,785845,1903300
2284,277,286,208332,5537,786131,1921100
2285,271,287,208061,5521,786418,1927600
2286,239,277,207822,5483,786695,1884900
2287,264,281,207558,5466,786976,1886600
2288,284,283,207274,5467,787259,1919500
2289,238,272,207036,5433,787531,1894200
2290,247,284,206789,5396,787815,1841800
2291,249,280,206540,5365,788095,1918700
2292,263,261,206277,5367,788356,1833500
2293,272,290,206005,5349,788646,1891100
2294,249,253,205756,5345,788899,1849600
2295,271,271,205485,5345,789170,1811900
2296,275,271,205210,5349,789441,1877800
2297,299,245,204911,5403,789686,1952800
2298,252,267,204659,5388,789953,1930000
2299,251,283,204408,5356,790236,2077100
2300,261,281,204147,5336,790517,1947200
2301,268,246,203879,5358,790763,2043800
2302,248,261,203631,5345,791024,1904500
2303,255,260,203376,5340,791284,2143800
2304,250,259,203126,5331,791543,2002200
2305,267,241,202859,5357,791784,1992600
2306,263,264,202596,5356,792048,2188500
2307,241,289,202355,5308,792337,2171100
2308,241,268,202114,5281,792605,1987300
2309,262,271,201852,5272,792876,1918000
2310,284,234,201568,5322,793110,1901500
2311,271,270,201297,5323,793380,2070200
2312,267,269,201030,5321,793649,1950900
2313,249,269,200781,5301,793918,2324700
2314,255,250,200526,5306,794168,1991200
2315,266,280,200260,5292,794448,2384100
2316,275,237,199985,5330,794685,2040700
2317,275,246,199710,5359,794931,2126500
2318,263,240,199447,5382,795171,1916600
2319,266,247,199181,5401,795418,1904600
2320,281,257,198900,5425,795675,1839200
2321,256,282,198644,5399,795957,2111100
2322,262,270,198382,5391,796227,1919600
2323,286,260,198096,5417,796487,1891100
2324,290,290,197806,5417,796777,2007200
2325,263,270,197543,5410,797047,1912800
2326,284,280,197259,5414,797327,1897500
2327,259,269,197000,5404,797596,1985700
2328,267,252,196733,5419,797848,1868500
2329,273,257,196460,5435,798105,1845900
2330,275,272,196185,5438,798377,1906400
2331,314,309,195871,5443,798686,1884300
2332,262,277,195609,5428,798963,1880200
2333,287,274,195322,5441,799237,1881300
2334,284,269,195038,5456,799506,1868500
2335,260,240,194778,5476,799746,1840500
2336,269,269,194509,5476,800015,1819800
2337,281,278,194228,5479,800293,1819200
2338,240,247,193988,5472,800540,1811400
2339,257,268,193731,5461,800808,1901600
2340,293,257,193438,5497,801065,1792600
2341,299,241,193139,5555,801306,2164800
2342,295,287,192844,5563,801593,1964200
2343,227,272,192617,5518,801865,2015200
2344,294,265,192323,5547,802130,1870600
2345,249,284,192074,5512,802414,1799100
2346,260,298,191814,5474,802712,1795100
2347,288,263,191526,5499,802975,1809800
2348,285,243,191241,5541,803218,2075600
2349,282,303,190959,5520,803521,1793100
2350,268,247,190691,5541,803768,1745200
2351,291,262,190400,5570,804030,1891200
2352,291,276,190109,5585,804306,1754800
2353,293,262,189816,5616,804568,1809200
2354,275,279,189541,5612,804847,1808400
2355,269,283,189272,5598,805130,1791900
2356,278,284,188994,5592,805414,1794200
2357,273,277,188721,5588,805691,1780000
2358,290,272,188431,5606,805963,1808600
2359,299,292,188132,5613,806255,1793900
2360,283,279,187849,5617,806534,1780500
2361,278,289,187571,5606,806823,1760200
2362,270,295,187301,5581,807118,1829300
2363,257,269,187044,5569,807387,1829100
2364,268,289,186776,5548,807676,1768400
2365,289,292,186487,5545,807968,1928200
2366,257,269,186230,5533,808237,1925900
2367,253,295,185977,5491,808532,1876800
2368,283,279,185694,5495,808811,1808900
2369,271,310,185423,5456,809121,1811800
2370,263,281,185160,5438,809402,1796100
2371,281,242,184879,5477,809644,1748300
2372,263,288,184616,5452,809932,1840700
2373,246,299,184370,5399,810231,1789600
2374,251,265,184119,5385,810496,1754800
2375,290,288,183829,5387,810784,1834500
2376,258,248,183571,5397,811032,1814500
2377,242,284,183329,5355,811316,1818000
2378,244,273,183085,5326,811589,1851800
2379,255,264,182830,5317,811853,1753700
2380,241,268,182589,5290,812121,1781300
2381,252,256,182337,5286,812377,2153100
2382,249,264,182088,5271,812641,1783100
2383,272,262,181816,5281,812903,1734100
2384,260,273,181556,5268,813176,1785000
2385,260,289,181296,5239,813465,1776600
2386,236,280,181060,5195,813745,1730400
2387,265,253,180795,5207,813998,1905200
2388,259,256,180536,5210,814254,1817800
2389,260,248,180276,5222,814502,1740200
2390,267,259,180009,5230,814761,1772700
2391,266,261,179743,5235,815022,1760700
2392,255,241,179488,5249,815263,1799500
2393,217,270,179271,5196,815533,1738100
2394,253,256,179018,5193,815789,1690400
2395,245,239,178773,5199,816028,1749000
2396,258,254,178515,5203,816282,1804500
2397,228,275,178287,5156,816557,1839000
2398,235,280,178052,5111,816837,1733200
2399,238,243,177814,5106,817080,1746900
2400,237,252,177577,5091,817332,1958900
2401,246,260,177331,5077,817592,2082700
2402,243,270,177088,5050,817862,2031700
2403,248,245,176840,5053,818107,1731300
2404,240,283,176600,5010,818390,1844400
2405,216,258,176384,4968,818648,1765300
2406,222,254,176162,4936,818902,1784400
2407,243,240,175919,4939,819142,1937400
2408,243,248,175676,4934,819390,1693200
2409,225,239,175451,4920,819629,1683100
2410,253,216,175198,4957,819845,1708100
2411,229,255,174969,4931,820100,1947900
2412,253,251,174716,4933,820351,1756300
2413,241,281,174475,4893,820632,1781100
2414,236,243,174239,4886,820875,1806000
2415,265,243,173974,4908,821118,1744800
2416,234,229,173740,4913,821347,1732400
2417,248,232,173492,4929,821579,1716300
2418,278,252,173214,4955,821831,2039500
2419,226,234,172988,4947,822065,1807700
2420,268,246,172720,4969,822311,1685400
2421,254,217,172466,5006,822528,1882300
2422,261,229,172205,5038,822757,1724700
2423,255,255,171950,5038,823012,1882000
2424,217,241,171733,5014,823253,1817700
2425,268,254,171465,5028,823507,1753400
2426,238,284,171227,4982,823791,1771900
2427,248,241,170979,4989,824032,1775800
2428,232,248,170747,4973,824280,1772000
2429,235,256,170512,4952,824536,1788100
2430,245,244,170267,4953,824780,1705400
2431,244,255,170023,4942,825035,1939000
2432,269,251,169754,4960,825286,1766100
2433,230,233,169524,4957,825519,1763600
2434,245,239,169279,4963,825758,1739900
2435,252,252,169027,4963,826010,1746600
2436,248,258,168779,4953,826268,1652100
2437,263,244,168516,4972,826512,1801600
2438,242,265,168274,4949,826777,1775600
2439,233,255,168041,4927,827032,1726400
2440,257,262,167784,4922,827294,1712500
2441,241,222,167543,4941,827516,1808000
2442,224,272,167319,4893,827788,1783000
2443,276,241,167043,4928,828029,1761500
2444,264,247,166779,4945,828276,1897100
2445,247,243,166532,4949,828519,1674800
2446,267,257,166265,4959,828776,1783400
2447,248,231,166017,4976,829007,1760300
2448,235,240,165782,4971,829247,2025700
2449,270,252,165512,4989,829499,1730500
2450,268,234,165244,5023,829733,2027200
2451,252,256,164992,5019,829989,1705800
2452,235,251,164757,5003,830240,1787500
2453,254,249,164503,5008,830489,1787300
2454,241,282,164262,4967,830771,1764700
2455,242,242,164020,4967,831013,1845800
2456,250,237,163770,4980,831250,1784500
2457,280,251,163490,5009,831501,1915700
2458,231,239,163259,5001,831740,1852400
2459,264,262,162995,5003,832002,1821700
2460,241,266,162754,4978,832268,1891300
2461,240,240,162514,4978,832508,1829300
2462,249,250,162265,4977,832758,1848200
2463,235,282,162030,4930,833040,2006100
2464,257,236,161773,4951,833276,1860900
2465,262,246,161511,4967,833522,1800300
2466,258,227,161253,4998,833749,1808300
2467,252,263,161001,4987,834012,1775400
2468,272,241,160729,5018,834253,1746500
2469,278,256,160451,5040,834509,1686700
2470,242,235,160209,5047,834744,2014600
2471,269,244,159940,5072,834988,1864700
2472,252,252,159688,5072,835240,1757400
2473,253,269,159435,5056,835509,1700200
2474,225,255,159210,5026,835764,1799100
2475,258,257,158952,5027,836021,1708700
2476,241,255,158711,5013,836276,1756700
2477,240,223,158471,5030,836499,1863200
2478,243,287,158228,4986,836786,1691900
2479,218,241,158010,4963,837027,1681900
2480,249,264,157761,4948,837291,1786500
2481,242,245,157519,4945,837536,1918300
2482,233,252,157286,4926,837788,1708000
2483,244,244,157042,4926,838032,1694600
2484,260,257,156782,4929,838289,1745200
2485,247,237,156535,4939,838526,1769300
2486,275,273,156260,4941,838799,1679000
2487,247,244,156013,4944,839043,2171800
2488,270,266,155743,4948,839309,1787300
2489,225,233,155518,4940,839542,1801400
2490,268,238,155250,4970,839780,1737800
2491,246,265,155004,4951,840045,1731900
2492,264,259,154740,4956,840304,1831700
2493,260,264,154480,4952,840568,1727500
2494,240,254,154240,4938,840822,1716500
2495,240,235,154000,4943,841057,1713800
2496,279,212,153721,5010,841269,1746800
2497,261,213,153460,5058,841482,1733300
2498,261,264,153199,5055,841746,1845300
2499,250,242,152949,5063,841988,1752700
2500,252,254,152697,5061,842242,1906300
2501,251,241,152446,5071,842483,1770100
2502,232,260,152214,5043,842743,1775800
2503,199,243,152015,4999,842986,1784000
2504,228,241,151787,4986,843227,1750300
2505,251,230,151536,5007,843457,1841000
2506,237,240,151299,5004,843697,1934700
2507,270,271,151029,5003,843968,1735800
2508,245,239,150784,5009,844207,1746200
2509,260,248,150524,5021,844455,1807800
2510,253,231,150271,5043,844686,2075000
2511,248,256,150023,5035,844942,1786000
2512,248,247,149775,5036,845189,1841200
2513,218,259,149557,4995,845448,1803500
2514,229,243,149328,4981,845691,1803600
2515,256,205,149072,5032,845896,1755800
2516,261,243,148811,5050,846139,1769000
2517,263,228,148548,5085,846367,1788100
2518,267,258,148281,5094,846625,1740500
2519,271,230,148010,5135,846855,1711500
2520,254,254,147756,5135,847109,1772300
2521,245,251,147511,5129,847360,1738600
2522,262,255,147249,5136,847615,1736100
2523,262,225,146987,5173,847840,1726200
2524,264,242,146723,5195,848082,1722100
2525,255,240,146468,5210,848322,1753600
2526,256,277,146212,5189,848599,1893000
2527,237,267,145975,5159,848866,1781500
2528,267,269,145708,5157,849135,1759900
2529,235,282,145473,5110,849417,1807800
2530,247,252,145226,5105,849669,1754200
2531,273,263,144953,5115,849932,1736300
2532,255,234,144698,5136,850166,1755000
2533,240,263,144458,5113,850429,1753900
2534,247,238,144211,5122,850667,1795800
2535,260,247,143951,5135,850914,1868300
2536,230,280,143721,5085,851194,1808900
2537,222,248,143499,5059,851442,1826900
2538,237,282,143262,5014,851724,1795200
2539,237,278,143025,4973,852002,1801000
2540,228,244,142797,4957,852246,1776500
2541,248,241,142549,4964,852487,1768900
2542,236,237,142313,4963,852724,1752400
2543,216,239,142097,4940,852963,1745700
2544,263,262,141834,4941,853225,1864300
2545,227,255,141607,4913,853480,1784000
2546,273,227,141334,4959,853707,1746600
2547,254,271,141080,4942,853978,1748000
2548,211,250,140869,4903,854228,1772000
2549,228,261,140641,4870,854489,1772000
2550,252,228,140389,4894,854717,1742300
2551,233,260,140156,4867,854977,1700800
2552,219,254,139937,4832,855231,1773000
2553,254,220,139683,4866,855451,1911600
2554,224,240,139459,4850,855691,1759900
2555,201,266,139258,4785,855957,1737600
2556,254,251,139004,4788,856208,1678600
2557,274,247,138730,4815,856455,1788400
2558,234,258,138496,4791,856713,1749100
2559,218,223,138278,4786,856936,1736000
2560,239,247,138039,4778,857183,1710800
2561,243,232,137796,4789,857415,1781900
2562,252,237,137544,4804,857652,1726600
2563,246,248,137298,4802,857900,1699800
2564,210,245,137088,4767,858145,1725000
2565,232,261,136856,4738,858406,1756500
2566,213,246,136643,4705,858652,1654200
2567,227,237,136416,4695,858889,1918500
2568,215,217,136201,4693,859106,1798100
2569,214,243,135987,4664,859349,1757400
2570,206,211,135781,4659,859560,1808800
2571,229,222,135552,4666,859782,1964700
2572,218,221,135334,4663,860003,1820000
2573,211,249,135123,4625,860252,1873100
2574,221,233,134902,4613,860485,1798400
2575,227,218,134675,4622,860703,1804700
2576,206,255,134469,4573,860958,1921800
2577,186,210,134283,4549,861168,2011800
2578,222,223,134061,4548,861391,1822300
2579,240,243,133821,4545,861634,1991200
2580,231,249,133590,4527,861883,1799100
2581,226,221,133364,4532,862104,1789100
2582,204,222,133160,4514,862326,1786400
2583,217,220,132943,4511,862546,1788000
2584,212,248,132731,4475,862794,1764600
2585,214,240,132517,4449,863034,1734100
2586,222,241,132295,4430,863275,1722300
2587,218,227,132077,4421,863502,1819100
2588,207,225,131870,4403,863727,2036600
2589,228,246,131642,4385,863973,1854500
2590,261,228,131381,4418,864201,1858600
2591,206,204,131175,4420,864405,1805200
2592,203,222,130972,4401,864627,1771500
2593,213,228,130759,4386,864855,1831400
2594,247,235,130512,4398,865090,1788500
2595,212,189,130300,4421,865279,1810500
2596,225,199,130075,4447,865478,1808100
2597,228,221,129847,4454,865699,1720000
2598,241,226,129606,4469,865925,1734800
2599,220,224,129386,4465,866149,1821600
2600,245,217,129141,4493,866366,1774200
2601,233,222,128908,4504,866588,1816100
2602,234,201,128674,4537,866789,1850200
2603,219,221,128455,4535,867010,1775100
2604,264,230,128191,4569,867240,1806200
2605,232,223,127959,4578,867463,1844300
2606,219,199,127740,4598,867662,1814300
2607,231,198,127509,4631,867860,1749500
2608,233,243,127276,4621,868103,2032400
2609,242,225,127034,4638,868328,1994900
2610,243,219,126791,4662,868547,1854600
2611,234,225,126557,4671,868772,2362600
2612,260,218,126297,4713,868990,2099500
2613,241,253,126056,4701,869243,2263300
2614,220,225,125836,4696,869468,2103900
2615,241,247,125595,4690,869715,2064300
2616,221,221,125374,4690,869936,1810700
2617,265,252,125109,4703,870188,1888400
2618,245,213,124864,4735,870401,1899000
2619,220,241,124644,4714,870642,1956300
2620,264,246,124380,4732,870888,2114600
2621,236,228,124144,4740,871116,1941200
2622,218,221,123926,4737,871337,1969100
2623,230,258,123696,4709,871595,2002800
2624,235,232,123461,4712,871827,1815700
2625,254,231,123207,4735,872058,1897100
2626,248,229,122959,4754,872287,1931700
2627,229,229,122730,4754,872516,1808600
2628,237,240,122493,4751,872756,1788700
2629,216,213,122277,4754,872969,1765800
2630,243,241,122034,4756,873210,1907200
2631,249,245,121785,4760,873455,1789000
2632,218,247,121567,4731,873702,1744200
2633,218,224,121349,4725,873926,1760200
2634,198,246,121151,4677,874172,1764700
2635,244,242,120907,4679,874414,1780400
2636,214,213,120693,4680,874627,1769800
2637,234,241,120459,4673,874868,1949900
2638,228,247,120231,4654,875115,1740600
2639,217,250,120014,4621,875365,1714900
2640,243,217,119771,4647,875582,1737300
2641,228,232,119543,4643,875814,1765700
2642,243,214,119300,4672,876028,1958200
2643,233,235,119067,4670,876263,1772200
2644,218,228,118849,4660,876491,1834700
2645,241,225,118608,4676,876716,1794900
2646,228,234,118380,4670,876950,1891500
2647,252,236,118128,4686,877186,1832600
2648,228,229,117900,4685,877415,1752800
2649,231,245,117669,4671,877660,1804900
2650,236,228,117433,4679,877888,1788900
2651,215,262,117218,4632,878150,1766700
2652,234,259,116984,4607,878409,1741500
2653,227,212,116757,4622,878621,1681000
2654,244,195,116513,4671,878816,1719900
2655,237,224,116276,4684,879040,1774800
2656,198,223,116078,4659,879263,1766400
2657,239,222,115839,4676,879485,1745400
2658,231,248,115608,4659,879733,1760100
2659,258,222,115350,4695,879955,1763200
2660,230,240,115120,4685,880195,1675700
2661,244,216,114876,4713,880411,1685300
2662,250,250,114626,4713,880661,1812700
2663,220,229,114406,4704,880890,1741100
2664,246,232,114160,4718,881122,1959000
2665,244,229,113916,4733,881351,1941600
2666,256,235,113660,4754,881586,1743500
2667,229,224,113431,4759,881810,1724800
2668,263,277,113168,4745,882087,1850700
2669,219,235,112949,4729,882322,1738400
2670,227,254,112722,4702,882576,1732000
2671,254,205,112468,4751,882781,1900300
2672,232,277,112236,4706,883058,1836400
2673,257,224,111979,4739,883282,1780100
2674,250,233,111729,4756,883515,1790200
2675,249,237,111480,4768,883752,1732900
2676,250,243,111230,4775,883995,1710200
2677,213,244,111017,4744,884239,1821500
2678,222,216,110795,4750,884455,1801800
2679,215,236,110580,4729,884691,1718400
2680,211,235,110369,4705,884926,1726200
2681,219,269,110150,4655,885195,1968700
2682,209,223,109941,4641,885418,1807900
2683,231,252,109710,4620,885670,1813900
2684,211,228,109499,4603,885898,1803200
2685,200,229,109299,4574,886127,1790300
2686,206,242,109093,4538,886369,1773000
2687,212,231,108881,4519,886600,1798700
2688,217,223,108664,4513,886823,1811500
2689,210,208,108454,4515,887031,1778300
2690,204,242,108250,4477,887273,1947600
2691,220,228,108030,4469,887501,1783100
2692,196,200,107834,4465,887701,1746700
2693,220,215,107614,4470,887916,1763800
2694,235,214,107379,4491,888130,1771100
2695,222,223,107157,4490,888353,1780400
2696,239,238,106918,4491,888591,2033800
2697,225,244,106693,4472,888835,1777300
2698,218,226,106475,4464,889061,1758100
2699,240,218,106235,4486,889279,1760200
2700,231,235,106004,4482,889514,1719500
2701,197,269,105807,4410,889783,1742800
2702,247,223,105560,4434,890006,1684300
2703,224,215,105336,4443,890221,1808500
2704,224,223,105112,4444,890444,1897500
2705,212,218,104900,4438,890662,1729500
2706,201,231,104699,4408,890893,1696000
2707,240,233,104459,4415,891126,1792000
2708,223,233,104236,4405,891359,1699200
2709,222,198,104014,4429,891557,1743600
2710,207,229,103807,4407,891786,1702100
2711,234,202,103573,4439,891988,1755000
2712,221,246,103352,4414,892234,1689600
2713,238,228,103114,4424,892462,1720900
2714,206,226,102908,4404,892688,1670500
2715,202,227,102706,4379,892915,1782900
2716,211,215,102495,4375,893130,1739800
2717,220,218,102275,4377,893348,1678800
2718,212,232,102063,4357,893580,1747200
2719,221,231,101842,4347,893811,1768400
2720,210,223,101632,4334,894034,1763200
2721,206,216,101426,4324,894250,1731800
2722,230,199,101196,4355,894449,1710400
2723,220,230,100976,4345,894679,1796400
2724,219,246,100757,4318,894925,1722900
2725,241,250,100516,4309,895175,1726800
2726,220,174,100296,4355,895349,1707400
2727,225,215,100071,4365,895564,1752000
2728,229,227,99842,4367,895791,1694000
2729,226,210,99616,4383,896001,1725300
2730,195,193,99421,4385,896194,1843600
2731,242,223,99179,4404,896417,1795300
2732,199,240,98980,4363,896657,1737300
2733,245,214,98735,4394,896871,1898400
2734,206,212,98529,4388,897083,1843200
2735,233,188,98296,4433,897271,1901900
2736,233,238,98063,4428,897509,1777200
2737,244,214,97819,4458,897723,1798900
2738,250,208,97569,4500,897931,1749500
2739,234,218,97335,4516,898149,1739900
2740,223,209,97112,4530,898358,1729700
2741,246,218,96866,4558,898576,1736100
2742,216,222,96650,4552,898798,1747200
2743,223,242,96427,4533,899040,1754900
2744,211,225,96216,4519,899265,1756300
2745,231,202,95985,4548,899467,1751000
2746,239,225,95746,4562,899692,1743400
2747,228,227,95518,4563,899919,1754300
2748,215,244,95303,4534,900163,1773300
2749,228,243,95075,4519,900406,1805700
2750,227,200,94848,4546,900606,1747100
2751,206,260,94642,4492,900866,1766000
2752,225,199,94417,4518,901065,1962600
2753,215,234,94202,4499,901299,1954300
2754,210,242,93992,4467,901541,1782300
2755,191,234,93801,4424,901775,1926800
2756,201,245,93600,4380,902020,1755100
2757,205,206,93395,4379,902226,1884700
2758,211,260,93184,4330,902486,1833800
2759,220,210,92964,4340,902696,1778000
2760,208,218,92756,4330,902914,2002000
2761,217,240,92539,4307,903154,1764800
2762,224,218,92315,4313,903372,1776700
2763,207,202,92108,4318,903574,1759300
2764,208,236,91900,4290,903810,1778000
2765,190,241,91710,4239,904051,1737100
2766,218,210,91492,4247,904261,1758500
2767,198,213,91294,4232,904474,1832100
2768,221,230,91073,4223,904704,1771800
2769,180,210,90893,4193,904914,1776000
2770,215,215,90678,4193,905129,1742400
2771,214,212,90464,4195,905341,1676000
2772,204,236,90260,4163,905577,1875300
2773,207,217,90053,4153,905794,2107700
2774,214,206,89839,4161,906000,2171400
2775,203,199,89636,4165,906199,1779500
2776,208,183,89428,4190,906382,1760600
2777,227,191,89201,4226,906573,1727400
2778,217,206,88984,4237,906779,1668600
2779,253,179,88731,4311,906958,1726700
2780,240,217,88491,4334,907175,1817600
2781,235,240,88256,4329,907415,1680200
2782,254,206,88002,4377,907621,1710200
2783,235,229,87767,4383,907850,1757000
2784,208,231,87559,4360,908081,1722900
2785,219,208,87340,4371,908289,1694300
2786,218,236,87122,4353,908525,1747400
2787,240,234,86882,4359,908759,1803700
2788,208,231,86674,4336,908990,1772600
2789,221,215,86453,4342,909205,1670000
2790,224,208,86229,4358,909413,1776900
2791,229,231,86000,4356,909644,1741200
2792,234,233,85766,4357,909877,1885700
2793,213,224,85553,4346,910101,1839700
2794,238,230,85315,4354,910331,1754100
2795,239,215,85076,4378,910546,2026500
2796,237,204,84839,4411,910750,1790100
2797,213,239,84626,4385,910989,2124000
2798,229,218,84397,4396,911207,1751900
2799,241,221,84156,4416,911428,1780100
2800,204,218,83952,4402,911646,1780400
2801,197,217,83755,4382,911863,1854100
2802,219,207,83536,4394,912070,1727800
2803,228,207,83308,4415,912277,1705200
2804,232,213,83076,4434,912490,1784000
2805,223,238,82853,4419,912728,1723300
2806,232,227,82621,4424,912955,1756800
2807,228,229,82393,4423,913184,1717100
2808,228,199,82165,4452,913383,1746500
2809,212,232,81953,4432,913615,1728500
2810,226,206,81727,4452,913821,1652500
2811,203,234,81524,4421,914055,1703700
2812,215,223,81309,4413,914278,2485900
2813,232,219,81077,4426,914497,1775100
2814,219,220,80858,4425,914717,1798300
2815,210,246,80648,4389,914963,1699800
2816,203,251,80445,4341,915214,1718800
2817,234,221,80211,4354,915435,1726800
2818,233,221,79978,4366,915656,1754500
2819,214,221,79764,4359,915877,1882600
2820,234,229,79530,4364,916106,1723200
2821,214,240,79316,4338,916346,1779900
2822,193,216,79123,4315,916562,1735800
2823,204,220,78919,4299,916782,1806700
2824,215,221,78704,4293,917003,1883500
2825,218,213,78486,4298,917216,1666700
2826,205,216,78281,4287,917432,1663000
2827,190,215,78091,4262,917647,1782400
2828,199,222,77892,4239,917869,1707800
2829,190,196,77702,4233,918065,1656500
2830,191,211,77511,4213,918276,1737000
2831,191,230,77320,4174,918506,1782300
2832,188,219,77132,4143,918725,1738000
2833,164,185,76968,4122,918910,1729900
2834,226,211,76742,4137,919121,1688000
2835,185,208,76557,4114,919329,2234300
2836,191,191,76366,4114,919520,1909400
2837,193,211,76173,4096,919731,1895600
2838,200,219,75973,4077,919950,1752200
2839,192,189,75781,4080,920139,1704000
2840,213,198,75568,4095,920337,1744400
2841,203,218,75365,4080,920555,1790400
2842,201,197,75164,4084,920752,1747200
2843,210,238,74954,4056,920990,1904200
2844,202,204,74752,4054,921194,1697700
2845,209,233,74543,4030,921427,1998700
2846,203,193,74340,4040,921620,1795900
2847,204,181,74136,4063,921801,1720200
2848,209,161,73927,4111,921962,1736300
2849,236,207,73691,4140,922169,1693000
2850,219,214,73472,4145,922383,1643000
2851,218,233,73254,4130,922616,1740600
2852,211,200,73043,4141,922816,1720300
2853,209,220,72834,4130,923036,1680400
2854,205,190,72629,4145,923226,1985000
2855,214,225,72415,4134,923451,1720200
2856,205,224,72210,4115,923675,1733000
2857,210,213,72000,4112,923888,1858700
2858,188,225,71812,4075,924113,1748800
2859,179,204,71633,4050,924317,1717100
2860,189,202,71444,4037,924519,1883300
2861,187,216,71257,4008,924735,2049300
2862,201,178,71056,4031,924913,1714300
2863,178,199,70878,4010,925112,1642800
2864,193,178,70685,4025,925290,1700100
2865,209,238,70476,3996,925528,1918400
2866,165,190,70311,3971,925718,1710500
2867,195,209,70116,3957,925927,1693600
2868,183,168,69933,3972,926095,1907300
2869,181,206,69752,3947,926301,1767500
2870,188,199,69564,3936,926500,1779200
2871,195,212,69369,3919,926712,1726400
2872,161,206,69208,3874,926918,1670300
2873,199,207,69009,3866,927125,1807500
2874,187,213,68822,3840,927338,1769000
2875,219,210,68603,3849,927548,1716800
2876,194,166,68409,3877,927714,1676000
2877,177,187,68232,3867,927901,1863700
2878,193,195,68039,3865,928096,1816500
2879,186,223,67853,3828,928319,1778400
2880,189,198,67664,3819,928517,1724900
2881,195,189,67469,3825,928706,1753500
2882,198,185,67271,3838,928891,1805400
2883,165,188,67106,3815,929079,1741500
2884,195,184,66911,3826,929263,1749300
2885,182,191,66729,3817,929454,1731400
2886,198,206,66531,3809,929660,1724000
2887,197,184,66334,3822,929844,1741100
2888,178,196,66156,3804,930040,1689700
2889,156,183,66000,3777,930223,1719200
2890,188,198,65812,3767,930421,1760500
2891,192,193,65620,3766,930614,1962800
2892,179,189,65441,3756,930803,1767200
2893,178,182,65263,3752,930985,1722500
2894,172,192,65091,3732,931177,1770600
2895,194,189,64897,3737,931366,1762600
2896,175,194,64722,3718,931560,2072900
2897,194,183,64528,3729,931743,1758600
2898,174,172,64354,3731,931915,1755100
2899,188,202,64166,3717,932117,1691600
2900,186,173,63980,3730,932290,1760500
2901,197,192,63783,3735,932482,1754300
2902,202,180,63581,3757,932662,1752900
2903,194,198,63387,3753,932860,1942500
2904,180,180,63207,3753,933040,1831300
2905,197,186,63010,3764,933226,1823200
2906,202,170,62808,3796,933396,1808700
2907,214,182,62594,3828,933578,1814700
2908,197,193,62397,3832,933771,1884900
2909,186,203,62211,3815,933974,1772600
2910,179,189,62032,3805,934163,1765600
2911,173,197,61859,3781,934360,1825700
2912,207,195,61652,3793,934555,1758600
2913,171,203,61481,3761,934758,1913900
2914,167,199,61314,3729,934957,1865000
2915,179,207,61135,3701,935164,1766000
2916,181,182,60954,3700,935346,1741900
2917,201,193,60753,3708,935539,2035500
2918,179,187,60574,3700,935726,1789900
2919,206,186,60368,3720,935912,1739300
2920,196,178,60172,3738,936090,1866100
2921,179,196,59993,3721,936286,1730500
2922,203,183,59790,3741,936469,1915300
2923,170,205,59620,3706,936674,1780700
2924,181,173,59439,3714,936847,1774700
2925,202,169,59237,3747,937016,1987800
2926,201,201,59036,3747,937217,1842800
2927,210,199,58826,3758,937416,1787800
2928,180,169,58646,3769,937585,1769800
2929,201,184,58445,3786,937769,1789600
2930,191,180,58254,3797,937949,1786400
2931,181,207,58073,3771,938156,1785500
2932,185,175,57888,3781,938331,1799600
2933,190,211,57698,3760,938542,1800500
2934,180,205,57518,3735,938747,2116800
2935,177,177,57341,3735,938924,1776400
2936,204,207,57137,3732,939131,1822700
2937,193,213,56944,3712,939344,1786400
2938,184,182,56760,3714,939526,1772600
2939,189,181,56571,3722,939707,1804400
2940,202,168,56369,3756,939875,1811500
2941,199,174,56170,3781,940049,1940600
2942,177,185,55993,3773,940234,2224900
2943,174,181,55819,3766,940415,1866700
2944,172,185,55647,3753,940600,1816400
2945,180,164,55467,3769,940764,1819800
2946,156,215,55311,3710,940979,1812000
2947,191,200,55120,3701,941179,1805200
2948,183,188,54937,3696,941367,1805400
2949,151,169,54786,3678,941536,1795900
2950,174,206,54612,3646,941742,1794000
2951,153,178,54459,3621,941920,1819100
2952,161,188,54298,3594,942108,1756000
2953,146,162,54152,3578,942270,1771400
2954,174,184,53978,3568,942454,1788400
2955,166,182,53812,3552,942636,1829000
2956,147,191,53665,3508,942827,1768000
2957,154,170,53511,3492,942997,1792000
2958,137,168,53374,3461,943165,1961200
2959,141,174,53233,3428,943339,1808100
2960,138,197,53095,3369,943536,1876900
2961,131,170,52964,3330,943706,1838700
2962,141,171,52823,3300,943877,1778800
2963,125,168,52698,3257,944045,1762400
2964,136,170,52562,3223,944215,1779200
2965,151,161,52411,3213,944376,1765200
2966,132,180,52279,3165,944556,1815700
2967,145,145,52134,3165,944701,1769800
2968,128,167,52006,3126,944868,1800200
2969,140,143,51866,3123,945011,1789100
2970,145,159,51721,3109,945170,1735500
2971,130,132,51591,3107,945302,1825200
2972,123,157,51468,3073,945459,1810000
2973,142,161,51326,3054,945620,1785200
2974,128,150,51198,3032,945770,1775500
2975,154,125,51044,3061,945895,1742900
2976,136,139,50908,3058,946034,1760300
2977,124,139,50784,3043,946173,1776000
2978,112,144,50672,3011,946317,1746100
2979,124,133,50548,3002,946450,1761000
2980,129,147,50419,2984,946597,1999300
2981,119,168,50300,2935,946765,1856500
2982,126,160,50174,2901,946925,1768500
2983,130,141,50044,2890,947066,1725600
2984,115,162,49929,2843,947228,1751100
2985,115,131,49814,2827,947359,1861200
2986,116,126,49698,2817,947485,1758400
2987,131,153,49567,2795,947638,1755600
2988,126,139,49441,2782,947777,1873200
2989,118,139,49323,2761,947916,1863400
2990,128,151,49195,2738,948067,1869900
2991,111,132,49084,2717,948199,1776600
2992,123,146,48961,2694,948345,2012700
2993,105,142,48856,2657,948487,2198500
2994,123,122,48733,2658,948609,2327200
2995,105,128,48628,2635,948737,2144000
2996,96,121,48532,2610,948858,2188600
2997,102,136,48430,2576,948994,2157200
2998,125,158,48305,2543,949152,1976600
2999,120,120,48185,2543,949272,1902100
3000,118,150,48067,2511,949422,1965300
3001,133,118,47934,2526,949540,1876500
3002,112,139,47822,2499,949679,1853400
3003,106,103,47716,2502,949782,1850900
3004,118,125,47598,2495,949907,1981600
3005,110,116,47488,2489,950023,1869400
3006,105,138,47383,2456,950161,1945800
3007,117,116,47266,2457,950277,1940000
3008,83,102,47183,2438,950379,1932100
3009,103,121,47080,2420,950500,1843600
3010,114,134,46966,2400,950634,1835900
3011,110,119,46856,2391,950753,1823200
3012,115,137,46741,2369,950890,1936800
3013,106,116,46635,2359,951006,1796800
3014,104,111,46531,2352,951117,1815600
3015,95,123,46436,2324,951240,1785100
3016,100,108,46336,2316,951348,1765900
3017,97,90,46239,2323,951438,1891900
3018,87,125,46152,2285,951563,1820700
3019,105,96,46047,2294,951659,1842000
3020,98,120,45949,2272,951779,1810800
3021,91,106,45858,2257,951885,1775600
3022,101,119,45757,2239,952004,1794400
3023,100,126,45657,2213,952130,1791700
3024,98,121,45559,2190,952251,1771900
3025,103,120,45456,2173,952371,1726600
3026,109,120,45347,2162,952491,1746900
3027,135,97,45212,2200,952588,1789300
3028,107,90,45105,2217,952678,1764700
3029,118,110,44987,2225,952788,1721500
3030,104,92,44883,2237,952880,1675300
3031,127,114,44756,2250,952994,1760400
3032,118,101,44638,2267,953095,1674100
3033,102,108,44536,2261,953203,1711400
3034,103,104,44433,2260,953307,1853500
3035,124,124,44309,2260,953431,2002600
3036,117,112,44192,2265,953543,1796000
3037,120,99,44072,2286,953642,2159200
3038,122,131,43950,2277,953773,2302900
3039,108,102,43842,2283,953875,1793500
3040,124,114,43718,2293,953989,1800500
3041,121,114,43597,2300,954103,1786800
3042,112,105,43485,2307,954208,1808100
3043,125,113,43360,2319,954321,1735900
3044,82,94,43278,2307,954415,1710300
3045,109,111,43169,2305,954526,1772700
3046,128,119,43041,2314,954645,1951500
3047,118,106,42923,2326,954751,1886900
3048,140,132,42783,2334,954883,1781500
3049,102,126,42681,2310,955009,1728200
3050,116,126,42565,2300,955135,1738900
3051,104,110,42461,2294,955245,1762300
3052,114,119,42347,2289,955364,1741800
3053,104,114,42243,2279,955478,1731100
3054,84,106,42159,2257,955584,1764300
3055,102,98,42057,2261,955682,1722900
3056,111,119,41946,2253,955801,1718600
3057,100,98,41846,2255,955899,1701100
3058,95,129,41751,2221,956028,1752800
3059,87,97,41664,2211,956125,1768800
3060,107,128,41557,2190,956253,1730000
3061,95,111,41462,2174,956364,1751200
3062,80,115,41382,2139,956479,1988200
3063,97,117,41285,2119,956596,1750000
3064,97,104,41188,2112,956700,2208900
3065,104,125,41084,2091,956825,1816800
3066,101,103,40983,2089,956928,1771000
3067,109,105,40874,2093,957033,1710500
3068,103,105,40771,2091,957138,1720900
3069,104,104,40667,2091,957242,1753600
3070,70,114,40597,2047,957356,1877400
3071,107,97,40490,2057,957453,1728100
3072,114,99,40376,2072,957552,1677500
3073,85,104,40291,2053,957656,1682800
3074,97,90,40194,2060,957746,1734000
3075,100,93,40094,2067,957839,1909400
3076,106,104,39988,2069,957943,1725900
3077,104,120,39884,2053,958063,1726500
3078,87,107,39797,2033,958170,1696500
3079,101,87,39696,2047,958257,1752400
3080,102,102,39594,2047,958359,1737900
3081,90,109,39504,2028,958468,1703800
3082,120,92,39384,2056,958560,1730800
3083,93,97,39291,2052,958657,1667800
3084,105,104,39186,2053,958761,1680700
3085,109,102,39077,2060,958863,1789500
3086,96,116,38981,2040,958979,1786700
3087,105,110,38876,2035,959089,1784400
3088,88,81,38788,2042,959170,2049200
3089,93,81,38695,2054,959251,1792300
3090,93,112,38602,2035,959363,1699800
3091,102,111,38500,2026,959474,1799300
3092,95,108,38405,2013,959582,1718600
3093,93,96,38312,2010,959678,1692500
3094,101,107,38211,2004,959785,1927500
3095,87,84,38124,2007,959869,1791300
3096,99,94,38025,2012,959963,1752100
3097,101,98,37924,2015,960061,1750100
3098,104,110,37820,2009,960171,1711800
3099,100,90,37720,2019,960261,1739000
3100,91,84,37629,2026,960345,1854500
3101,108,105,37521,2029,960450,1739700
3102,91,107,37430,2013,960557,1775800
3103,93,100,37337,2006,960657,1762000
3104,110,79,37227,2037,960736,1754200
3105,90,111,37137,2016,960847,1718300
3106,101,88,37036,2029,960935,1820100
3107,93,100,36943,2022,961035,1681500
3108,97,105,36846,2014,961140,1742900
3109,91,92,36755,2013,961232,1683400
3110,92,113,36663,1992,961345,1638400
3111,85,101,36578,1976,961446,1718300
3112,82,85,36496,1973,961531,1649600
3113,111,102,36385,1982,961633,1668200
3114,100,113,36285,1969,961746,1653200
3115,106,96,36179,1979,961842,2297100
3116,110,89,36069,2000,961931,1736700
3117,93,86,35976,2007,962017,1753200
3118,101,120,35875,1988,962137,1724600
3119,98,101,35777,1985,962238,1775900
3120,86,95,35691,1976,962333,2228300
3121,94,107,35597,1963,962440,1814400
3122,95,92,35502,1966,962532,1956800
3123,105,107,35397,1964,962639,1803700
3124,99,112,35298,1951,962751,1796400
3125,91,96,35207,1946,962847,1971100
3126,91,99,35116,1938,962946,1835200
3127,101,99,35015,1940,963045,1727500
3128,88,94,34927,1934,963139,2199600
3129,77,91,34850,1920,963230,1999400
3130,97,97,34753,1920,963327,1989900
3131,92,90,34661,1922,963417,2011700
3132,83,92,34578,1913,963509,1855200
3133,85,83,34493,1915,963592,1855400
3134,91,103,34402,1903,963695,1810400
3135,93,85,34309,1911,963780,1762200
3136,88,90,34221,1909,963870,1871000
3137,98,106,34123,1901,963976,1832900
3138,105,91,34018,1915,964067,1874100
3139,78,103,33940,1890,964170,1917300
3140,88,101,33852,1877,964271,1963900
3141,80,100,33772,1857,964371,1852800
3142,89,93,33683,1853,964464,1907400
3143,88,94,33595,1847,964558,2109600
3144,79,81,33516,1845,964639,1971300
3145,88,83,33428,1850,964722,1945900
3146,86,73,33342,1863,964795,1897300
3147,85,93,33257,1855,964888,1848600
3148,94,94,33163,1855,964982,1825000
3149,103,89,33060,1869,965071,1800000
3150,100,75,32960,1894,965146,1761600
3151,95,101,32865,1888,965247,1773300
3152,96,92,32769,1892,965339,1816000
3153,91,79,32678,1904,965418,1888300
3154,96,96,32582,1904,965514,1794900
3155,112,100,32470,1916,965614,1794800
3156,93,102,32377,1907,965716,1767700
3157,87,95,32290,1899,965811,1772600
3158,82,96,32208,1885,965907,1908600
3159,92,83,32116,1894,965990,1826900
3160,98,84,32018,1908,966074,1828600
3161,92,100,31926,1900,966174,1793700
3162,87,96,31839,1891,966270,1866600
3163,93,95,31746,1889,966365,1819200
3164,104,87,31642,1906,966452,1844000
3165,84,92,31558,1898,966544,1782400
3166,93,115,31465,1876,966659,1953300
3167,102,96,31363,1882,966755,1744900
3168,102,85,31261,1899,966840,1777400
3169,82,105,31179,1876,966945,1826000
3170,108,94,31071,1890,967039,1841700
3171,97,105,30974,1882,967144,1947600
3172,96,115,30878,1863,967259,1804700
3173,111,101,30767,1873,967360,1748700
3174,116,102,30651,1887,967462,1772200
3175,106,90,30545,1903,967552,1735000
3176,95,112,30450,1886,967664,1778600
3177,67,107,30383,1846,967771,1824900
3178,77,87,30306,1836,967858,1841500
3179,90,87,30216,1839,967945,1825200
3180,99,87,30117,1851,968032,1817600
3181,96,86,30021,1861,968118,1874100
3182,93,84,29928,1870,968202,1885200
3183,96,112,29832,1854,968314,1803400
3184,95,87,29737,1862,968401,1744300
3185,105,80,29632,1887,968481,1810400
3186,110,101,29522,1896,968582,1792900
3187,114,105,29408,1905,968687,1722800
3188,84,107,29324,1882,968794,1944900
3189,97,94,29227,1885,968888,1780800
3190,99,78,29128,1906,968966,1791900
3191,106,97,29022,1915,969063,1739500
3192,102,86,28920,1931,969149,1774500
3193,91,87,28829,1935,969236,1779600
3194,92,84,28737,1943,969320,1738100
3195,87,100,28650,1930,969420,1945700
3196,83,93,28567,1920,969513,1800600
3197,99,107,28468,1912,969620,1757900
3198,87,111,28381,1888,969731,1746800
3199,82,86,28299,1884,969817,1729200
3200,84,101,28215,1867,969918,1981600
3201,87,100,28128,1854,970018,1817000
3202,95,92,28033,1857,970110,1795300
3203,79,90,27954,1846,970200,2125400
3204,89,73,27865,1862,970273,1727800
3205,82,91,27783,1853,970364,1745200
3206,92,108,27691,1837,970472,1794100
3207,99,105,27592,1831,970577,1952300
3208,72,105,27520,1798,970682,1705400
3209,108,97,27412,1809,970779,1840700
3210,71,104,27341,1776,970883,1717300
3211,89,97,27252,1768,970980,1719300
3212,70,99,27182,1739,971079,1960500
3213,77,82,27105,1734,971161,1748700
3214,119,83,26986,1770,971244,1746800
3215,86,105,26900,1751,971349,1718900
3216,83,83,26817,1751,971432,1718200
3217,77,82,26740,1746,971514,1701500
3218,96,100,26644,1742,971614,1790900
3219,75,82,26569,1735,971696,1764900
3220,85,97,26484,1723,971793,1711900
3221,80,86,26404,1717,971879,1754200
3222,89,92,26315,1714,971971,1718000
3223,88,77,26227,1725,972048,1652500
3224,85,100,26142,1710,972148,1707300
3225,86,80,26056,1716,972228,1730700
3226,75,91,25981,1700,972319,1922400
3227,95,96,25886,1699,972415,1686600
3228,76,77,25810,1698,972492,1730900
3229,113,94,25697,1717,972586,1727900
3230,103,76,25594,1744,972662,1758600
3231,109,95,25485,1758,972757,1778200
3232,82,94,25403,1746,972851,1721900
3233,99,95,25304,1750,972946,1679800
3234,89,94,25215,1745,973040,1733000
3235,88,87,25127,1746,973127,1783300
3236,87,101,25040,1732,973228,1723200
3237,85,96,24955,1721,973324,1794400
3238,72,101,24883,1692,973425,1761800
3239,92,80,24791,1704,973505,1743800
3240,85,88,24706,1701,973593,1724200
3241,85,70,24621,1716,973663,1696500
3242,94,92,24527,1718,973755,1764600
3243,80,76,24447,1722,973831,1748900
3244,70,83,24377,1709,973914,1729100
3245,81,69,24296,1721,973983,1757100
3246,81,79,24215,1723,974062,1717200
3247,78,74,24137,1727,974136,1812300
3248,97,88,24040,1736,974224,1759800
3249,86,93,23954,1729,974317,1762500
3250,94,76,23860,1747,974393,1693000
3251,72,97,23788,1722,974490,1713800
3252,72,96,23716,1698,974586,1705600
3253,62,94,23654,1666,974680,1740600
3254,74,87,23580,1653,974767,1687500
3255,70,101,23510,1622,974868,1725100
3256,83,87,23427,1618,974955,1661400
3257,73,91,23354,1600,975046,1752100
3258,61,75,23293,1586,975121,1885800
3259,51,92,23242,1545,975213,1747800
3260,73,88,23169,1530,975301,1742000
3261,61,89,23108,1502,975390,1740200
3262,72,65,23036,1509,975455,1720000
3263,76,65,22960,1520,975520,1909300
3264,84,75,22876,1529,975595,1757400
3265,70,71,22806,1528,975666,1760600
3266,52,70,22754,1510,975736,1858400
3267,70,84,22684,1496,975820,1726900
3268,64,89,22620,1471,975909,1749900
3269,59,76,22561,1454,975985,1816400
3270,54,82,22507,1426,976067,1795900
3271,51,87,22456,1390,976154,1771900
3272,50,75,22406,1365,976229,1774300
3273,69,72,22337,1362,976301,1745800
3274,72,77,22265,1357,976378,1827800
3275,61,66,22204,1352,976444,1771100
3276,53,66,22151,1339,976510,1743600
3277,60,61,22091,1338,976571,1732500
3278,53,75,22038,1316,976646,1675700
3279,59,73,21979,1302,976719,1679000
3280,49,72,21930,1279,976791,1736700
3281,56,66,21874,1269,976857,1714400
3282,57,55,21817,1271,976912,1695200
3283,62,62,21755,1271,976974,1780700
3284,65,70,21690,1266,977044,1733800
3285,69,66,21621,1269,977110,1730900
3286,46,73,21575,1242,977183,1653400
3287,62,59,21513,1245,977242,1750500
3288,59,64,21454,1240,977306,1670400
3289,67,54,21387,1253,977360,1781600
3290,64,66,21323,1251,977426,1860400
3291,67,66,21256,1252,977492,1769100
3292,65,64,21191,1253,977556,1839000
3293,55,54,21136,1254,977610,1738800
3294,65,51,21071,1268,977661,1840300
3295,63,67,21008,1264,977728,1733900
3296,50,67,20958,1247,977795,1688400
3297,64,52,20894,1259,977847,1701700
3298,62,70,20832,1251,977917,1685900
3299,74,71,20758,1254,977988,1705700
3300,58,62,20700,1250,978050,1674300
3301,60,73,20640,1237,978123,1769700
3302,52,67,20588,1222,978190,1749100
3303,57,66,20531,1213,978256,1697900
3304,56,54,20475,1215,978310,1911000
3305,43,66,20432,1192,978376,1697200
3306,54,67,20378,1179,978443,1788500
3307,55,59,20323,1175,978502,1858000
3308,43,53,20280,1165,978555,1711700
3309,48,55,20232,1158,978610,1776300
3310,45,46,20187,1157,978656,1726300
3311,50,55,20137,1152,978711,1935200
3312,46,51,20091,1147,978762,1818600
3313,33,55,20058,1125,978817,1729800
3314,41,50,20017,1116,978867,1696900
3315,46,56,19971,1106,978923,1885600
3316,48,47,19923,1107,978970,1762300
3317,36,57,19887,1086,979027,1720100
3318,37,58,19850,1065,979085,1703500
3319,42,60,19808,1047,979145,1682800
3320,46,40,19762,1053,979185,2025400
3321,52,56,19710,1049,979241,1710800
3322,43,60,19667,1032,979301,1676800
3323,40,62,19627,1010,979363,1680100
3324,43,42,19584,1011,979405,1658200
3325,32,56,19552,987,979461,1641900
3326,29,53,19523,963,979514,1687700
3327,42,52,19481,953,979566,1733500
3328,44,43,19437,954,979609,1845200
3329,44,53,19393,945,979662,1691300
3330,38,51,19355,932,979713,1660100
3331,41,38,19314,935,979751,1736300
3332,36,58,19278,913,979809,1666800
3333,38,45,19240,906,979854,1683900
3334,43,49,19197,900,979903,1742200
3335,49,47,19148,902,979950,1702600
3336,41,41,19107,902,979991,1917200
3337,38,43,19069,897,980034,1705000
3338,40,51,19029,886,980085,1664200
3339,54,46,18975,894,980131,1672700
3340,44,41,18931,897,980172,1643200
3341,39,49,18892,887,980221,1671500
3342,37,39,18855,885,980260,1702700
3343,33,39,18822,879,980299,1860100
3344,35,46,18787,868,980345,1685900
3345,42,46,18745,864,980391,2295100
3346,48,49,18697,863,980440,1787800
3347,35,53,18662,845,980493,1958200
3348,42,33,18620,854,980526,1811500
3349,32,40,18588,846,980566,1763000
3350,38,34,18550,850,980600,1704500
3351,33,42,18517,841,980642,1973000
3352,36,32,18481,845,980674,1667600
3353,41,44,18440,842,980718,1753700
3354,37,52,18403,827,980770,1687200
3355,34,35,18369,826,980805,1678400
3356,45,38,18324,833,980843,1676000
3357,38,33,18286,838,980876,1757900
3358,43,38,18243,843,980914,1743300
3359,41,50,18202,834,980964,1697600
3360,32,40,18170,826,981004,1667700
3361,28,39,18142,815,981043,1737300
3362,42,40,18100,817,981083,1690000
3363,43,37,18057,823,981120,1701200
3364,40,40,18017,823,981160,1735700
3365,34,40,17983,817,981200,1705300
3366,36,37,17947,816,981237,1670600
3367,31,32,17916,815,981269,1826400
3368,33,32,17883,816,981301,1748400
3369,32,29,17851,819,981330,1669000
3370,38,46,17813,811,981376,1688800
3371,29,45,17784,795,981421,1672000
3372,31,45,17753,781,981466,1692700
3373,29,38,17724,772,981504,1701000
3374,27,51,17697,748,981555,1658600
3375,29,26,17668,751,981581,1682400
3376,47,49,17621,749,981630,1685200
3377,29,30,17592,748,981660,1673000
3378,35,32,17557,751,981692,1963200
3379,30,33,17527,748,981725,1691800
3380,39,38,17488,749,981763,1797000
3381,30,49,17458,730,981812,1771900
3382,23,33,17435,720,981845,1691800
3383,27,32,17408,715,981877,1798000
3384,31,38,17377,708,981915,1733000
3385,30,38,17347,700,981953,1790000
3386,41,38,17306,703,981991,1838800
3387,27,35,17279,695,982026,1945700
3388,32,36,17247,691,982062,2313200
3389,39,46,17208,684,982108,2228800
3390,26,32,17182,678,982140,1913000
3391,33,33,17149,678,982173,1895100
3392,21,42,17128,657,982215,1767600
3393,28,35,17100,650,982250,1722600
3394,30,33,17070,647,982283,1735100
3395,28,47,17042,628,982330,1811900
3396,25,33,17017,620,982363,1831300
3397,25,26,16992,619,982389,2235500
3398,25,28,16967,616,982417,1808200
3399,22,32,16945,606,982449,1777300
3400,24,34,16921,596,982483,1763900
3401,24,28,16897,592,982511,1851000
3402,15,28,16882,579,982539,1793400
3403,28,35,16854,572,982574,2041800
3404,29,29,16825,572,982603,1863300
3405,20,29,16805,563,982632,1777300
3406,25,22,16780,566,982654,1941500
3407,23,32,16757,557,982686,1832000
3408,21,30,16736,548,982716,1802200
3409,19,28,16717,539,982744,1989900
3410,14,26,16703,527,982770,1904800
3411,19,21,16684,525,982791,1849500
3412,20,34,16664,511,982825,1759300
3413,20,24,16644,507,982849,1724700
3414,23,24,16621,506,982873,1716500
3415,23,24,16598,505,982897,1729000
3416,22,26,16576,501,982923,1883400
3417,26,25,16550,502,982948,1798700
3418,26,27,16524,501,982975,1963100
3419,25,15,16499,511,982990,1747700
3420,23,25,16476,509,983015,2106700
3421,25,20,16451,514,983035,1665200
3422,21,24,16430,511,983059,1675300
3423,25,27,16405,509,983086,1670500
3424,16,21,16389,504,983107,1745800
3425,19,28,16370,495,983135,1755500
3426,23,22,16347,496,983157,1781900
3427,20,22,16327,494,983179,1831100
3428,23,17,16304,500,983196,1820700
3429,19,29,16285,490,983225,1865000
3430,16,19,16269,487,983244,1834600
3431,17,22,16252,482,983266,1787200
3432,18,17,16234,483,983283,1703000
3433,18,26,16216,475,983309,1903500
3434,22,31,16194,466,983340,1775100
3435,13,22,16181,457,983362,1674000
3436,25,16,16156,466,983378,1777100
3437,16,27,16140,455,983405,1750300
3438,19,25,16121,449,983430,1731600
3439,13,19,16108,443,983449,1760100
3440,16,21,16092,438,983470,1815300
3441,21,22,16071,437,983492,1707700
3442,16,19,16055,434,983511,1894300
3443,18,26,16037,426,983537,1683800
3444,14,21,16023,419,983558,1757400
3445,16,28,16007,407,983586,1757500
3446,8,13,15999,402,983599,1714400
3447,18,19,15981,401,983618,1776400
3448,15,21,15966,395,983639,1695400
3449,12,14,15954,393,983653,1760600
3450,15,13,15939,395,983666,1699300
3451,10,16,15929,389,983682,1900700
3452,12,21,15917,380,983703,2015700
3453,10,21,15907,369,983724,1851200
3454,9,12,15898,366,983736,1734700
3455,16,18,15882,364,983754,1695900
3456,14,22,15868,356,983776,1748200
3457,12,11,15856,357,983787,1717900
3458,13,14,15843,356,983801,1807900
3459,8,19,15835,345,983820,2050700
3460,11,16,15824,340,983836,1695700
3461,9,17,15815,332,983853,1931500
3462,11,15,15804,328,983868,1812800
3463,10,25,15794,313,983893,1756900
3464,7,16,15787,304,983909,1727200
3465,7,20,15780,291,983929,1904900
3466,6,15,15774,282,983944,1755600
3467,12,6,15762,288,983950,1996800
3468,6,21,15756,273,983971,1959200
3469,8,16,15748,265,983987,2234900
3470,14,6,15734,273,983993,1846200
3471,9,9,15725,273,984002,1874500
3472,10,15,15715,268,984017,5506000
3473,9,13,15706,264,984030,2561300
3474,7,16,15699,255,984046,2861400
3475,7,21,15692,241,984067,2244600
3476,6,10,15686,237,984077,2593300
3477,3,11,15683,229,984088,3701400
3478,4,16,15679,217,984104,2055900
3479,4,5,15675,216,984109,1910300
3480,8,10,15667,214,984119,8356100
3481,5,16,15662,203,984135,2740200
3482,3,10,15659,196,984145,2541600
3483,3,7,15656,192,984152,2532600
3484,8,13,15648,187,984165,2430800
3485,2,7,15646,182,984172,2193800
3486,5,8,15641,179,984180,2223100
3487,2,8,15639,173,984188,1895400
3488,2,4,15637,171,984192,1773900
3489,3,12,15634,162,984204,2495200
3490,2,6,15632,158,984210,2060300
3491,4,7,15628,155,984217,2103500
3492,1,7,15627,149,984224,1961800
3493,6,10,15621,145,984234,2011000
3494,4,7,15617,142,984241,1862600
3495,4,10,15613,136,984251,1980400
3496,2,8,15611,130,984259,1868800
3497,3,7,15608,126,984266,1830200
3498,3,3,15605,126,984269,2129300
3499,2,9,15603,119,984278,1778800
3500,1,5,15602,115,984283,1805000
3501,2,6,15600,111,984289,2093400
3502,4,7,15596,108,984296,1990500
3503,0,5,15596,103,984301,1839600
3504,1,5,15595,99,984306,1873500
3505,2,5,15593,96,984311,2141100
3506,1,5,15592,92,984316,1981700
3507,2,2,15590,92,984318,1907200
3508,1,3,15589,90,984321,1929400
3509,1,10,15588,81,984331,1979000
3510,2,4,15586,79,984335,1850200
3511,0,1,15586,78,984336,1876600
3512,1,4,15585,75,984340,1846600
3513,0,2,15585,73,984342,1788600
3514,0,4,15585,69,984346,1896700
3515,0,5,15585,64,984351,1883700
3516,2,3,15583,63,984354,1810600
3517,0,2,15583,61,984356,1825000
3518,0,2,15583,59,984358,1826300
3519,0,1,15583,58,984359,1792900
3520,0,2,15583,56,984361,2028500
3521,0,6,15583,50,984367,1829100
3522,0,3,15583,47,984370,1784700
3523,0,4,15583,43,984374,1857600
3524,0,1,15583,42,984375,1934600
3525,0,3,15583,39,984378,1850900
3526,0,3,15583,36,984381,1913700
3527,1,0,15582,37,984381,1842600
3528,0,2,15582,35,984383,1886900
3529,0,0,15582,35,984383,1836400
3530,0,3,15582,32,984386,1931600
3531,0,2,15582,30,984388,1988500
3532,0,1,15582,29,984389,2157400
3533,1,1,15581,29,984390,1959800
3534,0,2,15581,27,984392,1892700
3535,0,4,15581,23,984396,1935600
3536,0,1,15581,22,984397,1858000
3537,0,0,15581,22,984397,1830600
3538,0,1,15581,21,984398,1987200
3539,0,3,15581,18,984401,1885600
3540,0,0,15581,18,984401,2438900
3541,0,0,15581,18,984401,2012100
3542,0,0,15581,18,984401,2432600
3543,0,0,15581,18,984401,2236500
3544,0,1,15581,17,984402,1952900
3545,0,0,15581,17,984402,2197000
3546,0,1,15581,16,984403,2059400
3547,0,0,15581,16,984403,1928300
3548,0,0,15581,16,984403,2042700
3549,0,0,15581,16,984403,2027000
3550,0,0,15581,16,984403,1931300
3551,0,1,15581,15,984404,2114400
3552,0,1,15581,14,984405,1966800
3553,0,0,15581,14,984405,2029600
3554,0,1,15581,13,984406,1928500
3555,0,0,15581,13,984406,1894300
3556,0,0,15581,13,984406,2092900
3557,0,1,15581,12,984407,1959400
3558,0,2,15581,10,984409,1866500
3559,0,1,15581,9,984410,1830100
3560,0,0,15581,9,984410,1950900
3561,0,0,15581,9,984410,1898900
3562,0,1,15581,8,984411,1884200
3563,0,0,15581,8,984411,1970100
3564,0,0,15581,8,984411,2043800
3565,0,0,15581,8,984411,1898800
3566,0,0,15581,8,984411,1857700
3567,0,0,15581,8,984411,1798200
3568,0,0,15581,8,984411,1870400
3569,0,0,15581,8,984411,1983200
3570,0,1,15581,7,984412,1863100
3571,0,1,15581,6,984413,1799600
3572,0,0,15581,6,984413,1783400
3573,0,1,15581,5,984414,1950000
3574,0,0,15581,5,984414,1842600
3575,0,0,15581,5,984414,1987000
3576,0,0,15581,5,984414,1794800
3577,0,1,15581,4,984415,1894300
3578,0,0,15581,4,984415,1702700
3579,0,0,15581,4,984415,2034800
3580,0,0,15581,4,984415,1962200
3581,0,0,15581,4,984415,1826100
3582,0,0,15581,4,984415,1945700
3583,0,1,15581,3,984416,1731300
3584,0,0,15581,3,984416,1760000
3585,0,0,15581,3,984416,1980800
3586,0,0,15581,3,984416,1714800
3587,0,0,15581,3,984416,1773500
3588,0,0,15581,3,984416,1893700
3589,0,0,15581,3,984416,1711300
3590,0,0,15581,3,984416,1695700
3591,0,1,15581,2,984417,1735400
3592,0,0,15581,2,984417,1814200
3593,0,0,15581,2,984417,2214000
3594,0,0,15581,2,984417,1695400
3595,0,0,15581,2,984417,1732200
3596,0,0,15581,2,984417,1753400
3597,0,0,15581,2,984417,1917100
3598,0,0,15581,2,984417,2053800
3599,0,0,15581,2,984417,1933800
3600,0,0,15581,2,984417,1881800
3601,0,0,15581,2,984417,1876700
3602,0,0,15581,2,984417,1768100
3603,0,0,15581,2,984417,1856600
3604,0,1,15581,1,984418,1781500
3605,0,0,15581,1,984418,1838000
3606,0,0,15581,1,984418,1914500
3607,0,0,15581,1,984418,1878600
3608,0,1,15581,0,984419,2182400
