Tick,NewlyInfected,NewlyRecovered,TotalSusceptible,TotalInfected,TotalRecovered,StepTimeNanos
0,2,1,999993,6,1,2370800
1,2,0,999991,8,1,1863800
2,2,0,999989,10,1,1737900
3,5,0,999984,15,1,1740500
4,6,0,999978,21,1,1743200
5,7,1,999971,27,2,1661400
6,7,4,999964,30,6,1635500
7,3,1,999961,32,7,1627500
8,3,1,999958,34,8,1597700
9,2,1,999956,35,9,1915400
10,6,2,999950,39,11,1691100
11,4,1,999946,42,12,1620300
12,7,3,999939,46,15,1906300
13,5,0,999934,51,15,1809300
14,3,4,999931,50,19,1756800
15,7,2,999924,55,21,1795000
16,14,2,999910,67,23,1623100
17,8,1,999902,74,24,1718400
18,10,0,999892,84,24,1609900
19,13,6,999879,91,30,1652900
20,7,6,999872,92,36,1717000
21,8,5,999864,95,41,1745400
22,14,5,999850,104,46,1610500
23,9,8,999841,105,54,1570200
24,12,6,999829,111,60,1739900
25,15,6,999814,120,66,1609900
26,5,4,999809,121,70,1737100
27,12,6,999797,127,76,1665400
28,12,4,999785,135,80,1634100
29,16,4,999769,147,84,1627900
30,19,7,999750,159,91,1697600
31,13,5,999737,167,96,1683500
32,20,10,999717,177,106,1773200
33,7,9,999710,175,115,1919700
34,18,9,999692,184,124,1837800
35,22,9,999670,197,133,1765500
36,19,11,999651,205,144,1736600
37,17,8,999634,214,152,1631600
38,21,4,999613,231,156,1737600
39,15,12,999598,234,168,1745200
40,25,15,999573,244,183,1686800
41,16,13,999557,247,196,1741600
42,16,9,999541,254,205,1634200
43,16,9,999525,261,214,1626800
44,20,13,999505,268,227,1745100
45,18,11,999487,275,238,1990800
46,20,9,999467,286,247,1684900
47,20,15,999447,291,262,1673000
48,22,12,999425,301,274,1714800
49,28,12,999397,317,286,1755900
50,34,12,999363,339,298,1770000
51,26,19,999337,346,317,1652200
52,29,12,999308,363,329,1744500
53,20,23,999288,360,352,1652100
54,25,20,999263,365,372,1641700
55,26,18,999237,373,390,1779200
56,33,20,999204,386,410,1711500
57,34,15,999170,405,425,1636300
58,21,26,999149,400,451,1725900
59,34,12,999115,422,463,1625500
60,21,14,999094,429,477,1873100
61,29,20,999065,438,497,1673800
62,33,19,999032,452,516,1780500
63,23,15,999009,460,531,1627000
64,22,21,998987,461,552,1645900
65,30,29,998957,462,581,1638200
66,44,24,998913,482,605,1620700
67,30,27,998883,485,632,1695700
68,32,30,998851,487,662,1680300
69,48,29,998803,506,691,1702300
70,34,20,998769,520,711,1770600
71,33,20,998736,533,731,1972800
72,38,19,998698,552,750,1763000
73,51,26,998647,577,776,1663500
74,44,31,998603,590,807,1852900
75,31,30,998572,591,837,1931000
76,37,27,998535,601,864,1678500
77,52,33,998483,620,897,1654900
78,50,23,998433,647,920,1672800
79,53,35,998380,665,955,1660800
80,46,29,998334,682,984,1642000
81,44,49,998290,677,1033,1623100
82,56,24,998234,709,1057,1651300
83,52,32,998182,729,1089,1684200
84,41,28,998141,742,1117,1727100
85,54,34,998087,762,1151,1768000
86,62,37,998025,787,1188,1888600
87,55,45,997970,797,1233,1683600
88,56,42,997914,811,1275,1719600
89,46,42,997868,815,1317,1713000
90,59,46,997809,828,1363,1712900
91,50,45,997759,833,1408,1830900
92,54,51,997705,836,1459,1889200
93,61,42,997644,855,1501,1827000
94,67,41,997577,881,1542,1803800
95,60,42,997517,899,1584,1820000
96,48,39,997469,908,1623,1761500
97,57,39,997412,926,1662,1753900
98,66,42,997346,950,1704,1821800
99,66,40,997280,976,1744,1750500
100,55,45,997225,986,1789,1971500
101,57,50,997168,993,1839,2005900
102,57,46,997111,1004,1885,1756900
103,62,44,997049,1022,1929,1774200
104,71,53,996978,1040,1982,1853200
105,74,53,996904,1061,2035,1899000
106,67,62,996837,1066,2097,2121100
107,63,50,996774,1079,2147,1842100
108,69,46,996705,1102,2193,1775000
109,71,57,996634,1116,2250,1799700
110,58,66,996576,1108,2316,1735300
111,65,60,996511,1113,2376,1927400
112,68,59,996443,1122,2435,1789700
113,74,56,996369,1140,2491,1706400
114,62,67,996307,1135,2558,1738700
115,58,57,996249,1136,2615,1716000
116,69,56,996180,1149,2671,1734200
117,65,62,996115,1152,2733,1733700
118,66,59,996049,1159,2792,1793100
119,68,63,995981,1164,2855,1685600
120,66,53,995915,1177,2908,1717400
121,74,52,995841,1199,2960,1740300
122,74,69,995767,1204,3029,1808100
123,73,57,995694,1220,3086,1820500
124,75,57,995619,1238,3143,1663600
125,74,55,995545,1257,3198,2191000
126,75,70,995470,1262,3268,1700800
127,72,57,995398,1277,3325,1909200
128,85,73,995313,1289,3398,1944600
129,64,62,995249,1291,3460,2061300
130,73,58,995176,1306,3518,1739600
131,68,55,995108,1319,3573,1679500
132,81,71,995027,1329,3644,2053900
133,88,69,994939,1348,3713,1733500
134,83,67,994856,1364,3780,1729300
135,60,54,994796,1370,3834,2020300
136,101,50,994695,1421,3884,1707100
137,73,85,994622,1409,3969,1869500
138,102,68,994520,1443,4037,1770400
139,95,74,994425,1464,4111,1615000
140,96,70,994329,1490,4181,1747300
141,85,64,994244,1511,4245,1642600
142,100,74,994144,1537,4319,1650800
143,79,58,994065,1558,4377,1875500
144,93,73,993972,1578,4450,1663300
145,91,91,993881,1578,4541,2156400
146,104,64,993777,1618,4605,1759300
147,83,77,993694,1624,4682,1748100
148,103,86,993591,1641,4768,1761400
149,94,97,993497,1638,4865,1734000
150,101,75,993396,1664,4940,1838000
151,102,73,993294,1693,5013,1775300
152,100,88,993194,1705,5101,1736200
153,89,86,993105,1708,5187,1678800
154,92,71,993013,1729,5258,1611200
155,104,84,992909,1749,5342,1619500
156,95,84,992814,1760,5426,1627200
157,100,99,992714,1761,5525,1738500
158,109,76,992605,1794,5601,1804200
159,93,98,992512,1789,5699,1923100
160,111,104,992401,1796,5803,1687400
161,103,97,992298,1802,5900,1714500
162,111,86,992187,1827,5986,1718600
163,104,81,992083,1850,6067,1834100
164,111,88,991972,1873,6155,1766800
165,98,94,991874,1877,6249,1842600
166,116,86,991758,1907,6335,1962300
167,109,92,991649,1924,6427,1969100
168,95,105,991554,1914,6532,1718500
169,98,97,991456,1915,6629,1729300
170,117,89,991339,1943,6718,1725700
171,111,88,991228,1966,6806,1735600
172,113,94,991115,1985,6900,1721200
173,104,103,991011,1986,7003,1786000
174,120,96,990891,2010,7099,1850300
175,118,101,990773,2027,7200,1727400
176,136,101,990637,2062,7301,2005800
177,109,97,990528,2074,7398,1696700
178,121,98,990407,2097,7496,1685600
179,106,97,990301,2106,7593,1787900
180,130,102,990171,2134,7695,1769300
181,118,128,990053,2124,7823,1637700
182,119,102,989934,2141,7925,1671100
183,116,105,989818,2152,8030,2025300
184,133,100,989685,2185,8130,1736900
185,137,105,989548,2217,8235,2023700
186,140,123,989408,2234,8358,1645700
187,151,110,989257,2275,8468,1690700
188,136,111,989121,2300,8579,1752500
189,133,126,988988,2307,8705,1790800
190,129,102,988859,2334,8807,1737500
191,134,126,988725,2342,8933,1819600
192,115,94,988610,2363,9027,1777600
193,147,119,988463,2391,9146,1811900
194,124,125,988339,2390,9271,1720400
195,131,121,988208,2400,9392,1749500
196,128,114,988080,2414,9506,1775200
197,145,122,987935,2437,9628,1643700
198,125,108,987810,2454,9736,1710300
199,120,106,987690,2468,9842,1694300
200,136,115,987554,2489,9957,1920900
201,133,130,987421,2492,10087,1819100
202,131,120,987290,2503,10207,2063600
203,106,139,987184,2470,10346,1707300
204,139,120,987045,2489,10466,1836600
205,131,124,986914,2496,10590,1688600
206,127,131,986787,2492,10721,1679300
207,139,130,986648,2501,10851,1791300
208,130,130,986518,2501,10981,1782000
209,112,150,986406,2463,11131,1722000
210,116,121,986290,2458,11252,1753800
211,118,121,986172,2455,11373,1794100
212,129,111,986043,2473,11484,1990500
213,126,109,985917,2490,11593,1995900
214,135,107,985782,2518,11700,1756400
215,136,132,985646,2522,11832,1786200
216,141,127,985505,2536,11959,1692800
217,147,139,985358,2544,12098,1938600
218,133,136,985225,2541,12234,1791800
219,123,132,985102,2532,12366,1839700
220,147,106,984955,2573,12472,1753000
221,128,110,984827,2591,12582,1684200
222,122,130,984705,2583,12712,1641200
223,133,129,984572,2587,12841,1686000
224,150,119,984422,2618,12960,1722500
225,135,130,984287,2623,13090,1751200
226,142,140,984145,2625,13230,1847800
227,123,117,984022,2631,13347,1723300
228,138,116,983884,2653,13463,1785300
229,128,128,983756,2653,13591,1654800
230,120,125,983636,2648,13716,1766900
231,131,137,983505,2642,13853,1761000
232,138,146,983367,2634,13999,1775900
233,106,130,983261,2610,14129,2049500
234,124,128,983137,2606,14257,1966600
235,144,132,982993,2618,14389,1775600
236,123,151,982870,2590,14540,1671100
237,125,134,982745,2581,14674,1904700
238,128,108,982617,2601,14782,1674500
239,117,119,982500,2599,14901,1740600
240,123,126,982377,2596,15027,2252000
241,116,102,982261,2610,15129,1974000
242,116,140,982145,2586,15269,1756000
243,122,128,982023,2580,15397,1658800
244,120,121,981903,2579,15518,1660500
245,135,127,981768,2587,15645,1719600
246,126,139,981642,2574,15784,1990100
247,123,119,981519,2578,15903,1661300
248,128,121,981391,2585,16024,1639300
249,135,120,981256,2600,16144,1861300
250,116,142,981140,2574,16286,1661900
251,122,131,981018,2565,16417,1621700
252,143,121,980875,2587,16538,1668900
253,140,138,980735,2589,16676,1672000
254,130,116,980605,2603,16792,1770500
255,127,134,980478,2596,16926,1796900
256,152,138,980326,2610,17064,1732000
257,149,136,980177,2623,17200,1744600
258,131,150,980046,2604,17350,1876100
259,164,118,979882,2650,17468,1732000
260,158,127,979724,2681,17595,1835700
261,173,133,979551,2721,17728,1654100
262,167,114,979384,2774,17842,1636000
263,150,125,979234,2799,17967,1696000
264,167,134,979067,2832,18101,1676900
265,156,150,978911,2838,18251,1655300
266,143,166,978768,2815,18417,1764200
267,153,121,978615,2847,18538,1817100
268,134,143,978481,2838,18681,1645100
269,168,128,978313,2878,18809,1750400
270,153,141,978160,2890,18950,1760900
271,149,129,978011,2910,19079,1916700
272,151,121,977860,2940,19200,1789300
273,137,168,977723,2909,19368,1646000
274,152,132,977571,2929,19500,1710300
275,177,144,977394,2962,19644,1628800
276,187,162,977207,2987,19806,2021400
277,161,145,977046,3003,19951,1721300
278,177,143,976869,3037,20094,1746300
279,168,157,976701,3048,20251,1692600
280,174,150,976527,3072,20401,1729400
281,170,145,976357,3097,20546,1720200
282,165,181,976192,3081,20727,1740800
283,170,146,976022,3105,20873,1692600
284,177,140,975845,3142,21013,1693200
285,159,171,975686,3130,21184,1691500
286,152,158,975534,3124,21342,1694400
287,155,137,975379,3142,21479,1738100
288,159,156,975220,3145,21635,1730400
289,148,162,975072,3131,21797,1689000
290,159,149,974913,3141,21946,1786000
291,188,142,974725,3187,22088,1740200
292,173,145,974552,3215,22233,1719700
293,182,173,974370,3224,22406,1788500
294,179,166,974191,3237,22572,1791800
295,189,168,974002,3258,22740,1808100
296,187,165,973815,3280,22905,1725100
297,209,166,973606,3323,23071,1720600
298,195,174,973411,3344,23245,1736000
299,184,151,973227,3377,23396,1723000
300,189,148,973038,3418,23544,1732100
301,173,178,972865,3413,23722,1705500
302,178,194,972687,3397,23916,1708400
303,179,182,972508,3394,24098,1720600
304,182,171,972326,3405,24269,1712200
305,185,152,972141,3438,24421,1716100
306,156,159,971985,3435,24580,1697300
307,190,177,971795,3448,24757,1799500
308,145,183,971650,3410,24940,1718000
309,178,192,971472,3396,25132,1714700
310,170,160,971302,3406,25292,1818600
311,178,178,971124,3406,25470,1712900
312,178,185,970946,3399,25655,1890200
313,151,154,970795,3396,25809,1769800
314,174,154,970621,3416,25963,1784300
315,175,178,970446,3413,26141,1788800
316,194,176,970252,3431,26317,1800200
317,184,191,970068,3424,26508,1812600
318,179,154,969889,3449,26662,1811100
319,176,185,969713,3440,26847,1747500
320,172,175,969541,3437,27022,1779300
321,210,175,969331,3472,27197,1738600
322,168,188,969163,3452,27385,1760300
323,182,191,968981,3443,27576,1774700
324,162,168,968819,3437,27744,1957800
325,178,180,968641,3435,27924,1720200
326,194,161,968447,3468,28085,1802500
327,180,153,968267,3495,28238,1836600
328,179,173,968088,3501,28411,1753600
329,191,178,967897,3514,28589,1732900
330,184,145,967713,3553,28734,1752400
331,192,173,967521,3572,28907,1760900
332,177,196,967344,3553,29103,1732000
333,190,154,967154,3589,29257,1720800
334,198,160,966956,3627,29417,1742700
335,190,194,966766,3623,29611,1739700
336,218,191,966548,3650,29802,1739400
337,183,176,966365,3657,29978,1918700
338,197,203,966168,3651,30181,1742100
339,175,164,965993,3662,30345,1811600
340,187,186,965806,3663,30531,1729700
341,198,163,965608,3698,30694,1864600
342,169,185,965439,3682,30879,1682600
343,175,181,965264,3676,31060,1733000
344,178,205,965086,3649,31265,1719500
345,174,201,964912,3622,31466,1645900
346,187,207,964725,3602,31673,1625500
347,184,173,964541,3613,31846,1655100
348,180,200,964361,3593,32046,1701900
349,183,190,964178,3586,32236,1955600
350,199,165,963979,3620,32401,1999900
351,212,192,963767,3640,32593,1707100
352,188,188,963579,3640,32781,1860200
353,199,191,963380,3648,32972,1813500
354,199,183,963181,3664,33155,1776500
355,201,183,962980,3682,33338,1781600
356,205,174,962775,3713,33512,1770500
357,186,176,962589,3723,33688,2051500
358,204,203,962385,3724,33891,1699300
359,220,197,962165,3747,34088,1812900
360,187,197,961978,3737,34285,1837900
361,195,213,961783,3719,34498,1792900
362,196,193,961587,3722,34691,1762900
363,197,188,961390,3731,34879,1799800
364,197,179,961193,3749,35058,1941000
365,183,185,961010,3747,35243,1665700
366,207,200,960803,3754,35443,1816600
367,227,184,960576,3797,35627,1752500
368,191,188,960385,3800,35815,2470600
369,183,180,960202,3803,35995,2063200
370,204,182,959998,3825,36177,3113800
371,195,178,959803,3842,36355,2813000
372,219,207,959584,3854,36562,4429700
373,185,222,959399,3817,36784,2283900
374,212,185,959187,3844,36969,1941900
375,179,187,959008,3836,37156,2113000
376,215,179,958793,3872,37335,1888600
377,207,204,958586,3875,37539,1846200
378,183,189,958403,3869,37728,2164700
379,200,190,958203,3879,37918,1792500
380,198,189,958005,3888,38107,1937300
381,205,189,957800,3904,38296,1771000
382,200,197,957600,3907,38493,1897900
383,207,187,957393,3927,38680,1983500
384,184,192,957209,3919,38872,1789600
385,218,217,956991,3920,39089,1784100
386,199,190,956792,3929,39279,1823000
387,238,215,956554,3952,39494,1778900
388,219,200,956335,3971,39694,1737300
389,214,197,956121,3988,39891,1786500
390,213,190,955908,4011,40081,1871200
391,216,205,955692,4022,40286,1708600
392,230,216,955462,4036,40502,1828400
393,205,184,955257,4057,40686,2962500
394,222,209,955035,4070,40895,2053700
395,217,210,954818,4077,41105,3385500
396,231,224,954587,4084,41329,4421900
397,224,201,954363,4107,41530,2000100
398,216,235,954147,4088,41765,1940100
399,200,209,953947,4079,41974,1882800
400,205,216,953742,4068,42190,1928000
401,223,199,953519,4092,42389,1920500
402,204,198,953315,4098,42587,1965100
403,215,196,953100,4117,42783,1977400
404,207,213,952893,4111,42996,1884300
405,221,219,952672,4113,43215,1891500
406,187,193,952485,4107,43408,1763900
407,211,217,952274,4101,43625,1743300
408,216,216,952058,4101,43841,1711600
409,210,207,951848,4104,44048,1734500
410,186,196,951662,4094,44244,1828000
411,206,192,951456,4108,44436,1758300
412,212,198,951244,4122,44634,1693800
413,197,206,951047,4113,44840,1706700
414,240,194,950807,4159,45034,1695200
415,201,193,950606,4167,45227,1643900
416,225,202,950381,4190,45429,1678100
417,206,204,950175,4192,45633,1783100
418,192,199,949983,4185,45832,2028800
419,208,227,949775,4166,46059,1776300
420,217,212,949558,4171,46271,1734600
421,214,204,949344,4181,46475,1798700
422,211,207,949133,4185,46682,1799600
423,212,187,948921,4210,46869,1802200
424,225,226,948696,4209,47095,1963700
425,212,191,948484,4230,47286,1825300
426,235,197,948249,4268,47483,1684700
427,213,228,948036,4253,47711,1901100
428,226,215,947810,4264,47926,1798300
429,213,216,947597,4261,48142,1642300
430,207,200,947390,4268,48342,1734900
431,221,194,947169,4295,48536,1774800
432,207,205,946962,4297,48741,1780200
433,247,230,946715,4314,48971,2017300
434,243,230,946472,4327,49201,1673100
435,233,192,946239,4368,49393,1805700
436,222,214,946017,4376,49607,1781300
437,224,234,945793,4366,49841,1785600
438,230,197,945563,4399,50038,1982100
439,226,212,945337,4413,50250,1782900
440,226,207,945111,4432,50457,1672400
441,192,231,944919,4393,50688,1728600
442,224,256,944695,4361,50944,1787600
443,212,224,944483,4349,51168,1704000
444,220,224,944263,4345,51392,1763400
445,198,197,944065,4346,51589,1793300
446,194,206,943871,4334,51795,1798600
447,201,226,943670,4309,52021,1784600
448,218,210,943452,4317,52231,1701100
449,230,230,943222,4317,52461,1862900
450,212,210,943010,4319,52671,1853300
451,203,214,942807,4308,52885,1924200
452,233,193,942574,4348,53078,1766300
453,201,176,942373,4373,53254,1789000
454,209,211,942164,4371,53465,1753300
455,205,233,941959,4343,53698,1793400
456,238,236,941721,4345,53934,2039600
457,205,217,941516,4333,54151,1959300
458,200,224,941316,4309,54375,1767400
459,178,220,941138,4267,54595,1758700
460,197,195,940941,4269,54790,1710400
461,209,240,940732,4238,55030,1741500
462,207,218,940525,4227,55248,1805500
463,189,210,940336,4206,55458,1817100
464,199,217,940137,4188,55675,1913900
465,199,199,939938,4188,55874,1908700
466,211,193,939727,4206,56067,1809200
467,193,219,939534,4180,56286,1797000
468,230,200,939304,4210,56486,1656300
469,236,209,939068,4237,56695,1711700
470,208,200,938860,4245,56895,1664600
471,212,216,938648,4241,57111,1642200
472,234,189,938414,4286,57300,1874900
473,194,216,938220,4264,57516,1731700
474,221,231,937999,4254,57747,1780500
475,220,215,937779,4259,57962,1868900
476,243,189,937536,4313,58151,1820100
477,204,224,937332,4293,58375,1811200
478,206,209,937126,4290,58584,1824800
479,218,235,936908,4273,58819,1714500
480,207,214,936701,4266,59033,1776400
481,216,227,936485,4255,59260,1918100
482,214,200,936271,4269,59460,1728300
483,195,216,936076,4248,59676,1811200
484,210,194,935866,4264,59870,1919700
485,211,222,935655,4253,60092,2037900
486,189,206,935466,4236,60298,1849500
487,225,229,935241,4232,60527,1696700
488,219,221,935022,4230,60748,1963500
489,208,203,934814,4235,60951,1721000
490,224,221,934590,4238,61172,1844400
491,227,231,934363,4234,61403,1887500
492,232,215,934131,4251,61618,1912700
493,213,196,933918,4268,61814,1787600
494,196,204,933722,4260,62018,1771800
495,224,217,933498,4267,62235,1823600
496,204,217,933294,4254,62452,1865300
497,239,216,933055,4277,62668,1963400
498,216,206,932839,4287,62874,1762900
499,238,236,932601,4289,63110,1792200
500,194,232,932407,4251,63342,1771100
501,262,188,932145,4325,63530,1737900
502,246,240,931899,4331,63770,1893800
503,243,219,931656,4355,63989,1748700
504,286,203,931370,4438,64192,1694000
505,240,232,931130,4446,64424,1656800
506,258,233,930872,4471,64657,1956600
507,265,228,930607,4508,64885,1711000
508,257,205,930350,4560,65090,1727400
509,260,209,930090,4611,65299,1786100
510,283,217,929807,4677,65516,2088400
511,261,248,929546,4690,65764,1711900
512,268,220,929278,4738,65984,1864100
513,236,241,929042,4733,66225,1924700
514,266,238,928776,4761,66463,1754600
515,249,235,928527,4775,66698,1696600
516,236,215,928291,4796,66913,1854200
517,276,227,928015,4845,67140,1814500
518,237,241,927778,4841,67381,1874800
519,257,237,927521,4861,67618,1989500
520,251,221,927270,4891,67839,1931800
521,246,280,927024,4857,68119,1710900
522,276,246,926748,4887,68365,1699600
523,248,236,926500,4899,68601,1752500
524,251,237,926249,4913,68838,1768200
525,270,255,925979,4928,69093,1802600
526,247,216,925732,4959,69309,1844500
527,228,254,925504,4933,69563,1697000
528,255,252,925249,4936,69815,1862400
529,257,239,924992,4954,70054,1715600
530,271,244,924721,4981,70298,1803600
531,252,240,924469,4993,70538,1774400
532,239,252,924230,4980,70790,1728800
533,245,242,923985,4983,71032,1693500
534,236,262,923749,4957,71294,1727300
535,248,255,923501,4950,71549,1692500
536,275,276,923226,4949,71825,1680400
537,230,262,922996,4917,72087,1777700
538,249,266,922747,4900,72353,1852100
539,258,240,922489,4918,72593,1768900
540,234,269,922255,4883,72862,1812300
541,253,259,922002,4877,73121,1982200
542,247,235,921755,4889,73356,1851600
543,255,254,921500,4890,73610,1811100
544,240,251,921260,4879,73861,1700500
545,245,235,921015,4889,74096,1792100
546,259,263,920756,4885,74359,1790500
547,262,242,920494,4905,74601,1746400
548,224,263,920270,4866,74864,1876600
549,253,226,920017,4893,75090,1701600
550,239,236,919778,4896,75326,1762600
551,251,243,919527,4904,75569,1714800
552,263,242,919264,4925,75811,1684300
553,248,227,919016,4946,76038,1694100
554,269,264,918747,4951,76302,1810600
555,248,251,918499,4948,76553,1823600
556,247,223,918252,4972,76776,1677700
557,260,251,917992,4981,77027,1783800
558,279,242,917713,5018,77269,1779900
559,246,235,917467,5029,77504,1875000
560,249,250,917218,5028,77754,1827400
561,276,227,916942,5077,77981,1784400
562,231,242,916711,5066,78223,3465900
563,271,259,916440,5078,78482,2252200
564,256,266,916184,5068,78748,2317200
565,265,264,915919,5069,79012,5949200
566,265,258,915654,5076,79270,2245400
567,248,278,915406,5046,79548,1982300
568,274,270,915132,5050,79818,2012200
569,250,257,914882,5043,80075,1977200
570,257,232,914625,5068,80307,1936600
571,249,266,914376,5051,80573,1955600
572,245,268,914131,5028,80841,1890200
573,251,231,913880,5048,81072,1923500
574,284,250,913596,5082,81322,1960700
575,264,266,913332,5080,81588,1889700
576,230,264,913102,5046,81852,1897000
577,249,233,912853,5062,82085,1799800
578,252,240,912601,5074,82325,1813600
579,243,239,912358,5078,82564,1904900
580,259,243,912099,5094,82807,2096000
581,288,269,911811,5113,83076,2042600
582,256,247,911555,5122,83323,1817500
583,239,245,911316,5116,83568,1795000
584,257,264,911059,5109,83832,1823500
585,218,268,910841,5059,84100,1821300
586,277,260,910564,5076,84360,1868400
587,291,260,910273,5107,84620,1824400
588,249,268,910024,5088,84888,1739400
589,242,265,909782,5065,85153,1822200
590,260,262,909522,5063,85415,1815100
591,256,241,909266,5078,85656,1803100
592,256,235,909010,5099,85891,1797100
593,259,271,908751,5087,86162,1832900
594,247,262,908504,5072,86424,1732000
595,282,245,908222,5109,86669,1775400
596,251,231,907971,5129,86900,1712200
597,264,241,907707,5152,87141,1676300
598,253,256,907454,5149,87397,1918900
599,264,279,907190,5134,87676,1691000
600,266,299,906924,5101,87975,1745500
601,282,217,906642,5166,88192,1691500
602,276,273,906366,5169,88465,1861900
603,268,274,906098,5163,88739,1813700
604,286,272,905812,5177,89011,2208300
605,303,265,905509,5215,89276,1806600
606,302,273,905207,5244,89549,1650300
607,292,260,904915,5276,89809,2216800
608,286,273,904629,5289,90082,3361800
609,313,254,904316,5348,90336,2380900
610,294,257,904022,5385,90593,2751000
611,302,244,903720,5443,90837,5907900
612,300,291,903420,5452,91128,2152900
613,264,278,903156,5438,91406,2173600
614,281,249,902875,5470,91655,2015800
615,281,262,902594,5489,91917,1974800
616,288,278,902306,5499,92195,1887400
617,288,254,902018,5533,92449,2016300
618,308,256,901710,5585,92705,1846100
619,302,280,901408,5607,92985,1873900
620,260,329,901148,5538,93314,1854300
621,313,270,900835,5581,93584,1736400
622,290,262,900545,5609,93846,1696600
623,271,263,900274,5617,94109,1704300
624,270,263,900004,5624,94372,1678700
625,287,298,899717,5613,94670,1806300
626,266,256,899451,5623,94926,1793000
627,297,269,899154,5651,95195,1804200
628,297,258,898857,5690,95453,1848000
629,292,316,898565,5666,95769,1693000
630,332,273,898233,5725,96042,1796000
631,284,271,897949,5738,96313,1742900
632,309,283,897640,5764,96596,1675500
633,307,290,897333,5781,96886,1674100
634,305,299,897028,5787,97185,1786300
635,301,296,896727,5792,97481,1794400
636,293,291,896434,5794,97772,1792700
637,289,316,896145,5767,98088,2031900
638,320,311,895825,5776,98399,1733000
639,301,274,895524,5803,98673,1852900
640,290,308,895234,5785,98981,1704400
641,299,272,894935,5812,99253,1946000
642,298,291,894637,5819,99544,1808400
643,281,302,894356,5798,99846,1806800
644,277,286,894079,5789,100132,1724200
645,290,274,893789,5805,100406,1855500
646,312,287,893477,5830,100693,1696900
647,269,291,893208,5808,100984,1642400
648,319,266,892889,5861,101250,1693700
649,298,286,892591,5873,101536,1819900
650,284,302,892307,5855,101838,1811300
651,273,280,892034,5848,102118,1805500
652,312,277,891722,5883,102395,1804400
653,261,297,891461,5847,102692,1786100
654,296,291,891165,5852,102983,1700500
655,304,303,890861,5853,103286,1934900
656,282,312,890579,5823,103598,1771800
657,295,280,890284,5838,103878,1706300
658,284,296,890000,5826,104174,1764900
659,278,304,889722,5800,104478,1818300
660,278,294,889444,5784,104772,1809400
661,269,267,889175,5786,105039,1904900
662,302,280,888873,5808,105319,1816600
663,314,291,888559,5831,105610,1774100
664,301,282,888258,5850,105892,1798600
665,306,310,887952,5846,106202,1793800
666,260,266,887692,5840,106468,1786000
667,282,309,887410,5813,106777,1765600
668,295,335,887115,5773,107112,1684200
669,315,278,886800,5810,107390,1745000
670,294,305,886506,5799,107695,1810500
671,324,306,886182,5817,108001,1804600
672,298,283,885884,5832,108284,1831100
673,279,305,885605,5806,108589,1814400
674,310,288,885295,5828,108877,1695400
675,321,305,884974,5844,109182,1761400
676,273,329,884701,5788,109511,1731800
677,302,284,884399,5806,109795,1647000
678,302,306,884097,5802,110101,1796800
679,299,295,883798,5806,110396,1726000
680,296,289,883502,5813,110685,1800300
681,313,285,883189,5841,110970,1779200
682,317,290,882872,5868,111260,1806800
683,299,307,882573,5860,111567,1791900
684,257,288,882316,5829,111855,1742000
685,343,294,881973,5878,112149,1671100
686,315,275,881658,5918,112424,1727000
687,288,287,881370,5919,112711,1653600
688,303,315,881067,5907,113026,1821700
689,298,323,880769,5882,113349,1790900
690,321,310,880448,5893,113659,1937300
691,283,285,880165,5891,113944,1780600
692,316,278,879849,5929,114222,1733100
693,295,313,879554,5911,114535,1679100
694,285,294,879269,5902,114829,1717000
695,339,327,878930,5914,115156,1718400
696,323,298,878607,5939,115454,1832400
697,291,303,878316,5927,115757,1796300
698,306,317,878010,5916,116074,1809600
699,316,323,877694,5909,116397,1785200
700,307,295,877387,5921,116692,1748100
701,277,298,877110,5900,116990,1686500
702,348,274,876762,5974,117264,1721100
703,311,250,876451,6035,117514,1913800
704,326,325,876125,6036,117839,1708700
705,272,325,875853,5983,118164,1721900
706,287,262,875566,6008,118426,1796700
707,329,298,875237,6039,118724,1693600
708,298,300,874939,6037,119024,1679500
709,326,304,874613,6059,119328,1711300
710,301,286,874312,6074,119614,1793800
711,312,324,874000,6062,119938,2009200
712,306,283,873694,6085,120221,1856000
713,313,301,873381,6097,120522,2016800
714,278,291,873103,6084,120813,1849600
715,301,314,872802,6071,121127,1836400
716,335,320,872467,6086,121447,2050500
717,355,311,872112,6130,121758,2104200
718,310,305,871802,6135,122063,1798400
719,299,285,871503,6149,122348,1720300
720,301,306,871202,6144,122654,1708100
721,310,308,870892,6146,122962,1783200
722,291,317,870601,6120,123279,1798700
723,295,307,870306,6108,123586,1736800
724,296,303,870010,6101,123889,1690000
725,309,286,869701,6124,124175,1863200
726,320,280,869381,6164,124455,1746500
727,333,310,869048,6187,124765,1801700
728,332,305,868716,6214,125070,1835900
729,355,289,868361,6280,125359,1828100
730,322,316,868039,6286,125675,1957300
731,299,304,867740,6281,125979,1885400
732,322,310,867418,6293,126289,1776200
733,348,321,867070,6320,126610,1861700
734,302,322,866768,6300,126932,1868900
735,342,309,866426,6333,127241,1763600
736,327,317,866099,6343,127558,1858200
737,334,293,865765,6384,127851,2024000
738,336,309,865429,6411,128160,2280800
739,314,307,865115,6418,128467,1826700
740,336,363,864779,6391,128830,2044900
741,306,330,864473,6367,129160,1912500
742,315,317,864158,6365,129477,1864800
743,319,312,863839,6372,129789,1843900
744,306,306,863533,6372,130095,1904200
745,307,262,863226,6417,130357,1860500
746,315,322,862911,6410,130679,1771600
747,355,315,862556,6450,130994,1858600
748,316,291,862240,6475,131285,1887800
749,310,308,861930,6477,131593,1851100
750,312,326,861618,6463,131919,2108500
751,328,353,861290,6438,132272,1820900
752,321,338,860969,6421,132610,1853900
753,293,325,860676,6389,132935,1801800
754,277,313,860399,6353,133248,1786200
755,339,336,860060,6356,133584,1736300
756,323,324,859737,6355,133908,1739800
757,321,326,859416,6350,134234,1756500
758,318,325,859098,6343,134559,1799800
759,318,298,858780,6363,134857,1900400
760,304,304,858476,6363,135161,1923000
761,298,328,858178,6333,135489,1865200
762,310,325,857868,6318,135814,1920800
763,308,307,857560,6319,136121,1857500
764,320,308,857240,6331,136429,1820400
765,323,311,856917,6343,136740,1840200
766,301,332,856616,6312,137072,1892200
767,294,294,856322,6312,137366,2136700
768,331,339,855991,6304,137705,1815600
769,315,341,855676,6278,138046,1845000
770,295,325,855381,6248,138371,1876800
771,337,282,855044,6303,138653,1878500
772,283,318,854761,6268,138971,1768800
773,318,323,854443,6263,139294,1765400
774,321,341,854122,6243,139635,1765700
775,282,325,853840,6200,139960,1716700
776,304,299,853536,6205,140259,1718300
777,306,306,853230,6205,140565,1821800
778,309,290,852921,6224,140855,1798000
779,323,315,852598,6232,141170,1812800
780,312,316,852286,6228,141486,2104100
781,348,328,851938,6248,141814,2117500
782,344,352,851594,6240,142166,1943600
783,314,311,851280,6243,142477,1874900
784,310,310,850970,6243,142787,1818700
785,316,314,850654,6245,143101,1817500
786,319,318,850335,6246,143419,1889900
787,312,309,850023,6249,143728,1817000
788,319,298,849704,6270,144026,1822400
789,306,308,849398,6268,144334,1747000
790,332,329,849066,6271,144663,1660200
791,325,323,848741,6273,144986,1808300
792,333,300,848408,6306,145286,1778000
793,302,338,848106,6270,145624,1801100
794,362,297,847744,6335,145921,2140700
795,317,344,847427,6308,146265,1842500
796,283,327,847144,6264,146592,1715800
797,320,310,846824,6274,146902,1794300
798,324,301,846500,6297,147203,1741700
799,320,325,846180,6292,147528,1962400
800,308,319,845872,6281,147847,1756100
801,287,338,845585,6230,148185,1715100
802,357,310,845228,6277,148495,1776600
803,319,327,844909,6269,148822,1970400
804,349,317,844560,6301,149139,1829400
805,328,288,844232,6341,149427,1896400
806,309,304,843923,6346,149731,1794600
807,329,302,843594,6373,150033,1864400
808,339,310,843255,6402,150343,2095400
809,340,338,842915,6404,150681,1793400
810,315,310,842600,6409,150991,2160200
811,320,340,842280,6389,151331,1984700
812,358,348,841922,6399,151679,1796000
813,343,307,841579,6435,151986,1861500
814,326,336,841253,6425,152322,1930500
815,327,323,840926,6429,152645,1789800
816,334,331,840592,6432,152976,1831100
817,319,312,840273,6439,153288,1823900
818,302,334,839971,6407,153622,1831400
819,324,325,839647,6406,153947,1774200
820,294,315,839353,6385,154262,1743100
821,330,313,839023,6402,154575,2047100
822,320,344,838703,6378,154919,1836300
823,342,321,838361,6399,155240,2003400
824,295,341,838066,6353,155581,1755400
825,345,336,837721,6362,155917,1834900
826,306,304,837415,6364,156221,1815900
827,325,301,837090,6388,156522,1744700
828,300,323,836790,6365,156845,1770800
829,318,312,836472,6371,157157,1749300
830,315,302,836157,6384,157459,1807400
831,329,317,835828,6396,157776,1804300
832,314,319,835514,6391,158095,1829700
833,321,312,835193,6400,158407,1852700
834,309,313,834884,6396,158720,1780100
835,326,341,834558,6381,159061,1656500
836,313,307,834245,6387,159368,1684300
837,329,305,833916,6411,159673,1775800
838,314,316,833602,6409,159989,1765200
839,309,312,833293,6406,160301,1806100
840,335,316,832958,6425,160617,1825400
841,325,329,832633,6421,160946,1698900
842,307,316,832326,6412,161262,1672400
843,331,335,831995,6408,161597,1812000
844,310,320,831685,6398,161917,1812500
845,358,314,831327,6442,162231,1694700
846,343,320,830984,6465,162551,1675700
847,327,326,830657,6466,162877,1684900
848,330,330,830327,6466,163207,2135200
849,323,321,830004,6468,163528,1856100
850,338,326,829666,6480,163854,2165500
851,316,321,829350,6475,164175,1823900
852,357,306,828993,6526,164481,2087000
853,335,327,828658,6534,164808,1824700
854,353,317,828305,6570,165125,1837600
855,357,320,827948,6607,165445,2171400
856,341,332,827607,6616,165777,1851800
857,329,334,827278,6611,166111,1809900
858,363,335,826915,6639,166446,1829800
859,347,342,826568,6644,166788,1822400
860,360,292,826208,6712,167080,1792000
861,344,359,825864,6697,167439,1686500
862,369,346,825495,6720,167785,1669700
863,390,327,825105,6783,168112,1694500
864,352,369,824753,6766,168481,1833200
865,335,349,824418,6752,168830,1725000
866,362,347,824056,6767,169177,1682500
867,357,317,823699,6807,169494,1702300
868,318,356,823381,6769,169850,1820900
869,372,314,823009,6827,170164,1837900
870,355,309,822654,6873,170473,1813900
871,357,335,822297,6895,170808,1769100
872,387,341,821910,6941,171149,1807700
873,333,339,821577,6935,171488,1823000
874,356,404,821221,6887,171892,1671800
875,331,367,820890,6851,172259,2046900
876,369,342,820521,6878,172601,1817700
877,391,340,820130,6929,172941,1791000
878,348,359,819782,6918,173300,1896000
879,352,377,819430,6893,173677,1733000
880,369,385,819061,6877,174062,1692800
881,348,329,818713,6896,174391,1779500
882,359,364,818354,6891,174755,2092700
883,360,332,817994,6919,175087,1835100
884,359,349,817635,6929,175436,1683800
885,342,365,817293,6906,175801,1769900
886,339,379,816954,6866,176180,2082700
887,370,337,816584,6899,176517,1912700
888,327,358,816257,6868,176875,1735500
889,346,342,815911,6872,177217,1740800
890,356,345,815555,6883,177562,1665100
891,343,365,815212,6861,177927,1816200
892,333,326,814879,6868,178253,1810000
893,348,354,814531,6862,178607,1960000
894,338,371,814193,6829,178978,1775900
895,336,327,813857,6838,179305,1698900
896,360,320,813497,6878,179625,1718500
897,361,315,813136,6924,179940,1827700
898,355,365,812781,6914,180305,1827200
899,362,353,812419,6923,180658,1796900
900,363,326,812056,6960,180984,1704600
901,402,401,811654,6961,181385,1694100
902,389,362,811265,6988,181747,1833400
903,363,385,810902,6966,182132,1807900
904,377,356,810525,6987,182488,1741400
905,359,352,810166,6994,182840,1665500
906,352,323,809814,7023,183163,1699400
907,379,366,809435,7036,183529,1827900
908,336,345,809099,7027,183874,1805100
909,380,319,808719,7088,184193,1729400
910,362,362,808357,7088,184555,1697500
911,345,358,808012,7075,184913,1697700
912,386,338,807626,7123,185251,1803700
913,401,355,807225,7169,185606,1747900
914,361,352,806864,7178,185958,1721000
915,362,379,806502,7161,186337,1742700
916,341,363,806161,7139,186700,1844900
917,361,339,805800,7161,187039,1827200
918,353,358,805447,7156,187397,1768500
919,359,395,805088,7120,187792,1682900
920,342,347,804746,7115,188139,1638300
921,355,389,804391,7081,188528,1784500
922,369,329,804022,7121,188857,1786900
923,363,384,803659,7100,189241,1696500
924,373,382,803286,7091,189623,1932900
925,355,356,802931,7090,189979,1770300
926,363,328,802568,7125,190307,1840000
927,349,361,802219,7113,190668,1727800
928,345,380,801874,7078,191048,1714600
929,348,351,801526,7075,191399,1831200
930,376,367,801150,7084,191766,1737700
931,383,329,800767,7138,192095,1861100
932,379,376,800388,7141,192471,1848800
933,355,367,800033,7129,192838,1912800
934,398,390,799635,7137,193228,1840600
935,382,328,799253,7191,193556,1801900
936,353,352,798900,7192,193908,1988400
937,361,348,798539,7205,194256,1916200
938,355,335,798184,7225,194591,1808800
939,373,371,797811,7227,194962,1849900
940,337,325,797474,7239,195287,1847300
941,355,362,797119,7232,195649,1876900
942,352,328,796767,7256,195977,1865200
943,367,375,796400,7248,196352,1790700
944,365,369,796035,7244,196721,1751500
945,367,351,795668,7260,197072,1673600
946,358,391,795310,7227,197463,1818200
947,385,322,794925,7290,197785,1786200
948,383,395,794542,7278,198180,1688000
949,388,405,794154,7261,198585,1681400
950,351,372,793803,7240,198957,1840600
951,386,378,793417,7248,199335,1759700
952,361,374,793056,7235,199709,1687700
953,350,380,792706,7205,200089,1706000
954,372,354,792334,7223,200443,1899500
955,370,364,791964,7229,200807,2093200
956,365,363,791599,7231,201170,1813700
957,353,346,791246,7238,201516,1752700
958,380,376,790866,7242,201892,1772600
959,362,387,790504,7217,202279,2085800
960,385,319,790119,7283,202598,2108400
961,383,351,789736,7315,202949,2047400
962,375,371,789361,7319,203320,2013500
963,372,346,788989,7345,203666,1842700
964,344,377,788645,7312,204043,1791000
965,390,354,788255,7348,204397,1785100
966,371,385,787884,7334,204782,1952600
967,382,363,787502,7353,205145,1853800
968,374,370,787128,7357,205515,1854300
969,407,362,786721,7402,205877,1813700
970,400,380,786321,7422,206257,1726100
971,364,362,785957,7424,206619,1769400
972,406,368,785551,7462,206987,1863900
973,365,383,785186,7444,207370,1873100
974,402,379,784784,7467,207749,1893700
975,391,361,784393,7497,208110,2073300
976,375,384,784018,7488,208494,2020800
977,383,389,783635,7482,208883,1849800
978,418,364,783217,7536,209247,1741300
979,392,391,782825,7537,209638,1725700
980,387,412,782438,7512,210050,1756900
981,365,375,782073,7502,210425,1793400
982,383,385,781690,7500,210810,1738600
983,380,365,781310,7515,211175,1679500
984,435,407,780875,7543,211582,1709100
985,424,396,780451,7571,211978,1815500
986,378,395,780073,7554,212373,1683500
987,381,375,779692,7560,212748,1748600
988,417,378,779275,7599,213126,1840600
989,417,401,778858,7615,213527,1834600
990,422,383,778436,7654,213910,1880800
991,410,379,778026,7685,214289,1727300
992,426,379,777600,7732,214668,1945700
993,402,375,777198,7759,215043,1802600
994,395,400,776803,7754,215443,1986300
995,414,399,776389,7769,215842,1826500
996,419,404,775970,7784,216246,2170200
997,414,383,775556,7815,216629,1944000
998,414,382,775142,7847,217011,1855500
999,385,378,774757,7854,217389,1796800
1000,379,412,774378,7821,217801,2112600
1001,416,379,773962,7858,218180,1843400
1002,405,400,773557,7863,218580,1919200
1003,433,423,773124,7873,219003,2340500
1004,372,364,772752,7881,219367,1829100
1005,389,379,772363,7891,219746,1795400
1006,393,393,771970,7891,220139,1929500
1007,396,428,771574,7859,220567,1713500
1008,361,369,771213,7851,220936,1951900
1009,380,400,770833,7831,221336,1790500
1010,398,385,770435,7844,221721,1848700
1011,413,366,770022,7891,222087,1851500
1012,403,394,769619,7900,222481,1760900
1013,387,430,769232,7857,222911,1654900
1014,386,381,768846,7862,223292,1782400
1015,378,425,768468,7815,223717,1761000
1016,403,379,768065,7839,224096,1724400
1017,338,369,767727,7808,224465,1753300
1018,385,404,767342,7789,224869,1701300
1019,382,407,766960,7764,225276,1828400
1020,367,404,766593,7727,225680,1922100
1021,356,410,766237,7673,226090,1744200
1022,372,335,765865,7710,226425,1759200
1023,407,430,765458,7687,226855,1724400
1024,388,366,765070,7709,227221,1792100
1025,356,403,764714,7662,227624,1706300
1026,365,356,764349,7671,227980,1997200
1027,385,410,763964,7646,228390,1744700
1028,376,345,763588,7677,228735,1768000
1029,378,386,763210,7669,229121,1908400
1030,385,377,762825,7677,229498,1781400
1031,410,380,762415,7707,229878,1788100
1032,360,393,762055,7674,230271,1832500
1033,386,370,761669,7690,230641,1894800
1034,381,372,761288,7699,231013,1802000
1035,391,394,760897,7696,231407,1821400
1036,354,368,760543,7682,231775,1834600
1037,371,372,760172,7681,232147,1760600
1038,353,377,759819,7657,232524,1731200
1039,357,427,759462,7587,232951,1712300
1040,377,369,759085,7595,233320,1781000
1041,361,369,758724,7587,233689,1735000
1042,365,371,758359,7581,234060,1750500
1043,385,403,757974,7563,234463,1760700
1044,369,373,757605,7559,234836,1859700
1045,362,372,757243,7549,235208,1817400
1046,374,382,756869,7541,235590,1850100
1047,380,365,756489,7556,235955,1891600
1048,350,381,756139,7525,236336,1773800
1049,336,374,755803,7487,236710,1778800
1050,385,395,755418,7477,237105,1827600
1051,386,378,755032,7485,237483,1943500
1052,374,356,754658,7503,237839,1813200
1053,389,388,754269,7504,238227,1794700
1054,385,385,753884,7504,238612,1713800
1055,371,368,753513,7507,238980,1712400
1056,355,372,753158,7490,239352,1766600
1057,353,389,752805,7454,239741,1735400
1058,351,378,752454,7427,240119,1753900
1059,369,372,752085,7424,240491,1735800
1060,384,398,751701,7410,240889,1798600
1061,362,362,751339,7410,241251,2010900
1062,372,361,750967,7421,241612,1874400
1063,374,387,750593,7408,241999,1768800
1064,359,378,750234,7389,242377,1769800
1065,368,415,749866,7342,242792,1740800
1066,339,341,749527,7340,243133,1717500
1067,338,327,749189,7351,243460,2045400
1068,364,394,748825,7321,243854,1854700
1069,369,376,748456,7314,244230,2380200
1070,361,382,748095,7293,244612,2038700
1071,365,369,747730,7289,244981,1832300
1072,361,390,747369,7260,245371,1746300
1073,365,401,747004,7224,245772,1761500
1074,357,368,746647,7213,246140,1723700
1075,393,359,746254,7247,246499,1799300
1076,353,363,745901,7237,246862,1777500
1077,353,367,745548,7223,247229,1887500
1078,405,343,745143,7285,247572,2038600
1079,369,369,744774,7285,247941,1795600
1080,359,358,744415,7286,248299,1765300
1081,385,357,744030,7314,248656,1806500
1082,380,366,743650,7328,249022,1717100
1083,383,374,743267,7337,249396,1995900
1084,380,358,742887,7359,249754,1827700
1085,367,419,742520,7307,250173,1822400
1086,436,363,742084,7380,250536,1914700
1087,383,372,741701,7391,250908,1740600
1088,397,354,741304,7434,251262,1967400
1089,408,387,740896,7455,251649,1830700
1090,387,371,740509,7471,252020,1776700
1091,364,376,740145,7459,252396,1845600
1092,377,355,739768,7481,252751,1741800
1093,371,383,739397,7469,253134,1788100
1094,384,366,739013,7487,253500,1749700
1095,376,407,738637,7456,253907,1844800
1096,383,378,738254,7461,254285,1739200
1097,354,335,737900,7480,254620,1779800
1098,381,395,737519,7466,255015,1755400
1099,378,417,737141,7427,255432,1740600
1100,379,410,736762,7396,255842,1906800
1101,404,353,736358,7447,256195,1909800
1102,372,418,735986,7401,256613,1858400
1103,398,350,735588,7449,256963,1764500
1104,371,369,735217,7451,257332,1830000
1105,386,373,734831,7464,257705,2147600
1106,371,374,734460,7461,258079,1796400
1107,390,374,734070,7477,258453,1741600
1108,374,418,733696,7433,258871,1814000
1109,379,359,733317,7453,259230,1745900
1110,364,376,732953,7441,259606,2491400
1111,340,375,732613,7406,259981,1846700
1112,349,380,732264,7375,260361,1765600
1113,341,357,731923,7359,260718,1786000
1114,380,367,731543,7372,261085,2027500
1115,362,415,731181,7319,261500,1837500
1116,361,357,730820,7323,261857,1695000
1117,359,354,730461,7328,262211,1695600
1118,371,363,730090,7336,262574,1719900
1119,364,360,729726,7340,262934,2253900
1120,321,344,729405,7317,263278,1954700
1121,360,380,729045,7297,263658,1826100
1122,355,359,728690,7293,264017,1787900
1123,340,340,728350,7293,264357,1756200
1124,359,390,727991,7262,264747,1913700
1125,351,357,727640,7256,265104,1697100
1126,368,375,727272,7249,265479,1707400
1127,355,329,726917,7275,265808,1814800
1128,395,331,726522,7339,266139,1694900
1129,378,369,726144,7348,266508,1680700
1130,364,375,725780,7337,266883,1830100
1131,389,338,725391,7388,267221,1812300
1132,353,365,725038,7376,267586,1765700
1133,369,394,724669,7351,267980,1901300
1134,375,388,724294,7338,268368,1922500
1135,368,364,723926,7342,268732,1810200
1136,376,342,723550,7376,269074,1868700
1137,375,409,723175,7342,269483,1769700
1138,389,328,722786,7403,269811,1896300
1139,334,364,722452,7373,270175,1710800
1140,378,397,722074,7354,270572,1754500
1141,361,342,721713,7373,270914,1798700
1142,364,378,721349,7359,271292,1834300
1143,389,334,720960,7414,271626,1802400
1144,366,366,720594,7414,271992,1988900
1145,352,381,720242,7385,272373,1845000
1146,381,388,719861,7378,272761,1943400
1147,360,376,719501,7362,273137,1738000
1148,400,382,719101,7380,273519,1860600
1149,395,366,718706,7409,273885,1756900
1150,362,376,718344,7395,274261,1766400
1151,390,368,717954,7417,274629,1712500
1152,419,375,717535,7461,275004,1711600
1153,366,367,717169,7460,275371,1737300
1154,337,344,716832,7453,275715,1824400
1155,378,416,716454,7415,276131,1748100
1156,390,361,716064,7444,276492,1711100
1157,325,375,715739,7394,276867,1834800
1158,366,379,715373,7381,277246,1729400
1159,363,377,715010,7367,277623,1814200
1160,385,359,714625,7393,277982,1703200
1161,370,403,714255,7360,278385,1847700
1162,371,380,713884,7351,278765,1793100
1163,394,360,713490,7385,279125,1833700
1164,384,350,713106,7419,279475,1769100
1165,370,375,712736,7414,279850,1836300
1166,415,377,712321,7452,280227,1836600
1167,384,376,711937,7460,280603,1770700
1168,352,360,711585,7452,280963,1749300
1169,410,348,711175,7514,281311,1736100
1170,386,404,710789,7496,281715,1822300
1171,408,384,710381,7520,282099,1906600
1172,363,394,710018,7489,282493,1797400
1173,413,387,709605,7515,282880,1784300
1174,367,362,709238,7520,283242,1763900
1175,370,393,708868,7497,283635,1805100
1176,402,348,708466,7551,283983,2038000
1177,399,328,708067,7622,284311,1873100
1178,363,380,707704,7605,284691,1854000
1179,370,394,707334,7581,285085,1879400
1180,356,399,706978,7538,285484,1879600
1181,388,346,706590,7580,285830,1840000
1182,376,383,706214,7573,286213,1829900
1183,373,385,705841,7561,286598,2039700
1184,385,369,705456,7577,286967,1804000
1185,390,352,705066,7615,287319,1770300
1186,387,377,704679,7625,287696,1786800
1187,379,409,704300,7595,288105,1797200
1188,400,395,703900,7600,288500,1761900
1189,393,368,703507,7625,288868,1796100
1190,400,382,703107,7643,289250,1829400
1191,389,396,702718,7636,289646,1792000
1192,394,373,702324,7657,290019,1806800
1193,419,414,701905,7662,290433,1863800
1194,390,370,701515,7682,290803,1908700
1195,367,351,701148,7698,291154,2031100
1196,411,368,700737,7741,291522,1802600
1197,425,414,700312,7752,291936,1799300
1198,411,396,699901,7767,292332,1827000
1199,391,390,699510,7768,292722,1775500
1200,412,421,699098,7759,293143,1773100
1201,395,378,698703,7776,293521,1970100
1202,401,434,698302,7743,293955,1764800
1203,427,362,697875,7808,294317,1938900
1204,396,358,697479,7846,294675,1825200
1205,406,370,697073,7882,295045,1812700
1206,393,425,696680,7850,295470,1756900
1207,413,365,696267,7898,295835,1760800
1208,411,379,695856,7930,296214,1956500
1209,401,418,695455,7913,296632,1774700
1210,391,382,695064,7922,297014,1827300
1211,396,380,694668,7938,297394,1741000
1212,402,391,694266,7949,297785,1793500
1213,387,448,693879,7888,298233,1851100
1214,390,408,693489,7870,298641,1796300
1215,405,378,693084,7897,299019,1974800
1216,380,411,692704,7866,299430,1804800
1217,378,396,692326,7848,299826,1814400
1218,340,400,691986,7788,300226,1724500
1219,353,416,691633,7725,300642,1760700
1220,373,379,691260,7719,301021,1773700
1221,416,384,690844,7751,301405,1793500
1222,384,411,690460,7724,301816,1769700
1223,368,408,690092,7684,302224,1698000
1224,386,350,689706,7720,302574,1719700
1225,393,370,689313,7743,302944,1925800
1226,395,385,688918,7753,303329,1755300
1227,404,367,688514,7790,303696,1676600
1228,384,419,688130,7755,304115,1953300
1229,395,383,687735,7767,304498,1708600
1230,381,361,687354,7787,304859,1869100
1231,406,366,686948,7827,305225,1760000
1232,402,411,686546,7818,305636,1706400
1233,392,422,686154,7788,306058,1730400
1234,386,395,685768,7779,306453,1818400
1235,356,394,685412,7741,306847,1816800
1236,375,400,685037,7716,307247,1822300
1237,366,395,684671,7687,307642,1731400
1238,361,405,684310,7643,308047,1691900
1239,401,363,683909,7681,308410,1854000
1240,379,374,683530,7686,308784,1828000
1241,361,365,683169,7682,309149,1699500
1242,378,386,682791,7674,309535,1705700
1243,383,384,682408,7673,309919,1819000
1244,377,392,682031,7658,310311,1821700
1245,390,395,681641,7653,310706,1748300
1246,368,395,681273,7626,311101,1700100
1247,365,389,680908,7602,311490,1842200
1248,345,383,680563,7564,311873,1752100
1249,381,414,680182,7531,312287,1789200
1250,387,358,679795,7560,312645,1919400
1251,368,411,679427,7517,313056,1727000
1252,344,351,679083,7510,313407,1921500
1253,346,387,678737,7469,313794,1837600
1254,394,342,678343,7521,314136,1865100
1255,352,355,677991,7518,314491,1760500
1256,367,343,677624,7542,314834,1701600
1257,345,366,677279,7521,315200,1712400
1258,345,363,676934,7503,315563,1817900
1259,378,378,676556,7503,315941,1782800
1260,369,391,676187,7481,316332,1721300
1261,372,413,675815,7440,316745,1700700
1262,332,400,675483,7372,317145,1701900
1263,368,339,675115,7401,317484,1765200
1264,374,366,674741,7409,317850,1774100
1265,357,356,674384,7410,318206,1717600
1266,377,393,674007,7394,318599,1844300
1267,356,327,673651,7423,318926,1823700
1268,363,361,673288,7425,319287,1753500
1269,426,371,672862,7480,319658,1700400
1270,372,377,672490,7475,320035,1705700
1271,348,347,672142,7476,320382,1812300
1272,373,395,671769,7454,320777,1672800
1273,349,387,671420,7416,321164,1956100
1274,345,372,671075,7389,321536,1766200
1275,368,335,670707,7422,321871,1859100
1276,353,396,670354,7379,322267,1796900
1277,367,354,669987,7392,322621,1780400
1278,358,378,669629,7372,322999,1694100
1279,373,404,669256,7341,323403,1679500
1280,370,356,668886,7355,323759,1819600
1281,384,342,668502,7397,324101,2113900
1282,376,384,668126,7389,324485,1723300
1283,386,365,667740,7410,324850,1709500
1284,384,359,667356,7435,325209,1724100
1285,371,373,666985,7433,325582,1814600
1286,375,365,666610,7443,325947,1834400
1287,379,360,666231,7462,326307,1919200
1288,394,375,665837,7481,326682,1734300
1289,366,372,665471,7475,327054,1754800
1290,383,404,665088,7454,327458,1902200
1291,379,370,664709,7463,327828,1832900
1292,397,362,664312,7498,328190,1831900
1293,369,384,663943,7483,328574,1743300
1294,364,368,663579,7479,328942,1704700
1295,364,367,663215,7476,329309,1788200
1296,377,399,662838,7454,329708,1831500
1297,383,347,662455,7490,330055,1807900
1298,379,361,662076,7508,330416,1703000
1299,364,364,661712,7508,330780,1788500
1300,356,334,661356,7530,331114,1722300
1301,333,347,661023,7516,331461,1803400
1302,359,367,660664,7508,331828,1649400
1303,384,385,660280,7507,332213,1711400
1304,381,368,659899,7520,332581,1786800
1305,371,406,659528,7485,332987,1744600
1306,387,352,659141,7520,333339,1718300
1307,394,359,658747,7555,333698,1742000
1308,359,344,658388,7570,334042,1886300
1309,333,378,658055,7525,334420,1800200
1310,349,374,657706,7500,334794,1722700
1311,363,360,657343,7503,335154,1704300
1312,357,383,656986,7477,335537,1650200
1313,389,340,656597,7526,335877,1797200
1314,342,413,656255,7455,336290,1696600
1315,361,352,655894,7464,336642,1692900
1316,394,370,655500,7488,337012,1826900
1317,371,412,655129,7447,337424,2006400
1318,355,345,654774,7457,337769,1801000
1319,356,391,654418,7422,338160,1704600
1320,372,366,654046,7428,338526,1713400
1321,348,375,653698,7401,338901,1707600
1322,373,373,653325,7401,339274,1788300
1323,354,335,652971,7420,339609,1696900
1324,373,372,652598,7421,339981,1715600
1325,379,362,652219,7438,340343,2234400
1326,360,379,651859,7419,340722,1852600
1327,346,410,651513,7355,341132,1824100
1328,386,371,651127,7370,341503,1853300
1329,362,340,650765,7392,341843,1788200
1330,390,376,650375,7406,342219,1904700
1331,403,350,649972,7459,342569,2092600
1332,359,412,649613,7406,342981,1716500
1333,386,365,649227,7427,343346,1694700
1334,391,331,648836,7487,343677,1894600
1335,389,368,648447,7508,344045,1811800
1336,363,359,648084,7512,344404,1710500
1337,354,380,647730,7486,344784,1710400
1338,392,379,647338,7499,345163,1696900
1339,381,375,646957,7505,345538,1769700
1340,364,337,646593,7532,345875,1709500
1341,368,392,646225,7508,346267,1699700
1342,362,418,645863,7452,346685,1879300
1343,367,374,645496,7445,347059,1728900
1344,372,387,645124,7430,347446,1700800
1345,412,357,644712,7485,347803,1688600
1346,365,366,644347,7484,348169,1855600
1347,330,364,644017,7450,348533,1865900
1348,376,396,643641,7430,348929,1830400
1349,342,347,643299,7425,349276,1775900
1350,397,393,642902,7429,349669,2104800
1351,369,349,642533,7449,350018,1852000
1352,344,359,642189,7434,350377,1780700
1353,369,357,641820,7446,350734,1848000
1354,347,372,641473,7421,351106,1814600
1355,371,366,641102,7426,351472,1798200
1356,376,400,640726,7402,351872,1749800
1357,365,408,640361,7359,352280,1754000
1358,402,385,639959,7376,352665,1750800
1359,351,366,639608,7361,353031,1832600
1360,377,375,639231,7363,353406,1803200
1361,366,370,638865,7359,353776,1755600
1362,343,395,638522,7307,354171,1770500
1363,375,326,638147,7356,354497,1829100
1364,359,393,637788,7322,354890,2111900
1365,347,350,637441,7319,355240,1786500
1366,357,398,637084,7278,355638,1919100
1367,378,356,636706,7300,355994,1787900
1368,369,348,636337,7321,356342,1766400
1369,398,352,635939,7367,356694,1791200
1370,390,373,635549,7384,357067,2250800
1371,383,365,635166,7402,357432,1799200
1372,397,374,634769,7425,357806,1828500
1373,382,388,634387,7419,358194,1969000
1374,384,361,634003,7442,358555,1838500
1375,411,389,633592,7464,358944,1847200
1376,412,367,633180,7509,359311,1868900
1377,394,383,632786,7520,359694,1805100
1378,394,356,632392,7558,360050,1804000
1379,374,354,632018,7578,360404,1840300
1380,410,395,631608,7593,360799,1844900
1381,389,377,631219,7605,361176,2060900
1382,383,394,630836,7594,361570,2104200
1383,357,408,630479,7543,361978,1836500
1384,368,410,630111,7501,362388,1941700
1385,359,380,629752,7480,362768,1858500
1386,397,377,629355,7500,363145,1778400
1387,352,408,629003,7444,363553,1733400
1388,343,394,628660,7393,363947,1826600
1389,377,353,628283,7417,364300,1844500
1390,325,384,627958,7358,364684,1737000
1391,370,385,627588,7343,365069,1777500
1392,337,384,627251,7296,365453,1739800
1393,345,363,626906,7278,365816,1876000
1394,357,357,626549,7278,366173,1726500
1395,355,360,626194,7273,366533,1698600
1396,369,354,625825,7288,366887,1713900
1397,357,353,625468,7292,367240,1826200
1398,320,319,625148,7293,367559,1724500
1399,352,353,624796,7292,367912,1763300
1400,374,371,624422,7295,368283,1766600
1401,364,367,624058,7292,368650,1784800
1402,339,361,623719,7270,369011,1923300
1403,395,364,623324,7301,369375,1826500
1404,371,360,622953,7312,369735,1948000
1405,367,343,622586,7336,370078,1719900
1406,352,374,622234,7314,370452,1969800
1407,366,388,621868,7292,370840,1813100
1408,373,379,621495,7286,371219,1691700
1409,327,393,621168,7220,371612,1750600
1410,329,374,620839,7175,371986,1719400
1411,386,354,620453,7207,372340,1711200
1412,359,378,620094,7188,372718,2010100
1413,354,383,619740,7159,373101,1776300
1414,369,368,619371,7160,373469,1856300
1415,406,367,618965,7199,373836,1774500
1416,373,360,618592,7212,374196,1758600
1417,353,352,618239,7213,374548,1728200
1418,387,396,617852,7204,374944,1829300
1419,351,357,617501,7198,375301,1757000
1420,365,356,617136,7207,375657,1792700
1421,385,368,616751,7224,376025,1713600
1422,381,337,616370,7268,376362,1825500
1423,397,366,615973,7299,376728,1832900
1424,348,362,615625,7285,377090,1736400
1425,364,347,615261,7302,377437,1927300
1426,377,330,614884,7349,377767,1746800
1427,365,393,614519,7321,378160,1742300
1428,364,364,614155,7321,378524,2083500
1429,371,387,613784,7305,378911,1748900
1430,370,376,613414,7299,379287,1796900
1431,385,343,613029,7341,379630,1721800
1432,365,408,612664,7298,380038,1762000
1433,367,353,612297,7312,380391,1836500
1434,372,356,611925,7328,380747,2169400
1435,383,362,611542,7349,381109,1959000
1436,361,391,611181,7319,381500,1891700
1437,355,412,610826,7262,381912,1831300
1438,346,348,610480,7260,382260,2027000
1439,386,359,610094,7287,382619,1801100
1440,352,358,609742,7281,382977,1847100
1441,392,384,609350,7289,383361,1990700
1442,349,374,609001,7264,383735,1789100
1443,351,346,608650,7269,384081,1730900
1444,377,392,608273,7254,384473,1843600
1445,387,386,607886,7255,384859,1843100
1446,403,358,607483,7300,385217,1739500
1447,379,403,607104,7276,385620,1780600
1448,416,365,606688,7327,385985,1812600
1449,351,382,606337,7296,386367,1828300
1450,360,379,605977,7277,386746,1800900
1451,357,312,605620,7322,387058,1722200
1452,389,376,605231,7335,387434,1696700
1453,377,382,604854,7330,387816,1829400
1454,365,380,604489,7315,388196,1880000
1455,375,371,604114,7319,388567,1796000
1456,354,372,603760,7301,388939,1748600
1457,343,354,603417,7290,389293,1792300
1458,360,403,603057,7247,389696,1737200
1459,371,387,602686,7231,390083,1805900
1460,357,349,602329,7239,390432,1925300
1461,393,358,601936,7274,390790,1723000
1462,365,369,601571,7270,391159,1749800
1463,379,374,601192,7275,391533,2022300
1464,327,378,600865,7224,391911,2012400
1465,372,358,600493,7238,392269,1830500
1466,365,356,600128,7247,392625,1816900
1467,403,343,599725,7307,392968,1931600
1468,363,343,599362,7327,393311,1687500
1469,412,382,598950,7357,393693,1687100
1470,387,378,598563,7366,394071,1816200
1471,359,378,598204,7347,394449,1921300
1472,377,381,597827,7343,394830,1749300
1473,344,360,597483,7327,395190,1818000
1474,380,357,597103,7350,395547,1749700
1475,376,390,596727,7336,395937,1911500
1476,409,384,596318,7361,396321,1827300
1477,360,378,595958,7343,396699,1764500
1478,391,380,595567,7354,397079,1748800
1479,407,311,595160,7450,397390,1714900
1480,385,367,594775,7468,397757,1738100
1481,384,358,594391,7494,398115,1833000
1482,392,383,593999,7503,398498,1735800
1483,370,324,593629,7549,398822,1685100
1484,366,388,593263,7527,399210,1827400
1485,386,386,592877,7527,399596,1834900
1486,352,346,592525,7533,399942,1730900
1487,357,403,592168,7487,400345,1704700
1488,388,347,591780,7528,400692,1707500
1489,409,332,591371,7605,401024,2058900
1490,390,391,590981,7604,401415,1809600
1491,393,426,590588,7571,401841,1778900
1492,368,406,590220,7533,402247,1759400
1493,353,393,589867,7493,402640,1785500
1494,329,342,589538,7480,402982,1768100
1495,344,355,589194,7469,403337,1849300
1496,369,368,588825,7470,403705,1780200
1497,401,382,588424,7489,404087,1909800
1498,385,361,588039,7513,404448,1760200
1499,395,382,587644,7526,404830,1715900
1500,355,393,587289,7488,405223,1937400
1501,354,391,586935,7451,405614,1822800
1502,365,397,586570,7419,406011,1690700
1503,358,345,586212,7432,406356,1718800
1504,408,365,585804,7475,406721,1706700
1505,372,363,585432,7484,407084,1807700
1506,381,373,585051,7492,407457,1819700
1507,389,394,584662,7487,407851,2130200
1508,341,348,584321,7480,408199,1875200
1509,372,381,583949,7471,408580,1915000
1510,377,373,583572,7475,408953,1792200
1511,376,388,583196,7463,409341,1962200
1512,387,372,582809,7478,409713,1847200
1513,386,369,582423,7495,410082,1799500
1514,356,366,582067,7485,410448,1986900
1515,397,361,581670,7521,410809,1824700
1516,349,368,581321,7502,411177,1805100
1517,360,396,580961,7466,411573,1794700
1518,371,368,580590,7469,411941,1730600
1519,388,349,580202,7508,412290,1798800
1520,404,340,579798,7572,412630,1804300
1521,415,398,579383,7589,413028,1949900
1522,406,378,578977,7617,413406,1841300
1523,386,372,578591,7631,413778,1950500
1524,379,352,578212,7658,414130,1875300
1525,357,352,577855,7663,414482,1846100
1526,379,404,577476,7638,414886,2018200
1527,403,369,577073,7672,415255,1836900
1528,411,393,576662,7690,415648,1851700
1529,412,412,576250,7690,416060,1806200
1530,391,392,575859,7689,416452,1706400
1531,396,397,575463,7688,416849,1765600
1532,386,381,575077,7693,417230,1719800
1533,379,368,574698,7704,417598,1810700
1534,398,375,574300,7727,417973,1708300
1535,359,364,573941,7722,418337,1710900
1536,382,384,573559,7720,418721,1706700
1537,394,380,573165,7734,419101,1782900
1538,351,389,572814,7696,419490,1700700
1539,374,411,572440,7659,419901,1734300
1540,408,373,572032,7694,420274,1900000
1541,385,369,571647,7710,420643,1713200
1542,367,387,571280,7690,421030,1814400
1543,374,349,570906,7715,421379,1679100
1544,387,397,570519,7705,421776,1850400
1545,393,337,570126,7761,422113,2097000
1546,391,370,569735,7782,422483,1886000
1547,377,373,569358,7786,422856,1868400
1548,371,394,568987,7763,423250,1806500
1549,385,378,568602,7770,423628,2325200
1550,392,394,568210,7768,424022,2052100
1551,369,371,567841,7766,424393,1953400
1552,414,360,567427,7820,424753,1961700
1553,364,374,567063,7810,425127,1864100
1554,384,414,566679,7780,425541,1910700
1555,396,386,566283,7790,425927,1821100
1556,381,381,565902,7790,426308,1788200
1557,389,384,565513,7795,426692,1956600
1558,408,372,565105,7831,427064,1760100
1559,422,405,564683,7848,427469,1816000
1560,368,406,564315,7810,427875,1832000
1561,397,357,563918,7850,428232,2075900
1562,412,374,563506,7888,428606,2092000
1563,399,400,563107,7887,429006,1857700
1564,395,372,562712,7910,429378,1806400
1565,378,391,562334,7897,429769,1749800
1566,413,420,561921,7890,430189,1714300
1567,408,404,561513,7894,430593,1850800
1568,416,388,561097,7922,430981,1820600
1569,434,401,560663,7955,431382,1912400
1570,419,383,560244,7991,431765,1720700
1571,409,389,559835,8011,432154,1671200
1572,405,396,559430,8020,432550,1854900
1573,411,438,559019,7993,432988,1846500
1574,373,389,558646,7977,433377,1826900
1575,385,383,558261,7979,433760,1699200
1576,408,370,557853,8017,434130,1699500
1577,389,390,557464,8016,434520,1825900
1578,388,354,557076,8050,434874,1802600
1579,404,410,556672,8044,435284,1961800
1580,379,405,556293,8018,435689,1719100
1581,407,383,555886,8042,436072,2073200
1582,403,426,555483,8019,436498,1856100
1583,382,427,555101,7974,436925,1929200
1584,386,409,554715,7951,437334,2029400
1585,399,394,554316,7956,437728,1824300
1586,377,368,553939,7965,438096,1818800
1587,384,393,553555,7956,438489,1849100
1588,423,395,553132,7984,438884,1778800
1589,400,366,552732,8018,439250,1692500
1590,385,403,552347,8000,439653,1701100
1591,409,396,551938,8013,440049,1839000
1592,384,375,551554,8022,440424,1695200
1593,396,382,551158,8036,440806,1723800
1594,384,394,550774,8026,441200,1707600
1595,376,399,550398,8003,441599,1797100
1596,385,401,550013,7987,442000,2136900
1597,359,405,549654,7941,442405,2303000
1598,398,383,549256,7956,442788,2170300
1599,392,391,548864,7957,443179,1690400
1600,390,385,548474,7962,443564,1854900
1601,382,408,548092,7936,443972,1815300
1602,395,409,547697,7922,444381,1735300
1603,405,374,547292,7953,444755,1721100
1604,363,392,546929,7924,445147,1804400
1605,399,357,546530,7966,445504,1846600
1606,387,396,546143,7957,445900,1900600
1607,399,416,545744,7940,446316,1897100
1608,392,389,545352,7943,446705,1821400
1609,415,422,544937,7936,447127,1739800
1610,419,357,544518,7998,447484,1712500
1611,364,394,544154,7968,447878,1808100
1612,402,383,543752,7987,448261,1758700
1613,431,359,543321,8059,448620,1696300
1614,386,396,542935,8049,449016,1676500
1615,365,406,542570,8008,449422,2282800
1616,399,381,542171,8026,449803,1895600
1617,427,433,541744,8020,450236,1917000
1618,424,408,541320,8036,450644,1848900
1619,359,406,540961,7989,451050,1785900
1620,373,407,540588,7955,451457,1718000
1621,397,381,540191,7971,451838,1702800
1622,377,406,539814,7942,452244,1947100
1623,381,398,539433,7925,452642,1705400
1624,404,393,539029,7936,453035,1730600
1625,413,387,538616,7962,453422,1929900
1626,373,392,538243,7943,453814,1817500
1627,410,421,537833,7932,454235,1818300
1628,381,402,537452,7911,454637,1831200
1629,352,351,537100,7912,454988,1782400
1630,415,427,536685,7900,455415,1708600
1631,376,356,536309,7920,455771,1695200
1632,387,400,535922,7907,456171,1705100
1633,431,406,535491,7932,456577,1770600
1634,406,400,535085,7938,456977,1743900
1635,447,388,534638,7997,457365,1691500
1636,373,396,534265,7974,457761,2051000
1637,392,370,533873,7996,458131,2293900
1638,395,375,533478,8016,458506,2028600
1639,408,433,533070,7991,458939,1797700
1640,374,405,532696,7960,459344,1814300
1641,408,356,532288,8012,459700,1797600
1642,388,404,531900,7996,460104,1838000
1643,432,393,531468,8035,460497,1732900
1644,384,402,531084,8017,460899,1879800
1645,407,389,530677,8035,461288,1844800
1646,388,425,530289,7998,461713,1836800
1647,397,418,529892,7977,462131,1832100
1648,380,391,529512,7966,462522,1755500
1649,373,419,529139,7920,462941,1683600
1650,409,406,528730,7923,463347,1702600
1651,374,417,528356,7880,463764,1868000
1652,366,417,527990,7829,464181,1916700
1653,393,343,527597,7879,464524,1813200
1654,380,366,527217,7893,464890,1763100
1655,376,388,526841,7881,465278,1716100
1656,394,380,526447,7895,465658,1874000
1657,371,382,526076,7884,466040,1796600
1658,419,378,525657,7925,466418,1714800
1659,376,365,525281,7936,466783,1741000
1660,389,430,524892,7895,467213,1707600
1661,388,380,524504,7903,467593,1828000
1662,392,393,524112,7902,467986,1705400
1663,375,412,523737,7865,468398,1679600
1664,371,398,523366,7838,468796,1841600
1665,381,411,522985,7808,469207,1706000
1666,405,393,522580,7820,469600,2014300
1667,396,372,522184,7844,469972,1805900
1668,398,383,521786,7859,470355,1774900
1669,410,408,521376,7861,470763,1927700
1670,413,376,520963,7898,471139,1862900
1671,410,405,520553,7903,471544,1704600
1672,414,392,520139,7925,471936,1777500
1673,393,392,519746,7926,472328,1712300
1674,450,397,519296,7979,472725,1698400
1675,404,390,518892,7993,473115,1828500
1676,420,422,518472,7991,473537,1764100
1677,430,397,518042,8024,473934,1945800
1678,410,443,517632,7991,474377,1710700
1679,440,390,517192,8041,474767,1697000
1680,401,421,516791,8021,475188,1826900
1681,439,393,516352,8067,475581,1703600
1682,444,405,515908,8106,475986,1689200
1683,407,390,515501,8123,476376,1719400
1684,385,389,515116,8119,476765,1802000
1685,439,379,514677,8179,477144,1719800
1686,421,413,514256,8187,477557,1809600
1687,397,426,513859,8158,477983,1705300
1688,416,378,513443,8196,478361,1789800
1689,409,395,513034,8210,478756,1788500
1690,405,421,512629,8194,479177,1723300
1691,407,411,512222,8190,479588,1954900
1692,416,425,511806,8181,480013,1756500
1693,386,423,511420,8144,480436,1861700
1694,418,428,511002,8134,480864,1772700
1695,377,397,510625,8114,481261,1720100
1696,416,397,510209,8133,481658,1957300
1697,387,391,509822,8129,482049,1843000
1698,398,402,509424,8125,482451,1960100
1699,363,397,509061,8091,482848,1802800
1700,434,395,508627,8130,483243,1806000
1701,365,366,508262,8129,483609,1722800
1702,377,435,507885,8071,484044,1696000
1703,405,383,507480,8093,484427,2019500
1704,388,412,507092,8069,484839,1784400
1705,386,413,506706,8042,485252,1759400
1706,405,394,506301,8053,485646,1709700
1707,385,381,505916,8057,486027,1696600
1708,376,386,505540,8047,486413,1874600
1709,398,410,505142,8035,486823,1847700
1710,386,408,504756,8013,487231,1778800
1711,398,385,504358,8026,487616,1788500
1712,386,402,503972,8010,488018,1844100
1713,405,413,503567,8002,488431,1818400
1714,400,381,503167,8021,488812,1761700
1715,412,435,502755,7998,489247,2010700
1716,423,415,502332,8006,489662,1834700
1717,376,378,501956,8004,490040,1795100
1718,411,395,501545,8020,490435,1781500
1719,389,423,501156,7986,490858,1862400
1720,399,407,500757,7978,491265,1969100
1721,392,395,500365,7975,491660,1771800
1722,394,424,499971,7945,492084,1731800
1723,417,400,499554,7962,492484,1740700
1724,402,408,499152,7956,492892,1786400
1725,416,406,498736,7966,493298,1767500
1726,407,393,498329,7980,493691,1812800
1727,390,411,497939,7959,494102,1960100
1728,412,371,497527,8000,494473,1840100
1729,387,387,497140,8000,494860,1790600
1730,416,383,496724,8033,495243,1819300
1731,393,415,496331,8011,495658,1763500
1732,419,392,495912,8038,496050,1808000
1733,410,408,495502,8040,496458,1888800
1734,392,376,495110,8056,496834,1759000
1735,395,355,494715,8096,497189,1773600
1736,410,394,494305,8112,497583,1959800
1737,413,367,493892,8158,497950,1948400
1738,406,413,493486,8151,498363,1762900
1739,422,396,493064,8177,498759,1824700
1740,393,423,492671,8147,499182,1784700
1741,416,399,492255,8164,499581,1762400
1742,392,393,491863,8163,499974,1970300
1743,412,384,491451,8191,500358,1855600
1744,391,383,491060,8199,500741,1854100
1745,452,400,490608,8251,501141,2027500
1746,421,414,490187,8258,501555,2034900
1747,408,463,489779,8203,502018,1869700
1748,380,371,489399,8212,502389,1819100
1749,455,394,488944,8273,502783,1741200
1750,416,431,488528,8258,503214,1773900
1751,428,395,488100,8291,503609,1792300
1752,404,402,487696,8293,504011,1745900
1753,464,412,487232,8345,504423,1810800
1754,414,398,486818,8361,504821,1873900
1755,396,471,486422,8286,505292,1944200
1756,430,417,485992,8299,505709,1731100
1757,451,419,485541,8331,506128,1804200
1758,406,425,485135,8312,506553,1808300
1759,380,425,484755,8267,506978,1806800
1760,406,410,484349,8263,507388,1756300
1761,402,390,483947,8275,507778,1826200
1762,395,396,483552,8274,508174,2085900
1763,399,377,483153,8296,508551,2212500
1764,422,400,482731,8318,508951,1877800
1765,432,452,482299,8298,509403,1724900
1766,436,409,481863,8325,509812,1924200
1767,419,379,481444,8365,510191,1744900
1768,411,416,481033,8360,510607,2386300
1769,452,454,480581,8358,511061,1851800
1770,404,391,480177,8371,511452,1769400
1771,400,398,479777,8373,511850,1751400
1772,418,426,479359,8365,512276,1746800
1773,419,431,478940,8353,512707,1778400
1774,405,402,478535,8356,513109,1810900
1775,455,401,478080,8410,513510,1744100
1776,449,371,477631,8488,513881,1761500
1777,421,446,477210,8463,514327,1765300
1778,413,393,476797,8483,514720,1746600
1779,450,429,476347,8504,515149,1748800
1780,412,465,475935,8451,515614,1749000
1781,428,417,475507,8462,516031,1743400
1782,443,426,475064,8479,516457,1730100
1783,408,417,474656,8470,516874,1803600
1784,430,405,474226,8495,517279,1801300
1785,443,416,473783,8522,517695,1744200
1786,391,414,473392,8499,518109,1842400
1787,440,455,472952,8484,518564,1733800
1788,428,426,472524,8486,518990,1824300
1789,443,418,472081,8511,519408,1820600
1790,452,440,471629,8523,519848,1795400
1791,428,451,471201,8500,520299,1799300
1792,413,399,470788,8514,520698,1826000
1793,410,402,470378,8522,521100,1747200
1794,443,452,469935,8513,521552,1818800
1795,407,411,469528,8509,521963,1743500
1796,409,406,469119,8512,522369,1787700
1797,429,432,468690,8509,522801,1799400
1798,406,413,468284,8502,523214,1768400
1799,423,444,467861,8481,523658,1773800
1800,426,439,467435,8468,524097,1994100
1801,448,439,466987,8477,524536,1786600
1802,443,425,466544,8495,524961,1791200
1803,426,425,466118,8496,525386,1752400
1804,418,430,465700,8484,525816,1998600
1805,405,419,465295,8470,526235,1918900
1806,417,415,464878,8472,526650,1789200
1807,435,432,464443,8475,527082,1737200
1808,446,415,463997,8506,527497,1787500
1809,455,435,463542,8526,527932,1732200
1810,450,432,463092,8544,528364,1813500
1811,467,424,462625,8587,528788,1784100
1812,444,436,462181,8595,529224,1670200
1813,438,422,461743,8611,529646,1891600
1814,409,412,461334,8608,530058,1724200
1815,443,426,460891,8625,530484,1762900
1816,426,466,460465,8585,530950,1699900
1817,391,450,460074,8526,531400,1682900
1818,413,445,459661,8494,531845,1808000
1819,410,439,459251,8465,532284,1728600
1820,376,438,458875,8403,532722,1719900
1821,430,449,458445,8384,533171,1793700
1822,397,419,458048,8362,533590,2174100
1823,385,421,457663,8326,534011,1867000
1824,394,434,457269,8286,534445,1845700
1825,406,397,456863,8295,534842,1788800
1826,370,419,456493,8246,535261,1730500
1827,387,397,456106,8236,535658,1900200
1828,380,429,455726,8187,536087,2051200
1829,393,398,455333,8182,536485,1848200
1830,400,429,454933,8153,536914,1853400
1831,426,425,454507,8154,537339,1734200
1832,417,416,454090,8155,537755,1696500
1833,412,389,453678,8178,538144,1683000
1834,429,465,453249,8142,538609,1850200
1835,397,404,452852,8135,539013,1746100
1836,400,403,452452,8132,539416,1805100
1837,406,427,452046,8111,539843,2028000
1838,449,409,451597,8151,540252,1750900
1839,418,405,451179,8164,540657,1936600
1840,376,413,450803,8127,541070,1884000
1841,422,426,450381,8123,541496,1709500
1842,412,389,449969,8146,541885,1819900
1843,425,420,449544,8151,542305,1716200
1844,394,395,449150,8150,542700,1679700
1845,432,416,448718,8166,543116,1858500
1846,434,388,448284,8212,543504,1735000
1847,393,415,447891,8190,543919,1669200
1848,393,413,447498,8170,544332,1930000
1849,380,380,447118,8170,544712,2075300
1850,474,401,446644,8243,545113,3242700
1851,412,428,446232,8227,545541,2162300
1852,442,445,445790,8224,545986,4521100
1853,439,380,445351,8283,546366,6248100
1854,433,441,444918,8275,546807,2116000
1855,399,421,444519,8253,547228,2157800
1856,442,443,444077,8252,547671,2017900
1857,431,384,443646,8299,548055,1922400
1858,399,371,443247,8327,548426,1899100
1859,460,415,442787,8372,548841,1993200
1860,440,422,442347,8390,549263,1880500
1861,451,371,441896,8470,549634,1861800
1862,432,441,441464,8461,550075,1863000
1863,436,419,441028,8478,550494,1786800
1864,454,418,440574,8514,550912,1702000
1865,458,434,440116,8538,551346,1854100
1866,440,425,439676,8553,551771,1762400
1867,454,440,439222,8567,552211,1827300
1868,408,468,438814,8507,552679,1786000
1869,443,470,438371,8480,553149,1847300
1870,442,421,437929,8501,553570,1849900
1871,436,399,437493,8538,553969,1723800
1872,403,440,437090,8501,554409,1707900
1873,406,419,436684,8488,554828,1760900
1874,430,399,436254,8519,555227,1736500
1875,427,429,435827,8517,555656,1809500
1876,399,390,435428,8526,556046,1770200
1877,455,429,434973,8552,556475,1740400
1878,439,417,434534,8574,556892,1838300
1879,428,419,434106,8583,557311,1849800
1880,437,447,433669,8573,557758,1837500
1881,402,435,433267,8540,558193,1708900
1882,390,469,432877,8461,558662,1669000
1883,393,439,432484,8415,559101,1846100
1884,421,409,432063,8427,559510,1822600
1885,424,439,431639,8412,559949,1893000
1886,404,455,431235,8361,560404,1737600
1887,435,368,430800,8428,560772,1684500
1888,457,411,430343,8474,561183,1806300
1889,424,422,429919,8476,561605,1813500
1890,430,446,429489,8460,562051,1923600
1891,434,450,429055,8444,562501,1781300
1892,397,401,428658,8440,562902,1771600
1893,422,455,428236,8407,563357,1936900
1894,426,438,427810,8395,563795,1822700
1895,441,400,427369,8436,564195,1817300
1896,439,397,426930,8478,564592,1786400
1897,425,426,426505,8477,565018,1956400
1898,434,417,426071,8494,565435,1765600
1899,400,432,425671,8462,565867,1826900
1900,441,417,425230,8486,566284,2174100
1901,422,423,424808,8485,566707,3167800
1902,415,412,424393,8488,567119,2465900
1903,466,413,423927,8541,567532,2414700
1904,433,404,423494,8570,567936,6792700
1905,452,403,423042,8619,568339,2562400
1906,419,422,422623,8616,568761,2183900
1907,434,445,422189,8605,569206,2079700
1908,443,429,421746,8619,569635,2088200
1909,418,452,421328,8585,570087,1947600
1910,419,427,420909,8577,570514,1925400
1911,419,425,420490,8571,570939,1983600
1912,412,426,420078,8557,571365,2080500
1913,455,415,419623,8597,571780,1920600
1914,455,442,419168,8610,572222,1921200
1915,422,443,418746,8589,572665,1757900
1916,462,424,418284,8627,573089,1736800
1917,444,381,417840,8690,573470,1942500
1918,412,459,417428,8643,573929,1732900
1919,459,471,416969,8631,574400,1926600
1920,450,432,416519,8649,574832,1858200
1921,458,408,416061,8699,575240,1806500
1922,422,441,415639,8680,575681,1916900
1923,414,406,415225,8688,576087,1712700
1924,445,443,414780,8690,576530,1688700
1925,435,428,414345,8697,576958,1821400
1926,429,453,413916,8673,577411,1790600
1927,466,448,413450,8691,577859,1704600
1928,454,405,412996,8740,578264,1693500
1929,445,453,412551,8732,578717,1840400
1930,437,411,412114,8758,579128,1868400
1931,417,441,411697,8734,579569,1780400
1932,460,434,411237,8760,580003,1714500
1933,481,442,410756,8799,580445,1726500
1934,443,469,410313,8773,580914,1808900
1935,458,424,409855,8807,581338,1787200
1936,476,441,409379,8842,581779,1748200
1937,469,451,408910,8860,582230,1683900
1938,441,444,408469,8857,582674,1809000
1939,492,426,407977,8923,583100,2326100
1940,489,439,407488,8973,583539,1800600
1941,457,470,407031,8960,584009,1754300
1942,447,434,406584,8973,584443,1871300
1943,464,434,406120,9003,584877,1809900
1944,471,489,405649,8985,585366,1730700
1945,471,460,405178,8996,585826,1822500
1946,437,432,404741,9001,586258,2020300
1947,464,397,404277,9068,586655,1905300
1948,426,428,403851,9066,587083,1725900
1949,462,455,403389,9073,587538,1782500
1950,467,455,402922,9085,587993,1956700
1951,480,408,402442,9157,588401,1700300
1952,435,486,402007,9106,588887,1842000
1953,475,472,401532,9109,589359,1824000
1954,457,427,401075,9139,589786,1947900
1955,458,483,400617,9114,590269,1711100
1956,489,484,400128,9119,590753,1783000
1957,460,460,399668,9119,591213,1787900
1958,432,451,399236,9100,591664,2117900
1959,444,485,398792,9059,592149,1741300
1960,445,443,398347,9061,592592,1707600
1961,440,446,397907,9055,593038,1738800
1962,425,489,397482,8991,593527,1724800
1963,459,447,397023,9003,593974,1864900
1964,436,467,396587,8972,594441,2322400
1965,427,471,396160,8928,594912,1747300
1966,398,432,395762,8894,595344,1837300
1967,438,420,395324,8912,595764,1775700
1968,417,434,394907,8895,596198,1711200
1969,422,434,394485,8883,596632,1697500
1970,402,436,394083,8849,597068,1821000
1971,422,435,393661,8836,597503,1824500
1972,432,458,393229,8810,597961,1977300
1973,404,419,392825,8795,598380,1720800
1974,431,441,392394,8785,598821,1736400
1975,394,456,392000,8723,599277,2032300
1976,433,463,391567,8693,599740,1728700
1977,393,453,391174,8633,600193,1799100
1978,400,417,390774,8616,600610,1728100
1979,430,447,390344,8599,601057,1750400
1980,419,413,389925,8605,601470,1850800
1981,401,420,389524,8586,601890,1837600
1982,388,404,389136,8570,602294,1797500
1983,403,423,388733,8550,602717,1765000
1984,416,417,388317,8549,603134,1693700
1985,396,441,387921,8504,603575,1815800
1986,375,430,387546,8449,604005,1799000
1987,397,383,387149,8463,604388,1761400
1988,421,414,386728,8470,604802,1722200
1989,433,449,386295,8454,605251,1787000
1990,390,428,385905,8416,605679,1712800
1991,400,401,385505,8415,606080,1746100
1992,381,451,385124,8345,606531,1721800
1993,388,433,384736,8300,606964,1705000
1994,396,429,384340,8267,607393,1823400
1995,401,406,383939,8262,607799,1770600
1996,432,414,383507,8280,608213,1705200
1997,412,396,383095,8296,608609,1688200
1998,393,364,382702,8325,608973,2048800
1999,362,404,382340,8283,609377,1918600
2000,378,411,381962,8250,609788,1804800
2001,378,424,381584,8204,610212,1803400
2002,394,397,381190,8201,610609,1774300
2003,398,409,380792,8190,611018,1782300
2004,360,433,380432,8117,611451,1843700
2005,387,443,380045,8061,611894,1831400
2006,348,418,379697,7991,612312,1852500
2007,365,379,379332,7977,612691,1899100
2008,381,397,378951,7961,613088,1810500
2009,386,397,378565,7950,613485,1809100
2010,357,395,378208,7912,613880,2180300
2011,368,423,377840,7857,614303,1880100
2012,385,412,377455,7830,614715,1933300
2013,387,405,377068,7812,615120,1776000
2014,397,415,376671,7794,615535,1823000
2015,377,378,376294,7793,615913,2168900
2016,401,394,375893,7800,616307,1878400
2017,379,382,375514,7797,616689,1973600
2018,357,370,375157,7784,617059,1750000
2019,385,405,374772,7764,617464,1759800
2020,357,376,374415,7745,617840,1851100
2021,364,392,374051,7717,618232,1812700
2022,369,396,373682,7690,618628,1800400
2023,409,395,373273,7704,619023,1796700
2024,413,356,372860,7761,619379,1770500
2025,346,378,372514,7729,619757,1766700
2026,394,409,372120,7714,620166,2272300
2027,396,385,371724,7725,620551,1763000
2028,337,407,371387,7655,620958,1825000
2029,363,400,371024,7618,621358,2230200
2030,372,351,370652,7639,621709,1941000
2031,357,382,370295,7614,622091,1983500
2032,361,370,369934,7605,622461,2002100
2033,385,399,369549,7591,622860,1848400
2034,339,397,369210,7533,623257,1859600
2035,352,380,368858,7505,623637,1791900
2036,350,377,368508,7478,624014,1813300
2037,356,373,368152,7461,624387,1796500
2038,358,371,367794,7448,624758,1801400
2039,365,395,367429,7418,625153,1824900
2040,324,387,367105,7355,625540,2296500
2041,338,411,366767,7282,625951,2066700
2042,313,359,366454,7236,626310,1868200
2043,359,353,366095,7242,626663,1869000
2044,313,361,365782,7194,627024,2202600
2045,355,409,365427,7140,627433,1948200
2046,299,322,365128,7117,627755,1923700
2047,338,354,364790,7101,628109,1887100
2048,339,355,364451,7085,628464,1989800
2049,351,350,364100,7086,628814,1867900
2050,316,336,363784,7066,629150,1875700
2051,324,354,363460,7036,629504,1899400
2052,318,337,363142,7017,629841,1765200
2053,304,346,362838,6975,630187,1754500
2054,331,347,362507,6959,630534,1850600
2055,314,385,362193,6888,630919,1876700
2056,297,346,361896,6839,631265,1926900
2057,346,352,361550,6833,631617,1889100
2058,320,345,361230,6808,631962,1829700
2059,315,318,360915,6805,632280,1773900
2060,332,321,360583,6816,632601,1815200
2061,357,331,360226,6842,632932,1807000
2062,349,366,359877,6825,633298,1709300
2063,313,336,359564,6802,633634,1717300
2064,309,326,359255,6785,633960,1873200
2065,333,311,358922,6807,634271,1948800
2066,318,331,358604,6794,634602,1756400
2067,315,307,358289,6802,634909,1908800
2068,316,339,357973,6779,635248,1788600
2069,313,313,357660,6779,635561,1777500
2070,337,338,357323,6778,635899,1869500
2071,324,340,356999,6762,636239,1745400
2072,316,343,356683,6735,636582,1801400
2073,336,363,356347,6708,636945,1816300
2074,323,336,356024,6695,637281,1687100
2075,355,331,355669,6719,637612,1761100
2076,352,353,355317,6718,637965,1824500
2077,346,347,354971,6717,638312,1801900
2078,371,351,354600,6737,638663,1792300
2079,331,336,354269,6732,638999,1916500
2080,338,345,353931,6725,639344,1779900
2081,333,318,353598,6740,639662,1719300
2082,316,354,353282,6702,640016,2007400
2083,321,354,352961,6669,640370,2003900
2084,343,317,352618,6695,640687,2055800
2085,293,312,352325,6676,640999,1933500
2086,340,324,351985,6692,641323,1959100
2087,327,346,351658,6673,641669,1830600
2088,333,356,351325,6650,642025,1766700
2089,319,309,351006,6660,642334,1732200
2090,339,299,350667,6700,642633,1775900
2091,316,323,350351,6693,642956,1768100
2092,352,349,349999,6696,643305,1926900
2093,317,325,349682,6688,643630,1815500
2094,346,350,349336,6684,643980,1915400
2095,317,333,349019,6668,644313,1892600
2096,315,336,348704,6647,644649,1841400
2097,328,359,348376,6616,645008,1795100
2098,313,339,348063,6590,645347,1880200
2099,304,315,347759,6579,645662,1766600
2100,309,311,347450,6577,645973,1777200
2101,318,360,347132,6535,646333,1784200
2102,317,309,346815,6543,646642,1677600
2103,320,321,346495,6542,646963,1810700
2104,339,343,346156,6538,647306,1794800
2105,309,333,345847,6514,647639,1680100
2106,316,314,345531,6516,647953,1673900
2107,320,347,345211,6489,648300,1876400
2108,330,317,344881,6502,648617,1718100
2109,318,349,344563,6471,648966,1706300
2110,320,354,344243,6437,649320,1688900
2111,296,313,343947,6420,649633,1782300
2112,307,311,343640,6416,649944,1732200
2113,315,295,343325,6436,650239,1690700
2114,287,328,343038,6395,650567,1717900
2115,302,350,342736,6347,650917,1789000
2116,284,332,342452,6299,651249,1812600
2117,283,339,342169,6243,651588,1734000
2118,298,329,341871,6212,651917,1689500
2119,306,291,341565,6227,652208,1688500
2120,290,330,341275,6187,652538,1685400
2121,309,315,340966,6181,652853,1677900
2122,306,330,340660,6157,653183,1765000
2123,351,305,340309,6203,653488,1810700
2124,320,298,339989,6225,653786,1667800
2125,327,297,339662,6255,654083,1733900
2126,283,306,339379,6232,654389,1824400
2127,295,344,339084,6183,654733,1766900
2128,318,317,338766,6184,655050,1685200
2129,319,286,338447,6217,655336,1684300
2130,287,315,338160,6189,655651,1773400
2131,322,325,337838,6186,655976,1717800
2132,292,295,337546,6183,656271,1662600
2133,293,309,337253,6167,656580,1875800
2134,283,309,336970,6141,656889,1784200
2135,303,260,336667,6184,657149,1762600
2136,305,326,336362,6163,657475,1658600
2137,305,304,336057,6164,657779,1665600
2138,305,342,335752,6127,658121,1766800
2139,305,300,335447,6132,658421,1664600
2140,303,304,335144,6131,658725,1690100
2141,290,319,334854,6102,659044,1799400
2142,308,313,334546,6097,659357,1788300
2143,303,292,334243,6108,659649,1735200
2144,305,278,333938,6135,659927,1673400
2145,308,281,333630,6162,660208,1767200
2146,298,314,333332,6146,660522,1751600
2147,320,317,333012,6149,660839,1690000
2148,311,311,332701,6149,661150,1648200
2149,302,306,332399,6145,661456,1763000
2150,296,299,332103,6142,661755,1695600
2151,310,295,331793,6157,662050,1720900
2152,329,301,331464,6185,662351,2189300
2153,291,308,331173,6168,662659,1809700
2154,338,274,330835,6232,662933,1825900
2155,301,312,330534,6221,663245,1902000
2156,280,319,330254,6182,663564,1762600
2157,328,324,329926,6186,663888,1699500
2158,299,302,329627,6183,664190,1677900
2159,285,314,329342,6154,664504,1773500
2160,271,319,329071,6106,664823,2148800
2161,286,275,328785,6117,665098,1719800
2162,304,321,328481,6100,665419,1702700
2163,288,317,328193,6071,665736,1681900
2164,284,320,327909,6035,666056,1801600
2165,289,310,327620,6014,666366,1740100
2166,262,287,327358,5989,666653,1889500
2167,280,302,327078,5967,666955,1668600
2168,279,309,326799,5937,667264,1661500
2169,282,299,326517,5920,667563,1815300
2170,268,305,326249,5883,667868,1676600
2171,274,263,325975,5894,668131,1708400
2172,266,298,325709,5862,668429,1778400
2173,272,279,325437,5855,668708,1751500
2174,284,266,325153,5873,668974,1814800
2175,301,284,324852,5890,669258,1707800
2176,301,289,324551,5902,669547,1800700
2177,316,293,324235,5925,669840,1854600
2178,295,303,323940,5917,670143,1706000
2179,274,305,323666,5886,670448,1661300
2180,289,307,323377,5868,670755,1772600
2181,293,325,323084,5836,671080,1856900
2182,292,294,322792,5834,671374,1698000
2183,263,327,322529,5770,671701,1657100
2184,288,275,322241,5783,671976,1770000
2185,276,300,321965,5759,672276,1747600
2186,295,268,321670,5786,672544,2022300
2187,305,273,321365,5818,672817,1785300
2188,298,274,321067,5842,673091,2006300
2189,278,291,320789,5829,673382,1873300
2190,320,299,320469,5850,673681,1885300
2191,294,303,320175,5841,673984,1802600
2192,273,280,319902,5834,674264,1790200
2193,290,287,319612,5837,674551,1754700
2194,316,283,319296,5870,674834,1777200
2195,294,287,319002,5877,675121,1653200
2196,267,284,318735,5860,675405,1881400
2197,278,343,318457,5795,675748,2044600
2198,244,285,318213,5754,676033,1890700
2199,276,285,317937,5745,676318,1741100
2200,278,256,317659,5767,676574,1649500
2201,270,296,317389,5741,676870,1680600
2202,260,286,317129,5715,677156,1820300
2203,268,298,316861,5685,677454,1699800
2204,255,253,316606,5687,677707,1756300
2205,265,266,316341,5686,677973,1759300
2206,246,299,316095,5633,678272,1796900
2207,276,271,315819,5638,678543,1712700
2208,248,255,315571,5631,678798,1670900
2209,247,308,315324,5570,679106,1664400
2210,237,319,315087,5488,679425,1747800
2211,264,275,314823,5477,679700,1741100
2212,264,258,314559,5483,679958,1967600
2213,258,295,314301,5446,680253,1952500
2214,236,254,314065,5428,680507,1780500
2215,215,270,313850,5373,680777,1745100
2216,261,273,313589,5361,681050,1724700
2217,254,257,313335,5358,681307,1666100
2218,278,276,313057,5360,681583,1662700
2219,258,260,312799,5358,681843,1746500
2220,294,257,312505,5395,682100,1795100
2221,272,278,312233,5389,682378,1707800
2222,262,290,311971,5361,682668,1774500
2223,291,285,311680,5367,682953,1768800
2224,258,287,311422,5338,683240,1668400
2225,260,252,311162,5346,683492,1661700
2226,261,292,310901,5315,683784,1775600
2227,250,243,310651,5322,684027,1728100
2228,254,246,310397,5330,684273,1865100
2229,257,284,310140,5303,684557,1924300
2230,228,239,309912,5292,684796,1810600
2231,263,277,309649,5278,685073,1796900
2232,263,272,309386,5269,685345,1766900
2233,276,289,309110,5256,685634,1684600
2234,314,247,308796,5323,685881,1670000
2235,266,267,308530,5322,686148,1768600
2236,255,265,308275,5312,686413,1754800
2237,253,248,308022,5317,686661,1752100
2238,280,263,307742,5334,686924,1694000
2239,281,275,307461,5340,687199,1649500
2240,273,256,307188,5357,687455,1661600
2241,285,276,306903,5366,687731,1647900
2242,265,256,306638,5375,687987,1805700
2243,283,260,306355,5398,688247,1730500
2244,244,280,306111,5362,688527,1613600
2245,260,227,305851,5395,688754,1680200
2246,272,277,305579,5390,689031,1727700
2247,279,263,305300,5406,689294,1852000
2248,276,289,305024,5393,689583,1681400
2249,264,283,304760,5374,689866,1665400
2250,263,264,304497,5373,690130,1692200
2251,283,300,304214,5356,690430,1666600
2252,245,264,303969,5337,690694,1659100
2253,247,278,303722,5306,690972,1719200
2254,261,278,303461,5289,691250,1671500
2255,274,276,303187,5287,691526,1650300
2256,288,258,302899,5317,691784,1769800
2257,235,259,302664,5293,692043,1677900
2258,257,247,302407,5303,692290,1662100
2259,251,278,302156,5276,692568,1769100
2260,247,255,301909,5268,692823,1712600
2261,242,297,301667,5213,693120,1672000
2262,258,258,301409,5213,693378,1781100
2263,228,239,301181,5202,693617,1756000
2264,293,262,300888,5233,693879,1662000
2265,237,258,300651,5212,694137,1800800
2266,265,260,300386,5217,694397,1992400
2267,275,260,300111,5232,694657,1704400
2268,268,241,299843,5259,694898,1801300
2269,242,285,299601,5216,695183,1714700
2270,232,263,299369,5185,695446,1701000
2271,231,270,299138,5146,695716,1690900
2272,218,270,298920,5094,695986,1771700
2273,220,223,298700,5091,696209,1697300
2274,281,267,298419,5105,696476,1756000
2275,263,248,298156,5120,696724,1695700
2276,246,248,297910,5118,696972,1725900
2277,224,265,297686,5077,697237,1733000
2278,241,270,297445,5048,697507,1763600
2279,232,259,297213,5021,697766,2077700
2280,232,237,296981,5016,698003,1780500
2281,240,252,296741,5004,698255,1842800
2282,257,254,296484,5007,698509,1719500
2283,227,218,296257,5016,698727,1720400
2284,227,263,296030,4980,698990,1711600
2285,245,245,295785,4980,699235,1729100
2286,219,273,295566,4926,699508,1664300
2287,236,276,295330,4886,699784,1646400
2288,245,261,295085,4870,700045,1756500
2289,227,248,294858,4849,700293,1718000
2290,231,223,294627,4857,700516,1645500
2291,231,208,294396,4880,700724,1772500
2292,212,242,294184,4850,700966,1724300
2293,238,250,293946,4838,701216,1719000
2294,225,248,293721,4815,701464,1669600
2295,228,246,293493,4797,701710,1723800
2296,238,244,293255,4791,701954,1678100
2297,219,237,293036,4773,702191,1668100
2298,235,264,292801,4744,702455,1767500
2299,232,245,292569,4731,702700,1692300
2300,237,227,292332,4741,702927,1662700
2301,212,241,292120,4712,703168,1797100
2302,203,252,291917,4663,703420,1665200
2303,197,247,291720,4613,703667,1670400
2304,204,240,291516,4577,703907,1642300
2305,196,215,291320,4558,704122,1724300
2306,198,220,291122,4536,704342,1945700
2307,197,217,290925,4516,704559,1696700
2308,213,223,290712,4506,704782,1702100
2309,217,221,290495,4502,705003,1729900
2310,219,252,290276,4469,705255,1668400
2311,210,225,290066,4454,705480,1978900
2312,233,209,289833,4478,705689,1746100
2313,224,231,289609,4471,705920,1767200
2314,227,209,289382,4489,706129,1749700
2315,252,235,289130,4506,706364,1668700
2316,207,216,288923,4497,706580,1651500
2317,221,233,288702,4485,706813,1734000
2318,230,236,288472,4479,707049,1676300
2319,235,235,288237,4479,707284,1656000
2320,217,216,288020,4480,707500,1985400
2321,244,223,287776,4501,707723,1769700
2322,221,220,287555,4502,707943,1701400
2323,232,215,287323,4519,708158,1655100
2324,254,219,287069,4554,708377,1755200
2325,245,229,286824,4570,708606,1756000
2326,248,225,286576,4593,708831,1667800
2327,222,220,286354,4595,709051,1644300
2328,230,224,286124,4601,709275,1792600
2329,230,216,285894,4615,709491,1929200
2330,280,226,285614,4669,709717,1687000
2331,259,216,285355,4712,709933,1676400
2332,253,232,285102,4733,710165,1750700
2333,246,228,284856,4751,710393,1718100
2334,265,229,284591,4787,710622,1661100
2335,257,257,284334,4787,710879,1650200
2336,240,243,284094,4784,711122,1720500
2337,279,250,283815,4813,711372,1653800
2338,235,224,283580,4824,711596,1938900
2339,240,222,283340,4842,711818,1798500
2340,229,245,283111,4826,712063,1789700
2341,243,232,282868,4837,712295,1681600
2342,231,252,282637,4816,712547,1646800
2343,207,242,282430,4781,712789,1770800
2344,262,225,282168,4818,713014,1737800
2345,222,250,281946,4790,713264,2131500
2346,254,250,281692,4794,713514,1742200
2347,228,220,281464,4802,713734,1696000
2348,249,227,281215,4824,713961,1679800
2349,234,251,280981,4807,714212,1732300
2350,250,259,280731,4798,714471,1672200
2351,214,226,280517,4786,714697,1649500
2352,232,241,280285,4777,714938,2024700
2353,225,230,280060,4772,715168,1759300
2354,222,228,279838,4766,715396,1688800
2355,258,248,279580,4776,715644,1686700
2356,224,239,279356,4761,715883,1762700
2357,243,239,279113,4765,716122,1744800
2358,222,241,278891,4746,716363,1664700
2359,229,244,278662,4731,716607,1650300
2360,244,237,278418,4738,716844,1739400
2361,217,230,278201,4725,717074,1653700
2362,230,251,277971,4704,717325,1663000
2363,247,215,277724,4736,717540,1755200
2364,244,254,277480,4726,717794,1691900
2365,267,245,277213,4748,718039,1674600
2366,233,260,276980,4721,718299,1760000
2367,231,229,276749,4723,718528,1735000
2368,205,238,276544,4690,718766,1653400
2369,233,239,276311,4684,719005,1650500
2370,223,229,276088,4678,719234,1752500
2371,242,229,275846,4691,719463,1642300
2372,234,233,275612,4692,719696,1634900
2373,230,243,275382,4679,719939,1825300
2374,246,220,275136,4705,720159,1843200
2375,221,252,274915,4674,720411,1672700
2376,229,230,274686,4673,720641,1671200
2377,222,219,274464,4676,720860,1776900
2378,257,216,274207,4717,721076,1739600
2379,247,241,273960,4723,721317,1689300
2380,234,227,273726,4730,721544,1656400
2381,205,245,273521,4690,721789,1662900
2382,236,230,273285,4696,722019,1720200
2383,235,238,273050,4693,722257,2088500
2384,216,258,272834,4651,722515,1753600
2385,240,227,272594,4664,722742,2119400
2386,255,225,272339,4694,722967,2183300
2387,225,231,272114,4688,723198,2313700
2388,230,227,271884,4691,723425,4116000
2389,239,236,271645,4694,723661,6622200
2390,246,240,271399,4700,723901,2364400
2391,240,232,271159,4708,724133,2194000
2392,227,214,270932,4721,724347,1947300
2393,237,261,270695,4697,724608,1850300
2394,224,229,270471,4692,724837,1937800
2395,224,260,270247,4656,725097,1844100
2396,218,234,270029,4640,725331,1784800
2397,223,236,269806,4627,725567,1755400
2398,220,238,269586,4609,725805,1807400
2399,233,250,269353,4592,726055,1764900
2400,242,230,269111,4604,726285,1719600
2401,217,231,268894,4590,726516,1693500
2402,205,228,268689,4567,726744,1730300
2403,235,221,268454,4581,726965,1834800
2404,227,250,268227,4558,727215,1702100
2405,225,226,268002,4557,727441,1648400
2406,213,216,267789,4554,727657,1806400
2407,246,210,267543,4590,727867,1745300
2408,235,231,267308,4594,728098,1674800
2409,260,231,267048,4623,728329,1667900
2410,256,235,266792,4644,728564,1967900
2411,227,240,266565,4631,728804,1800400
2412,237,213,266328,4655,729017,1857300
2413,225,245,266103,4635,729262,1721600
2414,230,244,265873,4621,729506,1670300
2415,222,235,265651,4608,729741,1818200
2416,235,222,265416,4621,729963,1714800
2417,237,219,265179,4639,730182,1671900
2418,221,249,264958,4611,730431,1957600
2419,237,227,264721,4621,730658,2868000
2420,231,252,264490,4600,730910,2240200
2421,224,238,264266,4586,731148,2312100
2422,227,236,264039,4577,731384,5998500
2423,225,245,263814,4557,731629,2096800
2424,231,250,263583,4538,731879,2076700
2425,237,269,263346,4506,732148,1925400
2426,225,208,263121,4523,732356,1954000
2427,240,228,262881,4535,732584,1883500
2428,217,214,262664,4538,732798,1846700
2429,233,243,262431,4528,733041,1982900
2430,225,210,262206,4543,733251,1785100
2431,234,225,261972,4552,733476,1773800
2432,228,231,261744,4549,733707,1871700
2433,221,207,261523,4563,733914,1998700
2434,224,224,261299,4563,734138,1862300
2435,225,205,261074,4583,734343,1755400
2436,227,236,260847,4574,734579,1757200
2437,244,251,260603,4567,734830,1707800
2438,230,225,260373,4572,735055,1876900
2439,193,230,260180,4535,735285,1736000
2440,232,246,259948,4521,735531,1746600
2441,232,233,259716,4520,735764,1713000
2442,218,240,259498,4498,736004,1778900
2443,210,215,259288,4493,736219,2049400
2444,231,211,259057,4513,736430,1722400
2445,209,215,258848,4507,736645,1812000
2446,238,220,258610,4525,736865,1724400
2447,223,256,258387,4492,737121,1716300
2448,210,232,258177,4470,737353,1883600
2449,215,224,257962,4461,737577,1865400
2450,227,236,257735,4452,737813,1899700
2451,202,218,257533,4436,738031,1768100
2452,208,224,257325,4420,738255,2142900
2453,215,228,257110,4407,738483,1767700
2454,241,233,256869,4415,738716,1718700
2455,219,241,256650,4393,738957,1818900
2456,230,213,256420,4410,739170,2055000
2457,229,220,256191,4419,739390,1727400
2458,242,229,255949,4432,739619,1720700
2459,223,209,255726,4446,739828,1703800
2460,249,243,255477,4452,740071,2155800
2461,219,235,255258,4436,740306,1784100
2462,231,213,255027,4454,740519,1789600
2463,207,208,254820,4453,740727,1699400
2464,204,206,254616,4451,740933,1657200
2465,190,224,254426,4417,741157,1770200
2466,218,203,254208,4432,741360,1784700
2467,231,223,253977,4440,741583,1659600
2468,222,200,253755,4462,741783,1784700
2469,213,225,253542,4450,742008,1673400
2470,207,227,253335,4430,742235,1707000
2471,200,234,253135,4396,742469,1650600
2472,193,210,252942,4379,742679,1654300
2473,195,228,252747,4346,742907,1669900
2474,209,230,252538,4325,743137,1679300
2475,187,223,252351,4289,743360,1648500
2476,194,230,252157,4253,743590,1711900
2477,199,233,251958,4219,743823,1680100
2478,194,234,251764,4179,744057,1673400
2479,211,182,251553,4208,744239,1746300
2480,215,223,251338,4200,744462,1651000
2481,215,215,251123,4200,744677,1650400
2482,221,218,250902,4203,744895,1786500
2483,211,207,250691,4207,745102,1717300
2484,203,190,250488,4220,745292,1681500
2485,195,209,250293,4206,745501,1735300
2486,227,209,250066,4224,745710,1803800
2487,225,174,249841,4275,745884,1830500
2488,213,192,249628,4296,746076,1857700
2489,189,232,249439,4253,746308,1658300
2490,205,236,249234,4222,746544,1743100
2491,196,202,249038,4216,746746,1897600
2492,199,199,248839,4216,746945,1652300
2493,203,227,248636,4192,747172,1670800
2494,206,197,248430,4201,747369,1779300
2495,213,208,248217,4206,747577,1815200
2496,202,211,248015,4197,747788,1933400
2497,205,187,247810,4215,747975,1714300
2498,217,181,247593,4251,748156,1695300
2499,221,188,247372,4284,748344,1668200
2500,221,212,247151,4293,748556,1716800
2501,223,234,246928,4282,748790,1754500
2502,213,249,246715,4246,749039,1665200
2503,214,208,246501,4252,749247,1720600
2504,217,191,246284,4278,749438,1754700
2505,198,213,246086,4263,749651,1696600
2506,207,234,245879,4236,749885,1748600
2507,233,181,245646,4288,750066,1662900
2508,192,229,245454,4251,750295,1684700
2509,212,213,245242,4250,750508,1964500
2510,217,193,245025,4274,750701,2170100
2511,206,240,244819,4240,750941,1781200
2512,227,213,244592,4254,751154,1678900
2513,216,198,244376,4272,751352,1709500
2514,229,216,244147,4285,751568,1892900
2515,227,232,243920,4280,751800,1750900
2516,224,211,243696,4293,752011,1739400
2517,214,208,243482,4299,752219,1731900
2518,257,228,243225,4328,752447,1631600
2519,235,234,242990,4329,752681,1638500
2520,230,214,242760,4345,752895,2244600
2521,217,210,242543,4352,753105,2185500
2522,203,231,242340,4324,753336,2096500
2523,216,219,242124,4321,753555,1687400
2524,201,258,241923,4264,753813,2016700
2525,192,221,241731,4235,754034,1984000
2526,182,207,241549,4210,754241,1766600
2527,194,229,241355,4175,754470,1740100
2528,201,236,241154,4140,754706,1892000
2529,196,204,240958,4132,754910,1632600
2530,220,202,240738,4150,755112,1777600
2531,202,196,240536,4156,755308,1664200
2532,202,208,240334,4150,755516,1643300
2533,193,197,240141,4146,755713,1651000
2534,218,202,239923,4162,755915,1739900
2535,195,195,239728,4162,756110,1622600
2536,224,238,239504,4148,756348,1665000
2537,218,190,239286,4176,756538,1733300
2538,197,197,239089,4176,756735,1659500
2539,200,207,238889,4169,756942,1850400
2540,189,195,238700,4163,757137,1659000
2541,181,195,238519,4149,757332,1714600
2542,220,223,238299,4146,757555,1669400
2543,203,230,238096,4119,757785,1638500
2544,213,199,237883,4133,757984,1732700
2545,229,195,237654,4167,758179,1705900
2546,230,222,237424,4175,758401,1642600
2547,231,209,237193,4197,758610,1635400
2548,208,200,236985,4205,758810,1673800
2549,220,233,236765,4192,759043,1766900
2550,246,235,236519,4203,759278,1788900
2551,196,221,236323,4178,759499,1866700
2552,213,207,236110,4184,759706,1673800
2553,177,212,235933,4149,759918,1668800
2554,224,210,235709,4163,760128,1794900
2555,212,215,235497,4160,760343,1710100
2556,210,228,235287,4142,760571,1659400
2557,207,199,235080,4150,760770,1655300
2558,201,228,234879,4123,760998,1642700
2559,204,190,234675,4137,761188,1678000
2560,204,218,234471,4123,761406,1648200
2561,218,214,234253,4127,761620,1900200
2562,214,191,234039,4150,761811,1711400
2563,230,214,233809,4166,762025,1854500
2564,195,199,233614,4162,762224,1656000
2565,227,212,233387,4177,762436,1763700
2566,218,218,233169,4177,762654,1610200
2567,212,215,232957,4174,762869,1763500
2568,203,240,232754,4137,763109,1674000
2569,190,207,232564,4120,763316,1693200
2570,213,188,232351,4145,763504,1654200
2571,192,230,232159,4107,763734,1739800
2572,193,182,231966,4118,763916,1760000
2573,205,190,231761,4133,764106,1653800
2574,189,205,231572,4117,764311,1655600
2575,201,211,231371,4107,764522,1780600
2576,194,198,231177,4103,764720,1723600
2577,201,198,230976,4106,764918,1689600
2578,205,232,230771,4079,765150,1885700
2579,217,219,230554,4077,765369,1779500
2580,222,186,230332,4113,765555,1709000
2581,210,207,230122,4116,765762,1638700
2582,209,221,229913,4104,765983,1671200
2583,201,211,229712,4094,766194,1735500
2584,212,235,229500,4071,766429,1645300
2585,223,206,229277,4088,766635,1661400
2586,220,207,229057,4101,766842,1744000
2587,222,185,228835,4138,767027,1657700
2588,227,212,228608,4153,767239,1654300
2589,219,235,228389,4137,767474,1758700
2590,206,208,228183,4135,767682,1701500
2591,247,203,227936,4179,767885,1652600
2592,222,211,227714,4190,768096,1964300
2593,206,204,227508,4192,768300,1781800
2594,219,199,227289,4212,768499,2008300
2595,186,212,227103,4186,768711,1825700
2596,219,195,226884,4210,768906,1844500
2597,218,238,226666,4190,769144,1800400
2598,196,222,226470,4164,769366,1807000
2599,208,209,226262,4163,769575,2183500
2600,199,220,226063,4142,769795,1768900
2601,229,223,225834,4148,770018,1801600
2602,227,215,225607,4160,770233,1936900
2603,207,194,225400,4173,770427,1738400
2604,213,218,225187,4168,770645,1732900
2605,204,195,224983,4177,770840,1701400
2606,211,208,224772,4180,771048,1692700
2607,203,219,224569,4164,771267,1682500
2608,195,225,224374,4134,771492,1676300
2609,218,211,224156,4141,771703,1816900
2610,185,227,223971,4099,771930,1869200
2611,230,198,223741,4131,772128,1890700
2612,233,207,223508,4157,772335,1851900
2613,192,175,223316,4174,772510,1714400
2614,191,185,223125,4180,772695,1672500
2615,217,226,222908,4171,772921,1709900
2616,215,219,222693,4167,773140,1686800
2617,208,206,222485,4169,773346,1671300
2618,175,207,222310,4137,773553,1798000
2619,195,202,222115,4130,773755,1734500
2620,194,196,221921,4128,773951,1687600
2621,192,207,221729,4113,774158,1672700
2622,207,214,221522,4106,774372,1766900
2623,185,209,221337,4082,774581,1665800
2624,189,200,221148,4071,774781,1691800
2625,212,203,220936,4080,774984,1766200
2626,224,203,220712,4101,775187,1704900
2627,201,229,220511,4073,775416,1626600
2628,190,204,220321,4059,775620,1785800
2629,188,200,220133,4047,775820,1683100
2630,193,176,219940,4064,775996,1637000
2631,194,210,219746,4048,776206,1685300
2632,176,222,219570,4002,776428,1794600
2633,206,185,219364,4023,776613,1702100
2634,200,221,219164,4002,776834,1656000
2635,197,226,218967,3973,777060,1646200
2636,215,176,218752,4012,777236,1753400
2637,195,206,218557,4001,777442,1698700
2638,208,195,218349,4014,777637,1930600
2639,207,203,218142,4018,777840,1796700
2640,192,211,217950,3999,778051,1766800
2641,197,202,217753,3994,778253,1702300
2642,187,216,217566,3965,778469,1629800
2643,203,197,217363,3971,778666,1779000
2644,202,227,217161,3946,778893,1713500
2645,215,199,216946,3962,779092,1642500
2646,197,211,216749,3948,779303,1631200
2647,195,198,216554,3945,779501,1764500
2648,224,180,216330,3989,779681,1668000
2649,189,231,216141,3947,779912,1733800
2650,216,191,215925,3972,780103,1748700
2651,207,203,215718,3976,780306,1707400
2652,183,206,215535,3953,780512,1655200
2653,210,239,215325,3924,780751,1654200
2654,179,202,215146,3901,780953,1734700
2655,209,189,214937,3921,781142,1865400
2656,215,192,214722,3944,781334,1841000
2657,179,174,214543,3949,781508,1813000
2658,190,218,214353,3921,781726,1827600
2659,213,201,214140,3933,781927,2347600
2660,222,190,213918,3965,782117,1787900
2661,198,200,213720,3963,782317,1759400
2662,181,198,213539,3946,782515,1989100
2663,209,191,213330,3964,782706,1940600
2664,206,214,213124,3956,782920,1778300
2665,240,210,212884,3986,783130,1768500
2666,206,226,212678,3966,783356,1741500
2667,205,164,212473,4007,783520,1757800
2668,203,224,212270,3986,783744,1837800
2669,193,194,212077,3985,783938,1666300
2670,188,186,211889,3987,784124,1723700
2671,193,178,211696,4002,784302,1817300
2672,194,217,211502,3979,784519,1788400
2673,214,199,211288,3994,784718,1768300
2674,203,198,211085,3999,784916,1731100
2675,193,197,210892,3995,785113,1924000
2676,215,220,210677,3990,785333,1819400
2677,196,197,210481,3989,785530,1841400
2678,204,216,210277,3977,785746,1716400
2679,186,221,210091,3942,785967,1703600
2680,221,196,209870,3967,786163,1656000
2681,200,189,209670,3978,786352,1732400
2682,209,185,209461,4002,786537,1790000
2683,206,219,209255,3989,786756,1718700
2684,190,211,209065,3968,786967,1774200
2685,194,197,208871,3965,787164,1657900
2686,219,188,208652,3996,787352,1697000
2687,243,193,208409,4046,787545,1702100
2688,196,217,208213,4025,787762,1785300
2689,210,191,208003,4044,787953,1675100
2690,216,192,207787,4068,788145,1719300
2691,194,181,207593,4081,788326,1861800
2692,197,210,207396,4068,788536,1791000
2693,196,223,207200,4041,788759,1764900
2694,182,206,207018,4017,788965,1872900
2695,189,195,206829,4011,789160,1712800
2696,169,195,206660,3985,789355,1754100
2697,195,200,206465,3980,789555,1796700
2698,183,191,206282,3972,789746,2231600
2699,212,209,206070,3975,789955,2324600
2700,211,193,205859,3993,790148,1998600
2701,212,192,205647,4013,790340,6955100
2702,212,189,205435,4036,790529,5340300
2703,195,201,205240,4030,790730,5772100
2704,193,185,205047,4038,790915,4922800
2705,185,194,204862,4029,791109,2704900
2706,207,213,204655,4023,791322,2875600
2707,176,184,204479,4015,791506,2776600
2708,219,206,204260,4028,791712,2137000
2709,199,182,204061,4045,791894,2440000
2710,200,207,203861,4038,792101,2393000
2711,192,183,203669,4047,792284,2227800
2712,183,230,203486,4000,792514,2075800
2713,170,228,203316,3942,792742,2435100
2714,199,184,203117,3957,792926,2337700
2715,210,219,202907,3948,793145,6522600
2716,195,218,202712,3925,793363,2350300
2717,206,180,202506,3951,793543,2141300
2718,181,205,202325,3927,793748,1927600
2719,177,201,202148,3903,793949,1896900
2720,188,197,201960,3894,794146,1913100
2721,200,197,201760,3897,794343,1915700
2722,177,209,201583,3865,794552,1909100
2723,183,191,201400,3857,794743,1908000
2724,199,200,201201,3856,794943,2014900
2725,192,214,201009,3834,795157,1793800
2726,190,177,200819,3847,795334,1752200
2727,200,185,200619,3862,795519,1884700
2728,177,204,200442,3835,795723,1819700
2729,182,187,200260,3830,795910,1720100
2730,194,178,200066,3846,796088,1729900
2731,185,213,199881,3818,796301,1782600
2732,176,168,199705,3826,796469,1884100
2733,168,188,199537,3806,796657,1740700
2734,174,181,199363,3799,796838,1899900
2735,173,213,199190,3759,797051,1992700
2736,191,182,198999,3768,797233,1765700
2737,186,197,198813,3757,797430,1769800
2738,196,208,198617,3745,797638,1765400
2739,171,160,198446,3756,797798,2085900
2740,177,179,198269,3754,797977,2064900
2741,216,182,198053,3788,798159,2034000
2742,171,213,197882,3746,798372,1647500
2743,205,182,197677,3769,798554,1729500
2744,176,182,197501,3763,798736,1950700
2745,174,212,197327,3725,798948,1942300
2746,189,179,197138,3735,799127,1765800
2747,173,185,196965,3723,799312,1730700
2748,174,180,196791,3717,799492,1950900
2749,173,183,196618,3707,799675,1729400
2750,162,183,196456,3686,799858,1805800
2751,204,197,196252,3693,800055,1775900
2752,165,187,196087,3671,800242,1792000
2753,184,183,195903,3672,800425,1720100
2754,201,201,195702,3672,800626,1917800
2755,184,192,195518,3664,800818,1747000
2756,180,167,195338,3677,800985,1862900
2757,193,221,195145,3649,801206,1765800
2758,185,171,194960,3663,801377,1712600
2759,209,161,194751,3711,801538,1757600
2760,210,181,194541,3740,801719,1770600
2761,166,189,194375,3717,801908,1828600
2762,196,177,194179,3736,802085,1817200
2763,186,170,193993,3752,802255,1795600
2764,190,185,193803,3757,802440,1911100
2765,202,194,193601,3765,802634,1846200
2766,199,174,193402,3790,802808,1708100
2767,187,174,193215,3803,802982,1786200
2768,189,211,193026,3781,803193,1717900
2769,219,162,192807,3838,803355,1722400
2770,174,187,192633,3825,803542,1715400
2771,194,170,192439,3849,803712,1669000
2772,189,170,192250,3868,803882,1680100
2773,190,184,192060,3874,804066,1697300
2774,178,220,191882,3832,804286,1782000
2775,170,189,191712,3813,804475,1802200
2776,198,170,191514,3841,804645,1676900
2777,181,195,191333,3827,804840,1607000
2778,185,196,191148,3816,805036,1759300
2779,187,182,190961,3821,805218,1667400
2780,173,184,190788,3810,805402,1637000
2781,182,206,190606,3786,805608,1769000
2782,183,185,190423,3784,805793,1617800
2783,194,190,190229,3788,805983,1886300
2784,177,171,190052,3794,806154,1766300
2785,184,164,189868,3814,806318,1796000
2786,176,187,189692,3803,806505,1744500
2787,174,183,189518,3794,806688,1811900
2788,175,201,189343,3768,806889,1912700
2789,176,181,189167,3763,807070,1639100
2790,185,169,188982,3779,807239,1758400
2791,187,165,188795,3801,807404,1661200
2792,202,185,188593,3818,807589,1642700
2793,183,173,188410,3828,807762,1761900
2794,192,202,188218,3818,807964,1685700
2795,190,193,188028,3815,808157,1622000
2796,184,163,187844,3836,808320,1813400
2797,193,208,187651,3821,808528,1767000
2798,179,191,187472,3809,808719,1624300
2799,170,195,187302,3784,808914,1620000
2800,174,184,187128,3774,809098,1785600
2801,186,188,186942,3772,809286,1710100
2802,170,212,186772,3730,809498,1688000
2803,165,196,186607,3699,809694,1742300
2804,186,182,186421,3703,809876,1743400
2805,193,178,186228,3718,810054,1703300
2806,187,210,186041,3695,810264,1677700
2807,195,168,185846,3722,810432,1980600
2808,156,157,185690,3721,810589,1789400
2809,188,185,185502,3724,810774,1727600
2810,182,198,185320,3708,810972,1764000
2811,184,182,185136,3710,811154,2050200
2812,160,194,184976,3676,811348,1652400
2813,176,193,184800,3659,811541,1743800
2814,184,191,184616,3652,811732,1653900
2815,182,166,184434,3668,811898,1630500
2816,201,177,184233,3692,812075,1770600
2817,180,173,184053,3699,812248,1725000
2818,192,186,183861,3705,812434,1653700
2819,197,164,183664,3738,812598,1655400
2820,196,196,183468,3738,812794,1754200
2821,185,206,183283,3717,813000,1657300
2822,185,176,183098,3726,813176,1678400
2823,185,193,182913,3718,813369,1743300
2824,181,187,182732,3712,813556,1716300
2825,171,202,182561,3681,813758,1657100
2826,189,188,182372,3682,813946,1750600
2827,169,184,182203,3667,814130,1887700
2828,162,196,182041,3633,814326,1734600
2829,171,191,181870,3613,814517,1708400
2830,189,195,181681,3607,814712,1677800
2831,179,177,181502,3609,814889,1848100
2832,203,169,181299,3643,815058,1740400
2833,210,196,181089,3657,815254,1710100
2834,174,179,180915,3652,815433,1764200
2835,173,181,180742,3644,815614,1657900
2836,197,179,180545,3662,815793,1680500
2837,168,179,180377,3651,815972,1877100
2838,192,163,180185,3680,816135,1797300
2839,200,174,179985,3706,816309,1806200
2840,175,209,179810,3672,816518,1716900
2841,210,193,179600,3689,816711,1666200
2842,199,195,179401,3693,816906,1943600
2843,196,181,179205,3708,817087,1702800
2844,182,189,179023,3701,817276,1687200
2845,174,179,178849,3696,817455,1844600
2846,189,185,178660,3700,817640,1665200
2847,186,166,178474,3720,817806,1770400
2848,198,224,178276,3694,818030,1794600
2849,176,179,178100,3691,818209,1694800
2850,152,177,177948,3666,818386,1673800
2851,176,168,177772,3674,818554,1636500
2852,181,172,177591,3683,818726,1673200
2853,157,208,177434,3632,818934,1670500
2854,176,183,177258,3625,819117,1709900
2855,177,182,177081,3620,819299,1660500
2856,194,187,176887,3627,819486,1642700
2857,188,167,176699,3648,819653,1776700
2858,160,186,176539,3622,819839,1659100
2859,178,189,176361,3611,820028,1623100
2860,180,154,176181,3637,820182,2209600
2861,168,180,176013,3625,820362,1829800
2862,170,196,175843,3599,820558,1755200
2863,172,175,175671,3596,820733,1734100
2864,193,170,175478,3619,820903,1672900
2865,168,199,175310,3588,821102,1678200
2866,197,179,175113,3606,821281,1653200
2867,166,163,174947,3609,821444,1669000
2868,195,187,174752,3617,821631,1659200
2869,161,207,174591,3571,821838,1681200
2870,189,182,174402,3578,822020,1677800
2871,184,157,174218,3605,822177,1696400
2872,192,173,174026,3624,822350,1644100
2873,165,184,173861,3605,822534,1662800
2874,190,185,173671,3610,822719,1649600
2875,178,185,173493,3603,822904,1770400
2876,201,155,173292,3649,823059,1672600
2877,171,185,173121,3635,823244,1670400
2878,183,163,172938,3655,823407,1805000
2879,161,219,172777,3597,823626,1724000
2880,160,165,172617,3592,823791,1674300
2881,154,174,172463,3572,823965,1676900
2882,194,179,172269,3587,824144,1799400
2883,174,185,172095,3576,824329,1668500
2884,187,166,171908,3597,824495,1656500
2885,178,190,171730,3585,824685,1794000
2886,171,196,171559,3560,824881,1851600
2887,164,160,171395,3564,825041,2013000
2888,156,180,171239,3540,825221,1860500
2889,158,183,171081,3515,825404,1670300
2890,157,154,170924,3518,825558,1692900
2891,170,207,170754,3481,825765,1791800
2892,167,177,170587,3471,825942,1698900
2893,156,177,170431,3450,826119,1626600
2894,176,164,170255,3462,826283,1644700
2895,164,178,170091,3448,826461,1651900
2896,166,187,169925,3427,826648,1669700
2897,153,164,169772,3416,826812,1958900
2898,162,162,169610,3416,826974,1672500
2899,184,176,169426,3424,827150,1673200
2900,157,167,169269,3414,827317,1668700
2901,155,146,169114,3423,827463,1779000
2902,156,165,168958,3414,827628,1741600
2903,186,175,168772,3425,827803,1684000
2904,182,191,168590,3416,827994,1623200
2905,167,175,168423,3408,828169,1751400
2906,175,165,168248,3418,828334,1666800
2907,162,180,168086,3400,828514,1642400
2908,160,186,167926,3374,828700,1798500
2909,202,166,167724,3410,828866,1656000
2910,161,160,167563,3411,829026,1630400
2911,171,163,167392,3419,829189,1776000
2912,160,159,167232,3420,829348,1726000
2913,187,169,167045,3438,829517,1660700
2914,161,171,166884,3428,829688,1672100
2915,154,166,166730,3416,829854,1856000
2916,177,156,166553,3437,830010,1697800
2917,169,185,166384,3421,830195,1680500
2918,159,162,166225,3418,830357,1731500
2919,161,162,166064,3417,830519,1729400
2920,155,167,165909,3405,830686,1649200
2921,155,161,165754,3399,830847,1883700
2922,160,168,165594,3391,831015,1883500
2923,157,185,165437,3363,831200,1825500
2924,153,155,165284,3361,831355,1758400
2925,165,171,165119,3355,831526,1774300
2926,167,189,164952,3333,831715,1714100
2927,153,191,164799,3295,831906,1813000
2928,152,141,164647,3306,832047,1799200
2929,140,153,164507,3293,832200,1734200
2930,148,142,164359,3299,832342,1674300
2931,156,162,164203,3293,832504,1763000
2932,149,186,164054,3256,832690,1931800
2933,164,161,163890,3259,832851,1727000
2934,159,159,163731,3259,833010,1651200
2935,139,169,163592,3229,833179,1610600
2936,153,159,163439,3223,833338,1877500
2937,144,164,163295,3203,833502,1686000
2938,165,159,163130,3209,833661,1716400
2939,153,167,162977,3195,833828,1745900
2940,145,163,162832,3177,833991,1757400
2941,173,135,162659,3215,834126,1628400
2942,150,180,162509,3185,834306,1652600
2943,154,168,162355,3171,834474,2242500
2944,151,163,162204,3159,834637,1658900
2945,184,178,162020,3165,834815,1726100
2946,154,171,161866,3148,834986,1658500
2947,167,170,161699,3145,835156,1657000
2948,168,156,161531,3157,835312,1733700
2949,160,133,161371,3184,835445,1657000
2950,150,167,161221,3167,835612,1719600
2951,178,175,161043,3170,835787,1739900
2952,148,181,160895,3137,835968,1691800
2953,149,178,160746,3108,836146,1621100
2954,152,148,160594,3112,836294,1737000
2955,169,154,160425,3127,836448,1693400
2956,183,160,160242,3150,836608,1637300
2957,162,159,160080,3153,836767,1770100
2958,176,155,159904,3174,836922,1760300
2959,167,149,159737,3192,837071,2075600
2960,172,180,159565,3184,837251,1793000
2961,175,136,159390,3223,837387,1795600
2962,172,176,159218,3219,837563,1719500
2963,151,163,159067,3207,837726,1796100
2964,185,133,158882,3259,837859,1762700
2965,158,151,158724,3266,838010,1698000
2966,184,169,158540,3281,838179,1619100
2967,149,178,158391,3252,838357,1689200
2968,169,160,158222,3261,838517,1699500
2969,182,169,158040,3274,838686,1626000
2970,172,148,157868,3298,838834,1794400
2971,148,172,157720,3274,839006,1699500
2972,175,158,157545,3291,839164,1623400
2973,195,154,157350,3332,839318,1752800
2974,159,164,157191,3327,839482,1722900
2975,177,174,157014,3330,839656,1672900
2976,168,162,156846,3336,839818,1668100
2977,168,191,156678,3313,840009,1650300
2978,174,201,156504,3286,840210,1662100
2979,164,168,156340,3282,840378,1664000
2980,156,158,156184,3280,840536,1761300
2981,167,149,156017,3298,840685,1665300
2982,162,163,155855,3297,840848,1660200
2983,136,167,155719,3266,841015,1759700
2984,167,174,155552,3259,841189,1858400
2985,163,155,155389,3267,841344,1960500
2986,166,181,155223,3252,841525,1729300
2987,158,161,155065,3249,841686,1679600
2988,149,169,154916,3229,841855,1756500
2989,172,170,154744,3231,842025,1740600
2990,170,176,154574,3225,842201,1914700
2991,174,161,154400,3238,842362,1684900
2992,162,149,154238,3251,842511,1760800
2993,177,141,154061,3287,842652,1818200
2994,183,161,153878,3309,842813,2006200
2995,176,146,153702,3339,842959,1697300
2996,151,162,153551,3328,843121,1679500
2997,155,149,153396,3334,843270,2066000
2998,143,178,153253,3299,843448,1771200
2999,146,156,153107,3289,843604,1766100
3000,161,162,152946,3288,843766,1882000
3001,141,152,152805,3277,843918,1910900
3002,161,156,152644,3282,844074,1894500
3003,176,159,152468,3299,844233,1832100
3004,169,152,152299,3316,844385,1691400
3005,173,165,152126,3324,844550,1742100
3006,166,172,151960,3318,844722,1697700
3007,146,151,151814,3313,844873,1674500
3008,157,157,151657,3313,845030,1684500
3009,171,177,151486,3307,845207,1694900
3010,180,145,151306,3342,845352,1664700
3011,190,168,151116,3364,845520,2093200
3012,171,193,150945,3342,845713,1788100
3013,187,152,150758,3377,845865,1778600
3014,168,172,150590,3373,846037,1674500
3015,177,166,150413,3384,846203,1649100
3016,190,166,150223,3408,846369,1752900
3017,192,171,150031,3429,846540,1722300
3018,175,165,149856,3439,846705,1637900
3019,189,179,149667,3449,846884,1650400
3020,186,162,149481,3473,847046,1765900
3021,168,175,149313,3466,847221,2002600
3022,197,141,149116,3522,847362,1763500
3023,218,156,148898,3584,847518,1859400
3024,178,196,148720,3566,847714,1761700
3025,190,178,148530,3578,847892,1758000
3026,188,200,148342,3566,848092,1708400
3027,173,185,148169,3554,848277,1661900
3028,178,153,147991,3579,848430,1634900
3029,171,181,147820,3569,848611,1667400
3030,181,176,147639,3574,848787,1680200
3031,203,179,147436,3598,848966,1735700
3032,172,185,147264,3585,849151,1730800
3033,183,195,147081,3573,849346,1620200
3034,171,168,146910,3576,849514,1639300
3035,185,193,146725,3568,849707,1776900
3036,178,177,146547,3569,849884,1642300
3037,177,173,146370,3573,850057,1677300
3038,148,182,146222,3539,850239,1845200
3039,170,189,146052,3520,850428,1731700
3040,178,181,145874,3517,850609,1701200
3041,161,184,145713,3494,850793,1665200
3042,166,180,145547,3480,850973,1772100
3043,178,162,145369,3496,851135,1722400
3044,171,172,145198,3495,851307,1661200
3045,162,165,145036,3492,851472,1765200
3046,157,185,144879,3464,851657,1823100
3047,160,162,144719,3462,851819,1800200
3048,169,194,144550,3437,852013,1640300
3049,194,196,144356,3435,852209,1636100
3050,177,178,144179,3434,852387,1713300
3051,161,143,144018,3452,852530,1628900
3052,167,173,143851,3446,852703,1716600
3053,162,177,143689,3431,852880,1623100
3054,168,173,143521,3426,853053,1695800
3055,146,168,143375,3404,853221,1745200
3056,156,168,143219,3392,853389,1951600
3057,167,169,143052,3390,853558,1640800
3058,184,149,142868,3425,853707,1658100
3059,179,176,142689,3428,853883,1670400
3060,167,170,142522,3425,854053,1718500
3061,194,175,142328,3444,854228,1663400
3062,162,184,142166,3422,854412,1620200
3063,182,154,141984,3450,854566,1736800
3064,143,172,141841,3421,854738,1861500
3065,169,164,141672,3426,854902,1639500
3066,140,167,141532,3399,855069,1653200
3067,173,171,141359,3401,855240,1696800
3068,195,163,141164,3433,855403,1622600
3069,160,167,141004,3426,855570,1784500
3070,163,164,140841,3425,855734,1723300
3071,174,160,140667,3439,855894,1648200
3072,138,153,140529,3424,856047,1647500
3073,135,166,140394,3393,856213,1757300
3074,157,171,140237,3379,856384,1759000
3075,177,178,140060,3378,856562,1731500
3076,158,157,139902,3379,856719,1721900
3077,150,174,139752,3355,856893,1731100
3078,134,158,139618,3331,857051,1666500
3079,160,178,139458,3313,857229,1625600
3080,154,168,139304,3299,857397,1740500
3081,135,159,139169,3275,857556,1653500
3082,177,161,138992,3291,857717,1645500
3083,161,182,138831,3270,857899,1754100
3084,149,164,138682,3255,858063,1640000
3085,139,152,138543,3242,858215,1631900
3086,170,176,138373,3236,858391,1763900
3087,157,198,138216,3195,858589,1688600
3088,151,158,138065,3188,858747,1737300
3089,143,141,137922,3190,858888,1750900
3090,128,166,137794,3152,859054,1764200
3091,146,162,137648,3136,859216,1650900
3092,139,157,137509,3118,859373,1648600
3093,158,164,137351,3112,859537,2017800
3094,143,172,137208,3083,859709,1775000
3095,139,153,137069,3069,859862,1653300
3096,144,175,136925,3038,860037,1622500
3097,150,144,136775,3044,860181,1747500
3098,167,142,136608,3069,860323,1720600
3099,138,140,136470,3067,860463,1631200
3100,137,147,136333,3057,860610,1651000
3101,153,148,136180,3062,860758,1738700
3102,165,161,136015,3066,860919,1667000
3103,151,158,135864,3059,861077,1652000
3104,148,149,135716,3058,861226,1751800
3105,148,137,135568,3069,861363,1750000
3106,147,162,135421,3054,861525,1659000
3107,163,157,135258,3060,861682,1771300
3108,130,169,135128,3021,861851,1733700
3109,140,149,134988,3012,862000,1652600
3110,159,137,134829,3034,862137,1636100
3111,159,147,134670,3046,862284,1661700
3112,153,152,134517,3047,862436,1657500
3113,146,145,134371,3048,862581,1639800
3114,152,167,134219,3033,862748,1718500
3115,161,152,134058,3042,862900,1930600
3116,149,176,133909,3015,863076,1664200
3117,161,150,133748,3026,863226,1668800
3118,136,146,133612,3016,863372,1736200
3119,158,161,133454,3013,863533,1665200
3120,132,150,133322,2995,863683,1860800
3121,148,141,133174,3002,863824,1666800
3122,136,146,133038,2992,863970,1687200
3123,159,159,132879,2992,864129,1650900
3124,151,164,132728,2979,864293,1761100
3125,152,154,132576,2977,864447,1719200
3126,168,160,132408,2985,864607,1655000
3127,153,148,132255,2990,864755,1616700
3128,138,161,132117,2967,864916,1639700
3129,150,124,131967,2993,865040,1661600
3130,157,163,131810,2987,865203,1623900
3131,155,145,131655,2997,865348,1712800
3132,143,155,131512,2985,865503,1626800
3133,145,152,131367,2978,865655,1706600
3134,155,152,131212,2981,865807,1733000
3135,169,140,131043,3010,865947,1686900
3136,166,168,130877,3008,866115,1664000
3137,142,145,130735,3005,866260,1753900
3138,144,150,130591,2999,866410,1739400
3139,149,140,130442,3008,866550,1736500
3140,149,170,130293,2987,866720,1764300
3141,161,149,130132,2999,866869,1742700
3142,177,156,129955,3020,867025,1669000
3143,172,166,129783,3026,867191,1658900
3144,137,138,129646,3025,867329,1767300
3145,148,153,129498,3020,867482,1701700
3146,139,142,129359,3017,867624,1871500
3147,146,139,129213,3024,867763,1789200
3148,160,164,129053,3020,867927,1772000
3149,135,160,128918,2995,868087,1760700
3150,154,153,128764,2996,868240,1637900
3151,135,161,128629,2970,868401,1728700
3152,149,158,128480,2961,868559,1673700
3153,148,150,128332,2959,868709,1688000
3154,144,143,128188,2960,868852,1683000
3155,146,143,128042,2963,868995,1659900
3156,139,160,127903,2942,869155,1996200
3157,131,162,127772,2911,869317,1746700
3158,165,163,127607,2913,869480,1816800
3159,141,138,127466,2916,869618,1749200
3160,149,151,127317,2914,869769,1761500
3161,141,158,127176,2897,869927,1722100
3162,162,144,127014,2915,870071,1727500
3163,130,148,126884,2897,870219,1673800
3164,148,136,126736,2909,870355,1794500
3165,147,155,126589,2901,870510,1731000
3166,160,153,126429,2908,870663,1713500
3167,157,150,126272,2915,870813,1741100
3168,144,139,126128,2920,870952,1770700
3169,150,128,125978,2942,871080,1821800
3170,133,167,125845,2908,871247,1799900
3171,155,152,125690,2911,871399,1709200
3172,127,137,125563,2901,871536,1794800
3173,145,155,125418,2891,871691,1665800
3174,135,152,125283,2874,871843,1669800
3175,153,129,125130,2898,871972,1641400
3176,156,129,124974,2925,872101,1672700
3177,135,135,124839,2925,872236,1650100
3178,177,128,124662,2974,872364,1827600
3179,144,161,124518,2957,872525,1816800
3180,131,141,124387,2947,872666,1734900
3181,156,129,124231,2974,872795,1647000
3182,153,156,124078,2971,872951,1670100
3183,171,149,123907,2993,873100,1662000
3184,145,138,123762,3000,873238,1650000
3185,159,139,123603,3020,873377,1671900
3186,162,156,123441,3026,873533,1769100
3187,155,156,123286,3025,873689,1648500
3188,148,149,123138,3024,873838,1639400
3189,139,142,122999,3021,873980,1797400
3190,149,142,122850,3028,874122,1740500
3191,135,160,122715,3003,874282,1811100
3192,161,150,122554,3014,874432,1709900
3193,164,137,122390,3041,874569,1696900
3194,155,154,122235,3042,874723,1728300
3195,152,149,122083,3045,874872,1633400
3196,171,147,121912,3069,875019,1644800
3197,140,171,121772,3038,875190,2289500
3198,165,152,121607,3051,875342,1803800
3199,176,150,121431,3077,875492,1889200
3200,152,170,121279,3059,875662,1902900
3201,147,166,121132,3040,875828,2634800
3202,165,164,120967,3041,875992,3798800
3203,158,153,120809,3046,876145,3933300
3204,160,154,120649,3052,876299,18981900
3205,138,140,120511,3050,876439,4245700
3206,129,161,120382,3018,876600,3246800
3207,144,159,120238,3003,876759,2260200
3208,158,152,120080,3009,876911,2526400
3209,147,162,119933,2994,877073,2282000
3210,137,151,119796,2980,877224,2949400
3211,127,162,119669,2945,877386,2595300
3212,171,144,119498,2972,877530,5759700
3213,143,153,119355,2962,877683,7279400
3214,122,147,119233,2937,877830,2338800
3215,147,151,119086,2933,877981,2154700
3216,146,150,118940,2929,878131,2024600
3217,138,138,118802,2929,878269,1890500
3218,138,176,118664,2891,878445,2004900
3219,126,139,118538,2878,878584,1843600
3220,144,169,118394,2853,878753,1822600
3221,136,147,118258,2842,878900,1850900
3222,128,145,118130,2825,879045,1820000
3223,141,146,117989,2820,879191,1781200
3224,145,160,117844,2805,879351,1770800
3225,144,177,117700,2772,879528,1785600
3226,149,151,117551,2770,879679,1806900
3227,130,154,117421,2746,879833,1783700
3228,141,143,117280,2744,879976,1818600
3229,144,136,117136,2752,880112,1925200
3230,128,149,117008,2731,880261,1868000
3231,135,147,116873,2719,880408,1838200
3232,135,142,116738,2712,880550,1951600
3233,141,133,116597,2720,880683,1860800
3234,138,129,116459,2729,880812,1936800
3235,125,132,116334,2722,880944,1919500
3236,150,173,116184,2699,881117,1873800
3237,123,136,116061,2686,881253,2065100
3238,132,123,115929,2695,881376,1819700
3239,126,137,115803,2684,881513,1989000
3240,154,121,115649,2717,881634,1887200
3241,136,133,115513,2720,881767,1927000
3242,134,137,115379,2717,881904,2012400
3243,117,123,115262,2711,882027,2012500
3244,129,131,115133,2709,882158,1986400
3245,139,110,114994,2738,882268,2042900
3246,127,134,114867,2731,882402,1798000
3247,122,123,114745,2730,882525,1878100
3248,139,148,114606,2721,882673,1680600
3249,104,130,114502,2695,882803,1680600
3250,141,126,114361,2710,882929,1665500
3251,149,137,114212,2722,883066,1695000
3252,143,134,114069,2731,883200,1748100
3253,126,129,113943,2728,883329,2027900
3254,135,135,113808,2728,883464,1660600
3255,142,139,113666,2731,883603,1811700
3256,140,140,113526,2731,883743,1706600
3257,152,141,113374,2742,883884,1820200
3258,140,117,113234,2765,884001,1720100
3259,122,136,113112,2751,884137,1720500
3260,134,129,112978,2756,884266,1619600
3261,131,115,112847,2772,884381,1646600
3262,120,130,112727,2762,884511,1731800
3263,139,147,112588,2754,884658,1663400
3264,114,144,112474,2724,884802,1717400
3265,136,146,112338,2714,884948,1712700
3266,138,130,112200,2722,885078,1628900
3267,142,149,112058,2715,885227,1694000
3268,116,138,111942,2693,885365,1733400
3269,143,161,111799,2675,885526,1633800
3270,127,135,111672,2667,885661,1639800
3271,136,118,111536,2685,885779,1770100
3272,154,114,111382,2725,885893,1677900
3273,132,137,111250,2720,886030,1686600
3274,140,164,111110,2696,886194,1734200
3275,128,106,110982,2718,886300,1653800
3276,144,140,110838,2722,886440,1652200
3277,137,130,110701,2729,886570,1711400
3278,108,119,110593,2718,886689,2035600
3279,141,127,110452,2732,886816,1904100
3280,125,143,110327,2714,886959,1850200
3281,133,116,110194,2731,887075,1669900
3282,118,136,110076,2713,887211,1644900
3283,142,141,109934,2714,887352,1987600
3284,143,148,109791,2709,887500,1675300
3285,125,142,109666,2692,887642,1655800
3286,145,137,109521,2700,887779,1749700
3287,140,100,109381,2740,887879,1779700
3288,141,135,109240,2746,888014,1769800
3289,137,128,109103,2755,888142,1708200
3290,146,141,108957,2760,888283,1905500
3291,124,143,108833,2741,888426,1859900
3292,133,157,108700,2717,888583,1746200
3293,130,130,108570,2717,888713,1737800
3294,144,128,108426,2733,888841,1673200
3295,121,139,108305,2715,888980,1693000
3296,111,131,108194,2695,889111,1734300
3297,118,146,108076,2667,889257,1725300
3298,138,129,107938,2676,889386,1782200
3299,141,141,107797,2676,889527,1700200
3300,135,152,107662,2659,889679,1813800
3301,148,138,107514,2669,889817,1721300
3302,169,127,107345,2711,889944,1739000
3303,135,126,107210,2720,890070,1642900
3304,133,126,107077,2727,890196,1736900
3305,157,136,106920,2748,890332,1717600
3306,119,124,106801,2743,890456,1742500
3307,117,141,106684,2719,890597,1708700
3308,133,114,106551,2738,890711,1772800
3309,124,128,106427,2734,890839,1746900
3310,121,138,106306,2717,890977,1851000
3311,127,139,106179,2705,891116,1683300
3312,135,152,106044,2688,891268,1712700
3313,137,111,105907,2714,891379,1680500
3314,129,137,105778,2706,891516,1904600
3315,129,139,105649,2696,891655,1708000
3316,147,139,105502,2704,891794,1904000
3317,143,126,105359,2721,891920,1897900
3318,139,131,105220,2729,892051,1899400
3319,122,128,105098,2723,892179,1910600
3320,127,123,104971,2727,892302,1795100
3321,141,138,104830,2730,892440,1929300
3322,136,130,104694,2736,892570,1749400
3323,142,143,104552,2735,892713,1755700
3324,129,130,104423,2734,892843,1806700
3325,127,141,104296,2720,892984,1737300
3326,135,139,104161,2716,893123,1748000
3327,129,123,104032,2722,893246,1720200
3328,139,139,103893,2722,893385,1748600
3329,125,150,103768,2697,893535,1794500
3330,132,135,103636,2694,893670,1746400
3331,125,120,103511,2699,893790,1745600
3332,130,122,103381,2707,893912,1738900
3333,131,127,103250,2711,894039,1757400
3334,125,132,103125,2704,894171,1712000
3335,145,122,102980,2727,894293,1663500
3336,133,130,102847,2730,894423,1751600
3337,144,132,102703,2742,894555,1787600
3338,125,141,102578,2726,894696,1970500
3339,113,144,102465,2695,894840,1755700
3340,133,143,102332,2685,894983,1695300
3341,118,121,102214,2682,895104,1743200
3342,119,144,102095,2657,895248,1732600
3343,105,135,101990,2627,895383,1723500
3344,120,130,101870,2617,895513,1700000
3345,131,130,101739,2618,895643,1757500
3346,118,129,101621,2607,895772,1755100
3347,131,116,101490,2622,895888,1745900
3348,130,145,101360,2607,896033,1666900
3349,140,132,101220,2615,896165,1716500
3350,118,117,101102,2616,896282,1755900
3351,112,134,100990,2594,896416,1715400
3352,119,125,100871,2588,896541,1761700
3353,119,138,100752,2569,896679,1754700
3354,103,99,100649,2573,896778,1736000
3355,122,129,100527,2566,896907,1922200
3356,108,119,100419,2555,897026,1744900
3357,104,118,100315,2541,897144,1693600
3358,147,112,100168,2576,897256,1680100
3359,102,127,100066,2551,897383,1672900
3360,104,121,99962,2534,897504,1780200
3361,122,132,99840,2524,897636,1712600
3362,107,149,99733,2482,897785,1686600
3363,99,122,99634,2459,897907,1772500
3364,107,133,99527,2433,898040,1714200
3365,98,130,99429,2401,898170,1697000
3366,97,112,99332,2386,898282,1680700
3367,95,114,99237,2367,898396,1734000
3368,98,127,99139,2338,898523,1677900
3369,106,124,99033,2320,898647,1885400
3370,95,114,98938,2301,898761,1745400
3371,120,106,98818,2315,898867,1743500
3372,110,120,98708,2305,898987,1693000
3373,108,122,98600,2291,899109,1685100
3374,104,116,98496,2279,899225,1675900
3375,118,122,98378,2275,899347,1684900
3376,123,117,98255,2281,899464,1690300
3377,120,126,98135,2275,899590,1776400
3378,115,118,98020,2272,899708,1893400
3379,114,86,97906,2300,899794,1665200
3380,100,119,97806,2281,899913,1680700
3381,103,108,97703,2276,900021,1771200
3382,104,113,97599,2267,900134,1736300
3383,112,99,97487,2280,900233,1696500
3384,94,108,97393,2266,900341,1646000
3385,109,110,97284,2265,900451,1744000
3386,112,105,97172,2272,900556,1636800
3387,94,133,97078,2233,900689,1669500
3388,120,130,96958,2223,900819,1674300
3389,91,108,96867,2206,900927,1666700
3390,108,107,96759,2207,901034,1668300
3391,98,102,96661,2203,901136,1986000
3392,120,99,96541,2224,901235,1734300
3393,132,128,96409,2228,901363,1749400
3394,92,120,96317,2200,901483,1733900
3395,97,121,96220,2176,901604,1728100
3396,110,102,96110,2184,901706,1745800
3397,111,122,95999,2173,901828,1733200
3398,115,120,95884,2168,901948,1724800
3399,110,118,95774,2160,902066,1683000
3400,100,109,95674,2151,902175,1793100
3401,109,110,95565,2150,902285,1676100
3402,107,87,95458,2170,902372,1702300
3403,117,113,95341,2174,902485,1948400
3404,102,117,95239,2159,902602,1769200
3405,109,132,95130,2136,902734,1875300
3406,105,95,95025,2146,902829,1731200
3407,93,109,94932,2130,902938,1670600
3408,132,96,94800,2166,903034,1773400
3409,121,116,94679,2171,903150,1740300
3410,107,92,94572,2186,903242,1698500
3411,114,108,94458,2192,903350,1924000
3412,109,106,94349,2195,903456,1783000
3413,101,96,94248,2200,903552,3396700
3414,110,112,94138,2198,903664,2208900
3415,104,102,94034,2200,903766,2479600
3416,99,114,93935,2185,903880,6287600
3417,102,119,93833,2168,903999,2220600
3418,105,118,93728,2155,904117,2013600
3419,111,113,93617,2153,904230,1902900
3420,102,115,93515,2140,904345,1832100
3421,113,95,93402,2158,904440,1768000
3422,100,115,93302,2143,904555,1978600
3423,109,115,93193,2137,904670,1831800
3424,114,93,93079,2158,904763,1723200
3425,112,105,92967,2165,904868,1801800
3426,123,104,92844,2184,904972,1775100
3427,117,122,92727,2179,905094,1813200
3428,105,129,92622,2155,905223,1812300
3429,105,111,92517,2149,905334,1682600
3430,105,102,92412,2152,905436,1662400
3431,114,108,92298,2158,905544,1626000
3432,95,102,92203,2151,905646,1728200
3433,102,114,92101,2139,905760,1645300
3434,102,117,91999,2124,905877,1651800
3435,117,119,91882,2122,905996,1925700
3436,109,117,91773,2114,906113,1781600
3437,112,103,91661,2123,906216,1613000
3438,88,108,91573,2103,906324,1635200
3439,89,99,91484,2093,906423,1623700
3440,121,102,91363,2112,906525,1627200
3441,103,122,91260,2093,906647,1603200
3442,111,121,91149,2083,906768,1670100
3443,127,104,91022,2106,906872,1619900
3444,108,116,90914,2098,906988,1734500
3445,105,86,90809,2117,907074,1686000
3446,90,88,90719,2119,907162,1746800
3447,125,86,90594,2158,907248,1743700
3448,126,103,90468,2181,907351,1739800
3449,98,103,90370,2176,907454,1644100
3450,120,129,90250,2167,907583,1636900
3451,108,112,90142,2163,907695,1732600
3452,107,113,90035,2157,907808,1635800
3453,110,106,89925,2161,907914,1661500
3454,100,103,89825,2158,908017,1806100
3455,105,95,89720,2168,908112,1740700
3456,112,93,89608,2187,908205,1886700
3457,105,131,89503,2161,908336,1998200
3458,104,93,89399,2172,908429,2084800
3459,107,102,89292,2177,908531,2176600
3460,107,120,89185,2164,908651,2035500
3461,106,83,89079,2187,908734,5864100
3462,117,98,88962,2206,908832,2128200
3463,113,114,88849,2205,908946,1910500
3464,107,106,88742,2206,909052,1959600
3465,109,111,88633,2204,909163,1826600
3466,111,110,88522,2205,909273,2009900
3467,105,102,88417,2208,909375,2001200
3468,96,106,88321,2198,909481,1937800
3469,120,116,88201,2202,909597,1866300
3470,120,107,88081,2215,909704,1789600
3471,111,115,87970,2211,909819,1971000
3472,116,107,87854,2220,909926,1645700
3473,109,123,87745,2206,910049,1732000
3474,108,88,87637,2226,910137,1780900
3475,120,110,87517,2236,910247,1772200
3476,104,102,87413,2238,910349,1694000
3477,121,94,87292,2265,910443,1828800
3478,114,102,87178,2277,910545,1634000
3479,110,111,87068,2276,910656,1626100
3480,123,125,86945,2274,910781,1704700
3481,94,106,86851,2262,910887,1642400
3482,120,110,86731,2272,910997,1625600
3483,83,111,86648,2244,911108,1767600
3484,105,131,86543,2218,911239,1645400
3485,110,97,86433,2231,911336,1763000
3486,119,112,86314,2238,911448,1649200
3487,105,98,86209,2245,911546,1627600
3488,104,116,86105,2233,911662,1588000
3489,89,107,86016,2215,911769,1763900
3490,108,108,85908,2215,911877,1870700
3491,95,123,85813,2187,912000,1615100
3492,109,114,85704,2182,912114,1631200
3493,95,101,85609,2176,912215,1674700
3494,117,105,85492,2188,912320,1651000
3495,117,134,85375,2171,912454,1734900
3496,112,109,85263,2174,912563,1671100
3497,106,100,85157,2180,912663,1634400
3498,94,101,85063,2173,912764,1736300
3499,99,92,84964,2180,912856,1743900
3500,126,113,84838,2193,912969,1694900
3501,101,103,84737,2191,913072,1651600
3502,108,100,84629,2199,913172,1783700
3503,103,117,84526,2185,913289,1704600
3504,114,103,84412,2196,913392,1867700
3505,114,129,84298,2181,913521,1621500
3506,106,113,84192,2174,913634,1729200
3507,101,111,84091,2164,913745,1630000
3508,114,117,83977,2161,913862,1629500
3509,99,104,83878,2156,913966,1745100
3510,117,106,83761,2167,914072,1641100
3511,95,96,83666,2166,914168,1673100
3512,110,125,83556,2151,914293,1628400
3513,122,112,83434,2161,914405,1737800
3514,101,82,83333,2180,914487,1720100
3515,120,95,83213,2205,914582,1647000
3516,113,109,83100,2209,914691,1697000
3517,96,118,83004,2187,914809,1638400
3518,118,101,82886,2204,914910,1848100
3519,98,121,82788,2181,915031,1763500
3520,93,112,82695,2162,915143,1679800
3521,103,101,82592,2164,915244,1626200
3522,98,107,82494,2155,915351,1733700
3523,114,110,82380,2159,915461,1634900
3524,110,116,82270,2153,915577,1842800
3525,116,96,82154,2173,915673,1751100
3526,129,115,82025,2187,915788,1750000
3527,117,97,81908,2207,915885,1693800
3528,108,116,81800,2199,916001,1909000
3529,107,109,81693,2197,916110,1770300
3530,109,106,81584,2200,916216,1679500
3531,109,111,81475,2198,916327,1721800
3532,115,120,81360,2193,916447,1669400
3533,105,111,81255,2187,916558,1674200
3534,100,115,81155,2172,916673,1721800
3535,96,97,81059,2171,916770,1677300
3536,116,123,80943,2164,916893,1684100
3537,116,95,80827,2185,916988,1823700
3538,102,105,80725,2182,917093,1738400
3539,118,112,80607,2188,917205,1714800
3540,117,117,80490,2188,917322,1717300
3541,113,110,80377,2191,917432,1702400
3542,110,89,80267,2212,917521,1684200
3543,114,107,80153,2219,917628,1700200
3544,109,110,80044,2218,917738,1732600
3545,125,123,79919,2220,917861,1964000
3546,96,107,79823,2209,917968,2044000
3547,99,90,79724,2218,918058,1692300
3548,117,123,79607,2212,918181,1673600
3549,113,126,79494,2199,918307,1900100
3550,100,99,79394,2200,918406,1700800
3551,124,113,79270,2211,918519,1721600
3552,105,116,79165,2200,918635,1623400
3553,98,134,79067,2164,918769,1647100
3554,109,121,78958,2152,918890,1701100
3555,103,108,78855,2147,918998,1584600
3556,104,101,78751,2150,919099,1628600
3557,114,109,78637,2155,919208,1671100
3558,88,123,78549,2120,919331,1700800
3559,112,95,78437,2137,919426,1641600
3560,87,98,78350,2126,919524,1621700
3561,115,111,78235,2130,919635,1630400
3562,90,98,78145,2122,919733,1738600
3563,118,94,78027,2146,919827,1680600
3564,105,109,77922,2142,919936,1628600
3565,119,103,77803,2158,920039,1632400
3566,104,88,77699,2174,920127,1690200
3567,94,113,77605,2155,920240,1617200
3568,102,97,77503,2160,920337,1646500
3569,108,115,77395,2153,920452,1623200
3570,96,90,77299,2159,920542,1634400
3571,102,104,77197,2157,920646,1738800
3572,104,114,77093,2147,920760,1623900
3573,122,110,76971,2159,920870,1644000
3574,106,102,76865,2163,920972,1736500
3575,98,114,76767,2147,921086,1636600
3576,109,120,76658,2136,921206,1760000
3577,108,127,76550,2117,921333,1659100
3578,101,99,76449,2119,921432,1663500
3579,97,120,76352,2096,921552,1628500
3580,80,97,76272,2079,921649,1748000
3581,96,104,76176,2071,921753,1826400
3582,111,105,76065,2077,921858,1619400
3583,99,118,75966,2058,921976,1575800
3584,96,111,75870,2043,922087,1723800
3585,99,106,75771,2036,922193,1632900
3586,103,106,75668,2033,922299,1638300
3587,103,115,75565,2021,922414,1707800
3588,107,91,75458,2037,922505,1625200
3589,102,112,75356,2027,922617,1630400
3590,90,89,75266,2028,922706,1692700
3591,104,91,75162,2041,922797,1647500
3592,96,108,75066,2029,922905,1630100
3593,89,99,74977,2019,923004,1678100
3594,93,127,74884,1985,923131,1634500
3595,115,108,74769,1992,923239,1637500
3596,85,100,74684,1977,923339,1649800
3597,96,94,74588,1979,923433,1621900
3598,106,85,74482,2000,923518,1739500
3599,98,90,74384,2008,923608,1675400
3600,95,98,74289,2005,923706,1632100
3601,107,96,74182,2016,923802,1634700
3602,104,79,74078,2041,923881,1625600
3603,109,89,73969,2061,923970,1633500
3604,111,93,73858,2079,924063,1709300
3605,114,113,73744,2080,924176,1819000
3606,106,84,73638,2102,924260,1623300
3607,100,97,73538,2105,924357,1629800
3608,108,99,73430,2114,924456,1687300
3609,130,104,73300,2140,924560,1637500
3610,115,97,73185,2158,924657,1624100
3611,100,109,73085,2149,924766,1649600
3612,110,83,72975,2176,924849,1623700
3613,81,120,72894,2137,924969,1740900
3614,118,121,72776,2134,925090,1770400
3615,112,106,72664,2140,925196,1629300
3616,101,101,72563,2140,925297,1658600
3617,104,128,72459,2116,925425,1721700
3618,102,94,72357,2124,925519,1653500
3619,94,116,72263,2102,925635,1664800
3620,94,106,72169,2090,925741,1699000
3621,91,87,72078,2094,925828,1651100
3622,109,101,71969,2102,925929,1646700
3623,89,96,71880,2095,926025,1705200
3624,93,103,71787,2085,926128,1665900
3625,97,90,71690,2092,926218,1684600
3626,99,102,71591,2089,926320,1730400
3627,111,105,71480,2095,926425,1639400
3628,100,110,71380,2085,926535,1613900
3629,110,99,71270,2096,926634,1720200
3630,89,112,71181,2073,926746,1856000
3631,89,109,71092,2053,926855,1633500
3632,86,91,71006,2048,926946,1634900
3633,73,111,70933,2010,927057,1749500
3634,99,79,70834,2030,927136,1643800
3635,83,94,70751,2019,927230,1634000
3636,95,113,70656,2001,927343,1720100
3637,102,98,70554,2005,927441,1626100
3638,83,76,70471,2012,927517,1640300
3639,84,113,70387,1983,927630,1656000
3640,78,99,70309,1962,927729,1622500
3641,87,101,70222,1948,927830,1712200
3642,72,101,70150,1919,927931,1682800
3643,99,100,70051,1918,928031,1663200
3644,84,91,69967,1911,928122,1944900
3645,94,93,69873,1912,928215,1728200
3646,87,113,69786,1886,928328,1644800
3647,90,81,69696,1895,928409,1846000
3648,87,90,69609,1892,928499,1643100
3649,96,99,69513,1889,928598,1743600
3650,85,98,69428,1876,928696,1665300
3651,80,99,69348,1857,928795,1761300
3652,75,81,69273,1851,928876,1892100
3653,96,100,69177,1847,928976,1752600
3654,86,98,69091,1835,929074,1615100
3655,72,87,69019,1820,929161,1959400
3656,91,86,68928,1825,929247,1753800
3657,82,106,68846,1801,929353,1680400
3658,75,84,68771,1792,929437,1794000
3659,76,86,68695,1782,929523,1674700
3660,70,87,68625,1765,929610,1638500
3661,92,93,68533,1764,929703,1628200
3662,88,99,68445,1753,929802,1641400
3663,89,96,68356,1746,929898,1692900
3664,87,93,68269,1740,929991,1638600
3665,84,88,68185,1736,930079,1944300
3666,103,84,68082,1755,930163,1664800
3667,91,78,67991,1768,930241,1676000
3668,82,86,67909,1764,930327,2000300
3669,86,73,67823,1777,930400,1648700
3670,83,116,67740,1744,930516,1705200
3671,89,89,67651,1744,930605,1677500
3672,78,77,67573,1745,930682,1994000
3673,77,97,67496,1725,930779,2033900
3674,90,88,67406,1727,930867,1832200
3675,96,83,67310,1740,930950,1799800
3676,87,105,67223,1722,931055,1682700
3677,92,80,67131,1734,931135,1657500
3678,108,98,67023,1744,931233,1752700
3679,98,85,66925,1757,931318,1677500
3680,91,105,66834,1743,931423,1870900
3681,87,81,66747,1749,931504,1596800
3682,88,95,66659,1742,931599,1643000
3683,77,72,66582,1747,931671,1613600
3684,103,92,66479,1758,931763,1633000
3685,84,84,66395,1758,931847,1683200
3686,89,73,66306,1774,931920,1621500
3687,93,73,66213,1794,931993,1648000
3688,96,83,66117,1807,932076,1662300
3689,76,98,66041,1785,932174,1887300
3690,90,83,65951,1792,932257,1657200
3691,91,98,65860,1785,932355,1993400
3692,104,86,65756,1803,932441,1655200
3693,77,84,65679,1796,932525,1645300
3694,92,94,65587,1794,932619,1668200
3695,88,80,65499,1802,932699,1765000
3696,89,78,65410,1813,932777,1915800
3697,99,101,65311,1811,932878,1738000
3698,84,78,65227,1817,932956,1700000
3699,97,69,65130,1845,933025,1760700
3700,81,95,65049,1831,933120,1911100
3701,87,80,64962,1838,933200,1763300
3702,83,89,64879,1832,933289,1694700
3703,87,90,64792,1829,933379,1666800
3704,93,98,64699,1824,933477,1774800
3705,94,93,64605,1825,933570,1741300
3706,86,88,64519,1823,933658,1685300
3707,87,74,64432,1836,933732,1678800
3708,82,78,64350,1840,933810,1707200
3709,89,107,64261,1822,933917,1759800
3710,91,92,64170,1821,934009,1596500
3711,85,94,64085,1812,934103,1645400
3712,85,77,64000,1820,934180,1638500
3713,95,99,63905,1816,934279,1669800
3714,102,104,63803,1814,934383,1725600
3715,89,81,63714,1822,934464,1756100
3716,76,93,63638,1805,934557,1874700
3717,74,92,63564,1787,934649,1719100
3718,96,104,63468,1779,934753,2074300
3719,93,97,63375,1775,934850,1777200
3720,62,98,63313,1739,934948,1715400
3721,94,95,63219,1738,935043,1725800
3722,90,83,63129,1745,935126,1727500
3723,65,83,63064,1727,935209,1831900
3724,80,103,62984,1704,935312,1744100
3725,93,89,62891,1708,935401,1738200
3726,71,87,62820,1692,935488,1780300
3727,79,74,62741,1697,935562,1752200
3728,85,92,62656,1690,935654,1767300
3729,73,84,62583,1679,935738,1815800
3730,84,92,62499,1671,935830,1805500
3731,66,56,62433,1681,935886,1773600
3732,86,78,62347,1689,935964,1653400
3733,86,93,62261,1682,936057,1862400
3734,81,96,62180,1667,936153,1700000
3735,79,82,62101,1664,936235,1677900
3736,87,74,62014,1677,936309,1638900
3737,80,87,61934,1670,936396,1709500
3738,87,83,61847,1674,936479,1643100
3739,81,85,61766,1670,936564,1962100
3740,80,76,61686,1674,936640,1663800
3741,85,79,61601,1680,936719,1735700
3742,81,83,61520,1678,936802,1944600
3743,81,88,61439,1671,936890,2057500
3744,73,77,61366,1667,936967,1816700
3745,74,77,61292,1664,937044,1840400
3746,92,83,61200,1673,937127,1934900
3747,85,87,61115,1671,937214,1786600
3748,90,95,61025,1666,937309,1777900
3749,61,82,60964,1645,937391,1925700
3750,65,95,60899,1615,937486,1774300
3751,94,73,60805,1636,937559,1779400
3752,75,75,60730,1636,937634,3876800
3753,95,78,60635,1653,937712,2042500
3754,89,85,60546,1657,937797,2185000
3755,92,77,60454,1672,937874,2009700
3756,90,94,60364,1668,937968,2044900
3757,95,86,60269,1677,938054,1890600
3758,75,76,60194,1676,938130,1928000
3759,81,63,60113,1694,938193,1876100
3760,76,88,60037,1682,938281,1913700
3761,84,87,59953,1679,938368,1962900
3762,83,80,59870,1682,938448,1897000
3763,85,87,59785,1680,938535,1941600
3764,76,92,59709,1664,938627,2117600
3765,89,80,59620,1673,938707,2193200
3766,79,96,59541,1656,938803,2070400
3767,83,87,59458,1652,938890,2112900
3768,76,79,59382,1649,938969,2340100
3769,91,80,59291,1660,939049,1886400
3770,77,75,59214,1662,939124,2170400
3771,69,103,59145,1628,939227,2033800
3772,86,83,59059,1631,939310,1815700
3773,80,88,58979,1623,939398,1788600
3774,76,74,58903,1625,939472,2119900
3775,61,78,58842,1608,939550,2094200
3776,86,78,58756,1616,939628,1829200
3777,95,67,58661,1644,939695,1788700
3778,94,75,58567,1663,939770,1802600
3779,79,73,58488,1669,939843,1822300
3780,73,88,58415,1654,939931,1775300
3781,77,79,58338,1652,940010,1758200
3782,60,88,58278,1624,940098,1760000
3783,79,75,58199,1628,940173,1755400
3784,75,91,58124,1612,940264,1757800
3785,87,81,58037,1618,940345,1786300
3786,82,80,57955,1620,940425,2014000
3787,58,86,57897,1592,940511,2015200
3788,75,81,57822,1586,940592,1812100
3789,71,93,57751,1564,940685,1788700
3790,77,74,57674,1567,940759,1768300
3791,71,97,57603,1541,940856,1767000
3792,69,74,57534,1536,940930,1978300
3793,63,85,57471,1514,941015,1766800
3794,51,82,57420,1483,941097,1885300
3795,72,79,57348,1476,941176,1768100
3796,82,90,57266,1468,941266,2003300
3797,72,74,57194,1466,941340,1944900
3798,84,69,57110,1481,941409,1758300
3799,67,83,57043,1465,941492,1818100
3800,69,77,56974,1457,941569,1811500
3801,75,72,56899,1460,941641,2171500
3802,60,91,56839,1429,941732,2059700
3803,65,70,56774,1424,941802,1975900
3804,77,61,56697,1440,941863,1836100
3805,67,75,56630,1432,941938,2197200
3806,74,65,56556,1441,942003,2071900
3807,88,79,56468,1450,942082,1904900
3808,78,68,56390,1460,942150,1886100
3809,79,65,56311,1474,942215,1810300
3810,84,87,56227,1471,942302,1972700
3811,79,67,56148,1483,942369,2074700
3812,77,88,56071,1472,942457,2026900
3813,68,73,56003,1467,942530,1963500
3814,59,81,55944,1445,942611,1879000
3815,71,67,55873,1449,942678,1818200
3816,68,61,55805,1456,942739,1970500
3817,87,85,55718,1458,942824,1876000
3818,78,58,55640,1478,942882,1870400
3819,63,63,55577,1478,942945,2024500
3820,69,61,55508,1486,943006,2113400
3821,71,80,55437,1477,943086,2012200
3822,73,67,55364,1483,943153,1870000
3823,82,80,55282,1485,943233,1951700
3824,84,75,55198,1494,943308,1960200
3825,89,83,55109,1500,943391,1993500
3826,80,70,55029,1510,943461,1835100
3827,76,76,54953,1510,943537,1960700
3828,94,68,54859,1536,943605,1858900
3829,86,76,54773,1546,943681,1908500
3830,82,80,54691,1548,943761,1877900
3831,94,76,54597,1566,943837,1832500
3832,77,75,54520,1568,943912,1853900
3833,106,77,54414,1597,943989,1871700
3834,82,65,54332,1614,944054,2081700
3835,86,76,54246,1624,944130,2074900
3836,63,71,54183,1616,944201,2113500
3837,88,69,54095,1635,944270,2011000
3838,91,77,54004,1649,944347,1954500
3839,84,76,53920,1657,944423,1921200
3840,78,86,53842,1649,944509,1986000
3841,77,87,53765,1639,944596,1998900
3842,92,70,53673,1661,944666,1919000
3843,74,88,53599,1647,944754,1878300
3844,89,75,53510,1661,944829,1919600
3845,85,86,53425,1660,944915,1996600
3846,88,75,53337,1673,944990,2064900
3847,70,62,53267,1681,945052,2010900
3848,78,100,53189,1659,945152,2114200
3849,73,73,53116,1659,945225,1923000
3850,87,81,53029,1665,945306,1880800
3851,63,73,52966,1655,945379,1968100
3852,81,75,52885,1661,945454,2038700
3853,75,87,52810,1649,945541,1978200
3854,79,82,52731,1646,945623,2029500
3855,57,70,52674,1633,945693,1871700
3856,77,84,52597,1626,945777,2038900
3857,77,80,52520,1623,945857,1860700
3858,69,80,52451,1612,945937,1831900
3859,72,62,52379,1622,945999,1968500
3860,68,81,52311,1609,946080,1962200
3861,84,80,52227,1613,946160,2072500
3862,73,77,52154,1609,946237,2020800
3863,67,69,52087,1607,946306,2039200
3864,58,81,52029,1584,946387,2065900
3865,59,80,51970,1563,946467,1845500
3866,70,79,51900,1554,946546,2035800
3867,74,94,51826,1534,946640,2045300
3868,68,78,51758,1524,946718,1990300
3869,75,73,51683,1526,946791,2055400
3870,71,82,51612,1515,946873,2185300
3871,60,75,51552,1500,946948,2047500
3872,68,84,51484,1484,947032,1933100
3873,67,73,51417,1478,947105,2053500
3874,64,73,51353,1469,947178,2076100
3875,52,76,51301,1445,947254,2175200
3876,63,79,51238,1429,947333,1886000
3877,60,70,51178,1419,947403,1859900
3878,66,77,51112,1408,947480,1912500
3879,68,68,51044,1408,947548,1802100
3880,69,75,50975,1402,947623,2640200
3881,75,74,50900,1403,947697,2602000
3882,76,69,50824,1410,947766,2179500
3883,79,70,50745,1419,947836,1987800
3884,61,68,50684,1412,947904,1957700
3885,96,93,50588,1415,947997,1909900
3886,72,52,50516,1435,948049,1949700
3887,75,54,50441,1456,948103,1979800
3888,69,77,50372,1448,948180,1863400
3889,72,66,50300,1454,948246,1839200
3890,72,82,50228,1444,948328,1895800
3891,66,66,50162,1444,948394,1987300
3892,69,89,50093,1424,948483,1853000
3893,57,65,50036,1416,948548,1936200
3894,69,83,49967,1402,948631,1928300
3895,60,60,49907,1402,948691,1864300
3896,71,72,49836,1401,948763,1975700
3897,75,66,49761,1410,948829,2018300
3898,50,64,49711,1396,948893,1959600
3899,76,62,49635,1410,948955,4792000
3900,62,58,49573,1414,949013,2705400
3901,68,61,49505,1421,949074,2471200
3902,63,63,49442,1421,949137,2388800
3903,64,62,49378,1423,949199,2031200
3904,79,71,49299,1431,949270,2121400
3905,71,76,49228,1426,949346,2023400
3906,63,67,49165,1422,949413,2085100
3907,79,71,49086,1430,949484,1988800
3908,74,59,49012,1445,949543,2127500
3909,85,69,48927,1461,949612,1951500
3910,68,82,48859,1447,949694,3872000
3911,64,72,48795,1439,949766,4780700
3912,78,77,48717,1440,949843,2120300
3913,82,77,48635,1445,949920,1986700
3914,66,77,48569,1434,949997,2478800
3915,83,62,48486,1455,950059,2896200
3916,74,77,48412,1452,950136,3264300
3917,60,83,48352,1429,950219,2291200
3918,71,77,48281,1423,950296,2199100
3919,67,72,48214,1418,950368,2373200
3920,79,63,48135,1434,950431,2405800
3921,66,75,48069,1425,950506,1991900
3922,77,75,47992,1427,950581,1966900
3923,71,73,47921,1425,950654,1954400
3924,63,75,47858,1413,950729,1973200
3925,62,79,47796,1396,950808,1921700
3926,67,68,47729,1395,950876,2109900
3927,61,79,47668,1377,950955,1955000
3928,74,81,47594,1370,951036,2055400
3929,70,71,47524,1369,951107,1941600
3930,67,62,47457,1374,951169,1939400
3931,74,63,47383,1385,951232,1956300
3932,67,69,47316,1383,951301,1899200
3933,55,63,47261,1375,951364,1885700
3934,63,68,47198,1370,951432,1915400
3935,62,77,47136,1355,951509,1872900
3936,59,65,47077,1349,951574,2002500
3937,66,70,47011,1345,951644,1864900
3938,63,75,46948,1333,951719,1860900
3939,61,78,46887,1316,951797,1862500
3940,70,60,46817,1326,951857,1889300
3941,73,49,46744,1350,951906,2107400
3942,70,71,46674,1349,951977,2366500
3943,70,69,46604,1350,952046,1870900
3944,66,58,46538,1358,952104,2164600
3945,72,64,46466,1366,952168,2167000
3946,66,71,46400,1361,952239,1888100
3947,70,62,46330,1369,952301,2226300
3948,58,60,46272,1367,952361,2121600
3949,67,73,46205,1361,952434,2310500
3950,67,52,46138,1376,952486,1918800
3951,73,89,46065,1360,952575,2359500
3952,69,75,45996,1354,952650,2212100
3953,77,64,45919,1367,952714,1913000
3954,58,72,45861,1353,952786,2203900
3955,67,62,45794,1358,952848,2139500
3956,53,69,45741,1342,952917,4871600
3957,67,67,45674,1342,952984,2679400
3958,64,67,45610,1339,953051,3259300
3959,63,69,45547,1333,953120,4089400
3960,60,69,45487,1324,953189,12409200
3961,72,63,45415,1333,953252,2377500
3962,52,72,45363,1313,953324,2346300
3963,62,59,45301,1316,953383,2653400
3964,57,66,45244,1307,953449,2246100
3965,56,80,45188,1283,953529,2266100
3966,66,68,45122,1281,953597,2342200
3967,60,74,45062,1267,953671,2115100
3968,52,52,45010,1267,953723,2197000
3969,59,70,44951,1256,953793,3088700
3970,59,76,44892,1239,953869,1977800
3971,61,72,44831,1228,953941,1961100
3972,56,54,44775,1230,953995,1791500
3973,59,65,44716,1224,954060,1880300
3974,57,75,44659,1206,954135,1806900
3975,63,46,44596,1223,954181,1810100
3976,51,69,44545,1205,954250,1747800
3977,61,67,44484,1199,954317,1794800
3978,59,58,44425,1200,954375,1766000
3979,64,53,44361,1211,954428,1777400
3980,52,67,44309,1196,954495,1910400
3981,56,55,44253,1197,954550,2093300
3982,65,60,44188,1202,954610,3501500
3983,56,52,44132,1206,954662,7844800
3984,58,54,44074,1210,954716,2138700
3985,54,72,44020,1192,954788,1828200
3986,52,52,43968,1192,954840,1745400
3987,55,59,43913,1188,954899,1717700
3988,50,40,43863,1198,954939,1850100
3989,54,57,43809,1195,954996,1894000
3990,56,64,43753,1187,955060,12914200
3991,62,63,43691,1186,955123,2001700
3992,53,67,43638,1172,955190,3099700
3993,51,51,43587,1172,955241,2183700
3994,70,63,43517,1179,955304,2423900
3995,54,63,43463,1170,955367,2219100
3996,58,57,43405,1171,955424,2214500
3997,59,50,43346,1180,955474,2146400
3998,70,58,43276,1192,955532,2078100
3999,57,59,43219,1190,955591,1993200
4000,63,69,43156,1184,955660,1928000
4001,45,51,43111,1178,955711,1948500
4002,51,52,43060,1177,955763,1859000
4003,59,60,43001,1176,955823,1771600
4004,59,63,42942,1172,955886,1818400
4005,68,56,42874,1184,955942,1769100
4006,59,68,42815,1175,956010,1622600
4007,62,57,42753,1180,956067,1840800
4008,53,57,42700,1176,956124,1735900
4009,43,47,42657,1172,956171,1685000
4010,47,55,42610,1164,956226,1725300
4011,48,62,42562,1150,956288,1691300
4012,58,68,42504,1140,956356,1724400
4013,54,54,42450,1140,956410,1838900
4014,59,50,42391,1149,956460,1896200
4015,64,57,42327,1156,956517,1793800
4016,53,71,42274,1138,956588,1695200
4017,48,61,42226,1125,956649,1857400
4018,54,47,42172,1132,956696,1719900
4019,62,47,42110,1147,956743,1700900
4020,69,54,42041,1162,956797,1727700
4021,56,47,41985,1171,956844,1710500
4022,73,70,41912,1174,956914,1648600
4023,62,63,41850,1173,956977,1736300
4024,55,62,41795,1166,957039,1743200
4025,61,59,41734,1168,957098,1719300
4026,75,56,41659,1187,957154,1624700
4027,53,59,41606,1181,957213,1711300
4028,64,47,41542,1198,957260,1919700
4029,63,57,41479,1204,957317,1677600
4030,60,58,41419,1206,957375,1640300
4031,56,51,41363,1211,957426,1955400
4032,65,57,41298,1219,957483,1698300
4033,60,62,41238,1217,957545,1826300
4034,58,75,41180,1200,957620,1850800
4035,59,63,41121,1196,957683,1749600
4036,45,63,41076,1178,957746,1758800
4037,64,48,41012,1194,957794,1752500
4038,63,59,40949,1198,957853,1770000
4039,53,63,40896,1188,957916,1703300
4040,48,51,40848,1185,957967,1860300
4041,77,73,40771,1189,958040,1701600
4042,57,60,40714,1186,958100,1733100
4043,66,60,40648,1192,958160,1704800
4044,58,69,40590,1181,958229,1752900
4045,58,67,40532,1172,958296,1742300
4046,56,65,40476,1163,958361,1710700
4047,60,52,40416,1171,958413,1704300
4048,66,62,40350,1175,958475,1793400
4049,56,54,40294,1177,958529,1889200
4050,48,61,40246,1164,958590,1759500
4051,73,63,40173,1174,958653,1765300
4052,53,55,40120,1172,958708,1740100
4053,56,69,40064,1159,958777,1756400
4054,51,62,40013,1148,958839,1852600
4055,56,65,39957,1139,958904,1795500
4056,57,46,39900,1150,958950,1739100
4057,43,53,39857,1140,959003,1756200
4058,69,52,39788,1157,959055,1784000
4059,53,48,39735,1162,959103,1728000
4060,63,61,39672,1164,959164,1731800
4061,53,58,39619,1159,959222,1734700
4062,57,57,39562,1159,959279,1759900
4063,61,55,39501,1165,959334,1738500
4064,52,56,39449,1161,959390,1660200
4065,65,55,39384,1171,959445,1662800
4066,58,72,39326,1157,959517,1723200
4067,57,61,39269,1153,959578,1658600
4068,57,64,39212,1146,959642,1681000
4069,53,59,39159,1140,959701,1600200
4070,72,59,39087,1153,959760,1664900
4071,61,51,39026,1163,959811,1608900
4072,61,68,38965,1156,959879,1635500
4073,61,65,38904,1152,959944,1626000
4074,58,52,38846,1158,959996,1694500
4075,58,56,38788,1160,960052,1681500
4076,53,62,38735,1151,960114,1679100
4077,46,65,38689,1132,960179,1706700
4078,60,58,38629,1134,960237,1666500
4079,62,48,38567,1148,960285,1633700
4080,53,59,38514,1142,960344,1690100
4081,56,53,38458,1145,960397,1673300
4082,52,64,38406,1133,960461,1644100
4083,61,63,38345,1131,960524,1742100
4084,45,60,38300,1116,960584,1640800
4085,65,50,38235,1131,960634,1686500
4086,62,77,38173,1116,960711,1725000
4087,49,52,38124,1113,960763,1610900
4088,58,55,38066,1116,960818,1708200
4089,73,55,37993,1134,960873,1643400
4090,50,56,37943,1128,960929,1613600
4091,60,42,37883,1146,960971,1703300
4092,61,64,37822,1143,961035,1606300
4093,64,55,37758,1152,961090,1664200
4094,52,58,37706,1146,961148,1602000
4095,47,61,37659,1132,961209,1835300
4096,59,56,37600,1135,961265,1606000
4097,41,49,37559,1127,961314,1829700
4098,44,61,37515,1110,961375,1639800
4099,50,48,37465,1112,961423,1750100
4100,51,78,37414,1085,961501,1779700
4101,46,52,37368,1079,961553,1730300
4102,58,59,37310,1078,961612,1670300
4103,45,46,37265,1077,961658,1637400
4104,45,42,37220,1080,961700,1637500
4105,57,53,37163,1084,961753,1580700
4106,54,48,37109,1090,961801,1704200
4107,54,52,37055,1092,961853,1854300
4108,51,57,37004,1086,961910,1620000
4109,55,64,36949,1077,961974,1743400
4110,59,52,36890,1084,962026,1669700
4111,51,39,36839,1096,962065,1615500
4112,63,45,36776,1114,962110,1725200
4113,54,66,36722,1102,962176,1764600
4114,58,59,36664,1101,962235,1630300
4115,60,54,36604,1107,962289,1629700
4116,51,50,36553,1108,962339,1695000
4117,43,64,36510,1087,962403,1627100
4118,45,51,36465,1081,962454,1625300
4119,63,60,36402,1084,962514,1619000
4120,49,53,36353,1080,962567,1621400
4121,53,66,36300,1067,962633,1795700
4122,43,45,36257,1065,962678,1738400
4123,41,60,36216,1046,962738,1652200
4124,48,36,36168,1058,962774,1724800
4125,55,51,36113,1062,962825,3198900
4126,62,53,36051,1071,962878,2124700
4127,54,53,35997,1072,962931,2545600
4128,40,61,35957,1051,962992,5928100
4129,48,54,35909,1045,963046,2059600
4130,61,58,35848,1048,963104,1863900
4131,57,41,35791,1064,963145,1876400
4132,74,53,35717,1085,963198,1862300
4133,52,59,35665,1078,963257,1862700
4134,62,57,35603,1083,963314,1819700
4135,55,68,35548,1070,963382,1830100
4136,60,54,35488,1076,963436,1786100
4137,58,49,35430,1085,963485,1779600
4138,56,64,35374,1077,963549,1803900
4139,56,51,35318,1082,963600,1623900
4140,62,50,35256,1094,963650,1735400
4141,68,59,35188,1103,963709,1614600
4142,68,56,35120,1115,963765,1673800
4143,64,69,35056,1110,963834,1838100
4144,49,52,35007,1107,963886,1745000
4145,49,63,34958,1093,963949,1642500
4146,60,66,34898,1087,964015,1641200
4147,59,64,34839,1082,964079,1708900
4148,58,50,34781,1090,964129,1623100
4149,57,60,34724,1087,964189,1622900
4150,58,50,34666,1095,964239,1726200
4151,58,65,34608,1088,964304,1777100
4152,55,63,34553,1080,964367,1617300
4153,57,44,34496,1093,964411,1739000
4154,44,47,34452,1090,964458,1730700
4155,54,54,34398,1090,964512,1624600
4156,49,53,34349,1086,964565,1718800
4157,51,51,34298,1086,964616,1664000
4158,57,46,34241,1097,964662,1625500
4159,51,61,34190,1087,964723,1691400
4160,54,60,34136,1081,964783,1668500
4161,57,56,34079,1082,964839,1679800
4162,48,51,34031,1079,964890,1702300
4163,51,49,33980,1081,964939,1653500
4164,33,60,33947,1054,964999,1626600
4165,47,54,33900,1047,965053,1723600
4166,57,44,33843,1060,965097,1910900
4167,47,51,33796,1056,965148,3211900
4168,49,60,33747,1045,965208,2119400
4169,57,52,33690,1050,965260,2006200
4170,65,55,33625,1060,965315,6310300
4171,52,53,33573,1059,965368,2064600
4172,53,48,33520,1064,965416,1904600
4173,76,45,33444,1095,965461,1870800
4174,49,61,33395,1083,965522,1923400
4175,52,50,33343,1085,965572,2038100
4176,46,56,33297,1075,965628,2146100
4177,68,60,33229,1083,965688,1857800
4178,47,54,33182,1076,965742,1797100
4179,54,44,33128,1086,965786,1786100
4180,59,65,33069,1080,965851,1816800
4181,53,63,33016,1070,965914,1739900
4182,53,62,32963,1061,965976,1707700
4183,42,51,32921,1052,966027,1668700
4184,65,54,32856,1063,966081,1593400
4185,46,45,32810,1064,966126,1614600
4186,54,40,32756,1078,966166,1734800
4187,53,60,32703,1071,966226,1712100
4188,55,80,32648,1046,966306,1614700
4189,56,55,32592,1047,966361,1577000
4190,45,48,32547,1044,966409,1614400
4191,59,54,32488,1049,966463,1629600
4192,48,39,32440,1058,966502,1757900
4193,50,44,32390,1064,966546,1763300
4194,65,50,32325,1079,966596,1668000
4195,61,56,32264,1084,966652,1720900
4196,52,46,32212,1090,966698,1639800
4197,39,50,32173,1079,966748,1605800
4198,45,48,32128,1076,966796,1630900
4199,56,50,32072,1082,966846,1667300
4200,41,45,32031,1078,966891,1625400
4201,55,69,31976,1064,966960,1758200
4202,44,54,31932,1054,967014,1854300
4203,55,56,31877,1053,967070,1739600
4204,58,64,31819,1047,967134,1735900
4205,44,51,31775,1040,967185,1709100
4206,50,62,31725,1028,967247,1693700
4207,56,49,31669,1035,967296,1686900
4208,51,54,31618,1032,967350,1586400
4209,50,67,31568,1015,967417,1669300
4210,45,52,31523,1008,967469,1613200
4211,43,46,31480,1005,967515,1809300
4212,58,57,31422,1006,967572,1702800
4213,49,51,31373,1004,967623,1763100
4214,46,50,31327,1000,967673,1677500
4215,45,48,31282,997,967721,1698900
4216,41,49,31241,989,967770,1774200
4217,42,41,31199,990,967811,1881000
4218,48,45,31151,993,967856,1663100
4219,59,46,31092,1006,967902,1796200
4220,49,53,31043,1002,967955,1888500
4221,56,60,30987,998,968015,1753800
4222,36,48,30951,986,968063,1707200
4223,33,52,30918,967,968115,1694400
4224,38,45,30880,960,968160,1766500
4225,49,46,30831,963,968206,1741400
4226,45,38,30786,970,968244,1725800
4227,49,55,30737,964,968299,1719700
4228,46,44,30691,966,968343,1743000
4229,60,54,30631,972,968397,1598900
4230,51,43,30580,980,968440,1801200
4231,51,57,30529,974,968497,1637000
4232,44,46,30485,972,968543,1612800
4233,57,48,30428,981,968591,1649100
4234,50,53,30378,978,968644,1719700
4235,44,50,30334,972,968694,1640500
4236,60,54,30274,978,968748,1630700
4237,43,47,30231,974,968795,1720600
4238,39,56,30192,957,968851,1891200
4239,46,52,30146,951,968903,1649200
4240,44,52,30102,943,968955,1708800
4241,36,35,30066,944,968990,1791200
4242,46,36,30020,954,969026,1649100
4243,40,43,29980,951,969069,1648200
4244,39,35,29941,955,969104,1799400
4245,38,51,29903,942,969155,1646400
4246,55,37,29848,960,969192,1614400
4247,46,41,29802,965,969233,1638400
4248,47,58,29755,954,969291,1655800
4249,37,50,29718,941,969341,1616200
4250,43,46,29675,938,969387,1858000
4251,46,48,29629,936,969435,1646100
4252,40,61,29589,915,969496,1786300
4253,46,38,29543,923,969534,1633600
4254,35,49,29508,909,969583,1743200
4255,43,36,29465,916,969619,1639100
4256,51,49,29414,918,969668,1617000
4257,44,43,29370,919,969711,1745000
4258,38,48,29332,909,969759,1631300
4259,36,43,29296,902,969802,1605100
4260,38,49,29258,891,969851,1853600
4261,37,41,29221,887,969892,1653200
4262,42,51,29179,878,969943,1609300
4263,28,43,29151,863,969986,2104900
4264,36,35,29115,864,970021,1717900
4265,46,46,29069,864,970067,1772800
4266,40,46,29029,858,970113,1821500
4267,42,31,28987,869,970144,1724600
4268,43,46,28944,866,970190,1704700
4269,49,41,28895,874,970231,1794600
4270,38,40,28857,872,970271,1755200
4271,42,31,28815,883,970302,1655200
4272,49,36,28766,896,970338,1723700
4273,42,42,28724,896,970380,1652600
4274,47,56,28677,887,970436,1746400
4275,44,50,28633,881,970486,1702900
4276,44,36,28589,889,970522,1788500
4277,46,48,28543,887,970570,1759900
4278,38,46,28505,879,970616,1681500
4279,37,49,28468,867,970665,1752800
4280,62,39,28406,890,970704,1679500
4281,38,45,28368,883,970749,1665200
4282,53,40,28315,896,970789,1664300
4283,36,40,28279,892,970829,1788500
4284,47,50,28232,889,970879,1652200
4285,41,51,28191,879,970930,1711100
4286,39,39,28152,879,970969,1677700
4287,49,39,28103,889,971008,1705000
4288,45,40,28058,894,971048,1633200
4289,39,39,28019,894,971087,1607900
4290,41,40,27978,895,971127,1649300
4291,44,44,27934,895,971171,1602000
4292,38,54,27896,879,971225,1719500
4293,44,39,27852,884,971264,1651800
4294,39,44,27813,879,971308,1728800
4295,50,37,27763,892,971345,1622900
4296,42,39,27721,895,971384,1629000
4297,36,49,27685,882,971433,1632300
4298,44,31,27641,895,971464,1732300
4299,38,40,27603,893,971504,1601400
4300,43,40,27560,896,971544,1632400
4301,34,47,27526,883,971591,1740700
4302,31,41,27495,873,971632,1657300
4303,43,44,27452,872,971676,1627100
4304,39,40,27413,871,971716,1965700
4305,50,39,27363,882,971755,1722900
4306,38,46,27325,874,971801,1644300
4307,39,40,27286,873,971841,1602900
4308,30,51,27256,852,971892,1740600
4309,41,38,27215,855,971930,1633900
4310,38,50,27177,843,971980,1618500
4311,45,42,27132,846,972022,1725000
4312,40,36,27092,850,972058,1690700
4313,44,37,27048,857,972095,1657500
4314,32,46,27016,843,972141,1618500
4315,42,52,26974,833,972193,1638700
4316,41,37,26933,837,972230,1659200
4317,39,49,26894,827,972279,1701400
4318,31,36,26863,822,972315,1870600
4319,50,52,26813,820,972367,1625900
4320,48,43,26765,825,972410,1604600
4321,35,36,26730,824,972446,1675200
4322,48,45,26682,827,972491,1632500
4323,44,44,26638,827,972535,1603000
4324,48,51,26590,824,972586,1612100
4325,44,37,26546,831,972623,1600700
4326,56,48,26490,839,972671,1708700
4327,44,45,26446,838,972716,1605900
4328,44,41,26402,841,972757,1659700
4329,44,50,26358,835,972807,1626700
4330,42,39,26316,838,972846,1626900
4331,50,45,26266,843,972891,1623200
4332,41,39,26225,845,972930,2158400
4333,49,44,26176,850,972974,1917200
4334,47,41,26129,856,973015,1703400
4335,51,50,26078,857,973065,1619200
4336,48,56,26030,849,973121,1598200
4337,37,46,25993,840,973167,1665800
4338,41,35,25952,846,973202,1699000
4339,38,46,25914,838,973248,1623200
4340,42,47,25872,833,973295,1648100
4341,39,41,25833,831,973336,1728900
4342,38,46,25795,823,973382,1615300
4343,48,40,25747,831,973422,1662100
4344,48,50,25699,829,973472,1642400
4345,34,31,25665,832,973503,1738400
4346,43,42,25622,833,973545,1740000
4347,43,39,25579,837,973584,1629800
4348,49,47,25530,839,973631,1636800
4349,47,48,25483,838,973679,1731100
4350,46,43,25437,841,973722,1856700
4351,30,48,25407,823,973770,1942400
4352,39,39,25368,823,973809,1783700
4353,46,51,25322,818,973860,1730500
4354,43,43,25279,818,973903,1725500
4355,33,35,25246,816,973938,1612100
4356,29,39,25217,806,973977,1615400
4357,36,48,25181,794,974025,1706500
4358,42,33,25139,803,974058,1609300
4359,44,46,25095,801,974104,1629900
4360,44,30,25051,815,974134,1617000
4361,43,39,25008,819,974173,1605300
4362,34,44,24974,809,974217,1719500
4363,43,42,24931,810,974259,1678500
4364,35,41,24896,804,974300,1612000
4365,44,30,24852,818,974330,1631500
4366,50,36,24802,832,974366,1662400
4367,41,29,24761,844,974395,1622600
4368,33,32,24728,845,974427,1741400
4369,44,45,24684,844,974472,1637700
4370,48,40,24636,852,974512,1625200
4371,40,32,24596,860,974544,1738400
4372,37,57,24559,840,974601,1646500
4373,32,44,24527,828,974645,1594700
4374,48,41,24479,835,974686,1725100
4375,38,33,24441,840,974719,1830800
4376,40,36,24401,844,974755,1602800
4377,36,41,24365,839,974796,1619900
4378,48,58,24317,829,974854,1668000
4379,39,40,24278,828,974894,1622000
4380,41,37,24237,832,974931,1710800
4381,43,40,24194,835,974971,1666400
4382,48,41,24146,842,975012,1625100
4383,37,34,24109,845,975046,1704400
4384,37,49,24072,833,975095,1663200
4385,27,44,24045,816,975139,1626200
4386,40,40,24005,816,975179,1696200
4387,37,42,23968,811,975221,1840300
4388,41,43,23927,809,975264,1655100
4389,25,43,23902,791,975307,1680400
4390,45,28,23857,808,975335,1736300
4391,34,42,23823,800,975377,1699300
4392,26,36,23797,790,975413,1642500
4393,33,29,23764,794,975442,1758800
4394,36,33,23728,797,975475,1679200
4395,29,38,23699,788,975513,1626700
4396,30,33,23669,785,975546,1612300
4397,36,37,23633,784,975583,1659400
4398,40,37,23593,787,975620,1630700
4399,39,42,23554,784,975662,1732300
4400,34,40,23520,778,975702,1648100
4401,34,50,23486,762,975752,1625800
4402,40,35,23446,767,975787,1715700
4403,33,32,23413,768,975819,1660000
4404,39,34,23374,773,975853,1608600
4405,31,45,23343,759,975898,1720700
4406,48,44,23295,763,975942,1678000
4407,37,35,23258,765,975977,1672200
4408,33,36,23225,762,976013,1721600
4409,43,46,23182,759,976059,1774000
4410,36,38,23146,757,976097,1689100
4411,46,47,23100,756,976144,1631400
4412,34,45,23066,745,976189,2184600
4413,36,36,23030,745,976225,1714500
4414,40,48,22990,737,976273,1686600
4415,35,29,22955,743,976302,1617300
4416,34,43,22921,734,976345,1631500
4417,33,38,22888,729,976383,1674400
4418,32,40,22856,721,976423,1622100
4419,36,32,22820,725,976455,1738700
4420,35,43,22785,717,976498,1650700
4421,43,36,22742,724,976534,1613200
4422,38,41,22704,721,976575,1715100
4423,40,34,22664,727,976609,1657500
4424,42,35,22622,734,976644,1703500
4425,42,35,22580,741,976679,1734500
4426,42,43,22538,740,976722,1685000
4427,42,34,22496,748,976756,1845700
4428,45,42,22451,751,976798,1632100
4429,56,37,22395,770,976835,1725000
4430,42,44,22353,768,976879,1688400
4431,50,36,22303,782,976915,1657400
4432,42,31,22261,793,976946,1688800
4433,54,44,22207,803,976990,1773700
4434,39,34,22168,808,977024,1670100
4435,36,29,22132,815,977053,1612200
4436,42,41,22090,816,977094,1711900
4437,36,43,22054,809,977137,1692800
4438,42,38,22012,813,977175,1612500
4439,36,39,21976,810,977214,1704900
4440,35,48,21941,797,977262,1571400
4441,31,29,21910,799,977291,1642200
4442,34,45,21876,788,977336,1700300
4443,29,37,21847,780,977373,1636900
4444,38,40,21809,778,977413,1633600
4445,41,36,21768,783,977449,1715800
4446,24,45,21744,762,977494,1939500
4447,27,52,21717,737,977546,1657200
4448,33,33,21684,737,977579,1827900
4449,37,38,21647,736,977617,1735900
4450,35,28,21612,743,977645,1653300
4451,34,37,21578,740,977682,1649200
4452,28,39,21550,729,977721,1731200
4453,32,34,21518,727,977755,1637500
4454,32,37,21486,722,977792,1617100
4455,27,44,21459,705,977836,1734000
4456,35,41,21424,699,977877,1623700
4457,29,32,21395,696,977909,1595600
4458,32,35,21363,693,977944,1724600
4459,26,32,21337,687,977976,1649200
4460,31,27,21306,691,978003,1625900
4461,37,32,21269,696,978035,1893400
4462,27,31,21242,692,978066,2049100
4463,31,40,21211,683,978106,1861400
4464,32,41,21179,674,978147,1639200
4465,30,30,21149,674,978177,1627300
4466,35,29,21114,680,978206,1739600
4467,28,43,21086,665,978249,1714900
4468,29,30,21057,664,978279,1631100
4469,34,28,21023,670,978307,1685300
4470,34,31,20989,673,978338,1646500
4471,23,37,20966,659,978375,1618800
4472,28,28,20938,659,978403,1674700
4473,26,39,20912,646,978442,1691100
4474,34,20,20878,660,978462,1601600
4475,21,34,20857,647,978496,1712600
4476,35,36,20822,646,978532,1679700
4477,33,23,20789,656,978555,1629200
4478,38,41,20751,653,978596,1631500
4479,31,30,20720,654,978626,1733600
4480,18,33,20702,639,978659,1703200
4481,23,37,20679,625,978696,1610700
4482,27,40,20652,612,978736,1668200
4483,31,39,20621,604,978775,1628100
4484,25,35,20596,594,978810,1882200
4485,27,30,20569,591,978840,1721700
4486,39,22,20530,608,978862,1624200
4487,24,40,20506,592,978902,1610800
4488,29,35,20477,586,978937,1706800
4489,33,30,20444,589,978967,1605100
4490,35,31,20409,593,978998,1616300
4491,27,23,20382,597,979021,1628800
4492,32,36,20350,593,979057,1629300
4493,33,28,20317,598,979085,1626300
4494,38,30,20279,606,979115,1616900
4495,23,34,20256,595,979149,1624400
4496,33,30,20223,598,979179,1732500
4497,32,33,20191,597,979212,1655300
4498,30,27,20161,600,979239,1629400
4499,43,27,20118,616,979266,1662900
4500,28,28,20090,616,979294,1638800
4501,30,27,20060,619,979321,1618900
4502,29,21,20031,627,979342,1730800
4503,31,24,20000,634,979366,1623500
4504,25,33,19975,626,979399,1808200
4505,41,38,19934,629,979437,1719800
4506,27,26,19907,630,979463,1663100
4507,29,26,19878,633,979489,1651100
4508,29,25,19849,637,979514,1854200
4509,26,28,19823,635,979542,1896600
4510,27,27,19796,635,979569,1653800
4511,33,27,19763,641,979596,1672400
4512,37,27,19726,651,979623,1674800
4513,16,35,19710,632,979658,1722300
4514,34,36,19676,630,979694,1667400
4515,36,26,19640,640,979720,1670200
4516,30,30,19610,640,979750,1737100
4517,30,34,19580,636,979784,1643400
4518,20,24,19560,632,979808,1671600
4519,30,29,19530,633,979837,1728000
4520,29,31,19501,631,979868,1663500
4521,39,41,19462,629,979909,1666600
4522,32,29,19430,632,979938,1721300
4523,35,35,19395,632,979973,1670200
4524,23,44,19372,611,980017,1615400
4525,25,29,19347,607,980046,1640100
4526,31,26,19316,612,980072,1654800
4527,30,35,19286,607,980107,1889000
4528,31,34,19255,604,980141,1958400
4529,25,30,19230,599,980171,1664000
4530,29,28,19201,600,980199,1722500
4531,28,31,19173,597,980230,1616700
4532,17,25,19156,589,980255,1609600
4533,22,31,19134,580,980286,1684200
4534,34,26,19100,588,980312,1635200
4535,33,18,19067,603,980330,1603100
4536,38,25,19029,616,980355,1659600
4537,30,22,18999,624,980377,1613600
4538,37,31,18962,630,980408,1715200
4539,29,25,18933,634,980433,1648600
4540,24,37,18909,621,980470,1614500
4541,21,39,18888,603,980509,1755400
4542,28,29,18860,602,980538,1674200
4543,29,34,18831,597,980572,1634400
4544,30,33,18801,594,980605,1609100
4545,22,24,18779,592,980629,1623600
4546,30,29,18749,593,980658,1919300
4547,29,23,18720,599,980681,1650600
4548,30,32,18690,597,980713,1731700
4549,22,29,18668,590,980742,1692300
4550,22,29,18646,583,980771,1606200
4551,27,29,18619,581,980800,1751600
4552,32,28,18587,585,980828,1618200
4553,29,26,18558,588,980854,1610300
4554,21,38,18537,571,980892,1702500
4555,23,25,18514,569,980917,1643300
4556,35,28,18479,576,980945,1673300
4557,28,25,18451,579,980970,1736100
4558,34,33,18417,580,981003,1607900
4559,29,29,18388,580,981032,1639900
4560,26,29,18362,577,981061,1736000
4561,36,25,18326,588,981086,1658900
4562,24,38,18302,574,981124,1628800
4563,25,27,18277,572,981151,1808900
4564,31,22,18246,581,981173,1759900
4565,28,21,18218,588,981194,1639700
4566,29,29,18189,588,981223,1602700
4567,28,35,18161,581,981258,1673700
4568,23,23,18138,581,981281,1790100
4569,34,25,18104,590,981306,1640400
4570,20,31,18084,579,981337,1741500
4571,27,16,18057,590,981353,1573700
4572,29,32,18028,587,981385,1609400
4573,27,29,18001,585,981414,1711300
4574,25,26,17976,584,981440,1610300
4575,33,26,17943,591,981466,1622200
4576,23,31,17920,583,981497,1680400
4577,15,31,17905,567,981528,1629200
4578,15,29,17890,553,981557,1676000
4579,19,26,17871,546,981583,1685800
4580,21,22,17850,545,981605,1625000
4581,27,28,17823,544,981633,1702400
4582,28,26,17795,546,981659,1691300
4583,25,26,17770,545,981685,1648100
4584,18,32,17752,531,981717,1600300
4585,21,33,17731,519,981750,1647200
4586,16,24,17715,511,981774,1686200
4587,21,24,17694,508,981798,1651700
4588,24,23,17670,509,981821,1713500
4589,18,26,17652,501,981847,1634100
4590,24,26,17628,499,981873,1736000
4591,22,27,17606,494,981900,1710600
4592,20,23,17586,491,981923,1674300
4593,27,35,17559,483,981958,1626500
4594,25,25,17534,483,981983,1704600
4595,27,20,17507,490,982003,1834500
4596,19,27,17488,482,982030,1623700
4597,18,34,17470,466,982064,1719100
4598,24,25,17446,465,982089,1654200
4599,17,25,17429,457,982114,1613000
4600,13,25,17416,445,982139,1821700
4601,17,15,17399,447,982154,1697800
4602,20,23,17379,444,982177,1615000
4603,21,18,17358,447,982195,1798200
4604,26,20,17332,453,982215,1729100
4605,32,20,17300,465,982235,1635800
4606,17,20,17283,462,982255,1635500
4607,26,10,17257,478,982265,1700200
4608,23,16,17234,485,982281,1621300
4609,27,24,17207,488,982305,1608700
4610,27,34,17180,481,982339,1736500
4611,29,23,17151,487,982362,1736500
4612,27,28,17124,486,982390,1976900
4613,24,21,17100,489,982411,1656500
4614,28,29,17072,488,982440,1739900
4615,32,22,17040,498,982462,1744500
4616,19,22,17021,495,982484,1653600
4617,29,22,16992,502,982506,1722900
4618,30,21,16962,511,982527,1706200
4619,30,29,16932,512,982556,1976000
4620,28,21,16904,519,982577,1870700
4621,28,30,16876,517,982607,1961700
4622,26,32,16850,511,982639,1733900
4623,27,29,16823,509,982668,1877300
4624,24,22,16799,511,982690,2057100
4625,24,25,16775,510,982715,1696100
4626,24,27,16751,507,982742,1722200
4627,19,21,16732,505,982763,1701100
4628,22,28,16710,499,982791,1911900
4629,19,23,16691,495,982814,1758000
4630,24,23,16667,496,982837,1695800
4631,21,25,16646,492,982862,1677800
4632,19,26,16627,485,982888,1674900
4633,28,29,16599,484,982917,1746900
4634,23,18,16576,489,982935,1658800
4635,31,27,16545,493,982962,1670700
4636,29,23,16516,499,982985,1716600
4637,15,25,16501,489,983010,1725100
4638,27,26,16474,490,983036,1873500
4639,24,21,16450,493,983057,1740600
4640,21,18,16429,496,983075,1718200
4641,20,22,16409,494,983097,1640000
4642,15,21,16394,488,983118,1606000
4643,19,28,16375,479,983146,1700000
4644,17,27,16358,469,983173,1651900
4645,14,25,16344,458,983198,1653500
4646,15,31,16329,442,983229,1827400
4647,16,25,16313,433,983254,1701700
4648,20,18,16293,435,983272,1670000
4649,21,21,16272,435,983293,1668900
4650,21,23,16251,433,983316,1828400
4651,28,23,16223,438,983339,2020400
4652,21,18,16202,441,983357,1677700
4653,11,31,16191,421,983388,1642000
4654,16,23,16175,414,983411,1678100
4655,21,27,16154,408,983438,1736400
4656,15,15,16139,408,983453,1652500
4657,14,14,16125,408,983467,1662400
4658,14,24,16111,398,983491,1713000
4659,12,16,16099,394,983507,1686700
4660,18,17,16081,395,983524,1634400
4661,19,16,16062,398,983540,1715100
4662,15,15,16047,398,983555,1634700
4663,14,18,16033,394,983573,1637500
4664,16,27,16017,383,983600,1711500
4665,12,23,16005,372,983623,1724300
4666,16,22,15989,366,983645,1689100
4667,19,17,15970,368,983662,1698500
4668,11,14,15959,365,983676,1703900
4669,9,18,15950,356,983694,1680200
4670,11,20,15939,347,983714,1647100
4671,9,16,15930,340,983730,1697100
4672,17,22,15913,335,983752,1869900
4673,12,15,15901,332,983767,1721800
4674,15,17,15886,330,983784,1674000
4675,11,15,15875,326,983799,1685400
4676,16,17,15859,325,983816,1660400
4677,18,18,15841,325,983834,1645800
4678,10,11,15831,324,983845,1703400
4679,11,14,15820,321,983859,1611600
4680,11,19,15809,313,983878,1603900
4681,10,15,15799,308,983893,1830700
4682,6,13,15793,301,983906,1680700
4683,18,12,15775,307,983918,1648300
4684,13,19,15762,301,983937,1718400
4685,5,13,15757,293,983950,1639700
4686,11,15,15746,289,983965,1655600
4687,12,13,15734,288,983978,1712600
4688,7,29,15727,266,984007,1687700
4689,5,10,15722,261,984017,1617800
4690,8,7,15714,262,984024,1719700
4691,11,12,15703,261,984036,1696100
4692,4,15,15699,250,984051,1688700
4693,2,20,15697,232,984071,1746900
4694,5,14,15692,223,984085,1815500
4695,3,12,15689,214,984097,1639700
4696,7,15,15682,206,984112,1674600
4697,7,8,15675,205,984120,1762900
4698,9,10,15666,204,984130,1685300
4699,5,10,15661,199,984140,1652700
4700,4,11,15657,192,984151,1648500
4701,0,12,15657,180,984163,1711900
4702,4,14,15653,170,984177,1665100
4703,3,8,15650,165,984185,1689800
4704,6,8,15644,163,984193,1740400
4705,5,6,15639,162,984199,1887600
4706,6,5,15633,163,984204,1652200
4707,3,7,15630,159,984211,1911700
4708,3,5,15627,157,984216,1927900
4709,4,9,15623,152,984225,1722900
4710,4,7,15619,149,984232,1861600
4711,4,9,15615,144,984241,1629700
4712,5,5,15610,144,984246,1601900
4713,6,6,15604,144,984252,1667300
4714,4,7,15600,141,984259,1632700
4715,4,6,15596,139,984265,1726200
4716,3,5,15593,137,984270,1682500
4717,5,8,15588,134,984278,1663900
4718,3,8,15585,129,984286,1789800
4719,6,5,15579,130,984291,1895600
4720,3,10,15576,123,984301,1672100
4721,2,5,15574,120,984306,1673400
4722,4,2,15570,122,984308,1670200
4723,5,7,15565,120,984315,1689800
4724,7,9,15558,118,984324,1674600
4725,7,5,15551,120,984329,1694700
4726,2,8,15549,114,984337,1684700
4727,1,5,15548,110,984342,1961600
4728,1,2,15547,109,984344,1726700
4729,3,4,15544,108,984348,2128900
4730,2,6,15542,104,984354,1699900
4731,2,11,15540,95,984365,1657800
4732,2,3,15538,94,984368,1675300
4733,2,4,15536,92,984372,1665800
4734,4,2,15532,94,984374,1706100
4735,1,2,15531,93,984376,1713300
4736,2,3,15529,92,984379,1792800
4737,4,6,15525,90,984385,1707100
4738,2,9,15523,83,984394,1701900
4739,2,3,15521,82,984397,1728300
4740,3,2,15518,83,984399,1719400
4741,2,3,15516,82,984402,1902400
4742,1,5,15515,78,984407,1735800
4743,3,3,15512,78,984410,1721700
4744,3,4,15509,77,984414,1724600
4745,2,4,15507,75,984418,1692500
4746,3,3,15504,75,984421,1617200
4747,3,4,15501,74,984425,1640100
4748,2,2,15499,74,984427,1670700
4749,3,3,15496,74,984430,1722500
4750,4,6,15492,72,984436,1704100
4751,3,2,15489,73,984438,1642500
4752,1,4,15488,70,984442,1682100
4753,5,2,15483,73,984444,1698900
4754,2,5,15481,70,984449,1698200
4755,1,5,15480,66,984454,1822200
4756,0,6,15480,60,984460,1593900
4757,2,4,15478,58,984464,1660600
4758,1,1,15477,58,984465,1840100
4759,1,4,15476,55,984469,1607600
4760,1,2,15475,54,984471,1653100
4761,1,5,15474,50,984476,1585700
4762,0,3,15474,47,984479,1679400
4763,1,1,15473,47,984480,1720100
4764,2,3,15471,46,984483,1666800
4765,2,4,15469,44,984487,1653200
4766,0,3,15469,41,984490,1589300
4767,0,3,15469,38,984493,1646000
4768,0,1,15469,37,984494,1665200
4769,1,2,15468,36,984496,1640200
4770,0,0,15468,36,984496,1847300
4771,0,3,15468,33,984499,1634400
4772,0,1,15468,32,984500,1650000
4773,1,2,15467,31,984502,1643800
4774,0,2,15467,29,984504,1669600
4775,0,2,15467,27,984506,1682300
4776,0,1,15467,26,984507,1680900
4777,0,3,15467,23,984510,1639400
4778,0,3,15467,20,984513,1707500
4779,0,1,15467,19,984514,1641800
4780,0,3,15467,16,984517,1667500
4781,0,1,15467,15,984518,1719100
4782,0,1,15467,14,984519,1704300
4783,0,0,15467,14,984519,1671000
4784,0,1,15467,13,984520,1668100
4785,0,0,15467,13,984520,1669300
4786,0,0,15467,13,984520,1757800
4787,0,0,15467,13,984520,1729600
4788,0,0,15467,13,984520,1680300
4789,0,0,15467,13,984520,1710500
4790,0,3,15467,10,984523,1855700
4791,0,1,15467,9,984524,1692800
4792,0,0,15467,9,984524,1690100
4793,0,0,15467,9,984524,1692400
4794,0,0,15467,9,984524,1632700
4795,0,0,15467,9,984524,1628800
4796,0,0,15467,9,984524,1615200
4797,0,0,15467,9,984524,1726600
4798,0,1,15467,8,984525,1640700
4799,0,0,15467,8,984525,1733700
4800,0,0,15467,8,984525,1711300
4801,0,1,15467,7,984526,1664700
4802,0,0,15467,7,984526,1659100
4803,0,0,15467,7,984526,1745200
4804,0,2,15467,5,984528,1777300
4805,0,1,15467,4,984529,1659800
4806,0,0,15467,4,984529,1819200
4807,0,0,15467,4,984529,1731500
4808,0,0,15467,4,984529,1689000
4809,0,0,15467,4,984529,1691200
4810,0,1,15467,3,984530,1743400
4811,0,0,15467,3,984530,1695600
4812,0,1,15467,2,984531,1676600
4813,0,0,15467,2,984531,1669500
4814,0,0,15467,2,984531,1740100
4815,0,0,15467,2,984531,1673900
4816,0,0,15467,2,984531,1695200
4817,0,0,15467,2,984531,1817500
4818,0,0,15467,2,984531,1693300
4819,0,0,15467,2,984531,1684000
4820,0,0,15467,2,984531,1699200
4821,0,0,15467,2,984531,1745100
4822,0,0,15467,2,984531,1761100
4823,0,0,15467,2,984531,1727700
4824,0,0,15467,2,984531,1718900
4825,0,0,15467,2,984531,1637200
4826,0,0,15467,2,984531,1756900
4827,0,1,15467,1,984532,1656600
4828,0,0,15467,1,984532,1622200
4829,0,0,15467,1,984532,1728600
4830,0,0,15467,1,984532,1675600
4831,0,0,15467,1,984532,1641600
4832,0,0,15467,1,984532,1641000
4833,0,0,15467,1,984532,1680500
4834,0,0,15467,1,984532,1668100
4835,0,0,15467,1,984532,1628200
4836,0,0,15467,1,984532,1612300
4837,0,0,15467,1,984532,1662600
4838,0,0,15467,1,984532,1795300
4839,0,0,15467,1,984532,1708800
4840,0,0,15467,1,984532,1654600
4841,0,0,15467,1,984532,1602300
4842,0,0,15467,1,984532,1723200
4843,0,0,15467,1,984532,1683800
4844,0,0,15467,1,984532,1616400
4845,0,0,15467,1,984532,1621500
4846,0,0,15467,1,984532,1686700
4847,0,0,15467,1,984532,1623200
4848,0,0,15467,1,984532,1626700
4849,0,0,15467,1,984532,1680800
4850,0,0,15467,1,984532,1696600
4851,0,0,15467,1,984532,1622900
4852,0,0,15467,1,984532,1663200
4853,0,0,15467,1,984532,1613500
4854,0,0,15467,1,984532,1627300
4855,0,0,15467,1,984532,1700600
4856,0,0,15467,1,984532,1624800
4857,0,0,15467,1,984532,1671200
4858,0,0,15467,1,984532,1736800
4859,0,0,15467,1,984532,1761100
4860,0,0,15467,1,984532,1826500
4861,0,0,15467,1,984532,1750000
4862,0,0,15467,1,984532,1688800
4863,0,0,15467,1,984532,1719000
4864,0,0,15467,1,984532,1759000
4865,0,0,15467,1,984532,1636400
4866,0,0,15467,1,984532,1739300
4867,0,0,15467,1,984532,1685000
4868,0,1,15467,0,984533,1672400
