Tick,NewlyInfected,NewlyRecovered,TotalSusceptible,TotalInfected,TotalRecovered,StepTimeNanos
0,1,0,3999994,6,0,12485600
1,3,0,3999991,9,0,12550400
2,2,1,3999989,10,1,12343100
3,1,1,3999988,10,2,13776700
4,3,0,3999985,13,2,12449100
5,3,0,3999982,16,2,12433000
6,2,1,3999980,17,3,12777700
7,1,0,3999979,18,3,12403900
8,6,1,3999973,23,4,12792300
9,4,0,3999969,27,4,12974800
10,9,1,3999960,35,5,13084500
11,9,2,3999951,42,7,12542100
12,10,1,3999941,51,8,12563700
13,7,2,3999934,56,10,12661400
14,9,2,3999925,63,12,12634000
15,8,1,3999917,70,13,13676400
16,12,3,3999905,79,16,14151400
17,10,2,3999895,87,18,13666700
18,9,1,3999886,95,19,12641400
19,11,6,3999875,100,25,12422300
20,15,5,3999860,110,30,12820700
21,16,5,3999844,121,35,13210300
22,9,2,3999835,128,37,13576300
23,10,4,3999825,134,41,13022900
24,15,9,3999810,140,50,13025400
25,9,9,3999801,140,59,12878000
26,12,10,3999789,142,69,12600300
27,15,12,3999774,145,81,12863100
28,16,12,3999758,149,93,12458200
29,12,7,3999746,154,100,12477400
30,9,13,3999737,150,113,12763500
31,16,5,3999721,161,118,12525400
32,11,11,3999710,161,129,12409000
33,15,10,3999695,166,139,12496300
34,15,11,3999680,170,150,12727800
35,9,3,3999671,176,153,12751400
36,13,5,3999658,184,158,13079100
37,16,2,3999642,198,160,12834500
38,23,12,3999619,209,172,12706700
39,16,16,3999603,209,188,12366500
40,17,13,3999586,213,201,12395900
41,20,12,3999566,221,213,15117100
42,20,15,3999546,226,228,12482500
43,23,12,3999523,237,240,13290500
44,25,13,3999498,249,253,12801800
45,25,11,3999473,263,264,13154300
46,20,13,3999453,270,277,12843800
47,23,12,3999430,281,289,12555500
48,32,14,3999398,299,303,12559700
49,21,13,3999377,307,316,13148700
50,29,12,3999348,324,328,12744500
51,25,16,3999323,333,344,12865300
52,34,22,3999289,345,366,12632800
53,27,18,3999262,354,384,12721900
54,36,16,3999226,374,400,12517500
55,27,18,3999199,383,418,12588700
56,31,21,3999168,393,439,12409800
57,23,20,3999145,396,459,12523500
58,30,22,3999115,404,481,12656600
59,42,21,3999073,425,502,12844700
60,31,9,3999042,447,511,13262200
61,30,28,3999012,449,539,12895400
62,36,27,3998976,458,566,12955500
63,18,15,3998958,461,581,13069700
64,32,19,3998926,474,600,12978400
65,36,19,3998890,491,619,12790700
66,41,23,3998849,509,642,13472400
67,44,27,3998805,526,669,12849700
68,49,28,3998756,547,697,13841200
69,34,24,3998722,557,721,13726400
70,48,25,3998674,580,746,13149200
71,50,16,3998624,614,762,13476300
72,40,35,3998584,619,797,12609300
73,45,29,3998539,635,826,14109500
74,35,32,3998504,638,858,12624200
75,37,24,3998467,651,882,12473200
76,59,35,3998408,675,917,12425100
77,53,41,3998355,687,958,12783300
78,49,30,3998306,706,988,12522200
79,61,37,3998245,730,1025,12429400
80,55,46,3998190,739,1071,12837600
81,56,40,3998134,755,1111,12779400
82,50,28,3998084,777,1139,12828600
83,61,43,3998023,795,1182,12661700
84,52,35,3997971,812,1217,13116800
85,60,37,3997911,835,1254,12669100
86,52,45,3997859,842,1299,13268300
87,62,41,3997797,863,1340,12539300
88,50,49,3997747,864,1389,12861200
89,69,35,3997678,898,1424,12678000
90,62,46,3997616,914,1470,12472200
91,60,39,3997556,935,1509,12461300
92,48,44,3997508,939,1553,12496100
93,59,54,3997449,944,1607,12426300
94,64,58,3997385,950,1665,12605000
95,64,50,3997321,964,1715,12672800
96,65,46,3997256,983,1761,13207800
97,48,51,3997208,980,1812,15249000
98,68,41,3997140,1007,1853,12617100
99,68,47,3997072,1028,1900,12526700
100,71,48,3997001,1051,1948,12597700
101,70,50,3996931,1071,1998,12560700
102,70,48,3996861,1093,2046,12516800
103,62,56,3996799,1099,2102,12542300
104,69,49,3996730,1119,2151,12690400
105,69,47,3996661,1141,2198,12447300
106,62,66,3996599,1137,2264,12750800
107,63,64,3996536,1136,2328,12425000
108,72,61,3996464,1147,2389,12529300
109,77,65,3996387,1159,2454,13135100
110,80,49,3996307,1190,2503,13180400
111,69,58,3996238,1201,2561,13260500
112,72,66,3996166,1207,2627,12539700
113,80,59,3996086,1228,2686,13595200
114,70,62,3996016,1236,2748,12454000
115,85,71,3995931,1250,2819,12437000
116,67,53,3995864,1264,2872,12698800
117,77,52,3995787,1289,2924,14550700
118,75,59,3995712,1305,2983,12662100
119,79,60,3995633,1324,3043,14291000
120,85,75,3995548,1334,3118,12848500
121,86,54,3995462,1366,3172,12490900
122,96,71,3995366,1391,3243,14467500
123,86,74,3995280,1403,3317,12822000
124,105,75,3995175,1433,3392,12636700
125,93,66,3995082,1460,3458,12921700
126,98,73,3994984,1485,3531,13308600
127,102,77,3994882,1510,3608,13394400
128,90,63,3994792,1537,3671,15965700
129,99,83,3994693,1553,3754,12880500
130,98,69,3994595,1582,3823,12526600
131,95,81,3994500,1596,3904,12441700
132,94,97,3994406,1593,4001,12483600
133,78,67,3994328,1604,4068,12642900
134,93,79,3994235,1618,4147,12920000
135,100,76,3994135,1642,4223,13484000
136,86,82,3994049,1646,4305,13424900
137,94,82,3993955,1658,4387,13034400
138,107,87,3993848,1678,4474,13292400
139,95,80,3993753,1693,4554,14340400
140,112,91,3993641,1714,4645,13148600
141,111,98,3993530,1727,4743,12954300
142,98,81,3993432,1744,4824,12679500
143,111,86,3993321,1769,4910,12852000
144,87,91,3993234,1765,5001,13562800
145,100,100,3993134,1765,5101,13144000
146,102,84,3993032,1783,5185,14842500
147,101,80,3992931,1804,5265,14762100
148,118,96,3992813,1826,5361,13097800
149,117,91,3992696,1852,5452,12964800
150,90,86,3992606,1856,5538,13805300
151,99,88,3992507,1867,5626,13024200
152,98,96,3992409,1869,5722,13874500
153,108,95,3992301,1882,5817,12856600
154,95,102,3992206,1875,5919,13147100
155,95,91,3992111,1879,6010,13007600
156,122,102,3991989,1899,6112,13644100
157,118,113,3991871,1904,6225,12950500
158,123,95,3991748,1932,6320,12969200
159,122,79,3991626,1975,6399,15336600
160,118,100,3991508,1993,6499,12814600
161,122,94,3991386,2021,6593,12952700
162,115,100,3991271,2036,6693,12799800
163,117,114,3991154,2039,6807,12978800
164,118,110,3991036,2047,6917,13388100
165,125,106,3990911,2066,7023,13283400
166,116,98,3990795,2084,7121,13110800
167,127,96,3990668,2115,7217,13587900
168,117,102,3990551,2130,7319,14883200
169,122,113,3990429,2139,7432,15274800
170,119,112,3990310,2146,7544,13207300
171,127,120,3990183,2153,7664,15215600
172,121,100,3990062,2174,7764,12871600
173,114,117,3989948,2171,7881,13151200
174,122,116,3989826,2177,7997,12896400
175,117,115,3989709,2179,8112,14235100
176,132,110,3989577,2201,8222,12824400
177,131,117,3989446,2215,8339,12806700
178,108,109,3989338,2214,8448,12752600
179,117,117,3989221,2214,8565,12888500
180,127,109,3989094,2232,8674,13073800
181,127,109,3988967,2250,8783,13263900
182,146,117,3988821,2279,8900,13224300
183,120,112,3988701,2287,9012,12623900
184,133,102,3988568,2318,9114,13194100
185,111,125,3988457,2304,9239,14519900
186,142,133,3988315,2313,9372,14709800
187,139,107,3988176,2345,9479,13319000
188,138,116,3988038,2367,9595,14252800
189,139,107,3987899,2399,9702,13398200
190,141,131,3987758,2409,9833,12887400
191,136,120,3987622,2425,9953,13604800
192,130,102,3987492,2453,10055,13878700
193,167,132,3987325,2488,10187,14169500
194,149,124,3987176,2513,10311,13828400
195,143,126,3987033,2530,10437,13139200
196,147,147,3986886,2530,10584,13310200
197,136,131,3986750,2535,10715,13476400
198,144,113,3986606,2566,10828,13998100
199,136,121,3986470,2581,10949,12865200
200,155,117,3986315,2619,11066,12684100
201,146,142,3986169,2623,11208,12900900
202,144,166,3986025,2601,11374,13095900
203,149,152,3985876,2598,11526,13052000
204,163,126,3985713,2635,11652,12841900
205,152,128,3985561,2659,11780,12777700
206,162,143,3985399,2678,11923,13227800
207,153,133,3985246,2698,12056,12979400
208,159,133,3985087,2724,12189,13695400
209,146,118,3984941,2752,12307,12947300
210,142,131,3984799,2763,12438,13127300
211,157,140,3984642,2780,12578,14588500
212,151,126,3984491,2805,12704,13449900
213,170,144,3984321,2831,12848,13345400
214,146,153,3984175,2824,13001,13034300
215,146,142,3984029,2828,13143,13061200
216,167,140,3983862,2855,13283,13176000
217,178,141,3983684,2892,13424,12994300
218,156,137,3983528,2911,13561,13669400
219,173,138,3983355,2946,13699,13352800
220,160,136,3983195,2970,13835,12991500
221,153,146,3983042,2977,13981,12874500
222,151,154,3982891,2974,14135,12736700
223,169,149,3982722,2994,14284,12643700
224,147,128,3982575,3013,14412,13055000
225,176,156,3982399,3033,14568,12776300
226,171,157,3982228,3047,14725,13355700
227,184,150,3982044,3081,14875,14847200
228,188,158,3981856,3111,15033,13023600
229,187,152,3981669,3146,15185,12879500
230,187,152,3981482,3181,15337,13164700
231,185,164,3981297,3202,15501,15515000
232,183,165,3981114,3220,15666,14514800
233,195,155,3980919,3260,15821,14107300
234,160,127,3980759,3293,15948,15817600
235,174,152,3980585,3315,16100,13976500
236,174,181,3980411,3308,16281,13512100
237,188,183,3980223,3313,16464,13315000
238,200,163,3980023,3350,16627,14024800
239,174,171,3979849,3353,16798,13522200
240,184,158,3979665,3379,16956,15224800
241,178,175,3979487,3382,17131,13716700
242,174,206,3979313,3350,17337,15046000
243,171,157,3979142,3364,17494,15021200
244,183,161,3978959,3386,17655,13480500
245,170,173,3978789,3383,17828,14356300
246,189,185,3978600,3387,18013,12897900
247,184,176,3978416,3395,18189,13438800
248,164,155,3978252,3404,18344,13578300
249,203,161,3978049,3446,18505,13198600
250,183,153,3977866,3476,18658,13600000
251,184,170,3977682,3490,18828,13604000
252,196,170,3977486,3516,18998,13154200
253,184,198,3977302,3502,19196,13004100
254,179,181,3977123,3500,19377,13053200
255,190,176,3976933,3514,19553,12803500
256,183,161,3976750,3536,19714,12831500
257,185,170,3976565,3551,19884,12795400
258,205,172,3976360,3584,20056,12927300
259,217,158,3976143,3643,20214,13156300
260,179,203,3975964,3619,20417,12676000
261,217,179,3975747,3657,20596,12670300
262,209,167,3975538,3699,20763,13088000
263,192,197,3975346,3694,20960,12765500
264,186,179,3975160,3701,21139,12738200
265,206,192,3974954,3715,21331,12710300
266,227,202,3974727,3740,21533,12757100
267,194,179,3974533,3755,21712,13183200
268,225,172,3974308,3808,21884,12831000
269,216,190,3974092,3834,22074,13208900
270,219,202,3973873,3851,22276,12818800
271,235,195,3973638,3891,22471,13087400
272,238,192,3973400,3937,22663,12842700
273,258,208,3973142,3987,22871,13063300
274,221,204,3972921,4004,23075,12954500
275,233,213,3972688,4024,23288,13236800
276,228,204,3972460,4048,23492,13040300
277,238,178,3972222,4108,23670,12783700
278,231,209,3971991,4130,23879,12772800
279,244,204,3971747,4170,24083,13083100
280,211,213,3971536,4168,24296,13218100
281,249,197,3971287,4220,24493,12973800
282,234,219,3971053,4235,24712,13054500
283,232,216,3970821,4251,24928,13151700
284,227,213,3970594,4265,25141,13498300
285,227,200,3970367,4292,25341,12930400
286,234,223,3970133,4303,25564,15452400
287,219,224,3969914,4298,25788,12842900
288,233,230,3969681,4301,26018,12860300
289,258,198,3969423,4361,26216,12823800
290,261,237,3969162,4385,26453,13137900
291,253,227,3968909,4411,26680,13175200
292,247,210,3968662,4448,26890,13483600
293,242,227,3968420,4463,27117,13795100
294,239,208,3968181,4494,27325,12779200
295,236,224,3967945,4506,27549,13029000
296,249,244,3967696,4511,27793,12986200
297,261,212,3967435,4560,28005,13084900
298,224,240,3967211,4544,28245,13151400
299,234,237,3966977,4541,28482,13284400
300,249,220,3966728,4570,28702,13002600
301,244,239,3966484,4575,28941,13472200
302,273,216,3966211,4632,29157,12982000
303,243,230,3965968,4645,29387,12929700
304,216,258,3965752,4603,29645,12958900
305,245,224,3965507,4624,29869,15065800
306,242,231,3965265,4635,30100,12843000
307,232,227,3965033,4640,30327,12818600
308,249,256,3964784,4633,30583,13115300
309,224,241,3964560,4616,30824,12947600
310,242,240,3964318,4618,31064,13253300
311,242,231,3964076,4629,31295,13012100
312,223,223,3963853,4629,31518,13562100
313,241,227,3963612,4643,31745,13172800
314,245,253,3963367,4635,31998,15819700
315,237,226,3963130,4646,32224,13264200
316,243,239,3962887,4650,32463,12869500
317,262,230,3962625,4682,32693,13504400
318,223,216,3962402,4689,32909,14311800
319,244,233,3962158,4700,33142,13101100
320,238,208,3961920,4730,33350,13516200
321,257,241,3961663,4746,33591,12937000
322,234,269,3961429,4711,33860,13223700
323,242,214,3961187,4739,34074,13362400
324,240,258,3960947,4721,34332,14842800
325,242,248,3960705,4715,34580,13586300
326,238,228,3960467,4725,34808,13286000
327,249,222,3960218,4752,35030,13177300
328,230,262,3959988,4720,35292,13073300
329,250,210,3959738,4760,35502,13134200
330,247,232,3959491,4775,35734,13743700
331,258,260,3959233,4773,35994,13940500
332,253,222,3958980,4804,36216,12766100
333,260,221,3958720,4843,36437,12808500
334,246,269,3958474,4820,36706,12795000
335,244,267,3958230,4797,36973,12823900
336,248,231,3957982,4814,37204,13077200
337,281,251,3957701,4844,37455,13129200
338,246,246,3957455,4844,37701,13048800
339,255,266,3957200,4833,37967,13312300
340,264,258,3956936,4839,38225,12832600
341,268,270,3956668,4837,38495,13372300
342,257,241,3956411,4853,38736,12877800
343,269,242,3956142,4880,38978,12829100
344,273,258,3955869,4895,39236,13261600
345,239,221,3955630,4913,39457,13509900
346,275,241,3955355,4947,39698,13072400
347,253,265,3955102,4935,39963,12821700
348,244,233,3954858,4946,40196,13161400
349,250,256,3954608,4940,40452,12823400
350,246,243,3954362,4943,40695,12833800
351,270,242,3954092,4971,40937,12900300
352,278,234,3953814,5015,41171,13001400
353,254,255,3953560,5014,41426,13158900
354,265,262,3953295,5017,41688,13003000
355,269,252,3953026,5034,41940,12912400
356,255,258,3952771,5031,42198,14092500
357,280,262,3952491,5049,42460,15202700
358,269,265,3952222,5053,42725,15983200
359,293,259,3951929,5087,42984,15342000
360,266,259,3951663,5094,43243,15990400
361,270,237,3951393,5127,43480,14571100
362,291,269,3951102,5149,43749,16432100
363,263,279,3950839,5133,44028,14768800
364,277,265,3950562,5145,44293,14159800
365,294,266,3950268,5173,44559,13234900
366,279,255,3949989,5197,44814,14052100
367,305,254,3949684,5248,45068,14122100
368,275,251,3949409,5272,45319,14871600
369,287,261,3949122,5298,45580,14412500
370,269,264,3948853,5303,45844,16144600
371,273,248,3948580,5328,46092,15447700
372,299,236,3948281,5391,46328,14655900
373,270,258,3948011,5403,46586,15593100
374,245,254,3947766,5394,46840,14506100
375,312,247,3947454,5459,47087,14121100
376,288,300,3947166,5447,47387,13868600
377,286,272,3946880,5461,47659,13514800
378,268,268,3946612,5461,47927,14031200
379,293,297,3946319,5457,48224,14001500
380,297,289,3946022,5465,48513,14568700
381,304,265,3945718,5504,48778,14731700
382,329,307,3945389,5526,49085,13839000
383,302,259,3945087,5569,49344,13256400
384,297,291,3944790,5575,49635,13164000
385,307,238,3944483,5644,49873,13203000
386,304,276,3944179,5672,50149,13378300
387,292,278,3943887,5686,50427,13488700
388,328,276,3943559,5738,50703,13542900
389,300,276,3943259,5762,50979,15207900
390,295,284,3942964,5773,51263,14968700
391,309,313,3942655,5769,51576,14176100
392,299,292,3942356,5776,51868,13668600
393,309,310,3942047,5775,52178,13837400
394,292,309,3941755,5758,52487,14662900
395,306,290,3941449,5774,52777,13777600
396,294,289,3941155,5779,53066,14985200
397,292,297,3940863,5774,53363,14330400
398,293,304,3940570,5763,53667,15378900
399,304,284,3940266,5783,53951,14451000
400,309,303,3939957,5789,54254,15023800
401,299,290,3939658,5798,54544,13650900
402,319,283,3939339,5834,54827,13747200
403,311,294,3939028,5851,55121,13273700
404,320,328,3938708,5843,55449,13188300
405,312,319,3938396,5836,55768,14296400
406,316,313,3938080,5839,56081,13496800
407,322,310,3937758,5851,56391,13240500
408,319,307,3937439,5863,56698,13847000
409,338,303,3937101,5898,57001,14128000
410,335,301,3936766,5932,57302,13500400
411,331,306,3936435,5957,57608,13420800
412,311,312,3936124,5956,57920,14910600
413,341,311,3935783,5986,58231,15584500
414,345,300,3935438,6031,58531,13503300
415,321,313,3935117,6039,58844,14788000
416,323,307,3934794,6055,59151,18204900
417,330,286,3934464,6099,59437,15078600
418,326,268,3934138,6157,59705,17447100
419,330,321,3933808,6166,60026,17406500
420,293,312,3933515,6147,60338,15772200
421,297,304,3933218,6140,60642,16553400
422,341,312,3932877,6169,60954,14428600
423,359,282,3932518,6246,61236,16204500
424,348,292,3932170,6302,61528,13677600
425,352,277,3931818,6377,61805,14069000
426,321,310,3931497,6388,62115,13513100
427,361,325,3931136,6424,62440,13630600
428,353,312,3930783,6465,62752,13260300
429,359,304,3930424,6520,63056,13128400
430,333,319,3930091,6534,63375,13633800
431,304,310,3929787,6528,63685,13008200
432,343,345,3929444,6526,64030,13493800
433,394,315,3929050,6605,64345,13049000
434,359,354,3928691,6610,64699,13089900
435,342,347,3928349,6605,65046,13104200
436,360,345,3927989,6620,65391,13579900
437,349,328,3927640,6641,65719,13922300
438,360,313,3927280,6688,66032,13465800
439,309,331,3926971,6666,66363,13456800
440,332,303,3926639,6695,66666,13229600
441,335,349,3926304,6681,67015,13660300
442,355,354,3925949,6682,67369,13132500
443,325,340,3925624,6667,67709,13491700
444,349,316,3925275,6700,68025,13065300
445,336,323,3924939,6713,68348,13229700
446,374,358,3924565,6729,68706,13200900
447,353,350,3924212,6732,69056,13399500
448,389,333,3923823,6788,69389,13360200
449,318,348,3923505,6758,69737,13329700
450,332,363,3923173,6727,70100,13055400
451,305,356,3922868,6676,70456,13035200
452,350,343,3922518,6683,70799,13022100
453,346,312,3922172,6717,71111,13058500
454,346,346,3921826,6717,71457,13151900
455,353,353,3921473,6717,71810,13374000
456,367,335,3921106,6749,72145,13128100
457,356,330,3920750,6775,72475,13375000
458,372,307,3920378,6840,72782,13085000
459,333,358,3920045,6815,73140,13428100
460,373,359,3919672,6829,73499,13748500
461,369,349,3919303,6849,73848,15840500
462,342,324,3918961,6867,74172,13719700
463,356,325,3918605,6898,74497,14033400
464,334,342,3918271,6890,74839,13565600
465,376,340,3917895,6926,75179,13929800
466,333,337,3917562,6922,75516,13731000
467,362,336,3917200,6948,75852,14562700
468,347,344,3916853,6951,76196,13722300
469,359,347,3916494,6963,76543,13531200
470,383,341,3916111,7005,76884,14211100
471,363,308,3915748,7060,77192,13444600
472,376,375,3915372,7061,77567,13644900
473,357,344,3915015,7074,77911,13732300
474,342,356,3914673,7060,78267,13587500
475,355,366,3914318,7049,78633,13423800
476,357,347,3913961,7059,78980,14663400
477,400,361,3913561,7098,79341,14049700
478,342,346,3913219,7094,79687,15133200
479,382,352,3912837,7124,80039,14356100
480,385,359,3912452,7150,80398,14040900
481,356,327,3912096,7179,80725,16475500
482,383,347,3911713,7215,81072,13751000
483,379,362,3911334,7232,81434,14697400
484,380,336,3910954,7276,81770,17012200
485,393,376,3910561,7293,82146,15271600
486,373,353,3910188,7313,82499,14100500
487,347,330,3909841,7330,82829,14034100
488,368,363,3909473,7335,83192,13953300
489,376,366,3909097,7345,83558,16463200
490,379,355,3908718,7369,83913,14779000
491,376,375,3908342,7370,84288,23679600
492,373,347,3907969,7396,84635,18467500
493,360,339,3907609,7417,84974,19488300
494,358,376,3907251,7399,85350,25513200
495,383,369,3906868,7413,85719,18860900
496,371,362,3906497,7422,86081,18073200
497,383,368,3906114,7437,86449,15798800
498,378,361,3905736,7454,86810,15396600
499,402,379,3905334,7477,87189,14827800
500,406,366,3904928,7517,87555,15832400
501,413,378,3904515,7552,87933,15144500
502,368,418,3904147,7502,88351,15159000
503,392,378,3903755,7516,88729,15420500
504,412,365,3903343,7563,89094,16903200
505,388,404,3902955,7547,89498,14263100
506,410,394,3902545,7563,89892,17242600
507,401,380,3902144,7584,90272,15746800
508,399,349,3901745,7634,90621,15484600
509,371,367,3901374,7638,90988,14795800
510,375,372,3900999,7641,91360,14570900
511,385,398,3900614,7628,91758,14678500
512,404,411,3900210,7621,92169,13923400
513,386,396,3899824,7611,92565,13692400
514,414,339,3899410,7686,92904,13077700
515,400,366,3899010,7720,93270,13416300
516,408,379,3898602,7749,93649,13141600
517,392,371,3898210,7770,94020,13322900
518,412,400,3897798,7782,94420,13328300
519,411,399,3897387,7794,94819,13327900
520,401,390,3896986,7805,95209,13504200
521,371,390,3896615,7786,95599,13293900
522,412,402,3896203,7796,96001,14434400
523,392,391,3895811,7797,96392,13179800
524,446,395,3895365,7848,96787,13611400
525,382,385,3894983,7845,97172,14601000
526,428,413,3894555,7860,97585,13373300
527,444,394,3894111,7910,97979,13269100
528,430,395,3893681,7945,98374,13176600
529,410,387,3893271,7968,98761,13241100
530,412,376,3892859,8004,99137,13577500
531,428,367,3892431,8065,99504,13143400
532,424,409,3892007,8080,99913,13476200
533,437,428,3891570,8089,100341,13089600
534,434,432,3891136,8091,100773,13047900
535,414,398,3890722,8107,101171,13060000
536,426,433,3890296,8100,101604,13093600
537,429,409,3889867,8120,102013,13152700
538,437,410,3889430,8147,102423,13146400
539,444,403,3888986,8188,102826,13911100
540,414,420,3888572,8182,103246,13151100
541,402,431,3888170,8153,103677,13207300
542,399,390,3887771,8162,104067,13137600
543,432,387,3887339,8207,104454,13092100
544,404,408,3886935,8203,104862,13905500
545,421,412,3886514,8212,105274,13333000
546,416,388,3886098,8240,105662,13488000
547,402,416,3885696,8226,106078,13176400
548,430,418,3885266,8238,106496,13540500
549,419,378,3884847,8279,106874,13347500
550,382,432,3884465,8229,107306,13595600
551,415,413,3884050,8231,107719,13198700
552,413,424,3883637,8220,108143,13244000
553,438,416,3883199,8242,108559,13145300
554,446,423,3882753,8265,108982,13174600
555,404,396,3882349,8273,109378,13315000
556,450,447,3881899,8276,109825,14550600
557,413,417,3881486,8272,110242,15068900
558,431,427,3881055,8276,110669,14443500
559,463,437,3880592,8302,111106,13609300
560,461,438,3880131,8325,111544,13810800
561,408,408,3879723,8325,111952,14062800
562,430,426,3879293,8329,112378,13704700
563,407,396,3878886,8340,112774,13548000
564,444,395,3878442,8389,113169,16447700
565,466,447,3877976,8408,113616,13404700
566,419,416,3877557,8411,114032,13352900
567,433,416,3877124,8428,114448,14171200
568,421,434,3876703,8415,114882,13859500
569,411,432,3876292,8394,115314,13596700
570,407,408,3875885,8393,115722,13796300
571,477,426,3875408,8444,116148,14134800
572,451,470,3874957,8425,116618,14321800
573,411,424,3874546,8412,117042,14053600
574,458,408,3874088,8462,117450,14636800
575,457,406,3873631,8513,117856,15552800
576,456,435,3873175,8534,118291,14435800
577,456,445,3872719,8545,118736,15524600
578,468,414,3872251,8599,119150,15881100
579,485,451,3871766,8633,119601,17960400
580,445,439,3871321,8639,120040,15098300
581,458,416,3870863,8681,120456,16869500
582,427,421,3870436,8687,120877,14221700
583,445,409,3869991,8723,121286,16553200
584,469,448,3869522,8744,121734,13370800
585,499,450,3869023,8793,122184,13156000
586,442,429,3868581,8806,122613,13367100
587,399,430,3868182,8775,123043,13221400
588,462,461,3867720,8776,123504,13352800
589,458,442,3867262,8792,123946,13149800
590,475,467,3866787,8800,124413,13383100
591,433,433,3866354,8800,124846,13329600
592,462,422,3865892,8840,125268,13359300
593,450,464,3865442,8826,125732,13558200
594,435,451,3865007,8810,126183,14045400
595,447,433,3864560,8824,126616,13484700
596,427,454,3864133,8797,127070,13252700
597,424,442,3863709,8779,127512,13277900
598,472,422,3863237,8829,127934,14268400
599,446,429,3862791,8846,128363,13365700
600,433,427,3862358,8852,128790,13337100
601,422,438,3861936,8836,129228,13561600
602,440,444,3861496,8832,129672,13519900
603,463,446,3861033,8849,130118,13293500
604,429,436,3860604,8842,130554,13281200
605,441,437,3860163,8846,130991,13339700
606,427,428,3859736,8845,131419,13602000
607,418,450,3859318,8813,131869,13244100
608,451,447,3858867,8817,132316,13322400
609,429,461,3858438,8785,132777,13567700
610,482,427,3857956,8840,133204,13857000
611,435,403,3857521,8872,133607,13715700
612,490,424,3857031,8938,134031,15254500
613,472,455,3856559,8955,134486,13477000
614,476,436,3856083,8995,134922,13508200
615,490,486,3855593,8999,135408,13312700
616,462,453,3855131,9008,135861,13203100
617,469,464,3854662,9013,136325,13242800
618,518,435,3854144,9096,136760,13348700
619,440,436,3853704,9100,137196,13382700
620,464,488,3853240,9076,137684,13648000
621,449,466,3852791,9059,138150,13265000
622,458,445,3852333,9072,138595,13678500
623,434,457,3851899,9049,139052,13168600
624,452,437,3851447,9064,139489,13549900
625,460,452,3850987,9072,139941,13683200
626,475,462,3850512,9085,140403,13204000
627,461,432,3850051,9114,140835,13557800
628,467,477,3849584,9104,141312,13429400
629,482,452,3849102,9134,141764,13403400
630,470,420,3848632,9184,142184,14570200
631,481,455,3848151,9210,142639,13223100
632,466,467,3847685,9209,143106,14166400
633,494,446,3847191,9257,143552,13280200
634,520,462,3846671,9315,144014,13472100
635,493,502,3846178,9306,144516,13370100
636,462,457,3845716,9311,144973,13381800
637,478,481,3845238,9308,145454,13412100
638,481,509,3844757,9280,145963,13213100
639,477,447,3844280,9310,146410,13525500
640,441,480,3843839,9271,146890,15811900
641,496,456,3843343,9311,147346,13413400
642,503,441,3842840,9373,147787,14030300
643,468,463,3842372,9378,148250,14027700
644,474,488,3841898,9364,148738,14751500
645,484,473,3841414,9375,149211,13455700
646,480,491,3840934,9364,149702,13216300
647,478,476,3840456,9366,150178,13653800
648,489,423,3839967,9432,150601,13568000
649,461,457,3839506,9436,151058,14781800
650,535,439,3838971,9532,151497,13542600
651,486,448,3838485,9570,151945,13462600
652,506,424,3837979,9652,152369,13665500
653,532,477,3837447,9707,152846,13327600
654,516,493,3836931,9730,153339,13430100
655,517,535,3836414,9712,153874,13661600
656,491,488,3835923,9715,154362,13836100
657,512,485,3835411,9742,154847,13617500
658,506,506,3834905,9742,155353,13526200
659,522,475,3834383,9789,155828,13698000
660,509,487,3833874,9811,156315,13574300
661,502,484,3833372,9829,156799,13592200
662,495,476,3832877,9848,157275,13779900
663,524,471,3832353,9901,157746,13624300
664,484,508,3831869,9877,158254,13876200
665,472,522,3831397,9827,158776,14992500
666,451,483,3830946,9795,159259,13730300
667,474,457,3830472,9812,159716,15502800
668,467,510,3830005,9769,160226,13540800
669,474,480,3829531,9763,160706,13690200
670,491,498,3829040,9756,161204,13347200
671,508,494,3828532,9770,161698,13318100
672,502,479,3828030,9793,162177,13591700
673,481,451,3827549,9823,162628,13633100
674,498,505,3827051,9816,163133,13523700
675,491,481,3826560,9826,163614,13877300
676,468,493,3826092,9801,164107,13793800
677,502,466,3825590,9837,164573,13451100
678,492,471,3825098,9858,165044,13859700
679,508,510,3824590,9856,165554,13440000
680,522,536,3824068,9842,166090,14092100
681,511,509,3823557,9844,166599,13473300
682,515,458,3823042,9901,167057,13391800
683,548,483,3822494,9966,167540,13306100
684,492,509,3822002,9949,168049,13334300
685,517,486,3821485,9980,168535,13528200
686,529,506,3820956,10003,169041,13276400
687,504,519,3820452,9988,169560,13293700
688,492,536,3819960,9944,170096,13360900
689,579,491,3819381,10032,170587,13759500
690,533,543,3818848,10022,171130,13616100
691,508,523,3818340,10007,171653,13292400
692,496,501,3817844,10002,172154,13567100
693,539,464,3817305,10077,172618,13481300
694,524,522,3816781,10079,173140,13605900
695,557,488,3816224,10148,173628,13710800
696,488,520,3815736,10116,174148,14860900
697,499,512,3815237,10103,174660,13512800
698,507,478,3814730,10132,175138,13380300
699,545,504,3814185,10173,175642,13623500
700,542,493,3813643,10222,176135,15350500
701,500,476,3813143,10246,176611,14694500
702,526,544,3812617,10228,177155,13393900
703,528,477,3812089,10279,177632,13676100
704,517,510,3811572,10286,178142,14323200
705,523,503,3811049,10306,178645,15015900
706,546,519,3810503,10333,179164,14777700
707,556,495,3809947,10394,179659,13860900
708,539,504,3809408,10429,180163,13724600
709,557,512,3808851,10474,180675,13676500
710,586,555,3808265,10505,181230,13575500
711,571,554,3807694,10522,181784,13897700
712,573,505,3807121,10590,182289,14220200
713,583,560,3806538,10613,182849,13902300
714,530,515,3806008,10628,183364,13995200
715,571,496,3805437,10703,183860,13917800
716,611,527,3804826,10787,184387,13500700
717,561,546,3804265,10802,184933,13860400
718,553,563,3803712,10792,185496,14253600
719,547,524,3803165,10815,186020,14419700
720,560,497,3802605,10878,186517,14826700
721,600,529,3802005,10949,187046,13514200
722,625,567,3801380,11007,187613,13717400
723,598,579,3800782,11026,188192,13379000
724,601,562,3800181,11065,188754,13587600
725,540,561,3799641,11044,189315,13773000
726,563,533,3799078,11074,189848,13377100
727,579,547,3798499,11106,190395,13459000
728,571,534,3797928,11143,190929,13921200
729,565,550,3797363,11158,191479,13420800
730,543,557,3796820,11144,192036,13437500
731,576,552,3796244,11168,192588,13670100
732,618,545,3795626,11241,193133,13529100
733,597,589,3795029,11249,193722,13697700
734,578,517,3794451,11310,194239,13676000
735,593,598,3793858,11305,194837,14539700
736,583,517,3793275,11371,195354,14250300
737,607,562,3792668,11416,195916,14178800
738,565,562,3792103,11419,196478,13670600
739,606,580,3791497,11445,197058,14307400
740,611,554,3790886,11502,197612,13855800
741,570,567,3790316,11505,198179,13645400
742,587,595,3789729,11497,198774,13739400
743,570,547,3789159,11520,199321,13567200
744,541,555,3788618,11506,199876,13617000
745,561,592,3788057,11475,200468,13912000
746,549,574,3787508,11450,201042,14835200
747,586,572,3786922,11464,201614,13829600
748,582,538,3786340,11508,202152,14640800
749,540,576,3785800,11472,202728,14030500
750,588,545,3785212,11515,203273,13764200
751,573,586,3784639,11502,203859,15274100
752,602,591,3784037,11513,204450,15199500
753,587,545,3783450,11555,204995,13794100
754,590,615,3782860,11530,205610,13663900
755,589,586,3782271,11533,206196,13902500
756,610,583,3781661,11560,206779,13712400
757,626,561,3781035,11625,207340,14267800
758,536,560,3780499,11601,207900,13520300
759,594,560,3779905,11635,208460,14028100
760,583,552,3779322,11666,209012,13508400
761,574,574,3778748,11666,209586,13705300
762,578,627,3778170,11617,210213,13399700
763,587,575,3777583,11629,210788,13519100
764,535,610,3777048,11554,211398,13611400
765,605,565,3776443,11594,211963,13477500
766,605,592,3775838,11607,212555,13492300
767,574,568,3775264,11613,213123,13986500
768,562,567,3774702,11608,213690,13797800
769,608,586,3774094,11630,214276,13695800
770,631,587,3773463,11674,214863,13427500
771,611,549,3772852,11736,215412,13676900
772,582,582,3772270,11736,215994,13847400
773,590,606,3771680,11720,216600,14362200
774,590,595,3771090,11715,217195,13719200
775,601,582,3770489,11734,217777,13448800
776,611,582,3769878,11763,218359,13498000
777,566,562,3769312,11767,218921,13436400
778,609,582,3768703,11794,219503,13587700
779,602,605,3768101,11791,220108,13649700
780,591,626,3767510,11756,220734,13629100
781,584,575,3766926,11765,221309,13433400
782,569,596,3766357,11738,221905,13517700
783,605,610,3765752,11733,222515,13833000
784,652,600,3765100,11785,223115,14038000
785,607,597,3764493,11795,223712,13885200
786,637,544,3763856,11888,224256,13445800
787,610,553,3763246,11945,224809,13476900
788,577,589,3762669,11933,225398,13581400
789,622,559,3762047,11996,225957,14006700
790,654,611,3761393,12039,226568,13873500
791,561,599,3760832,12001,227167,13726100
792,572,557,3760260,12016,227724,14813600
793,609,585,3759651,12040,228309,13641100
794,590,608,3759061,12022,228917,13715400
795,594,618,3758467,11998,229535,13469000
796,620,638,3757847,11980,230173,13672700
797,595,622,3757252,11953,230795,13545300
798,570,591,3756682,11932,231386,13981400
799,607,585,3756075,11954,231971,13556200
800,617,576,3755458,11995,232547,13683600
801,616,610,3754842,12001,233157,13657900
802,593,564,3754249,12030,233721,13834000
803,600,597,3753649,12033,234318,13731900
804,623,601,3753026,12055,234919,13633100
805,594,549,3752432,12100,235468,14087600
806,608,606,3751824,12102,236074,15086800
807,604,612,3751220,12094,236686,14778000
808,585,583,3750635,12096,237269,16040700
809,588,610,3750047,12074,237879,14506600
810,622,589,3749425,12107,238468,13510300
811,638,644,3748787,12101,239112,13578400
812,609,582,3748178,12128,239694,13507300
813,635,596,3747543,12167,240290,13617200
814,643,631,3746900,12179,240921,15011000
815,666,619,3746234,12226,241540,13492300
816,648,637,3745586,12237,242177,14847100
817,615,639,3744971,12213,242816,13587800
818,591,589,3744380,12215,243405,13918200
819,612,603,3743768,12224,244008,13540300
820,631,635,3743137,12220,244643,13558900
821,656,589,3742481,12287,245232,13702600
822,644,607,3741837,12324,245839,13617600
823,586,619,3741251,12291,246458,13534900
824,602,636,3740649,12257,247094,13565800
825,611,541,3740038,12327,247635,13774000
826,592,622,3739446,12297,248257,13995800
827,619,626,3738827,12290,248883,14947100
828,646,630,3738181,12306,249513,15893900
829,660,602,3737521,12364,250115,15767100
830,606,661,3736915,12309,250776,16041400
831,633,563,3736282,12379,251339,14690000
832,651,649,3735631,12381,251988,14491900
833,698,620,3734933,12459,252608,14294700
834,636,616,3734297,12479,253224,14028600
835,627,636,3733670,12470,253860,14007100
836,648,602,3733022,12516,254462,13859400
837,674,599,3732348,12591,255061,13774700
838,651,583,3731697,12659,255644,14014000
839,636,632,3731061,12663,256276,13624200
840,680,601,3730381,12742,256877,13742200
841,644,624,3729737,12762,257501,14302200
842,628,615,3729109,12775,258116,13944800
843,650,683,3728459,12742,258799,13845500
844,662,692,3727797,12712,259491,13525400
845,703,609,3727094,12806,260100,13520000
846,646,642,3726448,12810,260742,14045800
847,670,649,3725778,12831,261391,13650700
848,730,664,3725048,12897,262055,14007900
849,666,651,3724382,12912,262706,13773300
850,707,652,3723675,12967,263358,13500500
851,645,685,3723030,12927,264043,13786600
852,677,654,3722353,12950,264697,14057000
853,701,654,3721652,12997,265351,13839000
854,636,633,3721016,13000,265984,14846600
855,691,671,3720325,13020,266655,14250000
856,630,657,3719695,12993,267312,13759700
857,693,659,3719002,13027,267971,14902900
858,631,663,3718371,12995,268634,15502000
859,689,619,3717682,13065,269253,14806800
860,697,635,3716985,13127,269888,14408200
861,673,642,3716312,13158,270530,13504300
862,728,660,3715584,13226,271190,13785100
863,649,644,3714935,13231,271834,13915000
864,662,673,3714273,13220,272507,13605700
865,655,666,3713618,13209,273173,13635400
866,643,639,3712975,13213,273812,13621500
867,654,675,3712321,13192,274487,13672500
868,662,651,3711659,13203,275138,13848100
869,676,662,3710983,13217,275800,13627600
870,661,675,3710322,13203,276475,13635000
871,681,667,3709641,13217,277142,13791700
872,636,751,3709005,13102,277893,13616800
873,695,687,3708310,13110,278580,14017300
874,637,638,3707673,13109,279218,13829500
875,681,614,3706992,13176,279832,13907900
876,676,677,3706316,13175,280509,14148700
877,681,695,3705635,13161,281204,13482400
878,649,648,3704986,13162,281852,13754700
879,627,737,3704359,13052,282589,13937800
880,678,656,3703681,13074,283245,13458500
881,656,662,3703025,13068,283907,13453400
882,678,641,3702347,13105,284548,13669000
883,675,657,3701672,13123,285205,13385800
884,672,637,3701000,13158,285842,13989000
885,660,667,3700340,13151,286509,13679800
886,716,632,3699624,13235,287141,13931900
887,666,647,3698958,13254,287788,13816400
888,672,614,3698286,13312,288402,13473100
889,718,666,3697568,13364,289068,13994000
890,655,686,3696913,13333,289754,13824700
891,746,641,3696167,13438,290395,14119700
892,711,649,3695456,13500,291044,14032200
893,736,711,3694720,13525,291755,14359900
894,667,714,3694053,13478,292469,14372700
895,683,667,3693370,13494,293136,14292500
896,674,638,3692696,13530,293774,14129700
897,664,654,3692032,13540,294428,13870200
898,631,682,3691401,13489,295110,14011700
899,678,650,3690723,13517,295760,13829000
900,700,672,3690023,13545,296432,14027000
901,699,654,3689324,13590,297086,13899600
902,697,726,3688627,13561,297812,13483400
903,706,684,3687921,13583,298496,13832000
904,673,685,3687248,13571,299181,13842300
905,655,663,3686593,13563,299844,14022300
906,677,660,3685916,13580,300504,13839200
907,709,681,3685207,13608,301185,13623200
908,656,677,3684551,13587,301862,13675400
909,655,654,3683896,13588,302516,13813100
910,659,651,3683237,13596,303167,13774200
911,667,656,3682570,13607,303823,14051000
912,679,654,3681891,13632,304477,13943100
913,695,688,3681196,13639,305165,13831200
914,708,731,3680488,13616,305896,14019100
915,725,680,3679763,13661,306576,13806600
916,692,715,3679071,13638,307291,13885800
917,713,660,3678358,13691,307951,13975200
918,691,668,3677667,13714,308619,13769100
919,719,668,3676948,13765,309287,13969900
920,735,655,3676213,13845,309942,14076100
921,668,692,3675545,13821,310634,13825400
922,659,670,3674886,13810,311304,13633100
923,712,669,3674174,13853,311973,14017900
924,692,675,3673482,13870,312648,15084300
925,708,696,3672774,13882,313344,14315400
926,692,693,3672082,13881,314037,13966600
927,721,689,3671361,13913,314726,14049100
928,710,650,3670651,13973,315376,14234100
929,689,705,3669962,13957,316081,13653900
930,719,713,3669243,13963,316794,13645700
931,682,684,3668561,13961,317478,13618200
932,717,695,3667844,13983,318173,13497800
933,709,674,3667135,14018,318847,13510000
934,709,724,3666426,14003,319571,13559000
935,676,701,3665750,13978,320272,13833600
936,710,693,3665040,13995,320965,13842800
937,702,702,3664338,13995,321667,14544900
938,746,716,3663592,14025,322383,14092000
939,736,680,3662856,14081,323063,13855300
940,703,710,3662153,14074,323773,16186800
941,761,732,3661392,14103,324505,14112100
942,741,672,3660651,14172,325177,13492900
943,700,711,3659951,14161,325888,13533600
944,715,682,3659236,14194,326570,13645000
945,759,749,3658477,14204,327319,14186500
946,741,714,3657736,14231,328033,14218200
947,758,724,3656978,14265,328757,13857700
948,711,715,3656267,14261,329472,13727300
949,707,719,3655560,14249,330191,13690300
950,723,722,3654837,14250,330913,14679800
951,781,679,3654056,14352,331592,14149300
952,750,753,3653306,14349,332345,13812300
953,729,692,3652577,14386,333037,13668200
954,764,719,3651813,14431,333756,14166300
955,770,674,3651043,14527,334430,13736300
956,747,719,3650296,14555,335149,13895200
957,719,710,3649577,14564,335859,13821100
958,726,719,3648851,14571,336578,13973300
959,703,740,3648148,14534,337318,13773500
960,702,785,3647446,14451,338103,14581100
961,752,712,3646694,14491,338815,14192900
962,716,729,3645978,14478,339544,14061000
963,775,699,3645203,14554,340243,14171400
964,740,691,3644463,14603,340934,14083900
965,714,754,3643749,14563,341688,14089100
966,753,721,3642996,14595,342409,13819400
967,741,705,3642255,14631,343114,13927700
968,676,726,3641579,14581,343840,14110400
969,694,725,3640885,14550,344565,14236100
970,673,702,3640212,14521,345267,13813700
971,710,725,3639502,14506,345992,13740600
972,696,771,3638806,14431,346763,13575200
973,696,702,3638110,14425,347465,13717200
974,723,718,3637387,14430,348183,13595600
975,709,693,3636678,14446,348876,13760600
976,742,701,3635936,14487,349577,13554600
977,709,714,3635227,14482,350291,13889200
978,734,727,3634493,14489,351018,13934800
979,725,673,3633768,14541,351691,13747900
980,730,719,3633038,14552,352410,13821600
981,743,735,3632295,14560,353145,13601100
982,761,736,3631534,14585,353881,13625100
983,749,740,3630785,14594,354621,14046800
984,710,774,3630075,14530,355395,13928900
985,711,696,3629364,14545,356091,13668900
986,734,730,3628630,14549,356821,13638600
987,751,738,3627879,14562,357559,13936700
988,752,781,3627127,14533,358340,13796700
989,769,742,3626358,14560,359082,14152100
990,757,721,3625601,14596,359803,14302100
991,718,723,3624883,14591,360526,14322400
992,774,710,3624109,14655,361236,14423300
993,749,723,3623360,14681,361959,14026600
994,752,691,3622608,14742,362650,14103800
995,769,748,3621839,14763,363398,14382500
996,773,739,3621066,14797,364137,13908000
997,771,726,3620295,14842,364863,14124200
998,721,721,3619574,14842,365584,15371700
999,726,717,3618848,14851,366301,15934400
1000,740,749,3618108,14842,367050,14601400
1001,769,715,3617339,14896,367765,13915300
1002,755,747,3616584,14904,368512,14074600
1003,754,718,3615830,14940,369230,14079000
1004,739,741,3615091,14938,369971,13973700
1005,721,726,3614370,14933,370697,13982000
1006,708,764,3613662,14877,371461,13925000
1007,762,756,3612900,14883,372217,14242400
1008,738,742,3612162,14879,372959,13995700
1009,726,765,3611436,14840,373724,13614800
1010,718,781,3610718,14777,374505,13829700
1011,732,724,3609986,14785,375229,13846100
1012,717,691,3609269,14811,375920,13857000
1013,716,738,3608553,14789,376658,13495200
1014,706,772,3607847,14723,377430,13617900
1015,813,755,3607034,14781,378185,14337300
1016,748,697,3606286,14832,378882,14147300
1017,738,792,3605548,14778,379674,14362700
1018,726,705,3604822,14799,380379,13634300
1019,782,733,3604040,14848,381112,14120200
1020,742,780,3603298,14810,381892,14991500
1021,734,781,3602564,14763,382673,13899500
1022,738,714,3601826,14787,383387,14310600
1023,759,736,3601067,14810,384123,14220900
1024,781,755,3600286,14836,384878,14074300
1025,718,717,3599568,14837,385595,14093800
1026,777,693,3598791,14921,386288,14896500
1027,774,706,3598017,14989,386994,15125000
1028,769,762,3597248,14996,387756,15668300
1029,767,762,3596481,15001,388518,14554600
1030,753,801,3595728,14953,389319,14386800
1031,765,721,3594963,14997,390040,13990400
1032,776,775,3594187,14998,390815,14563400
1033,730,744,3593457,14984,391559,14467800
1034,727,732,3592730,14979,392291,14198700
1035,756,719,3591974,15016,393010,14242100
1036,752,728,3591222,15040,393738,14386000
1037,757,808,3590465,14989,394546,15393500
1038,743,734,3589722,14998,395280,14793500
1039,754,724,3588968,15028,396004,14739600
1040,746,752,3588222,15022,396756,14999700
1041,757,788,3587465,14991,397544,15088400
1042,728,760,3586737,14959,398304,13983300
1043,686,733,3586051,14912,399037,13938400
1044,761,727,3585290,14946,399764,13976200
1045,720,738,3584570,14928,400502,14473400
1046,743,767,3583827,14904,401269,14403700
1047,756,725,3583071,14935,401994,13698400
1048,713,747,3582358,14901,402741,14209400
1049,743,689,3581615,14955,403430,14970300
1050,784,751,3580831,14988,404181,14246400
1051,772,759,3580059,15001,404940,13703300
1052,758,742,3579301,15017,405682,13942300
1053,757,727,3578544,15047,406409,13702700
1054,756,726,3577788,15077,407135,13699500
1055,723,773,3577065,15027,407908,14124100
1056,794,808,3576271,15013,408716,13725600
1057,732,747,3575539,14998,409463,13677400
1058,739,760,3574800,14977,410223,13647800
1059,704,730,3574096,14951,410953,14049300
1060,704,770,3573392,14885,411723,14208700
1061,733,719,3572659,14899,412442,13878600
1062,759,734,3571900,14924,413176,13997000
1063,751,724,3571149,14951,413900,14314600
1064,753,737,3570396,14967,414637,14751600
1065,763,730,3569633,15000,415367,14296000
1066,786,763,3568847,15023,416130,14562000
1067,732,729,3568115,15026,416859,14052800
1068,786,750,3567329,15062,417609,14134700
1069,739,723,3566590,15078,418332,14446700
1070,768,749,3565822,15097,419081,14169100
1071,735,773,3565087,15059,419854,14127700
1072,780,691,3564307,15148,420545,14266100
1073,730,777,3563577,15101,421322,14656200
1074,752,786,3562825,15067,422108,13991900
1075,741,734,3562084,15074,422842,14013300
1076,786,742,3561298,15118,423584,13999700
1077,771,747,3560527,15142,424331,13866200
1078,799,738,3559728,15203,425069,13953500
1079,819,731,3558909,15291,425800,15528400
1080,756,760,3558153,15287,426560,14325900
1081,799,687,3557354,15399,427247,14290000
1082,783,761,3556571,15421,428008,15119000
1083,826,779,3555745,15468,428787,15004100
1084,799,765,3554946,15502,429552,15610700
1085,803,762,3554143,15543,430314,14108700
1086,760,741,3553383,15562,431055,14036800
1087,808,825,3552575,15545,431880,14403500
1088,762,732,3551813,15575,432612,14081800
1089,816,797,3550997,15594,433409,14168200
1090,756,788,3550241,15562,434197,13600300
1091,796,777,3549445,15581,434974,13969800
1092,793,831,3548652,15543,435805,14169600
1093,788,745,3547864,15586,436550,13822400
1094,823,759,3547041,15650,437309,14476600
1095,761,803,3546280,15608,438112,14126100
1096,779,756,3545501,15631,438868,15352600
1097,750,857,3544751,15524,439725,16311300
1098,738,759,3544013,15503,440484,14401700
1099,803,787,3543210,15519,441271,14601400
1100,798,741,3542412,15576,442012,14000400
1101,776,753,3541636,15599,442765,14547200
1102,784,779,3540852,15604,443544,14152400
1103,798,780,3540054,15622,444324,13867300
1104,841,754,3539213,15709,445078,14367400
1105,824,757,3538389,15776,445835,14115900
1106,777,826,3537612,15727,446661,14214900
1107,760,792,3536852,15695,447453,14034000
1108,827,760,3536025,15762,448213,13956500
1109,783,773,3535242,15772,448986,13942200
1110,810,797,3534432,15785,449783,14040700
1111,836,817,3533596,15804,450600,13990200
1112,814,781,3532782,15837,451381,13900700
1113,823,834,3531959,15826,452215,13918100
1114,824,815,3531135,15835,453030,13732000
1115,793,777,3530342,15851,453807,13833500
1116,804,788,3529538,15867,454595,13875000
1117,818,820,3528720,15865,455415,13671000
1118,811,804,3527909,15872,456219,13635400
1119,822,807,3527087,15887,457026,14062900
1120,795,791,3526292,15891,457817,13977300
1121,798,785,3525494,15904,458602,13673900
1122,787,785,3524707,15906,459387,13631600
1123,788,744,3523919,15950,460131,13637500
1124,822,837,3523097,15935,460968,13711000
1125,818,800,3522279,15953,461768,13652800
1126,769,793,3521510,15929,462561,13708800
1127,827,830,3520683,15926,463391,14160300
1128,825,761,3519858,15990,464152,13956400
1129,796,813,3519062,15973,464965,14222000
1130,813,763,3518249,16023,465728,13686600
1131,806,798,3517443,16031,466526,13649300
1132,800,796,3516643,16035,467322,13653400
1133,822,797,3515821,16060,468119,14100500
1134,798,813,3515023,16045,468932,14419700
1135,817,787,3514206,16075,469719,14021200
1136,809,812,3513397,16072,470531,13944600
1137,881,816,3512516,16137,471347,14726000
1138,824,814,3511692,16147,472161,13875500
1139,806,797,3510886,16156,472958,13910600
1140,763,799,3510123,16120,473757,13728600
1141,839,778,3509284,16181,474535,14163100
1142,840,884,3508444,16137,475419,14380600
1143,801,804,3507643,16134,476223,13832900
1144,833,836,3506810,16131,477059,13705200
1145,818,845,3505992,16104,477904,14137400
1146,812,767,3505180,16149,478671,13979200
1147,824,852,3504356,16121,479523,14050800
1148,809,778,3503547,16152,480301,14117200
1149,843,798,3502704,16197,481099,13672500
1150,835,791,3501869,16241,481890,13624700
1151,817,854,3501052,16204,482744,13909400
1152,839,784,3500213,16259,483528,13805400
1153,832,815,3499381,16276,484343,14065600
1154,794,815,3498587,16255,485158,14329800
1155,800,829,3497787,16226,485987,14699600
1156,841,783,3496946,16284,486770,14553000
1157,814,842,3496132,16256,487612,14166600
1158,779,832,3495353,16203,488444,14139200
1159,753,792,3494600,16164,489236,14732300
1160,806,831,3493794,16139,490067,14875100
1161,807,746,3492987,16200,490813,14571800
1162,798,822,3492189,16176,491635,15212100
1163,845,781,3491344,16240,492416,14010500
1164,795,846,3490549,16189,493262,14314100
1165,786,835,3489763,16140,494097,14203600
1166,832,808,3488931,16164,494905,14317700
1167,802,856,3488129,16110,495761,14066500
1168,767,833,3487362,16044,496594,13962200
1169,800,818,3486562,16026,497412,14274700
1170,816,764,3485746,16078,498176,14309300
1171,771,774,3484975,16075,498950,14334300
1172,818,815,3484157,16078,499765,13608800
1173,846,831,3483311,16093,500596,13604700
1174,803,819,3482508,16077,501415,13914100
1175,819,856,3481689,16040,502271,14209300
1176,836,771,3480853,16105,503042,13807100
1177,814,807,3480039,16112,503849,13764300
1178,828,768,3479211,16172,504617,13679800
1179,776,822,3478435,16126,505439,14469700
1180,868,785,3477567,16209,506224,14378900
1181,864,797,3476703,16276,507021,14062700
1182,831,800,3475872,16307,507821,13919200
1183,834,856,3475038,16285,508677,13856500
1184,845,819,3474193,16311,509496,14822900
1185,857,807,3473336,16361,510303,14151000
1186,863,834,3472473,16390,511137,14019800
1187,866,809,3471607,16447,511946,15197000
1188,835,862,3470772,16420,512808,15744300
1189,871,782,3469901,16509,513590,13733400
1190,841,858,3469060,16492,514448,14448300
1191,840,818,3468220,16514,515266,14264300
1192,836,822,3467384,16528,516088,13960100
1193,872,818,3466512,16582,516906,14203200
1194,851,831,3465661,16602,517737,14097000
1195,863,853,3464798,16612,518590,13726000
1196,808,829,3463990,16591,519419,13964400
1197,861,814,3463129,16638,520233,14026500
1198,900,793,3462229,16745,521026,14162000
1199,877,835,3461352,16787,521861,13710100
1200,815,807,3460537,16795,522668,13753700
1201,833,812,3459704,16816,523480,14033700
1202,873,805,3458831,16884,524285,14441500
1203,837,830,3457994,16891,525115,14117900
1204,861,866,3457133,16886,525981,13948300
1205,873,926,3456260,16833,526907,14878300
1206,819,872,3455441,16780,527779,16276200
1207,872,811,3454569,16841,528590,14587800
1208,821,828,3453748,16834,529418,14014800
1209,796,819,3452952,16811,530237,14765800
1210,864,866,3452088,16809,531103,14622400
1211,781,903,3451307,16687,532006,13839900
1212,813,841,3450494,16659,532847,14145400
1213,857,799,3449637,16717,533646,15542900
1214,848,816,3448789,16749,534462,13970800
1215,877,849,3447912,16777,535311,13773300
1216,807,808,3447105,16776,536119,13717700
1217,853,844,3446252,16785,536963,13705700
1218,826,839,3445426,16772,537802,13989100
1219,819,833,3444607,16758,538635,13978700
1220,892,811,3443715,16839,539446,14142000
1221,826,843,3442889,16822,540289,14181500
1222,827,842,3442062,16807,541131,13986600
1223,870,846,3441192,16831,541977,14148700
1224,931,908,3440261,16854,542885,14805200
1225,863,842,3439398,16875,543727,14311400
1226,844,832,3438554,16887,544559,14672800
1227,852,834,3437702,16905,545393,14634500
1228,863,870,3436839,16898,546263,13881500
1229,944,845,3435895,16997,547108,14082400
1230,895,826,3435000,17066,547934,14267900
1231,898,839,3434102,17125,548773,13775400
1232,899,865,3433203,17159,549638,13780200
1233,907,859,3432296,17207,550497,13834000
1234,877,856,3431419,17228,551353,13849700
1235,889,892,3430530,17225,552245,13833200
1236,852,875,3429678,17202,553120,14132800
1237,854,897,3428824,17159,554017,13801400
1238,857,799,3427967,17217,554816,14649100
1239,881,837,3427086,17261,555653,16456600
1240,902,888,3426184,17275,556541,14529500
1241,838,839,3425346,17274,557380,15485700
1242,912,904,3424434,17282,558284,14149300
1243,899,878,3423535,17303,559162,15310200
1244,870,865,3422665,17308,560027,14705500
1245,853,907,3421812,17254,560934,14574400
1246,913,836,3420899,17331,561770,15968700
1247,900,868,3419999,17363,562638,14589000
1248,897,872,3419102,17388,563510,14142000
1249,916,867,3418186,17437,564377,14203500
1250,899,838,3417287,17498,565215,14205600
1251,899,894,3416388,17503,566109,14850600
1252,937,962,3415451,17478,567071,14000300
1253,882,887,3414569,17473,567958,14849100
1254,942,839,3413627,17576,568797,14302500
1255,893,898,3412734,17571,569695,15990700
1256,916,850,3411818,17637,570545,14608400
1257,883,846,3410935,17674,571391,14504200
1258,887,852,3410048,17709,572243,13771700
1259,960,861,3409088,17808,573104,13770900
1260,847,858,3408241,17797,573962,13754100
1261,925,878,3407316,17844,574840,13944400
1262,908,836,3406408,17916,575676,14157300
1263,915,924,3405493,17907,576600,14388700
1264,909,876,3404584,17940,577476,14130700
1265,918,921,3403666,17937,578397,14019900
1266,905,853,3402761,17989,579250,14003500
1267,886,876,3401875,17999,580126,13826000
1268,896,940,3400979,17955,581066,13791300
1269,918,857,3400061,18016,581923,13880600
1270,885,837,3399176,18064,582760,13850100
1271,935,964,3398241,18035,583724,14629600
1272,883,891,3397358,18027,584615,14322300
1273,911,901,3396447,18037,585516,14116300
1274,925,867,3395522,18095,586383,14909000
1275,899,896,3394623,18098,587279,15453900
1276,896,901,3393727,18093,588180,13843000
1277,894,914,3392833,18073,589094,14116600
1278,970,960,3391863,18083,590054,13893100
1279,899,844,3390964,18138,590898,14170500
1280,896,893,3390068,18141,591791,14537900
1281,912,878,3389156,18175,592669,14602100
1282,909,896,3388247,18188,593565,14274500
1283,916,952,3387331,18152,594517,13787900
1284,917,906,3386414,18163,595423,15857200
1285,954,924,3385460,18193,596347,16132800
1286,892,898,3384568,18187,597245,13912700
1287,917,941,3383651,18163,598186,13856900
1288,924,974,3382727,18113,599160,13906300
1289,877,928,3381850,18062,600088,14145700
1290,895,890,3380955,18067,600978,14391600
1291,941,901,3380014,18107,601879,14639000
1292,899,903,3379115,18103,602782,14671500
1293,927,832,3378188,18198,603614,14466000
1294,936,911,3377252,18223,604525,14901400
1295,918,876,3376334,18265,605401,14332000
1296,860,944,3375474,18181,606345,14082300
1297,909,887,3374565,18203,607232,13974600
1298,923,948,3373642,18178,608180,13978700
1299,924,929,3372718,18173,609109,13940300
1300,936,903,3371782,18206,610012,13924500
1301,934,885,3370848,18255,610897,14337100
1302,961,875,3369887,18341,611772,14585800
1303,945,960,3368942,18326,612732,14325100
1304,925,892,3368017,18359,613624,14308100
1305,887,930,3367130,18316,614554,13858000
1306,892,892,3366238,18316,615446,13819800
1307,915,907,3365323,18324,616353,13945200
1308,976,941,3364347,18359,617294,13919800
1309,931,900,3363416,18390,618194,14307800
1310,914,918,3362502,18386,619112,14657700
1311,923,976,3361579,18333,620088,17692600
1312,887,907,3360692,18313,620995,16771100
1313,904,906,3359788,18311,621901,15606700
1314,910,923,3358878,18298,622824,16625500
1315,928,946,3357950,18280,623770,14714400
1316,891,863,3357059,18308,624633,14440300
1317,891,910,3356168,18289,625543,14169000
1318,936,906,3355232,18319,626449,14329300
1319,940,942,3354292,18317,627391,14652600
1320,905,950,3353387,18272,628341,14701000
1321,922,911,3352465,18283,629252,14631500
1322,889,889,3351576,18283,630141,14383300
1323,936,905,3350640,18314,631046,14265400
1324,877,887,3349763,18304,631933,14723400
1325,912,910,3348851,18306,632843,14757400
1326,854,898,3347997,18262,633741,14360600
1327,933,919,3347064,18276,634660,14228500
1328,848,926,3346216,18198,635586,14784700
1329,874,929,3345342,18143,636515,14870700
1330,916,941,3344426,18118,637456,14585300
1331,898,949,3343528,18067,638405,14697400
1332,860,878,3342668,18049,639283,14861900
1333,892,899,3341776,18042,640182,14450900
1334,904,915,3340872,18031,641097,14608100
1335,914,891,3339958,18054,641988,15905200
1336,895,913,3339063,18036,642901,13910000
1337,940,900,3338123,18076,643801,14440200
1338,901,943,3337222,18034,644744,14029600
1339,910,915,3336312,18029,645659,14485600
1340,890,921,3335422,17998,646580,17255100
1341,901,910,3334521,17989,647490,15120800
1342,933,970,3333588,17952,648460,14437100
1343,927,873,3332661,18006,649333,14025700
1344,876,862,3331785,18020,650195,13847800
1345,932,891,3330853,18061,651086,13846900
1346,894,928,3329959,18027,652014,13814300
1347,929,896,3329030,18060,652910,13952300
1348,910,922,3328120,18048,653832,13967100
1349,868,921,3327252,17995,654753,14113600
1350,912,868,3326340,18039,655621,14307500
1351,919,899,3325421,18059,656520,13850800
1352,907,896,3324514,18070,657416,14174400
1353,859,901,3323655,18028,658317,13804300
1354,914,907,3322741,18035,659224,13846000
1355,922,892,3321819,18065,660116,14241200
1356,900,903,3320919,18062,661019,14169900
1357,955,926,3319964,18091,661945,13975200
1358,961,842,3319003,18210,662787,14286200
1359,914,877,3318089,18247,663664,15030400
1360,900,916,3317189,18231,664580,14113900
1361,921,953,3316268,18199,665533,13996200
1362,955,908,3315313,18246,666441,13951300
1363,913,945,3314400,18214,667386,13927500
1364,892,923,3313508,18183,668309,13867600
1365,935,916,3312573,18202,669225,14238400
1366,939,946,3311634,18195,670171,14370700
1367,955,888,3310679,18262,671059,14380100
1368,932,952,3309747,18242,672011,14755100
1369,989,947,3308758,18284,672958,14345300
1370,970,950,3307788,18304,673908,14190700
1371,953,967,3306835,18290,674875,14234000
1372,983,890,3305852,18383,675765,14194400
1373,975,963,3304877,18395,676728,14238800
1374,955,890,3303922,18460,677618,14194700
1375,996,956,3302926,18500,678574,14040800
1376,975,927,3301951,18548,679501,14393800
1377,976,927,3300975,18597,680428,14326200
1378,969,878,3300006,18688,681306,14123300
1379,935,936,3299071,18687,682242,14370700
1380,983,909,3298088,18761,683151,13897800
1381,949,948,3297139,18762,684099,14203300
1382,978,904,3296161,18836,685003,13861000
1383,922,956,3295239,18802,685959,14037200
1384,929,923,3294310,18808,686882,14249700
1385,979,970,3293331,18817,687852,14229200
1386,944,972,3292387,18789,688824,13919700
1387,949,963,3291438,18775,689787,14039700
1388,942,963,3290496,18754,690750,13930300
1389,888,906,3289608,18736,691656,14126800
1390,919,967,3288689,18688,692623,14060900
1391,938,916,3287751,18710,693539,14041900
1392,1004,988,3286747,18726,694527,13972600
1393,935,963,3285812,18698,695490,14024600
1394,962,965,3284850,18695,696455,14015200
1395,873,875,3283977,18693,697330,14024500
1396,981,927,3282996,18747,698257,14170000
1397,938,939,3282058,18746,699196,14517700
1398,985,938,3281073,18793,700134,13944400
1399,886,988,3280187,18691,701122,14206600
1400,893,868,3279294,18716,701990,14165800
1401,944,890,3278350,18770,702880,13863800
1402,894,933,3277456,18731,703813,14243700
1403,971,913,3276485,18789,704726,14327800
1404,936,909,3275549,18816,705635,14352700
1405,897,910,3274652,18803,706545,14229800
1406,989,944,3273663,18848,707489,15088500
1407,955,937,3272708,18866,708426,14832000
1408,955,974,3271753,18847,709400,15896400
1409,874,972,3270879,18749,710372,15018600
1410,953,942,3269926,18760,711314,15702400
1411,934,953,3268992,18741,712267,15383200
1412,955,918,3268037,18778,713185,15548300
1413,925,944,3267112,18759,714129,14998900
1414,935,916,3266177,18778,715045,14606900
1415,984,937,3265193,18825,715982,14695600
1416,962,950,3264231,18837,716932,15265200
1417,966,972,3263265,18831,717904,14091500
1418,961,949,3262304,18843,718853,14282900
1419,916,911,3261388,18848,719764,14300100
1420,988,876,3260400,18960,720640,14316600
1421,955,918,3259445,18997,721558,14564800
1422,947,941,3258498,19003,722499,13918500
1423,987,907,3257511,19083,723406,14309200
1424,888,963,3256623,19008,724369,14142600
1425,953,890,3255670,19071,725259,14491700
1426,931,960,3254739,19042,726219,14817000
1427,908,919,3253831,19031,727138,16584000
1428,988,997,3252843,19022,728135,14252400
1429,967,998,3251876,18991,729133,14166900
1430,947,951,3250929,18987,730084,14147500
1431,986,942,3249943,19031,731026,13989500
1432,956,888,3248987,19099,731914,14214800
1433,941,963,3248046,19077,732877,14349900
1434,939,952,3247107,19064,733829,14140000
1435,962,936,3246145,19090,734765,14322100
1436,897,962,3245248,19025,735727,14217900
1437,960,947,3244288,19038,736674,14129500
1438,947,983,3243341,19002,737657,13930700
1439,950,971,3242391,18981,738628,13971800
1440,981,974,3241410,18988,739602,13934300
1441,906,985,3240504,18909,740587,13937300
1442,889,969,3239615,18829,741556,14087100
1443,962,991,3238653,18800,742547,14368400
1444,939,929,3237714,18810,743476,14033400
1445,986,920,3236728,18876,744396,14019100
1446,946,922,3235782,18900,745318,14452300
1447,910,932,3234872,18878,746250,14354500
1448,962,941,3233910,18899,747191,14916600
1449,920,898,3232990,18921,748089,14416100
1450,961,904,3232029,18978,748993,14541000
1451,958,903,3231071,19033,749896,14055900
1452,933,937,3230138,19029,750833,14724400
1453,940,936,3229198,19033,751769,14887700
1454,970,974,3228228,19029,752743,14359400
1455,960,980,3227268,19009,753723,14523500
1456,992,956,3226276,19045,754679,14122200
1457,978,926,3225298,19097,755605,14038300
1458,987,981,3224311,19103,756586,14070100
1459,972,964,3223339,19111,757550,14596900
1460,990,989,3222349,19112,758539,14508600
1461,954,964,3221395,19102,759503,14793100
1462,947,951,3220448,19098,760454,14379200
1463,948,955,3219500,19091,761409,14358000
1464,965,970,3218535,19086,762379,14248300
1465,993,967,3217542,19112,763346,14072700
1466,1035,981,3216507,19166,764327,14190700
1467,989,957,3215518,19198,765284,14420000
1468,938,1023,3214580,19113,766307,14023500
1469,966,947,3213614,19132,767254,14588300
1470,1021,940,3212593,19213,768194,14236700
1471,995,924,3211598,19284,769118,14270000
1472,939,1041,3210659,19182,770159,14505800
1473,936,943,3209723,19175,771102,13939800
1474,998,937,3208725,19236,772039,14049700
1475,983,963,3207742,19256,773002,14110900
1476,1006,947,3206736,19315,773949,14214600
1477,957,972,3205779,19300,774921,14214000
1478,1007,983,3204772,19324,775904,14365600
1479,934,1012,3203838,19246,776916,14464500
1480,991,951,3202847,19286,777867,14289600
1481,989,973,3201858,19302,778840,14149800
1482,1001,975,3200857,19328,779815,14553900
1483,978,964,3199879,19342,780779,14322600
1484,1029,901,3198850,19470,781680,14401400
1485,965,974,3197885,19461,782654,14659000
1486,1022,968,3196863,19515,783622,14264400
1487,982,1025,3195881,19472,784647,14273900
1488,999,980,3194882,19491,785627,14750400
1489,1041,1014,3193841,19518,786641,14427500
1490,964,1012,3192877,19470,787653,14539900
1491,942,1017,3191935,19395,788670,14302400
1492,978,923,3190957,19450,789593,14656700
1493,996,995,3189961,19451,790588,14318400
1494,950,991,3189011,19410,791579,14398800
1495,1000,979,3188011,19431,792558,14460500
1496,998,963,3187013,19466,793521,14856300
1497,968,1013,3186045,19421,794534,14910600
1498,945,930,3185100,19436,795464,14573700
1499,973,976,3184127,19433,796440,14060200
1500,991,983,3183136,19441,797423,13958300
1501,1001,964,3182135,19478,798387,13966100
1502,1003,938,3181132,19543,799325,14102600
1503,962,1027,3180170,19478,800352,14169500
1504,1014,953,3179156,19539,801305,14392000
1505,1024,1061,3178132,19502,802366,14358900
1506,1007,938,3177125,19571,803304,14409100
1507,963,977,3176162,19557,804281,14098000
1508,992,999,3175170,19550,805280,14002000
1509,977,941,3174193,19586,806221,14323400
1510,991,977,3173202,19600,807198,14525700
1511,951,994,3172251,19557,808192,13945800
1512,991,929,3171260,19619,809121,14409200
1513,1009,1002,3170251,19626,810123,13998500
1514,1011,987,3169240,19650,811110,13998100
1515,966,1013,3168274,19603,812123,13998800
1516,980,956,3167294,19627,813079,14189700
1517,991,1048,3166303,19570,814127,14163000
1518,982,987,3165321,19565,815114,14035300
1519,990,1025,3164331,19530,816139,14274700
1520,1016,1024,3163315,19522,817163,14456800
1521,1034,978,3162281,19578,818141,14326100
1522,1023,988,3161258,19613,819129,14039100
1523,972,989,3160286,19596,820118,14319200
1524,1024,972,3159262,19648,821090,14070300
1525,1078,997,3158184,19729,822087,14384700
1526,985,958,3157199,19756,823045,14325800
1527,1030,993,3156169,19793,824038,14363200
1528,966,1008,3155203,19751,825046,14777300
1529,1019,962,3154184,19808,826008,14297200
1530,1017,977,3153167,19848,826985,14477400
1531,978,1009,3152189,19817,827994,14427100
1532,1025,974,3151164,19868,828968,14121900
1533,1051,1000,3150113,19919,829968,14092600
1534,1015,974,3149098,19960,830942,14061200
1535,989,1016,3148109,19933,831958,14180300
1536,1018,952,3147091,19999,832910,14310700
1537,980,983,3146111,19996,833893,14101900
1538,1025,975,3145086,20046,834868,14334500
1539,1008,1047,3144078,20007,835915,14499900
1540,1014,1103,3143064,19918,837018,14215000
1541,1005,983,3142059,19940,838001,14234600
1542,1008,988,3141051,19960,838989,14037200
1543,1007,1033,3140044,19934,840022,13988700
1544,1017,1035,3139027,19916,841057,14139000
1545,1011,959,3138016,19968,842016,14186700
1546,961,988,3137055,19941,843004,14390100
1547,1025,996,3136030,19970,844000,14272400
1548,998,980,3135032,19988,844980,14515500
1549,1014,1026,3134018,19976,846006,14562700
1550,1011,1028,3133007,19959,847034,14192000
1551,973,1049,3132034,19883,848083,14460300
1552,998,1002,3131036,19879,849085,14965600
1553,1000,1009,3130036,19870,850094,14051900
1554,965,1024,3129071,19811,851118,14183100
1555,964,988,3128107,19787,852106,14180700
1556,998,957,3127109,19828,853063,14301500
1557,970,1035,3126139,19763,854098,14322000
1558,972,1013,3125167,19722,855111,14214800
1559,983,914,3124184,19791,856025,14634100
1560,990,1027,3123194,19754,857052,14110800
1561,1031,1002,3122163,19783,858054,14121600
1562,973,969,3121190,19787,859023,14008800
1563,947,961,3120243,19773,859984,14113600
1564,1010,953,3119233,19830,860937,14038200
1565,1018,1060,3118215,19788,861997,14455700
1566,1063,1006,3117152,19845,863003,15066800
1567,1027,972,3116125,19900,863975,15261900
1568,986,1019,3115139,19867,864994,15312200
1569,1038,979,3114101,19926,865973,15728700
1570,1023,994,3113078,19955,866967,14725800
1571,1053,1012,3112025,19996,867979,14281100
1572,1038,991,3110987,20043,868970,14399400
1573,1059,1028,3109928,20074,869998,14706100
1574,1027,1041,3108901,20060,871039,14705200
1575,1076,1002,3107825,20134,872041,14309400
1576,1069,1011,3106756,20192,873052,14494100
1577,1061,1071,3105695,20182,874123,14848000
1578,1058,1009,3104637,20231,875132,14481200
1579,984,964,3103653,20251,876096,14588200
1580,1097,991,3102556,20357,877087,14255100
1581,1042,964,3101514,20435,878051,15085600
1582,1073,950,3100441,20558,879001,14483600
1583,1081,1074,3099360,20565,880075,14912300
1584,1038,1032,3098322,20571,881107,14461400
1585,1119,997,3097203,20693,882104,14135000
1586,1068,1008,3096135,20753,883112,14140800
1587,1084,1014,3095051,20823,884126,14410700
1588,1040,1045,3094011,20818,885171,14148300
1589,1070,1057,3092941,20831,886228,14514100
1590,1051,1042,3091890,20840,887270,15120300
1591,1069,980,3090821,20929,888250,14667300
1592,1055,1079,3089766,20905,889329,14889100
1593,1098,1054,3088668,20949,890383,14172500
1594,1046,1067,3087622,20928,891450,14827000
1595,1099,1053,3086523,20974,892503,14501700
1596,1070,1080,3085453,20964,893583,14231900
1597,1135,1012,3084318,21087,894595,14116100
1598,1135,1022,3083183,21200,895617,14522400
1599,1085,1007,3082098,21278,896624,14386500
1600,1106,1070,3080992,21314,897694,15487900
1601,1113,1070,3079879,21357,898764,15691800
1602,1033,1061,3078846,21329,899825,14442200
1603,1000,1058,3077846,21271,900883,14646900
1604,1032,1091,3076814,21212,901974,14224200
1605,1042,990,3075772,21264,902964,14114500
1606,1084,1053,3074688,21295,904017,14127500
1607,1068,1045,3073620,21318,905062,14681300
1608,1052,1053,3072568,21317,906115,14717100
1609,1116,1000,3071452,21433,907115,14305300
1610,1046,1084,3070406,21395,908199,14113800
1611,997,1073,3069409,21319,909272,14146100
1612,1076,1048,3068333,21347,910320,14160300
1613,1055,1044,3067278,21358,911364,14505200
1614,1107,1062,3066171,21403,912426,14287900
1615,1054,1098,3065117,21359,913524,14238200
1616,1016,1112,3064101,21263,914636,14699300
1617,1066,1036,3063035,21293,915672,14517500
1618,1062,1017,3061973,21338,916689,15270400
1619,1016,1079,3060957,21275,917768,14708900
1620,1066,1062,3059891,21279,918830,14239400
1621,1032,1056,3058859,21255,919886,14131600
1622,1071,1068,3057788,21258,920954,14234400
1623,1012,1046,3056776,21224,922000,14211300
1624,1044,1069,3055732,21199,923069,14141600
1625,1020,1067,3054712,21152,924136,14167600
1626,1047,1085,3053665,21114,925221,14229100
1627,1032,1053,3052633,21093,926274,14247700
1628,1028,1036,3051605,21085,927310,14241900
1629,1068,1021,3050537,21132,928331,14213700
1630,1048,1036,3049489,21144,929367,14169400
1631,1017,1049,3048472,21112,930416,14339600
1632,1056,1078,3047416,21090,931494,14171100
1633,1039,1050,3046377,21079,932544,14337200
1634,1083,1055,3045294,21107,933599,14228200
1635,959,1040,3044335,21026,934639,14620800
1636,1038,1098,3043297,20966,935737,14949800
1637,1044,1097,3042253,20913,936834,14348200
1638,1023,1042,3041230,20894,937876,14523400
1639,1039,1019,3040191,20914,938895,14670000
1640,1049,1074,3039142,20889,939969,14373500
1641,1015,1028,3038127,20876,940997,14233300
1642,1022,1018,3037105,20880,942015,14132400
1643,1049,1053,3036056,20876,943068,14459500
1644,1058,1039,3034998,20895,944107,14494800
1645,1031,1040,3033967,20886,945147,14380700
1646,1031,1088,3032936,20829,946235,14151700
1647,1027,1085,3031909,20771,947320,14843600
1648,1013,1006,3030896,20778,948326,14718800
1649,1106,1077,3029790,20807,949403,14603400
1650,1026,944,3028764,20889,950347,14538500
1651,954,1005,3027810,20838,951352,14951100
1652,1019,1040,3026791,20817,952392,14555800
1653,1037,1022,3025754,20832,953414,14323100
1654,1017,1105,3024737,20744,954519,14586700
1655,1097,1086,3023640,20755,955605,15984300
1656,1103,988,3022537,20870,956593,15349500
1657,1046,1053,3021491,20863,957646,15062100
1658,1064,1075,3020427,20852,958721,15114900
1659,1069,1084,3019358,20837,959805,14554200
1660,1057,1085,3018301,20809,960890,14343700
1661,1048,995,3017253,20862,961885,14449700
1662,1156,1051,3016097,20967,962936,14137100
1663,1093,1071,3015004,20989,964007,14206600
1664,1089,1040,3013915,21038,965047,14470800
1665,1076,1009,3012839,21105,966056,14460800
1666,1106,1055,3011733,21156,967111,14157700
1667,1086,1059,3010647,21183,968170,14434300
1668,1110,1069,3009537,21224,969239,14408100
1669,1067,1047,3008470,21244,970286,14438500
1670,1085,1054,3007385,21275,971340,14393100
1671,1073,1104,3006312,21244,972444,14265500
1672,1077,1073,3005235,21248,973517,14210800
1673,1114,1054,3004121,21308,974571,14502000
1674,1096,1069,3003025,21335,975640,14390800
1675,1074,1064,3001951,21345,976704,14168300
1676,1081,1062,3000870,21364,977766,14474700
1677,1070,1072,2999800,21362,978838,14485300
1678,1113,1085,2998687,21390,979923,14516500
1679,1113,1083,2997574,21420,981006,14151400
1680,1090,1063,2996484,21447,982069,14097100
1681,1072,1028,2995412,21491,983097,14197700
1682,1050,1084,2994362,21457,984181,14668600
1683,1173,1155,2993189,21475,985336,14404500
1684,1069,1045,2992120,21499,986381,15464800
1685,1102,1016,2991018,21585,987397,14607600
1686,1165,1074,2989853,21676,988471,14192100
1687,1158,1063,2988695,21771,989534,14810200
1688,1093,1088,2987602,21776,990622,14639900
1689,1094,1154,2986508,21716,991776,14848100
1690,1135,1061,2985373,21790,992837,14439100
1691,1123,1087,2984250,21826,993924,14911100
1692,1064,1060,2983186,21830,994984,14241600
1693,1087,1108,2982099,21809,996092,15144000
1694,1121,1116,2980978,21814,997208,14612600
1695,1160,1089,2979818,21885,998297,14325200
1696,1198,1097,2978620,21986,999394,14322100
1697,1179,1174,2977441,21991,1000568,14472800
1698,1124,1098,2976317,22017,1001666,14890200
1699,1088,1214,2975229,21891,1002880,14646100
1700,1151,1098,2974078,21944,1003978,14734600
1701,1047,1071,2973031,21920,1005049,14655200
1702,1098,1141,2971933,21877,1006190,14628300
1703,1075,1092,2970858,21860,1007282,14643000
1704,1158,1156,2969700,21862,1008438,15051100
1705,1140,1143,2968560,21859,1009581,15343000
1706,1084,1118,2967476,21825,1010699,15107400
1707,1115,1127,2966361,21813,1011826,14667000
1708,1148,1071,2965213,21890,1012897,15078900
1709,1113,1136,2964100,21867,1014033,15477600
1710,1103,1079,2962997,21891,1015112,14906500
1711,1095,1109,2961902,21877,1016221,14740500
1712,1138,1078,2960764,21937,1017299,14835900
1713,1168,1133,2959596,21972,1018432,14722100
1714,1092,1085,2958504,21979,1019517,14967100
1715,1088,1135,2957416,21932,1020652,14755600
1716,1106,1092,2956310,21946,1021744,16741700
1717,1106,1116,2955204,21936,1022860,15934900
1718,1140,1045,2954064,22031,1023905,14409000
1719,1091,1021,2952973,22101,1024926,14552900
1720,1066,1100,2951907,22067,1026026,14718400
1721,1089,1063,2950818,22093,1027089,14569400
1722,1166,1143,2949652,22116,1028232,14925200
1723,1118,1161,2948534,22073,1029393,14257800
1724,1132,1088,2947402,22117,1030481,14801300
1725,1169,1077,2946233,22209,1031558,14167200
1726,1083,1106,2945150,22186,1032664,14229800
1727,1117,1133,2944033,22170,1033797,14234300
1728,1041,1096,2942992,22115,1034893,14537100
1729,1123,1109,2941869,22129,1036002,14568400
1730,1108,1060,2940761,22177,1037062,14791300
1731,1072,1146,2939689,22103,1038208,16269300
1732,1085,1076,2938604,22112,1039284,15033300
1733,1050,1095,2937554,22067,1040379,14584600
1734,1118,1126,2936436,22059,1041505,14600200
1735,1129,1071,2935307,22117,1042576,14576700
1736,1077,1056,2934230,22138,1043632,14833600
1737,1090,1131,2933140,22097,1044763,14584300
1738,1079,1145,2932061,22031,1045908,15292400
1739,1113,1153,2930948,21991,1047061,15696500
1740,1079,1103,2929869,21967,1048164,16294400
1741,1114,1130,2928755,21951,1049294,14397300
1742,1061,1059,2927694,21953,1050353,14261100
1743,1155,1051,2926539,22057,1051404,14218800
1744,1116,1112,2925423,22061,1052516,14237000
1745,1121,1101,2924302,22081,1053617,14235400
1746,1080,1085,2923222,22076,1054702,15440500
1747,1099,1069,2922123,22106,1055771,16092800
1748,1065,1079,2921058,22092,1056850,14762000
1749,1096,1125,2919962,22063,1057975,14717000
1750,1117,1074,2918845,22106,1059049,14703200
1751,1094,1097,2917751,22103,1060146,14763800
1752,1122,1066,2916629,22159,1061212,14965400
1753,1052,1083,2915577,22128,1062295,14791200
1754,1079,1130,2914498,22077,1063425,14541400
1755,1062,1028,2913436,22111,1064453,14570200
1756,1148,1085,2912288,22174,1065538,14440900
1757,1136,1136,2911152,22174,1066674,14546600
1758,1039,1066,2910113,22147,1067740,14456200
1759,1077,1152,2909036,22072,1068892,14554500
1760,1069,1066,2907967,22075,1069958,14558900
1761,1108,1138,2906859,22045,1071096,14265000
1762,1122,1130,2905737,22037,1072226,14684000
1763,1147,1109,2904590,22075,1073335,14372200
1764,1109,1159,2903481,22025,1074494,14544300
1765,1072,1060,2902409,22037,1075554,14285100
1766,1173,1097,2901236,22113,1076651,14651500
1767,1147,1064,2900089,22196,1077715,14842400
1768,1145,1117,2898944,22224,1078832,14338900
1769,1112,1161,2897832,22175,1079993,14363600
1770,1155,1112,2896677,22218,1081105,14358900
1771,1152,1103,2895525,22267,1082208,14428000
1772,1129,1079,2894396,22317,1083287,15358900
1773,1070,1081,2893326,22306,1084368,14711700
1774,1138,1045,2892188,22399,1085413,14718800
1775,1166,1104,2891022,22461,1086517,14301800
1776,1167,1131,2889855,22497,1087648,14610500
1777,1144,1085,2888711,22556,1088733,14535900
1778,1125,1136,2887586,22545,1089869,14783800
1779,1167,1119,2886419,22593,1090988,14834400
1780,1084,1100,2885335,22577,1092088,14854200
1781,1138,1183,2884197,22532,1093271,14663000
1782,1159,1156,2883038,22535,1094427,14382500
1783,1117,1097,2881921,22555,1095524,14401600
1784,1159,1128,2880762,22586,1096652,14565300
1785,1142,1164,2879620,22564,1097816,14337900
1786,1169,1198,2878451,22535,1099014,14385200
1787,1142,1157,2877309,22520,1100171,14330200
1788,1178,1172,2876131,22526,1101343,14331400
1789,1107,1131,2875024,22502,1102474,14370600
1790,1128,1164,2873896,22466,1103638,14398900
1791,1104,1068,2872792,22502,1104706,14351000
1792,1167,1106,2871625,22563,1105812,14320500
1793,1160,1143,2870465,22580,1106955,14321100
1794,1140,1161,2869325,22559,1108116,14425400
1795,1172,1079,2868153,22652,1109195,14363800
1796,1203,1120,2866950,22735,1110315,14475800
1797,1130,1109,2865820,22756,1111424,14341300
1798,1219,1164,2864601,22811,1112588,14715400
1799,1180,1186,2863421,22805,1113774,14324600
1800,1224,1161,2862197,22868,1114935,14734300
1801,1195,1126,2861002,22937,1116061,14458500
1802,1224,1149,2859778,23012,1117210,14475400
1803,1168,1196,2858610,22984,1118406,14386500
1804,1141,1163,2857469,22962,1119569,14373000
1805,1213,1243,2856256,22932,1120812,14602000
1806,1124,1102,2855132,22954,1121914,14348500
1807,1136,1107,2853996,22983,1123021,14498200
1808,1123,1151,2852873,22955,1124172,14385500
1809,1111,1145,2851762,22921,1125317,14619000
1810,1147,1157,2850615,22911,1126474,14997200
1811,1214,1190,2849401,22935,1127664,15132600
1812,1142,1085,2848259,22992,1128749,14967500
1813,1146,1150,2847113,22988,1129899,14946900
1814,1182,1202,2845931,22968,1131101,15525700
1815,1254,1175,2844677,23047,1132276,16222800
1816,1167,1161,2843510,23053,1133437,15143400
1817,1196,1175,2842314,23074,1134612,15008500
1818,1144,1215,2841170,23003,1135827,15256700
1819,1126,1160,2840044,22969,1136987,14988800
1820,1148,1138,2838896,22979,1138125,15260500
1821,1134,1117,2837762,22996,1139242,14783500
1822,1149,1182,2836613,22963,1140424,14812100
1823,1170,1111,2835443,23022,1141535,14434500
1824,1124,1143,2834319,23003,1142678,15637100
1825,1095,1138,2833224,22960,1143816,14553000
1826,1116,1135,2832108,22941,1144951,14470600
1827,1161,1089,2830947,23013,1146040,14549400
1828,1220,1166,2829727,23067,1147206,14416400
1829,1111,1168,2828616,23010,1148374,14525900
1830,1201,1190,2827415,23021,1149564,14389300
1831,1145,1225,2826270,22941,1150789,14513400
1832,1156,1131,2825114,22966,1151920,14708000
1833,1151,1172,2823963,22945,1153092,14503000
1834,1145,1152,2822818,22938,1154244,14885000
1835,1142,1176,2821676,22904,1155420,14396600
1836,1203,1140,2820473,22967,1156560,14254300
1837,1185,1134,2819288,23018,1157694,14261000
1838,1228,1184,2818060,23062,1158878,14573200
1839,1148,1222,2816912,22988,1160100,14203100
1840,1195,1161,2815717,23022,1161261,14543100
1841,1221,1207,2814496,23036,1162468,14624900
1842,1133,1172,2813363,22997,1163640,14811100
1843,1187,1133,2812176,23051,1164773,14545900
1844,1124,1142,2811052,23033,1165915,14675400
1845,1141,1133,2809911,23041,1167048,14306400
1846,1152,1129,2808759,23064,1168177,14321800
1847,1223,1169,2807536,23118,1169346,14364900
1848,1106,1149,2806430,23075,1170495,14710200
1849,1136,1144,2805294,23067,1171639,14978100
1850,1170,1138,2804124,23099,1172777,14712100
1851,1135,1081,2802989,23153,1173858,14496100
1852,1158,1194,2801831,23117,1175052,14327600
1853,1139,1152,2800692,23104,1176204,14421300
1854,1111,1172,2799581,23043,1177376,14423700
1855,1185,1168,2798396,23060,1178544,14956300
1856,1180,1141,2797216,23099,1179685,14412800
1857,1177,1126,2796039,23150,1180811,14661700
1858,1242,1206,2794797,23186,1182017,14403200
1859,1158,1185,2793639,23159,1183202,14443700
1860,1082,1204,2792557,23037,1184406,14430500
1861,1148,1144,2791409,23041,1185550,14338300
1862,1198,1164,2790211,23075,1186714,14793800
1863,1118,1165,2789093,23028,1187879,14423700
1864,1111,1211,2787982,22928,1189090,14831100
1865,1155,1157,2786827,22926,1190247,14540400
1866,1176,1107,2785651,22995,1191354,14333800
1867,1120,1152,2784531,22963,1192506,14433900
1868,1171,1173,2783360,22961,1193679,14450800
1869,1180,1139,2782180,23002,1194818,14454500
1870,1189,1163,2780991,23028,1195981,14720100
1871,1151,1130,2779840,23049,1197111,14431300
1872,1149,1167,2778691,23031,1198278,14443100
1873,1163,1246,2777528,22948,1199524,14736100
1874,1146,1141,2776382,22953,1200665,14801700
1875,1203,1168,2775179,22988,1201833,14335300
1876,1125,1124,2774054,22989,1202957,14369400
1877,1189,1144,2772865,23034,1204101,14342100
1878,1189,1121,2771676,23102,1205222,15034300
1879,1155,1170,2770521,23087,1206392,14944800
1880,1161,1167,2769360,23081,1207559,14926800
1881,1152,1127,2768208,23106,1208686,14691300
1882,1086,1132,2767122,23060,1209818,14246500
1883,1194,1203,2765928,23051,1211021,14345400
1884,1147,1114,2764781,23084,1212135,14363800
1885,1191,1184,2763590,23091,1213319,14439300
1886,1173,1206,2762417,23058,1214525,14674200
1887,1235,1191,2761182,23102,1215716,14757700
1888,1107,1132,2760075,23077,1216848,14699800
1889,1131,1127,2758944,23081,1217975,14484000
1890,1185,1171,2757759,23095,1219146,14481500
1891,1115,1190,2756644,23020,1220336,14716100
1892,1214,1121,2755430,23113,1221457,15414800
1893,1181,1195,2754249,23099,1222652,15118200
1894,1209,1127,2753040,23181,1223779,15000600
1895,1201,1147,2751839,23235,1224926,14916600
1896,1193,1152,2750646,23276,1226078,14808600
1897,1149,1151,2749497,23274,1227229,14702000
1898,1168,1165,2748329,23277,1228394,14619200
1899,1199,1190,2747130,23286,1229584,14779500
1900,1178,1193,2745952,23271,1230777,14801700
1901,1251,1189,2744701,23333,1231966,15134700
1902,1173,1140,2743528,23366,1233106,15214500
1903,1202,1171,2742326,23397,1234277,14682900
1904,1246,1105,2741080,23538,1235382,14856100
1905,1207,1208,2739873,23537,1236590,14688000
1906,1216,1236,2738657,23517,1237826,14329400
1907,1148,1196,2737509,23469,1239022,14435000
1908,1201,1178,2736308,23492,1240200,15133000
1909,1221,1170,2735087,23543,1241370,15467200
1910,1279,1181,2733808,23641,1242551,15582100
1911,1241,1131,2732567,23751,1243682,14602000
1912,1265,1186,2731302,23830,1244868,14800600
1913,1236,1175,2730066,23891,1246043,14538100
1914,1200,1176,2728866,23915,1247219,14840900
1915,1238,1260,2727628,23893,1248479,14999500
1916,1219,1235,2726409,23877,1249714,14683400
1917,1271,1223,2725138,23925,1250937,14901100
1918,1223,1167,2723915,23981,1252104,14473300
1919,1226,1164,2722689,24043,1253268,14587800
1920,1185,1208,2721504,24020,1254476,14949200
1921,1243,1155,2720261,24108,1255631,15130500
1922,1195,1200,2719066,24103,1256831,14548800
1923,1229,1193,2717837,24139,1258024,15041100
1924,1236,1212,2716601,24163,1259236,15443800
1925,1214,1206,2715387,24171,1260442,15064800
1926,1248,1222,2714139,24197,1261664,14643000
1927,1258,1269,2712881,24186,1262933,14820400
1928,1231,1252,2711650,24165,1264185,14510000
1929,1229,1241,2710421,24153,1265426,14469800
1930,1209,1194,2709212,24168,1266620,14577400
1931,1231,1231,2707981,24168,1267851,14545200
1932,1172,1214,2706809,24126,1269065,14566000
1933,1203,1210,2705606,24119,1270275,14511200
1934,1212,1202,2704394,24129,1271477,14444100
1935,1254,1235,2703140,24148,1272712,14709500
1936,1223,1205,2701917,24166,1273917,14590300
1937,1179,1193,2700738,24152,1275110,14393100
1938,1229,1150,2699509,24231,1276260,14849400
1939,1212,1258,2698297,24185,1277518,14544100
1940,1189,1209,2697108,24165,1278727,14888400
1941,1232,1186,2695876,24211,1279913,14993300
1942,1186,1199,2694690,24198,1281112,14637000
1943,1196,1201,2693494,24193,1282313,14446400
1944,1175,1141,2692319,24227,1283454,14660800
1945,1222,1163,2691097,24286,1284617,14489700
1946,1223,1220,2689874,24289,1285837,14874000
1947,1206,1163,2688668,24332,1287000,15079700
1948,1185,1189,2687483,24328,1288189,15092700
1949,1228,1231,2686255,24325,1289420,15320800
1950,1198,1222,2685057,24301,1290642,15081300
1951,1230,1216,2683827,24315,1291858,14336200
1952,1202,1182,2682625,24335,1293040,14665400
1953,1162,1220,2681463,24277,1294260,14748000
1954,1194,1262,2680269,24209,1295522,16493700
1955,1124,1202,2679145,24131,1296724,17069700
1956,1203,1188,2677942,24146,1297912,14978200
1957,1180,1206,2676762,24120,1299118,14615700
1958,1196,1205,2675566,24111,1300323,14709300
1959,1158,1236,2674408,24033,1301559,14491100
1960,1210,1173,2673198,24070,1302732,14624200
1961,1193,1188,2672005,24075,1303920,14759100
1962,1207,1196,2670798,24086,1305116,14787800
1963,1244,1200,2669554,24130,1306316,14529900
1964,1195,1255,2668359,24070,1307571,14534600
1965,1204,1151,2667155,24123,1308722,14971400
1966,1179,1255,2665976,24047,1309977,14397900
1967,1194,1196,2664782,24045,1311173,14932400
1968,1191,1235,2663591,24001,1312408,14415000
1969,1210,1153,2662381,24058,1313561,14720500
1970,1191,1168,2661190,24081,1314729,14601200
1971,1166,1231,2660024,24016,1315960,14955000
1972,1171,1178,2658853,24009,1317138,15044000
1973,1211,1189,2657642,24031,1318327,14983900
1974,1182,1213,2656460,24000,1319540,15179300
1975,1208,1186,2655252,24022,1320726,15226300
1976,1253,1211,2653999,24064,1321937,15441300
1977,1212,1199,2652787,24077,1323136,15262300
1978,1144,1234,2651643,23987,1324370,15119300
1979,1241,1195,2650402,24033,1325565,14911000
1980,1182,1237,2649220,23978,1326802,15282600
1981,1144,1194,2648076,23928,1327996,14776600
1982,1143,1192,2646933,23879,1329188,15142700
1983,1215,1184,2645718,23910,1330372,14725400
1984,1232,1214,2644486,23928,1331586,14457900
1985,1211,1245,2643275,23894,1332831,14343700
1986,1198,1167,2642077,23925,1333998,14377400
1987,1201,1206,2640876,23920,1335204,14521900
1988,1234,1201,2639642,23953,1336405,14488400
1989,1252,1147,2638390,24058,1337552,14536800
1990,1220,1175,2637170,24103,1338727,15130700
1991,1247,1222,2635923,24128,1339949,14721500
1992,1191,1213,2634732,24106,1341162,15022100
1993,1231,1186,2633501,24151,1342348,14612200
1994,1214,1227,2632287,24138,1343575,14546400
1995,1226,1240,2631061,24124,1344815,14419600
1996,1169,1185,2629892,24108,1346000,14481900
1997,1270,1183,2628622,24195,1347183,14529800
1998,1226,1237,2627396,24184,1348420,14492300
1999,1308,1235,2626088,24257,1349655,14479300
2000,1226,1185,2624862,24298,1350840,14465200
2001,1239,1240,2623623,24297,1352080,14495400
2002,1221,1189,2622402,24329,1353269,14590900
2003,1264,1226,2621138,24367,1354495,14549100
2004,1229,1229,2619909,24367,1355724,14493300
2005,1267,1307,2618642,24327,1357031,14938400
2006,1244,1191,2617398,24380,1358222,14717200
2007,1288,1213,2616110,24455,1359435,14900500
2008,1222,1263,2614888,24414,1360698,14375700
2009,1239,1211,2613649,24442,1361909,14441400
2010,1188,1237,2612461,24393,1363146,14714700
2011,1237,1181,2611224,24449,1364327,14755300
2012,1246,1244,2609978,24451,1365571,14567000
2013,1267,1206,2608711,24512,1366777,14858400
2014,1221,1205,2607490,24528,1367982,14552800
2015,1191,1206,2606299,24513,1369188,14781500
2016,1237,1241,2605062,24509,1370429,14720500
2017,1232,1230,2603830,24511,1371659,14824400
2018,1226,1263,2602604,24474,1372922,14694400
2019,1251,1244,2601353,24481,1374166,14576700
2020,1279,1208,2600074,24552,1375374,14860700
2021,1292,1191,2598782,24653,1376565,14750900
2022,1237,1310,2597545,24580,1377875,14724000
2023,1252,1240,2596293,24592,1379115,14675800
2024,1241,1259,2595052,24574,1380374,14684100
2025,1286,1172,2593766,24688,1381546,14611500
2026,1203,1201,2592563,24690,1382747,14940100
2027,1219,1252,2591344,24657,1383999,14505600
2028,1249,1238,2590095,24668,1385237,14967300
2029,1233,1263,2588862,24638,1386500,14547600
2030,1262,1230,2587600,24670,1387730,15387700
2031,1308,1219,2586292,24759,1388949,17820100
2032,1218,1249,2585074,24728,1390198,14796500
2033,1260,1239,2583814,24749,1391437,14691600
2034,1207,1276,2582607,24680,1392713,14613000
2035,1218,1282,2581389,24616,1393995,14892000
2036,1301,1204,2580088,24713,1395199,14822100
2037,1235,1216,2578853,24732,1396415,15170400
2038,1257,1314,2577596,24675,1397729,14864600
2039,1224,1222,2576372,24677,1398951,15075700
2040,1222,1255,2575150,24644,1400206,14954200
2041,1220,1188,2573930,24676,1401394,14664500
2042,1209,1186,2572721,24699,1402580,14998000
2043,1297,1236,2571424,24760,1403816,15641100
2044,1234,1228,2570190,24766,1405044,14850000
2045,1218,1232,2568972,24752,1406276,15026600
2046,1212,1200,2567760,24764,1407476,15181800
2047,1210,1275,2566550,24699,1408751,15259000
2048,1197,1188,2565353,24708,1409939,15394500
2049,1290,1303,2564063,24695,1411242,14759300
2050,1286,1203,2562777,24778,1412445,15458000
2051,1263,1231,2561514,24810,1413676,15214300
2052,1218,1228,2560296,24800,1414904,16470200
2053,1239,1234,2559057,24805,1416138,17034200
2054,1239,1283,2557818,24761,1417421,15748700
2055,1223,1265,2556595,24719,1418686,17053300
2056,1325,1200,2555270,24844,1419886,16647700
2057,1209,1259,2554061,24794,1421145,17941000
2058,1239,1203,2552822,24830,1422348,16730200
2059,1239,1261,2551583,24808,1423609,15755300
2060,1150,1181,2550433,24777,1424790,15479800
2061,1250,1243,2549183,24784,1426033,15500900
2062,1183,1292,2548000,24675,1427325,15572300
2063,1246,1275,2546754,24646,1428600,15102300
2064,1183,1217,2545571,24612,1429817,15473500
2065,1127,1318,2544444,24421,1431135,15119800
2066,1166,1210,2543278,24377,1432345,15149600
2067,1235,1192,2542043,24420,1433537,14908800
2068,1234,1260,2540809,24394,1434797,15055400
2069,1169,1229,2539640,24334,1436026,14756300
2070,1221,1260,2538419,24295,1437286,15222500
2071,1256,1176,2537163,24375,1438462,14916000
2072,1227,1204,2535936,24398,1439666,14865900
2073,1224,1217,2534712,24405,1440883,15008300
2074,1255,1264,2533457,24396,1442147,14990400
2075,1191,1201,2532266,24386,1443348,14846000
2076,1248,1326,2531018,24308,1444674,14733900
2077,1176,1263,2529842,24221,1445937,15663800
2078,1164,1175,2528678,24210,1447112,15777900
2079,1179,1172,2527499,24217,1448284,15712000
2080,1178,1249,2526321,24146,1449533,16297600
2081,1172,1166,2525149,24152,1450699,16511300
2082,1182,1212,2523967,24122,1451911,15014300
2083,1219,1181,2522748,24160,1453092,15250100
2084,1190,1252,2521558,24098,1454344,16898200
2085,1264,1250,2520294,24112,1455594,15310400
2086,1241,1223,2519053,24130,1456817,15988000
2087,1211,1244,2517842,24097,1458061,17615000
2088,1142,1207,2516700,24032,1459268,15331500
2089,1193,1250,2515507,23975,1460518,15454000
2090,1248,1194,2514259,24029,1461712,14886300
2091,1183,1224,2513076,23988,1462936,15181900
2092,1196,1179,2511880,24005,1464115,14868100
2093,1197,1208,2510683,23994,1465323,14772800
2094,1257,1224,2509426,24027,1466547,15624300
2095,1234,1181,2508192,24080,1467728,15502700
2096,1199,1219,2506993,24060,1468947,15083700
2097,1240,1225,2505753,24075,1470172,15240900
2098,1176,1191,2504577,24060,1471363,15127300
2099,1237,1174,2503340,24123,1472537,15289900
2100,1263,1197,2502077,24189,1473734,14813800
2101,1256,1187,2500821,24258,1474921,14821000
2102,1254,1177,2499567,24335,1476098,15253200
2103,1198,1202,2498369,24331,1477300,15225900
2104,1307,1239,2497062,24399,1478539,14870100
2105,1245,1160,2495817,24484,1479699,14803900
2106,1237,1262,2494580,24459,1480961,14776200
2107,1237,1208,2493343,24488,1482169,14980800
2108,1235,1276,2492108,24447,1483445,15313600
2109,1224,1280,2490884,24391,1484725,17654600
2110,1202,1215,2489682,24378,1485940,15536700
2111,1205,1207,2488477,24376,1487147,15202700
2112,1269,1173,2487208,24472,1488320,15074100
2113,1236,1168,2485972,24540,1489488,14644900
2114,1238,1235,2484734,24543,1490723,15042900
2115,1251,1228,2483483,24566,1491951,14714300
2116,1273,1241,2482210,24598,1493192,14706200
2117,1294,1211,2480916,24681,1494403,14809900
2118,1192,1206,2479724,24667,1495609,14782900
2119,1254,1215,2478470,24706,1496824,15050200
2120,1322,1249,2477148,24779,1498073,14568700
2121,1243,1314,2475905,24708,1499387,15147900
2122,1287,1276,2474618,24719,1500663,14996800
2123,1264,1222,2473354,24761,1501885,15084100
2124,1247,1256,2472107,24752,1503141,14506900
2125,1279,1240,2470828,24791,1504381,15164500
2126,1241,1229,2469587,24803,1505610,14735700
2127,1307,1243,2468280,24867,1506853,14969100
2128,1261,1161,2467019,24967,1508014,14790500
2129,1291,1250,2465728,25008,1509264,14771100
2130,1229,1249,2464499,24988,1510513,15567700
2131,1284,1246,2463215,25026,1511759,16469300
2132,1249,1232,2461966,25043,1512991,15445400
2133,1277,1237,2460689,25083,1514228,14850600
2134,1308,1266,2459381,25125,1515494,14919800
2135,1211,1330,2458170,25006,1516824,14931700
2136,1214,1252,2456956,24968,1518076,15366000
2137,1276,1245,2455680,24999,1519321,14757200
2138,1255,1267,2454425,24987,1520588,14856900
2139,1206,1248,2453219,24945,1521836,14832600
2140,1261,1284,2451958,24922,1523120,15370900
2141,1277,1178,2450681,25021,1524298,14945100
2142,1228,1265,2449453,24984,1525563,15102500
2143,1312,1255,2448141,25041,1526818,14954800
2144,1242,1171,2446899,25112,1527989,14579900
2145,1254,1322,2445645,25044,1529311,14614300
2146,1176,1301,2444469,24919,1530612,14585100
2147,1251,1331,2443218,24839,1531943,14723700
2148,1249,1300,2441969,24788,1533243,14680700
2149,1262,1229,2440707,24821,1534472,14624900
2150,1239,1234,2439468,24826,1535706,14987400
2151,1254,1218,2438214,24862,1536924,15415300
2152,1254,1193,2436960,24923,1538117,14945200
2153,1269,1228,2435691,24964,1539345,15013200
2154,1230,1267,2434461,24927,1540612,14800500
2155,1242,1241,2433219,24928,1541853,14768000
2156,1200,1234,2432019,24894,1543087,14661900
2157,1232,1290,2430787,24836,1544377,14531600
2158,1200,1307,2429587,24729,1545684,14520400
2159,1262,1222,2428325,24769,1546906,14572700
2160,1260,1246,2427065,24783,1548152,14486900
2161,1294,1243,2425771,24834,1549395,16311000
2162,1325,1258,2424446,24901,1550653,15790100
2163,1262,1247,2423184,24916,1551900,14833500
2164,1246,1273,2421938,24889,1553173,14915300
2165,1215,1251,2420723,24853,1554424,15457000
2166,1233,1235,2419490,24851,1555659,14956000
2167,1221,1244,2418269,24828,1556903,14801200
2168,1183,1237,2417086,24774,1558140,15495400
2169,1205,1262,2415881,24717,1559402,14921800
2170,1225,1266,2414656,24676,1560668,14677700
2171,1255,1200,2413401,24731,1561868,14554100
2172,1226,1290,2412175,24667,1563158,14944800
2173,1199,1239,2410976,24627,1564397,14691700
2174,1216,1314,2409760,24529,1565711,14661100
2175,1141,1198,2408619,24472,1566909,14918300
2176,1176,1255,2407443,24393,1568164,15378600
2177,1248,1160,2406195,24481,1569324,15187400
2178,1210,1227,2404985,24464,1570551,15206300
2179,1195,1185,2403790,24474,1571736,14753200
2180,1185,1278,2402605,24381,1573014,14540200
2181,1203,1253,2401402,24331,1574267,14519400
2182,1234,1204,2400168,24361,1575471,14503900
2183,1209,1189,2398959,24381,1576660,14615800
2184,1244,1243,2397715,24382,1577903,14577000
2185,1199,1207,2396516,24374,1579110,14987100
2186,1236,1234,2395280,24376,1580344,14828400
2187,1207,1209,2394073,24374,1581553,14881500
2188,1206,1205,2392867,24375,1582758,15145800
2189,1219,1164,2391648,24430,1583922,14666400
2190,1163,1274,2390485,24319,1585196,14635300
2191,1240,1282,2389245,24277,1586478,14511300
2192,1244,1227,2388001,24294,1587705,14996000
2193,1223,1185,2386778,24332,1588890,14644000
2194,1245,1195,2385533,24382,1590085,14677600
2195,1150,1243,2384383,24289,1591328,14644300
2196,1214,1213,2383169,24290,1592541,15005500
2197,1184,1259,2381985,24215,1593800,14992100
2198,1206,1272,2380779,24149,1595072,14715100
2199,1154,1170,2379625,24133,1596242,14673200
2200,1230,1299,2378395,24064,1597541,14615000
2201,1245,1234,2377150,24075,1598775,15004700
2202,1268,1271,2375882,24072,1600046,14854900
2203,1210,1182,2374672,24100,1601228,14688800
2204,1243,1164,2373429,24179,1602392,14518100
2205,1238,1224,2372191,24193,1603616,14881200
2206,1247,1242,2370944,24198,1604858,14940100
2207,1245,1220,2369699,24223,1606078,14776500
2208,1238,1193,2368461,24268,1607271,14788000
2209,1262,1187,2367199,24343,1608458,14893100
2210,1313,1195,2365886,24461,1609653,15057300
2211,1247,1214,2364639,24494,1610867,15220500
2212,1271,1209,2363368,24556,1612076,15519000
2213,1250,1246,2362118,24560,1613322,16999800
2214,1291,1258,2360827,24593,1614580,16085700
2215,1230,1251,2359597,24572,1615831,15222100
2216,1245,1192,2358352,24625,1617023,16588800
2217,1293,1238,2357059,24680,1618261,16405300
2218,1312,1265,2355747,24727,1619526,15098200
2219,1288,1291,2354459,24724,1620817,15088900
2220,1203,1211,2353256,24716,1622028,14971700
2221,1221,1228,2352035,24709,1623256,14937000
2222,1325,1282,2350710,24752,1624538,14927900
2223,1312,1194,2349398,24870,1625732,14856300
2224,1324,1238,2348074,24956,1626970,14861400
2225,1293,1220,2346781,25029,1628190,14546600
2226,1269,1276,2345512,25022,1629466,14527000
2227,1282,1200,2344230,25104,1630666,15180700
2228,1333,1220,2342897,25217,1631886,15651000
2229,1266,1347,2341631,25136,1633233,15381200
2230,1286,1248,2340345,25174,1634481,15386700
2231,1264,1254,2339081,25184,1635735,14928200
2232,1296,1212,2337785,25268,1636947,15232900
2233,1242,1236,2336543,25274,1638183,14911500
2234,1306,1288,2335237,25292,1639471,14697200
2235,1329,1291,2333908,25330,1640762,14539000
2236,1331,1273,2332577,25388,1642035,14701000
2237,1233,1297,2331344,25324,1643332,14643700
2238,1302,1264,2330042,25362,1644596,14612400
2239,1262,1237,2328780,25387,1645833,14570800
2240,1301,1320,2327479,25368,1647153,14626100
2241,1320,1293,2326159,25395,1648446,14684100
2242,1224,1375,2324935,25244,1649821,14612400
2243,1249,1318,2323686,25175,1651139,14804700
2244,1255,1237,2322431,25193,1652376,15074600
2245,1281,1210,2321150,25264,1653586,14957500
2246,1278,1239,2319872,25303,1654825,14675700
2247,1307,1328,2318565,25282,1656153,14625400
2248,1245,1242,2317320,25285,1657395,14675100
2249,1340,1247,2315980,25378,1658642,14902900
2250,1254,1271,2314726,25361,1659913,14936800
2251,1319,1305,2313407,25375,1661218,14734100
2252,1236,1327,2312171,25284,1662545,14986300
2253,1277,1218,2310894,25343,1663763,15109200
2254,1273,1234,2309621,25382,1664997,14531300
2255,1254,1267,2308367,25369,1666264,14663400
2256,1236,1268,2307131,25337,1667532,14568700
2257,1213,1273,2305918,25277,1668805,15036200
2258,1219,1238,2304699,25258,1670043,15099000
2259,1253,1221,2303446,25290,1671264,14994000
2260,1262,1271,2302184,25281,1672535,15108200
2261,1214,1265,2300970,25230,1673800,14731100
2262,1228,1225,2299742,25233,1675025,14626100
2263,1286,1310,2298456,25209,1676335,14813400
2264,1231,1237,2297225,25203,1677572,14732300
2265,1284,1228,2295941,25259,1678800,14923700
2266,1248,1250,2294693,25257,1680050,14774600
2267,1248,1252,2293445,25253,1681302,14928900
2268,1227,1244,2292218,25236,1682546,14689300
2269,1237,1192,2290981,25281,1683738,14849500
2270,1303,1286,2289678,25298,1685024,14855400
2271,1233,1256,2288445,25275,1686280,15056900
2272,1272,1265,2287173,25282,1687545,14997600
2273,1208,1280,2285965,25210,1688825,15020600
2274,1196,1282,2284769,25124,1690107,14872400
2275,1262,1249,2283507,25137,1691356,14527200
2276,1228,1195,2282279,25170,1692551,14578400
2277,1319,1234,2280960,25255,1693785,14777000
2278,1283,1289,2279677,25249,1695074,14748300
2279,1213,1240,2278464,25222,1696314,14595900
2280,1260,1224,2277204,25258,1697538,14880000
2281,1244,1206,2275960,25296,1698744,14542100
2282,1293,1305,2274667,25284,1700049,14592900
2283,1276,1284,2273391,25276,1701333,14604400
2284,1218,1297,2272173,25197,1702630,14580800
2285,1180,1278,2270993,25099,1703908,14702100
2286,1236,1277,2269757,25058,1705185,14778200
2287,1215,1269,2268542,25004,1706454,15061000
2288,1199,1301,2267343,24902,1707755,16521600
2289,1195,1273,2266148,24824,1709028,17230800
2290,1133,1323,2265015,24634,1710351,15755000
2291,1202,1267,2263813,24569,1711618,14822100
2292,1158,1252,2262655,24475,1712870,14867200
2293,1206,1214,2261449,24467,1714084,15015800
2294,1162,1249,2260287,24380,1715333,15053900
2295,1215,1232,2259072,24363,1716565,15063100
2296,1200,1209,2257872,24354,1717774,16291000
2297,1226,1220,2256646,24360,1718994,16539100
2298,1223,1172,2255423,24411,1720166,15162300
2299,1275,1250,2254148,24436,1721416,14935700
2300,1214,1210,2252934,24440,1722626,14932100
2301,1239,1317,2251695,24362,1723943,14853500
2302,1247,1206,2250448,24403,1725149,14785000
2303,1242,1220,2249206,24425,1726369,14839300
2304,1242,1260,2247964,24407,1727629,14661600
2305,1274,1205,2246690,24476,1728834,14762400
2306,1179,1207,2245511,24448,1730041,14522900
2307,1213,1197,2244298,24464,1731238,14518100
2308,1225,1190,2243073,24499,1732428,14671600
2309,1187,1206,2241886,24480,1733634,14556100
2310,1210,1245,2240676,24445,1734879,14923100
2311,1188,1162,2239488,24471,1736041,15347500
2312,1229,1227,2238259,24473,1737268,14711800
2313,1205,1240,2237054,24438,1738508,14864900
2314,1172,1244,2235882,24366,1739752,14802300
2315,1217,1185,2234665,24398,1740937,14511900
2316,1175,1190,2233490,24383,1742127,14687200
2317,1242,1255,2232248,24370,1743382,14681200
2318,1243,1270,2231005,24343,1744652,14711200
2319,1184,1213,2229821,24314,1745865,14670800
2320,1239,1229,2228582,24324,1747094,14625000
2321,1249,1199,2227333,24374,1748293,14934400
2322,1232,1222,2226101,24384,1749515,14622300
2323,1193,1198,2224908,24379,1750713,14572700
2324,1205,1186,2223703,24398,1751899,14540400
2325,1219,1254,2222484,24363,1753153,14595100
2326,1209,1212,2221275,24360,1754365,14674800
2327,1252,1241,2220023,24371,1755606,14563200
2328,1236,1225,2218787,24382,1756831,14790700
2329,1233,1186,2217554,24429,1758017,14510700
2330,1235,1241,2216319,24423,1759258,14718300
2331,1197,1193,2215122,24427,1760451,14620600
2332,1243,1232,2213879,24438,1761683,14688700
2333,1200,1255,2212679,24383,1762938,14847800
2334,1225,1249,2211454,24359,1764187,15935100
2335,1257,1219,2210197,24397,1765406,15096000
2336,1197,1193,2209000,24401,1766599,14874600
2337,1232,1276,2207768,24357,1767875,14701800
2338,1254,1162,2206514,24449,1769037,14588500
2339,1209,1219,2205305,24439,1770256,14684900
2340,1275,1238,2204030,24476,1771494,14987200
2341,1196,1294,2202834,24378,1772788,14925200
2342,1251,1279,2201583,24350,1774067,15226300
2343,1241,1196,2200342,24395,1775263,14706700
2344,1257,1229,2199085,24423,1776492,15083400
2345,1240,1235,2197845,24428,1777727,14913900
2346,1304,1251,2196541,24481,1778978,14938400
2347,1232,1242,2195309,24471,1780220,14766400
2348,1137,1215,2194172,24393,1781435,14615200
2349,1197,1233,2192975,24357,1782668,14529700
2350,1234,1241,2191741,24350,1783909,14514800
2351,1216,1171,2190525,24395,1785080,14455300
2352,1187,1268,2189338,24314,1786348,14841800
2353,1189,1164,2188149,24339,1787512,15010800
2354,1211,1262,2186938,24288,1788774,14893100
2355,1233,1253,2185705,24268,1790027,14642000
2356,1211,1169,2184494,24310,1791196,14666700
2357,1205,1246,2183289,24269,1792442,14725400
2358,1221,1157,2182068,24333,1793599,14723600
2359,1211,1196,2180857,24348,1794795,14687800
2360,1177,1202,2179680,24323,1795997,14871100
2361,1201,1250,2178479,24274,1797247,14625900
2362,1167,1215,2177312,24226,1798462,14972700
2363,1237,1223,2176075,24240,1799685,14770700
2364,1203,1255,2174872,24188,1800940,14595000
2365,1227,1259,2173645,24156,1802199,14463700
2366,1213,1163,2172432,24206,1803362,14797300
2367,1169,1196,2171263,24179,1804558,14703800
2368,1201,1178,2170062,24202,1805736,14949900
2369,1263,1217,2168799,24248,1806953,14747800
2370,1241,1154,2167558,24335,1808107,14558700
2371,1168,1217,2166390,24286,1809324,15082400
2372,1193,1189,2165197,24290,1810513,14898200
2373,1211,1226,2163986,24275,1811739,15180600
2374,1205,1219,2162781,24261,1812958,14870400
2375,1185,1232,2161596,24214,1814190,15380400
2376,1268,1186,2160328,24296,1815376,15302600
2377,1269,1249,2159059,24316,1816625,15724400
2378,1240,1198,2157819,24358,1817823,16136200
2379,1227,1181,2156592,24404,1819004,16130200
2380,1253,1281,2155339,24376,1820285,15057000
2381,1171,1201,2154168,24346,1821486,16863100
2382,1254,1178,2152914,24422,1822664,15520400
2383,1272,1266,2151642,24428,1823930,14896300
2384,1209,1268,2150433,24369,1825198,15249500
2385,1229,1227,2149204,24371,1826425,14697500
2386,1220,1238,2147984,24353,1827663,15046500
2387,1169,1217,2146815,24305,1828880,14732800
2388,1223,1194,2145592,24334,1830074,14609400
2389,1260,1223,2144332,24371,1831297,14847100
2390,1143,1181,2143189,24333,1832478,14483200
2391,1256,1200,2141933,24389,1833678,14883300
2392,1133,1259,2140800,24263,1834937,14821600
2393,1197,1196,2139603,24264,1836133,14822100
2394,1135,1208,2138468,24191,1837341,14766900
2395,1201,1200,2137267,24192,1838541,15664000
2396,1146,1227,2136121,24111,1839768,15243600
2397,1211,1204,2134910,24118,1840972,15225600
2398,1208,1159,2133702,24167,1842131,14682800
2399,1199,1226,2132503,24140,1843357,15386000
2400,1157,1164,2131346,24133,1844521,14974000
2401,1167,1220,2130179,24080,1845741,15068700
2402,1163,1167,2129016,24076,1846908,15899100
2403,1176,1245,2127840,24007,1848153,15658700
2404,1219,1239,2126621,23987,1849392,14971700
2405,1160,1182,2125461,23965,1850574,14663300
2406,1147,1227,2124314,23885,1851801,15005000
2407,1139,1128,2123175,23896,1852929,15649500
2408,1197,1138,2121978,23955,1854067,14667700
2409,1189,1251,2120789,23893,1855318,14655000
2410,1199,1156,2119590,23936,1856474,14751000
2411,1150,1195,2118440,23891,1857669,14688400
2412,1179,1146,2117261,23924,1858815,14779800
2413,1158,1229,2116103,23853,1860044,14717400
2414,1214,1229,2114889,23838,1861273,14750000
2415,1176,1217,2113713,23797,1862490,15591200
2416,1200,1124,2112513,23873,1863614,14668600
2417,1232,1161,2111281,23944,1864775,14683700
2418,1151,1235,2110130,23860,1866010,15165500
2419,1138,1186,2108992,23812,1867196,15032300
2420,1131,1188,2107861,23755,1868384,14987600
2421,1193,1171,2106668,23777,1869555,14971900
2422,1195,1199,2105473,23773,1870754,15147300
2423,1185,1160,2104288,23798,1871914,15155300
2424,1181,1138,2103107,23841,1873052,17330500
2425,1228,1195,2101879,23874,1874247,15430000
2426,1216,1200,2100663,23890,1875447,15021400
2427,1177,1179,2099486,23888,1876626,14758400
2428,1200,1182,2098286,23906,1877808,14825600
2429,1177,1188,2097109,23895,1878996,14787900
2430,1222,1191,2095887,23926,1880187,14514300
2431,1202,1182,2094685,23946,1881369,14529000
2432,1223,1197,2093462,23972,1882566,14722600
2433,1212,1204,2092250,23980,1883770,14959100
2434,1180,1158,2091070,24002,1884928,15009000
2435,1138,1208,2089932,23932,1886136,14605500
2436,1261,1121,2088671,24072,1887257,14657500
2437,1254,1190,2087417,24136,1888447,14930600
2438,1220,1199,2086197,24157,1889646,14679000
2439,1191,1247,2085006,24101,1890893,14839700
2440,1218,1181,2083788,24138,1892074,14989400
2441,1214,1225,2082574,24127,1893299,15083600
2442,1239,1188,2081335,24178,1894487,15058700
2443,1199,1270,2080136,24107,1895757,14522200
2444,1226,1264,2078910,24069,1897021,14873000
2445,1176,1179,2077734,24066,1898200,15083900
2446,1168,1179,2076566,24055,1899379,15204900
2447,1239,1252,2075327,24042,1900631,15107000
2448,1187,1228,2074140,24001,1901859,14514700
2449,1183,1204,2072957,23980,1903063,14849800
2450,1272,1296,2071685,23956,1904359,14692900
2451,1229,1224,2070456,23961,1905583,14993600
2452,1191,1160,2069265,23992,1906743,14976100
2453,1182,1178,2068083,23996,1907921,15028000
2454,1251,1153,2066832,24094,1909074,15063800
2455,1218,1195,2065614,24117,1910269,15070700
2456,1196,1252,2064418,24061,1911521,14813900
2457,1176,1178,2063242,24059,1912699,15025400
2458,1217,1257,2062025,24019,1913956,14834300
2459,1179,1273,2060846,23925,1915229,15207900
2460,1226,1177,2059620,23974,1916406,14944900
2461,1204,1215,2058416,23963,1917621,14842600
2462,1267,1242,2057149,23988,1918863,16449300
2463,1229,1228,2055920,23989,1920091,14667700
2464,1181,1161,2054739,24009,1921252,14770300
2465,1210,1259,2053529,23960,1922511,14787900
2466,1217,1207,2052312,23970,1923718,14873500
2467,1154,1194,2051158,23930,1924912,14605800
2468,1238,1249,2049920,23919,1926161,14726000
2469,1194,1206,2048726,23907,1927367,14996100
2470,1235,1207,2047491,23935,1928574,14604600
2471,1206,1151,2046285,23990,1929725,14887700
2472,1275,1209,2045010,24056,1930934,15322800
2473,1166,1210,2043844,24012,1932144,14939100
2474,1197,1209,2042647,24000,1933353,14752500
2475,1207,1252,2041440,23955,1934605,14728000
2476,1241,1206,2040199,23990,1935811,14474000
2477,1221,1246,2038978,23965,1937057,15132500
2478,1189,1176,2037789,23978,1938233,14804000
2479,1220,1232,2036569,23966,1939465,14837600
2480,1217,1207,2035352,23976,1940672,14639800
2481,1264,1234,2034088,24006,1941906,14657300
2482,1252,1146,2032836,24112,1943052,14693000
2483,1283,1205,2031553,24190,1944257,14830900
2484,1209,1197,2030344,24202,1945454,14434300
2485,1203,1164,2029141,24241,1946618,14447500
2486,1225,1255,2027916,24211,1947873,15090100
2487,1227,1188,2026689,24250,1949061,15975900
2488,1278,1306,2025411,24222,1950367,14835000
2489,1238,1224,2024173,24236,1951591,14973300
2490,1327,1145,2022846,24418,1952736,14827600
2491,1238,1262,2021608,24394,1953998,15150300
2492,1316,1269,2020292,24441,1955267,15023100
2493,1278,1256,2019014,24463,1956523,14909500
2494,1278,1206,2017736,24535,1957729,14605000
2495,1230,1270,2016506,24495,1958999,14708600
2496,1278,1245,2015228,24528,1960244,15454700
2497,1213,1173,2014015,24568,1961417,14533100
2498,1228,1252,2012787,24544,1962669,14602800
2499,1230,1226,2011557,24548,1963895,14533500
2500,1217,1244,2010340,24521,1965139,15229900
2501,1246,1176,2009094,24591,1966315,15101900
2502,1194,1267,2007900,24518,1967582,14940400
2503,1203,1269,2006697,24452,1968851,15742000
2504,1230,1233,2005467,24449,1970084,16215000
2505,1198,1269,2004269,24378,1971353,14992600
2506,1209,1194,2003060,24393,1972547,14921700
2507,1105,1242,2001955,24256,1973789,15087400
2508,1206,1199,2000749,24263,1974988,15041100
2509,1173,1188,1999576,24248,1976176,15620300
2510,1180,1241,1998396,24187,1977417,15714900
2511,1174,1199,1997222,24162,1978616,15453100
2512,1176,1243,1996046,24095,1979859,15344400
2513,1171,1188,1994875,24078,1981047,15913300
2514,1174,1168,1993701,24084,1982215,15163700
2515,1224,1196,1992477,24112,1983411,15341000
2516,1205,1236,1991272,24081,1984647,15157400
2517,1226,1189,1990046,24118,1985836,15203000
2518,1172,1246,1988874,24044,1987082,15331700
2519,1194,1239,1987680,23999,1988321,15245300
2520,1177,1166,1986503,24010,1989487,15162700
2521,1155,1165,1985348,24000,1990652,15097900
2522,1301,1124,1984047,24177,1991776,15044500
2523,1200,1202,1982847,24175,1992978,15344600
2524,1217,1236,1981630,24156,1994214,15251800
2525,1185,1172,1980445,24169,1995386,15376300
2526,1257,1184,1979188,24242,1996570,15016900
2527,1206,1219,1977982,24229,1997789,15050700
2528,1264,1256,1976718,24237,1999045,15116500
2529,1232,1221,1975486,24248,2000266,14931900
2530,1290,1219,1974196,24319,2001485,15354800
2531,1286,1214,1972910,24391,2002699,15608800
2532,1163,1207,1971747,24347,2003906,15769400
2533,1196,1262,1970551,24281,2005168,15213800
2534,1207,1234,1969344,24254,2006402,15882900
2535,1225,1190,1968119,24289,2007592,15262300
2536,1252,1249,1966867,24292,2008841,15530700
2537,1215,1207,1965652,24300,2010048,17338500
2538,1222,1206,1964430,24316,2011254,15524200
2539,1266,1246,1963164,24336,2012500,15760500
2540,1219,1275,1961945,24280,2013775,15796400
2541,1187,1198,1960758,24269,2014973,15457100
2542,1227,1241,1959531,24255,2016214,15755700
2543,1222,1259,1958309,24218,2017473,16920200
2544,1279,1241,1957030,24256,2018714,15449100
2545,1244,1195,1955786,24305,2019909,14809200
2546,1263,1199,1954523,24369,2021108,14622600
2547,1282,1191,1953241,24460,2022299,14833900
2548,1231,1226,1952010,24465,2023525,14432300
2549,1165,1228,1950845,24402,2024753,14971700
2550,1210,1220,1949635,24392,2025973,14463900
2551,1172,1236,1948463,24328,2027209,14510200
2552,1228,1161,1947235,24395,2028370,14912400
2553,1243,1228,1945992,24410,2029598,16936600
2554,1208,1179,1944784,24439,2030777,14673000
2555,1236,1208,1943548,24467,2031985,14847300
2556,1236,1291,1942312,24412,2033276,14614300
2557,1167,1188,1941145,24391,2034464,14901100
2558,1247,1134,1939898,24504,2035598,14990000
2559,1260,1198,1938638,24566,2036796,14786100
2560,1225,1219,1937413,24572,2038015,14911100
2561,1252,1210,1936161,24614,2039225,14814000
2562,1249,1253,1934912,24610,2040478,14774800
2563,1189,1315,1933723,24484,2041793,14959100
2564,1296,1250,1932427,24530,2043043,14842500
2565,1235,1241,1931192,24524,2044284,14914500
2566,1165,1268,1930027,24421,2045552,15233400
2567,1269,1174,1928758,24516,2046726,16382300
2568,1254,1190,1927504,24580,2047916,15579800
2569,1212,1238,1926292,24554,2049154,15779300
2570,1243,1257,1925049,24540,2050411,14856900
2571,1215,1243,1923834,24512,2051654,14969600
2572,1233,1189,1922601,24556,2052843,14728400
2573,1249,1270,1921352,24535,2054113,14647000
2574,1246,1249,1920106,24532,2055362,14870100
2575,1231,1255,1918875,24508,2056617,14888000
2576,1231,1181,1917644,24558,2057798,15167000
2577,1224,1204,1916420,24578,2059002,15556400
2578,1260,1251,1915160,24587,2060253,15341600
2579,1242,1252,1913918,24577,2061505,15259600
2580,1228,1188,1912690,24617,2062693,15099700
2581,1234,1255,1911456,24596,2063948,14502500
2582,1218,1271,1910238,24543,2065219,14548900
2583,1192,1225,1909046,24510,2066444,14714500
2584,1252,1224,1907794,24538,2067668,14677100
2585,1189,1213,1906605,24514,2068881,14633400
2586,1226,1215,1905379,24525,2070096,14671700
2587,1230,1226,1904149,24529,2071322,14700100
2588,1223,1244,1902926,24508,2072566,14540100
2589,1217,1172,1901709,24553,2073738,14680700
2590,1194,1229,1900515,24518,2074967,14639100
2591,1186,1217,1899329,24487,2076184,14645400
2592,1197,1247,1898132,24437,2077431,14785800
2593,1223,1183,1896909,24477,2078614,14694300
2594,1204,1191,1895705,24490,2079805,14676400
2595,1131,1157,1894574,24464,2080962,14808100
2596,1157,1240,1893417,24381,2082202,14788700
2597,1185,1215,1892232,24351,2083417,14587500
2598,1166,1220,1891066,24297,2084637,14505100
2599,1126,1211,1889940,24212,2085848,14573900
2600,1179,1171,1888761,24220,2087019,14590700
2601,1188,1243,1887573,24165,2088262,14922200
2602,1167,1211,1886406,24121,2089473,14529100
2603,1235,1267,1885171,24089,2090740,14601300
2604,1196,1236,1883975,24049,2091976,14826300
2605,1257,1159,1882718,24147,2093135,14604000
2606,1197,1249,1881521,24095,2094384,14487800
2607,1226,1196,1880295,24125,2095580,14704400
2608,1193,1171,1879102,24147,2096751,14966100
2609,1227,1206,1877875,24168,2097957,14790200
2610,1263,1268,1876612,24163,2099225,15229600
2611,1169,1239,1875443,24093,2100464,15128500
2612,1235,1222,1874208,24106,2101686,15131800
2613,1176,1107,1873032,24175,2102793,14891700
2614,1200,1193,1871832,24182,2103986,15234200
2615,1181,1185,1870651,24178,2105171,14714900
2616,1227,1201,1869424,24204,2106372,15266500
2617,1185,1292,1868239,24097,2107664,15235300
2618,1208,1228,1867031,24077,2108892,15136400
2619,1216,1182,1865815,24111,2110074,16622600
2620,1240,1153,1864575,24198,2111227,14985300
2621,1296,1178,1863279,24316,2112405,15066600
2622,1270,1207,1862009,24379,2113612,15093700
2623,1219,1157,1860790,24441,2114769,14812000
2624,1238,1172,1859552,24507,2115941,14676700
2625,1249,1213,1858303,24543,2117154,14723800
2626,1216,1203,1857087,24556,2118357,14693900
2627,1300,1192,1855787,24664,2119549,14724700
2628,1209,1241,1854578,24632,2120790,14866000
2629,1269,1209,1853309,24692,2121999,14889000
2630,1229,1257,1852080,24664,2123256,14570700
2631,1271,1262,1850809,24673,2124518,14921800
2632,1223,1210,1849586,24686,2125728,14501000
2633,1237,1298,1848349,24625,2127026,14484900
2634,1253,1246,1847096,24632,2128272,14690400
2635,1240,1228,1845856,24644,2129500,14731800
2636,1263,1191,1844593,24716,2130691,14922700
2637,1229,1199,1843364,24746,2131890,14991200
2638,1240,1213,1842124,24773,2133103,14596600
2639,1160,1265,1840964,24668,2134368,14615300
2640,1187,1283,1839777,24572,2135651,14692800
2641,1211,1245,1838566,24538,2136896,15376100
2642,1214,1244,1837352,24508,2138140,14829400
2643,1203,1275,1836149,24436,2139415,15097100
2644,1116,1193,1835033,24359,2140608,15124900
2645,1157,1287,1833876,24229,2141895,15129000
2646,1232,1228,1832644,24233,2143123,14933100
2647,1128,1149,1831516,24212,2144272,14920800
2648,1203,1169,1830313,24246,2145441,14558400
2649,1212,1194,1829101,24264,2146635,14807900
2650,1145,1216,1827956,24193,2147851,14906200
2651,1213,1281,1826743,24125,2149132,15318700
2652,1176,1254,1825567,24047,2150386,15183800
2653,1204,1175,1824363,24076,2151561,15555300
2654,1215,1151,1823148,24140,2152712,14893400
2655,1201,1233,1821947,24108,2153945,15096700
2656,1185,1197,1820762,24096,2155142,14964100
2657,1212,1153,1819550,24155,2156295,15150200
2658,1176,1218,1818374,24113,2157513,15314900
2659,1274,1225,1817100,24162,2158738,15124600
2660,1267,1220,1815833,24209,2159958,14899200
2661,1227,1195,1814606,24241,2161153,15687000
2662,1169,1179,1813437,24231,2162332,16797400
2663,1234,1225,1812203,24240,2163557,14788500
2664,1193,1218,1811010,24215,2164775,14892400
2665,1125,1207,1809885,24133,2165982,14769400
2666,1195,1205,1808690,24123,2167187,15023800
2667,1129,1182,1807561,24070,2168369,14886800
2668,1182,1205,1806379,24047,2169574,15205400
2669,1135,1233,1805244,23949,2170807,14683100
2670,1082,1150,1804162,23881,2171957,14685700
2671,1129,1226,1803033,23784,2173183,14686600
2672,1193,1200,1801840,23777,2174383,14926500
2673,1145,1148,1800695,23774,2175531,14752700
2674,1070,1158,1799625,23686,2176689,14905300
2675,1120,1190,1798505,23616,2177879,14480000
2676,1155,1231,1797350,23540,2179110,14475400
2677,1146,1148,1796204,23538,2180258,14970100
2678,1108,1153,1795096,23493,2181411,16965200
2679,1087,1140,1794009,23440,2182551,15144200
2680,1115,1185,1792894,23370,2183736,14700400
2681,1119,1147,1791775,23342,2184883,14868900
2682,1145,1126,1790630,23361,2186009,14822300
2683,1143,1133,1789487,23371,2187142,14762700
2684,1089,1227,1788398,23233,2188369,14744100
2685,1108,1126,1787290,23215,2189495,15010400
2686,1142,1141,1786148,23216,2190636,14706800
2687,1155,1155,1784993,23216,2191791,14757400
2688,1156,1171,1783837,23201,2192962,14872100
2689,1118,1176,1782719,23143,2194138,15241900
2690,1171,1106,1781548,23208,2195244,15061800
2691,1178,1136,1780370,23250,2196380,15221000
2692,1196,1210,1779174,23236,2197590,15130700
2693,1117,1157,1778057,23196,2198747,14975300
2694,1108,1181,1776949,23123,2199928,15227700
2695,1136,1144,1775813,23115,2201072,15836200
2696,1119,1135,1774694,23099,2202207,15384500
2697,1111,1162,1773583,23048,2203369,15036100
2698,1114,1168,1772469,22994,2204537,14796800
2699,1139,1205,1771330,22928,2205742,15014700
2700,1209,1141,1770121,22996,2206883,14911900
2701,1182,1074,1768939,23104,2207957,14962200
2702,1144,1165,1767795,23083,2209122,14915500
2703,1108,1203,1766687,22988,2210325,14969100
2704,1112,1063,1765575,23037,2211388,14815900
2705,1154,1102,1764421,23089,2212490,15025800
2706,1209,1151,1763212,23147,2213641,14733000
2707,1172,1183,1762040,23136,2214824,14621900
2708,1182,1139,1760858,23179,2215963,14801000
2709,1153,1125,1759705,23207,2217088,14791500
2710,1167,1147,1758538,23227,2218235,15080600
2711,1163,1227,1757375,23163,2219462,15622300
2712,1170,1158,1756205,23175,2220620,15034000
2713,1133,1150,1755072,23158,2221770,14852700
2714,1090,1183,1753982,23065,2222953,15037100
2715,1167,1144,1752815,23088,2224097,15852400
2716,1109,1173,1751706,23024,2225270,15264600
2717,1137,1146,1750569,23015,2226416,14736300
2718,1174,1144,1749395,23045,2227560,14754800
2719,1175,1201,1748220,23019,2228761,14939700
2720,1159,1146,1747061,23032,2229907,14864100
2721,1116,1190,1745945,22958,2231097,15127600
2722,1167,1119,1744778,23006,2232216,15068300
2723,1179,1183,1743599,23002,2233399,14646000
2724,1216,1176,1742383,23042,2234575,15150400
2725,1114,1165,1741269,22991,2235740,14484000
2726,1161,1193,1740108,22959,2236933,14456200
2727,1195,1136,1738913,23018,2238069,14475100
2728,1182,1192,1737731,23008,2239261,14529700
2729,1214,1122,1736517,23100,2240383,14420500
2730,1120,1136,1735397,23084,2241519,14558500
2731,1123,1171,1734274,23036,2242690,14784100
2732,1067,1185,1733207,22918,2243875,14493400
2733,1163,1122,1732044,22959,2244997,14470900
2734,1175,1182,1730869,22952,2246179,14607500
2735,1173,1157,1729696,22968,2247336,14735000
2736,1185,1137,1728511,23016,2248473,14597600
2737,1148,1117,1727363,23047,2249590,14475300
2738,1221,1156,1726142,23112,2250746,14464200
2739,1111,1158,1725031,23065,2251904,14872700
2740,1172,1154,1723859,23083,2253058,14442500
2741,1123,1136,1722736,23070,2254194,14416500
2742,1172,1081,1721564,23161,2255275,14383900
2743,1045,1175,1720519,23031,2256450,14368700
2744,1097,1086,1719422,23042,2257536,14602300
2745,1124,1110,1718298,23056,2258646,14491700
2746,1158,1131,1717140,23083,2259777,14700000
2747,1157,1126,1715983,23114,2260903,14504700
2748,1119,1209,1714864,23024,2262112,14853100
2749,1131,1149,1713733,23006,2263261,15348400
2750,1147,1105,1712586,23048,2264366,14716900
2751,1155,1181,1711431,23022,2265547,14538400
2752,1109,1140,1710322,22991,2266687,14605100
2753,1149,1138,1709173,23002,2267825,14780300
2754,1181,1110,1707992,23073,2268935,15573100
2755,1141,1122,1706851,23092,2270057,14855000
2756,1146,1191,1705705,23047,2271248,14669700
2757,1149,1183,1704556,23013,2272431,14933400
2758,1168,1214,1703388,22967,2273645,14440900
2759,1176,1182,1702212,22961,2274827,14352000
2760,1072,1148,1701140,22885,2275975,14848000
2761,1143,1215,1699997,22813,2277190,15189100
2762,1166,1131,1698831,22848,2278321,14715600
2763,1132,1109,1697699,22871,2279430,14653900
2764,1110,1125,1696589,22856,2280555,14639700
2765,1115,1147,1695474,22824,2281702,14634600
2766,1174,1214,1694300,22784,2282916,14630300
2767,1101,1100,1693199,22785,2284016,14750600
2768,1144,1140,1692055,22789,2285156,14514100
2769,1146,1137,1690909,22798,2286293,14656000
2770,1117,1149,1689792,22766,2287442,15282100
2771,1144,1158,1688648,22752,2288600,17144900
2772,1165,1141,1687483,22776,2289741,14996800
2773,1107,1115,1686376,22768,2290856,14846700
2774,1136,1073,1685240,22831,2291929,15160500
2775,1132,1077,1684108,22886,2293006,15749800
2776,1148,1188,1682960,22846,2294194,15119900
2777,1077,1157,1681883,22766,2295351,15143700
2778,1139,1160,1680744,22745,2296511,15543100
2779,1072,1169,1679672,22648,2297680,15524400
2780,1188,1148,1678484,22688,2298828,15460000
2781,1092,1147,1677392,22633,2299975,14678200
2782,1228,1182,1676164,22679,2301157,14473700
2783,1061,1088,1675103,22652,2302245,14384700
2784,1107,1155,1673996,22604,2303400,14616400
2785,1087,1133,1672909,22558,2304533,14537100
2786,1125,1188,1671784,22495,2305721,14603700
2787,1136,1157,1670648,22474,2306878,14501100
2788,1139,1029,1669509,22584,2307907,14878600
2789,1135,1115,1668374,22604,2309022,14924400
2790,1175,1139,1667199,22640,2310161,14453600
2791,1138,1083,1666061,22695,2311244,14478600
2792,1178,1155,1664883,22718,2312399,15103600
2793,1144,1176,1663739,22686,2313575,14630000
2794,1117,1199,1662622,22604,2314774,14563900
2795,1109,1158,1661513,22555,2315932,14872200
2796,1124,1075,1660389,22604,2317007,14554500
2797,1125,1114,1659264,22615,2318121,14589700
2798,1165,1137,1658099,22643,2319258,14580200
2799,1165,1141,1656934,22667,2320399,14540700
2800,1102,1164,1655832,22605,2321563,14614500
2801,1142,1074,1654690,22673,2322637,14685600
2802,1078,1183,1653612,22568,2323820,15739100
2803,1143,1100,1652469,22611,2324920,14737700
2804,1116,1114,1651353,22613,2326034,14468200
2805,1053,1108,1650300,22558,2327142,15172500
2806,1109,1086,1649191,22581,2328228,15046800
2807,1083,1110,1648108,22554,2329338,14957500
2808,1112,1161,1646996,22505,2330499,14461300
2809,1069,1137,1645927,22437,2331636,14363000
2810,1125,1056,1644802,22506,2332692,14303100
2811,1162,1118,1643640,22550,2333810,14616400
2812,1150,1078,1642490,22622,2334888,14381800
2813,1172,1152,1641318,22642,2336040,14347600
2814,1082,1115,1640236,22609,2337155,14316100
2815,1161,1148,1639075,22622,2338303,14449500
2816,1124,1112,1637951,22634,2339415,14601800
2817,1131,1128,1636820,22637,2340543,14880900
2818,1158,1151,1635662,22644,2341694,15098000
2819,1098,1128,1634564,22614,2342822,14607900
2820,1140,1147,1633424,22607,2343969,15153300
2821,1133,1171,1632291,22569,2345140,15490600
2822,1061,1081,1631230,22549,2346221,15435400
2823,1096,1146,1630134,22499,2347367,14887500
2824,1086,1105,1629048,22480,2348472,16061700
2825,1123,1080,1627925,22523,2349552,14615700
2826,1160,1128,1626765,22555,2350680,14642300
2827,1121,1128,1625644,22548,2351808,14528900
2828,1066,1164,1624578,22450,2352972,14780800
2829,1170,1192,1623408,22428,2354164,14744200
2830,1079,1124,1622329,22383,2355288,14915000
2831,1140,1135,1621189,22388,2356423,14791700
2832,1141,1140,1620048,22389,2357563,15444400
2833,1150,1093,1618898,22446,2358656,15109900
2834,1120,1141,1617778,22425,2359797,15149700
2835,1126,1127,1616652,22424,2360924,15034100
2836,1154,1118,1615498,22460,2362042,14837000
2837,1117,1098,1614381,22479,2363140,14921100
2838,1101,1110,1613280,22470,2364250,14828000
2839,1069,1095,1612211,22444,2365345,14885200
2840,1138,1102,1611073,22480,2366447,14957200
2841,1084,1107,1609989,22457,2367554,14754600
2842,1100,1166,1608889,22391,2368720,14680900
2843,1139,1146,1607750,22384,2369866,14706100
2844,1100,1192,1606650,22292,2371058,15062700
2845,1077,1145,1605573,22224,2372203,15586000
2846,1065,1097,1604508,22192,2373300,15309600
2847,1099,1155,1603409,22136,2374455,14696500
2848,1046,1087,1602363,22095,2375542,14917500
2849,1123,1089,1601240,22129,2376631,15026600
2850,1066,1075,1600174,22120,2377706,15107400
2851,1096,1122,1599078,22094,2378828,14841800
2852,1093,1123,1597985,22064,2379951,14650200
2853,1112,1043,1596873,22133,2380994,14666000
2854,1089,1088,1595784,22134,2382082,14716100
2855,1094,1109,1594690,22119,2383191,14960900
2856,1135,1074,1593555,22180,2384265,15471900
2857,1107,1104,1592448,22183,2385369,15307200
2858,1101,1007,1591347,22277,2386376,15062000
2859,1036,1072,1590311,22241,2387448,15039700
2860,1036,1150,1589275,22127,2388598,15368700
2861,1116,1090,1588159,22153,2389688,15085500
2862,1096,1062,1587063,22187,2390750,14825000
2863,1093,1156,1585970,22124,2391906,14494400
2864,1091,1139,1584879,22076,2393045,14680900
2865,1023,1047,1583856,22052,2394092,14812500
2866,1084,1084,1582772,22052,2395176,14385900
2867,1096,1113,1581676,22035,2396289,14448900
2868,1056,1106,1580620,21985,2397395,14518300
2869,1099,1043,1579521,22041,2398438,14679300
2870,1057,1116,1578464,21982,2399554,14639800
2871,1141,1059,1577323,22064,2400613,14764900
2872,1052,1171,1576271,21945,2401784,14684400
2873,1098,1060,1575173,21983,2402844,14582200
2874,1091,1130,1574082,21944,2403974,15173100
2875,1056,1086,1573026,21914,2405060,14794100
2876,1025,1075,1572001,21864,2406135,14819400
2877,1032,1119,1570969,21777,2407254,14717000
2878,1000,1058,1569969,21719,2408312,15140300
2879,1056,1053,1568913,21722,2409365,14809000
2880,1089,1097,1567824,21714,2410462,14612600
2881,1077,1074,1566747,21717,2411536,14376100
2882,1047,1038,1565700,21726,2412574,14334300
2883,1048,1058,1564652,21716,2413632,14423600
2884,1090,1013,1563562,21793,2414645,14378000
2885,1065,1047,1562497,21811,2415692,14907600
2886,1070,1107,1561427,21774,2416799,14725100
2887,1068,1125,1560359,21717,2417924,15552500
2888,1094,1115,1559265,21696,2419039,14904700
2889,1056,1009,1558209,21743,2420048,15103200
2890,1102,1114,1557107,21731,2421162,17902300
2891,1080,1127,1556027,21684,2422289,16047600
2892,1062,1107,1554965,21639,2423396,14518900
2893,1034,1040,1553931,21633,2424436,14322100
2894,1055,1149,1552876,21539,2425585,14324500
2895,1077,1107,1551799,21509,2426692,14345700
2896,1052,1127,1550747,21434,2427819,14409400
2897,1013,1099,1549734,21348,2428918,14533900
2898,1095,1044,1548639,21399,2429962,14961600
2899,1054,1056,1547585,21397,2431018,14683100
2900,1056,1014,1546529,21439,2432032,14857600
2901,1041,1075,1545488,21405,2433107,14619900
2902,1066,1071,1544422,21400,2434178,15115600
2903,1039,1082,1543383,21357,2435260,14591600
2904,1041,1033,1542342,21365,2436293,14827900
2905,1043,1025,1541299,21383,2437318,15122100
2906,1048,1060,1540251,21371,2438378,14588100
2907,1094,1117,1539157,21348,2439495,14536300
2908,1084,1074,1538073,21358,2440569,14624900
2909,1041,1086,1537032,21313,2441655,14596900
2910,1104,1075,1535928,21342,2442730,14809500
2911,1074,1098,1534854,21318,2443828,14518000
2912,1060,1065,1533794,21313,2444893,14931400
2913,1083,1092,1532711,21304,2445985,14873500
2914,1027,1066,1531684,21265,2447051,14569800
2915,1069,1099,1530615,21235,2448150,14914500
2916,1033,1081,1529582,21187,2449231,14344200
2917,1062,1094,1528520,21155,2450325,14752400
2918,1037,1046,1527483,21146,2451371,14580700
2919,1074,1015,1526409,21205,2452386,14735300
2920,1052,1033,1525357,21224,2453419,14581900
2921,1077,1083,1524280,21218,2454502,14562900
2922,1051,1053,1523229,21216,2455555,14634600
2923,1061,1096,1522168,21181,2456651,14560100
2924,1029,1097,1521139,21113,2457748,14683100
2925,1021,1049,1520118,21085,2458797,14614700
2926,1019,1037,1519099,21067,2459834,14564200
2927,1020,1063,1518079,21024,2460897,14926000
2928,1042,990,1517037,21076,2461887,14462300
2929,1109,1044,1515928,21141,2462931,14767200
2930,1080,1078,1514848,21143,2464009,14771800
2931,1048,1066,1513800,21125,2465075,14715700
2932,1032,1053,1512768,21104,2466128,15043000
2933,1030,1072,1511738,21062,2467200,14910200
2934,1046,1085,1510692,21023,2468285,14841800
2935,1093,1085,1509599,21031,2469370,15511400
2936,1023,1074,1508576,20980,2470444,16242700
2937,1054,1060,1507522,20974,2471504,15163500
2938,1028,1047,1506494,20955,2472551,15185600
2939,1022,1009,1505472,20968,2473560,16244800
2940,1055,1030,1504417,20993,2474590,16669700
2941,1016,1057,1503401,20952,2475647,14903400
2942,1035,1048,1502366,20939,2476695,15068500
2943,1042,1076,1501324,20905,2477771,14723100
2944,1008,1022,1500316,20891,2478793,14507100
2945,1039,1021,1499277,20909,2479814,14496800
2946,1082,1019,1498195,20972,2480833,14491100
2947,1056,1009,1497139,21019,2481842,14615100
2948,1082,1069,1496057,21032,2482911,14509800
2949,1064,1012,1494993,21084,2483923,14291000
2950,1109,1079,1493884,21114,2485002,14312900
2951,1103,1057,1492781,21160,2486059,14646100
2952,1024,1055,1491757,21129,2487114,14635200
2953,1069,1091,1490688,21107,2488205,14251500
2954,1032,1060,1489656,21079,2489265,14245300
2955,1046,1008,1488610,21117,2490273,14746300
2956,1036,1051,1487574,21102,2491324,14743500
2957,1039,1059,1486535,21082,2492383,14903300
2958,1031,1022,1485504,21091,2493405,15792300
2959,997,1069,1484507,21019,2494474,15241600
2960,1046,1075,1483461,20990,2495549,14802600
2961,1021,1027,1482440,20984,2496576,14765800
2962,1036,1054,1481404,20966,2497630,14499300
2963,1065,1055,1480339,20976,2498685,14487800
2964,1034,1063,1479305,20947,2499748,14577800
2965,993,1002,1478312,20938,2500750,14590400
2966,1034,1061,1477278,20911,2501811,14382400
2967,1059,1047,1476219,20923,2502858,14611900
2968,996,1059,1475223,20860,2503917,14501100
2969,1107,1053,1474116,20914,2504970,14646700
2970,1036,1075,1473080,20875,2506045,15214200
2971,991,1025,1472089,20841,2507070,14484300
2972,1050,1090,1471039,20801,2508160,15090600
2973,1016,1021,1470023,20796,2509181,15137200
2974,1014,1021,1469009,20789,2510202,15037800
2975,1041,1053,1467968,20777,2511255,14372300
2976,1076,1072,1466892,20781,2512327,14542300
2977,998,1119,1465894,20660,2513446,14586000
2978,1066,1038,1464828,20688,2514484,14381800
2979,1004,1059,1463824,20633,2515543,14308400
2980,1041,1064,1462783,20610,2516607,15218100
2981,1001,1075,1461782,20536,2517682,14841100
2982,1056,1064,1460726,20528,2518746,14946800
2983,1044,1058,1459682,20514,2519804,14589700
2984,1016,1003,1458666,20527,2520807,15280800
2985,1010,1006,1457656,20531,2521813,15065100
2986,1025,976,1456631,20580,2522789,14525200
2987,1017,1043,1455614,20554,2523832,14346600
2988,996,1006,1454618,20544,2524838,14509900
2989,1028,1017,1453590,20555,2525855,14521300
2990,1021,1072,1452569,20504,2526927,14792400
2991,1029,1015,1451540,20518,2527942,14742800
2992,1023,1070,1450517,20471,2529012,14383500
2993,1084,971,1449433,20584,2529983,14837500
2994,1016,1036,1448417,20564,2531019,15279700
2995,1011,977,1447406,20598,2531996,14323000
2996,1020,1066,1446386,20552,2533062,15606800
2997,992,1003,1445394,20541,2534065,14482000
2998,1003,993,1444391,20551,2535058,14416200
2999,988,1040,1443403,20499,2536098,14475500
3000,1037,1031,1442366,20505,2537129,14626400
3001,1037,1018,1441329,20524,2538147,14701200
3002,1012,992,1440317,20544,2539139,14248200
3003,974,990,1439343,20528,2540129,14533100
3004,969,1038,1438374,20459,2541167,14704400
3005,1020,1020,1437354,20459,2542187,14702200
3006,1012,987,1436342,20484,2543174,14353400
3007,1006,978,1435336,20512,2544152,14216200
3008,1013,1001,1434323,20524,2545153,14563100
3009,1028,988,1433295,20564,2546141,14593700
3010,1041,1012,1432254,20593,2547153,14350600
3011,980,1028,1431274,20545,2548181,15078000
3012,1004,1025,1430270,20524,2549206,15122600
3013,1060,980,1429210,20604,2550186,14785800
3014,1014,1019,1428196,20599,2551205,14643600
3015,978,986,1427218,20591,2552191,14682100
3016,999,988,1426219,20602,2553179,14641500
3017,1044,986,1425175,20660,2554165,14639900
3018,1017,1030,1424158,20647,2555195,14536200
3019,1026,1061,1423132,20612,2556256,14682800
3020,1068,981,1422064,20699,2557237,16062200
3021,1042,1078,1421022,20663,2558315,15784700
3022,1012,995,1420010,20680,2559310,14528900
3023,1069,1063,1418941,20686,2560373,14804700
3024,1011,999,1417930,20698,2561372,14612900
3025,1025,1050,1416905,20673,2562422,14711000
3026,983,1025,1415922,20631,2563447,14408500
3027,983,1048,1414939,20566,2564495,14633100
3028,1057,1046,1413882,20577,2565541,14518600
3029,1019,1011,1412863,20585,2566552,14416100
3030,1020,1052,1411843,20553,2567604,14488500
3031,1010,1023,1410833,20540,2568627,14693700
3032,1023,985,1409810,20578,2569612,14776900
3033,1018,1017,1408792,20579,2570629,14634500
3034,1005,1038,1407787,20546,2571667,14252200
3035,1014,1089,1406773,20471,2572756,14282700
3036,1020,1028,1405753,20463,2573784,14492700
3037,1026,1022,1404727,20467,2574806,14242700
3038,987,1004,1403740,20450,2575810,14121000
3039,1025,1006,1402715,20469,2576816,14107600
3040,993,961,1401722,20501,2577777,14561100
3041,1005,1025,1400717,20481,2578802,14618700
3042,953,998,1399764,20436,2579800,14908900
3043,997,1027,1398767,20406,2580827,14510000
3044,966,1028,1397801,20344,2581855,14234400
3045,983,1030,1396818,20297,2582885,14503200
3046,982,1055,1395836,20224,2583940,14338300
3047,978,1001,1394858,20201,2584941,14113500
3048,958,998,1393900,20161,2585939,14676600
3049,977,987,1392923,20151,2586926,15045700
3050,989,1027,1391934,20113,2587953,14282700
3051,970,1024,1390964,20059,2588977,14234300
3052,973,978,1389991,20054,2589955,14354800
3053,946,1032,1389045,19968,2590987,14315800
3054,978,1028,1388067,19918,2592015,14395400
3055,964,985,1387103,19897,2593000,14640400
3056,989,1010,1386114,19876,2594010,14340100
3057,973,1024,1385141,19825,2595034,14320100
3058,949,1026,1384192,19748,2596060,14339900
3059,974,952,1383218,19770,2597012,14375900
3060,946,1005,1382272,19711,2598017,14391000
3061,925,1001,1381347,19635,2599018,14328400
3062,910,995,1380437,19550,2600013,14570700
3063,902,909,1379535,19543,2600922,14191900
3064,914,985,1378621,19472,2601907,14724600
3065,954,982,1377667,19444,2602889,14595100
3066,924,963,1376743,19405,2603852,14549700
3067,975,985,1375768,19395,2604837,14533700
3068,907,939,1374861,19363,2605776,14146600
3069,953,1021,1373908,19295,2606797,14211300
3070,946,1014,1372962,19227,2607811,14164800
3071,945,937,1372017,19235,2608748,14702500
3072,907,953,1371110,19189,2609701,14535700
3073,932,959,1370178,19162,2610660,14498600
3074,938,941,1369240,19159,2611601,14489800
3075,956,929,1368284,19186,2612530,14381600
3076,961,986,1367323,19161,2613516,14607700
3077,976,1011,1366347,19126,2614527,14326100
3078,974,976,1365373,19124,2615503,14902100
3079,984,871,1364389,19237,2616374,14463500
3080,996,956,1363393,19277,2617330,14111400
3081,951,940,1362442,19288,2618270,14108500
3082,933,930,1361509,19291,2619200,14428500
3083,934,947,1360575,19278,2620147,14259500
3084,956,958,1359619,19276,2621105,14444000
3085,901,949,1358718,19228,2622054,14573300
3086,922,964,1357796,19186,2623018,14070000
3087,960,931,1356836,19215,2623949,14620500
3088,1014,944,1355822,19285,2624893,14598500
3089,973,1008,1354849,19250,2625901,14155100
3090,952,975,1353897,19227,2626876,14140700
3091,903,978,1352994,19152,2627854,14141800
3092,942,948,1352052,19146,2628802,14659300
3093,915,977,1351137,19084,2629779,15209500
3094,934,961,1350203,19057,2630740,15225500
3095,879,937,1349324,18999,2631677,14509700
3096,961,991,1348363,18969,2632668,15145800
3097,922,933,1347441,18958,2633601,14625000
3098,941,894,1346500,19005,2634495,15092600
3099,925,943,1345575,18987,2635438,16885500
3100,931,960,1344644,18958,2636398,14652800
3101,908,1018,1343736,18848,2637416,14904200
3102,882,940,1342854,18790,2638356,14541800
3103,947,955,1341907,18782,2639311,14411700
3104,943,979,1340964,18746,2640290,14507000
3105,946,914,1340018,18778,2641204,14137400
3106,906,947,1339112,18737,2642151,14133300
3107,875,908,1338237,18704,2643059,14045600
3108,888,918,1337349,18674,2643977,14263300
3109,903,902,1336446,18675,2644879,14089500
3110,915,976,1335531,18614,2645855,14386900
3111,925,963,1334606,18576,2646818,14713500
3112,924,945,1333682,18555,2647763,14915100
3113,894,917,1332788,18532,2648680,14923300
3114,906,928,1331882,18510,2649608,14522700
3115,867,857,1331015,18520,2650465,14448800
3116,874,959,1330141,18435,2651424,14457500
3117,919,937,1329222,18417,2652361,14271600
3118,885,991,1328337,18311,2653352,14598200
3119,897,918,1327440,18290,2654270,14679200
3120,923,929,1326517,18284,2655199,14676900
3121,904,851,1325613,18337,2656050,14318000
3122,909,911,1324704,18335,2656961,14201200
3123,932,952,1323772,18315,2657913,14655300
3124,894,962,1322878,18247,2658875,14501800
3125,916,903,1321962,18260,2659778,14296200
3126,923,859,1321039,18324,2660637,14500200
3127,883,917,1320156,18290,2661554,14013600
3128,899,945,1319257,18244,2662499,14271300
3129,923,946,1318334,18221,2663445,14343600
3130,902,906,1317432,18217,2664351,14369900
3131,897,876,1316535,18238,2665227,14258600
3132,894,922,1315641,18210,2666149,15093200
3133,879,946,1314762,18143,2667095,14517800
3134,910,919,1313852,18134,2668014,14329300
3135,880,903,1312972,18111,2668917,14422300
3136,925,920,1312047,18116,2669837,14081600
3137,893,892,1311154,18117,2670729,14138700
3138,882,926,1310272,18073,2671655,14527000
3139,876,893,1309396,18056,2672548,14311600
3140,874,868,1308522,18062,2673416,14300700
3141,939,890,1307583,18111,2674306,14185800
3142,891,833,1306692,18169,2675139,14462100
3143,947,875,1305745,18241,2676014,14435900
3144,918,944,1304827,18215,2676958,14080400
3145,893,952,1303934,18156,2677910,14103800
3146,864,922,1303070,18098,2678832,14151900
3147,834,914,1302236,18018,2679746,14303700
3148,874,858,1301362,18034,2680604,14291100
3149,908,850,1300454,18092,2681454,14282200
3150,895,913,1299559,18074,2682367,14348700
3151,835,876,1298724,18033,2683243,14609000
3152,930,834,1297794,18129,2684077,14290200
3153,873,927,1296921,18075,2685004,14221500
3154,919,905,1296002,18089,2685909,15252600
3155,893,900,1295109,18082,2686809,14271200
3156,920,922,1294189,18080,2687731,14486100
3157,873,985,1293316,17968,2688716,14278700
3158,925,874,1292391,18019,2689590,14289900
3159,916,867,1291475,18068,2690457,14436700
3160,897,928,1290578,18037,2691385,14301000
3161,894,908,1289684,18023,2692293,14718800
3162,893,852,1288791,18064,2693145,15014400
3163,892,958,1287899,17998,2694103,14898000
3164,842,889,1287057,17951,2694992,14271500
3165,916,916,1286141,17951,2695908,14223300
3166,903,932,1285238,17922,2696840,14234200
3167,939,937,1284299,17924,2697777,14236500
3168,885,901,1283414,17908,2698678,14499000
3169,873,898,1282541,17883,2699576,14175100
3170,912,910,1281629,17885,2700486,14353600
3171,902,906,1280727,17881,2701392,14089300
3172,853,927,1279874,17807,2702319,14187200
3173,846,902,1279028,17751,2703221,14223300
3174,842,867,1278186,17726,2704088,14282800
3175,856,907,1277330,17675,2704995,14590500
3176,820,895,1276510,17600,2705890,14587400
3177,856,914,1275654,17542,2706804,14911900
3178,865,902,1274789,17505,2707706,14308100
3179,842,880,1273947,17467,2708586,14861800
3180,852,898,1273095,17421,2709484,15358800
3181,832,849,1272263,17404,2710333,16517100
3182,845,914,1271418,17335,2711247,16382100
3183,845,883,1270573,17297,2712130,14791500
3184,850,807,1269723,17340,2712937,14422100
3185,841,907,1268882,17274,2713844,14465700
3186,859,919,1268023,17214,2714763,14401300
3187,830,791,1267193,17253,2715554,14774200
3188,841,879,1266352,17215,2716433,14993000
3189,834,847,1265518,17202,2717280,14846600
3190,854,813,1264664,17243,2718093,14439900
3191,803,864,1263861,17182,2718957,14200900
3192,816,886,1263045,17112,2719843,14465600
3193,834,904,1262211,17042,2720747,14506000
3194,861,850,1261350,17053,2721597,13939700
3195,864,798,1260486,17119,2722395,13959400
3196,788,852,1259698,17055,2723247,13935600
3197,812,884,1258886,16983,2724131,14157000
3198,838,831,1258048,16990,2724962,14445900
3199,807,848,1257241,16949,2725810,14506300
3200,855,882,1256386,16922,2726692,14115500
3201,816,866,1255570,16872,2727558,14337900
3202,847,859,1254723,16860,2728417,14539500
3203,812,866,1253911,16806,2729283,14345200
3204,819,893,1253092,16732,2730176,13987400
3205,811,834,1252281,16709,2731010,14092200
3206,813,902,1251468,16620,2731912,13934600
3207,818,824,1250650,16614,2732736,14313200
3208,844,851,1249806,16607,2733587,14272300
3209,799,805,1249007,16601,2734392,13978400
3210,847,823,1248160,16625,2735215,14331000
3211,804,806,1247356,16623,2736021,14164900
3212,837,807,1246519,16653,2736828,14338800
3213,866,849,1245653,16670,2737677,14103600
3214,796,778,1244857,16688,2738455,13886300
3215,820,856,1244037,16652,2739311,13852800
3216,843,872,1243194,16623,2740183,14062300
3217,799,843,1242395,16579,2741026,13864500
3218,860,833,1241535,16606,2741859,14160900
3219,851,863,1240684,16594,2742722,14182000
3220,814,852,1239870,16556,2743574,14005200
3221,856,821,1239014,16591,2744395,14276800
3222,836,833,1238178,16594,2745228,14502700
3223,847,838,1237331,16603,2746066,14000300
3224,808,828,1236523,16583,2746894,14856300
3225,825,862,1235698,16546,2747756,14671400
3226,888,850,1234810,16584,2748606,14540200
3227,829,793,1233981,16620,2749399,14372600
3228,796,798,1233185,16618,2750197,14232000
3229,845,822,1232340,16641,2751019,13917400
3230,794,849,1231546,16586,2751868,15550300
3231,865,806,1230681,16645,2752674,14284400
3232,865,839,1229816,16671,2753513,14362500
3233,821,859,1228995,16633,2754372,14332200
3234,805,864,1228190,16574,2755236,14175700
3235,821,794,1227369,16601,2756030,14774200
3236,771,804,1226598,16568,2756834,14103300
3237,827,850,1225771,16545,2757684,13953000
3238,784,793,1224987,16536,2758477,14362400
3239,828,836,1224159,16528,2759313,14642400
3240,797,855,1223362,16470,2760168,13947100
3241,802,800,1222560,16472,2760968,14672100
3242,765,801,1221795,16436,2761769,14098700
3243,864,829,1220931,16471,2762598,14037000
3244,806,827,1220125,16450,2763425,14270400
3245,781,813,1219344,16418,2764238,14258400
3246,833,768,1218511,16483,2765006,13867900
3247,788,862,1217723,16409,2765868,13873900
3248,832,776,1216891,16465,2766644,13915800
3249,815,824,1216076,16456,2767468,13995800
3250,827,805,1215249,16478,2768273,14121600
3251,828,833,1214421,16473,2769106,14045500
3252,784,835,1213637,16422,2769941,13895700
3253,818,817,1212819,16423,2770758,14106500
3254,754,847,1212065,16330,2771605,14172200
3255,798,860,1211267,16268,2772465,14479900
3256,767,759,1210500,16276,2773224,14526700
3257,762,796,1209738,16242,2774020,14153300
3258,755,827,1208983,16170,2774847,15818100
3259,797,797,1208186,16170,2775644,16112100
3260,784,819,1207402,16135,2776463,15069500
3261,744,804,1206658,16075,2777267,14171500
3262,778,730,1205880,16123,2777997,14510000
3263,755,807,1205125,16071,2778804,14724600
3264,835,834,1204290,16072,2779638,14772800
3265,779,751,1203511,16100,2780389,15701200
3266,803,822,1202708,16081,2781211,14955500
3267,790,817,1201918,16054,2782028,14336000
3268,770,788,1201148,16036,2782816,14143500
3269,799,760,1200349,16075,2783576,14059200
3270,778,772,1199571,16081,2784348,14072700
3271,802,787,1198769,16096,2785135,13965100
3272,771,810,1197998,16057,2785945,13867900
3273,819,819,1197179,16057,2786764,13975000
3274,819,784,1196360,16092,2787548,14145900
3275,871,803,1195489,16160,2788351,14038000
3276,779,794,1194710,16145,2789145,14069700
3277,768,827,1193942,16086,2789972,14321400
3278,848,805,1193094,16129,2790777,14738700
3279,820,726,1192274,16223,2791503,14456300
3280,832,789,1191442,16266,2792292,14211600
3281,814,858,1190628,16222,2793150,14016500
3282,803,808,1189825,16217,2793958,14373900
3283,760,754,1189065,16223,2794712,13904000
3284,835,811,1188230,16247,2795523,14021700
3285,824,877,1187406,16194,2796400,13985100
3286,810,899,1186596,16105,2797299,14115100
3287,773,795,1185823,16083,2798094,14129600
3288,781,851,1185042,16013,2798945,13905200
3289,738,789,1184304,15962,2799734,13856600
3290,783,810,1183521,15935,2800544,14307200
3291,777,810,1182744,15902,2801354,14260500
3292,774,811,1181970,15865,2802165,13808800
3293,761,798,1181209,15828,2802963,13738200
3294,791,796,1180418,15823,2803759,13792700
3295,723,806,1179695,15740,2804565,13898900
3296,756,860,1178939,15636,2805425,13911800
3297,789,773,1178150,15652,2806198,13836700
3298,756,796,1177394,15612,2806994,13825300
3299,780,779,1176614,15613,2807773,14061300
3300,781,772,1175833,15622,2808545,14318300
3301,737,811,1175096,15548,2809356,13980800
3302,713,787,1174383,15474,2810143,14799500
3303,797,779,1173586,15492,2810922,14554100
3304,817,789,1172769,15520,2811711,14109400
3305,787,773,1171982,15534,2812484,13873900
3306,788,798,1171194,15524,2813282,13783700
3307,762,748,1170432,15538,2814030,14059200
3308,783,795,1169649,15526,2814825,13869100
3309,798,790,1168851,15534,2815615,14262100
3310,797,773,1168054,15558,2816388,13932900
3311,762,776,1167292,15544,2817164,15001000
3312,797,732,1166495,15609,2817896,13961900
3313,776,794,1165719,15591,2818690,14421100
3314,762,805,1164957,15548,2819495,14596900
3315,814,775,1164143,15587,2820270,14151400
3316,819,791,1163324,15615,2821061,14055400
3317,782,795,1162542,15602,2821856,14018000
3318,787,802,1161755,15587,2822658,14007300
3319,741,787,1161014,15541,2823445,14079100
3320,813,754,1160201,15600,2824199,14304900
3321,830,797,1159371,15633,2824996,14155300
3322,847,764,1158524,15716,2825760,13951000
3323,775,799,1157749,15692,2826559,14221500
3324,789,775,1156960,15706,2827334,13866000
3325,807,772,1156153,15741,2828106,14200000
3326,875,815,1155278,15801,2828921,13749200
3327,807,770,1154471,15838,2829691,14376000
3328,766,802,1153705,15802,2830493,14686500
3329,813,815,1152892,15800,2831308,14386200
3330,816,790,1152076,15826,2832098,14488400
3331,770,804,1151306,15792,2832902,14594300
3332,792,808,1150514,15776,2833710,14583300
3333,811,782,1149703,15805,2834492,13973400
3334,837,801,1148866,15841,2835293,13888500
3335,800,792,1148066,15849,2836085,13898500
3336,766,826,1147300,15789,2836911,13939100
3337,747,806,1146553,15730,2837717,13964000
3338,791,795,1145762,15726,2838512,14557200
3339,724,799,1145038,15651,2839311,13915000
3340,737,787,1144301,15601,2840098,14415900
3341,781,804,1143520,15578,2840902,14585000
3342,751,787,1142769,15542,2841689,14211700
3343,823,806,1141946,15559,2842495,14606300
3344,752,747,1141194,15564,2843242,15056100
3345,753,747,1140441,15570,2843989,14324100
3346,755,782,1139686,15543,2844771,14148700
3347,755,762,1138931,15536,2845533,14112000
3348,793,742,1138138,15587,2846275,14081400
3349,785,792,1137353,15580,2847067,14480500
3350,796,765,1136557,15611,2847832,14024700
3351,784,799,1135773,15596,2848631,14147400
3352,830,764,1134943,15662,2849395,14090200
3353,766,801,1134177,15627,2850196,14187200
3354,740,817,1133437,15550,2851013,14116200
3355,759,764,1132678,15545,2851777,14227400
3356,754,730,1131924,15569,2852507,14071900
3357,707,770,1131217,15506,2853277,13829800
3358,758,780,1130459,15484,2854057,13780000
3359,748,805,1129711,15427,2854862,13785800
3360,776,757,1128935,15446,2855619,14068700
3361,732,775,1128203,15403,2856394,13930400
3362,742,767,1127461,15378,2857161,14088500
3363,761,766,1126700,15373,2857927,13826400
3364,765,730,1125935,15408,2858657,13782500
3365,707,762,1125228,15353,2859419,13900700
3366,768,758,1124460,15363,2860177,13915400
3367,720,757,1123740,15326,2860934,13855100
3368,737,769,1123003,15294,2861703,14032600
3369,786,791,1122217,15289,2862494,14064300
3370,759,734,1121458,15314,2863228,14082600
3371,725,778,1120733,15261,2864006,14547800
3372,714,721,1120019,15254,2864727,13927300
3373,722,761,1119297,15215,2865488,14374500
3374,767,745,1118530,15237,2866233,14274500
3375,746,697,1117784,15286,2866930,13835900
3376,802,796,1116982,15292,2867726,14424000
3377,752,796,1116230,15248,2868522,14367700
3378,756,754,1115474,15250,2869276,14290900
3379,792,798,1114682,15244,2870074,13997900
3380,736,781,1113946,15199,2870855,13910000
3381,757,770,1113189,15186,2871625,14301900
3382,756,727,1112433,15215,2872352,14052800
3383,771,797,1111662,15189,2873149,14358300
3384,780,795,1110882,15174,2873944,14225000
3385,732,740,1110150,15166,2874684,14517700
3386,740,753,1109410,15153,2875437,14081800
3387,722,733,1108688,15142,2876170,14267600
3388,782,735,1107906,15189,2876905,14017500
3389,781,742,1107125,15228,2877647,13978600
3390,763,740,1106362,15251,2878387,13830100
3391,746,748,1105616,15249,2879135,13849100
3392,743,780,1104873,15212,2879915,14179100
3393,750,779,1104123,15183,2880694,14155600
3394,767,795,1103356,15155,2881489,14158000
3395,756,770,1102600,15141,2882259,13981000
3396,766,778,1101834,15129,2883037,13952300
3397,739,726,1101095,15142,2883763,14153800
3398,736,745,1100359,15133,2884508,14305700
3399,769,769,1099590,15133,2885277,14680100
3400,720,802,1098870,15051,2886079,14475100
3401,757,766,1098113,15042,2886845,14336300
3402,739,695,1097374,15086,2887540,14226700
3403,743,768,1096631,15061,2888308,14225800
3404,732,754,1095899,15039,2889062,13876200
3405,730,740,1095169,15029,2889802,13761900
3406,776,748,1094393,15057,2890550,13766100
3407,774,739,1093619,15092,2891289,14319900
3408,789,734,1092830,15147,2892023,13975300
3409,769,715,1092061,15201,2892738,13781700
3410,752,753,1091309,15200,2893491,13767300
3411,710,713,1090599,15197,2894204,13818700
3412,750,760,1089849,15187,2894964,13802800
3413,779,855,1089070,15111,2895819,13789400
3414,743,757,1088327,15097,2896576,13766800
3415,714,752,1087613,15059,2897328,14016900
3416,725,776,1086888,15008,2898104,14414300
3417,737,695,1086151,15050,2898799,13877500
3418,785,789,1085366,15046,2899588,13909800
3419,716,772,1084650,14990,2900360,13959100
3420,767,719,1083883,15038,2901079,13980100
3421,750,727,1083133,15061,2901806,13970600
3422,755,750,1082378,15066,2902556,14027800
3423,746,746,1081632,15066,2903302,14016900
3424,798,772,1080834,15092,2904074,14010300
3425,728,734,1080106,15086,2904808,14147800
3426,755,769,1079351,15072,2905577,14153400
3427,767,731,1078584,15108,2906308,14288400
3428,749,700,1077835,15157,2907008,14570500
3429,779,797,1077056,15139,2907805,14214300
3430,770,792,1076286,15117,2908597,14184400
3431,754,752,1075532,15119,2909349,14636100
3432,704,733,1074828,15090,2910082,16410800
3433,743,750,1074085,15083,2910832,14305200
3434,714,789,1073371,15008,2911621,14384000
3435,689,709,1072682,14988,2912330,14974700
3436,762,699,1071920,15051,2913029,14271200
3437,738,761,1071182,15028,2913790,14351400
3438,763,765,1070419,15026,2914555,16792700
3439,714,750,1069705,14990,2915305,14960200
3440,745,753,1068960,14982,2916058,14115800
3441,733,755,1068227,14960,2916813,14181300
3442,747,693,1067480,15014,2917506,14246400
3443,769,746,1066711,15037,2918252,14114900
3444,780,717,1065931,15100,2918969,14244600
3445,736,703,1065195,15133,2919672,14072600
3446,761,769,1064434,15125,2920441,13852500
3447,728,736,1063706,15117,2921177,14017600
3448,739,703,1062967,15153,2921880,13985400
3449,757,809,1062210,15101,2922689,14043900
3450,718,729,1061492,15090,2923418,14069800
3451,744,723,1060748,15111,2924141,13811400
3452,690,757,1060058,15044,2924898,14290400
3453,749,695,1059309,15098,2925593,14209400
3454,784,737,1058525,15145,2926330,13743400
3455,733,775,1057792,15103,2927105,14165800
3456,715,788,1057077,15030,2927893,14248100
3457,765,753,1056312,15042,2928646,14196600
3458,712,733,1055600,15021,2929379,13703100
3459,690,754,1054910,14957,2930133,14079400
3460,720,735,1054190,14942,2930868,14516500
3461,727,793,1053463,14876,2931661,14462400
3462,744,708,1052719,14912,2932369,14115500
3463,754,764,1051965,14902,2933133,14334200
3464,727,750,1051238,14879,2933883,14460400
3465,705,759,1050533,14825,2934642,13857200
3466,734,731,1049799,14828,2935373,14347900
3467,728,753,1049071,14803,2936126,14067600
3468,737,779,1048334,14761,2936905,14150600
3469,730,722,1047604,14769,2937627,13871700
3470,727,722,1046877,14774,2938349,14106300
3471,681,698,1046196,14757,2939047,14528100
3472,690,725,1045506,14722,2939772,14415300
3473,719,771,1044787,14670,2940543,14083400
3474,681,702,1044106,14649,2941245,13848700
3475,700,715,1043406,14634,2941960,14022400
3476,653,740,1042753,14547,2942700,14137100
3477,719,750,1042034,14516,2943450,13700100
3478,698,682,1041336,14532,2944132,14144000
3479,696,706,1040640,14522,2944838,13811000
3480,710,745,1039930,14487,2945583,13717000
3481,710,704,1039220,14493,2946287,13807200
3482,700,770,1038520,14423,2947057,14077800
3483,695,754,1037825,14364,2947811,13832500
3484,707,735,1037118,14336,2948546,14160000
3485,669,722,1036449,14283,2949268,14242100
3486,678,657,1035771,14304,2949925,13689500
3487,703,667,1035068,14340,2950592,13685200
3488,729,741,1034339,14328,2951333,13786700
3489,711,755,1033628,14284,2952088,13729200
3490,661,688,1032967,14257,2952776,13961200
3491,687,749,1032280,14195,2953525,14052100
3492,667,730,1031613,14132,2954255,13932500
3493,678,704,1030935,14106,2954959,14084200
3494,723,698,1030212,14131,2955657,14040600
3495,672,652,1029540,14151,2956309,13800500
3496,745,680,1028795,14216,2956989,14115700
3497,646,728,1028149,14134,2957717,13979000
3498,694,693,1027455,14135,2958410,14005600
3499,700,671,1026755,14164,2959081,13898900
3500,712,701,1026043,14175,2959782,13671500
3501,696,731,1025347,14140,2960513,13728600
3502,663,653,1024684,14150,2961166,14161900
3503,681,729,1024003,14102,2961895,14552700
3504,668,731,1023335,14039,2962626,13965500
3505,672,661,1022663,14050,2963287,14233000
3506,684,705,1021979,14029,2963992,14113300
3507,649,711,1021330,13967,2964703,14185300
3508,649,682,1020681,13934,2965385,14175600
3509,642,700,1020039,13876,2966085,13959300
3510,708,695,1019331,13889,2966780,14690800
3511,717,696,1018614,13910,2967476,13946300
3512,678,689,1017936,13899,2968165,14187100
3513,678,674,1017258,13903,2968839,14814700
3514,669,726,1016589,13846,2969565,14460800
3515,686,715,1015903,13817,2970280,14480900
3516,694,693,1015209,13818,2970973,13991500
3517,705,696,1014504,13827,2971669,13960800
3518,691,659,1013813,13859,2972328,13893200
3519,676,676,1013137,13859,2973004,14396400
3520,736,751,1012401,13844,2973755,14199300
3521,743,720,1011658,13867,2974475,14081800
3522,695,751,1010963,13811,2975226,14099500
3523,723,706,1010240,13828,2975932,14331700
3524,658,699,1009582,13787,2976631,13758100
3525,691,698,1008891,13780,2977329,13715500
3526,695,718,1008196,13757,2978047,14171500
3527,666,660,1007530,13763,2978707,13806100
3528,663,682,1006867,13744,2979389,13750600
3529,658,644,1006209,13758,2980033,13705000
3530,698,696,1005511,13760,2980729,13985900
3531,687,677,1004824,13770,2981406,14287900
3532,640,713,1004184,13697,2982119,13977800
3533,672,706,1003512,13663,2982825,13774400
3534,676,691,1002836,13648,2983516,14156300
3535,645,674,1002191,13619,2984190,14414500
3536,682,706,1001509,13595,2984896,13831500
3537,626,710,1000883,13511,2985606,14610300
3538,616,694,1000267,13433,2986300,14519800
3539,650,686,999617,13397,2986986,13633800
3540,663,664,998954,13396,2987650,13906300
3541,675,690,998279,13381,2988340,14838600
3542,636,717,997643,13300,2989057,14907300
3543,665,700,996978,13265,2989757,14692500
3544,643,629,996335,13279,2990386,14236400
3545,666,664,995669,13281,2991050,14360500
3546,698,668,994971,13311,2991718,14263300
3547,638,673,994333,13276,2992391,13964600
3548,659,631,993674,13304,2993022,13640800
3549,662,691,993012,13275,2993713,13652100
3550,627,702,992385,13200,2994415,13765400
3551,637,636,991748,13201,2995051,13630000
3552,671,670,991077,13202,2995721,14058500
3553,595,652,990482,13145,2996373,13552400
3554,605,646,989877,13104,2997019,13930700
3555,630,651,989247,13083,2997670,13946400
3556,643,643,988604,13083,2998313,14105500
3557,669,633,987935,13119,2998946,13970400
3558,623,680,987312,13062,2999626,13834200
3559,648,674,986664,13036,3000300,14123300
3560,646,622,986018,13060,3000922,14012200
3561,615,691,985403,12984,3001613,13878600
3562,645,646,984758,12983,3002259,13660300
3563,681,657,984077,13007,3002916,13609300
3564,626,664,983451,12969,3003580,13797800
3565,652,668,982799,12953,3004248,13957200
3566,656,653,982143,12956,3004901,13922600
3567,671,603,981472,13024,3005504,13908600
3568,687,594,980785,13117,3006098,14039800
3569,711,637,980074,13191,3006735,13973400
3570,661,633,979413,13219,3007368,13603700
3571,730,661,978683,13288,3008029,13934900
3572,657,624,978026,13321,3008653,13946000
3573,709,682,977317,13348,3009335,14849600
3574,703,673,976614,13378,3010008,13941200
3575,696,723,975918,13351,3010731,13831400
3576,640,664,975278,13327,3011395,13923300
3577,681,645,974597,13363,3012040,13889700
3578,660,648,973937,13375,3012688,14279200
3579,717,695,973220,13397,3013383,14038800
3580,670,669,972550,13398,3014052,13694400
3581,675,670,971875,13403,3014722,13610500
3582,687,697,971188,13393,3015419,14029000
3583,700,677,970488,13416,3016096,14645000
3584,658,655,969830,13419,3016751,13942300
3585,685,644,969145,13460,3017395,14151100
3586,689,686,968456,13463,3018081,14184900
3587,661,617,967795,13507,3018698,13917900
3588,629,651,967166,13485,3019349,13917900
3589,686,737,966480,13434,3020086,13864500
3590,658,686,965822,13406,3020772,13876000
3591,679,699,965143,13386,3021471,13976300
3592,662,667,964481,13381,3022138,13888900
3593,618,658,963863,13341,3022796,13817800
3594,653,657,963210,13337,3023453,13644300
3595,649,725,962561,13261,3024178,13884100
3596,640,619,961921,13282,3024797,14113900
3597,607,662,961314,13227,3025459,14539500
3598,675,676,960639,13226,3026135,14140400
3599,632,698,960007,13160,3026833,14181300
3600,640,653,959367,13147,3027486,14215500
3601,628,643,958739,13132,3028129,13958600
3602,663,631,958076,13164,3028760,14156400
3603,655,654,957421,13165,3029414,14206200
3604,663,695,956758,13133,3030109,14934300
3605,611,654,956147,13090,3030763,14362300
3606,630,668,955517,13052,3031431,17908000
3607,640,669,954877,13023,3032100,17509100
3608,588,624,954289,12987,3032724,14058600
3609,634,669,953655,12952,3033393,13987100
3610,644,634,953011,12962,3034027,13873900
3611,642,681,952369,12923,3034708,13996300
3612,630,642,951739,12911,3035350,14011900
3613,630,605,951109,12936,3035955,15676900
3614,634,664,950475,12906,3036619,14221300
3615,648,623,949827,12931,3037242,14381000
3616,609,638,949218,12902,3037880,14056700
3617,651,610,948567,12943,3038490,13622400
3618,616,641,947951,12918,3039131,14157400
3619,636,645,947315,12909,3039776,13605000
3620,645,657,946670,12897,3040433,13919300
3621,665,615,946005,12947,3041048,13660900
3622,631,662,945374,12916,3041710,14448500
3623,648,698,944726,12866,3042408,13921600
3624,636,643,944090,12859,3043051,14132500
3625,638,620,943452,12877,3043671,13936100
3626,672,638,942780,12911,3044309,13828200
3627,639,680,942141,12870,3044989,13594200
3628,623,730,941518,12763,3045719,14124800
3629,678,640,940840,12801,3046359,14325700
3630,682,647,940158,12836,3047006,13771200
3631,648,645,939510,12839,3047651,13706600
3632,648,638,938862,12849,3048289,14695800
3633,641,650,938221,12840,3048939,14130300
3634,630,678,937591,12792,3049617,14249000
3635,636,677,936955,12751,3050294,13868700
3636,627,633,936328,12745,3050927,14304200
3637,607,606,935721,12746,3051533,13616400
3638,565,614,935156,12697,3052147,13838300
3639,589,601,934567,12685,3052748,13638400
3640,610,624,933957,12671,3053372,13662000
3641,591,615,933366,12647,3053987,14122600
3642,610,678,932756,12579,3054665,13722800
3643,612,606,932144,12585,3055271,13833500
3644,621,642,931523,12564,3055913,13954600
3645,639,637,930884,12566,3056550,13896200
3646,598,578,930286,12586,3057128,13853400
3647,621,641,929665,12566,3057769,13545000
3648,613,627,929052,12552,3058396,13894300
3649,621,621,928431,12552,3059017,14019600
3650,634,646,927797,12540,3059663,13598600
3651,647,635,927150,12552,3060298,13575400
3652,647,633,926503,12566,3060931,13777900
3653,660,641,925843,12585,3061572,13817100
3654,611,627,925232,12569,3062199,14097100
3655,613,576,924619,12606,3062775,14296100
3656,638,644,923981,12600,3063419,13865800
3657,658,614,923323,12644,3064033,13854800
3658,648,612,922675,12680,3064645,14067600
3659,614,640,922061,12654,3065285,14166900
3660,637,594,921424,12697,3065879,13929400
3661,658,632,920766,12723,3066511,13798100
3662,628,622,920138,12729,3067133,13575100
3663,620,627,919518,12722,3067760,14185300
3664,612,617,918906,12717,3068377,14238800
3665,597,610,918309,12704,3068987,13580900
3666,614,642,917695,12676,3069629,14057200
3667,687,625,917008,12738,3070254,13795200
3668,615,651,916393,12702,3070905,13621000
3669,633,610,915760,12725,3071515,13893500
3670,648,639,915112,12734,3072154,13675400
3671,651,660,914461,12725,3072814,13911400
3672,617,626,913844,12716,3073440,13596700
3673,628,625,913216,12719,3074065,13736000
3674,642,641,912574,12720,3074706,13701100
3675,607,579,911967,12748,3075285,13857700
3676,642,627,911325,12763,3075912,13879800
3677,624,664,910701,12723,3076576,16580700
3678,592,644,910109,12671,3077220,15012600
3679,600,657,909509,12614,3077877,14231000
3680,641,665,908868,12590,3078542,16090500
3681,588,674,908280,12504,3079216,14976400
3682,621,650,907659,12475,3079866,14149100
3683,583,604,907076,12454,3080470,14180300
3684,646,639,906430,12461,3081109,14269500
3685,658,632,905772,12487,3081741,14297200
3686,659,615,905113,12531,3082356,14175600
3687,582,651,904531,12462,3083007,14084900
3688,626,636,903905,12452,3083643,14441200
3689,614,619,903291,12447,3084262,14612300
3690,590,657,902701,12380,3084919,14285900
3691,618,678,902083,12320,3085597,14192800
3692,649,631,901434,12338,3086228,13738800
3693,628,625,900806,12341,3086853,13631100
3694,636,611,900170,12366,3087464,13865000
3695,626,663,899544,12329,3088127,13524100
3696,598,662,898946,12265,3088789,13778600
3697,641,665,898305,12241,3089454,13841000
3698,655,589,897650,12307,3090043,13747000
3699,608,623,897042,12292,3090666,13782000
3700,588,658,896454,12222,3091324,13825900
3701,631,555,895823,12298,3091879,14286300
3702,661,587,895162,12372,3092466,14051100
3703,636,621,894526,12387,3093087,13916200
3704,652,642,893874,12397,3093729,14258800
3705,645,581,893229,12461,3094310,13525900
3706,655,643,892574,12473,3094953,13574300
3707,618,593,891956,12498,3095546,13656000
3708,634,592,891322,12540,3096138,13837500
3709,626,628,890696,12538,3096766,13690900
3710,639,679,890057,12498,3097445,14135800
3711,605,630,889452,12473,3098075,13945400
3712,657,590,888795,12540,3098665,13922200
3713,617,618,888178,12539,3099283,14210300
3714,625,633,887553,12531,3099916,13685000
3715,623,581,886930,12573,3100497,13664800
3716,606,680,886324,12499,3101177,14082200
3717,639,637,885685,12501,3101814,13958800
3718,664,654,885021,12511,3102468,13824400
3719,605,606,884416,12510,3103074,14010400
3720,613,633,883803,12490,3103707,14353600
3721,636,619,883167,12507,3104326,13879400
3722,603,614,882564,12496,3104940,13826900
3723,639,625,881925,12510,3105565,14146300
3724,639,647,881286,12502,3106212,13564800
3725,605,636,880681,12471,3106848,13789600
3726,628,654,880053,12445,3107502,14036600
3727,648,641,879405,12452,3108143,13816600
3728,612,609,878793,12455,3108752,14024600
3729,613,633,878180,12435,3109385,14208900
3730,642,635,877538,12442,3110020,13874400
3731,651,608,876887,12485,3110628,13698100
3732,653,592,876234,12546,3111220,13898700
3733,629,626,875605,12549,3111846,14102700
3734,615,595,874990,12569,3112441,13896800
3735,638,621,874352,12586,3113062,13752800
3736,646,587,873706,12645,3113649,13940800
3737,616,596,873090,12665,3114245,13805500
3738,617,640,872473,12642,3114885,13796500
3739,646,626,871827,12662,3115511,14037500
3740,642,670,871185,12634,3116181,14234500
3741,616,647,870569,12603,3116828,13738400
3742,627,639,869942,12591,3117467,13852700
3743,592,614,869350,12569,3118081,13626200
3744,643,672,868707,12540,3118753,13634500
3745,602,620,868105,12522,3119373,13745900
3746,628,658,867477,12492,3120031,13947300
3747,618,638,866859,12472,3120669,13940700
3748,608,610,866251,12470,3121279,14129400
3749,601,657,865650,12414,3121936,14104100
3750,613,645,865037,12382,3122581,13872000
3751,630,612,864407,12400,3123193,14076700
3752,588,648,863819,12340,3123841,13746000
3753,607,598,863212,12349,3124439,13667600
3754,587,624,862625,12312,3125063,14379100
3755,583,619,862042,12276,3125682,14380800
3756,617,605,861425,12288,3126287,14421500
3757,601,619,860824,12270,3126906,14248100
3758,582,643,860242,12209,3127549,14592900
3759,609,602,859633,12216,3128151,14078300
3760,583,626,859050,12173,3128777,13886000
3761,583,614,858467,12142,3129391,14074800
3762,579,618,857888,12103,3130009,13813500
3763,578,573,857310,12108,3130582,14072100
3764,608,605,856702,12111,3131187,14233700
3765,602,578,856100,12135,3131765,14198500
3766,635,605,855465,12165,3132370,14348400
3767,601,601,854864,12165,3132971,13989100
3768,590,583,854274,12172,3133554,14953200
3769,615,620,853659,12167,3134174,14272500
3770,624,598,853035,12193,3134772,13907200
3771,616,626,852419,12183,3135398,14085100
3772,568,640,851851,12111,3136038,14922600
3773,572,594,851279,12089,3136632,13995400
3774,581,613,850698,12057,3137245,13982200
3775,627,617,850071,12067,3137862,15179700
3776,543,574,849528,12036,3138436,13904900
3777,545,623,848983,11958,3139059,13627500
3778,571,640,848412,11889,3139699,13772500
3779,612,593,847800,11908,3140292,13741200
3780,587,578,847213,11917,3140870,13859700
3781,552,622,846661,11847,3141492,13945300
3782,562,641,846099,11768,3142133,13546800
3783,580,581,845519,11767,3142714,13825300
3784,560,578,844959,11749,3143292,13592100
3785,578,603,844381,11724,3143895,13499700
3786,630,539,843751,11815,3144434,13930600
3787,605,580,843146,11840,3145014,14487300
3788,597,573,842549,11864,3145587,13964800
3789,581,573,841968,11872,3146160,14378100
3790,585,599,841383,11858,3146759,14142900
3791,544,560,840839,11842,3147319,14697900
3792,593,602,840246,11833,3147921,14466000
3793,529,567,839717,11795,3148488,13666400
3794,564,542,839153,11817,3149030,13786200
3795,532,557,838621,11792,3149587,14389600
3796,572,612,838049,11752,3150199,14043700
3797,549,586,837500,11715,3150785,13861800
3798,584,614,836916,11685,3151399,13840000
3799,564,599,836352,11650,3151998,14239700
3800,563,583,835789,11630,3152581,13731900
3801,585,590,835204,11625,3153171,14069100
3802,558,580,834646,11603,3153751,14040000
3803,555,615,834091,11543,3154366,13857200
3804,545,565,833546,11523,3154931,14374300
3805,527,573,833019,11477,3155504,13503500
3806,589,562,832430,11504,3156066,14297600
3807,546,580,831884,11470,3156646,13504000
3808,564,604,831320,11430,3157250,13816300
3809,573,587,830747,11416,3157837,14051900
3810,551,585,830196,11382,3158422,13468500
3811,581,590,829615,11373,3159012,14000800
3812,576,581,829039,11368,3159593,13773900
3813,589,563,828450,11394,3160156,13530800
3814,594,627,827856,11361,3160783,13779400
3815,576,586,827280,11351,3161369,13805700
3816,629,558,826651,11422,3161927,14073600
3817,569,589,826082,11402,3162516,13874000
3818,599,558,825483,11443,3163074,13721100
3819,596,598,824887,11441,3163672,14029600
3820,562,624,824325,11379,3164296,13971100
3821,578,559,823747,11398,3164855,13901800
3822,565,554,823182,11409,3165409,13678900
3823,613,564,822569,11458,3165973,14090400
3824,549,557,822020,11450,3166530,13796200
3825,591,542,821429,11499,3167072,14468800
3826,552,589,820877,11462,3167661,13947500
3827,592,599,820285,11455,3168260,14041100
3828,581,577,819704,11459,3168837,14271300
3829,581,630,819123,11410,3169467,14085900
3830,511,568,818612,11353,3170035,13964900
3831,588,551,818024,11390,3170586,13605300
3832,589,580,817435,11399,3171166,13559800
3833,571,620,816864,11350,3171786,13608700
3834,564,554,816300,11360,3172340,14141500
3835,558,547,815742,11371,3172887,13919200
3836,559,584,815183,11346,3173471,14241300
3837,581,544,814602,11383,3174015,14353600
3838,533,553,814069,11363,3174568,13562900
3839,565,606,813504,11322,3175174,13559600
3840,488,565,813016,11245,3175739,13459700
3841,585,544,812431,11286,3176283,13535600
3842,526,549,811905,11263,3176832,14845800
3843,549,566,811356,11246,3177398,13784300
3844,514,572,810842,11188,3177970,13931800
3845,537,511,810305,11214,3178481,13365900
3846,517,520,809788,11211,3179001,13461700
3847,552,596,809236,11167,3179597,13755800
3848,564,555,808672,11176,3180152,13429400
3849,552,491,808120,11237,3180643,13785800
3850,542,590,807578,11189,3181233,16230400
3851,539,551,807039,11177,3181784,14188100
3852,567,532,806472,11212,3182316,14230800
3853,549,572,805923,11189,3182888,15398900
3854,573,592,805350,11170,3183480,14196000
3855,539,564,804811,11145,3184044,13887100
3856,586,517,804225,11214,3184561,13644300
3857,565,580,803660,11199,3185141,14018700
3858,552,560,803108,11191,3185701,13795400
3859,575,552,802533,11214,3186253,13875200
3860,534,543,801999,11205,3186796,13683300
3861,529,543,801470,11191,3187339,14059100
3862,553,535,800917,11209,3187874,14088700
3863,561,548,800356,11222,3188422,13699900
3864,531,571,799825,11182,3188993,13423700
3865,522,599,799303,11105,3189592,13814400
3866,547,562,798756,11090,3190154,13452400
3867,569,504,798187,11155,3190658,13664800
3868,530,561,797657,11124,3191219,14218500
3869,552,591,797105,11085,3191810,13613000
3870,542,564,796563,11063,3192374,13557400
3871,533,595,796030,11001,3192969,17290100
3872,563,559,795467,11005,3193528,13547000
3873,555,579,794912,10981,3194107,13794000
3874,570,530,794342,11021,3194637,13940600
3875,562,548,793780,11035,3195185,13786900
3876,540,552,793240,11023,3195737,13730500
3877,551,592,792689,10982,3196329,13507800
3878,573,523,792116,11032,3196852,13554200
3879,535,514,791581,11053,3197366,13915700
3880,509,527,791072,11035,3197893,13416500
3881,553,548,790519,11040,3198441,13982100
3882,582,549,789937,11073,3198990,13624000
3883,528,566,789409,11035,3199556,13646900
3884,510,537,788899,11008,3200093,13457100
3885,530,580,788369,10958,3200673,13816000
3886,576,507,787793,11027,3201180,13908600
3887,561,582,787232,11006,3201762,14318700
3888,574,536,786658,11044,3202298,13774200
3889,537,557,786121,11024,3202855,13869900
3890,532,600,785589,10956,3203455,14305600
3891,530,557,785059,10929,3204012,13494200
3892,509,542,784550,10896,3204554,14085500
3893,540,517,784010,10919,3205071,16596100
3894,535,536,783475,10918,3205607,17004900
3895,530,562,782945,10886,3206169,13588700
3896,528,547,782417,10867,3206716,13533500
3897,527,522,781890,10872,3207238,14024500
3898,541,543,781349,10870,3207781,13649400
3899,504,548,780845,10826,3208329,14102700
3900,520,536,780325,10810,3208865,13796800
3901,515,560,779810,10765,3209425,15567200
3902,525,496,779285,10794,3209921,16654700
3903,529,546,778756,10777,3210467,13884800
3904,541,540,778215,10778,3211007,13697700
3905,528,529,777687,10777,3211536,13634800
3906,535,597,777152,10715,3212133,13647900
3907,506,504,776646,10717,3212637,13829900
3908,498,534,776148,10681,3213171,13544600
3909,515,542,775633,10654,3213713,13712500
3910,530,506,775103,10678,3214219,13588300
3911,484,511,774619,10651,3214730,13930000
3912,462,509,774157,10604,3215239,14363400
3913,475,533,773682,10546,3215772,13591700
3914,509,544,773173,10511,3216316,13739400
3915,494,512,772679,10493,3216828,15159400
3916,497,550,772182,10440,3217378,13675700
3917,487,528,771695,10399,3217906,13488400
3918,481,485,771214,10395,3218391,13551000
3919,500,513,770714,10382,3218904,13445500
3920,483,539,770231,10326,3219443,13454100
3921,492,504,769739,10314,3219947,13496300
3922,478,516,769261,10276,3220463,13412500
3923,472,520,768789,10228,3220983,13559300
3924,524,494,768265,10258,3221477,13371900
3925,477,505,767788,10230,3221982,13665200
3926,442,514,767346,10158,3222496,13426200
3927,523,452,766823,10229,3222948,14000400
3928,501,495,766322,10235,3223443,13689600
3929,513,532,765809,10216,3223975,13899700
3930,458,483,765351,10191,3224458,15964500
3931,482,491,764869,10182,3224949,13910200
3932,492,519,764377,10155,3225468,14412700
3933,471,530,763906,10096,3225998,13724000
3934,473,486,763433,10083,3226484,13973200
3935,497,523,762936,10057,3227007,14067700
3936,496,533,762440,10020,3227540,13880400
3937,488,480,761952,10028,3228020,13807700
3938,475,475,761477,10028,3228495,13812800
3939,470,515,761007,9983,3229010,14431800
3940,486,473,760521,9996,3229483,13662300
3941,488,513,760033,9971,3229996,13649500
3942,481,495,759552,9957,3230491,13663700
3943,445,467,759107,9935,3230958,13927500
3944,450,513,758657,9872,3231471,14409200
3945,485,516,758172,9841,3231987,13734900
3946,448,481,757724,9808,3232468,13666000
3947,395,491,757329,9712,3232959,13770100
3948,415,488,756914,9639,3233447,13875600
3949,433,491,756481,9581,3233938,13794200
3950,474,466,756007,9589,3234404,13408000
3951,426,493,755581,9522,3234897,13484800
3952,466,488,755115,9500,3235385,13723200
3953,461,505,754654,9456,3235890,13791500
3954,424,463,754230,9417,3236353,13385300
3955,440,492,753790,9365,3236845,13657400
3956,455,466,753335,9354,3237311,13296000
3957,440,500,752895,9294,3237811,13295200
3958,443,446,752452,9291,3238257,13748200
3959,472,472,751980,9291,3238729,13590800
3960,431,475,751549,9247,3239204,13891300
3961,461,470,751088,9238,3239674,13642300
3962,428,455,750660,9211,3240129,13233300
3963,441,449,750219,9203,3240578,13750300
3964,477,459,749742,9221,3241037,13448800
3965,473,465,749269,9229,3241502,13345900
3966,459,463,748810,9225,3241965,13710000
3967,488,451,748322,9262,3242416,14262300
3968,447,482,747875,9227,3242898,14893700
3969,459,497,747416,9189,3243395,13802400
3970,443,471,746973,9161,3243866,13357500
3971,490,445,746483,9206,3244311,13768000
3972,460,448,746023,9218,3244759,13236600
3973,465,446,745558,9237,3245205,13919600
3974,440,442,745118,9235,3245647,13825200
3975,425,436,744693,9224,3246083,13762000
3976,441,478,744252,9187,3246561,13979600
3977,467,452,743785,9202,3247013,13750900
3978,446,457,743339,9191,3247470,13626300
3979,464,483,742875,9172,3247953,14018600
3980,461,468,742414,9165,3248421,13409100
3981,437,465,741977,9137,3248886,13914800
3982,418,433,741559,9122,3249319,13380800
3983,458,448,741101,9132,3249767,13668600
3984,464,461,740637,9135,3250228,13590200
3985,453,459,740184,9129,3250687,13364500
3986,454,429,739730,9154,3251116,13392600
3987,440,460,739290,9134,3251576,13415200
3988,459,448,738831,9145,3252024,13773400
3989,488,455,738343,9178,3252479,13435400
3990,466,440,737877,9204,3252919,13356800
3991,504,475,737373,9233,3253394,13712000
3992,457,464,736916,9226,3253858,13804900
3993,464,482,736452,9208,3254340,13968400
3994,437,462,736015,9183,3254802,14323400
3995,440,438,735575,9185,3255240,14850500
3996,444,444,735131,9185,3255684,13751100
3997,467,443,734664,9209,3256127,13641900
3998,443,484,734221,9168,3256611,13689600
3999,463,494,733758,9137,3257105,13285100
4000,406,427,733352,9116,3257532,13426000
4001,395,410,732957,9101,3257942,13419300
4002,422,486,732535,9037,3258428,13537300
4003,463,459,732072,9041,3258887,13866400
4004,411,425,731661,9027,3259312,13778300
4005,407,490,731254,8944,3259802,13441900
4006,437,462,730817,8919,3260264,13867400
4007,474,431,730343,8962,3260695,13369400
4008,421,454,729922,8929,3261149,13393600
4009,451,466,729471,8914,3261615,13620800
4010,455,456,729016,8913,3262071,13481000
4011,420,439,728596,8894,3262510,13323300
4012,407,421,728189,8880,3262931,13628000
4013,429,422,727760,8887,3263353,13513600
4014,427,460,727333,8854,3263813,13733200
4015,436,421,726897,8869,3264234,13518000
4016,395,434,726502,8830,3264668,13870300
4017,433,431,726069,8832,3265099,13700600
4018,443,456,725626,8819,3265555,13319900
4019,402,448,725224,8773,3266003,13225700
4020,446,437,724778,8782,3266440,13642400
4021,414,431,724364,8765,3266871,13627000
4022,417,414,723947,8768,3267285,14297200
4023,413,457,723534,8724,3267742,13984400
4024,395,433,723139,8686,3268175,16566000
4025,395,435,722744,8646,3268610,14047900
4026,407,451,722337,8602,3269061,14005500
4027,417,424,721920,8595,3269485,14309900
4028,400,431,721520,8564,3269916,13525400
4029,417,450,721103,8531,3270366,14815700
4030,398,394,720705,8535,3270760,13749000
4031,437,433,720268,8539,3271193,13663700
4032,453,449,719815,8543,3271642,13607200
4033,403,422,719412,8524,3272064,13546700
4034,437,472,718975,8489,3272536,13224900
4035,446,415,718529,8520,3272951,13206400
4036,422,436,718107,8506,3273387,13276700
4037,431,432,717676,8505,3273819,13486100
4038,434,422,717242,8517,3274241,13663000
4039,429,411,716813,8535,3274652,13259000
4040,452,433,716361,8554,3275085,13506100
4041,413,436,715948,8531,3275521,13692600
4042,422,440,715526,8513,3275961,14608800
4043,443,457,715083,8499,3276418,13197500
4044,449,458,714634,8490,3276876,13767500
4045,435,437,714199,8488,3277313,13457800
4046,447,426,713752,8509,3277739,14964000
4047,431,439,713321,8501,3278178,15422700
4048,426,444,712895,8483,3278622,15404300
4049,449,441,712446,8491,3279063,14742700
4050,417,408,712029,8500,3279471,14359000
4051,442,433,711587,8509,3279904,14083500
4052,447,405,711140,8551,3280309,13882700
4053,458,438,710682,8571,3280747,13699400
4054,434,416,710248,8589,3281163,13624200
4055,467,404,709781,8652,3281567,13646600
4056,458,418,709323,8692,3281985,14775200
4057,465,450,708858,8707,3282435,13665300
4058,491,428,708367,8770,3282863,13349500
4059,479,432,707888,8817,3283295,13383300
4060,521,437,707367,8901,3283732,13882600
4061,458,444,706909,8915,3284176,13844000
4062,422,448,706487,8889,3284624,13683600
4063,456,460,706031,8885,3285084,13601900
4064,452,436,705579,8901,3285520,13576400
4065,431,456,705148,8876,3285976,13856900
4066,436,418,704712,8894,3286394,13603000
4067,444,490,704268,8848,3286884,13685500
4068,429,413,703839,8864,3287297,14593400
4069,420,435,703419,8849,3287732,13578900
4070,405,433,703014,8821,3288165,13801400
4071,455,464,702559,8812,3288629,13494900
4072,425,465,702134,8772,3289094,13859300
4073,424,428,701710,8768,3289522,13382100
4074,466,455,701244,8779,3289977,13496500
4075,430,420,700814,8789,3290397,13432700
4076,475,454,700339,8810,3290851,13312200
4077,400,449,699939,8761,3291300,13295100
4078,440,387,699499,8814,3291687,13229000
4079,416,458,699083,8772,3292145,13332700
4080,431,472,698652,8731,3292617,13320500
4081,398,465,698254,8664,3293082,13573500
4082,415,433,697839,8646,3293515,13214600
4083,447,444,697392,8649,3293959,13520900
4084,464,417,696928,8696,3294376,13917600
4085,426,454,696502,8668,3294830,13472900
4086,439,439,696063,8668,3295269,13362600
4087,436,386,695627,8718,3295655,13914500
4088,464,447,695163,8735,3296102,13764100
4089,406,396,694757,8745,3296498,14695500
4090,415,454,694342,8706,3296952,14442800
4091,417,397,693925,8726,3297349,13691100
4092,407,458,693518,8675,3297807,13611600
4093,432,407,693086,8700,3298214,13986200
4094,426,430,692660,8696,3298644,15047500
4095,425,423,692235,8698,3299067,13347400
4096,432,438,691803,8692,3299505,14102300
4097,401,463,691402,8630,3299968,13448300
4098,427,454,690975,8603,3300422,14236000
4099,451,469,690524,8585,3300891,13622000
4100,415,428,690109,8572,3301319,13705000
4101,437,413,689672,8596,3301732,13910500
4102,394,438,689278,8552,3302170,14014500
4103,392,416,688886,8528,3302586,13376100
4104,417,400,688469,8545,3302986,13470500
4105,415,423,688054,8537,3303409,14350800
4106,412,447,687642,8502,3303856,13204700
4107,423,401,687219,8524,3304257,15432600
4108,401,444,686818,8481,3304701,14313200
4109,402,432,686416,8451,3305133,13851500
4110,429,434,685987,8446,3305567,13672100
4111,388,395,685599,8439,3305962,13864000
4112,405,399,685194,8445,3306361,14011500
4113,383,382,684811,8446,3306743,14462800
4114,425,388,684386,8483,3307131,13959200
4115,425,441,683961,8467,3307572,13837900
4116,377,457,683584,8387,3308029,14967100
4117,407,391,683177,8403,3308420,14689600
4118,393,448,682784,8348,3308868,15112500
4119,384,426,682400,8306,3309294,15398300
4120,400,422,682000,8284,3309716,16246200
4121,371,425,681629,8230,3310141,14054600
4122,373,406,681256,8197,3310547,13816500
4123,403,416,680853,8184,3310963,14180800
4124,389,383,680464,8190,3311346,14612900
4125,384,409,680080,8165,3311755,13681200
4126,372,394,679708,8143,3312149,14158000
4127,401,435,679307,8109,3312584,13938000
4128,374,385,678933,8098,3312969,13521900
4129,372,427,678561,8043,3313396,14034000
4130,351,411,678210,7983,3313807,13296600
4131,367,408,677843,7942,3314215,13221600
4132,399,386,677444,7955,3314601,13458100
4133,396,414,677048,7937,3315015,13607700
4134,409,406,676639,7940,3315421,13379600
4135,375,402,676264,7913,3315823,13770800
4136,415,377,675849,7951,3316200,13517000
4137,398,416,675451,7933,3316616,13992900
4138,402,398,675049,7937,3317014,13630600
4139,423,415,674626,7945,3317429,13598500
4140,414,422,674212,7937,3317851,13441300
4141,410,424,673802,7923,3318275,13431300
4142,396,378,673406,7941,3318653,13553700
4143,401,380,673005,7962,3319033,13406800
4144,382,397,672623,7947,3319430,14335400
4145,387,394,672236,7940,3319824,13201900
4146,403,404,671833,7939,3320228,13281900
4147,384,403,671449,7920,3320631,13209500
4148,374,380,671075,7914,3321011,13174500
4149,387,355,670688,7946,3321366,13495400
4150,379,412,670309,7913,3321778,13718000
4151,403,383,669906,7933,3322161,13425300
4152,384,399,669522,7918,3322560,13483600
4153,404,403,669118,7919,3322963,13459200
4154,409,402,668709,7926,3323365,13460900
4155,396,403,668313,7919,3323768,13293700
4156,379,367,667934,7931,3324135,14257700
4157,445,405,667489,7971,3324540,13782000
4158,363,381,667126,7953,3324921,13428400
4159,402,420,666724,7935,3325341,13963400
4160,408,402,666316,7941,3325743,16340800
4161,379,400,665937,7920,3326143,13206600
4162,401,408,665536,7913,3326551,13681900
4163,425,409,665111,7929,3326960,13474800
4164,369,411,664742,7887,3327371,13351700
4165,408,373,664334,7922,3327744,13537600
4166,389,387,663945,7924,3328131,13648300
4167,390,370,663555,7944,3328501,13459600
4168,377,405,663178,7916,3328906,13314000
4169,402,355,662776,7963,3329261,13494700
4170,402,410,662374,7955,3329671,13515200
4171,412,398,661962,7969,3330069,13651300
4172,415,381,661547,8003,3330450,13463600
4173,392,401,661155,7994,3330851,13221700
4174,408,379,660747,8023,3331230,13724900
4175,434,372,660313,8085,3331602,13586100
4176,403,408,659910,8080,3332010,13187400
4177,392,401,659518,8071,3332411,13173800
4178,381,393,659137,8059,3332804,13150600
4179,417,398,658720,8078,3333202,13110100
4180,385,405,658335,8058,3333607,13155100
4181,381,396,657954,8043,3334003,13287300
4182,453,422,657501,8074,3334425,13146600
4183,369,400,657132,8043,3334825,13163000
4184,422,384,656710,8081,3335209,13150500
4185,390,377,656320,8094,3335586,13602700
4186,377,417,655943,8054,3336003,14065000
4187,397,388,655546,8063,3336391,14187900
4188,386,370,655160,8079,3336761,14349400
4189,387,369,654773,8097,3337130,13800300
4190,400,387,654373,8110,3337517,13951500
4191,416,423,653957,8103,3337940,13611200
4192,406,417,653551,8092,3338357,14188700
4193,401,375,653150,8118,3338732,14759000
4194,391,403,652759,8106,3339135,14981800
4195,437,396,652322,8147,3339531,14093300
4196,406,412,651916,8141,3339943,14903700
4197,425,430,651491,8136,3340373,14992900
4198,407,382,651084,8161,3340755,15161600
4199,369,421,650715,8109,3341176,13789400
4200,419,395,650296,8133,3341571,14428400
4201,385,359,649911,8159,3341930,14894100
4202,384,376,649527,8167,3342306,16449400
4203,400,398,649127,8169,3342704,14799200
4204,421,438,648706,8152,3343142,16111600
4205,415,436,648291,8131,3343578,14906100
4206,426,375,647865,8182,3343953,13729400
4207,418,389,647447,8211,3344342,13720000
4208,397,424,647050,8184,3344766,13724600
4209,438,397,646612,8225,3345163,13393100
4210,424,424,646188,8225,3345587,13198500
4211,419,429,645769,8215,3346016,13188900
4212,386,439,645383,8162,3346455,13301300
4213,388,394,644995,8156,3346849,13167500
4214,395,397,644600,8154,3347246,13642600
4215,416,418,644184,8152,3347664,13607100
4216,369,404,643815,8117,3348068,13583100
4217,392,412,643423,8097,3348480,13638500
4218,392,384,643031,8105,3348864,13592200
4219,368,391,642663,8082,3349255,13877100
4220,359,413,642304,8028,3349668,13520000
4221,374,382,641930,8020,3350050,13787200
4222,417,418,641513,8019,3350468,13808300
4223,390,380,641123,8029,3350848,13610500
4224,392,400,640731,8021,3351248,13715200
4225,401,391,640330,8031,3351639,13735800
4226,368,385,639962,8014,3352024,13524700
4227,405,378,639557,8041,3352402,13706900
4228,375,413,639182,8003,3352815,13277900
4229,417,367,638765,8053,3353182,14796500
4230,406,413,638359,8046,3353595,13724500
4231,401,370,637958,8077,3353965,13943100
4232,381,405,637577,8053,3354370,13775400
4233,356,370,637221,8039,3354740,13347300
4234,378,405,636843,8012,3355145,13765300
4235,373,403,636470,7982,3355548,13278900
4236,410,370,636060,8022,3355918,13696900
4237,406,381,635654,8047,3356299,13758000
4238,425,413,635229,8059,3356712,13928400
4239,381,374,634848,8066,3357086,13716900
4240,408,395,634440,8079,3357481,13771300
4241,402,379,634038,8102,3357860,13553500
4242,381,411,633657,8072,3358271,13415700
4243,409,386,633248,8095,3358657,13380100
4244,371,401,632877,8065,3359058,13632700
4245,423,388,632454,8100,3359446,13541900
4246,381,397,632073,8084,3359843,13243000
4247,365,421,631708,8028,3360264,13130000
4248,386,426,631322,7988,3360690,13156300
4249,390,399,630932,7979,3361089,13261900
4250,353,420,630579,7912,3361509,13092400
4251,358,408,630221,7862,3361917,13464400
4252,378,383,629843,7857,3362300,13097300
4253,396,390,629447,7863,3362690,13411700
4254,401,423,629046,7841,3363113,13576000
4255,391,406,628655,7826,3363519,13513900
4256,368,373,628287,7821,3363892,13179600
4257,372,383,627915,7810,3364275,13489300
4258,351,417,627564,7744,3364692,13209200
4259,336,366,627228,7714,3365058,13664800
4260,377,379,626851,7712,3365437,13710300
4261,354,376,626497,7690,3365813,13546400
4262,365,357,626132,7698,3366170,13400100
4263,339,401,625793,7636,3366571,13329200
4264,351,370,625442,7617,3366941,13422700
4265,362,358,625080,7621,3367299,13885600
4266,361,373,624719,7609,3367672,13652200
4267,385,375,624334,7619,3368047,14566700
4268,326,406,624008,7539,3368453,14456600
4269,361,367,623647,7533,3368820,13725900
4270,400,373,623247,7560,3369193,15283800
4271,359,353,622888,7566,3369546,14633800
4272,377,360,622511,7583,3369906,14265100
4273,367,394,622144,7556,3370300,13750200
4274,371,374,621773,7553,3370674,14512800
4275,378,410,621395,7521,3371084,14221200
4276,348,376,621047,7493,3371460,16415000
4277,378,397,620669,7474,3371857,15878000
4278,350,357,620319,7467,3372214,15351300
4279,375,413,619944,7429,3372627,13773700
4280,334,359,619610,7404,3372986,14544000
4281,355,370,619255,7389,3373356,14610400
4282,354,383,618901,7360,3373739,14783500
4283,338,404,618563,7294,3374143,14083300
4284,335,350,618228,7279,3374493,14350100
4285,356,336,617872,7299,3374829,14100700
4286,345,350,617527,7294,3375179,14249500
4287,362,378,617165,7278,3375557,15182800
4288,356,370,616809,7264,3375927,14075600
4289,384,351,616425,7297,3376278,14104100
4290,338,337,616087,7298,3376615,14404800
4291,360,397,615727,7261,3377012,13345400
4292,360,390,615367,7231,3377402,16453800
4293,338,379,615029,7190,3377781,14118700
4294,357,363,614672,7184,3378144,13438000
4295,334,374,614338,7144,3378518,14343000
4296,329,383,614009,7090,3378901,13273700
4297,335,347,613674,7078,3379248,13903200
4298,330,359,613344,7049,3379607,13676200
4299,317,347,613027,7019,3379954,13848100
4300,373,352,612654,7040,3380306,13841700
4301,395,332,612259,7103,3380638,13888400
4302,341,320,611918,7124,3380958,14137300
4303,358,358,611560,7124,3381316,13958700
4304,345,350,611215,7119,3381666,13815200
4305,375,372,610840,7122,3382038,13367800
4306,364,366,610476,7120,3382404,14596300
4307,347,339,610129,7128,3382743,13802700
4308,366,311,609763,7183,3383054,13854400
4309,373,360,609390,7196,3383414,13407300
4310,339,316,609051,7219,3383730,13865600
4311,343,337,608708,7225,3384067,13713600
4312,362,350,608346,7237,3384417,13962000
4313,382,355,607964,7264,3384772,13595600
4314,380,369,607584,7275,3385141,13576200
4315,360,370,607224,7265,3385511,13844600
4316,361,357,606863,7269,3385868,13472400
4317,386,364,606477,7291,3386232,13827100
4318,353,368,606124,7276,3386600,13145600
4319,364,361,605760,7279,3386961,13856300
4320,389,380,605371,7288,3387341,13489700
4321,364,354,605007,7298,3387695,13358400
4322,385,322,604622,7361,3388017,14107900
4323,339,370,604283,7330,3388387,13796400
4324,387,368,603896,7349,3388755,13213300
4325,362,391,603534,7320,3389146,13349400
4326,360,367,603174,7313,3389513,13514100
4327,345,364,602829,7294,3389877,13416700
4328,358,366,602471,7286,3390243,13538700
4329,366,382,602105,7270,3390625,13418800
4330,374,353,601731,7291,3390978,13120100
4331,341,348,601390,7284,3391326,13771900
4332,355,363,601035,7276,3391689,13803400
4333,401,364,600634,7313,3392053,13526700
4334,363,356,600271,7320,3392409,13656900
4335,367,367,599904,7320,3392776,14115100
4336,374,333,599530,7361,3393109,13782200
4337,351,359,599179,7353,3393468,13494400
4338,360,375,598819,7338,3393843,13574000
4339,362,386,598457,7314,3394229,13193800
4340,353,379,598104,7288,3394608,13486900
4341,393,322,597711,7359,3394930,13746800
4342,379,377,597332,7361,3395307,13952300
4343,356,385,596976,7332,3395692,13185800
4344,343,393,596633,7282,3396085,13301700
4345,362,353,596271,7291,3396438,13719600
4346,353,347,595918,7297,3396785,13077200
4347,396,349,595522,7344,3397134,13078500
4348,354,377,595168,7321,3397511,13196600
4349,371,339,594797,7353,3397850,13133900
4350,395,337,594402,7411,3398187,13133600
4351,384,391,594018,7404,3398578,13304200
4352,380,374,593638,7410,3398952,13311300
4353,358,359,593280,7409,3399311,13516500
4354,378,383,592902,7404,3399694,13924300
4355,393,379,592509,7418,3400073,13316300
4356,380,370,592129,7428,3400443,13084800
4357,372,366,591757,7434,3400809,13329900
4358,350,367,591407,7417,3401176,13363100
4359,395,359,591012,7453,3401535,13425300
4360,376,384,590636,7445,3401919,13422200
4361,351,409,590285,7387,3402328,13575600
4362,379,354,589906,7412,3402682,13360200
4363,375,370,589531,7417,3403052,13340300
4364,364,377,589167,7404,3403429,13602100
4365,353,379,588814,7378,3403808,13453900
4366,377,346,588437,7409,3404154,13426800
4367,370,386,588067,7393,3404540,13398300
4368,371,371,587696,7393,3404911,13420900
4369,390,379,587306,7404,3405290,13444100
4370,382,372,586924,7414,3405662,13597600
4371,344,365,586580,7393,3406027,13581000
4372,351,375,586229,7369,3406402,13598600
4373,395,400,585834,7364,3406802,13756400
4374,364,389,585470,7339,3407191,14704500
4375,385,370,585085,7354,3407561,14104700
4376,394,350,584691,7398,3407911,13843200
4377,373,371,584318,7400,3408282,14573200
4378,339,363,583979,7376,3408645,15194300
4379,361,380,583618,7357,3409025,13868200
4380,361,377,583257,7341,3409402,13374400
4381,377,388,582880,7330,3409790,13881900
4382,372,383,582508,7319,3410173,17252900
4383,346,313,582162,7352,3410486,13769400
4384,377,400,581785,7329,3410886,13215700
4385,378,363,581407,7344,3411249,13097400
4386,379,366,581028,7357,3411615,13516700
4387,370,411,580658,7316,3412026,13546500
4388,335,330,580323,7321,3412356,14042000
4389,399,332,579924,7388,3412688,13231800
4390,384,392,579540,7380,3413080,13235300
4391,376,360,579164,7396,3413440,13266100
4392,386,370,578778,7412,3413810,13196000
4393,365,374,578413,7403,3414184,13333700
4394,377,351,578036,7429,3414535,13266100
4395,370,374,577666,7425,3414909,13511100
4396,379,369,577287,7435,3415278,13466900
4397,341,348,576946,7428,3415626,13506000
4398,358,366,576588,7420,3415992,13229000
4399,377,361,576211,7436,3416353,13109100
4400,372,352,575839,7456,3416705,13101500
4401,384,363,575455,7477,3417068,13181400
4402,368,377,575087,7468,3417445,13254400
4403,389,385,574698,7472,3417830,13654100
4404,377,367,574321,7482,3418197,13642600
4405,392,398,573929,7476,3418595,13811800
4406,404,386,573525,7494,3418981,13345900
4407,380,355,573145,7519,3419336,13459400
4408,376,384,572769,7511,3419720,13236600
4409,366,385,572403,7492,3420105,14125500
4410,384,376,572019,7500,3420481,17071400
4411,358,364,571661,7494,3420845,14656000
4412,350,372,571311,7472,3421217,13376900
4413,360,381,570951,7451,3421598,13222300
4414,369,369,570582,7451,3421967,13381100
4415,352,366,570230,7437,3422333,13719200
4416,348,366,569882,7419,3422699,13453300
4417,347,365,569535,7401,3423064,14635000
4418,377,364,569158,7414,3423428,13493300
4419,351,389,568807,7376,3423817,14158400
4420,323,353,568484,7346,3424170,13819000
4421,315,377,568169,7284,3424547,14497300
4422,327,325,567842,7286,3424872,14274000
4423,352,391,567490,7247,3425263,14369400
4424,338,375,567152,7210,3425638,14967800
4425,315,344,566837,7181,3425982,14848400
4426,333,357,566504,7157,3426339,15496400
4427,333,361,566171,7129,3426700,15115100
4428,364,359,565807,7134,3427059,14117100
4429,364,346,565443,7152,3427405,13746500
4430,343,360,565100,7135,3427765,14006400
4431,342,381,564758,7096,3428146,14091900
4432,329,361,564429,7064,3428507,13783300
4433,366,327,564063,7103,3428834,14118200
4434,347,358,563716,7092,3429192,14234400
4435,339,346,563377,7085,3429538,13976900
4436,368,368,563009,7085,3429906,13905700
4437,341,374,562668,7052,3430280,14602300
4438,341,370,562327,7023,3430650,14650900
4439,350,359,561977,7014,3431009,14682200
4440,350,331,561627,7033,3431340,14243000
4441,349,339,561278,7043,3431679,14416700
4442,361,358,560917,7046,3432037,14625300
4443,346,362,560571,7030,3432399,13611700
4444,402,368,560169,7064,3432767,13738300
4445,355,368,559814,7051,3433135,13559700
4446,382,342,559432,7091,3433477,14012700
4447,352,336,559080,7107,3433813,14178600
4448,355,346,558725,7116,3434159,13386600
4449,307,361,558418,7062,3434520,13396500
4450,344,353,558074,7053,3434873,13508600
4451,345,352,557729,7046,3435225,13285300
4452,342,334,557387,7054,3435559,13078100
4453,338,377,557049,7015,3435936,13089200
4454,369,341,556680,7043,3436277,13526300
4455,358,318,556322,7083,3436595,13612800
4456,365,315,555957,7133,3436910,13824200
4457,326,350,555631,7109,3437260,13599000
4458,345,339,555286,7115,3437599,14016800
4459,322,349,554964,7088,3437948,13723100
4460,305,367,554659,7026,3438315,13746700
4461,325,387,554334,6964,3438702,16277200
4462,362,352,553972,6974,3439054,13539300
4463,330,359,553642,6945,3439413,13473000
4464,348,330,553294,6963,3439743,13291400
4465,350,358,552944,6955,3440101,13686300
4466,310,369,552634,6896,3440470,14984100
4467,333,370,552301,6859,3440840,15153400
4468,335,320,551966,6874,3441160,13399400
4469,346,339,551620,6881,3441499,13777600
4470,325,342,551295,6864,3441841,13274500
4471,327,350,550968,6841,3442191,13052400
4472,343,336,550625,6848,3442527,14238800
4473,354,357,550271,6845,3442884,13108300
4474,357,366,549914,6836,3443250,13076400
4475,331,357,549583,6810,3443607,13105600
4476,332,354,549251,6788,3443961,13085800
4477,340,337,548911,6791,3444298,13098300
4478,356,361,548555,6786,3444659,13310900
4479,358,322,548197,6822,3444981,13291700
4480,349,340,547848,6831,3445321,13244000
4481,346,332,547502,6845,3445653,14018100
4482,327,322,547175,6850,3445975,13600900
4483,316,348,546859,6818,3446323,13701300
4484,331,350,546528,6799,3446673,13267600
4485,300,320,546228,6779,3446993,13129800
4486,351,368,545877,6762,3447361,13376800
4487,348,354,545529,6756,3447715,13283500
4488,365,338,545164,6783,3448053,13863100
4489,333,303,544831,6813,3448356,13759500
4490,354,336,544477,6831,3448692,13210800
4491,342,313,544135,6860,3449005,13048700
4492,383,337,543752,6906,3449342,13068400
4493,344,330,543408,6920,3449672,13006100
4494,314,343,543094,6891,3450015,13207600
4495,362,364,542732,6889,3450379,13666400
4496,322,394,542410,6817,3450773,13358600
4497,352,329,542058,6840,3451102,13102400
4498,300,362,541758,6778,3451464,13031700
4499,316,328,541442,6766,3451792,13034600
4500,353,338,541089,6781,3452130,13428700
4501,352,324,540737,6809,3452454,13433900
4502,328,365,540409,6772,3452819,13196900
4503,301,339,540108,6734,3453158,13467300
4504,324,342,539784,6716,3453500,13340800
4505,338,326,539446,6728,3453826,13330000
4506,324,344,539122,6708,3454170,13185600
4507,319,332,538803,6695,3454502,13030300
4508,346,324,538457,6717,3454826,12987200
4509,324,299,538133,6742,3455125,13084800
4510,316,366,537817,6692,3455491,13150100
4511,311,328,537506,6675,3455819,13073100
4512,369,325,537137,6719,3456144,13811000
4513,329,323,536808,6725,3456467,13377700
4514,306,302,536502,6729,3456769,13478200
4515,319,347,536183,6701,3457116,13529000
4516,354,343,535829,6712,3457459,13882700
4517,368,354,535461,6726,3457813,13289400
4518,347,337,535114,6736,3458150,13696500
4519,320,308,534794,6748,3458458,13136400
4520,325,317,534469,6756,3458775,13492800
4521,303,306,534166,6753,3459081,13319200
4522,317,343,533849,6727,3459424,13154300
4523,342,359,533507,6710,3459783,13270400
4524,365,355,533142,6720,3460138,13593400
4525,334,341,532808,6713,3460479,13209200
4526,333,291,532475,6755,3460770,13076500
4527,316,338,532159,6733,3461108,13360200
4528,347,358,531812,6722,3461466,13357700
4529,344,326,531468,6740,3461792,13020900
4530,340,330,531128,6750,3462122,13094500
4531,348,319,530780,6779,3462441,13014600
4532,338,370,530442,6747,3462811,13014600
4533,314,367,530128,6694,3463178,13064100
4534,298,338,529830,6654,3463516,13463400
4535,323,335,529507,6642,3463851,13584800
4536,310,327,529197,6625,3464178,13046200
4537,305,338,528892,6592,3464516,13020500
4538,298,335,528594,6555,3464851,13089100
4539,302,329,528292,6528,3465180,13343600
4540,306,347,527986,6487,3465527,13381000
4541,294,346,527692,6435,3465873,13482300
4542,332,302,527360,6465,3466175,13446800
4543,292,326,527068,6431,3466501,13311700
4544,314,318,526754,6427,3466819,13510900
4545,300,296,526454,6431,3467115,13035000
4546,325,333,526129,6423,3467448,13206900
4547,334,346,525795,6411,3467794,16287100
4548,325,355,525470,6381,3468149,14362300
4549,295,294,525175,6382,3468443,18502900
4550,354,333,524821,6403,3468776,16354100
4551,322,317,524499,6408,3469093,15966900
4552,315,320,524184,6403,3469413,14699000
4553,288,310,523896,6381,3469723,16313100
4554,290,319,523606,6352,3470042,14067100
4555,322,333,523284,6341,3470375,14944700
4556,358,300,522926,6399,3470675,16137600
4557,311,309,522615,6401,3470984,13950600
4558,336,314,522279,6423,3471298,13992200
4559,332,327,521947,6428,3471625,16775200
4560,312,328,521635,6412,3471953,14082000
4561,313,333,521322,6392,3472286,13710100
4562,316,340,521006,6368,3472626,13382800
4563,325,324,520681,6369,3472950,13102900
4564,339,310,520342,6398,3473260,12991000
4565,328,324,520014,6402,3473584,13004000
4566,287,298,519727,6391,3473882,13003300
4567,349,328,519378,6412,3474210,13029300
4568,331,324,519047,6419,3474534,13081500
4569,306,311,518741,6414,3474845,13996600
4570,306,305,518435,6415,3475150,13346000
4571,332,324,518103,6423,3475474,12982800
4572,359,363,517744,6419,3475837,13467000
4573,328,317,517416,6430,3476154,13521000
4574,339,323,517077,6446,3476477,13593000
4575,297,334,516780,6409,3476811,13304200
4576,339,296,516441,6452,3477107,13466000
4577,295,304,516146,6443,3477411,13833700
4578,306,314,515840,6435,3477725,13668800
4579,304,341,515536,6398,3478066,13498000
4580,316,318,515220,6396,3478384,13176100
4581,317,321,514903,6392,3478705,13003800
4582,317,326,514586,6383,3479031,13025600
4583,285,311,514301,6357,3479342,13884400
4584,315,322,513986,6350,3479664,13160400
4585,316,314,513670,6352,3479978,13356900
4586,357,337,513313,6372,3480315,13110700
4587,310,335,513003,6347,3480650,13639400
4588,300,308,512703,6339,3480958,13878100
4589,294,339,512409,6294,3481297,12986900
4590,303,317,512106,6280,3481614,12943500
4591,291,350,511815,6221,3481964,12943100
4592,322,315,511493,6228,3482279,13716800
4593,351,320,511142,6259,3482599,14528100
4594,337,335,510805,6261,3482934,16887200
4595,312,310,510493,6263,3483244,16103900
4596,334,323,510159,6274,3483567,13128000
4597,328,345,509831,6257,3483912,13980300
4598,312,324,509519,6245,3484236,13334800
4599,318,304,509201,6259,3484540,13314500
4600,328,351,508873,6236,3484891,13305300
4601,326,319,508547,6243,3485210,13095400
4602,300,299,508247,6244,3485509,13437700
4603,340,313,507907,6271,3485822,13465400
4604,317,309,507590,6279,3486131,13053100
4605,319,342,507271,6256,3486473,13325800
4606,330,310,506941,6276,3486783,13751300
4607,331,294,506610,6313,3487077,13380600
4608,323,289,506287,6347,3487366,13192300
4609,314,315,505973,6346,3487681,13082800
4610,334,310,505639,6370,3487991,12980300
4611,339,339,505300,6370,3488330,14580900
4612,317,340,504983,6347,3488670,14289500
4613,315,324,504668,6338,3488994,13378900
4614,306,293,504362,6351,3489287,13274800
4615,334,318,504028,6367,3489605,13316100
4616,302,333,503726,6336,3489938,14268900
4617,321,285,503405,6372,3490223,14439900
4618,312,332,503093,6352,3490555,13309700
4619,343,309,502750,6386,3490864,13352700
4620,349,307,502401,6428,3491171,15139700
4621,327,288,502074,6467,3491459,15081800
4622,333,287,501741,6513,3491746,14578300
4623,341,337,501400,6517,3492083,14472700
4624,321,320,501079,6518,3492403,14305000
4625,320,335,500759,6503,3492738,13692200
4626,330,307,500429,6526,3493045,14557600
4627,328,296,500101,6558,3493341,16146500
4628,329,307,499772,6580,3493648,17560400
4629,314,332,499458,6562,3493980,15982000
4630,362,316,499096,6608,3494296,13642700
4631,360,316,498736,6652,3494612,14185200
4632,315,281,498421,6686,3494893,13919200
4633,334,340,498087,6680,3495233,14176400
4634,330,352,497757,6658,3495585,14425600
4635,294,346,497463,6606,3495931,14756400
4636,306,314,497157,6598,3496245,14776500
4637,331,328,496826,6601,3496573,15162300
4638,314,295,496512,6620,3496868,14239300
4639,313,320,496199,6613,3497188,16344400
4640,296,366,495903,6543,3497554,14226100
4641,338,326,495565,6555,3497880,15031200
4642,320,331,495245,6544,3498211,18520400
4643,299,317,494946,6526,3498528,16563200
4644,326,323,494620,6529,3498851,17863800
4645,334,308,494286,6555,3499159,15333400
4646,309,318,493977,6546,3499477,14821000
4647,320,340,493657,6526,3499817,15513900
4648,315,356,493342,6485,3500173,15863800
4649,311,314,493031,6482,3500487,14111700
4650,293,326,492738,6449,3500813,13726900
4651,295,293,492443,6451,3501106,13701500
4652,300,302,492143,6449,3501408,13762700
4653,285,332,491858,6402,3501740,14052900
4654,347,329,491511,6420,3502069,13929900
4655,319,303,491192,6436,3502372,13384000
4656,306,303,490886,6439,3502675,13334400
4657,305,332,490581,6412,3503007,13920800
4658,313,348,490268,6377,3503355,13600700
4659,323,354,489945,6346,3503709,13061500
4660,310,309,489635,6347,3504018,12975000
4661,307,358,489328,6296,3504376,13123000
4662,301,320,489027,6277,3504696,13615700
4663,328,298,488699,6307,3504994,13237600
4664,301,295,488398,6313,3505289,13528700
4665,297,333,488101,6277,3505622,13205700
4666,292,321,487809,6248,3505943,14334200
4667,301,338,487508,6211,3506281,13620700
4668,309,329,487199,6191,3506610,13279200
4669,289,303,486910,6177,3506913,13652300
4670,309,312,486601,6174,3507225,13423700
4671,313,317,486288,6170,3507542,13040800
4672,270,269,486018,6171,3507811,13520800
4673,304,322,485714,6153,3508133,13631600
4674,312,301,485402,6164,3508434,13070600
4675,260,294,485142,6130,3508728,13137600
4676,261,309,484881,6082,3509037,13134200
4677,304,308,484577,6078,3509345,13170900
4678,277,320,484300,6035,3509665,13137800
4679,296,341,484004,5990,3510006,13094500
4680,313,275,483691,6028,3510281,13093100
4681,280,304,483411,6004,3510585,13055700
4682,287,295,483124,5996,3510880,14143200
4683,324,290,482800,6030,3511170,13314900
4684,310,309,482490,6031,3511479,13186800
4685,299,308,482191,6022,3511787,13034700
4686,321,298,481870,6045,3512085,13022000
4687,308,322,481562,6031,3512407,13262500
4688,332,297,481230,6066,3512704,13153900
4689,318,304,480912,6080,3513008,13361200
4690,302,300,480610,6082,3513308,13324800
4691,325,333,480285,6074,3513641,13518000
4692,323,309,479962,6088,3513950,13734700
4693,335,314,479627,6109,3514264,13484100
4694,304,297,479323,6116,3514561,13789100
4695,296,293,479027,6119,3514854,13158200
4696,288,326,478739,6081,3515180,13174700
4697,321,303,478418,6099,3515483,13457700
4698,285,303,478133,6081,3515786,13290000
4699,331,307,477802,6105,3516093,13512700
4700,298,282,477504,6121,3516375,16925500
4701,315,313,477189,6123,3516688,13649600
4702,306,309,476883,6120,3516997,13388300
4703,310,304,476573,6126,3517301,13412100
4704,318,297,476255,6147,3517598,13360400
4705,289,312,475966,6124,3517910,13070400
4706,310,302,475656,6132,3518212,13440300
4707,310,296,475346,6146,3518508,13713700
4708,334,306,475012,6174,3518814,13326600
4709,292,309,474720,6157,3519123,13053300
4710,327,303,474393,6181,3519426,13423700
4711,309,294,474084,6196,3519720,12919600
4712,319,289,473765,6226,3520009,13098100
4713,329,321,473436,6234,3520330,13020600
4714,303,281,473133,6256,3520611,12953100
4715,319,325,472814,6250,3520936,13191700
4716,313,323,472501,6240,3521259,13220300
4717,308,347,472193,6201,3521606,13547800
4718,343,309,471850,6235,3521915,13064000
4719,336,309,471514,6262,3522224,13383200
4720,339,317,471175,6284,3522541,13045800
4721,322,314,470853,6292,3522855,13567300
4722,307,341,470546,6258,3523196,13725200
4723,287,338,470259,6207,3523534,13129300
4724,319,326,469940,6200,3523860,13274000
4725,310,312,469630,6198,3524172,13208000
4726,291,300,469339,6189,3524472,13272100
4727,327,347,469012,6169,3524819,14896600
4728,291,316,468721,6144,3525135,14459700
4729,325,320,468396,6149,3525455,16742700
4730,337,311,468059,6175,3525766,14230300
4731,330,288,467729,6217,3526054,13652200
4732,323,347,467406,6193,3526401,13414600
4733,318,304,467088,6207,3526705,13531900
4734,295,311,466793,6191,3527016,13425900
4735,299,293,466494,6197,3527309,13393500
4736,298,302,466196,6193,3527611,14007200
4737,272,299,465924,6166,3527910,13203400
4738,293,313,465631,6146,3528223,13179000
4739,279,276,465352,6149,3528499,13356500
4740,289,279,465063,6159,3528778,14394400
4741,293,311,464770,6141,3529089,14699300
4742,288,297,464482,6132,3529386,13157300
4743,287,288,464195,6131,3529674,13257600
4744,304,317,463891,6118,3529991,13404800
4745,276,311,463615,6083,3530302,13297700
4746,268,322,463347,6029,3530624,13271000
4747,308,285,463039,6052,3530909,13492900
4748,286,281,462753,6057,3531190,13343200
4749,285,299,462468,6043,3531489,13817400
4750,263,324,462205,5982,3531813,13836600
4751,300,326,461905,5956,3532139,14203000
4752,300,274,461605,5982,3532413,14092800
4753,284,271,461321,5995,3532684,13570500
4754,308,308,461013,5995,3532992,13152600
4755,280,286,460733,5989,3533278,13334600
4756,309,297,460424,6001,3533575,13206300
4757,290,304,460134,5987,3533879,13272000
4758,276,273,459858,5990,3534152,13247000
4759,316,298,459542,6008,3534450,13288500
4760,311,301,459231,6018,3534751,13233900
4761,288,303,458943,6003,3535054,13053200
4762,303,277,458640,6029,3535331,12999700
4763,274,270,458366,6033,3535601,12947300
4764,302,331,458064,6004,3535932,12903000
4765,277,299,457787,5982,3536231,12961400
4766,315,300,457472,5997,3536531,13316700
4767,303,282,457169,6018,3536813,13403700
4768,303,315,456866,6006,3537128,13238000
4769,320,304,456546,6022,3537432,13465000
4770,315,295,456231,6042,3537727,12951200
4771,282,311,455949,6013,3538038,12969000
4772,278,283,455671,6008,3538321,13247300
4773,314,289,455357,6033,3538610,14204000
4774,294,277,455063,6050,3538887,13472000
4775,277,283,454786,6044,3539170,13511000
4776,300,286,454486,6058,3539456,14144400
4777,297,292,454189,6063,3539748,13656300
4778,288,292,453901,6059,3540040,13493600
4779,292,322,453609,6029,3540362,13498500
4780,297,305,453312,6021,3540667,13443700
4781,273,294,453039,6000,3540961,13227700
4782,294,308,452745,5986,3541269,13175600
4783,330,320,452415,5996,3541589,13114400
4784,288,293,452127,5991,3541882,13293700
4785,302,312,451825,5981,3542194,13146700
4786,320,265,451505,6036,3542459,12932200
4787,276,300,451229,6012,3542759,12901800
4788,312,295,450917,6029,3543054,13288400
4789,312,273,450605,6068,3543327,13181800
4790,321,304,450284,6085,3543631,13017000
4791,312,345,449972,6052,3543976,13022000
4792,295,288,449677,6059,3544264,12953900
4793,320,307,449357,6072,3544571,13058700
4794,318,296,449039,6094,3544867,12967600
4795,284,317,448755,6061,3545184,12945300
4796,334,325,448421,6070,3545509,13234100
4797,299,304,448122,6065,3545813,13339000
4798,302,291,447820,6076,3546104,13324700
4799,287,319,447533,6044,3546423,13457200
4800,316,299,447217,6061,3546722,13294400
4801,316,328,446901,6049,3547050,13666000
4802,304,294,446597,6059,3547344,13433700
4803,290,304,446307,6045,3547648,13055800
4804,303,322,446004,6026,3547970,13474300
4805,331,309,445673,6048,3548279,13384400
4806,330,339,445343,6039,3548618,13170300
4807,286,295,445057,6030,3548913,13277300
4808,300,282,444757,6048,3549195,12987100
4809,278,254,444479,6072,3549449,12921600
4810,271,327,444208,6016,3549776,12938500
4811,294,276,443914,6034,3550052,13041200
4812,287,318,443627,6003,3550370,13305700
4813,274,325,443353,5952,3550695,13287000
4814,288,313,443065,5927,3551008,13295400
4815,286,291,442779,5922,3551299,13268700
4816,252,302,442527,5872,3551601,14766900
4817,270,309,442257,5833,3551910,14162900
4818,297,276,441960,5854,3552186,15550200
4819,298,305,441662,5847,3552491,13440700
4820,276,299,441386,5824,3552790,16082600
4821,252,285,441134,5791,3553075,13464300
4822,286,315,440848,5762,3553390,15855300
4823,248,252,440600,5758,3553642,13764400
4824,288,292,440312,5754,3553934,15650900
4825,269,262,440043,5761,3554196,14048400
4826,307,277,439736,5791,3554473,13366600
4827,269,286,439467,5774,3554759,13256600
4828,274,282,439193,5766,3555041,13471100
4829,267,298,438926,5735,3555339,13203800
4830,300,271,438626,5764,3555610,12969300
4831,277,292,438349,5749,3555902,13022200
4832,272,272,438077,5749,3556174,13287600
4833,304,323,437773,5730,3556497,13214100
4834,284,255,437489,5759,3556752,13545600
4835,229,295,437260,5693,3557047,13676300
4836,268,265,436992,5696,3557312,13358100
4837,262,278,436730,5680,3557590,13860000
4838,314,278,436416,5716,3557868,13799600
4839,280,270,436136,5726,3558138,13497000
4840,293,309,435843,5710,3558447,13672700
4841,260,298,435583,5672,3558745,13486100
4842,280,286,435303,5666,3559031,13611300
4843,289,238,435014,5717,3559269,13601200
4844,281,295,434733,5703,3559564,13354900
4845,267,325,434466,5645,3559889,14459000
4846,276,279,434190,5642,3560168,14634300
4847,266,281,433924,5627,3560449,15099200
4848,271,287,433653,5611,3560736,16437700
4849,289,296,433364,5604,3561032,14564800
4850,287,280,433077,5611,3561312,13950600
4851,264,267,432813,5608,3561579,13634900
4852,241,285,432572,5564,3561864,13759900
4853,264,283,432308,5545,3562147,13782100
4854,273,287,432035,5531,3562434,13656400
4855,239,300,431796,5470,3562734,13585400
4856,249,254,431547,5465,3562988,13086500
4857,276,250,431271,5491,3563238,13848900
4858,275,308,430996,5458,3563546,13575400
4859,258,307,430738,5409,3563853,13939000
4860,250,271,430488,5388,3564124,13021700
4861,265,285,430223,5368,3564409,13245700
4862,246,256,429977,5358,3564665,13072300
4863,258,274,429719,5342,3564939,13753800
4864,243,260,429476,5325,3565199,13444200
4865,262,260,429214,5327,3565459,13298600
4866,249,283,428965,5293,3565742,12977200
4867,278,270,428687,5301,3566012,13046800
4868,267,257,428420,5311,3566269,13634400
4869,257,266,428163,5302,3566535,13698100
4870,276,252,427887,5326,3566787,13582600
4871,257,245,427630,5338,3567032,17090000
4872,259,265,427371,5332,3567297,14450700
4873,268,261,427103,5339,3567558,14036700
4874,282,246,426821,5375,3567804,13581100
4875,257,302,426564,5330,3568106,13224400
4876,240,290,426324,5280,3568396,13532600
4877,256,255,426068,5281,3568651,13019100
4878,270,259,425798,5292,3568910,13921400
4879,261,247,425537,5306,3569157,13633200
4880,254,278,425283,5282,3569435,13325600
4881,238,257,425045,5263,3569692,13053600
4882,250,211,424795,5302,3569903,13765700
4883,241,264,424554,5279,3570167,13519000
4884,244,266,424310,5257,3570433,13883400
4885,272,252,424038,5277,3570685,13629100
4886,251,264,423787,5264,3570949,14242100
4887,275,228,423512,5311,3571177,14342500
4888,274,248,423238,5337,3571425,13684200
4889,261,259,422977,5339,3571684,13130200
4890,281,286,422696,5334,3571970,13011700
4891,244,254,422452,5324,3572224,13509800
4892,287,299,422165,5312,3572523,13483900
4893,255,258,421910,5309,3572781,13248700
4894,258,263,421652,5304,3573044,13067200
4895,278,267,421374,5315,3573311,13243700
4896,239,260,421135,5294,3573571,13084000
4897,249,260,420886,5283,3573831,13505700
4898,294,230,420592,5347,3574061,13321400
4899,246,246,420346,5347,3574307,12977500
4900,254,283,420092,5318,3574590,13306300
4901,267,252,419825,5333,3574842,13159800
4902,244,245,419581,5332,3575087,13514900
4903,274,240,419307,5366,3575327,13727100
4904,264,264,419043,5366,3575591,13539200
4905,223,287,418820,5302,3575878,13501800
4906,251,267,418569,5286,3576145,13199500
4907,257,262,418312,5281,3576407,13589300
4908,255,262,418057,5274,3576669,13752000
4909,270,275,417787,5269,3576944,14168400
4910,281,272,417506,5278,3577216,13599300
4911,253,282,417253,5249,3577498,16473700
4912,257,254,416996,5252,3577752,13960200
4913,260,295,416736,5217,3578047,13429400
4914,235,287,416501,5165,3578334,15634000
4915,257,259,416244,5163,3578593,13156600
4916,275,246,415969,5192,3578839,13091800
4917,269,244,415700,5217,3579083,13863700
4918,279,257,415421,5239,3579340,13490300
4919,272,284,415149,5227,3579624,13372800
4920,274,245,414875,5256,3579869,13826300
4921,260,269,414615,5247,3580138,14203500
4922,305,250,414310,5302,3580388,14479200
4923,289,279,414021,5312,3580667,13708900
4924,249,236,413772,5325,3580903,13406700
4925,263,263,413509,5325,3581166,13410700
4926,288,243,413221,5370,3581409,13790400
4927,262,285,412959,5347,3581694,13101600
4928,279,264,412680,5362,3581958,13504800
4929,297,297,412383,5362,3582255,13324000
4930,276,242,412107,5396,3582497,13794600
4931,260,272,411847,5384,3582769,13019300
4932,236,287,411611,5333,3583056,13750100
4933,263,242,411348,5354,3583298,13275900
4934,255,275,411093,5334,3583573,13293500
4935,256,271,410837,5319,3583844,13170400
4936,250,264,410587,5305,3584108,13479300
4937,239,274,410348,5270,3584382,13312800
4938,274,250,410074,5294,3584632,13017100
4939,268,263,409806,5299,3584895,12910400
4940,252,257,409554,5294,3585152,13205500
4941,264,250,409290,5308,3585402,13463700
4942,280,284,409010,5304,3585686,13211700
4943,269,270,408741,5303,3585956,14072800
4944,279,301,408462,5281,3586257,13067200
4945,285,247,408177,5319,3586504,13426300
4946,264,270,407913,5313,3586774,14282900
4947,252,251,407661,5314,3587025,13694400
4948,267,257,407394,5324,3587282,12974500
4949,262,270,407132,5316,3587552,13086500
4950,263,262,406869,5317,3587814,13515500
4951,254,255,406615,5316,3588069,13656600
4952,266,270,406349,5312,3588339,13245800
4953,276,245,406073,5343,3588584,13688900
4954,264,278,405809,5329,3588862,13234200
4955,238,246,405571,5321,3589108,13190000
4956,244,265,405327,5300,3589373,13103200
4957,244,257,405083,5287,3589630,13292200
4958,244,260,404839,5271,3589890,12990200
4959,250,282,404589,5239,3590172,13466200
4960,243,283,404346,5199,3590455,13044000
4961,242,231,404104,5210,3590686,13171300
4962,245,258,403859,5197,3590944,12952000
4963,231,277,403628,5151,3591221,13449300
4964,259,264,403369,5146,3591485,13377200
4965,251,260,403118,5137,3591745,12816100
4966,231,254,402887,5114,3591999,13421500
4967,272,272,402615,5114,3592271,12924400
4968,240,239,402375,5115,3592510,13075900
4969,258,227,402117,5146,3592737,13313700
4970,261,258,401856,5149,3592995,13403700
4971,250,250,401606,5149,3593245,12932900
4972,273,268,401333,5154,3593513,12894400
4973,275,261,401058,5168,3593774,13278800
4974,242,276,400816,5134,3594050,12832500
4975,258,248,400558,5144,3594298,13711700
4976,269,236,400289,5177,3594534,13647700
4977,207,246,400082,5138,3594780,12942400
4978,252,307,399830,5083,3595087,13773300
4979,244,240,399586,5087,3595327,13049100
4980,247,229,399339,5105,3595556,13041900
4981,259,277,399080,5087,3595833,12919800
4982,243,249,398837,5081,3596082,12888600
4983,273,240,398564,5114,3596322,13309600
4984,274,276,398290,5112,3596598,13134500
4985,273,260,398017,5125,3596858,12844700
4986,250,274,397767,5101,3597132,13163300
4987,248,225,397519,5124,3597357,12954600
4988,247,249,397272,5122,3597606,13293300
4989,244,222,397028,5144,3597828,12952800
4990,252,218,396776,5178,3598046,13111400
4991,279,253,396497,5204,3598299,13539400
4992,240,265,396257,5179,3598564,13501200
4993,250,240,396007,5189,3598804,13830100
4994,253,278,395754,5164,3599082,13658200
4995,236,237,395518,5163,3599319,13671900
4996,257,247,395261,5173,3599566,13815800
4997,255,241,395006,5187,3599807,13732800
4998,226,261,394780,5152,3600068,15262200
4999,273,271,394507,5154,3600339,13820300
5000,228,266,394279,5116,3600605,15736500
5001,265,246,394014,5135,3600851,14921300
5002,258,285,393756,5108,3601136,14307700
5003,244,259,393512,5093,3601395,13288300
5004,256,229,393256,5120,3601624,14403500
5005,248,258,393008,5110,3601882,14825900
5006,250,260,392758,5100,3602142,15387900
5007,254,276,392504,5078,3602418,13526900
5008,248,237,392256,5089,3602655,13534800
5009,268,274,391988,5083,3602929,13685100
5010,260,269,391728,5074,3603198,13159900
5011,241,264,391487,5051,3603462,15652000
5012,275,246,391212,5080,3603708,13870400
5013,274,274,390938,5080,3603982,13687200
5014,261,262,390677,5079,3604244,14709600
5015,245,258,390432,5066,3604502,14734700
5016,305,262,390127,5109,3604764,13947600
5017,263,261,389864,5111,3605025,15080900
5018,244,237,389620,5118,3605262,13844100
5019,271,262,389349,5127,3605524,16238200
5020,265,242,389084,5150,3605766,14823000
5021,248,247,388836,5151,3606013,13993700
5022,273,241,388563,5183,3606254,13604200
5023,232,269,388331,5146,3606523,15688300
5024,261,284,388070,5123,3606807,13295200
5025,239,232,387831,5130,3607039,16947600
5026,275,246,387556,5159,3607285,15514800
5027,250,262,387306,5147,3607547,14969700
5028,236,260,387070,5123,3607807,15841300
5029,254,250,386816,5127,3608057,15170700
5030,257,253,386559,5131,3608310,14066600
5031,221,272,386338,5080,3608582,13939500
5032,231,237,386107,5074,3608819,13780700
5033,249,249,385858,5074,3609068,13805700
5034,268,255,385590,5087,3609323,13842100
5035,246,219,385344,5114,3609542,12995700
5036,252,249,385092,5117,3609791,13482500
5037,240,239,384852,5118,3610030,13181400
5038,257,285,384595,5090,3610315,13048700
5039,239,267,384356,5062,3610582,13450600
5040,267,255,384089,5074,3610837,13122700
5041,232,271,383857,5035,3611108,13016100
5042,224,244,383633,5015,3611352,13640400
5043,240,228,383393,5027,3611580,13237500
5044,243,253,383150,5017,3611833,13281500
5045,253,262,382897,5008,3612095,12993000
5046,251,281,382646,4978,3612376,13734400
5047,215,255,382431,4938,3612631,13471600
5048,212,241,382219,4909,3612872,13518200
5049,238,274,381981,4873,3613146,13383500
5050,238,254,381743,4857,3613400,13427900
5051,196,227,381547,4826,3613627,12953900
5052,224,245,381323,4805,3613872,12877700
5053,233,265,381090,4773,3614137,13242000
5054,237,255,380853,4755,3614392,13554800
5055,219,233,380634,4741,3614625,13025400
5056,219,272,380415,4688,3614897,13403700
5057,254,214,380161,4728,3615111,12883700
5058,234,264,379927,4698,3615375,13282100
5059,224,255,379703,4667,3615630,13250200
5060,223,227,379480,4663,3615857,13081500
5061,231,230,379249,4664,3616087,13426600
5062,209,243,379040,4630,3616330,13248800
5063,247,242,378793,4635,3616572,13247700
5064,218,239,378575,4614,3616811,13254800
5065,255,215,378320,4654,3617026,13282200
5066,206,245,378114,4615,3617271,12920400
5067,239,231,377875,4623,3617502,14032100
5068,228,249,377647,4602,3617751,13171300
5069,246,269,377401,4579,3618020,13381000
5070,228,233,377173,4574,3618253,13561700
5071,226,228,376947,4572,3618481,13242000
5072,217,258,376730,4531,3618739,13337000
5073,217,217,376513,4531,3618956,13045400
5074,217,260,376296,4488,3619216,13378800
5075,230,214,376066,4504,3619430,12911000
5076,214,252,375852,4466,3619682,13285400
5077,224,203,375628,4487,3619885,13336100
5078,223,212,375405,4498,3620097,13255300
5079,214,223,375191,4489,3620320,13447200
5080,203,211,374988,4481,3620531,13554900
5081,218,224,374770,4475,3620755,13272600
5082,228,238,374542,4465,3620993,13713800
5083,231,209,374311,4487,3621202,13161600
5084,226,224,374085,4489,3621426,13374900
5085,249,222,373836,4516,3621648,13834000
5086,235,240,373601,4511,3621888,13721300
5087,242,226,373359,4527,3622114,13152200
5088,225,239,373134,4513,3622353,12999000
5089,212,199,372922,4526,3622552,13124400
5090,247,234,372675,4539,3622786,13180600
5091,223,202,372452,4560,3622988,14497800
5092,243,235,372209,4568,3623223,13240900
5093,235,234,371974,4569,3623457,13248600
5094,267,230,371707,4606,3623687,13250800
5095,231,234,371476,4603,3623921,13227300
5096,236,230,371240,4609,3624151,13719300
5097,254,259,370986,4604,3624410,13073500
5098,246,199,370740,4651,3624609,13258400
5099,228,217,370512,4662,3624826,13068900
5100,246,246,370266,4662,3625072,12879600
5101,225,247,370041,4640,3625319,12888100
5102,228,242,369813,4626,3625561,12828900
5103,244,231,369569,4639,3625792,12876300
5104,238,236,369331,4641,3626028,12868900
5105,242,206,369089,4677,3626234,13048300
5106,223,263,368866,4637,3626497,13342900
5107,230,217,368636,4650,3626714,13727500
5108,217,207,368419,4660,3626921,16432700
5109,213,249,368206,4624,3627170,13627200
5110,234,209,367972,4649,3627379,13348100
5111,242,238,367730,4653,3627617,13741400
5112,227,234,367503,4646,3627851,13452100
5113,237,223,367266,4660,3628074,13807800
5114,250,226,367016,4684,3628300,13930700
5115,258,230,366758,4712,3628530,13893200
5116,256,207,366502,4761,3628737,13563500
5117,217,228,366285,4750,3628965,14934200
5118,238,244,366047,4744,3629209,13679600
5119,218,222,365829,4740,3629431,13802600
5120,222,224,365607,4738,3629655,14026700
5121,225,219,365382,4744,3629874,13517900
5122,246,226,365136,4764,3630100,13173200
5123,231,221,364905,4774,3630321,13102000
5124,255,225,364650,4804,3630546,13132600
5125,225,241,364425,4788,3630787,13253100
5126,223,222,364202,4789,3631009,12886600
5127,240,243,363962,4786,3631252,13724900
5128,225,228,363737,4783,3631480,13300400
5129,225,231,363512,4777,3631711,12990300
5130,200,226,363312,4751,3631937,13855100
5131,230,215,363082,4766,3632152,13623600
5132,208,241,362874,4733,3632393,13921200
5133,252,230,362622,4755,3632623,13449800
5134,228,185,362394,4798,3632808,14118900
5135,234,228,362160,4804,3633036,14395600
5136,248,239,361912,4813,3633275,14015500
5137,248,239,361664,4822,3633514,13915100
5138,217,241,361447,4798,3633755,14178400
5139,210,230,361237,4778,3633985,13972500
5140,225,247,361012,4756,3634232,13821200
5141,223,254,360789,4725,3634486,14345700
5142,212,257,360577,4680,3634743,13961900
5143,227,244,360350,4663,3634987,14541800
5144,198,244,360152,4617,3635231,15092800
5145,226,224,359926,4619,3635455,14474700
5146,218,242,359708,4595,3635697,13829800
5147,214,214,359494,4595,3635911,15867600
5148,228,250,359266,4573,3636161,13752300
5149,229,244,359037,4558,3636405,13576300
5150,225,229,358812,4554,3636634,13694300
5151,228,224,358584,4558,3636858,13868100
5152,213,250,358371,4521,3637108,13981600
5153,245,208,358126,4558,3637316,13439000
5154,209,235,357917,4532,3637551,13078500
5155,244,238,357673,4538,3637789,13402100
5156,238,220,357435,4556,3638009,12920600
5157,245,219,357190,4582,3638228,13286100
5158,240,212,356950,4610,3638440,13362800
5159,227,243,356723,4594,3638683,13063100
5160,222,225,356501,4591,3638908,13033000
5161,215,250,356286,4556,3639158,13148600
5162,218,227,356068,4547,3639385,13367900
5163,239,249,355829,4537,3639634,13510800
5164,230,222,355599,4545,3639856,13517900
5165,228,241,355371,4532,3640097,13139900
5166,204,223,355167,4513,3640320,14191000
5167,216,231,354951,4498,3640551,14262700
5168,218,221,354733,4495,3640772,13596300
5169,231,225,354502,4501,3640997,13297900
5170,234,233,354268,4502,3641230,13434300
5171,208,234,354060,4476,3641464,13420800
5172,228,238,353832,4466,3641702,13903800
5173,223,233,353609,4456,3641935,13641100
5174,220,237,353389,4439,3642172,13685900
5175,215,241,353174,4413,3642413,13280500
5176,203,226,352971,4390,3642639,13647400
5177,226,224,352745,4392,3642863,13559400
5178,214,223,352531,4383,3643086,17908100
5179,198,225,352333,4356,3643311,13312300
5180,211,212,352122,4355,3643523,13222400
5181,218,243,351904,4330,3643766,13171800
5182,209,194,351695,4345,3643960,15994400
5183,200,219,351495,4326,3644179,14166900
5184,207,208,351288,4325,3644387,13215800
5185,213,227,351075,4311,3644614,13251600
5186,222,232,350853,4301,3644846,13163300
5187,214,217,350639,4298,3645063,13242000
5188,215,221,350424,4292,3645284,13187200
5189,212,228,350212,4276,3645512,13030800
5190,195,234,350017,4237,3645746,13562500
5191,212,196,349805,4253,3645942,13332000
5192,208,194,349597,4267,3646136,13607500
5193,212,219,349385,4260,3646355,13865800
5194,214,203,349171,4271,3646558,14490500
5195,229,226,348942,4274,3646784,13357900
5196,190,232,348752,4232,3647016,13279500
5197,198,205,348554,4225,3647221,13249700
5198,191,213,348363,4203,3647434,12981500
5199,231,205,348132,4229,3647639,13142200
5200,231,216,347901,4244,3647855,12784400
5201,213,202,347688,4255,3648057,12907400
5202,222,223,347466,4254,3648280,12844800
5203,207,198,347259,4263,3648478,13163700
5204,219,191,347040,4291,3648669,13253700
5205,210,195,346830,4306,3648864,13215700
5206,203,214,346627,4295,3649078,13232300
5207,231,210,346396,4316,3649288,13076500
5208,243,234,346153,4325,3649522,13141500
5209,209,207,345944,4327,3649729,13416500
5210,230,193,345714,4364,3649922,12875200
5211,206,230,345508,4340,3650152,13259800
5212,212,193,345296,4359,3650345,13800200
5213,233,210,345063,4382,3650555,13216700
5214,203,241,344860,4344,3650796,13033900
5215,234,204,344626,4374,3651000,13210400
5216,195,247,344431,4322,3651247,13384800
5217,240,194,344191,4368,3651441,15594600
5218,217,231,343974,4354,3651672,15070300
5219,226,234,343748,4346,3651906,13355000
5220,193,206,343555,4333,3652112,13327800
5221,223,196,343332,4360,3652308,13240100
5222,200,209,343132,4351,3652517,13734300
5223,188,209,342944,4330,3652726,14260300
5224,210,235,342734,4305,3652961,13321400
5225,203,182,342531,4326,3653143,12935300
5226,190,242,342341,4274,3653385,13063000
5227,217,210,342124,4281,3653595,13375500
5228,212,194,341912,4299,3653789,13118200
5229,213,222,341699,4290,3654011,12917200
5230,218,234,341481,4274,3654245,13399700
5231,200,222,341281,4252,3654467,13154100
5232,195,206,341086,4241,3654673,12907400
5233,220,223,340866,4238,3654896,12879100
5234,205,224,340661,4219,3655120,13027300
5235,216,223,340445,4212,3655343,12931000
5236,214,196,340231,4230,3655539,12840900
5237,232,220,339999,4242,3655759,12898300
5238,230,214,339769,4258,3655973,13181800
5239,220,198,339549,4280,3656171,13028200
5240,215,192,339334,4303,3656363,12797000
5241,235,216,339099,4322,3656579,13776000
5242,203,202,338896,4323,3656781,13305400
5243,217,223,338679,4317,3657004,13047300
5244,222,218,338457,4321,3657222,13003600
5245,243,227,338214,4337,3657449,13032500
5246,211,208,338003,4340,3657657,12971900
5247,220,227,337783,4333,3657884,13077800
5248,199,216,337584,4316,3658100,13092300
5249,222,228,337362,4310,3658328,13834100
5250,245,231,337117,4324,3658559,14193500
5251,211,208,336906,4327,3658767,13446500
5252,224,179,336682,4372,3658946,14175600
5253,200,221,336482,4351,3659167,14145800
5254,216,213,336266,4354,3659380,13975400
5255,208,221,336058,4341,3659601,13249900
5256,204,247,335854,4298,3659848,13942400
5257,209,218,335645,4289,3660066,13557000
5258,207,186,335438,4310,3660252,14061200
5259,216,194,335222,4332,3660446,13573500
5260,211,165,335011,4378,3660611,13267400
5261,228,202,334783,4404,3660813,14264200
5262,263,210,334520,4457,3661023,13572700
5263,258,210,334262,4505,3661233,13448100
5264,229,209,334033,4525,3661442,13104800
5265,213,240,333820,4498,3661682,13105700
5266,201,227,333619,4472,3661909,13140800
5267,223,214,333396,4481,3662123,13560600
5268,241,209,333155,4513,3662332,13024600
5269,228,216,332927,4525,3662548,12943000
5270,225,226,332702,4524,3662774,12833600
5271,231,244,332471,4511,3663018,12791800
5272,212,240,332259,4483,3663258,12821700
5273,237,226,332022,4494,3663484,12776400
5274,247,227,331775,4514,3663711,13392300
5275,209,257,331566,4466,3663968,13620700
5276,222,220,331344,4468,3664188,12869500
5277,199,223,331145,4444,3664411,12815000
5278,217,193,330928,4468,3664604,13051000
5279,216,235,330712,4449,3664839,13218000
5280,226,210,330486,4465,3665049,12990900
5281,242,217,330244,4490,3665266,12801700
5282,227,217,330017,4500,3665483,12807500
5283,219,221,329798,4498,3665704,12735700
5284,195,224,329603,4469,3665928,13066000
5285,213,219,329390,4463,3666147,13076400
5286,227,227,329163,4463,3666374,13107400
5287,190,216,328973,4437,3666590,13169000
5288,210,215,328763,4432,3666805,13088000
5289,210,210,328553,4432,3667015,13104800
5290,222,239,328331,4415,3667254,13129000
5291,209,213,328122,4411,3667467,13171300
5292,221,196,327901,4436,3667663,13571600
5293,204,243,327697,4397,3667906,14208700
5294,193,215,327504,4375,3668121,13627700
5295,211,221,327293,4365,3668342,13248200
5296,205,217,327088,4353,3668559,13167100
5297,221,210,326867,4364,3668769,13359500
5298,215,233,326652,4346,3669002,12774800
5299,201,211,326451,4336,3669213,13452900
5300,204,211,326247,4329,3669424,12951600
5301,184,230,326063,4283,3669654,12980200
5302,211,189,325852,4305,3669843,13156600
5303,196,226,325656,4275,3670069,12777000
5304,215,220,325441,4270,3670289,12817600
5305,198,211,325243,4257,3670500,12763600
5306,211,216,325032,4252,3670716,12809300
5307,197,199,324835,4250,3670915,13195800
5308,200,198,324635,4252,3671113,13091800
5309,212,210,324423,4254,3671323,13058100
5310,197,212,324226,4239,3671535,13140700
5311,184,213,324042,4210,3671748,12827300
5312,211,222,323831,4199,3671970,12914800
5313,181,212,323650,4168,3672182,12855900
5314,181,223,323469,4126,3672405,12760600
5315,209,183,323260,4152,3672588,13147100
5316,204,222,323056,4134,3672810,13106700
5317,182,212,322874,4104,3673022,12921800
5318,213,205,322661,4112,3673227,13260900
5319,208,182,322453,4138,3673409,12989700
5320,201,233,322252,4106,3673642,12937500
5321,185,208,322067,4083,3673850,12728200
5322,196,184,321871,4095,3674034,12766900
5323,200,191,321671,4104,3674225,13223300
5324,211,211,321460,4104,3674436,13431100
5325,231,221,321229,4114,3674657,12983100
5326,205,216,321024,4103,3674873,13593800
5327,225,211,320799,4117,3675084,13185300
5328,214,215,320585,4116,3675299,13118400
5329,228,227,320357,4117,3675526,13209300
5330,217,208,320140,4126,3675734,13532000
5331,197,215,319943,4108,3675949,13112400
5332,193,195,319750,4106,3676144,13492400
5333,223,220,319527,4109,3676364,12839500
5334,202,198,319325,4113,3676562,12917300
5335,207,198,319118,4122,3676760,13013900
5336,220,184,318898,4158,3676944,13289600
5337,200,183,318698,4175,3677127,13017800
5338,206,184,318492,4197,3677311,13155800
5339,206,202,318286,4201,3677513,13175300
5340,198,216,318088,4183,3677729,13156500
5341,200,192,317888,4191,3677921,13371400
5342,225,207,317663,4209,3678128,12991700
5343,225,199,317438,4235,3678327,13106500
5344,209,210,317229,4234,3678537,13289100
5345,220,179,317009,4275,3678716,13190400
5346,202,210,316807,4267,3678926,14853800
5347,204,217,316603,4254,3679143,12991800
5348,207,227,316396,4234,3679370,13165800
5349,203,212,316193,4225,3679582,13267500
5350,217,225,315976,4217,3679807,13487300
5351,214,191,315762,4240,3679998,13954400
5352,236,234,315526,4242,3680232,15940100
5353,209,224,315317,4227,3680456,14699000
5354,218,215,315099,4230,3680671,13041800
5355,204,232,314895,4202,3680903,13020400
5356,230,209,314665,4223,3681112,13267300
5357,214,197,314451,4240,3681309,13379500
5358,228,197,314223,4271,3681506,13469700
5359,226,183,313997,4314,3681689,13233800
5360,219,218,313778,4315,3681907,12864800
5361,197,205,313581,4307,3682112,12799900
5362,219,224,313362,4302,3682336,13591000
5363,208,239,313154,4271,3682575,12961500
5364,202,203,312952,4270,3682778,13152200
5365,231,217,312721,4284,3682995,13307400
5366,191,210,312530,4265,3683205,13115900
5367,216,203,312314,4278,3683408,12760600
5368,211,219,312103,4270,3683627,13479100
5369,217,208,311886,4279,3683835,14914500
5370,196,218,311690,4257,3684053,13091800
5371,225,192,311465,4290,3684245,13209100
5372,186,215,311279,4261,3684460,12907600
5373,205,193,311074,4273,3684653,13061900
5374,219,194,310855,4298,3684847,13099400
5375,201,195,310654,4304,3685042,14206100
5376,219,220,310435,4303,3685262,13426800
5377,210,190,310225,4323,3685452,14296800
5378,194,202,310031,4315,3685654,13190300
5379,202,228,309829,4289,3685882,13216200
5380,194,230,309635,4253,3686112,13663600
5381,203,200,309432,4256,3686312,14285200
5382,196,208,309236,4244,3686520,14695800
5383,214,193,309022,4265,3686713,13403200
5384,193,220,308829,4238,3686933,13442800
5385,205,222,308624,4221,3687155,13375900
5386,222,188,308402,4255,3687343,14588500
5387,220,208,308182,4267,3687551,14120400
5388,204,209,307978,4262,3687760,13256700
5389,197,206,307781,4253,3687966,13890300
5390,190,212,307591,4231,3688178,13336500
5391,195,203,307396,4223,3688381,13648900
5392,191,205,307205,4209,3688586,13644500
5393,199,222,307006,4186,3688808,13625000
5394,178,217,306828,4147,3689025,14429400
5395,208,183,306620,4172,3689208,13900100
5396,209,214,306411,4167,3689422,13418500
5397,160,202,306251,4125,3689624,13802300
5398,194,194,306057,4125,3689818,13714200
5399,205,201,305852,4129,3690019,12870300
5400,190,208,305662,4111,3690227,12728300
5401,197,201,305465,4107,3690428,13205900
5402,195,207,305270,4095,3690635,13450100
5403,180,200,305090,4075,3690835,13827600
5404,178,205,304912,4048,3691040,13661700
5405,216,215,304696,4049,3691255,13094500
5406,195,227,304501,4017,3691482,13016700
5407,181,206,304320,3992,3691688,13292800
5408,185,193,304135,3984,3691881,13563300
5409,203,189,303932,3998,3692070,13721300
5410,187,184,303745,4001,3692254,13603700
5411,198,222,303547,3977,3692476,12891500
5412,189,188,303358,3978,3692664,12894000
5413,177,203,303181,3952,3692867,12753100
5414,181,200,303000,3933,3693067,12753100
5415,193,200,302807,3926,3693267,12736900
5416,187,181,302620,3932,3693448,13286200
5417,193,208,302427,3917,3693656,13129800
5418,187,193,302240,3911,3693849,13365600
5419,175,183,302065,3903,3694032,12772600
5420,192,209,301873,3886,3694241,12802500
5421,183,168,301690,3901,3694409,12752300
5422,177,211,301513,3867,3694620,13398100
5423,202,187,301311,3882,3694807,13036100
5424,173,226,301138,3829,3695033,12678600
5425,186,187,300952,3828,3695220,12842200
5426,179,193,300773,3814,3695413,12784100
5427,177,189,300596,3802,3695602,12758600
5428,196,165,300400,3833,3695767,12716900
5429,189,172,300211,3850,3695939,13127700
5430,206,183,300005,3873,3696122,12896300
5431,181,186,299824,3868,3696308,13105300
5432,187,198,299637,3857,3696506,12808900
5433,188,185,299449,3860,3696691,12712300
5434,185,207,299264,3838,3696898,12962100
5435,183,215,299081,3806,3697113,12785600
5436,186,202,298895,3790,3697315,13069200
5437,180,193,298715,3777,3697508,13320800
5438,179,194,298536,3762,3697702,13286200
5439,192,175,298344,3779,3697877,13235100
5440,162,199,298182,3742,3698076,13217500
5441,183,188,297999,3737,3698264,13374000
5442,184,187,297815,3734,3698451,13305100
5443,171,173,297644,3732,3698624,13342400
5444,211,185,297433,3758,3698809,14191200
5445,171,179,297262,3750,3698988,15214500
5446,153,209,297109,3694,3699197,13307000
5447,182,197,296927,3679,3699394,13279200
5448,193,184,296734,3688,3699578,13774200
5449,196,211,296538,3673,3699789,13036200
5450,155,174,296383,3654,3699963,12976700
5451,186,178,296197,3662,3700141,13113400
5452,171,164,296026,3669,3700305,13442200
5453,181,195,295845,3655,3700500,13261400
5454,204,183,295641,3676,3700683,13931500
5455,181,201,295460,3656,3700884,13111500
5456,185,186,295275,3655,3701070,13541000
5457,203,193,295072,3665,3701263,13134600
5458,170,184,294902,3651,3701447,13438500
5459,169,194,294733,3626,3701641,13633900
5460,204,165,294529,3665,3701806,13885200
5461,170,193,294359,3642,3701999,13868400
5462,183,159,294176,3666,3702158,13953800
5463,179,185,293997,3660,3702343,13860400
5464,179,204,293818,3635,3702547,13671100
5465,195,220,293623,3610,3702767,14485400
5466,189,173,293434,3626,3702940,12872800
5467,191,181,293243,3636,3703121,13051600
5468,162,188,293081,3610,3703309,12779000
5469,171,158,292910,3623,3703467,12788300
5470,177,157,292733,3643,3703624,12955600
5471,205,180,292528,3668,3703804,13118200
5472,161,170,292367,3659,3703974,13070500
5473,188,169,292179,3678,3704143,12999700
5474,184,184,291995,3678,3704327,13134200
5475,193,187,291802,3684,3704514,13168700
5476,179,196,291623,3667,3704710,13195800
5477,157,198,291466,3626,3704908,13083600
5478,195,192,291271,3629,3705100,13825200
5479,182,180,291089,3631,3705280,15329800
5480,180,150,290909,3661,3705430,16646500
5481,190,181,290719,3670,3705611,12982200
5482,189,177,290530,3682,3705788,12830900
5483,199,190,290331,3691,3705978,12776800
5484,170,190,290161,3671,3706168,13368000
5485,204,199,289957,3676,3706367,12865200
5486,189,198,289768,3667,3706565,12744900
5487,188,199,289580,3656,3706764,12790600
5488,207,182,289373,3681,3706946,12991100
5489,176,185,289197,3672,3707131,12824100
5490,214,203,288983,3683,3707334,13099800
5491,167,199,288816,3651,3707533,13078900
5492,199,185,288617,3665,3707718,13534100
5493,153,180,288464,3638,3707898,13008200
5494,180,187,288284,3631,3708085,15131900
5495,187,192,288097,3626,3708277,13595900
5496,191,164,287906,3653,3708441,12889600
5497,186,192,287720,3647,3708633,12938900
5498,158,210,287562,3595,3708843,13111100
5499,184,173,287378,3606,3709016,13434400
5500,171,157,287207,3620,3709173,13054500
5501,180,180,287027,3620,3709353,12874000
5502,174,171,286853,3623,3709524,13576600
5503,172,181,286681,3614,3709705,12854300
5504,156,167,286525,3603,3709872,12716200
5505,154,176,286371,3581,3710048,12742300
5506,182,158,286189,3605,3710206,12715700
5507,149,189,286040,3565,3710395,12813100
5508,156,184,285884,3537,3710579,13007700
5509,169,182,285715,3524,3710761,13149600
5510,163,176,285552,3511,3710937,13206100
5511,167,172,285385,3506,3711109,12821600
5512,172,167,285213,3511,3711276,13025900
5513,179,178,285034,3512,3711454,13208600
5514,196,184,284838,3524,3711638,13098600
5515,159,182,284679,3501,3711820,12892000
5516,173,190,284506,3484,3712010,12845900
5517,178,190,284328,3472,3712200,13314000
5518,174,166,284154,3480,3712366,13121900
5519,178,186,283976,3472,3712552,13357000
5520,176,194,283800,3454,3712746,13519500
5521,189,152,283611,3491,3712898,13200000
5522,183,173,283428,3501,3713071,13126600
5523,196,158,283232,3539,3713229,12810800
5524,198,143,283034,3594,3713372,12805700
5525,217,176,282817,3635,3713548,12720300
5526,156,196,282661,3595,3713744,12979700
5527,185,173,282476,3607,3713917,13012200
5528,163,171,282313,3599,3714088,13669700
5529,190,168,282123,3621,3714256,13290100
5530,187,210,281936,3598,3714466,13428600
5531,165,156,281771,3607,3714622,13298800
5532,188,180,281583,3615,3714802,16134000
5533,175,198,281408,3592,3715000,13449200
5534,155,166,281253,3581,3715166,13206200
5535,180,192,281073,3569,3715358,13209900
5536,204,171,280869,3602,3715529,12967700
5537,174,158,280695,3618,3715687,13743900
5538,174,197,280521,3595,3715884,13364200
5539,185,185,280336,3595,3716069,13656500
5540,173,191,280163,3577,3716260,13472300
5541,181,184,279982,3574,3716444,13080300
5542,167,160,279815,3581,3716604,14096800
5543,160,193,279655,3548,3716797,13319500
5544,179,197,279476,3530,3716994,12859200
5545,148,175,279328,3503,3717169,13090500
5546,162,198,279166,3467,3717367,12928100
5547,192,168,278974,3491,3717535,12922700
5548,169,172,278805,3488,3717707,12759300
5549,182,184,278623,3486,3717891,12762000
5550,167,171,278456,3482,3718062,12753300
5551,166,179,278290,3469,3718241,12811100
5552,165,154,278125,3480,3718395,12782700
5553,160,172,277965,3468,3718567,12848800
5554,166,173,277799,3461,3718740,13506800
5555,160,155,277639,3466,3718895,15440900
5556,162,171,277477,3457,3719066,14474300
5557,173,158,277304,3472,3719224,13181100
5558,181,172,277123,3481,3719396,13203800
5559,166,211,276957,3436,3719607,13190700
5560,182,179,276775,3439,3719786,12927700
5561,176,158,276599,3457,3719944,13787600
5562,162,191,276437,3428,3720135,12862700
5563,173,179,276264,3422,3720314,12766100
5564,162,166,276102,3418,3720480,12762800
5565,176,179,275926,3415,3720659,12982900
5566,165,163,275761,3417,3720822,12847000
5567,187,158,275574,3446,3720980,12922400
5568,173,189,275401,3430,3721169,13353400
5569,172,172,275229,3430,3721341,13102000
5570,185,187,275044,3428,3721528,13145700
5571,164,173,274880,3419,3721701,13066600
5572,184,166,274696,3437,3721867,13189900
5573,169,160,274527,3446,3722027,12941900
5574,168,188,274359,3426,3722215,13358100
5575,180,187,274179,3419,3722402,12902600
5576,164,181,274015,3402,3722583,13444900
5577,177,170,273838,3409,3722753,13092800
5578,185,171,273653,3423,3722924,13100100
5579,168,185,273485,3406,3723109,13099000
5580,177,156,273308,3427,3723265,13108200
5581,159,177,273149,3409,3723442,13077000
5582,160,187,272989,3382,3723629,13191700
5583,181,172,272808,3391,3723801,12862500
5584,180,163,272628,3408,3723964,12734600
5585,167,163,272461,3412,3724127,13345700
5586,187,189,272274,3410,3724316,12806500
5587,169,159,272105,3420,3724475,12830700
5588,177,170,271928,3427,3724645,12774800
5589,174,178,271754,3423,3724823,12781200
5590,167,163,271587,3427,3724986,12813900
5591,180,150,271407,3457,3725136,12747700
5592,179,168,271228,3468,3725304,12739300
5593,185,165,271043,3488,3725469,12789600
5594,190,165,270853,3513,3725634,12819400
5595,165,179,270688,3499,3725813,13082500
5596,152,184,270536,3467,3725997,13103700
5597,140,162,270396,3445,3726159,13139500
5598,162,174,270234,3433,3726333,13064600
5599,179,172,270055,3440,3726505,12928800
5600,188,162,269867,3466,3726667,13274700
5601,169,182,269698,3453,3726849,13006900
5602,200,183,269498,3470,3727032,12947800
5603,186,187,269312,3469,3727219,12918700
5604,195,180,269117,3484,3727399,12728400
5605,157,183,268960,3458,3727582,12775600
5606,158,144,268802,3472,3727726,13115400
5607,185,168,268617,3489,3727894,13161800
5608,175,178,268442,3486,3728072,13156500
5609,172,169,268270,3489,3728241,12758500
5610,202,178,268068,3513,3728419,13172400
5611,181,159,267887,3535,3728578,13183200
5612,164,186,267723,3513,3728764,12730300
5613,148,169,267575,3492,3728933,13039100
5614,181,180,267394,3493,3729113,12826000
5615,174,177,267220,3490,3729290,13134900
5616,171,146,267049,3515,3729436,13157700
5617,161,175,266888,3501,3729611,12917300
5618,171,154,266717,3518,3729765,13504600
5619,181,182,266536,3517,3729947,13144000
5620,146,187,266390,3476,3730134,12916100
5621,158,181,266232,3453,3730315,13032900
5622,175,162,266057,3466,3730477,13229400
5623,169,169,265888,3466,3730646,13031600
5624,159,189,265729,3436,3730835,13778200
5625,177,170,265552,3443,3731005,14536600
5626,178,162,265374,3459,3731167,13344900
5627,177,173,265197,3463,3731340,12978600
5628,178,172,265019,3469,3731512,12998200
5629,182,177,264837,3474,3731689,13421800
5630,179,159,264658,3494,3731848,13306200
5631,174,181,264484,3487,3732029,13024000
5632,168,155,264316,3500,3732184,13238400
5633,158,172,264158,3486,3732356,12961400
5634,162,158,263996,3490,3732514,13188800
5635,167,182,263829,3475,3732696,13131600
5636,161,194,263668,3442,3732890,13197300
5637,175,156,263493,3461,3733046,13067900
5638,176,152,263317,3485,3733198,12776400
5639,168,188,263149,3465,3733386,12895900
5640,175,182,262974,3458,3733568,12734900
5641,164,160,262810,3462,3733728,12737100
5642,162,193,262648,3431,3733921,12695500
5643,149,168,262499,3412,3734089,12800600
5644,170,165,262329,3417,3734254,12998500
5645,183,173,262146,3427,3734427,12791500
5646,173,157,261973,3443,3734584,13011400
5647,167,174,261806,3436,3734758,12812800
5648,189,165,261617,3460,3734923,12701500
5649,162,176,261455,3446,3735099,12728400
5650,173,184,261282,3435,3735283,12692600
5651,175,188,261107,3422,3735471,12972900
5652,172,166,260935,3428,3735637,13400300
5653,171,154,260764,3445,3735791,12811600
5654,179,179,260585,3445,3735970,13113600
5655,183,178,260402,3450,3736148,13531000
5656,190,162,260212,3478,3736310,12968900
5657,182,166,260030,3494,3736476,13001600
5658,182,182,259848,3494,3736658,12756500
5659,163,178,259685,3479,3736836,12744700
5660,174,181,259511,3472,3737017,12806600
5661,173,164,259338,3481,3737181,12715200
5662,181,173,259157,3489,3737354,12713200
5663,184,165,258973,3508,3737519,12738800
5664,171,171,258802,3508,3737690,12692500
5665,185,161,258617,3532,3737851,12737000
5666,178,166,258439,3544,3738017,13048300
5667,164,171,258275,3537,3738188,12954300
5668,154,163,258121,3528,3738351,13068200
5669,189,176,257932,3541,3738527,13094200
5670,169,172,257763,3538,3738699,13061200
5671,160,186,257603,3512,3738885,13336100
5672,181,163,257422,3530,3739048,14067900
5673,172,164,257250,3538,3739212,13184300
5674,169,203,257081,3504,3739415,13268600
5675,172,169,256909,3507,3739584,13407500
5676,171,159,256738,3519,3739743,13124900
5677,152,167,256586,3504,3739910,12870300
5678,154,178,256432,3480,3740088,13115400
5679,146,163,256286,3463,3740251,13290400
5680,171,176,256115,3458,3740427,13454200
5681,165,188,255950,3435,3740615,13072300
5682,140,164,255810,3411,3740779,12819100
5683,165,185,255645,3391,3740964,12955600
5684,137,158,255508,3370,3741122,13013600
5685,163,153,255345,3380,3741275,12958500
5686,159,153,255186,3386,3741428,12703200
5687,169,166,255017,3389,3741594,12672300
5688,174,181,254843,3382,3741775,12734500
5689,172,161,254671,3393,3741936,12668600
5690,167,178,254504,3382,3742114,12822300
5691,147,165,254357,3364,3742279,12759100
5692,176,184,254181,3356,3742463,13144400
5693,192,180,253989,3368,3742643,13069300
5694,172,177,253817,3363,3742820,13540800
5695,184,165,253633,3382,3742985,13689600
5696,177,186,253456,3373,3743171,15305900
5697,162,181,253294,3354,3743352,12834800
5698,137,185,253157,3306,3743537,12637900
5699,160,154,252997,3312,3743691,12680400
5700,175,179,252822,3308,3743870,13042600
5701,159,175,252663,3292,3744045,13008700
5702,151,162,252512,3281,3744207,12744900
5703,173,169,252339,3285,3744376,12785700
5704,155,176,252184,3264,3744552,12951900
5705,164,170,252020,3258,3744722,12897100
5706,166,145,251854,3279,3744867,12895800
5707,166,175,251688,3270,3745042,12888500
5708,169,127,251519,3312,3745169,12924100
5709,151,176,251368,3287,3745345,13435000
5710,159,167,251209,3279,3745512,13053200
5711,160,166,251049,3273,3745678,12999800
5712,157,193,250892,3237,3745871,12968600
5713,158,165,250734,3230,3746036,12912900
5714,152,158,250582,3224,3746194,12917400
5715,165,142,250417,3247,3746336,13015000
5716,157,153,250260,3251,3746489,13575700
5717,167,163,250093,3255,3746652,13010800
5718,154,154,249939,3255,3746806,13415300
5719,162,158,249777,3259,3746964,12922400
5720,162,161,249615,3260,3747125,13124700
5721,135,179,249480,3216,3747304,13022600
5722,165,177,249315,3204,3747481,12721800
5723,161,155,249154,3210,3747636,12799600
5724,150,156,249004,3204,3747792,12691100
5725,152,165,248852,3191,3747957,12703400
5726,149,166,248703,3174,3748123,12734700
5727,161,149,248542,3186,3748272,12627700
5728,167,174,248375,3179,3748446,12843800
5729,155,176,248220,3158,3748622,12682500
5730,172,175,248048,3155,3748797,12835100
5731,167,148,247881,3174,3748945,13825400
5732,160,166,247721,3168,3749111,14995500
5733,174,161,247547,3181,3749272,12761000
5734,180,172,247367,3189,3749444,13039000
5735,144,164,247223,3169,3749608,12900600
5736,155,177,247068,3147,3749785,13262000
5737,160,143,246908,3164,3749928,12710200
5738,154,135,246754,3183,3750063,12718500
5739,163,157,246591,3189,3750220,12647600
5740,151,141,246440,3199,3750361,12643500
5741,164,150,246276,3213,3750511,13438000
5742,145,134,246131,3224,3750645,13287400
5743,154,162,245977,3216,3750807,13006100
5744,164,169,245813,3211,3750976,13018000
5745,172,160,245641,3223,3751136,12712500
5746,149,167,245492,3205,3751303,13168900
5747,169,168,245323,3206,3751471,13145500
5748,165,162,245158,3209,3751633,12954000
5749,166,169,244992,3206,3751802,13325200
5750,153,160,244839,3199,3751962,13267500
5751,186,163,244653,3222,3752125,12988000
5752,158,162,244495,3218,3752287,12896200
5753,161,148,244334,3231,3752435,12699700
5754,171,131,244163,3271,3752566,12945900
5755,164,165,243999,3270,3752731,12993700
5756,166,171,243833,3265,3752902,13448000
5757,156,152,243677,3269,3753054,12799100
5758,166,154,243511,3281,3753208,12712700
5759,188,149,243323,3320,3753357,13370900
5760,170,165,243153,3325,3753522,13161000
5761,160,164,242993,3321,3753686,12978300
5762,195,149,242798,3367,3753835,12770200
5763,160,173,242638,3354,3754008,12667200
5764,173,184,242465,3343,3754192,12683200
5765,163,204,242302,3302,3754396,12658800
5766,169,170,242133,3301,3754566,12655400
5767,176,158,241957,3319,3754724,12842900
5768,160,173,241797,3306,3754897,13665800
5769,170,168,241627,3308,3755065,13943700
5770,133,154,241494,3287,3755219,13463600
5771,137,181,241357,3243,3755400,13930400
5772,159,172,241198,3230,3755572,14692600
5773,166,193,241032,3203,3755765,14908800
5774,161,182,240871,3182,3755947,13083000
5775,161,144,240710,3199,3756091,13132200
5776,170,157,240540,3212,3756248,12993000
5777,152,151,240388,3213,3756399,12995000
5778,169,149,240219,3233,3756548,12731000
5779,161,161,240058,3233,3756709,12746500
5780,181,173,239877,3241,3756882,12758000
5781,142,156,239735,3227,3757038,13374200
5782,158,168,239577,3217,3757206,13192000
5783,150,169,239427,3198,3757375,12972800
5784,167,167,239260,3198,3757542,13022800
5785,145,152,239115,3191,3757694,13572500
5786,157,173,238958,3175,3757867,13070600
5787,172,193,238786,3154,3758060,12666800
5788,167,151,238619,3170,3758211,13142700
5789,143,162,238476,3151,3758373,13185100
5790,167,146,238309,3172,3758519,13001200
5791,140,160,238169,3152,3758679,13053400
5792,153,135,238016,3170,3758814,13371900
5793,181,147,237835,3204,3758961,13009100
5794,146,171,237689,3179,3759132,13076600
5795,144,147,237545,3176,3759279,13086100
5796,164,150,237381,3190,3759429,13162900
5797,137,175,237244,3152,3759604,13038400
5798,133,145,237111,3140,3759749,13403200
5799,129,150,236982,3119,3759899,13346600
5800,154,148,236828,3125,3760047,13239800
5801,149,167,236679,3107,3760214,13264200
5802,148,149,236531,3106,3760363,14373200
5803,141,145,236390,3102,3760508,13562200
5804,147,173,236243,3076,3760681,12994500
5805,150,145,236093,3081,3760826,12905200
5806,138,171,235955,3048,3760997,12933100
5807,133,137,235822,3044,3761134,13425200
5808,169,149,235653,3064,3761283,13927600
5809,174,161,235479,3077,3761444,13770500
5810,140,154,235339,3063,3761598,13913700
5811,178,139,235161,3102,3761737,13034700
5812,161,156,235000,3107,3761893,13057400
5813,166,164,234834,3109,3762057,13204700
5814,156,155,234678,3110,3762212,13134400
5815,165,138,234513,3137,3762350,12962700
5816,150,152,234363,3135,3762502,12700800
5817,155,173,234208,3117,3762675,12704700
5818,150,156,234058,3111,3762831,13682500
5819,173,153,233885,3131,3762984,12740300
5820,158,147,233727,3142,3763131,13496500
5821,162,163,233565,3141,3763294,12970000
5822,175,158,233390,3158,3763452,12936800
5823,169,151,233221,3176,3763603,12898700
5824,170,154,233051,3192,3763757,13162700
5825,178,148,232873,3222,3763905,13208900
5826,167,144,232706,3245,3764049,13191500
5827,190,169,232516,3266,3764218,13440500
5828,169,172,232347,3263,3764390,13348900
5829,191,159,232156,3295,3764549,13239500
5830,174,151,231982,3318,3764700,12870400
5831,170,186,231812,3302,3764886,12740300
5832,180,156,231632,3326,3765042,12964100
5833,203,154,231429,3375,3765196,12685700
5834,188,160,231241,3403,3765356,12850300
5835,200,170,231041,3433,3765526,12889600
5836,163,166,230878,3430,3765692,12822800
5837,165,154,230713,3441,3765846,12785400
5838,163,177,230550,3427,3766023,13081100
5839,185,174,230365,3438,3766197,12963900
5840,168,168,230197,3438,3766365,13039100
5841,158,163,230039,3433,3766528,12835200
5842,174,158,229865,3449,3766686,13235400
5843,176,161,229689,3464,3766847,12709300
5844,157,192,229532,3429,3767039,12939700
5845,147,205,229385,3371,3767244,13023500
5846,150,152,229235,3369,3767396,13015800
5847,160,162,229075,3367,3767558,13408100
5848,142,154,228933,3355,3767712,12975700
5849,143,171,228790,3327,3767883,12845800
5850,148,155,228642,3320,3768038,12737600
5851,150,151,228492,3319,3768189,12760400
5852,145,160,228347,3304,3768349,12691100
5853,151,160,228196,3295,3768509,13138200
5854,172,162,228024,3305,3768671,13078300
5855,143,150,227881,3298,3768821,12785100
5856,136,164,227745,3270,3768985,13185100
5857,154,143,227591,3281,3769128,12688600
5858,152,154,227439,3279,3769282,12791400
5859,141,158,227298,3262,3769440,12953800
5860,145,161,227153,3246,3769601,12969000
5861,153,135,227000,3264,3769736,13109600
5862,141,173,226859,3232,3769909,13550100
5863,166,148,226693,3250,3770057,13779900
5864,149,179,226544,3220,3770236,12959100
5865,130,167,226414,3183,3770403,12799400
5866,148,143,226266,3188,3770546,12937600
5867,126,175,226140,3139,3770721,13113100
5868,136,160,226004,3115,3770881,12768700
5869,161,164,225843,3112,3771045,12758300
5870,170,142,225673,3140,3771187,12627400
5871,165,157,225508,3148,3771344,13022800
5872,178,165,225330,3161,3771509,13049400
5873,152,179,225178,3134,3771688,12758300
5874,176,165,225002,3145,3771853,12724700
5875,155,152,224847,3148,3772005,13119500
5876,155,165,224692,3138,3772170,13025000
5877,154,147,224538,3145,3772317,13242500
5878,159,151,224379,3153,3772468,13478400
5879,171,144,224208,3180,3772612,13886800
5880,169,148,224039,3201,3772760,12773700
5881,167,146,223872,3222,3772906,13383500
5882,176,158,223696,3240,3773064,13465000
5883,167,181,223529,3226,3773245,12805600
5884,135,150,223394,3211,3773395,12678600
5885,151,166,223243,3196,3773561,12685300
5886,151,149,223092,3198,3773710,13096800
5887,150,155,222942,3193,3773865,12831300
5888,169,153,222773,3209,3774018,12842100
5889,172,159,222601,3222,3774177,13024400
5890,140,150,222461,3212,3774327,13378300
5891,166,166,222295,3212,3774493,13206200
5892,165,150,222130,3227,3774643,12984200
5893,152,168,221978,3211,3774811,13316800
5894,147,140,221831,3218,3774951,14195400
5895,131,148,221700,3201,3775099,12833800
5896,137,162,221563,3176,3775261,13314200
5897,140,150,221423,3166,3775411,12939500
5898,143,149,221280,3160,3775560,15351100
5899,164,155,221116,3169,3775715,14024600
5900,162,164,220954,3167,3775879,12964200
5901,172,183,220782,3156,3776062,14582600
5902,159,162,220623,3153,3776224,15987100
5903,160,173,220463,3140,3776397,17492000
5904,136,161,220327,3115,3776558,18222600
5905,149,154,220178,3110,3776712,14409300
5906,152,155,220026,3107,3776867,13049200
5907,142,147,219884,3102,3777014,12713100
5908,140,169,219744,3073,3777183,13237900
5909,162,145,219582,3090,3777328,12735600
5910,153,160,219429,3083,3777488,13071200
5911,144,164,219285,3063,3777652,12815000
5912,146,147,219139,3062,3777799,13638000
5913,136,147,219003,3051,3777946,12827300
5914,141,149,218862,3043,3778095,13606900
5915,129,134,218733,3038,3778229,13155500
5916,132,133,218601,3037,3778362,12830200
5917,134,150,218467,3021,3778512,12686300
5918,133,152,218334,3002,3778664,12779500
5919,145,146,218189,3001,3778810,13009900
5920,151,156,218038,2996,3778966,13277000
5921,149,143,217889,3002,3779109,13067200
5922,144,134,217745,3012,3779243,13103500
5923,142,125,217603,3029,3779368,12943800
5924,128,164,217475,2993,3779532,12804600
5925,148,144,217327,2997,3779676,12985400
5926,154,164,217173,2987,3779840,12769200
5927,140,144,217033,2983,3779984,12672200
5928,171,150,216862,3004,3780134,13058100
5929,155,153,216707,3006,3780287,13038400
5930,132,150,216575,2988,3780437,13006800
5931,161,144,216414,3005,3780581,13299700
5932,147,151,216267,3001,3780732,13049400
5933,148,140,216119,3009,3780872,12774100
5934,143,184,215976,2968,3781056,12848300
5935,163,140,215813,2991,3781196,12832100
5936,161,131,215652,3021,3781327,13615000
5937,171,155,215481,3037,3781482,13274900
5938,145,139,215336,3043,3781621,12714900
5939,134,154,215202,3023,3781775,12650200
5940,141,171,215061,2993,3781946,13064200
5941,156,162,214905,2987,3782108,12734300
5942,162,157,214743,2992,3782265,13208900
5943,146,149,214597,2989,3782414,12763700
5944,130,149,214467,2970,3782563,12749800
5945,165,138,214302,2997,3782701,12770000
5946,151,167,214151,2981,3782868,13025400
5947,156,145,213995,2992,3783013,13043900
5948,176,150,213819,3018,3783163,12822900
5949,163,146,213656,3035,3783309,14211800
5950,149,147,213507,3037,3783456,12812600
5951,169,155,213338,3051,3783611,13316000
5952,156,155,213182,3052,3783766,12699400
5953,150,171,213032,3031,3783937,12689400
5954,172,152,212860,3051,3784089,13091500
5955,161,161,212699,3051,3784250,13091500
5956,173,145,212526,3079,3784395,12938500
5957,152,146,212374,3085,3784541,13214000
5958,148,160,212226,3073,3784701,12838700
5959,156,159,212070,3070,3784860,12931600
5960,150,134,211920,3086,3784994,12870900
5961,162,142,211758,3106,3785136,12647500
5962,147,161,211611,3092,3785297,13481200
5963,146,157,211465,3081,3785454,13270900
5964,124,149,211341,3056,3785603,13518700
5965,173,154,211168,3075,3785757,12622100
5966,150,148,211018,3077,3785905,12600700
5967,145,147,210873,3075,3786052,13047700
5968,141,136,210732,3080,3786188,13127400
5969,142,158,210590,3064,3786346,14451800
5970,145,138,210445,3071,3786484,13180600
5971,142,173,210303,3040,3786657,12735000
5972,140,144,210163,3036,3786801,12910300
5973,152,151,210011,3037,3786952,12949100
5974,142,153,209869,3026,3787105,12983300
5975,150,151,209719,3025,3787256,12710700
5976,131,159,209588,2997,3787415,13028000
5977,141,153,209447,2985,3787568,12919300
5978,133,167,209314,2951,3787735,13336100
5979,136,142,209178,2945,3787877,13598400
5980,153,137,209025,2961,3788014,13744400
5981,153,133,208872,2981,3788147,15646000
5982,163,124,208709,3020,3788271,13815600
5983,157,116,208552,3061,3788387,13429700
5984,160,160,208392,3061,3788547,14175100
5985,156,162,208236,3055,3788709,13368700
5986,180,141,208056,3094,3788850,13155500
5987,158,136,207898,3116,3788986,13107200
5988,158,172,207740,3102,3789158,13237800
5989,147,151,207593,3098,3789309,14193300
5990,149,142,207444,3105,3789451,13541400
5991,145,154,207299,3096,3789605,13409700
5992,139,156,207160,3079,3789761,13090500
5993,145,175,207015,3049,3789936,13064400
5994,158,164,206857,3043,3790100,13560600
5995,153,137,206704,3059,3790237,12760800
5996,160,153,206544,3066,3790390,12932700
5997,151,163,206393,3054,3790553,13328500
5998,141,170,206252,3025,3790723,13238100
5999,166,134,206086,3057,3790857,12776100
6000,146,155,205940,3048,3791012,12654100
6001,161,130,205779,3079,3791142,12632400
6002,160,156,205619,3083,3791298,12982300
6003,139,165,205480,3057,3791463,13359600
6004,137,155,205343,3039,3791618,12688500
6005,152,142,205191,3049,3791760,12677900
6006,145,158,205046,3036,3791918,12890600
6007,126,163,204920,2999,3792081,12815100
6008,155,142,204765,3012,3792223,12658500
6009,137,144,204628,3005,3792367,12935600
6010,153,167,204475,2991,3792534,13141900
6011,126,156,204349,2961,3792690,12914300
6012,126,154,204223,2933,3792844,13263500
6013,138,158,204085,2913,3793002,13492100
6014,131,134,203954,2910,3793136,13071100
6015,145,135,203809,2920,3793271,13218000
6016,142,144,203667,2918,3793415,12896300
6017,180,154,203487,2944,3793569,12900200
6018,139,141,203348,2942,3793710,12959000
6019,148,149,203200,2941,3793859,13215700
6020,158,160,203042,2939,3794019,12716400
6021,165,142,202877,2962,3794161,13301400
6022,153,151,202724,2964,3794312,12718900
6023,133,146,202591,2951,3794458,12650300
6024,158,149,202433,2960,3794607,12713900
6025,156,162,202277,2954,3794769,12788100
6026,156,143,202121,2967,3794912,12700500
6027,164,154,201957,2977,3795066,12705200
6028,125,144,201832,2958,3795210,13063700
6029,152,134,201680,2976,3795344,12740600
6030,142,149,201538,2969,3795493,13041300
6031,163,140,201375,2992,3795633,12689300
6032,126,162,201249,2956,3795795,12618700
6033,160,151,201089,2965,3795946,12830000
6034,152,168,200937,2949,3796114,12692800
6035,137,154,200800,2932,3796268,12804300
6036,149,124,200651,2957,3796392,12880300
6037,152,167,200499,2942,3796559,12852900
6038,133,126,200366,2949,3796685,12778900
6039,139,150,200227,2938,3796835,13157300
6040,153,155,200074,2936,3796990,12821400
6041,159,161,199915,2934,3797151,12686100
6042,151,158,199764,2927,3797309,12648200
6043,132,127,199632,2932,3797436,12651500
6044,143,144,199489,2931,3797580,12824100
6045,145,161,199344,2915,3797741,12655800
6046,133,161,199211,2887,3797902,12972700
6047,155,149,199056,2893,3798051,12919700
6048,142,136,198914,2899,3798187,12766700
6049,159,140,198755,2918,3798327,12699400
6050,148,137,198607,2929,3798464,12884700
6051,150,152,198457,2927,3798616,12731100
6052,135,125,198322,2937,3798741,13199700
6053,139,159,198183,2917,3798900,12956400
6054,139,140,198044,2916,3799040,12849400
6055,151,165,197893,2902,3799205,13192100
6056,135,138,197758,2899,3799343,13116900
6057,130,131,197628,2898,3799474,12928600
6058,136,169,197492,2865,3799643,13052800
6059,145,128,197347,2882,3799771,12667600
6060,156,141,197191,2897,3799912,12753800
6061,149,127,197042,2919,3800039,12749900
6062,161,155,196881,2925,3800194,12643400
6063,143,159,196738,2909,3800353,12695200
6064,132,148,196606,2893,3800501,12663500
6065,146,141,196460,2898,3800642,12688600
6066,159,175,196301,2882,3800817,13298900
6067,143,150,196158,2875,3800967,12798100
6068,158,158,196000,2875,3801125,12711700
6069,138,145,195862,2868,3801270,12974100
6070,141,143,195721,2866,3801413,12658400
6071,155,156,195566,2865,3801569,12768600
6072,130,135,195436,2860,3801704,12991000
6073,165,153,195271,2872,3801857,13061400
6074,137,154,195134,2855,3802011,12947800
6075,142,145,194992,2852,3802156,15210100
6076,139,123,194853,2868,3802279,13853600
6077,129,127,194724,2870,3802406,13041500
6078,126,152,194598,2844,3802558,13100700
6079,124,145,194474,2823,3802703,12941400
6080,126,133,194348,2816,3802836,12895900
6081,131,140,194217,2807,3802976,12866400
6082,126,124,194091,2809,3803100,15148700
6083,139,159,193952,2789,3803259,14342400
6084,132,142,193820,2779,3803401,12930200
6085,119,138,193701,2760,3803539,13779200
6086,120,144,193581,2736,3803683,13004800
6087,146,137,193435,2745,3803820,12974800
6088,102,141,193333,2706,3803961,12890800
6089,135,126,193198,2715,3804087,12786800
6090,109,128,193089,2696,3804215,12796800
6091,136,127,192953,2705,3804342,12748300
6092,127,138,192826,2694,3804480,12743800
6093,144,133,192682,2705,3804613,12604700
6094,149,132,192533,2722,3804745,13030500
6095,148,138,192385,2732,3804883,12869300
6096,143,152,192242,2723,3805035,12631600
6097,124,127,192118,2720,3805162,12820700
6098,141,120,191977,2741,3805282,13034700
6099,132,133,191845,2740,3805415,12610300
6100,154,124,191691,2770,3805539,13048800
6101,157,136,191534,2791,3805675,12926400
6102,148,143,191386,2796,3805818,12762500
6103,126,170,191260,2752,3805988,13203200
6104,135,132,191125,2755,3806120,12841700
6105,162,139,190963,2778,3806259,12801300
6106,153,148,190810,2783,3806407,12878400
6107,129,121,190681,2791,3806528,13260300
6108,134,162,190547,2763,3806690,13044500
6109,129,139,190418,2753,3806829,13032900
6110,141,140,190277,2754,3806969,12647500
6111,141,120,190136,2775,3807089,12985200
6112,151,130,189985,2796,3807219,12942200
6113,142,115,189843,2823,3807334,12611500
6114,128,149,189715,2802,3807483,12847900
6115,174,142,189541,2834,3807625,12788200
6116,150,147,189391,2837,3807772,12970000
6117,143,142,189248,2838,3807914,12662300
6118,134,128,189114,2844,3808042,13193300
6119,150,152,188964,2842,3808194,12626600
6120,155,147,188809,2850,3808341,13061400
6121,144,130,188665,2864,3808471,12646500
6122,122,159,188543,2827,3808630,12731700
6123,137,141,188406,2823,3808771,12932500
6124,139,132,188267,2830,3808903,12622700
6125,133,145,188134,2818,3809048,12952500
6126,116,137,188018,2797,3809185,12890600
6127,162,136,187856,2823,3809321,12967700
6128,145,165,187711,2803,3809486,13586400
6129,127,131,187584,2799,3809617,13056900
6130,140,134,187444,2805,3809751,12677700
6131,149,142,187295,2812,3809893,12755000
6132,136,153,187159,2795,3810046,12725600
6133,140,144,187019,2791,3810190,13096100
6134,138,137,186881,2792,3810327,13559800
6135,149,145,186732,2796,3810472,13175000
6136,138,127,186594,2807,3810599,13042500
6137,155,131,186439,2831,3810730,13097100
6138,140,133,186299,2838,3810863,13293500
6139,147,132,186152,2853,3810995,12589900
6140,146,143,186006,2856,3811138,12914100
6141,150,134,185856,2872,3811272,12657400
6142,154,151,185702,2875,3811423,13093600
6143,130,118,185572,2887,3811541,13046100
6144,130,127,185442,2890,3811668,13162300
6145,124,159,185318,2855,3811827,12697800
6146,139,170,185179,2824,3811997,13100300
6147,113,152,185066,2785,3812149,12640700
6148,125,143,184941,2767,3812292,13154200
6149,127,132,184814,2762,3812424,13046900
6150,147,150,184667,2759,3812574,12665700
6151,124,151,184543,2732,3812725,12612500
6152,125,139,184418,2718,3812864,12621300
6153,140,129,184278,2729,3812993,12719600
6154,146,129,184132,2746,3813122,12738100
6155,146,124,183986,2768,3813246,12643600
6156,138,130,183848,2776,3813376,12652200
6157,146,152,183702,2770,3813528,12618300
6158,141,155,183561,2756,3813683,12944100
6159,124,133,183437,2747,3813816,13014000
6160,129,143,183308,2733,3813959,12651600
6161,138,140,183170,2731,3814099,12617800
6162,127,104,183043,2754,3814203,12630700
6163,118,124,182925,2748,3814327,12673200
6164,116,133,182809,2731,3814460,13458000
6165,141,135,182668,2737,3814595,13390700
6166,149,114,182519,2772,3814709,13367400
6167,134,140,182385,2766,3814849,13283700
6168,126,110,182259,2782,3814959,13462200
6169,137,140,182122,2779,3815099,13169500
6170,139,140,181983,2778,3815239,12883600
6171,157,148,181826,2787,3815387,12889400
6172,155,142,181671,2800,3815529,12948000
6173,139,132,181532,2807,3815661,12847600
6174,150,153,181382,2804,3815814,12931800
6175,153,136,181229,2821,3815950,12823400
6176,153,120,181076,2854,3816070,13235300
6177,138,146,180938,2846,3816216,13383000
6178,138,151,180800,2833,3816367,13304100
6179,141,138,180659,2836,3816505,12642500
6180,138,171,180521,2803,3816676,13238900
6181,145,135,180376,2813,3816811,13251500
6182,134,129,180242,2818,3816940,13033300
6183,129,138,180113,2809,3817078,13098400
6184,141,151,179972,2799,3817229,13182700
6185,129,158,179843,2770,3817387,12634900
6186,148,127,179695,2791,3817514,12645000
6187,121,115,179574,2797,3817629,12621400
6188,132,141,179442,2788,3817770,13111700
6189,147,145,179295,2790,3817915,12757200
6190,143,132,179152,2801,3818047,13015800
6191,130,134,179022,2797,3818181,12643800
6192,138,138,178884,2797,3818319,12977600
6193,146,134,178738,2809,3818453,12704900
6194,149,164,178589,2794,3818617,12648700
6195,150,143,178439,2801,3818760,12686800
6196,156,129,178283,2828,3818889,12596300
6197,147,156,178136,2819,3819045,12654300
6198,144,123,177992,2840,3819168,12658900
6199,151,132,177841,2859,3819300,12896800
6200,134,146,177707,2847,3819446,13067300
6201,126,143,177581,2830,3819589,12642700
6202,137,130,177444,2837,3819719,12644000
6203,151,143,177293,2845,3819862,12624000
6204,133,139,177160,2839,3820001,13087600
6205,136,135,177024,2840,3820136,13134500
6206,139,154,176885,2825,3820290,12907300
6207,134,120,176751,2839,3820410,12778600
6208,145,145,176606,2839,3820555,12677100
6209,132,143,176474,2828,3820698,13054900
6210,147,145,176327,2830,3820843,13327400
6211,135,124,176192,2841,3820967,12986700
6212,135,150,176057,2826,3821117,13245100
6213,110,131,175947,2805,3821248,13344000
6214,143,134,175804,2814,3821382,13036300
6215,120,135,175684,2799,3821517,12866300
6216,112,143,175572,2768,3821660,12999000
6217,139,137,175433,2770,3821797,13080200
6218,138,121,175295,2787,3821918,12885800
6219,138,139,175157,2786,3822057,12597000
6220,129,143,175028,2772,3822200,13026300
6221,144,137,174884,2779,3822337,12742400
6222,150,132,174734,2797,3822469,13255900
6223,138,146,174596,2789,3822615,12896200
6224,159,145,174437,2803,3822760,12980700
6225,156,136,174281,2823,3822896,13069400
6226,145,138,174136,2830,3823034,13444600
6227,142,149,173994,2823,3823183,13183300
6228,133,138,173861,2818,3823321,13122700
6229,130,121,173731,2827,3823442,12621700
6230,132,150,173599,2809,3823592,12605800
6231,137,122,173462,2824,3823714,13280700
6232,129,133,173333,2820,3823847,12939500
6233,119,157,173214,2782,3824004,12865400
6234,126,124,173088,2784,3824128,13188200
6235,132,165,172956,2751,3824293,12650400
6236,142,146,172814,2747,3824439,12648300
6237,133,148,172681,2732,3824587,12631500
6238,133,155,172548,2710,3824742,12681600
6239,127,122,172421,2715,3824864,12653800
6240,142,152,172279,2705,3825016,12942100
6241,154,145,172125,2714,3825161,13232900
6242,138,136,171987,2716,3825297,13120500
6243,142,118,171845,2740,3825415,13155800
6244,127,137,171718,2730,3825552,12874600
6245,136,138,171582,2728,3825690,13083900
6246,152,122,171430,2758,3825812,12700000
6247,132,153,171298,2737,3825965,12601800
6248,121,142,171177,2716,3826107,12627000
6249,132,133,171045,2715,3826240,13345600
6250,114,135,170931,2694,3826375,13248800
6251,126,145,170805,2675,3826520,13017900
6252,123,136,170682,2662,3826656,13256700
6253,116,123,170566,2655,3826779,12689100
6254,124,143,170442,2636,3826922,12936400
6255,118,137,170324,2617,3827059,13047400
6256,119,132,170205,2604,3827191,12912700
6257,137,133,170068,2608,3827324,13205400
6258,127,124,169941,2611,3827448,12901300
6259,143,146,169798,2608,3827594,14897300
6260,111,136,169687,2583,3827730,13125600
6261,142,145,169545,2580,3827875,13242100
6262,120,147,169425,2553,3828022,14165400
6263,132,130,169293,2555,3828152,13054300
6264,132,114,169161,2573,3828266,14600400
6265,121,138,169040,2556,3828404,16374600
6266,123,137,168917,2542,3828541,14287300
6267,145,133,168772,2554,3828674,13129600
6268,118,120,168654,2552,3828794,13183800
6269,133,138,168521,2547,3828932,12959100
6270,128,117,168393,2558,3829049,12609100
6271,129,134,168264,2553,3829183,13547400
6272,125,131,168139,2547,3829314,13044300
6273,120,118,168019,2549,3829432,13041400
6274,150,124,167869,2575,3829556,12830300
6275,160,144,167709,2591,3829700,12889700
6276,129,121,167580,2599,3829821,12683400
6277,125,131,167455,2593,3829952,12887800
6278,125,114,167330,2604,3830066,13013300
6279,132,118,167198,2618,3830184,12666100
6280,135,122,167063,2631,3830306,12562400
6281,127,111,166936,2647,3830417,12645600
6282,126,127,166810,2646,3830544,12785300
6283,150,131,166660,2665,3830675,13104700
6284,139,131,166521,2673,3830806,13827100
6285,139,131,166382,2681,3830937,15748400
6286,133,142,166249,2672,3831079,13462400
6287,132,139,166117,2665,3831218,12702400
6288,137,125,165980,2677,3831343,13219200
6289,145,126,165835,2696,3831469,13776800
6290,140,137,165695,2699,3831606,13309000
6291,132,126,165563,2705,3831732,13254600
6292,127,167,165436,2665,3831899,13248100
6293,133,127,165303,2671,3832026,12725600
6294,125,133,165178,2663,3832159,12708800
6295,127,137,165051,2653,3832296,12689800
6296,116,142,164935,2627,3832438,12898600
6297,124,131,164811,2620,3832569,12623200
6298,128,138,164683,2610,3832707,12792900
6299,122,144,164561,2588,3832851,12645700
6300,113,116,164448,2585,3832967,13383800
6301,125,115,164323,2595,3833082,12689400
6302,136,132,164187,2599,3833214,12697900
6303,134,115,164053,2618,3833329,12654500
6304,141,126,163912,2633,3833455,12584900
6305,129,126,163783,2636,3833581,12619000
6306,125,146,163658,2615,3833727,12627400
6307,126,140,163532,2601,3833867,12637400
6308,130,119,163402,2612,3833986,13008600
6309,132,116,163270,2628,3834102,12576300
6310,123,135,163147,2616,3834237,12931200
6311,123,130,163024,2609,3834367,13005100
6312,124,132,162900,2601,3834499,13241200
6313,143,132,162757,2612,3834631,13488600
6314,119,130,162638,2601,3834761,13254100
6315,140,133,162498,2608,3834894,13157000
6316,115,105,162383,2618,3834999,12916100
6317,121,133,162262,2606,3835132,13307600
6318,125,110,162137,2621,3835242,13522700
6319,146,134,161991,2633,3835376,12714400
6320,122,135,161869,2620,3835511,13961700
6321,108,120,161761,2608,3835631,13939300
6322,130,129,161631,2609,3835760,12614100
6323,120,121,161511,2608,3835881,12584000
6324,116,133,161395,2591,3836014,12848400
6325,144,130,161251,2605,3836144,12716500
6326,123,165,161128,2563,3836309,13136900
6327,112,148,161016,2527,3836457,12897000
6328,115,130,160901,2512,3836587,12951900
6329,127,115,160774,2524,3836702,12936100
6330,136,128,160638,2532,3836830,12976700
6331,114,143,160524,2503,3836973,12588700
6332,103,120,160421,2486,3837093,12678000
6333,120,121,160301,2485,3837214,12628600
6334,121,116,160180,2490,3837330,12614800
6335,123,129,160057,2484,3837459,12633100
6336,116,119,159941,2481,3837578,12577500
6337,106,122,159835,2465,3837700,13030600
6338,128,135,159707,2458,3837835,12892500
6339,124,125,159583,2457,3837960,12703600
6340,112,122,159471,2447,3838082,12631900
6341,122,144,159349,2425,3838226,12943900
6342,115,123,159234,2417,3838349,12999200
6343,136,127,159098,2426,3838476,13218000
6344,122,114,158976,2434,3838590,12617100
6345,106,113,158870,2427,3838703,13118300
6346,143,126,158727,2444,3838829,12730200
6347,122,128,158605,2438,3838957,12849000
6348,127,122,158478,2443,3839079,12956700
6349,131,140,158347,2434,3839219,12906100
6350,113,115,158234,2432,3839334,12794000
6351,121,120,158113,2433,3839454,13342600
6352,113,117,158000,2429,3839571,12806800
6353,102,129,157898,2402,3839700,13318400
6354,111,127,157787,2386,3839827,12838100
6355,117,130,157670,2373,3839957,12863600
6356,122,115,157548,2380,3840072,12902100
6357,116,102,157432,2394,3840174,13260700
6358,114,107,157318,2401,3840281,13277800
6359,118,119,157200,2400,3840400,13456500
6360,114,117,157086,2397,3840517,13484200
6361,128,127,156958,2398,3840644,12713200
6362,95,107,156863,2386,3840751,12708100
6363,111,121,156752,2376,3840872,13251600
6364,107,118,156645,2365,3840990,15785800
6365,110,121,156535,2354,3841111,14811200
6366,118,127,156417,2345,3841238,13444700
6367,122,144,156295,2323,3841382,13288800
6368,103,118,156192,2308,3841500,12806600
6369,110,121,156082,2297,3841621,12619200
6370,125,123,155957,2299,3841744,12597400
6371,105,115,155852,2289,3841859,12581500
6372,116,111,155736,2294,3841970,12588600
6373,105,132,155631,2267,3842102,12668900
6374,109,96,155522,2280,3842198,13126400
6375,119,111,155403,2288,3842309,12934300
6376,131,103,155272,2316,3842412,12565200
6377,120,105,155152,2331,3842517,13390500
6378,123,120,155029,2334,3842637,12961500
6379,130,109,154899,2355,3842746,13090100
6380,116,137,154783,2334,3842883,13351600
6381,117,124,154666,2327,3843007,13010400
6382,106,109,154560,2324,3843116,13293200
6383,115,106,154445,2333,3843222,12706100
6384,101,111,154344,2323,3843333,12765400
6385,131,112,154213,2342,3843445,13316600
6386,105,126,154108,2321,3843571,13178000
6387,144,120,153964,2345,3843691,12839300
6388,118,113,153846,2350,3843804,12619400
6389,121,126,153725,2345,3843930,12994900
6390,112,110,153613,2347,3844040,12820100
6391,108,122,153505,2333,3844162,12674500
6392,119,101,153386,2351,3844263,13058500
6393,106,115,153280,2342,3844378,12591900
6394,135,109,153145,2368,3844487,12722400
6395,108,109,153037,2367,3844596,13272400
6396,98,100,152939,2365,3844696,12758600
6397,110,129,152829,2346,3844825,13233000
6398,144,123,152685,2367,3844948,12988700
6399,112,115,152573,2364,3845063,12889700
6400,97,122,152476,2339,3845185,12627300
6401,128,122,152348,2345,3845307,13004600
6402,100,117,152248,2328,3845424,13197900
6403,110,112,152138,2326,3845536,12580600
6404,105,93,152033,2338,3845629,13079800
6405,128,137,151905,2329,3845766,12732900
6406,134,125,151771,2338,3845891,13020200
6407,110,148,151661,2300,3846039,12606600
6408,110,110,151551,2300,3846149,13152300
6409,109,95,151442,2314,3846244,13240800
6410,118,113,151324,2319,3846357,13010800
6411,135,114,151189,2340,3846471,12674200
6412,121,133,151068,2328,3846604,12929400
6413,86,108,150982,2306,3846712,12901200
6414,105,111,150877,2300,3846823,13107600
6415,93,115,150784,2278,3846938,12723400
6416,122,111,150662,2289,3847049,13054000
6417,121,113,150541,2297,3847162,12823800
6418,104,124,150437,2277,3847286,12820200
6419,120,120,150317,2277,3847406,12717400
6420,109,113,150208,2273,3847519,13108000
6421,107,119,150101,2261,3847638,13154900
6422,115,102,149986,2274,3847740,13027700
6423,98,120,149888,2252,3847860,13241300
6424,116,112,149772,2256,3847972,12656500
6425,112,132,149660,2236,3848104,13738500
6426,95,121,149565,2210,3848225,13045000
6427,116,116,149449,2210,3848341,13187400
6428,116,107,149333,2219,3848448,12912700
6429,118,101,149215,2236,3848549,12905900
6430,94,98,149121,2232,3848647,12650600
6431,105,119,149016,2218,3848766,12592900
6432,109,103,148907,2224,3848869,12638800
6433,121,128,148786,2217,3848997,12706600
6434,99,122,148687,2194,3849119,13163200
6435,107,108,148580,2193,3849227,13332400
6436,101,107,148479,2187,3849334,12905400
6437,97,109,148382,2175,3849443,13103200
6438,112,127,148270,2160,3849570,12874500
6439,109,105,148161,2164,3849675,13229400
6440,110,112,148051,2162,3849787,13614800
6441,103,113,147948,2152,3849900,13631200
6442,113,112,147835,2153,3850012,15212900
6443,115,105,147720,2163,3850117,13960100
6444,118,91,147602,2190,3850208,13121700
6445,114,123,147488,2181,3850331,12975000
6446,112,97,147376,2196,3850428,13238200
6447,123,102,147253,2217,3850530,13229900
6448,101,100,147152,2218,3850630,13996400
6449,138,107,147014,2249,3850737,15085100
6450,124,103,146890,2270,3850840,13391400
6451,125,90,146765,2305,3850930,12844500
6452,128,110,146637,2323,3851040,12610000
6453,128,98,146509,2353,3851138,12552700
6454,156,123,146353,2386,3851261,13169200
6455,120,118,146233,2388,3851379,13005500
6456,130,114,146103,2404,3851493,12964000
6457,131,136,145972,2399,3851629,12602100
6458,121,116,145851,2404,3851745,13059500
6459,106,137,145745,2373,3851882,12705100
6460,125,112,145620,2386,3851994,13019500
6461,143,115,145477,2414,3852109,12648000
6462,123,141,145354,2396,3852250,12634000
6463,137,115,145217,2418,3852365,12555900
6464,122,133,145095,2407,3852498,12949400
6465,144,110,144951,2441,3852608,12768100
6466,149,117,144802,2473,3852725,13443000
6467,118,127,144684,2464,3852852,13346100
6468,154,127,144530,2491,3852979,12611900
6469,129,141,144401,2479,3853120,12862000
6470,125,131,144276,2473,3853251,12727100
6471,119,114,144157,2478,3853365,12751400
6472,131,112,144026,2497,3853477,13051700
6473,116,138,143910,2475,3853615,12761600
6474,117,112,143793,2480,3853727,12954900
6475,124,109,143669,2495,3853836,13507800
6476,135,121,143534,2509,3853957,12939000
6477,119,128,143415,2500,3854085,12898100
6478,113,122,143302,2491,3854207,12828400
6479,115,126,143187,2480,3854333,12644500
6480,116,121,143071,2475,3854454,12597600
6481,123,133,142948,2465,3854587,12640600
6482,101,107,142847,2459,3854694,12939300
6483,132,125,142715,2466,3854819,13106000
6484,103,155,142612,2414,3854974,13235900
6485,123,128,142489,2409,3855102,12674600
6486,122,137,142367,2394,3855239,12668900
6487,108,104,142259,2398,3855343,12593100
6488,119,124,142140,2393,3855467,12589100
6489,122,131,142018,2384,3855598,13104300
6490,116,117,141902,2383,3855715,12996400
6491,122,117,141780,2388,3855832,12654700
6492,104,113,141676,2379,3855945,13003700
6493,106,118,141570,2367,3856063,13106500
6494,112,117,141458,2362,3856180,12926700
6495,109,119,141349,2352,3856299,13110800
6496,126,115,141223,2363,3856414,12875500
6497,114,103,141109,2374,3856517,12708000
6498,103,117,141006,2360,3856634,12984100
6499,108,109,140898,2359,3856743,12784600
6500,122,104,140776,2377,3856847,13129700
6501,105,116,140671,2366,3856963,13307300
6502,112,111,140559,2367,3857074,12638600
6503,105,111,140454,2361,3857185,12657200
6504,117,109,140337,2369,3857294,12600200
6505,110,131,140227,2348,3857425,12589400
6506,118,117,140109,2349,3857542,12623000
6507,133,125,139976,2357,3857667,12680300
6508,123,114,139853,2366,3857781,13148200
6509,121,97,139732,2390,3857878,13695500
6510,133,119,139599,2404,3857997,12609500
6511,122,105,139477,2421,3858102,12625200
6512,106,97,139371,2430,3858199,12879000
6513,124,101,139247,2453,3858300,12683000
6514,111,131,139136,2433,3858431,13039700
6515,119,120,139017,2432,3858551,12916700
6516,128,126,138889,2434,3858677,12679100
6517,111,115,138778,2430,3858792,13270700
6518,121,124,138657,2427,3858916,12875800
6519,119,113,138538,2433,3859029,13070100
6520,110,114,138428,2429,3859143,13191200
6521,93,133,138335,2389,3859276,13126000
6522,106,118,138229,2377,3859394,12836000
6523,109,128,138120,2358,3859522,13339700
6524,95,108,138025,2345,3859630,13413500
6525,112,136,137913,2321,3859766,12689800
6526,96,121,137817,2296,3859887,12599300
6527,100,115,137717,2281,3860002,12674700
6528,107,102,137610,2286,3860104,13097600
6529,103,110,137507,2279,3860214,12728900
6530,116,108,137391,2287,3860322,12906500
6531,95,120,137296,2262,3860442,13007800
6532,98,113,137198,2247,3860555,13351000
6533,105,98,137093,2254,3860653,15173700
6534,119,114,136974,2259,3860767,12967900
6535,118,141,136856,2236,3860908,12870100
6536,110,130,136746,2216,3861038,12842100
6537,105,110,136641,2211,3861148,12905200
6538,96,109,136545,2198,3861257,12810400
6539,119,108,136426,2209,3861365,13956700
6540,113,107,136313,2215,3861472,13341900
6541,95,106,136218,2204,3861578,13279900
6542,124,101,136094,2227,3861679,13296800
6543,116,94,135978,2249,3861773,13326500
6544,122,117,135856,2254,3861890,12606500
6545,100,111,135756,2243,3862001,13052300
6546,96,115,135660,2224,3862116,12843700
6547,103,139,135557,2188,3862255,12670900
6548,110,107,135447,2191,3862362,12763400
6549,96,107,135351,2180,3862469,12756800
6550,95,121,135256,2154,3862590,12684800
6551,103,112,135153,2145,3862702,12738700
6552,106,106,135047,2145,3862808,12659600
6553,100,106,134947,2139,3862914,12666200
6554,96,109,134851,2126,3863023,12615500
6555,111,89,134740,2148,3863112,12669200
6556,117,98,134623,2167,3863210,12910600
6557,108,94,134515,2181,3863304,12948300
6558,102,103,134413,2180,3863407,13045600
6559,127,94,134286,2213,3863501,13031000
6560,111,111,134175,2213,3863612,12622900
6561,92,102,134083,2203,3863714,12948700
6562,106,123,133977,2186,3863837,12600000
6563,112,133,133865,2165,3863970,12703300
6564,95,106,133770,2154,3864076,12656100
6565,102,104,133668,2152,3864180,12562200
6566,92,116,133576,2128,3864296,12577800
6567,96,119,133480,2105,3864415,12609600
6568,111,92,133369,2124,3864507,12682900
6569,119,108,133250,2135,3864615,12913800
6570,107,101,133143,2141,3864716,12887100
6571,103,121,133040,2123,3864837,13054100
6572,103,96,132937,2130,3864933,12811100
6573,104,108,132833,2126,3865041,12985600
6574,114,103,132719,2137,3865144,12645700
6575,101,109,132618,2129,3865253,12583300
6576,101,100,132517,2130,3865353,12548600
6577,101,109,132416,2122,3865462,12928600
6578,97,115,132319,2104,3865577,12959100
6579,110,109,132209,2105,3865686,12962000
6580,108,111,132101,2102,3865797,12980200
6581,102,102,131999,2102,3865899,12590600
6582,99,105,131900,2096,3866004,13196500
6583,97,112,131803,2081,3866116,12829300
6584,95,101,131708,2075,3866217,12658600
6585,100,90,131608,2085,3866307,12583200
6586,104,102,131504,2087,3866409,12590000
6587,110,101,131394,2096,3866510,12639400
6588,115,100,131279,2111,3866610,12674900
6589,115,98,131164,2128,3866708,12643500
6590,101,117,131063,2112,3866825,12988200
6591,102,108,130961,2106,3866933,12981900
6592,104,106,130857,2104,3867039,12928600
6593,102,117,130755,2089,3867156,12982100
6594,104,89,130651,2104,3867245,12945800
6595,110,98,130541,2116,3867343,12938300
6596,110,106,130431,2120,3867449,13350100
6597,107,106,130324,2121,3867555,12895800
6598,108,112,130216,2117,3867667,13140600
6599,116,114,130100,2119,3867781,15742500
6600,119,96,129981,2142,3867877,12577700
6601,116,94,129865,2164,3867971,12939000
6602,96,107,129769,2153,3868078,12660900
6603,125,102,129644,2176,3868180,13030900
6604,101,132,129543,2145,3868312,12898500
6605,119,115,129424,2149,3868427,12734700
6606,112,100,129312,2161,3868527,12609600
6607,105,114,129207,2152,3868641,12598200
6608,117,99,129090,2170,3868740,12825100
6609,107,114,128983,2163,3868854,12975900
6610,107,91,128876,2179,3868945,13267600
6611,100,88,128776,2191,3869033,13005400
6612,109,104,128667,2196,3869137,13273500
6613,113,118,128554,2191,3869255,13225600
6614,101,97,128453,2195,3869352,13190400
6615,107,115,128346,2187,3869467,12933700
6616,108,105,128238,2190,3869572,12580500
6617,106,108,128132,2188,3869680,12621900
6618,92,115,128040,2165,3869795,12593600
6619,104,119,127936,2150,3869914,12624300
6620,82,104,127854,2128,3870018,12650400
6621,108,102,127746,2134,3870120,12548400
6622,98,133,127648,2099,3870253,12767900
6623,95,94,127553,2100,3870347,12818100
6624,125,99,127428,2126,3870446,12850200
6625,100,82,127328,2144,3870528,12996800
6626,102,98,127226,2148,3870626,12890000
6627,107,128,127119,2127,3870754,13013400
6628,102,104,127017,2125,3870858,15176300
6629,112,117,126905,2120,3870975,13559100
6630,95,96,126810,2119,3871071,12950600
6631,88,122,126722,2085,3871193,12944100
6632,109,97,126613,2097,3871290,13113800
6633,101,98,126512,2100,3871388,13096700
6634,96,104,126416,2092,3871492,13167400
6635,85,87,126331,2090,3871579,13245100
6636,73,101,126258,2062,3871680,13022700
6637,104,90,126154,2076,3871770,12561100
6638,110,122,126044,2064,3871892,12566100
6639,107,100,125937,2071,3871992,12625700
6640,86,105,125851,2052,3872097,12825300
6641,69,99,125782,2022,3872196,12983600
6642,99,92,125683,2029,3872288,12841200
6643,102,91,125581,2040,3872379,12656500
6644,113,108,125468,2045,3872487,12902600
6645,104,103,125364,2046,3872590,12597900
6646,97,97,125267,2046,3872687,12632100
6647,88,100,125179,2034,3872787,12594900
6648,91,102,125088,2023,3872889,12956800
6649,103,94,124985,2032,3872983,13150000
6650,102,116,124883,2018,3873099,12630900
6651,113,117,124770,2014,3873216,12622200
6652,103,90,124667,2027,3873306,12572500
6653,118,114,124549,2031,3873420,12620300
6654,91,115,124458,2007,3873535,12609600
6655,109,93,124349,2023,3873628,12617700
6656,101,110,124248,2014,3873738,12597600
6657,104,99,124144,2019,3873837,13006200
6658,94,119,124050,1994,3873956,12772100
6659,99,91,123951,2002,3874047,12649400
6660,94,106,123857,1990,3874153,13207400
6661,82,121,123775,1951,3874274,12665300
6662,86,104,123689,1933,3874378,12567800
6663,95,96,123594,1932,3874474,12625300
6664,85,100,123509,1917,3874574,12646400
6665,106,94,123403,1929,3874668,12986800
6666,90,111,123313,1908,3874779,13033000
6667,105,93,123208,1920,3874872,12628700
6668,97,85,123111,1932,3874957,12869200
6669,106,88,123005,1950,3875045,12553000
6670,107,93,122898,1964,3875138,13002700
6671,90,107,122808,1947,3875245,12848700
6672,85,99,122723,1933,3875344,13469600
6673,109,108,122614,1934,3875452,12945400
6674,110,94,122504,1950,3875546,13335500
6675,111,108,122393,1953,3875654,13016700
6676,108,99,122285,1962,3875753,13000600
6677,95,100,122190,1957,3875853,12777700
6678,106,93,122084,1970,3875946,13061400
6679,107,92,121977,1985,3876038,12825600
6680,114,93,121863,2006,3876131,12667600
6681,118,89,121745,2035,3876220,12719000
6682,112,83,121633,2064,3876303,13201100
6683,115,114,121518,2065,3876417,13013700
6684,119,82,121399,2102,3876499,13207900
6685,112,110,121287,2104,3876609,13071100
6686,102,119,121185,2087,3876728,13266500
6687,103,96,121082,2094,3876824,13671700
6688,97,121,120985,2070,3876945,12582600
6689,103,106,120882,2067,3877051,12604500
6690,89,84,120793,2072,3877135,12544200
6691,93,113,120700,2052,3877248,12526200
6692,92,89,120608,2055,3877337,12642800
6693,90,102,120518,2043,3877439,12599700
6694,96,107,120422,2032,3877546,12661300
6695,87,99,120335,2020,3877645,12560400
6696,88,99,120247,2009,3877744,12802900
6697,74,91,120173,1992,3877835,12972600
6698,86,89,120087,1989,3877924,12929700
6699,91,106,119996,1974,3878030,13085500
6700,89,111,119907,1952,3878141,13146500
6701,86,101,119821,1937,3878242,12864400
6702,93,108,119728,1922,3878350,13077300
6703,86,91,119642,1917,3878441,13896900
6704,85,109,119557,1893,3878550,13458000
6705,81,87,119476,1887,3878637,13230500
6706,92,91,119384,1888,3878728,12676000
6707,77,88,119307,1877,3878816,13010000
6708,92,93,119215,1876,3878909,12889200
6709,75,86,119140,1865,3878995,12567800
6710,80,97,119060,1848,3879092,12588300
6711,83,86,118977,1845,3879178,12749700
6712,91,97,118886,1839,3879275,13135800
6713,92,89,118794,1842,3879364,12724000
6714,82,91,118712,1833,3879455,12547400
6715,85,87,118627,1831,3879542,13501600
6716,88,92,118539,1827,3879634,12970500
6717,99,85,118440,1841,3879719,13643200
6718,102,104,118338,1839,3879823,15120200
6719,93,74,118245,1858,3879897,14199200
6720,102,75,118143,1885,3879972,13376700
6721,87,108,118056,1864,3880080,12850700
6722,73,97,117983,1840,3880177,12889300
6723,90,86,117893,1844,3880263,13522800
6724,91,106,117802,1829,3880369,13276700
6725,78,89,117724,1818,3880458,13140900
6726,85,94,117639,1809,3880552,13509400
6727,90,81,117549,1818,3880633,13456900
6728,88,93,117461,1813,3880726,12800700
6729,98,99,117363,1812,3880825,12565000
6730,88,94,117275,1806,3880919,12544500
6731,84,100,117191,1790,3881019,12760800
6732,104,82,117087,1812,3881101,12677200
6733,107,90,116980,1829,3881191,12616300
6734,94,101,116886,1822,3881292,13139600
6735,80,104,116806,1798,3881396,12835900
6736,90,84,116716,1804,3881480,13000500
6737,98,82,116618,1820,3881562,13081300
6738,69,99,116549,1790,3881661,12977900
6739,99,95,116450,1794,3881756,12713500
6740,72,88,116378,1778,3881844,12853200
6741,106,68,116272,1816,3881912,12918700
6742,108,95,116164,1829,3882007,12588500
6743,87,93,116077,1823,3882100,13165400
6744,110,95,115967,1838,3882195,12926800
6745,100,96,115867,1842,3882291,12664500
6746,112,81,115755,1873,3882372,12847300
6747,96,100,115659,1869,3882472,13239600
6748,107,94,115552,1882,3882566,13164500
6749,99,97,115453,1884,3882663,13663700
6750,87,77,115366,1894,3882740,13164400
6751,93,96,115273,1891,3882836,12972400
6752,96,103,115177,1884,3882939,12904000
6753,81,101,115096,1864,3883040,13117100
6754,94,96,115002,1862,3883136,12925900
6755,93,85,114909,1870,3883221,12952900
6756,85,99,114824,1856,3883320,12540900
6757,92,94,114732,1854,3883414,12671700
6758,96,90,114636,1860,3883504,12630200
6759,93,89,114543,1864,3883593,12608900
6760,113,89,114430,1888,3883682,12642100
6761,117,88,114313,1917,3883770,12810200
6762,92,99,114221,1910,3883869,12591600
6763,126,102,114095,1934,3883971,12831400
6764,96,83,113999,1947,3884054,13289500
6765,96,111,113903,1932,3884165,13203700
6766,104,105,113799,1931,3884270,13078800
6767,96,94,113703,1933,3884364,12597600
6768,84,97,113619,1920,3884461,12768800
6769,91,96,113528,1915,3884557,12745200
6770,98,99,113430,1914,3884656,13344000
6771,96,94,113334,1916,3884750,13108000
6772,92,88,113242,1920,3884838,13037600
6773,87,86,113155,1921,3884924,12668700
6774,83,80,113072,1924,3885004,12609400
6775,92,81,112980,1935,3885085,12592100
6776,96,88,112884,1943,3885173,12781600
6777,97,105,112787,1935,3885278,13093600
6778,95,108,112692,1922,3885386,12594400
6779,89,109,112603,1902,3885495,12627300
6780,86,90,112517,1898,3885585,12703300
6781,106,100,112411,1904,3885685,12749700
6782,89,103,112322,1890,3885788,12698200
6783,88,92,112234,1886,3885880,12817400
6784,99,79,112135,1906,3885959,12867300
6785,99,103,112036,1902,3886062,12727100
6786,78,80,111958,1900,3886142,12897300
6787,91,90,111867,1901,3886232,12918000
6788,106,98,111761,1909,3886330,13051100
6789,99,80,111662,1928,3886410,12599100
6790,96,102,111566,1922,3886512,12688600
6791,100,107,111466,1915,3886619,12586000
6792,96,88,111370,1923,3886707,12549300
6793,98,79,111272,1942,3886786,12775600
6794,104,82,111168,1964,3886868,12980900
6795,103,108,111065,1959,3886976,12656500
6796,105,82,110960,1982,3887058,12593800
6797,103,108,110857,1977,3887166,12921600
6798,92,101,110765,1968,3887267,12640600
6799,98,88,110667,1978,3887355,12843200
6800,114,101,110553,1991,3887456,13123700
6801,95,104,110458,1982,3887560,12751200
6802,88,119,110370,1951,3887679,12873200
6803,90,88,110280,1953,3887767,13127300
6804,108,94,110172,1967,3887861,12808100
6805,98,85,110074,1980,3887946,12686300
6806,109,101,109965,1988,3888047,13095300
6807,106,91,109859,2003,3888138,12781800
6808,110,98,109749,2015,3888236,12752500
6809,109,97,109640,2027,3888333,13034400
6810,90,102,109550,2015,3888435,14558900
6811,98,108,109452,2005,3888543,12793800
6812,91,86,109361,2010,3888629,13179000
6813,84,115,109277,1979,3888744,13312200
6814,104,102,109173,1981,3888846,13961000
6815,95,89,109078,1987,3888935,13124700
6816,94,92,108984,1989,3889027,13033800
6817,89,101,108895,1977,3889128,15032700
6818,94,92,108801,1979,3889220,13336400
6819,102,91,108699,1990,3889311,12737200
6820,87,96,108612,1981,3889407,13264900
6821,83,106,108529,1958,3889513,12816100
6822,101,97,108428,1962,3889610,13294900
6823,88,92,108340,1958,3889702,12565100
6824,98,94,108242,1962,3889796,13042900
6825,111,84,108131,1989,3889880,12944500
6826,95,113,108036,1971,3889993,12834800
6827,89,94,107947,1966,3890087,13701000
6828,109,96,107838,1979,3890183,13462000
6829,95,92,107743,1982,3890275,12584700
6830,97,95,107646,1984,3890370,12742000
6831,104,120,107542,1968,3890490,12853200
6832,104,131,107438,1941,3890621,12695700
6833,78,100,107360,1919,3890721,12694100
6834,95,92,107265,1922,3890813,12738700
6835,90,101,107175,1911,3890914,12613300
6836,83,97,107092,1897,3891011,12602600
6837,77,102,107015,1872,3891113,12578600
6838,92,96,106923,1868,3891209,12521100
6839,102,91,106821,1879,3891300,13667900
6840,80,108,106741,1851,3891408,13104900
6841,102,98,106639,1855,3891506,13230700
6842,93,79,106546,1869,3891585,12913300
6843,105,99,106441,1875,3891684,13317500
6844,76,98,106365,1853,3891782,13129800
6845,93,91,106272,1855,3891873,12702400
6846,108,100,106164,1863,3891973,12634800
6847,86,82,106078,1867,3892055,12550400
6848,87,96,105991,1858,3892151,12578200
6849,84,89,105907,1853,3892240,12559200
6850,95,84,105812,1864,3892324,12516000
6851,84,90,105728,1858,3892414,12615700
6852,109,85,105619,1882,3892499,12926500
6853,79,90,105540,1871,3892589,13133800
6854,86,88,105454,1869,3892677,12601600
6855,87,101,105367,1855,3892778,12527500
6856,92,99,105275,1848,3892877,12744300
6857,75,90,105200,1833,3892967,12781300
6858,94,94,105106,1833,3893061,12661500
6859,92,87,105014,1838,3893148,12699300
6860,99,96,104915,1841,3893244,12832900
6861,67,98,104848,1810,3893342,12584600
6862,73,99,104775,1784,3893441,12609200
6863,98,102,104677,1780,3893543,12832600
6864,81,84,104596,1777,3893627,12621400
6865,86,82,104510,1781,3893709,12863200
6866,93,96,104417,1778,3893805,12877200
6867,93,91,104324,1780,3893896,13122800
6868,73,82,104251,1771,3893978,12595000
6869,73,113,104178,1731,3894091,12604000
6870,89,88,104089,1732,3894179,12554900
6871,78,80,104011,1730,3894259,12530900
6872,82,91,103929,1721,3894350,12574300
6873,76,98,103853,1699,3894448,12895300
6874,97,90,103756,1706,3894538,12692600
6875,78,97,103678,1687,3894635,13018300
6876,75,89,103603,1673,3894724,12542300
6877,72,87,103531,1658,3894811,14108300
6878,75,79,103456,1654,3894890,13782500
6879,70,67,103386,1657,3894957,12952800
6880,87,81,103299,1663,3895038,12813100
6881,78,94,103221,1647,3895132,12973500
6882,72,75,103149,1644,3895207,13025900
6883,70,73,103079,1641,3895280,13018200
6884,79,80,103000,1640,3895360,13069300
6885,71,69,102929,1642,3895429,12913600
6886,82,74,102847,1650,3895503,12805800
6887,94,86,102753,1658,3895589,13715000
6888,77,75,102676,1660,3895664,13153200
6889,76,77,102600,1659,3895741,13098800
6890,79,82,102521,1656,3895823,12924600
6891,75,71,102446,1660,3895894,13248600
6892,88,83,102358,1665,3895977,13340100
6893,86,71,102272,1680,3896048,13532000
6894,92,70,102180,1702,3896118,13162000
6895,87,75,102093,1714,3896193,13715500
6896,104,85,101989,1733,3896278,12805500
6897,98,82,101891,1749,3896360,13346500
6898,93,85,101798,1757,3896445,13076400
6899,87,98,101711,1746,3896543,13236700
6900,103,76,101608,1773,3896619,13220600
6901,83,96,101525,1760,3896715,13014100
6902,89,87,101436,1762,3896802,13028900
6903,95,91,101341,1766,3896893,12994900
6904,98,81,101243,1783,3896974,15333000
6905,100,83,101143,1800,3897057,13816900
6906,99,86,101044,1813,3897143,13945700
6907,119,98,100925,1834,3897241,13137900
6908,97,93,100828,1838,3897334,15196200
6909,86,84,100742,1840,3897418,15064600
6910,87,108,100655,1819,3897526,13148500
6911,102,101,100553,1820,3897627,13027600
6912,81,114,100472,1787,3897741,13203000
6913,92,95,100380,1784,3897836,13276000
6914,90,108,100290,1766,3897944,13157800
6915,81,81,100209,1766,3898025,13025100
6916,100,73,100109,1793,3898098,13145800
6917,77,86,100032,1784,3898184,13410000
6918,95,87,99937,1792,3898271,13016600
6919,93,81,99844,1804,3898352,13098800
6920,95,90,99749,1809,3898442,13404300
6921,107,91,99642,1825,3898533,13527900
6922,109,83,99533,1851,3898616,13893200
6923,87,81,99446,1857,3898697,13327800
6924,82,109,99364,1830,3898806,12919400
6925,98,79,99266,1849,3898885,12616000
6926,93,78,99173,1864,3898963,12974600
6927,110,96,99063,1878,3899059,12680900
6928,99,87,98964,1890,3899146,12905000
6929,86,94,98878,1882,3899240,12621800
6930,99,111,98779,1870,3899351,12609300
6931,90,84,98689,1876,3899435,12560200
6932,95,82,98594,1889,3899517,12681400
6933,99,112,98495,1876,3899629,12791800
6934,88,84,98407,1880,3899713,13271100
6935,89,104,98318,1865,3899817,12798900
6936,97,96,98221,1866,3899913,12896600
6937,93,107,98128,1852,3900020,12591500
6938,83,87,98045,1848,3900107,13007900
6939,76,92,97969,1832,3900199,12949900
6940,81,95,97888,1818,3900294,12601400
6941,93,91,97795,1820,3900385,12553200
6942,88,101,97707,1807,3900486,12563000
6943,93,92,97614,1808,3900578,12591100
6944,82,97,97532,1793,3900675,12542300
6945,84,90,97448,1787,3900765,12532100
6946,95,87,97353,1795,3900852,12570700
6947,93,93,97260,1795,3900945,12493900
6948,87,89,97173,1793,3901034,13029700
6949,93,86,97080,1800,3901120,13034800
6950,85,103,96995,1782,3901223,12579400
6951,93,71,96902,1804,3901294,12554600
6952,84,87,96818,1801,3901381,12540100
6953,97,90,96721,1808,3901471,13049800
6954,107,88,96614,1827,3901559,13152200
6955,87,87,96527,1827,3901646,12565400
6956,76,107,96451,1796,3901753,12775000
6957,80,90,96371,1786,3901843,12686900
6958,90,84,96281,1792,3901927,12649200
6959,85,97,96196,1780,3902024,12929800
6960,99,88,96097,1791,3902112,12617100
6961,72,93,96025,1770,3902205,12588900
6962,105,96,95920,1779,3902301,12568400
6963,83,110,95837,1752,3902411,12516800
6964,75,89,95762,1738,3902500,12598200
6965,93,83,95669,1748,3902583,12542100
6966,92,77,95577,1763,3902660,12545800
6967,100,90,95477,1773,3902750,12606900
6968,84,85,95393,1772,3902835,12535100
6969,81,85,95312,1768,3902920,13390500
6970,84,70,95228,1782,3902990,13069500
6971,83,106,95145,1759,3903096,13244000
6972,86,96,95059,1749,3903192,12728000
6973,86,88,94973,1747,3903280,12861900
6974,91,84,94882,1754,3903364,12594500
6975,86,96,94796,1744,3903460,13161400
6976,68,71,94728,1741,3903531,13285900
6977,85,97,94643,1729,3903628,12626100
6978,84,97,94559,1716,3903725,12924500
6979,78,75,94481,1719,3903800,13349000
6980,91,85,94390,1725,3903885,12601000
6981,89,73,94301,1741,3903958,12834200
6982,88,89,94213,1740,3904047,14077200
6983,98,94,94115,1744,3904141,13090200
6984,91,82,94024,1753,3904223,12611200
6985,87,77,93937,1763,3904300,12631200
6986,96,86,93841,1773,3904386,12856100
6987,90,82,93751,1781,3904468,12927700
6988,78,76,93673,1783,3904544,12891200
6989,90,95,93583,1778,3904639,12861700
6990,100,90,93483,1788,3904729,12838900
6991,102,90,93381,1800,3904819,12605900
6992,91,103,93290,1788,3904922,12790400
6993,70,75,93220,1783,3904997,13180800
6994,98,93,93122,1788,3905090,13413300
6995,79,85,93043,1782,3905175,14829900
6996,84,104,92959,1762,3905279,17614200
6997,89,81,92870,1770,3905360,16284300
6998,90,76,92780,1784,3905436,13494100
6999,90,88,92690,1786,3905524,15556400
7000,68,90,92622,1764,3905614,14260800
7001,72,75,92550,1761,3905689,13694800
7002,80,83,92470,1758,3905772,13354900
7003,89,79,92381,1768,3905851,14227000
7004,78,94,92303,1752,3905945,13233600
7005,89,91,92214,1750,3906036,12983500
7006,92,81,92122,1761,3906117,13023100
7007,84,95,92038,1750,3906212,12817300
7008,74,92,91964,1732,3906304,13159600
7009,87,88,91877,1731,3906392,12844300
7010,75,84,91802,1722,3906476,12914100
7011,73,93,91729,1702,3906569,12932400
7012,86,81,91643,1707,3906650,12772000
7013,86,84,91557,1709,3906734,13071000
7014,85,90,91472,1704,3906824,13222000
7015,79,87,91393,1696,3906911,12943400
7016,70,85,91323,1681,3906996,12543900
7017,88,88,91235,1681,3907084,12554700
7018,64,93,91171,1652,3907177,12533100
7019,71,90,91100,1633,3907267,12926400
7020,82,80,91018,1635,3907347,13086600
7021,86,79,90932,1642,3907426,12546400
7022,79,86,90853,1635,3907512,12523400
7023,74,84,90779,1625,3907596,12567900
7024,77,85,90702,1617,3907681,12724100
7025,81,80,90621,1618,3907761,12687500
7026,71,88,90550,1601,3907849,12585300
7027,73,71,90477,1603,3907920,12656400
7028,70,75,90407,1598,3907995,12925600
7029,82,85,90325,1595,3908080,12529400
7030,68,59,90257,1604,3908139,12868500
7031,73,75,90184,1602,3908214,12923000
7032,66,84,90118,1584,3908298,12917500
7033,85,84,90033,1585,3908382,12919500
7034,74,93,89959,1566,3908475,12989400
7035,80,87,89879,1559,3908562,12911800
7036,71,84,89808,1546,3908646,13033600
7037,76,78,89732,1544,3908724,12814900
7038,76,74,89656,1546,3908798,12827400
7039,91,95,89565,1542,3908893,15129400
7040,71,106,89494,1507,3908999,13035900
7041,93,79,89401,1521,3909078,12927400
7042,65,82,89336,1504,3909160,12860800
7043,64,78,89272,1490,3909238,12987200
7044,73,71,89199,1492,3909309,13000700
7045,88,75,89111,1505,3909384,12910800
7046,76,91,89035,1490,3909475,13139100
7047,64,87,88971,1467,3909562,13813400
7048,85,79,88886,1473,3909641,13389100
7049,64,77,88822,1460,3909718,12820900
7050,64,62,88758,1462,3909780,12551400
7051,77,74,88681,1465,3909854,12647300
7052,78,75,88603,1468,3909929,12895200
7053,70,62,88533,1476,3909991,13070800
7054,93,72,88440,1497,3910063,12643100
7055,94,54,88346,1537,3910117,12576600
7056,88,83,88258,1542,3910200,12538800
7057,80,75,88178,1547,3910275,13173000
7058,96,72,88082,1571,3910347,13486600
7059,87,81,87995,1577,3910428,12851100
7060,88,82,87907,1583,3910510,12674400
7061,81,72,87826,1592,3910582,13075100
7062,95,95,87731,1592,3910677,13147600
7063,78,85,87653,1585,3910762,13264300
7064,77,89,87576,1573,3910851,12806700
7065,78,83,87498,1568,3910934,12908500
7066,78,75,87420,1571,3911009,12869300
7067,60,98,87360,1533,3911107,12634300
7068,79,60,87281,1552,3911167,12567000
7069,79,77,87202,1554,3911244,12744900
7070,63,78,87139,1539,3911322,12525500
7071,75,77,87064,1537,3911399,12634400
7072,64,79,87000,1522,3911478,12569100
7073,82,70,86918,1534,3911548,12490800
7074,66,83,86852,1517,3911631,12573400
7075,81,72,86771,1526,3911703,12481100
7076,73,82,86698,1517,3911785,12628300
7077,62,84,86636,1495,3911869,12745600
7078,61,63,86575,1493,3911932,12820000
7079,82,65,86493,1510,3911997,12643300
7080,72,67,86421,1515,3912064,12816400
7081,60,79,86361,1496,3912143,13061500
7082,75,80,86286,1491,3912223,13195600
7083,65,87,86221,1469,3912310,12972000
7084,63,73,86158,1459,3912383,13185200
7085,75,58,86083,1476,3912441,13645500
7086,78,79,86005,1475,3912520,13349600
7087,82,63,85923,1494,3912583,13643000
7088,74,71,85849,1497,3912654,13314300
7089,88,74,85761,1511,3912728,13502800
7090,89,81,85672,1519,3912809,13545300
7091,89,73,85583,1535,3912882,13223900
7092,72,73,85511,1534,3912955,12959600
7093,72,82,85439,1524,3913037,12923300
7094,80,65,85359,1539,3913102,12953100
7095,79,76,85280,1542,3913178,12809300
7096,67,88,85213,1521,3913266,13160600
7097,75,68,85138,1528,3913334,13173700
7098,75,86,85063,1517,3913420,12963800
7099,69,93,84994,1493,3913513,12943100
7100,71,80,84923,1484,3913593,12839400
7101,75,85,84848,1474,3913678,12757200
7102,73,86,84775,1461,3913764,12867900
7103,68,74,84707,1455,3913838,12975700
7104,81,78,84626,1458,3913916,13573800
7105,70,69,84556,1459,3913985,13077500
7106,78,86,84478,1451,3914071,13399400
7107,79,66,84399,1464,3914137,13911600
7108,88,76,84311,1476,3914213,13084100
7109,82,69,84229,1489,3914282,13104100
7110,79,81,84150,1487,3914363,12824900
7111,71,62,84079,1496,3914425,12710500
7112,70,76,84009,1490,3914501,12739700
7113,67,84,83942,1473,3914585,12963500
7114,72,79,83870,1466,3914664,13469200
7115,94,87,83776,1473,3914751,12516800
7116,87,69,83689,1491,3914820,12801800
7117,84,77,83605,1498,3914897,13113600
7118,85,76,83520,1507,3914973,12588300
7119,59,63,83461,1503,3915036,12808900
7120,61,75,83400,1489,3915111,12593700
7121,59,78,83341,1470,3915189,12668200
7122,70,76,83271,1464,3915265,12851700
7123,61,74,83210,1451,3915339,12951700
7124,72,76,83138,1447,3915415,13079600
7125,74,79,83064,1442,3915494,13013700
7126,77,66,82987,1453,3915560,12854300
7127,66,90,82921,1429,3915650,12627400
7128,54,76,82867,1407,3915726,12559900
7129,68,70,82799,1405,3915796,12561200
7130,75,68,82724,1412,3915864,12944700
7131,60,70,82664,1402,3915934,12611200
7132,64,76,82600,1390,3916010,13076700
7133,63,56,82537,1397,3916066,12768200
7134,62,77,82475,1382,3916143,12950600
7135,65,72,82410,1375,3916215,13486300
7136,63,76,82347,1362,3916291,13509500
7137,76,70,82271,1368,3916361,12795300
7138,78,75,82193,1371,3916436,12815700
7139,71,60,82122,1382,3916496,13090600
7140,88,64,82034,1406,3916560,12936500
7141,57,77,81977,1386,3916637,13008300
7142,68,74,81909,1380,3916711,12594600
7143,67,68,81842,1379,3916779,12809800
7144,70,65,81772,1384,3916844,13129700
7145,80,64,81692,1400,3916908,12652900
7146,90,52,81602,1438,3916960,12779400
7147,62,69,81540,1431,3917029,12925900
7148,72,70,81468,1433,3917099,12603200
7149,73,65,81395,1441,3917164,13571100
7150,56,67,81339,1430,3917231,12601600
7151,75,80,81264,1425,3917311,12840600
7152,76,64,81188,1437,3917375,12791200
7153,79,73,81109,1443,3917448,12978200
7154,67,66,81042,1444,3917514,12931400
7155,67,81,80975,1430,3917595,13118500
7156,77,74,80898,1433,3917669,12753300
7157,72,65,80826,1440,3917734,12755900
7158,73,86,80753,1427,3917820,12532600
7159,71,76,80682,1422,3917896,12738700
7160,66,62,80616,1426,3917958,12855700
7161,68,68,80548,1426,3918026,13109300
7162,71,79,80477,1418,3918105,12588900
7163,69,70,80408,1417,3918175,12496300
7164,58,72,80350,1403,3918247,13194200
7165,71,59,80279,1415,3918306,13131100
7166,78,70,80201,1423,3918376,14027700
7167,52,63,80149,1412,3918439,15466200
7168,73,72,80076,1413,3918511,12659200
7169,63,67,80013,1409,3918578,12536300
7170,66,64,79947,1411,3918642,12576000
7171,73,69,79874,1415,3918711,12717100
7172,62,78,79812,1399,3918789,13093300
7173,59,64,79753,1394,3918853,12554900
7174,49,66,79704,1377,3918919,12576400
7175,59,74,79645,1362,3918993,12580200
7176,50,67,79595,1345,3919060,13235900
7177,65,59,79530,1351,3919119,12755200
7178,65,64,79465,1352,3919183,13210600
7179,71,68,79394,1355,3919251,12779500
7180,64,55,79330,1364,3919306,12692600
7181,65,65,79265,1364,3919371,12757600
7182,56,75,79209,1345,3919446,13422200
7183,62,65,79147,1342,3919511,12901700
7184,70,61,79077,1351,3919572,12897700
7185,57,64,79020,1344,3919636,12707200
7186,66,71,78954,1339,3919707,12691900
7187,57,74,78897,1322,3919781,12837900
7188,64,62,78833,1324,3919843,12730500
7189,62,63,78771,1323,3919906,13007200
7190,77,68,78694,1332,3919974,13054000
7191,51,62,78643,1321,3920036,13011300
7192,58,63,78585,1316,3920099,12985500
7193,42,58,78543,1300,3920157,12890300
7194,49,84,78494,1265,3920241,12651800
7195,52,68,78442,1249,3920309,12998000
7196,56,60,78386,1245,3920369,12488000
7197,43,49,78343,1239,3920418,12497400
7198,57,57,78286,1239,3920475,12502800
7199,58,62,78228,1235,3920537,13484300
7200,69,70,78159,1234,3920607,13881200
7201,68,61,78091,1241,3920668,12521300
7202,71,71,78020,1241,3920739,12499100
7203,54,57,77966,1238,3920796,12628500
7204,63,65,77903,1236,3920861,12624500
7205,54,64,77849,1226,3920925,12695200
7206,73,48,77776,1251,3920973,13073100
7207,66,60,77710,1257,3921033,15088700
7208,72,66,77638,1263,3921099,14482800
7209,70,65,77568,1268,3921164,13911400
7210,70,60,77498,1278,3921224,14444400
7211,56,70,77442,1264,3921294,16332600
7212,61,65,77381,1260,3921359,15998400
7213,60,57,77321,1263,3921416,14351400
7214,64,61,77257,1266,3921477,15171000
7215,56,57,77201,1265,3921534,13547100
7216,63,55,77138,1273,3921589,14711200
7217,56,62,77082,1267,3921651,14605800
7218,79,62,77003,1284,3921713,13829900
7219,59,70,76944,1273,3921783,14479600
7220,55,65,76889,1263,3921848,13300100
7221,49,65,76840,1247,3921913,13057400
7222,58,54,76782,1251,3921967,13174500
7223,58,58,76724,1251,3922025,12830700
7224,54,76,76670,1229,3922101,12852300
7225,63,53,76607,1239,3922154,13239200
7226,63,67,76544,1235,3922221,13104900
7227,65,51,76479,1249,3922272,12544500
7228,68,64,76411,1253,3922336,13248400
7229,48,64,76363,1237,3922400,13492500
7230,72,53,76291,1256,3922453,13151000
7231,65,69,76226,1252,3922522,12877600
7232,64,70,76162,1246,3922592,13627200
7233,69,63,76093,1252,3922655,12727000
7234,57,60,76036,1249,3922715,13665600
7235,73,68,75963,1254,3922783,14663300
7236,63,60,75900,1257,3922843,13292700
7237,57,67,75843,1247,3922910,13912800
7238,43,61,75800,1229,3922971,14844900
7239,52,58,75748,1223,3923029,13910400
7240,59,69,75689,1213,3923098,13614300
7241,68,74,75621,1207,3923172,13269300
7242,51,73,75570,1185,3923245,13021700
7243,62,58,75508,1189,3923303,13740000
7244,55,53,75453,1191,3923356,13675100
7245,50,46,75403,1195,3923402,13551500
7246,62,50,75341,1207,3923452,13558400
7247,57,63,75284,1201,3923515,12887800
7248,57,58,75227,1200,3923573,13382700
7249,56,54,75171,1202,3923627,13601100
7250,57,64,75114,1195,3923691,13069100
7251,47,63,75067,1179,3923754,12869400
7252,61,49,75006,1191,3923803,13326600
7253,64,64,74942,1191,3923867,12902400
7254,61,59,74881,1193,3923926,13115200
7255,50,64,74831,1179,3923990,13555700
7256,48,69,74783,1158,3924059,12729400
7257,55,70,74728,1143,3924129,13176200
7258,57,58,74671,1142,3924187,12557000
7259,50,67,74621,1125,3924254,13108400
7260,47,46,74574,1126,3924300,13478700
7261,45,59,74529,1112,3924359,12971800
7262,45,62,74484,1095,3924421,12828000
7263,50,52,74434,1093,3924473,12667500
7264,62,48,74372,1107,3924521,12719300
7265,60,54,74312,1113,3924575,12859200
7266,59,60,74253,1112,3924635,12802500
7267,52,52,74201,1112,3924687,13060300
7268,54,49,74147,1117,3924736,13426900
7269,55,49,74092,1123,3924785,13030600
7270,56,58,74036,1121,3924843,13048100
7271,59,66,73977,1114,3924909,13162900
7272,56,45,73921,1125,3924954,12885100
7273,55,55,73866,1125,3925009,12827100
7274,66,55,73800,1136,3925064,12833900
7275,58,52,73742,1142,3925116,12782900
7276,64,54,73678,1152,3925170,12757900
7277,46,50,73632,1148,3925220,12956700
7278,54,48,73578,1154,3925268,13843500
7279,59,54,73519,1159,3925322,13620600
7280,64,50,73455,1173,3925372,12739700
7281,48,65,73407,1156,3925437,12635600
7282,53,51,73354,1158,3925488,12910600
7283,62,69,73292,1151,3925557,13056500
7284,49,55,73243,1145,3925612,12851500
7285,51,56,73192,1140,3925668,13310400
7286,54,54,73138,1140,3925722,14231600
7287,41,56,73097,1125,3925778,13469900
7288,47,50,73050,1122,3925828,13187800
7289,38,54,73012,1106,3925882,12774700
7290,59,52,72953,1113,3925934,12792400
7291,49,49,72904,1113,3925983,12841100
7292,52,57,72852,1108,3926040,12841600
7293,53,58,72799,1103,3926098,13400200
7294,57,45,72742,1115,3926143,12518200
7295,52,64,72690,1103,3926207,12647900
7296,56,62,72634,1097,3926269,12504700
7297,56,50,72578,1103,3926319,12469500
7298,37,63,72541,1077,3926382,12501900
7299,45,56,72496,1066,3926438,12913400
7300,57,58,72439,1065,3926496,13217600
7301,43,46,72396,1062,3926542,12895100
7302,51,62,72345,1051,3926604,13076900
7303,56,62,72289,1045,3926666,13041200
7304,54,58,72235,1041,3926724,12812800
7305,53,58,72182,1036,3926782,13049500
7306,74,57,72108,1053,3926839,12877000
7307,57,60,72051,1050,3926899,12507800
7308,45,52,72006,1043,3926951,12764100
7309,57,58,71949,1042,3927009,12644200
7310,52,45,71897,1049,3927054,12592000
7311,56,49,71841,1056,3927103,13033400
7312,49,50,71792,1055,3927153,13026900
7313,54,57,71738,1052,3927210,12727300
7314,55,53,71683,1054,3927263,12593200
7315,42,52,71641,1044,3927315,12749900
7316,52,46,71589,1050,3927361,13249600
7317,49,42,71540,1057,3927403,13712200
7318,58,56,71482,1059,3927459,13324800
7319,53,63,71429,1049,3927522,13214800
7320,49,56,71380,1042,3927578,12633800
7321,49,55,71331,1036,3927633,12653200
7322,50,46,71281,1040,3927679,12577000
7323,47,52,71234,1035,3927731,12849800
7324,49,62,71185,1022,3927793,12486200
7325,59,57,71126,1024,3927850,13055900
7326,58,59,71068,1023,3927909,12729900
7327,44,55,71024,1012,3927964,12898100
7328,59,53,70965,1018,3928017,12526400
7329,49,48,70916,1019,3928065,12501500
7330,50,54,70866,1015,3928119,12471900
7331,50,48,70816,1017,3928167,12610600
7332,44,42,70772,1019,3928209,12869900
7333,44,51,70728,1012,3928260,12776200
7334,56,54,70672,1014,3928314,12630300
7335,34,67,70638,981,3928381,12604500
7336,46,47,70592,980,3928428,12669300
7337,39,46,70553,973,3928474,12914500
7338,41,46,70512,968,3928520,13279900
7339,40,43,70472,965,3928563,12665800
7340,36,46,70436,955,3928609,12751900
7341,50,44,70386,961,3928653,12947500
7342,40,49,70346,952,3928702,12760500
7343,35,34,70311,953,3928736,12795500
7344,39,51,70272,941,3928787,12533200
7345,35,49,70237,927,3928836,12517700
7346,49,47,70188,929,3928883,12518000
7347,42,55,70146,916,3928938,12553400
7348,45,39,70101,922,3928977,12515900
7349,45,41,70056,926,3929018,12497100
7350,44,46,70012,924,3929064,12549100
7351,37,37,69975,924,3929101,12521000
7352,39,39,69936,924,3929140,12564600
7353,45,47,69891,922,3929187,12525600
7354,46,51,69845,917,3929238,12770800
7355,50,46,69795,921,3929284,12592400
7356,35,43,69760,913,3929327,12527900
7357,38,51,69722,900,3929378,13493100
7358,35,45,69687,890,3929423,13267400
7359,44,44,69643,890,3929467,12895000
7360,38,47,69605,881,3929514,13044100
7361,34,39,69571,876,3929553,13324000
7362,40,44,69531,872,3929597,15522800
7363,43,39,69488,876,3929636,14372400
7364,36,44,69452,868,3929680,15149400
7365,43,41,69409,870,3929721,15178800
7366,43,40,69366,873,3929761,12838400
7367,41,36,69325,878,3929797,12777800
7368,45,52,69280,871,3929849,12698000
7369,40,42,69240,869,3929891,12831700
7370,44,38,69196,875,3929929,13329800
7371,37,38,69159,874,3929967,13105600
7372,41,50,69118,865,3930017,12890600
7373,34,49,69084,850,3930066,15895600
7374,36,42,69048,844,3930108,13007300
7375,32,56,69016,820,3930164,12556200
7376,36,40,68980,816,3930204,13810300
7377,43,31,68937,828,3930235,14777700
7378,38,35,68899,831,3930270,16414200
7379,50,39,68849,842,3930309,15010800
7380,36,37,68813,841,3930346,13762500
7381,33,39,68780,835,3930385,12639700
7382,37,40,68743,832,3930425,12456200
7383,43,34,68700,841,3930459,12925600
7384,47,40,68653,848,3930499,12603100
7385,38,38,68615,848,3930537,13094700
7386,38,43,68577,843,3930580,12555200
7387,45,42,68532,846,3930622,12515700
7388,35,41,68497,840,3930663,12946700
7389,31,33,68466,838,3930696,13230600
7390,49,43,68417,844,3930739,12889400
7391,25,35,68392,834,3930774,12972300
7392,40,42,68352,832,3930816,12782500
7393,37,50,68315,819,3930866,12765700
7394,37,52,68278,804,3930918,12658800
7395,28,49,68250,783,3930967,12803600
7396,48,39,68202,792,3931006,13118000
7397,40,24,68162,808,3931030,13462900
7398,37,45,68125,800,3931075,12830800
7399,39,33,68086,806,3931108,12670000
7400,40,34,68046,812,3931142,12635300
7401,31,33,68015,810,3931175,12523400
7402,32,38,67983,804,3931213,12885000
7403,36,32,67947,808,3931245,13205400
7404,38,32,67909,814,3931277,12853900
7405,36,29,67873,821,3931306,12641500
7406,48,41,67825,828,3931347,12581100
7407,38,50,67787,816,3931397,12967400
7408,24,31,67763,809,3931428,12727800
7409,29,37,67734,801,3931465,12475800
7410,35,42,67699,794,3931507,12435000
7411,39,29,67660,804,3931536,12475300
7412,30,44,67630,790,3931580,12593300
7413,29,38,67601,781,3931618,12905100
7414,29,51,67572,759,3931669,12870000
7415,37,46,67535,750,3931715,12473500
7416,37,32,67498,755,3931747,12469800
7417,33,34,67465,754,3931781,12738500
7418,36,44,67429,746,3931825,12461900
7419,36,37,67393,745,3931862,12799900
7420,36,38,67357,743,3931900,12595600
7421,38,44,67319,737,3931944,12783800
7422,29,36,67290,730,3931980,12668800
7423,43,49,67247,724,3932029,12580700
7424,39,32,67208,731,3932061,12756100
7425,22,36,67186,717,3932097,12665900
7426,34,30,67152,721,3932127,12860800
7427,40,37,67112,724,3932164,12464600
7428,32,44,67080,712,3932208,13497500
7429,32,36,67048,708,3932244,12464800
7430,30,40,67018,698,3932284,12441600
7431,30,37,66988,691,3932321,12534300
7432,26,28,66962,689,3932349,12472200
7433,23,34,66939,678,3932383,12530100
7434,28,47,66911,659,3932430,12998800
7435,26,29,66885,656,3932459,12530400
7436,34,29,66851,661,3932488,12860800
7437,31,38,66820,654,3932526,13296700
7438,29,32,66791,651,3932558,12510100
7439,33,43,66758,641,3932601,12578700
7440,30,37,66728,634,3932638,12830700
7441,24,40,66704,618,3932678,13006000
7442,25,35,66679,608,3932713,12965400
7443,37,23,66642,622,3932736,12708600
7444,34,32,66608,624,3932768,12635700
7445,38,36,66570,626,3932804,12709600
7446,41,30,66529,637,3932834,12815900
7447,38,42,66491,633,3932876,12740500
7448,26,32,66465,627,3932908,12962000
7449,27,33,66438,621,3932941,12510400
7450,32,40,66406,613,3932981,12548100
7451,19,29,66387,603,3933010,12525600
7452,28,31,66359,600,3933041,12443600
7453,29,34,66330,595,3933075,12719500
7454,30,26,66300,599,3933101,13291400
7455,36,44,66264,591,3933145,13177400
7456,24,22,66240,593,3933167,13215800
7457,26,31,66214,588,3933198,13104200
7458,33,20,66181,601,3933218,13024100
7459,29,30,66152,600,3933248,12945600
7460,41,45,66111,596,3933293,12784300
7461,36,26,66075,606,3933319,12709700
7462,26,32,66049,600,3933351,12859100
7463,29,45,66020,584,3933396,13210500
7464,23,31,65997,576,3933427,12947600
7465,30,33,65967,573,3933460,12835600
7466,22,24,65945,571,3933484,14833200
7467,30,32,65915,569,3933516,12508900
7468,25,30,65890,564,3933546,12449500
7469,34,35,65856,563,3933581,12505400
7470,32,26,65824,569,3933607,12603400
7471,30,27,65794,572,3933634,12649300
7472,30,28,65764,574,3933662,12893900
7473,31,30,65733,575,3933692,15123800
7474,37,29,65696,583,3933721,13544400
7475,30,25,65666,588,3933746,12522700
7476,39,40,65627,587,3933786,12656400
7477,23,31,65604,579,3933817,12919000
7478,35,26,65569,588,3933843,13094100
7479,18,37,65551,569,3933880,13020000
7480,25,25,65526,569,3933905,12536200
7481,30,32,65496,567,3933937,13167500
7482,26,23,65470,570,3933960,13812900
7483,31,33,65439,568,3933993,12402000
7484,33,26,65406,575,3934019,12907400
7485,29,33,65377,571,3934052,12816400
7486,27,28,65350,570,3934080,12639000
7487,30,28,65320,572,3934108,12880700
7488,26,31,65294,567,3934139,12516500
7489,34,26,65260,575,3934165,12973100
7490,29,27,65231,577,3934192,12705400
7491,36,28,65195,585,3934220,12935200
7492,32,43,65163,574,3934263,12512600
7493,33,26,65130,581,3934289,12719100
7494,36,37,65094,580,3934326,12548900
7495,32,34,65062,578,3934360,12802300
7496,26,28,65036,576,3934388,12496000
7497,30,30,65006,576,3934418,12872100
7498,32,25,64974,583,3934443,12729300
7499,32,20,64942,595,3934463,12816600
7500,19,32,64923,582,3934495,12589900
7501,25,30,64898,577,3934525,12564500
7502,34,30,64864,581,3934555,12695400
7503,29,35,64835,575,3934590,12471800
7504,37,36,64798,576,3934626,12517700
7505,35,27,64763,584,3934653,12523100
7506,29,15,64734,598,3934668,13001900
7507,30,30,64704,598,3934698,12779500
7508,27,22,64677,603,3934720,12904400
7509,36,42,64641,597,3934762,12920800
7510,31,30,64610,598,3934792,12392700
7511,25,27,64585,596,3934819,12690700
7512,35,30,64550,601,3934849,12935300
7513,25,25,64525,601,3934874,12777200
7514,36,28,64489,609,3934902,12715800
7515,34,34,64455,609,3934936,12569400
7516,32,27,64423,614,3934963,12656900
7517,33,43,64390,604,3935006,12530200
7518,27,31,64363,600,3935037,12645600
7519,29,27,64334,602,3935064,13480000
7520,24,36,64310,590,3935100,12996000
7521,34,28,64276,596,3935128,13015300
7522,31,26,64245,601,3935154,13057200
7523,28,25,64217,604,3935179,12896600
7524,33,31,64184,606,3935210,13079400
7525,22,24,64162,604,3935234,12789000
7526,23,20,64139,607,3935254,13042500
7527,28,34,64111,601,3935288,13015600
7528,32,28,64079,605,3935316,12743600
7529,36,17,64043,624,3935333,12831800
7530,23,33,64020,614,3935366,13176600
7531,29,36,63991,607,3935402,13163800
7532,28,30,63963,605,3935432,13252700
7533,30,26,63933,609,3935458,12955400
7534,22,23,63911,608,3935481,13474300
7535,20,24,63891,604,3935505,12827900
7536,24,27,63867,601,3935532,12683100
7537,19,38,63848,582,3935570,12976900
7538,25,32,63823,575,3935602,13379000
7539,17,31,63806,561,3935633,13012700
7540,24,39,63782,546,3935672,12747500
7541,20,24,63762,542,3935696,12914200
7542,27,28,63735,541,3935724,13663700
7543,18,22,63717,537,3935746,13021900
7544,22,24,63695,535,3935770,13396700
7545,23,20,63672,538,3935790,12965500
7546,24,30,63648,532,3935820,12828300
7547,22,23,63626,531,3935843,12849600
7548,20,25,63606,526,3935868,13523800
7549,20,28,63586,518,3935896,13636300
7550,20,26,63566,512,3935922,13173500
7551,26,17,63540,521,3935939,12876600
7552,24,27,63516,518,3935966,13428600
7553,27,23,63489,522,3935989,14084600
7554,22,19,63467,525,3936008,13766100
7555,16,24,63451,517,3936032,13348600
7556,28,25,63423,520,3936057,13458200
7557,18,33,63405,505,3936090,13391700
7558,28,23,63377,510,3936113,12992600
7559,24,23,63353,511,3936136,12743600
7560,16,22,63337,505,3936158,12566300
7561,20,14,63317,511,3936172,12765200
7562,13,23,63304,501,3936195,12591300
7563,23,20,63281,504,3936215,12508900
7564,29,17,63252,516,3936232,12500300
7565,21,28,63231,509,3936260,12458300
7566,23,35,63208,497,3936295,12505500
7567,15,21,63193,491,3936316,12850700
7568,15,23,63178,483,3936339,12830800
7569,18,24,63160,477,3936363,13022800
7570,21,24,63139,474,3936387,12451100
7571,23,16,63116,481,3936403,12640100
7572,14,18,63102,477,3936421,12667800
7573,16,23,63086,470,3936444,12703600
7574,31,20,63055,481,3936464,12951900
7575,31,37,63024,475,3936501,13056900
7576,16,26,63008,465,3936527,12734200
7577,25,12,62983,478,3936539,12725800
7578,23,22,62960,479,3936561,12576400
7579,19,12,62941,486,3936573,13521700
7580,17,30,62924,473,3936603,12660200
7581,23,26,62901,470,3936629,13593700
7582,23,21,62878,472,3936650,12730500
7583,20,20,62858,472,3936670,12870600
7584,23,26,62835,469,3936696,12730300
7585,17,29,62818,457,3936725,12630600
7586,22,31,62796,448,3936756,12631200
7587,26,22,62770,452,3936778,12547300
7588,18,16,62752,454,3936794,13007600
7589,31,28,62721,457,3936822,13062600
7590,23,26,62698,454,3936848,12781400
7591,19,15,62679,458,3936863,12752100
7592,13,21,62666,450,3936884,12918100
7593,24,18,62642,456,3936902,12829300
7594,17,33,62625,440,3936935,13035500
7595,17,32,62608,425,3936967,13293100
7596,22,25,62586,422,3936992,13151800
7597,15,27,62571,410,3937019,13799700
7598,16,25,62555,401,3937044,12921400
7599,14,23,62541,392,3937067,13025400
7600,19,19,62522,392,3937086,13031300
7601,13,21,62509,384,3937107,13174900
7602,17,14,62492,387,3937121,14567200
7603,17,14,62475,390,3937135,13368300
7604,11,17,62464,384,3937152,13825000
7605,10,22,62454,372,3937174,14335800
7606,15,27,62439,360,3937201,13246600
7607,16,27,62423,349,3937228,13580200
7608,15,20,62408,344,3937248,13226700
7609,19,10,62389,353,3937258,13067000
7610,16,17,62373,352,3937275,13493000
7611,20,19,62353,353,3937294,12896700
7612,19,7,62334,365,3937301,12940700
7613,19,15,62315,369,3937316,13017800
7614,22,26,62293,365,3937342,13408300
7615,16,14,62277,367,3937356,12894000
7616,16,21,62261,362,3937377,12823500
7617,19,22,62242,359,3937399,15460200
7618,11,17,62231,353,3937416,13472200
7619,19,23,62212,349,3937439,13266500
7620,20,27,62192,342,3937466,12927400
7621,14,19,62178,337,3937485,12797900
7622,18,14,62160,341,3937499,12973100
7623,20,14,62140,347,3937513,12970600
7624,12,20,62128,339,3937533,12778600
7625,20,17,62108,342,3937550,15001300
7626,11,13,62097,340,3937563,14438500
7627,10,13,62087,337,3937576,15365100
7628,13,15,62074,335,3937591,16753400
7629,12,19,62062,328,3937610,14556000
7630,8,11,62054,325,3937621,14372700
7631,19,22,62035,322,3937643,13653100
7632,14,21,62021,315,3937664,13773700
7633,14,15,62007,314,3937679,16443900
7634,17,12,61990,319,3937691,14817400
7635,10,17,61980,312,3937708,14848400
7636,22,9,61958,325,3937717,14700600
7637,15,13,61943,327,3937730,15927800
7638,13,10,61930,330,3937740,13095600
7639,16,19,61914,327,3937759,17564500
7640,10,23,61904,314,3937782,12982500
7641,17,15,61887,316,3937797,13057900
7642,11,17,61876,310,3937814,15220200
7643,8,8,61868,310,3937822,14113100
7644,12,16,61856,306,3937838,12926000
7645,12,13,61844,305,3937851,13597000
7646,11,15,61833,301,3937866,13638500
7647,13,14,61820,300,3937880,13747400
7648,15,18,61805,297,3937898,13248300
7649,15,16,61790,296,3937914,13273700
7650,15,12,61775,299,3937926,13609800
7651,11,12,61764,298,3937938,14109600
7652,11,13,61753,296,3937951,14097100
7653,7,16,61746,287,3937967,13160800
7654,6,14,61740,279,3937981,13529500
7655,12,10,61728,281,3937991,12850300
7656,9,16,61719,274,3938007,13774300
7657,8,15,61711,267,3938022,13316500
7658,7,20,61704,254,3938042,13233100
7659,10,12,61694,252,3938054,13987600
7660,15,6,61679,261,3938060,13111700
7661,8,15,61671,254,3938075,13566200
7662,7,13,61664,248,3938088,13322800
7663,14,13,61650,249,3938101,12792100
7664,14,10,61636,253,3938111,13235100
7665,12,13,61624,252,3938124,13019800
7666,11,7,61613,256,3938131,13451400
7667,6,11,61607,251,3938142,13214700
7668,11,9,61596,253,3938151,13178600
7669,13,10,61583,256,3938161,14620000
7670,11,17,61572,250,3938178,13309200
7671,12,10,61560,252,3938188,14481000
7672,15,12,61545,255,3938200,13975700
7673,12,12,61533,255,3938212,13293900
7674,8,8,61525,255,3938220,14436300
7675,22,17,61503,260,3938237,13599000
7676,8,13,61495,255,3938250,14056900
7677,6,11,61489,250,3938261,14265800
7678,9,12,61480,247,3938273,13808700
7679,8,11,61472,244,3938284,14399700
7680,10,7,61462,247,3938291,14166200
7681,10,12,61452,245,3938303,15025300
7682,5,11,61447,239,3938314,15240000
7683,7,17,61440,229,3938331,13799500
7684,9,15,61431,223,3938346,13010600
7685,8,14,61423,217,3938360,13006800
7686,15,11,61408,221,3938371,13557400
7687,14,8,61394,227,3938379,14270100
7688,12,5,61382,234,3938384,14390700
7689,15,11,61367,238,3938395,14013000
7690,9,11,61358,236,3938406,13212800
7691,8,9,61350,235,3938415,13398700
7692,11,19,61339,227,3938434,12841300
7693,6,14,61333,219,3938448,13487000
7694,8,14,61325,213,3938462,13215200
7695,9,13,61316,209,3938475,13083800
7696,7,9,61309,207,3938484,13707700
7697,11,11,61298,207,3938495,13214300
7698,10,7,61288,210,3938502,13446000
7699,5,13,61283,202,3938515,13124600
7700,10,6,61273,206,3938521,13440800
7701,11,6,61262,211,3938527,12906200
7702,10,7,61252,214,3938534,12772600
7703,14,14,61238,214,3938548,13012000
7704,7,10,61231,211,3938558,12973900
7705,10,13,61221,208,3938571,13047200
7706,10,7,61211,211,3938578,13469400
7707,11,10,61200,212,3938588,13605200
7708,6,11,61194,207,3938599,12732400
7709,5,9,61189,203,3938608,12868700
7710,7,11,61182,199,3938619,12763000
7711,9,8,61173,200,3938627,12775200
7712,6,8,61167,198,3938635,12836600
7713,10,5,61157,203,3938640,12531400
7714,6,9,61151,200,3938649,12451400
7715,8,15,61143,193,3938664,13155400
7716,10,10,61133,193,3938674,12682600
7717,6,7,61127,192,3938681,12754100
7718,5,8,61122,189,3938689,12683700
7719,5,12,61117,182,3938701,12528500
7720,8,10,61109,180,3938711,12473200
7721,7,12,61102,175,3938723,12525600
7722,11,7,61091,179,3938730,12707300
7723,7,16,61084,170,3938746,12908000
7724,5,7,61079,168,3938753,12704500
7725,6,9,61073,165,3938762,12513400
7726,6,10,61067,161,3938772,12996200
7727,4,6,61063,159,3938778,12722100
7728,8,2,61055,165,3938780,13315700
7729,7,9,61048,163,3938789,12716200
7730,5,8,61043,160,3938797,12919100
7731,6,10,61037,156,3938807,13306500
7732,4,4,61033,156,3938811,12963700
7733,5,6,61028,155,3938817,12883100
7734,7,4,61021,158,3938821,13328200
7735,6,15,61015,149,3938836,12894300
7736,6,9,61009,146,3938845,12937800
7737,4,8,61005,142,3938853,12642100
7738,4,6,61001,140,3938859,12699800
7739,4,9,60997,135,3938868,13275300
7740,4,2,60993,137,3938870,12961700
7741,7,9,60986,135,3938879,12810400
7742,7,3,60979,139,3938882,12528300
7743,13,9,60966,143,3938891,12728500
7744,7,9,60959,141,3938900,13319500
7745,2,4,60957,139,3938904,12978000
7746,11,5,60946,145,3938909,12678600
7747,8,6,60938,147,3938915,12968900
7748,7,6,60931,148,3938921,13535300
7749,5,6,60926,147,3938927,13121900
7750,2,7,60924,142,3938934,13161900
7751,4,7,60920,139,3938941,13500800
7752,8,6,60912,141,3938947,14584900
7753,5,8,60907,138,3938955,13466100
7754,5,5,60902,138,3938960,13116800
7755,10,5,60892,143,3938965,12667400
7756,11,4,60881,150,3938969,12485300
7757,4,6,60877,148,3938975,13316600
7758,6,10,60871,144,3938985,13004300
7759,2,9,60869,137,3938994,12628000
7760,7,5,60862,139,3938999,12988200
7761,3,5,60859,137,3939004,13023500
7762,2,11,60857,128,3939015,12959600
7763,2,11,60855,119,3939026,13756700
7764,1,7,60854,113,3939033,13673700
7765,3,8,60851,108,3939041,13920100
7766,2,6,60849,104,3939047,13201100
7767,2,5,60847,101,3939052,13428200
7768,0,5,60847,96,3939057,12738500
7769,2,2,60845,96,3939059,12804400
7770,0,9,60845,87,3939068,13056600
7771,1,4,60844,84,3939072,12448700
7772,2,3,60842,83,3939075,13580600
7773,1,3,60841,81,3939078,13563200
7774,0,6,60841,75,3939084,12450200
7775,0,2,60841,73,3939086,12891600
7776,0,5,60841,68,3939091,12604000
7777,0,4,60841,64,3939095,12800400
7778,0,3,60841,61,3939098,12742300
7779,0,6,60841,55,3939104,12457300
7780,0,3,60841,52,3939107,12741000
7781,0,1,60841,51,3939108,12497100
7782,0,3,60841,48,3939111,12824400
7783,0,4,60841,44,3939115,12979000
7784,0,3,60841,41,3939118,13611900
7785,0,4,60841,37,3939122,14777000
7786,1,2,60840,36,3939124,13146600
7787,1,3,60839,34,3939127,15632500
7788,0,2,60839,32,3939129,18294600
7789,0,3,60839,29,3939132,14051400
7790,1,3,60838,27,3939135,12843100
7791,1,2,60837,26,3939137,12917600
7792,0,2,60837,24,3939139,14885500
7793,0,1,60837,23,3939140,13786000
7794,0,0,60837,23,3939140,13592600
7795,0,1,60837,22,3939141,13254800
7796,1,1,60836,22,3939142,14065800
7797,0,2,60836,20,3939144,13703500
7798,0,0,60836,20,3939144,13060200
7799,1,1,60835,20,3939145,16225100
7800,1,0,60834,21,3939145,17420800
7801,2,0,60832,23,3939145,13682500
7802,0,1,60832,22,3939146,13212700
7803,0,1,60832,21,3939147,15453400
7804,0,0,60832,21,3939147,14352700
7805,0,2,60832,19,3939149,14701800
7806,1,0,60831,20,3939149,13113900
7807,1,2,60830,19,3939151,12920700
7808,1,3,60829,17,3939154,14303500
7809,2,0,60827,19,3939154,16480300
7810,0,0,60827,19,3939154,12941200
7811,1,0,60826,20,3939154,13085500
7812,0,0,60826,20,3939154,12746300
7813,0,0,60826,20,3939154,13261700
7814,0,0,60826,20,3939154,12885400
7815,0,0,60826,20,3939154,15554100
7816,0,0,60826,20,3939154,15780800
7817,0,1,60826,19,3939155,14737800
7818,0,0,60826,19,3939155,14542400
7819,0,0,60826,19,3939155,13475300
7820,0,0,60826,19,3939155,13344300
7821,0,0,60826,19,3939155,12789500
7822,0,0,60826,19,3939155,13186000
7823,0,0,60826,19,3939155,12652600
7824,0,1,60826,18,3939156,12721100
7825,0,2,60826,16,3939158,13807800
7826,0,0,60826,16,3939158,12733800
7827,0,0,60826,16,3939158,12942900
7828,1,1,60825,16,3939159,12882700
7829,0,0,60825,16,3939159,12780000
7830,0,2,60825,14,3939161,12474800
7831,0,0,60825,14,3939161,12798000
7832,1,0,60824,15,3939161,12768500
7833,0,1,60824,14,3939162,12381200
7834,0,1,60824,13,3939163,12401400
7835,0,1,60824,12,3939164,12480100
7836,0,0,60824,12,3939164,12452600
7837,0,1,60824,11,3939165,12449000
7838,0,0,60824,11,3939165,12406600
7839,0,1,60824,10,3939166,12484200
7840,0,1,60824,9,3939167,12539600
7841,0,1,60824,8,3939168,12735000
7842,0,0,60824,8,3939168,12584800
7843,0,1,60824,7,3939169,12577900
7844,1,0,60823,8,3939169,12617800
7845,0,0,60823,8,3939169,12952000
7846,0,0,60823,8,3939169,13264900
7847,1,0,60822,9,3939169,13526800
7848,0,1,60822,8,3939170,14545000
7849,0,1,60822,7,3939171,15289400
7850,0,0,60822,7,3939171,13382500
7851,0,0,60822,7,3939171,12838200
7852,0,0,60822,7,3939171,12518800
7853,0,0,60822,7,3939171,13046700
7854,0,0,60822,7,3939171,12497000
7855,0,0,60822,7,3939171,12618400
7856,0,1,60822,6,3939172,13098900
7857,0,0,60822,6,3939172,12979400
7858,1,0,60821,7,3939172,12984800
7859,0,0,60821,7,3939172,13757300
7860,0,1,60821,6,3939173,12829000
7861,0,0,60821,6,3939173,12787400
7862,1,0,60820,7,3939173,12672500
7863,0,0,60820,7,3939173,12764700
7864,0,0,60820,7,3939173,12744900
7865,0,1,60820,6,3939174,12900800
7866,0,0,60820,6,3939174,13536100
7867,1,1,60819,6,3939175,12984600
7868,2,1,60817,7,3939176,12755500
7869,1,0,60816,8,3939176,12823700
7870,0,0,60816,8,3939176,14093300
7871,0,1,60816,7,3939177,12820000
7872,0,0,60816,7,3939177,13029500
7873,0,1,60816,6,3939178,13047800
7874,0,0,60816,6,3939178,13187700
7875,0,1,60816,5,3939179,14095200
7876,0,0,60816,5,3939179,13870800
7877,0,0,60816,5,3939179,13271900
7878,0,0,60816,5,3939179,14170600
7879,0,0,60816,5,3939179,13727700
7880,0,0,60816,5,3939179,14152900
7881,1,0,60815,6,3939179,13775800
7882,0,0,60815,6,3939179,12825200
7883,0,0,60815,6,3939179,13034900
7884,1,0,60814,7,3939179,13423400
7885,2,0,60812,9,3939179,12807900
7886,0,2,60812,7,3939181,13358600
7887,0,0,60812,7,3939181,13109800
7888,1,0,60811,8,3939181,13349400
7889,1,1,60810,8,3939182,13615200
7890,0,0,60810,8,3939182,13358500
7891,0,0,60810,8,3939182,13718300
7892,0,0,60810,8,3939182,14086000
7893,0,0,60810,8,3939182,15154900
7894,0,0,60810,8,3939182,13599500
7895,0,0,60810,8,3939182,13141700
7896,0,1,60810,7,3939183,13097800
7897,0,1,60810,6,3939184,13089000
7898,0,0,60810,6,3939184,12844400
7899,0,1,60810,5,3939185,12667300
7900,0,1,60810,4,3939186,12883900
7901,0,1,60810,3,3939187,13221700
7902,0,0,60810,3,3939187,12693600
7903,0,0,60810,3,3939187,13646400
7904,0,0,60810,3,3939187,13286500
7905,0,0,60810,3,3939187,12906200
7906,0,0,60810,3,3939187,13522500
7907,0,0,60810,3,3939187,14152500
7908,0,0,60810,3,3939187,13913200
7909,0,0,60810,3,3939187,15008000
7910,0,1,60810,2,3939188,15399500
7911,0,0,60810,2,3939188,13950600
7912,0,0,60810,2,3939188,13593900
7913,0,0,60810,2,3939188,14744900
7914,0,0,60810,2,3939188,13451200
7915,0,0,60810,2,3939188,13810100
7916,0,0,60810,2,3939188,15667600
7917,0,0,60810,2,3939188,13975100
7918,0,0,60810,2,3939188,14268000
7919,0,0,60810,2,3939188,13739700
7920,0,0,60810,2,3939188,16072900
7921,0,0,60810,2,3939188,14184700
7922,0,0,60810,2,3939188,13264300
7923,0,0,60810,2,3939188,14256900
7924,0,0,60810,2,3939188,15017100
7925,0,0,60810,2,3939188,15417200
7926,0,0,60810,2,3939188,14850600
7927,0,0,60810,2,3939188,13795100
7928,0,0,60810,2,3939188,13154400
7929,0,0,60810,2,3939188,14774900
7930,0,1,60810,1,3939189,13231100
7931,0,0,60810,1,3939189,13692900
7932,0,0,60810,1,3939189,15177400
7933,0,0,60810,1,3939189,13650100
7934,0,0,60810,1,3939189,13241200
7935,0,0,60810,1,3939189,13855000
7936,0,0,60810,1,3939189,15025800
7937,0,0,60810,1,3939189,13349800
7938,0,0,60810,1,3939189,13554500
7939,0,0,60810,1,3939189,13126000
7940,0,0,60810,1,3939189,14019600
7941,0,0,60810,1,3939189,14551800
7942,0,0,60810,1,3939189,13994400
7943,0,0,60810,1,3939189,13100100
7944,0,0,60810,1,3939189,13875600
7945,0,0,60810,1,3939189,12915000
7946,0,0,60810,1,3939189,13731400
7947,0,0,60810,1,3939189,12534600
7948,0,0,60810,1,3939189,12806100
7949,0,1,60810,0,3939190,12774800
