Tick,NewlyInfected,NewlyRecovered,TotalSusceptible,TotalInfected,TotalRecovered,StepTimeNanos
0,1,0,3999994,6,0,23174500
1,3,0,3999991,9,0,18631700
2,2,1,3999989,10,1,8980800
3,1,1,3999988,10,2,9142500
4,3,0,3999985,13,2,8953000
5,3,0,3999982,16,2,12867700
6,2,1,3999980,17,3,12519600
7,1,0,3999979,18,3,12684700
8,6,1,3999973,23,4,12522000
9,4,0,3999969,27,4,12479700
10,9,1,3999960,35,5,12429600
11,9,2,3999951,42,7,12919300
12,10,1,3999941,51,8,12296100
13,7,2,3999934,56,10,12319300
14,9,2,3999925,63,12,12941900
15,8,1,3999917,70,13,12794100
16,12,3,3999905,79,16,12303200
17,10,2,3999895,87,18,12260500
18,9,1,3999886,95,19,12457000
19,11,6,3999875,100,25,12331200
20,15,5,3999860,110,30,12684700
21,16,5,3999844,121,35,12873200
22,9,2,3999835,128,37,12741500
23,10,4,3999825,134,41,12367000
24,15,9,3999810,140,50,12709200
25,9,9,3999801,140,59,12427500
26,12,10,3999789,142,69,12369600
27,15,12,3999774,145,81,12715900
28,16,12,3999758,149,93,12568000
29,12,7,3999746,154,100,12671700
30,9,13,3999737,150,113,12659000
31,16,5,3999721,161,118,13765300
32,11,11,3999710,161,129,13146400
33,15,10,3999695,166,139,12548200
34,15,11,3999680,170,150,12836500
35,9,3,3999671,176,153,12829100
36,13,5,3999658,184,158,12767900
37,16,2,3999642,198,160,12594600
38,23,12,3999619,209,172,12959700
39,16,16,3999603,209,188,12826000
40,17,13,3999586,213,201,12601600
41,20,12,3999566,221,213,14126700
42,20,15,3999546,226,228,12423000
43,23,12,3999523,237,240,12444700
44,25,13,3999498,249,253,12721000
45,25,11,3999473,263,264,12329800
46,20,13,3999453,270,277,12610100
47,23,12,3999430,281,289,12678800
48,32,14,3999398,299,303,13165700
49,21,13,3999377,307,316,13437000
50,29,12,3999348,324,328,13824700
51,25,16,3999323,333,344,13807100
52,34,22,3999289,345,366,14290800
53,27,18,3999262,354,384,13973800
54,36,16,3999226,374,400,13855800
55,27,18,3999199,383,418,14197800
56,31,21,3999168,393,439,17120800
57,23,20,3999145,396,459,14595600
58,30,22,3999115,404,481,15301100
59,42,21,3999073,425,502,13002500
60,31,9,3999042,447,511,25014900
61,30,28,3999012,449,539,14394200
62,36,27,3998976,458,566,14086300
63,18,15,3998958,461,581,13067000
64,32,19,3998926,474,600,12848000
65,36,19,3998890,491,619,12741700
66,41,23,3998849,509,642,12600500
67,44,27,3998805,526,669,12539800
68,49,28,3998756,547,697,12870800
69,34,24,3998722,557,721,12475800
70,48,25,3998674,580,746,12429300
71,50,16,3998624,614,762,12512000
72,40,35,3998584,619,797,12441600
73,45,29,3998539,635,826,12458600
74,35,32,3998504,638,858,12406500
75,37,24,3998467,651,882,12470000
76,59,35,3998408,675,917,12476100
77,53,41,3998355,687,958,12969200
78,49,30,3998306,706,988,12621300
79,61,37,3998245,730,1025,12856700
80,55,46,3998190,739,1071,12650000
81,56,40,3998134,755,1111,12378800
82,50,28,3998084,777,1139,12783700
83,61,43,3998023,795,1182,12474500
84,52,35,3997971,812,1217,12432200
85,60,37,3997911,835,1254,12856200
86,52,45,3997859,842,1299,12433200
87,62,41,3997797,863,1340,12472600
88,50,49,3997747,864,1389,12723000
89,69,35,3997678,898,1424,12395800
90,62,46,3997616,914,1470,12560800
91,60,39,3997556,935,1509,12657600
92,48,44,3997508,939,1553,12571500
93,59,54,3997449,944,1607,15370200
94,64,58,3997385,950,1665,15597000
95,64,50,3997321,964,1715,12589400
96,65,46,3997256,983,1761,12452500
97,48,51,3997208,980,1812,12897000
98,68,41,3997140,1007,1853,12360300
99,68,47,3997072,1028,1900,12651300
100,71,48,3997001,1051,1948,12542900
101,70,50,3996931,1071,1998,12755800
102,70,48,3996861,1093,2046,12457900
103,62,56,3996799,1099,2102,12404000
104,69,49,3996730,1119,2151,12730300
105,69,47,3996661,1141,2198,12671500
106,62,66,3996599,1137,2264,14295300
107,63,64,3996536,1136,2328,20694000
108,72,61,3996464,1147,2389,13555400
109,77,65,3996387,1159,2454,16533000
110,80,49,3996307,1190,2503,14283000
111,69,58,3996238,1201,2561,17953300
112,72,66,3996166,1207,2627,14138300
113,80,59,3996086,1228,2686,13475600
114,70,62,3996016,1236,2748,14988900
115,85,71,3995931,1250,2819,14339900
116,67,53,3995864,1264,2872,13604600
117,77,52,3995787,1289,2924,15037100
118,75,59,3995712,1305,2983,12949100
119,79,60,3995633,1324,3043,13209100
120,85,75,3995548,1334,3118,13028800
121,86,54,3995462,1366,3172,13638200
122,96,71,3995366,1391,3243,14393000
123,86,74,3995280,1403,3317,13181400
124,105,75,3995175,1433,3392,13705200
125,93,66,3995082,1460,3458,14188800
126,98,73,3994984,1485,3531,12739400
127,102,77,3994882,1510,3608,12449800
128,90,63,3994792,1537,3671,12678500
129,99,83,3994693,1553,3754,12514000
130,98,69,3994595,1582,3823,12813900
131,95,81,3994500,1596,3904,12506400
132,94,97,3994406,1593,4001,13162900
133,78,67,3994328,1604,4068,12974300
134,93,79,3994235,1618,4147,12888500
135,100,76,3994135,1642,4223,12723400
136,86,82,3994049,1646,4305,12816200
137,94,82,3993955,1658,4387,12840500
138,107,87,3993848,1678,4474,12537400
139,95,80,3993753,1693,4554,13013300
140,112,91,3993641,1714,4645,12530000
141,111,98,3993530,1727,4743,12541600
142,98,81,3993432,1744,4824,12537800
143,111,86,3993321,1769,4910,12454800
144,87,91,3993234,1765,5001,12509800
145,100,100,3993134,1765,5101,12789300
146,102,84,3993032,1783,5185,13061100
147,101,80,3992931,1804,5265,12583100
148,118,96,3992813,1826,5361,12506000
149,117,91,3992696,1852,5452,12478900
150,90,86,3992606,1856,5538,12530200
151,99,88,3992507,1867,5626,12782800
152,98,96,3992409,1869,5722,12792400
153,108,95,3992301,1882,5817,12553500
154,95,102,3992206,1875,5919,12557500
155,95,91,3992111,1879,6010,12552300
156,122,102,3991989,1899,6112,12854100
157,118,113,3991871,1904,6225,12495100
158,123,95,3991748,1932,6320,29532700
159,122,79,3991626,1975,6399,14174900
160,118,100,3991508,1993,6499,14409000
161,122,94,3991386,2021,6593,13789900
162,115,100,3991271,2036,6693,17246500
163,117,114,3991154,2039,6807,14963000
164,118,110,3991036,2047,6917,13007000
165,125,106,3990911,2066,7023,12913000
166,116,98,3990795,2084,7121,12514000
167,127,96,3990668,2115,7217,12580400
168,117,102,3990551,2130,7319,12563100
169,122,113,3990429,2139,7432,12676300
170,119,112,3990310,2146,7544,12534200
171,127,120,3990183,2153,7664,12439700
172,121,100,3990062,2174,7764,12475000
173,114,117,3989948,2171,7881,12945500
174,122,116,3989826,2177,7997,12855200
175,117,115,3989709,2179,8112,12603000
176,132,110,3989577,2201,8222,12827200
177,131,117,3989446,2215,8339,12595900
178,108,109,3989338,2214,8448,12595300
179,117,117,3989221,2214,8565,12747000
180,127,109,3989094,2232,8674,12702800
181,127,109,3988967,2250,8783,12917400
182,146,117,3988821,2279,8900,12698200
183,120,112,3988701,2287,9012,12665100
184,133,102,3988568,2318,9114,13011100
185,111,125,3988457,2304,9239,12548400
186,142,133,3988315,2313,9372,12897500
187,139,107,3988176,2345,9479,12593200
188,138,116,3988038,2367,9595,13968000
189,139,107,3987899,2399,9702,13562100
190,141,131,3987758,2409,9833,13687000
191,136,120,3987622,2425,9953,13014800
192,130,102,3987492,2453,10055,12639400
193,167,132,3987325,2488,10187,12679500
194,149,124,3987176,2513,10311,12587400
195,143,126,3987033,2530,10437,13088200
196,147,147,3986886,2530,10584,12638700
197,136,131,3986750,2535,10715,12565800
198,144,113,3986606,2566,10828,12981200
199,136,121,3986470,2581,10949,12839900
200,155,117,3986315,2619,11066,12856400
201,146,142,3986169,2623,11208,12921500
202,144,166,3986025,2601,11374,13192300
203,149,152,3985876,2598,11526,13383600
204,163,126,3985713,2635,11652,14407200
205,152,128,3985561,2659,11780,13450300
206,162,143,3985399,2678,11923,13720700
207,153,133,3985246,2698,12056,13879100
208,159,133,3985087,2724,12189,13659800
209,146,118,3984941,2752,12307,14163800
210,142,131,3984799,2763,12438,13730500
211,157,140,3984642,2780,12578,13934400
212,151,126,3984491,2805,12704,14623300
213,170,144,3984321,2831,12848,15521600
214,146,153,3984175,2824,13001,13528700
215,146,142,3984029,2828,13143,13233000
216,167,140,3983862,2855,13283,12757800
217,178,141,3983684,2892,13424,12747500
218,156,137,3983528,2911,13561,13097900
219,173,138,3983355,2946,13699,12926500
220,160,136,3983195,2970,13835,13534400
221,153,146,3983042,2977,13981,13369700
222,151,154,3982891,2974,14135,13146600
223,169,149,3982722,2994,14284,13384000
224,147,128,3982575,3013,14412,12683800
225,176,156,3982399,3033,14568,13368800
226,171,157,3982228,3047,14725,12929700
227,184,150,3982044,3081,14875,13349000
228,188,158,3981856,3111,15033,13108900
229,187,152,3981669,3146,15185,13262200
230,187,152,3981482,3181,15337,13244100
231,185,164,3981297,3202,15501,12960400
232,183,165,3981114,3220,15666,12912800
233,195,155,3980919,3260,15821,13355100
234,160,127,3980759,3293,15948,12905700
235,174,152,3980585,3315,16100,13155400
236,174,181,3980411,3308,16281,13378600
237,188,183,3980223,3313,16464,13853300
238,200,163,3980023,3350,16627,12849800
239,174,171,3979849,3353,16798,12869700
240,184,158,3979665,3379,16956,12814300
241,178,175,3979487,3382,17131,12946800
242,174,206,3979313,3350,17337,13114500
243,171,157,3979142,3364,17494,12829400
244,183,161,3978959,3386,17655,13128300
245,170,173,3978789,3383,17828,12843700
246,189,185,3978600,3387,18013,12810000
247,184,176,3978416,3395,18189,12875900
248,164,155,3978252,3404,18344,13042800
249,203,161,3978049,3446,18505,22959500
250,183,153,3977866,3476,18658,22327800
251,184,170,3977682,3490,18828,13757300
252,196,170,3977486,3516,18998,13309300
253,184,198,3977302,3502,19196,13033400
254,179,181,3977123,3500,19377,12925200
255,190,176,3976933,3514,19553,12992800
256,183,161,3976750,3536,19714,13154300
257,185,170,3976565,3551,19884,13391700
258,205,172,3976360,3584,20056,13838200
259,217,158,3976143,3643,20214,13806800
260,179,203,3975964,3619,20417,15527500
261,217,179,3975747,3657,20596,16954800
262,209,167,3975538,3699,20763,13949900
263,192,197,3975346,3694,20960,13154400
264,186,179,3975160,3701,21139,13795600
265,206,192,3974954,3715,21331,13459300
266,227,202,3974727,3740,21533,12870000
267,194,179,3974533,3755,21712,13086400
268,225,172,3974308,3808,21884,12822500
269,216,190,3974092,3834,22074,13311400
270,219,202,3973873,3851,22276,13482500
271,235,195,3973638,3891,22471,13696500
272,238,192,3973400,3937,22663,12684100
273,258,208,3973142,3987,22871,13178100
274,221,204,3972921,4004,23075,12920400
275,233,213,3972688,4024,23288,13198100
276,228,204,3972460,4048,23492,14590400
277,238,178,3972222,4108,23670,12865800
278,231,209,3971991,4130,23879,12817400
279,244,204,3971747,4170,24083,12988400
280,211,213,3971536,4168,24296,13417000
281,249,197,3971287,4220,24493,12829800
282,234,219,3971053,4235,24712,12871900
283,232,216,3970821,4251,24928,12895800
284,227,213,3970594,4265,25141,13103500
285,227,200,3970367,4292,25341,13021200
286,234,223,3970133,4303,25564,14415400
287,219,224,3969914,4298,25788,12868200
288,233,230,3969681,4301,26018,13323500
289,258,198,3969423,4361,26216,13334300
290,261,237,3969162,4385,26453,12884900
291,253,227,3968909,4411,26680,12898700
292,247,210,3968662,4448,26890,12832400
293,242,227,3968420,4463,27117,13039500
294,239,208,3968181,4494,27325,12928000
295,236,224,3967945,4506,27549,12873200
296,249,244,3967696,4511,27793,13344400
297,261,212,3967435,4560,28005,13121800
298,224,240,3967211,4544,28245,13102000
299,234,237,3966977,4541,28482,12892300
300,249,220,3966728,4570,28702,12992500
301,244,239,3966484,4575,28941,13041500
302,273,216,3966211,4632,29157,12569000
303,243,230,3965968,4645,29387,12830400
304,216,258,3965752,4603,29645,13200000
305,245,224,3965507,4624,29869,13196200
306,242,231,3965265,4635,30100,13125500
307,232,227,3965033,4640,30327,12780100
308,249,256,3964784,4633,30583,12716500
309,224,241,3964560,4616,30824,12720100
310,242,240,3964318,4618,31064,12742200
311,242,231,3964076,4629,31295,12998000
312,223,223,3963853,4629,31518,13152000
313,241,227,3963612,4643,31745,12910800
314,245,253,3963367,4635,31998,13308400
315,237,226,3963130,4646,32224,12770100
316,243,239,3962887,4650,32463,13043500
317,262,230,3962625,4682,32693,12737500
318,223,216,3962402,4689,32909,12666200
319,244,233,3962158,4700,33142,12681500
320,238,208,3961920,4730,33350,12761000
321,257,241,3961663,4746,33591,13054000
322,234,269,3961429,4711,33860,13113200
323,242,214,3961187,4739,34074,12801800
324,240,258,3960947,4721,34332,12835300
325,242,248,3960705,4715,34580,12744400
326,238,228,3960467,4725,34808,12928200
327,249,222,3960218,4752,35030,12868600
328,230,262,3959988,4720,35292,13274700
329,250,210,3959738,4760,35502,13338200
330,247,232,3959491,4775,35734,12988800
331,258,260,3959233,4773,35994,12804500
332,253,222,3958980,4804,36216,12867600
333,260,221,3958720,4843,36437,12903300
334,246,269,3958474,4820,36706,12848100
335,244,267,3958230,4797,36973,12832400
336,248,231,3957982,4814,37204,13214300
337,281,251,3957701,4844,37455,12796100
338,246,246,3957455,4844,37701,12808500
339,255,266,3957200,4833,37967,12898500
340,264,258,3956936,4839,38225,12829200
341,268,270,3956668,4837,38495,13016400
342,257,241,3956411,4853,38736,12759400
343,269,242,3956142,4880,38978,12938200
344,273,258,3955869,4895,39236,12803500
345,239,221,3955630,4913,39457,13140400
346,275,241,3955355,4947,39698,13433100
347,253,265,3955102,4935,39963,13386400
348,244,233,3954858,4946,40196,14104400
349,250,256,3954608,4940,40452,14065100
350,246,243,3954362,4943,40695,12751000
351,270,242,3954092,4971,40937,12908700
352,278,234,3953814,5015,41171,12827300
353,254,255,3953560,5014,41426,12770900
354,265,262,3953295,5017,41688,12773200
355,269,252,3953026,5034,41940,13269900
356,255,258,3952771,5031,42198,12799700
357,280,262,3952491,5049,42460,13095400
358,269,265,3952222,5053,42725,13102600
359,293,259,3951929,5087,42984,12757300
360,266,259,3951663,5094,43243,13246800
361,270,237,3951393,5127,43480,19409500
362,291,269,3951102,5149,43749,13128200
363,263,279,3950839,5133,44028,13058300
364,277,265,3950562,5145,44293,12964700
365,294,266,3950268,5173,44559,18050400
366,279,255,3949989,5197,44814,13314900
367,305,254,3949684,5248,45068,12901100
368,275,251,3949409,5272,45319,12949000
369,287,261,3949122,5298,45580,13313900
370,269,264,3948853,5303,45844,13383400
371,273,248,3948580,5328,46092,13351200
372,299,236,3948281,5391,46328,12965000
373,270,258,3948011,5403,46586,13310300
374,245,254,3947766,5394,46840,13462800
375,312,247,3947454,5459,47087,13182300
376,288,300,3947166,5447,47387,13145600
377,286,272,3946880,5461,47659,13373100
378,268,268,3946612,5461,47927,13568200
379,293,297,3946319,5457,48224,13931700
380,297,289,3946022,5465,48513,13263800
381,304,265,3945718,5504,48778,12820700
382,329,307,3945389,5526,49085,13096900
383,302,259,3945087,5569,49344,12846300
384,297,291,3944790,5575,49635,12813900
385,307,238,3944483,5644,49873,12823800
386,304,276,3944179,5672,50149,12811800
387,292,278,3943887,5686,50427,12779000
388,328,276,3943559,5738,50703,12907200
389,300,276,3943259,5762,50979,12792000
390,295,284,3942964,5773,51263,13188200
391,309,313,3942655,5769,51576,12831900
392,299,292,3942356,5776,51868,12784700
393,309,310,3942047,5775,52178,12760800
394,292,309,3941755,5758,52487,12736400
395,306,290,3941449,5774,52777,12813900
396,294,289,3941155,5779,53066,13124200
397,292,297,3940863,5774,53363,12864500
398,293,304,3940570,5763,53667,13282200
399,304,284,3940266,5783,53951,13130300
400,309,303,3939957,5789,54254,12828800
401,299,290,3939658,5798,54544,15621700
402,319,283,3939339,5834,54827,26896800
403,311,294,3939028,5851,55121,15887500
404,320,328,3938708,5843,55449,17326000
405,312,319,3938396,5836,55768,14352500
406,316,313,3938080,5839,56081,15477400
407,322,310,3937758,5851,56391,13505900
408,319,307,3937439,5863,56698,13152800
409,338,303,3937101,5898,57001,13337300
410,335,301,3936766,5932,57302,17990200
411,331,306,3936435,5957,57608,16826500
412,311,312,3936124,5956,57920,13355300
413,341,311,3935783,5986,58231,12904700
414,345,300,3935438,6031,58531,12987100
415,321,313,3935117,6039,58844,13169000
416,323,307,3934794,6055,59151,14951600
417,330,286,3934464,6099,59437,13294900
418,326,268,3934138,6157,59705,12958800
419,330,321,3933808,6166,60026,12845300
420,293,312,3933515,6147,60338,12889200
421,297,304,3933218,6140,60642,13014400
422,341,312,3932877,6169,60954,12870300
423,359,282,3932518,6246,61236,12873600
424,348,292,3932170,6302,61528,13209300
425,352,277,3931818,6377,61805,12849300
426,321,310,3931497,6388,62115,12840300
427,361,325,3931136,6424,62440,12874300
428,353,312,3930783,6465,62752,12849800
429,359,304,3930424,6520,63056,12850200
430,333,319,3930091,6534,63375,12906300
431,304,310,3929787,6528,63685,13231700
432,343,345,3929444,6526,64030,13387200
433,394,315,3929050,6605,64345,12907900
434,359,354,3928691,6610,64699,12971300
435,342,347,3928349,6605,65046,12943600
436,360,345,3927989,6620,65391,13010900
437,349,328,3927640,6641,65719,13217900
438,360,313,3927280,6688,66032,13277500
439,309,331,3926971,6666,66363,13136000
440,332,303,3926639,6695,66666,12862700
441,335,349,3926304,6681,67015,13101600
442,355,354,3925949,6682,67369,12922300
443,325,340,3925624,6667,67709,12861900
444,349,316,3925275,6700,68025,13281100
445,336,323,3924939,6713,68348,13070000
446,374,358,3924565,6729,68706,13600700
447,353,350,3924212,6732,69056,12922700
448,389,333,3923823,6788,69389,12910700
449,318,348,3923505,6758,69737,13090600
450,332,363,3923173,6727,70100,12858500
451,305,356,3922868,6676,70456,13280600
452,350,343,3922518,6683,70799,13096700
453,346,312,3922172,6717,71111,13290000
454,346,346,3921826,6717,71457,13102900
455,353,353,3921473,6717,71810,13384400
456,367,335,3921106,6749,72145,13069700
457,356,330,3920750,6775,72475,13450200
458,372,307,3920378,6840,72782,13672500
459,333,358,3920045,6815,73140,13120100
460,373,359,3919672,6829,73499,13039300
461,369,349,3919303,6849,73848,13282300
462,342,324,3918961,6867,74172,13019800
463,356,325,3918605,6898,74497,13132500
464,334,342,3918271,6890,74839,13398700
465,376,340,3917895,6926,75179,13245300
466,333,337,3917562,6922,75516,13276200
467,362,336,3917200,6948,75852,13705400
468,347,344,3916853,6951,76196,12961600
469,359,347,3916494,6963,76543,13141400
470,383,341,3916111,7005,76884,12966000
471,363,308,3915748,7060,77192,13790600
472,376,375,3915372,7061,77567,14027500
473,357,344,3915015,7074,77911,13603200
474,342,356,3914673,7060,78267,13030900
475,355,366,3914318,7049,78633,13043400
476,357,347,3913961,7059,78980,13629500
477,400,361,3913561,7098,79341,13174500
478,342,346,3913219,7094,79687,13209700
479,382,352,3912837,7124,80039,13092300
480,385,359,3912452,7150,80398,13102700
481,356,327,3912096,7179,80725,13690500
482,383,347,3911713,7215,81072,13523000
483,379,362,3911334,7232,81434,13958700
484,380,336,3910954,7276,81770,13492800
485,393,376,3910561,7293,82146,13462900
486,373,353,3910188,7313,82499,14053100
487,347,330,3909841,7330,82829,13615300
488,368,363,3909473,7335,83192,13486700
489,376,366,3909097,7345,83558,13698600
490,379,355,3908718,7369,83913,13596200
491,376,375,3908342,7370,84288,13520000
492,373,347,3907969,7396,84635,13658700
493,360,339,3907609,7417,84974,32642200
494,358,376,3907251,7399,85350,14801000
495,383,369,3906868,7413,85719,13420900
496,371,362,3906497,7422,86081,13445500
497,383,368,3906114,7437,86449,13445200
498,378,361,3905736,7454,86810,13365700
499,402,379,3905334,7477,87189,13383200
500,406,366,3904928,7517,87555,13388900
501,413,378,3904515,7552,87933,13283800
502,368,418,3904147,7502,88351,13203700
503,392,378,3903755,7516,88729,13249700
504,412,365,3903343,7563,89094,13036200
505,388,404,3902955,7547,89498,13310600
506,410,394,3902545,7563,89892,13051700
507,401,380,3902144,7584,90272,13069300
508,399,349,3901745,7634,90621,13025300
509,371,367,3901374,7638,90988,13310000
510,375,372,3900999,7641,91360,13697200
511,385,398,3900614,7628,91758,13295800
512,404,411,3900210,7621,92169,13501800
513,386,396,3899824,7611,92565,13008900
514,414,339,3899410,7686,92904,13116500
515,400,366,3899010,7720,93270,13196600
516,408,379,3898602,7749,93649,13557900
517,392,371,3898210,7770,94020,13591000
518,412,400,3897798,7782,94420,12987100
519,411,399,3897387,7794,94819,12943300
520,401,390,3896986,7805,95209,13309900
521,371,390,3896615,7786,95599,13098900
522,412,402,3896203,7796,96001,13407400
523,392,391,3895811,7797,96392,12968100
524,446,395,3895365,7848,96787,12939700
525,382,385,3894983,7845,97172,13222800
526,428,413,3894555,7860,97585,13144300
527,444,394,3894111,7910,97979,13228600
528,430,395,3893681,7945,98374,13141100
529,410,387,3893271,7968,98761,13051900
530,412,376,3892859,8004,99137,13501800
531,428,367,3892431,8065,99504,13466400
532,424,409,3892007,8080,99913,13414900
533,437,428,3891570,8089,100341,13164000
534,434,432,3891136,8091,100773,13151800
535,414,398,3890722,8107,101171,13255700
536,426,433,3890296,8100,101604,13686700
537,429,409,3889867,8120,102013,13413600
538,437,410,3889430,8147,102423,13406900
539,444,403,3888986,8188,102826,13508000
540,414,420,3888572,8182,103246,13928600
541,402,431,3888170,8153,103677,13230000
542,399,390,3887771,8162,104067,13230600
543,432,387,3887339,8207,104454,13208700
544,404,408,3886935,8203,104862,13165500
545,421,412,3886514,8212,105274,14067300
546,416,388,3886098,8240,105662,13414700
547,402,416,3885696,8226,106078,13587200
548,430,418,3885266,8238,106496,13643000
549,419,378,3884847,8279,106874,13996700
550,382,432,3884465,8229,107306,13204300
551,415,413,3884050,8231,107719,13312100
552,413,424,3883637,8220,108143,13277900
553,438,416,3883199,8242,108559,13630700
554,446,423,3882753,8265,108982,13522900
555,404,396,3882349,8273,109378,13075900
556,450,447,3881899,8276,109825,15426300
557,413,417,3881486,8272,110242,31785600
558,431,427,3881055,8276,110669,14509100
559,463,437,3880592,8302,111106,14793400
560,461,438,3880131,8325,111544,14503700
561,408,408,3879723,8325,111952,17929300
562,430,426,3879293,8329,112378,14346500
563,407,396,3878886,8340,112774,13816800
564,444,395,3878442,8389,113169,25617200
565,466,447,3877976,8408,113616,17658700
566,419,416,3877557,8411,114032,13853200
567,433,416,3877124,8428,114448,14888200
568,421,434,3876703,8415,114882,23127900
569,411,432,3876292,8394,115314,13640300
570,407,408,3875885,8393,115722,13782500
571,477,426,3875408,8444,116148,13453700
572,451,470,3874957,8425,116618,13128000
573,411,424,3874546,8412,117042,13315100
574,458,408,3874088,8462,117450,13456900
575,457,406,3873631,8513,117856,13666600
576,456,435,3873175,8534,118291,13249900
577,456,445,3872719,8545,118736,13709400
578,468,414,3872251,8599,119150,13367900
579,485,451,3871766,8633,119601,13147600
580,445,439,3871321,8639,120040,13479000
581,458,416,3870863,8681,120456,13413900
582,427,421,3870436,8687,120877,13104300
583,445,409,3869991,8723,121286,13543700
584,469,448,3869522,8744,121734,13011700
585,499,450,3869023,8793,122184,13345000
586,442,429,3868581,8806,122613,13228700
587,399,430,3868182,8775,123043,13906100
588,462,461,3867720,8776,123504,13544400
589,458,442,3867262,8792,123946,13125200
590,475,467,3866787,8800,124413,13442700
591,433,433,3866354,8800,124846,13215600
592,462,422,3865892,8840,125268,13684800
593,450,464,3865442,8826,125732,13690900
594,435,451,3865007,8810,126183,13682200
595,447,433,3864560,8824,126616,13339600
596,427,454,3864133,8797,127070,13322900
597,424,442,3863709,8779,127512,13483900
598,472,422,3863237,8829,127934,13187500
599,446,429,3862791,8846,128363,13128500
600,433,427,3862358,8852,128790,13521000
601,422,438,3861936,8836,129228,13399400
602,440,444,3861496,8832,129672,13187700
603,463,446,3861033,8849,130118,13443800
604,429,436,3860604,8842,130554,13117000
605,441,437,3860163,8846,130991,13056400
606,427,428,3859736,8845,131419,13017400
607,418,450,3859318,8813,131869,13217900
608,451,447,3858867,8817,132316,13544400
609,429,461,3858438,8785,132777,13286100
610,482,427,3857956,8840,133204,13122600
611,435,403,3857521,8872,133607,13440000
612,490,424,3857031,8938,134031,13471500
613,472,455,3856559,8955,134486,13259600
614,476,436,3856083,8995,134922,13115200
615,490,486,3855593,8999,135408,13624100
616,462,453,3855131,9008,135861,13347800
617,469,464,3854662,9013,136325,13950100
618,518,435,3854144,9096,136760,13723500
619,440,436,3853704,9100,137196,13402800
620,464,488,3853240,9076,137684,13596900
621,449,466,3852791,9059,138150,13400400
622,458,445,3852333,9072,138595,13680800
623,434,457,3851899,9049,139052,15012800
624,452,437,3851447,9064,139489,13682100
625,460,452,3850987,9072,139941,15838000
626,475,462,3850512,9085,140403,13775800
627,461,432,3850051,9114,140835,14422200
628,467,477,3849584,9104,141312,13500200
629,482,452,3849102,9134,141764,13376400
630,470,420,3848632,9184,142184,13735500
631,481,455,3848151,9210,142639,13484300
632,466,467,3847685,9209,143106,13799200
633,494,446,3847191,9257,143552,14250300
634,520,462,3846671,9315,144014,14180700
635,493,502,3846178,9306,144516,13696300
636,462,457,3845716,9311,144973,13452600
637,478,481,3845238,9308,145454,13942900
638,481,509,3844757,9280,145963,13688400
639,477,447,3844280,9310,146410,14059500
640,441,480,3843839,9271,146890,13670700
641,496,456,3843343,9311,147346,13891900
642,503,441,3842840,9373,147787,14289200
643,468,463,3842372,9378,148250,13724300
644,474,488,3841898,9364,148738,14476300
645,484,473,3841414,9375,149211,13508000
646,480,491,3840934,9364,149702,14636700
647,478,476,3840456,9366,150178,13963000
648,489,423,3839967,9432,150601,13845500
649,461,457,3839506,9436,151058,13886800
650,535,439,3838971,9532,151497,13858000
651,486,448,3838485,9570,151945,13852300
652,506,424,3837979,9652,152369,14906600
653,532,477,3837447,9707,152846,14133000
654,516,493,3836931,9730,153339,14129400
655,517,535,3836414,9712,153874,22422500
656,491,488,3835923,9715,154362,18056600
657,512,485,3835411,9742,154847,19083800
658,506,506,3834905,9742,155353,14587500
659,522,475,3834383,9789,155828,14127500
660,509,487,3833874,9811,156315,13558900
661,502,484,3833372,9829,156799,13521900
662,495,476,3832877,9848,157275,13584100
663,524,471,3832353,9901,157746,13735600
664,484,508,3831869,9877,158254,13894100
665,472,522,3831397,9827,158776,13966600
666,451,483,3830946,9795,159259,13357800
667,474,457,3830472,9812,159716,13222400
668,467,510,3830005,9769,160226,13225000
669,474,480,3829531,9763,160706,13236000
670,491,498,3829040,9756,161204,13280600
671,508,494,3828532,9770,161698,13203700
672,502,479,3828030,9793,162177,13274600
673,481,451,3827549,9823,162628,13273100
674,498,505,3827051,9816,163133,13219600
675,491,481,3826560,9826,163614,13350800
676,468,493,3826092,9801,164107,13596300
677,502,466,3825590,9837,164573,13250400
678,492,471,3825098,9858,165044,13282400
679,508,510,3824590,9856,165554,13244200
680,522,536,3824068,9842,166090,13287600
681,511,509,3823557,9844,166599,13315300
682,515,458,3823042,9901,167057,13268500
683,548,483,3822494,9966,167540,13230900
684,492,509,3822002,9949,168049,13333900
685,517,486,3821485,9980,168535,13376800
686,529,506,3820956,10003,169041,14830200
687,504,519,3820452,9988,169560,19907900
688,492,536,3819960,9944,170096,21621200
689,579,491,3819381,10032,170587,17086100
690,533,543,3818848,10022,171130,16991500
691,508,523,3818340,10007,171653,16695600
692,496,501,3817844,10002,172154,24315500
693,539,464,3817305,10077,172618,16728700
694,524,522,3816781,10079,173140,16890800
695,557,488,3816224,10148,173628,15843000
696,488,520,3815736,10116,174148,15920400
697,499,512,3815237,10103,174660,15439300
698,507,478,3814730,10132,175138,14729600
699,545,504,3814185,10173,175642,15300400
700,542,493,3813643,10222,176135,14196700
701,500,476,3813143,10246,176611,15245500
702,526,544,3812617,10228,177155,14358100
703,528,477,3812089,10279,177632,14186300
704,517,510,3811572,10286,178142,13655400
705,523,503,3811049,10306,178645,14479700
706,546,519,3810503,10333,179164,15166800
707,556,495,3809947,10394,179659,16157700
708,539,504,3809408,10429,180163,15286700
709,557,512,3808851,10474,180675,14990200
710,586,555,3808265,10505,181230,14740000
711,571,554,3807694,10522,181784,14356000
712,573,505,3807121,10590,182289,14566600
713,583,560,3806538,10613,182849,15494900
714,530,515,3806008,10628,183364,15433900
715,571,496,3805437,10703,183860,14346900
716,611,527,3804826,10787,184387,13341000
717,561,546,3804265,10802,184933,13903500
718,553,563,3803712,10792,185496,13420000
719,547,524,3803165,10815,186020,13741400
720,560,497,3802605,10878,186517,13909300
721,600,529,3802005,10949,187046,13628300
722,625,567,3801380,11007,187613,13425200
723,598,579,3800782,11026,188192,13676900
724,601,562,3800181,11065,188754,13264200
725,540,561,3799641,11044,189315,13529600
726,563,533,3799078,11074,189848,13222400
727,579,547,3798499,11106,190395,13292600
728,571,534,3797928,11143,190929,13430100
729,565,550,3797363,11158,191479,13504700
730,543,557,3796820,11144,192036,13601700
731,576,552,3796244,11168,192588,13319800
732,618,545,3795626,11241,193133,13707100
733,597,589,3795029,11249,193722,13263300
734,578,517,3794451,11310,194239,13542000
735,593,598,3793858,11305,194837,13443200
736,583,517,3793275,11371,195354,13369300
737,607,562,3792668,11416,195916,13838900
738,565,562,3792103,11419,196478,13591200
739,606,580,3791497,11445,197058,13686500
740,611,554,3790886,11502,197612,13409900
741,570,567,3790316,11505,198179,13707700
742,587,595,3789729,11497,198774,13349400
743,570,547,3789159,11520,199321,13632800
744,541,555,3788618,11506,199876,13877000
745,561,592,3788057,11475,200468,13365200
746,549,574,3787508,11450,201042,13341600
747,586,572,3786922,11464,201614,13355500
748,582,538,3786340,11508,202152,13323000
749,540,576,3785800,11472,202728,13609000
750,588,545,3785212,11515,203273,13413800
751,573,586,3784639,11502,203859,13683600
752,602,591,3784037,11513,204450,13969500
753,587,545,3783450,11555,204995,14237100
754,590,615,3782860,11530,205610,13761600
755,589,586,3782271,11533,206196,13439600
756,610,583,3781661,11560,206779,15453900
757,626,561,3781035,11625,207340,13702300
758,536,560,3780499,11601,207900,14195400
759,594,560,3779905,11635,208460,16098300
760,583,552,3779322,11666,209012,13776100
761,574,574,3778748,11666,209586,13745300
762,578,627,3778170,11617,210213,13738200
763,587,575,3777583,11629,210788,14516600
764,535,610,3777048,11554,211398,14213700
765,605,565,3776443,11594,211963,13600600
766,605,592,3775838,11607,212555,13640100
767,574,568,3775264,11613,213123,14695200
768,562,567,3774702,11608,213690,14501500
769,608,586,3774094,11630,214276,15685400
770,631,587,3773463,11674,214863,14924000
771,611,549,3772852,11736,215412,14713600
772,582,582,3772270,11736,215994,14850800
773,590,606,3771680,11720,216600,14843400
774,590,595,3771090,11715,217195,25075700
775,601,582,3770489,11734,217777,26586100
776,611,582,3769878,11763,218359,16187400
777,566,562,3769312,11767,218921,14215800
778,609,582,3768703,11794,219503,13758800
779,602,605,3768101,11791,220108,13746200
780,591,626,3767510,11756,220734,13748900
781,584,575,3766926,11765,221309,14088400
782,569,596,3766357,11738,221905,14436700
783,605,610,3765752,11733,222515,13981900
784,652,600,3765100,11785,223115,13737100
785,607,597,3764493,11795,223712,14680800
786,637,544,3763856,11888,224256,14466200
787,610,553,3763246,11945,224809,15020600
788,577,589,3762669,11933,225398,15131600
789,622,559,3762047,11996,225957,14529200
790,654,611,3761393,12039,226568,13901700
791,561,599,3760832,12001,227167,14108200
792,572,557,3760260,12016,227724,13857000
793,609,585,3759651,12040,228309,14066700
794,590,608,3759061,12022,228917,13906100
795,594,618,3758467,11998,229535,13880300
796,620,638,3757847,11980,230173,13773900
797,595,622,3757252,11953,230795,13740200
798,570,591,3756682,11932,231386,13747700
799,607,585,3756075,11954,231971,13679400
800,617,576,3755458,11995,232547,14069400
801,616,610,3754842,12001,233157,13957500
802,593,564,3754249,12030,233721,13974800
803,600,597,3753649,12033,234318,14146300
804,623,601,3753026,12055,234919,14134300
805,594,549,3752432,12100,235468,14151200
806,608,606,3751824,12102,236074,14092300
807,604,612,3751220,12094,236686,14197000
808,585,583,3750635,12096,237269,14878000
809,588,610,3750047,12074,237879,14338800
810,622,589,3749425,12107,238468,13644300
811,638,644,3748787,12101,239112,13988200
812,609,582,3748178,12128,239694,13539300
813,635,596,3747543,12167,240290,13363500
814,643,631,3746900,12179,240921,13671900
815,666,619,3746234,12226,241540,13562600
816,648,637,3745586,12237,242177,13854400
817,615,639,3744971,12213,242816,13505300
818,591,589,3744380,12215,243405,13455600
819,612,603,3743768,12224,244008,13520000
820,631,635,3743137,12220,244643,13572200
821,656,589,3742481,12287,245232,13585600
822,644,607,3741837,12324,245839,13578300
823,586,619,3741251,12291,246458,13650700
824,602,636,3740649,12257,247094,13661400
825,611,541,3740038,12327,247635,13460800
826,592,622,3739446,12297,248257,13564300
827,619,626,3738827,12290,248883,13880800
828,646,630,3738181,12306,249513,13611000
829,660,602,3737521,12364,250115,13375400
830,606,661,3736915,12309,250776,13553900
831,633,563,3736282,12379,251339,14144500
832,651,649,3735631,12381,251988,13502700
833,698,620,3734933,12459,252608,13867600
834,636,616,3734297,12479,253224,14016400
835,627,636,3733670,12470,253860,13715100
836,648,602,3733022,12516,254462,13590500
837,674,599,3732348,12591,255061,13887500
838,651,583,3731697,12659,255644,13442100
839,636,632,3731061,12663,256276,13578300
840,680,601,3730381,12742,256877,13510100
841,644,624,3729737,12762,257501,13831400
842,628,615,3729109,12775,258116,13784100
843,650,683,3728459,12742,258799,13545400
844,662,692,3727797,12712,259491,13462000
845,703,609,3727094,12806,260100,13872500
846,646,642,3726448,12810,260742,13363300
847,670,649,3725778,12831,261391,13355300
848,730,664,3725048,12897,262055,13369100
849,666,651,3724382,12912,262706,13380300
850,707,652,3723675,12967,263358,13749400
851,645,685,3723030,12927,264043,13478700
852,677,654,3722353,12950,264697,13712700
853,701,654,3721652,12997,265351,13444500
854,636,633,3721016,13000,265984,13768900
855,691,671,3720325,13020,266655,13573100
856,630,657,3719695,12993,267312,14037900
857,693,659,3719002,13027,267971,13403300
858,631,663,3718371,12995,268634,13542000
859,689,619,3717682,13065,269253,13591500
860,697,635,3716985,13127,269888,13979600
861,673,642,3716312,13158,270530,14646700
862,728,660,3715584,13226,271190,13710900
863,649,644,3714935,13231,271834,14004500
864,662,673,3714273,13220,272507,13749300
865,655,666,3713618,13209,273173,14031400
866,643,639,3712975,13213,273812,14557500
867,654,675,3712321,13192,274487,15129400
868,662,651,3711659,13203,275138,14967400
869,676,662,3710983,13217,275800,14276700
870,661,675,3710322,13203,276475,14105200
871,681,667,3709641,13217,277142,15594900
872,636,751,3709005,13102,277893,13928300
873,695,687,3708310,13110,278580,13883200
874,637,638,3707673,13109,279218,13770300
875,681,614,3706992,13176,279832,13545800
876,676,677,3706316,13175,280509,13468000
877,681,695,3705635,13161,281204,13978200
878,649,648,3704986,13162,281852,15293800
879,627,737,3704359,13052,282589,16495700
880,678,656,3703681,13074,283245,14106600
881,656,662,3703025,13068,283907,14151400
882,678,641,3702347,13105,284548,13622300
883,675,657,3701672,13123,285205,13561900
884,672,637,3701000,13158,285842,13581400
885,660,667,3700340,13151,286509,13931200
886,716,632,3699624,13235,287141,14002600
887,666,647,3698958,13254,287788,13445900
888,672,614,3698286,13312,288402,13760100
889,718,666,3697568,13364,289068,13638700
890,655,686,3696913,13333,289754,13611100
891,746,641,3696167,13438,290395,13877800
892,711,649,3695456,13500,291044,13608700
893,736,711,3694720,13525,291755,13561900
894,667,714,3694053,13478,292469,14209700
895,683,667,3693370,13494,293136,14590500
896,674,638,3692696,13530,293774,30308300
897,664,654,3692032,13540,294428,14393100
898,631,682,3691401,13489,295110,14402700
899,678,650,3690723,13517,295760,27341100
900,700,672,3690023,13545,296432,14490500
901,699,654,3689324,13590,297086,13640500
902,697,726,3688627,13561,297812,13824100
903,706,684,3687921,13583,298496,13602100
904,673,685,3687248,13571,299181,13538000
905,655,663,3686593,13563,299844,13540200
906,677,660,3685916,13580,300504,13875700
907,709,681,3685207,13608,301185,14235100
908,656,677,3684551,13587,301862,25841800
909,655,654,3683896,13588,302516,13902300
910,659,651,3683237,13596,303167,14733500
911,667,656,3682570,13607,303823,22772500
912,679,654,3681891,13632,304477,14813800
913,695,688,3681196,13639,305165,14010800
914,708,731,3680488,13616,305896,14044900
915,725,680,3679763,13661,306576,13679500
916,692,715,3679071,13638,307291,13630200
917,713,660,3678358,13691,307951,13725900
918,691,668,3677667,13714,308619,13627500
919,719,668,3676948,13765,309287,13554600
920,735,655,3676213,13845,309942,13612300
921,668,692,3675545,13821,310634,13700900
922,659,670,3674886,13810,311304,13616100
923,712,669,3674174,13853,311973,14028000
924,692,675,3673482,13870,312648,13869900
925,708,696,3672774,13882,313344,13523300
926,692,693,3672082,13881,314037,13727100
927,721,689,3671361,13913,314726,14116800
928,710,650,3670651,13973,315376,13872700
929,689,705,3669962,13957,316081,13696400
930,719,713,3669243,13963,316794,13613000
931,682,684,3668561,13961,317478,13609000
932,717,695,3667844,13983,318173,13573600
933,709,674,3667135,14018,318847,13597000
934,709,724,3666426,14003,319571,13635700
935,676,701,3665750,13978,320272,14244500
936,710,693,3665040,13995,320965,13724500
937,702,702,3664338,13995,321667,13895000
938,746,716,3663592,14025,322383,13965600
939,736,680,3662856,14081,323063,13939600
940,703,710,3662153,14074,323773,13678200
941,761,732,3661392,14103,324505,14609700
942,741,672,3660651,14172,325177,13775700
943,700,711,3659951,14161,325888,14070400
944,715,682,3659236,14194,326570,15388700
945,759,749,3658477,14204,327319,13760800
946,741,714,3657736,14231,328033,13840000
947,758,724,3656978,14265,328757,13791400
948,711,715,3656267,14261,329472,14055100
949,707,719,3655560,14249,330191,15194100
950,723,722,3654837,14250,330913,14134500
951,781,679,3654056,14352,331592,14134500
952,750,753,3653306,14349,332345,13925300
953,729,692,3652577,14386,333037,13709100
954,764,719,3651813,14431,333756,13963800
955,770,674,3651043,14527,334430,13775500
956,747,719,3650296,14555,335149,13968900
957,719,710,3649577,14564,335859,13859400
958,726,719,3648851,14571,336578,13683000
959,703,740,3648148,14534,337318,13815600
960,702,785,3647446,14451,338103,13766500
961,752,712,3646694,14491,338815,15217600
962,716,729,3645978,14478,339544,13684600
963,775,699,3645203,14554,340243,13671300
964,740,691,3644463,14603,340934,14354900
965,714,754,3643749,14563,341688,14021200
966,753,721,3642996,14595,342409,13997400
967,741,705,3642255,14631,343114,13704500
968,676,726,3641579,14581,343840,14111600
969,694,725,3640885,14550,344565,13830500
970,673,702,3640212,14521,345267,14117300
971,710,725,3639502,14506,345992,13763500
972,696,771,3638806,14431,346763,14203400
973,696,702,3638110,14425,347465,13612200
974,723,718,3637387,14430,348183,13615800
975,709,693,3636678,14446,348876,14204100
976,742,701,3635936,14487,349577,14939300
977,709,714,3635227,14482,350291,15979300
978,734,727,3634493,14489,351018,14223200
979,725,673,3633768,14541,351691,13708600
980,730,719,3633038,14552,352410,13958100
981,743,735,3632295,14560,353145,14679300
982,761,736,3631534,14585,353881,13949000
983,749,740,3630785,14594,354621,13806700
984,710,774,3630075,14530,355395,14022900
985,711,696,3629364,14545,356091,14216000
986,734,730,3628630,14549,356821,13843000
987,751,738,3627879,14562,357559,13847600
988,752,781,3627127,14533,358340,23425100
989,769,742,3626358,14560,359082,14846900
990,757,721,3625601,14596,359803,14377400
991,718,723,3624883,14591,360526,25687000
992,774,710,3624109,14655,361236,15919100
993,749,723,3623360,14681,361959,14350300
994,752,691,3622608,14742,362650,13923900
995,769,748,3621839,14763,363398,14004600
996,773,739,3621066,14797,364137,33998000
997,771,726,3620295,14842,364863,15301500
998,721,721,3619574,14842,365584,14051800
999,726,717,3618848,14851,366301,14091900
1000,740,749,3618108,14842,367050,14199600
1001,769,715,3617339,14896,367765,14326100
1002,755,747,3616584,14904,368512,14398500
1003,754,718,3615830,14940,369230,14009600
1004,739,741,3615091,14938,369971,14393400
1005,721,726,3614370,14933,370697,14095700
1006,708,764,3613662,14877,371461,13583200
1007,762,756,3612900,14883,372217,13932100
1008,738,742,3612162,14879,372959,14124600
1009,726,765,3611436,14840,373724,14178300
1010,718,781,3610718,14777,374505,13989200
1011,732,724,3609986,14785,375229,14110000
1012,717,691,3609269,14811,375920,13805800
1013,716,738,3608553,14789,376658,13948700
1014,706,772,3607847,14723,377430,13756800
1015,813,755,3607034,14781,378185,14553900
1016,748,697,3606286,14832,378882,13681600
1017,738,792,3605548,14778,379674,13646700
1018,726,705,3604822,14799,380379,13863200
1019,782,733,3604040,14848,381112,13870400
1020,742,780,3603298,14810,381892,13800300
1021,734,781,3602564,14763,382673,14156100
1022,738,714,3601826,14787,383387,14231400
1023,759,736,3601067,14810,384123,14100800
1024,781,755,3600286,14836,384878,14073800
1025,718,717,3599568,14837,385595,14008900
1026,777,693,3598791,14921,386288,14055300
1027,774,706,3598017,14989,386994,14281900
1028,769,762,3597248,14996,387756,14338600
1029,767,762,3596481,15001,388518,14045000
1030,753,801,3595728,14953,389319,13845600
1031,765,721,3594963,14997,390040,14266400
1032,776,775,3594187,14998,390815,14027300
1033,730,744,3593457,14984,391559,13721500
1034,727,732,3592730,14979,392291,14712900
1035,756,719,3591974,15016,393010,14132500
1036,752,728,3591222,15040,393738,14111100
1037,757,808,3590465,14989,394546,14019200
1038,743,734,3589722,14998,395280,13646000
1039,754,724,3588968,15028,396004,13690300
1040,746,752,3588222,15022,396756,13725100
1041,757,788,3587465,14991,397544,13888700
1042,728,760,3586737,14959,398304,13871600
1043,686,733,3586051,14912,399037,13706000
1044,761,727,3585290,14946,399764,13933200
1045,720,738,3584570,14928,400502,14040100
1046,743,767,3583827,14904,401269,13747000
1047,756,725,3583071,14935,401994,13962200
1048,713,747,3582358,14901,402741,13913700
1049,743,689,3581615,14955,403430,13914900
1050,784,751,3580831,14988,404181,14121300
1051,772,759,3580059,15001,404940,13768100
1052,758,742,3579301,15017,405682,13701400
1053,757,727,3578544,15047,406409,13805600
1054,756,726,3577788,15077,407135,14250400
1055,723,773,3577065,15027,407908,13816400
1056,794,808,3576271,15013,408716,14272700
1057,732,747,3575539,14998,409463,14390600
1058,739,760,3574800,14977,410223,14204500
1059,704,730,3574096,14951,410953,13592400
1060,704,770,3573392,14885,411723,13810900
1061,733,719,3572659,14899,412442,14164400
1062,759,734,3571900,14924,413176,14168900
1063,751,724,3571149,14951,413900,13848700
1064,753,737,3570396,14967,414637,14177700
1065,763,730,3569633,15000,415367,13834800
1066,786,763,3568847,15023,416130,13754400
1067,732,729,3568115,15026,416859,13740100
1068,786,750,3567329,15062,417609,13754900
1069,739,723,3566590,15078,418332,14198100
1070,768,749,3565822,15097,419081,13751900
1071,735,773,3565087,15059,419854,13660200
1072,780,691,3564307,15148,420545,13664300
1073,730,777,3563577,15101,421322,13770300
1074,752,786,3562825,15067,422108,13912700
1075,741,734,3562084,15074,422842,13935200
1076,786,742,3561298,15118,423584,13844600
1077,771,747,3560527,15142,424331,14027500
1078,799,738,3559728,15203,425069,14863200
1079,819,731,3558909,15291,425800,13822200
1080,756,760,3558153,15287,426560,13909800
1081,799,687,3557354,15399,427247,13674300
1082,783,761,3556571,15421,428008,13749200
1083,826,779,3555745,15468,428787,13665900
1084,799,765,3554946,15502,429552,13959800
1085,803,762,3554143,15543,430314,13938600
1086,760,741,3553383,15562,431055,13787400
1087,808,825,3552575,15545,431880,14953000
1088,762,732,3551813,15575,432612,14090700
1089,816,797,3550997,15594,433409,13598600
1090,756,788,3550241,15562,434197,13937700
1091,796,777,3549445,15581,434974,14126900
1092,793,831,3548652,15543,435805,14200700
1093,788,745,3547864,15586,436550,15560900
1094,823,759,3547041,15650,437309,14177700
1095,761,803,3546280,15608,438112,16060800
1096,779,756,3545501,15631,438868,16311900
1097,750,857,3544751,15524,439725,13660500
1098,738,759,3544013,15503,440484,14149600
1099,803,787,3543210,15519,441271,14366300
1100,798,741,3542412,15576,442012,14038100
1101,776,753,3541636,15599,442765,13928800
1102,784,779,3540852,15604,443544,14168300
1103,798,780,3540054,15622,444324,14383600
1104,841,754,3539213,15709,445078,14544700
1105,824,757,3538389,15776,445835,14342300
1106,777,826,3537612,15727,446661,13944200
1107,760,792,3536852,15695,447453,13936200
1108,827,760,3536025,15762,448213,14500500
1109,783,773,3535242,15772,448986,13940600
1110,810,797,3534432,15785,449783,14090300
1111,836,817,3533596,15804,450600,13910000
1112,814,781,3532782,15837,451381,14200300
1113,823,834,3531959,15826,452215,14979700
1114,824,815,3531135,15835,453030,14292700
1115,793,777,3530342,15851,453807,13746000
1116,804,788,3529538,15867,454595,14013300
1117,818,820,3528720,15865,455415,14005200
1118,811,804,3527909,15872,456219,14067400
1119,822,807,3527087,15887,457026,13942300
1120,795,791,3526292,15891,457817,13703100
1121,798,785,3525494,15904,458602,13732000
1122,787,785,3524707,15906,459387,13692800
1123,788,744,3523919,15950,460131,14443400
1124,822,837,3523097,15935,460968,13918200
1125,818,800,3522279,15953,461768,14433200
1126,769,793,3521510,15929,462561,13959200
1127,827,830,3520683,15926,463391,13945600
1128,825,761,3519858,15990,464152,14009200
1129,796,813,3519062,15973,464965,13892800
1130,813,763,3518249,16023,465728,13837800
1131,806,798,3517443,16031,466526,13865400
1132,800,796,3516643,16035,467322,13929700
1133,822,797,3515821,16060,468119,13779200
1134,798,813,3515023,16045,468932,14350300
1135,817,787,3514206,16075,469719,13945600
1136,809,812,3513397,16072,470531,13660600
1137,881,816,3512516,16137,471347,13773700
1138,824,814,3511692,16147,472161,13978800
1139,806,797,3510886,16156,472958,14203000
1140,763,799,3510123,16120,473757,13734400
1141,839,778,3509284,16181,474535,14090300
1142,840,884,3508444,16137,475419,13721500
1143,801,804,3507643,16134,476223,13691000
1144,833,836,3506810,16131,477059,13698900
1145,818,845,3505992,16104,477904,14601900
1146,812,767,3505180,16149,478671,14190000
1147,824,852,3504356,16121,479523,14099400
1148,809,778,3503547,16152,480301,14052200
1149,843,798,3502704,16197,481099,13781400
1150,835,791,3501869,16241,481890,14114900
1151,817,854,3501052,16204,482744,13739200
1152,839,784,3500213,16259,483528,13896800
1153,832,815,3499381,16276,484343,14272500
1154,794,815,3498587,16255,485158,14140000
1155,800,829,3497787,16226,485987,14107300
1156,841,783,3496946,16284,486770,14338700
1157,814,842,3496132,16256,487612,14051300
1158,779,832,3495353,16203,488444,13787600
1159,753,792,3494600,16164,489236,14129700
1160,806,831,3493794,16139,490067,14074700
1161,807,746,3492987,16200,490813,14042000
1162,798,822,3492189,16176,491635,14035200
1163,845,781,3491344,16240,492416,13964700
1164,795,846,3490549,16189,493262,14014700
1165,786,835,3489763,16140,494097,14377100
1166,832,808,3488931,16164,494905,13749000
1167,802,856,3488129,16110,495761,13713300
1168,767,833,3487362,16044,496594,13679900
1169,800,818,3486562,16026,497412,14030000
1170,816,764,3485746,16078,498176,13987800
1171,771,774,3484975,16075,498950,13742300
1172,818,815,3484157,16078,499765,13742600
1173,846,831,3483311,16093,500596,13732300
1174,803,819,3482508,16077,501415,13934000
1175,819,856,3481689,16040,502271,14483100
1176,836,771,3480853,16105,503042,15795800
1177,814,807,3480039,16112,503849,13730800
1178,828,768,3479211,16172,504617,13944900
1179,776,822,3478435,16126,505439,13774700
1180,868,785,3477567,16209,506224,13813500
1181,864,797,3476703,16276,507021,13763100
1182,831,800,3475872,16307,507821,13789800
1183,834,856,3475038,16285,508677,13797800
1184,845,819,3474193,16311,509496,14300700
1185,857,807,3473336,16361,510303,14080700
1186,863,834,3472473,16390,511137,14118800
1187,866,809,3471607,16447,511946,14377000
1188,835,862,3470772,16420,512808,15404800
1189,871,782,3469901,16509,513590,14072300
1190,841,858,3469060,16492,514448,14284200
1191,840,818,3468220,16514,515266,14028900
1192,836,822,3467384,16528,516088,14210700
1193,872,818,3466512,16582,516906,14189100
1194,851,831,3465661,16602,517737,13946400
1195,863,853,3464798,16612,518590,14185600
1196,808,829,3463990,16591,519419,15294200
1197,861,814,3463129,16638,520233,13969700
1198,900,793,3462229,16745,521026,13783400
1199,877,835,3461352,16787,521861,14028400
1200,815,807,3460537,16795,522668,13794500
1201,833,812,3459704,16816,523480,13836400
1202,873,805,3458831,16884,524285,13784100
1203,837,830,3457994,16891,525115,14233000
1204,861,866,3457133,16886,525981,14107100
1205,873,926,3456260,16833,526907,13822100
1206,819,872,3455441,16780,527779,13859000
1207,872,811,3454569,16841,528590,13858600
1208,821,828,3453748,16834,529418,13950500
1209,796,819,3452952,16811,530237,14162200
1210,864,866,3452088,16809,531103,13791600
1211,781,903,3451307,16687,532006,13990400
1212,813,841,3450494,16659,532847,13807600
1213,857,799,3449637,16717,533646,14144000
1214,848,816,3448789,16749,534462,14494000
1215,877,849,3447912,16777,535311,26729000
1216,807,808,3447105,16776,536119,17566200
1217,853,844,3446252,16785,536963,14956800
1218,826,839,3445426,16772,537802,17193100
1219,819,833,3444607,16758,538635,15793800
1220,892,811,3443715,16839,539446,14512000
1221,826,843,3442889,16822,540289,14337100
1222,827,842,3442062,16807,541131,14079500
1223,870,846,3441192,16831,541977,13989300
1224,931,908,3440261,16854,542885,13957800
1225,863,842,3439398,16875,543727,13903500
1226,844,832,3438554,16887,544559,13858400
1227,852,834,3437702,16905,545393,13889900
1228,863,870,3436839,16898,546263,14195400
1229,944,845,3435895,16997,547108,14182900
1230,895,826,3435000,17066,547934,14016300
1231,898,839,3434102,17125,548773,13933300
1232,899,865,3433203,17159,549638,13999900
1233,907,859,3432296,17207,550497,14068100
1234,877,856,3431419,17228,551353,14276700
1235,889,892,3430530,17225,552245,13739100
1236,852,875,3429678,17202,553120,13828000
1237,854,897,3428824,17159,554017,13806000
1238,857,799,3427967,17217,554816,13845200
1239,881,837,3427086,17261,555653,13874700
1240,902,888,3426184,17275,556541,13875000
1241,838,839,3425346,17274,557380,14069600
1242,912,904,3424434,17282,558284,14190300
1243,899,878,3423535,17303,559162,14206700
1244,870,865,3422665,17308,560027,13957300
1245,853,907,3421812,17254,560934,13872900
1246,913,836,3420899,17331,561770,13850500
1247,900,868,3419999,17363,562638,14328000
1248,897,872,3419102,17388,563510,14381000
1249,916,867,3418186,17437,564377,14561600
1250,899,838,3417287,17498,565215,14200200
1251,899,894,3416388,17503,566109,13925200
1252,937,962,3415451,17478,567071,13957000
1253,882,887,3414569,17473,567958,13952100
1254,942,839,3413627,17576,568797,13924500
1255,893,898,3412734,17571,569695,14270200
1256,916,850,3411818,17637,570545,14089500
1257,883,846,3410935,17674,571391,13948200
1258,887,852,3410048,17709,572243,13846600
1259,960,861,3409088,17808,573104,14423900
1260,847,858,3408241,17797,573962,14143500
1261,925,878,3407316,17844,574840,13981400
1262,908,836,3406408,17916,575676,13994400
1263,915,924,3405493,17907,576600,14029700
1264,909,876,3404584,17940,577476,13931700
1265,918,921,3403666,17937,578397,14097700
1266,905,853,3402761,17989,579250,14382600
1267,886,876,3401875,17999,580126,16059100
1268,896,940,3400979,17955,581066,14388600
1269,918,857,3400061,18016,581923,14026200
1270,885,837,3399176,18064,582760,14382600
1271,935,964,3398241,18035,583724,14372400
1272,883,891,3397358,18027,584615,14521400
1273,911,901,3396447,18037,585516,14139300
1274,925,867,3395522,18095,586383,15190400
1275,899,896,3394623,18098,587279,14214500
1276,896,901,3393727,18093,588180,20061800
1277,894,914,3392833,18073,589094,22473100
1278,970,960,3391863,18083,590054,15227400
1279,899,844,3390964,18138,590898,15951200
1280,896,893,3390068,18141,591791,20139600
1281,912,878,3389156,18175,592669,15526100
1282,909,896,3388247,18188,593565,15078100
1283,916,952,3387331,18152,594517,14719800
1284,917,906,3386414,18163,595423,14130900
1285,954,924,3385460,18193,596347,13997600
1286,892,898,3384568,18187,597245,14024100
1287,917,941,3383651,18163,598186,14476500
1288,924,974,3382727,18113,599160,13885900
1289,877,928,3381850,18062,600088,14028000
1290,895,890,3380955,18067,600978,13969400
1291,941,901,3380014,18107,601879,14022100
1292,899,903,3379115,18103,602782,14054100
1293,927,832,3378188,18198,603614,14070600
1294,936,911,3377252,18223,604525,13989500
1295,918,876,3376334,18265,605401,14273400
1296,860,944,3375474,18181,606345,14192700
1297,909,887,3374565,18203,607232,14225900
1298,923,948,3373642,18178,608180,14356100
1299,924,929,3372718,18173,609109,14605000
1300,936,903,3371782,18206,610012,14335100
1301,934,885,3370848,18255,610897,14153200
1302,961,875,3369887,18341,611772,14077700
1303,945,960,3368942,18326,612732,14083200
1304,925,892,3368017,18359,613624,15410700
1305,887,930,3367130,18316,614554,14150900
1306,892,892,3366238,18316,615446,14010500
1307,915,907,3365323,18324,616353,14062400
1308,976,941,3364347,18359,617294,14138100
1309,931,900,3363416,18390,618194,14131000
1310,914,918,3362502,18386,619112,14488900
1311,923,976,3361579,18333,620088,14260400
1312,887,907,3360692,18313,620995,14237200
1313,904,906,3359788,18311,621901,13845800
1314,910,923,3358878,18298,622824,13924400
1315,928,946,3357950,18280,623770,13943600
1316,891,863,3357059,18308,624633,14031100
1317,891,910,3356168,18289,625543,13851700
1318,936,906,3355232,18319,626449,14245700
1319,940,942,3354292,18317,627391,13866200
1320,905,950,3353387,18272,628341,13883400
1321,922,911,3352465,18283,629252,14142300
1322,889,889,3351576,18283,630141,13959200
1323,936,905,3350640,18314,631046,13979000
1324,877,887,3349763,18304,631933,14069600
1325,912,910,3348851,18306,632843,14086400
1326,854,898,3347997,18262,633741,14212600
1327,933,919,3347064,18276,634660,13939300
1328,848,926,3346216,18198,635586,13973000
1329,874,929,3345342,18143,636515,14341900
1330,916,941,3344426,18118,637456,13891200
1331,898,949,3343528,18067,638405,13842800
1332,860,878,3342668,18049,639283,14417700
1333,892,899,3341776,18042,640182,14475700
1334,904,915,3340872,18031,641097,14432700
1335,914,891,3339958,18054,641988,13897100
1336,895,913,3339063,18036,642901,13918800
1337,940,900,3338123,18076,643801,14382800
1338,901,943,3337222,18034,644744,14337800
1339,910,915,3336312,18029,645659,14059100
1340,890,921,3335422,17998,646580,14291500
1341,901,910,3334521,17989,647490,14043400
1342,933,970,3333588,17952,648460,14251100
1343,927,873,3332661,18006,649333,14145500
1344,876,862,3331785,18020,650195,14893300
1345,932,891,3330853,18061,651086,15476800
1346,894,928,3329959,18027,652014,14604700
1347,929,896,3329030,18060,652910,14397100
1348,910,922,3328120,18048,653832,14666300
1349,868,921,3327252,17995,654753,15674200
1350,912,868,3326340,18039,655621,15649700
1351,919,899,3325421,18059,656520,15188400
1352,907,896,3324514,18070,657416,14514900
1353,859,901,3323655,18028,658317,14615900
1354,914,907,3322741,18035,659224,14389900
1355,922,892,3321819,18065,660116,14337500
1356,900,903,3320919,18062,661019,14469000
1357,955,926,3319964,18091,661945,14531400
1358,961,842,3319003,18210,662787,14565700
1359,914,877,3318089,18247,663664,14297500
1360,900,916,3317189,18231,664580,14755300
1361,921,953,3316268,18199,665533,14287500
1362,955,908,3315313,18246,666441,16654600
1363,913,945,3314400,18214,667386,26780100
1364,892,923,3313508,18183,668309,25821300
1365,935,916,3312573,18202,669225,29193700
1366,939,946,3311634,18195,670171,25211400
1367,955,888,3310679,18262,671059,14846300
1368,932,952,3309747,18242,672011,14437600
1369,989,947,3308758,18284,672958,14051400
1370,970,950,3307788,18304,673908,13991700
1371,953,967,3306835,18290,674875,14363200
1372,983,890,3305852,18383,675765,14400000
1373,975,963,3304877,18395,676728,14334300
1374,955,890,3303922,18460,677618,13943000
1375,996,956,3302926,18500,678574,13988500
1376,975,927,3301951,18548,679501,14353400
1377,976,927,3300975,18597,680428,14295900
1378,969,878,3300006,18688,681306,14223500
1379,935,936,3299071,18687,682242,14280300
1380,983,909,3298088,18761,683151,14051600
1381,949,948,3297139,18762,684099,14044500
1382,978,904,3296161,18836,685003,14109500
1383,922,956,3295239,18802,685959,14367100
1384,929,923,3294310,18808,686882,14142100
1385,979,970,3293331,18817,687852,14313000
1386,944,972,3292387,18789,688824,14069900
1387,949,963,3291438,18775,689787,13954800
1388,942,963,3290496,18754,690750,13966500
1389,888,906,3289608,18736,691656,13955900
1390,919,967,3288689,18688,692623,13951300
1391,938,916,3287751,18710,693539,14287600
1392,1004,988,3286747,18726,694527,23336400
1393,935,963,3285812,18698,695490,15524000
1394,962,965,3284850,18695,696455,14633300
1395,873,875,3283977,18693,697330,16744500
1396,981,927,3282996,18747,698257,15381400
1397,938,939,3282058,18746,699196,17899900
1398,985,938,3281073,18793,700134,14689100
1399,886,988,3280187,18691,701122,14481900
1400,893,868,3279294,18716,701990,14366300
1401,944,890,3278350,18770,702880,14408500
1402,894,933,3277456,18731,703813,14561800
1403,971,913,3276485,18789,704726,14644200
1404,936,909,3275549,18816,705635,13991500
1405,897,910,3274652,18803,706545,14117400
1406,989,944,3273663,18848,707489,14216700
1407,955,937,3272708,18866,708426,14134900
1408,955,974,3271753,18847,709400,14489500
1409,874,972,3270879,18749,710372,14119300
1410,953,942,3269926,18760,711314,14142200
1411,934,953,3268992,18741,712267,14182500
1412,955,918,3268037,18778,713185,14384100
1413,925,944,3267112,18759,714129,13958200
1414,935,916,3266177,18778,715045,14502100
1415,984,937,3265193,18825,715982,14353100
1416,962,950,3264231,18837,716932,14527500
1417,966,972,3263265,18831,717904,14029400
1418,961,949,3262304,18843,718853,14186100
1419,916,911,3261388,18848,719764,14042000
1420,988,876,3260400,18960,720640,26176100
1421,955,918,3259445,18997,721558,15614900
1422,947,941,3258498,19003,722499,14607100
1423,987,907,3257511,19083,723406,15551400
1424,888,963,3256623,19008,724369,21664300
1425,953,890,3255670,19071,725259,14784800
1426,931,960,3254739,19042,726219,14555300
1427,908,919,3253831,19031,727138,15018900
1428,988,997,3252843,19022,728135,16668400
1429,967,998,3251876,18991,729133,14396900
1430,947,951,3250929,18987,730084,14779200
1431,986,942,3249943,19031,731026,14970800
1432,956,888,3248987,19099,731914,27340800
1433,941,963,3248046,19077,732877,15892100
1434,939,952,3247107,19064,733829,15256100
1435,962,936,3246145,19090,734765,20640100
1436,897,962,3245248,19025,735727,16262200
1437,960,947,3244288,19038,736674,14460000
1438,947,983,3243341,19002,737657,14414300
1439,950,971,3242391,18981,738628,14511200
1440,981,974,3241410,18988,739602,14100600
1441,906,985,3240504,18909,740587,14408800
1442,889,969,3239615,18829,741556,14168800
1443,962,991,3238653,18800,742547,14129300
1444,939,929,3237714,18810,743476,14478200
1445,986,920,3236728,18876,744396,24885700
1446,946,922,3235782,18900,745318,14968800
1447,910,932,3234872,18878,746250,14773400
1448,962,941,3233910,18899,747191,23798800
1449,920,898,3232990,18921,748089,14992900
1450,961,904,3232029,18978,748993,14218100
1451,958,903,3231071,19033,749896,14507500
1452,933,937,3230138,19029,750833,14310100
1453,940,936,3229198,19033,751769,14253700
1454,970,974,3228228,19029,752743,14125500
1455,960,980,3227268,19009,753723,14079700
1456,992,956,3226276,19045,754679,29300800
1457,978,926,3225298,19097,755605,16111900
1458,987,981,3224311,19103,756586,14830300
1459,972,964,3223339,19111,757550,15976500
1460,990,989,3222349,19112,758539,19606400
1461,954,964,3221395,19102,759503,14747500
1462,947,951,3220448,19098,760454,14606400
1463,948,955,3219500,19091,761409,14601800
1464,965,970,3218535,19086,762379,14176900
1465,993,967,3217542,19112,763346,14487800
1466,1035,981,3216507,19166,764327,14757700
1467,989,957,3215518,19198,765284,14470500
1468,938,1023,3214580,19113,766307,14466500
1469,966,947,3213614,19132,767254,14081400
1470,1021,940,3212593,19213,768194,13999200
1471,995,924,3211598,19284,769118,13987200
1472,939,1041,3210659,19182,770159,14079100
1473,936,943,3209723,19175,771102,14422800
1474,998,937,3208725,19236,772039,14119200
1475,983,963,3207742,19256,773002,14517300
1476,1006,947,3206736,19315,773949,14092200
1477,957,972,3205779,19300,774921,14165300
1478,1007,983,3204772,19324,775904,14061800
1479,934,1012,3203838,19246,776916,14367200
1480,991,951,3202847,19286,777867,14318900
1481,989,973,3201858,19302,778840,14724800
1482,1001,975,3200857,19328,779815,14321000
1483,978,964,3199879,19342,780779,14222900
1484,1029,901,3198850,19470,781680,14212600
1485,965,974,3197885,19461,782654,14171100
1486,1022,968,3196863,19515,783622,14408100
1487,982,1025,3195881,19472,784647,14101800
1488,999,980,3194882,19491,785627,14106300
1489,1041,1014,3193841,19518,786641,14225900
1490,964,1012,3192877,19470,787653,14338700
1491,942,1017,3191935,19395,788670,14439000
1492,978,923,3190957,19450,789593,14597300
1493,996,995,3189961,19451,790588,14406200
1494,950,991,3189011,19410,791579,14229900
1495,1000,979,3188011,19431,792558,14472600
1496,998,963,3187013,19466,793521,14126000
1497,968,1013,3186045,19421,794534,14175400
1498,945,930,3185100,19436,795464,14096400
1499,973,976,3184127,19433,796440,14331700
1500,991,983,3183136,19441,797423,14452100
1501,1001,964,3182135,19478,798387,14096200
1502,1003,938,3181132,19543,799325,14336200
1503,962,1027,3180170,19478,800352,14522900
1504,1014,953,3179156,19539,801305,15169100
1505,1024,1061,3178132,19502,802366,14544500
1506,1007,938,3177125,19571,803304,14448800
1507,963,977,3176162,19557,804281,14827100
1508,992,999,3175170,19550,805280,15091100
1509,977,941,3174193,19586,806221,14705300
1510,991,977,3173202,19600,807198,15766100
1511,951,994,3172251,19557,808192,14288100
1512,991,929,3171260,19619,809121,14296600
1513,1009,1002,3170251,19626,810123,14422400
1514,1011,987,3169240,19650,811110,14260600
1515,966,1013,3168274,19603,812123,14215000
1516,980,956,3167294,19627,813079,14040400
1517,991,1048,3166303,19570,814127,14041400
1518,982,987,3165321,19565,815114,14094500
1519,990,1025,3164331,19530,816139,14279400
1520,1016,1024,3163315,19522,817163,14135900
1521,1034,978,3162281,19578,818141,14106600
1522,1023,988,3161258,19613,819129,14111300
1523,972,989,3160286,19596,820118,14572900
1524,1024,972,3159262,19648,821090,15915000
1525,1078,997,3158184,19729,822087,20017300
1526,985,958,3157199,19756,823045,24051000
1527,1030,993,3156169,19793,824038,18113200
1528,966,1008,3155203,19751,825046,17826400
1529,1019,962,3154184,19808,826008,23914500
1530,1017,977,3153167,19848,826985,17823600
1531,978,1009,3152189,19817,827994,14969600
1532,1025,974,3151164,19868,828968,14625400
1533,1051,1000,3150113,19919,829968,14336100
1534,1015,974,3149098,19960,830942,14490400
1535,989,1016,3148109,19933,831958,14649700
1536,1018,952,3147091,19999,832910,14367800
1537,980,983,3146111,19996,833893,14321600
1538,1025,975,3145086,20046,834868,14734600
1539,1008,1047,3144078,20007,835915,14453400
1540,1014,1103,3143064,19918,837018,14622400
1541,1005,983,3142059,19940,838001,14595800
1542,1008,988,3141051,19960,838989,14920300
1543,1007,1033,3140044,19934,840022,26244300
1544,1017,1035,3139027,19916,841057,24102500
1545,1011,959,3138016,19968,842016,16758400
1546,961,988,3137055,19941,843004,17015000
1547,1025,996,3136030,19970,844000,15877400
1548,998,980,3135032,19988,844980,15001800
1549,1014,1026,3134018,19976,846006,14696800
1550,1011,1028,3133007,19959,847034,15135300
1551,973,1049,3132034,19883,848083,14395600
1552,998,1002,3131036,19879,849085,14805000
1553,1000,1009,3130036,19870,850094,14684600
1554,965,1024,3129071,19811,851118,15110500
1555,964,988,3128107,19787,852106,15661700
1556,998,957,3127109,19828,853063,16317900
1557,970,1035,3126139,19763,854098,14638000
1558,972,1013,3125167,19722,855111,15831400
1559,983,914,3124184,19791,856025,16115400
1560,990,1027,3123194,19754,857052,15753500
1561,1031,1002,3122163,19783,858054,14889700
1562,973,969,3121190,19787,859023,16779700
1563,947,961,3120243,19773,859984,15175000
1564,1010,953,3119233,19830,860937,14496700
1565,1018,1060,3118215,19788,861997,15006700
1566,1063,1006,3117152,19845,863003,14317900
1567,1027,972,3116125,19900,863975,14691500
1568,986,1019,3115139,19867,864994,14678400
1569,1038,979,3114101,19926,865973,14459600
1570,1023,994,3113078,19955,866967,15570400
1571,1053,1012,3112025,19996,867979,15941900
1572,1038,991,3110987,20043,868970,14605100
1573,1059,1028,3109928,20074,869998,14441300
1574,1027,1041,3108901,20060,871039,14210300
1575,1076,1002,3107825,20134,872041,14566700
1576,1069,1011,3106756,20192,873052,14141100
1577,1061,1071,3105695,20182,874123,14088600
1578,1058,1009,3104637,20231,875132,14320500
1579,984,964,3103653,20251,876096,14510800
1580,1097,991,3102556,20357,877087,15076900
1581,1042,964,3101514,20435,878051,14698000
1582,1073,950,3100441,20558,879001,15244500
1583,1081,1074,3099360,20565,880075,14889200
1584,1038,1032,3098322,20571,881107,14861600
1585,1119,997,3097203,20693,882104,14455300
1586,1068,1008,3096135,20753,883112,14814100
1587,1084,1014,3095051,20823,884126,14929900
1588,1040,1045,3094011,20818,885171,15531600
1589,1070,1057,3092941,20831,886228,14977100
1590,1051,1042,3091890,20840,887270,14627400
1591,1069,980,3090821,20929,888250,14915500
1592,1055,1079,3089766,20905,889329,14335300
1593,1098,1054,3088668,20949,890383,14464100
1594,1046,1067,3087622,20928,891450,14509100
1595,1099,1053,3086523,20974,892503,14881200
1596,1070,1080,3085453,20964,893583,14287500
1597,1135,1012,3084318,21087,894595,14475600
1598,1135,1022,3083183,21200,895617,14456500
1599,1085,1007,3082098,21278,896624,14489100
1600,1106,1070,3080992,21314,897694,15063300
1601,1113,1070,3079879,21357,898764,14670900
1602,1033,1061,3078846,21329,899825,14398800
1603,1000,1058,3077846,21271,900883,14839100
1604,1032,1091,3076814,21212,901974,14716700
1605,1042,990,3075772,21264,902964,14560900
1606,1084,1053,3074688,21295,904017,15316000
1607,1068,1045,3073620,21318,905062,15354500
1608,1052,1053,3072568,21317,906115,24520400
1609,1116,1000,3071452,21433,907115,19577000
1610,1046,1084,3070406,21395,908199,17679900
1611,997,1073,3069409,21319,909272,15311000
1612,1076,1048,3068333,21347,910320,14992600
1613,1055,1044,3067278,21358,911364,14736300
1614,1107,1062,3066171,21403,912426,14639000
1615,1054,1098,3065117,21359,913524,14859800
1616,1016,1112,3064101,21263,914636,14540500
1617,1066,1036,3063035,21293,915672,14221000
1618,1062,1017,3061973,21338,916689,14285000
1619,1016,1079,3060957,21275,917768,14386000
1620,1066,1062,3059891,21279,918830,14530400
1621,1032,1056,3058859,21255,919886,14376800
1622,1071,1068,3057788,21258,920954,14720900
1623,1012,1046,3056776,21224,922000,14676400
1624,1044,1069,3055732,21199,923069,14354300
1625,1020,1067,3054712,21152,924136,14461700
1626,1047,1085,3053665,21114,925221,14230600
1627,1032,1053,3052633,21093,926274,14226900
1628,1028,1036,3051605,21085,927310,16345100
1629,1068,1021,3050537,21132,928331,19209900
1630,1048,1036,3049489,21144,929367,14755700
1631,1017,1049,3048472,21112,930416,14765400
1632,1056,1078,3047416,21090,931494,14172000
1633,1039,1050,3046377,21079,932544,14138000
1634,1083,1055,3045294,21107,933599,14474900
1635,959,1040,3044335,21026,934639,14622200
1636,1038,1098,3043297,20966,935737,14710000
1637,1044,1097,3042253,20913,936834,14536200
1638,1023,1042,3041230,20894,937876,14586600
1639,1039,1019,3040191,20914,938895,14336700
1640,1049,1074,3039142,20889,939969,14170600
1641,1015,1028,3038127,20876,940997,14785500
1642,1022,1018,3037105,20880,942015,18533900
1643,1049,1053,3036056,20876,943068,26031600
1644,1058,1039,3034998,20895,944107,18042300
1645,1031,1040,3033967,20886,945147,15874400
1646,1031,1088,3032936,20829,946235,19347900
1647,1027,1085,3031909,20771,947320,15181000
1648,1013,1006,3030896,20778,948326,14702900
1649,1106,1077,3029790,20807,949403,15029000
1650,1026,944,3028764,20889,950347,14595200
1651,954,1005,3027810,20838,951352,14476900
1652,1019,1040,3026791,20817,952392,14497100
1653,1037,1022,3025754,20832,953414,14459900
1654,1017,1105,3024737,20744,954519,14522400
1655,1097,1086,3023640,20755,955605,16766000
1656,1103,988,3022537,20870,956593,30236400
1657,1046,1053,3021491,20863,957646,15544900
1658,1064,1075,3020427,20852,958721,16390600
1659,1069,1084,3019358,20837,959805,20541600
1660,1057,1085,3018301,20809,960890,15276100
1661,1048,995,3017253,20862,961885,14664700
1662,1156,1051,3016097,20967,962936,14887300
1663,1093,1071,3015004,20989,964007,14941200
1664,1089,1040,3013915,21038,965047,14837000
1665,1076,1009,3012839,21105,966056,14762200
1666,1106,1055,3011733,21156,967111,14496300
1667,1086,1059,3010647,21183,968170,14427000
1668,1110,1069,3009537,21224,969239,14222800
1669,1067,1047,3008470,21244,970286,14238400
1670,1085,1054,3007385,21275,971340,14420400
1671,1073,1104,3006312,21244,972444,14545500
1672,1077,1073,3005235,21248,973517,14750600
1673,1114,1054,3004121,21308,974571,14314000
1674,1096,1069,3003025,21335,975640,14339200
1675,1074,1064,3001951,21345,976704,14466100
1676,1081,1062,3000870,21364,977766,14651300
1677,1070,1072,2999800,21362,978838,14438900
1678,1113,1085,2998687,21390,979923,14318400
1679,1113,1083,2997574,21420,981006,14447500
1680,1090,1063,2996484,21447,982069,14403000
1681,1072,1028,2995412,21491,983097,14402800
1682,1050,1084,2994362,21457,984181,14344000
1683,1173,1155,2993189,21475,985336,14561200
1684,1069,1045,2992120,21499,986381,15157800
1685,1102,1016,2991018,21585,987397,14459200
1686,1165,1074,2989853,21676,988471,14755800
1687,1158,1063,2988695,21771,989534,14589600
1688,1093,1088,2987602,21776,990622,14597800
1689,1094,1154,2986508,21716,991776,14793100
1690,1135,1061,2985373,21790,992837,14454900
1691,1123,1087,2984250,21826,993924,14257600
1692,1064,1060,2983186,21830,994984,14493200
1693,1087,1108,2982099,21809,996092,14574900
1694,1121,1116,2980978,21814,997208,14508800
1695,1160,1089,2979818,21885,998297,15328700
1696,1198,1097,2978620,21986,999394,26323600
1697,1179,1174,2977441,21991,1000568,16917600
1698,1124,1098,2976317,22017,1001666,17354600
1699,1088,1214,2975229,21891,1002880,15739500
1700,1151,1098,2974078,21944,1003978,17687200
1701,1047,1071,2973031,21920,1005049,17325200
1702,1098,1141,2971933,21877,1006190,15452700
1703,1075,1092,2970858,21860,1007282,14568400
1704,1158,1156,2969700,21862,1008438,14236700
1705,1140,1143,2968560,21859,1009581,14262000
1706,1084,1118,2967476,21825,1010699,14459100
1707,1115,1127,2966361,21813,1011826,14657700
1708,1148,1071,2965213,21890,1012897,21984000
1709,1113,1136,2964100,21867,1014033,16854300
1710,1103,1079,2962997,21891,1015112,15485100
1711,1095,1109,2961902,21877,1016221,15251900
1712,1138,1078,2960764,21937,1017299,20842400
1713,1168,1133,2959596,21972,1018432,15115800
1714,1092,1085,2958504,21979,1019517,15289900
1715,1088,1135,2957416,21932,1020652,15107600
1716,1106,1092,2956310,21946,1021744,14665600
1717,1106,1116,2955204,21936,1022860,15372600
1718,1140,1045,2954064,22031,1023905,15097500
1719,1091,1021,2952973,22101,1024926,15340400
1720,1066,1100,2951907,22067,1026026,15040900
1721,1089,1063,2950818,22093,1027089,14532400
1722,1166,1143,2949652,22116,1028232,14841400
1723,1118,1161,2948534,22073,1029393,14852300
1724,1132,1088,2947402,22117,1030481,15420000
1725,1169,1077,2946233,22209,1031558,14693600
1726,1083,1106,2945150,22186,1032664,14740200
1727,1117,1133,2944033,22170,1033797,16711800
1728,1041,1096,2942992,22115,1034893,18551100
1729,1123,1109,2941869,22129,1036002,16363100
1730,1108,1060,2940761,22177,1037062,16011400
1731,1072,1146,2939689,22103,1038208,21447000
1732,1085,1076,2938604,22112,1039284,17055000
1733,1050,1095,2937554,22067,1040379,15213800
1734,1118,1126,2936436,22059,1041505,15699400
1735,1129,1071,2935307,22117,1042576,15322000
1736,1077,1056,2934230,22138,1043632,15361100
1737,1090,1131,2933140,22097,1044763,15153700
1738,1079,1145,2932061,22031,1045908,14942500
1739,1113,1153,2930948,21991,1047061,15283000
1740,1079,1103,2929869,21967,1048164,15860200
1741,1114,1130,2928755,21951,1049294,15897400
1742,1061,1059,2927694,21953,1050353,16543600
1743,1155,1051,2926539,22057,1051404,17545200
1744,1116,1112,2925423,22061,1052516,15442700
1745,1121,1101,2924302,22081,1053617,14666300
1746,1080,1085,2923222,22076,1054702,15683200
1747,1099,1069,2922123,22106,1055771,15137500
1748,1065,1079,2921058,22092,1056850,15655400
1749,1096,1125,2919962,22063,1057975,17898800
1750,1117,1074,2918845,22106,1059049,15710700
1751,1094,1097,2917751,22103,1060146,15952800
1752,1122,1066,2916629,22159,1061212,14793200
1753,1052,1083,2915577,22128,1062295,16012000
1754,1079,1130,2914498,22077,1063425,14987100
1755,1062,1028,2913436,22111,1064453,15227200
1756,1148,1085,2912288,22174,1065538,15293300
1757,1136,1136,2911152,22174,1066674,15428200
1758,1039,1066,2910113,22147,1067740,14668600
1759,1077,1152,2909036,22072,1068892,15019100
1760,1069,1066,2907967,22075,1069958,14741400
1761,1108,1138,2906859,22045,1071096,15397400
1762,1122,1130,2905737,22037,1072226,15411900
1763,1147,1109,2904590,22075,1073335,15446100
1764,1109,1159,2903481,22025,1074494,15227700
1765,1072,1060,2902409,22037,1075554,15377200
1766,1173,1097,2901236,22113,1076651,14784300
1767,1147,1064,2900089,22196,1077715,15331300
1768,1145,1117,2898944,22224,1078832,15113800
1769,1112,1161,2897832,22175,1079993,14990700
1770,1155,1112,2896677,22218,1081105,15906100
1771,1152,1103,2895525,22267,1082208,16738500
1772,1129,1079,2894396,22317,1083287,17368600
1773,1070,1081,2893326,22306,1084368,15987400
1774,1138,1045,2892188,22399,1085413,15001000
1775,1166,1104,2891022,22461,1086517,15210500
1776,1167,1131,2889855,22497,1087648,14933600
1777,1144,1085,2888711,22556,1088733,15709600
1778,1125,1136,2887586,22545,1089869,15300000
1779,1167,1119,2886419,22593,1090988,15315000
1780,1084,1100,2885335,22577,1092088,15356100
1781,1138,1183,2884197,22532,1093271,16460200
1782,1159,1156,2883038,22535,1094427,15805700
1783,1117,1097,2881921,22555,1095524,15202100
1784,1159,1128,2880762,22586,1096652,16389900
1785,1142,1164,2879620,22564,1097816,15620100
1786,1169,1198,2878451,22535,1099014,15517600
1787,1142,1157,2877309,22520,1100171,15182400
1788,1178,1172,2876131,22526,1101343,15643900
1789,1107,1131,2875024,22502,1102474,15654600
1790,1128,1164,2873896,22466,1103638,15767500
1791,1104,1068,2872792,22502,1104706,20202500
1792,1167,1106,2871625,22563,1105812,30235400
1793,1160,1143,2870465,22580,1106955,16712800
1794,1140,1161,2869325,22559,1108116,16048700
1795,1172,1079,2868153,22652,1109195,14496900
1796,1203,1120,2866950,22735,1110315,14441500
1797,1130,1109,2865820,22756,1111424,14823500
1798,1219,1164,2864601,22811,1112588,14476000
1799,1180,1186,2863421,22805,1113774,14486200
1800,1224,1161,2862197,22868,1114935,14653000
1801,1195,1126,2861002,22937,1116061,14476500
1802,1224,1149,2859778,23012,1117210,14934000
1803,1168,1196,2858610,22984,1118406,14655800
1804,1141,1163,2857469,22962,1119569,14903300
1805,1213,1243,2856256,22932,1120812,14550200
1806,1124,1102,2855132,22954,1121914,14623400
1807,1136,1107,2853996,22983,1123021,14702900
1808,1123,1151,2852873,22955,1124172,14751500
1809,1111,1145,2851762,22921,1125317,14547400
1810,1147,1157,2850615,22911,1126474,14911300
1811,1214,1190,2849401,22935,1127664,15913600
1812,1142,1085,2848259,22992,1128749,16836600
1813,1146,1150,2847113,22988,1129899,15816300
1814,1182,1202,2845931,22968,1131101,15982800
1815,1254,1175,2844677,23047,1132276,15883500
1816,1167,1161,2843510,23053,1133437,15645600
1817,1196,1175,2842314,23074,1134612,14705200
1818,1144,1215,2841170,23003,1135827,15503800
1819,1126,1160,2840044,22969,1136987,14645200
1820,1148,1138,2838896,22979,1138125,14731800
1821,1134,1117,2837762,22996,1139242,15011400
1822,1149,1182,2836613,22963,1140424,14643100
1823,1170,1111,2835443,23022,1141535,15115400
1824,1124,1143,2834319,23003,1142678,14778600
1825,1095,1138,2833224,22960,1143816,14884200
1826,1116,1135,2832108,22941,1144951,14510700
1827,1161,1089,2830947,23013,1146040,14810100
1828,1220,1166,2829727,23067,1147206,14910200
1829,1111,1168,2828616,23010,1148374,14678900
1830,1201,1190,2827415,23021,1149564,14847200
1831,1145,1225,2826270,22941,1150789,14599300
1832,1156,1131,2825114,22966,1151920,14929900
1833,1151,1172,2823963,22945,1153092,14809200
1834,1145,1152,2822818,22938,1154244,14706600
1835,1142,1176,2821676,22904,1155420,14813700
1836,1203,1140,2820473,22967,1156560,15712900
1837,1185,1134,2819288,23018,1157694,14730100
1838,1228,1184,2818060,23062,1158878,14375600
1839,1148,1222,2816912,22988,1160100,14361900
1840,1195,1161,2815717,23022,1161261,14796000
1841,1221,1207,2814496,23036,1162468,14889200
1842,1133,1172,2813363,22997,1163640,14704000
1843,1187,1133,2812176,23051,1164773,14415500
1844,1124,1142,2811052,23033,1165915,14496600
1845,1141,1133,2809911,23041,1167048,14493500
1846,1152,1129,2808759,23064,1168177,14554600
1847,1223,1169,2807536,23118,1169346,14534200
1848,1106,1149,2806430,23075,1170495,14472500
1849,1136,1144,2805294,23067,1171639,14499800
1850,1170,1138,2804124,23099,1172777,14598200
1851,1135,1081,2802989,23153,1173858,14354100
1852,1158,1194,2801831,23117,1175052,14357800
1853,1139,1152,2800692,23104,1176204,14350700
1854,1111,1172,2799581,23043,1177376,15067600
1855,1185,1168,2798396,23060,1178544,15295100
1856,1180,1141,2797216,23099,1179685,15388000
1857,1177,1126,2796039,23150,1180811,16328900
1858,1242,1206,2794797,23186,1182017,15622600
1859,1158,1185,2793639,23159,1183202,17251300
1860,1082,1204,2792557,23037,1184406,16839800
1861,1148,1144,2791409,23041,1185550,15677600
1862,1198,1164,2790211,23075,1186714,14728300
1863,1118,1165,2789093,23028,1187879,15577400
1864,1111,1211,2787982,22928,1189090,16714600
1865,1155,1157,2786827,22926,1190247,16246900
1866,1176,1107,2785651,22995,1191354,15547600
1867,1120,1152,2784531,22963,1192506,16756000
1868,1171,1173,2783360,22961,1193679,15613100
1869,1180,1139,2782180,23002,1194818,17065100
1870,1189,1163,2780991,23028,1195981,18401200
1871,1151,1130,2779840,23049,1197111,16078100
1872,1149,1167,2778691,23031,1198278,15661000
1873,1163,1246,2777528,22948,1199524,18711100
1874,1146,1141,2776382,22953,1200665,17533600
1875,1203,1168,2775179,22988,1201833,17198100
1876,1125,1124,2774054,22989,1202957,16539800
1877,1189,1144,2772865,23034,1204101,14991800
1878,1189,1121,2771676,23102,1205222,15002900
1879,1155,1170,2770521,23087,1206392,14908900
1880,1161,1167,2769360,23081,1207559,14694600
1881,1152,1127,2768208,23106,1208686,14794000
1882,1086,1132,2767122,23060,1209818,14978500
1883,1194,1203,2765928,23051,1211021,14574000
1884,1147,1114,2764781,23084,1212135,14619200
1885,1191,1184,2763590,23091,1213319,15052000
1886,1173,1206,2762417,23058,1214525,14827300
1887,1235,1191,2761182,23102,1215716,14635100
1888,1107,1132,2760075,23077,1216848,14956900
1889,1131,1127,2758944,23081,1217975,15101200
1890,1185,1171,2757759,23095,1219146,16712600
1891,1115,1190,2756644,23020,1220336,15113100
1892,1214,1121,2755430,23113,1221457,16594100
1893,1181,1195,2754249,23099,1222652,15128900
1894,1209,1127,2753040,23181,1223779,15207600
1895,1201,1147,2751839,23235,1224926,15144400
1896,1193,1152,2750646,23276,1226078,16364800
1897,1149,1151,2749497,23274,1227229,15307700
1898,1168,1165,2748329,23277,1228394,16706700
1899,1199,1190,2747130,23286,1229584,14817800
1900,1178,1193,2745952,23271,1230777,14574800
1901,1251,1189,2744701,23333,1231966,14614900
1902,1173,1140,2743528,23366,1233106,14565900
1903,1202,1171,2742326,23397,1234277,14667100
1904,1246,1105,2741080,23538,1235382,14386500
1905,1207,1208,2739873,23537,1236590,14701800
1906,1216,1236,2738657,23517,1237826,14831800
1907,1148,1196,2737509,23469,1239022,14389600
1908,1201,1178,2736308,23492,1240200,14480000
1909,1221,1170,2735087,23543,1241370,14649300
1910,1279,1181,2733808,23641,1242551,15483200
1911,1241,1131,2732567,23751,1243682,14419400
1912,1265,1186,2731302,23830,1244868,14622500
1913,1236,1175,2730066,23891,1246043,14410700
1914,1200,1176,2728866,23915,1247219,14788800
1915,1238,1260,2727628,23893,1248479,14875600
1916,1219,1235,2726409,23877,1249714,14870400
1917,1271,1223,2725138,23925,1250937,14372600
1918,1223,1167,2723915,23981,1252104,14339500
1919,1226,1164,2722689,24043,1253268,14929400
1920,1185,1208,2721504,24020,1254476,14544900
1921,1243,1155,2720261,24108,1255631,14569100
1922,1195,1200,2719066,24103,1256831,14676400
1923,1229,1193,2717837,24139,1258024,14439000
1924,1236,1212,2716601,24163,1259236,14677600
1925,1214,1206,2715387,24171,1260442,14573200
1926,1248,1222,2714139,24197,1261664,14750200
1927,1258,1269,2712881,24186,1262933,14812900
1928,1231,1252,2711650,24165,1264185,15014100
1929,1229,1241,2710421,24153,1265426,14602600
1930,1209,1194,2709212,24168,1266620,14573900
1931,1231,1231,2707981,24168,1267851,14498100
1932,1172,1214,2706809,24126,1269065,14866400
1933,1203,1210,2705606,24119,1270275,14834500
1934,1212,1202,2704394,24129,1271477,14697200
1935,1254,1235,2703140,24148,1272712,14539800
1936,1223,1205,2701917,24166,1273917,14655400
1937,1179,1193,2700738,24152,1275110,14899100
1938,1229,1150,2699509,24231,1276260,14819900
1939,1212,1258,2698297,24185,1277518,14738000
1940,1189,1209,2697108,24165,1278727,14646300
1941,1232,1186,2695876,24211,1279913,14795800
1942,1186,1199,2694690,24198,1281112,14759700
1943,1196,1201,2693494,24193,1282313,14799600
1944,1175,1141,2692319,24227,1283454,14773600
1945,1222,1163,2691097,24286,1284617,14762000
1946,1223,1220,2689874,24289,1285837,14802400
1947,1206,1163,2688668,24332,1287000,14946700
1948,1185,1189,2687483,24328,1288189,14513600
1949,1228,1231,2686255,24325,1289420,14717500
1950,1198,1222,2685057,24301,1290642,15268300
1951,1230,1216,2683827,24315,1291858,14616300
1952,1202,1182,2682625,24335,1293040,14776500
1953,1162,1220,2681463,24277,1294260,14980900
1954,1194,1262,2680269,24209,1295522,14531500
1955,1124,1202,2679145,24131,1296724,14749000
1956,1203,1188,2677942,24146,1297912,14513900
1957,1180,1206,2676762,24120,1299118,14796800
1958,1196,1205,2675566,24111,1300323,15456900
1959,1158,1236,2674408,24033,1301559,14834400
1960,1210,1173,2673198,24070,1302732,14790600
1961,1193,1188,2672005,24075,1303920,15107600
1962,1207,1196,2670798,24086,1305116,16993100
1963,1244,1200,2669554,24130,1306316,14910800
1964,1195,1255,2668359,24070,1307571,14964400
1965,1204,1151,2667155,24123,1308722,15813500
1966,1179,1255,2665976,24047,1309977,14961500
1967,1194,1196,2664782,24045,1311173,15276000
1968,1191,1235,2663591,24001,1312408,16085300
1969,1210,1153,2662381,24058,1313561,15222600
1970,1191,1168,2661190,24081,1314729,15084400
1971,1166,1231,2660024,24016,1315960,15165600
1972,1171,1178,2658853,24009,1317138,14730200
1973,1211,1189,2657642,24031,1318327,15211500
1974,1182,1213,2656460,24000,1319540,14758400
1975,1208,1186,2655252,24022,1320726,14819600
1976,1253,1211,2653999,24064,1321937,15032100
1977,1212,1199,2652787,24077,1323136,14909800
1978,1144,1234,2651643,23987,1324370,15013900
1979,1241,1195,2650402,24033,1325565,14997000
1980,1182,1237,2649220,23978,1326802,14596400
1981,1144,1194,2648076,23928,1327996,14695500
1982,1143,1192,2646933,23879,1329188,15028000
1983,1215,1184,2645718,23910,1330372,14762800
1984,1232,1214,2644486,23928,1331586,14532000
1985,1211,1245,2643275,23894,1332831,15116900
1986,1198,1167,2642077,23925,1333998,16164600
1987,1201,1206,2640876,23920,1335204,15499500
1988,1234,1201,2639642,23953,1336405,15022900
1989,1252,1147,2638390,24058,1337552,15168600
1990,1220,1175,2637170,24103,1338727,15515400
1991,1247,1222,2635923,24128,1339949,15377800
1992,1191,1213,2634732,24106,1341162,14845400
1993,1231,1186,2633501,24151,1342348,15291000
1994,1214,1227,2632287,24138,1343575,14935000
1995,1226,1240,2631061,24124,1344815,14978700
1996,1169,1185,2629892,24108,1346000,15032600
1997,1270,1183,2628622,24195,1347183,14995200
1998,1226,1237,2627396,24184,1348420,15007400
1999,1308,1235,2626088,24257,1349655,15367700
2000,1226,1185,2624862,24298,1350840,15554800
2001,1239,1240,2623623,24297,1352080,15044100
2002,1221,1189,2622402,24329,1353269,15174000
2003,1264,1226,2621138,24367,1354495,14979000
2004,1229,1229,2619909,24367,1355724,15035600
2005,1267,1307,2618642,24327,1357031,14648900
2006,1244,1191,2617398,24380,1358222,14815700
2007,1288,1213,2616110,24455,1359435,14995200
2008,1222,1263,2614888,24414,1360698,15379400
2009,1239,1211,2613649,24442,1361909,15387700
2010,1188,1237,2612461,24393,1363146,15698800
2011,1237,1181,2611224,24449,1364327,15762400
2012,1246,1244,2609978,24451,1365571,15133600
2013,1267,1206,2608711,24512,1366777,15454100
2014,1221,1205,2607490,24528,1367982,15114000
2015,1191,1206,2606299,24513,1369188,15423600
2016,1237,1241,2605062,24509,1370429,15447200
2017,1232,1230,2603830,24511,1371659,15178800
2018,1226,1263,2602604,24474,1372922,15224400
2019,1251,1244,2601353,24481,1374166,15216300
2020,1279,1208,2600074,24552,1375374,15305300
2021,1292,1191,2598782,24653,1376565,14852200
2022,1237,1310,2597545,24580,1377875,14698400
2023,1252,1240,2596293,24592,1379115,14618700
2024,1241,1259,2595052,24574,1380374,14601400
2025,1286,1172,2593766,24688,1381546,14601300
2026,1203,1201,2592563,24690,1382747,14717600
2027,1219,1252,2591344,24657,1383999,15181800
2028,1249,1238,2590095,24668,1385237,15012400
2029,1233,1263,2588862,24638,1386500,14890700
2030,1262,1230,2587600,24670,1387730,14981600
2031,1308,1219,2586292,24759,1388949,14894300
2032,1218,1249,2585074,24728,1390198,14935700
2033,1260,1239,2583814,24749,1391437,14797500
2034,1207,1276,2582607,24680,1392713,14647800
2035,1218,1282,2581389,24616,1393995,14761600
2036,1301,1204,2580088,24713,1395199,14940200
2037,1235,1216,2578853,24732,1396415,14617400
2038,1257,1314,2577596,24675,1397729,14831700
2039,1224,1222,2576372,24677,1398951,14815500
2040,1222,1255,2575150,24644,1400206,14657200
2041,1220,1188,2573930,24676,1401394,15031700
2042,1209,1186,2572721,24699,1402580,15172100
2043,1297,1236,2571424,24760,1403816,15023600
2044,1234,1228,2570190,24766,1405044,15357000
2045,1218,1232,2568972,24752,1406276,15169800
2046,1212,1200,2567760,24764,1407476,15379400
2047,1210,1275,2566550,24699,1408751,15647500
2048,1197,1188,2565353,24708,1409939,16363400
2049,1290,1303,2564063,24695,1411242,16602100
2050,1286,1203,2562777,24778,1412445,15856400
2051,1263,1231,2561514,24810,1413676,15461400
2052,1218,1228,2560296,24800,1414904,15512200
2053,1239,1234,2559057,24805,1416138,15293700
2054,1239,1283,2557818,24761,1417421,15317300
2055,1223,1265,2556595,24719,1418686,15243000
2056,1325,1200,2555270,24844,1419886,14900100
2057,1209,1259,2554061,24794,1421145,15119300
2058,1239,1203,2552822,24830,1422348,15045300
2059,1239,1261,2551583,24808,1423609,14887700
2060,1150,1181,2550433,24777,1424790,15013500
2061,1250,1243,2549183,24784,1426033,15118800
2062,1183,1292,2548000,24675,1427325,14442900
2063,1246,1275,2546754,24646,1428600,14741700
2064,1183,1217,2545571,24612,1429817,14979200
2065,1127,1318,2544444,24421,1431135,14930200
2066,1166,1210,2543278,24377,1432345,15369300
2067,1235,1192,2542043,24420,1433537,16167300
2068,1234,1260,2540809,24394,1434797,15714300
2069,1169,1229,2539640,24334,1436026,15270600
2070,1221,1260,2538419,24295,1437286,15184600
2071,1256,1176,2537163,24375,1438462,15349300
2072,1227,1204,2535936,24398,1439666,15064700
2073,1224,1217,2534712,24405,1440883,15047500
2074,1255,1264,2533457,24396,1442147,15184500
2075,1191,1201,2532266,24386,1443348,15969400
2076,1248,1326,2531018,24308,1444674,17840700
2077,1176,1263,2529842,24221,1445937,15686700
2078,1164,1175,2528678,24210,1447112,15388400
2079,1179,1172,2527499,24217,1448284,16068400
2080,1178,1249,2526321,24146,1449533,14822700
2081,1172,1166,2525149,24152,1450699,14862800
2082,1182,1212,2523967,24122,1451911,14664100
2083,1219,1181,2522748,24160,1453092,15010100
2084,1190,1252,2521558,24098,1454344,15177800
2085,1264,1250,2520294,24112,1455594,14570200
2086,1241,1223,2519053,24130,1456817,14606900
2087,1211,1244,2517842,24097,1458061,14703200
2088,1142,1207,2516700,24032,1459268,14660800
2089,1193,1250,2515507,23975,1460518,14615800
2090,1248,1194,2514259,24029,1461712,14749700
2091,1183,1224,2513076,23988,1462936,14512300
2092,1196,1179,2511880,24005,1464115,14877500
2093,1197,1208,2510683,23994,1465323,14656600
2094,1257,1224,2509426,24027,1466547,15273700
2095,1234,1181,2508192,24080,1467728,15037700
2096,1199,1219,2506993,24060,1468947,14663500
2097,1240,1225,2505753,24075,1470172,14694600
2098,1176,1191,2504577,24060,1471363,14646900
2099,1237,1174,2503340,24123,1472537,14703600
2100,1263,1197,2502077,24189,1473734,14700700
2101,1256,1187,2500821,24258,1474921,14607900
2102,1254,1177,2499567,24335,1476098,15065700
2103,1198,1202,2498369,24331,1477300,14583100
2104,1307,1239,2497062,24399,1478539,15058100
2105,1245,1160,2495817,24484,1479699,14912700
2106,1237,1262,2494580,24459,1480961,14692600
2107,1237,1208,2493343,24488,1482169,14867600
2108,1235,1276,2492108,24447,1483445,14697300
2109,1224,1280,2490884,24391,1484725,14659900
2110,1202,1215,2489682,24378,1485940,14714700
2111,1205,1207,2488477,24376,1487147,14726500
2112,1269,1173,2487208,24472,1488320,14675400
2113,1236,1168,2485972,24540,1489488,14718300
2114,1238,1235,2484734,24543,1490723,14790500
2115,1251,1228,2483483,24566,1491951,14737300
2116,1273,1241,2482210,24598,1493192,14699000
2117,1294,1211,2480916,24681,1494403,14704100
2118,1192,1206,2479724,24667,1495609,14808600
2119,1254,1215,2478470,24706,1496824,14800700
2120,1322,1249,2477148,24779,1498073,14874700
2121,1243,1314,2475905,24708,1499387,14669100
2122,1287,1276,2474618,24719,1500663,14675900
2123,1264,1222,2473354,24761,1501885,14975700
2124,1247,1256,2472107,24752,1503141,14716500
2125,1279,1240,2470828,24791,1504381,14879200
2126,1241,1229,2469587,24803,1505610,15072300
2127,1307,1243,2468280,24867,1506853,14875000
2128,1261,1161,2467019,24967,1508014,15964300
2129,1291,1250,2465728,25008,1509264,15892400
2130,1229,1249,2464499,24988,1510513,14892100
2131,1284,1246,2463215,25026,1511759,14925500
2132,1249,1232,2461966,25043,1512991,14965200
2133,1277,1237,2460689,25083,1514228,15072000
2134,1308,1266,2459381,25125,1515494,14986700
2135,1211,1330,2458170,25006,1516824,14912200
2136,1214,1252,2456956,24968,1518076,15658400
2137,1276,1245,2455680,24999,1519321,16517600
2138,1255,1267,2454425,24987,1520588,14967300
2139,1206,1248,2453219,24945,1521836,14909200
2140,1261,1284,2451958,24922,1523120,14608100
2141,1277,1178,2450681,25021,1524298,14700500
2142,1228,1265,2449453,24984,1525563,14839300
2143,1312,1255,2448141,25041,1526818,14734600
2144,1242,1171,2446899,25112,1527989,14952700
2145,1254,1322,2445645,25044,1529311,14914000
2146,1176,1301,2444469,24919,1530612,14715800
2147,1251,1331,2443218,24839,1531943,15002700
2148,1249,1300,2441969,24788,1533243,14848700
2149,1262,1229,2440707,24821,1534472,14690700
2150,1239,1234,2439468,24826,1535706,15058000
2151,1254,1218,2438214,24862,1536924,15346400
2152,1254,1193,2436960,24923,1538117,14936200
2153,1269,1228,2435691,24964,1539345,14776900
2154,1230,1267,2434461,24927,1540612,15045700
2155,1242,1241,2433219,24928,1541853,15172700
2156,1200,1234,2432019,24894,1543087,14932400
2157,1232,1290,2430787,24836,1544377,14999600
2158,1200,1307,2429587,24729,1545684,14542700
2159,1262,1222,2428325,24769,1546906,15085400
2160,1260,1246,2427065,24783,1548152,15580500
2161,1294,1243,2425771,24834,1549395,17480000
2162,1325,1258,2424446,24901,1550653,14798900
2163,1262,1247,2423184,24916,1551900,15021700
2164,1246,1273,2421938,24889,1553173,14796300
2165,1215,1251,2420723,24853,1554424,14768300
2166,1233,1235,2419490,24851,1555659,15178500
2167,1221,1244,2418269,24828,1556903,14788800
2168,1183,1237,2417086,24774,1558140,14692800
2169,1205,1262,2415881,24717,1559402,14844700
2170,1225,1266,2414656,24676,1560668,14852300
2171,1255,1200,2413401,24731,1561868,14830700
2172,1226,1290,2412175,24667,1563158,15021200
2173,1199,1239,2410976,24627,1564397,14706300
2174,1216,1314,2409760,24529,1565711,14658500
2175,1141,1198,2408619,24472,1566909,14685700
2176,1176,1255,2407443,24393,1568164,14654000
2177,1248,1160,2406195,24481,1569324,14633500
2178,1210,1227,2404985,24464,1570551,14591400
2179,1195,1185,2403790,24474,1571736,14570500
2180,1185,1278,2402605,24381,1573014,14534100
2181,1203,1253,2401402,24331,1574267,14846400
2182,1234,1204,2400168,24361,1575471,14570300
2183,1209,1189,2398959,24381,1576660,14890400
2184,1244,1243,2397715,24382,1577903,14586500
2185,1199,1207,2396516,24374,1579110,14641400
2186,1236,1234,2395280,24376,1580344,15073400
2187,1207,1209,2394073,24374,1581553,14837800
2188,1206,1205,2392867,24375,1582758,14932700
2189,1219,1164,2391648,24430,1583922,14423300
2190,1163,1274,2390485,24319,1585196,15202700
2191,1240,1282,2389245,24277,1586478,14718500
2192,1244,1227,2388001,24294,1587705,14729500
2193,1223,1185,2386778,24332,1588890,14716300
2194,1245,1195,2385533,24382,1590085,14792900
2195,1150,1243,2384383,24289,1591328,14765200
2196,1214,1213,2383169,24290,1592541,14722300
2197,1184,1259,2381985,24215,1593800,14652000
2198,1206,1272,2380779,24149,1595072,14739000
2199,1154,1170,2379625,24133,1596242,15486200
2200,1230,1299,2378395,24064,1597541,15709500
2201,1245,1234,2377150,24075,1598775,14940300
2202,1268,1271,2375882,24072,1600046,15353700
2203,1210,1182,2374672,24100,1601228,14984500
2204,1243,1164,2373429,24179,1602392,14757600
2205,1238,1224,2372191,24193,1603616,15009300
2206,1247,1242,2370944,24198,1604858,15790100
2207,1245,1220,2369699,24223,1606078,15189400
2208,1238,1193,2368461,24268,1607271,15282300
2209,1262,1187,2367199,24343,1608458,15160200
2210,1313,1195,2365886,24461,1609653,15205800
2211,1247,1214,2364639,24494,1610867,15209800
2212,1271,1209,2363368,24556,1612076,15345100
2213,1250,1246,2362118,24560,1613322,15230700
2214,1291,1258,2360827,24593,1614580,15311000
2215,1230,1251,2359597,24572,1615831,15436500
2216,1245,1192,2358352,24625,1617023,16312300
2217,1293,1238,2357059,24680,1618261,15403000
2218,1312,1265,2355747,24727,1619526,15034100
2219,1288,1291,2354459,24724,1620817,15113900
2220,1203,1211,2353256,24716,1622028,15163300
2221,1221,1228,2352035,24709,1623256,15221500
2222,1325,1282,2350710,24752,1624538,15057200
2223,1312,1194,2349398,24870,1625732,14781800
2224,1324,1238,2348074,24956,1626970,14752300
2225,1293,1220,2346781,25029,1628190,14685400
2226,1269,1276,2345512,25022,1629466,14921800
2227,1282,1200,2344230,25104,1630666,15082000
2228,1333,1220,2342897,25217,1631886,15396600
2229,1266,1347,2341631,25136,1633233,15141900
2230,1286,1248,2340345,25174,1634481,14954600
2231,1264,1254,2339081,25184,1635735,14856800
2232,1296,1212,2337785,25268,1636947,14928300
2233,1242,1236,2336543,25274,1638183,14775900
2234,1306,1288,2335237,25292,1639471,14801900
2235,1329,1291,2333908,25330,1640762,14550000
2236,1331,1273,2332577,25388,1642035,14848300
2237,1233,1297,2331344,25324,1643332,14916400
2238,1302,1264,2330042,25362,1644596,14645800
2239,1262,1237,2328780,25387,1645833,15253600
2240,1301,1320,2327479,25368,1647153,14749900
2241,1320,1293,2326159,25395,1648446,14763100
2242,1224,1375,2324935,25244,1649821,14962800
2243,1249,1318,2323686,25175,1651139,14664000
2244,1255,1237,2322431,25193,1652376,14670300
2245,1281,1210,2321150,25264,1653586,14738600
2246,1278,1239,2319872,25303,1654825,14673800
2247,1307,1328,2318565,25282,1656153,14847000
2248,1245,1242,2317320,25285,1657395,14899600
2249,1340,1247,2315980,25378,1658642,14682200
2250,1254,1271,2314726,25361,1659913,14675400
2251,1319,1305,2313407,25375,1661218,14621800
2252,1236,1327,2312171,25284,1662545,15091500
2253,1277,1218,2310894,25343,1663763,14562400
2254,1273,1234,2309621,25382,1664997,14673300
2255,1254,1267,2308367,25369,1666264,14989800
2256,1236,1268,2307131,25337,1667532,14662900
2257,1213,1273,2305918,25277,1668805,14760700
2258,1219,1238,2304699,25258,1670043,14831900
2259,1253,1221,2303446,25290,1671264,14892000
2260,1262,1271,2302184,25281,1672535,14765800
2261,1214,1265,2300970,25230,1673800,15029900
2262,1228,1225,2299742,25233,1675025,14701600
2263,1286,1310,2298456,25209,1676335,14987200
2264,1231,1237,2297225,25203,1677572,14638100
2265,1284,1228,2295941,25259,1678800,15026600
2266,1248,1250,2294693,25257,1680050,14796900
2267,1248,1252,2293445,25253,1681302,14877800
2268,1227,1244,2292218,25236,1682546,14848500
2269,1237,1192,2290981,25281,1683738,15192300
2270,1303,1286,2289678,25298,1685024,15032000
2271,1233,1256,2288445,25275,1686280,14637600
2272,1272,1265,2287173,25282,1687545,15003800
2273,1208,1280,2285965,25210,1688825,14877800
2274,1196,1282,2284769,25124,1690107,14783900
2275,1262,1249,2283507,25137,1691356,14885000
2276,1228,1195,2282279,25170,1692551,14751700
2277,1319,1234,2280960,25255,1693785,14823300
2278,1283,1289,2279677,25249,1695074,14830500
2279,1213,1240,2278464,25222,1696314,14822300
2280,1260,1224,2277204,25258,1697538,14868300
2281,1244,1206,2275960,25296,1698744,15000700
2282,1293,1305,2274667,25284,1700049,14723900
2283,1276,1284,2273391,25276,1701333,14865700
2284,1218,1297,2272173,25197,1702630,15084200
2285,1180,1278,2270993,25099,1703908,14909200
2286,1236,1277,2269757,25058,1705185,15023200
2287,1215,1269,2268542,25004,1706454,15447400
2288,1199,1301,2267343,24902,1707755,16869100
2289,1195,1273,2266148,24824,1709028,15088500
2290,1133,1323,2265015,24634,1710351,14899500
2291,1202,1267,2263813,24569,1711618,14977000
2292,1158,1252,2262655,24475,1712870,15360400
2293,1206,1214,2261449,24467,1714084,14955500
2294,1162,1249,2260287,24380,1715333,15185700
2295,1215,1232,2259072,24363,1716565,15232300
2296,1200,1209,2257872,24354,1717774,14808900
2297,1226,1220,2256646,24360,1718994,14822900
2298,1223,1172,2255423,24411,1720166,15048800
2299,1275,1250,2254148,24436,1721416,14839300
2300,1214,1210,2252934,24440,1722626,14741500
2301,1239,1317,2251695,24362,1723943,14554700
2302,1247,1206,2250448,24403,1725149,14648800
2303,1242,1220,2249206,24425,1726369,14778800
2304,1242,1260,2247964,24407,1727629,14584400
2305,1274,1205,2246690,24476,1728834,14601600
2306,1179,1207,2245511,24448,1730041,14899800
2307,1213,1197,2244298,24464,1731238,14753400
2308,1225,1190,2243073,24499,1732428,14710100
2309,1187,1206,2241886,24480,1733634,14695800
2310,1210,1245,2240676,24445,1734879,15114700
2311,1188,1162,2239488,24471,1736041,14886100
2312,1229,1227,2238259,24473,1737268,14928900
2313,1205,1240,2237054,24438,1738508,14973600
2314,1172,1244,2235882,24366,1739752,14692600
2315,1217,1185,2234665,24398,1740937,14790300
2316,1175,1190,2233490,24383,1742127,14616100
2317,1242,1255,2232248,24370,1743382,14664400
2318,1243,1270,2231005,24343,1744652,14897400
2319,1184,1213,2229821,24314,1745865,15008100
2320,1239,1229,2228582,24324,1747094,14883900
2321,1249,1199,2227333,24374,1748293,15169700
2322,1232,1222,2226101,24384,1749515,14985300
2323,1193,1198,2224908,24379,1750713,14920800
2324,1205,1186,2223703,24398,1751899,15155800
2325,1219,1254,2222484,24363,1753153,15047300
2326,1209,1212,2221275,24360,1754365,15024800
2327,1252,1241,2220023,24371,1755606,15116500
2328,1236,1225,2218787,24382,1756831,15011600
2329,1233,1186,2217554,24429,1758017,14624300
2330,1235,1241,2216319,24423,1759258,14975500
2331,1197,1193,2215122,24427,1760451,14984500
2332,1243,1232,2213879,24438,1761683,14767100
2333,1200,1255,2212679,24383,1762938,14819400
2334,1225,1249,2211454,24359,1764187,14628400
2335,1257,1219,2210197,24397,1765406,14704200
2336,1197,1193,2209000,24401,1766599,14847100
2337,1232,1276,2207768,24357,1767875,14687800
2338,1254,1162,2206514,24449,1769037,14644700
2339,1209,1219,2205305,24439,1770256,14616700
2340,1275,1238,2204030,24476,1771494,14658900
2341,1196,1294,2202834,24378,1772788,14852500
2342,1251,1279,2201583,24350,1774067,15273700
2343,1241,1196,2200342,24395,1775263,14918000
2344,1257,1229,2199085,24423,1776492,14647000
2345,1240,1235,2197845,24428,1777727,14795600
2346,1304,1251,2196541,24481,1778978,14897900
2347,1232,1242,2195309,24471,1780220,14820500
2348,1137,1215,2194172,24393,1781435,15101900
2349,1197,1233,2192975,24357,1782668,14541300
2350,1234,1241,2191741,24350,1783909,14838400
2351,1216,1171,2190525,24395,1785080,14911200
2352,1187,1268,2189338,24314,1786348,14899500
2353,1189,1164,2188149,24339,1787512,14511500
2354,1211,1262,2186938,24288,1788774,14627200
2355,1233,1253,2185705,24268,1790027,14678300
2356,1211,1169,2184494,24310,1791196,15359000
2357,1205,1246,2183289,24269,1792442,14996800
2358,1221,1157,2182068,24333,1793599,14685300
2359,1211,1196,2180857,24348,1794795,14701300
2360,1177,1202,2179680,24323,1795997,14849400
2361,1201,1250,2178479,24274,1797247,14948800
2362,1167,1215,2177312,24226,1798462,14943000
2363,1237,1223,2176075,24240,1799685,14939000
2364,1203,1255,2174872,24188,1800940,15479200
2365,1227,1259,2173645,24156,1802199,14842000
2366,1213,1163,2172432,24206,1803362,15564000
2367,1169,1196,2171263,24179,1804558,14984100
2368,1201,1178,2170062,24202,1805736,14764700
2369,1263,1217,2168799,24248,1806953,15080300
2370,1241,1154,2167558,24335,1808107,15299400
2371,1168,1217,2166390,24286,1809324,15453400
2372,1193,1189,2165197,24290,1810513,16508900
2373,1211,1226,2163986,24275,1811739,15108700
2374,1205,1219,2162781,24261,1812958,15127500
2375,1185,1232,2161596,24214,1814190,15208500
2376,1268,1186,2160328,24296,1815376,15138400
2377,1269,1249,2159059,24316,1816625,14711500
2378,1240,1198,2157819,24358,1817823,14903500
2379,1227,1181,2156592,24404,1819004,14890700
2380,1253,1281,2155339,24376,1820285,15205500
2381,1171,1201,2154168,24346,1821486,14896500
2382,1254,1178,2152914,24422,1822664,14875200
2383,1272,1266,2151642,24428,1823930,14765400
2384,1209,1268,2150433,24369,1825198,14738400
2385,1229,1227,2149204,24371,1826425,14790400
2386,1220,1238,2147984,24353,1827663,14729100
2387,1169,1217,2146815,24305,1828880,14824900
2388,1223,1194,2145592,24334,1830074,14754400
2389,1260,1223,2144332,24371,1831297,14620900
2390,1143,1181,2143189,24333,1832478,14980100
2391,1256,1200,2141933,24389,1833678,14702400
2392,1133,1259,2140800,24263,1834937,14637400
2393,1197,1196,2139603,24264,1836133,15063200
2394,1135,1208,2138468,24191,1837341,15134100
2395,1201,1200,2137267,24192,1838541,14785200
2396,1146,1227,2136121,24111,1839768,14642900
2397,1211,1204,2134910,24118,1840972,14581700
2398,1208,1159,2133702,24167,1842131,14579200
2399,1199,1226,2132503,24140,1843357,14556600
2400,1157,1164,2131346,24133,1844521,14647100
2401,1167,1220,2130179,24080,1845741,14610800
2402,1163,1167,2129016,24076,1846908,15128500
2403,1176,1245,2127840,24007,1848153,14848100
2404,1219,1239,2126621,23987,1849392,15308700
2405,1160,1182,2125461,23965,1850574,14551100
2406,1147,1227,2124314,23885,1851801,14521700
2407,1139,1128,2123175,23896,1852929,14948400
2408,1197,1138,2121978,23955,1854067,14680300
2409,1189,1251,2120789,23893,1855318,14904300
2410,1199,1156,2119590,23936,1856474,14912000
2411,1150,1195,2118440,23891,1857669,14856200
2412,1179,1146,2117261,23924,1858815,14866400
2413,1158,1229,2116103,23853,1860044,14858800
2414,1214,1229,2114889,23838,1861273,15065900
2415,1176,1217,2113713,23797,1862490,15162100
2416,1200,1124,2112513,23873,1863614,15014700
2417,1232,1161,2111281,23944,1864775,14759100
2418,1151,1235,2110130,23860,1866010,14589000
2419,1138,1186,2108992,23812,1867196,14500800
2420,1131,1188,2107861,23755,1868384,14831700
2421,1193,1171,2106668,23777,1869555,14875100
2422,1195,1199,2105473,23773,1870754,14983900
2423,1185,1160,2104288,23798,1871914,15042400
2424,1181,1138,2103107,23841,1873052,14673100
2425,1228,1195,2101879,23874,1874247,15063800
2426,1216,1200,2100663,23890,1875447,14956900
2427,1177,1179,2099486,23888,1876626,15193800
2428,1200,1182,2098286,23906,1877808,14986200
2429,1177,1188,2097109,23895,1878996,14820400
2430,1222,1191,2095887,23926,1880187,14799600
2431,1202,1182,2094685,23946,1881369,15212000
2432,1223,1197,2093462,23972,1882566,15217300
2433,1212,1204,2092250,23980,1883770,14853600
2434,1180,1158,2091070,24002,1884928,14771500
2435,1138,1208,2089932,23932,1886136,15178400
2436,1261,1121,2088671,24072,1887257,14987900
2437,1254,1190,2087417,24136,1888447,15068200
2438,1220,1199,2086197,24157,1889646,15031600
2439,1191,1247,2085006,24101,1890893,14833500
2440,1218,1181,2083788,24138,1892074,14926100
2441,1214,1225,2082574,24127,1893299,14879100
2442,1239,1188,2081335,24178,1894487,14728300
2443,1199,1270,2080136,24107,1895757,14846400
2444,1226,1264,2078910,24069,1897021,14899300
2445,1176,1179,2077734,24066,1898200,15354900
2446,1168,1179,2076566,24055,1899379,15089100
2447,1239,1252,2075327,24042,1900631,15306800
2448,1187,1228,2074140,24001,1901859,15196600
2449,1183,1204,2072957,23980,1903063,15112900
2450,1272,1296,2071685,23956,1904359,17133500
2451,1229,1224,2070456,23961,1905583,15562200
2452,1191,1160,2069265,23992,1906743,17409900
2453,1182,1178,2068083,23996,1907921,15049600
2454,1251,1153,2066832,24094,1909074,15058200
2455,1218,1195,2065614,24117,1910269,15054000
2456,1196,1252,2064418,24061,1911521,15021900
2457,1176,1178,2063242,24059,1912699,15604500
2458,1217,1257,2062025,24019,1913956,14635600
2459,1179,1273,2060846,23925,1915229,14645300
2460,1226,1177,2059620,23974,1916406,14561200
2461,1204,1215,2058416,23963,1917621,14678200
2462,1267,1242,2057149,23988,1918863,14728100
2463,1229,1228,2055920,23989,1920091,14645900
2464,1181,1161,2054739,24009,1921252,15098100
2465,1210,1259,2053529,23960,1922511,14713800
2466,1217,1207,2052312,23970,1923718,14773800
2467,1154,1194,2051158,23930,1924912,14724800
2468,1238,1249,2049920,23919,1926161,14722000
2469,1194,1206,2048726,23907,1927367,15005700
2470,1235,1207,2047491,23935,1928574,14579600
2471,1206,1151,2046285,23990,1929725,14805900
2472,1275,1209,2045010,24056,1930934,14658400
2473,1166,1210,2043844,24012,1932144,14745500
2474,1197,1209,2042647,24000,1933353,14961600
2475,1207,1252,2041440,23955,1934605,14801100
2476,1241,1206,2040199,23990,1935811,14932300
2477,1221,1246,2038978,23965,1937057,17189600
2478,1189,1176,2037789,23978,1938233,17660800
2479,1220,1232,2036569,23966,1939465,15105300
2480,1217,1207,2035352,23976,1940672,14700300
2481,1264,1234,2034088,24006,1941906,14908600
2482,1252,1146,2032836,24112,1943052,14579500
2483,1283,1205,2031553,24190,1944257,14920200
2484,1209,1197,2030344,24202,1945454,14759100
2485,1203,1164,2029141,24241,1946618,14655400
2486,1225,1255,2027916,24211,1947873,14667800
2487,1227,1188,2026689,24250,1949061,14636400
2488,1278,1306,2025411,24222,1950367,15083300
2489,1238,1224,2024173,24236,1951591,14720000
2490,1327,1145,2022846,24418,1952736,14811600
2491,1238,1262,2021608,24394,1953998,14774900
2492,1316,1269,2020292,24441,1955267,15009100
2493,1278,1256,2019014,24463,1956523,14981600
2494,1278,1206,2017736,24535,1957729,14874800
2495,1230,1270,2016506,24495,1958999,14681900
2496,1278,1245,2015228,24528,1960244,14636600
2497,1213,1173,2014015,24568,1961417,14692500
2498,1228,1252,2012787,24544,1962669,14973800
2499,1230,1226,2011557,24548,1963895,14853600
2500,1217,1244,2010340,24521,1965139,14616400
2501,1246,1176,2009094,24591,1966315,14909500
2502,1194,1267,2007900,24518,1967582,14851100
2503,1203,1269,2006697,24452,1968851,14851600
2504,1230,1233,2005467,24449,1970084,14789500
2505,1198,1269,2004269,24378,1971353,15158700
2506,1209,1194,2003060,24393,1972547,14991200
2507,1105,1242,2001955,24256,1973789,14506400
2508,1206,1199,2000749,24263,1974988,14783700
2509,1173,1188,1999576,24248,1976176,15175200
2510,1180,1241,1998396,24187,1977417,15127200
2511,1174,1199,1997222,24162,1978616,14926600
2512,1176,1243,1996046,24095,1979859,14763400
2513,1171,1188,1994875,24078,1981047,15072000
2514,1174,1168,1993701,24084,1982215,14682600
2515,1224,1196,1992477,24112,1983411,15149800
2516,1205,1236,1991272,24081,1984647,14708800
2517,1226,1189,1990046,24118,1985836,15779900
2518,1172,1246,1988874,24044,1987082,14927300
2519,1194,1239,1987680,23999,1988321,14472600
2520,1177,1166,1986503,24010,1989487,15028900
2521,1155,1165,1985348,24000,1990652,14874900
2522,1301,1124,1984047,24177,1991776,15189200
2523,1200,1202,1982847,24175,1992978,14829400
2524,1217,1236,1981630,24156,1994214,14784000
2525,1185,1172,1980445,24169,1995386,15020600
2526,1257,1184,1979188,24242,1996570,15275700
2527,1206,1219,1977982,24229,1997789,14968700
2528,1264,1256,1976718,24237,1999045,14949700
2529,1232,1221,1975486,24248,2000266,15137100
2530,1290,1219,1974196,24319,2001485,15118600
2531,1286,1214,1972910,24391,2002699,15077900
2532,1163,1207,1971747,24347,2003906,16780400
2533,1196,1262,1970551,24281,2005168,15232500
2534,1207,1234,1969344,24254,2006402,14936300
2535,1225,1190,1968119,24289,2007592,14926900
2536,1252,1249,1966867,24292,2008841,14872100
2537,1215,1207,1965652,24300,2010048,14717600
2538,1222,1206,1964430,24316,2011254,14728300
2539,1266,1246,1963164,24336,2012500,14693100
2540,1219,1275,1961945,24280,2013775,14718200
2541,1187,1198,1960758,24269,2014973,14746900
2542,1227,1241,1959531,24255,2016214,14901000
2543,1222,1259,1958309,24218,2017473,15102800
2544,1279,1241,1957030,24256,2018714,14689700
2545,1244,1195,1955786,24305,2019909,14741000
2546,1263,1199,1954523,24369,2021108,14804600
2547,1282,1191,1953241,24460,2022299,14720200
2548,1231,1226,1952010,24465,2023525,14880000
2549,1165,1228,1950845,24402,2024753,14871000
2550,1210,1220,1949635,24392,2025973,15130000
2551,1172,1236,1948463,24328,2027209,15086200
2552,1228,1161,1947235,24395,2028370,15600600
2553,1243,1228,1945992,24410,2029598,14593700
2554,1208,1179,1944784,24439,2030777,14632600
2555,1236,1208,1943548,24467,2031985,14790400
2556,1236,1291,1942312,24412,2033276,14717700
2557,1167,1188,1941145,24391,2034464,14722500
2558,1247,1134,1939898,24504,2035598,14771700
2559,1260,1198,1938638,24566,2036796,14797400
2560,1225,1219,1937413,24572,2038015,14510400
2561,1252,1210,1936161,24614,2039225,15052500
2562,1249,1253,1934912,24610,2040478,14794300
2563,1189,1315,1933723,24484,2041793,14963300
2564,1296,1250,1932427,24530,2043043,14795300
2565,1235,1241,1931192,24524,2044284,14898400
2566,1165,1268,1930027,24421,2045552,14980200
2567,1269,1174,1928758,24516,2046726,15454700
2568,1254,1190,1927504,24580,2047916,14796200
2569,1212,1238,1926292,24554,2049154,15049000
2570,1243,1257,1925049,24540,2050411,14623200
2571,1215,1243,1923834,24512,2051654,15075700
2572,1233,1189,1922601,24556,2052843,14765000
2573,1249,1270,1921352,24535,2054113,14794500
2574,1246,1249,1920106,24532,2055362,14849200
2575,1231,1255,1918875,24508,2056617,14742400
2576,1231,1181,1917644,24558,2057798,14743100
2577,1224,1204,1916420,24578,2059002,14743100
2578,1260,1251,1915160,24587,2060253,14768000
2579,1242,1252,1913918,24577,2061505,14738700
2580,1228,1188,1912690,24617,2062693,15996800
2581,1234,1255,1911456,24596,2063948,14919000
2582,1218,1271,1910238,24543,2065219,14656900
2583,1192,1225,1909046,24510,2066444,14910600
2584,1252,1224,1907794,24538,2067668,14600300
2585,1189,1213,1906605,24514,2068881,14630600
2586,1226,1215,1905379,24525,2070096,22071600
2587,1230,1226,1904149,24529,2071322,15962000
2588,1223,1244,1902926,24508,2072566,14994200
2589,1217,1172,1901709,24553,2073738,14395600
2590,1194,1229,1900515,24518,2074967,14536300
2591,1186,1217,1899329,24487,2076184,14908400
2592,1197,1247,1898132,24437,2077431,14959500
2593,1223,1183,1896909,24477,2078614,14858800
2594,1204,1191,1895705,24490,2079805,14758600
2595,1131,1157,1894574,24464,2080962,14723400
2596,1157,1240,1893417,24381,2082202,14815900
2597,1185,1215,1892232,24351,2083417,14908400
2598,1166,1220,1891066,24297,2084637,14517600
2599,1126,1211,1889940,24212,2085848,14782400
2600,1179,1171,1888761,24220,2087019,14699700
2601,1188,1243,1887573,24165,2088262,14655400
2602,1167,1211,1886406,24121,2089473,14744300
2603,1235,1267,1885171,24089,2090740,14707300
2604,1196,1236,1883975,24049,2091976,15166000
2605,1257,1159,1882718,24147,2093135,15024200
2606,1197,1249,1881521,24095,2094384,15097500
2607,1226,1196,1880295,24125,2095580,14845000
2608,1193,1171,1879102,24147,2096751,14841300
2609,1227,1206,1877875,24168,2097957,15068700
2610,1263,1268,1876612,24163,2099225,15404600
2611,1169,1239,1875443,24093,2100464,14976800
2612,1235,1222,1874208,24106,2101686,15111200
2613,1176,1107,1873032,24175,2102793,15446600
2614,1200,1193,1871832,24182,2103986,14963800
2615,1181,1185,1870651,24178,2105171,14828500
2616,1227,1201,1869424,24204,2106372,15086500
2617,1185,1292,1868239,24097,2107664,14736500
2618,1208,1228,1867031,24077,2108892,14591100
2619,1216,1182,1865815,24111,2110074,15097800
2620,1240,1153,1864575,24198,2111227,14923400
2621,1296,1178,1863279,24316,2112405,14737700
2622,1270,1207,1862009,24379,2113612,14700600
2623,1219,1157,1860790,24441,2114769,15090800
2624,1238,1172,1859552,24507,2115941,14608100
2625,1249,1213,1858303,24543,2117154,14532000
2626,1216,1203,1857087,24556,2118357,14800400
2627,1300,1192,1855787,24664,2119549,14847400
2628,1209,1241,1854578,24632,2120790,14738800
2629,1269,1209,1853309,24692,2121999,14766800
2630,1229,1257,1852080,24664,2123256,14755300
2631,1271,1262,1850809,24673,2124518,14791800
2632,1223,1210,1849586,24686,2125728,15138100
2633,1237,1298,1848349,24625,2127026,15207500
2634,1253,1246,1847096,24632,2128272,14848100
2635,1240,1228,1845856,24644,2129500,14748700
2636,1263,1191,1844593,24716,2130691,14919900
2637,1229,1199,1843364,24746,2131890,15010400
2638,1240,1213,1842124,24773,2133103,15578700
2639,1160,1265,1840964,24668,2134368,15260200
2640,1187,1283,1839777,24572,2135651,15180600
2641,1211,1245,1838566,24538,2136896,15293200
2642,1214,1244,1837352,24508,2138140,15207100
2643,1203,1275,1836149,24436,2139415,14796200
2644,1116,1193,1835033,24359,2140608,14994600
2645,1157,1287,1833876,24229,2141895,15009200
2646,1232,1228,1832644,24233,2143123,14909600
2647,1128,1149,1831516,24212,2144272,14805900
2648,1203,1169,1830313,24246,2145441,14565600
2649,1212,1194,1829101,24264,2146635,14993400
2650,1145,1216,1827956,24193,2147851,14727100
2651,1213,1281,1826743,24125,2149132,14799300
2652,1176,1254,1825567,24047,2150386,14960600
2653,1204,1175,1824363,24076,2151561,14922700
2654,1215,1151,1823148,24140,2152712,14663200
2655,1201,1233,1821947,24108,2153945,14711200
2656,1185,1197,1820762,24096,2155142,14844700
2657,1212,1153,1819550,24155,2156295,14720600
2658,1176,1218,1818374,24113,2157513,16715700
2659,1274,1225,1817100,24162,2158738,15446500
2660,1267,1220,1815833,24209,2159958,20933000
2661,1227,1195,1814606,24241,2161153,23416800
2662,1169,1179,1813437,24231,2162332,21696500
2663,1234,1225,1812203,24240,2163557,15792500
2664,1193,1218,1811010,24215,2164775,16309400
2665,1125,1207,1809885,24133,2165982,20114700
2666,1195,1205,1808690,24123,2167187,15086400
2667,1129,1182,1807561,24070,2168369,15082000
2668,1182,1205,1806379,24047,2169574,14757600
2669,1135,1233,1805244,23949,2170807,14747400
2670,1082,1150,1804162,23881,2171957,14938800
2671,1129,1226,1803033,23784,2173183,15209900
2672,1193,1200,1801840,23777,2174383,14805000
2673,1145,1148,1800695,23774,2175531,14854400
2674,1070,1158,1799625,23686,2176689,14948700
2675,1120,1190,1798505,23616,2177879,14945300
2676,1155,1231,1797350,23540,2179110,15190700
2677,1146,1148,1796204,23538,2180258,15427200
2678,1108,1153,1795096,23493,2181411,17117600
2679,1087,1140,1794009,23440,2182551,15570300
2680,1115,1185,1792894,23370,2183736,15896400
2681,1119,1147,1791775,23342,2184883,15680100
2682,1145,1126,1790630,23361,2186009,15682800
2683,1143,1133,1789487,23371,2187142,15092000
2684,1089,1227,1788398,23233,2188369,15281300
2685,1108,1126,1787290,23215,2189495,15452500
2686,1142,1141,1786148,23216,2190636,15647400
2687,1155,1155,1784993,23216,2191791,15876400
2688,1156,1171,1783837,23201,2192962,15458300
2689,1118,1176,1782719,23143,2194138,15584700
2690,1171,1106,1781548,23208,2195244,15785900
2691,1178,1136,1780370,23250,2196380,16666300
2692,1196,1210,1779174,23236,2197590,15420000
2693,1117,1157,1778057,23196,2198747,14852700
2694,1108,1181,1776949,23123,2199928,14893900
2695,1136,1144,1775813,23115,2201072,15122700
2696,1119,1135,1774694,23099,2202207,15418500
2697,1111,1162,1773583,23048,2203369,14940800
2698,1114,1168,1772469,22994,2204537,15151100
2699,1139,1205,1771330,22928,2205742,14943400
2700,1209,1141,1770121,22996,2206883,14700200
2701,1182,1074,1768939,23104,2207957,15352200
2702,1144,1165,1767795,23083,2209122,14981500
2703,1108,1203,1766687,22988,2210325,15067200
2704,1112,1063,1765575,23037,2211388,14620800
2705,1154,1102,1764421,23089,2212490,14886900
2706,1209,1151,1763212,23147,2213641,14717400
2707,1172,1183,1762040,23136,2214824,14705500
2708,1182,1139,1760858,23179,2215963,14782700
2709,1153,1125,1759705,23207,2217088,14795100
2710,1167,1147,1758538,23227,2218235,14800400
2711,1163,1227,1757375,23163,2219462,15011800
2712,1170,1158,1756205,23175,2220620,14978700
2713,1133,1150,1755072,23158,2221770,14798200
2714,1090,1183,1753982,23065,2222953,14702400
2715,1167,1144,1752815,23088,2224097,14743000
2716,1109,1173,1751706,23024,2225270,14662300
2717,1137,1146,1750569,23015,2226416,14791600
2718,1174,1144,1749395,23045,2227560,14840400
2719,1175,1201,1748220,23019,2228761,14749100
2720,1159,1146,1747061,23032,2229907,14691100
2721,1116,1190,1745945,22958,2231097,14765600
2722,1167,1119,1744778,23006,2232216,14946700
2723,1179,1183,1743599,23002,2233399,14726300
2724,1216,1176,1742383,23042,2234575,15101300
2725,1114,1165,1741269,22991,2235740,14632300
2726,1161,1193,1740108,22959,2236933,14913300
2727,1195,1136,1738913,23018,2238069,14805400
2728,1182,1192,1737731,23008,2239261,14676200
2729,1214,1122,1736517,23100,2240383,14829200
2730,1120,1136,1735397,23084,2241519,14548900
2731,1123,1171,1734274,23036,2242690,14641000
2732,1067,1185,1733207,22918,2243875,14694900
2733,1163,1122,1732044,22959,2244997,14719700
2734,1175,1182,1730869,22952,2246179,15667200
2735,1173,1157,1729696,22968,2247336,14810000
2736,1185,1137,1728511,23016,2248473,14865200
2737,1148,1117,1727363,23047,2249590,15319600
2738,1221,1156,1726142,23112,2250746,14668800
2739,1111,1158,1725031,23065,2251904,15080100
2740,1172,1154,1723859,23083,2253058,15159800
2741,1123,1136,1722736,23070,2254194,14903300
2742,1172,1081,1721564,23161,2255275,15155300
2743,1045,1175,1720519,23031,2256450,14962000
2744,1097,1086,1719422,23042,2257536,14899600
2745,1124,1110,1718298,23056,2258646,14716900
2746,1158,1131,1717140,23083,2259777,14658200
2747,1157,1126,1715983,23114,2260903,14940400
2748,1119,1209,1714864,23024,2262112,14924700
2749,1131,1149,1713733,23006,2263261,15286700
2750,1147,1105,1712586,23048,2264366,15021700
2751,1155,1181,1711431,23022,2265547,14985500
2752,1109,1140,1710322,22991,2266687,15049200
2753,1149,1138,1709173,23002,2267825,16151400
2754,1181,1110,1707992,23073,2268935,16609800
2755,1141,1122,1706851,23092,2270057,16219700
2756,1146,1191,1705705,23047,2271248,15708700
2757,1149,1183,1704556,23013,2272431,16513700
2758,1168,1214,1703388,22967,2273645,17751500
2759,1176,1182,1702212,22961,2274827,16987500
2760,1072,1148,1701140,22885,2275975,16563800
2761,1143,1215,1699997,22813,2277190,15906300
2762,1166,1131,1698831,22848,2278321,16260600
2763,1132,1109,1697699,22871,2279430,16315800
2764,1110,1125,1696589,22856,2280555,16129500
2765,1115,1147,1695474,22824,2281702,15731300
2766,1174,1214,1694300,22784,2282916,17001700
2767,1101,1100,1693199,22785,2284016,16244000
2768,1144,1140,1692055,22789,2285156,17749200
2769,1146,1137,1690909,22798,2286293,15726300
2770,1117,1149,1689792,22766,2287442,15481800
2771,1144,1158,1688648,22752,2288600,14963400
2772,1165,1141,1687483,22776,2289741,14974800
2773,1107,1115,1686376,22768,2290856,15119200
2774,1136,1073,1685240,22831,2291929,15155500
2775,1132,1077,1684108,22886,2293006,15217500
2776,1148,1188,1682960,22846,2294194,15497900
2777,1077,1157,1681883,22766,2295351,15893100
2778,1139,1160,1680744,22745,2296511,15762700
2779,1072,1169,1679672,22648,2297680,15238800
2780,1188,1148,1678484,22688,2298828,17310200
2781,1092,1147,1677392,22633,2299975,15820100
2782,1228,1182,1676164,22679,2301157,15583600
2783,1061,1088,1675103,22652,2302245,17312400
2784,1107,1155,1673996,22604,2303400,16997300
2785,1087,1133,1672909,22558,2304533,16559200
2786,1125,1188,1671784,22495,2305721,16380900
2787,1136,1157,1670648,22474,2306878,16275500
2788,1139,1029,1669509,22584,2307907,16648300
2789,1135,1115,1668374,22604,2309022,16378700
2790,1175,1139,1667199,22640,2310161,16477400
2791,1138,1083,1666061,22695,2311244,16717300
2792,1178,1155,1664883,22718,2312399,17189300
2793,1144,1176,1663739,22686,2313575,16588100
2794,1117,1199,1662622,22604,2314774,15332400
2795,1109,1158,1661513,22555,2315932,16203700
2796,1124,1075,1660389,22604,2317007,14843400
2797,1125,1114,1659264,22615,2318121,14902900
2798,1165,1137,1658099,22643,2319258,15362700
2799,1165,1141,1656934,22667,2320399,14763400
2800,1102,1164,1655832,22605,2321563,14581300
2801,1142,1074,1654690,22673,2322637,14523000
2802,1078,1183,1653612,22568,2323820,14526000
2803,1143,1100,1652469,22611,2324920,14604600
2804,1116,1114,1651353,22613,2326034,14900400
2805,1053,1108,1650300,22558,2327142,14788500
2806,1109,1086,1649191,22581,2328228,14820500
2807,1083,1110,1648108,22554,2329338,15103800
2808,1112,1161,1646996,22505,2330499,14740100
2809,1069,1137,1645927,22437,2331636,14928500
2810,1125,1056,1644802,22506,2332692,14668800
2811,1162,1118,1643640,22550,2333810,14404400
2812,1150,1078,1642490,22622,2334888,14593300
2813,1172,1152,1641318,22642,2336040,14440800
2814,1082,1115,1640236,22609,2337155,14790900
2815,1161,1148,1639075,22622,2338303,14816400
2816,1124,1112,1637951,22634,2339415,14530600
2817,1131,1128,1636820,22637,2340543,14518200
2818,1158,1151,1635662,22644,2341694,14534200
2819,1098,1128,1634564,22614,2342822,14598700
2820,1140,1147,1633424,22607,2343969,15099700
2821,1133,1171,1632291,22569,2345140,14762400
2822,1061,1081,1631230,22549,2346221,14681900
2823,1096,1146,1630134,22499,2347367,15026600
2824,1086,1105,1629048,22480,2348472,14796200
2825,1123,1080,1627925,22523,2349552,14470000
2826,1160,1128,1626765,22555,2350680,14613000
2827,1121,1128,1625644,22548,2351808,14816600
2828,1066,1164,1624578,22450,2352972,14605000
2829,1170,1192,1623408,22428,2354164,14967700
2830,1079,1124,1622329,22383,2355288,14917600
2831,1140,1135,1621189,22388,2356423,14647500
2832,1141,1140,1620048,22389,2357563,14594200
2833,1150,1093,1618898,22446,2358656,14624800
2834,1120,1141,1617778,22425,2359797,14746500
2835,1126,1127,1616652,22424,2360924,14543100
2836,1154,1118,1615498,22460,2362042,14474000
2837,1117,1098,1614381,22479,2363140,14717400
2838,1101,1110,1613280,22470,2364250,15316200
2839,1069,1095,1612211,22444,2365345,16070100
2840,1138,1102,1611073,22480,2366447,14645300
2841,1084,1107,1609989,22457,2367554,14666000
2842,1100,1166,1608889,22391,2368720,15055500
2843,1139,1146,1607750,22384,2369866,16467500
2844,1100,1192,1606650,22292,2371058,14959400
2845,1077,1145,1605573,22224,2372203,15072300
2846,1065,1097,1604508,22192,2373300,14771000
2847,1099,1155,1603409,22136,2374455,14800900
2848,1046,1087,1602363,22095,2375542,14980800
2849,1123,1089,1601240,22129,2376631,14963700
2850,1066,1075,1600174,22120,2377706,14520500
2851,1096,1122,1599078,22094,2378828,14812900
2852,1093,1123,1597985,22064,2379951,14821500
2853,1112,1043,1596873,22133,2380994,14848000
2854,1089,1088,1595784,22134,2382082,14783400
2855,1094,1109,1594690,22119,2383191,14469900
2856,1135,1074,1593555,22180,2384265,14874800
2857,1107,1104,1592448,22183,2385369,14670200
2858,1101,1007,1591347,22277,2386376,14644400
2859,1036,1072,1590311,22241,2387448,14781800
2860,1036,1150,1589275,22127,2388598,14856800
2861,1116,1090,1588159,22153,2389688,14793600
2862,1096,1062,1587063,22187,2390750,14950800
2863,1093,1156,1585970,22124,2391906,14765400
2864,1091,1139,1584879,22076,2393045,14324500
2865,1023,1047,1583856,22052,2394092,14361800
2866,1084,1084,1582772,22052,2395176,14886200
2867,1096,1113,1581676,22035,2396289,14454400
2868,1056,1106,1580620,21985,2397395,14611300
2869,1099,1043,1579521,22041,2398438,14624200
2870,1057,1116,1578464,21982,2399554,14647800
2871,1141,1059,1577323,22064,2400613,14858100
2872,1052,1171,1576271,21945,2401784,14543800
2873,1098,1060,1575173,21983,2402844,15087200
2874,1091,1130,1574082,21944,2403974,14789300
2875,1056,1086,1573026,21914,2405060,15085100
2876,1025,1075,1572001,21864,2406135,14428800
2877,1032,1119,1570969,21777,2407254,14398400
2878,1000,1058,1569969,21719,2408312,14412100
2879,1056,1053,1568913,21722,2409365,14444700
2880,1089,1097,1567824,21714,2410462,14917600
2881,1077,1074,1566747,21717,2411536,14365600
2882,1047,1038,1565700,21726,2412574,14309600
2883,1048,1058,1564652,21716,2413632,14343400
2884,1090,1013,1563562,21793,2414645,14499900
2885,1065,1047,1562497,21811,2415692,15002900
2886,1070,1107,1561427,21774,2416799,14495100
2887,1068,1125,1560359,21717,2417924,14773200
2888,1094,1115,1559265,21696,2419039,14512600
2889,1056,1009,1558209,21743,2420048,14772900
2890,1102,1114,1557107,21731,2421162,14380300
2891,1080,1127,1556027,21684,2422289,14373800
2892,1062,1107,1554965,21639,2423396,14328800
2893,1034,1040,1553931,21633,2424436,14499100
2894,1055,1149,1552876,21539,2425585,14510700
2895,1077,1107,1551799,21509,2426692,14521200
2896,1052,1127,1550747,21434,2427819,14725600
2897,1013,1099,1549734,21348,2428918,14961200
2898,1095,1044,1548639,21399,2429962,15913800
2899,1054,1056,1547585,21397,2431018,15158900
2900,1056,1014,1546529,21439,2432032,15661400
2901,1041,1075,1545488,21405,2433107,14718600
2902,1066,1071,1544422,21400,2434178,14808800
2903,1039,1082,1543383,21357,2435260,14869200
2904,1041,1033,1542342,21365,2436293,14650700
2905,1043,1025,1541299,21383,2437318,14980000
2906,1048,1060,1540251,21371,2438378,14673600
2907,1094,1117,1539157,21348,2439495,14390400
2908,1084,1074,1538073,21358,2440569,14420200
2909,1041,1086,1537032,21313,2441655,15053200
2910,1104,1075,1535928,21342,2442730,15425600
2911,1074,1098,1534854,21318,2443828,14936500
2912,1060,1065,1533794,21313,2444893,15088300
2913,1083,1092,1532711,21304,2445985,14430500
2914,1027,1066,1531684,21265,2447051,14432800
2915,1069,1099,1530615,21235,2448150,14621700
2916,1033,1081,1529582,21187,2449231,14883800
2917,1062,1094,1528520,21155,2450325,14948900
2918,1037,1046,1527483,21146,2451371,14645900
2919,1074,1015,1526409,21205,2452386,15006800
2920,1052,1033,1525357,21224,2453419,15549600
2921,1077,1083,1524280,21218,2454502,15212700
2922,1051,1053,1523229,21216,2455555,14766300
2923,1061,1096,1522168,21181,2456651,14869100
2924,1029,1097,1521139,21113,2457748,15941100
2925,1021,1049,1520118,21085,2458797,15584000
2926,1019,1037,1519099,21067,2459834,14579000
2927,1020,1063,1518079,21024,2460897,14620300
2928,1042,990,1517037,21076,2461887,14574500
2929,1109,1044,1515928,21141,2462931,14596200
2930,1080,1078,1514848,21143,2464009,17004000
2931,1048,1066,1513800,21125,2465075,14531900
2932,1032,1053,1512768,21104,2466128,14312900
2933,1030,1072,1511738,21062,2467200,14587000
2934,1046,1085,1510692,21023,2468285,14590300
2935,1093,1085,1509599,21031,2469370,14757000
2936,1023,1074,1508576,20980,2470444,14484500
2937,1054,1060,1507522,20974,2471504,14429800
2938,1028,1047,1506494,20955,2472551,15516300
2939,1022,1009,1505472,20968,2473560,14956800
2940,1055,1030,1504417,20993,2474590,15182100
2941,1016,1057,1503401,20952,2475647,14820300
2942,1035,1048,1502366,20939,2476695,14745300
2943,1042,1076,1501324,20905,2477771,14604100
2944,1008,1022,1500316,20891,2478793,14619000
2945,1039,1021,1499277,20909,2479814,14776600
2946,1082,1019,1498195,20972,2480833,15068600
2947,1056,1009,1497139,21019,2481842,14680200
2948,1082,1069,1496057,21032,2482911,14546500
2949,1064,1012,1494993,21084,2483923,14698800
2950,1109,1079,1493884,21114,2485002,14420500
2951,1103,1057,1492781,21160,2486059,14928900
2952,1024,1055,1491757,21129,2487114,14786000
2953,1069,1091,1490688,21107,2488205,14840800
2954,1032,1060,1489656,21079,2489265,14933500
2955,1046,1008,1488610,21117,2490273,14471300
2956,1036,1051,1487574,21102,2491324,14726500
2957,1039,1059,1486535,21082,2492383,14490000
2958,1031,1022,1485504,21091,2493405,14381000
2959,997,1069,1484507,21019,2494474,14649300
2960,1046,1075,1483461,20990,2495549,14341500
2961,1021,1027,1482440,20984,2496576,14776400
2962,1036,1054,1481404,20966,2497630,14452100
2963,1065,1055,1480339,20976,2498685,14593300
2964,1034,1063,1479305,20947,2499748,14476600
2965,993,1002,1478312,20938,2500750,14518100
2966,1034,1061,1477278,20911,2501811,17464500
2967,1059,1047,1476219,20923,2502858,14461000
2968,996,1059,1475223,20860,2503917,14746000
2969,1107,1053,1474116,20914,2504970,14306600
2970,1036,1075,1473080,20875,2506045,14367200
2971,991,1025,1472089,20841,2507070,17115100
2972,1050,1090,1471039,20801,2508160,16976000
2973,1016,1021,1470023,20796,2509181,15864400
2974,1014,1021,1469009,20789,2510202,16927200
2975,1041,1053,1467968,20777,2511255,16474300
2976,1076,1072,1466892,20781,2512327,14879600
2977,998,1119,1465894,20660,2513446,15025500
2978,1066,1038,1464828,20688,2514484,14715500
2979,1004,1059,1463824,20633,2515543,14666200
2980,1041,1064,1462783,20610,2516607,14676200
2981,1001,1075,1461782,20536,2517682,14733700
2982,1056,1064,1460726,20528,2518746,14680400
2983,1044,1058,1459682,20514,2519804,14648600
2984,1016,1003,1458666,20527,2520807,14542400
2985,1010,1006,1457656,20531,2521813,14511000
2986,1025,976,1456631,20580,2522789,14791300
2987,1017,1043,1455614,20554,2523832,14843100
2988,996,1006,1454618,20544,2524838,14742500
2989,1028,1017,1453590,20555,2525855,14685700
2990,1021,1072,1452569,20504,2526927,14676900
2991,1029,1015,1451540,20518,2527942,14646600
2992,1023,1070,1450517,20471,2529012,14776300
2993,1084,971,1449433,20584,2529983,17540000
2994,1016,1036,1448417,20564,2531019,16865400
2995,1011,977,1447406,20598,2531996,18551800
2996,1020,1066,1446386,20552,2533062,15824900
2997,992,1003,1445394,20541,2534065,15044300
2998,1003,993,1444391,20551,2535058,15092800
2999,988,1040,1443403,20499,2536098,14842500
3000,1037,1031,1442366,20505,2537129,14606900
3001,1037,1018,1441329,20524,2538147,14844500
3002,1012,992,1440317,20544,2539139,14732400
3003,974,990,1439343,20528,2540129,14712700
3004,969,1038,1438374,20459,2541167,14771500
3005,1020,1020,1437354,20459,2542187,15842800
3006,1012,987,1436342,20484,2543174,14990700
3007,1006,978,1435336,20512,2544152,14699300
3008,1013,1001,1434323,20524,2545153,14822300
3009,1028,988,1433295,20564,2546141,15068900
3010,1041,1012,1432254,20593,2547153,14505100
3011,980,1028,1431274,20545,2548181,14220600
3012,1004,1025,1430270,20524,2549206,14287300
3013,1060,980,1429210,20604,2550186,14651300
3014,1014,1019,1428196,20599,2551205,14464200
3015,978,986,1427218,20591,2552191,14634600
3016,999,988,1426219,20602,2553179,14394800
3017,1044,986,1425175,20660,2554165,14853900
3018,1017,1030,1424158,20647,2555195,14432300
3019,1026,1061,1423132,20612,2556256,14829100
3020,1068,981,1422064,20699,2557237,14650100
3021,1042,1078,1421022,20663,2558315,14277500
3022,1012,995,1420010,20680,2559310,14570200
3023,1069,1063,1418941,20686,2560373,14675400
3024,1011,999,1417930,20698,2561372,14621000
3025,1025,1050,1416905,20673,2562422,14292700
3026,983,1025,1415922,20631,2563447,14526600
3027,983,1048,1414939,20566,2564495,14766100
3028,1057,1046,1413882,20577,2565541,14563400
3029,1019,1011,1412863,20585,2566552,14269700
3030,1020,1052,1411843,20553,2567604,14785000
3031,1010,1023,1410833,20540,2568627,14302700
3032,1023,985,1409810,20578,2569612,14257800
3033,1018,1017,1408792,20579,2570629,14667500
3034,1005,1038,1407787,20546,2571667,14550900
3035,1014,1089,1406773,20471,2572756,14442700
3036,1020,1028,1405753,20463,2573784,14521700
3037,1026,1022,1404727,20467,2574806,14563300
3038,987,1004,1403740,20450,2575810,14519600
3039,1025,1006,1402715,20469,2576816,14758100
3040,993,961,1401722,20501,2577777,14490100
3041,1005,1025,1400717,20481,2578802,14613800
3042,953,998,1399764,20436,2579800,14567700
3043,997,1027,1398767,20406,2580827,14537300
3044,966,1028,1397801,20344,2581855,14496100
3045,983,1030,1396818,20297,2582885,14655600
3046,982,1055,1395836,20224,2583940,14631200
3047,978,1001,1394858,20201,2584941,14526600
3048,958,998,1393900,20161,2585939,14498700
3049,977,987,1392923,20151,2586926,14588400
3050,989,1027,1391934,20113,2587953,15535000
3051,970,1024,1390964,20059,2588977,15199300
3052,973,978,1389991,20054,2589955,14960800
3053,946,1032,1389045,19968,2590987,14612300
3054,978,1028,1388067,19918,2592015,14761700
3055,964,985,1387103,19897,2593000,14859100
3056,989,1010,1386114,19876,2594010,14628700
3057,973,1024,1385141,19825,2595034,14614600
3058,949,1026,1384192,19748,2596060,14574500
3059,974,952,1383218,19770,2597012,14598900
3060,946,1005,1382272,19711,2598017,14922800
3061,925,1001,1381347,19635,2599018,15021200
3062,910,995,1380437,19550,2600013,14292200
3063,902,909,1379535,19543,2600922,14515400
3064,914,985,1378621,19472,2601907,14315100
3065,954,982,1377667,19444,2602889,14450800
3066,924,963,1376743,19405,2603852,14479500
3067,975,985,1375768,19395,2604837,14475800
3068,907,939,1374861,19363,2605776,14399200
3069,953,1021,1373908,19295,2606797,14152200
3070,946,1014,1372962,19227,2607811,14627600
3071,945,937,1372017,19235,2608748,14265900
3072,907,953,1371110,19189,2609701,14455500
3073,932,959,1370178,19162,2610660,14583100
3074,938,941,1369240,19159,2611601,14638400
3075,956,929,1368284,19186,2612530,14606600
3076,961,986,1367323,19161,2613516,14625700
3077,976,1011,1366347,19126,2614527,14652400
3078,974,976,1365373,19124,2615503,14763600
3079,984,871,1364389,19237,2616374,14696000
3080,996,956,1363393,19277,2617330,14549400
3081,951,940,1362442,19288,2618270,14626800
3082,933,930,1361509,19291,2619200,16419900
3083,934,947,1360575,19278,2620147,14678800
3084,956,958,1359619,19276,2621105,16562400
3085,901,949,1358718,19228,2622054,15127900
3086,922,964,1357796,19186,2623018,14460400
3087,960,931,1356836,19215,2623949,14469300
3088,1014,944,1355822,19285,2624893,14411300
3089,973,1008,1354849,19250,2625901,14596200
3090,952,975,1353897,19227,2626876,14345300
3091,903,978,1352994,19152,2627854,14301200
3092,942,948,1352052,19146,2628802,14256200
3093,915,977,1351137,19084,2629779,14441600
3094,934,961,1350203,19057,2630740,14208500
3095,879,937,1349324,18999,2631677,14620700
3096,961,991,1348363,18969,2632668,14812500
3097,922,933,1347441,18958,2633601,14184200
3098,941,894,1346500,19005,2634495,14258800
3099,925,943,1345575,18987,2635438,14438100
3100,931,960,1344644,18958,2636398,14776100
3101,908,1018,1343736,18848,2637416,16887300
3102,882,940,1342854,18790,2638356,15941000
3103,947,955,1341907,18782,2639311,14192900
3104,943,979,1340964,18746,2640290,14201300
3105,946,914,1340018,18778,2641204,14288900
3106,906,947,1339112,18737,2642151,14187900
3107,875,908,1338237,18704,2643059,14245500
3108,888,918,1337349,18674,2643977,14194500
3109,903,902,1336446,18675,2644879,14235800
3110,915,976,1335531,18614,2645855,14144800
3111,925,963,1334606,18576,2646818,14207100
3112,924,945,1333682,18555,2647763,14616700
3113,894,917,1332788,18532,2648680,14531100
3114,906,928,1331882,18510,2649608,14164000
3115,867,857,1331015,18520,2650465,14452200
3116,874,959,1330141,18435,2651424,14259400
3117,919,937,1329222,18417,2652361,14541400
3118,885,991,1328337,18311,2653352,14154700
3119,897,918,1327440,18290,2654270,14687100
3120,923,929,1326517,18284,2655199,14409600
3121,904,851,1325613,18337,2656050,14374500
3122,909,911,1324704,18335,2656961,14699600
3123,932,952,1323772,18315,2657913,14439500
3124,894,962,1322878,18247,2658875,14211800
3125,916,903,1321962,18260,2659778,14301400
3126,923,859,1321039,18324,2660637,14290100
3127,883,917,1320156,18290,2661554,14284400
3128,899,945,1319257,18244,2662499,14374800
3129,923,946,1318334,18221,2663445,14383700
3130,902,906,1317432,18217,2664351,14305600
3131,897,876,1316535,18238,2665227,14361600
3132,894,922,1315641,18210,2666149,14697500
3133,879,946,1314762,18143,2667095,14548600
3134,910,919,1313852,18134,2668014,14458800
3135,880,903,1312972,18111,2668917,14168900
3136,925,920,1312047,18116,2669837,14193600
3137,893,892,1311154,18117,2670729,14323900
3138,882,926,1310272,18073,2671655,14656700
3139,876,893,1309396,18056,2672548,14096500
3140,874,868,1308522,18062,2673416,14048900
3141,939,890,1307583,18111,2674306,14151400
3142,891,833,1306692,18169,2675139,14174500
3143,947,875,1305745,18241,2676014,15981700
3144,918,944,1304827,18215,2676958,17412400
3145,893,952,1303934,18156,2677910,15810000
3146,864,922,1303070,18098,2678832,14306000
3147,834,914,1302236,18018,2679746,14732900
3148,874,858,1301362,18034,2680604,14474600
3149,908,850,1300454,18092,2681454,14278700
3150,895,913,1299559,18074,2682367,14184300
3151,835,876,1298724,18033,2683243,14153200
3152,930,834,1297794,18129,2684077,14367400
3153,873,927,1296921,18075,2685004,14238800
3154,919,905,1296002,18089,2685909,14351100
3155,893,900,1295109,18082,2686809,14642800
3156,920,922,1294189,18080,2687731,14509800
3157,873,985,1293316,17968,2688716,14316000
3158,925,874,1292391,18019,2689590,14250900
3159,916,867,1291475,18068,2690457,14381500
3160,897,928,1290578,18037,2691385,14392000
3161,894,908,1289684,18023,2692293,14642200
3162,893,852,1288791,18064,2693145,14292600
3163,892,958,1287899,17998,2694103,16752400
3164,842,889,1287057,17951,2694992,16598700
3165,916,916,1286141,17951,2695908,14575900
3166,903,932,1285238,17922,2696840,14552700
3167,939,937,1284299,17924,2697777,14510400
3168,885,901,1283414,17908,2698678,14323200
3169,873,898,1282541,17883,2699576,14372400
3170,912,910,1281629,17885,2700486,14674700
3171,902,906,1280727,17881,2701392,14572100
3172,853,927,1279874,17807,2702319,14416300
3173,846,902,1279028,17751,2703221,14365000
3174,842,867,1278186,17726,2704088,14259600
3175,856,907,1277330,17675,2704995,14242800
3176,820,895,1276510,17600,2705890,14326800
3177,856,914,1275654,17542,2706804,14416800
3178,865,902,1274789,17505,2707706,14384700
3179,842,880,1273947,17467,2708586,14281600
3180,852,898,1273095,17421,2709484,14298200
3181,832,849,1272263,17404,2710333,14458700
3182,845,914,1271418,17335,2711247,14202400
3183,845,883,1270573,17297,2712130,14305400
3184,850,807,1269723,17340,2712937,14175200
3185,841,907,1268882,17274,2713844,14201500
3186,859,919,1268023,17214,2714763,14197800
3187,830,791,1267193,17253,2715554,14440700
3188,841,879,1266352,17215,2716433,21106900
3189,834,847,1265518,17202,2717280,14737500
3190,854,813,1264664,17243,2718093,14136600
3191,803,864,1263861,17182,2718957,14387800
3192,816,886,1263045,17112,2719843,14496200
3193,834,904,1262211,17042,2720747,14272000
3194,861,850,1261350,17053,2721597,14510200
3195,864,798,1260486,17119,2722395,14011600
3196,788,852,1259698,17055,2723247,14023100
3197,812,884,1258886,16983,2724131,14185000
3198,838,831,1258048,16990,2724962,14193200
3199,807,848,1257241,16949,2725810,19797900
3200,855,882,1256386,16922,2726692,15299700
3201,816,866,1255570,16872,2727558,14371600
3202,847,859,1254723,16860,2728417,14309200
3203,812,866,1253911,16806,2729283,14055100
3204,819,893,1253092,16732,2730176,14550300
3205,811,834,1252281,16709,2731010,14126900
3206,813,902,1251468,16620,2731912,14296500
3207,818,824,1250650,16614,2732736,14262600
3208,844,851,1249806,16607,2733587,14248700
3209,799,805,1249007,16601,2734392,14219700
3210,847,823,1248160,16625,2735215,14306500
3211,804,806,1247356,16623,2736021,14661600
3212,837,807,1246519,16653,2736828,14099900
3213,866,849,1245653,16670,2737677,14221800
3214,796,778,1244857,16688,2738455,14703400
3215,820,856,1244037,16652,2739311,14501400
3216,843,872,1243194,16623,2740183,14426400
3217,799,843,1242395,16579,2741026,14249900
3218,860,833,1241535,16606,2741859,14219700
3219,851,863,1240684,16594,2742722,14033800
3220,814,852,1239870,16556,2743574,14048200
3221,856,821,1239014,16591,2744395,14590600
3222,836,833,1238178,16594,2745228,13972000
3223,847,838,1237331,16603,2746066,14068000
3224,808,828,1236523,16583,2746894,14162900
3225,825,862,1235698,16546,2747756,14164800
3226,888,850,1234810,16584,2748606,14086900
3227,829,793,1233981,16620,2749399,14204600
3228,796,798,1233185,16618,2750197,14250500
3229,845,822,1232340,16641,2751019,14018600
3230,794,849,1231546,16586,2751868,14033800
3231,865,806,1230681,16645,2752674,13995300
3232,865,839,1229816,16671,2753513,14172600
3233,821,859,1228995,16633,2754372,14074200
3234,805,864,1228190,16574,2755236,13996300
3235,821,794,1227369,16601,2756030,14497900
3236,771,804,1226598,16568,2756834,14470900
3237,827,850,1225771,16545,2757684,14026500
3238,784,793,1224987,16536,2758477,13933400
3239,828,836,1224159,16528,2759313,14334700
3240,797,855,1223362,16470,2760168,14239400
3241,802,800,1222560,16472,2760968,14169200
3242,765,801,1221795,16436,2761769,14279600
3243,864,829,1220931,16471,2762598,14433900
3244,806,827,1220125,16450,2763425,14282000
3245,781,813,1219344,16418,2764238,14278700
3246,833,768,1218511,16483,2765006,14164000
3247,788,862,1217723,16409,2765868,14856500
3248,832,776,1216891,16465,2766644,14347800
3249,815,824,1216076,16456,2767468,14185000
3250,827,805,1215249,16478,2768273,14482800
3251,828,833,1214421,16473,2769106,15502800
3252,784,835,1213637,16422,2769941,14609200
3253,818,817,1212819,16423,2770758,16486500
3254,754,847,1212065,16330,2771605,14499400
3255,798,860,1211267,16268,2772465,14316900
3256,767,759,1210500,16276,2773224,14141100
3257,762,796,1209738,16242,2774020,14060900
3258,755,827,1208983,16170,2774847,14081600
3259,797,797,1208186,16170,2775644,14111300
3260,784,819,1207402,16135,2776463,14477800
3261,744,804,1206658,16075,2777267,14359800
3262,778,730,1205880,16123,2777997,14341800
3263,755,807,1205125,16071,2778804,14400900
3264,835,834,1204290,16072,2779638,13896900
3265,779,751,1203511,16100,2780389,13898800
3266,803,822,1202708,16081,2781211,14338700
3267,790,817,1201918,16054,2782028,13953200
3268,770,788,1201148,16036,2782816,14302500
3269,799,760,1200349,16075,2783576,14263500
3270,778,772,1199571,16081,2784348,14275600
3271,802,787,1198769,16096,2785135,14919200
3272,771,810,1197998,16057,2785945,15405100
3273,819,819,1197179,16057,2786764,14881100
3274,819,784,1196360,16092,2787548,14635300
3275,871,803,1195489,16160,2788351,14858100
3276,779,794,1194710,16145,2789145,15559000
3277,768,827,1193942,16086,2789972,15283100
3278,848,805,1193094,16129,2790777,14580500
3279,820,726,1192274,16223,2791503,14371200
3280,832,789,1191442,16266,2792292,14640100
3281,814,858,1190628,16222,2793150,15400800
3282,803,808,1189825,16217,2793958,17095500
3283,760,754,1189065,16223,2794712,22312600
3284,835,811,1188230,16247,2795523,17861000
3285,824,877,1187406,16194,2796400,25020900
3286,810,899,1186596,16105,2797299,19958600
3287,773,795,1185823,16083,2798094,19432000
3288,781,851,1185042,16013,2798945,21795600
3289,738,789,1184304,15962,2799734,20340800
3290,783,810,1183521,15935,2800544,27397700
3291,777,810,1182744,15902,2801354,27160100
3292,774,811,1181970,15865,2802165,29836400
3293,761,798,1181209,15828,2802963,53179700
3294,791,796,1180418,15823,2803759,29923000
3295,723,806,1179695,15740,2804565,26109800
3296,756,860,1178939,15636,2805425,29577600
3297,789,773,1178150,15652,2806198,39383800
3298,756,796,1177394,15612,2806994,31302800
3299,780,779,1176614,15613,2807773,23091400
3300,781,772,1175833,15622,2808545,23197200
3301,737,811,1175096,15548,2809356,21100500
3302,713,787,1174383,15474,2810143,18904200
3303,797,779,1173586,15492,2810922,15974900
3304,817,789,1172769,15520,2811711,16252500
3305,787,773,1171982,15534,2812484,14839800
3306,788,798,1171194,15524,2813282,14847800
3307,762,748,1170432,15538,2814030,14320700
3308,783,795,1169649,15526,2814825,14421300
3309,798,790,1168851,15534,2815615,15233600
3310,797,773,1168054,15558,2816388,14632500
3311,762,776,1167292,15544,2817164,14265400
3312,797,732,1166495,15609,2817896,15837100
3313,776,794,1165719,15591,2818690,15027400
3314,762,805,1164957,15548,2819495,14505600
3315,814,775,1164143,15587,2820270,14947000
3316,819,791,1163324,15615,2821061,15333800
3317,782,795,1162542,15602,2821856,15915100
3318,787,802,1161755,15587,2822658,14829900
3319,741,787,1161014,15541,2823445,14713300
3320,813,754,1160201,15600,2824199,14348900
3321,830,797,1159371,15633,2824996,14195300
3322,847,764,1158524,15716,2825760,14304700
3323,775,799,1157749,15692,2826559,14079500
3324,789,775,1156960,15706,2827334,14236600
3325,807,772,1156153,15741,2828106,13991800
3326,875,815,1155278,15801,2828921,14108900
3327,807,770,1154471,15838,2829691,14189200
3328,766,802,1153705,15802,2830493,14566700
3329,813,815,1152892,15800,2831308,13990200
3330,816,790,1152076,15826,2832098,14352100
3331,770,804,1151306,15792,2832902,14305600
3332,792,808,1150514,15776,2833710,14666200
3333,811,782,1149703,15805,2834492,15050400
3334,837,801,1148866,15841,2835293,14591100
3335,800,792,1148066,15849,2836085,14682200
3336,766,826,1147300,15789,2836911,14428800
3337,747,806,1146553,15730,2837717,14827800
3338,791,795,1145762,15726,2838512,14513100
3339,724,799,1145038,15651,2839311,14400300
3340,737,787,1144301,15601,2840098,14263300
3341,781,804,1143520,15578,2840902,14383700
3342,751,787,1142769,15542,2841689,14328800
3343,823,806,1141946,15559,2842495,14098800
3344,752,747,1141194,15564,2843242,14158900
3345,753,747,1140441,15570,2843989,15033900
3346,755,782,1139686,15543,2844771,15725200
3347,755,762,1138931,15536,2845533,15385200
3348,793,742,1138138,15587,2846275,17126000
3349,785,792,1137353,15580,2847067,14649400
3350,796,765,1136557,15611,2847832,14421600
3351,784,799,1135773,15596,2848631,14845800
3352,830,764,1134943,15662,2849395,17136900
3353,766,801,1134177,15627,2850196,15203400
3354,740,817,1133437,15550,2851013,15171900
3355,759,764,1132678,15545,2851777,14905200
3356,754,730,1131924,15569,2852507,15661500
3357,707,770,1131217,15506,2853277,15198800
3358,758,780,1130459,15484,2854057,14517900
3359,748,805,1129711,15427,2854862,14647700
3360,776,757,1128935,15446,2855619,14862600
3361,732,775,1128203,15403,2856394,14673900
3362,742,767,1127461,15378,2857161,14790900
3363,761,766,1126700,15373,2857927,14522000
3364,765,730,1125935,15408,2858657,14417400
3365,707,762,1125228,15353,2859419,14609600
3366,768,758,1124460,15363,2860177,14365700
3367,720,757,1123740,15326,2860934,14052600
3368,737,769,1123003,15294,2861703,14056800
3369,786,791,1122217,15289,2862494,14111800
3370,759,734,1121458,15314,2863228,14757900
3371,725,778,1120733,15261,2864006,14375600
3372,714,721,1120019,15254,2864727,14098300
3373,722,761,1119297,15215,2865488,14565200
3374,767,745,1118530,15237,2866233,14185600
3375,746,697,1117784,15286,2866930,14338900
3376,802,796,1116982,15292,2867726,14329500
3377,752,796,1116230,15248,2868522,14280900
3378,756,754,1115474,15250,2869276,14539700
3379,792,798,1114682,15244,2870074,14543200
3380,736,781,1113946,15199,2870855,14218700
3381,757,770,1113189,15186,2871625,14089600
3382,756,727,1112433,15215,2872352,14225600
3383,771,797,1111662,15189,2873149,14417100
3384,780,795,1110882,15174,2873944,15341500
3385,732,740,1110150,15166,2874684,14307000
3386,740,753,1109410,15153,2875437,16588800
3387,722,733,1108688,15142,2876170,13976700
3388,782,735,1107906,15189,2876905,14437500
3389,781,742,1107125,15228,2877647,14265700
3390,763,740,1106362,15251,2878387,15083800
3391,746,748,1105616,15249,2879135,15607600
3392,743,780,1104873,15212,2879915,14816300
3393,750,779,1104123,15183,2880694,14519200
3394,767,795,1103356,15155,2881489,14364300
3395,756,770,1102600,15141,2882259,16000100
3396,766,778,1101834,15129,2883037,14874100
3397,739,726,1101095,15142,2883763,14531500
3398,736,745,1100359,15133,2884508,14429300
3399,769,769,1099590,15133,2885277,15946900
3400,720,802,1098870,15051,2886079,15857200
3401,757,766,1098113,15042,2886845,14209600
3402,739,695,1097374,15086,2887540,15617900
3403,743,768,1096631,15061,2888308,14340300
3404,732,754,1095899,15039,2889062,14161200
3405,730,740,1095169,15029,2889802,14753600
3406,776,748,1094393,15057,2890550,15046400
3407,774,739,1093619,15092,2891289,15433300
3408,789,734,1092830,15147,2892023,15083100
3409,769,715,1092061,15201,2892738,14089000
3410,752,753,1091309,15200,2893491,14233300
3411,710,713,1090599,15197,2894204,13984400
3412,750,760,1089849,15187,2894964,13940400
3413,779,855,1089070,15111,2895819,13950400
3414,743,757,1088327,15097,2896576,14014200
3415,714,752,1087613,15059,2897328,13915000
3416,725,776,1086888,15008,2898104,15589200
3417,737,695,1086151,15050,2898799,15934700
3418,785,789,1085366,15046,2899588,14538300
3419,716,772,1084650,14990,2900360,14636100
3420,767,719,1083883,15038,2901079,14055400
3421,750,727,1083133,15061,2901806,14281600
3422,755,750,1082378,15066,2902556,14142800
3423,746,746,1081632,15066,2903302,14209500
3424,798,772,1080834,15092,2904074,14133800
3425,728,734,1080106,15086,2904808,15782100
3426,755,769,1079351,15072,2905577,13859800
3427,767,731,1078584,15108,2906308,13834900
3428,749,700,1077835,15157,2907008,13769600
3429,779,797,1077056,15139,2907805,13824000
3430,770,792,1076286,15117,2908597,13889000
3431,754,752,1075532,15119,2909349,14554000
3432,704,733,1074828,15090,2910082,14211200
3433,743,750,1074085,15083,2910832,13956500
3434,714,789,1073371,15008,2911621,14299600
3435,689,709,1072682,14988,2912330,14139700
3436,762,699,1071920,15051,2913029,13786500
3437,738,761,1071182,15028,2913790,14302900
3438,763,765,1070419,15026,2914555,14084200
3439,714,750,1069705,14990,2915305,14359200
3440,745,753,1068960,14982,2916058,14114500
3441,733,755,1068227,14960,2916813,14223200
3442,747,693,1067480,15014,2917506,14055400
3443,769,746,1066711,15037,2918252,13876000
3444,780,717,1065931,15100,2918969,13915600
3445,736,703,1065195,15133,2919672,13984500
3446,761,769,1064434,15125,2920441,14340700
3447,728,736,1063706,15117,2921177,13920500
3448,739,703,1062967,15153,2921880,14114000
3449,757,809,1062210,15101,2922689,14322600
3450,718,729,1061492,15090,2923418,14077500
3451,744,723,1060748,15111,2924141,13823700
3452,690,757,1060058,15044,2924898,13805500
3453,749,695,1059309,15098,2925593,13729700
3454,784,737,1058525,15145,2926330,13881200
3455,733,775,1057792,15103,2927105,14253900
3456,715,788,1057077,15030,2927893,14395000
3457,765,753,1056312,15042,2928646,14190300
3458,712,733,1055600,15021,2929379,13987400
3459,690,754,1054910,14957,2930133,13917900
3460,720,735,1054190,14942,2930868,13924900
3461,727,793,1053463,14876,2931661,14372200
3462,744,708,1052719,14912,2932369,13813500
3463,754,764,1051965,14902,2933133,13740500
3464,727,750,1051238,14879,2933883,13876400
3465,705,759,1050533,14825,2934642,13869000
3466,734,731,1049799,14828,2935373,14054400
3467,728,753,1049071,14803,2936126,14161600
3468,737,779,1048334,14761,2936905,13904300
3469,730,722,1047604,14769,2937627,14223800
3470,727,722,1046877,14774,2938349,13943100
3471,681,698,1046196,14757,2939047,14250200
3472,690,725,1045506,14722,2939772,14059300
3473,719,771,1044787,14670,2940543,14048400
3474,681,702,1044106,14649,2941245,14151300
3475,700,715,1043406,14634,2941960,14362900
3476,653,740,1042753,14547,2942700,14307100
3477,719,750,1042034,14516,2943450,14788500
3478,698,682,1041336,14532,2944132,17726800
3479,696,706,1040640,14522,2944838,16869700
3480,710,745,1039930,14487,2945583,14766600
3481,710,704,1039220,14493,2946287,14554600
3482,700,770,1038520,14423,2947057,14434200
3483,695,754,1037825,14364,2947811,14464300
3484,707,735,1037118,14336,2948546,14933900
3485,669,722,1036449,14283,2949268,14200900
3486,678,657,1035771,14304,2949925,14081900
3487,703,667,1035068,14340,2950592,14153800
3488,729,741,1034339,14328,2951333,14243200
3489,711,755,1033628,14284,2952088,14246200
3490,661,688,1032967,14257,2952776,13880600
3491,687,749,1032280,14195,2953525,14031300
3492,667,730,1031613,14132,2954255,13803200
3493,678,704,1030935,14106,2954959,13916200
3494,723,698,1030212,14131,2955657,14021100
3495,672,652,1029540,14151,2956309,13805100
3496,745,680,1028795,14216,2956989,13855400
3497,646,728,1028149,14134,2957717,13873700
3498,694,693,1027455,14135,2958410,13768300
3499,700,671,1026755,14164,2959081,13903200
3500,712,701,1026043,14175,2959782,14010000
3501,696,731,1025347,14140,2960513,14309000
3502,663,653,1024684,14150,2961166,14268600
3503,681,729,1024003,14102,2961895,14997100
3504,668,731,1023335,14039,2962626,15480500
3505,672,661,1022663,14050,2963287,14747900
3506,684,705,1021979,14029,2963992,15231100
3507,649,711,1021330,13967,2964703,14048100
3508,649,682,1020681,13934,2965385,15462200
3509,642,700,1020039,13876,2966085,17150700
3510,708,695,1019331,13889,2966780,15706600
3511,717,696,1018614,13910,2967476,14384700
3512,678,689,1017936,13899,2968165,14373700
3513,678,674,1017258,13903,2968839,14407700
3514,669,726,1016589,13846,2969565,15392000
3515,686,715,1015903,13817,2970280,15866300
3516,694,693,1015209,13818,2970973,14532500
3517,705,696,1014504,13827,2971669,14840600
3518,691,659,1013813,13859,2972328,14856300
3519,676,676,1013137,13859,2973004,14650300
3520,736,751,1012401,13844,2973755,14344100
3521,743,720,1011658,13867,2974475,14338800
3522,695,751,1010963,13811,2975226,14115300
3523,723,706,1010240,13828,2975932,14371500
3524,658,699,1009582,13787,2976631,14440100
3525,691,698,1008891,13780,2977329,14504900
3526,695,718,1008196,13757,2978047,14870700
3527,666,660,1007530,13763,2978707,14754700
3528,663,682,1006867,13744,2979389,15458400
3529,658,644,1006209,13758,2980033,22219500
3530,698,696,1005511,13760,2980729,20389200
3531,687,677,1004824,13770,2981406,18230900
3532,640,713,1004184,13697,2982119,15760200
3533,672,706,1003512,13663,2982825,14775700
3534,676,691,1002836,13648,2983516,19300400
3535,645,674,1002191,13619,2984190,14540400
3536,682,706,1001509,13595,2984896,14966800
3537,626,710,1000883,13511,2985606,16913400
3538,616,694,1000267,13433,2986300,14728600
3539,650,686,999617,13397,2986986,16400500
3540,663,664,998954,13396,2987650,14842100
3541,675,690,998279,13381,2988340,14391500
3542,636,717,997643,13300,2989057,14694800
3543,665,700,996978,13265,2989757,14862900
3544,643,629,996335,13279,2990386,14429500
3545,666,664,995669,13281,2991050,13880900
3546,698,668,994971,13311,2991718,14221200
3547,638,673,994333,13276,2992391,14500500
3548,659,631,993674,13304,2993022,14277900
3549,662,691,993012,13275,2993713,14099800
3550,627,702,992385,13200,2994415,14396600
3551,637,636,991748,13201,2995051,14028600
3552,671,670,991077,13202,2995721,13840600
3553,595,652,990482,13145,2996373,13765700
3554,605,646,989877,13104,2997019,13934800
3555,630,651,989247,13083,2997670,13930500
3556,643,643,988604,13083,2998313,13888100
3557,669,633,987935,13119,2998946,13941400
3558,623,680,987312,13062,2999626,14174400
3559,648,674,986664,13036,3000300,13956600
3560,646,622,986018,13060,3000922,13832800
3561,615,691,985403,12984,3001613,14203300
3562,645,646,984758,12983,3002259,14348400
3563,681,657,984077,13007,3002916,14401700
3564,626,664,983451,12969,3003580,14283000
3565,652,668,982799,12953,3004248,14213800
3566,656,653,982143,12956,3004901,14109200
3567,671,603,981472,13024,3005504,13630800
3568,687,594,980785,13117,3006098,17185200
3569,711,637,980074,13191,3006735,15880900
3570,661,633,979413,13219,3007368,17058900
3571,730,661,978683,13288,3008029,17008500
3572,657,624,978026,13321,3008653,15389000
3573,709,682,977317,13348,3009335,15110600
3574,703,673,976614,13378,3010008,15203700
3575,696,723,975918,13351,3010731,14713800
3576,640,664,975278,13327,3011395,14133500
3577,681,645,974597,13363,3012040,14220000
3578,660,648,973937,13375,3012688,15493700
3579,717,695,973220,13397,3013383,14549900
3580,670,669,972550,13398,3014052,14480300
3581,675,670,971875,13403,3014722,14250100
3582,687,697,971188,13393,3015419,13936200
3583,700,677,970488,13416,3016096,15197700
3584,658,655,969830,13419,3016751,14056600
3585,685,644,969145,13460,3017395,14444300
3586,689,686,968456,13463,3018081,14406600
3587,661,617,967795,13507,3018698,14076300
3588,629,651,967166,13485,3019349,14028900
3589,686,737,966480,13434,3020086,14384000
3590,658,686,965822,13406,3020772,14335200
3591,679,699,965143,13386,3021471,14440600
3592,662,667,964481,13381,3022138,14381400
3593,618,658,963863,13341,3022796,14636700
3594,653,657,963210,13337,3023453,14609800
3595,649,725,962561,13261,3024178,15092800
3596,640,619,961921,13282,3024797,14645600
3597,607,662,961314,13227,3025459,15414800
3598,675,676,960639,13226,3026135,15422200
3599,632,698,960007,13160,3026833,14076200
3600,640,653,959367,13147,3027486,14479000
3601,628,643,958739,13132,3028129,14356700
3602,663,631,958076,13164,3028760,15304700
3603,655,654,957421,13165,3029414,14094600
3604,663,695,956758,13133,3030109,14361200
3605,611,654,956147,13090,3030763,14162200
3606,630,668,955517,13052,3031431,14113100
3607,640,669,954877,13023,3032100,14322500
3608,588,624,954289,12987,3032724,15696400
3609,634,669,953655,12952,3033393,14740100
3610,644,634,953011,12962,3034027,13958100
3611,642,681,952369,12923,3034708,14024000
3612,630,642,951739,12911,3035350,14057600
3613,630,605,951109,12936,3035955,13793400
3614,634,664,950475,12906,3036619,13993500
3615,648,623,949827,12931,3037242,14396600
3616,609,638,949218,12902,3037880,14597800
3617,651,610,948567,12943,3038490,14040300
3618,616,641,947951,12918,3039131,14368600
3619,636,645,947315,12909,3039776,14215900
3620,645,657,946670,12897,3040433,14360800
3621,665,615,946005,12947,3041048,14620100
3622,631,662,945374,12916,3041710,14328000
3623,648,698,944726,12866,3042408,14788800
3624,636,643,944090,12859,3043051,14729700
3625,638,620,943452,12877,3043671,15667900
3626,672,638,942780,12911,3044309,14860400
3627,639,680,942141,12870,3044989,14045400
3628,623,730,941518,12763,3045719,13993700
3629,678,640,940840,12801,3046359,13866000
3630,682,647,940158,12836,3047006,14569800
3631,648,645,939510,12839,3047651,14266500
3632,648,638,938862,12849,3048289,13838100
3633,641,650,938221,12840,3048939,14487800
3634,630,678,937591,12792,3049617,14259400
3635,636,677,936955,12751,3050294,15093500
3636,627,633,936328,12745,3050927,14566700
3637,607,606,935721,12746,3051533,14055900
3638,565,614,935156,12697,3052147,14409400
3639,589,601,934567,12685,3052748,14457300
3640,610,624,933957,12671,3053372,14177200
3641,591,615,933366,12647,3053987,15532100
3642,610,678,932756,12579,3054665,14266400
3643,612,606,932144,12585,3055271,14082600
3644,621,642,931523,12564,3055913,14332300
3645,639,637,930884,12566,3056550,14469800
3646,598,578,930286,12586,3057128,14119700
3647,621,641,929665,12566,3057769,14274100
3648,613,627,929052,12552,3058396,14060800
3649,621,621,928431,12552,3059017,14159600
3650,634,646,927797,12540,3059663,14053400
3651,647,635,927150,12552,3060298,13804600
3652,647,633,926503,12566,3060931,13902800
3653,660,641,925843,12585,3061572,13599300
3654,611,627,925232,12569,3062199,13926800
3655,613,576,924619,12606,3062775,13796600
3656,638,644,923981,12600,3063419,13735400
3657,658,614,923323,12644,3064033,13676800
3658,648,612,922675,12680,3064645,13832900
3659,614,640,922061,12654,3065285,13896100
3660,637,594,921424,12697,3065879,14094900
3661,658,632,920766,12723,3066511,14042900
3662,628,622,920138,12729,3067133,13995900
3663,620,627,919518,12722,3067760,13934400
3664,612,617,918906,12717,3068377,13962200
3665,597,610,918309,12704,3068987,13958500
3666,614,642,917695,12676,3069629,14051500
3667,687,625,917008,12738,3070254,13633700
3668,615,651,916393,12702,3070905,13604400
3669,633,610,915760,12725,3071515,13821700
3670,648,639,915112,12734,3072154,14019100
3671,651,660,914461,12725,3072814,13877600
3672,617,626,913844,12716,3073440,14559900
3673,628,625,913216,12719,3074065,14323000
3674,642,641,912574,12720,3074706,14029200
3675,607,579,911967,12748,3075285,14076600
3676,642,627,911325,12763,3075912,13885800
3677,624,664,910701,12723,3076576,14126000
3678,592,644,910109,12671,3077220,14537300
3679,600,657,909509,12614,3077877,14251800
3680,641,665,908868,12590,3078542,13625300
3681,588,674,908280,12504,3079216,13581800
3682,621,650,907659,12475,3079866,13592000
3683,583,604,907076,12454,3080470,13977600
3684,646,639,906430,12461,3081109,13740400
3685,658,632,905772,12487,3081741,13734700
3686,659,615,905113,12531,3082356,14103100
3687,582,651,904531,12462,3083007,13921900
3688,626,636,903905,12452,3083643,14354400
3689,614,619,903291,12447,3084262,14652500
3690,590,657,902701,12380,3084919,13933700
3691,618,678,902083,12320,3085597,13779500
3692,649,631,901434,12338,3086228,14295800
3693,628,625,900806,12341,3086853,13816700
3694,636,611,900170,12366,3087464,13676100
3695,626,663,899544,12329,3088127,14174800
3696,598,662,898946,12265,3088789,13976400
3697,641,665,898305,12241,3089454,14139100
3698,655,589,897650,12307,3090043,14140800
3699,608,623,897042,12292,3090666,13969900
3700,588,658,896454,12222,3091324,13645300
3701,631,555,895823,12298,3091879,13615900
3702,661,587,895162,12372,3092466,14091800
3703,636,621,894526,12387,3093087,13688000
3704,652,642,893874,12397,3093729,13680800
3705,645,581,893229,12461,3094310,13838800
3706,655,643,892574,12473,3094953,13691300
3707,618,593,891956,12498,3095546,14593600
3708,634,592,891322,12540,3096138,14265900
3709,626,628,890696,12538,3096766,14049500
3710,639,679,890057,12498,3097445,14358900
3711,605,630,889452,12473,3098075,15441400
3712,657,590,888795,12540,3098665,14094200
3713,617,618,888178,12539,3099283,17573800
3714,625,633,887553,12531,3099916,14663100
3715,623,581,886930,12573,3100497,13959700
3716,606,680,886324,12499,3101177,14162800
3717,639,637,885685,12501,3101814,14382700
3718,664,654,885021,12511,3102468,13979300
3719,605,606,884416,12510,3103074,14199900
3720,613,633,883803,12490,3103707,14033500
3721,636,619,883167,12507,3104326,14359400
3722,603,614,882564,12496,3104940,14386200
3723,639,625,881925,12510,3105565,14563000
3724,639,647,881286,12502,3106212,14106600
3725,605,636,880681,12471,3106848,13832200
3726,628,654,880053,12445,3107502,14103700
3727,648,641,879405,12452,3108143,14173600
3728,612,609,878793,12455,3108752,14225000
3729,613,633,878180,12435,3109385,14271000
3730,642,635,877538,12442,3110020,13823500
3731,651,608,876887,12485,3110628,14392900
3732,653,592,876234,12546,3111220,13982300
3733,629,626,875605,12549,3111846,13944000
3734,615,595,874990,12569,3112441,14351600
3735,638,621,874352,12586,3113062,14227200
3736,646,587,873706,12645,3113649,13968200
3737,616,596,873090,12665,3114245,13935200
3738,617,640,872473,12642,3114885,13728300
3739,646,626,871827,12662,3115511,13800000
3740,642,670,871185,12634,3116181,13938800
3741,616,647,870569,12603,3116828,14052400
3742,627,639,869942,12591,3117467,14138400
3743,592,614,869350,12569,3118081,15102600
3744,643,672,868707,12540,3118753,14406700
3745,602,620,868105,12522,3119373,13865400
3746,628,658,867477,12492,3120031,14005800
3747,618,638,866859,12472,3120669,14025100
3748,608,610,866251,12470,3121279,15370700
3749,601,657,865650,12414,3121936,14289100
3750,613,645,865037,12382,3122581,14237500
3751,630,612,864407,12400,3123193,13981200
3752,588,648,863819,12340,3123841,13903400
3753,607,598,863212,12349,3124439,14055200
3754,587,624,862625,12312,3125063,13807000
3755,583,619,862042,12276,3125682,13984100
3756,617,605,861425,12288,3126287,13847000
3757,601,619,860824,12270,3126906,13854800
3758,582,643,860242,12209,3127549,13803100
3759,609,602,859633,12216,3128151,13739900
3760,583,626,859050,12173,3128777,16822600
3761,583,614,858467,12142,3129391,16192400
3762,579,618,857888,12103,3130009,13996000
3763,578,573,857310,12108,3130582,14099200
3764,608,605,856702,12111,3131187,14037500
3765,602,578,856100,12135,3131765,14416200
3766,635,605,855465,12165,3132370,14576000
3767,601,601,854864,12165,3132971,13901800
3768,590,583,854274,12172,3133554,13951500
3769,615,620,853659,12167,3134174,14015000
3770,624,598,853035,12193,3134772,13855500
3771,616,626,852419,12183,3135398,13615800
3772,568,640,851851,12111,3136038,13813800
3773,572,594,851279,12089,3136632,13551200
3774,581,613,850698,12057,3137245,13649200
3775,627,617,850071,12067,3137862,14183600
3776,543,574,849528,12036,3138436,13982500
3777,545,623,848983,11958,3139059,15170300
3778,571,640,848412,11889,3139699,14504300
3779,612,593,847800,11908,3140292,13623600
3780,587,578,847213,11917,3140870,14214000
3781,552,622,846661,11847,3141492,14175900
3782,562,641,846099,11768,3142133,13882100
3783,580,581,845519,11767,3142714,15700400
3784,560,578,844959,11749,3143292,13558800
3785,578,603,844381,11724,3143895,13597700
3786,630,539,843751,11815,3144434,13720900
3787,605,580,843146,11840,3145014,13843200
3788,597,573,842549,11864,3145587,14454800
3789,581,573,841968,11872,3146160,13957700
3790,585,599,841383,11858,3146759,14015900
3791,544,560,840839,11842,3147319,14086400
3792,593,602,840246,11833,3147921,13662600
3793,529,567,839717,11795,3148488,13734900
3794,564,542,839153,11817,3149030,14157400
3795,532,557,838621,11792,3149587,13689600
3796,572,612,838049,11752,3150199,13792000
3797,549,586,837500,11715,3150785,13870100
3798,584,614,836916,11685,3151399,14228900
3799,564,599,836352,11650,3151998,13817900
3800,563,583,835789,11630,3152581,14190900
3801,585,590,835204,11625,3153171,13825600
3802,558,580,834646,11603,3153751,14083000
3803,555,615,834091,11543,3154366,13974700
3804,545,565,833546,11523,3154931,13911800
3805,527,573,833019,11477,3155504,13855300
3806,589,562,832430,11504,3156066,14013900
3807,546,580,831884,11470,3156646,13790300
3808,564,604,831320,11430,3157250,13836000
3809,573,587,830747,11416,3157837,14380900
3810,551,585,830196,11382,3158422,16444000
3811,581,590,829615,11373,3159012,13992400
3812,576,581,829039,11368,3159593,13960100
3813,589,563,828450,11394,3160156,14115000
3814,594,627,827856,11361,3160783,13991500
3815,576,586,827280,11351,3161369,14803300
3816,629,558,826651,11422,3161927,13825200
3817,569,589,826082,11402,3162516,16565600
3818,599,558,825483,11443,3163074,15068200
3819,596,598,824887,11441,3163672,13841800
3820,562,624,824325,11379,3164296,13960700
3821,578,559,823747,11398,3164855,14007200
3822,565,554,823182,11409,3165409,13977100
3823,613,564,822569,11458,3165973,13514000
3824,549,557,822020,11450,3166530,13665900
3825,591,542,821429,11499,3167072,13860700
3826,552,589,820877,11462,3167661,13975800
3827,592,599,820285,11455,3168260,13837900
3828,581,577,819704,11459,3168837,13487700
3829,581,630,819123,11410,3169467,13726100
3830,511,568,818612,11353,3170035,14030000
3831,588,551,818024,11390,3170586,13698900
3832,589,580,817435,11399,3171166,13967400
3833,571,620,816864,11350,3171786,14142400
3834,564,554,816300,11360,3172340,14369700
3835,558,547,815742,11371,3172887,14178600
3836,559,584,815183,11346,3173471,14046500
3837,581,544,814602,11383,3174015,13943100
3838,533,553,814069,11363,3174568,13645900
3839,565,606,813504,11322,3175174,13813700
3840,488,565,813016,11245,3175739,13597300
3841,585,544,812431,11286,3176283,14290900
3842,526,549,811905,11263,3176832,13568000
3843,549,566,811356,11246,3177398,13913900
3844,514,572,810842,11188,3177970,13511300
3845,537,511,810305,11214,3178481,13848600
3846,517,520,809788,11211,3179001,13864700
3847,552,596,809236,11167,3179597,13416200
3848,564,555,808672,11176,3180152,13917000
3849,552,491,808120,11237,3180643,13625100
3850,542,590,807578,11189,3181233,13613600
3851,539,551,807039,11177,3181784,13525700
3852,567,532,806472,11212,3182316,13685900
3853,549,572,805923,11189,3182888,13753300
3854,573,592,805350,11170,3183480,13555800
3855,539,564,804811,11145,3184044,13492600
3856,586,517,804225,11214,3184561,13442000
3857,565,580,803660,11199,3185141,13518800
3858,552,560,803108,11191,3185701,13540200
3859,575,552,802533,11214,3186253,13498700
3860,534,543,801999,11205,3186796,14032800
3861,529,543,801470,11191,3187339,13522300
3862,553,535,800917,11209,3187874,13527300
3863,561,548,800356,11222,3188422,13878700
3864,531,571,799825,11182,3188993,13497400
3865,522,599,799303,11105,3189592,13443700
3866,547,562,798756,11090,3190154,13457100
3867,569,504,798187,11155,3190658,13447500
3868,530,561,797657,11124,3191219,13489900
3869,552,591,797105,11085,3191810,13479900
3870,542,564,796563,11063,3192374,13473100
3871,533,595,796030,11001,3192969,13813100
3872,563,559,795467,11005,3193528,13639000
3873,555,579,794912,10981,3194107,13840300
3874,570,530,794342,11021,3194637,13818000
3875,562,548,793780,11035,3195185,13778200
3876,540,552,793240,11023,3195737,13867000
3877,551,592,792689,10982,3196329,13850900
3878,573,523,792116,11032,3196852,14688300
3879,535,514,791581,11053,3197366,14115000
3880,509,527,791072,11035,3197893,13611500
3881,553,548,790519,11040,3198441,13760700
3882,582,549,789937,11073,3198990,13531200
3883,528,566,789409,11035,3199556,13975200
3884,510,537,788899,11008,3200093,13578700
3885,530,580,788369,10958,3200673,13548100
3886,576,507,787793,11027,3201180,13532700
3887,561,582,787232,11006,3201762,13504500
3888,574,536,786658,11044,3202298,13925500
3889,537,557,786121,11024,3202855,14134700
3890,532,600,785589,10956,3203455,13906900
3891,530,557,785059,10929,3204012,14185400
3892,509,542,784550,10896,3204554,16568000
3893,540,517,784010,10919,3205071,14087000
3894,535,536,783475,10918,3205607,13909400
3895,530,562,782945,10886,3206169,14102500
3896,528,547,782417,10867,3206716,13960900
3897,527,522,781890,10872,3207238,13824600
3898,541,543,781349,10870,3207781,14084500
3899,504,548,780845,10826,3208329,14432900
3900,520,536,780325,10810,3208865,14002200
3901,515,560,779810,10765,3209425,14047900
3902,525,496,779285,10794,3209921,13629500
3903,529,546,778756,10777,3210467,14453900
3904,541,540,778215,10778,3211007,13567800
3905,528,529,777687,10777,3211536,13938800
3906,535,597,777152,10715,3212133,14034300
3907,506,504,776646,10717,3212637,13587100
3908,498,534,776148,10681,3213171,13605200
3909,515,542,775633,10654,3213713,13887400
3910,530,506,775103,10678,3214219,13578000
3911,484,511,774619,10651,3214730,13560700
3912,462,509,774157,10604,3215239,13772600
3913,475,533,773682,10546,3215772,14058000
3914,509,544,773173,10511,3216316,13819200
3915,494,512,772679,10493,3216828,13732100
3916,497,550,772182,10440,3217378,14631100
3917,487,528,771695,10399,3217906,13710300
3918,481,485,771214,10395,3218391,13863500
3919,500,513,770714,10382,3218904,13596700
3920,483,539,770231,10326,3219443,13608900
3921,492,504,769739,10314,3219947,13458900
3922,478,516,769261,10276,3220463,13821500
3923,472,520,768789,10228,3220983,13516900
3924,524,494,768265,10258,3221477,13771500
3925,477,505,767788,10230,3221982,13812500
3926,442,514,767346,10158,3222496,14059400
3927,523,452,766823,10229,3222948,13714200
3928,501,495,766322,10235,3223443,13539400
3929,513,532,765809,10216,3223975,13414600
3930,458,483,765351,10191,3224458,13693200
3931,482,491,764869,10182,3224949,13768700
3932,492,519,764377,10155,3225468,13731500
3933,471,530,763906,10096,3225998,13808800
3934,473,486,763433,10083,3226484,13739900
3935,497,523,762936,10057,3227007,13793400
3936,496,533,762440,10020,3227540,13998800
3937,488,480,761952,10028,3228020,13413100
3938,475,475,761477,10028,3228495,13321700
3939,470,515,761007,9983,3229010,13835800
3940,486,473,760521,9996,3229483,14015700
3941,488,513,760033,9971,3229996,13731700
3942,481,495,759552,9957,3230491,13763100
3943,445,467,759107,9935,3230958,13616200
3944,450,513,758657,9872,3231471,13707000
3945,485,516,758172,9841,3231987,13428200
3946,448,481,757724,9808,3232468,13662400
3947,395,491,757329,9712,3232959,13913100
3948,415,488,756914,9639,3233447,13608400
3949,433,491,756481,9581,3233938,13565600
3950,474,466,756007,9589,3234404,13778800
3951,426,493,755581,9522,3234897,13719100
3952,466,488,755115,9500,3235385,13821300
3953,461,505,754654,9456,3235890,13657700
3954,424,463,754230,9417,3236353,13899400
3955,440,492,753790,9365,3236845,13794700
3956,455,466,753335,9354,3237311,13691800
3957,440,500,752895,9294,3237811,13668600
3958,443,446,752452,9291,3238257,13532300
3959,472,472,751980,9291,3238729,13841900
3960,431,475,751549,9247,3239204,13837500
3961,461,470,751088,9238,3239674,16398400
3962,428,455,750660,9211,3240129,14750800
3963,441,449,750219,9203,3240578,16040900
3964,477,459,749742,9221,3241037,13605500
3965,473,465,749269,9229,3241502,13715100
3966,459,463,748810,9225,3241965,13437400
3967,488,451,748322,9262,3242416,13671300
3968,447,482,747875,9227,3242898,13696700
3969,459,497,747416,9189,3243395,13476400
3970,443,471,746973,9161,3243866,13706400
3971,490,445,746483,9206,3244311,13553400
3972,460,448,746023,9218,3244759,13402900
3973,465,446,745558,9237,3245205,13392000
3974,440,442,745118,9235,3245647,13461300
3975,425,436,744693,9224,3246083,13434200
3976,441,478,744252,9187,3246561,13483800
3977,467,452,743785,9202,3247013,13634300
3978,446,457,743339,9191,3247470,13928600
3979,464,483,742875,9172,3247953,13878800
3980,461,468,742414,9165,3248421,13890200
3981,437,465,741977,9137,3248886,13609000
3982,418,433,741559,9122,3249319,15751700
3983,458,448,741101,9132,3249767,14348100
3984,464,461,740637,9135,3250228,14284700
3985,453,459,740184,9129,3250687,13720900
3986,454,429,739730,9154,3251116,13653100
3987,440,460,739290,9134,3251576,14017400
3988,459,448,738831,9145,3252024,15185500
3989,488,455,738343,9178,3252479,14661300
3990,466,440,737877,9204,3252919,13728200
3991,504,475,737373,9233,3253394,13345600
3992,457,464,736916,9226,3253858,13278700
3993,464,482,736452,9208,3254340,13552700
3994,437,462,736015,9183,3254802,13385500
3995,440,438,735575,9185,3255240,13410600
3996,444,444,735131,9185,3255684,13746700
3997,467,443,734664,9209,3256127,13722900
3998,443,484,734221,9168,3256611,13601400
3999,463,494,733758,9137,3257105,14742000
4000,406,427,733352,9116,3257532,13804900
4001,395,410,732957,9101,3257942,13470700
4002,422,486,732535,9037,3258428,13618700
4003,463,459,732072,9041,3258887,13482600
4004,411,425,731661,9027,3259312,13645700
4005,407,490,731254,8944,3259802,13866700
4006,437,462,730817,8919,3260264,13675000
4007,474,431,730343,8962,3260695,13760000
4008,421,454,729922,8929,3261149,13799300
4009,451,466,729471,8914,3261615,13680500
4010,455,456,729016,8913,3262071,13373000
4011,420,439,728596,8894,3262510,13507300
4012,407,421,728189,8880,3262931,13471300
4013,429,422,727760,8887,3263353,13750400
4014,427,460,727333,8854,3263813,13763900
4015,436,421,726897,8869,3264234,13604800
4016,395,434,726502,8830,3264668,13794100
4017,433,431,726069,8832,3265099,13418000
4018,443,456,725626,8819,3265555,13373700
4019,402,448,725224,8773,3266003,13266100
4020,446,437,724778,8782,3266440,13321800
4021,414,431,724364,8765,3266871,13318200
4022,417,414,723947,8768,3267285,13316700
4023,413,457,723534,8724,3267742,13412400
4024,395,433,723139,8686,3268175,13709600
4025,395,435,722744,8646,3268610,13411600
4026,407,451,722337,8602,3269061,13379700
4027,417,424,721920,8595,3269485,13459400
4028,400,431,721520,8564,3269916,13378000
4029,417,450,721103,8531,3270366,13259400
4030,398,394,720705,8535,3270760,13273800
4031,437,433,720268,8539,3271193,13361400
4032,453,449,719815,8543,3271642,13792300
4033,403,422,719412,8524,3272064,13556800
4034,437,472,718975,8489,3272536,13597100
4035,446,415,718529,8520,3272951,13539200
4036,422,436,718107,8506,3273387,13444900
4037,431,432,717676,8505,3273819,14334700
4038,434,422,717242,8517,3274241,13897600
4039,429,411,716813,8535,3274652,13525900
4040,452,433,716361,8554,3275085,13468900
4041,413,436,715948,8531,3275521,13466300
4042,422,440,715526,8513,3275961,13885800
4043,443,457,715083,8499,3276418,13570200
4044,449,458,714634,8490,3276876,13879500
4045,435,437,714199,8488,3277313,13796000
4046,447,426,713752,8509,3277739,13802600
4047,431,439,713321,8501,3278178,13564400
4048,426,444,712895,8483,3278622,13575700
4049,449,441,712446,8491,3279063,13764700
4050,417,408,712029,8500,3279471,13406000
4051,442,433,711587,8509,3279904,13452200
4052,447,405,711140,8551,3280309,13417600
4053,458,438,710682,8571,3280747,13458900
4054,434,416,710248,8589,3281163,13688600
4055,467,404,709781,8652,3281567,13444600
4056,458,418,709323,8692,3281985,13764500
4057,465,450,708858,8707,3282435,13771700
4058,491,428,708367,8770,3282863,13749500
4059,479,432,707888,8817,3283295,13699500
4060,521,437,707367,8901,3283732,13686200
4061,458,444,706909,8915,3284176,13969400
4062,422,448,706487,8889,3284624,14168900
4063,456,460,706031,8885,3285084,13697900
4064,452,436,705579,8901,3285520,13646200
4065,431,456,705148,8876,3285976,13712500
4066,436,418,704712,8894,3286394,14359200
4067,444,490,704268,8848,3286884,13879800
4068,429,413,703839,8864,3287297,13677500
4069,420,435,703419,8849,3287732,13576700
4070,405,433,703014,8821,3288165,13619000
4071,455,464,702559,8812,3288629,13526900
4072,425,465,702134,8772,3289094,13724000
4073,424,428,701710,8768,3289522,15068400
4074,466,455,701244,8779,3289977,15171800
4075,430,420,700814,8789,3290397,13625900
4076,475,454,700339,8810,3290851,13510400
4077,400,449,699939,8761,3291300,13294300
4078,440,387,699499,8814,3291687,13627000
4079,416,458,699083,8772,3292145,13653800
4080,431,472,698652,8731,3292617,13605000
4081,398,465,698254,8664,3293082,13625500
4082,415,433,697839,8646,3293515,13341200
4083,447,444,697392,8649,3293959,13564200
4084,464,417,696928,8696,3294376,13253400
4085,426,454,696502,8668,3294830,13295600
4086,439,439,696063,8668,3295269,13915200
4087,436,386,695627,8718,3295655,13575600
4088,464,447,695163,8735,3296102,13554700
4089,406,396,694757,8745,3296498,13568900
4090,415,454,694342,8706,3296952,13657200
4091,417,397,693925,8726,3297349,13741600
4092,407,458,693518,8675,3297807,13548600
4093,432,407,693086,8700,3298214,13586200
4094,426,430,692660,8696,3298644,13606500
4095,425,423,692235,8698,3299067,13591200
4096,432,438,691803,8692,3299505,13700800
4097,401,463,691402,8630,3299968,13654700
4098,427,454,690975,8603,3300422,13612300
4099,451,469,690524,8585,3300891,13521100
4100,415,428,690109,8572,3301319,13584400
4101,437,413,689672,8596,3301732,13631800
4102,394,438,689278,8552,3302170,13813900
4103,392,416,688886,8528,3302586,13736500
4104,417,400,688469,8545,3302986,14021600
4105,415,423,688054,8537,3303409,13835100
4106,412,447,687642,8502,3303856,13677200
4107,423,401,687219,8524,3304257,14051700
4108,401,444,686818,8481,3304701,13719100
4109,402,432,686416,8451,3305133,14453300
4110,429,434,685987,8446,3305567,13710900
4111,388,395,685599,8439,3305962,13700400
4112,405,399,685194,8445,3306361,13619100
4113,383,382,684811,8446,3306743,13437500
4114,425,388,684386,8483,3307131,13489500
4115,425,441,683961,8467,3307572,13453600
4116,377,457,683584,8387,3308029,14040500
4117,407,391,683177,8403,3308420,13639900
4118,393,448,682784,8348,3308868,13370100
4119,384,426,682400,8306,3309294,13852700
4120,400,422,682000,8284,3309716,13876300
4121,371,425,681629,8230,3310141,13778600
4122,373,406,681256,8197,3310547,13405200
4123,403,416,680853,8184,3310963,13317500
4124,389,383,680464,8190,3311346,13442000
4125,384,409,680080,8165,3311755,13318900
4126,372,394,679708,8143,3312149,13293600
4127,401,435,679307,8109,3312584,13282900
4128,374,385,678933,8098,3312969,13766300
4129,372,427,678561,8043,3313396,13253200
4130,351,411,678210,7983,3313807,13240000
4131,367,408,677843,7942,3314215,13153800
4132,399,386,677444,7955,3314601,13354600
4133,396,414,677048,7937,3315015,13734300
4134,409,406,676639,7940,3315421,13618800
4135,375,402,676264,7913,3315823,13297800
4136,415,377,675849,7951,3316200,13328400
4137,398,416,675451,7933,3316616,13242000
4138,402,398,675049,7937,3317014,13202200
4139,423,415,674626,7945,3317429,13421800
4140,414,422,674212,7937,3317851,13240200
4141,410,424,673802,7923,3318275,13558800
4142,396,378,673406,7941,3318653,13278600
4143,401,380,673005,7962,3319033,13643700
4144,382,397,672623,7947,3319430,13240000
4145,387,394,672236,7940,3319824,13274500
4146,403,404,671833,7939,3320228,13825500
4147,384,403,671449,7920,3320631,13834600
4148,374,380,671075,7914,3321011,13283400
4149,387,355,670688,7946,3321366,13206000
4150,379,412,670309,7913,3321778,13276500
4151,403,383,669906,7933,3322161,13688000
4152,384,399,669522,7918,3322560,13602500
4153,404,403,669118,7919,3322963,13653400
4154,409,402,668709,7926,3323365,13379300
4155,396,403,668313,7919,3323768,13572900
4156,379,367,667934,7931,3324135,13301100
4157,445,405,667489,7971,3324540,13351800
4158,363,381,667126,7953,3324921,13651500
4159,402,420,666724,7935,3325341,16352900
4160,408,402,666316,7941,3325743,13831400
4161,379,400,665937,7920,3326143,13756300
4162,401,408,665536,7913,3326551,14052400
4163,425,409,665111,7929,3326960,15809700
4164,369,411,664742,7887,3327371,14135700
4165,408,373,664334,7922,3327744,13474700
4166,389,387,663945,7924,3328131,13513900
4167,390,370,663555,7944,3328501,13421300
4168,377,405,663178,7916,3328906,13375600
4169,402,355,662776,7963,3329261,13340300
4170,402,410,662374,7955,3329671,13735000
4171,412,398,661962,7969,3330069,13203300
4172,415,381,661547,8003,3330450,13443900
4173,392,401,661155,7994,3330851,13269900
4174,408,379,660747,8023,3331230,13316800
4175,434,372,660313,8085,3331602,13319200
4176,403,408,659910,8080,3332010,13305600
4177,392,401,659518,8071,3332411,13307100
4178,381,393,659137,8059,3332804,13377300
4179,417,398,658720,8078,3333202,13581800
4180,385,405,658335,8058,3333607,13749200
4181,381,396,657954,8043,3334003,13768400
4182,453,422,657501,8074,3334425,13668500
4183,369,400,657132,8043,3334825,13763100
4184,422,384,656710,8081,3335209,13305700
4185,390,377,656320,8094,3335586,13499200
4186,377,417,655943,8054,3336003,13601800
4187,397,388,655546,8063,3336391,13569600
4188,386,370,655160,8079,3336761,13347800
4189,387,369,654773,8097,3337130,13260700
4190,400,387,654373,8110,3337517,13250700
4191,416,423,653957,8103,3337940,13319000
4192,406,417,653551,8092,3338357,13242300
4193,401,375,653150,8118,3338732,13529100
4194,391,403,652759,8106,3339135,13661700
4195,437,396,652322,8147,3339531,13592700
4196,406,412,651916,8141,3339943,13533600
4197,425,430,651491,8136,3340373,13246700
4198,407,382,651084,8161,3340755,13199200
4199,369,421,650715,8109,3341176,13545800
4200,419,395,650296,8133,3341571,13455400
4201,385,359,649911,8159,3341930,13615900
4202,384,376,649527,8167,3342306,13789100
4203,400,398,649127,8169,3342704,13525300
4204,421,438,648706,8152,3343142,13685100
4205,415,436,648291,8131,3343578,13187700
4206,426,375,647865,8182,3343953,13274500
4207,418,389,647447,8211,3344342,13436200
4208,397,424,647050,8184,3344766,14325100
4209,438,397,646612,8225,3345163,14878500
4210,424,424,646188,8225,3345587,14833700
4211,419,429,645769,8215,3346016,14014500
4212,386,439,645383,8162,3346455,14432800
4213,388,394,644995,8156,3346849,14080100
4214,395,397,644600,8154,3347246,15032500
4215,416,418,644184,8152,3347664,15224700
4216,369,404,643815,8117,3348068,14700000
4217,392,412,643423,8097,3348480,14534500
4218,392,384,643031,8105,3348864,14281900
4219,368,391,642663,8082,3349255,14523700
4220,359,413,642304,8028,3349668,17428200
4221,374,382,641930,8020,3350050,15673000
4222,417,418,641513,8019,3350468,13821800
4223,390,380,641123,8029,3350848,13452000
4224,392,400,640731,8021,3351248,13553100
4225,401,391,640330,8031,3351639,13312600
4226,368,385,639962,8014,3352024,13620400
4227,405,378,639557,8041,3352402,13317400
4228,375,413,639182,8003,3352815,13754700
4229,417,367,638765,8053,3353182,13523900
4230,406,413,638359,8046,3353595,13279300
4231,401,370,637958,8077,3353965,13387700
4232,381,405,637577,8053,3354370,13335700
4233,356,370,637221,8039,3354740,13278600
4234,378,405,636843,8012,3355145,13242400
4235,373,403,636470,7982,3355548,13670200
4236,410,370,636060,8022,3355918,13773100
4237,406,381,635654,8047,3356299,13549100
4238,425,413,635229,8059,3356712,13655100
4239,381,374,634848,8066,3357086,13879900
4240,408,395,634440,8079,3357481,17096600
4241,402,379,634038,8102,3357860,14395600
4242,381,411,633657,8072,3358271,13409400
4243,409,386,633248,8095,3358657,15613000
4244,371,401,632877,8065,3359058,13588300
4245,423,388,632454,8100,3359446,13634300
4246,381,397,632073,8084,3359843,13877100
4247,365,421,631708,8028,3360264,13888900
4248,386,426,631322,7988,3360690,15088600
4249,390,399,630932,7979,3361089,13887800
4250,353,420,630579,7912,3361509,14088400
4251,358,408,630221,7862,3361917,15073100
4252,378,383,629843,7857,3362300,13907100
4253,396,390,629447,7863,3362690,13820200
4254,401,423,629046,7841,3363113,13994900
4255,391,406,628655,7826,3363519,13966400
4256,368,373,628287,7821,3363892,13723700
4257,372,383,627915,7810,3364275,14011100
4258,351,417,627564,7744,3364692,13810800
4259,336,366,627228,7714,3365058,14951300
4260,377,379,626851,7712,3365437,13969300
4261,354,376,626497,7690,3365813,13306100
4262,365,357,626132,7698,3366170,13520900
4263,339,401,625793,7636,3366571,13351300
4264,351,370,625442,7617,3366941,13667800
4265,362,358,625080,7621,3367299,13577300
4266,361,373,624719,7609,3367672,13709200
4267,385,375,624334,7619,3368047,13697200
4268,326,406,624008,7539,3368453,13942600
4269,361,367,623647,7533,3368820,13240400
4270,400,373,623247,7560,3369193,13631300
4271,359,353,622888,7566,3369546,13614800
4272,377,360,622511,7583,3369906,13605600
4273,367,394,622144,7556,3370300,13792400
4274,371,374,621773,7553,3370674,13981400
4275,378,410,621395,7521,3371084,13376900
4276,348,376,621047,7493,3371460,13803800
4277,378,397,620669,7474,3371857,13320500
4278,350,357,620319,7467,3372214,13586200
4279,375,413,619944,7429,3372627,13629000
4280,334,359,619610,7404,3372986,13483400
4281,355,370,619255,7389,3373356,13606100
4282,354,383,618901,7360,3373739,14491400
4283,338,404,618563,7294,3374143,14141000
4284,335,350,618228,7279,3374493,13323900
4285,356,336,617872,7299,3374829,13369900
4286,345,350,617527,7294,3375179,13494500
4287,362,378,617165,7278,3375557,13251800
4288,356,370,616809,7264,3375927,13761700
4289,384,351,616425,7297,3376278,13426000
4290,338,337,616087,7298,3376615,13311700
4291,360,397,615727,7261,3377012,13624700
4292,360,390,615367,7231,3377402,13672300
4293,338,379,615029,7190,3377781,14439800
4294,357,363,614672,7184,3378144,15580800
4295,334,374,614338,7144,3378518,13681500
4296,329,383,614009,7090,3378901,13280600
4297,335,347,613674,7078,3379248,13255900
4298,330,359,613344,7049,3379607,13577000
4299,317,347,613027,7019,3379954,13307500
4300,373,352,612654,7040,3380306,13570000
4301,395,332,612259,7103,3380638,13726300
4302,341,320,611918,7124,3380958,13661100
4303,358,358,611560,7124,3381316,13420600
4304,345,350,611215,7119,3381666,13535100
4305,375,372,610840,7122,3382038,13424700
4306,364,366,610476,7120,3382404,13519700
4307,347,339,610129,7128,3382743,13195700
4308,366,311,609763,7183,3383054,13141800
4309,373,360,609390,7196,3383414,13565800
4310,339,316,609051,7219,3383730,13199700
4311,343,337,608708,7225,3384067,13139100
4312,362,350,608346,7237,3384417,13214300
4313,382,355,607964,7264,3384772,13217700
4314,380,369,607584,7275,3385141,13246900
4315,360,370,607224,7265,3385511,13639200
4316,361,357,606863,7269,3385868,13153100
4317,386,364,606477,7291,3386232,13103800
4318,353,368,606124,7276,3386600,13546600
4319,364,361,605760,7279,3386961,13318500
4320,389,380,605371,7288,3387341,13158900
4321,364,354,605007,7298,3387695,13193800
4322,385,322,604622,7361,3388017,13232300
4323,339,370,604283,7330,3388387,13226800
4324,387,368,603896,7349,3388755,13181500
4325,362,391,603534,7320,3389146,13603000
4326,360,367,603174,7313,3389513,13982500
4327,345,364,602829,7294,3389877,13550500
4328,358,366,602471,7286,3390243,13422500
4329,366,382,602105,7270,3390625,13525200
4330,374,353,601731,7291,3390978,13733600
4331,341,348,601390,7284,3391326,13432900
4332,355,363,601035,7276,3391689,13392800
4333,401,364,600634,7313,3392053,15197200
4334,363,356,600271,7320,3392409,13836100
4335,367,367,599904,7320,3392776,15911100
4336,374,333,599530,7361,3393109,13900200
4337,351,359,599179,7353,3393468,15650500
4338,360,375,598819,7338,3393843,14517500
4339,362,386,598457,7314,3394229,14647900
4340,353,379,598104,7288,3394608,13430500
4341,393,322,597711,7359,3394930,13439800
4342,379,377,597332,7361,3395307,13322500
4343,356,385,596976,7332,3395692,13349800
4344,343,393,596633,7282,3396085,13479000
4345,362,353,596271,7291,3396438,13544100
4346,353,347,595918,7297,3396785,13701300
4347,396,349,595522,7344,3397134,14672500
4348,354,377,595168,7321,3397511,15644900
4349,371,339,594797,7353,3397850,16036400
4350,395,337,594402,7411,3398187,14418000
4351,384,391,594018,7404,3398578,13704100
4352,380,374,593638,7410,3398952,13820800
4353,358,359,593280,7409,3399311,14944800
4354,378,383,592902,7404,3399694,14371700
4355,393,379,592509,7418,3400073,14038500
4356,380,370,592129,7428,3400443,13723900
4357,372,366,591757,7434,3400809,14308600
4358,350,367,591407,7417,3401176,14300600
4359,395,359,591012,7453,3401535,13804000
4360,376,384,590636,7445,3401919,13282600
4361,351,409,590285,7387,3402328,14656800
4362,379,354,589906,7412,3402682,13851400
4363,375,370,589531,7417,3403052,14063000
4364,364,377,589167,7404,3403429,15789900
4365,353,379,588814,7378,3403808,15775400
4366,377,346,588437,7409,3404154,14935300
4367,370,386,588067,7393,3404540,13836400
4368,371,371,587696,7393,3404911,14761100
4369,390,379,587306,7404,3405290,13496700
4370,382,372,586924,7414,3405662,13390600
4371,344,365,586580,7393,3406027,14188900
4372,351,375,586229,7369,3406402,14807100
4373,395,400,585834,7364,3406802,15143700
4374,364,389,585470,7339,3407191,14363800
4375,385,370,585085,7354,3407561,16533300
4376,394,350,584691,7398,3407911,15108700
4377,373,371,584318,7400,3408282,14034400
4378,339,363,583979,7376,3408645,14332900
4379,361,380,583618,7357,3409025,13392400
4380,361,377,583257,7341,3409402,13678700
4381,377,388,582880,7330,3409790,13616100
4382,372,383,582508,7319,3410173,13159800
4383,346,313,582162,7352,3410486,13391200
4384,377,400,581785,7329,3410886,13216900
4385,378,363,581407,7344,3411249,13602800
4386,379,366,581028,7357,3411615,13743300
4387,370,411,580658,7316,3412026,13557700
4388,335,330,580323,7321,3412356,13453300
4389,399,332,579924,7388,3412688,13286000
4390,384,392,579540,7380,3413080,13265200
4391,376,360,579164,7396,3413440,13399100
4392,386,370,578778,7412,3413810,13536300
4393,365,374,578413,7403,3414184,13396000
4394,377,351,578036,7429,3414535,13550600
4395,370,374,577666,7425,3414909,13752300
4396,379,369,577287,7435,3415278,13539600
4397,341,348,576946,7428,3415626,13392800
4398,358,366,576588,7420,3415992,13580500
4399,377,361,576211,7436,3416353,13676600
4400,372,352,575839,7456,3416705,13541400
4401,384,363,575455,7477,3417068,13493600
4402,368,377,575087,7468,3417445,13211400
4403,389,385,574698,7472,3417830,13455600
4404,377,367,574321,7482,3418197,13378800
4405,392,398,573929,7476,3418595,13189300
4406,404,386,573525,7494,3418981,13402000
4407,380,355,573145,7519,3419336,13625900
4408,376,384,572769,7511,3419720,13320100
4409,366,385,572403,7492,3420105,13353300
4410,384,376,572019,7500,3420481,13306800
4411,358,364,571661,7494,3420845,13531200
4412,350,372,571311,7472,3421217,13468300
4413,360,381,570951,7451,3421598,13370500
4414,369,369,570582,7451,3421967,13641300
4415,352,366,570230,7437,3422333,13357700
4416,348,366,569882,7419,3422699,14113900
4417,347,365,569535,7401,3423064,14059000
4418,377,364,569158,7414,3423428,14193500
4419,351,389,568807,7376,3423817,13674500
4420,323,353,568484,7346,3424170,13906700
4421,315,377,568169,7284,3424547,14094300
4422,327,325,567842,7286,3424872,13715400
4423,352,391,567490,7247,3425263,13377100
4424,338,375,567152,7210,3425638,15341800
4425,315,344,566837,7181,3425982,13460800
4426,333,357,566504,7157,3426339,13131000
4427,333,361,566171,7129,3426700,13446000
4428,364,359,565807,7134,3427059,13341200
4429,364,346,565443,7152,3427405,13272900
4430,343,360,565100,7135,3427765,13349900
4431,342,381,564758,7096,3428146,13149600
4432,329,361,564429,7064,3428507,13166800
4433,366,327,564063,7103,3428834,13568200
4434,347,358,563716,7092,3429192,13610300
4435,339,346,563377,7085,3429538,13105500
4436,368,368,563009,7085,3429906,13502000
4437,341,374,562668,7052,3430280,13232400
4438,341,370,562327,7023,3430650,13684000
4439,350,359,561977,7014,3431009,13771700
4440,350,331,561627,7033,3431340,13570600
4441,349,339,561278,7043,3431679,13221400
4442,361,358,560917,7046,3432037,13092600
4443,346,362,560571,7030,3432399,13540700
4444,402,368,560169,7064,3432767,13456600
4445,355,368,559814,7051,3433135,13544200
4446,382,342,559432,7091,3433477,13621700
4447,352,336,559080,7107,3433813,13779100
4448,355,346,558725,7116,3434159,15167900
4449,307,361,558418,7062,3434520,15881900
4450,344,353,558074,7053,3434873,15070000
4451,345,352,557729,7046,3435225,13678200
4452,342,334,557387,7054,3435559,13858200
4453,338,377,557049,7015,3435936,15490800
4454,369,341,556680,7043,3436277,14512700
4455,358,318,556322,7083,3436595,14198400
4456,365,315,555957,7133,3436910,13968200
4457,326,350,555631,7109,3437260,14299500
4458,345,339,555286,7115,3437599,14382900
4459,322,349,554964,7088,3437948,13417200
4460,305,367,554659,7026,3438315,13650100
4461,325,387,554334,6964,3438702,14594400
4462,362,352,553972,6974,3439054,15067400
4463,330,359,553642,6945,3439413,14933600
4464,348,330,553294,6963,3439743,13782600
4465,350,358,552944,6955,3440101,14487400
4466,310,369,552634,6896,3440470,16094600
4467,333,370,552301,6859,3440840,14919500
4468,335,320,551966,6874,3441160,15145400
4469,346,339,551620,6881,3441499,16066800
4470,325,342,551295,6864,3441841,17738900
4471,327,350,550968,6841,3442191,15173600
4472,343,336,550625,6848,3442527,14080400
4473,354,357,550271,6845,3442884,14331600
4474,357,366,549914,6836,3443250,14190000
4475,331,357,549583,6810,3443607,14558700
4476,332,354,549251,6788,3443961,16723700
4477,340,337,548911,6791,3444298,13402600
4478,356,361,548555,6786,3444659,14065500
4479,358,322,548197,6822,3444981,13860800
4480,349,340,547848,6831,3445321,14700100
4481,346,332,547502,6845,3445653,14288600
4482,327,322,547175,6850,3445975,13879200
4483,316,348,546859,6818,3446323,14169400
4484,331,350,546528,6799,3446673,13562600
4485,300,320,546228,6779,3446993,15393600
4486,351,368,545877,6762,3447361,14126100
4487,348,354,545529,6756,3447715,14234800
4488,365,338,545164,6783,3448053,13262100
4489,333,303,544831,6813,3448356,13146000
4490,354,336,544477,6831,3448692,13205900
4491,342,313,544135,6860,3449005,13453500
4492,383,337,543752,6906,3449342,13117900
4493,344,330,543408,6920,3449672,13759600
4494,314,343,543094,6891,3450015,13884000
4495,362,364,542732,6889,3450379,13709000
4496,322,394,542410,6817,3450773,13412200
4497,352,329,542058,6840,3451102,13755300
4498,300,362,541758,6778,3451464,13999300
4499,316,328,541442,6766,3451792,13671800
4500,353,338,541089,6781,3452130,14218400
4501,352,324,540737,6809,3452454,13921800
4502,328,365,540409,6772,3452819,14386400
4503,301,339,540108,6734,3453158,13698400
4504,324,342,539784,6716,3453500,14254400
4505,338,326,539446,6728,3453826,14449900
4506,324,344,539122,6708,3454170,13560200
4507,319,332,538803,6695,3454502,13595600
4508,346,324,538457,6717,3454826,13409300
4509,324,299,538133,6742,3455125,13402600
4510,316,366,537817,6692,3455491,14070300
4511,311,328,537506,6675,3455819,13389300
4512,369,325,537137,6719,3456144,14105000
4513,329,323,536808,6725,3456467,13633300
4514,306,302,536502,6729,3456769,13144900
4515,319,347,536183,6701,3457116,13338400
4516,354,343,535829,6712,3457459,13552400
4517,368,354,535461,6726,3457813,13357100
4518,347,337,535114,6736,3458150,13416900
4519,320,308,534794,6748,3458458,13517600
4520,325,317,534469,6756,3458775,13223400
4521,303,306,534166,6753,3459081,13121000
4522,317,343,533849,6727,3459424,13112200
4523,342,359,533507,6710,3459783,13427300
4524,365,355,533142,6720,3460138,13120100
4525,334,341,532808,6713,3460479,13721300
4526,333,291,532475,6755,3460770,13357600
4527,316,338,532159,6733,3461108,13754000
4528,347,358,531812,6722,3461466,13222600
4529,344,326,531468,6740,3461792,13359100
4530,340,330,531128,6750,3462122,13383000
4531,348,319,530780,6779,3462441,13293000
4532,338,370,530442,6747,3462811,13452500
4533,314,367,530128,6694,3463178,13823400
4534,298,338,529830,6654,3463516,13178300
4535,323,335,529507,6642,3463851,13423200
4536,310,327,529197,6625,3464178,13165300
4537,305,338,528892,6592,3464516,13209000
4538,298,335,528594,6555,3464851,13263800
4539,302,329,528292,6528,3465180,14244000
4540,306,347,527986,6487,3465527,13618600
4541,294,346,527692,6435,3465873,13290300
4542,332,302,527360,6465,3466175,13251800
4543,292,326,527068,6431,3466501,13298600
4544,314,318,526754,6427,3466819,16592800
4545,300,296,526454,6431,3467115,13993000
4546,325,333,526129,6423,3467448,13826200
4547,334,346,525795,6411,3467794,13388300
4548,325,355,525470,6381,3468149,13515000
4549,295,294,525175,6382,3468443,13351600
4550,354,333,524821,6403,3468776,13531400
4551,322,317,524499,6408,3469093,13451100
4552,315,320,524184,6403,3469413,13355400
4553,288,310,523896,6381,3469723,13357600
4554,290,319,523606,6352,3470042,13430300
4555,322,333,523284,6341,3470375,13151300
4556,358,300,522926,6399,3470675,14515300
4557,311,309,522615,6401,3470984,13804800
4558,336,314,522279,6423,3471298,13168400
4559,332,327,521947,6428,3471625,13565400
4560,312,328,521635,6412,3471953,13502800
4561,313,333,521322,6392,3472286,13367700
4562,316,340,521006,6368,3472626,13841700
4563,325,324,520681,6369,3472950,13218300
4564,339,310,520342,6398,3473260,13363500
4565,328,324,520014,6402,3473584,13267300
4566,287,298,519727,6391,3473882,13350000
4567,349,328,519378,6412,3474210,13161800
4568,331,324,519047,6419,3474534,13066000
4569,306,311,518741,6414,3474845,13351000
4570,306,305,518435,6415,3475150,13574300
4571,332,324,518103,6423,3475474,13403000
4572,359,363,517744,6419,3475837,14183200
4573,328,317,517416,6430,3476154,13908400
4574,339,323,517077,6446,3476477,13594500
4575,297,334,516780,6409,3476811,13405400
4576,339,296,516441,6452,3477107,13468300
4577,295,304,516146,6443,3477411,13651900
4578,306,314,515840,6435,3477725,13688900
4579,304,341,515536,6398,3478066,13976600
4580,316,318,515220,6396,3478384,13450000
4581,317,321,514903,6392,3478705,13713700
4582,317,326,514586,6383,3479031,13455300
4583,285,311,514301,6357,3479342,13602400
4584,315,322,513986,6350,3479664,13340000
4585,316,314,513670,6352,3479978,14376000
4586,357,337,513313,6372,3480315,14230000
4587,310,335,513003,6347,3480650,13681800
4588,300,308,512703,6339,3480958,13632000
4589,294,339,512409,6294,3481297,13573700
4590,303,317,512106,6280,3481614,13493900
4591,291,350,511815,6221,3481964,13438400
4592,322,315,511493,6228,3482279,13813900
4593,351,320,511142,6259,3482599,13635600
4594,337,335,510805,6261,3482934,13350100
4595,312,310,510493,6263,3483244,13320100
4596,334,323,510159,6274,3483567,13366800
4597,328,345,509831,6257,3483912,13504600
4598,312,324,509519,6245,3484236,13139400
4599,318,304,509201,6259,3484540,13167900
4600,328,351,508873,6236,3484891,13398100
4601,326,319,508547,6243,3485210,13140800
4602,300,299,508247,6244,3485509,13572200
4603,340,313,507907,6271,3485822,13412100
4604,317,309,507590,6279,3486131,13383500
4605,319,342,507271,6256,3486473,13429100
4606,330,310,506941,6276,3486783,13647900
4607,331,294,506610,6313,3487077,13097900
4608,323,289,506287,6347,3487366,13039400
4609,314,315,505973,6346,3487681,13087600
4610,334,310,505639,6370,3487991,13042600
4611,339,339,505300,6370,3488330,13231700
4612,317,340,504983,6347,3488670,13522000
4613,315,324,504668,6338,3488994,13399900
4614,306,293,504362,6351,3489287,13410100
4615,334,318,504028,6367,3489605,13399700
4616,302,333,503726,6336,3489938,13281600
4617,321,285,503405,6372,3490223,13238000
4618,312,332,503093,6352,3490555,13522200
4619,343,309,502750,6386,3490864,13372500
4620,349,307,502401,6428,3491171,13397600
4621,327,288,502074,6467,3491459,13258900
4622,333,287,501741,6513,3491746,14229600
4623,341,337,501400,6517,3492083,13440700
4624,321,320,501079,6518,3492403,13110300
4625,320,335,500759,6503,3492738,13168800
4626,330,307,500429,6526,3493045,13487800
4627,328,296,500101,6558,3493341,13369500
4628,329,307,499772,6580,3493648,13329200
4629,314,332,499458,6562,3493980,13170900
4630,362,316,499096,6608,3494296,13359100
4631,360,316,498736,6652,3494612,13457100
4632,315,281,498421,6686,3494893,13037700
4633,334,340,498087,6680,3495233,13198300
4634,330,352,497757,6658,3495585,13301300
4635,294,346,497463,6606,3495931,13477000
4636,306,314,497157,6598,3496245,13578900
4637,331,328,496826,6601,3496573,13446000
4638,314,295,496512,6620,3496868,13485600
4639,313,320,496199,6613,3497188,13187300
4640,296,366,495903,6543,3497554,13341900
4641,338,326,495565,6555,3497880,13483000
4642,320,331,495245,6544,3498211,13092000
4643,299,317,494946,6526,3498528,13138400
4644,326,323,494620,6529,3498851,13363900
4645,334,308,494286,6555,3499159,13102500
4646,309,318,493977,6546,3499477,13135400
4647,320,340,493657,6526,3499817,13380900
4648,315,356,493342,6485,3500173,13168000
4649,311,314,493031,6482,3500487,13494700
4650,293,326,492738,6449,3500813,13084500
4651,295,293,492443,6451,3501106,13016000
4652,300,302,492143,6449,3501408,13692600
4653,285,332,491858,6402,3501740,13257500
4654,347,329,491511,6420,3502069,12948200
4655,319,303,491192,6436,3502372,13292300
4656,306,303,490886,6439,3502675,13024700
4657,305,332,490581,6412,3503007,13006900
4658,313,348,490268,6377,3503355,13085100
4659,323,354,489945,6346,3503709,13300400
4660,310,309,489635,6347,3504018,16616400
4661,307,358,489328,6296,3504376,14505500
4662,301,320,489027,6277,3504696,13251900
4663,328,298,488699,6307,3504994,13259900
4664,301,295,488398,6313,3505289,13626700
4665,297,333,488101,6277,3505622,13292000
4666,292,321,487809,6248,3505943,13313300
4667,301,338,487508,6211,3506281,13416500
4668,309,329,487199,6191,3506610,13059700
4669,289,303,486910,6177,3506913,13594900
4670,309,312,486601,6174,3507225,13763400
4671,313,317,486288,6170,3507542,13320200
4672,270,269,486018,6171,3507811,13679900
4673,304,322,485714,6153,3508133,14331000
4674,312,301,485402,6164,3508434,14278700
4675,260,294,485142,6130,3508728,14067800
4676,261,309,484881,6082,3509037,14576800
4677,304,308,484577,6078,3509345,13651700
4678,277,320,484300,6035,3509665,13712700
4679,296,341,484004,5990,3510006,13531400
4680,313,275,483691,6028,3510281,14009300
4681,280,304,483411,6004,3510585,13757900
4682,287,295,483124,5996,3510880,13523800
4683,324,290,482800,6030,3511170,14028800
4684,310,309,482490,6031,3511479,14062300
4685,299,308,482191,6022,3511787,14030900
4686,321,298,481870,6045,3512085,13993200
4687,308,322,481562,6031,3512407,14902200
4688,332,297,481230,6066,3512704,13665800
4689,318,304,480912,6080,3513008,15830000
4690,302,300,480610,6082,3513308,15204400
4691,325,333,480285,6074,3513641,13759100
4692,323,309,479962,6088,3513950,22899500
4693,335,314,479627,6109,3514264,19649900
4694,304,297,479323,6116,3514561,16102600
4695,296,293,479027,6119,3514854,17524400
4696,288,326,478739,6081,3515180,15726200
4697,321,303,478418,6099,3515483,16116400
4698,285,303,478133,6081,3515786,17235600
4699,331,307,477802,6105,3516093,14170700
4700,298,282,477504,6121,3516375,13973800
4701,315,313,477189,6123,3516688,13956400
4702,306,309,476883,6120,3516997,14036500
4703,310,304,476573,6126,3517301,13965500
4704,318,297,476255,6147,3517598,13953500
4705,289,312,475966,6124,3517910,13588500
4706,310,302,475656,6132,3518212,13676400
4707,310,296,475346,6146,3518508,14341100
4708,334,306,475012,6174,3518814,13925600
4709,292,309,474720,6157,3519123,14007500
4710,327,303,474393,6181,3519426,14055700
4711,309,294,474084,6196,3519720,14111100
4712,319,289,473765,6226,3520009,13436700
4713,329,321,473436,6234,3520330,14821100
4714,303,281,473133,6256,3520611,15036400
4715,319,325,472814,6250,3520936,13832800
4716,313,323,472501,6240,3521259,13822700
4717,308,347,472193,6201,3521606,14022900
4718,343,309,471850,6235,3521915,13766500
4719,336,309,471514,6262,3522224,13756000
4720,339,317,471175,6284,3522541,13867600
4721,322,314,470853,6292,3522855,13723600
4722,307,341,470546,6258,3523196,14977500
4723,287,338,470259,6207,3523534,14272800
4724,319,326,469940,6200,3523860,14089500
4725,310,312,469630,6198,3524172,13491000
4726,291,300,469339,6189,3524472,13516300
4727,327,347,469012,6169,3524819,13950800
4728,291,316,468721,6144,3525135,13666300
4729,325,320,468396,6149,3525455,14431500
4730,337,311,468059,6175,3525766,14159300
4731,330,288,467729,6217,3526054,13692000
4732,323,347,467406,6193,3526401,13873100
4733,318,304,467088,6207,3526705,13684200
4734,295,311,466793,6191,3527016,13258000
4735,299,293,466494,6197,3527309,13344200
4736,298,302,466196,6193,3527611,13487300
4737,272,299,465924,6166,3527910,13681500
4738,293,313,465631,6146,3528223,13266400
4739,279,276,465352,6149,3528499,13173700
4740,289,279,465063,6159,3528778,13554100
4741,293,311,464770,6141,3529089,13601800
4742,288,297,464482,6132,3529386,13345000
4743,287,288,464195,6131,3529674,13244500
4744,304,317,463891,6118,3529991,13366500
4745,276,311,463615,6083,3530302,14520500
4746,268,322,463347,6029,3530624,13687200
4747,308,285,463039,6052,3530909,15308100
4748,286,281,462753,6057,3531190,13381900
4749,285,299,462468,6043,3531489,13723700
4750,263,324,462205,5982,3531813,13175000
4751,300,326,461905,5956,3532139,13195600
4752,300,274,461605,5982,3532413,13501600
4753,284,271,461321,5995,3532684,13709900
4754,308,308,461013,5995,3532992,14183700
4755,280,286,460733,5989,3533278,13846500
4756,309,297,460424,6001,3533575,15088000
4757,290,304,460134,5987,3533879,13442900
4758,276,273,459858,5990,3534152,13516100
4759,316,298,459542,6008,3534450,13646100
4760,311,301,459231,6018,3534751,15732200
4761,288,303,458943,6003,3535054,13825200
4762,303,277,458640,6029,3535331,13699100
4763,274,270,458366,6033,3535601,13800400
4764,302,331,458064,6004,3535932,13553400
4765,277,299,457787,5982,3536231,13793200
4766,315,300,457472,5997,3536531,13378800
4767,303,282,457169,6018,3536813,14187100
4768,303,315,456866,6006,3537128,15928700
4769,320,304,456546,6022,3537432,17153000
4770,315,295,456231,6042,3537727,17011800
4771,282,311,455949,6013,3538038,13555200
4772,278,283,455671,6008,3538321,13259000
4773,314,289,455357,6033,3538610,13060900
4774,294,277,455063,6050,3538887,13114600
4775,277,283,454786,6044,3539170,13128800
4776,300,286,454486,6058,3539456,13017800
4777,297,292,454189,6063,3539748,13758300
4778,288,292,453901,6059,3540040,13366200
4779,292,322,453609,6029,3540362,13384700
4780,297,305,453312,6021,3540667,13530500
4781,273,294,453039,6000,3540961,13179200
4782,294,308,452745,5986,3541269,12981500
4783,330,320,452415,5996,3541589,12909400
4784,288,293,452127,5991,3541882,12929700
4785,302,312,451825,5981,3542194,13003600
4786,320,265,451505,6036,3542459,13134000
4787,276,300,451229,6012,3542759,13216200
4788,312,295,450917,6029,3543054,13350300
4789,312,273,450605,6068,3543327,13068500
4790,321,304,450284,6085,3543631,13073600
4791,312,345,449972,6052,3543976,13084300
4792,295,288,449677,6059,3544264,13217700
4793,320,307,449357,6072,3544571,13405100
4794,318,296,449039,6094,3544867,13093300
4795,284,317,448755,6061,3545184,13381100
4796,334,325,448421,6070,3545509,13071600
4797,299,304,448122,6065,3545813,14453100
4798,302,291,447820,6076,3546104,13093500
4799,287,319,447533,6044,3546423,13230600
4800,316,299,447217,6061,3546722,13242100
4801,316,328,446901,6049,3547050,13045200
4802,304,294,446597,6059,3547344,13135700
4803,290,304,446307,6045,3547648,13184800
4804,303,322,446004,6026,3547970,13236800
4805,331,309,445673,6048,3548279,13311900
4806,330,339,445343,6039,3548618,13379100
4807,286,295,445057,6030,3548913,13506300
4808,300,282,444757,6048,3549195,13466600
4809,278,254,444479,6072,3549449,13228100
4810,271,327,444208,6016,3549776,13471100
4811,294,276,443914,6034,3550052,12940200
4812,287,318,443627,6003,3550370,13129800
4813,274,325,443353,5952,3550695,13029700
4814,288,313,443065,5927,3551008,13053700
4815,286,291,442779,5922,3551299,13126100
4816,252,302,442527,5872,3551601,13230700
4817,270,309,442257,5833,3551910,13745000
4818,297,276,441960,5854,3552186,13061100
4819,298,305,441662,5847,3552491,13337900
4820,276,299,441386,5824,3552790,13464100
4821,252,285,441134,5791,3553075,13702300
4822,286,315,440848,5762,3553390,13129400
4823,248,252,440600,5758,3553642,13074900
4824,288,292,440312,5754,3553934,13348200
4825,269,262,440043,5761,3554196,13124300
4826,307,277,439736,5791,3554473,13032600
4827,269,286,439467,5774,3554759,13767200
4828,274,282,439193,5766,3555041,13729800
4829,267,298,438926,5735,3555339,14736100
4830,300,271,438626,5764,3555610,18960100
4831,277,292,438349,5749,3555902,14840800
4832,272,272,438077,5749,3556174,17173700
4833,304,323,437773,5730,3556497,15990400
4834,284,255,437489,5759,3556752,14986000
4835,229,295,437260,5693,3557047,13673500
4836,268,265,436992,5696,3557312,14130900
4837,262,278,436730,5680,3557590,16240000
4838,314,278,436416,5716,3557868,15312400
4839,280,270,436136,5726,3558138,14140800
4840,293,309,435843,5710,3558447,13791000
4841,260,298,435583,5672,3558745,17798900
4842,280,286,435303,5666,3559031,15122400
4843,289,238,435014,5717,3559269,17210900
4844,281,295,434733,5703,3559564,18699900
4845,267,325,434466,5645,3559889,17504400
4846,276,279,434190,5642,3560168,14176300
4847,266,281,433924,5627,3560449,17366500
4848,271,287,433653,5611,3560736,17338200
4849,289,296,433364,5604,3561032,17852900
4850,287,280,433077,5611,3561312,18445300
4851,264,267,432813,5608,3561579,16407200
4852,241,285,432572,5564,3561864,13950900
4853,264,283,432308,5545,3562147,14163500
4854,273,287,432035,5531,3562434,14089700
4855,239,300,431796,5470,3562734,15305700
4856,249,254,431547,5465,3562988,15948500
4857,276,250,431271,5491,3563238,14522500
4858,275,308,430996,5458,3563546,13688300
4859,258,307,430738,5409,3563853,14012800
4860,250,271,430488,5388,3564124,14014400
4861,265,285,430223,5368,3564409,13523800
4862,246,256,429977,5358,3564665,13448000
4863,258,274,429719,5342,3564939,13607400
4864,243,260,429476,5325,3565199,13604000
4865,262,260,429214,5327,3565459,13333800
4866,249,283,428965,5293,3565742,14054300
4867,278,270,428687,5301,3566012,13424800
4868,267,257,428420,5311,3566269,13289600
4869,257,266,428163,5302,3566535,13525600
4870,276,252,427887,5326,3566787,13388100
4871,257,245,427630,5338,3567032,13313400
4872,259,265,427371,5332,3567297,13272000
4873,268,261,427103,5339,3567558,13525300
4874,282,246,426821,5375,3567804,15211200
4875,257,302,426564,5330,3568106,18333600
4876,240,290,426324,5280,3568396,13348400
4877,256,255,426068,5281,3568651,13396300
4878,270,259,425798,5292,3568910,13546900
4879,261,247,425537,5306,3569157,14215600
4880,254,278,425283,5282,3569435,13995400
4881,238,257,425045,5263,3569692,13822100
4882,250,211,424795,5302,3569903,13382100
4883,241,264,424554,5279,3570167,13371300
4884,244,266,424310,5257,3570433,13450100
4885,272,252,424038,5277,3570685,13265700
4886,251,264,423787,5264,3570949,14002000
4887,275,228,423512,5311,3571177,13606900
4888,274,248,423238,5337,3571425,13449800
4889,261,259,422977,5339,3571684,13783000
4890,281,286,422696,5334,3571970,13556100
4891,244,254,422452,5324,3572224,13378500
4892,287,299,422165,5312,3572523,13438100
4893,255,258,421910,5309,3572781,13160100
4894,258,263,421652,5304,3573044,13033300
4895,278,267,421374,5315,3573311,12988100
4896,239,260,421135,5294,3573571,13036000
4897,249,260,420886,5283,3573831,13035200
4898,294,230,420592,5347,3574061,13283000
4899,246,246,420346,5347,3574307,13438700
4900,254,283,420092,5318,3574590,13253700
4901,267,252,419825,5333,3574842,13076600
4902,244,245,419581,5332,3575087,13861400
4903,274,240,419307,5366,3575327,13850800
4904,264,264,419043,5366,3575591,15878000
4905,223,287,418820,5302,3575878,12996400
4906,251,267,418569,5286,3576145,13117400
4907,257,262,418312,5281,3576407,13477000
4908,255,262,418057,5274,3576669,13056600
4909,270,275,417787,5269,3576944,13054100
4910,281,272,417506,5278,3577216,13079300
4911,253,282,417253,5249,3577498,13250600
4912,257,254,416996,5252,3577752,13386600
4913,260,295,416736,5217,3578047,13340500
4914,235,287,416501,5165,3578334,13023300
4915,257,259,416244,5163,3578593,13290000
4916,275,246,415969,5192,3578839,13317800
4917,269,244,415700,5217,3579083,13111600
4918,279,257,415421,5239,3579340,13251300
4919,272,284,415149,5227,3579624,13613900
4920,274,245,414875,5256,3579869,13479700
4921,260,269,414615,5247,3580138,13149700
4922,305,250,414310,5302,3580388,13104400
4923,289,279,414021,5312,3580667,13383200
4924,249,236,413772,5325,3580903,13116400
4925,263,263,413509,5325,3581166,13330300
4926,288,243,413221,5370,3581409,13284700
4927,262,285,412959,5347,3581694,13356900
4928,279,264,412680,5362,3581958,12966500
4929,297,297,412383,5362,3582255,13193800
4930,276,242,412107,5396,3582497,13368500
4931,260,272,411847,5384,3582769,13183500
4932,236,287,411611,5333,3583056,13359600
4933,263,242,411348,5354,3583298,13144600
4934,255,275,411093,5334,3583573,14573500
4935,256,271,410837,5319,3583844,15776400
4936,250,264,410587,5305,3584108,14102100
4937,239,274,410348,5270,3584382,13199400
4938,274,250,410074,5294,3584632,13260300
4939,268,263,409806,5299,3584895,13142200
4940,252,257,409554,5294,3585152,13225900
4941,264,250,409290,5308,3585402,17279700
4942,280,284,409010,5304,3585686,14028400
4943,269,270,408741,5303,3585956,13861400
4944,279,301,408462,5281,3586257,15250800
4945,285,247,408177,5319,3586504,14102600
4946,264,270,407913,5313,3586774,13074500
4947,252,251,407661,5314,3587025,14594200
4948,267,257,407394,5324,3587282,17593600
4949,262,270,407132,5316,3587552,14325500
4950,263,262,406869,5317,3587814,13007600
4951,254,255,406615,5316,3588069,13042300
4952,266,270,406349,5312,3588339,12985100
4953,276,245,406073,5343,3588584,13020700
4954,264,278,405809,5329,3588862,13146200
4955,238,246,405571,5321,3589108,13083900
4956,244,265,405327,5300,3589373,12956800
4957,244,257,405083,5287,3589630,13217200
4958,244,260,404839,5271,3589890,13098700
4959,250,282,404589,5239,3590172,13005300
4960,243,283,404346,5199,3590455,13052100
4961,242,231,404104,5210,3590686,13014500
4962,245,258,403859,5197,3590944,13041500
4963,231,277,403628,5151,3591221,13430000
4964,259,264,403369,5146,3591485,12953000
4965,251,260,403118,5137,3591745,12885000
4966,231,254,402887,5114,3591999,13111800
4967,272,272,402615,5114,3592271,13041800
4968,240,239,402375,5115,3592510,12952900
4969,258,227,402117,5146,3592737,12921900
4970,261,258,401856,5149,3592995,12998200
4971,250,250,401606,5149,3593245,12914200
4972,273,268,401333,5154,3593513,13297900
4973,275,261,401058,5168,3593774,13047700
4974,242,276,400816,5134,3594050,13393100
4975,258,248,400558,5144,3594298,13012300
4976,269,236,400289,5177,3594534,14225300
4977,207,246,400082,5138,3594780,16379400
4978,252,307,399830,5083,3595087,13266500
4979,244,240,399586,5087,3595327,12917100
4980,247,229,399339,5105,3595556,12906300
4981,259,277,399080,5087,3595833,13768800
4982,243,249,398837,5081,3596082,13406100
4983,273,240,398564,5114,3596322,13326700
4984,274,276,398290,5112,3596598,13297000
4985,273,260,398017,5125,3596858,13300600
4986,250,274,397767,5101,3597132,13313600
4987,248,225,397519,5124,3597357,13316800
4988,247,249,397272,5122,3597606,13191500
4989,244,222,397028,5144,3597828,13232100
4990,252,218,396776,5178,3598046,12974400
4991,279,253,396497,5204,3598299,13209700
4992,240,265,396257,5179,3598564,12909500
4993,250,240,396007,5189,3598804,12903600
4994,253,278,395754,5164,3599082,13089500
4995,236,237,395518,5163,3599319,13391100
4996,257,247,395261,5173,3599566,13037300
4997,255,241,395006,5187,3599807,13105000
4998,226,261,394780,5152,3600068,13029300
4999,273,271,394507,5154,3600339,13122900
5000,228,266,394279,5116,3600605,13069200
5001,265,246,394014,5135,3600851,12976300
5002,258,285,393756,5108,3601136,13006700
5003,244,259,393512,5093,3601395,13098300
5004,256,229,393256,5120,3601624,13012700
5005,248,258,393008,5110,3601882,13476000
5006,250,260,392758,5100,3602142,13412500
5007,254,276,392504,5078,3602418,13053600
5008,248,237,392256,5089,3602655,13195400
5009,268,274,391988,5083,3602929,13070900
5010,260,269,391728,5074,3603198,12999800
5011,241,264,391487,5051,3603462,13098100
5012,275,246,391212,5080,3603708,12934900
5013,274,274,390938,5080,3603982,12958200
5014,261,262,390677,5079,3604244,13213600
5015,245,258,390432,5066,3604502,13300200
5016,305,262,390127,5109,3604764,12961100
5017,263,261,389864,5111,3605025,13040000
5018,244,237,389620,5118,3605262,13055000
5019,271,262,389349,5127,3605524,13235300
5020,265,242,389084,5150,3605766,12842100
5021,248,247,388836,5151,3606013,13122500
5022,273,241,388563,5183,3606254,13024200
5023,232,269,388331,5146,3606523,12860500
5024,261,284,388070,5123,3606807,13138400
5025,239,232,387831,5130,3607039,13197000
5026,275,246,387556,5159,3607285,13086300
5027,250,262,387306,5147,3607547,13150500
5028,236,260,387070,5123,3607807,13138700
5029,254,250,386816,5127,3608057,13251900
5030,257,253,386559,5131,3608310,13493500
5031,221,272,386338,5080,3608582,13181200
5032,231,237,386107,5074,3608819,13885700
5033,249,249,385858,5074,3609068,13916400
5034,268,255,385590,5087,3609323,15298500
5035,246,219,385344,5114,3609542,16640700
5036,252,249,385092,5117,3609791,14636100
5037,240,239,384852,5118,3610030,13073800
5038,257,285,384595,5090,3610315,14914700
5039,239,267,384356,5062,3610582,13249300
5040,267,255,384089,5074,3610837,13287700
5041,232,271,383857,5035,3611108,13004000
5042,224,244,383633,5015,3611352,12948200
5043,240,228,383393,5027,3611580,13024000
5044,243,253,383150,5017,3611833,13482000
5045,253,262,382897,5008,3612095,13301500
5046,251,281,382646,4978,3612376,13434800
5047,215,255,382431,4938,3612631,13075100
5048,212,241,382219,4909,3612872,12855200
5049,238,274,381981,4873,3613146,16641500
5050,238,254,381743,4857,3613400,13616200
5051,196,227,381547,4826,3613627,13393000
5052,224,245,381323,4805,3613872,13436000
5053,233,265,381090,4773,3614137,12991300
5054,237,255,380853,4755,3614392,12933700
5055,219,233,380634,4741,3614625,13338700
5056,219,272,380415,4688,3614897,12943600
5057,254,214,380161,4728,3615111,12945800
5058,234,264,379927,4698,3615375,13156100
5059,224,255,379703,4667,3615630,13299400
5060,223,227,379480,4663,3615857,12987200
5061,231,230,379249,4664,3616087,13146400
5062,209,243,379040,4630,3616330,13352600
5063,247,242,378793,4635,3616572,13246000
5064,218,239,378575,4614,3616811,13390000
5065,255,215,378320,4654,3617026,13424400
5066,206,245,378114,4615,3617271,13308900
5067,239,231,377875,4623,3617502,12877900
5068,228,249,377647,4602,3617751,13188800
5069,246,269,377401,4579,3618020,12787400
5070,228,233,377173,4574,3618253,12818400
5071,226,228,376947,4572,3618481,13374300
5072,217,258,376730,4531,3618739,13335500
5073,217,217,376513,4531,3618956,12950000
5074,217,260,376296,4488,3619216,12883400
5075,230,214,376066,4504,3619430,12836900
5076,214,252,375852,4466,3619682,13037400
5077,224,203,375628,4487,3619885,12950400
5078,223,212,375405,4498,3620097,13042400
5079,214,223,375191,4489,3620320,13103300
5080,203,211,374988,4481,3620531,13091700
5081,218,224,374770,4475,3620755,13004300
5082,228,238,374542,4465,3620993,12924100
5083,231,209,374311,4487,3621202,13056100
5084,226,224,374085,4489,3621426,12961800
5085,249,222,373836,4516,3621648,13275300
5086,235,240,373601,4511,3621888,12998900
5087,242,226,373359,4527,3622114,12878300
5088,225,239,373134,4513,3622353,13113600
5089,212,199,372922,4526,3622552,13171700
5090,247,234,372675,4539,3622786,13301300
5091,223,202,372452,4560,3622988,13083900
5092,243,235,372209,4568,3623223,13065300
5093,235,234,371974,4569,3623457,12939600
5094,267,230,371707,4606,3623687,13055100
5095,231,234,371476,4603,3623921,13075800
5096,236,230,371240,4609,3624151,12890000
5097,254,259,370986,4604,3624410,13432200
5098,246,199,370740,4651,3624609,13533400
5099,228,217,370512,4662,3624826,12911000
5100,246,246,370266,4662,3625072,13190300
5101,225,247,370041,4640,3625319,13486200
5102,228,242,369813,4626,3625561,12902600
5103,244,231,369569,4639,3625792,13373000
5104,238,236,369331,4641,3626028,12953000
5105,242,206,369089,4677,3626234,12906400
5106,223,263,368866,4637,3626497,13173400
5107,230,217,368636,4650,3626714,12864200
5108,217,207,368419,4660,3626921,13188900
5109,213,249,368206,4624,3627170,12978600
5110,234,209,367972,4649,3627379,12989500
5111,242,238,367730,4653,3627617,13020000
5112,227,234,367503,4646,3627851,13050600
5113,237,223,367266,4660,3628074,13459400
5114,250,226,367016,4684,3628300,13187000
5115,258,230,366758,4712,3628530,12892600
5116,256,207,366502,4761,3628737,13044400
5117,217,228,366285,4750,3628965,13242500
5118,238,244,366047,4744,3629209,13218400
5119,218,222,365829,4740,3629431,13099400
5120,222,224,365607,4738,3629655,13310700
5121,225,219,365382,4744,3629874,13399000
5122,246,226,365136,4764,3630100,15856700
5123,231,221,364905,4774,3630321,14195800
5124,255,225,364650,4804,3630546,15210300
5125,225,241,364425,4788,3630787,15277200
5126,223,222,364202,4789,3631009,14946400
5127,240,243,363962,4786,3631252,14337700
5128,225,228,363737,4783,3631480,13699200
5129,225,231,363512,4777,3631711,13376100
5130,200,226,363312,4751,3631937,13296900
5131,230,215,363082,4766,3632152,12977400
5132,208,241,362874,4733,3632393,12847300
5133,252,230,362622,4755,3632623,13182500
5134,228,185,362394,4798,3632808,13099600
5135,234,228,362160,4804,3633036,12875900
5136,248,239,361912,4813,3633275,12837700
5137,248,239,361664,4822,3633514,12964200
5138,217,241,361447,4798,3633755,12953600
5139,210,230,361237,4778,3633985,13203700
5140,225,247,361012,4756,3634232,12955400
5141,223,254,360789,4725,3634486,13041200
5142,212,257,360577,4680,3634743,12890800
5143,227,244,360350,4663,3634987,13064300
5144,198,244,360152,4617,3635231,13013400
5145,226,224,359926,4619,3635455,12999000
5146,218,242,359708,4595,3635697,12919900
5147,214,214,359494,4595,3635911,12939000
5148,228,250,359266,4573,3636161,13226100
5149,229,244,359037,4558,3636405,13033500
5150,225,229,358812,4554,3636634,13252100
5151,228,224,358584,4558,3636858,12897100
5152,213,250,358371,4521,3637108,13015600
5153,245,208,358126,4558,3637316,13041600
5154,209,235,357917,4532,3637551,13044700
5155,244,238,357673,4538,3637789,13095900
5156,238,220,357435,4556,3638009,13166500
5157,245,219,357190,4582,3638228,12905400
5158,240,212,356950,4610,3638440,12955500
5159,227,243,356723,4594,3638683,13040900
5160,222,225,356501,4591,3638908,12985300
5161,215,250,356286,4556,3639158,12894200
5162,218,227,356068,4547,3639385,13049700
5163,239,249,355829,4537,3639634,13413400
5164,230,222,355599,4545,3639856,12873000
5165,228,241,355371,4532,3640097,12835100
5166,204,223,355167,4513,3640320,13101100
5167,216,231,354951,4498,3640551,13196900
5168,218,221,354733,4495,3640772,12968700
5169,231,225,354502,4501,3640997,12922000
5170,234,233,354268,4502,3641230,12877700
5171,208,234,354060,4476,3641464,13119800
5172,228,238,353832,4466,3641702,13142100
5173,223,233,353609,4456,3641935,12964700
5174,220,237,353389,4439,3642172,13627000
5175,215,241,353174,4413,3642413,12842500
5176,203,226,352971,4390,3642639,13393300
5177,226,224,352745,4392,3642863,13493000
5178,214,223,352531,4383,3643086,13767500
5179,198,225,352333,4356,3643311,12954400
5180,211,212,352122,4355,3643523,13308800
5181,218,243,351904,4330,3643766,13445100
5182,209,194,351695,4345,3643960,13134900
5183,200,219,351495,4326,3644179,13166100
5184,207,208,351288,4325,3644387,13002400
5185,213,227,351075,4311,3644614,14087800
5186,222,232,350853,4301,3644846,12954600
5187,214,217,350639,4298,3645063,13084800
5188,215,221,350424,4292,3645284,12938900
5189,212,228,350212,4276,3645512,12927900
5190,195,234,350017,4237,3645746,12938200
5191,212,196,349805,4253,3645942,13114500
5192,208,194,349597,4267,3646136,12947700
5193,212,219,349385,4260,3646355,13239900
5194,214,203,349171,4271,3646558,13202500
5195,229,226,348942,4274,3646784,12923600
5196,190,232,348752,4232,3647016,12928300
5197,198,205,348554,4225,3647221,12817900
5198,191,213,348363,4203,3647434,12924100
5199,231,205,348132,4229,3647639,13007100
5200,231,216,347901,4244,3647855,13268900
5201,213,202,347688,4255,3648057,13213300
5202,222,223,347466,4254,3648280,13201900
5203,207,198,347259,4263,3648478,12945600
5204,219,191,347040,4291,3648669,13099100
5205,210,195,346830,4306,3648864,12996600
5206,203,214,346627,4295,3649078,12934600
5207,231,210,346396,4316,3649288,13033200
5208,243,234,346153,4325,3649522,13950700
5209,209,207,345944,4327,3649729,14143100
5210,230,193,345714,4364,3649922,13478600
5211,206,230,345508,4340,3650152,14645200
5212,212,193,345296,4359,3650345,13559900
5213,233,210,345063,4382,3650555,13346800
5214,203,241,344860,4344,3650796,13049600
5215,234,204,344626,4374,3651000,13043100
5216,195,247,344431,4322,3651247,13107800
5217,240,194,344191,4368,3651441,13252700
5218,217,231,343974,4354,3651672,13122100
5219,226,234,343748,4346,3651906,13412000
5220,193,206,343555,4333,3652112,15011700
5221,223,196,343332,4360,3652308,13218300
5222,200,209,343132,4351,3652517,12927500
5223,188,209,342944,4330,3652726,13353900
5224,210,235,342734,4305,3652961,13469600
5225,203,182,342531,4326,3653143,13095900
5226,190,242,342341,4274,3653385,13314600
5227,217,210,342124,4281,3653595,12909600
5228,212,194,341912,4299,3653789,13612700
5229,213,222,341699,4290,3654011,12957400
5230,218,234,341481,4274,3654245,13132700
5231,200,222,341281,4252,3654467,13305500
5232,195,206,341086,4241,3654673,13258800
5233,220,223,340866,4238,3654896,13044000
5234,205,224,340661,4219,3655120,12825100
5235,216,223,340445,4212,3655343,13110400
5236,214,196,340231,4230,3655539,12808300
5237,232,220,339999,4242,3655759,12871500
5238,230,214,339769,4258,3655973,12884500
5239,220,198,339549,4280,3656171,12889600
5240,215,192,339334,4303,3656363,12932400
5241,235,216,339099,4322,3656579,12911800
5242,203,202,338896,4323,3656781,12843900
5243,217,223,338679,4317,3657004,13187200
5244,222,218,338457,4321,3657222,13001000
5245,243,227,338214,4337,3657449,13465300
5246,211,208,338003,4340,3657657,13353400
5247,220,227,337783,4333,3657884,13087800
5248,199,216,337584,4316,3658100,13029700
5249,222,228,337362,4310,3658328,12820400
5250,245,231,337117,4324,3658559,13165200
5251,211,208,336906,4327,3658767,13251900
5252,224,179,336682,4372,3658946,13081500
5253,200,221,336482,4351,3659167,13138200
5254,216,213,336266,4354,3659380,13082000
5255,208,221,336058,4341,3659601,12932200
5256,204,247,335854,4298,3659848,13191300
5257,209,218,335645,4289,3660066,13152300
5258,207,186,335438,4310,3660252,12923900
5259,216,194,335222,4332,3660446,13201400
5260,211,165,335011,4378,3660611,12806600
5261,228,202,334783,4404,3660813,13162400
5262,263,210,334520,4457,3661023,12982900
5263,258,210,334262,4505,3661233,12815400
5264,229,209,334033,4525,3661442,12864700
5265,213,240,333820,4498,3661682,12901300
5266,201,227,333619,4472,3661909,12788100
5267,223,214,333396,4481,3662123,13029600
5268,241,209,333155,4513,3662332,13980000
5269,228,216,332927,4525,3662548,13083700
5270,225,226,332702,4524,3662774,13467800
5271,231,244,332471,4511,3663018,12937200
5272,212,240,332259,4483,3663258,12954400
5273,237,226,332022,4494,3663484,12884300
5274,247,227,331775,4514,3663711,12942900
5275,209,257,331566,4466,3663968,13047900
5276,222,220,331344,4468,3664188,13126600
5277,199,223,331145,4444,3664411,13075500
5278,217,193,330928,4468,3664604,13035600
5279,216,235,330712,4449,3664839,13175900
5280,226,210,330486,4465,3665049,13391400
5281,242,217,330244,4490,3665266,12889300
5282,227,217,330017,4500,3665483,12952900
5283,219,221,329798,4498,3665704,15642400
5284,195,224,329603,4469,3665928,14630500
5285,213,219,329390,4463,3666147,13187400
5286,227,227,329163,4463,3666374,13003900
5287,190,216,328973,4437,3666590,12926000
5288,210,215,328763,4432,3666805,13181300
5289,210,210,328553,4432,3667015,12845600
5290,222,239,328331,4415,3667254,13057700
5291,209,213,328122,4411,3667467,14984100
5292,221,196,327901,4436,3667663,13167100
5293,204,243,327697,4397,3667906,12919900
5294,193,215,327504,4375,3668121,12856000
5295,211,221,327293,4365,3668342,13744300
5296,205,217,327088,4353,3668559,13361500
5297,221,210,326867,4364,3668769,13474600
5298,215,233,326652,4346,3669002,13237300
5299,201,211,326451,4336,3669213,13756600
5300,204,211,326247,4329,3669424,13440700
5301,184,230,326063,4283,3669654,13324500
5302,211,189,325852,4305,3669843,13665600
5303,196,226,325656,4275,3670069,13009700
5304,215,220,325441,4270,3670289,15644800
5305,198,211,325243,4257,3670500,14090400
5306,211,216,325032,4252,3670716,13918200
5307,197,199,324835,4250,3670915,13124200
5308,200,198,324635,4252,3671113,13362100
5309,212,210,324423,4254,3671323,13017400
5310,197,212,324226,4239,3671535,13017300
5311,184,213,324042,4210,3671748,13438600
5312,211,222,323831,4199,3671970,12830600
5313,181,212,323650,4168,3672182,13176400
5314,181,223,323469,4126,3672405,12865500
5315,209,183,323260,4152,3672588,12774900
5316,204,222,323056,4134,3672810,13216900
5317,182,212,322874,4104,3673022,13148700
5318,213,205,322661,4112,3673227,13478300
5319,208,182,322453,4138,3673409,13336700
5320,201,233,322252,4106,3673642,13510700
5321,185,208,322067,4083,3673850,12937200
5322,196,184,321871,4095,3674034,13288200
5323,200,191,321671,4104,3674225,13170300
5324,211,211,321460,4104,3674436,13286000
5325,231,221,321229,4114,3674657,13188600
5326,205,216,321024,4103,3674873,12867100
5327,225,211,320799,4117,3675084,12901400
5328,214,215,320585,4116,3675299,13641200
5329,228,227,320357,4117,3675526,13757500
5330,217,208,320140,4126,3675734,13757600
5331,197,215,319943,4108,3675949,13182000
5332,193,195,319750,4106,3676144,13265300
5333,223,220,319527,4109,3676364,13241600
5334,202,198,319325,4113,3676562,13268700
5335,207,198,319118,4122,3676760,13032000
5336,220,184,318898,4158,3676944,12915000
5337,200,183,318698,4175,3677127,13336700
5338,206,184,318492,4197,3677311,13236800
5339,206,202,318286,4201,3677513,13277700
5340,198,216,318088,4183,3677729,13226300
5341,200,192,317888,4191,3677921,12982600
5342,225,207,317663,4209,3678128,12861600
5343,225,199,317438,4235,3678327,12927100
5344,209,210,317229,4234,3678537,12968400
5345,220,179,317009,4275,3678716,13085800
5346,202,210,316807,4267,3678926,12961800
5347,204,217,316603,4254,3679143,13003500
5348,207,227,316396,4234,3679370,12847400
5349,203,212,316193,4225,3679582,12971900
5350,217,225,315976,4217,3679807,13336400
5351,214,191,315762,4240,3679998,13606700
5352,236,234,315526,4242,3680232,13692500
5353,209,224,315317,4227,3680456,13664400
5354,218,215,315099,4230,3680671,15743500
5355,204,232,314895,4202,3680903,12921400
5356,230,209,314665,4223,3681112,13359900
5357,214,197,314451,4240,3681309,13109200
5358,228,197,314223,4271,3681506,13258800
5359,226,183,313997,4314,3681689,13459200
5360,219,218,313778,4315,3681907,13314600
5361,197,205,313581,4307,3682112,12973500
5362,219,224,313362,4302,3682336,12844200
5363,208,239,313154,4271,3682575,12930100
5364,202,203,312952,4270,3682778,12971200
5365,231,217,312721,4284,3682995,12963100
5366,191,210,312530,4265,3683205,13008900
5367,216,203,312314,4278,3683408,13457100
5368,211,219,312103,4270,3683627,12982600
5369,217,208,311886,4279,3683835,12987400
5370,196,218,311690,4257,3684053,13121700
5371,225,192,311465,4290,3684245,12871000
5372,186,215,311279,4261,3684460,12851000
5373,205,193,311074,4273,3684653,12935200
5374,219,194,310855,4298,3684847,12878700
5375,201,195,310654,4304,3685042,13025700
5376,219,220,310435,4303,3685262,12878900
5377,210,190,310225,4323,3685452,12907100
5378,194,202,310031,4315,3685654,12983100
5379,202,228,309829,4289,3685882,13022800
5380,194,230,309635,4253,3686112,13129700
5381,203,200,309432,4256,3686312,12954500
5382,196,208,309236,4244,3686520,13280300
5383,214,193,309022,4265,3686713,12860400
5384,193,220,308829,4238,3686933,13356900
5385,205,222,308624,4221,3687155,13013500
5386,222,188,308402,4255,3687343,12955400
5387,220,208,308182,4267,3687551,12912500
5388,204,209,307978,4262,3687760,13648900
5389,197,206,307781,4253,3687966,14121200
5390,190,212,307591,4231,3688178,13766900
5391,195,203,307396,4223,3688381,13903200
5392,191,205,307205,4209,3688586,14020200
5393,199,222,307006,4186,3688808,13861900
5394,178,217,306828,4147,3689025,14944000
5395,208,183,306620,4172,3689208,14285600
5396,209,214,306411,4167,3689422,14496700
5397,160,202,306251,4125,3689624,14108100
5398,194,194,306057,4125,3689818,13803000
5399,205,201,305852,4129,3690019,13542000
5400,190,208,305662,4111,3690227,13678200
5401,197,201,305465,4107,3690428,13874800
5402,195,207,305270,4095,3690635,16786000
5403,180,200,305090,4075,3690835,20329400
5404,178,205,304912,4048,3691040,18029200
5405,216,215,304696,4049,3691255,14906900
5406,195,227,304501,4017,3691482,13539000
5407,181,206,304320,3992,3691688,12920000
5408,185,193,304135,3984,3691881,13159000
5409,203,189,303932,3998,3692070,13492500
5410,187,184,303745,4001,3692254,13065400
5411,198,222,303547,3977,3692476,13137600
5412,189,188,303358,3978,3692664,13764500
5413,177,203,303181,3952,3692867,13049300
5414,181,200,303000,3933,3693067,13355700
5415,193,200,302807,3926,3693267,13296900
5416,187,181,302620,3932,3693448,13132200
5417,193,208,302427,3917,3693656,12967700
5418,187,193,302240,3911,3693849,12879700
5419,175,183,302065,3903,3694032,13419000
5420,192,209,301873,3886,3694241,12812000
5421,183,168,301690,3901,3694409,12843400
5422,177,211,301513,3867,3694620,13269500
5423,202,187,301311,3882,3694807,13083100
5424,173,226,301138,3829,3695033,12997200
5425,186,187,300952,3828,3695220,13522600
5426,179,193,300773,3814,3695413,13277600
5427,177,189,300596,3802,3695602,12850400
5428,196,165,300400,3833,3695767,13282700
5429,189,172,300211,3850,3695939,12963500
5430,206,183,300005,3873,3696122,12830200
5431,181,186,299824,3868,3696308,13631700
5432,187,198,299637,3857,3696506,13017300
5433,188,185,299449,3860,3696691,12946400
5434,185,207,299264,3838,3696898,14450400
5435,183,215,299081,3806,3697113,12799700
5436,186,202,298895,3790,3697315,12788000
5437,180,193,298715,3777,3697508,13183000
5438,179,194,298536,3762,3697702,13025700
5439,192,175,298344,3779,3697877,13028500
5440,162,199,298182,3742,3698076,12820800
5441,183,188,297999,3737,3698264,13072600
5442,184,187,297815,3734,3698451,13105900
5443,171,173,297644,3732,3698624,12768800
5444,211,185,297433,3758,3698809,12774200
5445,171,179,297262,3750,3698988,12800500
5446,153,209,297109,3694,3699197,12786700
5447,182,197,296927,3679,3699394,13119000
5448,193,184,296734,3688,3699578,13514800
5449,196,211,296538,3673,3699789,12959000
5450,155,174,296383,3654,3699963,13072400
5451,186,178,296197,3662,3700141,13148800
5452,171,164,296026,3669,3700305,12903600
5453,181,195,295845,3655,3700500,13277200
5454,204,183,295641,3676,3700683,13073800
5455,181,201,295460,3656,3700884,12743800
5456,185,186,295275,3655,3701070,13187500
5457,203,193,295072,3665,3701263,13070300
5458,170,184,294902,3651,3701447,12964600
5459,169,194,294733,3626,3701641,12864800
5460,204,165,294529,3665,3701806,12856000
5461,170,193,294359,3642,3701999,12896200
5462,183,159,294176,3666,3702158,13230100
5463,179,185,293997,3660,3702343,13031100
5464,179,204,293818,3635,3702547,13372300
5465,195,220,293623,3610,3702767,13036700
5466,189,173,293434,3626,3702940,12761500
5467,191,181,293243,3636,3703121,12772100
5468,162,188,293081,3610,3703309,12810600
5469,171,158,292910,3623,3703467,13409400
5470,177,157,292733,3643,3703624,13651600
5471,205,180,292528,3668,3703804,13173800
5472,161,170,292367,3659,3703974,12937800
5473,188,169,292179,3678,3704143,12894400
5474,184,184,291995,3678,3704327,13051800
5475,193,187,291802,3684,3704514,13067100
5476,179,196,291623,3667,3704710,13770300
5477,157,198,291466,3626,3704908,13192700
5478,195,192,291271,3629,3705100,12944200
5479,182,180,291089,3631,3705280,12982300
5480,180,150,290909,3661,3705430,16108500
5481,190,181,290719,3670,3705611,16746600
5482,189,177,290530,3682,3705788,13802000
5483,199,190,290331,3691,3705978,13164400
5484,170,190,290161,3671,3706168,12978900
5485,204,199,289957,3676,3706367,13213900
5486,189,198,289768,3667,3706565,12931300
5487,188,199,289580,3656,3706764,13413500
5488,207,182,289373,3681,3706946,13038700
5489,176,185,289197,3672,3707131,13163700
5490,214,203,288983,3683,3707334,13086200
5491,167,199,288816,3651,3707533,12993800
5492,199,185,288617,3665,3707718,12728500
5493,153,180,288464,3638,3707898,12767000
5494,180,187,288284,3631,3708085,12850500
5495,187,192,288097,3626,3708277,12961900
5496,191,164,287906,3653,3708441,12769300
5497,186,192,287720,3647,3708633,12760300
5498,158,210,287562,3595,3708843,12755000
5499,184,173,287378,3606,3709016,12863300
5500,171,157,287207,3620,3709173,13269000
5501,180,180,287027,3620,3709353,14175600
5502,174,171,286853,3623,3709524,14803600
5503,172,181,286681,3614,3709705,13598600
5504,156,167,286525,3603,3709872,13074400
5505,154,176,286371,3581,3710048,12853000
5506,182,158,286189,3605,3710206,13068000
5507,149,189,286040,3565,3710395,12823600
5508,156,184,285884,3537,3710579,12920500
5509,169,182,285715,3524,3710761,13483000
5510,163,176,285552,3511,3710937,12926400
5511,167,172,285385,3506,3711109,13032700
5512,172,167,285213,3511,3711276,12843400
5513,179,178,285034,3512,3711454,12966200
5514,196,184,284838,3524,3711638,12908200
5515,159,182,284679,3501,3711820,12943100
5516,173,190,284506,3484,3712010,13581600
5517,178,190,284328,3472,3712200,12846400
5518,174,166,284154,3480,3712366,13113500
5519,178,186,283976,3472,3712552,12865800
5520,176,194,283800,3454,3712746,16054700
5521,189,152,283611,3491,3712898,13577100
5522,183,173,283428,3501,3713071,13142700
5523,196,158,283232,3539,3713229,13000100
5524,198,143,283034,3594,3713372,12981700
5525,217,176,282817,3635,3713548,12739300
5526,156,196,282661,3595,3713744,12785700
5527,185,173,282476,3607,3713917,13127400
5528,163,171,282313,3599,3714088,12963200
5529,190,168,282123,3621,3714256,12908500
5530,187,210,281936,3598,3714466,13015600
5531,165,156,281771,3607,3714622,12801300
5532,188,180,281583,3615,3714802,13091800
5533,175,198,281408,3592,3715000,12820000
5534,155,166,281253,3581,3715166,13123700
5535,180,192,281073,3569,3715358,13211600
5536,204,171,280869,3602,3715529,13227100
5537,174,158,280695,3618,3715687,13123300
5538,174,197,280521,3595,3715884,12902600
5539,185,185,280336,3595,3716069,12774900
5540,173,191,280163,3577,3716260,12797100
5541,181,184,279982,3574,3716444,12969300
5542,167,160,279815,3581,3716604,12912500
5543,160,193,279655,3548,3716797,12715600
5544,179,197,279476,3530,3716994,12815800
5545,148,175,279328,3503,3717169,13247300
5546,162,198,279166,3467,3717367,13293600
5547,192,168,278974,3491,3717535,12803200
5548,169,172,278805,3488,3717707,13220300
5549,182,184,278623,3486,3717891,12804100
5550,167,171,278456,3482,3718062,13415800
5551,166,179,278290,3469,3718241,12817900
5552,165,154,278125,3480,3718395,13119900
5553,160,172,277965,3468,3718567,13264300
5554,166,173,277799,3461,3718740,12830200
5555,160,155,277639,3466,3718895,12783900
5556,162,171,277477,3457,3719066,12857000
5557,173,158,277304,3472,3719224,13407700
5558,181,172,277123,3481,3719396,13939900
5559,166,211,276957,3436,3719607,13001100
5560,182,179,276775,3439,3719786,13267800
5561,176,158,276599,3457,3719944,12665500
5562,162,191,276437,3428,3720135,12699100
5563,173,179,276264,3422,3720314,13275800
5564,162,166,276102,3418,3720480,12737100
5565,176,179,275926,3415,3720659,12802300
5566,165,163,275761,3417,3720822,12763200
5567,187,158,275574,3446,3720980,12682900
5568,173,189,275401,3430,3721169,13173800
5569,172,172,275229,3430,3721341,12924600
5570,185,187,275044,3428,3721528,13188000
5571,164,173,274880,3419,3721701,12976600
5572,184,166,274696,3437,3721867,13013400
5573,169,160,274527,3446,3722027,12903600
5574,168,188,274359,3426,3722215,13051200
5575,180,187,274179,3419,3722402,13001000
5576,164,181,274015,3402,3722583,12983100
5577,177,170,273838,3409,3722753,13189600
5578,185,171,273653,3423,3722924,13210900
5579,168,185,273485,3406,3723109,13034600
5580,177,156,273308,3427,3723265,14237400
5581,159,177,273149,3409,3723442,13195600
5582,160,187,272989,3382,3723629,13080700
5583,181,172,272808,3391,3723801,12710600
5584,180,163,272628,3408,3723964,12930900
5585,167,163,272461,3412,3724127,12714500
5586,187,189,272274,3410,3724316,12833300
5587,169,159,272105,3420,3724475,12789900
5588,177,170,271928,3427,3724645,12856900
5589,174,178,271754,3423,3724823,12898300
5590,167,163,271587,3427,3724986,13055200
5591,180,150,271407,3457,3725136,13387100
5592,179,168,271228,3468,3725304,13187200
5593,185,165,271043,3488,3725469,13016500
5594,190,165,270853,3513,3725634,12745400
5595,165,179,270688,3499,3725813,12978200
5596,152,184,270536,3467,3725997,12837000
5597,140,162,270396,3445,3726159,12810000
5598,162,174,270234,3433,3726333,12842900
5599,179,172,270055,3440,3726505,12978900
5600,188,162,269867,3466,3726667,12817700
5601,169,182,269698,3453,3726849,13076500
5602,200,183,269498,3470,3727032,12808700
5603,186,187,269312,3469,3727219,13108500
5604,195,180,269117,3484,3727399,12836300
5605,157,183,268960,3458,3727582,13287000
5606,158,144,268802,3472,3727726,13030600
5607,185,168,268617,3489,3727894,13234200
5608,175,178,268442,3486,3728072,12694800
5609,172,169,268270,3489,3728241,13217900
5610,202,178,268068,3513,3728419,12859100
5611,181,159,267887,3535,3728578,12928300
5612,164,186,267723,3513,3728764,13217200
5613,148,169,267575,3492,3728933,13203100
5614,181,180,267394,3493,3729113,12879900
5615,174,177,267220,3490,3729290,12815900
5616,171,146,267049,3515,3729436,12822600
5617,161,175,266888,3501,3729611,13057500
5618,171,154,266717,3518,3729765,15400500
5619,181,182,266536,3517,3729947,14753500
5620,146,187,266390,3476,3730134,13425700
5621,158,181,266232,3453,3730315,13526100
5622,175,162,266057,3466,3730477,13360700
5623,169,169,265888,3466,3730646,13454100
5624,159,189,265729,3436,3730835,13719700
5625,177,170,265552,3443,3731005,13417100
5626,178,162,265374,3459,3731167,13461800
5627,177,173,265197,3463,3731340,13172700
5628,178,172,265019,3469,3731512,13821100
5629,182,177,264837,3474,3731689,12967800
5630,179,159,264658,3494,3731848,13267000
5631,174,181,264484,3487,3732029,13058300
5632,168,155,264316,3500,3732184,12922100
5633,158,172,264158,3486,3732356,13139600
5634,162,158,263996,3490,3732514,13687600
5635,167,182,263829,3475,3732696,13677300
5636,161,194,263668,3442,3732890,13263500
5637,175,156,263493,3461,3733046,12890200
5638,176,152,263317,3485,3733198,12826100
5639,168,188,263149,3465,3733386,12884700
5640,175,182,262974,3458,3733568,13012300
5641,164,160,262810,3462,3733728,13033600
5642,162,193,262648,3431,3733921,13138000
5643,149,168,262499,3412,3734089,12918600
5644,170,165,262329,3417,3734254,12762500
5645,183,173,262146,3427,3734427,13307200
5646,173,157,261973,3443,3734584,13148900
5647,167,174,261806,3436,3734758,13231800
5648,189,165,261617,3460,3734923,13100100
5649,162,176,261455,3446,3735099,13534900
5650,173,184,261282,3435,3735283,13093500
5651,175,188,261107,3422,3735471,12941500
5652,172,166,260935,3428,3735637,13327200
5653,171,154,260764,3445,3735791,13102500
5654,179,179,260585,3445,3735970,13233900
5655,183,178,260402,3450,3736148,13925800
5656,190,162,260212,3478,3736310,14701800
5657,182,166,260030,3494,3736476,12878700
5658,182,182,259848,3494,3736658,12978600
5659,163,178,259685,3479,3736836,13252000
5660,174,181,259511,3472,3737017,13264600
5661,173,164,259338,3481,3737181,15007800
5662,181,173,259157,3489,3737354,14803600
5663,184,165,258973,3508,3737519,13354500
5664,171,171,258802,3508,3737690,13221600
5665,185,161,258617,3532,3737851,13007700
5666,178,166,258439,3544,3738017,13349400
5667,164,171,258275,3537,3738188,13186300
5668,154,163,258121,3528,3738351,13339800
5669,189,176,257932,3541,3738527,13227300
5670,169,172,257763,3538,3738699,12971800
5671,160,186,257603,3512,3738885,12910800
5672,181,163,257422,3530,3739048,13184400
5673,172,164,257250,3538,3739212,13361700
5674,169,203,257081,3504,3739415,13312900
5675,172,169,256909,3507,3739584,13410800
5676,171,159,256738,3519,3739743,12805400
5677,152,167,256586,3504,3739910,12760200
5678,154,178,256432,3480,3740088,13164500
5679,146,163,256286,3463,3740251,12886200
5680,171,176,256115,3458,3740427,12889000
5681,165,188,255950,3435,3740615,13121700
5682,140,164,255810,3411,3740779,12966400
5683,165,185,255645,3391,3740964,12792200
5684,137,158,255508,3370,3741122,12955600
5685,163,153,255345,3380,3741275,13201700
5686,159,153,255186,3386,3741428,12905100
5687,169,166,255017,3389,3741594,14533500
5688,174,181,254843,3382,3741775,13033000
5689,172,161,254671,3393,3741936,14044100
5690,167,178,254504,3382,3742114,14087200
5691,147,165,254357,3364,3742279,14450900
5692,176,184,254181,3356,3742463,13269900
5693,192,180,253989,3368,3742643,13797600
5694,172,177,253817,3363,3742820,14141400
5695,184,165,253633,3382,3742985,13480400
5696,177,186,253456,3373,3743171,13323200
5697,162,181,253294,3354,3743352,13327400
5698,137,185,253157,3306,3743537,13442500
5699,160,154,252997,3312,3743691,13078900
5700,175,179,252822,3308,3743870,16577900
5701,159,175,252663,3292,3744045,13027000
5702,151,162,252512,3281,3744207,13143300
5703,173,169,252339,3285,3744376,13326800
5704,155,176,252184,3264,3744552,13450900
5705,164,170,252020,3258,3744722,13574000
5706,166,145,251854,3279,3744867,13675000
5707,166,175,251688,3270,3745042,13051900
5708,169,127,251519,3312,3745169,12920400
5709,151,176,251368,3287,3745345,13269400
5710,159,167,251209,3279,3745512,13169700
5711,160,166,251049,3273,3745678,13255500
5712,157,193,250892,3237,3745871,13098500
5713,158,165,250734,3230,3746036,13038200
5714,152,158,250582,3224,3746194,12921500
5715,165,142,250417,3247,3746336,13296300
5716,157,153,250260,3251,3746489,12870000
5717,167,163,250093,3255,3746652,12825700
5718,154,154,249939,3255,3746806,13394000
5719,162,158,249777,3259,3746964,12966600
5720,162,161,249615,3260,3747125,12794400
5721,135,179,249480,3216,3747304,12931000
5722,165,177,249315,3204,3747481,12924300
5723,161,155,249154,3210,3747636,12756800
5724,150,156,249004,3204,3747792,12768800
5725,152,165,248852,3191,3747957,12781200
5726,149,166,248703,3174,3748123,12740200
5727,161,149,248542,3186,3748272,13076400
5728,167,174,248375,3179,3748446,13107000
5729,155,176,248220,3158,3748622,13307300
5730,172,175,248048,3155,3748797,16217300
5731,167,148,247881,3174,3748945,15891800
5732,160,166,247721,3168,3749111,12905400
5733,174,161,247547,3181,3749272,14039500
5734,180,172,247367,3189,3749444,12821700
5735,144,164,247223,3169,3749608,13559500
5736,155,177,247068,3147,3749785,13187400
5737,160,143,246908,3164,3749928,12773000
5738,154,135,246754,3183,3750063,13374100
5739,163,157,246591,3189,3750220,13241800
5740,151,141,246440,3199,3750361,12940500
5741,164,150,246276,3213,3750511,12876600
5742,145,134,246131,3224,3750645,12796300
5743,154,162,245977,3216,3750807,12808900
5744,164,169,245813,3211,3750976,12902500
5745,172,160,245641,3223,3751136,13336500
5746,149,167,245492,3205,3751303,13142900
5747,169,168,245323,3206,3751471,12959500
5748,165,162,245158,3209,3751633,13025300
5749,166,169,244992,3206,3751802,13092500
5750,153,160,244839,3199,3751962,14584500
5751,186,163,244653,3222,3752125,13211100
5752,158,162,244495,3218,3752287,13290900
5753,161,148,244334,3231,3752435,13033200
5754,171,131,244163,3271,3752566,13072700
5755,164,165,243999,3270,3752731,13105200
5756,166,171,243833,3265,3752902,13094600
5757,156,152,243677,3269,3753054,13036000
5758,166,154,243511,3281,3753208,13023900
5759,188,149,243323,3320,3753357,13499800
5760,170,165,243153,3325,3753522,13022900
5761,160,164,242993,3321,3753686,12862900
5762,195,149,242798,3367,3753835,12916800
5763,160,173,242638,3354,3754008,12739100
5764,173,184,242465,3343,3754192,13325900
5765,163,204,242302,3302,3754396,13087900
5766,169,170,242133,3301,3754566,12749500
5767,176,158,241957,3319,3754724,13037900
5768,160,173,241797,3306,3754897,13094900
5769,170,168,241627,3308,3755065,12701100
5770,133,154,241494,3287,3755219,12800300
5771,137,181,241357,3243,3755400,13059200
5772,159,172,241198,3230,3755572,13071500
5773,166,193,241032,3203,3755765,12800600
5774,161,182,240871,3182,3755947,12826700
5775,161,144,240710,3199,3756091,13245100
5776,170,157,240540,3212,3756248,13197800
5777,152,151,240388,3213,3756399,12943100
5778,169,149,240219,3233,3756548,12813200
5779,161,161,240058,3233,3756709,12862600
5780,181,173,239877,3241,3756882,13157600
5781,142,156,239735,3227,3757038,12785300
5782,158,168,239577,3217,3757206,13280500
5783,150,169,239427,3198,3757375,13043500
5784,167,167,239260,3198,3757542,12905300
5785,145,152,239115,3191,3757694,12769500
5786,157,173,238958,3175,3757867,12929200
5787,172,193,238786,3154,3758060,13223400
5788,167,151,238619,3170,3758211,13077400
5789,143,162,238476,3151,3758373,12850500
5790,167,146,238309,3172,3758519,12847300
5791,140,160,238169,3152,3758679,12764300
5792,153,135,238016,3170,3758814,13140200
5793,181,147,237835,3204,3758961,12937200
5794,146,171,237689,3179,3759132,12727800
5795,144,147,237545,3176,3759279,13115300
5796,164,150,237381,3190,3759429,13077000
5797,137,175,237244,3152,3759604,12845800
5798,133,145,237111,3140,3759749,12741200
5799,129,150,236982,3119,3759899,13097300
5800,154,148,236828,3125,3760047,13136800
5801,149,167,236679,3107,3760214,12849900
5802,148,149,236531,3106,3760363,12900800
5803,141,145,236390,3102,3760508,13031300
5804,147,173,236243,3076,3760681,12961500
5805,150,145,236093,3081,3760826,12981800
5806,138,171,235955,3048,3760997,13216300
5807,133,137,235822,3044,3761134,12945800
5808,169,149,235653,3064,3761283,13161100
5809,174,161,235479,3077,3761444,12936500
5810,140,154,235339,3063,3761598,12830200
5811,178,139,235161,3102,3761737,12810800
5812,161,156,235000,3107,3761893,13078300
5813,166,164,234834,3109,3762057,12860500
5814,156,155,234678,3110,3762212,12755600
5815,165,138,234513,3137,3762350,12753500
5816,150,152,234363,3135,3762502,13206000
5817,155,173,234208,3117,3762675,13276100
5818,150,156,234058,3111,3762831,13025200
5819,173,153,233885,3131,3762984,12831000
5820,158,147,233727,3142,3763131,12769000
5821,162,163,233565,3141,3763294,12994800
5822,175,158,233390,3158,3763452,12826200
5823,169,151,233221,3176,3763603,12842600
5824,170,154,233051,3192,3763757,13084700
5825,178,148,232873,3222,3763905,13185200
5826,167,144,232706,3245,3764049,12856700
5827,190,169,232516,3266,3764218,13126000
5828,169,172,232347,3263,3764390,13118300
5829,191,159,232156,3295,3764549,13803300
5830,174,151,231982,3318,3764700,13276500
5831,170,186,231812,3302,3764886,13536200
5832,180,156,231632,3326,3765042,13079800
5833,203,154,231429,3375,3765196,13114000
5834,188,160,231241,3403,3765356,12892900
5835,200,170,231041,3433,3765526,12939500
5836,163,166,230878,3430,3765692,13443800
5837,165,154,230713,3441,3765846,12982600
5838,163,177,230550,3427,3766023,12860500
5839,185,174,230365,3438,3766197,13329700
5840,168,168,230197,3438,3766365,13168900
5841,158,163,230039,3433,3766528,13324400
5842,174,158,229865,3449,3766686,12967800
5843,176,161,229689,3464,3766847,13372800
5844,157,192,229532,3429,3767039,13388500
5845,147,205,229385,3371,3767244,13025900
5846,150,152,229235,3369,3767396,13247800
5847,160,162,229075,3367,3767558,13141800
5848,142,154,228933,3355,3767712,13243300
5849,143,171,228790,3327,3767883,12998100
5850,148,155,228642,3320,3768038,12998000
5851,150,151,228492,3319,3768189,13563500
5852,145,160,228347,3304,3768349,12964100
5853,151,160,228196,3295,3768509,13086600
5854,172,162,228024,3305,3768671,13944500
5855,143,150,227881,3298,3768821,12914900
5856,136,164,227745,3270,3768985,13007900
5857,154,143,227591,3281,3769128,12944300
5858,152,154,227439,3279,3769282,13016600
5859,141,158,227298,3262,3769440,12984900
5860,145,161,227153,3246,3769601,12846500
5861,153,135,227000,3264,3769736,13072100
5862,141,173,226859,3232,3769909,12776800
5863,166,148,226693,3250,3770057,12976700
5864,149,179,226544,3220,3770236,12986100
5865,130,167,226414,3183,3770403,12885300
5866,148,143,226266,3188,3770546,12721100
5867,126,175,226140,3139,3770721,12707900
5868,136,160,226004,3115,3770881,12753600
5869,161,164,225843,3112,3771045,12938500
5870,170,142,225673,3140,3771187,12735500
5871,165,157,225508,3148,3771344,13246800
5872,178,165,225330,3161,3771509,12803600
5873,152,179,225178,3134,3771688,12753200
5874,176,165,225002,3145,3771853,12999500
5875,155,152,224847,3148,3772005,12818600
5876,155,165,224692,3138,3772170,12809200
5877,154,147,224538,3145,3772317,12831700
5878,159,151,224379,3153,3772468,13687600
5879,171,144,224208,3180,3772612,12871000
5880,169,148,224039,3201,3772760,13281400
5881,167,146,223872,3222,3772906,12921700
5882,176,158,223696,3240,3773064,12928800
5883,167,181,223529,3226,3773245,14808100
5884,135,150,223394,3211,3773395,12866300
5885,151,166,223243,3196,3773561,12726900
5886,151,149,223092,3198,3773710,13074900
5887,150,155,222942,3193,3773865,13107200
5888,169,153,222773,3209,3774018,12804900
5889,172,159,222601,3222,3774177,13214600
5890,140,150,222461,3212,3774327,13092000
5891,166,166,222295,3212,3774493,13297000
5892,165,150,222130,3227,3774643,13016800
5893,152,168,221978,3211,3774811,13465300
5894,147,140,221831,3218,3774951,12787600
5895,131,148,221700,3201,3775099,12753500
5896,137,162,221563,3176,3775261,13638400
5897,140,150,221423,3166,3775411,13121800
5898,143,149,221280,3160,3775560,13234500
5899,164,155,221116,3169,3775715,13159700
5900,162,164,220954,3167,3775879,12815300
5901,172,183,220782,3156,3776062,12766200
5902,159,162,220623,3153,3776224,12831900
5903,160,173,220463,3140,3776397,13143800
5904,136,161,220327,3115,3776558,12775200
5905,149,154,220178,3110,3776712,12715600
5906,152,155,220026,3107,3776867,13238200
5907,142,147,219884,3102,3777014,12862000
5908,140,169,219744,3073,3777183,12853500
5909,162,145,219582,3090,3777328,12874500
5910,153,160,219429,3083,3777488,13194400
5911,144,164,219285,3063,3777652,12670200
5912,146,147,219139,3062,3777799,12729000
5913,136,147,219003,3051,3777946,12720100
5914,141,149,218862,3043,3778095,13147600
5915,129,134,218733,3038,3778229,13174300
5916,132,133,218601,3037,3778362,12722600
5917,134,150,218467,3021,3778512,12681100
5918,133,152,218334,3002,3778664,13125400
5919,145,146,218189,3001,3778810,13052100
5920,151,156,218038,2996,3778966,13268100
5921,149,143,217889,3002,3779109,12848300
5922,144,134,217745,3012,3779243,12919800
5923,142,125,217603,3029,3779368,13089300
5924,128,164,217475,2993,3779532,12869300
5925,148,144,217327,2997,3779676,13060700
5926,154,164,217173,2987,3779840,12757300
5927,140,144,217033,2983,3779984,13042200
5928,171,150,216862,3004,3780134,12773900
5929,155,153,216707,3006,3780287,12768500
5930,132,150,216575,2988,3780437,13226700
5931,161,144,216414,3005,3780581,13426200
5932,147,151,216267,3001,3780732,13145800
5933,148,140,216119,3009,3780872,13085300
5934,143,184,215976,2968,3781056,13124600
5935,163,140,215813,2991,3781196,13339300
5936,161,131,215652,3021,3781327,12975500
5937,171,155,215481,3037,3781482,14005700
5938,145,139,215336,3043,3781621,13405600
5939,134,154,215202,3023,3781775,13083900
5940,141,171,215061,2993,3781946,13286800
5941,156,162,214905,2987,3782108,13214200
5942,162,157,214743,2992,3782265,13083500
5943,146,149,214597,2989,3782414,12936100
5944,130,149,214467,2970,3782563,12988800
5945,165,138,214302,2997,3782701,12727400
5946,151,167,214151,2981,3782868,13053700
5947,156,145,213995,2992,3783013,12775900
5948,176,150,213819,3018,3783163,13079700
5949,163,146,213656,3035,3783309,12822100
5950,149,147,213507,3037,3783456,12767700
5951,169,155,213338,3051,3783611,12789900
5952,156,155,213182,3052,3783766,12945300
5953,150,171,213032,3031,3783937,13296700
5954,172,152,212860,3051,3784089,12842500
5955,161,161,212699,3051,3784250,13119100
5956,173,145,212526,3079,3784395,13986000
5957,152,146,212374,3085,3784541,14608500
5958,148,160,212226,3073,3784701,12945200
5959,156,159,212070,3070,3784860,13369200
5960,150,134,211920,3086,3784994,13242400
5961,162,142,211758,3106,3785136,12881200
5962,147,161,211611,3092,3785297,12932700
5963,146,157,211465,3081,3785454,13291800
5964,124,149,211341,3056,3785603,12767200
5965,173,154,211168,3075,3785757,13780400
5966,150,148,211018,3077,3785905,12691800
5967,145,147,210873,3075,3786052,13165000
5968,141,136,210732,3080,3786188,13202100
5969,142,158,210590,3064,3786346,13208900
5970,145,138,210445,3071,3786484,12916900
5971,142,173,210303,3040,3786657,13253000
5972,140,144,210163,3036,3786801,13348600
5973,152,151,210011,3037,3786952,12652000
5974,142,153,209869,3026,3787105,13133100
5975,150,151,209719,3025,3787256,12756700
5976,131,159,209588,2997,3787415,13222200
5977,141,153,209447,2985,3787568,12651600
5978,133,167,209314,2951,3787735,12626300
5979,136,142,209178,2945,3787877,12787300
5980,153,137,209025,2961,3788014,13066400
5981,153,133,208872,2981,3788147,12823600
5982,163,124,208709,3020,3788271,13112300
5983,157,116,208552,3061,3788387,13040600
5984,160,160,208392,3061,3788547,13126700
5985,156,162,208236,3055,3788709,12952100
5986,180,141,208056,3094,3788850,12853800
5987,158,136,207898,3116,3788986,12839800
5988,158,172,207740,3102,3789158,13151800
5989,147,151,207593,3098,3789309,12786200
5990,149,142,207444,3105,3789451,12778200
5991,145,154,207299,3096,3789605,13193800
5992,139,156,207160,3079,3789761,12801600
5993,145,175,207015,3049,3789936,13252700
5994,158,164,206857,3043,3790100,12857700
5995,153,137,206704,3059,3790237,12976900
5996,160,153,206544,3066,3790390,12759200
5997,151,163,206393,3054,3790553,13099100
5998,141,170,206252,3025,3790723,13277100
5999,166,134,206086,3057,3790857,13113200
6000,146,155,205940,3048,3791012,12801600
6001,161,130,205779,3079,3791142,13131500
6002,160,156,205619,3083,3791298,12877800
6003,139,165,205480,3057,3791463,12789200
6004,137,155,205343,3039,3791618,12783700
6005,152,142,205191,3049,3791760,12901400
6006,145,158,205046,3036,3791918,12960700
6007,126,163,204920,2999,3792081,13164100
6008,155,142,204765,3012,3792223,12697100
6009,137,144,204628,3005,3792367,12804400
6010,153,167,204475,2991,3792534,13135700
6011,126,156,204349,2961,3792690,13013100
6012,126,154,204223,2933,3792844,12862600
6013,138,158,204085,2913,3793002,12790800
6014,131,134,203954,2910,3793136,12884900
6015,145,135,203809,2920,3793271,12778100
6016,142,144,203667,2918,3793415,12911100
6017,180,154,203487,2944,3793569,12874400
6018,139,141,203348,2942,3793710,12896500
6019,148,149,203200,2941,3793859,13613000
6020,158,160,203042,2939,3794019,12823500
6021,165,142,202877,2962,3794161,13461800
6022,153,151,202724,2964,3794312,13081400
6023,133,146,202591,2951,3794458,12973300
6024,158,149,202433,2960,3794607,13306400
6025,156,162,202277,2954,3794769,13070200
6026,156,143,202121,2967,3794912,12944000
6027,164,154,201957,2977,3795066,13025900
6028,125,144,201832,2958,3795210,12952700
6029,152,134,201680,2976,3795344,15077300
6030,142,149,201538,2969,3795493,14346400
6031,163,140,201375,2992,3795633,13073100
6032,126,162,201249,2956,3795795,13213000
6033,160,151,201089,2965,3795946,16215000
6034,152,168,200937,2949,3796114,13511600
6035,137,154,200800,2932,3796268,13077200
6036,149,124,200651,2957,3796392,13188300
6037,152,167,200499,2942,3796559,12869600
6038,133,126,200366,2949,3796685,12711700
6039,139,150,200227,2938,3796835,12720100
6040,153,155,200074,2936,3796990,12674500
6041,159,161,199915,2934,3797151,12705500
6042,151,158,199764,2927,3797309,13099100
6043,132,127,199632,2932,3797436,13075500
6044,143,144,199489,2931,3797580,13108800
6045,145,161,199344,2915,3797741,12732300
6046,133,161,199211,2887,3797902,12761100
6047,155,149,199056,2893,3798051,12805100
6048,142,136,198914,2899,3798187,12779900
6049,159,140,198755,2918,3798327,12822200
6050,148,137,198607,2929,3798464,12935500
6051,150,152,198457,2927,3798616,12728400
6052,135,125,198322,2937,3798741,12780000
6053,139,159,198183,2917,3798900,12951000
6054,139,140,198044,2916,3799040,12918300
6055,151,165,197893,2902,3799205,12939600
6056,135,138,197758,2899,3799343,13263300
6057,130,131,197628,2898,3799474,12934200
6058,136,169,197492,2865,3799643,13149200
6059,145,128,197347,2882,3799771,12666200
6060,156,141,197191,2897,3799912,12776800
6061,149,127,197042,2919,3800039,12753500
6062,161,155,196881,2925,3800194,12710600
6063,143,159,196738,2909,3800353,12884800
6064,132,148,196606,2893,3800501,12749000
6065,146,141,196460,2898,3800642,13166400
6066,159,175,196301,2882,3800817,13154300
6067,143,150,196158,2875,3800967,12850200
6068,158,158,196000,2875,3801125,12767600
6069,138,145,195862,2868,3801270,12806400
6070,141,143,195721,2866,3801413,12797400
6071,155,156,195566,2865,3801569,13059700
6072,130,135,195436,2860,3801704,12922600
6073,165,153,195271,2872,3801857,13010700
6074,137,154,195134,2855,3802011,12749100
6075,142,145,194992,2852,3802156,12806800
6076,139,123,194853,2868,3802279,12798000
6077,129,127,194724,2870,3802406,13142500
6078,126,152,194598,2844,3802558,12789600
6079,124,145,194474,2823,3802703,12673600
6080,126,133,194348,2816,3802836,12921700
6081,131,140,194217,2807,3802976,12772300
6082,126,124,194091,2809,3803100,12914400
6083,139,159,193952,2789,3803259,12750800
6084,132,142,193820,2779,3803401,12764600
6085,119,138,193701,2760,3803539,12728900
6086,120,144,193581,2736,3803683,12706400
6087,146,137,193435,2745,3803820,13361100
6088,102,141,193333,2706,3803961,13282800
6089,135,126,193198,2715,3804087,13302600
6090,109,128,193089,2696,3804215,12820200
6091,136,127,192953,2705,3804342,12769800
6092,127,138,192826,2694,3804480,12946800
6093,144,133,192682,2705,3804613,12752700
6094,149,132,192533,2722,3804745,12986100
6095,148,138,192385,2732,3804883,13652200
6096,143,152,192242,2723,3805035,13101100
6097,124,127,192118,2720,3805162,13263800
6098,141,120,191977,2741,3805282,12748000
6099,132,133,191845,2740,3805415,12735500
6100,154,124,191691,2770,3805539,13211800
6101,157,136,191534,2791,3805675,12810000
6102,148,143,191386,2796,3805818,13006500
6103,126,170,191260,2752,3805988,12721000
6104,135,132,191125,2755,3806120,12833500
6105,162,139,190963,2778,3806259,13279000
6106,153,148,190810,2783,3806407,13146300
6107,129,121,190681,2791,3806528,13481900
6108,134,162,190547,2763,3806690,13274700
6109,129,139,190418,2753,3806829,13370100
6110,141,140,190277,2754,3806969,13028200
6111,141,120,190136,2775,3807089,13296000
6112,151,130,189985,2796,3807219,15737200
6113,142,115,189843,2823,3807334,13516500
6114,128,149,189715,2802,3807483,13169000
6115,174,142,189541,2834,3807625,13461800
6116,150,147,189391,2837,3807772,13403000
6117,143,142,189248,2838,3807914,13151300
6118,134,128,189114,2844,3808042,13089000
6119,150,152,188964,2842,3808194,13015600
6120,155,147,188809,2850,3808341,13286500
6121,144,130,188665,2864,3808471,13594500
6122,122,159,188543,2827,3808630,13525700
6123,137,141,188406,2823,3808771,13354600
6124,139,132,188267,2830,3808903,13195400
6125,133,145,188134,2818,3809048,13799700
6126,116,137,188018,2797,3809185,13143300
6127,162,136,187856,2823,3809321,12825800
6128,145,165,187711,2803,3809486,13536700
6129,127,131,187584,2799,3809617,15067500
6130,140,134,187444,2805,3809751,15381500
6131,149,142,187295,2812,3809893,15117600
6132,136,153,187159,2795,3810046,14207000
6133,140,144,187019,2791,3810190,14763500
6134,138,137,186881,2792,3810327,14043900
6135,149,145,186732,2796,3810472,14785300
6136,138,127,186594,2807,3810599,17110500
6137,155,131,186439,2831,3810730,13911500
6138,140,133,186299,2838,3810863,14549900
6139,147,132,186152,2853,3810995,13043800
6140,146,143,186006,2856,3811138,12826200
6141,150,134,185856,2872,3811272,12878700
6142,154,151,185702,2875,3811423,13036000
6143,130,118,185572,2887,3811541,13695200
6144,130,127,185442,2890,3811668,14153000
6145,124,159,185318,2855,3811827,14008500
6146,139,170,185179,2824,3811997,14334200
6147,113,152,185066,2785,3812149,12985400
6148,125,143,184941,2767,3812292,12931200
6149,127,132,184814,2762,3812424,13142400
6150,147,150,184667,2759,3812574,13761800
6151,124,151,184543,2732,3812725,13448100
6152,125,139,184418,2718,3812864,13197500
6153,140,129,184278,2729,3812993,13439300
6154,146,129,184132,2746,3813122,12842600
6155,146,124,183986,2768,3813246,12993500
6156,138,130,183848,2776,3813376,13371500
6157,146,152,183702,2770,3813528,13120000
6158,141,155,183561,2756,3813683,12761300
6159,124,133,183437,2747,3813816,12863700
6160,129,143,183308,2733,3813959,12739000
6161,138,140,183170,2731,3814099,13210800
6162,127,104,183043,2754,3814203,13095400
6163,118,124,182925,2748,3814327,13201900
6164,116,133,182809,2731,3814460,12867300
6165,141,135,182668,2737,3814595,12992900
6166,149,114,182519,2772,3814709,12887900
6167,134,140,182385,2766,3814849,12904900
6168,126,110,182259,2782,3814959,13227000
6169,137,140,182122,2779,3815099,13191200
6170,139,140,181983,2778,3815239,13170100
6171,157,148,181826,2787,3815387,13075100
6172,155,142,181671,2800,3815529,12784900
6173,139,132,181532,2807,3815661,12702200
6174,150,153,181382,2804,3815814,12756400
6175,153,136,181229,2821,3815950,12763500
6176,153,120,181076,2854,3816070,13037500
6177,138,146,180938,2846,3816216,12852000
6178,138,151,180800,2833,3816367,12766300
6179,141,138,180659,2836,3816505,12809300
6180,138,171,180521,2803,3816676,12821600
6181,145,135,180376,2813,3816811,12809200
6182,134,129,180242,2818,3816940,13224800
6183,129,138,180113,2809,3817078,12989000
6184,141,151,179972,2799,3817229,13090600
6185,129,158,179843,2770,3817387,14426700
6186,148,127,179695,2791,3817514,16696000
6187,121,115,179574,2797,3817629,14264400
6188,132,141,179442,2788,3817770,13198100
6189,147,145,179295,2790,3817915,13234500
6190,143,132,179152,2801,3818047,13242300
6191,130,134,179022,2797,3818181,12740600
6192,138,138,178884,2797,3818319,12686700
6193,146,134,178738,2809,3818453,13103900
6194,149,164,178589,2794,3818617,12732600
6195,150,143,178439,2801,3818760,13166800
6196,156,129,178283,2828,3818889,12888000
6197,147,156,178136,2819,3819045,13327500
6198,144,123,177992,2840,3819168,14206300
6199,151,132,177841,2859,3819300,13284600
6200,134,146,177707,2847,3819446,12788700
6201,126,143,177581,2830,3819589,12864900
6202,137,130,177444,2837,3819719,12984900
6203,151,143,177293,2845,3819862,13053300
6204,133,139,177160,2839,3820001,12852100
6205,136,135,177024,2840,3820136,13034400
6206,139,154,176885,2825,3820290,13373700
6207,134,120,176751,2839,3820410,12844600
6208,145,145,176606,2839,3820555,14949300
6209,132,143,176474,2828,3820698,13812200
6210,147,145,176327,2830,3820843,13478800
6211,135,124,176192,2841,3820967,13048100
6212,135,150,176057,2826,3821117,12852700
6213,110,131,175947,2805,3821248,12920200
6214,143,134,175804,2814,3821382,12986400
6215,120,135,175684,2799,3821517,13466900
6216,112,143,175572,2768,3821660,13318700
6217,139,137,175433,2770,3821797,12798900
6218,138,121,175295,2787,3821918,12760100
6219,138,139,175157,2786,3822057,13025800
6220,129,143,175028,2772,3822200,12699100
6221,144,137,174884,2779,3822337,12714500
6222,150,132,174734,2797,3822469,13039600
6223,138,146,174596,2789,3822615,12749000
6224,159,145,174437,2803,3822760,12797100
6225,156,136,174281,2823,3822896,12785000
6226,145,138,174136,2830,3823034,12849100
6227,142,149,173994,2823,3823183,12894600
6228,133,138,173861,2818,3823321,12809200
6229,130,121,173731,2827,3823442,12795400
6230,132,150,173599,2809,3823592,12882000
6231,137,122,173462,2824,3823714,12771200
6232,129,133,173333,2820,3823847,12713400
6233,119,157,173214,2782,3824004,13150800
6234,126,124,173088,2784,3824128,13083700
6235,132,165,172956,2751,3824293,13156200
6236,142,146,172814,2747,3824439,12862100
6237,133,148,172681,2732,3824587,13135800
6238,133,155,172548,2710,3824742,12781000
6239,127,122,172421,2715,3824864,13224800
6240,142,152,172279,2705,3825016,12670000
6241,154,145,172125,2714,3825161,12687000
6242,138,136,171987,2716,3825297,12705800
6243,142,118,171845,2740,3825415,13692900
6244,127,137,171718,2730,3825552,13526300
6245,136,138,171582,2728,3825690,13727800
6246,152,122,171430,2758,3825812,13479700
6247,132,153,171298,2737,3825965,12987200
6248,121,142,171177,2716,3826107,13121700
6249,132,133,171045,2715,3826240,12702800
6250,114,135,170931,2694,3826375,13023800
6251,126,145,170805,2675,3826520,13043900
6252,123,136,170682,2662,3826656,12660300
6253,116,123,170566,2655,3826779,12951900
6254,124,143,170442,2636,3826922,13209700
6255,118,137,170324,2617,3827059,13021300
6256,119,132,170205,2604,3827191,13210100
6257,137,133,170068,2608,3827324,12852800
6258,127,124,169941,2611,3827448,12752800
6259,143,146,169798,2608,3827594,13084800
6260,111,136,169687,2583,3827730,12738900
6261,142,145,169545,2580,3827875,15385000
6262,120,147,169425,2553,3828022,16532700
6263,132,130,169293,2555,3828152,13874900
6264,132,114,169161,2573,3828266,15474000
6265,121,138,169040,2556,3828404,16581600
6266,123,137,168917,2542,3828541,15431900
6267,145,133,168772,2554,3828674,14161300
6268,118,120,168654,2552,3828794,13247800
6269,133,138,168521,2547,3828932,13157600
6270,128,117,168393,2558,3829049,13113900
6271,129,134,168264,2553,3829183,14350600
6272,125,131,168139,2547,3829314,15865700
6273,120,118,168019,2549,3829432,15429800
6274,150,124,167869,2575,3829556,14339500
6275,160,144,167709,2591,3829700,13794000
6276,129,121,167580,2599,3829821,13481100
6277,125,131,167455,2593,3829952,16437900
6278,125,114,167330,2604,3830066,14828100
6279,132,118,167198,2618,3830184,13259500
6280,135,122,167063,2631,3830306,13112800
6281,127,111,166936,2647,3830417,13084900
6282,126,127,166810,2646,3830544,12890200
6283,150,131,166660,2665,3830675,13420000
6284,139,131,166521,2673,3830806,13241000
6285,139,131,166382,2681,3830937,12998800
6286,133,142,166249,2672,3831079,13162700
6287,132,139,166117,2665,3831218,12790700
6288,137,125,165980,2677,3831343,12977100
6289,145,126,165835,2696,3831469,13498700
6290,140,137,165695,2699,3831606,13984600
6291,132,126,165563,2705,3831732,15972800
6292,127,167,165436,2665,3831899,13302200
6293,133,127,165303,2671,3832026,13191200
6294,125,133,165178,2663,3832159,14024900
6295,127,137,165051,2653,3832296,15839700
6296,116,142,164935,2627,3832438,14632700
6297,124,131,164811,2620,3832569,13185100
6298,128,138,164683,2610,3832707,13769600
6299,122,144,164561,2588,3832851,13315100
6300,113,116,164448,2585,3832967,15239900
6301,125,115,164323,2595,3833082,13029000
6302,136,132,164187,2599,3833214,13456300
6303,134,115,164053,2618,3833329,13471400
6304,141,126,163912,2633,3833455,13002900
6305,129,126,163783,2636,3833581,13023700
6306,125,146,163658,2615,3833727,13157100
6307,126,140,163532,2601,3833867,12867600
6308,130,119,163402,2612,3833986,16442700
6309,132,116,163270,2628,3834102,14152800
6310,123,135,163147,2616,3834237,14159700
6311,123,130,163024,2609,3834367,13758100
6312,124,132,162900,2601,3834499,14025500
6313,143,132,162757,2612,3834631,15851100
6314,119,130,162638,2601,3834761,15721000
6315,140,133,162498,2608,3834894,14921800
6316,115,105,162383,2618,3834999,14268000
6317,121,133,162262,2606,3835132,13498200
6318,125,110,162137,2621,3835242,12824200
6319,146,134,161991,2633,3835376,13285700
6320,122,135,161869,2620,3835511,12970100
6321,108,120,161761,2608,3835631,12768700
6322,130,129,161631,2609,3835760,13230600
6323,120,121,161511,2608,3835881,13060300
6324,116,133,161395,2591,3836014,12729000
6325,144,130,161251,2605,3836144,13111900
6326,123,165,161128,2563,3836309,12904800
6327,112,148,161016,2527,3836457,12786500
6328,115,130,160901,2512,3836587,13138900
6329,127,115,160774,2524,3836702,12753600
6330,136,128,160638,2532,3836830,14236300
6331,114,143,160524,2503,3836973,13770000
6332,103,120,160421,2486,3837093,13929500
6333,120,121,160301,2485,3837214,13182300
6334,121,116,160180,2490,3837330,13100300
6335,123,129,160057,2484,3837459,13563200
6336,116,119,159941,2481,3837578,15288700
6337,106,122,159835,2465,3837700,17904300
6338,128,135,159707,2458,3837835,12937100
6339,124,125,159583,2457,3837960,12740700
6340,112,122,159471,2447,3838082,13711100
6341,122,144,159349,2425,3838226,12779300
6342,115,123,159234,2417,3838349,12733100
6343,136,127,159098,2426,3838476,13009900
6344,122,114,158976,2434,3838590,12918000
6345,106,113,158870,2427,3838703,12761300
6346,143,126,158727,2444,3838829,12749700
6347,122,128,158605,2438,3838957,13024200
6348,127,122,158478,2443,3839079,12947700
6349,131,140,158347,2434,3839219,12924800
6350,113,115,158234,2432,3839334,12987700
6351,121,120,158113,2433,3839454,12794200
6352,113,117,158000,2429,3839571,12776800
6353,102,129,157898,2402,3839700,12694900
6354,111,127,157787,2386,3839827,13121400
6355,117,130,157670,2373,3839957,12829700
6356,122,115,157548,2380,3840072,13099300
6357,116,102,157432,2394,3840174,12658200
6358,114,107,157318,2401,3840281,13138300
6359,118,119,157200,2400,3840400,13222900
6360,114,117,157086,2397,3840517,13127700
6361,128,127,156958,2398,3840644,12648000
6362,95,107,156863,2386,3840751,12730900
6363,111,121,156752,2376,3840872,12645500
6364,107,118,156645,2365,3840990,12684400
6365,110,121,156535,2354,3841111,13045300
6366,118,127,156417,2345,3841238,14908800
6367,122,144,156295,2323,3841382,13339900
6368,103,118,156192,2308,3841500,13069700
6369,110,121,156082,2297,3841621,13365300
6370,125,123,155957,2299,3841744,13067800
6371,105,115,155852,2289,3841859,12795600
6372,116,111,155736,2294,3841970,13057400
6373,105,132,155631,2267,3842102,13345300
6374,109,96,155522,2280,3842198,13095000
6375,119,111,155403,2288,3842309,12745800
6376,131,103,155272,2316,3842412,12644200
6377,120,105,155152,2331,3842517,12751000
6378,123,120,155029,2334,3842637,12758700
6379,130,109,154899,2355,3842746,12869800
6380,116,137,154783,2334,3842883,13202600
6381,117,124,154666,2327,3843007,12881300
6382,106,109,154560,2324,3843116,12877900
6383,115,106,154445,2333,3843222,13793700
6384,101,111,154344,2323,3843333,13233800
6385,131,112,154213,2342,3843445,13016300
6386,105,126,154108,2321,3843571,13211900
6387,144,120,153964,2345,3843691,12954100
6388,118,113,153846,2350,3843804,12886400
6389,121,126,153725,2345,3843930,12863500
6390,112,110,153613,2347,3844040,13197300
6391,108,122,153505,2333,3844162,13438500
6392,119,101,153386,2351,3844263,13524900
6393,106,115,153280,2342,3844378,13118400
6394,135,109,153145,2368,3844487,14935100
6395,108,109,153037,2367,3844596,14030400
6396,98,100,152939,2365,3844696,13179000
6397,110,129,152829,2346,3844825,12795800
6398,144,123,152685,2367,3844948,13620100
6399,112,115,152573,2364,3845063,12863000
6400,97,122,152476,2339,3845185,13138800
6401,128,122,152348,2345,3845307,12765700
6402,100,117,152248,2328,3845424,12923100
6403,110,112,152138,2326,3845536,12953000
6404,105,93,152033,2338,3845629,12968300
6405,128,137,151905,2329,3845766,13108500
6406,134,125,151771,2338,3845891,12855800
6407,110,148,151661,2300,3846039,12824800
6408,110,110,151551,2300,3846149,12935700
6409,109,95,151442,2314,3846244,12925900
6410,118,113,151324,2319,3846357,12985700
6411,135,114,151189,2340,3846471,12946300
6412,121,133,151068,2328,3846604,13077100
6413,86,108,150982,2306,3846712,13540800
6414,105,111,150877,2300,3846823,13166600
6415,93,115,150784,2278,3846938,12743500
6416,122,111,150662,2289,3847049,12763100
6417,121,113,150541,2297,3847162,12880100
6418,104,124,150437,2277,3847286,12668100
6419,120,120,150317,2277,3847406,12848900
6420,109,113,150208,2273,3847519,12754200
6421,107,119,150101,2261,3847638,12760000
6422,115,102,149986,2274,3847740,12872700
6423,98,120,149888,2252,3847860,12681700
6424,116,112,149772,2256,3847972,12748200
6425,112,132,149660,2236,3848104,12766700
6426,95,121,149565,2210,3848225,12740400
6427,116,116,149449,2210,3848341,12813800
6428,116,107,149333,2219,3848448,12908000
6429,118,101,149215,2236,3848549,12822600
6430,94,98,149121,2232,3848647,13345900
6431,105,119,149016,2218,3848766,13194700
6432,109,103,148907,2224,3848869,13237000
6433,121,128,148786,2217,3848997,13268600
6434,99,122,148687,2194,3849119,13062400
6435,107,108,148580,2193,3849227,12879800
6436,101,107,148479,2187,3849334,12849400
6437,97,109,148382,2175,3849443,13121300
6438,112,127,148270,2160,3849570,13027800
6439,109,105,148161,2164,3849675,12891200
6440,110,112,148051,2162,3849787,13070300
6441,103,113,147948,2152,3849900,12926000
6442,113,112,147835,2153,3850012,12626200
6443,115,105,147720,2163,3850117,12854100
6444,118,91,147602,2190,3850208,12736600
6445,114,123,147488,2181,3850331,13054200
6446,112,97,147376,2196,3850428,12778200
6447,123,102,147253,2217,3850530,12724400
6448,101,100,147152,2218,3850630,12771400
6449,138,107,147014,2249,3850737,12728900
6450,124,103,146890,2270,3850840,12730500
6451,125,90,146765,2305,3850930,12810100
6452,128,110,146637,2323,3851040,13048800
6453,128,98,146509,2353,3851138,12902900
6454,156,123,146353,2386,3851261,12756300
6455,120,118,146233,2388,3851379,12760500
6456,130,114,146103,2404,3851493,13084700
6457,131,136,145972,2399,3851629,12735900
6458,121,116,145851,2404,3851745,13220100
6459,106,137,145745,2373,3851882,13163900
6460,125,112,145620,2386,3851994,13264200
6461,143,115,145477,2414,3852109,13728200
6462,123,141,145354,2396,3852250,12734000
6463,137,115,145217,2418,3852365,13496400
6464,122,133,145095,2407,3852498,12674300
6465,144,110,144951,2441,3852608,12678000
6466,149,117,144802,2473,3852725,13509800
6467,118,127,144684,2464,3852852,12789200
6468,154,127,144530,2491,3852979,12943800
6469,129,141,144401,2479,3853120,13138600
6470,125,131,144276,2473,3853251,12668500
6471,119,114,144157,2478,3853365,12902600
6472,131,112,144026,2497,3853477,15199400
6473,116,138,143910,2475,3853615,13631000
6474,117,112,143793,2480,3853727,13378000
6475,124,109,143669,2495,3853836,13696700
6476,135,121,143534,2509,3853957,15210500
6477,119,128,143415,2500,3854085,17005200
6478,113,122,143302,2491,3854207,15522700
6479,115,126,143187,2480,3854333,15661100
6480,116,121,143071,2475,3854454,13200800
6481,123,133,142948,2465,3854587,13176300
6482,101,107,142847,2459,3854694,12824200
6483,132,125,142715,2466,3854819,13062100
6484,103,155,142612,2414,3854974,12897400
6485,123,128,142489,2409,3855102,12926100
6486,122,137,142367,2394,3855239,12867100
6487,108,104,142259,2398,3855343,12867500
6488,119,124,142140,2393,3855467,12820900
6489,122,131,142018,2384,3855598,13522600
6490,116,117,141902,2383,3855715,12695000
6491,122,117,141780,2388,3855832,13056400
6492,104,113,141676,2379,3855945,12829400
6493,106,118,141570,2367,3856063,12727500
6494,112,117,141458,2362,3856180,12873100
6495,109,119,141349,2352,3856299,12575000
6496,126,115,141223,2363,3856414,13064300
6497,114,103,141109,2374,3856517,13184700
6498,103,117,141006,2360,3856634,12770700
6499,108,109,140898,2359,3856743,12658200
6500,122,104,140776,2377,3856847,12980400
6501,105,116,140671,2366,3856963,12737200
6502,112,111,140559,2367,3857074,12740700
6503,105,111,140454,2361,3857185,12746000
6504,117,109,140337,2369,3857294,12743400
6505,110,131,140227,2348,3857425,12651300
6506,118,117,140109,2349,3857542,12729200
6507,133,125,139976,2357,3857667,13059300
6508,123,114,139853,2366,3857781,13170500
6509,121,97,139732,2390,3857878,13505800
6510,133,119,139599,2404,3857997,12783700
6511,122,105,139477,2421,3858102,12644000
6512,106,97,139371,2430,3858199,12691000
6513,124,101,139247,2453,3858300,12687600
6514,111,131,139136,2433,3858431,12705400
6515,119,120,139017,2432,3858551,12749800
6516,128,126,138889,2434,3858677,12955900
6517,111,115,138778,2430,3858792,12922300
6518,121,124,138657,2427,3858916,13294900
6519,119,113,138538,2433,3859029,12769300
6520,110,114,138428,2429,3859143,12675000
6521,93,133,138335,2389,3859276,12674100
6522,106,118,138229,2377,3859394,12634000
6523,109,128,138120,2358,3859522,12722500
6524,95,108,138025,2345,3859630,12722600
6525,112,136,137913,2321,3859766,12739800
6526,96,121,137817,2296,3859887,12718800
6527,100,115,137717,2281,3860002,12740600
6528,107,102,137610,2286,3860104,12739000
6529,103,110,137507,2279,3860214,13073600
6530,116,108,137391,2287,3860322,12763900
6531,95,120,137296,2262,3860442,12730100
6532,98,113,137198,2247,3860555,12779700
6533,105,98,137093,2254,3860653,12792600
6534,119,114,136974,2259,3860767,12697300
6535,118,141,136856,2236,3860908,12765100
6536,110,130,136746,2216,3861038,13019500
6537,105,110,136641,2211,3861148,12684000
6538,96,109,136545,2198,3861257,13063300
6539,119,108,136426,2209,3861365,12853900
6540,113,107,136313,2215,3861472,14644200
6541,95,106,136218,2204,3861578,13837500
6542,124,101,136094,2227,3861679,12889300
6543,116,94,135978,2249,3861773,13303600
6544,122,117,135856,2254,3861890,13637500
6545,100,111,135756,2243,3862001,14876800
6546,96,115,135660,2224,3862116,12872700
6547,103,139,135557,2188,3862255,12729600
6548,110,107,135447,2191,3862362,13253300
6549,96,107,135351,2180,3862469,13251600
6550,95,121,135256,2154,3862590,13409000
6551,103,112,135153,2145,3862702,12844800
6552,106,106,135047,2145,3862808,13234900
6553,100,106,134947,2139,3862914,12853700
6554,96,109,134851,2126,3863023,13086100
6555,111,89,134740,2148,3863112,13139500
6556,117,98,134623,2167,3863210,13198000
6557,108,94,134515,2181,3863304,12694900
6558,102,103,134413,2180,3863407,12844000
6559,127,94,134286,2213,3863501,12710200
6560,111,111,134175,2213,3863612,12775700
6561,92,102,134083,2203,3863714,13126400
6562,106,123,133977,2186,3863837,15049500
6563,112,133,133865,2165,3863970,14629200
6564,95,106,133770,2154,3864076,15178000
6565,102,104,133668,2152,3864180,14584900
6566,92,116,133576,2128,3864296,13544300
6567,96,119,133480,2105,3864415,13050600
6568,111,92,133369,2124,3864507,13276700
6569,119,108,133250,2135,3864615,13510100
6570,107,101,133143,2141,3864716,13542800
6571,103,121,133040,2123,3864837,12862000
6572,103,96,132937,2130,3864933,12936600
6573,104,108,132833,2126,3865041,12839500
6574,114,103,132719,2137,3865144,12807400
6575,101,109,132618,2129,3865253,13209300
6576,101,100,132517,2130,3865353,12839700
6577,101,109,132416,2122,3865462,12736600
6578,97,115,132319,2104,3865577,13026700
6579,110,109,132209,2105,3865686,12986900
6580,108,111,132101,2102,3865797,13131400
6581,102,102,131999,2102,3865899,13332800
6582,99,105,131900,2096,3866004,12952500
6583,97,112,131803,2081,3866116,12598100
6584,95,101,131708,2075,3866217,13015600
6585,100,90,131608,2085,3866307,13130800
6586,104,102,131504,2087,3866409,12628800
6587,110,101,131394,2096,3866510,12573200
6588,115,100,131279,2111,3866610,12619700
6589,115,98,131164,2128,3866708,13179000
6590,101,117,131063,2112,3866825,13059700
6591,102,108,130961,2106,3866933,12972000
6592,104,106,130857,2104,3867039,12935400
6593,102,117,130755,2089,3867156,13018300
6594,104,89,130651,2104,3867245,13389000
6595,110,98,130541,2116,3867343,13132300
6596,110,106,130431,2120,3867449,13133600
6597,107,106,130324,2121,3867555,14106100
6598,108,112,130216,2117,3867667,13493500
6599,116,114,130100,2119,3867781,13903500
6600,119,96,129981,2142,3867877,14120100
6601,116,94,129865,2164,3867971,13119900
6602,96,107,129769,2153,3868078,15138400
6603,125,102,129644,2176,3868180,17157100
6604,101,132,129543,2145,3868312,15808100
6605,119,115,129424,2149,3868427,13256700
6606,112,100,129312,2161,3868527,12814000
6607,105,114,129207,2152,3868641,13466100
6608,117,99,129090,2170,3868740,14340600
6609,107,114,128983,2163,3868854,15257600
6610,107,91,128876,2179,3868945,13501800
6611,100,88,128776,2191,3869033,16176700
6612,109,104,128667,2196,3869137,13121400
6613,113,118,128554,2191,3869255,13538700
6614,101,97,128453,2195,3869352,13384300
6615,107,115,128346,2187,3869467,14889200
6616,108,105,128238,2190,3869572,13550500
6617,106,108,128132,2188,3869680,12901300
6618,92,115,128040,2165,3869795,13843300
6619,104,119,127936,2150,3869914,13000200
6620,82,104,127854,2128,3870018,13183100
6621,108,102,127746,2134,3870120,13509700
6622,98,133,127648,2099,3870253,13141400
6623,95,94,127553,2100,3870347,14396900
6624,125,99,127428,2126,3870446,13270500
6625,100,82,127328,2144,3870528,13335000
6626,102,98,127226,2148,3870626,12760800
6627,107,128,127119,2127,3870754,13047600
6628,102,104,127017,2125,3870858,15125900
6629,112,117,126905,2120,3870975,14035000
6630,95,96,126810,2119,3871071,13759700
6631,88,122,126722,2085,3871193,13136400
6632,109,97,126613,2097,3871290,12805500
6633,101,98,126512,2100,3871388,12754200
6634,96,104,126416,2092,3871492,13732700
6635,85,87,126331,2090,3871579,14917300
6636,73,101,126258,2062,3871680,15561300
6637,104,90,126154,2076,3871770,17232700
6638,110,122,126044,2064,3871892,15375900
6639,107,100,125937,2071,3871992,19214700
6640,86,105,125851,2052,3872097,13928100
6641,69,99,125782,2022,3872196,13353100
6642,99,92,125683,2029,3872288,14241600
6643,102,91,125581,2040,3872379,14486900
6644,113,108,125468,2045,3872487,13262200
6645,104,103,125364,2046,3872590,15777000
6646,97,97,125267,2046,3872687,17489500
6647,88,100,125179,2034,3872787,16936900
6648,91,102,125088,2023,3872889,14252000
6649,103,94,124985,2032,3872983,17150900
6650,102,116,124883,2018,3873099,14675000
6651,113,117,124770,2014,3873216,15612000
6652,103,90,124667,2027,3873306,16611100
6653,118,114,124549,2031,3873420,15483200
6654,91,115,124458,2007,3873535,15800900
6655,109,93,124349,2023,3873628,15430900
6656,101,110,124248,2014,3873738,14424100
6657,104,99,124144,2019,3873837,14925100
6658,94,119,124050,1994,3873956,13869400
6659,99,91,123951,2002,3874047,16699500
6660,94,106,123857,1990,3874153,13833400
6661,82,121,123775,1951,3874274,14021700
6662,86,104,123689,1933,3874378,13929700
6663,95,96,123594,1932,3874474,14781100
6664,85,100,123509,1917,3874574,13136900
6665,106,94,123403,1929,3874668,13644000
6666,90,111,123313,1908,3874779,13088100
6667,105,93,123208,1920,3874872,14077300
6668,97,85,123111,1932,3874957,13606900
6669,106,88,123005,1950,3875045,14907400
6670,107,93,122898,1964,3875138,13041000
6671,90,107,122808,1947,3875245,13284100
6672,85,99,122723,1933,3875344,13948000
6673,109,108,122614,1934,3875452,14446700
6674,110,94,122504,1950,3875546,14644600
6675,111,108,122393,1953,3875654,14784700
6676,108,99,122285,1962,3875753,21619000
6677,95,100,122190,1957,3875853,16711900
6678,106,93,122084,1970,3875946,16479500
6679,107,92,121977,1985,3876038,17757600
6680,114,93,121863,2006,3876131,17356900
6681,118,89,121745,2035,3876220,17788900
6682,112,83,121633,2064,3876303,17265400
6683,115,114,121518,2065,3876417,17122300
6684,119,82,121399,2102,3876499,14759000
6685,112,110,121287,2104,3876609,14883100
6686,102,119,121185,2087,3876728,13589300
6687,103,96,121082,2094,3876824,14233900
6688,97,121,120985,2070,3876945,13855000
6689,103,106,120882,2067,3877051,14911600
6690,89,84,120793,2072,3877135,14286900
6691,93,113,120700,2052,3877248,14235400
6692,92,89,120608,2055,3877337,14068000
6693,90,102,120518,2043,3877439,14610900
6694,96,107,120422,2032,3877546,14951000
6695,87,99,120335,2020,3877645,16407100
6696,88,99,120247,2009,3877744,15663300
6697,74,91,120173,1992,3877835,14519100
6698,86,89,120087,1989,3877924,14230600
6699,91,106,119996,1974,3878030,16238700
6700,89,111,119907,1952,3878141,17546800
6701,86,101,119821,1937,3878242,18300800
6702,93,108,119728,1922,3878350,15677900
6703,86,91,119642,1917,3878441,15373300
6704,85,109,119557,1893,3878550,15695800
6705,81,87,119476,1887,3878637,14714600
6706,92,91,119384,1888,3878728,16735200
6707,77,88,119307,1877,3878816,17644200
6708,92,93,119215,1876,3878909,16981000
6709,75,86,119140,1865,3878995,14134800
6710,80,97,119060,1848,3879092,16606400
6711,83,86,118977,1845,3879178,16122300
6712,91,97,118886,1839,3879275,15892700
6713,92,89,118794,1842,3879364,17708100
6714,82,91,118712,1833,3879455,16581400
6715,85,87,118627,1831,3879542,16652300
6716,88,92,118539,1827,3879634,17327800
6717,99,85,118440,1841,3879719,14476900
6718,102,104,118338,1839,3879823,14243200
6719,93,74,118245,1858,3879897,13324300
6720,102,75,118143,1885,3879972,13596200
6721,87,108,118056,1864,3880080,14064200
6722,73,97,117983,1840,3880177,14495000
6723,90,86,117893,1844,3880263,13919100
6724,91,106,117802,1829,3880369,13498300
6725,78,89,117724,1818,3880458,12920400
6726,85,94,117639,1809,3880552,13394300
6727,90,81,117549,1818,3880633,13446100
6728,88,93,117461,1813,3880726,13319500
6729,98,99,117363,1812,3880825,12946400
6730,88,94,117275,1806,3880919,12990100
6731,84,100,117191,1790,3881019,13463300
6732,104,82,117087,1812,3881101,13112100
6733,107,90,116980,1829,3881191,13287700
6734,94,101,116886,1822,3881292,13568400
6735,80,104,116806,1798,3881396,12957100
6736,90,84,116716,1804,3881480,13318700
6737,98,82,116618,1820,3881562,12899400
6738,69,99,116549,1790,3881661,13414000
6739,99,95,116450,1794,3881756,13688500
6740,72,88,116378,1778,3881844,13145900
6741,106,68,116272,1816,3881912,13145600
6742,108,95,116164,1829,3882007,13320600
6743,87,93,116077,1823,3882100,13619000
6744,110,95,115967,1838,3882195,12857800
6745,100,96,115867,1842,3882291,13264400
6746,112,81,115755,1873,3882372,12848500
6747,96,100,115659,1869,3882472,12671000
6748,107,94,115552,1882,3882566,13021600
6749,99,97,115453,1884,3882663,12758900
6750,87,77,115366,1894,3882740,12969500
6751,93,96,115273,1891,3882836,12743800
6752,96,103,115177,1884,3882939,12690500
6753,81,101,115096,1864,3883040,12642000
6754,94,96,115002,1862,3883136,12977100
6755,93,85,114909,1870,3883221,12703000
6756,85,99,114824,1856,3883320,13111800
6757,92,94,114732,1854,3883414,13745800
6758,96,90,114636,1860,3883504,12914800
6759,93,89,114543,1864,3883593,12625500
6760,113,89,114430,1888,3883682,12835300
6761,117,88,114313,1917,3883770,12943100
6762,92,99,114221,1910,3883869,12962000
6763,126,102,114095,1934,3883971,13419400
6764,96,83,113999,1947,3884054,13088200
6765,96,111,113903,1932,3884165,13377300
6766,104,105,113799,1931,3884270,13167900
6767,96,94,113703,1933,3884364,12965900
6768,84,97,113619,1920,3884461,12703700
6769,91,96,113528,1915,3884557,12918600
6770,98,99,113430,1914,3884656,13244200
6771,96,94,113334,1916,3884750,13246300
6772,92,88,113242,1920,3884838,13553400
6773,87,86,113155,1921,3884924,15938900
6774,83,80,113072,1924,3885004,16551500
6775,92,81,112980,1935,3885085,16251200
6776,96,88,112884,1943,3885173,13351200
6777,97,105,112787,1935,3885278,13113700
6778,95,108,112692,1922,3885386,12646400
6779,89,109,112603,1902,3885495,12962500
6780,86,90,112517,1898,3885585,13918200
6781,106,100,112411,1904,3885685,12779000
6782,89,103,112322,1890,3885788,12669500
6783,88,92,112234,1886,3885880,13003800
6784,99,79,112135,1906,3885959,13432700
6785,99,103,112036,1902,3886062,12829800
6786,78,80,111958,1900,3886142,12774300
6787,91,90,111867,1901,3886232,12863300
6788,106,98,111761,1909,3886330,12609700
6789,99,80,111662,1928,3886410,13397700
6790,96,102,111566,1922,3886512,13132400
6791,100,107,111466,1915,3886619,13013700
6792,96,88,111370,1923,3886707,13150700
6793,98,79,111272,1942,3886786,12904500
6794,104,82,111168,1964,3886868,12756100
6795,103,108,111065,1959,3886976,12886400
6796,105,82,110960,1982,3887058,13056900
6797,103,108,110857,1977,3887166,12827000
6798,92,101,110765,1968,3887267,12952200
6799,98,88,110667,1978,3887355,12917800
6800,114,101,110553,1991,3887456,12811200
6801,95,104,110458,1982,3887560,12917300
6802,88,119,110370,1951,3887679,12939600
6803,90,88,110280,1953,3887767,12807100
6804,108,94,110172,1967,3887861,12720400
6805,98,85,110074,1980,3887946,12694800
6806,109,101,109965,1988,3888047,12729000
6807,106,91,109859,2003,3888138,13065200
6808,110,98,109749,2015,3888236,12637100
6809,109,97,109640,2027,3888333,12730500
6810,90,102,109550,2015,3888435,13877600
6811,98,108,109452,2005,3888543,14119300
6812,91,86,109361,2010,3888629,13556200
6813,84,115,109277,1979,3888744,12604300
6814,104,102,109173,1981,3888846,13555000
6815,95,89,109078,1987,3888935,13115900
6816,94,92,108984,1989,3889027,12859700
6817,89,101,108895,1977,3889128,13278400
6818,94,92,108801,1979,3889220,12901400
6819,102,91,108699,1990,3889311,12733400
6820,87,96,108612,1981,3889407,12655600
6821,83,106,108529,1958,3889513,12715600
6822,101,97,108428,1962,3889610,12820200
6823,88,92,108340,1958,3889702,12891300
6824,98,94,108242,1962,3889796,12982900
6825,111,84,108131,1989,3889880,13347500
6826,95,113,108036,1971,3889993,13129500
6827,89,94,107947,1966,3890087,13312700
6828,109,96,107838,1979,3890183,15078700
6829,95,92,107743,1982,3890275,13959600
6830,97,95,107646,1984,3890370,15915200
6831,104,120,107542,1968,3890490,14504600
6832,104,131,107438,1941,3890621,12980500
6833,78,100,107360,1919,3890721,12885200
6834,95,92,107265,1922,3890813,12738900
6835,90,101,107175,1911,3890914,12889400
6836,83,97,107092,1897,3891011,13056300
6837,77,102,107015,1872,3891113,12698400
6838,92,96,106923,1868,3891209,13385500
6839,102,91,106821,1879,3891300,12935200
6840,80,108,106741,1851,3891408,12710700
6841,102,98,106639,1855,3891506,12681500
6842,93,79,106546,1869,3891585,12948700
6843,105,99,106441,1875,3891684,13167700
6844,76,98,106365,1853,3891782,12660000
6845,93,91,106272,1855,3891873,12650200
6846,108,100,106164,1863,3891973,12615900
6847,86,82,106078,1867,3892055,12797200
6848,87,96,105991,1858,3892151,12697200
6849,84,89,105907,1853,3892240,12986400
6850,95,84,105812,1864,3892324,12779800
6851,84,90,105728,1858,3892414,12706400
6852,109,85,105619,1882,3892499,12826100
6853,79,90,105540,1871,3892589,12852800
6854,86,88,105454,1869,3892677,12625500
6855,87,101,105367,1855,3892778,12642800
6856,92,99,105275,1848,3892877,12649100
6857,75,90,105200,1833,3892967,12693400
6858,94,94,105106,1833,3893061,13071100
6859,92,87,105014,1838,3893148,13789300
6860,99,96,104915,1841,3893244,13065900
6861,67,98,104848,1810,3893342,13203900
6862,73,99,104775,1784,3893441,13111500
6863,98,102,104677,1780,3893543,13223500
6864,81,84,104596,1777,3893627,13427900
6865,86,82,104510,1781,3893709,12839800
6866,93,96,104417,1778,3893805,12853500
6867,93,91,104324,1780,3893896,13534600
6868,73,82,104251,1771,3893978,13649900
6869,73,113,104178,1731,3894091,14269200
6870,89,88,104089,1732,3894179,13290900
6871,78,80,104011,1730,3894259,13018700
6872,82,91,103929,1721,3894350,13546400
6873,76,98,103853,1699,3894448,14352400
6874,97,90,103756,1706,3894538,14573800
6875,78,97,103678,1687,3894635,15385100
6876,75,89,103603,1673,3894724,15015000
6877,72,87,103531,1658,3894811,15989400
6878,75,79,103456,1654,3894890,15056500
6879,70,67,103386,1657,3894957,13676900
6880,87,81,103299,1663,3895038,14128200
6881,78,94,103221,1647,3895132,13619300
6882,72,75,103149,1644,3895207,12810100
6883,70,73,103079,1641,3895280,13797700
6884,79,80,103000,1640,3895360,13290400
6885,71,69,102929,1642,3895429,12901500
6886,82,74,102847,1650,3895503,13453400
6887,94,86,102753,1658,3895589,13059600
6888,77,75,102676,1660,3895664,12942200
6889,76,77,102600,1659,3895741,12979000
6890,79,82,102521,1656,3895823,12737100
6891,75,71,102446,1660,3895894,12898700
6892,88,83,102358,1665,3895977,12891000
6893,86,71,102272,1680,3896048,12875700
6894,92,70,102180,1702,3896118,12845500
6895,87,75,102093,1714,3896193,12811600
6896,104,85,101989,1733,3896278,12652300
6897,98,82,101891,1749,3896360,12841400
6898,93,85,101798,1757,3896445,12793900
6899,87,98,101711,1746,3896543,13043700
6900,103,76,101608,1773,3896619,12768900
6901,83,96,101525,1760,3896715,13210700
6902,89,87,101436,1762,3896802,13003300
6903,95,91,101341,1766,3896893,13070100
6904,98,81,101243,1783,3896974,13117500
6905,100,83,101143,1800,3897057,13068600
6906,99,86,101044,1813,3897143,12937500
6907,119,98,100925,1834,3897241,13122700
6908,97,93,100828,1838,3897334,12634200
6909,86,84,100742,1840,3897418,12727400
6910,87,108,100655,1819,3897526,12742700
6911,102,101,100553,1820,3897627,12743400
6912,81,114,100472,1787,3897741,12867200
6913,92,95,100380,1784,3897836,13127000
6914,90,108,100290,1766,3897944,13758100
6915,81,81,100209,1766,3898025,13435400
6916,100,73,100109,1793,3898098,14281200
6917,77,86,100032,1784,3898184,13271500
6918,95,87,99937,1792,3898271,13234900
6919,93,81,99844,1804,3898352,12889800
6920,95,90,99749,1809,3898442,13001600
6921,107,91,99642,1825,3898533,12790700
6922,109,83,99533,1851,3898616,13118700
6923,87,81,99446,1857,3898697,13145600
6924,82,109,99364,1830,3898806,13060500
6925,98,79,99266,1849,3898885,14332100
6926,93,78,99173,1864,3898963,13229600
6927,110,96,99063,1878,3899059,13231100
6928,99,87,98964,1890,3899146,12901000
6929,86,94,98878,1882,3899240,13219000
6930,99,111,98779,1870,3899351,12618500
6931,90,84,98689,1876,3899435,13372600
6932,95,82,98594,1889,3899517,13267700
6933,99,112,98495,1876,3899629,13100900
6934,88,84,98407,1880,3899713,13071600
6935,89,104,98318,1865,3899817,12671700
6936,97,96,98221,1866,3899913,13108100
6937,93,107,98128,1852,3900020,12771300
6938,83,87,98045,1848,3900107,13112300
6939,76,92,97969,1832,3900199,13064200
6940,81,95,97888,1818,3900294,12868800
6941,93,91,97795,1820,3900385,12633700
6942,88,101,97707,1807,3900486,12854700
6943,93,92,97614,1808,3900578,13173200
6944,82,97,97532,1793,3900675,13474800
6945,84,90,97448,1787,3900765,13380700
6946,95,87,97353,1795,3900852,13317800
6947,93,93,97260,1795,3900945,12870400
6948,87,89,97173,1793,3901034,15285900
6949,93,86,97080,1800,3901120,14560500
6950,85,103,96995,1782,3901223,17279500
6951,93,71,96902,1804,3901294,15911000
6952,84,87,96818,1801,3901381,15188000
6953,97,90,96721,1808,3901471,14414100
6954,107,88,96614,1827,3901559,14464100
6955,87,87,96527,1827,3901646,16211500
6956,76,107,96451,1796,3901753,14896600
6957,80,90,96371,1786,3901843,13537600
6958,90,84,96281,1792,3901927,13237800
6959,85,97,96196,1780,3902024,13585900
6960,99,88,96097,1791,3902112,15548800
6961,72,93,96025,1770,3902205,14012100
6962,105,96,95920,1779,3902301,13134700
6963,83,110,95837,1752,3902411,13073800
6964,75,89,95762,1738,3902500,13040000
6965,93,83,95669,1748,3902583,13213700
6966,92,77,95577,1763,3902660,12653700
6967,100,90,95477,1773,3902750,14010400
6968,84,85,95393,1772,3902835,15261400
6969,81,85,95312,1768,3902920,13488400
6970,84,70,95228,1782,3902990,12783300
6971,83,106,95145,1759,3903096,12934000
6972,86,96,95059,1749,3903192,12719800
6973,86,88,94973,1747,3903280,12805900
6974,91,84,94882,1754,3903364,13026200
6975,86,96,94796,1744,3903460,12687900
6976,68,71,94728,1741,3903531,13172300
6977,85,97,94643,1729,3903628,12805100
6978,84,97,94559,1716,3903725,12954200
6979,78,75,94481,1719,3903800,13203100
6980,91,85,94390,1725,3903885,13892100
6981,89,73,94301,1741,3903958,12980500
6982,88,89,94213,1740,3904047,13828000
6983,98,94,94115,1744,3904141,13225200
6984,91,82,94024,1753,3904223,13003500
6985,87,77,93937,1763,3904300,12879600
6986,96,86,93841,1773,3904386,13139200
6987,90,82,93751,1781,3904468,13312600
6988,78,76,93673,1783,3904544,12657000
6989,90,95,93583,1778,3904639,13322300
6990,100,90,93483,1788,3904729,13302700
6991,102,90,93381,1800,3904819,13152000
6992,91,103,93290,1788,3904922,13558600
6993,70,75,93220,1783,3904997,12963600
6994,98,93,93122,1788,3905090,12837000
6995,79,85,93043,1782,3905175,16126600
6996,84,104,92959,1762,3905279,15141300
6997,89,81,92870,1770,3905360,12877000
6998,90,76,92780,1784,3905436,13108400
6999,90,88,92690,1786,3905524,13012600
7000,68,90,92622,1764,3905614,13154300
7001,72,75,92550,1761,3905689,13216500
7002,80,83,92470,1758,3905772,12983400
7003,89,79,92381,1768,3905851,13310600
7004,78,94,92303,1752,3905945,12918100
7005,89,91,92214,1750,3906036,13150000
7006,92,81,92122,1761,3906117,13002100
7007,84,95,92038,1750,3906212,12881100
7008,74,92,91964,1732,3906304,12932200
7009,87,88,91877,1731,3906392,13015600
7010,75,84,91802,1722,3906476,13227200
7011,73,93,91729,1702,3906569,15501000
7012,86,81,91643,1707,3906650,13308800
7013,86,84,91557,1709,3906734,12931500
7014,85,90,91472,1704,3906824,13679200
7015,79,87,91393,1696,3906911,13107400
7016,70,85,91323,1681,3906996,13409900
7017,88,88,91235,1681,3907084,12796800
7018,64,93,91171,1652,3907177,12658500
7019,71,90,91100,1633,3907267,13292900
7020,82,80,91018,1635,3907347,13628700
7021,86,79,90932,1642,3907426,12805100
7022,79,86,90853,1635,3907512,12953300
7023,74,84,90779,1625,3907596,12746100
7024,77,85,90702,1617,3907681,12904900
7025,81,80,90621,1618,3907761,12724000
7026,71,88,90550,1601,3907849,13157300
7027,73,71,90477,1603,3907920,12813900
7028,70,75,90407,1598,3907995,12760200
7029,82,85,90325,1595,3908080,13293300
7030,68,59,90257,1604,3908139,12640000
7031,73,75,90184,1602,3908214,12622500
7032,66,84,90118,1584,3908298,12674600
7033,85,84,90033,1585,3908382,12661000
7034,74,93,89959,1566,3908475,12654700
7035,80,87,89879,1559,3908562,12654900
7036,71,84,89808,1546,3908646,12638400
7037,76,78,89732,1544,3908724,12664700
7038,76,74,89656,1546,3908798,13213100
7039,91,95,89565,1542,3908893,12831600
7040,71,106,89494,1507,3908999,16475400
7041,93,79,89401,1521,3909078,16097600
7042,65,82,89336,1504,3909160,13309700
7043,64,78,89272,1490,3909238,13119100
7044,73,71,89199,1492,3909309,12699400
7045,88,75,89111,1505,3909384,12753600
7046,76,91,89035,1490,3909475,12672000
7047,64,87,88971,1467,3909562,12705700
7048,85,79,88886,1473,3909641,12684300
7049,64,77,88822,1460,3909718,13048700
7050,64,62,88758,1462,3909780,13060500
7051,77,74,88681,1465,3909854,12858200
7052,78,75,88603,1468,3909929,13115500
7053,70,62,88533,1476,3909991,12711800
7054,93,72,88440,1497,3910063,12898500
7055,94,54,88346,1537,3910117,12727700
7056,88,83,88258,1542,3910200,13642600
7057,80,75,88178,1547,3910275,13709500
7058,96,72,88082,1571,3910347,12838700
7059,87,81,87995,1577,3910428,13269600
7060,88,82,87907,1583,3910510,13970200
7061,81,72,87826,1592,3910582,15490600
7062,95,95,87731,1592,3910677,17856500
7063,78,85,87653,1585,3910762,14806500
7064,77,89,87576,1573,3910851,13335600
7065,78,83,87498,1568,3910934,12886300
7066,78,75,87420,1571,3911009,12972400
7067,60,98,87360,1533,3911107,13564400
7068,79,60,87281,1552,3911167,13056000
7069,79,77,87202,1554,3911244,13873500
7070,63,78,87139,1539,3911322,13560800
7071,75,77,87064,1537,3911399,13045100
7072,64,79,87000,1522,3911478,13842900
7073,82,70,86918,1534,3911548,14062000
7074,66,83,86852,1517,3911631,13253400
7075,81,72,86771,1526,3911703,14068700
7076,73,82,86698,1517,3911785,13887200
7077,62,84,86636,1495,3911869,13216400
7078,61,63,86575,1493,3911932,13026400
7079,82,65,86493,1510,3911997,13033400
7080,72,67,86421,1515,3912064,12860200
7081,60,79,86361,1496,3912143,12989900
7082,75,80,86286,1491,3912223,13045800
7083,65,87,86221,1469,3912310,13471400
7084,63,73,86158,1459,3912383,13569700
7085,75,58,86083,1476,3912441,13175900
7086,78,79,86005,1475,3912520,13398400
7087,82,63,85923,1494,3912583,15561800
7088,74,71,85849,1497,3912654,14592500
7089,88,74,85761,1511,3912728,15725200
7090,89,81,85672,1519,3912809,13752100
7091,89,73,85583,1535,3912882,13440400
7092,72,73,85511,1534,3912955,16400400
7093,72,82,85439,1524,3913037,16122500
7094,80,65,85359,1539,3913102,16037500
7095,79,76,85280,1542,3913178,16662700
7096,67,88,85213,1521,3913266,15915500
7097,75,68,85138,1528,3913334,13458600
7098,75,86,85063,1517,3913420,15046500
7099,69,93,84994,1493,3913513,13985500
7100,71,80,84923,1484,3913593,13721200
7101,75,85,84848,1474,3913678,14947100
7102,73,86,84775,1461,3913764,16218300
7103,68,74,84707,1455,3913838,14007300
7104,81,78,84626,1458,3913916,16889400
7105,70,69,84556,1459,3913985,14378800
7106,78,86,84478,1451,3914071,14752600
7107,79,66,84399,1464,3914137,13638600
7108,88,76,84311,1476,3914213,13751600
7109,82,69,84229,1489,3914282,13378600
7110,79,81,84150,1487,3914363,14729200
7111,71,62,84079,1496,3914425,14632800
7112,70,76,84009,1490,3914501,14233200
7113,67,84,83942,1473,3914585,16278100
7114,72,79,83870,1466,3914664,16573100
7115,94,87,83776,1473,3914751,17538100
7116,87,69,83689,1491,3914820,17890800
7117,84,77,83605,1498,3914897,19337200
7118,85,76,83520,1507,3914973,17296300
7119,59,63,83461,1503,3915036,31624800
7120,61,75,83400,1489,3915111,17662500
7121,59,78,83341,1470,3915189,14318100
7122,70,76,83271,1464,3915265,15691600
7123,61,74,83210,1451,3915339,16545000
7124,72,76,83138,1447,3915415,16062700
7125,74,79,83064,1442,3915494,18607500
7126,77,66,82987,1453,3915560,16660500
7127,66,90,82921,1429,3915650,16529000
7128,54,76,82867,1407,3915726,16007600
7129,68,70,82799,1405,3915796,14625600
7130,75,68,82724,1412,3915864,15460600
7131,60,70,82664,1402,3915934,15618400
7132,64,76,82600,1390,3916010,17081900
7133,63,56,82537,1397,3916066,16680000
7134,62,77,82475,1382,3916143,14010100
7135,65,72,82410,1375,3916215,13148200
7136,63,76,82347,1362,3916291,13444100
7137,76,70,82271,1368,3916361,13186900
7138,78,75,82193,1371,3916436,13722300
7139,71,60,82122,1382,3916496,15914700
7140,88,64,82034,1406,3916560,15140000
7141,57,77,81977,1386,3916637,13786200
7142,68,74,81909,1380,3916711,13732800
7143,67,68,81842,1379,3916779,13229600
7144,70,65,81772,1384,3916844,12760800
7145,80,64,81692,1400,3916908,13130600
7146,90,52,81602,1438,3916960,13830700
7147,62,69,81540,1431,3917029,16503700
7148,72,70,81468,1433,3917099,13884500
7149,73,65,81395,1441,3917164,12813800
7150,56,67,81339,1430,3917231,14205400
7151,75,80,81264,1425,3917311,14926500
7152,76,64,81188,1437,3917375,15267300
7153,79,73,81109,1443,3917448,13095400
7154,67,66,81042,1444,3917514,13981900
7155,67,81,80975,1430,3917595,13023300
7156,77,74,80898,1433,3917669,12938200
7157,72,65,80826,1440,3917734,13248600
7158,73,86,80753,1427,3917820,12823000
7159,71,76,80682,1422,3917896,12863800
7160,66,62,80616,1426,3917958,15576100
7161,68,68,80548,1426,3918026,14012600
7162,71,79,80477,1418,3918105,13461800
7163,69,70,80408,1417,3918175,13340900
7164,58,72,80350,1403,3918247,13157300
7165,71,59,80279,1415,3918306,13087700
7166,78,70,80201,1423,3918376,13748700
7167,52,63,80149,1412,3918439,13050400
7168,73,72,80076,1413,3918511,13264900
7169,63,67,80013,1409,3918578,13615100
7170,66,64,79947,1411,3918642,12863100
7171,73,69,79874,1415,3918711,13227200
7172,62,78,79812,1399,3918789,12897000
7173,59,64,79753,1394,3918853,12825000
7174,49,66,79704,1377,3918919,12853600
7175,59,74,79645,1362,3918993,13416100
7176,50,67,79595,1345,3919060,13492500
7177,65,59,79530,1351,3919119,13610000
7178,65,64,79465,1352,3919183,13498600
7179,71,68,79394,1355,3919251,13668900
7180,64,55,79330,1364,3919306,13263600
7181,65,65,79265,1364,3919371,14529500
7182,56,75,79209,1345,3919446,13397800
7183,62,65,79147,1342,3919511,13220700
7184,70,61,79077,1351,3919572,13338600
7185,57,64,79020,1344,3919636,13079900
7186,66,71,78954,1339,3919707,13529500
7187,57,74,78897,1322,3919781,13437500
7188,64,62,78833,1324,3919843,13042900
7189,62,63,78771,1323,3919906,16091100
7190,77,68,78694,1332,3919974,13666200
7191,51,62,78643,1321,3920036,13372000
7192,58,63,78585,1316,3920099,12698200
7193,42,58,78543,1300,3920157,12814300
7194,49,84,78494,1265,3920241,13093400
7195,52,68,78442,1249,3920309,12934600
7196,56,60,78386,1245,3920369,13037000
7197,43,49,78343,1239,3920418,12870400
7198,57,57,78286,1239,3920475,13058100
7199,58,62,78228,1235,3920537,12996900
7200,69,70,78159,1234,3920607,13193100
7201,68,61,78091,1241,3920668,12669400
7202,71,71,78020,1241,3920739,12871300
7203,54,57,77966,1238,3920796,13055200
7204,63,65,77903,1236,3920861,12900400
7205,54,64,77849,1226,3920925,12761100
7206,73,48,77776,1251,3920973,13108700
7207,66,60,77710,1257,3921033,13804900
7208,72,66,77638,1263,3921099,12794900
7209,70,65,77568,1268,3921164,12583300
7210,70,60,77498,1278,3921224,12798000
7211,56,70,77442,1264,3921294,12704900
7212,61,65,77381,1260,3921359,14003900
7213,60,57,77321,1263,3921416,13607300
7214,64,61,77257,1266,3921477,12750200
7215,56,57,77201,1265,3921534,13495500
7216,63,55,77138,1273,3921589,12913400
7217,56,62,77082,1267,3921651,12693700
7218,79,62,77003,1284,3921713,12847900
7219,59,70,76944,1273,3921783,12644300
7220,55,65,76889,1263,3921848,12710100
7221,49,65,76840,1247,3921913,12649200
7222,58,54,76782,1251,3921967,12636300
7223,58,58,76724,1251,3922025,12837800
7224,54,76,76670,1229,3922101,12723700
7225,63,53,76607,1239,3922154,12905500
7226,63,67,76544,1235,3922221,12967700
7227,65,51,76479,1249,3922272,12645600
7228,68,64,76411,1253,3922336,12654100
7229,48,64,76363,1237,3922400,13044600
7230,72,53,76291,1256,3922453,12607500
7231,65,69,76226,1252,3922522,12741000
7232,64,70,76162,1246,3922592,12971100
7233,69,63,76093,1252,3922655,12707300
7234,57,60,76036,1249,3922715,12680200
7235,73,68,75963,1254,3922783,12663200
7236,63,60,75900,1257,3922843,12634900
7237,57,67,75843,1247,3922910,12973400
7238,43,61,75800,1229,3922971,13127500
7239,52,58,75748,1223,3923029,12622200
7240,59,69,75689,1213,3923098,13295100
7241,68,74,75621,1207,3923172,12668300
7242,51,73,75570,1185,3923245,12661300
7243,62,58,75508,1189,3923303,13101300
7244,55,53,75453,1191,3923356,12690800
7245,50,46,75403,1195,3923402,12650700
7246,62,50,75341,1207,3923452,12843700
7247,57,63,75284,1201,3923515,12656000
7248,57,58,75227,1200,3923573,12629200
7249,56,54,75171,1202,3923627,12592500
7250,57,64,75114,1195,3923691,12615500
7251,47,63,75067,1179,3923754,12619700
7252,61,49,75006,1191,3923803,12661900
7253,64,64,74942,1191,3923867,12698400
7254,61,59,74881,1193,3923926,12710400
7255,50,64,74831,1179,3923990,12692400
7256,48,69,74783,1158,3924059,12663800
7257,55,70,74728,1143,3924129,12634500
7258,57,58,74671,1142,3924187,13008300
7259,50,67,74621,1125,3924254,12636600
7260,47,46,74574,1126,3924300,13208400
7261,45,59,74529,1112,3924359,13154800
7262,45,62,74484,1095,3924421,12484300
7263,50,52,74434,1093,3924473,13170400
7264,62,48,74372,1107,3924521,12650800
7265,60,54,74312,1113,3924575,12547800
7266,59,60,74253,1112,3924635,12940400
7267,52,52,74201,1112,3924687,12861100
7268,54,49,74147,1117,3924736,12852700
7269,55,49,74092,1123,3924785,12725900
7270,56,58,74036,1121,3924843,12758300
7271,59,66,73977,1114,3924909,12774500
7272,56,45,73921,1125,3924954,12968600
7273,55,55,73866,1125,3925009,12843800
7274,66,55,73800,1136,3925064,12967300
7275,58,52,73742,1142,3925116,12763600
7276,64,54,73678,1152,3925170,12786200
7277,46,50,73632,1148,3925220,12908200
7278,54,48,73578,1154,3925268,13130500
7279,59,54,73519,1159,3925322,12805800
7280,64,50,73455,1173,3925372,13159900
7281,48,65,73407,1156,3925437,13178600
7282,53,51,73354,1158,3925488,12693900
7283,62,69,73292,1151,3925557,12703600
7284,49,55,73243,1145,3925612,13114400
7285,51,56,73192,1140,3925668,12869100
7286,54,54,73138,1140,3925722,15810100
7287,41,56,73097,1125,3925778,12520900
7288,47,50,73050,1122,3925828,12558300
7289,38,54,73012,1106,3925882,12654300
7290,59,52,72953,1113,3925934,12747100
7291,49,49,72904,1113,3925983,13010300
7292,52,57,72852,1108,3926040,12738500
7293,53,58,72799,1103,3926098,12846600
7294,57,45,72742,1115,3926143,15006900
7295,52,64,72690,1103,3926207,13025100
7296,56,62,72634,1097,3926269,13019200
7297,56,50,72578,1103,3926319,12971000
7298,37,63,72541,1077,3926382,12605200
7299,45,56,72496,1066,3926438,12531300
7300,57,58,72439,1065,3926496,12585100
7301,43,46,72396,1062,3926542,12658500
7302,51,62,72345,1051,3926604,12594400
7303,56,62,72289,1045,3926666,12559300
7304,54,58,72235,1041,3926724,12566000
7305,53,58,72182,1036,3926782,12568100
7306,74,57,72108,1053,3926839,12589400
7307,57,60,72051,1050,3926899,12630500
7308,45,52,72006,1043,3926951,12933500
7309,57,58,71949,1042,3927009,15497600
7310,52,45,71897,1049,3927054,14106300
7311,56,49,71841,1056,3927103,13030200
7312,49,50,71792,1055,3927153,13807700
7313,54,57,71738,1052,3927210,13236700
7314,55,53,71683,1054,3927263,13187100
7315,42,52,71641,1044,3927315,13316100
7316,52,46,71589,1050,3927361,13672300
7317,49,42,71540,1057,3927403,15200000
7318,58,56,71482,1059,3927459,15488300
7319,53,63,71429,1049,3927522,14607700
7320,49,56,71380,1042,3927578,13711500
7321,49,55,71331,1036,3927633,13291400
7322,50,46,71281,1040,3927679,13803800
7323,47,52,71234,1035,3927731,13497900
7324,49,62,71185,1022,3927793,14180000
7325,59,57,71126,1024,3927850,14490600
7326,58,59,71068,1023,3927909,15383300
7327,44,55,71024,1012,3927964,14169400
7328,59,53,70965,1018,3928017,13539000
7329,49,48,70916,1019,3928065,14324800
7330,50,54,70866,1015,3928119,13969600
7331,50,48,70816,1017,3928167,16253800
7332,44,42,70772,1019,3928209,13923000
7333,44,51,70728,1012,3928260,13569600
7334,56,54,70672,1014,3928314,13493900
7335,34,67,70638,981,3928381,13836000
7336,46,47,70592,980,3928428,13130800
7337,39,46,70553,973,3928474,12896500
7338,41,46,70512,968,3928520,13404400
7339,40,43,70472,965,3928563,13290800
7340,36,46,70436,955,3928609,13408600
7341,50,44,70386,961,3928653,13011200
7342,40,49,70346,952,3928702,12981400
7343,35,34,70311,953,3928736,13719400
7344,39,51,70272,941,3928787,13898100
7345,35,49,70237,927,3928836,14534900
7346,49,47,70188,929,3928883,13573400
7347,42,55,70146,916,3928938,13451700
7348,45,39,70101,922,3928977,12792200
7349,45,41,70056,926,3929018,13304700
7350,44,46,70012,924,3929064,16558100
7351,37,37,69975,924,3929101,16991300
7352,39,39,69936,924,3929140,13821900
7353,45,47,69891,922,3929187,14364700
7354,46,51,69845,917,3929238,13056300
7355,50,46,69795,921,3929284,13542000
7356,35,43,69760,913,3929327,13430700
7357,38,51,69722,900,3929378,14612400
7358,35,45,69687,890,3929423,15888700
7359,44,44,69643,890,3929467,15186600
7360,38,47,69605,881,3929514,14512900
7361,34,39,69571,876,3929553,13341500
7362,40,44,69531,872,3929597,13843200
7363,43,39,69488,876,3929636,13779600
7364,36,44,69452,868,3929680,16603600
7365,43,41,69409,870,3929721,15463700
7366,43,40,69366,873,3929761,17806200
7367,41,36,69325,878,3929797,13751800
7368,45,52,69280,871,3929849,13521400
7369,40,42,69240,869,3929891,13608100
7370,44,38,69196,875,3929929,15884000
7371,37,38,69159,874,3929967,13540300
7372,41,50,69118,865,3930017,14093700
7373,34,49,69084,850,3930066,12921700
7374,36,42,69048,844,3930108,13012900
7375,32,56,69016,820,3930164,12581600
7376,36,40,68980,816,3930204,12586900
7377,43,31,68937,828,3930235,12833500
7378,38,35,68899,831,3930270,12790900
7379,50,39,68849,842,3930309,12717700
7380,36,37,68813,841,3930346,12755900
7381,33,39,68780,835,3930385,13480100
7382,37,40,68743,832,3930425,12957000
7383,43,34,68700,841,3930459,12786200
7384,47,40,68653,848,3930499,12727500
7385,38,38,68615,848,3930537,12616300
7386,38,43,68577,843,3930580,12835400
7387,45,42,68532,846,3930622,12814100
7388,35,41,68497,840,3930663,12644000
7389,31,33,68466,838,3930696,12924600
7390,49,43,68417,844,3930739,13214900
7391,25,35,68392,834,3930774,13384200
7392,40,42,68352,832,3930816,12677200
7393,37,50,68315,819,3930866,12881500
7394,37,52,68278,804,3930918,12699000
7395,28,49,68250,783,3930967,13117400
7396,48,39,68202,792,3931006,12680200
7397,40,24,68162,808,3931030,12639200
7398,37,45,68125,800,3931075,12604000
7399,39,33,68086,806,3931108,12610400
7400,40,34,68046,812,3931142,12820500
7401,31,33,68015,810,3931175,12919400
7402,32,38,67983,804,3931213,12900300
7403,36,32,67947,808,3931245,12604200
7404,38,32,67909,814,3931277,13049800
7405,36,29,67873,821,3931306,12643700
7406,48,41,67825,828,3931347,12723700
7407,38,50,67787,816,3931397,12992500
7408,24,31,67763,809,3931428,12514800
7409,29,37,67734,801,3931465,12768100
7410,35,42,67699,794,3931507,12622600
7411,39,29,67660,804,3931536,12660900
7412,30,44,67630,790,3931580,12766500
7413,29,38,67601,781,3931618,12759400
7414,29,51,67572,759,3931669,12580000
7415,37,46,67535,750,3931715,12587300
7416,37,32,67498,755,3931747,12911400
7417,33,34,67465,754,3931781,12955200
7418,36,44,67429,746,3931825,12778500
7419,36,37,67393,745,3931862,12627200
7420,36,38,67357,743,3931900,12648700
7421,38,44,67319,737,3931944,12774200
7422,29,36,67290,730,3931980,12787000
7423,43,49,67247,724,3932029,12790000
7424,39,32,67208,731,3932061,12921900
7425,22,36,67186,717,3932097,12627600
7426,34,30,67152,721,3932127,13557700
7427,40,37,67112,724,3932164,12702900
7428,32,44,67080,712,3932208,12573000
7429,32,36,67048,708,3932244,12613300
7430,30,40,67018,698,3932284,12641600
7431,30,37,66988,691,3932321,12616600
7432,26,28,66962,689,3932349,12653100
7433,23,34,66939,678,3932383,13486700
7434,28,47,66911,659,3932430,13372700
7435,26,29,66885,656,3932459,12712200
7436,34,29,66851,661,3932488,12979400
7437,31,38,66820,654,3932526,12693800
7438,29,32,66791,651,3932558,12715500
7439,33,43,66758,641,3932601,12637900
7440,30,37,66728,634,3932638,14284800
7441,24,40,66704,618,3932678,14907500
7442,25,35,66679,608,3932713,13216700
7443,37,23,66642,622,3932736,13614300
7444,34,32,66608,624,3932768,12533800
7445,38,36,66570,626,3932804,12602500
7446,41,30,66529,637,3932834,12614000
7447,38,42,66491,633,3932876,12705600
7448,26,32,66465,627,3932908,12721900
7449,27,33,66438,621,3932941,12592600
7450,32,40,66406,613,3932981,12555000
7451,19,29,66387,603,3933010,13016200
7452,28,31,66359,600,3933041,13006600
7453,29,34,66330,595,3933075,12804600
7454,30,26,66300,599,3933101,13085800
7455,36,44,66264,591,3933145,12673600
7456,24,22,66240,593,3933167,12657600
7457,26,31,66214,588,3933198,12777800
7458,33,20,66181,601,3933218,13639500
7459,29,30,66152,600,3933248,12859100
7460,41,45,66111,596,3933293,12896000
7461,36,26,66075,606,3933319,12760700
7462,26,32,66049,600,3933351,12753600
7463,29,45,66020,584,3933396,12768700
7464,23,31,65997,576,3933427,15126800
7465,30,33,65967,573,3933460,13561600
7466,22,24,65945,571,3933484,12534900
7467,30,32,65915,569,3933516,12604600
7468,25,30,65890,564,3933546,12606400
7469,34,35,65856,563,3933581,12887200
7470,32,26,65824,569,3933607,12919600
7471,30,27,65794,572,3933634,12547900
7472,30,28,65764,574,3933662,12536300
7473,31,30,65733,575,3933692,12514500
7474,37,29,65696,583,3933721,13012100
7475,30,25,65666,588,3933746,13055400
7476,39,40,65627,587,3933786,12955000
7477,23,31,65604,579,3933817,12516800
7478,35,26,65569,588,3933843,12478500
7479,18,37,65551,569,3933880,12554900
7480,25,25,65526,569,3933905,12532500
7481,30,32,65496,567,3933937,12513900
7482,26,23,65470,570,3933960,13185700
7483,31,33,65439,568,3933993,12467500
7484,33,26,65406,575,3934019,12591000
7485,29,33,65377,571,3934052,12913100
7486,27,28,65350,570,3934080,12736700
7487,30,28,65320,572,3934108,12841300
7488,26,31,65294,567,3934139,13066100
7489,34,26,65260,575,3934165,12547100
7490,29,27,65231,577,3934192,12850000
7491,36,28,65195,585,3934220,12983100
7492,32,43,65163,574,3934263,12882100
7493,33,26,65130,581,3934289,13150400
7494,36,37,65094,580,3934326,12627600
7495,32,34,65062,578,3934360,12621500
7496,26,28,65036,576,3934388,18129300
7497,30,30,65006,576,3934418,13326800
7498,32,25,64974,583,3934443,13163500
7499,32,20,64942,595,3934463,12989500
7500,19,32,64923,582,3934495,14901400
7501,25,30,64898,577,3934525,14255100
7502,34,30,64864,581,3934555,12911500
7503,29,35,64835,575,3934590,13376400
7504,37,36,64798,576,3934626,12748400
7505,35,27,64763,584,3934653,12703600
7506,29,15,64734,598,3934668,13100300
7507,30,30,64704,598,3934698,12701200
7508,27,22,64677,603,3934720,12701900
7509,36,42,64641,597,3934762,12616700
7510,31,30,64610,598,3934792,12618600
7511,25,27,64585,596,3934819,13490100
7512,35,30,64550,601,3934849,13279500
7513,25,25,64525,601,3934874,12941000
7514,36,28,64489,609,3934902,13564800
7515,34,34,64455,609,3934936,13024500
7516,32,27,64423,614,3934963,14066900
7517,33,43,64390,604,3935006,13103700
7518,27,31,64363,600,3935037,15507100
7519,29,27,64334,602,3935064,14679500
7520,24,36,64310,590,3935100,14209600
7521,34,28,64276,596,3935128,15459500
7522,31,26,64245,601,3935154,14075300
7523,28,25,64217,604,3935179,12945800
7524,33,31,64184,606,3935210,13395800
7525,22,24,64162,604,3935234,14777900
7526,23,20,64139,607,3935254,16035600
7527,28,34,64111,601,3935288,13111500
7528,32,28,64079,605,3935316,13768600
7529,36,17,64043,624,3935333,14775600
7530,23,33,64020,614,3935366,15522500
7531,29,36,63991,607,3935402,13244500
7532,28,30,63963,605,3935432,14794600
7533,30,26,63933,609,3935458,14300000
7534,22,23,63911,608,3935481,14246500
7535,20,24,63891,604,3935505,15379900
7536,24,27,63867,601,3935532,14565700
7537,19,38,63848,582,3935570,14487400
7538,25,32,63823,575,3935602,15079900
7539,17,31,63806,561,3935633,16992900
7540,24,39,63782,546,3935672,17950400
7541,20,24,63762,542,3935696,15973100
7542,27,28,63735,541,3935724,21102100
7543,18,22,63717,537,3935746,18031300
7544,22,24,63695,535,3935770,19741900
7545,23,20,63672,538,3935790,17649000
7546,24,30,63648,532,3935820,17512300
7547,22,23,63626,531,3935843,26357300
7548,20,25,63606,526,3935868,15679600
7549,20,28,63586,518,3935896,13811400
7550,20,26,63566,512,3935922,13425800
7551,26,17,63540,521,3935939,14299600
7552,24,27,63516,518,3935966,13371300
7553,27,23,63489,522,3935989,15906800
7554,22,19,63467,525,3936008,14126800
7555,16,24,63451,517,3936032,13231000
7556,28,25,63423,520,3936057,15717200
7557,18,33,63405,505,3936090,12869100
7558,28,23,63377,510,3936113,13038800
7559,24,23,63353,511,3936136,12711500
7560,16,22,63337,505,3936158,12678900
7561,20,14,63317,511,3936172,12765700
7562,13,23,63304,501,3936195,12974500
7563,23,20,63281,504,3936215,12830100
7564,29,17,63252,516,3936232,13122700
7565,21,28,63231,509,3936260,12655700
7566,23,35,63208,497,3936295,12984900
7567,15,21,63193,491,3936316,13528700
7568,15,23,63178,483,3936339,12855800
7569,18,24,63160,477,3936363,12945400
7570,21,24,63139,474,3936387,13024800
7571,23,16,63116,481,3936403,13269600
7572,14,18,63102,477,3936421,12918400
7573,16,23,63086,470,3936444,12630000
7574,31,20,63055,481,3936464,12721700
7575,31,37,63024,475,3936501,12674300
7576,16,26,63008,465,3936527,13118300
7577,25,12,62983,478,3936539,12623900
7578,23,22,62960,479,3936561,13414300
7579,19,12,62941,486,3936573,13199800
7580,17,30,62924,473,3936603,12661400
7581,23,26,62901,470,3936629,13244900
7582,23,21,62878,472,3936650,12866300
7583,20,20,62858,472,3936670,13203900
7584,23,26,62835,469,3936696,13457500
7585,17,29,62818,457,3936725,12776600
7586,22,31,62796,448,3936756,12709600
7587,26,22,62770,452,3936778,13027900
7588,18,16,62752,454,3936794,13021600
7589,31,28,62721,457,3936822,12785700
7590,23,26,62698,454,3936848,12691300
7591,19,15,62679,458,3936863,13202400
7592,13,21,62666,450,3936884,12560000
7593,24,18,62642,456,3936902,13117400
7594,17,33,62625,440,3936935,12951100
7595,17,32,62608,425,3936967,12531600
7596,22,25,62586,422,3936992,12624300
7597,15,27,62571,410,3937019,12955800
7598,16,25,62555,401,3937044,12781700
7599,14,23,62541,392,3937067,12901700
7600,19,19,62522,392,3937086,12734900
7601,13,21,62509,384,3937107,12748900
7602,17,14,62492,387,3937121,12705200
7603,17,14,62475,390,3937135,12976900
7604,11,17,62464,384,3937152,12830000
7605,10,22,62454,372,3937174,12828200
7606,15,27,62439,360,3937201,12665000
7607,16,27,62423,349,3937228,12880300
7608,15,20,62408,344,3937248,12743100
7609,19,10,62389,353,3937258,12709800
7610,16,17,62373,352,3937275,12912900
7611,20,19,62353,353,3937294,12833700
7612,19,7,62334,365,3937301,12743900
7613,19,15,62315,369,3937316,12862000
7614,22,26,62293,365,3937342,12838800
7615,16,14,62277,367,3937356,12701200
7616,16,21,62261,362,3937377,12837800
7617,19,22,62242,359,3937399,13789000
7618,11,17,62231,353,3937416,12519900
7619,19,23,62212,349,3937439,12727900
7620,20,27,62192,342,3937466,13239500
7621,14,19,62178,337,3937485,13102300
7622,18,14,62160,341,3937499,12892100
7623,20,14,62140,347,3937513,12660700
7624,12,20,62128,339,3937533,12858100
7625,20,17,62108,342,3937550,15070800
7626,11,13,62097,340,3937563,13391700
7627,10,13,62087,337,3937576,12814900
7628,13,15,62074,335,3937591,13116900
7629,12,19,62062,328,3937610,13237600
7630,8,11,62054,325,3937621,13113600
7631,19,22,62035,322,3937643,12678400
7632,14,21,62021,315,3937664,12677500
7633,14,15,62007,314,3937679,12652000
7634,17,12,61990,319,3937691,12521500
7635,10,17,61980,312,3937708,13041300
7636,22,9,61958,325,3937717,13148100
7637,15,13,61943,327,3937730,13147000
7638,13,10,61930,330,3937740,12880200
7639,16,19,61914,327,3937759,13003000
7640,10,23,61904,314,3937782,13057300
7641,17,15,61887,316,3937797,13110300
7642,11,17,61876,310,3937814,14431900
7643,8,8,61868,310,3937822,13762900
7644,12,16,61856,306,3937838,12994000
7645,12,13,61844,305,3937851,13229000
7646,11,15,61833,301,3937866,14211200
7647,13,14,61820,300,3937880,12714100
7648,15,18,61805,297,3937898,15594100
7649,15,16,61790,296,3937914,14905600
7650,15,12,61775,299,3937926,12930300
7651,11,12,61764,298,3937938,12741200
7652,11,13,61753,296,3937951,12692100
7653,7,16,61746,287,3937967,13161500
7654,6,14,61740,279,3937981,12490700
7655,12,10,61728,281,3937991,12564100
7656,9,16,61719,274,3938007,13004800
7657,8,15,61711,267,3938022,12549000
7658,7,20,61704,254,3938042,12786700
7659,10,12,61694,252,3938054,12800800
7660,15,6,61679,261,3938060,12612100
7661,8,15,61671,254,3938075,13646700
7662,7,13,61664,248,3938088,13401900
7663,14,13,61650,249,3938101,13675000
7664,14,10,61636,253,3938111,20137800
7665,12,13,61624,252,3938124,15283100
7666,11,7,61613,256,3938131,14992100
7667,6,11,61607,251,3938142,13747700
7668,11,9,61596,253,3938151,13127700
7669,13,10,61583,256,3938161,13001800
7670,11,17,61572,250,3938178,13700100
7671,12,10,61560,252,3938188,13173100
7672,15,12,61545,255,3938200,12883000
7673,12,12,61533,255,3938212,13279800
7674,8,8,61525,255,3938220,12764200
7675,22,17,61503,260,3938237,13316900
7676,8,13,61495,255,3938250,12787600
7677,6,11,61489,250,3938261,12907800
7678,9,12,61480,247,3938273,12680600
7679,8,11,61472,244,3938284,12560200
7680,10,7,61462,247,3938291,13016000
7681,10,12,61452,245,3938303,13724800
7682,5,11,61447,239,3938314,12847300
7683,7,17,61440,229,3938331,12728400
7684,9,15,61431,223,3938346,12832700
7685,8,14,61423,217,3938360,12853900
7686,15,11,61408,221,3938371,13510000
7687,14,8,61394,227,3938379,12524000
7688,12,5,61382,234,3938384,12951900
7689,15,11,61367,238,3938395,13391600
7690,9,11,61358,236,3938406,13465500
7691,8,9,61350,235,3938415,12804000
7692,11,19,61339,227,3938434,12729800
7693,6,14,61333,219,3938448,13448400
7694,8,14,61325,213,3938462,12554900
7695,9,13,61316,209,3938475,12518800
7696,7,9,61309,207,3938484,12522600
7697,11,11,61298,207,3938495,12522300
7698,10,7,61288,210,3938502,12776900
7699,5,13,61283,202,3938515,12978000
7700,10,6,61273,206,3938521,12945100
7701,11,6,61262,211,3938527,13412800
7702,10,7,61252,214,3938534,13995500
7703,14,14,61238,214,3938548,12840300
7704,7,10,61231,211,3938558,12985600
7705,10,13,61221,208,3938571,12844100
7706,10,7,61211,211,3938578,12856600
7707,11,10,61200,212,3938588,12624800
7708,6,11,61194,207,3938599,12799700
7709,5,9,61189,203,3938608,12786700
7710,7,11,61182,199,3938619,12578700
7711,9,8,61173,200,3938627,12773600
7712,6,8,61167,198,3938635,12619000
7713,10,5,61157,203,3938640,12764400
7714,6,9,61151,200,3938649,12837200
7715,8,15,61143,193,3938664,12743600
7716,10,10,61133,193,3938674,15432100
7717,6,7,61127,192,3938681,13772500
7718,5,8,61122,189,3938689,12990100
7719,5,12,61117,182,3938701,12734900
7720,8,10,61109,180,3938711,13376500
7721,7,12,61102,175,3938723,12942700
7722,11,7,61091,179,3938730,13516600
7723,7,16,61084,170,3938746,12643200
7724,5,7,61079,168,3938753,13538300
7725,6,9,61073,165,3938762,13218600
7726,6,10,61067,161,3938772,13426300
7727,4,6,61063,159,3938778,14186900
7728,8,2,61055,165,3938780,12660600
7729,7,9,61048,163,3938789,12870500
7730,5,8,61043,160,3938797,12942800
7731,6,10,61037,156,3938807,13677900
7732,4,4,61033,156,3938811,14820300
7733,5,6,61028,155,3938817,14058700
7734,7,4,61021,158,3938821,12715000
7735,6,15,61015,149,3938836,12881500
7736,6,9,61009,146,3938845,12747100
7737,4,8,61005,142,3938853,13279400
7738,4,6,61001,140,3938859,13385800
7739,4,9,60997,135,3938868,12913400
7740,4,2,60993,137,3938870,13964800
7741,7,9,60986,135,3938879,13339300
7742,7,3,60979,139,3938882,12534700
7743,13,9,60966,143,3938891,12626200
7744,7,9,60959,141,3938900,12599000
7745,2,4,60957,139,3938904,12891100
7746,11,5,60946,145,3938909,12658500
7747,8,6,60938,147,3938915,12526700
7748,7,6,60931,148,3938921,12531100
7749,5,6,60926,147,3938927,12493600
7750,2,7,60924,142,3938934,12521600
7751,4,7,60920,139,3938941,12630700
7752,8,6,60912,141,3938947,12565800
7753,5,8,60907,138,3938955,12509100
7754,5,5,60902,138,3938960,12798300
7755,10,5,60892,143,3938965,13026100
7756,11,4,60881,150,3938969,12499300
7757,4,6,60877,148,3938975,12579400
7758,6,10,60871,144,3938985,12647200
7759,2,9,60869,137,3938994,12627200
7760,7,5,60862,139,3938999,12552900
7761,3,5,60859,137,3939004,12745900
7762,2,11,60857,128,3939015,12502300
7763,2,11,60855,119,3939026,12469500
7764,1,7,60854,113,3939033,12403000
7765,3,8,60851,108,3939041,12467500
7766,2,6,60849,104,3939047,12510700
7767,2,5,60847,101,3939052,12540800
7768,0,5,60847,96,3939057,12503300
7769,2,2,60845,96,3939059,12622400
7770,0,9,60845,87,3939068,12697700
7771,1,4,60844,84,3939072,12777300
7772,2,3,60842,83,3939075,13090600
7773,1,3,60841,81,3939078,12788300
7774,0,6,60841,75,3939084,13220200
7775,0,2,60841,73,3939086,12704600
7776,0,5,60841,68,3939091,13133700
7777,0,4,60841,64,3939095,13097600
7778,0,3,60841,61,3939098,12990200
7779,0,6,60841,55,3939104,13307000
7780,0,3,60841,52,3939107,13058100
7781,0,1,60841,51,3939108,12870600
7782,0,3,60841,48,3939111,13032800
7783,0,4,60841,44,3939115,12844600
7784,0,3,60841,41,3939118,12860000
7785,0,4,60841,37,3939122,12663800
7786,1,2,60840,36,3939124,12910100
7787,1,3,60839,34,3939127,12997000
7788,0,2,60839,32,3939129,12734500
7789,0,3,60839,29,3939132,12545800
7790,1,3,60838,27,3939135,12460100
7791,1,2,60837,26,3939137,12471300
7792,0,2,60837,24,3939139,12517900
7793,0,1,60837,23,3939140,12635000
7794,0,0,60837,23,3939140,13329400
7795,0,1,60837,22,3939141,12583600
7796,1,1,60836,22,3939142,12580600
7797,0,2,60836,20,3939144,12772500
7798,0,0,60836,20,3939144,12618300
7799,1,1,60835,20,3939145,12480800
7800,1,0,60834,21,3939145,12585200
7801,2,0,60832,23,3939145,12622900
7802,0,1,60832,22,3939146,13753500
7803,0,1,60832,21,3939147,12918100
7804,0,0,60832,21,3939147,12651600
7805,0,2,60832,19,3939149,12960500
7806,1,0,60831,20,3939149,12604100
7807,1,2,60830,19,3939151,12670700
7808,1,3,60829,17,3939154,12491300
7809,2,0,60827,19,3939154,12584000
7810,0,0,60827,19,3939154,12742200
7811,1,0,60826,20,3939154,12978700
7812,0,0,60826,20,3939154,12901300
7813,0,0,60826,20,3939154,12871500
7814,0,0,60826,20,3939154,13059400
7815,0,0,60826,20,3939154,15098600
7816,0,0,60826,20,3939154,12902800
7817,0,1,60826,19,3939155,12804800
7818,0,0,60826,19,3939155,12706400
7819,0,0,60826,19,3939155,13409500
7820,0,0,60826,19,3939155,13123700
7821,0,0,60826,19,3939155,12711200
7822,0,0,60826,19,3939155,12609300
7823,0,0,60826,19,3939155,13525600
7824,0,1,60826,18,3939156,12955500
7825,0,2,60826,16,3939158,13686600
7826,0,0,60826,16,3939158,14202300
7827,0,0,60826,16,3939158,13140200
7828,1,1,60825,16,3939159,12626000
7829,0,0,60825,16,3939159,13003500
7830,0,2,60825,14,3939161,13007300
7831,0,0,60825,14,3939161,12912400
7832,1,0,60824,15,3939161,15517600
7833,0,1,60824,14,3939162,12626600
7834,0,1,60824,13,3939163,12592600
7835,0,1,60824,12,3939164,12589300
7836,0,0,60824,12,3939164,12669100
7837,0,1,60824,11,3939165,12410900
7838,0,0,60824,11,3939165,12456800
7839,0,1,60824,10,3939166,12755400
7840,0,1,60824,9,3939167,12481300
7841,0,1,60824,8,3939168,12851800
7842,0,0,60824,8,3939168,12470600
7843,0,1,60824,7,3939169,12435500
7844,1,0,60823,8,3939169,12575300
7845,0,0,60823,8,3939169,12478200
7846,0,0,60823,8,3939169,12431700
7847,1,0,60822,9,3939169,12738300
7848,0,1,60822,8,3939170,12769300
7849,0,1,60822,7,3939171,13004300
7850,0,0,60822,7,3939171,12638600
7851,0,0,60822,7,3939171,12455500
7852,0,0,60822,7,3939171,13006700
7853,0,0,60822,7,3939171,12755500
7854,0,0,60822,7,3939171,12760600
7855,0,0,60822,7,3939171,12609600
7856,0,1,60822,6,3939172,12636100
7857,0,0,60822,6,3939172,12645200
7858,1,0,60821,7,3939172,12508600
7859,0,0,60821,7,3939172,12464700
7860,0,1,60821,6,3939173,12496600
7861,0,0,60821,6,3939173,12471500
7862,1,0,60820,7,3939173,12443700
7863,0,0,60820,7,3939173,12473600
7864,0,0,60820,7,3939173,12477500
7865,0,1,60820,6,3939174,13053400
7866,0,0,60820,6,3939174,12629900
7867,1,1,60819,6,3939175,12813600
7868,2,1,60817,7,3939176,12472600
7869,1,0,60816,8,3939176,13078200
7870,0,0,60816,8,3939176,12462800
7871,0,1,60816,7,3939177,13013300
7872,0,0,60816,7,3939177,13015000
7873,0,1,60816,6,3939178,12620300
7874,0,0,60816,6,3939178,12441300
7875,0,1,60816,5,3939179,12450900
7876,0,0,60816,5,3939179,12560300
7877,0,0,60816,5,3939179,12783100
7878,0,0,60816,5,3939179,12701400
7879,0,0,60816,5,3939179,12570600
7880,0,0,60816,5,3939179,13174000
7881,1,0,60815,6,3939179,12820100
7882,0,0,60815,6,3939179,13106700
7883,0,0,60815,6,3939179,12512800
7884,1,0,60814,7,3939179,12800000
7885,2,0,60812,9,3939179,12879100
7886,0,2,60812,7,3939181,12454400
7887,0,0,60812,7,3939181,12596700
7888,1,0,60811,8,3939181,12599000
7889,1,1,60810,8,3939182,12441400
7890,0,0,60810,8,3939182,12496700
7891,0,0,60810,8,3939182,13188800
7892,0,0,60810,8,3939182,12757200
7893,0,0,60810,8,3939182,13869400
7894,0,0,60810,8,3939182,12625400
7895,0,0,60810,8,3939182,13101800
7896,0,1,60810,7,3939183,12906400
7897,0,1,60810,6,3939184,13072800
7898,0,0,60810,6,3939184,13560500
7899,0,1,60810,5,3939185,14586900
7900,0,1,60810,4,3939186,15170800
7901,0,1,60810,3,3939187,13663300
7902,0,0,60810,3,3939187,13092300
7903,0,0,60810,3,3939187,12415900
7904,0,0,60810,3,3939187,12859000
7905,0,0,60810,3,3939187,12639400
7906,0,0,60810,3,3939187,12580700
7907,0,0,60810,3,3939187,14545000
7908,0,0,60810,3,3939187,15146400
7909,0,0,60810,3,3939187,12504300
7910,0,1,60810,2,3939188,12715200
7911,0,0,60810,2,3939188,12725300
7912,0,0,60810,2,3939188,12935600
7913,0,0,60810,2,3939188,15815100
7914,0,0,60810,2,3939188,16593000
7915,0,0,60810,2,3939188,13249300
7916,0,0,60810,2,3939188,12610400
7917,0,0,60810,2,3939188,12838500
7918,0,0,60810,2,3939188,12673000
7919,0,0,60810,2,3939188,13040700
7920,0,0,60810,2,3939188,13243800
7921,0,0,60810,2,3939188,13963100
7922,0,0,60810,2,3939188,13032200
7923,0,0,60810,2,3939188,13395300
7924,0,0,60810,2,3939188,14108900
7925,0,0,60810,2,3939188,12802500
7926,0,0,60810,2,3939188,12550800
7927,0,0,60810,2,3939188,12849700
7928,0,0,60810,2,3939188,13042100
7929,0,0,60810,2,3939188,13347000
7930,0,1,60810,1,3939189,13835000
7931,0,0,60810,1,3939189,12415100
7932,0,0,60810,1,3939189,12618300
7933,0,0,60810,1,3939189,12853100
7934,0,0,60810,1,3939189,12844800
7935,0,0,60810,1,3939189,12462200
7936,0,0,60810,1,3939189,12422500
7937,0,0,60810,1,3939189,12926100
7938,0,0,60810,1,3939189,12497000
7939,0,0,60810,1,3939189,12766300
7940,0,0,60810,1,3939189,12910400
7941,0,0,60810,1,3939189,12729200
7942,0,0,60810,1,3939189,12746900
7943,0,0,60810,1,3939189,12574700
7944,0,0,60810,1,3939189,12580500
7945,0,0,60810,1,3939189,12435300
7946,0,0,60810,1,3939189,12416500
7947,0,0,60810,1,3939189,12450200
7948,0,0,60810,1,3939189,12837100
7949,0,1,60810,0,3939190,12820900
