Tick,NewlyInfected,NewlyRecovered,TotalSusceptible,TotalInfected,TotalRecovered,StepTimeNanos
0,1,0,3999994,6,0,12671600
1,3,0,3999991,9,0,12359600
2,2,1,3999989,10,1,12303000
3,1,1,3999988,10,2,12870500
4,3,0,3999985,13,2,13049700
5,3,0,3999982,16,2,12336400
6,2,1,3999980,17,3,12615200
7,1,0,3999979,18,3,12407300
8,6,1,3999973,23,4,13132100
9,4,0,3999969,27,4,12615600
10,9,1,3999960,35,5,13105000
11,9,2,3999951,42,7,12331500
12,10,1,3999941,51,8,13789200
13,7,2,3999934,56,10,12809700
14,9,2,3999925,63,12,12975200
15,8,1,3999917,70,13,12552200
16,12,3,3999905,79,16,13040600
17,10,2,3999895,87,18,13063300
18,9,1,3999886,95,19,12730400
19,11,6,3999875,100,25,12370000
20,15,5,3999860,110,30,12362400
21,16,5,3999844,121,35,12524700
22,9,2,3999835,128,37,12510200
23,10,4,3999825,134,41,12687800
24,15,9,3999810,140,50,12350900
25,9,9,3999801,140,59,12763600
26,12,10,3999789,142,69,12373900
27,15,12,3999774,145,81,12623300
28,16,12,3999758,149,93,12635700
29,12,7,3999746,154,100,12437400
30,9,13,3999737,150,113,12416200
31,16,5,3999721,161,118,12438300
32,11,11,3999710,161,129,12521100
33,15,10,3999695,166,139,12473500
34,15,11,3999680,170,150,12474600
35,9,3,3999671,176,153,12674100
36,13,5,3999658,184,158,12366500
37,16,2,3999642,198,160,12691800
38,23,12,3999619,209,172,12559700
39,16,16,3999603,209,188,12767200
40,17,13,3999586,213,201,13430700
41,20,12,3999566,221,213,14434400
42,20,15,3999546,226,228,14931700
43,23,12,3999523,237,240,13581000
44,25,13,3999498,249,253,14301700
45,25,11,3999473,263,264,13399100
46,20,13,3999453,270,277,15987800
47,23,12,3999430,281,289,14426800
48,32,14,3999398,299,303,15097600
49,21,13,3999377,307,316,13653500
50,29,12,3999348,324,328,13583500
51,25,16,3999323,333,344,12872400
52,34,22,3999289,345,366,12899500
53,27,18,3999262,354,384,12983600
54,36,16,3999226,374,400,13080000
55,27,18,3999199,383,418,13020500
56,31,21,3999168,393,439,12747700
57,23,20,3999145,396,459,12833600
58,30,22,3999115,404,481,12688500
59,42,21,3999073,425,502,12861600
60,31,9,3999042,447,511,12409200
61,30,28,3999012,449,539,12385000
62,36,27,3998976,458,566,12405400
63,18,15,3998958,461,581,12574200
64,32,19,3998926,474,600,13746500
65,36,19,3998890,491,619,13787100
66,41,23,3998849,509,642,13506000
67,44,27,3998805,526,669,12705300
68,49,28,3998756,547,697,13146200
69,34,24,3998722,557,721,13315200
70,48,25,3998674,580,746,14060500
71,50,16,3998624,614,762,15032900
72,40,35,3998584,619,797,13388300
73,45,29,3998539,635,826,13336700
74,35,32,3998504,638,858,14947400
75,37,24,3998467,651,882,13133000
76,59,35,3998408,675,917,13538200
77,53,41,3998355,687,958,13133400
78,49,30,3998306,706,988,12992200
79,61,37,3998245,730,1025,13274900
80,55,46,3998190,739,1071,13339500
81,56,40,3998134,755,1111,12723300
82,50,28,3998084,777,1139,13204000
83,61,43,3998023,795,1182,12957600
84,52,35,3997971,812,1217,13644100
85,60,37,3997911,835,1254,14737000
86,52,45,3997859,842,1299,13553500
87,62,41,3997797,863,1340,13421500
88,50,49,3997747,864,1389,13303700
89,69,35,3997678,898,1424,13340200
90,62,46,3997616,914,1470,16038700
91,60,39,3997556,935,1509,13284600
92,48,44,3997508,939,1553,13895300
93,59,54,3997449,944,1607,13638500
94,64,58,3997385,950,1665,13206500
95,64,50,3997321,964,1715,13578200
96,65,46,3997256,983,1761,12500000
97,48,51,3997208,980,1812,12543200
98,68,41,3997140,1007,1853,12679100
99,68,47,3997072,1028,1900,12883000
100,71,48,3997001,1051,1948,13059900
101,70,50,3996931,1071,1998,12571500
102,70,48,3996861,1093,2046,12882500
103,62,56,3996799,1099,2102,13300800
104,69,49,3996730,1119,2151,12675900
105,69,47,3996661,1141,2198,12886600
106,62,66,3996599,1137,2264,12749300
107,63,64,3996536,1136,2328,13040400
108,72,61,3996464,1147,2389,13386800
109,77,65,3996387,1159,2454,12827800
110,80,49,3996307,1190,2503,13347900
111,69,58,3996238,1201,2561,12693800
112,72,66,3996166,1207,2627,12851600
113,80,59,3996086,1228,2686,12666700
114,70,62,3996016,1236,2748,12903000
115,85,71,3995931,1250,2819,12662200
116,67,53,3995864,1264,2872,12715000
117,77,52,3995787,1289,2924,12908400
118,75,59,3995712,1305,2983,12658000
119,79,60,3995633,1324,3043,12953200
120,85,75,3995548,1334,3118,12507500
121,86,54,3995462,1366,3172,12862500
122,96,71,3995366,1391,3243,12544800
123,86,74,3995280,1403,3317,12476300
124,105,75,3995175,1433,3392,12471400
125,93,66,3995082,1460,3458,12935500
126,98,73,3994984,1485,3531,12754500
127,102,77,3994882,1510,3608,12550300
128,90,63,3994792,1537,3671,13183000
129,99,83,3994693,1553,3754,12826600
130,98,69,3994595,1582,3823,13128500
131,95,81,3994500,1596,3904,12830100
132,94,97,3994406,1593,4001,12744300
133,78,67,3994328,1604,4068,12761000
134,93,79,3994235,1618,4147,12895500
135,100,76,3994135,1642,4223,13021800
136,86,82,3994049,1646,4305,13836300
137,94,82,3993955,1658,4387,14428800
138,107,87,3993848,1678,4474,12903500
139,95,80,3993753,1693,4554,12835900
140,112,91,3993641,1714,4645,13495800
141,111,98,3993530,1727,4743,12664800
142,98,81,3993432,1744,4824,12472300
143,111,86,3993321,1769,4910,12490300
144,87,91,3993234,1765,5001,12460200
145,100,100,3993134,1765,5101,12550900
146,102,84,3993032,1783,5185,12577900
147,101,80,3992931,1804,5265,12681900
148,118,96,3992813,1826,5361,12880100
149,117,91,3992696,1852,5452,12620000
150,90,86,3992606,1856,5538,12641300
151,99,88,3992507,1867,5626,12679500
152,98,96,3992409,1869,5722,12567500
153,108,95,3992301,1882,5817,12716600
154,95,102,3992206,1875,5919,13583300
155,95,91,3992111,1879,6010,12914300
156,122,102,3991989,1899,6112,13353700
157,118,113,3991871,1904,6225,13506900
158,123,95,3991748,1932,6320,13115100
159,122,79,3991626,1975,6399,12702200
160,118,100,3991508,1993,6499,12483200
161,122,94,3991386,2021,6593,12792700
162,115,100,3991271,2036,6693,12717700
163,117,114,3991154,2039,6807,12963700
164,118,110,3991036,2047,6917,12610600
165,125,106,3990911,2066,7023,12609800
166,116,98,3990795,2084,7121,12697800
167,127,96,3990668,2115,7217,12482000
168,117,102,3990551,2130,7319,12666200
169,122,113,3990429,2139,7432,12733800
170,119,112,3990310,2146,7544,12630900
171,127,120,3990183,2153,7664,13300500
172,121,100,3990062,2174,7764,13076800
173,114,117,3989948,2171,7881,12587700
174,122,116,3989826,2177,7997,12530600
175,117,115,3989709,2179,8112,12496500
176,132,110,3989577,2201,8222,13080200
177,131,117,3989446,2215,8339,12562500
178,108,109,3989338,2214,8448,13141400
179,117,117,3989221,2214,8565,13541100
180,127,109,3989094,2232,8674,12682100
181,127,109,3988967,2250,8783,12746100
182,146,117,3988821,2279,8900,12711000
183,120,112,3988701,2287,9012,12482900
184,133,102,3988568,2318,9114,12594400
185,111,125,3988457,2304,9239,13101200
186,142,133,3988315,2313,9372,14682000
187,139,107,3988176,2345,9479,16909700
188,138,116,3988038,2367,9595,14212200
189,139,107,3987899,2399,9702,12974700
190,141,131,3987758,2409,9833,13284800
191,136,120,3987622,2425,9953,14159000
192,130,102,3987492,2453,10055,12650100
193,167,132,3987325,2488,10187,12647300
194,149,124,3987176,2513,10311,12583200
195,143,126,3987033,2530,10437,12784000
196,147,147,3986886,2530,10584,12841100
197,136,131,3986750,2535,10715,12749100
198,144,113,3986606,2566,10828,12697400
199,136,121,3986470,2581,10949,12548400
200,155,117,3986315,2619,11066,12901800
201,146,142,3986169,2623,11208,12927000
202,144,166,3986025,2601,11374,12533000
203,149,152,3985876,2598,11526,12974100
204,163,126,3985713,2635,11652,12631100
205,152,128,3985561,2659,11780,12912300
206,162,143,3985399,2678,11923,12516900
207,153,133,3985246,2698,12056,12962900
208,159,133,3985087,2724,12189,12879500
209,146,118,3984941,2752,12307,12981700
210,142,131,3984799,2763,12438,12553100
211,157,140,3984642,2780,12578,12496500
212,151,126,3984491,2805,12704,12516300
213,170,144,3984321,2831,12848,12755800
214,146,153,3984175,2824,13001,13130200
215,146,142,3984029,2828,13143,12604100
216,167,140,3983862,2855,13283,13022300
217,178,141,3983684,2892,13424,12796100
218,156,137,3983528,2911,13561,12979800
219,173,138,3983355,2946,13699,12674100
220,160,136,3983195,2970,13835,12800200
221,153,146,3983042,2977,13981,13402500
222,151,154,3982891,2974,14135,13174000
223,169,149,3982722,2994,14284,13911500
224,147,128,3982575,3013,14412,13453600
225,176,156,3982399,3033,14568,13355200
226,171,157,3982228,3047,14725,13460300
227,184,150,3982044,3081,14875,13101600
228,188,158,3981856,3111,15033,13327400
229,187,152,3981669,3146,15185,14560400
230,187,152,3981482,3181,15337,13819100
231,185,164,3981297,3202,15501,12614700
232,183,165,3981114,3220,15666,13150300
233,195,155,3980919,3260,15821,12671600
234,160,127,3980759,3293,15948,12664100
235,174,152,3980585,3315,16100,12663600
236,174,181,3980411,3308,16281,12717600
237,188,183,3980223,3313,16464,12768700
238,200,163,3980023,3350,16627,12748900
239,174,171,3979849,3353,16798,12629700
240,184,158,3979665,3379,16956,13052300
241,178,175,3979487,3382,17131,13273600
242,174,206,3979313,3350,17337,13131400
243,171,157,3979142,3364,17494,12732300
244,183,161,3978959,3386,17655,12838300
245,170,173,3978789,3383,17828,13568800
246,189,185,3978600,3387,18013,13285100
247,184,176,3978416,3395,18189,12660500
248,164,155,3978252,3404,18344,12541200
249,203,161,3978049,3446,18505,13005300
250,183,153,3977866,3476,18658,12803600
251,184,170,3977682,3490,18828,12653000
252,196,170,3977486,3516,18998,13049700
253,184,198,3977302,3502,19196,12811200
254,179,181,3977123,3500,19377,13187500
255,190,176,3976933,3514,19553,12752100
256,183,161,3976750,3536,19714,13277100
257,185,170,3976565,3551,19884,13333000
258,205,172,3976360,3584,20056,13447500
259,217,158,3976143,3643,20214,13021700
260,179,203,3975964,3619,20417,12947700
261,217,179,3975747,3657,20596,13273900
262,209,167,3975538,3699,20763,13238100
263,192,197,3975346,3694,20960,13080000
264,186,179,3975160,3701,21139,12709800
265,206,192,3974954,3715,21331,12808500
266,227,202,3974727,3740,21533,12815400
267,194,179,3974533,3755,21712,12962900
268,225,172,3974308,3808,21884,12960900
269,216,190,3974092,3834,22074,13294300
270,219,202,3973873,3851,22276,13556400
271,235,195,3973638,3891,22471,13018100
272,238,192,3973400,3937,22663,12701700
273,258,208,3973142,3987,22871,12703600
274,221,204,3972921,4004,23075,12792700
275,233,213,3972688,4024,23288,12874900
276,228,204,3972460,4048,23492,13460400
277,238,178,3972222,4108,23670,13050300
278,231,209,3971991,4130,23879,13134000
279,244,204,3971747,4170,24083,13244900
280,211,213,3971536,4168,24296,12917100
281,249,197,3971287,4220,24493,12790700
282,234,219,3971053,4235,24712,12844700
283,232,216,3970821,4251,24928,12936700
284,227,213,3970594,4265,25141,12704100
285,227,200,3970367,4292,25341,12673600
286,234,223,3970133,4303,25564,12736100
287,219,224,3969914,4298,25788,12918200
288,233,230,3969681,4301,26018,12845600
289,258,198,3969423,4361,26216,14401800
290,261,237,3969162,4385,26453,13160400
291,253,227,3968909,4411,26680,12735200
292,247,210,3968662,4448,26890,12797000
293,242,227,3968420,4463,27117,12607400
294,239,208,3968181,4494,27325,12671700
295,236,224,3967945,4506,27549,12639600
296,249,244,3967696,4511,27793,12738300
297,261,212,3967435,4560,28005,12865000
298,224,240,3967211,4544,28245,13194300
299,234,237,3966977,4541,28482,12985800
300,249,220,3966728,4570,28702,12925300
301,244,239,3966484,4575,28941,13135700
302,273,216,3966211,4632,29157,12902100
303,243,230,3965968,4645,29387,13094100
304,216,258,3965752,4603,29645,14895000
305,245,224,3965507,4624,29869,14170300
306,242,231,3965265,4635,30100,13000100
307,232,227,3965033,4640,30327,12951100
308,249,256,3964784,4633,30583,13091300
309,224,241,3964560,4616,30824,13666200
310,242,240,3964318,4618,31064,13740500
311,242,231,3964076,4629,31295,13442100
312,223,223,3963853,4629,31518,13723500
313,241,227,3963612,4643,31745,13135500
314,245,253,3963367,4635,31998,13185700
315,237,226,3963130,4646,32224,13468800
316,243,239,3962887,4650,32463,15654700
317,262,230,3962625,4682,32693,13319400
318,223,216,3962402,4689,32909,12737000
319,244,233,3962158,4700,33142,12834400
320,238,208,3961920,4730,33350,12976300
321,257,241,3961663,4746,33591,14410000
322,234,269,3961429,4711,33860,13193500
323,242,214,3961187,4739,34074,13033600
324,240,258,3960947,4721,34332,13934900
325,242,248,3960705,4715,34580,13379300
326,238,228,3960467,4725,34808,13231500
327,249,222,3960218,4752,35030,12968200
328,230,262,3959988,4720,35292,13249000
329,250,210,3959738,4760,35502,13165100
330,247,232,3959491,4775,35734,13973900
331,258,260,3959233,4773,35994,13381700
332,253,222,3958980,4804,36216,13215500
333,260,221,3958720,4843,36437,13735100
334,246,269,3958474,4820,36706,13542700
335,244,267,3958230,4797,36973,13447300
336,248,231,3957982,4814,37204,12984900
337,281,251,3957701,4844,37455,12896000
338,246,246,3957455,4844,37701,12920600
339,255,266,3957200,4833,37967,13264800
340,264,258,3956936,4839,38225,13023000
341,268,270,3956668,4837,38495,13072500
342,257,241,3956411,4853,38736,12934400
343,269,242,3956142,4880,38978,12950100
344,273,258,3955869,4895,39236,12951100
345,239,221,3955630,4913,39457,12853600
346,275,241,3955355,4947,39698,13028000
347,253,265,3955102,4935,39963,12982500
348,244,233,3954858,4946,40196,12959200
349,250,256,3954608,4940,40452,12824800
350,246,243,3954362,4943,40695,12852300
351,270,242,3954092,4971,40937,12749300
352,278,234,3953814,5015,41171,12762700
353,254,255,3953560,5014,41426,12925400
354,265,262,3953295,5017,41688,12903100
355,269,252,3953026,5034,41940,12926400
356,255,258,3952771,5031,42198,13153600
357,280,262,3952491,5049,42460,12822600
358,269,265,3952222,5053,42725,12831000
359,293,259,3951929,5087,42984,13414300
360,266,259,3951663,5094,43243,12724300
361,270,237,3951393,5127,43480,13459900
362,291,269,3951102,5149,43749,13595400
363,263,279,3950839,5133,44028,13405000
364,277,265,3950562,5145,44293,13077100
365,294,266,3950268,5173,44559,12761700
366,279,255,3949989,5197,44814,12749800
367,305,254,3949684,5248,45068,13727300
368,275,251,3949409,5272,45319,12899500
369,287,261,3949122,5298,45580,12763400
370,269,264,3948853,5303,45844,13535500
371,273,248,3948580,5328,46092,12824000
372,299,236,3948281,5391,46328,13025400
373,270,258,3948011,5403,46586,12771200
374,245,254,3947766,5394,46840,12988700
375,312,247,3947454,5459,47087,13752200
376,288,300,3947166,5447,47387,13601400
377,286,272,3946880,5461,47659,13112800
378,268,268,3946612,5461,47927,13154900
379,293,297,3946319,5457,48224,13490900
380,297,289,3946022,5465,48513,13291900
381,304,265,3945718,5504,48778,12833200
382,329,307,3945389,5526,49085,12797000
383,302,259,3945087,5569,49344,12838400
384,297,291,3944790,5575,49635,12733900
385,307,238,3944483,5644,49873,13261900
386,304,276,3944179,5672,50149,13069800
387,292,278,3943887,5686,50427,13205300
388,328,276,3943559,5738,50703,13681100
389,300,276,3943259,5762,50979,13953400
390,295,284,3942964,5773,51263,20172600
391,309,313,3942655,5769,51576,15012700
392,299,292,3942356,5776,51868,15726000
393,309,310,3942047,5775,52178,15266200
394,292,309,3941755,5758,52487,13804000
395,306,290,3941449,5774,52777,14264300
396,294,289,3941155,5779,53066,14340700
397,292,297,3940863,5774,53363,13910100
398,293,304,3940570,5763,53667,14963400
399,304,284,3940266,5783,53951,15111000
400,309,303,3939957,5789,54254,14156700
401,299,290,3939658,5798,54544,14145900
402,319,283,3939339,5834,54827,13646300
403,311,294,3939028,5851,55121,15329800
404,320,328,3938708,5843,55449,14192300
405,312,319,3938396,5836,55768,13253400
406,316,313,3938080,5839,56081,13143100
407,322,310,3937758,5851,56391,13238100
408,319,307,3937439,5863,56698,13641000
409,338,303,3937101,5898,57001,13747300
410,335,301,3936766,5932,57302,13597200
411,331,306,3936435,5957,57608,13608000
412,311,312,3936124,5956,57920,13734700
413,341,311,3935783,5986,58231,13594900
414,345,300,3935438,6031,58531,13148900
415,321,313,3935117,6039,58844,13091300
416,323,307,3934794,6055,59151,13197500
417,330,286,3934464,6099,59437,13364400
418,326,268,3934138,6157,59705,14172600
419,330,321,3933808,6166,60026,13484400
420,293,312,3933515,6147,60338,13229600
421,297,304,3933218,6140,60642,13094800
422,341,312,3932877,6169,60954,13483900
423,359,282,3932518,6246,61236,13148400
424,348,292,3932170,6302,61528,13194400
425,352,277,3931818,6377,61805,13100100
426,321,310,3931497,6388,62115,13473600
427,361,325,3931136,6424,62440,13199300
428,353,312,3930783,6465,62752,13901500
429,359,304,3930424,6520,63056,13238600
430,333,319,3930091,6534,63375,14155000
431,304,310,3929787,6528,63685,13751700
432,343,345,3929444,6526,64030,13263700
433,394,315,3929050,6605,64345,13593900
434,359,354,3928691,6610,64699,13315700
435,342,347,3928349,6605,65046,13375100
436,360,345,3927989,6620,65391,13239800
437,349,328,3927640,6641,65719,13132100
438,360,313,3927280,6688,66032,13400100
439,309,331,3926971,6666,66363,13329600
440,332,303,3926639,6695,66666,13432900
441,335,349,3926304,6681,67015,13188100
442,355,354,3925949,6682,67369,13105500
443,325,340,3925624,6667,67709,13125300
444,349,316,3925275,6700,68025,13676700
445,336,323,3924939,6713,68348,14205200
446,374,358,3924565,6729,68706,13261800
447,353,350,3924212,6732,69056,13228300
448,389,333,3923823,6788,69389,13483600
449,318,348,3923505,6758,69737,13123000
450,332,363,3923173,6727,70100,13141000
451,305,356,3922868,6676,70456,13144600
452,350,343,3922518,6683,70799,13449400
453,346,312,3922172,6717,71111,13183300
454,346,346,3921826,6717,71457,13823900
455,353,353,3921473,6717,71810,13394600
456,367,335,3921106,6749,72145,13777400
457,356,330,3920750,6775,72475,13188600
458,372,307,3920378,6840,72782,13380700
459,333,358,3920045,6815,73140,13395400
460,373,359,3919672,6829,73499,14056600
461,369,349,3919303,6849,73848,13342500
462,342,324,3918961,6867,74172,13173200
463,356,325,3918605,6898,74497,13493300
464,334,342,3918271,6890,74839,13220600
465,376,340,3917895,6926,75179,13164200
466,333,337,3917562,6922,75516,13255200
467,362,336,3917200,6948,75852,13219400
468,347,344,3916853,6951,76196,13180200
469,359,347,3916494,6963,76543,13106700
470,383,341,3916111,7005,76884,13073800
471,363,308,3915748,7060,77192,13535900
472,376,375,3915372,7061,77567,13511100
473,357,344,3915015,7074,77911,13313700
474,342,356,3914673,7060,78267,13733500
475,355,366,3914318,7049,78633,13722900
476,357,347,3913961,7059,78980,13339800
477,400,361,3913561,7098,79341,13810500
478,342,346,3913219,7094,79687,13830100
479,382,352,3912837,7124,80039,13396200
480,385,359,3912452,7150,80398,13332100
481,356,327,3912096,7179,80725,14439300
482,383,347,3911713,7215,81072,13661300
483,379,362,3911334,7232,81434,13442000
484,380,336,3910954,7276,81770,13986400
485,393,376,3910561,7293,82146,13823100
486,373,353,3910188,7313,82499,13427600
487,347,330,3909841,7330,82829,13679000
488,368,363,3909473,7335,83192,13354000
489,376,366,3909097,7345,83558,13542300
490,379,355,3908718,7369,83913,13373300
491,376,375,3908342,7370,84288,13180200
492,373,347,3907969,7396,84635,13158200
493,360,339,3907609,7417,84974,13204900
494,358,376,3907251,7399,85350,13545700
495,383,369,3906868,7413,85719,13968100
496,371,362,3906497,7422,86081,13192600
497,383,368,3906114,7437,86449,13293900
498,378,361,3905736,7454,86810,13343200
499,402,379,3905334,7477,87189,13245400
500,406,366,3904928,7517,87555,13410100
501,413,378,3904515,7552,87933,13638600
502,368,418,3904147,7502,88351,13142600
503,392,378,3903755,7516,88729,13288700
504,412,365,3903343,7563,89094,13408300
505,388,404,3902955,7547,89498,13879300
506,410,394,3902545,7563,89892,13202300
507,401,380,3902144,7584,90272,13404600
508,399,349,3901745,7634,90621,13401700
509,371,367,3901374,7638,90988,13824200
510,375,372,3900999,7641,91360,13544400
511,385,398,3900614,7628,91758,13367200
512,404,411,3900210,7621,92169,13401600
513,386,396,3899824,7611,92565,13268300
514,414,339,3899410,7686,92904,13257500
515,400,366,3899010,7720,93270,13220100
516,408,379,3898602,7749,93649,13695700
517,392,371,3898210,7770,94020,13703300
518,412,400,3897798,7782,94420,14154500
519,411,399,3897387,7794,94819,13535900
520,401,390,3896986,7805,95209,13192300
521,371,390,3896615,7786,95599,13803500
522,412,402,3896203,7796,96001,13186700
523,392,391,3895811,7797,96392,13285300
524,446,395,3895365,7848,96787,13232800
525,382,385,3894983,7845,97172,13186100
526,428,413,3894555,7860,97585,13263200
527,444,394,3894111,7910,97979,14022200
528,430,395,3893681,7945,98374,13528000
529,410,387,3893271,7968,98761,13157200
530,412,376,3892859,8004,99137,14536700
531,428,367,3892431,8065,99504,13379600
532,424,409,3892007,8080,99913,13228800
533,437,428,3891570,8089,100341,15269500
534,434,432,3891136,8091,100773,14191900
535,414,398,3890722,8107,101171,13591800
536,426,433,3890296,8100,101604,13273900
537,429,409,3889867,8120,102013,13322900
538,437,410,3889430,8147,102423,13259100
539,444,403,3888986,8188,102826,13234000
540,414,420,3888572,8182,103246,14020200
541,402,431,3888170,8153,103677,13317600
542,399,390,3887771,8162,104067,13444800
543,432,387,3887339,8207,104454,13312700
544,404,408,3886935,8203,104862,13465000
545,421,412,3886514,8212,105274,13752900
546,416,388,3886098,8240,105662,13404100
547,402,416,3885696,8226,106078,13500600
548,430,418,3885266,8238,106496,13295600
549,419,378,3884847,8279,106874,13236400
550,382,432,3884465,8229,107306,13629000
551,415,413,3884050,8231,107719,13389600
552,413,424,3883637,8220,108143,13283200
553,438,416,3883199,8242,108559,14243600
554,446,423,3882753,8265,108982,13692600
555,404,396,3882349,8273,109378,13277200
556,450,447,3881899,8276,109825,14027500
557,413,417,3881486,8272,110242,13293100
558,431,427,3881055,8276,110669,14019600
559,463,437,3880592,8302,111106,13303300
560,461,438,3880131,8325,111544,13412000
561,408,408,3879723,8325,111952,14451300
562,430,426,3879293,8329,112378,14163700
563,407,396,3878886,8340,112774,13988700
564,444,395,3878442,8389,113169,13958300
565,466,447,3877976,8408,113616,14298900
566,419,416,3877557,8411,114032,13961200
567,433,416,3877124,8428,114448,14330200
568,421,434,3876703,8415,114882,13564100
569,411,432,3876292,8394,115314,14411300
570,407,408,3875885,8393,115722,13816600
571,477,426,3875408,8444,116148,13719000
572,451,470,3874957,8425,116618,13531900
573,411,424,3874546,8412,117042,13417900
574,458,408,3874088,8462,117450,13298800
575,457,406,3873631,8513,117856,13968800
576,456,435,3873175,8534,118291,13290000
577,456,445,3872719,8545,118736,13389100
578,468,414,3872251,8599,119150,13279300
579,485,451,3871766,8633,119601,13287800
580,445,439,3871321,8639,120040,13505600
581,458,416,3870863,8681,120456,13609400
582,427,421,3870436,8687,120877,14539900
583,445,409,3869991,8723,121286,13731000
584,469,448,3869522,8744,121734,13391400
585,499,450,3869023,8793,122184,13305100
586,442,429,3868581,8806,122613,13377500
587,399,430,3868182,8775,123043,13877900
588,462,461,3867720,8776,123504,13927900
589,458,442,3867262,8792,123946,13271600
590,475,467,3866787,8800,124413,13965400
591,433,433,3866354,8800,124846,13318800
592,462,422,3865892,8840,125268,13840800
593,450,464,3865442,8826,125732,13951700
594,435,451,3865007,8810,126183,13379700
595,447,433,3864560,8824,126616,13357200
596,427,454,3864133,8797,127070,13663100
597,424,442,3863709,8779,127512,13503600
598,472,422,3863237,8829,127934,13363500
599,446,429,3862791,8846,128363,13799400
600,433,427,3862358,8852,128790,13367100
601,422,438,3861936,8836,129228,13486700
602,440,444,3861496,8832,129672,13784700
603,463,446,3861033,8849,130118,13821000
604,429,436,3860604,8842,130554,13363900
605,441,437,3860163,8846,130991,13771500
606,427,428,3859736,8845,131419,13698000
607,418,450,3859318,8813,131869,13310000
608,451,447,3858867,8817,132316,13360000
609,429,461,3858438,8785,132777,13358100
610,482,427,3857956,8840,133204,13280500
611,435,403,3857521,8872,133607,13254300
612,490,424,3857031,8938,134031,13811500
613,472,455,3856559,8955,134486,13626600
614,476,436,3856083,8995,134922,13626500
615,490,486,3855593,8999,135408,14248800
616,462,453,3855131,9008,135861,13530900
617,469,464,3854662,9013,136325,13503900
618,518,435,3854144,9096,136760,13377100
619,440,436,3853704,9100,137196,13350900
620,464,488,3853240,9076,137684,13369700
621,449,466,3852791,9059,138150,13776700
622,458,445,3852333,9072,138595,13479500
623,434,457,3851899,9049,139052,13449300
624,452,437,3851447,9064,139489,13825900
625,460,452,3850987,9072,139941,13946300
626,475,462,3850512,9085,140403,13361200
627,461,432,3850051,9114,140835,13354300
628,467,477,3849584,9104,141312,13562800
629,482,452,3849102,9134,141764,13553600
630,470,420,3848632,9184,142184,13605100
631,481,455,3848151,9210,142639,13989400
632,466,467,3847685,9209,143106,14043000
633,494,446,3847191,9257,143552,13889800
634,520,462,3846671,9315,144014,13306600
635,493,502,3846178,9306,144516,13518300
636,462,457,3845716,9311,144973,13453200
637,478,481,3845238,9308,145454,14079400
638,481,509,3844757,9280,145963,13917200
639,477,447,3844280,9310,146410,13646100
640,441,480,3843839,9271,146890,13315500
641,496,456,3843343,9311,147346,13553000
642,503,441,3842840,9373,147787,13397700
643,468,463,3842372,9378,148250,13437600
644,474,488,3841898,9364,148738,13890500
645,484,473,3841414,9375,149211,13680600
646,480,491,3840934,9364,149702,14383800
647,478,476,3840456,9366,150178,14069500
648,489,423,3839967,9432,150601,13746500
649,461,457,3839506,9436,151058,13641800
650,535,439,3838971,9532,151497,14361900
651,486,448,3838485,9570,151945,14387500
652,506,424,3837979,9652,152369,13968600
653,532,477,3837447,9707,152846,14044600
654,516,493,3836931,9730,153339,14263400
655,517,535,3836414,9712,153874,13745100
656,491,488,3835923,9715,154362,13904400
657,512,485,3835411,9742,154847,14388800
658,506,506,3834905,9742,155353,13917300
659,522,475,3834383,9789,155828,13964300
660,509,487,3833874,9811,156315,13411400
661,502,484,3833372,9829,156799,13403400
662,495,476,3832877,9848,157275,13351700
663,524,471,3832353,9901,157746,13812300
664,484,508,3831869,9877,158254,13627000
665,472,522,3831397,9827,158776,13508000
666,451,483,3830946,9795,159259,13442800
667,474,457,3830472,9812,159716,13683900
668,467,510,3830005,9769,160226,13535800
669,474,480,3829531,9763,160706,13785800
670,491,498,3829040,9756,161204,13502600
671,508,494,3828532,9770,161698,13518800
672,502,479,3828030,9793,162177,14098900
673,481,451,3827549,9823,162628,13747000
674,498,505,3827051,9816,163133,13556400
675,491,481,3826560,9826,163614,13464600
676,468,493,3826092,9801,164107,13945500
677,502,466,3825590,9837,164573,13960000
678,492,471,3825098,9858,165044,14012400
679,508,510,3824590,9856,165554,13553400
680,522,536,3824068,9842,166090,13459800
681,511,509,3823557,9844,166599,13612300
682,515,458,3823042,9901,167057,13864900
683,548,483,3822494,9966,167540,14308700
684,492,509,3822002,9949,168049,13560200
685,517,486,3821485,9980,168535,13686400
686,529,506,3820956,10003,169041,13977100
687,504,519,3820452,9988,169560,13543000
688,492,536,3819960,9944,170096,13772300
689,579,491,3819381,10032,170587,13988100
690,533,543,3818848,10022,171130,14000000
691,508,523,3818340,10007,171653,13436500
692,496,501,3817844,10002,172154,13456000
693,539,464,3817305,10077,172618,13541500
694,524,522,3816781,10079,173140,13607000
695,557,488,3816224,10148,173628,13494500
696,488,520,3815736,10116,174148,13834300
697,499,512,3815237,10103,174660,13510600
698,507,478,3814730,10132,175138,13404600
699,545,504,3814185,10173,175642,13449100
700,542,493,3813643,10222,176135,13407300
701,500,476,3813143,10246,176611,14174700
702,526,544,3812617,10228,177155,13921800
703,528,477,3812089,10279,177632,13529000
704,517,510,3811572,10286,178142,13476500
705,523,503,3811049,10306,178645,13644600
706,546,519,3810503,10333,179164,13616800
707,556,495,3809947,10394,179659,14154500
708,539,504,3809408,10429,180163,13638800
709,557,512,3808851,10474,180675,14141200
710,586,555,3808265,10505,181230,13861600
711,571,554,3807694,10522,181784,14137400
712,573,505,3807121,10590,182289,13555400
713,583,560,3806538,10613,182849,13622900
714,530,515,3806008,10628,183364,14056800
715,571,496,3805437,10703,183860,13510500
716,611,527,3804826,10787,184387,13509500
717,561,546,3804265,10802,184933,14137600
718,553,563,3803712,10792,185496,14116100
719,547,524,3803165,10815,186020,14208900
720,560,497,3802605,10878,186517,13637000
721,600,529,3802005,10949,187046,13481800
722,625,567,3801380,11007,187613,13515300
723,598,579,3800782,11026,188192,13544500
724,601,562,3800181,11065,188754,13920700
725,540,561,3799641,11044,189315,14053600
726,563,533,3799078,11074,189848,13672600
727,579,547,3798499,11106,190395,14501000
728,571,534,3797928,11143,190929,13984900
729,565,550,3797363,11158,191479,14081600
730,543,557,3796820,11144,192036,14332000
731,576,552,3796244,11168,192588,13733700
732,618,545,3795626,11241,193133,13760500
733,597,589,3795029,11249,193722,14143600
734,578,517,3794451,11310,194239,13855900
735,593,598,3793858,11305,194837,14312400
736,583,517,3793275,11371,195354,14581400
737,607,562,3792668,11416,195916,14151500
738,565,562,3792103,11419,196478,13792000
739,606,580,3791497,11445,197058,13720800
740,611,554,3790886,11502,197612,14313200
741,570,567,3790316,11505,198179,14170900
742,587,595,3789729,11497,198774,14517100
743,570,547,3789159,11520,199321,13703200
744,541,555,3788618,11506,199876,13522100
745,561,592,3788057,11475,200468,13499700
746,549,574,3787508,11450,201042,13697100
747,586,572,3786922,11464,201614,13623900
748,582,538,3786340,11508,202152,14317000
749,540,576,3785800,11472,202728,13968700
750,588,545,3785212,11515,203273,13654400
751,573,586,3784639,11502,203859,13556500
752,602,591,3784037,11513,204450,13569800
753,587,545,3783450,11555,204995,13856000
754,590,615,3782860,11530,205610,13726000
755,589,586,3782271,11533,206196,14560800
756,610,583,3781661,11560,206779,13868600
757,626,561,3781035,11625,207340,13605100
758,536,560,3780499,11601,207900,13550700
759,594,560,3779905,11635,208460,13595000
760,583,552,3779322,11666,209012,13541100
761,574,574,3778748,11666,209586,13596400
762,578,627,3778170,11617,210213,13605100
763,587,575,3777583,11629,210788,13494500
764,535,610,3777048,11554,211398,14407000
765,605,565,3776443,11594,211963,13616000
766,605,592,3775838,11607,212555,14139800
767,574,568,3775264,11613,213123,13589400
768,562,567,3774702,11608,213690,13532600
769,608,586,3774094,11630,214276,13493600
770,631,587,3773463,11674,214863,13495000
771,611,549,3772852,11736,215412,13613900
772,582,582,3772270,11736,215994,14093000
773,590,606,3771680,11720,216600,13797700
774,590,595,3771090,11715,217195,13981300
775,601,582,3770489,11734,217777,13523700
776,611,582,3769878,11763,218359,13540800
777,566,562,3769312,11767,218921,13523100
778,609,582,3768703,11794,219503,14193900
779,602,605,3768101,11791,220108,14068200
780,591,626,3767510,11756,220734,13573000
781,584,575,3766926,11765,221309,13702900
782,569,596,3766357,11738,221905,13598700
783,605,610,3765752,11733,222515,13568800
784,652,600,3765100,11785,223115,13543100
785,607,597,3764493,11795,223712,14063400
786,637,544,3763856,11888,224256,13920600
787,610,553,3763246,11945,224809,13540800
788,577,589,3762669,11933,225398,13768900
789,622,559,3762047,11996,225957,14442600
790,654,611,3761393,12039,226568,13677700
791,561,599,3760832,12001,227167,13615500
792,572,557,3760260,12016,227724,13850100
793,609,585,3759651,12040,228309,13786700
794,590,608,3759061,12022,228917,14127700
795,594,618,3758467,11998,229535,13769800
796,620,638,3757847,11980,230173,13855000
797,595,622,3757252,11953,230795,14260300
798,570,591,3756682,11932,231386,14462100
799,607,585,3756075,11954,231971,13648600
800,617,576,3755458,11995,232547,13993100
801,616,610,3754842,12001,233157,14206900
802,593,564,3754249,12030,233721,13632200
803,600,597,3753649,12033,234318,13631700
804,623,601,3753026,12055,234919,13609800
805,594,549,3752432,12100,235468,13916500
806,608,606,3751824,12102,236074,13574200
807,604,612,3751220,12094,236686,13582300
808,585,583,3750635,12096,237269,14020000
809,588,610,3750047,12074,237879,13933200
810,622,589,3749425,12107,238468,14119300
811,638,644,3748787,12101,239112,14276300
812,609,582,3748178,12128,239694,13898200
813,635,596,3747543,12167,240290,14071700
814,643,631,3746900,12179,240921,14634500
815,666,619,3746234,12226,241540,13925500
816,648,637,3745586,12237,242177,14319600
817,615,639,3744971,12213,242816,14856100
818,591,589,3744380,12215,243405,16918100
819,612,603,3743768,12224,244008,15689300
820,631,635,3743137,12220,244643,14336600
821,656,589,3742481,12287,245232,13881500
822,644,607,3741837,12324,245839,14098700
823,586,619,3741251,12291,246458,13913900
824,602,636,3740649,12257,247094,14428700
825,611,541,3740038,12327,247635,14347400
826,592,622,3739446,12297,248257,13810600
827,619,626,3738827,12290,248883,14066000
828,646,630,3738181,12306,249513,13728000
829,660,602,3737521,12364,250115,14180700
830,606,661,3736915,12309,250776,14253000
831,633,563,3736282,12379,251339,13632600
832,651,649,3735631,12381,251988,13643000
833,698,620,3734933,12459,252608,13652700
834,636,616,3734297,12479,253224,13761100
835,627,636,3733670,12470,253860,14075600
836,648,602,3733022,12516,254462,13814500
837,674,599,3732348,12591,255061,13830300
838,651,583,3731697,12659,255644,13736900
839,636,632,3731061,12663,256276,14027300
840,680,601,3730381,12742,256877,13758100
841,644,624,3729737,12762,257501,13689800
842,628,615,3729109,12775,258116,14238500
843,650,683,3728459,12742,258799,13667800
844,662,692,3727797,12712,259491,14404800
845,703,609,3727094,12806,260100,14132700
846,646,642,3726448,12810,260742,14376700
847,670,649,3725778,12831,261391,13611300
848,730,664,3725048,12897,262055,13881300
849,666,651,3724382,12912,262706,13983800
850,707,652,3723675,12967,263358,13771600
851,645,685,3723030,12927,264043,13741900
852,677,654,3722353,12950,264697,13772800
853,701,654,3721652,12997,265351,13998200
854,636,633,3721016,13000,265984,14100000
855,691,671,3720325,13020,266655,13735500
856,630,657,3719695,12993,267312,13631300
857,693,659,3719002,13027,267971,13802000
858,631,663,3718371,12995,268634,14128000
859,689,619,3717682,13065,269253,14026300
860,697,635,3716985,13127,269888,14166500
861,673,642,3716312,13158,270530,13826300
862,728,660,3715584,13226,271190,13727900
863,649,644,3714935,13231,271834,13899300
864,662,673,3714273,13220,272507,14048600
865,655,666,3713618,13209,273173,14514900
866,643,639,3712975,13213,273812,13959500
867,654,675,3712321,13192,274487,14258800
868,662,651,3711659,13203,275138,14515300
869,676,662,3710983,13217,275800,14402400
870,661,675,3710322,13203,276475,13693300
871,681,667,3709641,13217,277142,13672300
872,636,751,3709005,13102,277893,13780500
873,695,687,3708310,13110,278580,13743900
874,637,638,3707673,13109,279218,13813500
875,681,614,3706992,13176,279832,13650100
876,676,677,3706316,13175,280509,14302900
877,681,695,3705635,13161,281204,13818500
878,649,648,3704986,13162,281852,14671600
879,627,737,3704359,13052,282589,15032400
880,678,656,3703681,13074,283245,14714600
881,656,662,3703025,13068,283907,13764700
882,678,641,3702347,13105,284548,13726700
883,675,657,3701672,13123,285205,13965400
884,672,637,3701000,13158,285842,13760200
885,660,667,3700340,13151,286509,13775500
886,716,632,3699624,13235,287141,13759900
887,666,647,3698958,13254,287788,13927800
888,672,614,3698286,13312,288402,13705600
889,718,666,3697568,13364,289068,14606300
890,655,686,3696913,13333,289754,14036600
891,746,641,3696167,13438,290395,14635100
892,711,649,3695456,13500,291044,13925600
893,736,711,3694720,13525,291755,13834700
894,667,714,3694053,13478,292469,14003100
895,683,667,3693370,13494,293136,14017800
896,674,638,3692696,13530,293774,14085900
897,664,654,3692032,13540,294428,13978200
898,631,682,3691401,13489,295110,14012900
899,678,650,3690723,13517,295760,14258200
900,700,672,3690023,13545,296432,14400100
901,699,654,3689324,13590,297086,14585400
902,697,726,3688627,13561,297812,14026600
903,706,684,3687921,13583,298496,13997700
904,673,685,3687248,13571,299181,14361000
905,655,663,3686593,13563,299844,15020100
906,677,660,3685916,13580,300504,13848900
907,709,681,3685207,13608,301185,13943300
908,656,677,3684551,13587,301862,13760800
909,655,654,3683896,13588,302516,13789400
910,659,651,3683237,13596,303167,14020800
911,667,656,3682570,13607,303823,13763200
912,679,654,3681891,13632,304477,13819700
913,695,688,3681196,13639,305165,13740100
914,708,731,3680488,13616,305896,14006700
915,725,680,3679763,13661,306576,13984300
916,692,715,3679071,13638,307291,13657400
917,713,660,3678358,13691,307951,13984400
918,691,668,3677667,13714,308619,13817300
919,719,668,3676948,13765,309287,13696800
920,735,655,3676213,13845,309942,14205700
921,668,692,3675545,13821,310634,14017100
922,659,670,3674886,13810,311304,14248300
923,712,669,3674174,13853,311973,13781600
924,692,675,3673482,13870,312648,13734200
925,708,696,3672774,13882,313344,13766300
926,692,693,3672082,13881,314037,13873900
927,721,689,3671361,13913,314726,13715000
928,710,650,3670651,13973,315376,13779800
929,689,705,3669962,13957,316081,13817600
930,719,713,3669243,13963,316794,13743000
931,682,684,3668561,13961,317478,14032700
932,717,695,3667844,13983,318173,13908700
933,709,674,3667135,14018,318847,13847700
934,709,724,3666426,14003,319571,13740200
935,676,701,3665750,13978,320272,14579400
936,710,693,3665040,13995,320965,14678700
937,702,702,3664338,13995,321667,13900200
938,746,716,3663592,14025,322383,13920900
939,736,680,3662856,14081,323063,14615400
940,703,710,3662153,14074,323773,14081900
941,761,732,3661392,14103,324505,14225700
942,741,672,3660651,14172,325177,14269900
943,700,711,3659951,14161,325888,13886000
944,715,682,3659236,14194,326570,13765300
945,759,749,3658477,14204,327319,13771100
946,741,714,3657736,14231,328033,13761200
947,758,724,3656978,14265,328757,13878200
948,711,715,3656267,14261,329472,13750200
949,707,719,3655560,14249,330191,13852600
950,723,722,3654837,14250,330913,13804500
951,781,679,3654056,14352,331592,13878500
952,750,753,3653306,14349,332345,13768800
953,729,692,3652577,14386,333037,14256400
954,764,719,3651813,14431,333756,14990600
955,770,674,3651043,14527,334430,13846000
956,747,719,3650296,14555,335149,14556900
957,719,710,3649577,14564,335859,13938200
958,726,719,3648851,14571,336578,14276600
959,703,740,3648148,14534,337318,14088700
960,702,785,3647446,14451,338103,13763300
961,752,712,3646694,14491,338815,14110600
962,716,729,3645978,14478,339544,13871600
963,775,699,3645203,14554,340243,13878900
964,740,691,3644463,14603,340934,14514600
965,714,754,3643749,14563,341688,13840700
966,753,721,3642996,14595,342409,13836700
967,741,705,3642255,14631,343114,13837700
968,676,726,3641579,14581,343840,13777600
969,694,725,3640885,14550,344565,13765400
970,673,702,3640212,14521,345267,13903800
971,710,725,3639502,14506,345992,13811500
972,696,771,3638806,14431,346763,13779400
973,696,702,3638110,14425,347465,13981300
974,723,718,3637387,14430,348183,13969300
975,709,693,3636678,14446,348876,13881700
976,742,701,3635936,14487,349577,14014600
977,709,714,3635227,14482,350291,14062000
978,734,727,3634493,14489,351018,14123900
979,725,673,3633768,14541,351691,14033500
980,730,719,3633038,14552,352410,14430000
981,743,735,3632295,14560,353145,14100500
982,761,736,3631534,14585,353881,14073100
983,749,740,3630785,14594,354621,14112200
984,710,774,3630075,14530,355395,14120800
985,711,696,3629364,14545,356091,14227300
986,734,730,3628630,14549,356821,14443000
987,751,738,3627879,14562,357559,14160800
988,752,781,3627127,14533,358340,13913700
989,769,742,3626358,14560,359082,13816600
990,757,721,3625601,14596,359803,13789800
991,718,723,3624883,14591,360526,14614600
992,774,710,3624109,14655,361236,13916200
993,749,723,3623360,14681,361959,14627600
994,752,691,3622608,14742,362650,13792600
995,769,748,3621839,14763,363398,13923100
996,773,739,3621066,14797,364137,13765500
997,771,726,3620295,14842,364863,13772500
998,721,721,3619574,14842,365584,13862800
999,726,717,3618848,14851,366301,13983100
1000,740,749,3618108,14842,367050,14094400
1001,769,715,3617339,14896,367765,13939000
1002,755,747,3616584,14904,368512,13816500
1003,754,718,3615830,14940,369230,13988000
1004,739,741,3615091,14938,369971,14627900
1005,721,726,3614370,14933,370697,14024100
1006,708,764,3613662,14877,371461,14048100
1007,762,756,3612900,14883,372217,14879200
1008,738,742,3612162,14879,372959,14010000
1009,726,765,3611436,14840,373724,14222900
1010,718,781,3610718,14777,374505,14032800
1011,732,724,3609986,14785,375229,15100200
1012,717,691,3609269,14811,375920,13958400
1013,716,738,3608553,14789,376658,13798200
1014,706,772,3607847,14723,377430,13870300
1015,813,755,3607034,14781,378185,13807300
1016,748,697,3606286,14832,378882,14295900
1017,738,792,3605548,14778,379674,14075600
1018,726,705,3604822,14799,380379,13954400
1019,782,733,3604040,14848,381112,13894100
1020,742,780,3603298,14810,381892,13840800
1021,734,781,3602564,14763,382673,14485500
1022,738,714,3601826,14787,383387,14044000
1023,759,736,3601067,14810,384123,14262600
1024,781,755,3600286,14836,384878,14113900
1025,718,717,3599568,14837,385595,14866200
1026,777,693,3598791,14921,386288,14127000
1027,774,706,3598017,14989,386994,14966900
1028,769,762,3597248,14996,387756,14389900
1029,767,762,3596481,15001,388518,14089200
1030,753,801,3595728,14953,389319,14326800
1031,765,721,3594963,14997,390040,14684200
1032,776,775,3594187,14998,390815,14254500
1033,730,744,3593457,14984,391559,14168700
1034,727,732,3592730,14979,392291,14005200
1035,756,719,3591974,15016,393010,14015700
1036,752,728,3591222,15040,393738,14022800
1037,757,808,3590465,14989,394546,14023500
1038,743,734,3589722,14998,395280,14374200
1039,754,724,3588968,15028,396004,14041800
1040,746,752,3588222,15022,396756,14715900
1041,757,788,3587465,14991,397544,13960700
1042,728,760,3586737,14959,398304,14700100
1043,686,733,3586051,14912,399037,14111000
1044,761,727,3585290,14946,399764,14049900
1045,720,738,3584570,14928,400502,14047100
1046,743,767,3583827,14904,401269,14276000
1047,756,725,3583071,14935,401994,14470000
1048,713,747,3582358,14901,402741,14468600
1049,743,689,3581615,14955,403430,14050500
1050,784,751,3580831,14988,404181,13904300
1051,772,759,3580059,15001,404940,13910300
1052,758,742,3579301,15017,405682,13804300
1053,757,727,3578544,15047,406409,13939300
1054,756,726,3577788,15077,407135,14218400
1055,723,773,3577065,15027,407908,14292200
1056,794,808,3576271,15013,408716,13942800
1057,732,747,3575539,14998,409463,14609400
1058,739,760,3574800,14977,410223,14207200
1059,704,730,3574096,14951,410953,14378500
1060,704,770,3573392,14885,411723,14212500
1061,733,719,3572659,14899,412442,14472800
1062,759,734,3571900,14924,413176,14437600
1063,751,724,3571149,14951,413900,14216200
1064,753,737,3570396,14967,414637,14652400
1065,763,730,3569633,15000,415367,14488600
1066,786,763,3568847,15023,416130,14266400
1067,732,729,3568115,15026,416859,14248200
1068,786,750,3567329,15062,417609,14514900
1069,739,723,3566590,15078,418332,14422300
1070,768,749,3565822,15097,419081,13871600
1071,735,773,3565087,15059,419854,13851300
1072,780,691,3564307,15148,420545,14305100
1073,730,777,3563577,15101,421322,13961700
1074,752,786,3562825,15067,422108,13950300
1075,741,734,3562084,15074,422842,14120500
1076,786,742,3561298,15118,423584,14510800
1077,771,747,3560527,15142,424331,15147200
1078,799,738,3559728,15203,425069,13883900
1079,819,731,3558909,15291,425800,13908000
1080,756,760,3558153,15287,426560,14304800
1081,799,687,3557354,15399,427247,14287600
1082,783,761,3556571,15421,428008,14632000
1083,826,779,3555745,15468,428787,14159600
1084,799,765,3554946,15502,429552,14475700
1085,803,762,3554143,15543,430314,13986800
1086,760,741,3553383,15562,431055,13837200
1087,808,825,3552575,15545,431880,14259800
1088,762,732,3551813,15575,432612,14026900
1089,816,797,3550997,15594,433409,14650700
1090,756,788,3550241,15562,434197,14075700
1091,796,777,3549445,15581,434974,14395300
1092,793,831,3548652,15543,435805,14497400
1093,788,745,3547864,15586,436550,14315500
1094,823,759,3547041,15650,437309,14078300
1095,761,803,3546280,15608,438112,14285400
1096,779,756,3545501,15631,438868,14425900
1097,750,857,3544751,15524,439725,14450500
1098,738,759,3544013,15503,440484,14306300
1099,803,787,3543210,15519,441271,14072600
1100,798,741,3542412,15576,442012,14001100
1101,776,753,3541636,15599,442765,14084800
1102,784,779,3540852,15604,443544,13966000
1103,798,780,3540054,15622,444324,14126700
1104,841,754,3539213,15709,445078,14881000
1105,824,757,3538389,15776,445835,14019900
1106,777,826,3537612,15727,446661,14421000
1107,760,792,3536852,15695,447453,13826500
1108,827,760,3536025,15762,448213,13962400
1109,783,773,3535242,15772,448986,13979900
1110,810,797,3534432,15785,449783,14389000
1111,836,817,3533596,15804,450600,13980400
1112,814,781,3532782,15837,451381,14010500
1113,823,834,3531959,15826,452215,14086400
1114,824,815,3531135,15835,453030,13949800
1115,793,777,3530342,15851,453807,13964600
1116,804,788,3529538,15867,454595,13992000
1117,818,820,3528720,15865,455415,14902400
1118,811,804,3527909,15872,456219,14681200
1119,822,807,3527087,15887,457026,14386300
1120,795,791,3526292,15891,457817,14356700
1121,798,785,3525494,15904,458602,14347300
1122,787,785,3524707,15906,459387,14407500
1123,788,744,3523919,15950,460131,15019000
1124,822,837,3523097,15935,460968,15493500
1125,818,800,3522279,15953,461768,14279000
1126,769,793,3521510,15929,462561,15914100
1127,827,830,3520683,15926,463391,14453200
1128,825,761,3519858,15990,464152,14157400
1129,796,813,3519062,15973,464965,14627300
1130,813,763,3518249,16023,465728,14866500
1131,806,798,3517443,16031,466526,14613200
1132,800,796,3516643,16035,467322,15102100
1133,822,797,3515821,16060,468119,15998000
1134,798,813,3515023,16045,468932,15761500
1135,817,787,3514206,16075,469719,16171700
1136,809,812,3513397,16072,470531,15919300
1137,881,816,3512516,16137,471347,14845700
1138,824,814,3511692,16147,472161,15929500
1139,806,797,3510886,16156,472958,14686100
1140,763,799,3510123,16120,473757,14981300
1141,839,778,3509284,16181,474535,14668000
1142,840,884,3508444,16137,475419,16326600
1143,801,804,3507643,16134,476223,16915600
1144,833,836,3506810,16131,477059,14856400
1145,818,845,3505992,16104,477904,16788700
1146,812,767,3505180,16149,478671,16242300
1147,824,852,3504356,16121,479523,16132800
1148,809,778,3503547,16152,480301,15947300
1149,843,798,3502704,16197,481099,15424500
1150,835,791,3501869,16241,481890,14635000
1151,817,854,3501052,16204,482744,16125900
1152,839,784,3500213,16259,483528,15511100
1153,832,815,3499381,16276,484343,15196400
1154,794,815,3498587,16255,485158,14701100
1155,800,829,3497787,16226,485987,16429500
1156,841,783,3496946,16284,486770,17589600
1157,814,842,3496132,16256,487612,15166400
1158,779,832,3495353,16203,488444,17459500
1159,753,792,3494600,16164,489236,14629800
1160,806,831,3493794,16139,490067,14509700
1161,807,746,3492987,16200,490813,14583000
1162,798,822,3492189,16176,491635,14703700
1163,845,781,3491344,16240,492416,14023300
1164,795,846,3490549,16189,493262,14086500
1165,786,835,3489763,16140,494097,14111700
1166,832,808,3488931,16164,494905,14931000
1167,802,856,3488129,16110,495761,14810500
1168,767,833,3487362,16044,496594,14256900
1169,800,818,3486562,16026,497412,13986500
1170,816,764,3485746,16078,498176,13908400
1171,771,774,3484975,16075,498950,14055300
1172,818,815,3484157,16078,499765,13971300
1173,846,831,3483311,16093,500596,14293700
1174,803,819,3482508,16077,501415,14725500
1175,819,856,3481689,16040,502271,14594700
1176,836,771,3480853,16105,503042,13987500
1177,814,807,3480039,16112,503849,13999500
1178,828,768,3479211,16172,504617,13998800
1179,776,822,3478435,16126,505439,14378200
1180,868,785,3477567,16209,506224,14606400
1181,864,797,3476703,16276,507021,14122000
1182,831,800,3475872,16307,507821,14001600
1183,834,856,3475038,16285,508677,14065600
1184,845,819,3474193,16311,509496,14019100
1185,857,807,3473336,16361,510303,13891000
1186,863,834,3472473,16390,511137,13914700
1187,866,809,3471607,16447,511946,13996200
1188,835,862,3470772,16420,512808,14198100
1189,871,782,3469901,16509,513590,14427200
1190,841,858,3469060,16492,514448,14105600
1191,840,818,3468220,16514,515266,14078500
1192,836,822,3467384,16528,516088,14033500
1193,872,818,3466512,16582,516906,14178700
1194,851,831,3465661,16602,517737,14427200
1195,863,853,3464798,16612,518590,14068300
1196,808,829,3463990,16591,519419,14020900
1197,861,814,3463129,16638,520233,13976600
1198,900,793,3462229,16745,521026,14348600
1199,877,835,3461352,16787,521861,14643400
1200,815,807,3460537,16795,522668,14807200
1201,833,812,3459704,16816,523480,14193900
1202,873,805,3458831,16884,524285,13917000
1203,837,830,3457994,16891,525115,14612700
1204,861,866,3457133,16886,525981,14034300
1205,873,926,3456260,16833,526907,14306400
1206,819,872,3455441,16780,527779,14186300
1207,872,811,3454569,16841,528590,14787700
1208,821,828,3453748,16834,529418,14722200
1209,796,819,3452952,16811,530237,14943800
1210,864,866,3452088,16809,531103,14466000
1211,781,903,3451307,16687,532006,14323700
1212,813,841,3450494,16659,532847,14365800
1213,857,799,3449637,16717,533646,14561600
1214,848,816,3448789,16749,534462,14527600
1215,877,849,3447912,16777,535311,14331400
1216,807,808,3447105,16776,536119,14246700
1217,853,844,3446252,16785,536963,14006600
1218,826,839,3445426,16772,537802,14793300
1219,819,833,3444607,16758,538635,14464300
1220,892,811,3443715,16839,539446,15992000
1221,826,843,3442889,16822,540289,15219500
1222,827,842,3442062,16807,541131,14382200
1223,870,846,3441192,16831,541977,14293200
1224,931,908,3440261,16854,542885,14289400
1225,863,842,3439398,16875,543727,14353000
1226,844,832,3438554,16887,544559,15077600
1227,852,834,3437702,16905,545393,15148400
1228,863,870,3436839,16898,546263,15123400
1229,944,845,3435895,16997,547108,14277800
1230,895,826,3435000,17066,547934,14129000
1231,898,839,3434102,17125,548773,14075300
1232,899,865,3433203,17159,549638,14296900
1233,907,859,3432296,17207,550497,14183900
1234,877,856,3431419,17228,551353,14185900
1235,889,892,3430530,17225,552245,14163500
1236,852,875,3429678,17202,553120,14306700
1237,854,897,3428824,17159,554017,14327400
1238,857,799,3427967,17217,554816,13933400
1239,881,837,3427086,17261,555653,14754000
1240,902,888,3426184,17275,556541,14114100
1241,838,839,3425346,17274,557380,14160500
1242,912,904,3424434,17282,558284,13999100
1243,899,878,3423535,17303,559162,14979500
1244,870,865,3422665,17308,560027,14084800
1245,853,907,3421812,17254,560934,14085900
1246,913,836,3420899,17331,561770,14006400
1247,900,868,3419999,17363,562638,14032400
1248,897,872,3419102,17388,563510,14018300
1249,916,867,3418186,17437,564377,14124000
1250,899,838,3417287,17498,565215,14074000
1251,899,894,3416388,17503,566109,13950000
1252,937,962,3415451,17478,567071,15016200
1253,882,887,3414569,17473,567958,14001100
1254,942,839,3413627,17576,568797,13992000
1255,893,898,3412734,17571,569695,14029000
1256,916,850,3411818,17637,570545,14014100
1257,883,846,3410935,17674,571391,14014200
1258,887,852,3410048,17709,572243,14330200
1259,960,861,3409088,17808,573104,14078400
1260,847,858,3408241,17797,573962,14073600
1261,925,878,3407316,17844,574840,14050800
1262,908,836,3406408,17916,575676,14035900
1263,915,924,3405493,17907,576600,14077600
1264,909,876,3404584,17940,577476,14166200
1265,918,921,3403666,17937,578397,14683800
1266,905,853,3402761,17989,579250,14198900
1267,886,876,3401875,17999,580126,14120600
1268,896,940,3400979,17955,581066,14043900
1269,918,857,3400061,18016,581923,14444800
1270,885,837,3399176,18064,582760,14641000
1271,935,964,3398241,18035,583724,14058300
1272,883,891,3397358,18027,584615,14009300
1273,911,901,3396447,18037,585516,14133400
1274,925,867,3395522,18095,586383,14076100
1275,899,896,3394623,18098,587279,14128700
1276,896,901,3393727,18093,588180,14097600
1277,894,914,3392833,18073,589094,14575400
1278,970,960,3391863,18083,590054,14556800
1279,899,844,3390964,18138,590898,14479700
1280,896,893,3390068,18141,591791,14160800
1281,912,878,3389156,18175,592669,14074100
1282,909,896,3388247,18188,593565,14205200
1283,916,952,3387331,18152,594517,14101300
1284,917,906,3386414,18163,595423,14518300
1285,954,924,3385460,18193,596347,14070700
1286,892,898,3384568,18187,597245,14136800
1287,917,941,3383651,18163,598186,14114300
1288,924,974,3382727,18113,599160,14313500
1289,877,928,3381850,18062,600088,14020700
1290,895,890,3380955,18067,600978,14994300
1291,941,901,3380014,18107,601879,14736800
1292,899,903,3379115,18103,602782,14356100
1293,927,832,3378188,18198,603614,14208300
1294,936,911,3377252,18223,604525,14163600
1295,918,876,3376334,18265,605401,14228700
1296,860,944,3375474,18181,606345,14183800
1297,909,887,3374565,18203,607232,15330200
1298,923,948,3373642,18178,608180,14556300
1299,924,929,3372718,18173,609109,14320300
1300,936,903,3371782,18206,610012,14512100
1301,934,885,3370848,18255,610897,14647500
1302,961,875,3369887,18341,611772,15079900
1303,945,960,3368942,18326,612732,14410900
1304,925,892,3368017,18359,613624,14407700
1305,887,930,3367130,18316,614554,14465800
1306,892,892,3366238,18316,615446,14382100
1307,915,907,3365323,18324,616353,14585500
1308,976,941,3364347,18359,617294,14333200
1309,931,900,3363416,18390,618194,14992400
1310,914,918,3362502,18386,619112,15230200
1311,923,976,3361579,18333,620088,14712600
1312,887,907,3360692,18313,620995,14383300
1313,904,906,3359788,18311,621901,14192700
1314,910,923,3358878,18298,622824,14126800
1315,928,946,3357950,18280,623770,14173800
1316,891,863,3357059,18308,624633,14140000
1317,891,910,3356168,18289,625543,14477500
1318,936,906,3355232,18319,626449,14280900
1319,940,942,3354292,18317,627391,14667000
1320,905,950,3353387,18272,628341,14758600
1321,922,911,3352465,18283,629252,14073400
1322,889,889,3351576,18283,630141,14076200
1323,936,905,3350640,18314,631046,14147600
1324,877,887,3349763,18304,631933,14407200
1325,912,910,3348851,18306,632843,14711100
1326,854,898,3347997,18262,633741,14292100
1327,933,919,3347064,18276,634660,14149500
1328,848,926,3346216,18198,635586,14174100
1329,874,929,3345342,18143,636515,14205100
1330,916,941,3344426,18118,637456,14127400
1331,898,949,3343528,18067,638405,14151300
1332,860,878,3342668,18049,639283,14205300
1333,892,899,3341776,18042,640182,14902900
1334,904,915,3340872,18031,641097,14385700
1335,914,891,3339958,18054,641988,15103100
1336,895,913,3339063,18036,642901,14323200
1337,940,900,3338123,18076,643801,14163500
1338,901,943,3337222,18034,644744,14108700
1339,910,915,3336312,18029,645659,14099200
1340,890,921,3335422,17998,646580,131322400
1341,901,910,3334521,17989,647490,14696400
1342,933,970,3333588,17952,648460,14757900
1343,927,873,3332661,18006,649333,14452400
1344,876,862,3331785,18020,650195,14838900
1345,932,891,3330853,18061,651086,15393400
1346,894,928,3329959,18027,652014,14831800
1347,929,896,3329030,18060,652910,14726000
1348,910,922,3328120,18048,653832,15811000
1349,868,921,3327252,17995,654753,14922900
1350,912,868,3326340,18039,655621,14751400
1351,919,899,3325421,18059,656520,15400700
1352,907,896,3324514,18070,657416,14803700
1353,859,901,3323655,18028,658317,15034200
1354,914,907,3322741,18035,659224,14654700
1355,922,892,3321819,18065,660116,14570000
1356,900,903,3320919,18062,661019,14322100
1357,955,926,3319964,18091,661945,14387500
1358,961,842,3319003,18210,662787,15095300
1359,914,877,3318089,18247,663664,14380200
1360,900,916,3317189,18231,664580,14429600
1361,921,953,3316268,18199,665533,14831500
1362,955,908,3315313,18246,666441,14610100
1363,913,945,3314400,18214,667386,14381500
1364,892,923,3313508,18183,668309,14302000
1365,935,916,3312573,18202,669225,14954200
1366,939,946,3311634,18195,670171,14553700
1367,955,888,3310679,18262,671059,15125400
1368,932,952,3309747,18242,672011,14566800
1369,989,947,3308758,18284,672958,14826700
1370,970,950,3307788,18304,673908,14429700
1371,953,967,3306835,18290,674875,15125300
1372,983,890,3305852,18383,675765,14847800
1373,975,963,3304877,18395,676728,14580100
1374,955,890,3303922,18460,677618,14799900
1375,996,956,3302926,18500,678574,14691700
1376,975,927,3301951,18548,679501,14622600
1377,976,927,3300975,18597,680428,15027300
1378,969,878,3300006,18688,681306,14587700
1379,935,936,3299071,18687,682242,15299900
1380,983,909,3298088,18761,683151,14539600
1381,949,948,3297139,18762,684099,15390100
1382,978,904,3296161,18836,685003,14778800
1383,922,956,3295239,18802,685959,14725700
1384,929,923,3294310,18808,686882,14584800
1385,979,970,3293331,18817,687852,14377600
1386,944,972,3292387,18789,688824,14288800
1387,949,963,3291438,18775,689787,14439000
1388,942,963,3290496,18754,690750,14450800
1389,888,906,3289608,18736,691656,14296800
1390,919,967,3288689,18688,692623,14935600
1391,938,916,3287751,18710,693539,14407900
1392,1004,988,3286747,18726,694527,14678400
1393,935,963,3285812,18698,695490,14373600
1394,962,965,3284850,18695,696455,14333800
1395,873,875,3283977,18693,697330,14460600
1396,981,927,3282996,18747,698257,14970200
1397,938,939,3282058,18746,699196,14936700
1398,985,938,3281073,18793,700134,14379800
1399,886,988,3280187,18691,701122,14585200
1400,893,868,3279294,18716,701990,14640200
1401,944,890,3278350,18770,702880,14449200
1402,894,933,3277456,18731,703813,14358100
1403,971,913,3276485,18789,704726,14416200
1404,936,909,3275549,18816,705635,14496500
1405,897,910,3274652,18803,706545,14384500
1406,989,944,3273663,18848,707489,14750500
1407,955,937,3272708,18866,708426,15133600
1408,955,974,3271753,18847,709400,15240800
1409,874,972,3270879,18749,710372,14308200
1410,953,942,3269926,18760,711314,14863600
1411,934,953,3268992,18741,712267,14489100
1412,955,918,3268037,18778,713185,15051200
1413,925,944,3267112,18759,714129,15129500
1414,935,916,3266177,18778,715045,14320200
1415,984,937,3265193,18825,715982,14537900
1416,962,950,3264231,18837,716932,14233900
1417,966,972,3263265,18831,717904,14223500
1418,961,949,3262304,18843,718853,14216800
1419,916,911,3261388,18848,719764,14383500
1420,988,876,3260400,18960,720640,14444900
1421,955,918,3259445,18997,721558,14661600
1422,947,941,3258498,19003,722499,14381000
1423,987,907,3257511,19083,723406,14666600
1424,888,963,3256623,19008,724369,14471600
1425,953,890,3255670,19071,725259,14503900
1426,931,960,3254739,19042,726219,14422300
1427,908,919,3253831,19031,727138,14199400
1428,988,997,3252843,19022,728135,14424000
1429,967,998,3251876,18991,729133,14404400
1430,947,951,3250929,18987,730084,14427200
1431,986,942,3249943,19031,731026,14923200
1432,956,888,3248987,19099,731914,14768900
1433,941,963,3248046,19077,732877,14404900
1434,939,952,3247107,19064,733829,14393500
1435,962,936,3246145,19090,734765,14628700
1436,897,962,3245248,19025,735727,14516100
1437,960,947,3244288,19038,736674,14516500
1438,947,983,3243341,19002,737657,14333100
1439,950,971,3242391,18981,738628,14383100
1440,981,974,3241410,18988,739602,14440900
1441,906,985,3240504,18909,740587,14406100
1442,889,969,3239615,18829,741556,15965500
1443,962,991,3238653,18800,742547,14761800
1444,939,929,3237714,18810,743476,14291700
1445,986,920,3236728,18876,744396,14195400
1446,946,922,3235782,18900,745318,14342900
1447,910,932,3234872,18878,746250,14215700
1448,962,941,3233910,18899,747191,14311000
1449,920,898,3232990,18921,748089,14255900
1450,961,904,3232029,18978,748993,14241400
1451,958,903,3231071,19033,749896,14321800
1452,933,937,3230138,19029,750833,14575200
1453,940,936,3229198,19033,751769,14545400
1454,970,974,3228228,19029,752743,14748500
1455,960,980,3227268,19009,753723,14655500
1456,992,956,3226276,19045,754679,14599800
1457,978,926,3225298,19097,755605,15414500
1458,987,981,3224311,19103,756586,15144100
1459,972,964,3223339,19111,757550,14986800
1460,990,989,3222349,19112,758539,14790600
1461,954,964,3221395,19102,759503,14666600
1462,947,951,3220448,19098,760454,14592900
1463,948,955,3219500,19091,761409,15203500
1464,965,970,3218535,19086,762379,14994100
1465,993,967,3217542,19112,763346,14877400
1466,1035,981,3216507,19166,764327,14585700
1467,989,957,3215518,19198,765284,14989900
1468,938,1023,3214580,19113,766307,14518700
1469,966,947,3213614,19132,767254,14383300
1470,1021,940,3212593,19213,768194,15163800
1471,995,924,3211598,19284,769118,15079600
1472,939,1041,3210659,19182,770159,14854400
1473,936,943,3209723,19175,771102,14409400
1474,998,937,3208725,19236,772039,14553800
1475,983,963,3207742,19256,773002,15016000
1476,1006,947,3206736,19315,773949,14619600
1477,957,972,3205779,19300,774921,14395300
1478,1007,983,3204772,19324,775904,14310300
1479,934,1012,3203838,19246,776916,14266800
1480,991,951,3202847,19286,777867,14903200
1481,989,973,3201858,19302,778840,14388700
1482,1001,975,3200857,19328,779815,14374400
1483,978,964,3199879,19342,780779,14398300
1484,1029,901,3198850,19470,781680,14344700
1485,965,974,3197885,19461,782654,14317000
1486,1022,968,3196863,19515,783622,14400100
1487,982,1025,3195881,19472,784647,14454000
1488,999,980,3194882,19491,785627,14314400
1489,1041,1014,3193841,19518,786641,14400500
1490,964,1012,3192877,19470,787653,14541900
1491,942,1017,3191935,19395,788670,14422300
1492,978,923,3190957,19450,789593,14506300
1493,996,995,3189961,19451,790588,14867300
1494,950,991,3189011,19410,791579,14510900
1495,1000,979,3188011,19431,792558,14405600
1496,998,963,3187013,19466,793521,15142500
1497,968,1013,3186045,19421,794534,14621100
1498,945,930,3185100,19436,795464,14412900
1499,973,976,3184127,19433,796440,14451700
1500,991,983,3183136,19441,797423,14470200
1501,1001,964,3182135,19478,798387,15168900
1502,1003,938,3181132,19543,799325,15715200
1503,962,1027,3180170,19478,800352,14932900
1504,1014,953,3179156,19539,801305,14496800
1505,1024,1061,3178132,19502,802366,14297000
1506,1007,938,3177125,19571,803304,14344100
1507,963,977,3176162,19557,804281,14775100
1508,992,999,3175170,19550,805280,14486000
1509,977,941,3174193,19586,806221,14978500
1510,991,977,3173202,19600,807198,14454100
1511,951,994,3172251,19557,808192,14289600
1512,991,929,3171260,19619,809121,14322700
1513,1009,1002,3170251,19626,810123,15228300
1514,1011,987,3169240,19650,811110,14369000
1515,966,1013,3168274,19603,812123,15017400
1516,980,956,3167294,19627,813079,14807900
1517,991,1048,3166303,19570,814127,14316700
1518,982,987,3165321,19565,815114,14569100
1519,990,1025,3164331,19530,816139,14752500
1520,1016,1024,3163315,19522,817163,14466200
1521,1034,978,3162281,19578,818141,14311600
1522,1023,988,3161258,19613,819129,14334300
1523,972,989,3160286,19596,820118,14517200
1524,1024,972,3159262,19648,821090,14531300
1525,1078,997,3158184,19729,822087,14687800
1526,985,958,3157199,19756,823045,14384200
1527,1030,993,3156169,19793,824038,14729900
1528,966,1008,3155203,19751,825046,14357800
1529,1019,962,3154184,19808,826008,14606000
1530,1017,977,3153167,19848,826985,14287100
1531,978,1009,3152189,19817,827994,15306500
1532,1025,974,3151164,19868,828968,14647800
1533,1051,1000,3150113,19919,829968,14538500
1534,1015,974,3149098,19960,830942,15640800
1535,989,1016,3148109,19933,831958,14648000
1536,1018,952,3147091,19999,832910,14732900
1537,980,983,3146111,19996,833893,14844500
1538,1025,975,3145086,20046,834868,15028900
1539,1008,1047,3144078,20007,835915,15058600
1540,1014,1103,3143064,19918,837018,14959500
1541,1005,983,3142059,19940,838001,14816200
1542,1008,988,3141051,19960,838989,14796200
1543,1007,1033,3140044,19934,840022,15119800
1544,1017,1035,3139027,19916,841057,15803800
1545,1011,959,3138016,19968,842016,15200300
1546,961,988,3137055,19941,843004,14441400
1547,1025,996,3136030,19970,844000,14451800
1548,998,980,3135032,19988,844980,14450700
1549,1014,1026,3134018,19976,846006,15082000
1550,1011,1028,3133007,19959,847034,15360200
1551,973,1049,3132034,19883,848083,16308200
1552,998,1002,3131036,19879,849085,14477100
1553,1000,1009,3130036,19870,850094,14402700
1554,965,1024,3129071,19811,851118,14718500
1555,964,988,3128107,19787,852106,14634900
1556,998,957,3127109,19828,853063,14448800
1557,970,1035,3126139,19763,854098,14381000
1558,972,1013,3125167,19722,855111,15394300
1559,983,914,3124184,19791,856025,14445800
1560,990,1027,3123194,19754,857052,14511500
1561,1031,1002,3122163,19783,858054,14552800
1562,973,969,3121190,19787,859023,15147400
1563,947,961,3120243,19773,859984,15111900
1564,1010,953,3119233,19830,860937,14915400
1565,1018,1060,3118215,19788,861997,14611800
1566,1063,1006,3117152,19845,863003,14631700
1567,1027,972,3116125,19900,863975,14617400
1568,986,1019,3115139,19867,864994,14790800
1569,1038,979,3114101,19926,865973,14569500
1570,1023,994,3113078,19955,866967,14581100
1571,1053,1012,3112025,19996,867979,14475600
1572,1038,991,3110987,20043,868970,14453700
1573,1059,1028,3109928,20074,869998,14414500
1574,1027,1041,3108901,20060,871039,14699300
1575,1076,1002,3107825,20134,872041,14519700
1576,1069,1011,3106756,20192,873052,15172000
1577,1061,1071,3105695,20182,874123,14494400
1578,1058,1009,3104637,20231,875132,14445600
1579,984,964,3103653,20251,876096,14420800
1580,1097,991,3102556,20357,877087,14453500
1581,1042,964,3101514,20435,878051,14498500
1582,1073,950,3100441,20558,879001,14543400
1583,1081,1074,3099360,20565,880075,14415300
1584,1038,1032,3098322,20571,881107,14980800
1585,1119,997,3097203,20693,882104,15117200
1586,1068,1008,3096135,20753,883112,14356900
1587,1084,1014,3095051,20823,884126,14373500
1588,1040,1045,3094011,20818,885171,14386600
1589,1070,1057,3092941,20831,886228,14849000
1590,1051,1042,3091890,20840,887270,15058200
1591,1069,980,3090821,20929,888250,14438300
1592,1055,1079,3089766,20905,889329,14409100
1593,1098,1054,3088668,20949,890383,15160000
1594,1046,1067,3087622,20928,891450,15790100
1595,1099,1053,3086523,20974,892503,14907500
1596,1070,1080,3085453,20964,893583,14700400
1597,1135,1012,3084318,21087,894595,14521400
1598,1135,1022,3083183,21200,895617,14510400
1599,1085,1007,3082098,21278,896624,14484000
1600,1106,1070,3080992,21314,897694,14420400
1601,1113,1070,3079879,21357,898764,15420600
1602,1033,1061,3078846,21329,899825,14584300
1603,1000,1058,3077846,21271,900883,14787200
1604,1032,1091,3076814,21212,901974,14414700
1605,1042,990,3075772,21264,902964,14639500
1606,1084,1053,3074688,21295,904017,14792000
1607,1068,1045,3073620,21318,905062,14772500
1608,1052,1053,3072568,21317,906115,15115300
1609,1116,1000,3071452,21433,907115,14926900
1610,1046,1084,3070406,21395,908199,14959800
1611,997,1073,3069409,21319,909272,14914600
1612,1076,1048,3068333,21347,910320,14500100
1613,1055,1044,3067278,21358,911364,14614800
1614,1107,1062,3066171,21403,912426,14733900
1615,1054,1098,3065117,21359,913524,15320900
1616,1016,1112,3064101,21263,914636,15020500
1617,1066,1036,3063035,21293,915672,14737100
1618,1062,1017,3061973,21338,916689,14764500
1619,1016,1079,3060957,21275,917768,15461600
1620,1066,1062,3059891,21279,918830,14741200
1621,1032,1056,3058859,21255,919886,14930900
1622,1071,1068,3057788,21258,920954,15361100
1623,1012,1046,3056776,21224,922000,15001600
1624,1044,1069,3055732,21199,923069,14899900
1625,1020,1067,3054712,21152,924136,14545800
1626,1047,1085,3053665,21114,925221,14610900
1627,1032,1053,3052633,21093,926274,15190100
1628,1028,1036,3051605,21085,927310,15001900
1629,1068,1021,3050537,21132,928331,14739800
1630,1048,1036,3049489,21144,929367,14697800
1631,1017,1049,3048472,21112,930416,15415300
1632,1056,1078,3047416,21090,931494,15100000
1633,1039,1050,3046377,21079,932544,15084700
1634,1083,1055,3045294,21107,933599,15232800
1635,959,1040,3044335,21026,934639,14680000
1636,1038,1098,3043297,20966,935737,14578200
1637,1044,1097,3042253,20913,936834,14780600
1638,1023,1042,3041230,20894,937876,15042200
1639,1039,1019,3040191,20914,938895,15288600
1640,1049,1074,3039142,20889,939969,14650300
1641,1015,1028,3038127,20876,940997,14645400
1642,1022,1018,3037105,20880,942015,14568300
1643,1049,1053,3036056,20876,943068,14742300
1644,1058,1039,3034998,20895,944107,14995700
1645,1031,1040,3033967,20886,945147,14964400
1646,1031,1088,3032936,20829,946235,15134400
1647,1027,1085,3031909,20771,947320,14692700
1648,1013,1006,3030896,20778,948326,14580600
1649,1106,1077,3029790,20807,949403,14588500
1650,1026,944,3028764,20889,950347,14848500
1651,954,1005,3027810,20838,951352,15576900
1652,1019,1040,3026791,20817,952392,14987300
1653,1037,1022,3025754,20832,953414,14489600
1654,1017,1105,3024737,20744,954519,14522300
1655,1097,1086,3023640,20755,955605,14627300
1656,1103,988,3022537,20870,956593,14646300
1657,1046,1053,3021491,20863,957646,14493800
1658,1064,1075,3020427,20852,958721,14533200
1659,1069,1084,3019358,20837,959805,14509700
1660,1057,1085,3018301,20809,960890,15081100
1661,1048,995,3017253,20862,961885,15364800
1662,1156,1051,3016097,20967,962936,15413600
1663,1093,1071,3015004,20989,964007,15691000
1664,1089,1040,3013915,21038,965047,15477600
1665,1076,1009,3012839,21105,966056,14731900
1666,1106,1055,3011733,21156,967111,15415700
1667,1086,1059,3010647,21183,968170,14733200
1668,1110,1069,3009537,21224,969239,14646000
1669,1067,1047,3008470,21244,970286,14560900
1670,1085,1054,3007385,21275,971340,15060200
1671,1073,1104,3006312,21244,972444,16128600
1672,1077,1073,3005235,21248,973517,14616000
1673,1114,1054,3004121,21308,974571,14442100
1674,1096,1069,3003025,21335,975640,15589200
1675,1074,1064,3001951,21345,976704,15249600
1676,1081,1062,3000870,21364,977766,14657000
1677,1070,1072,2999800,21362,978838,15303800
1678,1113,1085,2998687,21390,979923,15309100
1679,1113,1083,2997574,21420,981006,14676900
1680,1090,1063,2996484,21447,982069,14574000
1681,1072,1028,2995412,21491,983097,14807200
1682,1050,1084,2994362,21457,984181,14864200
1683,1173,1155,2993189,21475,985336,15445400
1684,1069,1045,2992120,21499,986381,15029800
1685,1102,1016,2991018,21585,987397,15202300
1686,1165,1074,2989853,21676,988471,14557400
1687,1158,1063,2988695,21771,989534,15390300
1688,1093,1088,2987602,21776,990622,14553400
1689,1094,1154,2986508,21716,991776,14536400
1690,1135,1061,2985373,21790,992837,14475000
1691,1123,1087,2984250,21826,993924,15346400
1692,1064,1060,2983186,21830,994984,14996900
1693,1087,1108,2982099,21809,996092,14856200
1694,1121,1116,2980978,21814,997208,15227200
1695,1160,1089,2979818,21885,998297,15072500
1696,1198,1097,2978620,21986,999394,15470300
1697,1179,1174,2977441,21991,1000568,15137000
1698,1124,1098,2976317,22017,1001666,15050200
1699,1088,1214,2975229,21891,1002880,16054300
1700,1151,1098,2974078,21944,1003978,15850800
1701,1047,1071,2973031,21920,1005049,15939500
1702,1098,1141,2971933,21877,1006190,15195800
1703,1075,1092,2970858,21860,1007282,15142100
1704,1158,1156,2969700,21862,1008438,14653800
1705,1140,1143,2968560,21859,1009581,14809600
1706,1084,1118,2967476,21825,1010699,14890100
1707,1115,1127,2966361,21813,1011826,14964100
1708,1148,1071,2965213,21890,1012897,15234900
1709,1113,1136,2964100,21867,1014033,15549800
1710,1103,1079,2962997,21891,1015112,15440900
1711,1095,1109,2961902,21877,1016221,14975700
1712,1138,1078,2960764,21937,1017299,14475400
1713,1168,1133,2959596,21972,1018432,15075600
1714,1092,1085,2958504,21979,1019517,15724900
1715,1088,1135,2957416,21932,1020652,14694200
1716,1106,1092,2956310,21946,1021744,14538000
1717,1106,1116,2955204,21936,1022860,14634200
1718,1140,1045,2954064,22031,1023905,15208400
1719,1091,1021,2952973,22101,1024926,15059300
1720,1066,1100,2951907,22067,1026026,14670300
1721,1089,1063,2950818,22093,1027089,14680600
1722,1166,1143,2949652,22116,1028232,15109100
1723,1118,1161,2948534,22073,1029393,14656900
1724,1132,1088,2947402,22117,1030481,14610900
1725,1169,1077,2946233,22209,1031558,15196400
1726,1083,1106,2945150,22186,1032664,15213300
1727,1117,1133,2944033,22170,1033797,14899500
1728,1041,1096,2942992,22115,1034893,14593100
1729,1123,1109,2941869,22129,1036002,14714300
1730,1108,1060,2940761,22177,1037062,14604000
1731,1072,1146,2939689,22103,1038208,15556100
1732,1085,1076,2938604,22112,1039284,15840700
1733,1050,1095,2937554,22067,1040379,15091200
1734,1118,1126,2936436,22059,1041505,14622000
1735,1129,1071,2935307,22117,1042576,14623100
1736,1077,1056,2934230,22138,1043632,14791600
1737,1090,1131,2933140,22097,1044763,14961100
1738,1079,1145,2932061,22031,1045908,14682300
1739,1113,1153,2930948,21991,1047061,14518200
1740,1079,1103,2929869,21967,1048164,15473800
1741,1114,1130,2928755,21951,1049294,15133600
1742,1061,1059,2927694,21953,1050353,14819400
1743,1155,1051,2926539,22057,1051404,15339000
1744,1116,1112,2925423,22061,1052516,15004500
1745,1121,1101,2924302,22081,1053617,15249700
1746,1080,1085,2923222,22076,1054702,18165600
1747,1099,1069,2922123,22106,1055771,15953000
1748,1065,1079,2921058,22092,1056850,15002300
1749,1096,1125,2919962,22063,1057975,15212600
1750,1117,1074,2918845,22106,1059049,14542500
1751,1094,1097,2917751,22103,1060146,14570200
1752,1122,1066,2916629,22159,1061212,15631500
1753,1052,1083,2915577,22128,1062295,15077300
1754,1079,1130,2914498,22077,1063425,14623900
1755,1062,1028,2913436,22111,1064453,15557100
1756,1148,1085,2912288,22174,1065538,14629700
1757,1136,1136,2911152,22174,1066674,14668600
1758,1039,1066,2910113,22147,1067740,14695600
1759,1077,1152,2909036,22072,1068892,15616200
1760,1069,1066,2907967,22075,1069958,15451700
1761,1108,1138,2906859,22045,1071096,15436200
1762,1122,1130,2905737,22037,1072226,14932600
1763,1147,1109,2904590,22075,1073335,14873200
1764,1109,1159,2903481,22025,1074494,15339900
1765,1072,1060,2902409,22037,1075554,15041900
1766,1173,1097,2901236,22113,1076651,14821200
1767,1147,1064,2900089,22196,1077715,15192900
1768,1145,1117,2898944,22224,1078832,14873400
1769,1112,1161,2897832,22175,1079993,14861200
1770,1155,1112,2896677,22218,1081105,14730500
1771,1152,1103,2895525,22267,1082208,15118500
1772,1129,1079,2894396,22317,1083287,15051900
1773,1070,1081,2893326,22306,1084368,15051400
1774,1138,1045,2892188,22399,1085413,15395900
1775,1166,1104,2891022,22461,1086517,16414000
1776,1167,1131,2889855,22497,1087648,18350800
1777,1144,1085,2888711,22556,1088733,16647600
1778,1125,1136,2887586,22545,1089869,15072300
1779,1167,1119,2886419,22593,1090988,15311500
1780,1084,1100,2885335,22577,1092088,15076000
1781,1138,1183,2884197,22532,1093271,15264300
1782,1159,1156,2883038,22535,1094427,15216600
1783,1117,1097,2881921,22555,1095524,14857200
1784,1159,1128,2880762,22586,1096652,14745400
1785,1142,1164,2879620,22564,1097816,14738700
1786,1169,1198,2878451,22535,1099014,14678600
1787,1142,1157,2877309,22520,1100171,15348500
1788,1178,1172,2876131,22526,1101343,14927300
1789,1107,1131,2875024,22502,1102474,14695700
1790,1128,1164,2873896,22466,1103638,14703100
1791,1104,1068,2872792,22502,1104706,14898800
1792,1167,1106,2871625,22563,1105812,14781500
1793,1160,1143,2870465,22580,1106955,14758200
1794,1140,1161,2869325,22559,1108116,14748800
1795,1172,1079,2868153,22652,1109195,14707600
1796,1203,1120,2866950,22735,1110315,14718500
1797,1130,1109,2865820,22756,1111424,14915800
1798,1219,1164,2864601,22811,1112588,15151200
1799,1180,1186,2863421,22805,1113774,14823100
1800,1224,1161,2862197,22868,1114935,14694100
1801,1195,1126,2861002,22937,1116061,14785200
1802,1224,1149,2859778,23012,1117210,14799200
1803,1168,1196,2858610,22984,1118406,14740800
1804,1141,1163,2857469,22962,1119569,14670800
1805,1213,1243,2856256,22932,1120812,14698600
1806,1124,1102,2855132,22954,1121914,14805300
1807,1136,1107,2853996,22983,1123021,14805500
1808,1123,1151,2852873,22955,1124172,15132700
1809,1111,1145,2851762,22921,1125317,14929500
1810,1147,1157,2850615,22911,1126474,15200200
1811,1214,1190,2849401,22935,1127664,15204000
1812,1142,1085,2848259,22992,1128749,14777600
1813,1146,1150,2847113,22988,1129899,14649900
1814,1182,1202,2845931,22968,1131101,14677000
1815,1254,1175,2844677,23047,1132276,14785300
1816,1167,1161,2843510,23053,1133437,14845700
1817,1196,1175,2842314,23074,1134612,14762200
1818,1144,1215,2841170,23003,1135827,14946600
1819,1126,1160,2840044,22969,1136987,16670500
1820,1148,1138,2838896,22979,1138125,14928300
1821,1134,1117,2837762,22996,1139242,15068500
1822,1149,1182,2836613,22963,1140424,15290300
1823,1170,1111,2835443,23022,1141535,14780400
1824,1124,1143,2834319,23003,1142678,14743800
1825,1095,1138,2833224,22960,1143816,14782000
1826,1116,1135,2832108,22941,1144951,15054400
1827,1161,1089,2830947,23013,1146040,14654800
1828,1220,1166,2829727,23067,1147206,15616600
1829,1111,1168,2828616,23010,1148374,15875900
1830,1201,1190,2827415,23021,1149564,15016600
1831,1145,1225,2826270,22941,1150789,15940900
1832,1156,1131,2825114,22966,1151920,14863300
1833,1151,1172,2823963,22945,1153092,14775100
1834,1145,1152,2822818,22938,1154244,15011000
1835,1142,1176,2821676,22904,1155420,15237300
1836,1203,1140,2820473,22967,1156560,15738700
1837,1185,1134,2819288,23018,1157694,14951300
1838,1228,1184,2818060,23062,1158878,15514100
1839,1148,1222,2816912,22988,1160100,15009900
1840,1195,1161,2815717,23022,1161261,14751300
1841,1221,1207,2814496,23036,1162468,15597100
1842,1133,1172,2813363,22997,1163640,14826300
1843,1187,1133,2812176,23051,1164773,14812900
1844,1124,1142,2811052,23033,1165915,14653000
1845,1141,1133,2809911,23041,1167048,14669200
1846,1152,1129,2808759,23064,1168177,14833100
1847,1223,1169,2807536,23118,1169346,15330900
1848,1106,1149,2806430,23075,1170495,14905000
1849,1136,1144,2805294,23067,1171639,15074200
1850,1170,1138,2804124,23099,1172777,15445700
1851,1135,1081,2802989,23153,1173858,15183400
1852,1158,1194,2801831,23117,1175052,14916600
1853,1139,1152,2800692,23104,1176204,15619800
1854,1111,1172,2799581,23043,1177376,15967900
1855,1185,1168,2798396,23060,1178544,15195700
1856,1180,1141,2797216,23099,1179685,15177300
1857,1177,1126,2796039,23150,1180811,15028900
1858,1242,1206,2794797,23186,1182017,15137100
1859,1158,1185,2793639,23159,1183202,15164900
1860,1082,1204,2792557,23037,1184406,15354400
1861,1148,1144,2791409,23041,1185550,15187200
1862,1198,1164,2790211,23075,1186714,14833100
1863,1118,1165,2789093,23028,1187879,15043400
1864,1111,1211,2787982,22928,1189090,15329900
1865,1155,1157,2786827,22926,1190247,14838400
1866,1176,1107,2785651,22995,1191354,14811200
1867,1120,1152,2784531,22963,1192506,14805500
1868,1171,1173,2783360,22961,1193679,14804300
1869,1180,1139,2782180,23002,1194818,14815200
1870,1189,1163,2780991,23028,1195981,15264600
1871,1151,1130,2779840,23049,1197111,14895400
1872,1149,1167,2778691,23031,1198278,14912600
1873,1163,1246,2777528,22948,1199524,14730800
1874,1146,1141,2776382,22953,1200665,14873000
1875,1203,1168,2775179,22988,1201833,15042000
1876,1125,1124,2774054,22989,1202957,15053700
1877,1189,1144,2772865,23034,1204101,15153500
1878,1189,1121,2771676,23102,1205222,15190600
1879,1155,1170,2770521,23087,1206392,14836200
1880,1161,1167,2769360,23081,1207559,14818700
1881,1152,1127,2768208,23106,1208686,15027500
1882,1086,1132,2767122,23060,1209818,16371700
1883,1194,1203,2765928,23051,1211021,16102800
1884,1147,1114,2764781,23084,1212135,14856200
1885,1191,1184,2763590,23091,1213319,14951900
1886,1173,1206,2762417,23058,1214525,14931400
1887,1235,1191,2761182,23102,1215716,14775200
1888,1107,1132,2760075,23077,1216848,14990300
1889,1131,1127,2758944,23081,1217975,14771600
1890,1185,1171,2757759,23095,1219146,14858100
1891,1115,1190,2756644,23020,1220336,14886900
1892,1214,1121,2755430,23113,1221457,15525800
1893,1181,1195,2754249,23099,1222652,15299300
1894,1209,1127,2753040,23181,1223779,15329300
1895,1201,1147,2751839,23235,1224926,15685700
1896,1193,1152,2750646,23276,1226078,15290400
1897,1149,1151,2749497,23274,1227229,15437900
1898,1168,1165,2748329,23277,1228394,16254300
1899,1199,1190,2747130,23286,1229584,14914500
1900,1178,1193,2745952,23271,1230777,14953000
1901,1251,1189,2744701,23333,1231966,14916800
1902,1173,1140,2743528,23366,1233106,14880400
1903,1202,1171,2742326,23397,1234277,15808600
1904,1246,1105,2741080,23538,1235382,15170500
1905,1207,1208,2739873,23537,1236590,14971500
1906,1216,1236,2738657,23517,1237826,15276400
1907,1148,1196,2737509,23469,1239022,15753500
1908,1201,1178,2736308,23492,1240200,15454000
1909,1221,1170,2735087,23543,1241370,17647500
1910,1279,1181,2733808,23641,1242551,15221700
1911,1241,1131,2732567,23751,1243682,15149100
1912,1265,1186,2731302,23830,1244868,15164300
1913,1236,1175,2730066,23891,1246043,15340400
1914,1200,1176,2728866,23915,1247219,15055100
1915,1238,1260,2727628,23893,1248479,15247600
1916,1219,1235,2726409,23877,1249714,14999000
1917,1271,1223,2725138,23925,1250937,14882900
1918,1223,1167,2723915,23981,1252104,15483400
1919,1226,1164,2722689,24043,1253268,15355600
1920,1185,1208,2721504,24020,1254476,14993900
1921,1243,1155,2720261,24108,1255631,15041200
1922,1195,1200,2719066,24103,1256831,14869500
1923,1229,1193,2717837,24139,1258024,14892400
1924,1236,1212,2716601,24163,1259236,14878700
1925,1214,1206,2715387,24171,1260442,15267100
1926,1248,1222,2714139,24197,1261664,15351400
1927,1258,1269,2712881,24186,1262933,15306700
1928,1231,1252,2711650,24165,1264185,15285400
1929,1229,1241,2710421,24153,1265426,15595400
1930,1209,1194,2709212,24168,1266620,15206200
1931,1231,1231,2707981,24168,1267851,15278900
1932,1172,1214,2706809,24126,1269065,15038200
1933,1203,1210,2705606,24119,1270275,15150900
1934,1212,1202,2704394,24129,1271477,15727100
1935,1254,1235,2703140,24148,1272712,15257300
1936,1223,1205,2701917,24166,1273917,15143500
1937,1179,1193,2700738,24152,1275110,15133600
1938,1229,1150,2699509,24231,1276260,14900200
1939,1212,1258,2698297,24185,1277518,15564800
1940,1189,1209,2697108,24165,1278727,14961200
1941,1232,1186,2695876,24211,1279913,15660700
1942,1186,1199,2694690,24198,1281112,15559800
1943,1196,1201,2693494,24193,1282313,15394800
1944,1175,1141,2692319,24227,1283454,15004900
1945,1222,1163,2691097,24286,1284617,14956000
1946,1223,1220,2689874,24289,1285837,14942800
1947,1206,1163,2688668,24332,1287000,15622500
1948,1185,1189,2687483,24328,1288189,15513100
1949,1228,1231,2686255,24325,1289420,15381100
1950,1198,1222,2685057,24301,1290642,14930000
1951,1230,1216,2683827,24315,1291858,15280900
1952,1202,1182,2682625,24335,1293040,15511000
1953,1162,1220,2681463,24277,1294260,15821900
1954,1194,1262,2680269,24209,1295522,14998200
1955,1124,1202,2679145,24131,1296724,15027800
1956,1203,1188,2677942,24146,1297912,14907000
1957,1180,1206,2676762,24120,1299118,15175600
1958,1196,1205,2675566,24111,1300323,15629600
1959,1158,1236,2674408,24033,1301559,15017200
1960,1210,1173,2673198,24070,1302732,15071800
1961,1193,1188,2672005,24075,1303920,15014400
1962,1207,1196,2670798,24086,1305116,15281000
1963,1244,1200,2669554,24130,1306316,15042200
1964,1195,1255,2668359,24070,1307571,14982700
1965,1204,1151,2667155,24123,1308722,14984100
1966,1179,1255,2665976,24047,1309977,14841300
1967,1194,1196,2664782,24045,1311173,14799500
1968,1191,1235,2663591,24001,1312408,15712000
1969,1210,1153,2662381,24058,1313561,15064400
1970,1191,1168,2661190,24081,1314729,15959800
1971,1166,1231,2660024,24016,1315960,15125000
1972,1171,1178,2658853,24009,1317138,15037400
1973,1211,1189,2657642,24031,1318327,14959300
1974,1182,1213,2656460,24000,1319540,14925100
1975,1208,1186,2655252,24022,1320726,15533900
1976,1253,1211,2653999,24064,1321937,15091200
1977,1212,1199,2652787,24077,1323136,15404600
1978,1144,1234,2651643,23987,1324370,15088400
1979,1241,1195,2650402,24033,1325565,14982700
1980,1182,1237,2649220,23978,1326802,14883500
1981,1144,1194,2648076,23928,1327996,14952500
1982,1143,1192,2646933,23879,1329188,15636300
1983,1215,1184,2645718,23910,1330372,15066700
1984,1232,1214,2644486,23928,1331586,15372600
1985,1211,1245,2643275,23894,1332831,15457900
1986,1198,1167,2642077,23925,1333998,15224600
1987,1201,1206,2640876,23920,1335204,15122700
1988,1234,1201,2639642,23953,1336405,15534300
1989,1252,1147,2638390,24058,1337552,15136700
1990,1220,1175,2637170,24103,1338727,14954900
1991,1247,1222,2635923,24128,1339949,15040300
1992,1191,1213,2634732,24106,1341162,15034200
1993,1231,1186,2633501,24151,1342348,15525700
1994,1214,1227,2632287,24138,1343575,14864200
1995,1226,1240,2631061,24124,1344815,16134100
1996,1169,1185,2629892,24108,1346000,15680500
1997,1270,1183,2628622,24195,1347183,15508700
1998,1226,1237,2627396,24184,1348420,15068800
1999,1308,1235,2626088,24257,1349655,15056200
2000,1226,1185,2624862,24298,1350840,15014600
2001,1239,1240,2623623,24297,1352080,15846500
2002,1221,1189,2622402,24329,1353269,14910300
2003,1264,1226,2621138,24367,1354495,14954700
2004,1229,1229,2619909,24367,1355724,15988000
2005,1267,1307,2618642,24327,1357031,15681700
2006,1244,1191,2617398,24380,1358222,15534100
2007,1288,1213,2616110,24455,1359435,15330000
2008,1222,1263,2614888,24414,1360698,15784600
2009,1239,1211,2613649,24442,1361909,16643200
2010,1188,1237,2612461,24393,1363146,15558200
2011,1237,1181,2611224,24449,1364327,15315000
2012,1246,1244,2609978,24451,1365571,15460700
2013,1267,1206,2608711,24512,1366777,16012500
2014,1221,1205,2607490,24528,1367982,15307600
2015,1191,1206,2606299,24513,1369188,15247100
2016,1237,1241,2605062,24509,1370429,15002500
2017,1232,1230,2603830,24511,1371659,14925200
2018,1226,1263,2602604,24474,1372922,14864200
2019,1251,1244,2601353,24481,1374166,14880500
2020,1279,1208,2600074,24552,1375374,14914500
2021,1292,1191,2598782,24653,1376565,15042400
2022,1237,1310,2597545,24580,1377875,14919500
2023,1252,1240,2596293,24592,1379115,15049100
2024,1241,1259,2595052,24574,1380374,14866300
2025,1286,1172,2593766,24688,1381546,15230900
2026,1203,1201,2592563,24690,1382747,15269800
2027,1219,1252,2591344,24657,1383999,15190900
2028,1249,1238,2590095,24668,1385237,15292200
2029,1233,1263,2588862,24638,1386500,14972000
2030,1262,1230,2587600,24670,1387730,16269400
2031,1308,1219,2586292,24759,1388949,15571200
2032,1218,1249,2585074,24728,1390198,14917600
2033,1260,1239,2583814,24749,1391437,16110200
2034,1207,1276,2582607,24680,1392713,15217900
2035,1218,1282,2581389,24616,1393995,15547800
2036,1301,1204,2580088,24713,1395199,15176800
2037,1235,1216,2578853,24732,1396415,15765300
2038,1257,1314,2577596,24675,1397729,15823100
2039,1224,1222,2576372,24677,1398951,15257000
2040,1222,1255,2575150,24644,1400206,15042800
2041,1220,1188,2573930,24676,1401394,15271200
2042,1209,1186,2572721,24699,1402580,15289700
2043,1297,1236,2571424,24760,1403816,15122600
2044,1234,1228,2570190,24766,1405044,14908700
2045,1218,1232,2568972,24752,1406276,14951300
2046,1212,1200,2567760,24764,1407476,15025200
2047,1210,1275,2566550,24699,1408751,15066600
2048,1197,1188,2565353,24708,1409939,14851300
2049,1290,1303,2564063,24695,1411242,15071900
2050,1286,1203,2562777,24778,1412445,14909900
2051,1263,1231,2561514,24810,1413676,14852500
2052,1218,1228,2560296,24800,1414904,14837000
2053,1239,1234,2559057,24805,1416138,14743500
2054,1239,1283,2557818,24761,1417421,15983800
2055,1223,1265,2556595,24719,1418686,14909100
2056,1325,1200,2555270,24844,1419886,14892000
2057,1209,1259,2554061,24794,1421145,14998700
2058,1239,1203,2552822,24830,1422348,15549400
2059,1239,1261,2551583,24808,1423609,15010700
2060,1150,1181,2550433,24777,1424790,14972500
2061,1250,1243,2549183,24784,1426033,14848200
2062,1183,1292,2548000,24675,1427325,15207000
2063,1246,1275,2546754,24646,1428600,14703100
2064,1183,1217,2545571,24612,1429817,14750200
2065,1127,1318,2544444,24421,1431135,14964000
2066,1166,1210,2543278,24377,1432345,14801900
2067,1235,1192,2542043,24420,1433537,14792100
2068,1234,1260,2540809,24394,1434797,14767400
2069,1169,1229,2539640,24334,1436026,14925900
2070,1221,1260,2538419,24295,1437286,15053000
2071,1256,1176,2537163,24375,1438462,15117700
2072,1227,1204,2535936,24398,1439666,14803800
2073,1224,1217,2534712,24405,1440883,15055300
2074,1255,1264,2533457,24396,1442147,15365800
2075,1191,1201,2532266,24386,1443348,15449300
2076,1248,1326,2531018,24308,1444674,15998300
2077,1176,1263,2529842,24221,1445937,15001300
2078,1164,1175,2528678,24210,1447112,15004200
2079,1179,1172,2527499,24217,1448284,15831500
2080,1178,1249,2526321,24146,1449533,15423300
2081,1172,1166,2525149,24152,1450699,15065000
2082,1182,1212,2523967,24122,1451911,15259800
2083,1219,1181,2522748,24160,1453092,15150000
2084,1190,1252,2521558,24098,1454344,15132700
2085,1264,1250,2520294,24112,1455594,15198200
2086,1241,1223,2519053,24130,1456817,15626500
2087,1211,1244,2517842,24097,1458061,15304800
2088,1142,1207,2516700,24032,1459268,15253600
2089,1193,1250,2515507,23975,1460518,15292700
2090,1248,1194,2514259,24029,1461712,16289400
2091,1183,1224,2513076,23988,1462936,15574000
2092,1196,1179,2511880,24005,1464115,15948300
2093,1197,1208,2510683,23994,1465323,15865600
2094,1257,1224,2509426,24027,1466547,15681100
2095,1234,1181,2508192,24080,1467728,15019900
2096,1199,1219,2506993,24060,1468947,15187800
2097,1240,1225,2505753,24075,1470172,15581200
2098,1176,1191,2504577,24060,1471363,15172100
2099,1237,1174,2503340,24123,1472537,14961400
2100,1263,1197,2502077,24189,1473734,15509500
2101,1256,1187,2500821,24258,1474921,15202200
2102,1254,1177,2499567,24335,1476098,15009400
2103,1198,1202,2498369,24331,1477300,15757100
2104,1307,1239,2497062,24399,1478539,15015100
2105,1245,1160,2495817,24484,1479699,16029400
2106,1237,1262,2494580,24459,1480961,15316800
2107,1237,1208,2493343,24488,1482169,15726300
2108,1235,1276,2492108,24447,1483445,15005100
2109,1224,1280,2490884,24391,1484725,14948900
2110,1202,1215,2489682,24378,1485940,15469500
2111,1205,1207,2488477,24376,1487147,15631400
2112,1269,1173,2487208,24472,1488320,15117700
2113,1236,1168,2485972,24540,1489488,14999000
2114,1238,1235,2484734,24543,1490723,14937300
2115,1251,1228,2483483,24566,1491951,15618500
2116,1273,1241,2482210,24598,1493192,15966200
2117,1294,1211,2480916,24681,1494403,15825300
2118,1192,1206,2479724,24667,1495609,15095800
2119,1254,1215,2478470,24706,1496824,15492900
2120,1322,1249,2477148,24779,1498073,15123700
2121,1243,1314,2475905,24708,1499387,15087100
2122,1287,1276,2474618,24719,1500663,14958400
2123,1264,1222,2473354,24761,1501885,15331200
2124,1247,1256,2472107,24752,1503141,15267000
2125,1279,1240,2470828,24791,1504381,15840300
2126,1241,1229,2469587,24803,1505610,16208600
2127,1307,1243,2468280,24867,1506853,15700700
2128,1261,1161,2467019,24967,1508014,15079300
2129,1291,1250,2465728,25008,1509264,14976200
2130,1229,1249,2464499,24988,1510513,15064300
2131,1284,1246,2463215,25026,1511759,14956800
2132,1249,1232,2461966,25043,1512991,14878700
2133,1277,1237,2460689,25083,1514228,14936000
2134,1308,1266,2459381,25125,1515494,14996700
2135,1211,1330,2458170,25006,1516824,15462600
2136,1214,1252,2456956,24968,1518076,15179900
2137,1276,1245,2455680,24999,1519321,14975400
2138,1255,1267,2454425,24987,1520588,15011300
2139,1206,1248,2453219,24945,1521836,15512000
2140,1261,1284,2451958,24922,1523120,16773500
2141,1277,1178,2450681,25021,1524298,15675400
2142,1228,1265,2449453,24984,1525563,16396300
2143,1312,1255,2448141,25041,1526818,15474600
2144,1242,1171,2446899,25112,1527989,16109500
2145,1254,1322,2445645,25044,1529311,15521900
2146,1176,1301,2444469,24919,1530612,14990200
2147,1251,1331,2443218,24839,1531943,15120900
2148,1249,1300,2441969,24788,1533243,15844600
2149,1262,1229,2440707,24821,1534472,17868400
2150,1239,1234,2439468,24826,1535706,18740500
2151,1254,1218,2438214,24862,1536924,15658000
2152,1254,1193,2436960,24923,1538117,15905900
2153,1269,1228,2435691,24964,1539345,15593100
2154,1230,1267,2434461,24927,1540612,15059400
2155,1242,1241,2433219,24928,1541853,15540300
2156,1200,1234,2432019,24894,1543087,15596400
2157,1232,1290,2430787,24836,1544377,15551500
2158,1200,1307,2429587,24729,1545684,16632800
2159,1262,1222,2428325,24769,1546906,16228200
2160,1260,1246,2427065,24783,1548152,15270500
2161,1294,1243,2425771,24834,1549395,15294800
2162,1325,1258,2424446,24901,1550653,15412800
2163,1262,1247,2423184,24916,1551900,15376100
2164,1246,1273,2421938,24889,1553173,15318500
2165,1215,1251,2420723,24853,1554424,15249800
2166,1233,1235,2419490,24851,1555659,15318000
2167,1221,1244,2418269,24828,1556903,15235000
2168,1183,1237,2417086,24774,1558140,16014400
2169,1205,1262,2415881,24717,1559402,16435200
2170,1225,1266,2414656,24676,1560668,15226500
2171,1255,1200,2413401,24731,1561868,15127900
2172,1226,1290,2412175,24667,1563158,15384200
2173,1199,1239,2410976,24627,1564397,15996400
2174,1216,1314,2409760,24529,1565711,15614000
2175,1141,1198,2408619,24472,1566909,15229200
2176,1176,1255,2407443,24393,1568164,15577700
2177,1248,1160,2406195,24481,1569324,15217500
2178,1210,1227,2404985,24464,1570551,15215000
2179,1195,1185,2403790,24474,1571736,14951900
2180,1185,1278,2402605,24381,1573014,15269900
2181,1203,1253,2401402,24331,1574267,15129500
2182,1234,1204,2400168,24361,1575471,15096600
2183,1209,1189,2398959,24381,1576660,15044800
2184,1244,1243,2397715,24382,1577903,14896900
2185,1199,1207,2396516,24374,1579110,14906100
2186,1236,1234,2395280,24376,1580344,15513200
2187,1207,1209,2394073,24374,1581553,15225400
2188,1206,1205,2392867,24375,1582758,14942000
2189,1219,1164,2391648,24430,1583922,15226300
2190,1163,1274,2390485,24319,1585196,15061400
2191,1240,1282,2389245,24277,1586478,14921200
2192,1244,1227,2388001,24294,1587705,14976200
2193,1223,1185,2386778,24332,1588890,15194400
2194,1245,1195,2385533,24382,1590085,14798900
2195,1150,1243,2384383,24289,1591328,15183400
2196,1214,1213,2383169,24290,1592541,15307500
2197,1184,1259,2381985,24215,1593800,15025600
2198,1206,1272,2380779,24149,1595072,14895700
2199,1154,1170,2379625,24133,1596242,15003000
2200,1230,1299,2378395,24064,1597541,14844400
2201,1245,1234,2377150,24075,1598775,14863400
2202,1268,1271,2375882,24072,1600046,15740900
2203,1210,1182,2374672,24100,1601228,15493800
2204,1243,1164,2373429,24179,1602392,15697700
2205,1238,1224,2372191,24193,1603616,15521500
2206,1247,1242,2370944,24198,1604858,15127100
2207,1245,1220,2369699,24223,1606078,16067900
2208,1238,1193,2368461,24268,1607271,16137900
2209,1262,1187,2367199,24343,1608458,15012800
2210,1313,1195,2365886,24461,1609653,14742100
2211,1247,1214,2364639,24494,1610867,15134700
2212,1271,1209,2363368,24556,1612076,15224600
2213,1250,1246,2362118,24560,1613322,15086300
2214,1291,1258,2360827,24593,1614580,15095700
2215,1230,1251,2359597,24572,1615831,14924200
2216,1245,1192,2358352,24625,1617023,15084900
2217,1293,1238,2357059,24680,1618261,14963200
2218,1312,1265,2355747,24727,1619526,14878600
2219,1288,1291,2354459,24724,1620817,15124100
2220,1203,1211,2353256,24716,1622028,15583000
2221,1221,1228,2352035,24709,1623256,15298100
2222,1325,1282,2350710,24752,1624538,15359400
2223,1312,1194,2349398,24870,1625732,15248400
2224,1324,1238,2348074,24956,1626970,15381100
2225,1293,1220,2346781,25029,1628190,15658100
2226,1269,1276,2345512,25022,1629466,15041900
2227,1282,1200,2344230,25104,1630666,15008800
2228,1333,1220,2342897,25217,1631886,15055200
2229,1266,1347,2341631,25136,1633233,15641000
2230,1286,1248,2340345,25174,1634481,14914000
2231,1264,1254,2339081,25184,1635735,14990900
2232,1296,1212,2337785,25268,1636947,14946800
2233,1242,1236,2336543,25274,1638183,15043300
2234,1306,1288,2335237,25292,1639471,15130500
2235,1329,1291,2333908,25330,1640762,15017000
2236,1331,1273,2332577,25388,1642035,15174500
2237,1233,1297,2331344,25324,1643332,15849900
2238,1302,1264,2330042,25362,1644596,15229600
2239,1262,1237,2328780,25387,1645833,15566300
2240,1301,1320,2327479,25368,1647153,15889600
2241,1320,1293,2326159,25395,1648446,15504900
2242,1224,1375,2324935,25244,1649821,15906000
2243,1249,1318,2323686,25175,1651139,15375600
2244,1255,1237,2322431,25193,1652376,15617100
2245,1281,1210,2321150,25264,1653586,15291000
2246,1278,1239,2319872,25303,1654825,15260900
2247,1307,1328,2318565,25282,1656153,15974300
2248,1245,1242,2317320,25285,1657395,15368200
2249,1340,1247,2315980,25378,1658642,15038400
2250,1254,1271,2314726,25361,1659913,15005900
2251,1319,1305,2313407,25375,1661218,15135800
2252,1236,1327,2312171,25284,1662545,15073200
2253,1277,1218,2310894,25343,1663763,15587600
2254,1273,1234,2309621,25382,1664997,15365400
2255,1254,1267,2308367,25369,1666264,15543000
2256,1236,1268,2307131,25337,1667532,15723200
2257,1213,1273,2305918,25277,1668805,16280700
2258,1219,1238,2304699,25258,1670043,15727900
2259,1253,1221,2303446,25290,1671264,15281400
2260,1262,1271,2302184,25281,1672535,15378500
2261,1214,1265,2300970,25230,1673800,16016500
2262,1228,1225,2299742,25233,1675025,15290000
2263,1286,1310,2298456,25209,1676335,15669500
2264,1231,1237,2297225,25203,1677572,15518100
2265,1284,1228,2295941,25259,1678800,15438800
2266,1248,1250,2294693,25257,1680050,16072700
2267,1248,1252,2293445,25253,1681302,15195200
2268,1227,1244,2292218,25236,1682546,15578500
2269,1237,1192,2290981,25281,1683738,15922000
2270,1303,1286,2289678,25298,1685024,16233000
2271,1233,1256,2288445,25275,1686280,15444100
2272,1272,1265,2287173,25282,1687545,15499100
2273,1208,1280,2285965,25210,1688825,15617900
2274,1196,1282,2284769,25124,1690107,16197700
2275,1262,1249,2283507,25137,1691356,15513100
2276,1228,1195,2282279,25170,1692551,15093200
2277,1319,1234,2280960,25255,1693785,15942100
2278,1283,1289,2279677,25249,1695074,15628900
2279,1213,1240,2278464,25222,1696314,15231300
2280,1260,1224,2277204,25258,1697538,15839900
2281,1244,1206,2275960,25296,1698744,15174600
2282,1293,1305,2274667,25284,1700049,14960000
2283,1276,1284,2273391,25276,1701333,15337600
2284,1218,1297,2272173,25197,1702630,15348000
2285,1180,1278,2270993,25099,1703908,15115100
2286,1236,1277,2269757,25058,1705185,15584700
2287,1215,1269,2268542,25004,1706454,15806600
2288,1199,1301,2267343,24902,1707755,15176900
2289,1195,1273,2266148,24824,1709028,15488500
2290,1133,1323,2265015,24634,1710351,15453600
2291,1202,1267,2263813,24569,1711618,15227100
2292,1158,1252,2262655,24475,1712870,14953100
2293,1206,1214,2261449,24467,1714084,15021000
2294,1162,1249,2260287,24380,1715333,15838800
2295,1215,1232,2259072,24363,1716565,15095200
2296,1200,1209,2257872,24354,1717774,15576700
2297,1226,1220,2256646,24360,1718994,15244600
2298,1223,1172,2255423,24411,1720166,15807000
2299,1275,1250,2254148,24436,1721416,14929700
2300,1214,1210,2252934,24440,1722626,15403000
2301,1239,1317,2251695,24362,1723943,14953800
2302,1247,1206,2250448,24403,1725149,15194800
2303,1242,1220,2249206,24425,1726369,15596200
2304,1242,1260,2247964,24407,1727629,15146700
2305,1274,1205,2246690,24476,1728834,15001800
2306,1179,1207,2245511,24448,1730041,15265600
2307,1213,1197,2244298,24464,1731238,15431500
2308,1225,1190,2243073,24499,1732428,15448400
2309,1187,1206,2241886,24480,1733634,15323700
2310,1210,1245,2240676,24445,1734879,15431200
2311,1188,1162,2239488,24471,1736041,15556900
2312,1229,1227,2238259,24473,1737268,15230000
2313,1205,1240,2237054,24438,1738508,15352900
2314,1172,1244,2235882,24366,1739752,15330300
2315,1217,1185,2234665,24398,1740937,15394500
2316,1175,1190,2233490,24383,1742127,15694200
2317,1242,1255,2232248,24370,1743382,15396000
2318,1243,1270,2231005,24343,1744652,15592500
2319,1184,1213,2229821,24314,1745865,16220700
2320,1239,1229,2228582,24324,1747094,15670700
2321,1249,1199,2227333,24374,1748293,15799800
2322,1232,1222,2226101,24384,1749515,15588600
2323,1193,1198,2224908,24379,1750713,15598700
2324,1205,1186,2223703,24398,1751899,15290700
2325,1219,1254,2222484,24363,1753153,15073200
2326,1209,1212,2221275,24360,1754365,14972100
2327,1252,1241,2220023,24371,1755606,15284400
2328,1236,1225,2218787,24382,1756831,15004400
2329,1233,1186,2217554,24429,1758017,15053800
2330,1235,1241,2216319,24423,1759258,14929400
2331,1197,1193,2215122,24427,1760451,15046100
2332,1243,1232,2213879,24438,1761683,14989800
2333,1200,1255,2212679,24383,1762938,15239300
2334,1225,1249,2211454,24359,1764187,15577400
2335,1257,1219,2210197,24397,1765406,16456200
2336,1197,1193,2209000,24401,1766599,16241100
2337,1232,1276,2207768,24357,1767875,15121700
2338,1254,1162,2206514,24449,1769037,15019900
2339,1209,1219,2205305,24439,1770256,16332700
2340,1275,1238,2204030,24476,1771494,15166200
2341,1196,1294,2202834,24378,1772788,15682300
2342,1251,1279,2201583,24350,1774067,15161900
2343,1241,1196,2200342,24395,1775263,15289500
2344,1257,1229,2199085,24423,1776492,15087000
2345,1240,1235,2197845,24428,1777727,14947400
2346,1304,1251,2196541,24481,1778978,15127600
2347,1232,1242,2195309,24471,1780220,15115900
2348,1137,1215,2194172,24393,1781435,15202800
2349,1197,1233,2192975,24357,1782668,15278700
2350,1234,1241,2191741,24350,1783909,15256200
2351,1216,1171,2190525,24395,1785080,15084300
2352,1187,1268,2189338,24314,1786348,15119000
2353,1189,1164,2188149,24339,1787512,15072100
2354,1211,1262,2186938,24288,1788774,15074800
2355,1233,1253,2185705,24268,1790027,15269800
2356,1211,1169,2184494,24310,1791196,15460100
2357,1205,1246,2183289,24269,1792442,15039200
2358,1221,1157,2182068,24333,1793599,15042800
2359,1211,1196,2180857,24348,1794795,15104900
2360,1177,1202,2179680,24323,1795997,15017400
2361,1201,1250,2178479,24274,1797247,14956700
2362,1167,1215,2177312,24226,1798462,14878700
2363,1237,1223,2176075,24240,1799685,14988000
2364,1203,1255,2174872,24188,1800940,15109200
2365,1227,1259,2173645,24156,1802199,14932100
2366,1213,1163,2172432,24206,1803362,14883500
2367,1169,1196,2171263,24179,1804558,14890800
2368,1201,1178,2170062,24202,1805736,15141800
2369,1263,1217,2168799,24248,1806953,15066000
2370,1241,1154,2167558,24335,1808107,14959400
2371,1168,1217,2166390,24286,1809324,14932500
2372,1193,1189,2165197,24290,1810513,14945500
2373,1211,1226,2163986,24275,1811739,15446300
2374,1205,1219,2162781,24261,1812958,15716200
2375,1185,1232,2161596,24214,1814190,15395500
2376,1268,1186,2160328,24296,1815376,15373000
2377,1269,1249,2159059,24316,1816625,15434400
2378,1240,1198,2157819,24358,1817823,14898500
2379,1227,1181,2156592,24404,1819004,14767000
2380,1253,1281,2155339,24376,1820285,14785100
2381,1171,1201,2154168,24346,1821486,15286500
2382,1254,1178,2152914,24422,1822664,15432700
2383,1272,1266,2151642,24428,1823930,15239900
2384,1209,1268,2150433,24369,1825198,15282200
2385,1229,1227,2149204,24371,1826425,15191300
2386,1220,1238,2147984,24353,1827663,15156000
2387,1169,1217,2146815,24305,1828880,15059800
2388,1223,1194,2145592,24334,1830074,15728600
2389,1260,1223,2144332,24371,1831297,14838300
2390,1143,1181,2143189,24333,1832478,16279500
2391,1256,1200,2141933,24389,1833678,15239200
2392,1133,1259,2140800,24263,1834937,15847600
2393,1197,1196,2139603,24264,1836133,15946400
2394,1135,1208,2138468,24191,1837341,15986000
2395,1201,1200,2137267,24192,1838541,15277200
2396,1146,1227,2136121,24111,1839768,15790500
2397,1211,1204,2134910,24118,1840972,15787000
2398,1208,1159,2133702,24167,1842131,15875400
2399,1199,1226,2132503,24140,1843357,16254000
2400,1157,1164,2131346,24133,1844521,16077800
2401,1167,1220,2130179,24080,1845741,15559900
2402,1163,1167,2129016,24076,1846908,15288300
2403,1176,1245,2127840,24007,1848153,14987300
2404,1219,1239,2126621,23987,1849392,14843400
2405,1160,1182,2125461,23965,1850574,14884500
2406,1147,1227,2124314,23885,1851801,15026800
2407,1139,1128,2123175,23896,1852929,14891300
2408,1197,1138,2121978,23955,1854067,15590800
2409,1189,1251,2120789,23893,1855318,14744400
2410,1199,1156,2119590,23936,1856474,14732200
2411,1150,1195,2118440,23891,1857669,15201000
2412,1179,1146,2117261,23924,1858815,15653600
2413,1158,1229,2116103,23853,1860044,15044500
2414,1214,1229,2114889,23838,1861273,15048200
2415,1176,1217,2113713,23797,1862490,14901100
2416,1200,1124,2112513,23873,1863614,15154900
2417,1232,1161,2111281,23944,1864775,15047700
2418,1151,1235,2110130,23860,1866010,15792200
2419,1138,1186,2108992,23812,1867196,15129200
2420,1131,1188,2107861,23755,1868384,15120500
2421,1193,1171,2106668,23777,1869555,15226500
2422,1195,1199,2105473,23773,1870754,15336600
2423,1185,1160,2104288,23798,1871914,15243900
2424,1181,1138,2103107,23841,1873052,15089100
2425,1228,1195,2101879,23874,1874247,15014500
2426,1216,1200,2100663,23890,1875447,14984500
2427,1177,1179,2099486,23888,1876626,15027000
2428,1200,1182,2098286,23906,1877808,15000800
2429,1177,1188,2097109,23895,1878996,14989900
2430,1222,1191,2095887,23926,1880187,14932700
2431,1202,1182,2094685,23946,1881369,15376200
2432,1223,1197,2093462,23972,1882566,15168100
2433,1212,1204,2092250,23980,1883770,15039200
2434,1180,1158,2091070,24002,1884928,15128900
2435,1138,1208,2089932,23932,1886136,15000400
2436,1261,1121,2088671,24072,1887257,14944300
2437,1254,1190,2087417,24136,1888447,14825900
2438,1220,1199,2086197,24157,1889646,15010000
2439,1191,1247,2085006,24101,1890893,14816600
2440,1218,1181,2083788,24138,1892074,15139500
2441,1214,1225,2082574,24127,1893299,15082300
2442,1239,1188,2081335,24178,1894487,15864800
2443,1199,1270,2080136,24107,1895757,15250700
2444,1226,1264,2078910,24069,1897021,14914800
2445,1176,1179,2077734,24066,1898200,15227900
2446,1168,1179,2076566,24055,1899379,14922300
2447,1239,1252,2075327,24042,1900631,15101000
2448,1187,1228,2074140,24001,1901859,15724200
2449,1183,1204,2072957,23980,1903063,15277500
2450,1272,1296,2071685,23956,1904359,15318800
2451,1229,1224,2070456,23961,1905583,15536500
2452,1191,1160,2069265,23992,1906743,15016100
2453,1182,1178,2068083,23996,1907921,14841800
2454,1251,1153,2066832,24094,1909074,15176100
2455,1218,1195,2065614,24117,1910269,15731200
2456,1196,1252,2064418,24061,1911521,15252500
2457,1176,1178,2063242,24059,1912699,15122200
2458,1217,1257,2062025,24019,1913956,14889000
2459,1179,1273,2060846,23925,1915229,14970200
2460,1226,1177,2059620,23974,1916406,15483500
2461,1204,1215,2058416,23963,1917621,15340200
2462,1267,1242,2057149,23988,1918863,14990500
2463,1229,1228,2055920,23989,1920091,15032700
2464,1181,1161,2054739,24009,1921252,15054700
2465,1210,1259,2053529,23960,1922511,15442400
2466,1217,1207,2052312,23970,1923718,15595100
2467,1154,1194,2051158,23930,1924912,15637400
2468,1238,1249,2049920,23919,1926161,15165000
2469,1194,1206,2048726,23907,1927367,15380200
2470,1235,1207,2047491,23935,1928574,15256200
2471,1206,1151,2046285,23990,1929725,15285800
2472,1275,1209,2045010,24056,1930934,15254300
2473,1166,1210,2043844,24012,1932144,15307700
2474,1197,1209,2042647,24000,1933353,15643400
2475,1207,1252,2041440,23955,1934605,15622500
2476,1241,1206,2040199,23990,1935811,16163300
2477,1221,1246,2038978,23965,1937057,15428200
2478,1189,1176,2037789,23978,1938233,15390700
2479,1220,1232,2036569,23966,1939465,15445100
2480,1217,1207,2035352,23976,1940672,15738000
2481,1264,1234,2034088,24006,1941906,20421300
2482,1252,1146,2032836,24112,1943052,16207200
2483,1283,1205,2031553,24190,1944257,15494600
2484,1209,1197,2030344,24202,1945454,15686300
2485,1203,1164,2029141,24241,1946618,15772400
2486,1225,1255,2027916,24211,1947873,15392100
2487,1227,1188,2026689,24250,1949061,15200300
2488,1278,1306,2025411,24222,1950367,15093300
2489,1238,1224,2024173,24236,1951591,15097600
2490,1327,1145,2022846,24418,1952736,15371600
2491,1238,1262,2021608,24394,1953998,15325500
2492,1316,1269,2020292,24441,1955267,15905700
2493,1278,1256,2019014,24463,1956523,15044400
2494,1278,1206,2017736,24535,1957729,15126300
2495,1230,1270,2016506,24495,1958999,15531300
2496,1278,1245,2015228,24528,1960244,15590000
2497,1213,1173,2014015,24568,1961417,15133000
2498,1228,1252,2012787,24544,1962669,15698700
2499,1230,1226,2011557,24548,1963895,15866200
2500,1217,1244,2010340,24521,1965139,15702900
2501,1246,1176,2009094,24591,1966315,16206000
2502,1194,1267,2007900,24518,1967582,15783200
2503,1203,1269,2006697,24452,1968851,15358600
2504,1230,1233,2005467,24449,1970084,15850700
2505,1198,1269,2004269,24378,1971353,15410900
2506,1209,1194,2003060,24393,1972547,15411100
2507,1105,1242,2001955,24256,1973789,15770300
2508,1206,1199,2000749,24263,1974988,15598700
2509,1173,1188,1999576,24248,1976176,15355600
2510,1180,1241,1998396,24187,1977417,15690100
2511,1174,1199,1997222,24162,1978616,15165600
2512,1176,1243,1996046,24095,1979859,15172500
2513,1171,1188,1994875,24078,1981047,16133900
2514,1174,1168,1993701,24084,1982215,15265400
2515,1224,1196,1992477,24112,1983411,15148400
2516,1205,1236,1991272,24081,1984647,15112100
2517,1226,1189,1990046,24118,1985836,14896000
2518,1172,1246,1988874,24044,1987082,16189900
2519,1194,1239,1987680,23999,1988321,15577700
2520,1177,1166,1986503,24010,1989487,15890200
2521,1155,1165,1985348,24000,1990652,15840400
2522,1301,1124,1984047,24177,1991776,15041200
2523,1200,1202,1982847,24175,1992978,14894200
2524,1217,1236,1981630,24156,1994214,15769000
2525,1185,1172,1980445,24169,1995386,14835500
2526,1257,1184,1979188,24242,1996570,15110800
2527,1206,1219,1977982,24229,1997789,15619200
2528,1264,1256,1976718,24237,1999045,15100600
2529,1232,1221,1975486,24248,2000266,15533500
2530,1290,1219,1974196,24319,2001485,16017500
2531,1286,1214,1972910,24391,2002699,15912900
2532,1163,1207,1971747,24347,2003906,15199700
2533,1196,1262,1970551,24281,2005168,17977200
2534,1207,1234,1969344,24254,2006402,15310100
2535,1225,1190,1968119,24289,2007592,14946900
2536,1252,1249,1966867,24292,2008841,14851300
2537,1215,1207,1965652,24300,2010048,14987600
2538,1222,1206,1964430,24316,2011254,14991600
2539,1266,1246,1963164,24336,2012500,15116400
2540,1219,1275,1961945,24280,2013775,15381300
2541,1187,1198,1960758,24269,2014973,15359700
2542,1227,1241,1959531,24255,2016214,15603700
2543,1222,1259,1958309,24218,2017473,15166300
2544,1279,1241,1957030,24256,2018714,15522900
2545,1244,1195,1955786,24305,2019909,15410300
2546,1263,1199,1954523,24369,2021108,15717900
2547,1282,1191,1953241,24460,2022299,15444800
2548,1231,1226,1952010,24465,2023525,15392500
2549,1165,1228,1950845,24402,2024753,15456600
2550,1210,1220,1949635,24392,2025973,15940300
2551,1172,1236,1948463,24328,2027209,15695100
2552,1228,1161,1947235,24395,2028370,15323500
2553,1243,1228,1945992,24410,2029598,15198600
2554,1208,1179,1944784,24439,2030777,15369600
2555,1236,1208,1943548,24467,2031985,15502400
2556,1236,1291,1942312,24412,2033276,15210400
2557,1167,1188,1941145,24391,2034464,15041700
2558,1247,1134,1939898,24504,2035598,15445000
2559,1260,1198,1938638,24566,2036796,15127900
2560,1225,1219,1937413,24572,2038015,15206500
2561,1252,1210,1936161,24614,2039225,15555700
2562,1249,1253,1934912,24610,2040478,15050600
2563,1189,1315,1933723,24484,2041793,15209900
2564,1296,1250,1932427,24530,2043043,15010100
2565,1235,1241,1931192,24524,2044284,15030100
2566,1165,1268,1930027,24421,2045552,16013500
2567,1269,1174,1928758,24516,2046726,15144300
2568,1254,1190,1927504,24580,2047916,15291800
2569,1212,1238,1926292,24554,2049154,15410800
2570,1243,1257,1925049,24540,2050411,15341300
2571,1215,1243,1923834,24512,2051654,15086300
2572,1233,1189,1922601,24556,2052843,16133800
2573,1249,1270,1921352,24535,2054113,15051100
2574,1246,1249,1920106,24532,2055362,15867300
2575,1231,1255,1918875,24508,2056617,15512000
2576,1231,1181,1917644,24558,2057798,15154900
2577,1224,1204,1916420,24578,2059002,14889900
2578,1260,1251,1915160,24587,2060253,15750700
2579,1242,1252,1913918,24577,2061505,15163000
2580,1228,1188,1912690,24617,2062693,14979000
2581,1234,1255,1911456,24596,2063948,15188900
2582,1218,1271,1910238,24543,2065219,15087500
2583,1192,1225,1909046,24510,2066444,14801300
2584,1252,1224,1907794,24538,2067668,15633000
2585,1189,1213,1906605,24514,2068881,15260600
2586,1226,1215,1905379,24525,2070096,15640200
2587,1230,1226,1904149,24529,2071322,15146200
2588,1223,1244,1902926,24508,2072566,14858200
2589,1217,1172,1901709,24553,2073738,15440400
2590,1194,1229,1900515,24518,2074967,15792000
2591,1186,1217,1899329,24487,2076184,15177500
2592,1197,1247,1898132,24437,2077431,15049700
2593,1223,1183,1896909,24477,2078614,15106400
2594,1204,1191,1895705,24490,2079805,15912500
2595,1131,1157,1894574,24464,2080962,16272200
2596,1157,1240,1893417,24381,2082202,16230400
2597,1185,1215,1892232,24351,2083417,15013400
2598,1166,1220,1891066,24297,2084637,15119500
2599,1126,1211,1889940,24212,2085848,15021100
2600,1179,1171,1888761,24220,2087019,15519600
2601,1188,1243,1887573,24165,2088262,15343500
2602,1167,1211,1886406,24121,2089473,15119600
2603,1235,1267,1885171,24089,2090740,15032000
2604,1196,1236,1883975,24049,2091976,15253100
2605,1257,1159,1882718,24147,2093135,15219300
2606,1197,1249,1881521,24095,2094384,15736100
2607,1226,1196,1880295,24125,2095580,15771400
2608,1193,1171,1879102,24147,2096751,15652100
2609,1227,1206,1877875,24168,2097957,15256900
2610,1263,1268,1876612,24163,2099225,15151900
2611,1169,1239,1875443,24093,2100464,15448800
2612,1235,1222,1874208,24106,2101686,15191100
2613,1176,1107,1873032,24175,2102793,15213600
2614,1200,1193,1871832,24182,2103986,15151200
2615,1181,1185,1870651,24178,2105171,15733100
2616,1227,1201,1869424,24204,2106372,15145900
2617,1185,1292,1868239,24097,2107664,15225000
2618,1208,1228,1867031,24077,2108892,15721700
2619,1216,1182,1865815,24111,2110074,16273900
2620,1240,1153,1864575,24198,2111227,15379600
2621,1296,1178,1863279,24316,2112405,15076100
2622,1270,1207,1862009,24379,2113612,16121300
2623,1219,1157,1860790,24441,2114769,15392200
2624,1238,1172,1859552,24507,2115941,16161300
2625,1249,1213,1858303,24543,2117154,16572100
2626,1216,1203,1857087,24556,2118357,15775200
2627,1300,1192,1855787,24664,2119549,16129300
2628,1209,1241,1854578,24632,2120790,16823900
2629,1269,1209,1853309,24692,2121999,18105200
2630,1229,1257,1852080,24664,2123256,16935100
2631,1271,1262,1850809,24673,2124518,19911300
2632,1223,1210,1849586,24686,2125728,17761700
2633,1237,1298,1848349,24625,2127026,15293200
2634,1253,1246,1847096,24632,2128272,15889600
2635,1240,1228,1845856,24644,2129500,16730200
2636,1263,1191,1844593,24716,2130691,17965400
2637,1229,1199,1843364,24746,2131890,18354100
2638,1240,1213,1842124,24773,2133103,18629600
2639,1160,1265,1840964,24668,2134368,19815200
2640,1187,1283,1839777,24572,2135651,16597800
2641,1211,1245,1838566,24538,2136896,15775900
2642,1214,1244,1837352,24508,2138140,15890000
2643,1203,1275,1836149,24436,2139415,16784900
2644,1116,1193,1835033,24359,2140608,18624200
2645,1157,1287,1833876,24229,2141895,18230900
2646,1232,1228,1832644,24233,2143123,19617100
2647,1128,1149,1831516,24212,2144272,16642400
2648,1203,1169,1830313,24246,2145441,15360900
2649,1212,1194,1829101,24264,2146635,15369800
2650,1145,1216,1827956,24193,2147851,17717500
2651,1213,1281,1826743,24125,2149132,16110000
2652,1176,1254,1825567,24047,2150386,15360900
2653,1204,1175,1824363,24076,2151561,17355300
2654,1215,1151,1823148,24140,2152712,19020600
2655,1201,1233,1821947,24108,2153945,19711500
2656,1185,1197,1820762,24096,2155142,16260500
2657,1212,1153,1819550,24155,2156295,15563800
2658,1176,1218,1818374,24113,2157513,15514500
2659,1274,1225,1817100,24162,2158738,15182900
2660,1267,1220,1815833,24209,2159958,15097700
2661,1227,1195,1814606,24241,2161153,15223800
2662,1169,1179,1813437,24231,2162332,15161000
2663,1234,1225,1812203,24240,2163557,15152200
2664,1193,1218,1811010,24215,2164775,15065300
2665,1125,1207,1809885,24133,2165982,15171100
2666,1195,1205,1808690,24123,2167187,15206800
2667,1129,1182,1807561,24070,2168369,15152900
2668,1182,1205,1806379,24047,2169574,15143300
2669,1135,1233,1805244,23949,2170807,15105200
2670,1082,1150,1804162,23881,2171957,15029700
2671,1129,1226,1803033,23784,2173183,15816700
2672,1193,1200,1801840,23777,2174383,15490100
2673,1145,1148,1800695,23774,2175531,15192800
2674,1070,1158,1799625,23686,2176689,15276000
2675,1120,1190,1798505,23616,2177879,15367900
2676,1155,1231,1797350,23540,2179110,16047100
2677,1146,1148,1796204,23538,2180258,15919700
2678,1108,1153,1795096,23493,2181411,15864700
2679,1087,1140,1794009,23440,2182551,16672400
2680,1115,1185,1792894,23370,2183736,17866000
2681,1119,1147,1791775,23342,2184883,15401000
2682,1145,1126,1790630,23361,2186009,16855400
2683,1143,1133,1789487,23371,2187142,17152100
2684,1089,1227,1788398,23233,2188369,16597700
2685,1108,1126,1787290,23215,2189495,15645800
2686,1142,1141,1786148,23216,2190636,15370800
2687,1155,1155,1784993,23216,2191791,15929100
2688,1156,1171,1783837,23201,2192962,15422800
2689,1118,1176,1782719,23143,2194138,15309000
2690,1171,1106,1781548,23208,2195244,15498200
2691,1178,1136,1780370,23250,2196380,15208900
2692,1196,1210,1779174,23236,2197590,15011200
2693,1117,1157,1778057,23196,2198747,15723700
2694,1108,1181,1776949,23123,2199928,15055200
2695,1136,1144,1775813,23115,2201072,15289600
2696,1119,1135,1774694,23099,2202207,15378600
2697,1111,1162,1773583,23048,2203369,15955600
2698,1114,1168,1772469,22994,2204537,15581200
2699,1139,1205,1771330,22928,2205742,15660900
2700,1209,1141,1770121,22996,2206883,15905100
2701,1182,1074,1768939,23104,2207957,16242500
2702,1144,1165,1767795,23083,2209122,16350800
2703,1108,1203,1766687,22988,2210325,16046300
2704,1112,1063,1765575,23037,2211388,17608200
2705,1154,1102,1764421,23089,2212490,17192200
2706,1209,1151,1763212,23147,2213641,20079600
2707,1172,1183,1762040,23136,2214824,18420700
2708,1182,1139,1760858,23179,2215963,18341200
2709,1153,1125,1759705,23207,2217088,17002700
2710,1167,1147,1758538,23227,2218235,16605700
2711,1163,1227,1757375,23163,2219462,19409700
2712,1170,1158,1756205,23175,2220620,20121400
2713,1133,1150,1755072,23158,2221770,15972000
2714,1090,1183,1753982,23065,2222953,16174800
2715,1167,1144,1752815,23088,2224097,15627100
2716,1109,1173,1751706,23024,2225270,15846700
2717,1137,1146,1750569,23015,2226416,16227500
2718,1174,1144,1749395,23045,2227560,16587400
2719,1175,1201,1748220,23019,2228761,15759500
2720,1159,1146,1747061,23032,2229907,16000500
2721,1116,1190,1745945,22958,2231097,15802800
2722,1167,1119,1744778,23006,2232216,15641600
2723,1179,1183,1743599,23002,2233399,16101400
2724,1216,1176,1742383,23042,2234575,16018200
2725,1114,1165,1741269,22991,2235740,16826900
2726,1161,1193,1740108,22959,2236933,15315300
2727,1195,1136,1738913,23018,2238069,15399400
2728,1182,1192,1737731,23008,2239261,15305800
2729,1214,1122,1736517,23100,2240383,15334400
2730,1120,1136,1735397,23084,2241519,15976700
2731,1123,1171,1734274,23036,2242690,15699200
2732,1067,1185,1733207,22918,2243875,15713000
2733,1163,1122,1732044,22959,2244997,16213800
2734,1175,1182,1730869,22952,2246179,15663700
2735,1173,1157,1729696,22968,2247336,15734300
2736,1185,1137,1728511,23016,2248473,15300300
2737,1148,1117,1727363,23047,2249590,15871600
2738,1221,1156,1726142,23112,2250746,15525400
2739,1111,1158,1725031,23065,2251904,16001500
2740,1172,1154,1723859,23083,2253058,15778400
2741,1123,1136,1722736,23070,2254194,15723900
2742,1172,1081,1721564,23161,2255275,15466300
2743,1045,1175,1720519,23031,2256450,15154500
2744,1097,1086,1719422,23042,2257536,15170100
2745,1124,1110,1718298,23056,2258646,15385200
2746,1158,1131,1717140,23083,2259777,15419500
2747,1157,1126,1715983,23114,2260903,16053500
2748,1119,1209,1714864,23024,2262112,15257800
2749,1131,1149,1713733,23006,2263261,15203900
2750,1147,1105,1712586,23048,2264366,15254000
2751,1155,1181,1711431,23022,2265547,15702000
2752,1109,1140,1710322,22991,2266687,15502500
2753,1149,1138,1709173,23002,2267825,15760100
2754,1181,1110,1707992,23073,2268935,15247400
2755,1141,1122,1706851,23092,2270057,15553600
2756,1146,1191,1705705,23047,2271248,16146900
2757,1149,1183,1704556,23013,2272431,15477400
2758,1168,1214,1703388,22967,2273645,15054200
2759,1176,1182,1702212,22961,2274827,15402600
2760,1072,1148,1701140,22885,2275975,15713400
2761,1143,1215,1699997,22813,2277190,14857500
2762,1166,1131,1698831,22848,2278321,14836400
2763,1132,1109,1697699,22871,2279430,14976200
2764,1110,1125,1696589,22856,2280555,15776600
2765,1115,1147,1695474,22824,2281702,15174300
2766,1174,1214,1694300,22784,2282916,15889100
2767,1101,1100,1693199,22785,2284016,15647700
2768,1144,1140,1692055,22789,2285156,15616500
2769,1146,1137,1690909,22798,2286293,16195700
2770,1117,1149,1689792,22766,2287442,15531300
2771,1144,1158,1688648,22752,2288600,15505900
2772,1165,1141,1687483,22776,2289741,15484400
2773,1107,1115,1686376,22768,2290856,16023200
2774,1136,1073,1685240,22831,2291929,15238400
2775,1132,1077,1684108,22886,2293006,15447400
2776,1148,1188,1682960,22846,2294194,15459300
2777,1077,1157,1681883,22766,2295351,15426900
2778,1139,1160,1680744,22745,2296511,16240700
2779,1072,1169,1679672,22648,2297680,15295200
2780,1188,1148,1678484,22688,2298828,15347800
2781,1092,1147,1677392,22633,2299975,15720000
2782,1228,1182,1676164,22679,2301157,16276100
2783,1061,1088,1675103,22652,2302245,15566400
2784,1107,1155,1673996,22604,2303400,14983600
2785,1087,1133,1672909,22558,2304533,14993700
2786,1125,1188,1671784,22495,2305721,14965900
2787,1136,1157,1670648,22474,2306878,14976600
2788,1139,1029,1669509,22584,2307907,15112700
2789,1135,1115,1668374,22604,2309022,15013900
2790,1175,1139,1667199,22640,2310161,15768700
2791,1138,1083,1666061,22695,2311244,15224500
2792,1178,1155,1664883,22718,2312399,14959100
2793,1144,1176,1663739,22686,2313575,14984800
2794,1117,1199,1662622,22604,2314774,15098200
2795,1109,1158,1661513,22555,2315932,15110700
2796,1124,1075,1660389,22604,2317007,15028000
2797,1125,1114,1659264,22615,2318121,15266000
2798,1165,1137,1658099,22643,2319258,15637600
2799,1165,1141,1656934,22667,2320399,15182300
2800,1102,1164,1655832,22605,2321563,15031600
2801,1142,1074,1654690,22673,2322637,15011900
2802,1078,1183,1653612,22568,2323820,15089300
2803,1143,1100,1652469,22611,2324920,15165700
2804,1116,1114,1651353,22613,2326034,14921300
2805,1053,1108,1650300,22558,2327142,14858700
2806,1109,1086,1649191,22581,2328228,15355600
2807,1083,1110,1648108,22554,2329338,15144600
2808,1112,1161,1646996,22505,2330499,15149900
2809,1069,1137,1645927,22437,2331636,15315700
2810,1125,1056,1644802,22506,2332692,15352600
2811,1162,1118,1643640,22550,2333810,15810800
2812,1150,1078,1642490,22622,2334888,15306000
2813,1172,1152,1641318,22642,2336040,16108900
2814,1082,1115,1640236,22609,2337155,15486100
2815,1161,1148,1639075,22622,2338303,16063300
2816,1124,1112,1637951,22634,2339415,15584900
2817,1131,1128,1636820,22637,2340543,15557300
2818,1158,1151,1635662,22644,2341694,15428200
2819,1098,1128,1634564,22614,2342822,16619000
2820,1140,1147,1633424,22607,2343969,15363000
2821,1133,1171,1632291,22569,2345140,15134900
2822,1061,1081,1631230,22549,2346221,15070000
2823,1096,1146,1630134,22499,2347367,15132100
2824,1086,1105,1629048,22480,2348472,15794700
2825,1123,1080,1627925,22523,2349552,14884700
2826,1160,1128,1626765,22555,2350680,14908500
2827,1121,1128,1625644,22548,2351808,14962700
2828,1066,1164,1624578,22450,2352972,15006200
2829,1170,1192,1623408,22428,2354164,15614900
2830,1079,1124,1622329,22383,2355288,15647000
2831,1140,1135,1621189,22388,2356423,15008800
2832,1141,1140,1620048,22389,2357563,15384000
2833,1150,1093,1618898,22446,2358656,15005000
2834,1120,1141,1617778,22425,2359797,14770900
2835,1126,1127,1616652,22424,2360924,15688300
2836,1154,1118,1615498,22460,2362042,15093500
2837,1117,1098,1614381,22479,2363140,15246300
2838,1101,1110,1613280,22470,2364250,15343200
2839,1069,1095,1612211,22444,2365345,15088000
2840,1138,1102,1611073,22480,2366447,15041200
2841,1084,1107,1609989,22457,2367554,15049600
2842,1100,1166,1608889,22391,2368720,15261000
2843,1139,1146,1607750,22384,2369866,15673900
2844,1100,1192,1606650,22292,2371058,15436000
2845,1077,1145,1605573,22224,2372203,15224400
2846,1065,1097,1604508,22192,2373300,15812600
2847,1099,1155,1603409,22136,2374455,15421900
2848,1046,1087,1602363,22095,2375542,15564600
2849,1123,1089,1601240,22129,2376631,15838500
2850,1066,1075,1600174,22120,2377706,16604500
2851,1096,1122,1599078,22094,2378828,16279900
2852,1093,1123,1597985,22064,2379951,17729000
2853,1112,1043,1596873,22133,2380994,15518500
2854,1089,1088,1595784,22134,2382082,15120700
2855,1094,1109,1594690,22119,2383191,15135900
2856,1135,1074,1593555,22180,2384265,15219100
2857,1107,1104,1592448,22183,2385369,15360600
2858,1101,1007,1591347,22277,2386376,15331400
2859,1036,1072,1590311,22241,2387448,15518900
2860,1036,1150,1589275,22127,2388598,15167000
2861,1116,1090,1588159,22153,2389688,14911900
2862,1096,1062,1587063,22187,2390750,15540200
2863,1093,1156,1585970,22124,2391906,15866700
2864,1091,1139,1584879,22076,2393045,15181500
2865,1023,1047,1583856,22052,2394092,14924400
2866,1084,1084,1582772,22052,2395176,15546400
2867,1096,1113,1581676,22035,2396289,15481000
2868,1056,1106,1580620,21985,2397395,15120600
2869,1099,1043,1579521,22041,2398438,14653500
2870,1057,1116,1578464,21982,2399554,14742200
2871,1141,1059,1577323,22064,2400613,15171100
2872,1052,1171,1576271,21945,2401784,15696900
2873,1098,1060,1575173,21983,2402844,15760500
2874,1091,1130,1574082,21944,2403974,15176400
2875,1056,1086,1573026,21914,2405060,15257300
2876,1025,1075,1572001,21864,2406135,15819900
2877,1032,1119,1570969,21777,2407254,14996300
2878,1000,1058,1569969,21719,2408312,14805500
2879,1056,1053,1568913,21722,2409365,14998000
2880,1089,1097,1567824,21714,2410462,15236600
2881,1077,1074,1566747,21717,2411536,15235400
2882,1047,1038,1565700,21726,2412574,15072100
2883,1048,1058,1564652,21716,2413632,15644300
2884,1090,1013,1563562,21793,2414645,14992000
2885,1065,1047,1562497,21811,2415692,15125000
2886,1070,1107,1561427,21774,2416799,15272400
2887,1068,1125,1560359,21717,2417924,15529600
2888,1094,1115,1559265,21696,2419039,16051000
2889,1056,1009,1558209,21743,2420048,16196400
2890,1102,1114,1557107,21731,2421162,15357900
2891,1080,1127,1556027,21684,2422289,15580800
2892,1062,1107,1554965,21639,2423396,15408800
2893,1034,1040,1553931,21633,2424436,15530000
2894,1055,1149,1552876,21539,2425585,15335100
2895,1077,1107,1551799,21509,2426692,16071400
2896,1052,1127,1550747,21434,2427819,16154400
2897,1013,1099,1549734,21348,2428918,14869700
2898,1095,1044,1548639,21399,2429962,15314900
2899,1054,1056,1547585,21397,2431018,15236600
2900,1056,1014,1546529,21439,2432032,14980300
2901,1041,1075,1545488,21405,2433107,15209800
2902,1066,1071,1544422,21400,2434178,15147900
2903,1039,1082,1543383,21357,2435260,15228100
2904,1041,1033,1542342,21365,2436293,15611000
2905,1043,1025,1541299,21383,2437318,15546200
2906,1048,1060,1540251,21371,2438378,15642700
2907,1094,1117,1539157,21348,2439495,14945000
2908,1084,1074,1538073,21358,2440569,14839000
2909,1041,1086,1537032,21313,2441655,16140100
2910,1104,1075,1535928,21342,2442730,14811400
2911,1074,1098,1534854,21318,2443828,15601400
2912,1060,1065,1533794,21313,2444893,15068500
2913,1083,1092,1532711,21304,2445985,14976400
2914,1027,1066,1531684,21265,2447051,14823200
2915,1069,1099,1530615,21235,2448150,15602200
2916,1033,1081,1529582,21187,2449231,15648100
2917,1062,1094,1528520,21155,2450325,15092300
2918,1037,1046,1527483,21146,2451371,15590500
2919,1074,1015,1526409,21205,2452386,15510500
2920,1052,1033,1525357,21224,2453419,14905700
2921,1077,1083,1524280,21218,2454502,15085400
2922,1051,1053,1523229,21216,2455555,15050600
2923,1061,1096,1522168,21181,2456651,14783600
2924,1029,1097,1521139,21113,2457748,15766400
2925,1021,1049,1520118,21085,2458797,15034800
2926,1019,1037,1519099,21067,2459834,15242300
2927,1020,1063,1518079,21024,2460897,16033600
2928,1042,990,1517037,21076,2461887,15580000
2929,1109,1044,1515928,21141,2462931,15529100
2930,1080,1078,1514848,21143,2464009,15555700
2931,1048,1066,1513800,21125,2465075,15393000
2932,1032,1053,1512768,21104,2466128,15243000
2933,1030,1072,1511738,21062,2467200,15117600
2934,1046,1085,1510692,21023,2468285,15552100
2935,1093,1085,1509599,21031,2469370,15684300
2936,1023,1074,1508576,20980,2470444,15567200
2937,1054,1060,1507522,20974,2471504,16035700
2938,1028,1047,1506494,20955,2472551,15489900
2939,1022,1009,1505472,20968,2473560,14873100
2940,1055,1030,1504417,20993,2474590,15118600
2941,1016,1057,1503401,20952,2475647,14959700
2942,1035,1048,1502366,20939,2476695,14793600
2943,1042,1076,1501324,20905,2477771,14790400
2944,1008,1022,1500316,20891,2478793,14836000
2945,1039,1021,1499277,20909,2479814,15317700
2946,1082,1019,1498195,20972,2480833,14897200
2947,1056,1009,1497139,21019,2481842,14680900
2948,1082,1069,1496057,21032,2482911,14800100
2949,1064,1012,1494993,21084,2483923,14665700
2950,1109,1079,1493884,21114,2485002,14719600
2951,1103,1057,1492781,21160,2486059,14783900
2952,1024,1055,1491757,21129,2487114,17242700
2953,1069,1091,1490688,21107,2488205,18808100
2954,1032,1060,1489656,21079,2489265,16304700
2955,1046,1008,1488610,21117,2490273,16734100
2956,1036,1051,1487574,21102,2491324,17236900
2957,1039,1059,1486535,21082,2492383,17568600
2958,1031,1022,1485504,21091,2493405,16347000
2959,997,1069,1484507,21019,2494474,16283100
2960,1046,1075,1483461,20990,2495549,15846600
2961,1021,1027,1482440,20984,2496576,15361300
2962,1036,1054,1481404,20966,2497630,15692100
2963,1065,1055,1480339,20976,2498685,15432800
2964,1034,1063,1479305,20947,2499748,15157000
2965,993,1002,1478312,20938,2500750,15148300
2966,1034,1061,1477278,20911,2501811,15351500
2967,1059,1047,1476219,20923,2502858,16922400
2968,996,1059,1475223,20860,2503917,17469900
2969,1107,1053,1474116,20914,2504970,15087900
2970,1036,1075,1473080,20875,2506045,15363700
2971,991,1025,1472089,20841,2507070,18373300
2972,1050,1090,1471039,20801,2508160,16084700
2973,1016,1021,1470023,20796,2509181,17996600
2974,1014,1021,1469009,20789,2510202,16294300
2975,1041,1053,1467968,20777,2511255,15589400
2976,1076,1072,1466892,20781,2512327,15283100
2977,998,1119,1465894,20660,2513446,15686700
2978,1066,1038,1464828,20688,2514484,14811500
2979,1004,1059,1463824,20633,2515543,14721900
2980,1041,1064,1462783,20610,2516607,15118900
2981,1001,1075,1461782,20536,2517682,15537700
2982,1056,1064,1460726,20528,2518746,14955500
2983,1044,1058,1459682,20514,2519804,14637200
2984,1016,1003,1458666,20527,2520807,15746400
2985,1010,1006,1457656,20531,2521813,15175900
2986,1025,976,1456631,20580,2522789,14791500
2987,1017,1043,1455614,20554,2523832,14956000
2988,996,1006,1454618,20544,2524838,14997700
2989,1028,1017,1453590,20555,2525855,14848800
2990,1021,1072,1452569,20504,2526927,14827900
2991,1029,1015,1451540,20518,2527942,14836100
2992,1023,1070,1450517,20471,2529012,15089900
2993,1084,971,1449433,20584,2529983,14903800
2994,1016,1036,1448417,20564,2531019,15030000
2995,1011,977,1447406,20598,2531996,14938000
2996,1020,1066,1446386,20552,2533062,15280400
2997,992,1003,1445394,20541,2534065,14900400
2998,1003,993,1444391,20551,2535058,15048100
2999,988,1040,1443403,20499,2536098,14850900
3000,1037,1031,1442366,20505,2537129,14784500
3001,1037,1018,1441329,20524,2538147,15074300
3002,1012,992,1440317,20544,2539139,15886600
3003,974,990,1439343,20528,2540129,15263700
3004,969,1038,1438374,20459,2541167,15135300
3005,1020,1020,1437354,20459,2542187,15220900
3006,1012,987,1436342,20484,2543174,15376500
3007,1006,978,1435336,20512,2544152,15017900
3008,1013,1001,1434323,20524,2545153,15106200
3009,1028,988,1433295,20564,2546141,15405300
3010,1041,1012,1432254,20593,2547153,15125200
3011,980,1028,1431274,20545,2548181,15112400
3012,1004,1025,1430270,20524,2549206,14937100
3013,1060,980,1429210,20604,2550186,15024600
3014,1014,1019,1428196,20599,2551205,14876000
3015,978,986,1427218,20591,2552191,14964400
3016,999,988,1426219,20602,2553179,15117800
3017,1044,986,1425175,20660,2554165,15936300
3018,1017,1030,1424158,20647,2555195,14783600
3019,1026,1061,1423132,20612,2556256,15546500
3020,1068,981,1422064,20699,2557237,17151300
3021,1042,1078,1421022,20663,2558315,17429600
3022,1012,995,1420010,20680,2559310,17199800
3023,1069,1063,1418941,20686,2560373,15934600
3024,1011,999,1417930,20698,2561372,15744900
3025,1025,1050,1416905,20673,2562422,15404500
3026,983,1025,1415922,20631,2563447,15324200
3027,983,1048,1414939,20566,2564495,15170000
3028,1057,1046,1413882,20577,2565541,15063000
3029,1019,1011,1412863,20585,2566552,15279700
3030,1020,1052,1411843,20553,2567604,15508400
3031,1010,1023,1410833,20540,2568627,15305400
3032,1023,985,1409810,20578,2569612,14911100
3033,1018,1017,1408792,20579,2570629,15503600
3034,1005,1038,1407787,20546,2571667,15059200
3035,1014,1089,1406773,20471,2572756,15412500
3036,1020,1028,1405753,20463,2573784,15447000
3037,1026,1022,1404727,20467,2574806,15303200
3038,987,1004,1403740,20450,2575810,15396700
3039,1025,1006,1402715,20469,2576816,15339100
3040,993,961,1401722,20501,2577777,15887200
3041,1005,1025,1400717,20481,2578802,15803900
3042,953,998,1399764,20436,2579800,15981400
3043,997,1027,1398767,20406,2580827,15688500
3044,966,1028,1397801,20344,2581855,15437000
3045,983,1030,1396818,20297,2582885,15112800
3046,982,1055,1395836,20224,2583940,14615400
3047,978,1001,1394858,20201,2584941,15416800
3048,958,998,1393900,20161,2585939,15086200
3049,977,987,1392923,20151,2586926,15218400
3050,989,1027,1391934,20113,2587953,15486900
3051,970,1024,1390964,20059,2588977,15251000
3052,973,978,1389991,20054,2589955,14626400
3053,946,1032,1389045,19968,2590987,15005400
3054,978,1028,1388067,19918,2592015,15693400
3055,964,985,1387103,19897,2593000,15614500
3056,989,1010,1386114,19876,2594010,15286200
3057,973,1024,1385141,19825,2595034,16816200
3058,949,1026,1384192,19748,2596060,15437600
3059,974,952,1383218,19770,2597012,15363300
3060,946,1005,1382272,19711,2598017,15146000
3061,925,1001,1381347,19635,2599018,15014200
3062,910,995,1380437,19550,2600013,14968300
3063,902,909,1379535,19543,2600922,14781900
3064,914,985,1378621,19472,2601907,14923300
3065,954,982,1377667,19444,2602889,15582200
3066,924,963,1376743,19405,2603852,14917500
3067,975,985,1375768,19395,2604837,14756600
3068,907,939,1374861,19363,2605776,14977200
3069,953,1021,1373908,19295,2606797,15328200
3070,946,1014,1372962,19227,2607811,14777000
3071,945,937,1372017,19235,2608748,14807800
3072,907,953,1371110,19189,2609701,14861200
3073,932,959,1370178,19162,2610660,14980000
3074,938,941,1369240,19159,2611601,15072700
3075,956,929,1368284,19186,2612530,15699600
3076,961,986,1367323,19161,2613516,15232900
3077,976,1011,1366347,19126,2614527,15283800
3078,974,976,1365373,19124,2615503,16387700
3079,984,871,1364389,19237,2616374,15805700
3080,996,956,1363393,19277,2617330,15522000
3081,951,940,1362442,19288,2618270,16362300
3082,933,930,1361509,19291,2619200,17035700
3083,934,947,1360575,19278,2620147,18758600
3084,956,958,1359619,19276,2621105,17959100
3085,901,949,1358718,19228,2622054,18011400
3086,922,964,1357796,19186,2623018,18018200
3087,960,931,1356836,19215,2623949,17725900
3088,1014,944,1355822,19285,2624893,18156200
3089,973,1008,1354849,19250,2625901,17740800
3090,952,975,1353897,19227,2626876,17273900
3091,903,978,1352994,19152,2627854,17818600
3092,942,948,1352052,19146,2628802,17553600
3093,915,977,1351137,19084,2629779,17682400
3094,934,961,1350203,19057,2630740,18544000
3095,879,937,1349324,18999,2631677,17833000
3096,961,991,1348363,18969,2632668,18264900
3097,922,933,1347441,18958,2633601,17875900
3098,941,894,1346500,19005,2634495,18132100
3099,925,943,1345575,18987,2635438,18193000
3100,931,960,1344644,18958,2636398,16930400
3101,908,1018,1343736,18848,2637416,18141500
3102,882,940,1342854,18790,2638356,18188500
3103,947,955,1341907,18782,2639311,18478300
3104,943,979,1340964,18746,2640290,18103500
3105,946,914,1340018,18778,2641204,17709100
3106,906,947,1339112,18737,2642151,17192500
3107,875,908,1338237,18704,2643059,18406800
3108,888,918,1337349,18674,2643977,16716400
3109,903,902,1336446,18675,2644879,16154000
3110,915,976,1335531,18614,2645855,17975000
3111,925,963,1334606,18576,2646818,18833400
3112,924,945,1333682,18555,2647763,16235500
3113,894,917,1332788,18532,2648680,16833700
3114,906,928,1331882,18510,2649608,15940100
3115,867,857,1331015,18520,2650465,14579000
3116,874,959,1330141,18435,2651424,14547100
3117,919,937,1329222,18417,2652361,15798900
3118,885,991,1328337,18311,2653352,15311300
3119,897,918,1327440,18290,2654270,14872700
3120,923,929,1326517,18284,2655199,14684700
3121,904,851,1325613,18337,2656050,15056100
3122,909,911,1324704,18335,2656961,15403700
3123,932,952,1323772,18315,2657913,14902400
3124,894,962,1322878,18247,2658875,15248800
3125,916,903,1321962,18260,2659778,15256000
3126,923,859,1321039,18324,2660637,15394200
3127,883,917,1320156,18290,2661554,15652100
3128,899,945,1319257,18244,2662499,15083600
3129,923,946,1318334,18221,2663445,15957100
3130,902,906,1317432,18217,2664351,14792600
3131,897,876,1316535,18238,2665227,14902200
3132,894,922,1315641,18210,2666149,15462300
3133,879,946,1314762,18143,2667095,15043600
3134,910,919,1313852,18134,2668014,14915700
3135,880,903,1312972,18111,2668917,15164300
3136,925,920,1312047,18116,2669837,15543300
3137,893,892,1311154,18117,2670729,15194000
3138,882,926,1310272,18073,2671655,15348900
3139,876,893,1309396,18056,2672548,15918100
3140,874,868,1308522,18062,2673416,15405400
3141,939,890,1307583,18111,2674306,14650200
3142,891,833,1306692,18169,2675139,14212400
3143,947,875,1305745,18241,2676014,14177500
3144,918,944,1304827,18215,2676958,14629700
3145,893,952,1303934,18156,2677910,14364600
3146,864,922,1303070,18098,2678832,14826600
3147,834,914,1302236,18018,2679746,14399300
3148,874,858,1301362,18034,2680604,14822400
3149,908,850,1300454,18092,2681454,14195100
3150,895,913,1299559,18074,2682367,14385500
3151,835,876,1298724,18033,2683243,14971100
3152,930,834,1297794,18129,2684077,14641600
3153,873,927,1296921,18075,2685004,14626400
3154,919,905,1296002,18089,2685909,14389200
3155,893,900,1295109,18082,2686809,14412000
3156,920,922,1294189,18080,2687731,14840100
3157,873,985,1293316,17968,2688716,15320900
3158,925,874,1292391,18019,2689590,14886900
3159,916,867,1291475,18068,2690457,14848400
3160,897,928,1290578,18037,2691385,14548700
3161,894,908,1289684,18023,2692293,14492600
3162,893,852,1288791,18064,2693145,14589500
3163,892,958,1287899,17998,2694103,14490100
3164,842,889,1287057,17951,2694992,14474200
3165,916,916,1286141,17951,2695908,14646000
3166,903,932,1285238,17922,2696840,14532800
3167,939,937,1284299,17924,2697777,14610000
3168,885,901,1283414,17908,2698678,15070700
3169,873,898,1282541,17883,2699576,16272900
3170,912,910,1281629,17885,2700486,14731500
3171,902,906,1280727,17881,2701392,16374400
3172,853,927,1279874,17807,2702319,17316900
3173,846,902,1279028,17751,2703221,16991200
3174,842,867,1278186,17726,2704088,17775100
3175,856,907,1277330,17675,2704995,18097400
3176,820,895,1276510,17600,2705890,18481100
3177,856,914,1275654,17542,2706804,18449200
3178,865,902,1274789,17505,2707706,18989000
3179,842,880,1273947,17467,2708586,17926500
3180,852,898,1273095,17421,2709484,18756100
3181,832,849,1272263,17404,2710333,19083400
3182,845,914,1271418,17335,2711247,18513800
3183,845,883,1270573,17297,2712130,19112100
3184,850,807,1269723,17340,2712937,18578700
3185,841,907,1268882,17274,2713844,18771700
3186,859,919,1268023,17214,2714763,17805200
3187,830,791,1267193,17253,2715554,19502200
3188,841,879,1266352,17215,2716433,16754100
3189,834,847,1265518,17202,2717280,14387600
3190,854,813,1264664,17243,2718093,14162300
3191,803,864,1263861,17182,2718957,14448700
3192,816,886,1263045,17112,2719843,14122400
3193,834,904,1262211,17042,2720747,14406100
3194,861,850,1261350,17053,2721597,14321900
3195,864,798,1260486,17119,2722395,14157700
3196,788,852,1259698,17055,2723247,14002500
3197,812,884,1258886,16983,2724131,14187600
3198,838,831,1258048,16990,2724962,14122000
3199,807,848,1257241,16949,2725810,14311200
3200,855,882,1256386,16922,2726692,14366900
3201,816,866,1255570,16872,2727558,14343000
3202,847,859,1254723,16860,2728417,14416300
3203,812,866,1253911,16806,2729283,14592100
3204,819,893,1253092,16732,2730176,14600300
3205,811,834,1252281,16709,2731010,14731000
3206,813,902,1251468,16620,2731912,14448800
3207,818,824,1250650,16614,2732736,14480300
3208,844,851,1249806,16607,2733587,14830700
3209,799,805,1249007,16601,2734392,14671700
3210,847,823,1248160,16625,2735215,14938300
3211,804,806,1247356,16623,2736021,14369000
3212,837,807,1246519,16653,2736828,14425300
3213,866,849,1245653,16670,2737677,14279800
3214,796,778,1244857,16688,2738455,14496800
3215,820,856,1244037,16652,2739311,14204600
3216,843,872,1243194,16623,2740183,14195800
3217,799,843,1242395,16579,2741026,14174400
3218,860,833,1241535,16606,2741859,14248000
3219,851,863,1240684,16594,2742722,14051900
3220,814,852,1239870,16556,2743574,14171200
3221,856,821,1239014,16591,2744395,14001800
3222,836,833,1238178,16594,2745228,14157200
3223,847,838,1237331,16603,2746066,14941700
3224,808,828,1236523,16583,2746894,14118500
3225,825,862,1235698,16546,2747756,14148700
3226,888,850,1234810,16584,2748606,14123600
3227,829,793,1233981,16620,2749399,14134700
3228,796,798,1233185,16618,2750197,14050600
3229,845,822,1232340,16641,2751019,13952600
3230,794,849,1231546,16586,2751868,18128000
3231,865,806,1230681,16645,2752674,18651200
3232,865,839,1229816,16671,2753513,18862100
3233,821,859,1228995,16633,2754372,19367700
3234,805,864,1228190,16574,2755236,17995400
3235,821,794,1227369,16601,2756030,17475500
3236,771,804,1226598,16568,2756834,18938800
3237,827,850,1225771,16545,2757684,18581200
3238,784,793,1224987,16536,2758477,19168100
3239,828,836,1224159,16528,2759313,18043600
3240,797,855,1223362,16470,2760168,18874900
3241,802,800,1222560,16472,2760968,18893400
3242,765,801,1221795,16436,2761769,18420300
3243,864,829,1220931,16471,2762598,18420200
3244,806,827,1220125,16450,2763425,17417400
3245,781,813,1219344,16418,2764238,14612700
3246,833,768,1218511,16483,2765006,15466200
3247,788,862,1217723,16409,2765868,15106200
3248,832,776,1216891,16465,2766644,14398300
3249,815,824,1216076,16456,2767468,14375800
3250,827,805,1215249,16478,2768273,14849700
3251,828,833,1214421,16473,2769106,14283400
3252,784,835,1213637,16422,2769941,14949400
3253,818,817,1212819,16423,2770758,14525800
3254,754,847,1212065,16330,2771605,14670200
3255,798,860,1211267,16268,2772465,14971800
3256,767,759,1210500,16276,2773224,15050200
3257,762,796,1209738,16242,2774020,14765900
3258,755,827,1208983,16170,2774847,19225600
3259,797,797,1208186,16170,2775644,17286100
3260,784,819,1207402,16135,2776463,14335500
3261,744,804,1206658,16075,2777267,14306500
3262,778,730,1205880,16123,2777997,14629200
3263,755,807,1205125,16071,2778804,14440000
3264,835,834,1204290,16072,2779638,14727600
3265,779,751,1203511,16100,2780389,14329500
3266,803,822,1202708,16081,2781211,14197700
3267,790,817,1201918,16054,2782028,14349400
3268,770,788,1201148,16036,2782816,14281200
3269,799,760,1200349,16075,2783576,14075200
3270,778,772,1199571,16081,2784348,14055700
3271,802,787,1198769,16096,2785135,14037600
3272,771,810,1197998,16057,2785945,14168200
3273,819,819,1197179,16057,2786764,14346300
3274,819,784,1196360,16092,2787548,14408900
3275,871,803,1195489,16160,2788351,14554700
3276,779,794,1194710,16145,2789145,14627200
3277,768,827,1193942,16086,2789972,14409600
3278,848,805,1193094,16129,2790777,14242500
3279,820,726,1192274,16223,2791503,14593400
3280,832,789,1191442,16266,2792292,14415500
3281,814,858,1190628,16222,2793150,14191800
3282,803,808,1189825,16217,2793958,14708600
3283,760,754,1189065,16223,2794712,14220500
3284,835,811,1188230,16247,2795523,14132100
3285,824,877,1187406,16194,2796400,14046700
3286,810,899,1186596,16105,2797299,14512700
3287,773,795,1185823,16083,2798094,14363900
3288,781,851,1185042,16013,2798945,14589000
3289,738,789,1184304,15962,2799734,15148700
3290,783,810,1183521,15935,2800544,14247200
3291,777,810,1182744,15902,2801354,14333400
3292,774,811,1181970,15865,2802165,14288100
3293,761,798,1181209,15828,2802963,14200700
3294,791,796,1180418,15823,2803759,14283200
3295,723,806,1179695,15740,2804565,14347500
3296,756,860,1178939,15636,2805425,14345600
3297,789,773,1178150,15652,2806198,14530000
3298,756,796,1177394,15612,2806994,15582500
3299,780,779,1176614,15613,2807773,14703200
3300,781,772,1175833,15622,2808545,14402900
3301,737,811,1175096,15548,2809356,14324400
3302,713,787,1174383,15474,2810143,14324800
3303,797,779,1173586,15492,2810922,14776500
3304,817,789,1172769,15520,2811711,14555800
3305,787,773,1171982,15534,2812484,14645100
3306,788,798,1171194,15524,2813282,14153100
3307,762,748,1170432,15538,2814030,14517000
3308,783,795,1169649,15526,2814825,14185600
3309,798,790,1168851,15534,2815615,14364400
3310,797,773,1168054,15558,2816388,14828600
3311,762,776,1167292,15544,2817164,14482200
3312,797,732,1166495,15609,2817896,14466100
3313,776,794,1165719,15591,2818690,14389600
3314,762,805,1164957,15548,2819495,14637500
3315,814,775,1164143,15587,2820270,14493300
3316,819,791,1163324,15615,2821061,15369100
3317,782,795,1162542,15602,2821856,15102600
3318,787,802,1161755,15587,2822658,14340300
3319,741,787,1161014,15541,2823445,14451800
3320,813,754,1160201,15600,2824199,14204500
3321,830,797,1159371,15633,2824996,14266900
3322,847,764,1158524,15716,2825760,14276000
3323,775,799,1157749,15692,2826559,14446200
3324,789,775,1156960,15706,2827334,14514300
3325,807,772,1156153,15741,2828106,14340100
3326,875,815,1155278,15801,2828921,14042100
3327,807,770,1154471,15838,2829691,15765000
3328,766,802,1153705,15802,2830493,18984700
3329,813,815,1152892,15800,2831308,15614000
3330,816,790,1152076,15826,2832098,14293200
3331,770,804,1151306,15792,2832902,14316400
3332,792,808,1150514,15776,2833710,14187500
3333,811,782,1149703,15805,2834492,14083200
3334,837,801,1148866,15841,2835293,14051800
3335,800,792,1148066,15849,2836085,14149300
3336,766,826,1147300,15789,2836911,14078500
3337,747,806,1146553,15730,2837717,14186600
3338,791,795,1145762,15726,2838512,14338000
3339,724,799,1145038,15651,2839311,14425100
3340,737,787,1144301,15601,2840098,14517600
3341,781,804,1143520,15578,2840902,14448000
3342,751,787,1142769,15542,2841689,14264900
3343,823,806,1141946,15559,2842495,14315300
3344,752,747,1141194,15564,2843242,14305300
3345,753,747,1140441,15570,2843989,14565800
3346,755,782,1139686,15543,2844771,14320300
3347,755,762,1138931,15536,2845533,14043800
3348,793,742,1138138,15587,2846275,14022500
3349,785,792,1137353,15580,2847067,13927500
3350,796,765,1136557,15611,2847832,13926300
3351,784,799,1135773,15596,2848631,14188600
3352,830,764,1134943,15662,2849395,14360100
3353,766,801,1134177,15627,2850196,14143300
3354,740,817,1133437,15550,2851013,14115400
3355,759,764,1132678,15545,2851777,14419800
3356,754,730,1131924,15569,2852507,14468300
3357,707,770,1131217,15506,2853277,14030900
3358,758,780,1130459,15484,2854057,14330000
3359,748,805,1129711,15427,2854862,14606600
3360,776,757,1128935,15446,2855619,14516800
3361,732,775,1128203,15403,2856394,14373500
3362,742,767,1127461,15378,2857161,14147000
3363,761,766,1126700,15373,2857927,14096900
3364,765,730,1125935,15408,2858657,14451400
3365,707,762,1125228,15353,2859419,14514600
3366,768,758,1124460,15363,2860177,14221500
3367,720,757,1123740,15326,2860934,13846900
3368,737,769,1123003,15294,2861703,14609600
3369,786,791,1122217,15289,2862494,14758300
3370,759,734,1121458,15314,2863228,15117700
3371,725,778,1120733,15261,2864006,14231400
3372,714,721,1120019,15254,2864727,13958700
3373,722,761,1119297,15215,2865488,14339100
3374,767,745,1118530,15237,2866233,15819600
3375,746,697,1117784,15286,2866930,14249400
3376,802,796,1116982,15292,2867726,14316000
3377,752,796,1116230,15248,2868522,13945500
3378,756,754,1115474,15250,2869276,14182200
3379,792,798,1114682,15244,2870074,14166100
3380,736,781,1113946,15199,2870855,14107400
3381,757,770,1113189,15186,2871625,14191300
3382,756,727,1112433,15215,2872352,14034900
3383,771,797,1111662,15189,2873149,14234900
3384,780,795,1110882,15174,2873944,14168500
3385,732,740,1110150,15166,2874684,14153200
3386,740,753,1109410,15153,2875437,14930000
3387,722,733,1108688,15142,2876170,14147100
3388,782,735,1107906,15189,2876905,14121500
3389,781,742,1107125,15228,2877647,14140400
3390,763,740,1106362,15251,2878387,14171200
3391,746,748,1105616,15249,2879135,13970700
3392,743,780,1104873,15212,2879915,14613800
3393,750,779,1104123,15183,2880694,14843300
3394,767,795,1103356,15155,2881489,14218400
3395,756,770,1102600,15141,2882259,14297700
3396,766,778,1101834,15129,2883037,14216200
3397,739,726,1101095,15142,2883763,14442800
3398,736,745,1100359,15133,2884508,14603700
3399,769,769,1099590,15133,2885277,14487500
3400,720,802,1098870,15051,2886079,14384800
3401,757,766,1098113,15042,2886845,14382400
3402,739,695,1097374,15086,2887540,14116200
3403,743,768,1096631,15061,2888308,14826500
3404,732,754,1095899,15039,2889062,14256800
3405,730,740,1095169,15029,2889802,14063700
3406,776,748,1094393,15057,2890550,14069000
3407,774,739,1093619,15092,2891289,14091300
3408,789,734,1092830,15147,2892023,14074200
3409,769,715,1092061,15201,2892738,13967300
3410,752,753,1091309,15200,2893491,14096800
3411,710,713,1090599,15197,2894204,14334900
3412,750,760,1089849,15187,2894964,14054300
3413,779,855,1089070,15111,2895819,14085100
3414,743,757,1088327,15097,2896576,14081900
3415,714,752,1087613,15059,2897328,14693700
3416,725,776,1086888,15008,2898104,14383400
3417,737,695,1086151,15050,2898799,14079800
3418,785,789,1085366,15046,2899588,14183400
3419,716,772,1084650,14990,2900360,14040400
3420,767,719,1083883,15038,2901079,14035200
3421,750,727,1083133,15061,2901806,14123000
3422,755,750,1082378,15066,2902556,14130800
3423,746,746,1081632,15066,2903302,14069100
3424,798,772,1080834,15092,2904074,14220400
3425,728,734,1080106,15086,2904808,13979700
3426,755,769,1079351,15072,2905577,13816400
3427,767,731,1078584,15108,2906308,14344000
3428,749,700,1077835,15157,2907008,14175200
3429,779,797,1077056,15139,2907805,14164500
3430,770,792,1076286,15117,2908597,14236200
3431,754,752,1075532,15119,2909349,14513800
3432,704,733,1074828,15090,2910082,13796100
3433,743,750,1074085,15083,2910832,13816300
3434,714,789,1073371,15008,2911621,14288900
3435,689,709,1072682,14988,2912330,14618000
3436,762,699,1071920,15051,2913029,14155500
3437,738,761,1071182,15028,2913790,13924900
3438,763,765,1070419,15026,2914555,14418500
3439,714,750,1069705,14990,2915305,14533900
3440,745,753,1068960,14982,2916058,14242300
3441,733,755,1068227,14960,2916813,14071300
3442,747,693,1067480,15014,2917506,13984900
3443,769,746,1066711,15037,2918252,14002100
3444,780,717,1065931,15100,2918969,14086100
3445,736,703,1065195,15133,2919672,14157200
3446,761,769,1064434,15125,2920441,14464900
3447,728,736,1063706,15117,2921177,14472200
3448,739,703,1062967,15153,2921880,13911500
3449,757,809,1062210,15101,2922689,13937500
3450,718,729,1061492,15090,2923418,13841800
3451,744,723,1060748,15111,2924141,14277900
3452,690,757,1060058,15044,2924898,14186300
3453,749,695,1059309,15098,2925593,16419100
3454,784,737,1058525,15145,2926330,14297200
3455,733,775,1057792,15103,2927105,14299000
3456,715,788,1057077,15030,2927893,14180900
3457,765,753,1056312,15042,2928646,14171100
3458,712,733,1055600,15021,2929379,14178300
3459,690,754,1054910,14957,2930133,14128700
3460,720,735,1054190,14942,2930868,14089200
3461,727,793,1053463,14876,2931661,14082500
3462,744,708,1052719,14912,2932369,14126900
3463,754,764,1051965,14902,2933133,14194500
3464,727,750,1051238,14879,2933883,14126100
3465,705,759,1050533,14825,2934642,14125500
3466,734,731,1049799,14828,2935373,14500600
3467,728,753,1049071,14803,2936126,14280900
3468,737,779,1048334,14761,2936905,14325200
3469,730,722,1047604,14769,2937627,14434700
3470,727,722,1046877,14774,2938349,16832000
3471,681,698,1046196,14757,2939047,13916700
3472,690,725,1045506,14722,2939772,13961100
3473,719,771,1044787,14670,2940543,14074900
3474,681,702,1044106,14649,2941245,14260800
3475,700,715,1043406,14634,2941960,14210600
3476,653,740,1042753,14547,2942700,14276800
3477,719,750,1042034,14516,2943450,14736700
3478,698,682,1041336,14532,2944132,14376700
3479,696,706,1040640,14522,2944838,14353600
3480,710,745,1039930,14487,2945583,14207100
3481,710,704,1039220,14493,2946287,14085900
3482,700,770,1038520,14423,2947057,14109800
3483,695,754,1037825,14364,2947811,14425300
3484,707,735,1037118,14336,2948546,17028800
3485,669,722,1036449,14283,2949268,14684500
3486,678,657,1035771,14304,2949925,16968700
3487,703,667,1035068,14340,2950592,14972600
3488,729,741,1034339,14328,2951333,16524900
3489,711,755,1033628,14284,2952088,13898700
3490,661,688,1032967,14257,2952776,13833900
3491,687,749,1032280,14195,2953525,13928100
3492,667,730,1031613,14132,2954255,14029700
3493,678,704,1030935,14106,2954959,14140800
3494,723,698,1030212,14131,2955657,13993800
3495,672,652,1029540,14151,2956309,14133600
3496,745,680,1028795,14216,2956989,14211000
3497,646,728,1028149,14134,2957717,13820500
3498,694,693,1027455,14135,2958410,13879400
3499,700,671,1026755,14164,2959081,13854000
3500,712,701,1026043,14175,2959782,13887000
3501,696,731,1025347,14140,2960513,14418300
3502,663,653,1024684,14150,2961166,14376200
3503,681,729,1024003,14102,2961895,14214800
3504,668,731,1023335,14039,2962626,14107900
3505,672,661,1022663,14050,2963287,14077300
3506,684,705,1021979,14029,2963992,15526700
3507,649,711,1021330,13967,2964703,15520000
3508,649,682,1020681,13934,2965385,16360200
3509,642,700,1020039,13876,2966085,16533300
3510,708,695,1019331,13889,2966780,15219200
3511,717,696,1018614,13910,2967476,18495000
3512,678,689,1017936,13899,2968165,18798700
3513,678,674,1017258,13903,2968839,14335000
3514,669,726,1016589,13846,2969565,14031600
3515,686,715,1015903,13817,2970280,14077100
3516,694,693,1015209,13818,2970973,14897500
3517,705,696,1014504,13827,2971669,15019300
3518,691,659,1013813,13859,2972328,14458000
3519,676,676,1013137,13859,2973004,14326100
3520,736,751,1012401,13844,2973755,14469000
3521,743,720,1011658,13867,2974475,16024100
3522,695,751,1010963,13811,2975226,17592600
3523,723,706,1010240,13828,2975932,14698800
3524,658,699,1009582,13787,2976631,14188900
3525,691,698,1008891,13780,2977329,13905000
3526,695,718,1008196,13757,2978047,14324200
3527,666,660,1007530,13763,2978707,14275500
3528,663,682,1006867,13744,2979389,14290400
3529,658,644,1006209,13758,2980033,14101100
3530,698,696,1005511,13760,2980729,14119400
3531,687,677,1004824,13770,2981406,14115500
3532,640,713,1004184,13697,2982119,14400100
3533,672,706,1003512,13663,2982825,14314300
3534,676,691,1002836,13648,2983516,14165700
3535,645,674,1002191,13619,2984190,14691100
3536,682,706,1001509,13595,2984896,14049000
3537,626,710,1000883,13511,2985606,14226400
3538,616,694,1000267,13433,2986300,14102200
3539,650,686,999617,13397,2986986,14126000
3540,663,664,998954,13396,2987650,14383300
3541,675,690,998279,13381,2988340,14178600
3542,636,717,997643,13300,2989057,14149000
3543,665,700,996978,13265,2989757,14009700
3544,643,629,996335,13279,2990386,13888600
3545,666,664,995669,13281,2991050,14301900
3546,698,668,994971,13311,2991718,13970900
3547,638,673,994333,13276,2992391,14017300
3548,659,631,993674,13304,2993022,14108500
3549,662,691,993012,13275,2993713,14456800
3550,627,702,992385,13200,2994415,14175700
3551,637,636,991748,13201,2995051,14286400
3552,671,670,991077,13202,2995721,13733500
3553,595,652,990482,13145,2996373,13930200
3554,605,646,989877,13104,2997019,15131500
3555,630,651,989247,13083,2997670,14485200
3556,643,643,988604,13083,2998313,13875000
3557,669,633,987935,13119,2998946,13956700
3558,623,680,987312,13062,2999626,14176700
3559,648,674,986664,13036,3000300,14414800
3560,646,622,986018,13060,3000922,13875700
3561,615,691,985403,12984,3001613,13886100
3562,645,646,984758,12983,3002259,14112000
3563,681,657,984077,13007,3002916,15228300
3564,626,664,983451,12969,3003580,15146700
3565,652,668,982799,12953,3004248,14904900
3566,656,653,982143,12956,3004901,16021500
3567,671,603,981472,13024,3005504,15185400
3568,687,594,980785,13117,3006098,16695700
3569,711,637,980074,13191,3006735,14222400
3570,661,633,979413,13219,3007368,14215400
3571,730,661,978683,13288,3008029,14426300
3572,657,624,978026,13321,3008653,14123500
3573,709,682,977317,13348,3009335,13891700
3574,703,673,976614,13378,3010008,14114200
3575,696,723,975918,13351,3010731,14201300
3576,640,664,975278,13327,3011395,14418100
3577,681,645,974597,13363,3012040,14444200
3578,660,648,973937,13375,3012688,14460900
3579,717,695,973220,13397,3013383,14339900
3580,670,669,972550,13398,3014052,14087900
3581,675,670,971875,13403,3014722,13851300
3582,687,697,971188,13393,3015419,13794300
3583,700,677,970488,13416,3016096,14368000
3584,658,655,969830,13419,3016751,13874600
3585,685,644,969145,13460,3017395,14416500
3586,689,686,968456,13463,3018081,13716900
3587,661,617,967795,13507,3018698,13641500
3588,629,651,967166,13485,3019349,13954200
3589,686,737,966480,13434,3020086,14259700
3590,658,686,965822,13406,3020772,14561700
3591,679,699,965143,13386,3021471,14555200
3592,662,667,964481,13381,3022138,16690600
3593,618,658,963863,13341,3022796,14162300
3594,653,657,963210,13337,3023453,13841100
3595,649,725,962561,13261,3024178,14144400
3596,640,619,961921,13282,3024797,13832700
3597,607,662,961314,13227,3025459,14054900
3598,675,676,960639,13226,3026135,13907200
3599,632,698,960007,13160,3026833,14061100
3600,640,653,959367,13147,3027486,14188000
3601,628,643,958739,13132,3028129,14237200
3602,663,631,958076,13164,3028760,13883800
3603,655,654,957421,13165,3029414,14126000
3604,663,695,956758,13133,3030109,14235300
3605,611,654,956147,13090,3030763,14365300
3606,630,668,955517,13052,3031431,13860600
3607,640,669,954877,13023,3032100,14099100
3608,588,624,954289,12987,3032724,18213200
3609,634,669,953655,12952,3033393,16729200
3610,644,634,953011,12962,3034027,13781100
3611,642,681,952369,12923,3034708,14092800
3612,630,642,951739,12911,3035350,13951700
3613,630,605,951109,12936,3035955,13708200
3614,634,664,950475,12906,3036619,13817600
3615,648,623,949827,12931,3037242,13866400
3616,609,638,949218,12902,3037880,14281300
3617,651,610,948567,12943,3038490,13771500
3618,616,641,947951,12918,3039131,13879500
3619,636,645,947315,12909,3039776,14203500
3620,645,657,946670,12897,3040433,14227800
3621,665,615,946005,12947,3041048,13647800
3622,631,662,945374,12916,3041710,13600700
3623,648,698,944726,12866,3042408,14113600
3624,636,643,944090,12859,3043051,14048800
3625,638,620,943452,12877,3043671,14073400
3626,672,638,942780,12911,3044309,13869400
3627,639,680,942141,12870,3044989,14177200
3628,623,730,941518,12763,3045719,14249100
3629,678,640,940840,12801,3046359,13654000
3630,682,647,940158,12836,3047006,13993200
3631,648,645,939510,12839,3047651,13704000
3632,648,638,938862,12849,3048289,13883000
3633,641,650,938221,12840,3048939,14079700
3634,630,678,937591,12792,3049617,14047800
3635,636,677,936955,12751,3050294,14185000
3636,627,633,936328,12745,3050927,14244400
3637,607,606,935721,12746,3051533,17063000
3638,565,614,935156,12697,3052147,15725300
3639,589,601,934567,12685,3052748,14079100
3640,610,624,933957,12671,3053372,14044500
3641,591,615,933366,12647,3053987,14201600
3642,610,678,932756,12579,3054665,14064800
3643,612,606,932144,12585,3055271,14006100
3644,621,642,931523,12564,3055913,14523900
3645,639,637,930884,12566,3056550,14836700
3646,598,578,930286,12586,3057128,14338200
3647,621,641,929665,12566,3057769,14853100
3648,613,627,929052,12552,3058396,14146500
3649,621,621,928431,12552,3059017,15808900
3650,634,646,927797,12540,3059663,14770800
3651,647,635,927150,12552,3060298,14472300
3652,647,633,926503,12566,3060931,13844100
3653,660,641,925843,12585,3061572,13942800
3654,611,627,925232,12569,3062199,14278000
3655,613,576,924619,12606,3062775,13894600
3656,638,644,923981,12600,3063419,14241900
3657,658,614,923323,12644,3064033,14129400
3658,648,612,922675,12680,3064645,13866900
3659,614,640,922061,12654,3065285,13859400
3660,637,594,921424,12697,3065879,14330600
3661,658,632,920766,12723,3066511,14443900
3662,628,622,920138,12729,3067133,14349200
3663,620,627,919518,12722,3067760,15564500
3664,612,617,918906,12717,3068377,14768300
3665,597,610,918309,12704,3068987,13786600
3666,614,642,917695,12676,3069629,13642400
3667,687,625,917008,12738,3070254,13697800
3668,615,651,916393,12702,3070905,14258900
3669,633,610,915760,12725,3071515,13918800
3670,648,639,915112,12734,3072154,14108000
3671,651,660,914461,12725,3072814,13954300
3672,617,626,913844,12716,3073440,14419800
3673,628,625,913216,12719,3074065,14035800
3674,642,641,912574,12720,3074706,13875000
3675,607,579,911967,12748,3075285,13948200
3676,642,627,911325,12763,3075912,13611500
3677,624,664,910701,12723,3076576,13765100
3678,592,644,910109,12671,3077220,14643600
3679,600,657,909509,12614,3077877,14607300
3680,641,665,908868,12590,3078542,13696400
3681,588,674,908280,12504,3079216,13656100
3682,621,650,907659,12475,3079866,13875600
3683,583,604,907076,12454,3080470,13959500
3684,646,639,906430,12461,3081109,13840000
3685,658,632,905772,12487,3081741,13722300
3686,659,615,905113,12531,3082356,13609500
3687,582,651,904531,12462,3083007,13567600
3688,626,636,903905,12452,3083643,13886000
3689,614,619,903291,12447,3084262,14328100
3690,590,657,902701,12380,3084919,13590600
3691,618,678,902083,12320,3085597,13667000
3692,649,631,901434,12338,3086228,13858000
3693,628,625,900806,12341,3086853,13757200
3694,636,611,900170,12366,3087464,13971500
3695,626,663,899544,12329,3088127,13742700
3696,598,662,898946,12265,3088789,13731400
3697,641,665,898305,12241,3089454,14870700
3698,655,589,897650,12307,3090043,14075500
3699,608,623,897042,12292,3090666,15092900
3700,588,658,896454,12222,3091324,13979200
3701,631,555,895823,12298,3091879,14134300
3702,661,587,895162,12372,3092466,14683200
3703,636,621,894526,12387,3093087,13687100
3704,652,642,893874,12397,3093729,13628900
3705,645,581,893229,12461,3094310,13564800
3706,655,643,892574,12473,3094953,13616900
3707,618,593,891956,12498,3095546,13930600
3708,634,592,891322,12540,3096138,14002300
3709,626,628,890696,12538,3096766,13608700
3710,639,679,890057,12498,3097445,13677600
3711,605,630,889452,12473,3098075,13606000
3712,657,590,888795,12540,3098665,13613000
3713,617,618,888178,12539,3099283,13720500
3714,625,633,887553,12531,3099916,14139600
3715,623,581,886930,12573,3100497,14005900
3716,606,680,886324,12499,3101177,13931400
3717,639,637,885685,12501,3101814,14343700
3718,664,654,885021,12511,3102468,14223100
3719,605,606,884416,12510,3103074,13756500
3720,613,633,883803,12490,3103707,13733900
3721,636,619,883167,12507,3104326,13921400
3722,603,614,882564,12496,3104940,13915600
3723,639,625,881925,12510,3105565,14410500
3724,639,647,881286,12502,3106212,13989700
3725,605,636,880681,12471,3106848,13542600
3726,628,654,880053,12445,3107502,13532600
3727,648,641,879405,12452,3108143,14249000
3728,612,609,878793,12455,3108752,14234900
3729,613,633,878180,12435,3109385,14107200
3730,642,635,877538,12442,3110020,14324300
3731,651,608,876887,12485,3110628,13846200
3732,653,592,876234,12546,3111220,14237400
3733,629,626,875605,12549,3111846,13912500
3734,615,595,874990,12569,3112441,14451700
3735,638,621,874352,12586,3113062,14265100
3736,646,587,873706,12645,3113649,13957400
3737,616,596,873090,12665,3114245,14289100
3738,617,640,872473,12642,3114885,13812200
3739,646,626,871827,12662,3115511,13895400
3740,642,670,871185,12634,3116181,13900800
3741,616,647,870569,12603,3116828,15274200
3742,627,639,869942,12591,3117467,13790100
3743,592,614,869350,12569,3118081,13768800
3744,643,672,868707,12540,3118753,13855400
3745,602,620,868105,12522,3119373,13907200
3746,628,658,867477,12492,3120031,13773600
3747,618,638,866859,12472,3120669,13885700
3748,608,610,866251,12470,3121279,13902600
3749,601,657,865650,12414,3121936,13853400
3750,613,645,865037,12382,3122581,14413800
3751,630,612,864407,12400,3123193,13892400
3752,588,648,863819,12340,3123841,13589200
3753,607,598,863212,12349,3124439,13625200
3754,587,624,862625,12312,3125063,13875700
3755,583,619,862042,12276,3125682,13546400
3756,617,605,861425,12288,3126287,13663500
3757,601,619,860824,12270,3126906,13570300
3758,582,643,860242,12209,3127549,13602700
3759,609,602,859633,12216,3128151,13574300
3760,583,626,859050,12173,3128777,13484100
3761,583,614,858467,12142,3129391,13650000
3762,579,618,857888,12103,3130009,13562900
3763,578,573,857310,12108,3130582,13962300
3764,608,605,856702,12111,3131187,13482800
3765,602,578,856100,12135,3131765,14041000
3766,635,605,855465,12165,3132370,14339500
3767,601,601,854864,12165,3132971,13635100
3768,590,583,854274,12172,3133554,13552600
3769,615,620,853659,12167,3134174,13569600
3770,624,598,853035,12193,3134772,14523700
3771,616,626,852419,12183,3135398,14246600
3772,568,640,851851,12111,3136038,13598600
3773,572,594,851279,12089,3136632,13499600
3774,581,613,850698,12057,3137245,13541200
3775,627,617,850071,12067,3137862,14012400
3776,543,574,849528,12036,3138436,14246500
3777,545,623,848983,11958,3139059,13887300
3778,571,640,848412,11889,3139699,13576300
3779,612,593,847800,11908,3140292,13615100
3780,587,578,847213,11917,3140870,13601600
3781,552,622,846661,11847,3141492,13536900
3782,562,641,846099,11768,3142133,13469900
3783,580,581,845519,11767,3142714,13583800
3784,560,578,844959,11749,3143292,13662900
3785,578,603,844381,11724,3143895,13646800
3786,630,539,843751,11815,3144434,13578300
3787,605,580,843146,11840,3145014,13643100
3788,597,573,842549,11864,3145587,14059600
3789,581,573,841968,11872,3146160,14179700
3790,585,599,841383,11858,3146759,15915800
3791,544,560,840839,11842,3147319,14182500
3792,593,602,840246,11833,3147921,13501700
3793,529,567,839717,11795,3148488,13536700
3794,564,542,839153,11817,3149030,13769900
3795,532,557,838621,11792,3149587,13815900
3796,572,612,838049,11752,3150199,13743800
3797,549,586,837500,11715,3150785,13734900
3798,584,614,836916,11685,3151399,13877200
3799,564,599,836352,11650,3151998,14144100
3800,563,583,835789,11630,3152581,13567100
3801,585,590,835204,11625,3153171,13545800
3802,558,580,834646,11603,3153751,13520500
3803,555,615,834091,11543,3154366,13686100
3804,545,565,833546,11523,3154931,14482500
3805,527,573,833019,11477,3155504,14907000
3806,589,562,832430,11504,3156066,13695100
3807,546,580,831884,11470,3156646,13627200
3808,564,604,831320,11430,3157250,13962100
3809,573,587,830747,11416,3157837,13992300
3810,551,585,830196,11382,3158422,13890600
3811,581,590,829615,11373,3159012,13950600
3812,576,581,829039,11368,3159593,14215000
3813,589,563,828450,11394,3160156,14185100
3814,594,627,827856,11361,3160783,14017800
3815,576,586,827280,11351,3161369,13718100
3816,629,558,826651,11422,3161927,14101500
3817,569,589,826082,11402,3162516,14007600
3818,599,558,825483,11443,3163074,13993300
3819,596,598,824887,11441,3163672,15812200
3820,562,624,824325,11379,3164296,13989700
3821,578,559,823747,11398,3164855,14017400
3822,565,554,823182,11409,3165409,14150100
3823,613,564,822569,11458,3165973,14246300
3824,549,557,822020,11450,3166530,14039600
3825,591,542,821429,11499,3167072,13696000
3826,552,589,820877,11462,3167661,15314300
3827,592,599,820285,11455,3168260,13827300
3828,581,577,819704,11459,3168837,13578800
3829,581,630,819123,11410,3169467,13789300
3830,511,568,818612,11353,3170035,13643700
3831,588,551,818024,11390,3170586,13804100
3832,589,580,817435,11399,3171166,13640800
3833,571,620,816864,11350,3171786,13652300
3834,564,554,816300,11360,3172340,13519100
3835,558,547,815742,11371,3172887,13531100
3836,559,584,815183,11346,3173471,13618500
3837,581,544,814602,11383,3174015,14054900
3838,533,553,814069,11363,3174568,13967100
3839,565,606,813504,11322,3175174,14073900
3840,488,565,813016,11245,3175739,14123600
3841,585,544,812431,11286,3176283,13967500
3842,526,549,811905,11263,3176832,13683300
3843,549,566,811356,11246,3177398,13499500
3844,514,572,810842,11188,3177970,13499100
3845,537,511,810305,11214,3178481,14032400
3846,517,520,809788,11211,3179001,13414300
3847,552,596,809236,11167,3179597,13846400
3848,564,555,808672,11176,3180152,13533900
3849,552,491,808120,11237,3180643,13485300
3850,542,590,807578,11189,3181233,13727500
3851,539,551,807039,11177,3181784,13888000
3852,567,532,806472,11212,3182316,13977800
3853,549,572,805923,11189,3182888,13447900
3854,573,592,805350,11170,3183480,13476000
3855,539,564,804811,11145,3184044,13458200
3856,586,517,804225,11214,3184561,13485600
3857,565,580,803660,11199,3185141,13605000
3858,552,560,803108,11191,3185701,13451900
3859,575,552,802533,11214,3186253,13666000
3860,534,543,801999,11205,3186796,14091200
3861,529,543,801470,11191,3187339,14242400
3862,553,535,800917,11209,3187874,16781700
3863,561,548,800356,11222,3188422,14535100
3864,531,571,799825,11182,3188993,14515100
3865,522,599,799303,11105,3189592,13656800
3866,547,562,798756,11090,3190154,14111600
3867,569,504,798187,11155,3190658,13704400
3868,530,561,797657,11124,3191219,13678200
3869,552,591,797105,11085,3191810,13922100
3870,542,564,796563,11063,3192374,14549900
3871,533,595,796030,11001,3192969,14054000
3872,563,559,795467,11005,3193528,13780900
3873,555,579,794912,10981,3194107,13635000
3874,570,530,794342,11021,3194637,14788200
3875,562,548,793780,11035,3195185,13824600
3876,540,552,793240,11023,3195737,13808500
3877,551,592,792689,10982,3196329,14196200
3878,573,523,792116,11032,3196852,14285000
3879,535,514,791581,11053,3197366,14408500
3880,509,527,791072,11035,3197893,13689600
3881,553,548,790519,11040,3198441,13838200
3882,582,549,789937,11073,3198990,14562200
3883,528,566,789409,11035,3199556,14534800
3884,510,537,788899,11008,3200093,14176600
3885,530,580,788369,10958,3200673,14281400
3886,576,507,787793,11027,3201180,13717900
3887,561,582,787232,11006,3201762,14497600
3888,574,536,786658,11044,3202298,15016600
3889,537,557,786121,11024,3202855,14095600
3890,532,600,785589,10956,3203455,14255600
3891,530,557,785059,10929,3204012,14052700
3892,509,542,784550,10896,3204554,14349900
3893,540,517,784010,10919,3205071,13642400
3894,535,536,783475,10918,3205607,14237600
3895,530,562,782945,10886,3206169,14275700
3896,528,547,782417,10867,3206716,14565200
3897,527,522,781890,10872,3207238,14221500
3898,541,543,781349,10870,3207781,13766600
3899,504,548,780845,10826,3208329,14703700
3900,520,536,780325,10810,3208865,14910300
3901,515,560,779810,10765,3209425,14258100
3902,525,496,779285,10794,3209921,14472700
3903,529,546,778756,10777,3210467,14634900
3904,541,540,778215,10778,3211007,14007800
3905,528,529,777687,10777,3211536,13939000
3906,535,597,777152,10715,3212133,13983500
3907,506,504,776646,10717,3212637,14259900
3908,498,534,776148,10681,3213171,14214300
3909,515,542,775633,10654,3213713,14474600
3910,530,506,775103,10678,3214219,14280200
3911,484,511,774619,10651,3214730,14306100
3912,462,509,774157,10604,3215239,13979900
3913,475,533,773682,10546,3215772,13730300
3914,509,544,773173,10511,3216316,14437100
3915,494,512,772679,10493,3216828,13662200
3916,497,550,772182,10440,3217378,13762800
3917,487,528,771695,10399,3217906,13830600
3918,481,485,771214,10395,3218391,13784400
3919,500,513,770714,10382,3218904,13744800
3920,483,539,770231,10326,3219443,13680400
3921,492,504,769739,10314,3219947,13775300
3922,478,516,769261,10276,3220463,14246500
3923,472,520,768789,10228,3220983,14188200
3924,524,494,768265,10258,3221477,13922200
3925,477,505,767788,10230,3221982,13827800
3926,442,514,767346,10158,3222496,14438700
3927,523,452,766823,10229,3222948,13995100
3928,501,495,766322,10235,3223443,13889000
3929,513,532,765809,10216,3223975,13827300
3930,458,483,765351,10191,3224458,13868700
3931,482,491,764869,10182,3224949,13844700
3932,492,519,764377,10155,3225468,13935400
3933,471,530,763906,10096,3225998,14136000
3934,473,486,763433,10083,3226484,15229100
3935,497,523,762936,10057,3227007,13767800
3936,496,533,762440,10020,3227540,13981500
3937,488,480,761952,10028,3228020,13625300
3938,475,475,761477,10028,3228495,14239200
3939,470,515,761007,9983,3229010,13658400
3940,486,473,760521,9996,3229483,13634700
3941,488,513,760033,9971,3229996,13586100
3942,481,495,759552,9957,3230491,13764600
3943,445,467,759107,9935,3230958,14330200
3944,450,513,758657,9872,3231471,13649000
3945,485,516,758172,9841,3231987,13560700
3946,448,481,757724,9808,3232468,13698000
3947,395,491,757329,9712,3232959,13846200
3948,415,488,756914,9639,3233447,13850500
3949,433,491,756481,9581,3233938,14697300
3950,474,466,756007,9589,3234404,13787900
3951,426,493,755581,9522,3234897,13838200
3952,466,488,755115,9500,3235385,13804800
3953,461,505,754654,9456,3235890,13577500
3954,424,463,754230,9417,3236353,13666000
3955,440,492,753790,9365,3236845,13854900
3956,455,466,753335,9354,3237311,13856500
3957,440,500,752895,9294,3237811,13719500
3958,443,446,752452,9291,3238257,13614100
3959,472,472,751980,9291,3238729,13800000
3960,431,475,751549,9247,3239204,13779000
3961,461,470,751088,9238,3239674,13850200
3962,428,455,750660,9211,3240129,13528700
3963,441,449,750219,9203,3240578,14384900
3964,477,459,749742,9221,3241037,13514000
3965,473,465,749269,9229,3241502,13652500
3966,459,463,748810,9225,3241965,14294100
3967,488,451,748322,9262,3242416,13662100
3968,447,482,747875,9227,3242898,13486600
3969,459,497,747416,9189,3243395,13581900
3970,443,471,746973,9161,3243866,13511800
3971,490,445,746483,9206,3244311,14466000
3972,460,448,746023,9218,3244759,14473000
3973,465,446,745558,9237,3245205,13626200
3974,440,442,745118,9235,3245647,13541000
3975,425,436,744693,9224,3246083,13597900
3976,441,478,744252,9187,3246561,13522000
3977,467,452,743785,9202,3247013,13758900
3978,446,457,743339,9191,3247470,13786900
3979,464,483,742875,9172,3247953,13733600
3980,461,468,742414,9165,3248421,13803900
3981,437,465,741977,9137,3248886,13881200
3982,418,433,741559,9122,3249319,14160800
3983,458,448,741101,9132,3249767,13910600
3984,464,461,740637,9135,3250228,14107600
3985,453,459,740184,9129,3250687,14131500
3986,454,429,739730,9154,3251116,13853800
3987,440,460,739290,9134,3251576,13738800
3988,459,448,738831,9145,3252024,13769500
3989,488,455,738343,9178,3252479,13695600
3990,466,440,737877,9204,3252919,14035400
3991,504,475,737373,9233,3253394,14085800
3992,457,464,736916,9226,3253858,14203000
3993,464,482,736452,9208,3254340,13742900
3994,437,462,736015,9183,3254802,13826400
3995,440,438,735575,9185,3255240,14423300
3996,444,444,735131,9185,3255684,13727500
3997,467,443,734664,9209,3256127,13609600
3998,443,484,734221,9168,3256611,13525100
3999,463,494,733758,9137,3257105,14769900
4000,406,427,733352,9116,3257532,13725100
4001,395,410,732957,9101,3257942,13879800
4002,422,486,732535,9037,3258428,14141800
4003,463,459,732072,9041,3258887,13367700
4004,411,425,731661,9027,3259312,13869500
4005,407,490,731254,8944,3259802,13771300
4006,437,462,730817,8919,3260264,14077600
4007,474,431,730343,8962,3260695,14006000
4008,421,454,729922,8929,3261149,14307400
4009,451,466,729471,8914,3261615,14094300
4010,455,456,729016,8913,3262071,13528700
4011,420,439,728596,8894,3262510,13764600
4012,407,421,728189,8880,3262931,13793200
4013,429,422,727760,8887,3263353,14127400
4014,427,460,727333,8854,3263813,13614500
4015,436,421,726897,8869,3264234,13949500
4016,395,434,726502,8830,3264668,13891400
4017,433,431,726069,8832,3265099,14618900
4018,443,456,725626,8819,3265555,13750200
4019,402,448,725224,8773,3266003,13641500
4020,446,437,724778,8782,3266440,13863100
4021,414,431,724364,8765,3266871,13863400
4022,417,414,723947,8768,3267285,13747000
4023,413,457,723534,8724,3267742,14536600
4024,395,433,723139,8686,3268175,13598800
4025,395,435,722744,8646,3268610,13520600
4026,407,451,722337,8602,3269061,13541400
4027,417,424,721920,8595,3269485,13575100
4028,400,431,721520,8564,3269916,13894800
4029,417,450,721103,8531,3270366,14456300
4030,398,394,720705,8535,3270760,14457100
4031,437,433,720268,8539,3271193,13620200
4032,453,449,719815,8543,3271642,13715700
4033,403,422,719412,8524,3272064,14122800
4034,437,472,718975,8489,3272536,14121300
4035,446,415,718529,8520,3272951,13701700
4036,422,436,718107,8506,3273387,14057500
4037,431,432,717676,8505,3273819,14695300
4038,434,422,717242,8517,3274241,14598100
4039,429,411,716813,8535,3274652,14171400
4040,452,433,716361,8554,3275085,14242000
4041,413,436,715948,8531,3275521,13785900
4042,422,440,715526,8513,3275961,13833500
4043,443,457,715083,8499,3276418,14553400
4044,449,458,714634,8490,3276876,13754100
4045,435,437,714199,8488,3277313,14414600
4046,447,426,713752,8509,3277739,13756300
4047,431,439,713321,8501,3278178,13851500
4048,426,444,712895,8483,3278622,13866500
4049,449,441,712446,8491,3279063,13738000
4050,417,408,712029,8500,3279471,13665100
4051,442,433,711587,8509,3279904,13685000
4052,447,405,711140,8551,3280309,13803500
4053,458,438,710682,8571,3280747,14360900
4054,434,416,710248,8589,3281163,13679100
4055,467,404,709781,8652,3281567,13658400
4056,458,418,709323,8692,3281985,13808600
4057,465,450,708858,8707,3282435,14227800
4058,491,428,708367,8770,3282863,14027100
4059,479,432,707888,8817,3283295,13412800
4060,521,437,707367,8901,3283732,13452300
4061,458,444,706909,8915,3284176,13536300
4062,422,448,706487,8889,3284624,13575500
4063,456,460,706031,8885,3285084,13500400
4064,452,436,705579,8901,3285520,14056300
4065,431,456,705148,8876,3285976,13814400
4066,436,418,704712,8894,3286394,13907300
4067,444,490,704268,8848,3286884,13802400
4068,429,413,703839,8864,3287297,13690200
4069,420,435,703419,8849,3287732,14101700
4070,405,433,703014,8821,3288165,14199000
4071,455,464,702559,8812,3288629,14279800
4072,425,465,702134,8772,3289094,14234700
4073,424,428,701710,8768,3289522,13768100
4074,466,455,701244,8779,3289977,14269500
4075,430,420,700814,8789,3290397,13807600
4076,475,454,700339,8810,3290851,13941700
4077,400,449,699939,8761,3291300,15050800
4078,440,387,699499,8814,3291687,14325500
4079,416,458,699083,8772,3292145,14937600
4080,431,472,698652,8731,3292617,14315500
4081,398,465,698254,8664,3293082,14145300
4082,415,433,697839,8646,3293515,14015500
4083,447,444,697392,8649,3293959,13817300
4084,464,417,696928,8696,3294376,14099600
4085,426,454,696502,8668,3294830,13981100
4086,439,439,696063,8668,3295269,13724300
4087,436,386,695627,8718,3295655,13755700
4088,464,447,695163,8735,3296102,14032400
4089,406,396,694757,8745,3296498,13704800
4090,415,454,694342,8706,3296952,13822400
4091,417,397,693925,8726,3297349,14663600
4092,407,458,693518,8675,3297807,13915500
4093,432,407,693086,8700,3298214,13859800
4094,426,430,692660,8696,3298644,13662800
4095,425,423,692235,8698,3299067,13894400
4096,432,438,691803,8692,3299505,14113800
4097,401,463,691402,8630,3299968,13767300
4098,427,454,690975,8603,3300422,13675500
4099,451,469,690524,8585,3300891,13925100
4100,415,428,690109,8572,3301319,13534100
4101,437,413,689672,8596,3301732,13745200
4102,394,438,689278,8552,3302170,13680600
4103,392,416,688886,8528,3302586,13937600
4104,417,400,688469,8545,3302986,14148300
4105,415,423,688054,8537,3303409,13995600
4106,412,447,687642,8502,3303856,14238700
4107,423,401,687219,8524,3304257,13926600
4108,401,444,686818,8481,3304701,13815300
4109,402,432,686416,8451,3305133,13961300
4110,429,434,685987,8446,3305567,14331400
4111,388,395,685599,8439,3305962,13842200
4112,405,399,685194,8445,3306361,13775400
4113,383,382,684811,8446,3306743,13751900
4114,425,388,684386,8483,3307131,13754700
4115,425,441,683961,8467,3307572,13773100
4116,377,457,683584,8387,3308029,14186500
4117,407,391,683177,8403,3308420,13505900
4118,393,448,682784,8348,3308868,14381600
4119,384,426,682400,8306,3309294,13610900
4120,400,422,682000,8284,3309716,14273100
4121,371,425,681629,8230,3310141,13655900
4122,373,406,681256,8197,3310547,13817800
4123,403,416,680853,8184,3310963,13871100
4124,389,383,680464,8190,3311346,13886000
4125,384,409,680080,8165,3311755,13790500
4126,372,394,679708,8143,3312149,13618700
4127,401,435,679307,8109,3312584,14220900
4128,374,385,678933,8098,3312969,14122100
4129,372,427,678561,8043,3313396,14187900
4130,351,411,678210,7983,3313807,14092900
4131,367,408,677843,7942,3314215,13670400
4132,399,386,677444,7955,3314601,13399800
4133,396,414,677048,7937,3315015,14128600
4134,409,406,676639,7940,3315421,14267000
4135,375,402,676264,7913,3315823,13540600
4136,415,377,675849,7951,3316200,13536300
4137,398,416,675451,7933,3316616,13466300
4138,402,398,675049,7937,3317014,13825800
4139,423,415,674626,7945,3317429,13825400
4140,414,422,674212,7937,3317851,13715900
4141,410,424,673802,7923,3318275,13680300
4142,396,378,673406,7941,3318653,13442400
4143,401,380,673005,7962,3319033,13996100
4144,382,397,672623,7947,3319430,13644900
4145,387,394,672236,7940,3319824,13459500
4146,403,404,671833,7939,3320228,13461600
4147,384,403,671449,7920,3320631,13341100
4148,374,380,671075,7914,3321011,13494600
4149,387,355,670688,7946,3321366,14192500
4150,379,412,670309,7913,3321778,14543200
4151,403,383,669906,7933,3322161,14010100
4152,384,399,669522,7918,3322560,13752900
4153,404,403,669118,7919,3322963,13796200
4154,409,402,668709,7926,3323365,13845900
4155,396,403,668313,7919,3323768,14171300
4156,379,367,667934,7931,3324135,14732000
4157,445,405,667489,7971,3324540,14786400
4158,363,381,667126,7953,3324921,13866000
4159,402,420,666724,7935,3325341,13757900
4160,408,402,666316,7941,3325743,13853200
4161,379,400,665937,7920,3326143,14073500
4162,401,408,665536,7913,3326551,13990200
4163,425,409,665111,7929,3326960,14252100
4164,369,411,664742,7887,3327371,14595400
4165,408,373,664334,7922,3327744,14274800
4166,389,387,663945,7924,3328131,14480200
4167,390,370,663555,7944,3328501,14376300
4168,377,405,663178,7916,3328906,13722400
4169,402,355,662776,7963,3329261,13978000
4170,402,410,662374,7955,3329671,13735300
4171,412,398,661962,7969,3330069,13806300
4172,415,381,661547,8003,3330450,13921200
4173,392,401,661155,7994,3330851,13754400
4174,408,379,660747,8023,3331230,13945100
4175,434,372,660313,8085,3331602,13655600
4176,403,408,659910,8080,3332010,13979800
4177,392,401,659518,8071,3332411,14182400
4178,381,393,659137,8059,3332804,14493200
4179,417,398,658720,8078,3333202,13907900
4180,385,405,658335,8058,3333607,13443200
4181,381,396,657954,8043,3334003,14992800
4182,453,422,657501,8074,3334425,15178800
4183,369,400,657132,8043,3334825,13824900
4184,422,384,656710,8081,3335209,13518200
4185,390,377,656320,8094,3335586,13520800
4186,377,417,655943,8054,3336003,13590800
4187,397,388,655546,8063,3336391,13508200
4188,386,370,655160,8079,3336761,14068800
4189,387,369,654773,8097,3337130,13504400
4190,400,387,654373,8110,3337517,14182600
4191,416,423,653957,8103,3337940,13876600
4192,406,417,653551,8092,3338357,14546500
4193,401,375,653150,8118,3338732,14055100
4194,391,403,652759,8106,3339135,13850100
4195,437,396,652322,8147,3339531,13783600
4196,406,412,651916,8141,3339943,13910500
4197,425,430,651491,8136,3340373,13965800
4198,407,382,651084,8161,3340755,13935800
4199,369,421,650715,8109,3341176,13835500
4200,419,395,650296,8133,3341571,13959000
4201,385,359,649911,8159,3341930,13607400
4202,384,376,649527,8167,3342306,14105400
4203,400,398,649127,8169,3342704,13971800
4204,421,438,648706,8152,3343142,13541700
4205,415,436,648291,8131,3343578,14043600
4206,426,375,647865,8182,3343953,14315800
4207,418,389,647447,8211,3344342,13891300
4208,397,424,647050,8184,3344766,13553300
4209,438,397,646612,8225,3345163,14022000
4210,424,424,646188,8225,3345587,13754800
4211,419,429,645769,8215,3346016,13610100
4212,386,439,645383,8162,3346455,13714600
4213,388,394,644995,8156,3346849,13946500
4214,395,397,644600,8154,3347246,13836500
4215,416,418,644184,8152,3347664,14326300
4216,369,404,643815,8117,3348068,14046400
4217,392,412,643423,8097,3348480,14039700
4218,392,384,643031,8105,3348864,13921300
4219,368,391,642663,8082,3349255,14752300
4220,359,413,642304,8028,3349668,16323500
4221,374,382,641930,8020,3350050,13801400
4222,417,418,641513,8019,3350468,14061200
4223,390,380,641123,8029,3350848,13970800
4224,392,400,640731,8021,3351248,14073900
4225,401,391,640330,8031,3351639,13985100
4226,368,385,639962,8014,3352024,14084000
4227,405,378,639557,8041,3352402,13923100
4228,375,413,639182,8003,3352815,13547400
4229,417,367,638765,8053,3353182,13496600
4230,406,413,638359,8046,3353595,13395800
4231,401,370,637958,8077,3353965,13402000
4232,381,405,637577,8053,3354370,13835100
4233,356,370,637221,8039,3354740,13826800
4234,378,405,636843,8012,3355145,13601600
4235,373,403,636470,7982,3355548,13926000
4236,410,370,636060,8022,3355918,13864800
4237,406,381,635654,8047,3356299,13536600
4238,425,413,635229,8059,3356712,13444400
4239,381,374,634848,8066,3357086,13456300
4240,408,395,634440,8079,3357481,14065800
4241,402,379,634038,8102,3357860,13874800
4242,381,411,633657,8072,3358271,14572200
4243,409,386,633248,8095,3358657,13815000
4244,371,401,632877,8065,3359058,13681100
4245,423,388,632454,8100,3359446,14712100
4246,381,397,632073,8084,3359843,14194900
4247,365,421,631708,8028,3360264,14235300
4248,386,426,631322,7988,3360690,13641500
4249,390,399,630932,7979,3361089,13651100
4250,353,420,630579,7912,3361509,13677700
4251,358,408,630221,7862,3361917,14299100
4252,378,383,629843,7857,3362300,14831100
4253,396,390,629447,7863,3362690,14283400
4254,401,423,629046,7841,3363113,14066500
4255,391,406,628655,7826,3363519,14347800
4256,368,373,628287,7821,3363892,13555600
4257,372,383,627915,7810,3364275,13557500
4258,351,417,627564,7744,3364692,13453000
4259,336,366,627228,7714,3365058,13478200
4260,377,379,626851,7712,3365437,13415300
4261,354,376,626497,7690,3365813,13899800
4262,365,357,626132,7698,3366170,13688900
4263,339,401,625793,7636,3366571,14292700
4264,351,370,625442,7617,3366941,14001900
4265,362,358,625080,7621,3367299,14804500
4266,361,373,624719,7609,3367672,14275500
4267,385,375,624334,7619,3368047,13799900
4268,326,406,624008,7539,3368453,13706200
4269,361,367,623647,7533,3368820,13939400
4270,400,373,623247,7560,3369193,13462100
4271,359,353,622888,7566,3369546,13423700
4272,377,360,622511,7583,3369906,13463900
4273,367,394,622144,7556,3370300,13983700
4274,371,374,621773,7553,3370674,13525200
4275,378,410,621395,7521,3371084,13414400
4276,348,376,621047,7493,3371460,13934500
4277,378,397,620669,7474,3371857,13512500
4278,350,357,620319,7467,3372214,13454700
4279,375,413,619944,7429,3372627,13398300
4280,334,359,619610,7404,3372986,14324300
4281,355,370,619255,7389,3373356,14244600
4282,354,383,618901,7360,3373739,13853300
4283,338,404,618563,7294,3374143,13721900
4284,335,350,618228,7279,3374493,13649900
4285,356,336,617872,7299,3374829,13764500
4286,345,350,617527,7294,3375179,14337500
4287,362,378,617165,7278,3375557,13528200
4288,356,370,616809,7264,3375927,13482700
4289,384,351,616425,7297,3376278,13408900
4290,338,337,616087,7298,3376615,13835900
4291,360,397,615727,7261,3377012,13561400
4292,360,390,615367,7231,3377402,13292900
4293,338,379,615029,7190,3377781,13919200
4294,357,363,614672,7184,3378144,14582900
4295,334,374,614338,7144,3378518,14652500
4296,329,383,614009,7090,3378901,13966300
4297,335,347,613674,7078,3379248,13729700
4298,330,359,613344,7049,3379607,14245500
4299,317,347,613027,7019,3379954,13744400
4300,373,352,612654,7040,3380306,13673400
4301,395,332,612259,7103,3380638,13803000
4302,341,320,611918,7124,3380958,13706600
4303,358,358,611560,7124,3381316,13664500
4304,345,350,611215,7119,3381666,14152700
4305,375,372,610840,7122,3382038,14432400
4306,364,366,610476,7120,3382404,13661800
4307,347,339,610129,7128,3382743,14392400
4308,366,311,609763,7183,3383054,13695000
4309,373,360,609390,7196,3383414,13398500
4310,339,316,609051,7219,3383730,13505700
4311,343,337,608708,7225,3384067,13703300
4312,362,350,608346,7237,3384417,13381200
4313,382,355,607964,7264,3384772,13479600
4314,380,369,607584,7275,3385141,13848900
4315,360,370,607224,7265,3385511,14035100
4316,361,357,606863,7269,3385868,13857100
4317,386,364,606477,7291,3386232,14283000
4318,353,368,606124,7276,3386600,13382200
4319,364,361,605760,7279,3386961,13442500
4320,389,380,605371,7288,3387341,13988800
4321,364,354,605007,7298,3387695,13383200
4322,385,322,604622,7361,3388017,13455000
4323,339,370,604283,7330,3388387,13427400
4324,387,368,603896,7349,3388755,13362000
4325,362,391,603534,7320,3389146,13484300
4326,360,367,603174,7313,3389513,13941600
4327,345,364,602829,7294,3389877,14374400
4328,358,366,602471,7286,3390243,13823600
4329,366,382,602105,7270,3390625,13818800
4330,374,353,601731,7291,3390978,14306600
4331,341,348,601390,7284,3391326,14361800
4332,355,363,601035,7276,3391689,13647000
4333,401,364,600634,7313,3392053,13658300
4334,363,356,600271,7320,3392409,13694700
4335,367,367,599904,7320,3392776,13756100
4336,374,333,599530,7361,3393109,13530200
4337,351,359,599179,7353,3393468,14373400
4338,360,375,598819,7338,3393843,14632000
4339,362,386,598457,7314,3394229,13825400
4340,353,379,598104,7288,3394608,13616000
4341,393,322,597711,7359,3394930,13633200
4342,379,377,597332,7361,3395307,13425400
4343,356,385,596976,7332,3395692,14428400
4344,343,393,596633,7282,3396085,13718800
4345,362,353,596271,7291,3396438,13469300
4346,353,347,595918,7297,3396785,14110600
4347,396,349,595522,7344,3397134,13732300
4348,354,377,595168,7321,3397511,13623300
4349,371,339,594797,7353,3397850,14291100
4350,395,337,594402,7411,3398187,13800500
4351,384,391,594018,7404,3398578,14191900
4352,380,374,593638,7410,3398952,13606000
4353,358,359,593280,7409,3399311,14146000
4354,378,383,592902,7404,3399694,14226000
4355,393,379,592509,7418,3400073,14138900
4356,380,370,592129,7428,3400443,13290900
4357,372,366,591757,7434,3400809,13736700
4358,350,367,591407,7417,3401176,13621100
4359,395,359,591012,7453,3401535,13730700
4360,376,384,590636,7445,3401919,13966300
4361,351,409,590285,7387,3402328,13547400
4362,379,354,589906,7412,3402682,13371300
4363,375,370,589531,7417,3403052,14159600
4364,364,377,589167,7404,3403429,13434600
4365,353,379,588814,7378,3403808,13397500
4366,377,346,588437,7409,3404154,13596500
4367,370,386,588067,7393,3404540,13889700
4368,371,371,587696,7393,3404911,13973300
4369,390,379,587306,7404,3405290,14035500
4370,382,372,586924,7414,3405662,13886200
4371,344,365,586580,7393,3406027,13541500
4372,351,375,586229,7369,3406402,14137700
4373,395,400,585834,7364,3406802,13538100
4374,364,389,585470,7339,3407191,13449900
4375,385,370,585085,7354,3407561,13572700
4376,394,350,584691,7398,3407911,14476800
4377,373,371,584318,7400,3408282,14363800
4378,339,363,583979,7376,3408645,13876100
4379,361,380,583618,7357,3409025,13520300
4380,361,377,583257,7341,3409402,13473200
4381,377,388,582880,7330,3409790,13621600
4382,372,383,582508,7319,3410173,13422400
4383,346,313,582162,7352,3410486,14173800
4384,377,400,581785,7329,3410886,14038000
4385,378,363,581407,7344,3411249,14527900
4386,379,366,581028,7357,3411615,14573600
4387,370,411,580658,7316,3412026,14244100
4388,335,330,580323,7321,3412356,14254400
4389,399,332,579924,7388,3412688,13858800
4390,384,392,579540,7380,3413080,13344200
4391,376,360,579164,7396,3413440,13368200
4392,386,370,578778,7412,3413810,13643200
4393,365,374,578413,7403,3414184,13541600
4394,377,351,578036,7429,3414535,13435900
4395,370,374,577666,7425,3414909,13406700
4396,379,369,577287,7435,3415278,13720100
4397,341,348,576946,7428,3415626,13994600
4398,358,366,576588,7420,3415992,13653300
4399,377,361,576211,7436,3416353,14702700
4400,372,352,575839,7456,3416705,13901800
4401,384,363,575455,7477,3417068,13647000
4402,368,377,575087,7468,3417445,13763100
4403,389,385,574698,7472,3417830,13587500
4404,377,367,574321,7482,3418197,13769700
4405,392,398,573929,7476,3418595,13797200
4406,404,386,573525,7494,3418981,14112800
4407,380,355,573145,7519,3419336,13666700
4408,376,384,572769,7511,3419720,14551100
4409,366,385,572403,7492,3420105,13406200
4410,384,376,572019,7500,3420481,13458600
4411,358,364,571661,7494,3420845,13404900
4412,350,372,571311,7472,3421217,13540100
4413,360,381,570951,7451,3421598,15249600
4414,369,369,570582,7451,3421967,14154400
4415,352,366,570230,7437,3422333,13969200
4416,348,366,569882,7419,3422699,14345900
4417,347,365,569535,7401,3423064,13981900
4418,377,364,569158,7414,3423428,13933100
4419,351,389,568807,7376,3423817,13544200
4420,323,353,568484,7346,3424170,13717400
4421,315,377,568169,7284,3424547,14227900
4422,327,325,567842,7286,3424872,13655300
4423,352,391,567490,7247,3425263,13705400
4424,338,375,567152,7210,3425638,13680700
4425,315,344,566837,7181,3425982,13559300
4426,333,357,566504,7157,3426339,14163800
4427,333,361,566171,7129,3426700,13372600
4428,364,359,565807,7134,3427059,13326100
4429,364,346,565443,7152,3427405,13547600
4430,343,360,565100,7135,3427765,13447300
4431,342,381,564758,7096,3428146,13437000
4432,329,361,564429,7064,3428507,13297200
4433,366,327,564063,7103,3428834,14055600
4434,347,358,563716,7092,3429192,13361000
4435,339,346,563377,7085,3429538,13305200
4436,368,368,563009,7085,3429906,13371400
4437,341,374,562668,7052,3430280,13676100
4438,341,370,562327,7023,3430650,13728100
4439,350,359,561977,7014,3431009,13908800
4440,350,331,561627,7033,3431340,14068600
4441,349,339,561278,7043,3431679,13470000
4442,361,358,560917,7046,3432037,13351900
4443,346,362,560571,7030,3432399,13307700
4444,402,368,560169,7064,3432767,13322900
4445,355,368,559814,7051,3433135,13383300
4446,382,342,559432,7091,3433477,13413700
4447,352,336,559080,7107,3433813,13389900
4448,355,346,558725,7116,3434159,14122900
4449,307,361,558418,7062,3434520,13436700
4450,344,353,558074,7053,3434873,14952400
4451,345,352,557729,7046,3435225,13651300
4452,342,334,557387,7054,3435559,13426800
4453,338,377,557049,7015,3435936,13889400
4454,369,341,556680,7043,3436277,13857100
4455,358,318,556322,7083,3436595,14089100
4456,365,315,555957,7133,3436910,13376100
4457,326,350,555631,7109,3437260,14308900
4458,345,339,555286,7115,3437599,13854500
4459,322,349,554964,7088,3437948,13622300
4460,305,367,554659,7026,3438315,13701200
4461,325,387,554334,6964,3438702,13772500
4462,362,352,553972,6974,3439054,13734000
4463,330,359,553642,6945,3439413,13527600
4464,348,330,553294,6963,3439743,13791600
4465,350,358,552944,6955,3440101,13846800
4466,310,369,552634,6896,3440470,14043900
4467,333,370,552301,6859,3440840,13480800
4468,335,320,551966,6874,3441160,13411200
4469,346,339,551620,6881,3441499,13659800
4470,325,342,551295,6864,3441841,14109700
4471,327,350,550968,6841,3442191,13650300
4472,343,336,550625,6848,3442527,13973100
4473,354,357,550271,6845,3442884,14242400
4474,357,366,549914,6836,3443250,13926500
4475,331,357,549583,6810,3443607,14285800
4476,332,354,549251,6788,3443961,13595100
4477,340,337,548911,6791,3444298,13547800
4478,356,361,548555,6786,3444659,13405000
4479,358,322,548197,6822,3444981,13266200
4480,349,340,547848,6831,3445321,14115900
4481,346,332,547502,6845,3445653,13326000
4482,327,322,547175,6850,3445975,13270800
4483,316,348,546859,6818,3446323,14220000
4484,331,350,546528,6799,3446673,14120300
4485,300,320,546228,6779,3446993,13687000
4486,351,368,545877,6762,3447361,13716800
4487,348,354,545529,6756,3447715,13797300
4488,365,338,545164,6783,3448053,13971300
4489,333,303,544831,6813,3448356,14114600
4490,354,336,544477,6831,3448692,14591900
4491,342,313,544135,6860,3449005,13530400
4492,383,337,543752,6906,3449342,13304900
4493,344,330,543408,6920,3449672,13322400
4494,314,343,543094,6891,3450015,13434500
4495,362,364,542732,6889,3450379,13892300
4496,322,394,542410,6817,3450773,13394400
4497,352,329,542058,6840,3451102,13415100
4498,300,362,541758,6778,3451464,13511200
4499,316,328,541442,6766,3451792,13807000
4500,353,338,541089,6781,3452130,13851100
4501,352,324,540737,6809,3452454,14423400
4502,328,365,540409,6772,3452819,13860900
4503,301,339,540108,6734,3453158,14089300
4504,324,342,539784,6716,3453500,13670800
4505,338,326,539446,6728,3453826,13434200
4506,324,344,539122,6708,3454170,13574100
4507,319,332,538803,6695,3454502,13525800
4508,346,324,538457,6717,3454826,13431400
4509,324,299,538133,6742,3455125,13533500
4510,316,366,537817,6692,3455491,13661700
4511,311,328,537506,6675,3455819,13694300
4512,369,325,537137,6719,3456144,14486100
4513,329,323,536808,6725,3456467,14033600
4514,306,302,536502,6729,3456769,13385100
4515,319,347,536183,6701,3457116,13370500
4516,354,343,535829,6712,3457459,13345900
4517,368,354,535461,6726,3457813,13418100
4518,347,337,535114,6736,3458150,13437000
4519,320,308,534794,6748,3458458,13477600
4520,325,317,534469,6756,3458775,13457300
4521,303,306,534166,6753,3459081,13438500
4522,317,343,533849,6727,3459424,13330900
4523,342,359,533507,6710,3459783,13732700
4524,365,355,533142,6720,3460138,13556500
4525,334,341,532808,6713,3460479,13545600
4526,333,291,532475,6755,3460770,13484700
4527,316,338,532159,6733,3461108,13433900
4528,347,358,531812,6722,3461466,13782100
4529,344,326,531468,6740,3461792,14033900
4530,340,330,531128,6750,3462122,13785900
4531,348,319,530780,6779,3462441,13489400
4532,338,370,530442,6747,3462811,13378800
4533,314,367,530128,6694,3463178,13566700
4534,298,338,529830,6654,3463516,13472800
4535,323,335,529507,6642,3463851,14315600
4536,310,327,529197,6625,3464178,13543600
4537,305,338,528892,6592,3464516,13383600
4538,298,335,528594,6555,3464851,13676000
4539,302,329,528292,6528,3465180,13698200
4540,306,347,527986,6487,3465527,13605700
4541,294,346,527692,6435,3465873,13620000
4542,332,302,527360,6465,3466175,13776200
4543,292,326,527068,6431,3466501,13933600
4544,314,318,526754,6427,3466819,13823800
4545,300,296,526454,6431,3467115,13854000
4546,325,333,526129,6423,3467448,14021900
4547,334,346,525795,6411,3467794,13392300
4548,325,355,525470,6381,3468149,13660600
4549,295,294,525175,6382,3468443,14290200
4550,354,333,524821,6403,3468776,13812300
4551,322,317,524499,6408,3469093,13556600
4552,315,320,524184,6403,3469413,13577700
4553,288,310,523896,6381,3469723,13762700
4554,290,319,523606,6352,3470042,14184100
4555,322,333,523284,6341,3470375,13816900
4556,358,300,522926,6399,3470675,13298200
4557,311,309,522615,6401,3470984,13364300
4558,336,314,522279,6423,3471298,13496700
4559,332,327,521947,6428,3471625,13514600
4560,312,328,521635,6412,3471953,13365300
4561,313,333,521322,6392,3472286,13591300
4562,316,340,521006,6368,3472626,13331500
4563,325,324,520681,6369,3472950,14166800
4564,339,310,520342,6398,3473260,14211400
4565,328,324,520014,6402,3473584,13278600
4566,287,298,519727,6391,3473882,13291400
4567,349,328,519378,6412,3474210,13310100
4568,331,324,519047,6419,3474534,13395900
4569,306,311,518741,6414,3474845,13466300
4570,306,305,518435,6415,3475150,13201400
4571,332,324,518103,6423,3475474,13250700
4572,359,363,517744,6419,3475837,14509500
4573,328,317,517416,6430,3476154,14624800
4574,339,323,517077,6446,3476477,13400100
4575,297,334,516780,6409,3476811,13297900
4576,339,296,516441,6452,3477107,13415500
4577,295,304,516146,6443,3477411,13478300
4578,306,314,515840,6435,3477725,13263100
4579,304,341,515536,6398,3478066,13220500
4580,316,318,515220,6396,3478384,13607500
4581,317,321,514903,6392,3478705,13551000
4582,317,326,514586,6383,3479031,13746700
4583,285,311,514301,6357,3479342,18107800
4584,315,322,513986,6350,3479664,14433400
4585,316,314,513670,6352,3479978,13515900
4586,357,337,513313,6372,3480315,13694300
4587,310,335,513003,6347,3480650,14119400
4588,300,308,512703,6339,3480958,13688700
4589,294,339,512409,6294,3481297,13532700
4590,303,317,512106,6280,3481614,13551500
4591,291,350,511815,6221,3481964,14396300
4592,322,315,511493,6228,3482279,14188300
4593,351,320,511142,6259,3482599,14144900
4594,337,335,510805,6261,3482934,13569100
4595,312,310,510493,6263,3483244,13674200
4596,334,323,510159,6274,3483567,14894300
4597,328,345,509831,6257,3483912,13865600
4598,312,324,509519,6245,3484236,13934100
4599,318,304,509201,6259,3484540,14053600
4600,328,351,508873,6236,3484891,13318100
4601,326,319,508547,6243,3485210,13367500
4602,300,299,508247,6244,3485509,13296000
4603,340,313,507907,6271,3485822,13290600
4604,317,309,507590,6279,3486131,13715900
4605,319,342,507271,6256,3486473,13479200
4606,330,310,506941,6276,3486783,13693100
4607,331,294,506610,6313,3487077,13894200
4608,323,289,506287,6347,3487366,13401700
4609,314,315,505973,6346,3487681,13407700
4610,334,310,505639,6370,3487991,13302200
4611,339,339,505300,6370,3488330,13392600
4612,317,340,504983,6347,3488670,13345400
4613,315,324,504668,6338,3488994,13361800
4614,306,293,504362,6351,3489287,14016100
4615,334,318,504028,6367,3489605,13774700
4616,302,333,503726,6336,3489938,13923400
4617,321,285,503405,6372,3490223,13495600
4618,312,332,503093,6352,3490555,13364600
4619,343,309,502750,6386,3490864,13951500
4620,349,307,502401,6428,3491171,13830100
4621,327,288,502074,6467,3491459,14620300
4622,333,287,501741,6513,3491746,13840500
4623,341,337,501400,6517,3492083,13947600
4624,321,320,501079,6518,3492403,13565800
4625,320,335,500759,6503,3492738,13618300
4626,330,307,500429,6526,3493045,14333600
4627,328,296,500101,6558,3493341,13828600
4628,329,307,499772,6580,3493648,13627900
4629,314,332,499458,6562,3493980,13593800
4630,362,316,499096,6608,3494296,13809000
4631,360,316,498736,6652,3494612,13596400
4632,315,281,498421,6686,3494893,13371700
4633,334,340,498087,6680,3495233,13250200
4634,330,352,497757,6658,3495585,13264500
4635,294,346,497463,6606,3495931,13271700
4636,306,314,497157,6598,3496245,13351700
4637,331,328,496826,6601,3496573,14420200
4638,314,295,496512,6620,3496868,13638700
4639,313,320,496199,6613,3497188,13712300
4640,296,366,495903,6543,3497554,13786600
4641,338,326,495565,6555,3497880,13514400
4642,320,331,495245,6544,3498211,13801700
4643,299,317,494946,6526,3498528,13495300
4644,326,323,494620,6529,3498851,13671800
4645,334,308,494286,6555,3499159,13648800
4646,309,318,493977,6546,3499477,13699100
4647,320,340,493657,6526,3499817,13653800
4648,315,356,493342,6485,3500173,13627200
4649,311,314,493031,6482,3500487,13511300
4650,293,326,492738,6449,3500813,13671000
4651,295,293,492443,6451,3501106,13507800
4652,300,302,492143,6449,3501408,14333000
4653,285,332,491858,6402,3501740,14030100
4654,347,329,491511,6420,3502069,13428300
4655,319,303,491192,6436,3502372,13387600
4656,306,303,490886,6439,3502675,13311800
4657,305,332,490581,6412,3503007,13221600
4658,313,348,490268,6377,3503355,13868600
4659,323,354,489945,6346,3503709,14846700
4660,310,309,489635,6347,3504018,13531100
4661,307,358,489328,6296,3504376,14188500
4662,301,320,489027,6277,3504696,14167200
4663,328,298,488699,6307,3504994,13318100
4664,301,295,488398,6313,3505289,13407200
4665,297,333,488101,6277,3505622,13271200
4666,292,321,487809,6248,3505943,14944800
4667,301,338,487508,6211,3506281,13745200
4668,309,329,487199,6191,3506610,13328600
4669,289,303,486910,6177,3506913,13361200
4670,309,312,486601,6174,3507225,13463900
4671,313,317,486288,6170,3507542,14142800
4672,270,269,486018,6171,3507811,13717800
4673,304,322,485714,6153,3508133,14027600
4674,312,301,485402,6164,3508434,14103900
4675,260,294,485142,6130,3508728,14018700
4676,261,309,484881,6082,3509037,13729300
4677,304,308,484577,6078,3509345,13741200
4678,277,320,484300,6035,3509665,13888400
4679,296,341,484004,5990,3510006,13948300
4680,313,275,483691,6028,3510281,14192300
4681,280,304,483411,6004,3510585,14452900
4682,287,295,483124,5996,3510880,13989000
4683,324,290,482800,6030,3511170,13920400
4684,310,309,482490,6031,3511479,13825100
4685,299,308,482191,6022,3511787,13659600
4686,321,298,481870,6045,3512085,13495800
4687,308,322,481562,6031,3512407,13360800
4688,332,297,481230,6066,3512704,13365000
4689,318,304,480912,6080,3513008,13759300
4690,302,300,480610,6082,3513308,13302300
4691,325,333,480285,6074,3513641,13763000
4692,323,309,479962,6088,3513950,13610200
4693,335,314,479627,6109,3514264,14272200
4694,304,297,479323,6116,3514561,13287400
4695,296,293,479027,6119,3514854,14119900
4696,288,326,478739,6081,3515180,13840000
4697,321,303,478418,6099,3515483,13939700
4698,285,303,478133,6081,3515786,14040200
4699,331,307,477802,6105,3516093,13965300
4700,298,282,477504,6121,3516375,13641500
4701,315,313,477189,6123,3516688,13627100
4702,306,309,476883,6120,3516997,13501600
4703,310,304,476573,6126,3517301,13962100
4704,318,297,476255,6147,3517598,13231300
4705,289,312,475966,6124,3517910,13657800
4706,310,302,475656,6132,3518212,13533000
4707,310,296,475346,6146,3518508,14032000
4708,334,306,475012,6174,3518814,13429200
4709,292,309,474720,6157,3519123,13198500
4710,327,303,474393,6181,3519426,14250200
4711,309,294,474084,6196,3519720,13322100
4712,319,289,473765,6226,3520009,13914300
4713,329,321,473436,6234,3520330,13670200
4714,303,281,473133,6256,3520611,13317600
4715,319,325,472814,6250,3520936,13713000
4716,313,323,472501,6240,3521259,13307600
4717,308,347,472193,6201,3521606,13290300
4718,343,309,471850,6235,3521915,13555200
4719,336,309,471514,6262,3522224,13415400
4720,339,317,471175,6284,3522541,13910300
4721,322,314,470853,6292,3522855,13764800
4722,307,341,470546,6258,3523196,13585800
4723,287,338,470259,6207,3523534,13468400
4724,319,326,469940,6200,3523860,13246200
4725,310,312,469630,6198,3524172,13271400
4726,291,300,469339,6189,3524472,13689500
4727,327,347,469012,6169,3524819,14748400
4728,291,316,468721,6144,3525135,13823400
4729,325,320,468396,6149,3525455,13471100
4730,337,311,468059,6175,3525766,13832600
4731,330,288,467729,6217,3526054,14514600
4732,323,347,467406,6193,3526401,14059500
4733,318,304,467088,6207,3526705,13709400
4734,295,311,466793,6191,3527016,13781200
4735,299,293,466494,6197,3527309,14056600
4736,298,302,466196,6193,3527611,13937000
4737,272,299,465924,6166,3527910,13453400
4738,293,313,465631,6146,3528223,13931200
4739,279,276,465352,6149,3528499,13860500
4740,289,279,465063,6159,3528778,13593600
4741,293,311,464770,6141,3529089,13290600
4742,288,297,464482,6132,3529386,13582500
4743,287,288,464195,6131,3529674,13726000
4744,304,317,463891,6118,3529991,13395600
4745,276,311,463615,6083,3530302,13549200
4746,268,322,463347,6029,3530624,13336300
4747,308,285,463039,6052,3530909,13354000
4748,286,281,462753,6057,3531190,13678500
4749,285,299,462468,6043,3531489,14127600
4750,263,324,462205,5982,3531813,13350400
4751,300,326,461905,5956,3532139,13345800
4752,300,274,461605,5982,3532413,13308200
4753,284,271,461321,5995,3532684,13648200
4754,308,308,461013,5995,3532992,13637600
4755,280,286,460733,5989,3533278,13617300
4756,309,297,460424,6001,3533575,13667500
4757,290,304,460134,5987,3533879,13861500
4758,276,273,459858,5990,3534152,13329600
4759,316,298,459542,6008,3534450,14014500
4760,311,301,459231,6018,3534751,14018300
4761,288,303,458943,6003,3535054,14129300
4762,303,277,458640,6029,3535331,13610700
4763,274,270,458366,6033,3535601,13512100
4764,302,331,458064,6004,3535932,13475100
4765,277,299,457787,5982,3536231,14103000
4766,315,300,457472,5997,3536531,13750900
4767,303,282,457169,6018,3536813,14835200
4768,303,315,456866,6006,3537128,14064600
4769,320,304,456546,6022,3537432,13713800
4770,315,295,456231,6042,3537727,13549000
4771,282,311,455949,6013,3538038,13633100
4772,278,283,455671,6008,3538321,13650600
4773,314,289,455357,6033,3538610,13256200
4774,294,277,455063,6050,3538887,13324300
4775,277,283,454786,6044,3539170,13353100
4776,300,286,454486,6058,3539456,13460600
4777,297,292,454189,6063,3539748,13895400
4778,288,292,453901,6059,3540040,14307000
4779,292,322,453609,6029,3540362,13441200
4780,297,305,453312,6021,3540667,13393000
4781,273,294,453039,6000,3540961,13327000
4782,294,308,452745,5986,3541269,13347200
4783,330,320,452415,5996,3541589,13398300
4784,288,293,452127,5991,3541882,14016100
4785,302,312,451825,5981,3542194,13387400
4786,320,265,451505,6036,3542459,14016200
4787,276,300,451229,6012,3542759,13287200
4788,312,295,450917,6029,3543054,13687100
4789,312,273,450605,6068,3543327,13694200
4790,321,304,450284,6085,3543631,13673500
4791,312,345,449972,6052,3543976,13423200
4792,295,288,449677,6059,3544264,13413600
4793,320,307,449357,6072,3544571,13338200
4794,318,296,449039,6094,3544867,13400700
4795,284,317,448755,6061,3545184,13300500
4796,334,325,448421,6070,3545509,13349400
4797,299,304,448122,6065,3545813,13400900
4798,302,291,447820,6076,3546104,13833500
4799,287,319,447533,6044,3546423,13645800
4800,316,299,447217,6061,3546722,13311200
4801,316,328,446901,6049,3547050,13338500
4802,304,294,446597,6059,3547344,13275600
4803,290,304,446307,6045,3547648,13299600
4804,303,322,446004,6026,3547970,13966300
4805,331,309,445673,6048,3548279,13873200
4806,330,339,445343,6039,3548618,13456800
4807,286,295,445057,6030,3548913,13390000
4808,300,282,444757,6048,3549195,14022100
4809,278,254,444479,6072,3549449,13420200
4810,271,327,444208,6016,3549776,13325100
4811,294,276,443914,6034,3550052,13295400
4812,287,318,443627,6003,3550370,13335500
4813,274,325,443353,5952,3550695,13432700
4814,288,313,443065,5927,3551008,13459400
4815,286,291,442779,5922,3551299,13497300
4816,252,302,442527,5872,3551601,13821500
4817,270,309,442257,5833,3551910,13812900
4818,297,276,441960,5854,3552186,13478100
4819,298,305,441662,5847,3552491,13170200
4820,276,299,441386,5824,3552790,13425000
4821,252,285,441134,5791,3553075,13306300
4822,286,315,440848,5762,3553390,14191900
4823,248,252,440600,5758,3553642,13448300
4824,288,292,440312,5754,3553934,13333200
4825,269,262,440043,5761,3554196,13303500
4826,307,277,439736,5791,3554473,13238700
4827,269,286,439467,5774,3554759,13236100
4828,274,282,439193,5766,3555041,13256800
4829,267,298,438926,5735,3555339,13327800
4830,300,271,438626,5764,3555610,13891200
4831,277,292,438349,5749,3555902,13811900
4832,272,272,438077,5749,3556174,14161500
4833,304,323,437773,5730,3556497,14095800
4834,284,255,437489,5759,3556752,13427200
4835,229,295,437260,5693,3557047,13369900
4836,268,265,436992,5696,3557312,13305800
4837,262,278,436730,5680,3557590,13223000
4838,314,278,436416,5716,3557868,13419000
4839,280,270,436136,5726,3558138,13332900
4840,293,309,435843,5710,3558447,13477300
4841,260,298,435583,5672,3558745,13437200
4842,280,286,435303,5666,3559031,13957200
4843,289,238,435014,5717,3559269,13188200
4844,281,295,434733,5703,3559564,13266600
4845,267,325,434466,5645,3559889,14168800
4846,276,279,434190,5642,3560168,13229200
4847,266,281,433924,5627,3560449,13279400
4848,271,287,433653,5611,3560736,13428100
4849,289,296,433364,5604,3561032,13471000
4850,287,280,433077,5611,3561312,13452100
4851,264,267,432813,5608,3561579,13443500
4852,241,285,432572,5564,3561864,13709800
4853,264,283,432308,5545,3562147,15110600
4854,273,287,432035,5531,3562434,13641400
4855,239,300,431796,5470,3562734,13537900
4856,249,254,431547,5465,3562988,13446500
4857,276,250,431271,5491,3563238,13506000
4858,275,308,430996,5458,3563546,13888600
4859,258,307,430738,5409,3563853,13524400
4860,250,271,430488,5388,3564124,13527600
4861,265,285,430223,5368,3564409,14281900
4862,246,256,429977,5358,3564665,13597300
4863,258,274,429719,5342,3564939,13636800
4864,243,260,429476,5325,3565199,13302500
4865,262,260,429214,5327,3565459,13415400
4866,249,283,428965,5293,3565742,13227300
4867,278,270,428687,5301,3566012,13559200
4868,267,257,428420,5311,3566269,13598600
4869,257,266,428163,5302,3566535,13752800
4870,276,252,427887,5326,3566787,13577000
4871,257,245,427630,5338,3567032,14135300
4872,259,265,427371,5332,3567297,13654400
4873,268,261,427103,5339,3567558,13356300
4874,282,246,426821,5375,3567804,13144100
4875,257,302,426564,5330,3568106,13153600
4876,240,290,426324,5280,3568396,13150300
4877,256,255,426068,5281,3568651,13754900
4878,270,259,425798,5292,3568910,13716700
4879,261,247,425537,5306,3569157,13933900
4880,254,278,425283,5282,3569435,13989700
4881,238,257,425045,5263,3569692,14254900
4882,250,211,424795,5302,3569903,13665100
4883,241,264,424554,5279,3570167,13188400
4884,244,266,424310,5257,3570433,13307600
4885,272,252,424038,5277,3570685,13965500
4886,251,264,423787,5264,3570949,13660200
4887,275,228,423512,5311,3571177,13224700
4888,274,248,423238,5337,3571425,13290000
4889,261,259,422977,5339,3571684,14109000
4890,281,286,422696,5334,3571970,14335800
4891,244,254,422452,5324,3572224,13642200
4892,287,299,422165,5312,3572523,13793700
4893,255,258,421910,5309,3572781,13372700
4894,258,263,421652,5304,3573044,13787300
4895,278,267,421374,5315,3573311,13638200
4896,239,260,421135,5294,3573571,14007600
4897,249,260,420886,5283,3573831,14333800
4898,294,230,420592,5347,3574061,14785900
4899,246,246,420346,5347,3574307,13511200
4900,254,283,420092,5318,3574590,13603300
4901,267,252,419825,5333,3574842,13468500
4902,244,245,419581,5332,3575087,13674500
4903,274,240,419307,5366,3575327,13256900
4904,264,264,419043,5366,3575591,13167500
4905,223,287,418820,5302,3575878,13093600
4906,251,267,418569,5286,3576145,13229100
4907,257,262,418312,5281,3576407,13515700
4908,255,262,418057,5274,3576669,13492300
4909,270,275,417787,5269,3576944,13322400
4910,281,272,417506,5278,3577216,13235600
4911,253,282,417253,5249,3577498,13285500
4912,257,254,416996,5252,3577752,13127400
4913,260,295,416736,5217,3578047,13316200
4914,235,287,416501,5165,3578334,14007100
4915,257,259,416244,5163,3578593,13540500
4916,275,246,415969,5192,3578839,13384500
4917,269,244,415700,5217,3579083,13631000
4918,279,257,415421,5239,3579340,13803100
4919,272,284,415149,5227,3579624,13245700
4920,274,245,414875,5256,3579869,13245300
4921,260,269,414615,5247,3580138,13199400
4922,305,250,414310,5302,3580388,13202700
4923,289,279,414021,5312,3580667,13310900
4924,249,236,413772,5325,3580903,13230600
4925,263,263,413509,5325,3581166,13370900
4926,288,243,413221,5370,3581409,13222600
4927,262,285,412959,5347,3581694,14751900
4928,279,264,412680,5362,3581958,13726200
4929,297,297,412383,5362,3582255,13668000
4930,276,242,412107,5396,3582497,13415000
4931,260,272,411847,5384,3582769,13456100
4932,236,287,411611,5333,3583056,13644000
4933,263,242,411348,5354,3583298,13557200
4934,255,275,411093,5334,3583573,13752300
4935,256,271,410837,5319,3583844,13572900
4936,250,264,410587,5305,3584108,13615400
4937,239,274,410348,5270,3584382,14212700
4938,274,250,410074,5294,3584632,14070300
4939,268,263,409806,5299,3584895,13863300
4940,252,257,409554,5294,3585152,14037100
4941,264,250,409290,5308,3585402,14673000
4942,280,284,409010,5304,3585686,14037100
4943,269,270,408741,5303,3585956,13771900
4944,279,301,408462,5281,3586257,13941100
4945,285,247,408177,5319,3586504,13856400
4946,264,270,407913,5313,3586774,14048300
4947,252,251,407661,5314,3587025,14377000
4948,267,257,407394,5324,3587282,16765400
4949,262,270,407132,5316,3587552,17081100
4950,263,262,406869,5317,3587814,14007300
4951,254,255,406615,5316,3588069,13328700
4952,266,270,406349,5312,3588339,13937800
4953,276,245,406073,5343,3588584,14126700
4954,264,278,405809,5329,3588862,13740300
4955,238,246,405571,5321,3589108,13800600
4956,244,265,405327,5300,3589373,13255600
4957,244,257,405083,5287,3589630,13261500
4958,244,260,404839,5271,3589890,13182300
4959,250,282,404589,5239,3590172,13866000
4960,243,283,404346,5199,3590455,13197900
4961,242,231,404104,5210,3590686,13998900
4962,245,258,403859,5197,3590944,13959900
4963,231,277,403628,5151,3591221,13730600
4964,259,264,403369,5146,3591485,13316300
4965,251,260,403118,5137,3591745,13482700
4966,231,254,402887,5114,3591999,13540700
4967,272,272,402615,5114,3592271,13776400
4968,240,239,402375,5115,3592510,13492500
4969,258,227,402117,5146,3592737,13547100
4970,261,258,401856,5149,3592995,13466600
4971,250,250,401606,5149,3593245,13737400
4972,273,268,401333,5154,3593513,13326500
4973,275,261,401058,5168,3593774,13162800
4974,242,276,400816,5134,3594050,13129700
4975,258,248,400558,5144,3594298,13172800
4976,269,236,400289,5177,3594534,13427600
4977,207,246,400082,5138,3594780,13260600
4978,252,307,399830,5083,3595087,13239400
4979,244,240,399586,5087,3595327,13152900
4980,247,229,399339,5105,3595556,13171200
4981,259,277,399080,5087,3595833,13340900
4982,243,249,398837,5081,3596082,13560000
4983,273,240,398564,5114,3596322,13142800
4984,274,276,398290,5112,3596598,13234600
4985,273,260,398017,5125,3596858,13204700
4986,250,274,397767,5101,3597132,13124400
4987,248,225,397519,5124,3597357,13813200
4988,247,249,397272,5122,3597606,14235900
4989,244,222,397028,5144,3597828,13297200
4990,252,218,396776,5178,3598046,13506400
4991,279,253,396497,5204,3598299,13264000
4992,240,265,396257,5179,3598564,14690300
4993,250,240,396007,5189,3598804,13633800
4994,253,278,395754,5164,3599082,13241500
4995,236,237,395518,5163,3599319,13134200
4996,257,247,395261,5173,3599566,13256200
4997,255,241,395006,5187,3599807,13164300
4998,226,261,394780,5152,3600068,13279400
4999,273,271,394507,5154,3600339,13928700
5000,228,266,394279,5116,3600605,13256000
5001,265,246,394014,5135,3600851,13782000
5002,258,285,393756,5108,3601136,13254200
5003,244,259,393512,5093,3601395,13314700
5004,256,229,393256,5120,3601624,13446000
5005,248,258,393008,5110,3601882,13446400
5006,250,260,392758,5100,3602142,13229600
5007,254,276,392504,5078,3602418,13119900
5008,248,237,392256,5089,3602655,13219800
5009,268,274,391988,5083,3602929,13176000
5010,260,269,391728,5074,3603198,13808700
5011,241,264,391487,5051,3603462,13225200
5012,275,246,391212,5080,3603708,13957100
5013,274,274,390938,5080,3603982,14203300
5014,261,262,390677,5079,3604244,13097500
5015,245,258,390432,5066,3604502,13742000
5016,305,262,390127,5109,3604764,13294800
5017,263,261,389864,5111,3605025,13180600
5018,244,237,389620,5118,3605262,13514900
5019,271,262,389349,5127,3605524,13245600
5020,265,242,389084,5150,3605766,13246500
5021,248,247,388836,5151,3606013,13131400
5022,273,241,388563,5183,3606254,13395400
5023,232,269,388331,5146,3606523,13670900
5024,261,284,388070,5123,3606807,13701000
5025,239,232,387831,5130,3607039,13941200
5026,275,246,387556,5159,3607285,14087600
5027,250,262,387306,5147,3607547,15104800
5028,236,260,387070,5123,3607807,13721300
5029,254,250,386816,5127,3608057,13637900
5030,257,253,386559,5131,3608310,13590900
5031,221,272,386338,5080,3608582,14172600
5032,231,237,386107,5074,3608819,14050600
5033,249,249,385858,5074,3609068,13765800
5034,268,255,385590,5087,3609323,13709900
5035,246,219,385344,5114,3609542,13989200
5036,252,249,385092,5117,3609791,14573200
5037,240,239,384852,5118,3610030,16095400
5038,257,285,384595,5090,3610315,14121900
5039,239,267,384356,5062,3610582,17498300
5040,267,255,384089,5074,3610837,26175600
5041,232,271,383857,5035,3611108,14635400
5042,224,244,383633,5015,3611352,13667100
5043,240,228,383393,5027,3611580,13541700
5044,243,253,383150,5017,3611833,13832700
5045,253,262,382897,5008,3612095,13364400
5046,251,281,382646,4978,3612376,14692000
5047,215,255,382431,4938,3612631,13749100
5048,212,241,382219,4909,3612872,13877200
5049,238,274,381981,4873,3613146,13968500
5050,238,254,381743,4857,3613400,14309900
5051,196,227,381547,4826,3613627,13857400
5052,224,245,381323,4805,3613872,13642800
5053,233,265,381090,4773,3614137,13891100
5054,237,255,380853,4755,3614392,13530100
5055,219,233,380634,4741,3614625,13988200
5056,219,272,380415,4688,3614897,13505900
5057,254,214,380161,4728,3615111,13979200
5058,234,264,379927,4698,3615375,14265100
5059,224,255,379703,4667,3615630,13777600
5060,223,227,379480,4663,3615857,13523800
5061,231,230,379249,4664,3616087,13312300
5062,209,243,379040,4630,3616330,13708500
5063,247,242,378793,4635,3616572,13936600
5064,218,239,378575,4614,3616811,14053200
5065,255,215,378320,4654,3617026,13936200
5066,206,245,378114,4615,3617271,13899300
5067,239,231,377875,4623,3617502,14612200
5068,228,249,377647,4602,3617751,13322600
5069,246,269,377401,4579,3618020,13105100
5070,228,233,377173,4574,3618253,13648000
5071,226,228,376947,4572,3618481,13227900
5072,217,258,376730,4531,3618739,13263300
5073,217,217,376513,4531,3618956,13367100
5074,217,260,376296,4488,3619216,14293500
5075,230,214,376066,4504,3619430,13436200
5076,214,252,375852,4466,3619682,13119400
5077,224,203,375628,4487,3619885,13693600
5078,223,212,375405,4498,3620097,13924100
5079,214,223,375191,4489,3620320,13410200
5080,203,211,374988,4481,3620531,13533500
5081,218,224,374770,4475,3620755,13522000
5082,228,238,374542,4465,3620993,13455000
5083,231,209,374311,4487,3621202,13565900
5084,226,224,374085,4489,3621426,13449900
5085,249,222,373836,4516,3621648,14309000
5086,235,240,373601,4511,3621888,14316300
5087,242,226,373359,4527,3622114,13619100
5088,225,239,373134,4513,3622353,13547000
5089,212,199,372922,4526,3622552,13614100
5090,247,234,372675,4539,3622786,13741500
5091,223,202,372452,4560,3622988,14027000
5092,243,235,372209,4568,3623223,13597100
5093,235,234,371974,4569,3623457,13618900
5094,267,230,371707,4606,3623687,13504100
5095,231,234,371476,4603,3623921,13549100
5096,236,230,371240,4609,3624151,13744400
5097,254,259,370986,4604,3624410,14123200
5098,246,199,370740,4651,3624609,14420000
5099,228,217,370512,4662,3624826,14055800
5100,246,246,370266,4662,3625072,13300100
5101,225,247,370041,4640,3625319,13211800
5102,228,242,369813,4626,3625561,13213600
5103,244,231,369569,4639,3625792,14100100
5104,238,236,369331,4641,3626028,14259200
5105,242,206,369089,4677,3626234,13417900
5106,223,263,368866,4637,3626497,14186400
5107,230,217,368636,4650,3626714,14060900
5108,217,207,368419,4660,3626921,14278900
5109,213,249,368206,4624,3627170,14351400
5110,234,209,367972,4649,3627379,14218800
5111,242,238,367730,4653,3627617,14038900
5112,227,234,367503,4646,3627851,13715700
5113,237,223,367266,4660,3628074,14004100
5114,250,226,367016,4684,3628300,13558200
5115,258,230,366758,4712,3628530,13885600
5116,256,207,366502,4761,3628737,13570500
5117,217,228,366285,4750,3628965,13510300
5118,238,244,366047,4744,3629209,13676300
5119,218,222,365829,4740,3629431,13485500
5120,222,224,365607,4738,3629655,13145900
5121,225,219,365382,4744,3629874,14099300
5122,246,226,365136,4764,3630100,13349500
5123,231,221,364905,4774,3630321,13183900
5124,255,225,364650,4804,3630546,13127000
5125,225,241,364425,4788,3630787,13207700
5126,223,222,364202,4789,3631009,13297600
5127,240,243,363962,4786,3631252,13168300
5128,225,228,363737,4783,3631480,13086900
5129,225,231,363512,4777,3631711,13180800
5130,200,226,363312,4751,3631937,13552600
5131,230,215,363082,4766,3632152,13210300
5132,208,241,362874,4733,3632393,13787900
5133,252,230,362622,4755,3632623,13299800
5134,228,185,362394,4798,3632808,13083100
5135,234,228,362160,4804,3633036,13595600
5136,248,239,361912,4813,3633275,13567000
5137,248,239,361664,4822,3633514,13371300
5138,217,241,361447,4798,3633755,13421400
5139,210,230,361237,4778,3633985,14020600
5140,225,247,361012,4756,3634232,13653000
5141,223,254,360789,4725,3634486,13115600
5142,212,257,360577,4680,3634743,13153200
5143,227,244,360350,4663,3634987,13181100
5144,198,244,360152,4617,3635231,13130600
5145,226,224,359926,4619,3635455,13187600
5146,218,242,359708,4595,3635697,13182900
5147,214,214,359494,4595,3635911,13074800
5148,228,250,359266,4573,3636161,13503000
5149,229,244,359037,4558,3636405,13614300
5150,225,229,358812,4554,3636634,14166600
5151,228,224,358584,4558,3636858,14038500
5152,213,250,358371,4521,3637108,13533600
5153,245,208,358126,4558,3637316,13546500
5154,209,235,357917,4532,3637551,13278300
5155,244,238,357673,4538,3637789,13071000
5156,238,220,357435,4556,3638009,13246400
5157,245,219,357190,4582,3638228,13462900
5158,240,212,356950,4610,3638440,13288000
5159,227,243,356723,4594,3638683,13234400
5160,222,225,356501,4591,3638908,13754800
5161,215,250,356286,4556,3639158,13443800
5162,218,227,356068,4547,3639385,13730200
5163,239,249,355829,4537,3639634,13225500
5164,230,222,355599,4545,3639856,13300400
5165,228,241,355371,4532,3640097,13444700
5166,204,223,355167,4513,3640320,13635900
5167,216,231,354951,4498,3640551,13588600
5168,218,221,354733,4495,3640772,13995200
5169,231,225,354502,4501,3640997,13742800
5170,234,233,354268,4502,3641230,13544400
5171,208,234,354060,4476,3641464,13973000
5172,228,238,353832,4466,3641702,13278400
5173,223,233,353609,4456,3641935,13604100
5174,220,237,353389,4439,3642172,13095100
5175,215,241,353174,4413,3642413,13165600
5176,203,226,352971,4390,3642639,13212100
5177,226,224,352745,4392,3642863,13068100
5178,214,223,352531,4383,3643086,13596500
5179,198,225,352333,4356,3643311,13400600
5180,211,212,352122,4355,3643523,13465700
5181,218,243,351904,4330,3643766,13593100
5182,209,194,351695,4345,3643960,13568400
5183,200,219,351495,4326,3644179,13606900
5184,207,208,351288,4325,3644387,13439300
5185,213,227,351075,4311,3644614,13454500
5186,222,232,350853,4301,3644846,13493300
5187,214,217,350639,4298,3645063,14036500
5188,215,221,350424,4292,3645284,13399300
5189,212,228,350212,4276,3645512,13396700
5190,195,234,350017,4237,3645746,14017900
5191,212,196,349805,4253,3645942,13702300
5192,208,194,349597,4267,3646136,13488900
5193,212,219,349385,4260,3646355,14222600
5194,214,203,349171,4271,3646558,13831400
5195,229,226,348942,4274,3646784,13697400
5196,190,232,348752,4232,3647016,13513200
5197,198,205,348554,4225,3647221,14027200
5198,191,213,348363,4203,3647434,13643400
5199,231,205,348132,4229,3647639,13592700
5200,231,216,347901,4244,3647855,13741000
5201,213,202,347688,4255,3648057,15131300
5202,222,223,347466,4254,3648280,15544500
5203,207,198,347259,4263,3648478,14510200
5204,219,191,347040,4291,3648669,14910600
5205,210,195,346830,4306,3648864,13975900
5206,203,214,346627,4295,3649078,13868900
5207,231,210,346396,4316,3649288,14376500
5208,243,234,346153,4325,3649522,14047000
5209,209,207,345944,4327,3649729,15296100
5210,230,193,345714,4364,3649922,16248000
5211,206,230,345508,4340,3650152,16174100
5212,212,193,345296,4359,3650345,15316600
5213,233,210,345063,4382,3650555,14845400
5214,203,241,344860,4344,3650796,16894400
5215,234,204,344626,4374,3651000,14718200
5216,195,247,344431,4322,3651247,15515800
5217,240,194,344191,4368,3651441,14884900
5218,217,231,343974,4354,3651672,16557300
5219,226,234,343748,4346,3651906,14761900
5220,193,206,343555,4333,3652112,17465800
5221,223,196,343332,4360,3652308,16843300
5222,200,209,343132,4351,3652517,15753300
5223,188,209,342944,4330,3652726,16800200
5224,210,235,342734,4305,3652961,18170800
5225,203,182,342531,4326,3653143,17379900
5226,190,242,342341,4274,3653385,16867100
5227,217,210,342124,4281,3653595,16721400
5228,212,194,341912,4299,3653789,16755500
5229,213,222,341699,4290,3654011,16222800
5230,218,234,341481,4274,3654245,16729000
5231,200,222,341281,4252,3654467,15621400
5232,195,206,341086,4241,3654673,15940600
5233,220,223,340866,4238,3654896,16570000
5234,205,224,340661,4219,3655120,16004300
5235,216,223,340445,4212,3655343,16555400
5236,214,196,340231,4230,3655539,16103300
5237,232,220,339999,4242,3655759,16519600
5238,230,214,339769,4258,3655973,16164300
5239,220,198,339549,4280,3656171,15837600
5240,215,192,339334,4303,3656363,14892000
5241,235,216,339099,4322,3656579,14342200
5242,203,202,338896,4323,3656781,13522100
5243,217,223,338679,4317,3657004,18217300
5244,222,218,338457,4321,3657222,16987000
5245,243,227,338214,4337,3657449,17026000
5246,211,208,338003,4340,3657657,14888800
5247,220,227,337783,4333,3657884,13417300
5248,199,216,337584,4316,3658100,13538300
5249,222,228,337362,4310,3658328,13539800
5250,245,231,337117,4324,3658559,13508500
5251,211,208,336906,4327,3658767,13572700
5252,224,179,336682,4372,3658946,13655400
5253,200,221,336482,4351,3659167,14474900
5254,216,213,336266,4354,3659380,13638800
5255,208,221,336058,4341,3659601,13445300
5256,204,247,335854,4298,3659848,13989600
5257,209,218,335645,4289,3660066,14164800
5258,207,186,335438,4310,3660252,13376900
5259,216,194,335222,4332,3660446,13476700
5260,211,165,335011,4378,3660611,13528900
5261,228,202,334783,4404,3660813,13651800
5262,263,210,334520,4457,3661023,14325000
5263,258,210,334262,4505,3661233,13730000
5264,229,209,334033,4525,3661442,13605600
5265,213,240,333820,4498,3661682,13452400
5266,201,227,333619,4472,3661909,13708100
5267,223,214,333396,4481,3662123,14016400
5268,241,209,333155,4513,3662332,13450700
5269,228,216,332927,4525,3662548,13515800
5270,225,226,332702,4524,3662774,14338700
5271,231,244,332471,4511,3663018,13554700
5272,212,240,332259,4483,3663258,13130800
5273,237,226,332022,4494,3663484,13976400
5274,247,227,331775,4514,3663711,13385000
5275,209,257,331566,4466,3663968,13869700
5276,222,220,331344,4468,3664188,13522200
5277,199,223,331145,4444,3664411,13498700
5278,217,193,330928,4468,3664604,13583500
5279,216,235,330712,4449,3664839,13983400
5280,226,210,330486,4465,3665049,13476000
5281,242,217,330244,4490,3665266,14105200
5282,227,217,330017,4500,3665483,13822800
5283,219,221,329798,4498,3665704,14323700
5284,195,224,329603,4469,3665928,13490800
5285,213,219,329390,4463,3666147,13870500
5286,227,227,329163,4463,3666374,13725500
5287,190,216,328973,4437,3666590,13290200
5288,210,215,328763,4432,3666805,13366000
5289,210,210,328553,4432,3667015,13842900
5290,222,239,328331,4415,3667254,13317100
5291,209,213,328122,4411,3667467,13191300
5292,221,196,327901,4436,3667663,13764900
5293,204,243,327697,4397,3667906,13653100
5294,193,215,327504,4375,3668121,13654900
5295,211,221,327293,4365,3668342,13689100
5296,205,217,327088,4353,3668559,14101800
5297,221,210,326867,4364,3668769,13506400
5298,215,233,326652,4346,3669002,13679600
5299,201,211,326451,4336,3669213,13896600
5300,204,211,326247,4329,3669424,13352000
5301,184,230,326063,4283,3669654,13614800
5302,211,189,325852,4305,3669843,13616600
5303,196,226,325656,4275,3670069,13141300
5304,215,220,325441,4270,3670289,13966100
5305,198,211,325243,4257,3670500,13457100
5306,211,216,325032,4252,3670716,13525100
5307,197,199,324835,4250,3670915,13438300
5308,200,198,324635,4252,3671113,13964300
5309,212,210,324423,4254,3671323,13537300
5310,197,212,324226,4239,3671535,13478300
5311,184,213,324042,4210,3671748,13493300
5312,211,222,323831,4199,3671970,13662700
5313,181,212,323650,4168,3672182,13822800
5314,181,223,323469,4126,3672405,13790500
5315,209,183,323260,4152,3672588,13537100
5316,204,222,323056,4134,3672810,13442300
5317,182,212,322874,4104,3673022,13539400
5318,213,205,322661,4112,3673227,13547500
5319,208,182,322453,4138,3673409,13466100
5320,201,233,322252,4106,3673642,13753900
5321,185,208,322067,4083,3673850,13775700
5322,196,184,321871,4095,3674034,13232700
5323,200,191,321671,4104,3674225,13260100
5324,211,211,321460,4104,3674436,13160200
5325,231,221,321229,4114,3674657,13283800
5326,205,216,321024,4103,3674873,13115800
5327,225,211,320799,4117,3675084,13421800
5328,214,215,320585,4116,3675299,13373800
5329,228,227,320357,4117,3675526,13965800
5330,217,208,320140,4126,3675734,13447000
5331,197,215,319943,4108,3675949,13188300
5332,193,195,319750,4106,3676144,13274500
5333,223,220,319527,4109,3676364,13149000
5334,202,198,319325,4113,3676562,13453200
5335,207,198,319118,4122,3676760,13301700
5336,220,184,318898,4158,3676944,13311700
5337,200,183,318698,4175,3677127,13223100
5338,206,184,318492,4197,3677311,13284400
5339,206,202,318286,4201,3677513,13620500
5340,198,216,318088,4183,3677729,13503600
5341,200,192,317888,4191,3677921,14125800
5342,225,207,317663,4209,3678128,13469900
5343,225,199,317438,4235,3678327,13298700
5344,209,210,317229,4234,3678537,13520000
5345,220,179,317009,4275,3678716,13482600
5346,202,210,316807,4267,3678926,13124300
5347,204,217,316603,4254,3679143,13362200
5348,207,227,316396,4234,3679370,13485500
5349,203,212,316193,4225,3679582,13376800
5350,217,225,315976,4217,3679807,13986500
5351,214,191,315762,4240,3679998,13395000
5352,236,234,315526,4242,3680232,13612100
5353,209,224,315317,4227,3680456,13802500
5354,218,215,315099,4230,3680671,13614300
5355,204,232,314895,4202,3680903,13362700
5356,230,209,314665,4223,3681112,13423600
5357,214,197,314451,4240,3681309,13581500
5358,228,197,314223,4271,3681506,13217000
5359,226,183,313997,4314,3681689,13812800
5360,219,218,313778,4315,3681907,14047500
5361,197,205,313581,4307,3682112,13716600
5362,219,224,313362,4302,3682336,13346200
5363,208,239,313154,4271,3682575,13902200
5364,202,203,312952,4270,3682778,13564200
5365,231,217,312721,4284,3682995,13380100
5366,191,210,312530,4265,3683205,13623800
5367,216,203,312314,4278,3683408,13660100
5368,211,219,312103,4270,3683627,14106200
5369,217,208,311886,4279,3683835,13544700
5370,196,218,311690,4257,3684053,13802000
5371,225,192,311465,4290,3684245,13649800
5372,186,215,311279,4261,3684460,13326000
5373,205,193,311074,4273,3684653,13579900
5374,219,194,310855,4298,3684847,13652700
5375,201,195,310654,4304,3685042,13757900
5376,219,220,310435,4303,3685262,13972000
5377,210,190,310225,4323,3685452,13984800
5378,194,202,310031,4315,3685654,13254100
5379,202,228,309829,4289,3685882,13777000
5380,194,230,309635,4253,3686112,13458000
5381,203,200,309432,4256,3686312,13111000
5382,196,208,309236,4244,3686520,13771000
5383,214,193,309022,4265,3686713,13765900
5384,193,220,308829,4238,3686933,13283400
5385,205,222,308624,4221,3687155,13193900
5386,222,188,308402,4255,3687343,13788000
5387,220,208,308182,4267,3687551,13972900
5388,204,209,307978,4262,3687760,13321500
5389,197,206,307781,4253,3687966,13888500
5390,190,212,307591,4231,3688178,13167500
5391,195,203,307396,4223,3688381,13570800
5392,191,205,307205,4209,3688586,13820400
5393,199,222,307006,4186,3688808,13348800
5394,178,217,306828,4147,3689025,13345200
5395,208,183,306620,4172,3689208,13231300
5396,209,214,306411,4167,3689422,13612800
5397,160,202,306251,4125,3689624,13543400
5398,194,194,306057,4125,3689818,13918800
5399,205,201,305852,4129,3690019,13615100
5400,190,208,305662,4111,3690227,12848300
5401,197,201,305465,4107,3690428,12864900
5402,195,207,305270,4095,3690635,12984700
5403,180,200,305090,4075,3690835,12909100
5404,178,205,304912,4048,3691040,13301900
5405,216,215,304696,4049,3691255,13147200
5406,195,227,304501,4017,3691482,13284100
5407,181,206,304320,3992,3691688,13732300
5408,185,193,304135,3984,3691881,15418300
5409,203,189,303932,3998,3692070,12775800
5410,187,184,303745,4001,3692254,12789700
5411,198,222,303547,3977,3692476,12754400
5412,189,188,303358,3978,3692664,12873200
5413,177,203,303181,3952,3692867,12931800
5414,181,200,303000,3933,3693067,12802500
5415,193,200,302807,3926,3693267,12940100
5416,187,181,302620,3932,3693448,12775600
5417,193,208,302427,3917,3693656,12852400
5418,187,193,302240,3911,3693849,12942500
5419,175,183,302065,3903,3694032,12911700
5420,192,209,301873,3886,3694241,12756000
5421,183,168,301690,3901,3694409,13618300
5422,177,211,301513,3867,3694620,13142900
5423,202,187,301311,3882,3694807,12766300
5424,173,226,301138,3829,3695033,12896300
5425,186,187,300952,3828,3695220,13217900
5426,179,193,300773,3814,3695413,12760100
5427,177,189,300596,3802,3695602,12930000
5428,196,165,300400,3833,3695767,12956400
5429,189,172,300211,3850,3695939,13701500
5430,206,183,300005,3873,3696122,12802500
5431,181,186,299824,3868,3696308,12787600
5432,187,198,299637,3857,3696506,12695900
5433,188,185,299449,3860,3696691,12785000
5434,185,207,299264,3838,3696898,12875600
5435,183,215,299081,3806,3697113,13467700
5436,186,202,298895,3790,3697315,12729500
5437,180,193,298715,3777,3697508,13055200
5438,179,194,298536,3762,3697702,13268400
5439,192,175,298344,3779,3697877,12772400
5440,162,199,298182,3742,3698076,13187300
5441,183,188,297999,3737,3698264,13218400
5442,184,187,297815,3734,3698451,13324800
5443,171,173,297644,3732,3698624,13073200
5444,211,185,297433,3758,3698809,13036300
5445,171,179,297262,3750,3698988,12904400
5446,153,209,297109,3694,3699197,13182000
5447,182,197,296927,3679,3699394,13113400
5448,193,184,296734,3688,3699578,13331900
5449,196,211,296538,3673,3699789,13274500
5450,155,174,296383,3654,3699963,13121800
5451,186,178,296197,3662,3700141,13697100
5452,171,164,296026,3669,3700305,13401800
5453,181,195,295845,3655,3700500,16855700
5454,204,183,295641,3676,3700683,14199100
5455,181,201,295460,3656,3700884,15071800
5456,185,186,295275,3655,3701070,16253200
5457,203,193,295072,3665,3701263,14076600
5458,170,184,294902,3651,3701447,14376700
5459,169,194,294733,3626,3701641,15370600
5460,204,165,294529,3665,3701806,14782100
5461,170,193,294359,3642,3701999,14598200
5462,183,159,294176,3666,3702158,13652400
5463,179,185,293997,3660,3702343,13031800
5464,179,204,293818,3635,3702547,12916300
5465,195,220,293623,3610,3702767,12941600
5466,189,173,293434,3626,3702940,13257800
5467,191,181,293243,3636,3703121,12901100
5468,162,188,293081,3610,3703309,12929300
5469,171,158,292910,3623,3703467,12942500
5470,177,157,292733,3643,3703624,13094100
5471,205,180,292528,3668,3703804,12796200
5472,161,170,292367,3659,3703974,13581700
5473,188,169,292179,3678,3704143,13347800
5474,184,184,291995,3678,3704327,13131100
5475,193,187,291802,3684,3704514,12736200
5476,179,196,291623,3667,3704710,12725000
5477,157,198,291466,3626,3704908,12871100
5478,195,192,291271,3629,3705100,12880700
5479,182,180,291089,3631,3705280,12825200
5480,180,150,290909,3661,3705430,13007600
5481,190,181,290719,3670,3705611,12805900
5482,189,177,290530,3682,3705788,13004400
5483,199,190,290331,3691,3705978,13256600
5484,170,190,290161,3671,3706168,13105700
5485,204,199,289957,3676,3706367,13088900
5486,189,198,289768,3667,3706565,14130400
5487,188,199,289580,3656,3706764,14069600
5488,207,182,289373,3681,3706946,12817700
5489,176,185,289197,3672,3707131,12779800
5490,214,203,288983,3683,3707334,13105800
5491,167,199,288816,3651,3707533,13207100
5492,199,185,288617,3665,3707718,12757200
5493,153,180,288464,3638,3707898,12823500
5494,180,187,288284,3631,3708085,12799600
5495,187,192,288097,3626,3708277,13696800
5496,191,164,287906,3653,3708441,13349100
5497,186,192,287720,3647,3708633,13180300
5498,158,210,287562,3595,3708843,12884600
5499,184,173,287378,3606,3709016,13228700
5500,171,157,287207,3620,3709173,12835800
5501,180,180,287027,3620,3709353,12821100
5502,174,171,286853,3623,3709524,13646900
5503,172,181,286681,3614,3709705,13560400
5504,156,167,286525,3603,3709872,13034900
5505,154,176,286371,3581,3710048,13885500
5506,182,158,286189,3605,3710206,13156700
5507,149,189,286040,3565,3710395,12801000
5508,156,184,285884,3537,3710579,12849700
5509,169,182,285715,3524,3710761,13281300
5510,163,176,285552,3511,3710937,13056000
5511,167,172,285385,3506,3711109,13272500
5512,172,167,285213,3511,3711276,12739200
5513,179,178,285034,3512,3711454,12720000
5514,196,184,284838,3524,3711638,12836800
5515,159,182,284679,3501,3711820,12990700
5516,173,190,284506,3484,3712010,13084300
5517,178,190,284328,3472,3712200,13187400
5518,174,166,284154,3480,3712366,12863000
5519,178,186,283976,3472,3712552,12857700
5520,176,194,283800,3454,3712746,12809200
5521,189,152,283611,3491,3712898,12755200
5522,183,173,283428,3501,3713071,12795700
5523,196,158,283232,3539,3713229,12805800
5524,198,143,283034,3594,3713372,12934900
5525,217,176,282817,3635,3713548,12855400
5526,156,196,282661,3595,3713744,12731500
5527,185,173,282476,3607,3713917,12775300
5528,163,171,282313,3599,3714088,13195100
5529,190,168,282123,3621,3714256,13423300
5530,187,210,281936,3598,3714466,13012800
5531,165,156,281771,3607,3714622,12889800
5532,188,180,281583,3615,3714802,12750300
5533,175,198,281408,3592,3715000,12780600
5534,155,166,281253,3581,3715166,12823900
5535,180,192,281073,3569,3715358,12912600
5536,204,171,280869,3602,3715529,12750000
5537,174,158,280695,3618,3715687,13137700
5538,174,197,280521,3595,3715884,13500300
5539,185,185,280336,3595,3716069,13237700
5540,173,191,280163,3577,3716260,13280200
5541,181,184,279982,3574,3716444,12877800
5542,167,160,279815,3581,3716604,12694500
5543,160,193,279655,3548,3716797,13008800
5544,179,197,279476,3530,3716994,13524200
5545,148,175,279328,3503,3717169,13994200
5546,162,198,279166,3467,3717367,13175600
5547,192,168,278974,3491,3717535,13096100
5548,169,172,278805,3488,3717707,12956200
5549,182,184,278623,3486,3717891,12953700
5550,167,171,278456,3482,3718062,13150700
5551,166,179,278290,3469,3718241,12985500
5552,165,154,278125,3480,3718395,12935300
5553,160,172,277965,3468,3718567,12961300
5554,166,173,277799,3461,3718740,13015100
5555,160,155,277639,3466,3718895,13050800
5556,162,171,277477,3457,3719066,12911300
5557,173,158,277304,3472,3719224,12802800
5558,181,172,277123,3481,3719396,12999500
5559,166,211,276957,3436,3719607,12806000
5560,182,179,276775,3439,3719786,13022900
5561,176,158,276599,3457,3719944,13240100
5562,162,191,276437,3428,3720135,13247200
5563,173,179,276264,3422,3720314,12766900
5564,162,166,276102,3418,3720480,12851500
5565,176,179,275926,3415,3720659,12841300
5566,165,163,275761,3417,3720822,12838200
5567,187,158,275574,3446,3720980,13096000
5568,173,189,275401,3430,3721169,12774600
5569,172,172,275229,3430,3721341,13181900
5570,185,187,275044,3428,3721528,12900000
5571,164,173,274880,3419,3721701,12805700
5572,184,166,274696,3437,3721867,12787500
5573,169,160,274527,3446,3722027,12880100
5574,168,188,274359,3426,3722215,13244900
5575,180,187,274179,3419,3722402,13196900
5576,164,181,274015,3402,3722583,13338700
5577,177,170,273838,3409,3722753,12776200
5578,185,171,273653,3423,3722924,12763600
5579,168,185,273485,3406,3723109,13088500
5580,177,156,273308,3427,3723265,15729500
5581,159,177,273149,3409,3723442,14105700
5582,160,187,272989,3382,3723629,12830200
5583,181,172,272808,3391,3723801,12892800
5584,180,163,272628,3408,3723964,12945200
5585,167,163,272461,3412,3724127,13135000
5586,187,189,272274,3410,3724316,16019700
5587,169,159,272105,3420,3724475,13050600
5588,177,170,271928,3427,3724645,13351300
5589,174,178,271754,3423,3724823,14798800
5590,167,163,271587,3427,3724986,13439300
5591,180,150,271407,3457,3725136,12933900
5592,179,168,271228,3468,3725304,12903100
5593,185,165,271043,3488,3725469,12837300
5594,190,165,270853,3513,3725634,12949800
5595,165,179,270688,3499,3725813,13215600
5596,152,184,270536,3467,3725997,13308300
5597,140,162,270396,3445,3726159,12807500
5598,162,174,270234,3433,3726333,12984900
5599,179,172,270055,3440,3726505,13093700
5600,188,162,269867,3466,3726667,12796600
5601,169,182,269698,3453,3726849,12741100
5602,200,183,269498,3470,3727032,12693100
5603,186,187,269312,3469,3727219,12792000
5604,195,180,269117,3484,3727399,12870000
5605,157,183,268960,3458,3727582,12733000
5606,158,144,268802,3472,3727726,12790700
5607,185,168,268617,3489,3727894,12983400
5608,175,178,268442,3486,3728072,13009900
5609,172,169,268270,3489,3728241,12990900
5610,202,178,268068,3513,3728419,12917000
5611,181,159,267887,3535,3728578,12944300
5612,164,186,267723,3513,3728764,12884400
5613,148,169,267575,3492,3728933,13154700
5614,181,180,267394,3493,3729113,13443100
5615,174,177,267220,3490,3729290,13514400
5616,171,146,267049,3515,3729436,13251000
5617,161,175,266888,3501,3729611,13294800
5618,171,154,266717,3518,3729765,13226100
5619,181,182,266536,3517,3729947,12940100
5620,146,187,266390,3476,3730134,13138300
5621,158,181,266232,3453,3730315,14993500
5622,175,162,266057,3466,3730477,15072900
5623,169,169,265888,3466,3730646,13320700
5624,159,189,265729,3436,3730835,13115100
5625,177,170,265552,3443,3731005,12754700
5626,178,162,265374,3459,3731167,12805200
5627,177,173,265197,3463,3731340,12707700
5628,178,172,265019,3469,3731512,12695900
5629,182,177,264837,3474,3731689,12792700
5630,179,159,264658,3494,3731848,12990900
5631,174,181,264484,3487,3732029,12889300
5632,168,155,264316,3500,3732184,12739600
5633,158,172,264158,3486,3732356,12866300
5634,162,158,263996,3490,3732514,13070100
5635,167,182,263829,3475,3732696,13047100
5636,161,194,263668,3442,3732890,13004400
5637,175,156,263493,3461,3733046,13050400
5638,176,152,263317,3485,3733198,12893800
5639,168,188,263149,3465,3733386,12908100
5640,175,182,262974,3458,3733568,13093400
5641,164,160,262810,3462,3733728,13504300
5642,162,193,262648,3431,3733921,16553500
5643,149,168,262499,3412,3734089,13292800
5644,170,165,262329,3417,3734254,13316900
5645,183,173,262146,3427,3734427,13066600
5646,173,157,261973,3443,3734584,12981000
5647,167,174,261806,3436,3734758,13709600
5648,189,165,261617,3460,3734923,12797400
5649,162,176,261455,3446,3735099,12769000
5650,173,184,261282,3435,3735283,12710400
5651,175,188,261107,3422,3735471,12907800
5652,172,166,260935,3428,3735637,13058200
5653,171,154,260764,3445,3735791,13096600
5654,179,179,260585,3445,3735970,12791400
5655,183,178,260402,3450,3736148,13011500
5656,190,162,260212,3478,3736310,17385500
5657,182,166,260030,3494,3736476,16224400
5658,182,182,259848,3494,3736658,13229500
5659,163,178,259685,3479,3736836,12789400
5660,174,181,259511,3472,3737017,13089600
5661,173,164,259338,3481,3737181,12865100
5662,181,173,259157,3489,3737354,12758800
5663,184,165,258973,3508,3737519,13109700
5664,171,171,258802,3508,3737690,12817400
5665,185,161,258617,3532,3737851,12657300
5666,178,166,258439,3544,3738017,12764900
5667,164,171,258275,3537,3738188,13020400
5668,154,163,258121,3528,3738351,12764100
5669,189,176,257932,3541,3738527,13580300
5670,169,172,257763,3538,3738699,13032900
5671,160,186,257603,3512,3738885,13043500
5672,181,163,257422,3530,3739048,13329300
5673,172,164,257250,3538,3739212,12707000
5674,169,203,257081,3504,3739415,12673800
5675,172,169,256909,3507,3739584,13122300
5676,171,159,256738,3519,3739743,13051500
5677,152,167,256586,3504,3739910,12818100
5678,154,178,256432,3480,3740088,12715500
5679,146,163,256286,3463,3740251,13438500
5680,171,176,256115,3458,3740427,12722200
5681,165,188,255950,3435,3740615,12931200
5682,140,164,255810,3411,3740779,13355100
5683,165,185,255645,3391,3740964,13222000
5684,137,158,255508,3370,3741122,12688900
5685,163,153,255345,3380,3741275,12992200
5686,159,153,255186,3386,3741428,15993500
5687,169,166,255017,3389,3741594,13673100
5688,174,181,254843,3382,3741775,13393000
5689,172,161,254671,3393,3741936,12883600
5690,167,178,254504,3382,3742114,13553900
5691,147,165,254357,3364,3742279,13389300
5692,176,184,254181,3356,3742463,12714000
5693,192,180,253989,3368,3742643,12724900
5694,172,177,253817,3363,3742820,13269600
5695,184,165,253633,3382,3742985,12796600
5696,177,186,253456,3373,3743171,13492300
5697,162,181,253294,3354,3743352,13456600
5698,137,185,253157,3306,3743537,13115600
5699,160,154,252997,3312,3743691,12849100
5700,175,179,252822,3308,3743870,13210300
5701,159,175,252663,3292,3744045,12780100
5702,151,162,252512,3281,3744207,13375400
5703,173,169,252339,3285,3744376,12862100
5704,155,176,252184,3264,3744552,12808100
5705,164,170,252020,3258,3744722,12789500
5706,166,145,251854,3279,3744867,13521100
5707,166,175,251688,3270,3745042,13147400
5708,169,127,251519,3312,3745169,13164100
5709,151,176,251368,3287,3745345,13135100
5710,159,167,251209,3279,3745512,12783000
5711,160,166,251049,3273,3745678,12767700
5712,157,193,250892,3237,3745871,13235900
5713,158,165,250734,3230,3746036,13143400
5714,152,158,250582,3224,3746194,13108100
5715,165,142,250417,3247,3746336,13276500
5716,157,153,250260,3251,3746489,12932300
5717,167,163,250093,3255,3746652,12872600
5718,154,154,249939,3255,3746806,12837800
5719,162,158,249777,3259,3746964,13014500
5720,162,161,249615,3260,3747125,12793400
5721,135,179,249480,3216,3747304,12943900
5722,165,177,249315,3204,3747481,12927800
5723,161,155,249154,3210,3747636,12718800
5724,150,156,249004,3204,3747792,13296100
5725,152,165,248852,3191,3747957,13416400
5726,149,166,248703,3174,3748123,12947900
5727,161,149,248542,3186,3748272,13158600
5728,167,174,248375,3179,3748446,12923200
5729,155,176,248220,3158,3748622,12925000
5730,172,175,248048,3155,3748797,13420900
5731,167,148,247881,3174,3748945,14090400
5732,160,166,247721,3168,3749111,13774400
5733,174,161,247547,3181,3749272,14942700
5734,180,172,247367,3189,3749444,13602600
5735,144,164,247223,3169,3749608,13057300
5736,155,177,247068,3147,3749785,12989100
5737,160,143,246908,3164,3749928,13313400
5738,154,135,246754,3183,3750063,12768800
5739,163,157,246591,3189,3750220,12712400
5740,151,141,246440,3199,3750361,12709600
5741,164,150,246276,3213,3750511,12719300
5742,145,134,246131,3224,3750645,13359700
5743,154,162,245977,3216,3750807,12867800
5744,164,169,245813,3211,3750976,13221300
5745,172,160,245641,3223,3751136,12750500
5746,149,167,245492,3205,3751303,12802100
5747,169,168,245323,3206,3751471,12968300
5748,165,162,245158,3209,3751633,13332200
5749,166,169,244992,3206,3751802,12876500
5750,153,160,244839,3199,3751962,13223400
5751,186,163,244653,3222,3752125,12868400
5752,158,162,244495,3218,3752287,12770500
5753,161,148,244334,3231,3752435,13330600
5754,171,131,244163,3271,3752566,13071600
5755,164,165,243999,3270,3752731,13051900
5756,166,171,243833,3265,3752902,12741500
5757,156,152,243677,3269,3753054,12750400
5758,166,154,243511,3281,3753208,12836700
5759,188,149,243323,3320,3753357,13004900
5760,170,165,243153,3325,3753522,13133300
5761,160,164,242993,3321,3753686,13129200
5762,195,149,242798,3367,3753835,13546800
5763,160,173,242638,3354,3754008,13546800
5764,173,184,242465,3343,3754192,12876000
5765,163,204,242302,3302,3754396,14420300
5766,169,170,242133,3301,3754566,15338900
5767,176,158,241957,3319,3754724,13708400
5768,160,173,241797,3306,3754897,12985400
5769,170,168,241627,3308,3755065,12716300
5770,133,154,241494,3287,3755219,12759500
5771,137,181,241357,3243,3755400,12742500
5772,159,172,241198,3230,3755572,14580600
5773,166,193,241032,3203,3755765,14040800
5774,161,182,240871,3182,3755947,12842800
5775,161,144,240710,3199,3756091,13342100
5776,170,157,240540,3212,3756248,12783400
5777,152,151,240388,3213,3756399,13085500
5778,169,149,240219,3233,3756548,13160300
5779,161,161,240058,3233,3756709,12781900
5780,181,173,239877,3241,3756882,12886900
5781,142,156,239735,3227,3757038,12684500
5782,158,168,239577,3217,3757206,12694500
5783,150,169,239427,3198,3757375,12813800
5784,167,167,239260,3198,3757542,12782300
5785,145,152,239115,3191,3757694,12728400
5786,157,173,238958,3175,3757867,12759500
5787,172,193,238786,3154,3758060,12691500
5788,167,151,238619,3170,3758211,12994200
5789,143,162,238476,3151,3758373,13498900
5790,167,146,238309,3172,3758519,13067800
5791,140,160,238169,3152,3758679,13097900
5792,153,135,238016,3170,3758814,12723900
5793,181,147,237835,3204,3758961,12765700
5794,146,171,237689,3179,3759132,12747500
5795,144,147,237545,3176,3759279,12811000
5796,164,150,237381,3190,3759429,13099500
5797,137,175,237244,3152,3759604,12747200
5798,133,145,237111,3140,3759749,12763800
5799,129,150,236982,3119,3759899,13061400
5800,154,148,236828,3125,3760047,13185800
5801,149,167,236679,3107,3760214,12834600
5802,148,149,236531,3106,3760363,13399100
5803,141,145,236390,3102,3760508,12796500
5804,147,173,236243,3076,3760681,12644400
5805,150,145,236093,3081,3760826,12745700
5806,138,171,235955,3048,3760997,12711600
5807,133,137,235822,3044,3761134,12916900
5808,169,149,235653,3064,3761283,13595700
5809,174,161,235479,3077,3761444,13554800
5810,140,154,235339,3063,3761598,12712400
5811,178,139,235161,3102,3761737,13145600
5812,161,156,235000,3107,3761893,12981700
5813,166,164,234834,3109,3762057,12984400
5814,156,155,234678,3110,3762212,12892800
5815,165,138,234513,3137,3762350,13435100
5816,150,152,234363,3135,3762502,12939400
5817,155,173,234208,3117,3762675,13793100
5818,150,156,234058,3111,3762831,13554200
5819,173,153,233885,3131,3762984,14264400
5820,158,147,233727,3142,3763131,15417000
5821,162,163,233565,3141,3763294,13290600
5822,175,158,233390,3158,3763452,13410500
5823,169,151,233221,3176,3763603,13263100
5824,170,154,233051,3192,3763757,13184600
5825,178,148,232873,3222,3763905,13288500
5826,167,144,232706,3245,3764049,13272900
5827,190,169,232516,3266,3764218,15275600
5828,169,172,232347,3263,3764390,14818500
5829,191,159,232156,3295,3764549,12771200
5830,174,151,231982,3318,3764700,13350800
5831,170,186,231812,3302,3764886,12686000
5832,180,156,231632,3326,3765042,12686900
5833,203,154,231429,3375,3765196,12787800
5834,188,160,231241,3403,3765356,13189900
5835,200,170,231041,3433,3765526,12816800
5836,163,166,230878,3430,3765692,13359600
5837,165,154,230713,3441,3765846,12726700
5838,163,177,230550,3427,3766023,12963200
5839,185,174,230365,3438,3766197,13088600
5840,168,168,230197,3438,3766365,12945700
5841,158,163,230039,3433,3766528,12917100
5842,174,158,229865,3449,3766686,13413200
5843,176,161,229689,3464,3766847,13470300
5844,157,192,229532,3429,3767039,13263800
5845,147,205,229385,3371,3767244,13055100
5846,150,152,229235,3369,3767396,12843300
5847,160,162,229075,3367,3767558,13316800
5848,142,154,228933,3355,3767712,12873300
5849,143,171,228790,3327,3767883,12907300
5850,148,155,228642,3320,3768038,13262900
5851,150,151,228492,3319,3768189,13388600
5852,145,160,228347,3304,3768349,13128400
5853,151,160,228196,3295,3768509,13205200
5854,172,162,228024,3305,3768671,13201500
5855,143,150,227881,3298,3768821,12928400
5856,136,164,227745,3270,3768985,12920600
5857,154,143,227591,3281,3769128,13051900
5858,152,154,227439,3279,3769282,13179700
5859,141,158,227298,3262,3769440,13079500
5860,145,161,227153,3246,3769601,13358900
5861,153,135,227000,3264,3769736,12762400
5862,141,173,226859,3232,3769909,12714400
5863,166,148,226693,3250,3770057,12816400
5864,149,179,226544,3220,3770236,13061800
5865,130,167,226414,3183,3770403,13127600
5866,148,143,226266,3188,3770546,12813900
5867,126,175,226140,3139,3770721,12868800
5868,136,160,226004,3115,3770881,12706600
5869,161,164,225843,3112,3771045,13258300
5870,170,142,225673,3140,3771187,12779600
5871,165,157,225508,3148,3771344,13279200
5872,178,165,225330,3161,3771509,12844900
5873,152,179,225178,3134,3771688,12802900
5874,176,165,225002,3145,3771853,12805100
5875,155,152,224847,3148,3772005,13151800
5876,155,165,224692,3138,3772170,12962400
5877,154,147,224538,3145,3772317,12822000
5878,159,151,224379,3153,3772468,13304900
5879,171,144,224208,3180,3772612,12780900
5880,169,148,224039,3201,3772760,12703300
5881,167,146,223872,3222,3772906,13106400
5882,176,158,223696,3240,3773064,12850600
5883,167,181,223529,3226,3773245,13454800
5884,135,150,223394,3211,3773395,12987900
5885,151,166,223243,3196,3773561,13145500
5886,151,149,223092,3198,3773710,12876600
5887,150,155,222942,3193,3773865,12807400
5888,169,153,222773,3209,3774018,12956800
5889,172,159,222601,3222,3774177,13673600
5890,140,150,222461,3212,3774327,13214600
5891,166,166,222295,3212,3774493,12772800
5892,165,150,222130,3227,3774643,12626700
5893,152,168,221978,3211,3774811,12705900
5894,147,140,221831,3218,3774951,12745500
5895,131,148,221700,3201,3775099,12781000
5896,137,162,221563,3176,3775261,12739800
5897,140,150,221423,3166,3775411,12667600
5898,143,149,221280,3160,3775560,12756600
5899,164,155,221116,3169,3775715,13171600
5900,162,164,220954,3167,3775879,12740200
5901,172,183,220782,3156,3776062,13074200
5902,159,162,220623,3153,3776224,12687400
5903,160,173,220463,3140,3776397,12746800
5904,136,161,220327,3115,3776558,12734400
5905,149,154,220178,3110,3776712,12893400
5906,152,155,220026,3107,3776867,13225100
5907,142,147,219884,3102,3777014,13336300
5908,140,169,219744,3073,3777183,13300300
5909,162,145,219582,3090,3777328,13307400
5910,153,160,219429,3083,3777488,13348600
5911,144,164,219285,3063,3777652,13424800
5912,146,147,219139,3062,3777799,13182700
5913,136,147,219003,3051,3777946,13785700
5914,141,149,218862,3043,3778095,13191200
5915,129,134,218733,3038,3778229,13393400
5916,132,133,218601,3037,3778362,13631900
5917,134,150,218467,3021,3778512,13073800
5918,133,152,218334,3002,3778664,13803300
5919,145,146,218189,3001,3778810,13589900
5920,151,156,218038,2996,3778966,13167500
5921,149,143,217889,3002,3779109,13045200
5922,144,134,217745,3012,3779243,13216800
5923,142,125,217603,3029,3779368,13204700
5924,128,164,217475,2993,3779532,13222200
5925,148,144,217327,2997,3779676,15579700
5926,154,164,217173,2987,3779840,14313900
5927,140,144,217033,2983,3779984,15855500
5928,171,150,216862,3004,3780134,13389700
5929,155,153,216707,3006,3780287,12738600
5930,132,150,216575,2988,3780437,12905400
5931,161,144,216414,3005,3780581,12665600
5932,147,151,216267,3001,3780732,12739900
5933,148,140,216119,3009,3780872,12965000
5934,143,184,215976,2968,3781056,12893000
5935,163,140,215813,2991,3781196,13364700
5936,161,131,215652,3021,3781327,12728700
5937,171,155,215481,3037,3781482,12711600
5938,145,139,215336,3043,3781621,12700400
5939,134,154,215202,3023,3781775,12751400
5940,141,171,215061,2993,3781946,13217800
5941,156,162,214905,2987,3782108,12685600
5942,162,157,214743,2992,3782265,12871400
5943,146,149,214597,2989,3782414,13019600
5944,130,149,214467,2970,3782563,12697800
5945,165,138,214302,2997,3782701,13167100
5946,151,167,214151,2981,3782868,13299600
5947,156,145,213995,2992,3783013,13084000
5948,176,150,213819,3018,3783163,12669800
5949,163,146,213656,3035,3783309,12651300
5950,149,147,213507,3037,3783456,12835700
5951,169,155,213338,3051,3783611,12761600
5952,156,155,213182,3052,3783766,12713300
5953,150,171,213032,3031,3783937,12760600
5954,172,152,212860,3051,3784089,12672700
5955,161,161,212699,3051,3784250,13020200
5956,173,145,212526,3079,3784395,13062800
5957,152,146,212374,3085,3784541,12721800
5958,148,160,212226,3073,3784701,13143000
5959,156,159,212070,3070,3784860,12729200
5960,150,134,211920,3086,3784994,13219800
5961,162,142,211758,3106,3785136,13157200
5962,147,161,211611,3092,3785297,13404300
5963,146,157,211465,3081,3785454,12747100
5964,124,149,211341,3056,3785603,13131900
5965,173,154,211168,3075,3785757,12725600
5966,150,148,211018,3077,3785905,12851300
5967,145,147,210873,3075,3786052,12712300
5968,141,136,210732,3080,3786188,12733800
5969,142,158,210590,3064,3786346,12982400
5970,145,138,210445,3071,3786484,12930800
5971,142,173,210303,3040,3786657,12680600
5972,140,144,210163,3036,3786801,12625300
5973,152,151,210011,3037,3786952,13389300
5974,142,153,209869,3026,3787105,15314300
5975,150,151,209719,3025,3787256,12855300
5976,131,159,209588,2997,3787415,13112700
5977,141,153,209447,2985,3787568,12671500
5978,133,167,209314,2951,3787735,13702700
5979,136,142,209178,2945,3787877,12732900
5980,153,137,209025,2961,3788014,12706800
5981,153,133,208872,2981,3788147,13186200
5982,163,124,208709,3020,3788271,12787800
5983,157,116,208552,3061,3788387,12614400
5984,160,160,208392,3061,3788547,13037700
5985,156,162,208236,3055,3788709,13041000
5986,180,141,208056,3094,3788850,13846700
5987,158,136,207898,3116,3788986,12941200
5988,158,172,207740,3102,3789158,12604300
5989,147,151,207593,3098,3789309,12678000
5990,149,142,207444,3105,3789451,12729100
5991,145,154,207299,3096,3789605,12780000
5992,139,156,207160,3079,3789761,13073700
5993,145,175,207015,3049,3789936,12755700
5994,158,164,206857,3043,3790100,13434900
5995,153,137,206704,3059,3790237,12982700
5996,160,153,206544,3066,3790390,13354000
5997,151,163,206393,3054,3790553,12744400
5998,141,170,206252,3025,3790723,12954100
5999,166,134,206086,3057,3790857,12925300
6000,146,155,205940,3048,3791012,12910700
6001,161,130,205779,3079,3791142,13533600
6002,160,156,205619,3083,3791298,13731800
6003,139,165,205480,3057,3791463,13708700
6004,137,155,205343,3039,3791618,13653300
6005,152,142,205191,3049,3791760,13661500
6006,145,158,205046,3036,3791918,13238200
6007,126,163,204920,2999,3792081,13060900
6008,155,142,204765,3012,3792223,13444200
6009,137,144,204628,3005,3792367,13078700
6010,153,167,204475,2991,3792534,12824500
6011,126,156,204349,2961,3792690,12851200
6012,126,154,204223,2933,3792844,13103100
6013,138,158,204085,2913,3793002,12802100
6014,131,134,203954,2910,3793136,12947600
6015,145,135,203809,2920,3793271,12950400
6016,142,144,203667,2918,3793415,12677700
6017,180,154,203487,2944,3793569,12751300
6018,139,141,203348,2942,3793710,12665700
6019,148,149,203200,2941,3793859,12693600
6020,158,160,203042,2939,3794019,12682600
6021,165,142,202877,2962,3794161,13167400
6022,153,151,202724,2964,3794312,13161400
6023,133,146,202591,2951,3794458,12984900
6024,158,149,202433,2960,3794607,12682000
6025,156,162,202277,2954,3794769,12967700
6026,156,143,202121,2967,3794912,12835500
6027,164,154,201957,2977,3795066,13090600
6028,125,144,201832,2958,3795210,13103900
6029,152,134,201680,2976,3795344,13395400
6030,142,149,201538,2969,3795493,13056600
6031,163,140,201375,2992,3795633,12886700
6032,126,162,201249,2956,3795795,12719900
6033,160,151,201089,2965,3795946,12641700
6034,152,168,200937,2949,3796114,12880700
6035,137,154,200800,2932,3796268,13576100
6036,149,124,200651,2957,3796392,13004700
6037,152,167,200499,2942,3796559,12916700
6038,133,126,200366,2949,3796685,13446400
6039,139,150,200227,2938,3796835,13141200
6040,153,155,200074,2936,3796990,13197600
6041,159,161,199915,2934,3797151,12724900
6042,151,158,199764,2927,3797309,12725400
6043,132,127,199632,2932,3797436,13263200
6044,143,144,199489,2931,3797580,12727000
6045,145,161,199344,2915,3797741,12681400
6046,133,161,199211,2887,3797902,12737900
6047,155,149,199056,2893,3798051,12891700
6048,142,136,198914,2899,3798187,12702700
6049,159,140,198755,2918,3798327,12954500
6050,148,137,198607,2929,3798464,12850900
6051,150,152,198457,2927,3798616,12864300
6052,135,125,198322,2937,3798741,12961000
6053,139,159,198183,2917,3798900,12691800
6054,139,140,198044,2916,3799040,12703000
6055,151,165,197893,2902,3799205,12779800
6056,135,138,197758,2899,3799343,13019500
6057,130,131,197628,2898,3799474,13135200
6058,136,169,197492,2865,3799643,13371800
6059,145,128,197347,2882,3799771,12691600
6060,156,141,197191,2897,3799912,12800600
6061,149,127,197042,2919,3800039,13274000
6062,161,155,196881,2925,3800194,13096900
6063,143,159,196738,2909,3800353,12940400
6064,132,148,196606,2893,3800501,12890700
6065,146,141,196460,2898,3800642,12647000
6066,159,175,196301,2882,3800817,12727400
6067,143,150,196158,2875,3800967,13342500
6068,158,158,196000,2875,3801125,13029300
6069,138,145,195862,2868,3801270,13356000
6070,141,143,195721,2866,3801413,12846700
6071,155,156,195566,2865,3801569,12969500
6072,130,135,195436,2860,3801704,14069300
6073,165,153,195271,2872,3801857,12880600
6074,137,154,195134,2855,3802011,12644000
6075,142,145,194992,2852,3802156,12685400
6076,139,123,194853,2868,3802279,12609800
6077,129,127,194724,2870,3802406,13129500
6078,126,152,194598,2844,3802558,12918900
6079,124,145,194474,2823,3802703,12970800
6080,126,133,194348,2816,3802836,12882000
6081,131,140,194217,2807,3802976,13887400
6082,126,124,194091,2809,3803100,12790800
6083,139,159,193952,2789,3803259,12827100
6084,132,142,193820,2779,3803401,12972900
6085,119,138,193701,2760,3803539,12912600
6086,120,144,193581,2736,3803683,13157100
6087,146,137,193435,2745,3803820,13396600
6088,102,141,193333,2706,3803961,12824300
6089,135,126,193198,2715,3804087,13000000
6090,109,128,193089,2696,3804215,12914800
6091,136,127,192953,2705,3804342,13137400
6092,127,138,192826,2694,3804480,12905400
6093,144,133,192682,2705,3804613,14945800
6094,149,132,192533,2722,3804745,15193000
6095,148,138,192385,2732,3804883,13397400
6096,143,152,192242,2723,3805035,13693400
6097,124,127,192118,2720,3805162,13197300
6098,141,120,191977,2741,3805282,13237800
6099,132,133,191845,2740,3805415,13152700
6100,154,124,191691,2770,3805539,12909400
6101,157,136,191534,2791,3805675,12830600
6102,148,143,191386,2796,3805818,13443500
6103,126,170,191260,2752,3805988,12687500
6104,135,132,191125,2755,3806120,13065300
6105,162,139,190963,2778,3806259,12872200
6106,153,148,190810,2783,3806407,12946500
6107,129,121,190681,2791,3806528,12748200
6108,134,162,190547,2763,3806690,12727300
6109,129,139,190418,2753,3806829,12667500
6110,141,140,190277,2754,3806969,12664400
6111,141,120,190136,2775,3807089,13288100
6112,151,130,189985,2796,3807219,12722300
6113,142,115,189843,2823,3807334,13119400
6114,128,149,189715,2802,3807483,12967500
6115,174,142,189541,2834,3807625,13777000
6116,150,147,189391,2837,3807772,13001500
6117,143,142,189248,2838,3807914,13865500
6118,134,128,189114,2844,3808042,12702900
6119,150,152,188964,2842,3808194,13217000
6120,155,147,188809,2850,3808341,12790300
6121,144,130,188665,2864,3808471,12758100
6122,122,159,188543,2827,3808630,12655700
6123,137,141,188406,2823,3808771,12700300
6124,139,132,188267,2830,3808903,12835800
6125,133,145,188134,2818,3809048,12734300
6126,116,137,188018,2797,3809185,12728200
6127,162,136,187856,2823,3809321,12660500
6128,145,165,187711,2803,3809486,13071800
6129,127,131,187584,2799,3809617,12924800
6130,140,134,187444,2805,3809751,13284000
6131,149,142,187295,2812,3809893,12815800
6132,136,153,187159,2795,3810046,13019800
6133,140,144,187019,2791,3810190,12848400
6134,138,137,186881,2792,3810327,12980700
6135,149,145,186732,2796,3810472,13105100
6136,138,127,186594,2807,3810599,13110900
6137,155,131,186439,2831,3810730,12739200
6138,140,133,186299,2838,3810863,13231500
6139,147,132,186152,2853,3810995,12876400
6140,146,143,186006,2856,3811138,12941800
6141,150,134,185856,2872,3811272,13189300
6142,154,151,185702,2875,3811423,12846000
6143,130,118,185572,2887,3811541,13174900
6144,130,127,185442,2890,3811668,12645000
6145,124,159,185318,2855,3811827,12743600
6146,139,170,185179,2824,3811997,13241600
6147,113,152,185066,2785,3812149,13065300
6148,125,143,184941,2767,3812292,13716900
6149,127,132,184814,2762,3812424,13450100
6150,147,150,184667,2759,3812574,12794000
6151,124,151,184543,2732,3812725,12634100
6152,125,139,184418,2718,3812864,13062400
6153,140,129,184278,2729,3812993,12749300
6154,146,129,184132,2746,3813122,13012800
6155,146,124,183986,2768,3813246,12931400
6156,138,130,183848,2776,3813376,13646100
6157,146,152,183702,2770,3813528,13178200
6158,141,155,183561,2756,3813683,12796000
6159,124,133,183437,2747,3813816,13337000
6160,129,143,183308,2733,3813959,15470000
6161,138,140,183170,2731,3814099,14126900
6162,127,104,183043,2754,3814203,13300300
6163,118,124,182925,2748,3814327,12683800
6164,116,133,182809,2731,3814460,12690500
6165,141,135,182668,2737,3814595,13232700
6166,149,114,182519,2772,3814709,13199500
6167,134,140,182385,2766,3814849,13055500
6168,126,110,182259,2782,3814959,12802500
6169,137,140,182122,2779,3815099,12981300
6170,139,140,181983,2778,3815239,13275400
6171,157,148,181826,2787,3815387,12834600
6172,155,142,181671,2800,3815529,13028100
6173,139,132,181532,2807,3815661,13043800
6174,150,153,181382,2804,3815814,13021400
6175,153,136,181229,2821,3815950,13229900
6176,153,120,181076,2854,3816070,12916900
6177,138,146,180938,2846,3816216,12871900
6178,138,151,180800,2833,3816367,13032600
6179,141,138,180659,2836,3816505,12751700
6180,138,171,180521,2803,3816676,15281600
6181,145,135,180376,2813,3816811,14816100
6182,134,129,180242,2818,3816940,13047500
6183,129,138,180113,2809,3817078,13661300
6184,141,151,179972,2799,3817229,13041400
6185,129,158,179843,2770,3817387,17722500
6186,148,127,179695,2791,3817514,13153800
6187,121,115,179574,2797,3817629,12795200
6188,132,141,179442,2788,3817770,12835900
6189,147,145,179295,2790,3817915,12949100
6190,143,132,179152,2801,3818047,12982600
6191,130,134,179022,2797,3818181,13455100
6192,138,138,178884,2797,3818319,13192100
6193,146,134,178738,2809,3818453,12999800
6194,149,164,178589,2794,3818617,12682000
6195,150,143,178439,2801,3818760,13246100
6196,156,129,178283,2828,3818889,12659600
6197,147,156,178136,2819,3819045,13330000
6198,144,123,177992,2840,3819168,13335000
6199,151,132,177841,2859,3819300,12702000
6200,134,146,177707,2847,3819446,12772600
6201,126,143,177581,2830,3819589,12658700
6202,137,130,177444,2837,3819719,13029100
6203,151,143,177293,2845,3819862,12682900
6204,133,139,177160,2839,3820001,12637900
6205,136,135,177024,2840,3820136,12743600
6206,139,154,176885,2825,3820290,12779400
6207,134,120,176751,2839,3820410,12934800
6208,145,145,176606,2839,3820555,12692300
6209,132,143,176474,2828,3820698,12656500
6210,147,145,176327,2830,3820843,12703200
6211,135,124,176192,2841,3820967,12681900
6212,135,150,176057,2826,3821117,12770700
6213,110,131,175947,2805,3821248,13287400
6214,143,134,175804,2814,3821382,13252000
6215,120,135,175684,2799,3821517,13273300
6216,112,143,175572,2768,3821660,12724700
6217,139,137,175433,2770,3821797,12690500
6218,138,121,175295,2787,3821918,12902500
6219,138,139,175157,2786,3822057,12770600
6220,129,143,175028,2772,3822200,13122900
6221,144,137,174884,2779,3822337,13009200
6222,150,132,174734,2797,3822469,12725700
6223,138,146,174596,2789,3822615,13462000
6224,159,145,174437,2803,3822760,13553400
6225,156,136,174281,2823,3822896,13346100
6226,145,138,174136,2830,3823034,12653400
6227,142,149,173994,2823,3823183,12599600
6228,133,138,173861,2818,3823321,13374400
6229,130,121,173731,2827,3823442,12812800
6230,132,150,173599,2809,3823592,13496800
6231,137,122,173462,2824,3823714,15242000
6232,129,133,173333,2820,3823847,15865100
6233,119,157,173214,2782,3824004,14634900
6234,126,124,173088,2784,3824128,13146900
6235,132,165,172956,2751,3824293,12780000
6236,142,146,172814,2747,3824439,12667900
6237,133,148,172681,2732,3824587,13363500
6238,133,155,172548,2710,3824742,15175700
6239,127,122,172421,2715,3824864,13232500
6240,142,152,172279,2705,3825016,12983300
6241,154,145,172125,2714,3825161,12727400
6242,138,136,171987,2716,3825297,12635400
6243,142,118,171845,2740,3825415,12933800
6244,127,137,171718,2730,3825552,12703800
6245,136,138,171582,2728,3825690,12670600
6246,152,122,171430,2758,3825812,12759200
6247,132,153,171298,2737,3825965,12703000
6248,121,142,171177,2716,3826107,13177300
6249,132,133,171045,2715,3826240,12983900
6250,114,135,170931,2694,3826375,13244900
6251,126,145,170805,2675,3826520,13116900
6252,123,136,170682,2662,3826656,12715100
6253,116,123,170566,2655,3826779,12766600
6254,124,143,170442,2636,3826922,12972700
6255,118,137,170324,2617,3827059,13219400
6256,119,132,170205,2604,3827191,12990400
6257,137,133,170068,2608,3827324,13193200
6258,127,124,169941,2611,3827448,12705600
6259,143,146,169798,2608,3827594,13087200
6260,111,136,169687,2583,3827730,13048400
6261,142,145,169545,2580,3827875,13031200
6262,120,147,169425,2553,3828022,12906200
6263,132,130,169293,2555,3828152,12684500
6264,132,114,169161,2573,3828266,13124400
6265,121,138,169040,2556,3828404,12702200
6266,123,137,168917,2542,3828541,12747000
6267,145,133,168772,2554,3828674,12658100
6268,118,120,168654,2552,3828794,13189900
6269,133,138,168521,2547,3828932,13301700
6270,128,117,168393,2558,3829049,12765000
6271,129,134,168264,2553,3829183,13038500
6272,125,131,168139,2547,3829314,13391100
6273,120,118,168019,2549,3829432,13567300
6274,150,124,167869,2575,3829556,12922900
6275,160,144,167709,2591,3829700,13323500
6276,129,121,167580,2599,3829821,13088400
6277,125,131,167455,2593,3829952,12853300
6278,125,114,167330,2604,3830066,12758700
6279,132,118,167198,2618,3830184,13897400
6280,135,122,167063,2631,3830306,12814200
6281,127,111,166936,2647,3830417,17069400
6282,126,127,166810,2646,3830544,14530000
6283,150,131,166660,2665,3830675,15028200
6284,139,131,166521,2673,3830806,14546600
6285,139,131,166382,2681,3830937,12799700
6286,133,142,166249,2672,3831079,12963900
6287,132,139,166117,2665,3831218,12818600
6288,137,125,165980,2677,3831343,12753800
6289,145,126,165835,2696,3831469,12767400
6290,140,137,165695,2699,3831606,12907800
6291,132,126,165563,2705,3831732,12836900
6292,127,167,165436,2665,3831899,12772700
6293,133,127,165303,2671,3832026,12798400
6294,125,133,165178,2663,3832159,12784200
6295,127,137,165051,2653,3832296,12874900
6296,116,142,164935,2627,3832438,12929200
6297,124,131,164811,2620,3832569,12810400
6298,128,138,164683,2610,3832707,12851800
6299,122,144,164561,2588,3832851,13196000
6300,113,116,164448,2585,3832967,13691800
6301,125,115,164323,2595,3833082,13208200
6302,136,132,164187,2599,3833214,12968300
6303,134,115,164053,2618,3833329,13007800
6304,141,126,163912,2633,3833455,12617400
6305,129,126,163783,2636,3833581,12654000
6306,125,146,163658,2615,3833727,12873400
6307,126,140,163532,2601,3833867,12839200
6308,130,119,163402,2612,3833986,12855200
6309,132,116,163270,2628,3834102,14935900
6310,123,135,163147,2616,3834237,13247300
6311,123,130,163024,2609,3834367,12782200
6312,124,132,162900,2601,3834499,12688400
6313,143,132,162757,2612,3834631,12718800
6314,119,130,162638,2601,3834761,12702300
6315,140,133,162498,2608,3834894,12882500
6316,115,105,162383,2618,3834999,12730200
6317,121,133,162262,2606,3835132,12962300
6318,125,110,162137,2621,3835242,13005400
6319,146,134,161991,2633,3835376,12698200
6320,122,135,161869,2620,3835511,12800100
6321,108,120,161761,2608,3835631,12738100
6322,130,129,161631,2609,3835760,12811600
6323,120,121,161511,2608,3835881,12655700
6324,116,133,161395,2591,3836014,12676400
6325,144,130,161251,2605,3836144,12663500
6326,123,165,161128,2563,3836309,12713700
6327,112,148,161016,2527,3836457,12757600
6328,115,130,160901,2512,3836587,12642400
6329,127,115,160774,2524,3836702,12666100
6330,136,128,160638,2532,3836830,12682700
6331,114,143,160524,2503,3836973,12721000
6332,103,120,160421,2486,3837093,12731500
6333,120,121,160301,2485,3837214,12689900
6334,121,116,160180,2490,3837330,12696200
6335,123,129,160057,2484,3837459,12944500
6336,116,119,159941,2481,3837578,12623300
6337,106,122,159835,2465,3837700,12697900
6338,128,135,159707,2458,3837835,12664700
6339,124,125,159583,2457,3837960,12660600
6340,112,122,159471,2447,3838082,12659100
6341,122,144,159349,2425,3838226,13306100
6342,115,123,159234,2417,3838349,13016400
6343,136,127,159098,2426,3838476,12956300
6344,122,114,158976,2434,3838590,12644100
6345,106,113,158870,2427,3838703,12814800
6346,143,126,158727,2444,3838829,13177800
6347,122,128,158605,2438,3838957,12967200
6348,127,122,158478,2443,3839079,13285500
6349,131,140,158347,2434,3839219,13192800
6350,113,115,158234,2432,3839334,12695000
6351,121,120,158113,2433,3839454,12974600
6352,113,117,158000,2429,3839571,12612500
6353,102,129,157898,2402,3839700,12773900
6354,111,127,157787,2386,3839827,13125500
6355,117,130,157670,2373,3839957,13283900
6356,122,115,157548,2380,3840072,12629900
6357,116,102,157432,2394,3840174,12646900
6358,114,107,157318,2401,3840281,12728100
6359,118,119,157200,2400,3840400,12658000
6360,114,117,157086,2397,3840517,13039800
6361,128,127,156958,2398,3840644,12600700
6362,95,107,156863,2386,3840751,13279800
6363,111,121,156752,2376,3840872,12889500
6364,107,118,156645,2365,3840990,12959900
6365,110,121,156535,2354,3841111,13346800
6366,118,127,156417,2345,3841238,12865500
6367,122,144,156295,2323,3841382,12784400
6368,103,118,156192,2308,3841500,12876000
6369,110,121,156082,2297,3841621,13323200
6370,125,123,155957,2299,3841744,12907100
6371,105,115,155852,2289,3841859,13917900
6372,116,111,155736,2294,3841970,15810700
6373,105,132,155631,2267,3842102,13056700
6374,109,96,155522,2280,3842198,12999900
6375,119,111,155403,2288,3842309,13156200
6376,131,103,155272,2316,3842412,12756400
6377,120,105,155152,2331,3842517,13343200
6378,123,120,155029,2334,3842637,13341400
6379,130,109,154899,2355,3842746,13327900
6380,116,137,154783,2334,3842883,12686100
6381,117,124,154666,2327,3843007,12744200
6382,106,109,154560,2324,3843116,13087700
6383,115,106,154445,2333,3843222,13681100
6384,101,111,154344,2323,3843333,13071300
6385,131,112,154213,2342,3843445,13770600
6386,105,126,154108,2321,3843571,12826300
6387,144,120,153964,2345,3843691,12854100
6388,118,113,153846,2350,3843804,12638400
6389,121,126,153725,2345,3843930,12768900
6390,112,110,153613,2347,3844040,12647100
6391,108,122,153505,2333,3844162,13116200
6392,119,101,153386,2351,3844263,12684900
6393,106,115,153280,2342,3844378,12677400
6394,135,109,153145,2368,3844487,12737600
6395,108,109,153037,2367,3844596,12881300
6396,98,100,152939,2365,3844696,13153000
6397,110,129,152829,2346,3844825,12878100
6398,144,123,152685,2367,3844948,12731800
6399,112,115,152573,2364,3845063,12709400
6400,97,122,152476,2339,3845185,13109700
6401,128,122,152348,2345,3845307,12628500
6402,100,117,152248,2328,3845424,13085100
6403,110,112,152138,2326,3845536,12946900
6404,105,93,152033,2338,3845629,13032300
6405,128,137,151905,2329,3845766,13076000
6406,134,125,151771,2338,3845891,12635500
6407,110,148,151661,2300,3846039,13361800
6408,110,110,151551,2300,3846149,12958500
6409,109,95,151442,2314,3846244,12646800
6410,118,113,151324,2319,3846357,12761300
6411,135,114,151189,2340,3846471,12608300
6412,121,133,151068,2328,3846604,12821400
6413,86,108,150982,2306,3846712,12667600
6414,105,111,150877,2300,3846823,13074600
6415,93,115,150784,2278,3846938,12768000
6416,122,111,150662,2289,3847049,12712800
6417,121,113,150541,2297,3847162,12748100
6418,104,124,150437,2277,3847286,12946400
6419,120,120,150317,2277,3847406,13436600
6420,109,113,150208,2273,3847519,12804100
6421,107,119,150101,2261,3847638,12620100
6422,115,102,149986,2274,3847740,12729300
6423,98,120,149888,2252,3847860,12825200
6424,116,112,149772,2256,3847972,12714000
6425,112,132,149660,2236,3848104,12775100
6426,95,121,149565,2210,3848225,12669700
6427,116,116,149449,2210,3848341,12636000
6428,116,107,149333,2219,3848448,13059800
6429,118,101,149215,2236,3848549,13257800
6430,94,98,149121,2232,3848647,12996000
6431,105,119,149016,2218,3848766,12597100
6432,109,103,148907,2224,3848869,12972400
6433,121,128,148786,2217,3848997,12882100
6434,99,122,148687,2194,3849119,12865600
6435,107,108,148580,2193,3849227,14187200
6436,101,107,148479,2187,3849334,13161800
6437,97,109,148382,2175,3849443,12935500
6438,112,127,148270,2160,3849570,13026700
6439,109,105,148161,2164,3849675,12592400
6440,110,112,148051,2162,3849787,12672600
6441,103,113,147948,2152,3849900,13178400
6442,113,112,147835,2153,3850012,13006700
6443,115,105,147720,2163,3850117,12539900
6444,118,91,147602,2190,3850208,12633400
6445,114,123,147488,2181,3850331,12768800
6446,112,97,147376,2196,3850428,13159500
6447,123,102,147253,2217,3850530,13112900
6448,101,100,147152,2218,3850630,13103300
6449,138,107,147014,2249,3850737,12829300
6450,124,103,146890,2270,3850840,12672100
6451,125,90,146765,2305,3850930,12708900
6452,128,110,146637,2323,3851040,12724200
6453,128,98,146509,2353,3851138,12620100
6454,156,123,146353,2386,3851261,12691300
6455,120,118,146233,2388,3851379,13233300
6456,130,114,146103,2404,3851493,13645000
6457,131,136,145972,2399,3851629,13543800
6458,121,116,145851,2404,3851745,14140300
6459,106,137,145745,2373,3851882,13502100
6460,125,112,145620,2386,3851994,13012300
6461,143,115,145477,2414,3852109,12892500
6462,123,141,145354,2396,3852250,13712600
6463,137,115,145217,2418,3852365,13769900
6464,122,133,145095,2407,3852498,13482200
6465,144,110,144951,2441,3852608,12846800
6466,149,117,144802,2473,3852725,13420300
6467,118,127,144684,2464,3852852,15986300
6468,154,127,144530,2491,3852979,12779800
6469,129,141,144401,2479,3853120,12703100
6470,125,131,144276,2473,3853251,12746300
6471,119,114,144157,2478,3853365,13004400
6472,131,112,144026,2497,3853477,12869000
6473,116,138,143910,2475,3853615,12660600
6474,117,112,143793,2480,3853727,12687900
6475,124,109,143669,2495,3853836,12721500
6476,135,121,143534,2509,3853957,12883700
6477,119,128,143415,2500,3854085,13322200
6478,113,122,143302,2491,3854207,12788500
6479,115,126,143187,2480,3854333,12924700
6480,116,121,143071,2475,3854454,13031800
6481,123,133,142948,2465,3854587,12866300
6482,101,107,142847,2459,3854694,12653300
6483,132,125,142715,2466,3854819,12688300
6484,103,155,142612,2414,3854974,13040200
6485,123,128,142489,2409,3855102,12905300
6486,122,137,142367,2394,3855239,13194800
6487,108,104,142259,2398,3855343,13042300
6488,119,124,142140,2393,3855467,12586500
6489,122,131,142018,2384,3855598,12718800
6490,116,117,141902,2383,3855715,12646700
6491,122,117,141780,2388,3855832,12692800
6492,104,113,141676,2379,3855945,12907200
6493,106,118,141570,2367,3856063,13394400
6494,112,117,141458,2362,3856180,13072100
6495,109,119,141349,2352,3856299,12575500
6496,126,115,141223,2363,3856414,13256400
6497,114,103,141109,2374,3856517,12937600
6498,103,117,141006,2360,3856634,12623500
6499,108,109,140898,2359,3856743,13116700
6500,122,104,140776,2377,3856847,12984400
6501,105,116,140671,2366,3856963,13011300
6502,112,111,140559,2367,3857074,12638600
6503,105,111,140454,2361,3857185,12672300
6504,117,109,140337,2369,3857294,12609900
6505,110,131,140227,2348,3857425,12805100
6506,118,117,140109,2349,3857542,12748300
6507,133,125,139976,2357,3857667,12711600
6508,123,114,139853,2366,3857781,12855000
6509,121,97,139732,2390,3857878,12666000
6510,133,119,139599,2404,3857997,13153500
6511,122,105,139477,2421,3858102,13003700
6512,106,97,139371,2430,3858199,12731800
6513,124,101,139247,2453,3858300,12617100
6514,111,131,139136,2433,3858431,12669500
6515,119,120,139017,2432,3858551,12630100
6516,128,126,138889,2434,3858677,12694600
6517,111,115,138778,2430,3858792,12703000
6518,121,124,138657,2427,3858916,12781900
6519,119,113,138538,2433,3859029,12937900
6520,110,114,138428,2429,3859143,12627500
6521,93,133,138335,2389,3859276,12683700
6522,106,118,138229,2377,3859394,12661600
6523,109,128,138120,2358,3859522,12625500
6524,95,108,138025,2345,3859630,12604400
6525,112,136,137913,2321,3859766,12630700
6526,96,121,137817,2296,3859887,13361100
6527,100,115,137717,2281,3860002,13540000
6528,107,102,137610,2286,3860104,12928500
6529,103,110,137507,2279,3860214,12735700
6530,116,108,137391,2287,3860322,13199000
6531,95,120,137296,2262,3860442,12569500
6532,98,113,137198,2247,3860555,12817500
6533,105,98,137093,2254,3860653,13623800
6534,119,114,136974,2259,3860767,12762900
6535,118,141,136856,2236,3860908,12924100
6536,110,130,136746,2216,3861038,13332300
6537,105,110,136641,2211,3861148,13397300
6538,96,109,136545,2198,3861257,12970600
6539,119,108,136426,2209,3861365,12691900
6540,113,107,136313,2215,3861472,12855500
6541,95,106,136218,2204,3861578,14035000
6542,124,101,136094,2227,3861679,12951000
6543,116,94,135978,2249,3861773,12731300
6544,122,117,135856,2254,3861890,13254500
6545,100,111,135756,2243,3862001,12594900
6546,96,115,135660,2224,3862116,13286900
6547,103,139,135557,2188,3862255,15657900
6548,110,107,135447,2191,3862362,16405900
6549,96,107,135351,2180,3862469,14394400
6550,95,121,135256,2154,3862590,12861400
6551,103,112,135153,2145,3862702,12827200
6552,106,106,135047,2145,3862808,12938500
6553,100,106,134947,2139,3862914,12931200
6554,96,109,134851,2126,3863023,14485200
6555,111,89,134740,2148,3863112,16340900
6556,117,98,134623,2167,3863210,13546500
6557,108,94,134515,2181,3863304,13438000
6558,102,103,134413,2180,3863407,13197700
6559,127,94,134286,2213,3863501,13392700
6560,111,111,134175,2213,3863612,12987800
6561,92,102,134083,2203,3863714,12963200
6562,106,123,133977,2186,3863837,13345300
6563,112,133,133865,2165,3863970,12782300
6564,95,106,133770,2154,3864076,12991000
6565,102,104,133668,2152,3864180,12631800
6566,92,116,133576,2128,3864296,12650800
6567,96,119,133480,2105,3864415,12755500
6568,111,92,133369,2124,3864507,12654300
6569,119,108,133250,2135,3864615,12603600
6570,107,101,133143,2141,3864716,12676200
6571,103,121,133040,2123,3864837,12887200
6572,103,96,132937,2130,3864933,12945900
6573,104,108,132833,2126,3865041,12619800
6574,114,103,132719,2137,3865144,12823000
6575,101,109,132618,2129,3865253,12733200
6576,101,100,132517,2130,3865353,15789300
6577,101,109,132416,2122,3865462,14613300
6578,97,115,132319,2104,3865577,12636000
6579,110,109,132209,2105,3865686,13153300
6580,108,111,132101,2102,3865797,12901900
6581,102,102,131999,2102,3865899,12944400
6582,99,105,131900,2096,3866004,13005200
6583,97,112,131803,2081,3866116,12651000
6584,95,101,131708,2075,3866217,12873400
6585,100,90,131608,2085,3866307,12764300
6586,104,102,131504,2087,3866409,12643400
6587,110,101,131394,2096,3866510,12748600
6588,115,100,131279,2111,3866610,12748500
6589,115,98,131164,2128,3866708,12996000
6590,101,117,131063,2112,3866825,13100600
6591,102,108,130961,2106,3866933,12615500
6592,104,106,130857,2104,3867039,13372400
6593,102,117,130755,2089,3867156,13039000
6594,104,89,130651,2104,3867245,12720600
6595,110,98,130541,2116,3867343,13102400
6596,110,106,130431,2120,3867449,13380400
6597,107,106,130324,2121,3867555,12726000
6598,108,112,130216,2117,3867667,12813500
6599,116,114,130100,2119,3867781,12645500
6600,119,96,129981,2142,3867877,13029100
6601,116,94,129865,2164,3867971,12690200
6602,96,107,129769,2153,3868078,13028200
6603,125,102,129644,2176,3868180,12746000
6604,101,132,129543,2145,3868312,12674300
6605,119,115,129424,2149,3868427,12807500
6606,112,100,129312,2161,3868527,12704900
6607,105,114,129207,2152,3868641,12726700
6608,117,99,129090,2170,3868740,12700900
6609,107,114,128983,2163,3868854,14670300
6610,107,91,128876,2179,3868945,13403700
6611,100,88,128776,2191,3869033,13371300
6612,109,104,128667,2196,3869137,13043100
6613,113,118,128554,2191,3869255,14200400
6614,101,97,128453,2195,3869352,15782500
6615,107,115,128346,2187,3869467,13183900
6616,108,105,128238,2190,3869572,12988100
6617,106,108,128132,2188,3869680,12747000
6618,92,115,128040,2165,3869795,12959000
6619,104,119,127936,2150,3869914,12678900
6620,82,104,127854,2128,3870018,12723400
6621,108,102,127746,2134,3870120,12876600
6622,98,133,127648,2099,3870253,12837900
6623,95,94,127553,2100,3870347,12885800
6624,125,99,127428,2126,3870446,12652500
6625,100,82,127328,2144,3870528,12571000
6626,102,98,127226,2148,3870626,13058500
6627,107,128,127119,2127,3870754,12658400
6628,102,104,127017,2125,3870858,12809200
6629,112,117,126905,2120,3870975,13154200
6630,95,96,126810,2119,3871071,12597000
6631,88,122,126722,2085,3871193,12717900
6632,109,97,126613,2097,3871290,13078300
6633,101,98,126512,2100,3871388,13115900
6634,96,104,126416,2092,3871492,13020600
6635,85,87,126331,2090,3871579,12857000
6636,73,101,126258,2062,3871680,14092400
6637,104,90,126154,2076,3871770,12594300
6638,110,122,126044,2064,3871892,12789100
6639,107,100,125937,2071,3871992,13120300
6640,86,105,125851,2052,3872097,12827000
6641,69,99,125782,2022,3872196,12836500
6642,99,92,125683,2029,3872288,12849600
6643,102,91,125581,2040,3872379,13278600
6644,113,108,125468,2045,3872487,12988600
6645,104,103,125364,2046,3872590,12766800
6646,97,97,125267,2046,3872687,12772800
6647,88,100,125179,2034,3872787,12750300
6648,91,102,125088,2023,3872889,12776500
6649,103,94,124985,2032,3872983,14327000
6650,102,116,124883,2018,3873099,15886700
6651,113,117,124770,2014,3873216,13494600
6652,103,90,124667,2027,3873306,12868500
6653,118,114,124549,2031,3873420,17169100
6654,91,115,124458,2007,3873535,16563800
6655,109,93,124349,2023,3873628,12606600
6656,101,110,124248,2014,3873738,12581300
6657,104,99,124144,2019,3873837,13121400
6658,94,119,124050,1994,3873956,12713900
6659,99,91,123951,2002,3874047,12722200
6660,94,106,123857,1990,3874153,12877000
6661,82,121,123775,1951,3874274,13001000
6662,86,104,123689,1933,3874378,12912700
6663,95,96,123594,1932,3874474,13122100
6664,85,100,123509,1917,3874574,13201200
6665,106,94,123403,1929,3874668,13327700
6666,90,111,123313,1908,3874779,12802900
6667,105,93,123208,1920,3874872,12612600
6668,97,85,123111,1932,3874957,12683700
6669,106,88,123005,1950,3875045,13387500
6670,107,93,122898,1964,3875138,12586700
6671,90,107,122808,1947,3875245,12617100
6672,85,99,122723,1933,3875344,12746500
6673,109,108,122614,1934,3875452,12806900
6674,110,94,122504,1950,3875546,12703000
6675,111,108,122393,1953,3875654,13229800
6676,108,99,122285,1962,3875753,12637800
6677,95,100,122190,1957,3875853,12633000
6678,106,93,122084,1970,3875946,12645500
6679,107,92,121977,1985,3876038,13257900
6680,114,93,121863,2006,3876131,15174100
6681,118,89,121745,2035,3876220,12694700
6682,112,83,121633,2064,3876303,13318900
6683,115,114,121518,2065,3876417,13040400
6684,119,82,121399,2102,3876499,13511600
6685,112,110,121287,2104,3876609,13180200
6686,102,119,121185,2087,3876728,13659500
6687,103,96,121082,2094,3876824,12930900
6688,97,121,120985,2070,3876945,14107400
6689,103,106,120882,2067,3877051,13042400
6690,89,84,120793,2072,3877135,12631900
6691,93,113,120700,2052,3877248,12650600
6692,92,89,120608,2055,3877337,12706400
6693,90,102,120518,2043,3877439,12540900
6694,96,107,120422,2032,3877546,12636500
6695,87,99,120335,2020,3877645,12614500
6696,88,99,120247,2009,3877744,12594600
6697,74,91,120173,1992,3877835,12960600
6698,86,89,120087,1989,3877924,12636800
6699,91,106,119996,1974,3878030,12656000
6700,89,111,119907,1952,3878141,12873900
6701,86,101,119821,1937,3878242,12718300
6702,93,108,119728,1922,3878350,12649700
6703,86,91,119642,1917,3878441,13088300
6704,85,109,119557,1893,3878550,12610900
6705,81,87,119476,1887,3878637,12707600
6706,92,91,119384,1888,3878728,12650700
6707,77,88,119307,1877,3878816,12587700
6708,92,93,119215,1876,3878909,12957400
6709,75,86,119140,1865,3878995,12643000
6710,80,97,119060,1848,3879092,12677500
6711,83,86,118977,1845,3879178,12943400
6712,91,97,118886,1839,3879275,12985400
6713,92,89,118794,1842,3879364,13426700
6714,82,91,118712,1833,3879455,13175400
6715,85,87,118627,1831,3879542,13080300
6716,88,92,118539,1827,3879634,13119800
6717,99,85,118440,1841,3879719,12980300
6718,102,104,118338,1839,3879823,12891800
6719,93,74,118245,1858,3879897,12972600
6720,102,75,118143,1885,3879972,13057800
6721,87,108,118056,1864,3880080,13103500
6722,73,97,117983,1840,3880177,12990500
6723,90,86,117893,1844,3880263,13168200
6724,91,106,117802,1829,3880369,13085000
6725,78,89,117724,1818,3880458,12930400
6726,85,94,117639,1809,3880552,13043100
6727,90,81,117549,1818,3880633,12628900
6728,88,93,117461,1813,3880726,14008600
6729,98,99,117363,1812,3880825,12805400
6730,88,94,117275,1806,3880919,13234200
6731,84,100,117191,1790,3881019,13354500
6732,104,82,117087,1812,3881101,13119800
6733,107,90,116980,1829,3881191,13292400
6734,94,101,116886,1822,3881292,13308600
6735,80,104,116806,1798,3881396,12957600
6736,90,84,116716,1804,3881480,12973900
6737,98,82,116618,1820,3881562,12921800
6738,69,99,116549,1790,3881661,16473500
6739,99,95,116450,1794,3881756,13095900
6740,72,88,116378,1778,3881844,16115800
6741,106,68,116272,1816,3881912,13281000
6742,108,95,116164,1829,3882007,15575300
6743,87,93,116077,1823,3882100,13741400
6744,110,95,115967,1838,3882195,12778800
6745,100,96,115867,1842,3882291,12767200
6746,112,81,115755,1873,3882372,12845200
6747,96,100,115659,1869,3882472,12563800
6748,107,94,115552,1882,3882566,12668000
6749,99,97,115453,1884,3882663,12609200
6750,87,77,115366,1894,3882740,12671900
6751,93,96,115273,1891,3882836,12629800
6752,96,103,115177,1884,3882939,12611900
6753,81,101,115096,1864,3883040,14101400
6754,94,96,115002,1862,3883136,12622800
6755,93,85,114909,1870,3883221,12565500
6756,85,99,114824,1856,3883320,12905500
6757,92,94,114732,1854,3883414,12845800
6758,96,90,114636,1860,3883504,12563900
6759,93,89,114543,1864,3883593,12934900
6760,113,89,114430,1888,3883682,12985200
6761,117,88,114313,1917,3883770,12700300
6762,92,99,114221,1910,3883869,12667900
6763,126,102,114095,1934,3883971,13296000
6764,96,83,113999,1947,3884054,13678000
6765,96,111,113903,1932,3884165,13186700
6766,104,105,113799,1931,3884270,12757500
6767,96,94,113703,1933,3884364,14219500
6768,84,97,113619,1920,3884461,15442200
6769,91,96,113528,1915,3884557,13776400
6770,98,99,113430,1914,3884656,12546300
6771,96,94,113334,1916,3884750,12592100
6772,92,88,113242,1920,3884838,12617400
6773,87,86,113155,1921,3884924,12724800
6774,83,80,113072,1924,3885004,13063900
6775,92,81,112980,1935,3885085,12659900
6776,96,88,112884,1943,3885173,12616700
6777,97,105,112787,1935,3885278,13141100
6778,95,108,112692,1922,3885386,12987800
6779,89,109,112603,1902,3885495,12615500
6780,86,90,112517,1898,3885585,12577400
6781,106,100,112411,1904,3885685,13226300
6782,89,103,112322,1890,3885788,12853200
6783,88,92,112234,1886,3885880,13121100
6784,99,79,112135,1906,3885959,12622600
6785,99,103,112036,1902,3886062,12699600
6786,78,80,111958,1900,3886142,13093200
6787,91,90,111867,1901,3886232,12690200
6788,106,98,111761,1909,3886330,13023500
6789,99,80,111662,1928,3886410,12554400
6790,96,102,111566,1922,3886512,12846200
6791,100,107,111466,1915,3886619,12614900
6792,96,88,111370,1923,3886707,13113700
6793,98,79,111272,1942,3886786,12968000
6794,104,82,111168,1964,3886868,12780800
6795,103,108,111065,1959,3886976,12622600
6796,105,82,110960,1982,3887058,12957700
6797,103,108,110857,1977,3887166,12839600
6798,92,101,110765,1968,3887267,12732700
6799,98,88,110667,1978,3887355,12702000
6800,114,101,110553,1991,3887456,12808300
6801,95,104,110458,1982,3887560,15638600
6802,88,119,110370,1951,3887679,13890700
6803,90,88,110280,1953,3887767,12896600
6804,108,94,110172,1967,3887861,12935700
6805,98,85,110074,1980,3887946,12942600
6806,109,101,109965,1988,3888047,13485300
6807,106,91,109859,2003,3888138,14760600
6808,110,98,109749,2015,3888236,13273300
6809,109,97,109640,2027,3888333,12753500
6810,90,102,109550,2015,3888435,12685100
6811,98,108,109452,2005,3888543,12604600
6812,91,86,109361,2010,3888629,12795400
6813,84,115,109277,1979,3888744,12798900
6814,104,102,109173,1981,3888846,12788100
6815,95,89,109078,1987,3888935,13300700
6816,94,92,108984,1989,3889027,12759900
6817,89,101,108895,1977,3889128,12563300
6818,94,92,108801,1979,3889220,12567100
6819,102,91,108699,1990,3889311,13281200
6820,87,96,108612,1981,3889407,13087400
6821,83,106,108529,1958,3889513,12881000
6822,101,97,108428,1962,3889610,13002500
6823,88,92,108340,1958,3889702,12849500
6824,98,94,108242,1962,3889796,13321900
6825,111,84,108131,1989,3889880,12912500
6826,95,113,108036,1971,3889993,13386400
6827,89,94,107947,1966,3890087,12998000
6828,109,96,107838,1979,3890183,13089500
6829,95,92,107743,1982,3890275,13270900
6830,97,95,107646,1984,3890370,12801500
6831,104,120,107542,1968,3890490,15146500
6832,104,131,107438,1941,3890621,13640300
6833,78,100,107360,1919,3890721,12847400
6834,95,92,107265,1922,3890813,12880300
6835,90,101,107175,1911,3890914,12712800
6836,83,97,107092,1897,3891011,13413100
6837,77,102,107015,1872,3891113,12865500
6838,92,96,106923,1868,3891209,15022500
6839,102,91,106821,1879,3891300,14328500
6840,80,108,106741,1851,3891408,13303500
6841,102,98,106639,1855,3891506,12984300
6842,93,79,106546,1869,3891585,13105400
6843,105,99,106441,1875,3891684,13013700
6844,76,98,106365,1853,3891782,12995300
6845,93,91,106272,1855,3891873,12860500
6846,108,100,106164,1863,3891973,12654300
6847,86,82,106078,1867,3892055,12674000
6848,87,96,105991,1858,3892151,12759400
6849,84,89,105907,1853,3892240,12759400
6850,95,84,105812,1864,3892324,12959100
6851,84,90,105728,1858,3892414,12604300
6852,109,85,105619,1882,3892499,13154900
6853,79,90,105540,1871,3892589,12627200
6854,86,88,105454,1869,3892677,12547300
6855,87,101,105367,1855,3892778,12913500
6856,92,99,105275,1848,3892877,12569300
6857,75,90,105200,1833,3892967,12749300
6858,94,94,105106,1833,3893061,12995800
6859,92,87,105014,1838,3893148,12569000
6860,99,96,104915,1841,3893244,12533200
6861,67,98,104848,1810,3893342,12622600
6862,73,99,104775,1784,3893441,12579300
6863,98,102,104677,1780,3893543,13027400
6864,81,84,104596,1777,3893627,12776200
6865,86,82,104510,1781,3893709,12523500
6866,93,96,104417,1778,3893805,12673500
6867,93,91,104324,1780,3893896,12592700
6868,73,82,104251,1771,3893978,12763600
6869,73,113,104178,1731,3894091,12672500
6870,89,88,104089,1732,3894179,12579000
6871,78,80,104011,1730,3894259,12947700
6872,82,91,103929,1721,3894350,13081300
6873,76,98,103853,1699,3894448,13321300
6874,97,90,103756,1706,3894538,13164200
6875,78,97,103678,1687,3894635,13191300
6876,75,89,103603,1673,3894724,12898000
6877,72,87,103531,1658,3894811,13180300
6878,75,79,103456,1654,3894890,12928600
6879,70,67,103386,1657,3894957,13710300
6880,87,81,103299,1663,3895038,13323100
6881,78,94,103221,1647,3895132,12784600
6882,72,75,103149,1644,3895207,12722700
6883,70,73,103079,1641,3895280,12862200
6884,79,80,103000,1640,3895360,15674400
6885,71,69,102929,1642,3895429,13689700
6886,82,74,102847,1650,3895503,12492000
6887,94,86,102753,1658,3895589,12666700
6888,77,75,102676,1660,3895664,12583800
6889,76,77,102600,1659,3895741,12663000
6890,79,82,102521,1656,3895823,12923500
6891,75,71,102446,1660,3895894,12616800
6892,88,83,102358,1665,3895977,12948100
6893,86,71,102272,1680,3896048,12819900
6894,92,70,102180,1702,3896118,12554600
6895,87,75,102093,1714,3896193,12627800
6896,104,85,101989,1733,3896278,12517800
6897,98,82,101891,1749,3896360,12795600
6898,93,85,101798,1757,3896445,12685400
6899,87,98,101711,1746,3896543,12591700
6900,103,76,101608,1773,3896619,12813900
6901,83,96,101525,1760,3896715,13079700
6902,89,87,101436,1762,3896802,12858000
6903,95,91,101341,1766,3896893,13259300
6904,98,81,101243,1783,3896974,12574600
6905,100,83,101143,1800,3897057,12831600
6906,99,86,101044,1813,3897143,12538100
6907,119,98,100925,1834,3897241,12576600
6908,97,93,100828,1838,3897334,12669800
6909,86,84,100742,1840,3897418,12628400
6910,87,108,100655,1819,3897526,12725100
6911,102,101,100553,1820,3897627,12938500
6912,81,114,100472,1787,3897741,13717300
6913,92,95,100380,1784,3897836,13451200
6914,90,108,100290,1766,3897944,13145800
6915,81,81,100209,1766,3898025,12920100
6916,100,73,100109,1793,3898098,13040600
6917,77,86,100032,1784,3898184,13813200
6918,95,87,99937,1792,3898271,12910600
6919,93,81,99844,1804,3898352,13900600
6920,95,90,99749,1809,3898442,14225400
6921,107,91,99642,1825,3898533,12867800
6922,109,83,99533,1851,3898616,13446100
6923,87,81,99446,1857,3898697,13183100
6924,82,109,99364,1830,3898806,13076100
6925,98,79,99266,1849,3898885,12741500
6926,93,78,99173,1864,3898963,12693800
6927,110,96,99063,1878,3899059,12548400
6928,99,87,98964,1890,3899146,12584900
6929,86,94,98878,1882,3899240,12612200
6930,99,111,98779,1870,3899351,12685600
6931,90,84,98689,1876,3899435,12616800
6932,95,82,98594,1889,3899517,12644600
6933,99,112,98495,1876,3899629,12836700
6934,88,84,98407,1880,3899713,12581500
6935,89,104,98318,1865,3899817,13104900
6936,97,96,98221,1866,3899913,13057700
6937,93,107,98128,1852,3900020,12589300
6938,83,87,98045,1848,3900107,12675900
6939,76,92,97969,1832,3900199,12568900
6940,81,95,97888,1818,3900294,14338400
6941,93,91,97795,1820,3900385,12896000
6942,88,101,97707,1807,3900486,12840700
6943,93,92,97614,1808,3900578,13239100
6944,82,97,97532,1793,3900675,13129400
6945,84,90,97448,1787,3900765,12670400
6946,95,87,97353,1795,3900852,12606100
6947,93,93,97260,1795,3900945,12626900
6948,87,89,97173,1793,3901034,12563000
6949,93,86,97080,1800,3901120,12630200
6950,85,103,96995,1782,3901223,13225800
6951,93,71,96902,1804,3901294,12641800
6952,84,87,96818,1801,3901381,12808300
6953,97,90,96721,1808,3901471,13299300
6954,107,88,96614,1827,3901559,12682000
6955,87,87,96527,1827,3901646,12659200
6956,76,107,96451,1796,3901753,12738700
6957,80,90,96371,1786,3901843,12597500
6958,90,84,96281,1792,3901927,12590600
6959,85,97,96196,1780,3902024,12635800
6960,99,88,96097,1791,3902112,13591000
6961,72,93,96025,1770,3902205,16750500
6962,105,96,95920,1779,3902301,12731400
6963,83,110,95837,1752,3902411,12483500
6964,75,89,95762,1738,3902500,13011700
6965,93,83,95669,1748,3902583,12618900
6966,92,77,95577,1763,3902660,12828200
6967,100,90,95477,1773,3902750,12682800
6968,84,85,95393,1772,3902835,12588200
6969,81,85,95312,1768,3902920,12599500
6970,84,70,95228,1782,3902990,12632900
6971,83,106,95145,1759,3903096,13272200
6972,86,96,95059,1749,3903192,13275700
6973,86,88,94973,1747,3903280,12626000
6974,91,84,94882,1754,3903364,12584200
6975,86,96,94796,1744,3903460,12611700
6976,68,71,94728,1741,3903531,13382900
6977,85,97,94643,1729,3903628,12548800
6978,84,97,94559,1716,3903725,13069000
6979,78,75,94481,1719,3903800,12987400
6980,91,85,94390,1725,3903885,12802800
6981,89,73,94301,1741,3903958,13251400
6982,88,89,94213,1740,3904047,12618500
6983,98,94,94115,1744,3904141,13021600
6984,91,82,94024,1753,3904223,12909900
6985,87,77,93937,1763,3904300,12610100
6986,96,86,93841,1773,3904386,12552300
6987,90,82,93751,1781,3904468,13097500
6988,78,76,93673,1783,3904544,12548500
6989,90,95,93583,1778,3904639,12671300
6990,100,90,93483,1788,3904729,13078000
6991,102,90,93381,1800,3904819,13306400
6992,91,103,93290,1788,3904922,12927300
6993,70,75,93220,1783,3904997,12948500
6994,98,93,93122,1788,3905090,13034500
6995,79,85,93043,1782,3905175,12985800
6996,84,104,92959,1762,3905279,15545500
6997,89,81,92870,1770,3905360,12999400
6998,90,76,92780,1784,3905436,12677300
6999,90,88,92690,1786,3905524,13328600
7000,68,90,92622,1764,3905614,12581000
7001,72,75,92550,1761,3905689,12620700
7002,80,83,92470,1758,3905772,12810500
7003,89,79,92381,1768,3905851,12856600
7004,78,94,92303,1752,3905945,12885700
7005,89,91,92214,1750,3906036,13243000
7006,92,81,92122,1761,3906117,12836400
7007,84,95,92038,1750,3906212,12849200
7008,74,92,91964,1732,3906304,12763800
7009,87,88,91877,1731,3906392,12731000
7010,75,84,91802,1722,3906476,12670000
7011,73,93,91729,1702,3906569,14700500
7012,86,81,91643,1707,3906650,13546600
7013,86,84,91557,1709,3906734,13174100
7014,85,90,91472,1704,3906824,12761800
7015,79,87,91393,1696,3906911,13218800
7016,70,85,91323,1681,3906996,14862900
7017,88,88,91235,1681,3907084,13563900
7018,64,93,91171,1652,3907177,12840700
7019,71,90,91100,1633,3907267,12897000
7020,82,80,91018,1635,3907347,12957900
7021,86,79,90932,1642,3907426,12955100
7022,79,86,90853,1635,3907512,12730700
7023,74,84,90779,1625,3907596,13026300
7024,77,85,90702,1617,3907681,13087100
7025,81,80,90621,1618,3907761,12539000
7026,71,88,90550,1601,3907849,12572200
7027,73,71,90477,1603,3907920,12821200
7028,70,75,90407,1598,3907995,12582600
7029,82,85,90325,1595,3908080,12984100
7030,68,59,90257,1604,3908139,12960300
7031,73,75,90184,1602,3908214,13064200
7032,66,84,90118,1584,3908298,13052700
7033,85,84,90033,1585,3908382,12883600
7034,74,93,89959,1566,3908475,12756900
7035,80,87,89879,1559,3908562,12769500
7036,71,84,89808,1546,3908646,12800100
7037,76,78,89732,1544,3908724,13018700
7038,76,74,89656,1546,3908798,13063600
7039,91,95,89565,1542,3908893,13291800
7040,71,106,89494,1507,3908999,12650000
7041,93,79,89401,1521,3909078,12649800
7042,65,82,89336,1504,3909160,13285900
7043,64,78,89272,1490,3909238,12686200
7044,73,71,89199,1492,3909309,13123200
7045,88,75,89111,1505,3909384,12548300
7046,76,91,89035,1490,3909475,12643500
7047,64,87,88971,1467,3909562,12738200
7048,85,79,88886,1473,3909641,12872500
7049,64,77,88822,1460,3909718,13323000
7050,64,62,88758,1462,3909780,12537000
7051,77,74,88681,1465,3909854,12518400
7052,78,75,88603,1468,3909929,12631700
7053,70,62,88533,1476,3909991,13235400
7054,93,72,88440,1497,3910063,13008100
7055,94,54,88346,1537,3910117,12589600
7056,88,83,88258,1542,3910200,13177300
7057,80,75,88178,1547,3910275,12570800
7058,96,72,88082,1571,3910347,13714400
7059,87,81,87995,1577,3910428,12617700
7060,88,82,87907,1583,3910510,13231800
7061,81,72,87826,1592,3910582,12543500
7062,95,95,87731,1592,3910677,12638100
7063,78,85,87653,1585,3910762,12617900
7064,77,89,87576,1573,3910851,13214600
7065,78,83,87498,1568,3910934,12583200
7066,78,75,87420,1571,3911009,12952800
7067,60,98,87360,1533,3911107,12996200
7068,79,60,87281,1552,3911167,12969000
7069,79,77,87202,1554,3911244,12786600
7070,63,78,87139,1539,3911322,13194400
7071,75,77,87064,1537,3911399,12969000
7072,64,79,87000,1522,3911478,12888100
7073,82,70,86918,1534,3911548,12683100
7074,66,83,86852,1517,3911631,12658600
7075,81,72,86771,1526,3911703,12657300
7076,73,82,86698,1517,3911785,16108500
7077,62,84,86636,1495,3911869,13636100
7078,61,63,86575,1493,3911932,12648400
7079,82,65,86493,1510,3911997,12960100
7080,72,67,86421,1515,3912064,12647900
7081,60,79,86361,1496,3912143,12591500
7082,75,80,86286,1491,3912223,13113300
7083,65,87,86221,1469,3912310,12636700
7084,63,73,86158,1459,3912383,12620900
7085,75,58,86083,1476,3912441,12573300
7086,78,79,86005,1475,3912520,12610700
7087,82,63,85923,1494,3912583,12731400
7088,74,71,85849,1497,3912654,13111700
7089,88,74,85761,1511,3912728,13006000
7090,89,81,85672,1519,3912809,12541100
7091,89,73,85583,1535,3912882,12835700
7092,72,73,85511,1534,3912955,12564000
7093,72,82,85439,1524,3913037,13048700
7094,80,65,85359,1539,3913102,12931400
7095,79,76,85280,1542,3913178,13243800
7096,67,88,85213,1521,3913266,13311100
7097,75,68,85138,1528,3913334,12831000
7098,75,86,85063,1517,3913420,12703700
7099,69,93,84994,1493,3913513,15943300
7100,71,80,84923,1484,3913593,13288100
7101,75,85,84848,1474,3913678,12751200
7102,73,86,84775,1461,3913764,15463200
7103,68,74,84707,1455,3913838,13360800
7104,81,78,84626,1458,3913916,12789000
7105,70,69,84556,1459,3913985,12687500
7106,78,86,84478,1451,3914071,12708600
7107,79,66,84399,1464,3914137,12730100
7108,88,76,84311,1476,3914213,14029200
7109,82,69,84229,1489,3914282,12793600
7110,79,81,84150,1487,3914363,12820300
7111,71,62,84079,1496,3914425,12727800
7112,70,76,84009,1490,3914501,12590100
7113,67,84,83942,1473,3914585,12619000
7114,72,79,83870,1466,3914664,12991600
7115,94,87,83776,1473,3914751,13043300
7116,87,69,83689,1491,3914820,13101300
7117,84,77,83605,1498,3914897,13287500
7118,85,76,83520,1507,3914973,12541000
7119,59,63,83461,1503,3915036,13205300
7120,61,75,83400,1489,3915111,12632700
7121,59,78,83341,1470,3915189,12561500
7122,70,76,83271,1464,3915265,12568100
7123,61,74,83210,1451,3915339,12503400
7124,72,76,83138,1447,3915415,12540900
7125,74,79,83064,1442,3915494,12669300
7126,77,66,82987,1453,3915560,12566400
7127,66,90,82921,1429,3915650,12880100
7128,54,76,82867,1407,3915726,12697600
7129,68,70,82799,1405,3915796,12709600
7130,75,68,82724,1412,3915864,12644700
7131,60,70,82664,1402,3915934,13959300
7132,64,76,82600,1390,3916010,12880900
7133,63,56,82537,1397,3916066,13017800
7134,62,77,82475,1382,3916143,12505300
7135,65,72,82410,1375,3916215,12574600
7136,63,76,82347,1362,3916291,12926600
7137,76,70,82271,1368,3916361,12552700
7138,78,75,82193,1371,3916436,13046900
7139,71,60,82122,1382,3916496,12693000
7140,88,64,82034,1406,3916560,12624300
7141,57,77,81977,1386,3916637,12591200
7142,68,74,81909,1380,3916711,12528700
7143,67,68,81842,1379,3916779,13122700
7144,70,65,81772,1384,3916844,13089500
7145,80,64,81692,1400,3916908,12835400
7146,90,52,81602,1438,3916960,12566600
7147,62,69,81540,1431,3917029,12950200
7148,72,70,81468,1433,3917099,13221000
7149,73,65,81395,1441,3917164,13239200
7150,56,67,81339,1430,3917231,13201800
7151,75,80,81264,1425,3917311,12771700
7152,76,64,81188,1437,3917375,12605000
7153,79,73,81109,1443,3917448,12819800
7154,67,66,81042,1444,3917514,12553600
7155,67,81,80975,1430,3917595,12993300
7156,77,74,80898,1433,3917669,12872600
7157,72,65,80826,1440,3917734,12541500
7158,73,86,80753,1427,3917820,13032200
7159,71,76,80682,1422,3917896,12626800
7160,66,62,80616,1426,3917958,13191400
7161,68,68,80548,1426,3918026,12989700
7162,71,79,80477,1418,3918105,12522600
7163,69,70,80408,1417,3918175,12976700
7164,58,72,80350,1403,3918247,12649500
7165,71,59,80279,1415,3918306,12737400
7166,78,70,80201,1423,3918376,13065300
7167,52,63,80149,1412,3918439,13013500
7168,73,72,80076,1413,3918511,12932300
7169,63,67,80013,1409,3918578,12718300
7170,66,64,79947,1411,3918642,12534000
7171,73,69,79874,1415,3918711,12836400
7172,62,78,79812,1399,3918789,13380000
7173,59,64,79753,1394,3918853,12557100
7174,49,66,79704,1377,3918919,12482200
7175,59,74,79645,1362,3918993,12999000
7176,50,67,79595,1345,3919060,12709400
7177,65,59,79530,1351,3919119,12731900
7178,65,64,79465,1352,3919183,12686300
7179,71,68,79394,1355,3919251,12947500
7180,64,55,79330,1364,3919306,12532800
7181,65,65,79265,1364,3919371,13025700
7182,56,75,79209,1345,3919446,12981900
7183,62,65,79147,1342,3919511,13005300
7184,70,61,79077,1351,3919572,12584000
7185,57,64,79020,1344,3919636,12928300
7186,66,71,78954,1339,3919707,12853900
7187,57,74,78897,1322,3919781,13124400
7188,64,62,78833,1324,3919843,12978800
7189,62,63,78771,1323,3919906,13307100
7190,77,68,78694,1332,3919974,13121800
7191,51,62,78643,1321,3920036,13044700
7192,58,63,78585,1316,3920099,13009200
7193,42,58,78543,1300,3920157,12951600
7194,49,84,78494,1265,3920241,12981300
7195,52,68,78442,1249,3920309,13186100
7196,56,60,78386,1245,3920369,13169600
7197,43,49,78343,1239,3920418,12808000
7198,57,57,78286,1239,3920475,13695000
7199,58,62,78228,1235,3920537,15709500
7200,69,70,78159,1234,3920607,15913200
7201,68,61,78091,1241,3920668,13522500
7202,71,71,78020,1241,3920739,12909900
7203,54,57,77966,1238,3920796,12767200
7204,63,65,77903,1236,3920861,13041300
7205,54,64,77849,1226,3920925,13266500
7206,73,48,77776,1251,3920973,12639500
7207,66,60,77710,1257,3921033,13101200
7208,72,66,77638,1263,3921099,12605800
7209,70,65,77568,1268,3921164,12578800
7210,70,60,77498,1278,3921224,12712100
7211,56,70,77442,1264,3921294,12582800
7212,61,65,77381,1260,3921359,12769900
7213,60,57,77321,1263,3921416,13237500
7214,64,61,77257,1266,3921477,12843000
7215,56,57,77201,1265,3921534,13494200
7216,63,55,77138,1273,3921589,13144600
7217,56,62,77082,1267,3921651,12954200
7218,79,62,77003,1284,3921713,12577100
7219,59,70,76944,1273,3921783,12648200
7220,55,65,76889,1263,3921848,12641500
7221,49,65,76840,1247,3921913,13393900
7222,58,54,76782,1251,3921967,12889200
7223,58,58,76724,1251,3922025,12788900
7224,54,76,76670,1229,3922101,13215700
7225,63,53,76607,1239,3922154,13043300
7226,63,67,76544,1235,3922221,13165400
7227,65,51,76479,1249,3922272,16145300
7228,68,64,76411,1253,3922336,14993000
7229,48,64,76363,1237,3922400,14066200
7230,72,53,76291,1256,3922453,13393700
7231,65,69,76226,1252,3922522,14004600
7232,64,70,76162,1246,3922592,13051900
7233,69,63,76093,1252,3922655,15746400
7234,57,60,76036,1249,3922715,13028900
7235,73,68,75963,1254,3922783,12904200
7236,63,60,75900,1257,3922843,13058500
7237,57,67,75843,1247,3922910,13018600
7238,43,61,75800,1229,3922971,13255600
7239,52,58,75748,1223,3923029,13294800
7240,59,69,75689,1213,3923098,13189300
7241,68,74,75621,1207,3923172,12995400
7242,51,73,75570,1185,3923245,13196400
7243,62,58,75508,1189,3923303,12949100
7244,55,53,75453,1191,3923356,12812000
7245,50,46,75403,1195,3923402,12672500
7246,62,50,75341,1207,3923452,12631000
7247,57,63,75284,1201,3923515,12772700
7248,57,58,75227,1200,3923573,12961500
7249,56,54,75171,1202,3923627,12702200
7250,57,64,75114,1195,3923691,14123300
7251,47,63,75067,1179,3923754,13941700
7252,61,49,75006,1191,3923803,12648000
7253,64,64,74942,1191,3923867,12871300
7254,61,59,74881,1193,3923926,13757300
7255,50,64,74831,1179,3923990,13719500
7256,48,69,74783,1158,3924059,12548800
7257,55,70,74728,1143,3924129,12781600
7258,57,58,74671,1142,3924187,13564200
7259,50,67,74621,1125,3924254,12942200
7260,47,46,74574,1126,3924300,13225800
7261,45,59,74529,1112,3924359,12835700
7262,45,62,74484,1095,3924421,13001000
7263,50,52,74434,1093,3924473,12744100
7264,62,48,74372,1107,3924521,13428400
7265,60,54,74312,1113,3924575,12799400
7266,59,60,74253,1112,3924635,12945300
7267,52,52,74201,1112,3924687,12691800
7268,54,49,74147,1117,3924736,12921800
7269,55,49,74092,1123,3924785,13380500
7270,56,58,74036,1121,3924843,13650800
7271,59,66,73977,1114,3924909,13051400
7272,56,45,73921,1125,3924954,13139400
7273,55,55,73866,1125,3925009,12668800
7274,66,55,73800,1136,3925064,13207300
7275,58,52,73742,1142,3925116,14028300
7276,64,54,73678,1152,3925170,12849300
7277,46,50,73632,1148,3925220,12561600
7278,54,48,73578,1154,3925268,12672300
7279,59,54,73519,1159,3925322,12631400
7280,64,50,73455,1173,3925372,13080700
7281,48,65,73407,1156,3925437,12911700
7282,53,51,73354,1158,3925488,12915000
7283,62,69,73292,1151,3925557,12771800
7284,49,55,73243,1145,3925612,13042000
7285,51,56,73192,1140,3925668,12829300
7286,54,54,73138,1140,3925722,12822800
7287,41,56,73097,1125,3925778,12883400
7288,47,50,73050,1122,3925828,13268900
7289,38,54,73012,1106,3925882,12852800
7290,59,52,72953,1113,3925934,12690900
7291,49,49,72904,1113,3925983,13470200
7292,52,57,72852,1108,3926040,13184000
7293,53,58,72799,1103,3926098,12885800
7294,57,45,72742,1115,3926143,12821900
7295,52,64,72690,1103,3926207,12656400
7296,56,62,72634,1097,3926269,12600300
7297,56,50,72578,1103,3926319,12922400
7298,37,63,72541,1077,3926382,13135000
7299,45,56,72496,1066,3926438,12893300
7300,57,58,72439,1065,3926496,13256300
7301,43,46,72396,1062,3926542,13902900
7302,51,62,72345,1051,3926604,12968800
7303,56,62,72289,1045,3926666,13053300
7304,54,58,72235,1041,3926724,12925100
7305,53,58,72182,1036,3926782,13135900
7306,74,57,72108,1053,3926839,12804900
7307,57,60,72051,1050,3926899,12943600
7308,45,52,72006,1043,3926951,12870500
7309,57,58,71949,1042,3927009,12847300
7310,52,45,71897,1049,3927054,12754000
7311,56,49,71841,1056,3927103,12850300
7312,49,50,71792,1055,3927153,12835200
7313,54,57,71738,1052,3927210,12594800
7314,55,53,71683,1054,3927263,12663600
7315,42,52,71641,1044,3927315,12643400
7316,52,46,71589,1050,3927361,12616300
7317,49,42,71540,1057,3927403,12945500
7318,58,56,71482,1059,3927459,13077700
7319,53,63,71429,1049,3927522,12939400
7320,49,56,71380,1042,3927578,12933700
7321,49,55,71331,1036,3927633,13036800
7322,50,46,71281,1040,3927679,12857600
7323,47,52,71234,1035,3927731,13456100
7324,49,62,71185,1022,3927793,13207200
7325,59,57,71126,1024,3927850,12709800
7326,58,59,71068,1023,3927909,12612400
7327,44,55,71024,1012,3927964,12695300
7328,59,53,70965,1018,3928017,13742300
7329,49,48,70916,1019,3928065,12656100
7330,50,54,70866,1015,3928119,12623700
7331,50,48,70816,1017,3928167,12507700
7332,44,42,70772,1019,3928209,13057700
7333,44,51,70728,1012,3928260,12598900
7334,56,54,70672,1014,3928314,12720100
7335,34,67,70638,981,3928381,13839700
7336,46,47,70592,980,3928428,14004400
7337,39,46,70553,973,3928474,12991900
7338,41,46,70512,968,3928520,12780200
7339,40,43,70472,965,3928563,12741300
7340,36,46,70436,955,3928609,12823400
7341,50,44,70386,961,3928653,13213500
7342,40,49,70346,952,3928702,12959500
7343,35,34,70311,953,3928736,13781600
7344,39,51,70272,941,3928787,12956500
7345,35,49,70237,927,3928836,13025600
7346,49,47,70188,929,3928883,13242700
7347,42,55,70146,916,3928938,13318000
7348,45,39,70101,922,3928977,12966500
7349,45,41,70056,926,3929018,13141600
7350,44,46,70012,924,3929064,16532300
7351,37,37,69975,924,3929101,12560700
7352,39,39,69936,924,3929140,12943900
7353,45,47,69891,922,3929187,12549300
7354,46,51,69845,917,3929238,12572400
7355,50,46,69795,921,3929284,12669600
7356,35,43,69760,913,3929327,12531600
7357,38,51,69722,900,3929378,12900100
7358,35,45,69687,890,3929423,13121700
7359,44,44,69643,890,3929467,12866900
7360,38,47,69605,881,3929514,13645300
7361,34,39,69571,876,3929553,13024800
7362,40,44,69531,872,3929597,12589500
7363,43,39,69488,876,3929636,12803600
7364,36,44,69452,868,3929680,12936200
7365,43,41,69409,870,3929721,12663600
7366,43,40,69366,873,3929761,13432300
7367,41,36,69325,878,3929797,12581400
7368,45,52,69280,871,3929849,12568200
7369,40,42,69240,869,3929891,13233200
7370,44,38,69196,875,3929929,12979500
7371,37,38,69159,874,3929967,13699900
7372,41,50,69118,865,3930017,13280200
7373,34,49,69084,850,3930066,12718900
7374,36,42,69048,844,3930108,12607700
7375,32,56,69016,820,3930164,12805000
7376,36,40,68980,816,3930204,13212900
7377,43,31,68937,828,3930235,13334700
7378,38,35,68899,831,3930270,13462500
7379,50,39,68849,842,3930309,14414200
7380,36,37,68813,841,3930346,15905400
7381,33,39,68780,835,3930385,12865900
7382,37,40,68743,832,3930425,12892900
7383,43,34,68700,841,3930459,13295100
7384,47,40,68653,848,3930499,12961900
7385,38,38,68615,848,3930537,12962200
7386,38,43,68577,843,3930580,13251200
7387,45,42,68532,846,3930622,12567200
7388,35,41,68497,840,3930663,13024100
7389,31,33,68466,838,3930696,12600100
7390,49,43,68417,844,3930739,13026700
7391,25,35,68392,834,3930774,12842100
7392,40,42,68352,832,3930816,13071000
7393,37,50,68315,819,3930866,12554000
7394,37,52,68278,804,3930918,12531800
7395,28,49,68250,783,3930967,12773800
7396,48,39,68202,792,3931006,13059300
7397,40,24,68162,808,3931030,12889100
7398,37,45,68125,800,3931075,12497900
7399,39,33,68086,806,3931108,12507500
7400,40,34,68046,812,3931142,13408800
7401,31,33,68015,810,3931175,13043000
7402,32,38,67983,804,3931213,13159800
7403,36,32,67947,808,3931245,12525400
7404,38,32,67909,814,3931277,12982300
7405,36,29,67873,821,3931306,12709000
7406,48,41,67825,828,3931347,13439000
7407,38,50,67787,816,3931397,13265500
7408,24,31,67763,809,3931428,13022700
7409,29,37,67734,801,3931465,12564100
7410,35,42,67699,794,3931507,13041100
7411,39,29,67660,804,3931536,14078900
7412,30,44,67630,790,3931580,12917400
7413,29,38,67601,781,3931618,13064600
7414,29,51,67572,759,3931669,12707700
7415,37,46,67535,750,3931715,12998100
7416,37,32,67498,755,3931747,13820300
7417,33,34,67465,754,3931781,12947000
7418,36,44,67429,746,3931825,12610500
7419,36,37,67393,745,3931862,12562700
7420,36,38,67357,743,3931900,13089100
7421,38,44,67319,737,3931944,12621800
7422,29,36,67290,730,3931980,13005700
7423,43,49,67247,724,3932029,12946500
7424,39,32,67208,731,3932061,12758200
7425,22,36,67186,717,3932097,12603400
7426,34,30,67152,721,3932127,13189700
7427,40,37,67112,724,3932164,14942800
7428,32,44,67080,712,3932208,12843000
7429,32,36,67048,708,3932244,12715500
7430,30,40,67018,698,3932284,12644100
7431,30,37,66988,691,3932321,12758700
7432,26,28,66962,689,3932349,12703200
7433,23,34,66939,678,3932383,12555500
7434,28,47,66911,659,3932430,12559700
7435,26,29,66885,656,3932459,12585000
7436,34,29,66851,661,3932488,12556100
7437,31,38,66820,654,3932526,12526300
7438,29,32,66791,651,3932558,12899300
7439,33,43,66758,641,3932601,12970000
7440,30,37,66728,634,3932638,13149300
7441,24,40,66704,618,3932678,12801800
7442,25,35,66679,608,3932713,12744800
7443,37,23,66642,622,3932736,12627800
7444,34,32,66608,624,3932768,12602300
7445,38,36,66570,626,3932804,12974800
7446,41,30,66529,637,3932834,13022000
7447,38,42,66491,633,3932876,12932700
7448,26,32,66465,627,3932908,12840100
7449,27,33,66438,621,3932941,12931500
7450,32,40,66406,613,3932981,13040500
7451,19,29,66387,603,3933010,12913100
7452,28,31,66359,600,3933041,13093200
7453,29,34,66330,595,3933075,12457600
7454,30,26,66300,599,3933101,13142600
7455,36,44,66264,591,3933145,13514300
7456,24,22,66240,593,3933167,13348700
7457,26,31,66214,588,3933198,13406000
7458,33,20,66181,601,3933218,13392100
7459,29,30,66152,600,3933248,12658100
7460,41,45,66111,596,3933293,12975800
7461,36,26,66075,606,3933319,12491400
7462,26,32,66049,600,3933351,12617100
7463,29,45,66020,584,3933396,13061200
7464,23,31,65997,576,3933427,13154100
7465,30,33,65967,573,3933460,12728000
7466,22,24,65945,571,3933484,12852600
7467,30,32,65915,569,3933516,12851200
7468,25,30,65890,564,3933546,12764900
7469,34,35,65856,563,3933581,12697700
7470,32,26,65824,569,3933607,12716300
7471,30,27,65794,572,3933634,12669400
7472,30,28,65764,574,3933662,12860700
7473,31,30,65733,575,3933692,12785900
7474,37,29,65696,583,3933721,14535700
7475,30,25,65666,588,3933746,13369600
7476,39,40,65627,587,3933786,12744500
7477,23,31,65604,579,3933817,12543200
7478,35,26,65569,588,3933843,12580900
7479,18,37,65551,569,3933880,12835700
7480,25,25,65526,569,3933905,13521100
7481,30,32,65496,567,3933937,13381800
7482,26,23,65470,570,3933960,13252800
7483,31,33,65439,568,3933993,14455400
7484,33,26,65406,575,3934019,13203900
7485,29,33,65377,571,3934052,12882900
7486,27,28,65350,570,3934080,13625800
7487,30,28,65320,572,3934108,13752600
7488,26,31,65294,567,3934139,13823400
7489,34,26,65260,575,3934165,13005300
7490,29,27,65231,577,3934192,13218000
7491,36,28,65195,585,3934220,13166400
7492,32,43,65163,574,3934263,13131000
7493,33,26,65130,581,3934289,12946300
7494,36,37,65094,580,3934326,12886900
7495,32,34,65062,578,3934360,13264600
7496,26,28,65036,576,3934388,12899100
7497,30,30,65006,576,3934418,13105400
7498,32,25,64974,583,3934443,13291700
7499,32,20,64942,595,3934463,13303500
7500,19,32,64923,582,3934495,12977700
7501,25,30,64898,577,3934525,13161500
7502,34,30,64864,581,3934555,12845600
7503,29,35,64835,575,3934590,13501500
7504,37,36,64798,576,3934626,13073200
7505,35,27,64763,584,3934653,13087100
7506,29,15,64734,598,3934668,13370700
7507,30,30,64704,598,3934698,13894000
7508,27,22,64677,603,3934720,13422100
7509,36,42,64641,597,3934762,12958300
7510,31,30,64610,598,3934792,13111500
7511,25,27,64585,596,3934819,12870700
7512,35,30,64550,601,3934849,12900400
7513,25,25,64525,601,3934874,13060500
7514,36,28,64489,609,3934902,13159200
7515,34,34,64455,609,3934936,13044900
7516,32,27,64423,614,3934963,12920300
7517,33,43,64390,604,3935006,12882300
7518,27,31,64363,600,3935037,13258400
7519,29,27,64334,602,3935064,13082000
7520,24,36,64310,590,3935100,12924600
7521,34,28,64276,596,3935128,12942400
7522,31,26,64245,601,3935154,13008900
7523,28,25,64217,604,3935179,13350400
7524,33,31,64184,606,3935210,13781100
7525,22,24,64162,604,3935234,13539200
7526,23,20,64139,607,3935254,12945600
7527,28,34,64111,601,3935288,12508000
7528,32,28,64079,605,3935316,13581400
7529,36,17,64043,624,3935333,12853300
7530,23,33,64020,614,3935366,12912900
7531,29,36,63991,607,3935402,12865600
7532,28,30,63963,605,3935432,12623600
7533,30,26,63933,609,3935458,12742700
7534,22,23,63911,608,3935481,16229400
7535,20,24,63891,604,3935505,15051200
7536,24,27,63867,601,3935532,12652200
7537,19,38,63848,582,3935570,12471100
7538,25,32,63823,575,3935602,12812700
7539,17,31,63806,561,3935633,12688200
7540,24,39,63782,546,3935672,12735600
7541,20,24,63762,542,3935696,12962000
7542,27,28,63735,541,3935724,12575900
7543,18,22,63717,537,3935746,13074700
7544,22,24,63695,535,3935770,12974900
7545,23,20,63672,538,3935790,12468100
7546,24,30,63648,532,3935820,12480000
7547,22,23,63626,531,3935843,12721700
7548,20,25,63606,526,3935868,13896500
7549,20,28,63586,518,3935896,12913400
7550,20,26,63566,512,3935922,12858000
7551,26,17,63540,521,3935939,12839300
7552,24,27,63516,518,3935966,12883300
7553,27,23,63489,522,3935989,12759200
7554,22,19,63467,525,3936008,13148100
7555,16,24,63451,517,3936032,13806400
7556,28,25,63423,520,3936057,12859700
7557,18,33,63405,505,3936090,12797300
7558,28,23,63377,510,3936113,12884800
7559,24,23,63353,511,3936136,13205900
7560,16,22,63337,505,3936158,13131700
7561,20,14,63317,511,3936172,12796900
7562,13,23,63304,501,3936195,12715900
7563,23,20,63281,504,3936215,12637200
7564,29,17,63252,516,3936232,13286700
7565,21,28,63231,509,3936260,13369300
7566,23,35,63208,497,3936295,14627200
7567,15,21,63193,491,3936316,13081000
7568,15,23,63178,483,3936339,12672100
7569,18,24,63160,477,3936363,12712000
7570,21,24,63139,474,3936387,12764000
7571,23,16,63116,481,3936403,12499500
7572,14,18,63102,477,3936421,12513600
7573,16,23,63086,470,3936444,12825100
7574,31,20,63055,481,3936464,12752500
7575,31,37,63024,475,3936501,12578700
7576,16,26,63008,465,3936527,13135500
7577,25,12,62983,478,3936539,12469800
7578,23,22,62960,479,3936561,12537400
7579,19,12,62941,486,3936573,12940800
7580,17,30,62924,473,3936603,13014200
7581,23,26,62901,470,3936629,12979500
7582,23,21,62878,472,3936650,12476800
7583,20,20,62858,472,3936670,12614900
7584,23,26,62835,469,3936696,12833500
7585,17,29,62818,457,3936725,12652000
7586,22,31,62796,448,3936756,12762400
7587,26,22,62770,452,3936778,12729700
7588,18,16,62752,454,3936794,13255500
7589,31,28,62721,457,3936822,12487200
7590,23,26,62698,454,3936848,13181100
7591,19,15,62679,458,3936863,12481200
7592,13,21,62666,450,3936884,13017500
7593,24,18,62642,456,3936902,12537000
7594,17,33,62625,440,3936935,13016300
7595,17,32,62608,425,3936967,13607100
7596,22,25,62586,422,3936992,12876400
7597,15,27,62571,410,3937019,12693700
7598,16,25,62555,401,3937044,12530600
7599,14,23,62541,392,3937067,12837100
7600,19,19,62522,392,3937086,12785900
7601,13,21,62509,384,3937107,13165100
7602,17,14,62492,387,3937121,12529200
7603,17,14,62475,390,3937135,12434300
7604,11,17,62464,384,3937152,12858500
7605,10,22,62454,372,3937174,12638400
7606,15,27,62439,360,3937201,12670600
7607,16,27,62423,349,3937228,12798000
7608,15,20,62408,344,3937248,13221200
7609,19,10,62389,353,3937258,12757800
7610,16,17,62373,352,3937275,12771500
7611,20,19,62353,353,3937294,13038200
7612,19,7,62334,365,3937301,13212000
7613,19,15,62315,369,3937316,14128500
7614,22,26,62293,365,3937342,12528100
7615,16,14,62277,367,3937356,12432600
7616,16,21,62261,362,3937377,12941500
7617,19,22,62242,359,3937399,12589400
7618,11,17,62231,353,3937416,12554400
7619,19,23,62212,349,3937439,12539200
7620,20,27,62192,342,3937466,12592200
7621,14,19,62178,337,3937485,12712200
7622,18,14,62160,341,3937499,12604700
7623,20,14,62140,347,3937513,13062700
7624,12,20,62128,339,3937533,12420600
7625,20,17,62108,342,3937550,12866600
7626,11,13,62097,340,3937563,12584200
7627,10,13,62087,337,3937576,12766300
7628,13,15,62074,335,3937591,13144000
7629,12,19,62062,328,3937610,12591200
7630,8,11,62054,325,3937621,12839100
7631,19,22,62035,322,3937643,12881400
7632,14,21,62021,315,3937664,12865600
7633,14,15,62007,314,3937679,12467400
7634,17,12,61990,319,3937691,12450800
7635,10,17,61980,312,3937708,12501400
7636,22,9,61958,325,3937717,12525200
7637,15,13,61943,327,3937730,12935900
7638,13,10,61930,330,3937740,12938300
7639,16,19,61914,327,3937759,12496300
7640,10,23,61904,314,3937782,12570800
7641,17,15,61887,316,3937797,12423000
7642,11,17,61876,310,3937814,12576600
7643,8,8,61868,310,3937822,12943300
7644,12,16,61856,306,3937838,13074800
7645,12,13,61844,305,3937851,12476200
7646,11,15,61833,301,3937866,12599800
7647,13,14,61820,300,3937880,12714400
7648,15,18,61805,297,3937898,13130200
7649,15,16,61790,296,3937914,12785000
7650,15,12,61775,299,3937926,12904500
7651,11,12,61764,298,3937938,12947900
7652,11,13,61753,296,3937951,12987000
7653,7,16,61746,287,3937967,12898000
7654,6,14,61740,279,3937981,12599600
7655,12,10,61728,281,3937991,12595600
7656,9,16,61719,274,3938007,12605600
7657,8,15,61711,267,3938022,12794300
7658,7,20,61704,254,3938042,14269200
7659,10,12,61694,252,3938054,14416700
7660,15,6,61679,261,3938060,13033300
7661,8,15,61671,254,3938075,12626200
7662,7,13,61664,248,3938088,12744100
7663,14,13,61650,249,3938101,12767700
7664,14,10,61636,253,3938111,12738700
7665,12,13,61624,252,3938124,12477900
7666,11,7,61613,256,3938131,12522200
7667,6,11,61607,251,3938142,12800200
7668,11,9,61596,253,3938151,12724000
7669,13,10,61583,256,3938161,12469500
7670,11,17,61572,250,3938178,12459300
7671,12,10,61560,252,3938188,12484100
7672,15,12,61545,255,3938200,12461800
7673,12,12,61533,255,3938212,13372600
7674,8,8,61525,255,3938220,12760500
7675,22,17,61503,260,3938237,12721200
7676,8,13,61495,255,3938250,13004800
7677,6,11,61489,250,3938261,12565100
7678,9,12,61480,247,3938273,12939300
7679,8,11,61472,244,3938284,12980900
7680,10,7,61462,247,3938291,12520200
7681,10,12,61452,245,3938303,12471200
7682,5,11,61447,239,3938314,12751800
7683,7,17,61440,229,3938331,12757300
7684,9,15,61431,223,3938346,12494900
7685,8,14,61423,217,3938360,12811900
7686,15,11,61408,221,3938371,14379000
7687,14,8,61394,227,3938379,12680500
7688,12,5,61382,234,3938384,13319700
7689,15,11,61367,238,3938395,13031400
7690,9,11,61358,236,3938406,12967800
7691,8,9,61350,235,3938415,16691900
7692,11,19,61339,227,3938434,12924600
7693,6,14,61333,219,3938448,12834000
7694,8,14,61325,213,3938462,12496400
7695,9,13,61316,209,3938475,13093200
7696,7,9,61309,207,3938484,12622600
7697,11,11,61298,207,3938495,12663300
7698,10,7,61288,210,3938502,12844300
7699,5,13,61283,202,3938515,12929000
7700,10,6,61273,206,3938521,12730900
7701,11,6,61262,211,3938527,12619400
7702,10,7,61252,214,3938534,12485400
7703,14,14,61238,214,3938548,12519100
7704,7,10,61231,211,3938558,12871900
7705,10,13,61221,208,3938571,12763700
7706,10,7,61211,211,3938578,12937500
7707,11,10,61200,212,3938588,12584500
7708,6,11,61194,207,3938599,12712700
7709,5,9,61189,203,3938608,12807900
7710,7,11,61182,199,3938619,12511100
7711,9,8,61173,200,3938627,12830200
7712,6,8,61167,198,3938635,12575200
7713,10,5,61157,203,3938640,12812300
7714,6,9,61151,200,3938649,12734100
7715,8,15,61143,193,3938664,12649400
7716,10,10,61133,193,3938674,12602400
7717,6,7,61127,192,3938681,12529400
7718,5,8,61122,189,3938689,12916800
7719,5,12,61117,182,3938701,12505100
7720,8,10,61109,180,3938711,12581600
7721,7,12,61102,175,3938723,12996500
7722,11,7,61091,179,3938730,12641500
7723,7,16,61084,170,3938746,12781600
7724,5,7,61079,168,3938753,12445300
7725,6,9,61073,165,3938762,12543700
7726,6,10,61067,161,3938772,12765100
7727,4,6,61063,159,3938778,12753900
7728,8,2,61055,165,3938780,12725100
7729,7,9,61048,163,3938789,12471100
7730,5,8,61043,160,3938797,12929000
7731,6,10,61037,156,3938807,12688800
7732,4,4,61033,156,3938811,13005300
7733,5,6,61028,155,3938817,12701700
7734,7,4,61021,158,3938821,12519800
7735,6,15,61015,149,3938836,12465100
7736,6,9,61009,146,3938845,12587000
7737,4,8,61005,142,3938853,12799400
7738,4,6,61001,140,3938859,12916300
7739,4,9,60997,135,3938868,12838700
7740,4,2,60993,137,3938870,12743800
7741,7,9,60986,135,3938879,13259200
7742,7,3,60979,139,3938882,12867500
7743,13,9,60966,143,3938891,13131100
7744,7,9,60959,141,3938900,16162800
7745,2,4,60957,139,3938904,12683600
7746,11,5,60946,145,3938909,12728400
7747,8,6,60938,147,3938915,12883300
7748,7,6,60931,148,3938921,13566300
7749,5,6,60926,147,3938927,13057700
7750,2,7,60924,142,3938934,13032100
7751,4,7,60920,139,3938941,12757300
7752,8,6,60912,141,3938947,12667600
7753,5,8,60907,138,3938955,13054300
7754,5,5,60902,138,3938960,12507300
7755,10,5,60892,143,3938965,12415600
7756,11,4,60881,150,3938969,12913700
7757,4,6,60877,148,3938975,12531600
7758,6,10,60871,144,3938985,12795500
7759,2,9,60869,137,3938994,12770400
7760,7,5,60862,139,3938999,12688400
7761,3,5,60859,137,3939004,12942600
7762,2,11,60857,128,3939015,12477300
7763,2,11,60855,119,3939026,12755700
7764,1,7,60854,113,3939033,13010900
7765,3,8,60851,108,3939041,12872600
7766,2,6,60849,104,3939047,13351200
7767,2,5,60847,101,3939052,12524400
7768,0,5,60847,96,3939057,12498600
7769,2,2,60845,96,3939059,12549900
7770,0,9,60845,87,3939068,12712400
7771,1,4,60844,84,3939072,12527700
7772,2,3,60842,83,3939075,12552700
7773,1,3,60841,81,3939078,12502800
7774,0,6,60841,75,3939084,12544200
7775,0,2,60841,73,3939086,12562400
7776,0,5,60841,68,3939091,12562100
7777,0,4,60841,64,3939095,12603400
7778,0,3,60841,61,3939098,12559600
7779,0,6,60841,55,3939104,12727500
7780,0,3,60841,52,3939107,12589200
7781,0,1,60841,51,3939108,13209100
7782,0,3,60841,48,3939111,12733200
7783,0,4,60841,44,3939115,13261800
7784,0,3,60841,41,3939118,12510600
7785,0,4,60841,37,3939122,12446700
7786,1,2,60840,36,3939124,12489600
7787,1,3,60839,34,3939127,12524600
7788,0,2,60839,32,3939129,12545200
7789,0,3,60839,29,3939132,12688200
7790,1,3,60838,27,3939135,12544800
7791,1,2,60837,26,3939137,12903800
7792,0,2,60837,24,3939139,12533800
7793,0,1,60837,23,3939140,12930600
7794,0,0,60837,23,3939140,13282100
7795,0,1,60837,22,3939141,12536600
7796,1,1,60836,22,3939142,12947300
7797,0,2,60836,20,3939144,12400300
7798,0,0,60836,20,3939144,12793100
7799,1,1,60835,20,3939145,12860500
7800,1,0,60834,21,3939145,12472600
7801,2,0,60832,23,3939145,13051500
7802,0,1,60832,22,3939146,12712900
7803,0,1,60832,21,3939147,12491600
7804,0,0,60832,21,3939147,12483300
7805,0,2,60832,19,3939149,12513700
7806,1,0,60831,20,3939149,12432200
7807,1,2,60830,19,3939151,12751200
7808,1,3,60829,17,3939154,12595200
7809,2,0,60827,19,3939154,12945800
7810,0,0,60827,19,3939154,12495600
7811,1,0,60826,20,3939154,12415300
7812,0,0,60826,20,3939154,12420100
7813,0,0,60826,20,3939154,12544000
7814,0,0,60826,20,3939154,12881100
7815,0,0,60826,20,3939154,12821900
7816,0,0,60826,20,3939154,13011700
7817,0,1,60826,19,3939155,12940700
7818,0,0,60826,19,3939155,12834000
7819,0,0,60826,19,3939155,12836000
7820,0,0,60826,19,3939155,12603600
7821,0,0,60826,19,3939155,12565300
7822,0,0,60826,19,3939155,12584000
7823,0,0,60826,19,3939155,12911400
7824,0,1,60826,18,3939156,12532300
7825,0,2,60826,16,3939158,12796900
7826,0,0,60826,16,3939158,13123600
7827,0,0,60826,16,3939158,12549300
7828,1,1,60825,16,3939159,12709600
7829,0,0,60825,16,3939159,13062800
7830,0,2,60825,14,3939161,12672700
7831,0,0,60825,14,3939161,12475700
7832,1,0,60824,15,3939161,12579800
7833,0,1,60824,14,3939162,12551500
7834,0,1,60824,13,3939163,13081800
7835,0,1,60824,12,3939164,12803900
7836,0,0,60824,12,3939164,12697700
7837,0,1,60824,11,3939165,12942500
7838,0,0,60824,11,3939165,12619900
7839,0,1,60824,10,3939166,12713600
7840,0,1,60824,9,3939167,15367400
7841,0,1,60824,8,3939168,14191400
7842,0,0,60824,8,3939168,13528100
7843,0,1,60824,7,3939169,14518000
7844,1,0,60823,8,3939169,14659300
7845,0,0,60823,8,3939169,13326000
7846,0,0,60823,8,3939169,14174300
7847,1,0,60822,9,3939169,16259600
7848,0,1,60822,8,3939170,13347000
7849,0,1,60822,7,3939171,12442000
7850,0,0,60822,7,3939171,12450500
7851,0,0,60822,7,3939171,12834200
7852,0,0,60822,7,3939171,12780400
7853,0,0,60822,7,3939171,12775200
7854,0,0,60822,7,3939171,12497700
7855,0,0,60822,7,3939171,12846900
7856,0,1,60822,6,3939172,12856900
7857,0,0,60822,6,3939172,12473700
7858,1,0,60821,7,3939172,12796900
7859,0,0,60821,7,3939172,12589400
7860,0,1,60821,6,3939173,12525800
7861,0,0,60821,6,3939173,12830600
7862,1,0,60820,7,3939173,12460700
7863,0,0,60820,7,3939173,13027300
7864,0,0,60820,7,3939173,12505200
7865,0,1,60820,6,3939174,12561900
7866,0,0,60820,6,3939174,12833500
7867,1,1,60819,6,3939175,12458500
7868,2,1,60817,7,3939176,12791800
7869,1,0,60816,8,3939176,12813200
7870,0,0,60816,8,3939176,12679800
7871,0,1,60816,7,3939177,13010300
7872,0,0,60816,7,3939177,12809500
7873,0,1,60816,6,3939178,13033500
7874,0,0,60816,6,3939178,12515200
7875,0,1,60816,5,3939179,12472500
7876,0,0,60816,5,3939179,12936400
7877,0,0,60816,5,3939179,12513200
7878,0,0,60816,5,3939179,12546300
7879,0,0,60816,5,3939179,12901200
7880,0,0,60816,5,3939179,12450700
7881,1,0,60815,6,3939179,12502000
7882,0,0,60815,6,3939179,12475700
7883,0,0,60815,6,3939179,12487700
7884,1,0,60814,7,3939179,12501900
7885,2,0,60812,9,3939179,12425100
7886,0,2,60812,7,3939181,12485600
7887,0,0,60812,7,3939181,12450800
7888,1,0,60811,8,3939181,13114900
7889,1,1,60810,8,3939182,13256800
7890,0,0,60810,8,3939182,12732300
7891,0,0,60810,8,3939182,12641400
7892,0,0,60810,8,3939182,12866400
7893,0,0,60810,8,3939182,13111700
7894,0,0,60810,8,3939182,12689700
7895,0,0,60810,8,3939182,12831300
7896,0,1,60810,7,3939183,12588400
7897,0,1,60810,6,3939184,12534200
7898,0,0,60810,6,3939184,12883600
7899,0,1,60810,5,3939185,12487500
7900,0,1,60810,4,3939186,13159800
7901,0,1,60810,3,3939187,12909900
7902,0,0,60810,3,3939187,12862000
7903,0,0,60810,3,3939187,12665900
7904,0,0,60810,3,3939187,13152000
7905,0,0,60810,3,3939187,12520000
7906,0,0,60810,3,3939187,12553600
7907,0,0,60810,3,3939187,12931000
7908,0,0,60810,3,3939187,12653500
7909,0,0,60810,3,3939187,12708200
7910,0,1,60810,2,3939188,12595600
7911,0,0,60810,2,3939188,12863000
7912,0,0,60810,2,3939188,12947200
7913,0,0,60810,2,3939188,12935200
7914,0,0,60810,2,3939188,12418000
7915,0,0,60810,2,3939188,12902100
7916,0,0,60810,2,3939188,13085800
7917,0,0,60810,2,3939188,12564500
7918,0,0,60810,2,3939188,12740800
7919,0,0,60810,2,3939188,12700900
7920,0,0,60810,2,3939188,13146300
7921,0,0,60810,2,3939188,13028500
7922,0,0,60810,2,3939188,12701900
7923,0,0,60810,2,3939188,13100600
7924,0,0,60810,2,3939188,12675500
7925,0,0,60810,2,3939188,12732100
7926,0,0,60810,2,3939188,12763200
7927,0,0,60810,2,3939188,12625500
7928,0,0,60810,2,3939188,13154100
7929,0,0,60810,2,3939188,13339800
7930,0,1,60810,1,3939189,12697000
7931,0,0,60810,1,3939189,13885400
7932,0,0,60810,1,3939189,12560900
7933,0,0,60810,1,3939189,12672900
7934,0,0,60810,1,3939189,13572100
7935,0,0,60810,1,3939189,15050500
7936,0,0,60810,1,3939189,13157700
7937,0,0,60810,1,3939189,12646100
7938,0,0,60810,1,3939189,12674100
7939,0,0,60810,1,3939189,12727600
7940,0,0,60810,1,3939189,13002900
7941,0,0,60810,1,3939189,13609100
7942,0,0,60810,1,3939189,12369600
7943,0,0,60810,1,3939189,12848800
7944,0,0,60810,1,3939189,12430700
7945,0,0,60810,1,3939189,12412400
7946,0,0,60810,1,3939189,12428300
7947,0,0,60810,1,3939189,12409800
7948,0,0,60810,1,3939189,12532200
7949,0,1,60810,0,3939190,12882800
