Tick,NewlyInfected,NewlyRecovered,TotalSusceptible,TotalInfected,TotalRecovered,StepTimeNanos
0,2,0,8999993,7,0,18906500
1,2,1,8999991,8,1,18190400
2,2,2,8999989,8,3,18349100
3,3,0,8999986,11,3,18784400
4,1,1,8999985,11,4,18713400
5,1,0,8999984,12,4,18327100
6,5,0,8999979,17,4,18452600
7,1,0,8999978,18,4,18360700
8,4,0,8999974,22,4,18079200
9,10,2,8999964,30,6,18756800
10,7,1,8999957,36,7,18259600
11,7,1,8999950,42,8,18110500
12,0,1,8999950,41,9,18521400
13,8,1,8999942,48,10,18329800
14,10,0,8999932,58,10,18289700
15,5,3,8999927,60,13,18217100
16,10,6,8999917,64,19,18502300
17,9,4,8999908,69,23,18977500
18,7,2,8999901,74,25,18787100
19,9,5,8999892,78,30,18979900
20,4,1,8999888,81,31,18541000
21,12,6,8999876,87,37,19361400
22,10,5,8999866,92,42,19065200
23,10,3,8999856,99,45,18805500
24,14,4,8999842,109,49,18686000
25,11,7,8999831,113,56,18498100
26,12,9,8999819,116,65,18839300
27,14,9,8999805,121,74,18601500
28,13,4,8999792,130,78,19046800
29,7,11,8999785,126,89,18847400
30,12,11,8999773,127,100,18696300
31,11,3,8999762,135,103,18341200
32,13,8,8999749,140,111,18257100
33,13,8,8999736,145,119,18874200
34,17,10,8999719,152,129,18871500
35,14,5,8999705,161,134,18139600
36,14,10,8999691,165,144,18105000
37,18,12,8999673,171,156,18457400
38,21,5,8999652,187,161,18165600
39,25,14,8999627,198,175,18796800
40,19,14,8999608,203,189,18147700
41,27,7,8999581,223,196,18457400
42,29,11,8999552,241,207,18228100
43,26,15,8999526,252,222,18165000
44,24,10,8999502,266,232,18218700
45,27,14,8999475,279,246,18189500
46,22,12,8999453,289,258,18326300
47,23,19,8999430,293,277,18568600
48,27,16,8999403,304,293,18376200
49,24,14,8999379,314,307,18428000
50,18,17,8999361,315,324,18257200
51,25,13,8999336,327,337,18248500
52,30,9,8999306,348,346,18162200
53,21,11,8999285,358,357,18426300
54,40,14,8999245,384,371,18254600
55,34,26,8999211,392,397,18203700
56,35,22,8999176,405,419,18302600
57,41,23,8999135,423,442,18252000
58,42,16,8999093,449,458,18183000
59,30,22,8999063,457,480,18219100
60,36,19,8999027,474,499,18150100
61,38,21,8998989,491,520,18195400
62,40,19,8998949,512,539,18428700
63,52,26,8998897,538,565,18535500
64,38,35,8998859,541,600,18147600
65,37,35,8998822,543,635,18479500
66,42,28,8998780,557,663,18350800
67,53,21,8998727,589,684,18265900
68,49,22,8998678,616,706,18587800
69,46,29,8998632,633,735,18203600
70,57,33,8998575,657,768,18094600
71,49,36,8998526,670,804,18137600
72,51,35,8998475,686,839,18243800
73,49,37,8998426,698,876,18363400
74,53,31,8998373,720,907,19506900
75,41,34,8998332,727,941,19274900
76,52,41,8998280,738,982,18330200
77,49,34,8998231,753,1016,18133500
78,57,33,8998174,777,1049,18199200
79,55,48,8998119,784,1097,18213000
80,58,40,8998061,802,1137,18572400
81,61,50,8998000,813,1187,18661900
82,48,46,8997952,815,1233,18228600
83,45,34,8997907,826,1267,18351200
84,54,43,8997853,837,1310,18737400
85,67,51,8997786,853,1361,19161200
86,62,37,8997724,878,1398,19107300
87,58,53,8997666,883,1451,18942100
88,64,35,8997602,912,1486,18634600
89,71,41,8997531,942,1527,18892500
90,73,45,8997458,970,1572,19153800
91,80,51,8997378,999,1623,18934100
92,63,44,8997315,1018,1667,18770300
93,50,44,8997265,1024,1711,18736600
94,59,45,8997206,1038,1756,18486400
95,76,50,8997130,1064,1806,18725100
96,71,52,8997059,1083,1858,19109100
97,66,51,8996993,1098,1909,19367300
98,78,57,8996915,1119,1966,18253200
99,74,57,8996841,1136,2023,18576700
100,58,60,8996783,1134,2083,18046900
101,79,53,8996704,1160,2136,17781600
102,56,59,8996648,1157,2195,18122500
103,83,66,8996565,1174,2261,18186300
104,74,65,8996491,1183,2326,18239400
105,79,62,8996412,1200,2388,18549200
106,75,66,8996337,1209,2454,18579600
107,71,51,8996266,1229,2505,18221600
108,78,67,8996188,1240,2572,18186200
109,67,57,8996121,1250,2629,18315700
110,79,55,8996042,1274,2684,18522800
111,80,61,8995962,1293,2745,18311200
112,85,59,8995877,1319,2804,18303500
113,80,74,8995797,1325,2878,18578900
114,90,73,8995707,1342,2951,18317600
115,83,50,8995624,1375,3001,18123200
116,76,60,8995548,1391,3061,18803800
117,82,50,8995466,1423,3111,18639200
118,95,75,8995371,1443,3186,18257700
119,81,70,8995290,1454,3256,18169200
120,93,68,8995197,1479,3324,18658700
121,79,76,8995118,1482,3400,18756500
122,97,72,8995021,1507,3472,18290900
123,101,83,8994920,1525,3555,18214300
124,79,94,8994841,1510,3649,18545100
125,91,83,8994750,1518,3732,18221000
126,93,73,8994657,1538,3805,18193800
127,91,75,8994566,1554,3880,18672500
128,105,68,8994461,1591,3948,19128700
129,88,87,8994373,1592,4035,18404200
130,109,86,8994264,1615,4121,18221900
131,109,65,8994155,1659,4186,18217000
132,108,87,8994047,1680,4273,18278800
133,100,97,8993947,1683,4370,18316900
134,109,73,8993838,1719,4443,18359200
135,96,82,8993742,1733,4525,18438500
136,92,77,8993650,1748,4602,18221200
137,114,73,8993536,1789,4675,18167100
138,121,78,8993415,1832,4753,18179200
139,107,78,8993308,1861,4831,18905800
140,94,75,8993214,1880,4906,18893200
141,106,91,8993108,1895,4997,18248800
142,110,99,8992998,1906,5096,18174800
143,104,81,8992894,1929,5177,18422300
144,94,107,8992800,1916,5284,18486100
145,111,96,8992689,1931,5380,18274800
146,106,90,8992583,1947,5470,18470100
147,127,114,8992456,1960,5584,18211100
148,109,105,8992347,1964,5689,18302100
149,134,103,8992213,1995,5792,18346700
150,118,100,8992095,2013,5892,18810300
151,111,88,8991984,2036,5980,18372100
152,122,91,8991862,2067,6071,19268300
153,110,99,8991752,2078,6170,18978600
154,119,97,8991633,2100,6267,18721600
155,117,98,8991516,2119,6365,18989300
156,112,108,8991404,2123,6473,18436400
157,124,97,8991280,2150,6570,18670700
158,135,122,8991145,2163,6692,18952500
159,128,102,8991017,2189,6794,18834800
160,121,97,8990896,2213,6891,18633200
161,141,135,8990755,2219,7026,18557600
162,129,93,8990626,2255,7119,19049200
163,133,113,8990493,2275,7232,18790000
164,130,117,8990363,2288,7349,18533600
165,130,128,8990233,2290,7477,18596000
166,146,111,8990087,2325,7588,18258100
167,118,115,8989969,2328,7703,18596000
168,120,115,8989849,2333,7818,18363000
169,121,122,8989728,2332,7940,18315000
170,111,117,8989617,2326,8057,18232100
171,134,111,8989483,2349,8168,18215900
172,120,105,8989363,2364,8273,18244500
173,155,126,8989208,2393,8399,18445400
174,152,118,8989056,2427,8517,18370900
175,156,101,8988900,2482,8618,18498100
176,157,148,8988743,2491,8766,18209100
177,133,126,8988610,2498,8892,18158900
178,145,107,8988465,2536,8999,18201300
179,151,146,8988314,2541,9145,18460100
180,151,121,8988163,2571,9266,18302100
181,140,155,8988023,2556,9421,18676800
182,141,124,8987882,2573,9545,19481900
183,147,126,8987735,2594,9671,18184900
184,144,135,8987591,2603,9806,18541200
185,131,123,8987460,2611,9929,18230300
186,143,126,8987317,2628,10055,18239900
187,128,144,8987189,2612,10199,18642000
188,134,130,8987055,2616,10329,18246300
189,128,132,8986927,2612,10461,18255800
190,138,137,8986789,2613,10598,18209900
191,156,125,8986633,2644,10723,18252200
192,143,140,8986490,2647,10863,18275500
193,148,152,8986342,2643,11015,18209300
194,136,126,8986206,2653,11141,18835500
195,151,122,8986055,2682,11263,18302100
196,163,153,8985892,2692,11416,18246600
197,141,126,8985751,2707,11542,18270700
198,162,143,8985589,2726,11685,18363300
199,163,131,8985426,2758,11816,18174300
200,156,160,8985270,2754,11976,18166500
201,169,139,8985101,2784,12115,18287700
202,173,147,8984928,2810,12262,18266700
203,138,129,8984790,2819,12391,18326200
204,156,138,8984634,2837,12529,18220100
205,144,131,8984490,2850,12660,18263600
206,167,142,8984323,2875,12802,18435800
207,159,133,8984164,2901,12935,18500000
208,154,172,8984010,2883,13107,18256800
209,168,141,8983842,2910,13248,18754400
210,172,135,8983670,2947,13383,18259600
211,144,162,8983526,2929,13545,18164100
212,154,119,8983372,2964,13664,18507000
213,178,142,8983194,3000,13806,18214600
214,195,168,8982999,3027,13974,18540300
215,153,147,8982846,3033,14121,18269000
216,169,145,8982677,3057,14266,18232700
217,161,148,8982516,3070,14414,18368700
218,167,143,8982349,3094,14557,18304400
219,171,155,8982178,3110,14712,18860200
220,191,161,8981987,3140,14873,18790700
221,172,174,8981815,3138,15047,18847400
222,217,171,8981598,3184,15218,18855400
223,185,173,8981413,3196,15391,19165400
224,174,142,8981239,3228,15533,18843300
225,170,163,8981069,3235,15696,18637800
226,179,147,8980890,3267,15843,18725700
227,190,155,8980700,3302,15998,19048500
228,202,180,8980498,3324,16178,18761800
229,196,170,8980302,3350,16348,19386000
230,218,158,8980084,3410,16506,18737900
231,195,181,8979889,3424,16687,18681400
232,215,187,8979674,3452,16874,19312900
233,196,160,8979478,3488,17034,18870400
234,195,153,8979283,3530,17187,18115200
235,208,164,8979075,3574,17351,18794400
236,210,201,8978865,3583,17552,18865800
237,201,181,8978664,3603,17733,18443100
238,202,167,8978462,3638,17900,18401300
239,213,179,8978249,3672,18079,18235800
240,201,184,8978048,3689,18263,18341500
241,205,175,8977843,3719,18438,18462900
242,207,186,8977636,3740,18624,18296500
243,206,208,8977430,3738,18832,18263100
244,222,165,8977208,3795,18997,18258700
245,247,169,8976961,3873,19166,18314000
246,226,174,8976735,3925,19340,18412100
247,220,184,8976515,3961,19524,18616400
248,222,165,8976293,4018,19689,18557200
249,199,183,8976094,4034,19872,18362400
250,223,188,8975871,4069,20060,18387600
251,229,203,8975642,4095,20263,18581500
252,226,223,8975416,4098,20486,18504900
253,236,215,8975180,4119,20701,18209900
254,224,205,8974956,4138,20906,18209200
255,213,234,8974743,4117,21140,18304100
256,238,205,8974505,4150,21345,18242500
257,229,216,8974276,4163,21561,18429300
258,245,220,8974031,4188,21781,18329200
259,227,200,8973804,4215,21981,18295300
260,242,200,8973562,4257,22181,18267900
261,225,212,8973337,4270,22393,18353100
262,214,233,8973123,4251,22626,18179200
263,238,201,8972885,4288,22827,18310600
264,251,232,8972634,4307,23059,18576300
265,228,204,8972406,4331,23263,18252400
266,255,202,8972151,4384,23465,18201500
267,238,223,8971913,4399,23688,18351100
268,225,236,8971688,4388,23924,18152600
269,234,204,8971454,4418,24128,18310500
270,246,214,8971208,4450,24342,18402300
271,230,228,8970978,4452,24570,18381400
272,274,216,8970704,4510,24786,18268400
273,248,234,8970456,4524,25020,18130600
274,265,201,8970191,4588,25221,18283600
275,273,244,8969918,4617,25465,18194400
276,258,226,8969660,4649,25691,18323700
277,252,243,8969408,4658,25934,18566900
278,241,205,8969167,4694,26139,18328200
279,252,232,8968915,4714,26371,18331800
280,235,217,8968680,4732,26588,18604500
281,268,243,8968412,4757,26831,18710300
282,245,212,8968167,4790,27043,18218600
283,235,247,8967932,4778,27290,18181300
284,256,252,8967676,4782,27542,18267400
285,245,235,8967431,4792,27777,18656500
286,243,242,8967188,4793,28019,18569200
287,251,231,8966937,4813,28250,18636300
288,252,270,8966685,4795,28520,19259100
289,239,212,8966446,4822,28732,19746600
290,233,262,8966213,4793,28994,19172200
291,280,262,8965933,4811,29256,19094100
292,255,250,8965678,4816,29506,18589700
293,248,226,8965430,4838,29732,18648500
294,254,239,8965176,4853,29971,18845300
295,269,239,8964907,4883,30210,18453100
296,263,224,8964644,4922,30434,18677200
297,266,242,8964378,4946,30676,18826800
298,242,249,8964136,4939,30925,18848200
299,221,267,8963915,4893,31192,18902900
300,238,243,8963677,4888,31435,18531200
301,259,269,8963418,4878,31704,18824200
302,263,222,8963155,4919,31926,18637700
303,258,231,8962897,4946,32157,18307700
304,260,221,8962637,4985,32378,18399600
305,266,241,8962371,5010,32619,18584100
306,266,245,8962105,5031,32864,18205300
307,275,265,8961830,5041,33129,18417000
308,273,244,8961557,5070,33373,18189900
309,280,249,8961277,5101,33622,18236000
310,269,238,8961008,5132,33860,18401600
311,277,258,8960731,5151,34118,18227900
312,279,225,8960452,5205,34343,18406500
313,293,268,8960159,5230,34611,18498800
314,282,265,8959877,5247,34876,18449900
315,267,262,8959610,5252,35138,18378400
316,262,264,8959348,5250,35402,18482000
317,301,306,8959047,5245,35708,18652600
318,257,286,8958790,5216,35994,18582400
319,283,268,8958507,5231,36262,18237400
320,288,266,8958219,5253,36528,18319200
321,245,261,8957974,5237,36789,18759400
322,267,297,8957707,5207,37086,18565200
323,260,270,8957447,5197,37356,18314300
324,256,254,8957191,5199,37610,18326100
325,250,257,8956941,5192,37867,18475200
326,264,284,8956677,5172,38151,18269800
327,303,249,8956374,5226,38400,18211400
328,239,262,8956135,5203,38662,18218400
329,287,236,8955848,5254,38898,18250000
330,281,271,8955567,5264,39169,18304900
331,271,266,8955296,5269,39435,18221900
332,262,271,8955034,5260,39706,18274900
333,257,265,8954777,5252,39971,18618000
334,243,249,8954534,5246,40220,18400000
335,252,259,8954282,5239,40479,18238300
336,291,274,8953991,5256,40753,18235400
337,284,284,8953707,5256,41037,18246700
338,266,273,8953441,5249,41310,18286300
339,284,248,8953157,5285,41558,18542600
340,277,268,8952880,5294,41826,18572900
341,275,260,8952605,5309,42086,18363700
342,275,252,8952330,5332,42338,18286500
343,274,283,8952056,5323,42621,19137000
344,283,270,8951773,5336,42891,19425000
345,305,273,8951468,5368,43164,18269400
346,297,257,8951171,5408,43421,18321100
347,269,245,8950902,5432,43666,18689700
348,291,263,8950611,5460,43929,18283000
349,308,285,8950303,5483,44214,18313200
350,284,293,8950019,5474,44507,18314300
351,329,263,8949690,5540,44770,18345300
352,285,279,8949405,5546,45049,18271400
353,308,284,8949097,5570,45333,18261900
354,329,258,8948768,5641,45591,18450400
355,310,272,8948458,5679,45863,18347400
356,342,248,8948116,5773,46111,18498800
357,319,306,8947797,5786,46417,18782400
358,306,325,8947491,5767,46742,18950700
359,305,287,8947186,5785,47029,18617500
360,322,301,8946864,5806,47330,18733100
361,298,284,8946566,5820,47614,19045100
362,339,275,8946227,5884,47889,19035300
363,312,279,8945915,5917,48168,18854900
364,323,283,8945592,5957,48451,19181200
365,304,301,8945288,5960,48752,18792700
366,330,315,8944958,5975,49067,19028700
367,346,290,8944612,6031,49357,18462500
368,323,305,8944289,6049,49662,18920400
369,318,315,8943971,6052,49977,19454700
370,353,301,8943618,6104,50278,19148600
371,348,298,8943270,6154,50576,18326200
372,338,301,8942932,6191,50877,18474600
373,312,330,8942620,6173,51207,18265800
374,317,299,8942303,6191,51506,18494200
375,331,329,8941972,6193,51835,18283100
376,327,285,8941645,6235,52120,18214600
377,357,297,8941288,6295,52417,18649200
378,341,293,8940947,6343,52710,18383700
379,356,331,8940591,6368,53041,18521200
380,325,341,8940266,6352,53382,18297000
381,365,328,8939901,6389,53710,18291500
382,320,360,8939581,6349,54070,18376100
383,302,326,8939279,6325,54396,18337000
384,320,352,8938959,6293,54748,18594100
385,323,267,8938636,6349,55015,18260900
386,321,310,8938315,6360,55325,18364000
387,302,335,8938013,6327,55660,18381700
388,320,335,8937693,6312,55995,18415500
389,354,337,8937339,6329,56332,18595700
390,321,328,8937018,6322,56660,18491700
391,306,326,8936712,6302,56986,18248900
392,332,319,8936380,6315,57305,18653700
393,341,343,8936039,6313,57648,18564900
394,330,319,8935709,6324,57967,18348200
395,324,316,8935385,6332,58283,18447700
396,338,339,8935047,6331,58622,18772400
397,359,333,8934688,6357,58955,19894700
398,351,294,8934337,6414,59249,19053200
399,324,364,8934013,6374,59613,18379000
400,346,314,8933667,6406,59927,18631800
401,341,294,8933326,6453,60221,18441000
402,351,336,8932975,6468,60557,18387900
403,325,322,8932650,6471,60879,18569700
404,335,335,8932315,6471,61214,18795300
405,348,315,8931967,6504,61529,18294000
406,354,312,8931613,6546,61841,18653900
407,366,359,8931247,6553,62200,18691600
408,351,339,8930896,6565,62539,18724100
409,382,315,8930514,6632,62854,19417600
410,359,337,8930155,6654,63191,18347000
411,352,337,8929803,6669,63528,18410600
412,351,323,8929452,6697,63851,18433100
413,370,318,8929082,6749,64169,18635800
414,374,339,8928708,6784,64508,18394400
415,384,324,8928324,6844,64832,17934100
416,340,318,8927984,6866,65150,18085200
417,344,356,8927640,6854,65506,18330800
418,367,347,8927273,6874,65853,18528200
419,377,338,8926896,6913,66191,18240100
420,349,320,8926547,6942,66511,18717800
421,363,342,8926184,6963,66853,18381600
422,363,324,8925821,7002,67177,18377900
423,383,369,8925438,7016,67546,18470500
424,389,345,8925049,7060,67891,19072300
425,360,344,8924689,7076,68235,19695300
426,350,373,8924339,7053,68608,19192600
427,381,393,8923958,7041,69001,19541000
428,380,378,8923578,7043,69379,19225200
429,408,323,8923170,7128,69702,19055500
430,386,330,8922784,7184,70032,18568800
431,355,344,8922429,7195,70376,18453800
432,357,358,8922072,7194,70734,19574200
433,385,366,8921687,7213,71100,19045100
434,382,320,8921305,7275,71420,18579100
435,388,347,8920917,7316,71767,18736500
436,388,369,8920529,7335,72136,19337100
437,371,370,8920158,7336,72506,19622300
438,374,340,8919784,7370,72846,19846800
439,390,390,8919394,7370,73236,19032900
440,379,393,8919015,7356,73629,18666200
441,379,368,8918636,7367,73997,18276000
442,361,366,8918275,7362,74363,18258800
443,406,345,8917869,7423,74708,18641600
444,426,355,8917443,7494,75063,18268600
445,366,414,8917077,7446,75477,18274200
446,374,379,8916703,7441,75856,18422900
447,335,391,8916368,7385,76247,18662200
448,362,359,8916006,7388,76606,18299900
449,357,357,8915649,7388,76963,18476200
450,371,398,8915278,7361,77361,18289600
451,368,374,8914910,7355,77735,18887000
452,374,365,8914536,7364,78100,19218200
453,382,353,8914154,7393,78453,18135200
454,399,371,8913755,7421,78824,18264300
455,394,391,8913361,7424,79215,18508400
456,396,365,8912965,7455,79580,18272200
457,397,368,8912568,7484,79948,18355800
458,387,402,8912181,7469,80350,18362600
459,406,401,8911775,7474,80751,18315100
460,402,390,8911373,7486,81141,18240800
461,384,400,8910989,7470,81541,18755400
462,393,388,8910596,7475,81929,18689600
463,368,396,8910228,7447,82325,18386300
464,411,372,8909817,7486,82697,18348400
465,434,370,8909383,7550,83067,19110000
466,435,362,8908948,7623,83429,18379800
467,430,353,8908518,7700,83782,18423900
468,386,404,8908132,7682,84186,18862600
469,419,404,8907713,7697,84590,18748200
470,406,368,8907307,7735,84958,18990100
471,411,355,8906896,7791,85313,18229000
472,426,406,8906470,7811,85719,18360100
473,393,370,8906077,7834,86089,18477100
474,426,379,8905651,7881,86468,18375800
475,442,398,8905209,7925,86866,18758900
476,447,356,8904762,8016,87222,18396300
477,451,371,8904311,8096,87593,18510400
478,401,412,8903910,8085,88005,18709200
479,436,418,8903474,8103,88423,18670700
480,442,415,8903032,8130,88838,18424200
481,438,407,8902594,8161,89245,18437500
482,473,427,8902121,8207,89672,18698700
483,404,409,8901717,8202,90081,18732400
484,436,421,8901281,8217,90502,18393300
485,428,425,8900853,8220,90927,18491700
486,406,399,8900447,8227,91326,18567100
487,419,403,8900028,8243,91729,18527200
488,440,435,8899588,8248,92164,18555500
489,450,415,8899138,8283,92579,18057400
490,437,406,8898701,8314,92985,19486400
491,420,442,8898281,8292,93427,18339900
492,432,386,8897849,8338,93813,18493100
493,452,416,8897397,8374,94229,18499200
494,462,444,8896935,8392,94673,18586700
495,430,427,8896505,8395,95100,19414900
496,406,452,8896099,8349,95552,18544300
497,458,430,8895641,8377,95982,18684600
498,431,410,8895210,8398,96392,19021100
499,436,443,8894774,8391,96835,18621300
500,454,437,8894320,8408,97272,18956600
501,442,394,8893878,8456,97666,18825500
502,441,428,8893437,8469,98094,19425700
503,452,413,8892985,8508,98507,19080600
504,471,384,8892514,8595,98891,19113000
505,468,435,8892046,8628,99326,19755900
506,447,438,8891599,8637,99764,19658600
507,451,447,8891148,8641,100211,19322800
508,468,483,8890680,8626,100694,18362900
509,499,469,8890181,8656,101163,18366500
510,450,405,8889731,8701,101568,18360100
511,467,415,8889264,8753,101983,18280000
512,488,419,8888776,8822,102402,18291800
513,484,463,8888292,8843,102865,18223500
514,468,446,8887824,8865,103311,18317600
515,486,474,8887338,8877,103785,19380500
516,474,431,8886864,8920,104216,18342000
517,442,432,8886422,8930,104648,19084900
518,453,402,8885969,8981,105050,18822500
519,481,465,8885488,8997,105515,18921500
520,434,422,8885054,9009,105937,18608500
521,471,432,8884583,9048,106369,18141900
522,472,432,8884111,9088,106801,18956100
523,483,493,8883628,9078,107294,18011800
524,451,472,8883177,9057,107766,18437300
525,437,491,8882740,9003,108257,19067700
526,469,447,8882271,9025,108704,18289800
527,453,450,8881818,9028,109154,18301900
528,455,455,8881363,9028,109609,18502000
529,479,485,8880884,9022,110094,18426300
530,474,437,8880410,9059,110531,18305800
531,476,418,8879934,9117,110949,18346900
532,487,418,8879447,9186,111367,18393600
533,463,480,8878984,9169,111847,18870500
534,481,481,8878503,9169,112328,18761900
535,481,473,8878022,9177,112801,18667500
536,530,429,8877492,9278,113230,18292400
537,456,472,8877036,9262,113702,18401700
538,488,462,8876548,9288,114164,18495200
539,498,443,8876050,9343,114607,18571700
540,463,475,8875587,9331,115082,18300200
541,453,462,8875134,9322,115544,18241900
542,478,482,8874656,9318,116026,18331900
543,482,445,8874174,9355,116471,18368000
544,466,494,8873708,9327,116965,18507900
545,483,493,8873225,9317,117458,19004800
546,495,444,8872730,9368,117902,18439900
547,483,470,8872247,9381,118372,19344700
548,491,451,8871756,9421,118823,18322500
549,509,498,8871247,9432,119321,18379900
550,490,480,8870757,9442,119801,18455000
551,480,517,8870277,9405,120318,18335900
552,458,475,8869819,9388,120793,18749600
553,508,470,8869311,9426,121263,18208500
554,519,477,8868792,9468,121740,18407200
555,475,444,8868317,9499,122184,18355100
556,492,440,8867825,9551,122624,18485300
557,494,445,8867331,9600,123069,18854400
558,496,452,8866835,9644,123521,18336800
559,521,484,8866314,9681,124005,18342400
560,492,450,8865822,9723,124455,19227200
561,523,479,8865299,9767,124934,19153800
562,462,464,8864837,9765,125398,18858200
563,495,475,8864342,9785,125873,18903000
564,509,514,8863833,9780,126387,18707600
565,494,465,8863339,9809,126852,18982400
566,469,507,8862870,9771,127359,19013900
567,523,477,8862347,9817,127836,19239500
568,483,482,8861864,9818,128318,19022700
569,516,497,8861348,9837,128815,18866700
570,453,490,8860895,9800,129305,18765300
571,507,541,8860388,9766,129846,18553900
572,502,481,8859886,9787,130327,19138800
573,504,508,8859382,9783,130835,18967000
574,501,470,8858881,9814,131305,19566700
575,508,459,8858373,9863,131764,19380100
576,485,476,8857888,9872,132240,19037500
577,515,513,8857373,9874,132753,18228500
578,488,520,8856885,9842,133273,18484900
579,525,498,8856360,9869,133771,18351600
580,528,496,8855832,9901,134267,18806300
581,485,519,8855347,9867,134786,18409100
582,526,510,8854821,9883,135296,18374300
583,500,484,8854321,9899,135780,18406900
584,513,493,8853808,9919,136273,18408200
585,532,524,8853276,9927,136797,18590100
586,502,520,8852774,9909,137317,18397100
587,514,520,8852260,9903,137837,18373600
588,513,502,8851747,9914,138339,18563200
589,550,462,8851197,10002,138801,18894000
590,499,495,8850698,10006,139296,18273700
591,518,494,8850180,10030,139790,18342700
592,531,525,8849649,10036,140315,18295900
593,555,531,8849094,10060,140846,18436300
594,509,459,8848585,10110,141305,18475500
595,552,501,8848033,10161,141806,18364500
596,499,472,8847534,10188,142278,18628700
597,584,533,8846950,10239,142811,18380800
598,535,500,8846415,10274,143311,18386300
599,505,513,8845910,10266,143824,18400400
600,534,481,8845376,10319,144305,18990300
601,542,510,8844834,10351,144815,18400400
602,544,529,8844290,10366,145344,18728700
603,539,569,8843751,10336,145913,18472700
604,495,530,8843256,10301,146443,18505500
605,494,554,8842762,10241,146997,18656200
606,565,476,8842197,10330,147473,18372000
607,518,497,8841679,10351,147970,18402200
608,555,537,8841124,10369,148507,18537700
609,527,516,8840597,10380,149023,18406400
610,537,541,8840060,10376,149564,18451200
611,516,529,8839544,10363,150093,18355100
612,502,494,8839042,10371,150587,18309100
613,532,528,8838510,10375,151115,18693100
614,556,514,8837954,10417,151629,18786500
615,562,540,8837392,10439,152169,19069000
616,543,530,8836849,10452,152699,19549500
617,503,514,8836346,10441,153213,18780100
618,525,552,8835821,10414,153765,18271900
619,520,507,8835301,10427,154272,18370100
620,548,530,8834753,10445,154802,18782400
621,532,527,8834221,10450,155329,18559000
622,520,542,8833701,10428,155871,18233700
623,568,500,8833133,10496,156371,18789700
624,549,530,8832584,10515,156901,18386900
625,501,519,8832083,10497,157420,18364000
626,555,543,8831528,10509,157963,18688600
627,533,526,8830995,10516,158489,18362500
628,551,514,8830444,10553,159003,18707500
629,527,572,8829917,10508,159575,18378400
630,502,483,8829415,10527,160058,18369000
631,562,533,8828853,10556,160591,18659800
632,564,521,8828289,10599,161112,19315600
633,552,540,8827737,10611,161652,19126900
634,547,542,8827190,10616,162194,18603600
635,560,508,8826630,10668,162702,19634800
636,527,499,8826103,10696,163201,19021900
637,565,546,8825538,10715,163747,18649900
638,580,523,8824958,10772,164270,18648600
639,546,509,8824412,10809,164779,18618300
640,513,566,8823899,10756,165345,19141700
641,537,574,8823362,10719,165919,18643900
642,554,543,8822808,10730,166462,19033200
643,581,522,8822227,10789,166984,18632400
644,568,558,8821659,10799,167542,18616500
645,553,511,8821106,10841,168053,18722100
646,539,521,8820567,10859,168574,18810900
647,554,550,8820013,10863,169124,18308200
648,519,525,8819494,10857,169649,18309500
649,522,500,8818972,10879,170149,18248800
650,594,551,8818378,10922,170700,18345500
651,575,509,8817803,10988,171209,18572000
652,625,537,8817178,11076,171746,19286700
653,581,560,8816597,11097,172306,19163400
654,600,592,8815997,11105,172898,19089900
655,558,583,8815439,11080,173481,19075100
656,619,525,8814820,11174,174006,19009000
657,647,557,8814173,11264,174563,19059400
658,607,624,8813566,11247,175187,19237500
659,599,580,8812967,11266,175767,19192000
660,571,561,8812396,11276,176328,19377300
661,583,533,8811813,11326,176861,19287100
662,598,539,8811215,11385,177400,19591400
663,629,544,8810586,11470,177944,18830500
664,622,563,8809964,11529,178507,18966100
665,615,597,8809349,11547,179104,18943100
666,588,585,8808761,11550,179689,19346500
667,586,553,8808175,11583,180242,19252000
668,639,583,8807536,11639,180825,19737600
669,577,572,8806959,11644,181397,19302800
670,525,589,8806434,11580,181986,18952900
671,592,594,8805842,11578,182580,19224900
672,584,590,8805258,11572,183170,18890400
673,598,579,8804660,11591,183749,19216500
674,562,585,8804098,11568,184334,19221400
675,600,573,8803498,11595,184907,19464300
676,613,577,8802885,11631,185484,19466700
677,594,581,8802291,11644,186065,19354900
678,603,603,8801688,11644,186668,19363500
679,593,585,8801095,11652,187253,19276200
680,634,565,8800461,11721,187818,19405600
681,628,588,8799833,11761,188406,19194100
682,658,593,8799175,11826,188999,19165200
683,586,620,8798589,11792,189619,19556000
684,627,532,8797962,11887,190151,19249500
685,626,593,8797336,11920,190744,19207300
686,559,598,8796777,11881,191342,19193400
687,623,612,8796154,11892,191954,19361600
688,638,546,8795516,11984,192500,18871800
689,636,623,8794880,11997,193123,18867700
690,635,578,8794245,12054,193701,19347400
691,617,598,8793628,12073,194299,19100200
692,633,597,8792995,12109,194896,19415500
693,616,582,8792379,12143,195478,19392500
694,641,596,8791738,12188,196074,19833900
695,614,618,8791124,12184,196692,19452300
696,621,618,8790503,12187,197310,19267500
697,614,590,8789889,12211,197900,19162100
698,625,601,8789264,12235,198501,18155700
699,640,618,8788624,12257,199119,18992700
700,655,633,8787969,12279,199752,19156800
701,606,624,8787363,12261,200376,19110400
702,626,655,8786737,12232,201031,18574900
703,638,597,8786099,12273,201628,19034200
704,645,642,8785454,12276,202270,19362500
705,556,626,8784898,12206,202896,19644100
706,583,622,8784315,12167,203518,18618100
707,635,588,8783680,12214,204106,18740700
708,645,599,8783035,12260,204705,19064600
709,643,648,8782392,12255,205353,19081400
710,646,626,8781746,12275,205979,18483700
711,621,576,8781125,12320,206555,19091200
712,653,618,8780472,12355,207173,18924300
713,638,626,8779834,12367,207799,19093600
714,639,626,8779195,12380,208425,18911700
715,604,593,8778591,12391,209018,18585600
716,620,640,8777971,12371,209658,18548700
717,629,603,8777342,12397,210261,18632000
718,693,595,8776649,12495,210856,18690100
719,622,626,8776027,12491,211482,18327700
720,675,634,8775352,12532,212116,18587700
721,603,635,8774749,12500,212751,19319700
722,676,583,8774073,12593,213334,19049300
723,612,638,8773461,12567,213972,18673100
724,633,655,8772828,12545,214627,18788900
725,641,664,8772187,12522,215291,18850900
726,624,601,8771563,12545,215892,18427100
727,660,651,8770903,12554,216543,18513700
728,688,633,8770215,12609,217176,18686400
729,667,614,8769548,12662,217790,18794300
730,653,624,8768895,12691,218414,18840400
731,634,600,8768261,12725,219014,18340200
732,669,661,8767592,12733,219675,18482400
733,683,647,8766909,12769,220322,18693500
734,680,622,8766229,12827,220944,18743800
735,644,625,8765585,12846,221569,18562000
736,638,624,8764947,12860,222193,18884400
737,612,666,8764335,12806,222859,18599700
738,670,636,8763665,12840,223495,18807300
739,637,664,8763028,12813,224159,18835900
740,634,598,8762394,12849,224757,18408000
741,669,624,8761725,12894,225381,18310800
742,664,652,8761061,12906,226033,18529600
743,706,616,8760355,12996,226649,18545000
744,600,635,8759755,12961,227284,18897500
745,621,671,8759134,12911,227955,18481500
746,671,666,8758463,12916,228621,18556600
747,675,621,8757788,12970,229242,18563600
748,676,635,8757112,13011,229877,18514600
749,682,672,8756430,13021,230549,18879400
750,651,671,8755779,13001,231220,19086900
751,708,629,8755071,13080,231849,18350000
752,665,676,8754406,13069,232525,18340700
753,625,653,8753781,13041,233178,18532600
754,671,638,8753110,13074,233816,18946500
755,653,649,8752457,13078,234465,18923400
756,649,635,8751808,13092,235100,18881900
757,669,654,8751139,13107,235754,18698700
758,647,665,8750492,13089,236419,18577000
759,709,651,8749783,13147,237070,18631200
760,649,650,8749134,13146,237720,18440900
761,669,662,8748465,13153,238382,18396300
762,688,666,8747777,13175,239048,18577600
763,729,642,8747048,13262,239690,18489000
764,659,644,8746389,13277,240334,18651600
765,760,670,8745629,13367,241004,18514900
766,720,686,8744909,13401,241690,18323700
767,731,619,8744178,13513,242309,18969100
768,661,699,8743517,13475,243008,19220900
769,695,644,8742822,13526,243652,19121600
770,668,635,8742154,13559,244287,18857900
771,705,673,8741449,13591,244960,19059100
772,753,677,8740696,13667,245637,18933500
773,709,703,8739987,13673,246340,18788200
774,694,701,8739293,13666,247041,18876000
775,626,690,8738667,13602,247731,20180300
776,646,687,8738021,13561,248418,19014700
777,691,659,8737330,13593,249077,19480500
778,697,714,8736633,13576,249791,18885300
779,690,696,8735943,13570,250487,18838700
780,721,683,8735222,13608,251170,18600700
781,693,664,8734529,13637,251834,18579200
782,719,670,8733810,13686,252504,18386200
783,688,723,8733122,13651,253227,18412200
784,709,656,8732413,13704,253883,18291300
785,686,674,8731727,13716,254557,18617000
786,703,661,8731024,13758,255218,18910000
787,750,694,8730274,13814,255912,18640800
788,693,704,8729581,13803,256616,18471100
789,690,679,8728891,13814,257295,18374400
790,679,682,8728212,13811,257977,18414500
791,662,731,8727550,13742,258708,18528500
792,698,685,8726852,13755,259393,18434800
793,708,743,8726144,13720,260136,18458400
794,705,665,8725439,13760,260801,18507300
795,683,696,8724756,13747,261497,18421200
796,697,707,8724059,13737,262204,18439000
797,700,726,8723359,13711,262930,18405800
798,686,659,8722673,13738,263589,18457100
799,677,660,8721996,13755,264249,19038700
800,680,687,8721316,13748,264936,18321000
801,686,722,8720630,13712,265658,18449400
802,714,679,8719916,13747,266337,18361100
803,697,668,8719219,13776,267005,18394800
804,671,717,8718548,13730,267722,18532000
805,669,649,8717879,13750,268371,18461000
806,686,731,8717193,13705,269102,18353500
807,678,681,8716515,13702,269783,18680400
808,675,688,8715840,13689,270471,18403200
809,673,623,8715167,13739,271094,18695500
810,722,692,8714445,13769,271786,19065200
811,705,703,8713740,13771,272489,18937900
812,730,711,8713010,13790,273200,18582500
813,712,658,8712298,13844,273858,18767600
814,694,697,8711604,13841,274555,18824200
815,712,704,8710892,13849,275259,18952700
816,688,691,8710204,13846,275950,18433600
817,774,710,8709430,13910,276660,18441200
818,720,694,8708710,13936,277354,18731200
819,681,673,8708029,13944,278027,18675100
820,650,762,8707379,13832,278789,18546900
821,704,700,8706675,13836,279489,18399900
822,703,679,8705972,13860,280168,19310300
823,668,728,8705304,13800,280896,18678400
824,681,723,8704623,13758,281619,18693700
825,637,686,8703986,13709,282305,19006400
826,654,691,8703332,13672,282996,18364200
827,664,684,8702668,13652,283680,18451200
828,732,695,8701936,13689,284375,18700100
829,709,738,8701227,13660,285113,19654400
830,728,762,8700499,13626,285875,19296000
831,719,686,8699780,13659,286561,18824800
832,696,691,8699084,13664,287252,18501400
833,685,686,8698399,13663,287938,18374900
834,708,715,8697691,13656,288653,18458800
835,736,710,8696955,13682,289363,18441000
836,746,674,8696209,13754,290037,18757300
837,685,757,8695524,13682,290794,19081600
838,680,679,8694844,13683,291473,19247100
839,704,662,8694140,13725,292135,19272300
840,729,698,8693411,13756,292833,19428800
841,718,687,8692693,13787,293520,19294800
842,708,642,8691985,13853,294162,19013500
843,705,700,8691280,13858,294862,18590000
844,747,667,8690533,13938,295529,19344300
845,684,650,8689849,13972,296179,19203500
846,704,714,8689145,13962,296893,19146500
847,695,699,8688450,13958,297592,19411700
848,742,698,8687708,14002,298290,18821300
849,745,711,8686963,14036,299001,18782300
850,753,748,8686210,14041,299749,19016500
851,732,689,8685478,14084,300438,18668800
852,715,720,8684763,14079,301158,18880900
853,726,714,8684037,14091,301872,18722500
854,725,720,8683312,14096,302592,18663200
855,747,716,8682565,14127,303308,18439000
856,803,717,8681762,14213,304025,18334300
857,713,726,8681049,14200,304751,18368600
858,732,687,8680317,14245,305438,18946700
859,706,713,8679611,14238,306151,18573800
860,772,769,8678839,14241,306920,18364000
861,735,784,8678104,14192,307704,18358200
862,726,694,8677378,14224,308398,18372300
863,744,763,8676634,14205,309161,18466700
864,773,725,8675861,14253,309886,18923600
865,750,740,8675111,14263,310626,18937100
866,760,699,8674351,14324,311325,18888900
867,763,738,8673588,14349,312063,18533200
868,778,684,8672810,14443,312747,18457600
869,768,749,8672042,14462,313496,18889800
870,790,716,8671252,14536,314212,18829100
871,792,710,8670460,14618,314922,18557500
872,741,752,8669719,14607,315674,18754400
873,763,691,8668956,14679,316365,18690600
874,793,723,8668163,14749,317088,18375300
875,740,695,8667423,14794,317783,18822700
876,809,731,8666614,14872,318514,18506800
877,753,802,8665861,14823,319316,18520900
878,763,734,8665098,14852,320050,18379800
879,747,741,8664351,14858,320791,18628500
880,757,730,8663594,14885,321521,18882900
881,768,762,8662826,14891,322283,18814400
882,798,723,8662028,14966,323006,19395400
883,764,770,8661264,14960,323776,19369000
884,779,717,8660485,15022,324493,18495300
885,777,777,8659708,15022,325270,18892000
886,767,780,8658941,15009,326050,18591500
887,743,764,8658198,14988,326814,18450400
888,746,777,8657452,14957,327591,18634300
889,723,749,8656729,14931,328340,18473400
890,753,767,8655976,14917,329107,18937000
891,737,728,8655239,14926,329835,18416400
892,786,778,8654453,14934,330613,18947700
893,727,705,8653726,14956,331318,18445500
894,745,695,8652981,15006,332013,18474600
895,762,753,8652219,15015,332766,18420700
896,721,763,8651498,14973,333529,18453100
897,725,749,8650773,14949,334278,18447900
898,714,735,8650059,14928,335013,18326900
899,759,756,8649300,14931,335769,18501300
900,745,730,8648555,14946,336499,19025800
901,759,763,8647796,14942,337262,18778700
902,724,791,8647072,14875,338053,18434500
903,746,739,8646326,14882,338792,18280200
904,785,732,8645541,14935,339524,19156300
905,763,721,8644778,14977,340245,18932800
906,723,743,8644055,14957,340988,18817700
907,751,783,8643304,14925,341771,19723300
908,743,758,8642561,14910,342529,19379700
909,771,772,8641790,14909,343301,19006300
910,728,733,8641062,14904,344034,19072900
911,776,774,8640286,14906,344808,19452300
912,762,807,8639524,14861,345615,19190900
913,750,731,8638774,14880,346346,19386400
914,745,695,8638029,14930,347041,18892900
915,718,694,8637311,14954,347735,19285700
916,740,789,8636571,14905,348524,19052200
917,771,749,8635800,14927,349273,19377200
918,742,758,8635058,14911,350031,18859900
919,745,758,8634313,14898,350789,18374600
920,772,749,8633541,14921,351538,18714300
921,789,774,8632752,14936,352312,18397500
922,773,770,8631979,14939,353082,18478700
923,805,725,8631174,15019,353807,18848300
924,774,779,8630400,15014,354586,18496200
925,790,767,8629610,15037,355353,18438300
926,729,738,8628881,15028,356091,18324900
927,710,749,8628171,14989,356840,18561000
928,761,764,8627410,14986,357604,18417900
929,769,761,8626641,14994,358365,18389200
930,778,796,8625863,14976,359161,18477400
931,779,733,8625084,15022,359894,18444500
932,784,758,8624300,15048,360652,18454000
933,711,817,8623589,14942,361469,18593200
934,808,769,8622781,14981,362238,18308400
935,760,721,8622021,15020,362959,19245300
936,772,762,8621249,15030,363721,19211000
937,825,720,8620424,15135,364441,19323700
938,763,721,8619661,15177,365162,19261200
939,789,767,8618872,15199,365929,19326000
940,759,761,8618113,15197,366690,18422500
941,817,751,8617296,15263,367441,18456000
942,785,759,8616511,15289,368200,18393200
943,743,795,8615768,15237,368995,18309400
944,785,780,8614983,15242,369775,18766100
945,777,781,8614206,15238,370556,18415400
946,792,770,8613414,15260,371326,18535100
947,767,751,8612647,15276,372077,18989100
948,790,757,8611857,15309,372834,18905500
949,780,752,8611077,15337,373586,18599800
950,783,780,8610294,15340,374366,18979400
951,796,752,8609498,15384,375118,18603000
952,760,767,8608738,15377,375885,18566900
953,798,758,8607940,15417,376643,18284800
954,823,754,8607117,15486,377397,18678100
955,756,780,8606361,15462,378177,18487700
956,763,769,8605598,15456,378946,19076400
957,823,756,8604775,15523,379702,18371100
958,793,805,8603982,15511,380507,18396800
959,791,744,8603191,15558,381251,18535100
960,829,741,8602362,15646,381992,19238500
961,823,807,8601539,15662,382799,18831200
962,796,775,8600743,15683,383574,18779400
963,746,768,8599997,15661,384342,18915600
964,788,783,8599209,15666,385125,18361600
965,760,757,8598449,15669,385882,19050700
966,774,798,8597675,15645,386680,18708000
967,734,768,8596941,15611,387448,19008900
968,844,733,8596097,15722,388181,18971600
969,755,751,8595342,15726,388932,18418800
970,758,813,8594584,15671,389745,18546900
971,788,855,8593796,15604,390600,18470300
972,801,775,8592995,15630,391375,18851400
973,799,755,8592196,15674,392130,19214100
974,847,772,8591349,15749,392902,19615700
975,843,829,8590506,15763,393731,18834900
976,774,778,8589732,15759,394509,18800100
977,799,841,8588933,15717,395350,18778000
978,755,791,8588178,15681,396141,19208100
979,779,806,8587399,15654,396947,19041800
980,767,769,8586632,15652,397716,18880800
981,806,750,8585826,15708,398466,18793000
982,809,769,8585017,15748,399235,18994900
983,816,762,8584201,15802,399997,18807600
984,751,816,8583450,15737,400813,19304500
985,795,813,8582655,15719,401626,19032300
986,799,753,8581856,15765,402379,19092400
987,813,788,8581043,15790,403167,18919700
988,870,819,8580173,15841,403986,18535500
989,778,766,8579395,15853,404752,18807800
990,845,776,8578550,15922,405528,18925800
991,795,798,8577755,15919,406326,19096200
992,862,779,8576893,16002,407105,18471400
993,814,839,8576079,15977,407944,18455400
994,812,728,8575267,16061,408672,18443300
995,816,788,8574451,16089,409460,18604500
996,838,780,8573613,16147,410240,18400200
997,848,797,8572765,16198,411037,18332800
998,875,835,8571890,16238,411872,18715900
999,820,858,8571070,16200,412730,18701300
1000,856,784,8570214,16272,413514,18543800
1001,819,811,8569395,16280,414325,18570100
1002,856,804,8568539,16332,415129,18740900
1003,806,835,8567733,16303,415964,18695400
1004,813,789,8566920,16327,416753,18549600
1005,813,803,8566107,16337,417556,18455200
1006,830,815,8565277,16352,418371,18805000
1007,782,813,8564495,16321,419184,18462200
1008,805,802,8563690,16324,419986,18490100
1009,833,813,8562857,16344,420799,18352400
1010,845,819,8562012,16370,421618,18350400
1011,810,781,8561202,16399,422399,18699700
1012,786,758,8560416,16427,423157,18421600
1013,817,813,8559599,16431,423970,18482800
1014,838,834,8558761,16435,424804,18482100
1015,862,857,8557899,16440,425661,18540500
1016,822,846,8557077,16416,426507,18280300
1017,812,810,8556265,16418,427317,19135200
1018,747,810,8555518,16355,428127,18462700
1019,835,834,8554683,16356,428961,18340900
1020,830,831,8553853,16355,429792,18469500
1021,826,850,8553027,16331,430642,18489700
1022,819,851,8552208,16299,431493,18563500
1023,849,805,8551359,16343,432298,18875800
1024,894,815,8550465,16422,433113,18691700
1025,865,817,8549600,16470,433930,19069900
1026,850,826,8548750,16494,434756,18603800
1027,839,838,8547911,16495,435594,18487500
1028,829,804,8547082,16520,436398,18496000
1029,882,852,8546200,16550,437250,18895000
1030,886,880,8545314,16556,438130,18856900
1031,836,890,8544478,16502,439020,18812200
1032,844,854,8543634,16492,439874,18495600
1033,816,838,8542818,16470,440712,18617800
1034,854,778,8541964,16546,441490,18520200
1035,859,800,8541105,16605,442290,18599600
1036,830,827,8540275,16608,443117,18325500
1037,852,818,8539423,16642,443935,18380600
1038,772,796,8538651,16618,444731,18937300
1039,840,851,8537811,16607,445582,18570000
1040,866,802,8536945,16671,446384,18801300
1041,836,828,8536109,16679,447212,18929300
1042,851,842,8535258,16688,448054,18962300
1043,791,809,8534467,16670,448863,19116200
1044,819,859,8533648,16630,449722,19780200
1045,831,829,8532817,16632,450551,19473600
1046,864,814,8531953,16682,451365,19030400
1047,811,818,8531142,16675,452183,19422100
1048,839,868,8530303,16646,453051,19314800
1049,848,833,8529455,16661,453884,19571700
1050,806,866,8528649,16601,454750,19178800
1051,870,824,8527779,16647,455574,18730900
1052,829,816,8526950,16660,456390,18885900
1053,788,810,8526162,16638,457200,18784900
1054,855,861,8525307,16632,458061,19392600
1055,833,853,8524474,16612,458914,18781400
1056,817,856,8523657,16573,459770,18397400
1057,783,861,8522874,16495,460631,18722900
1058,841,804,8522033,16532,461435,18374700
1059,797,792,8521236,16537,462227,18773000
1060,859,774,8520377,16622,463001,18550800
1061,810,809,8519567,16623,463810,18561000
1062,825,832,8518742,16616,464642,18852200
1063,832,824,8517910,16624,465466,18774000
1064,823,833,8517087,16614,466299,18591600
1065,810,795,8516277,16629,467094,18414400
1066,851,812,8515426,16668,467906,18452000
1067,791,868,8514635,16591,468774,18488000
1068,803,849,8513832,16545,469623,18932900
1069,781,791,8513051,16535,470414,18736800
1070,782,856,8512269,16461,471270,18455800
1071,852,809,8511417,16504,472079,18637000
1072,828,779,8510589,16553,472858,18857900
1073,840,778,8509749,16615,473636,18442200
1074,807,811,8508942,16611,474447,18851400
1075,842,871,8508100,16582,475318,18642600
1076,836,841,8507264,16577,476159,18540100
1077,839,844,8506425,16572,477003,18992800
1078,864,812,8505561,16624,477815,18604500
1079,852,802,8504709,16674,478617,18881300
1080,827,864,8503882,16637,479481,18615600
1081,847,868,8503035,16616,480349,18675400
1082,875,826,8502160,16665,481175,18495800
1083,848,833,8501312,16680,482008,18521800
1084,834,819,8500478,16695,482827,20233100
1085,931,828,8499547,16798,483655,20166400
1086,883,848,8498664,16833,484503,19712400
1087,917,865,8497747,16885,485368,19810200
1088,855,846,8496892,16894,486214,20141300
1089,887,829,8496005,16952,487043,20251500
1090,897,855,8495108,16994,487898,20557000
1091,836,857,8494272,16973,488755,20140700
1092,928,827,8493344,17074,489582,19785800
1093,887,880,8492457,17081,490462,20270300
1094,956,891,8491501,17146,491353,19486700
1095,881,892,8490620,17135,492245,19438000
1096,892,883,8489728,17144,493128,19303800
1097,931,849,8488797,17226,493977,19713700
1098,953,852,8487844,17327,494829,19871300
1099,911,910,8486933,17328,495739,19095600
1100,869,849,8486064,17348,496588,19001000
1101,915,870,8485149,17393,497458,19377200
1102,898,848,8484251,17443,498306,18605500
1103,888,855,8483363,17476,499161,18968700
1104,883,874,8482480,17485,500035,18863400
1105,872,950,8481608,17407,500985,18701900
1106,868,820,8480740,17455,501805,19354900
1107,859,838,8479881,17476,502643,19066900
1108,917,880,8478964,17513,503523,19149800
1109,884,907,8478080,17490,504430,18781500
1110,886,904,8477194,17472,505334,19173700
1111,939,885,8476255,17526,506219,18994100
1112,938,890,8475317,17574,507109,18964900
1113,915,909,8474402,17580,508018,19539800
1114,921,889,8473481,17612,508907,19490700
1115,898,862,8472583,17648,509769,19101800
1116,883,936,8471700,17595,510705,19194000
1117,925,889,8470775,17631,511594,19459800
1118,901,867,8469874,17665,512461,19688500
1119,908,859,8468966,17714,513320,19331400
1120,908,909,8468058,17713,514229,19646100
1121,910,926,8467148,17697,515155,19336500
1122,926,837,8466222,17786,515992,19935900
1123,924,915,8465298,17795,516907,19233200
1124,963,833,8464335,17925,517740,19468200
1125,921,865,8463414,17981,518605,19182300
1126,924,943,8462490,17962,519548,18666200
1127,920,837,8461570,18045,520385,19363800
1128,923,877,8460647,18091,521262,19000700
1129,898,910,8459749,18079,522172,18817400
1130,922,879,8458827,18122,523051,19447200
1131,901,904,8457926,18119,523955,18718600
1132,913,917,8457013,18115,524872,18711900
1133,912,906,8456101,18121,525778,19092800
1134,898,927,8455203,18092,526705,18860900
1135,867,946,8454336,18013,527651,18701300
1136,918,941,8453418,17990,528592,18896200
1137,930,880,8452488,18040,529472,18701600
1138,918,887,8451570,18071,530359,18872500
1139,896,959,8450674,18008,531318,18471800
1140,890,946,8449784,17952,532264,18951800
1141,941,877,8448843,18016,533141,19014100
1142,937,956,8447906,17997,534097,19421200
1143,900,876,8447006,18021,534973,19181200
1144,944,937,8446062,18028,535910,19458500
1145,986,966,8445076,18048,536876,19077500
1146,964,858,8444112,18154,537734,19331700
1147,911,871,8443201,18194,538605,19113200
1148,929,904,8442272,18219,539509,19433800
1149,921,957,8441351,18183,540466,19639600
1150,912,895,8440439,18200,541361,20524200
1151,910,918,8439529,18192,542279,18947500
1152,938,932,8438591,18198,543211,18154600
1153,921,938,8437670,18181,544149,18108800
1154,883,925,8436787,18139,545074,18579600
1155,935,937,8435852,18137,546011,19409800
1156,954,886,8434898,18205,546897,18551700
1157,965,832,8433933,18338,547729,18384300
1158,971,934,8432962,18375,548663,18463200
1159,944,923,8432018,18396,549586,18642400
1160,944,888,8431074,18452,550474,18646400
1161,956,893,8430118,18515,551367,18654700
1162,929,885,8429189,18559,552252,19440500
1163,963,914,8428226,18608,553166,18500700
1164,936,894,8427290,18650,554060,18588500
1165,901,918,8426389,18633,554978,18932000
1166,901,920,8425488,18614,555898,18703200
1167,911,919,8424577,18606,556817,18971400
1168,912,928,8423665,18590,557745,18792500
1169,934,952,8422731,18572,558697,18515000
1170,903,926,8421828,18549,559623,18699100
1171,943,917,8420885,18575,560540,18934200
1172,919,978,8419966,18516,561518,18544800
1173,910,886,8419056,18540,562404,19272900
1174,937,926,8418119,18551,563330,18538200
1175,969,916,8417150,18604,564246,18471100
1176,956,954,8416194,18606,565200,19303900
1177,932,922,8415262,18616,566122,19520300
1178,969,905,8414293,18680,567027,19195200
1179,976,964,8413317,18692,567991,19081200
1180,934,900,8412383,18726,568891,18953600
1181,952,931,8411431,18747,569822,19290600
1182,938,958,8410493,18727,570780,18736500
1183,878,968,8409615,18637,571748,19075300
1184,923,914,8408692,18646,572662,19176900
1185,920,944,8407772,18622,573606,19297800
1186,917,954,8406855,18585,574560,19409500
1187,890,922,8405965,18553,575482,19334100
1188,925,932,8405040,18546,576414,18838800
1189,949,933,8404091,18562,577347,19140400
1190,983,930,8403108,18615,578277,18469500
1191,839,930,8402269,18524,579207,18811600
1192,956,906,8401313,18574,580113,19125600
1193,939,922,8400374,18591,581035,18493100
1194,952,921,8399422,18622,581956,18603100
1195,978,942,8398444,18658,582898,18706500
1196,959,887,8397485,18730,583785,18426500
1197,985,892,8396500,18823,584677,18512300
1198,954,883,8395546,18894,585560,18632100
1199,959,1023,8394587,18830,586583,18795600
1200,985,952,8393602,18863,587535,18470800
1201,960,889,8392642,18934,588424,18480300
1202,973,929,8391669,18978,589353,18487200
1203,994,994,8390675,18978,590347,18847900
1204,939,975,8389736,18942,591322,19372800
1205,948,982,8388788,18908,592304,18708400
1206,989,1006,8387799,18891,593310,18861600
1207,992,898,8386807,18985,594208,18731300
1208,950,938,8385857,18997,595146,18721300
1209,1027,923,8384830,19101,596069,18618000
1210,950,937,8383880,19114,597006,18594100
1211,1014,942,8382866,19186,597948,18550100
1212,936,938,8381930,19184,598886,18423400
1213,946,944,8380984,19186,599830,18467300
1214,960,915,8380024,19231,600745,18487900
1215,973,977,8379051,19227,601722,18459600
1216,991,920,8378060,19298,602642,18487600
1217,983,961,8377077,19320,603603,18847300
1218,997,985,8376080,19332,604588,18585600
1219,978,997,8375102,19313,605585,18878000
1220,992,1010,8374110,19295,606595,18575000
1221,933,919,8373177,19309,607514,18553100
1222,969,986,8372208,19292,608500,19285100
1223,1010,1044,8371198,19258,609544,18517600
1224,999,953,8370199,19304,610497,18637100
1225,959,927,8369240,19336,611424,18565800
1226,999,1017,8368241,19318,612441,18737700
1227,990,933,8367251,19375,613374,18473400
1228,1028,1003,8366223,19400,614377,18539000
1229,962,992,8365261,19370,615369,18773100
1230,1051,950,8364210,19471,616319,18708600
1231,1003,1020,8363207,19454,617339,18663300
1232,1003,1041,8362204,19416,618380,19152400
1233,1019,970,8361185,19465,619350,18590300
1234,977,996,8360208,19446,620346,18625600
1235,953,913,8359255,19486,621259,18561800
1236,988,962,8358267,19512,622221,18621100
1237,1002,923,8357265,19591,623144,18528300
1238,956,975,8356309,19572,624119,18534900
1239,979,974,8355330,19577,625093,18657400
1240,961,976,8354369,19562,626069,18544100
1241,1023,995,8353346,19590,627064,18569900
1242,967,920,8352379,19637,627984,19023500
1243,1020,988,8351359,19669,628972,18777400
1244,971,962,8350388,19678,629934,19322700
1245,994,988,8349394,19684,630922,18877900
1246,987,982,8348407,19689,631904,18765900
1247,996,951,8347411,19734,632855,19132000
1248,1006,1041,8346405,19699,633896,18929400
1249,969,1022,8345436,19646,634918,19347000
1250,1057,940,8344379,19763,635858,19254200
1251,933,1008,8343446,19688,636866,19018400
1252,975,996,8342471,19667,637862,19156200
1253,1023,1006,8341448,19684,638868,18839000
1254,1074,961,8340374,19797,639829,18848700
1255,973,966,8339401,19804,640795,19474500
1256,996,994,8338405,19806,641789,19259400
1257,1039,991,8337366,19854,642780,19316800
1258,969,1002,8336397,19821,643782,18878800
1259,999,944,8335398,19876,644726,18580300
1260,1032,942,8334366,19966,645668,18578200
1261,998,979,8333368,19985,646647,18513900
1262,1037,997,8332331,20025,647644,18988500
1263,993,938,8331338,20080,648582,18645400
1264,1028,998,8330310,20110,649580,18547900
1265,1032,1007,8329278,20135,650587,18606400
1266,999,992,8328279,20142,651579,18606600
1267,1003,1038,8327276,20107,652617,18505900
1268,978,970,8326298,20115,653587,18437600
1269,1052,1009,8325246,20158,654596,18577200
1270,973,1018,8324273,20113,655614,18525600
1271,965,1011,8323308,20067,656625,18555300
1272,960,956,8322348,20071,657581,18600300
1273,947,939,8321401,20079,658520,18555600
1274,1006,1020,8320395,20065,659540,18810000
1275,958,954,8319437,20069,660494,18586200
1276,1006,1024,8318431,20051,661518,18644300
1277,1037,1030,8317394,20058,662548,19013500
1278,1043,988,8316351,20113,663536,18431600
1279,983,1027,8315368,20069,664563,18963600
1280,1016,972,8314352,20113,665535,18570600
1281,1028,981,8313324,20160,666516,18999500
1282,1005,988,8312319,20177,667504,18647000
1283,1027,1017,8311292,20187,668521,18531200
1284,1019,1024,8310273,20182,669545,18509900
1285,1033,968,8309240,20247,670513,18571300
1286,1084,1026,8308156,20305,671539,18607200
1287,1056,1047,8307100,20314,672586,18602000
1288,1042,1017,8306058,20339,673603,18856300
1289,1020,1029,8305038,20330,674632,18513700
1290,1065,1023,8303973,20372,675655,18563400
1291,1017,983,8302956,20406,676638,18518400
1292,1020,1022,8301936,20404,677660,18562100
1293,1019,1035,8300917,20388,678695,18737700
1294,1006,1049,8299911,20345,679744,18859500
1295,988,994,8298923,20339,680738,18702000
1296,999,1045,8297924,20293,681783,18672200
1297,1017,980,8296907,20330,682763,18670200
1298,1027,963,8295880,20394,683726,18528400
1299,993,1068,8294887,20319,684794,19173300
1300,1029,1011,8293858,20337,685805,19054700
1301,1103,1041,8292755,20399,686846,18565100
1302,1044,1067,8291711,20376,687913,18533200
1303,1073,997,8290638,20452,688910,18545200
1304,1081,1049,8289557,20484,689959,19272500
1305,1045,1038,8288512,20491,690997,18660100
1306,1046,998,8287466,20539,691995,18641800
1307,1018,963,8286448,20594,692958,18611800
1308,1063,1045,8285385,20612,694003,18776500
1309,1098,1043,8284287,20667,695046,18508400
1310,1057,980,8283230,20744,696026,18712800
1311,1130,1048,8282100,20826,697074,19287900
1312,1028,1080,8281072,20774,698154,19242100
1313,1087,1038,8279985,20823,699192,19244300
1314,1052,1082,8278933,20793,700274,18807000
1315,1010,1025,8277923,20778,701299,18893900
1316,1057,1065,8276866,20770,702364,18624200
1317,1056,1054,8275810,20772,703418,18694800
1318,1062,983,8274748,20851,704401,18943300
1319,1061,1011,8273687,20901,705412,18656700
1320,1028,1005,8272659,20924,706417,18923300
1321,1050,1044,8271609,20930,707461,18593100
1322,1048,1042,8270561,20936,708503,19495900
1323,1027,1022,8269534,20941,709525,19204300
1324,1075,1057,8268459,20959,710582,18509500
1325,1077,1077,8267382,20959,711659,18286600
1326,1027,1050,8266355,20936,712709,18547000
1327,1009,1076,8265346,20869,713785,18904400
1328,1067,1068,8264279,20868,714853,18620200
1329,1033,1024,8263246,20877,715877,18463100
1330,1076,1053,8262170,20900,716930,18566300
1331,1047,1032,8261123,20915,717962,18553500
1332,1016,1052,8260107,20879,719014,18867600
1333,1060,1045,8259047,20894,720059,18537400
1334,1079,1016,8257968,20957,721075,18536400
1335,1106,1038,8256862,21025,722113,18503200
1336,1059,1036,8255803,21048,723149,18516000
1337,1070,1057,8254733,21061,724206,18748000
1338,1063,1044,8253670,21080,725250,18413400
1339,1108,1068,8252562,21120,726318,18565000
1340,1000,1048,8251562,21072,727366,18739400
1341,1081,1075,8250481,21078,728441,18540800
1342,1029,1116,8249452,20991,729557,19057400
1343,1088,1018,8248364,21061,730575,19147300
1344,1058,1074,8247306,21045,731649,19107100
1345,1035,1075,8246271,21005,732724,19209100
1346,1099,1011,8245172,21093,733735,19071200
1347,1054,1055,8244118,21092,734790,19209000
1348,1081,1052,8243037,21121,735842,19896700
1349,1085,1051,8241952,21155,736893,19749600
1350,1067,1062,8240885,21160,737955,19366700
1351,1099,1060,8239786,21199,739015,18860000
1352,1032,1085,8238754,21146,740100,19241900
1353,1069,1071,8237685,21144,741171,19391400
1354,1072,1053,8236613,21163,742224,19587300
1355,993,1033,8235620,21123,743257,19357500
1356,1113,1038,8234507,21198,744295,20340700
1357,1056,1063,8233451,21191,745358,20495500
1358,1087,1049,8232364,21229,746407,21167600
1359,1024,1072,8231340,21181,747479,19686100
1360,1092,1087,8230248,21186,748566,19601400
1361,1018,1052,8229230,21152,749618,19709400
1362,1105,1079,8228125,21178,750697,19726000
1363,1058,1015,8227067,21221,751712,19406200
1364,1105,1093,8225962,21233,752805,19589100
1365,1087,1038,8224875,21282,753843,19925300
1366,1048,1062,8223827,21268,754905,19441900
1367,1080,1018,8222747,21330,755923,19798900
1368,1056,1124,8221691,21262,757047,19275600
1369,1048,1107,8220643,21203,758154,19516300
1370,1088,1092,8219555,21199,759246,19369400
1371,1077,1062,8218478,21214,760308,19352900
1372,1088,1026,8217390,21276,761334,19829700
1373,1096,1111,8216294,21261,762445,19833900
1374,1074,1073,8215220,21262,763518,20270600
1375,1079,1043,8214141,21298,764561,20140100
1376,1087,1033,8213054,21352,765594,19829600
1377,1097,1090,8211957,21359,766684,19993200
1378,1073,1063,8210884,21369,767747,20011800
1379,1039,1066,8209845,21342,768813,20367300
1380,1079,1061,8208766,21360,769874,19864600
1381,1046,1087,8207720,21319,770961,19708700
1382,1142,1090,8206578,21371,772051,19455400
1383,1103,1057,8205475,21417,773108,19836900
1384,1051,1038,8204424,21430,774146,19626400
1385,1108,1047,8203316,21491,775193,20034600
1386,1083,1030,8202233,21544,776223,20632000
1387,1070,1076,8201163,21538,777299,20377100
1388,1086,1094,8200077,21530,778393,19672900
1389,1076,1069,8199001,21537,779462,19800900
1390,1071,1049,8197930,21559,780511,20483800
1391,1079,1158,8196851,21480,781669,19804800
1392,1047,1105,8195804,21422,782774,19914200
1393,1044,1079,8194760,21387,783853,19174500
1394,1115,1053,8193645,21449,784906,19488600
1395,1049,1120,8192596,21378,786026,19237700
1396,1079,1085,8191517,21372,787111,20011200
1397,1078,1077,8190439,21373,788188,20201900
1398,1047,1069,8189392,21351,789257,19340600
1399,1057,1093,8188335,21315,790350,19258500
1400,1094,1048,8187241,21361,791398,20182800
1401,1061,1068,8186180,21354,792466,20065600
1402,1064,1122,8185116,21296,793588,19375300
1403,1038,1046,8184078,21288,794634,19185500
1404,1057,1035,8183021,21310,795669,19706200
1405,1085,1137,8181936,21258,796806,19606000
1406,1035,1095,8180901,21198,797901,19209800
1407,1056,1070,8179845,21184,798971,19138100
1408,1090,1091,8178755,21183,800062,19088200
1409,1113,1032,8177642,21264,801094,20522400
1410,1124,1033,8176518,21355,802127,19742200
1411,1083,1031,8175435,21407,803158,19062300
1412,1121,1034,8174314,21494,804192,19041100
1413,1103,1063,8173211,21534,805255,18732400
1414,1143,1064,8172068,21613,806319,18572300
1415,1098,1055,8170970,21656,807374,19510500
1416,1079,1070,8169891,21665,808444,18876000
1417,1138,1052,8168753,21751,809496,18436700
1418,1141,1025,8167612,21867,810521,18475800
1419,1114,1127,8166498,21854,811648,18725600
1420,1121,1116,8165377,21859,812764,18618400
1421,1091,1144,8164286,21806,813908,18756400
1422,1105,1032,8163181,21879,814940,18906700
1423,1060,1046,8162121,21893,815986,18466300
1424,1144,1081,8160977,21956,817067,19290200
1425,1127,1112,8159850,21971,818179,18565600
1426,1099,1084,8158751,21986,819263,18782400
1427,1108,1060,8157643,22034,820323,18652900
1428,1145,1104,8156498,22075,821427,19039500
1429,1117,1126,8155381,22066,822553,18560900
1430,1076,1084,8154305,22058,823637,18699500
1431,1125,1107,8153180,22076,824744,19118800
1432,1101,1163,8152079,22014,825907,18388100
1433,1121,1007,8150958,22128,826914,18547100
1434,1073,1106,8149885,22095,828020,18638200
1435,1102,1081,8148783,22116,829101,18521100
1436,1102,1145,8147681,22073,830246,18943800
1437,1085,1131,8146596,22027,831377,18727000
1438,1106,1110,8145490,22023,832487,18622300
1439,1148,1099,8144342,22072,833586,18452200
1440,1158,1111,8143184,22119,834697,18544400
1441,1074,1103,8142110,22090,835800,18533300
1442,1113,1073,8140997,22130,836873,18618800
1443,1056,1074,8139941,22112,837947,18657800
1444,1173,1116,8138768,22169,839063,19143700
1445,1065,1092,8137703,22142,840155,19107900
1446,1107,1130,8136596,22119,841285,19699400
1447,1090,1090,8135506,22119,842375,18769800
1448,1071,1069,8134435,22121,843444,19155900
1449,1029,1116,8133406,22034,844560,19095000
1450,1096,1061,8132310,22069,845621,19146300
1451,1052,1119,8131258,22002,846740,19347600
1452,1116,1083,8130142,22035,847823,19755700
1453,1083,1129,8129059,21989,848952,19155500
1454,1113,1132,8127946,21970,850084,18963700
1455,1089,1090,8126857,21969,851174,19172900
1456,1099,1061,8125758,22007,852235,18776000
1457,1110,1068,8124648,22049,853303,18713200
1458,1067,1195,8123581,21921,854498,18395300
1459,1097,1093,8122484,21925,855591,18391700
1460,1044,1096,8121440,21873,856687,18541500
1461,1140,1107,8120300,21906,857794,19605500
1462,1123,1069,8119177,21960,858863,19768700
1463,1102,1073,8118075,21989,859936,20495800
1464,1078,1063,8116997,22004,860999,20453900
1465,1126,1099,8115871,22031,862098,21697800
1466,1152,1145,8114719,22038,863243,22193500
1467,1116,1119,8113603,22035,864362,21004200
1468,1093,1078,8112510,22050,865440,19224200
1469,1129,1124,8111381,22055,866564,20985800
1470,1101,1140,8110280,22016,867704,20569300
1471,1142,1072,8109138,22086,868776,19623400
1472,1126,1086,8108012,22126,869862,20202400
1473,1181,1093,8106831,22214,870955,21082800
1474,1102,1084,8105729,22232,872039,19805200
1475,1100,1129,8104629,22203,873168,22628900
1476,1111,1179,8103518,22135,874347,22261700
1477,1103,1114,8102415,22124,875461,20258500
1478,1166,1117,8101249,22173,876578,19482200
1479,1124,1088,8100125,22209,877666,22506800
1480,1097,1118,8099028,22188,878784,20183800
1481,1100,1138,8097928,22150,879922,19584900
1482,1130,1070,8096798,22210,880992,19161100
1483,1134,1068,8095664,22276,882060,19662400
1484,1069,1143,8094595,22202,883203,18911800
1485,1173,1081,8093422,22294,884284,18750200
1486,1207,1124,8092215,22377,885408,19118100
1487,1176,1118,8091039,22435,886526,19151800
1488,1192,1098,8089847,22529,887624,18725800
1489,1121,1129,8088726,22521,888753,19176300
1490,1150,1092,8087576,22579,889845,19480700
1491,1132,1143,8086444,22568,890988,19198800
1492,1199,1157,8085245,22610,892145,19305600
1493,1203,1132,8084042,22681,893277,18720800
1494,1158,1140,8082884,22699,894417,18516300
1495,1142,1131,8081742,22710,895548,18741800
1496,1099,1104,8080643,22705,896652,18878300
1497,1172,1200,8079471,22677,897852,18772400
1498,1153,1094,8078318,22736,898946,18889400
1499,1196,1165,8077122,22767,900111,18631100
1500,1152,1125,8075970,22794,901236,18672400
1501,1198,1106,8074772,22886,902342,19154200
1502,1173,1157,8073599,22902,903499,18708200
1503,1138,1162,8072461,22878,904661,18742700
1504,1159,1116,8071302,22921,905777,18637800
1505,1113,1132,8070189,22902,906909,18634900
1506,1182,1182,8069007,22902,908091,19184600
1507,1178,1137,8067829,22943,909228,18784700
1508,1145,1151,8066684,22937,910379,18610900
1509,1100,1118,8065584,22919,911497,18935900
1510,1154,1147,8064430,22926,912644,19294900
1511,1189,1081,8063241,23034,913725,19567900
1512,1174,1193,8062067,23015,914918,18841100
1513,1178,1143,8060889,23050,916061,19347000
1514,1174,1159,8059715,23065,917220,19205700
1515,1117,1185,8058598,22997,918405,19688200
1516,1168,1091,8057430,23074,919496,19398100
1517,1147,1131,8056283,23090,920627,19659500
1518,1176,1190,8055107,23076,921817,19069300
1519,1172,1140,8053935,23108,922957,19535500
1520,1198,1179,8052737,23127,924136,19498900
1521,1122,1143,8051615,23106,925279,18870400
1522,1089,1135,8050526,23060,926414,18876600
1523,1191,1128,8049335,23123,927542,20238800
1524,1167,1143,8048168,23147,928685,18996200
1525,1144,1116,8047024,23175,929801,18645600
1526,1222,1151,8045802,23246,930952,18527700
1527,1136,1148,8044666,23234,932100,18589800
1528,1145,1129,8043521,23250,933229,19300900
1529,1176,1150,8042345,23276,934379,19100000
1530,1162,1273,8041183,23165,935652,18690200
1531,1192,1223,8039991,23134,936875,18593700
1532,1121,1185,8038870,23070,938060,18724400
1533,1116,1160,8037754,23026,939220,18554600
1534,1158,1141,8036596,23043,940361,18779800
1535,1179,1187,8035417,23035,941548,18672600
1536,1169,1138,8034248,23066,942686,18661200
1537,1179,1160,8033069,23085,943846,19207600
1538,1186,1161,8031883,23110,945007,19004200
1539,1208,1149,8030675,23169,946156,18604900
1540,1241,1217,8029434,23193,947373,18825800
1541,1152,1180,8028282,23165,948553,18816900
1542,1174,1179,8027108,23160,949732,19040100
1543,1197,1216,8025911,23141,950948,18901500
1544,1143,1181,8024768,23103,952129,18984100
1545,1207,1130,8023561,23180,953259,18608800
1546,1186,1187,8022375,23179,954446,18708800
1547,1193,1193,8021182,23179,955639,19063100
1548,1218,1159,8019964,23238,956798,18564200
1549,1187,1112,8018777,23313,957910,18589200
1550,1173,1126,8017604,23360,959036,18655000
1551,1132,1161,8016472,23331,960197,18820400
1552,1186,1210,8015286,23307,961407,18898400
1553,1219,1164,8014067,23362,962571,18977200
1554,1165,1233,8012902,23294,963804,18713700
1555,1167,1173,8011735,23288,964977,18740700
1556,1193,1166,8010542,23315,966143,18612100
1557,1136,1111,8009406,23340,967254,18725200
1558,1122,1168,8008284,23294,968422,18524500
1559,1197,1105,8007087,23386,969527,19111100
1560,1180,1150,8005907,23416,970677,18752800
1561,1200,1182,8004707,23434,971859,18657700
1562,1227,1179,8003480,23482,973038,18660800
1563,1199,1111,8002281,23570,974149,19114500
1564,1235,1166,8001046,23639,975315,18593300
1565,1176,1141,7999870,23674,976456,18675100
1566,1271,1237,7998599,23708,977693,19079700
1567,1208,1200,7997391,23716,978893,19806900
1568,1276,1181,7996115,23811,980074,19048300
1569,1203,1115,7994912,23899,981189,19826400
1570,1180,1176,7993732,23903,982365,19193500
1571,1253,1257,7992479,23899,983622,18937900
1572,1204,1169,7991275,23934,984791,19500400
1573,1163,1195,7990112,23902,985986,19406600
1574,1253,1205,7988859,23950,987191,18632600
1575,1245,1137,7987614,24058,988328,18905200
1576,1213,1237,7986401,24034,989565,19299300
1577,1203,1209,7985198,24028,990774,19243200
1578,1236,1168,7983962,24096,991942,19136600
1579,1212,1261,7982750,24047,993203,19310200
1580,1137,1176,7981613,24008,994379,19295900
1581,1217,1198,7980396,24027,995577,19848200
1582,1243,1237,7979153,24033,996814,19327900
1583,1196,1269,7977957,23960,998083,19382900
1584,1177,1213,7976780,23924,999296,20081100
1585,1154,1196,7975626,23882,1000492,19525700
1586,1179,1189,7974447,23872,1001681,19233200
1587,1182,1218,7973265,23836,1002899,18867300
1588,1174,1215,7972091,23795,1004114,19251100
1589,1193,1216,7970898,23772,1005330,19041500
1590,1206,1216,7969692,23762,1006546,19035100
1591,1247,1217,7968445,23792,1007763,18889800
1592,1282,1242,7967163,23832,1009005,18665900
1593,1194,1161,7965969,23865,1010166,18466100
1594,1206,1212,7964763,23859,1011378,18832800
1595,1232,1247,7963531,23844,1012625,18580700
1596,1224,1237,7962307,23831,1013862,18616500
1597,1240,1159,7961067,23912,1015021,18655700
1598,1278,1182,7959789,24008,1016203,19017300
1599,1220,1275,7958569,23953,1017478,18688700
1600,1242,1209,7957327,23986,1018687,18820900
1601,1265,1210,7956062,24041,1019897,18522700
1602,1209,1227,7954853,24023,1021124,18919300
1603,1292,1177,7953561,24138,1022301,19044100
1604,1245,1185,7952316,24198,1023486,18795700
1605,1243,1263,7951073,24178,1024749,18605800
1606,1215,1234,7949858,24159,1025983,18635900
1607,1267,1299,7948591,24127,1027282,18651800
1608,1255,1187,7947336,24195,1028469,18984100
1609,1268,1178,7946068,24285,1029647,18641100
1610,1143,1210,7944925,24218,1030857,18357400
1611,1281,1219,7943644,24280,1032076,18468200
1612,1227,1165,7942417,24342,1033241,18771100
1613,1256,1188,7941161,24410,1034429,18617900
1614,1265,1216,7939896,24459,1035645,18571200
1615,1247,1294,7938649,24412,1036939,18625000
1616,1214,1169,7937435,24457,1038108,18608100
1617,1265,1190,7936170,24532,1039298,18814000
1618,1210,1208,7934960,24534,1040506,18680400
1619,1303,1225,7933657,24612,1041731,19448500
1620,1246,1278,7932411,24580,1043009,18965700
1621,1231,1243,7931180,24568,1044252,19231600
1622,1240,1249,7929940,24559,1045501,19384800
1623,1229,1212,7928711,24576,1046713,18700500
1624,1253,1218,7927458,24611,1047931,18360000
1625,1197,1241,7926261,24567,1049172,18820400
1626,1246,1227,7925015,24586,1050399,19445300
1627,1259,1278,7923756,24567,1051677,19013600
1628,1222,1230,7922534,24559,1052907,18840700
1629,1237,1182,7921297,24614,1054089,18688800
1630,1324,1228,7919973,24710,1055317,18695200
1631,1321,1190,7918652,24841,1056507,18710100
1632,1318,1289,7917334,24870,1057796,18778900
1633,1257,1226,7916077,24901,1059022,18580500
1634,1213,1261,7914864,24853,1060283,18927300
1635,1243,1247,7913621,24849,1061530,19107700
1636,1216,1203,7912405,24862,1062733,18778700
1637,1198,1294,7911207,24766,1064027,18676400
1638,1262,1212,7909945,24816,1065239,18624700
1639,1239,1245,7908706,24810,1066484,18684700
1640,1208,1244,7907498,24774,1067728,19001900
1641,1244,1259,7906254,24759,1068987,18656900
1642,1187,1225,7905067,24721,1070212,18961800
1643,1228,1186,7903839,24763,1071398,19247300
1644,1249,1227,7902590,24785,1072625,18734000
1645,1259,1249,7901331,24795,1073874,19355400
1646,1202,1254,7900129,24743,1075128,19364900
1647,1250,1212,7898879,24781,1076340,19019700
1648,1221,1236,7897658,24766,1077576,19654200
1649,1205,1256,7896453,24715,1078832,19355300
1650,1248,1255,7895205,24708,1080087,19331800
1651,1247,1194,7893958,24761,1081281,19236400
1652,1303,1211,7892655,24853,1082492,19311300
1653,1221,1273,7891434,24801,1083765,19958900
1654,1259,1198,7890175,24862,1084963,19407000
1655,1258,1233,7888917,24887,1086196,20001200
1656,1257,1251,7887660,24893,1087447,19171200
1657,1253,1237,7886407,24909,1088684,18889200
1658,1216,1219,7885191,24906,1089903,19040300
1659,1258,1238,7883933,24926,1091141,18479200
1660,1268,1282,7882665,24912,1092423,18847200
1661,1231,1248,7881434,24895,1093671,19319900
1662,1247,1299,7880187,24843,1094970,18594000
1663,1245,1228,7878942,24860,1096198,18556800
1664,1282,1249,7877660,24893,1097447,18808600
1665,1258,1277,7876402,24874,1098724,18602000
1666,1272,1243,7875130,24903,1099967,19119100
1667,1289,1225,7873841,24967,1101192,18691100
1668,1250,1236,7872591,24981,1102428,18827900
1669,1262,1271,7871329,24972,1103699,19091600
1670,1262,1294,7870067,24940,1104993,18894100
1671,1295,1231,7868772,25004,1106224,19750700
1672,1290,1287,7867482,25007,1107511,19200400
1673,1355,1332,7866127,25030,1108843,19193100
1674,1316,1221,7864811,25125,1110064,19167400
1675,1299,1217,7863512,25207,1111281,18895400
1676,1255,1235,7862257,25227,1112516,18462000
1677,1262,1266,7860995,25223,1113782,18536900
1678,1273,1224,7859722,25272,1115006,19391700
1679,1233,1230,7858489,25275,1116236,19544100
1680,1330,1250,7857159,25355,1117486,18687100
1681,1328,1216,7855831,25467,1118702,18677200
1682,1386,1253,7854445,25600,1119955,18661000
1683,1299,1275,7853146,25624,1121230,18649700
1684,1296,1284,7851850,25636,1122514,18793300
1685,1249,1302,7850601,25583,1123816,19457800
1686,1315,1307,7849286,25591,1125123,18799300
1687,1348,1310,7847938,25629,1126433,18614000
1688,1273,1280,7846665,25622,1127713,18650800
1689,1321,1237,7845344,25706,1128950,18718800
1690,1301,1282,7844043,25725,1130232,19510800
1691,1297,1283,7842746,25739,1131515,18854900
1692,1290,1319,7841456,25710,1132834,18477600
1693,1313,1286,7840143,25737,1134120,18726500
1694,1312,1341,7838831,25708,1135461,19165500
1695,1285,1334,7837546,25659,1136795,18678300
1696,1305,1226,7836241,25738,1138021,18693300
1697,1233,1267,7835008,25704,1139288,18598000
1698,1248,1275,7833760,25677,1140563,18631000
1699,1293,1388,7832467,25582,1141951,18638800
1700,1327,1246,7831140,25663,1143197,19171600
1701,1340,1264,7829800,25739,1144461,18723000
1702,1265,1252,7828535,25752,1145713,18606700
1703,1281,1263,7827254,25770,1146976,18650600
1704,1269,1269,7825985,25770,1148245,18687300
1705,1297,1303,7824688,25764,1149548,19099100
1706,1279,1275,7823409,25768,1150823,18648100
1707,1291,1352,7822118,25707,1152175,18600500
1708,1283,1285,7820835,25705,1153460,18763800
1709,1288,1297,7819547,25696,1154757,18882000
1710,1258,1332,7818289,25622,1156089,19442000
1711,1252,1293,7817037,25581,1157382,18810700
1712,1290,1255,7815747,25616,1158637,19269500
1713,1287,1315,7814460,25588,1159952,19030500
1714,1257,1281,7813203,25564,1161233,19850800
1715,1281,1299,7811922,25546,1162532,19653600
1716,1314,1324,7810608,25536,1163856,19036200
1717,1290,1301,7809318,25525,1165157,19453800
1718,1275,1323,7808043,25477,1166480,19296300
1719,1301,1230,7806742,25548,1167710,18904900
1720,1318,1229,7805424,25637,1168939,19220600
1721,1281,1256,7804143,25662,1170195,19361700
1722,1250,1303,7802893,25609,1171498,19213400
1723,1307,1281,7801586,25635,1172779,20050900
1724,1247,1318,7800339,25564,1174097,19746300
1725,1254,1278,7799085,25540,1175375,18493300
1726,1243,1347,7797842,25436,1176722,18563100
1727,1360,1267,7796482,25529,1177989,18940900
1728,1338,1188,7795144,25679,1179177,18743400
1729,1300,1313,7793844,25666,1180490,18693900
1730,1308,1291,7792536,25683,1181781,18573600
1731,1264,1323,7791272,25624,1183104,19330400
1732,1237,1284,7790035,25577,1184388,19496900
1733,1323,1279,7788712,25621,1185667,18704400
1734,1297,1324,7787415,25594,1186991,19123000
1735,1280,1302,7786135,25572,1188293,18690200
1736,1315,1294,7784820,25593,1189587,18882100
1737,1335,1264,7783485,25664,1190851,19094700
1738,1305,1342,7782180,25627,1192193,18784700
1739,1244,1319,7780936,25552,1193512,18677500
1740,1292,1239,7779644,25605,1194751,18734100
1741,1313,1308,7778331,25610,1196059,19087200
1742,1193,1288,7777138,25515,1197347,18634300
1743,1283,1296,7775855,25502,1198643,18678300
1744,1294,1250,7774561,25546,1199893,18676100
1745,1245,1331,7773316,25460,1201224,18566900
1746,1209,1257,7772107,25412,1202481,19568500
1747,1255,1247,7770852,25420,1203728,18808200
1748,1279,1292,7769573,25407,1205020,18784600
1749,1249,1247,7768324,25409,1206267,18802700
1750,1326,1246,7766998,25489,1207513,18680700
1751,1336,1270,7765662,25555,1208783,18988400
1752,1268,1286,7764394,25537,1210069,18608500
1753,1264,1250,7763130,25551,1211319,18909600
1754,1330,1345,7761800,25536,1212664,19289400
1755,1276,1255,7760524,25557,1213919,18714900
1756,1220,1210,7759304,25567,1215129,19276400
1757,1265,1246,7758039,25586,1216375,18657300
1758,1307,1285,7756732,25608,1217660,18688200
1759,1320,1252,7755412,25676,1218912,18729200
1760,1346,1300,7754066,25722,1220212,18640200
1761,1309,1276,7752757,25755,1221488,18557500
1762,1229,1272,7751528,25712,1222760,18991700
1763,1264,1342,7750264,25634,1224102,18724200
1764,1293,1211,7748971,25716,1225313,18737400
1765,1308,1269,7747663,25755,1226582,18793200
1766,1352,1292,7746311,25815,1227874,18767400
1767,1310,1274,7745001,25851,1229148,19050400
1768,1291,1317,7743710,25825,1230465,18650700
1769,1325,1323,7742385,25827,1231788,18725400
1770,1334,1285,7741051,25876,1233073,18576200
1771,1305,1264,7739746,25917,1234337,18628400
1772,1298,1338,7738448,25877,1235675,18551800
1773,1264,1316,7737184,25825,1236991,18616700
1774,1323,1249,7735861,25899,1238240,18764000
1775,1316,1234,7734545,25981,1239474,18707200
1776,1318,1381,7733227,25918,1240855,19145900
1777,1346,1277,7731881,25987,1242132,19521200
1778,1288,1295,7730593,25980,1243427,18866700
1779,1280,1357,7729313,25903,1244784,19668800
1780,1273,1292,7728040,25884,1246076,19556000
1781,1259,1279,7726781,25864,1247355,19580600
1782,1317,1272,7725464,25909,1248627,18805600
1783,1274,1328,7724190,25855,1249955,19117200
1784,1337,1316,7722853,25876,1251271,19405300
1785,1338,1361,7721515,25853,1252632,19235800
1786,1325,1317,7720190,25861,1253949,19196900
1787,1276,1229,7718914,25908,1255178,19763600
1788,1297,1284,7717617,25921,1256462,19176300
1789,1339,1317,7716278,25943,1257779,19219900
1790,1295,1330,7714983,25908,1259109,19089400
1791,1303,1301,7713680,25910,1260410,19168000
1792,1313,1260,7712367,25963,1261670,18827200
1793,1260,1257,7711107,25966,1262927,19085800
1794,1288,1314,7709819,25940,1264241,18565100
1795,1309,1283,7708510,25966,1265524,18882700
1796,1315,1264,7707195,26017,1266788,18588800
1797,1344,1346,7705851,26015,1268134,18656900
1798,1329,1289,7704522,26055,1269423,19152400
1799,1277,1334,7703245,25998,1270757,18951500
1800,1347,1303,7701898,26042,1272060,19012500
1801,1306,1375,7700592,25973,1273435,18611400
1802,1320,1298,7699272,25995,1274733,18641200
1803,1247,1284,7698025,25958,1276017,19162300
1804,1324,1337,7696701,25945,1277354,18465800
1805,1305,1351,7695396,25899,1278705,18607200
1806,1262,1272,7694134,25889,1279977,18620400
1807,1336,1340,7692798,25885,1281317,18707700
1808,1303,1331,7691495,25857,1282648,18734500
1809,1296,1323,7690199,25830,1283971,18557100
1810,1292,1307,7688907,25815,1285278,19654400
1811,1257,1285,7687650,25787,1286563,18750700
1812,1348,1255,7686302,25880,1287818,18860800
1813,1286,1347,7685016,25819,1289165,18590400
1814,1301,1288,7683715,25832,1290453,18592900
1815,1247,1362,7682468,25717,1291815,18622300
1816,1298,1309,7681170,25706,1293124,18596800
1817,1346,1291,7679824,25761,1294415,18705800
1818,1326,1277,7678498,25810,1295692,18705900
1819,1294,1205,7677204,25899,1296897,19052400
1820,1295,1298,7675909,25896,1298195,18909300
1821,1296,1308,7674613,25884,1299503,18650400
1822,1308,1291,7673305,25901,1300794,18606500
1823,1308,1301,7671997,25908,1302095,19246100
1824,1318,1321,7670679,25905,1303416,18588600
1825,1294,1349,7669385,25850,1304765,18495500
1826,1267,1331,7668118,25786,1306096,18599800
1827,1317,1305,7666801,25798,1307401,18648000
1828,1357,1275,7665444,25880,1308676,19220100
1829,1331,1259,7664113,25952,1309935,18756100
1830,1359,1299,7662754,26012,1311234,18672300
1831,1339,1351,7661415,26000,1312585,18657900
1832,1354,1299,7660061,26055,1313884,18875300
1833,1384,1318,7658677,26121,1315202,18976200
1834,1373,1286,7657304,26208,1316488,19046700
1835,1341,1238,7655963,26311,1317726,18760000
1836,1370,1372,7654593,26309,1319098,18572400
1837,1313,1300,7653280,26322,1320398,19071300
1838,1348,1284,7651932,26386,1321682,19190000
1839,1372,1279,7650560,26479,1322961,18653800
1840,1343,1325,7649217,26497,1324286,18649900
1841,1337,1278,7647880,26556,1325564,18676200
1842,1352,1269,7646528,26639,1326833,18878700
1843,1347,1334,7645181,26652,1328167,18967300
1844,1322,1317,7643859,26657,1329484,18634300
1845,1409,1341,7642450,26725,1330825,19259300
1846,1350,1337,7641100,26738,1332162,18814600
1847,1393,1296,7639707,26835,1333458,19564800
1848,1457,1352,7638250,26940,1334810,19357800
1849,1389,1351,7636861,26978,1336161,19465600
1850,1363,1364,7635498,26977,1337525,19491400
1851,1351,1367,7634147,26961,1338892,19110000
1852,1277,1256,7632870,26982,1340148,18994400
1853,1393,1316,7631477,27059,1341464,19246200
1854,1395,1406,7630082,27048,1342870,18885500
1855,1357,1327,7628725,27078,1344197,18612500
1856,1385,1418,7627340,27045,1345615,19258400
1857,1316,1367,7626024,26994,1346982,18738200
1858,1390,1405,7624634,26979,1348387,19126200
1859,1386,1359,7623248,27006,1349746,19018900
1860,1357,1299,7621891,27064,1351045,18529000
1861,1416,1330,7620475,27150,1352375,18568200
1862,1376,1394,7619099,27132,1353769,19076400
1863,1362,1370,7617737,27124,1355139,18563600
1864,1392,1336,7616345,27180,1356475,19040300
1865,1315,1293,7615030,27202,1357768,18845700
1866,1355,1425,7613675,27132,1359193,18599100
1867,1312,1325,7612363,27119,1360518,18643200
1868,1309,1315,7611054,27113,1361833,18643100
1869,1313,1327,7609741,27099,1363160,18712700
1870,1286,1353,7608455,27032,1364513,18836800
1871,1390,1358,7607065,27064,1365871,18918000
1872,1357,1286,7605708,27135,1367157,18938700
1873,1351,1368,7604357,27118,1368525,19643900
1874,1340,1280,7603017,27178,1369805,18949100
1875,1353,1366,7601664,27165,1371171,18515600
1876,1323,1358,7600341,27130,1372529,18660800
1877,1331,1395,7599010,27066,1373924,19342400
1878,1288,1387,7597722,26967,1375311,18631300
1879,1358,1367,7596364,26958,1376678,19126000
1880,1404,1329,7594960,27033,1378007,19326700
1881,1360,1385,7593600,27008,1379392,18610900
1882,1385,1337,7592215,27056,1380729,19590800
1883,1377,1347,7590838,27086,1382076,20541700
1884,1411,1376,7589427,27121,1383452,20065800
1885,1390,1414,7588037,27097,1384866,20042900
1886,1368,1404,7586669,27061,1386270,19802900
1887,1390,1346,7585279,27105,1387616,19905000
1888,1416,1381,7583863,27140,1388997,18442400
1889,1416,1346,7582447,27210,1390343,19006100
1890,1358,1291,7581089,27277,1391634,19468600
1891,1416,1397,7579673,27296,1393031,19011700
1892,1409,1343,7578264,27362,1394374,18540900
1893,1367,1346,7576897,27383,1395720,18630400
1894,1386,1350,7575511,27419,1397070,18754800
1895,1385,1361,7574126,27443,1398431,18613900
1896,1395,1384,7572731,27454,1399815,18553900
1897,1310,1415,7571421,27349,1401230,18715200
1898,1408,1339,7570013,27418,1402569,18677200
1899,1343,1368,7568670,27393,1403937,19102200
1900,1360,1335,7567310,27418,1405272,18721600
1901,1334,1402,7565976,27350,1406674,18716900
1902,1277,1345,7564699,27282,1408019,18566200
1903,1399,1355,7563300,27326,1409374,18747200
1904,1354,1413,7561946,27267,1410787,19013500
1905,1335,1330,7560611,27272,1412117,18856600
1906,1364,1302,7559247,27334,1413419,18622200
1907,1283,1361,7557964,27256,1414780,18734700
1908,1255,1400,7556709,27111,1416180,18892900
1909,1395,1320,7555314,27186,1417500,18846200
1910,1299,1341,7554015,27144,1418841,18527000
1911,1316,1387,7552699,27073,1420228,18831900
1912,1350,1305,7551349,27118,1421533,18674700
1913,1365,1372,7549984,27111,1422905,19023800
1914,1337,1403,7548647,27045,1424308,19200000
1915,1313,1305,7547334,27053,1425613,19182700
1916,1356,1307,7545978,27102,1426920,19041800
1917,1378,1338,7544600,27142,1428258,19121600
1918,1393,1282,7543207,27253,1429540,19051000
1919,1304,1328,7541903,27229,1430868,19544000
1920,1420,1332,7540483,27317,1432200,19311500
1921,1344,1367,7539139,27294,1433567,19379900
1922,1341,1371,7537798,27264,1434938,18896900
1923,1371,1358,7536427,27277,1436296,18844000
1924,1383,1330,7535044,27330,1437626,19362400
1925,1351,1365,7533693,27316,1438991,19207000
1926,1310,1383,7532383,27243,1440374,18835500
1927,1327,1322,7531056,27248,1441696,18584300
1928,1369,1347,7529687,27270,1443043,18908700
1929,1368,1372,7528319,27266,1444415,18959300
1930,1331,1313,7526988,27284,1445728,18893700
1931,1349,1333,7525639,27300,1447061,18884200
1932,1356,1387,7524283,27269,1448448,18895100
1933,1331,1367,7522952,27233,1449815,18565900
1934,1399,1376,7521553,27256,1451191,19079500
1935,1318,1344,7520235,27230,1452535,19018300
1936,1390,1348,7518845,27272,1453883,18902000
1937,1397,1292,7517448,27377,1455175,18646700
1938,1383,1338,7516065,27422,1456513,18603600
1939,1315,1396,7514750,27341,1457909,18690200
1940,1435,1282,7513315,27494,1459191,18693700
1941,1335,1423,7511980,27406,1460614,18680100
1942,1385,1413,7510595,27378,1462027,18816800
1943,1373,1320,7509222,27431,1463347,19271700
1944,1358,1419,7507864,27370,1464766,19754000
1945,1385,1368,7506479,27387,1466134,18503100
1946,1452,1360,7505027,27479,1467494,18614400
1947,1400,1376,7503627,27503,1468870,18562100
1948,1377,1412,7502250,27468,1470282,18619200
1949,1374,1412,7500876,27430,1471694,18569200
1950,1443,1397,7499433,27476,1473091,18598700
1951,1375,1445,7498058,27406,1474536,18674000
1952,1375,1437,7496683,27344,1475973,18630200
1953,1423,1353,7495260,27414,1477326,18949700
1954,1376,1376,7493884,27414,1478702,18697600
1955,1291,1368,7492593,27337,1480070,18597000
1956,1338,1311,7491255,27364,1481381,18724500
1957,1324,1363,7489931,27325,1482744,18580900
1958,1368,1345,7488563,27348,1484089,18647500
1959,1399,1365,7487164,27382,1485454,19034500
1960,1380,1422,7485784,27340,1486876,18939300
1961,1435,1338,7484349,27437,1488214,18698400
1962,1391,1334,7482958,27494,1489548,18677700
1963,1400,1442,7481558,27452,1490990,18714600
1964,1401,1306,7480157,27547,1492296,18630600
1965,1430,1432,7478727,27545,1493728,18503700
1966,1345,1384,7477382,27506,1495112,18736900
1967,1389,1420,7475993,27475,1496532,18790900
1968,1364,1313,7474629,27526,1497845,18751700
1969,1369,1385,7473260,27510,1499230,19090100
1970,1434,1351,7471826,27593,1500581,18605300
1971,1365,1356,7470461,27602,1501937,18778700
1972,1383,1410,7469078,27575,1503347,18704600
1973,1376,1338,7467702,27613,1504685,19062900
1974,1411,1401,7466291,27623,1506086,18588400
1975,1417,1422,7464874,27618,1507508,18653400
1976,1362,1397,7463512,27583,1508905,18795800
1977,1397,1414,7462115,27566,1510319,18637500
1978,1388,1412,7460727,27542,1511731,18858500
1979,1382,1390,7459345,27534,1513121,19081400
1980,1376,1336,7457969,27574,1514457,18872800
1981,1407,1411,7456562,27570,1515868,19531900
1982,1432,1312,7455130,27690,1517180,19375000
1983,1409,1357,7453721,27742,1518537,19294100
1984,1439,1463,7452282,27718,1520000,19326000
1985,1421,1360,7450861,27779,1521360,19186100
1986,1385,1376,7449476,27788,1522736,19118700
1987,1448,1375,7448028,27861,1524111,19566200
1988,1433,1405,7446595,27889,1525516,19026700
1989,1416,1423,7445179,27882,1526939,19335000
1990,1434,1423,7443745,27893,1528362,19472500
1991,1464,1296,7442281,28061,1529658,19581000
1992,1470,1353,7440811,28178,1531011,19166500
1993,1433,1410,7439378,28201,1532421,19626700
1994,1384,1369,7437994,28216,1533790,18868000
1995,1426,1428,7436568,28214,1535218,18659900
1996,1443,1462,7435125,28195,1536680,19794400
1997,1418,1354,7433707,28259,1538034,19339100
1998,1443,1417,7432264,28285,1539451,18734800
1999,1446,1397,7430818,28334,1540848,18928300
2000,1365,1455,7429453,28244,1542303,18665000
2001,1403,1368,7428050,28279,1543671,18624300
2002,1390,1369,7426660,28300,1545040,18789800
2003,1432,1427,7425228,28305,1546467,19028600
2004,1362,1377,7423866,28290,1547844,18694100
2005,1445,1373,7422421,28362,1549217,18759700
2006,1475,1412,7420946,28425,1550629,18600500
2007,1437,1385,7419509,28477,1552014,18629200
2008,1473,1468,7418036,28482,1553482,19010800
2009,1404,1405,7416632,28481,1554887,18807400
2010,1439,1393,7415193,28527,1556280,18635400
2011,1455,1453,7413738,28529,1557733,18675600
2012,1457,1415,7412281,28571,1559148,18940200
2013,1434,1491,7410847,28514,1560639,19065200
2014,1450,1377,7409397,28587,1562016,18683600
2015,1441,1460,7407956,28568,1563476,18778300
2016,1425,1447,7406531,28546,1564923,18619600
2017,1477,1384,7405054,28639,1566307,19073000
2018,1439,1449,7403615,28629,1567756,19046700
2019,1447,1408,7402168,28668,1569164,18649300
2020,1436,1451,7400732,28653,1570615,18719000
2021,1496,1421,7399236,28728,1572036,18650400
2022,1400,1403,7397836,28725,1573439,19052900
2023,1453,1351,7396383,28827,1574790,19133400
2024,1420,1410,7394963,28837,1576200,18676300
2025,1421,1444,7393542,28814,1577644,18926200
2026,1436,1412,7392106,28838,1579056,18901800
2027,1451,1499,7390655,28790,1580555,18968000
2028,1472,1411,7389183,28851,1581966,18551800
2029,1412,1403,7387771,28860,1583369,18683400
2030,1420,1454,7386351,28826,1584823,19462200
2031,1444,1435,7384907,28835,1586258,18768600
2032,1391,1350,7383516,28876,1587608,18687000
2033,1396,1462,7382120,28810,1589070,18654500
2034,1412,1415,7380708,28807,1590485,18607900
2035,1440,1448,7379268,28799,1591933,18953700
2036,1380,1455,7377888,28724,1593388,18625000
2037,1397,1377,7376491,28744,1594765,18571800
2038,1332,1428,7375159,28648,1596193,18592000
2039,1410,1464,7373749,28594,1597657,18718700
2040,1422,1452,7372327,28564,1599109,18676500
2041,1446,1412,7370881,28598,1600521,18663600
2042,1420,1442,7369461,28576,1601963,18949300
2043,1384,1413,7368077,28547,1603376,18609500
2044,1413,1457,7366664,28503,1604833,18750600
2045,1437,1469,7365227,28471,1606302,19338500
2046,1367,1390,7363860,28448,1607692,18568600
2047,1428,1416,7362432,28460,1609108,19179900
2048,1421,1342,7361011,28539,1610450,18810400
2049,1398,1417,7359613,28520,1611867,19389300
2050,1371,1422,7358242,28469,1613289,19619800
2051,1407,1472,7356835,28404,1614761,19017800
2052,1347,1479,7355488,28272,1616240,18896300
2053,1351,1441,7354137,28182,1617681,18551000
2054,1438,1414,7352699,28206,1619095,19148100
2055,1395,1445,7351304,28156,1620540,19046000
2056,1397,1367,7349907,28186,1621907,19424000
2057,1366,1469,7348541,28083,1623376,18825900
2058,1375,1418,7347166,28040,1624794,19123100
2059,1379,1394,7345787,28025,1626188,19258800
2060,1341,1427,7344446,27939,1627615,19230000
2061,1364,1403,7343082,27900,1629018,20187300
2062,1379,1335,7341703,27944,1630353,18650800
2063,1337,1318,7340366,27963,1631671,18667100
2064,1328,1392,7339038,27899,1633063,18643400
2065,1416,1382,7337622,27933,1634445,19018100
2066,1455,1393,7336167,27995,1635838,18529500
2067,1404,1411,7334763,27988,1637249,18722800
2068,1447,1385,7333316,28050,1638634,19056800
2069,1393,1410,7331923,28033,1640044,18564300
2070,1418,1430,7330505,28021,1641474,18881600
2071,1430,1416,7329075,28035,1642890,18642800
2072,1415,1415,7327660,28035,1644305,18575400
2073,1360,1401,7326300,27994,1645706,19491500
2074,1361,1386,7324939,27969,1647092,18519400
2075,1390,1408,7323549,27951,1648500,18543900
2076,1387,1388,7322162,27950,1649888,18597200
2077,1292,1352,7320870,27890,1651240,18841600
2078,1401,1338,7319469,27953,1652578,18640100
2079,1387,1447,7318082,27893,1654025,18614000
2080,1381,1394,7316701,27880,1655419,18650600
2081,1433,1416,7315268,27897,1656835,18655100
2082,1350,1364,7313918,27883,1658199,18700600
2083,1348,1362,7312570,27869,1659561,19045200
2084,1366,1408,7311204,27827,1660969,18626600
2085,1376,1363,7309828,27840,1662332,18934100
2086,1359,1354,7308469,27845,1663686,18571400
2087,1360,1412,7307109,27793,1665098,18659100
2088,1399,1386,7305710,27806,1666484,18722800
2089,1435,1407,7304275,27834,1667891,18829600
2090,1386,1420,7302889,27800,1669311,18592600
2091,1401,1332,7301488,27869,1670643,18637600
2092,1382,1409,7300106,27842,1672052,18822300
2093,1368,1389,7298738,27821,1673441,18796300
2094,1333,1392,7297405,27762,1674833,18953800
2095,1329,1382,7296076,27709,1676215,18629600
2096,1376,1366,7294700,27719,1677581,18629500
2097,1266,1355,7293434,27630,1678936,18737600
2098,1423,1345,7292011,27708,1680281,18609700
2099,1403,1381,7290608,27730,1681662,18610800
2100,1321,1369,7289287,27682,1683031,18955800
2101,1385,1375,7287902,27692,1684406,18981100
2102,1389,1408,7286513,27673,1685814,19144700
2103,1378,1396,7285135,27655,1687210,19344200
2104,1338,1346,7283797,27647,1688556,18818400
2105,1434,1395,7282363,27686,1689951,19147600
2106,1387,1404,7280976,27669,1691355,18588100
2107,1388,1377,7279588,27680,1692732,18715900
2108,1443,1391,7278145,27732,1694123,18868600
2109,1414,1367,7276731,27779,1695490,19252200
2110,1421,1343,7275310,27857,1696833,18977600
2111,1370,1445,7273940,27782,1698278,19607800
2112,1354,1418,7272586,27718,1699696,18587600
2113,1303,1377,7271283,27644,1701073,18446200
2114,1405,1365,7269878,27684,1702438,18949400
2115,1420,1442,7268458,27662,1703880,18838800
2116,1406,1412,7267052,27656,1705292,19523600
2117,1404,1412,7265648,27648,1706704,19008200
2118,1401,1355,7264247,27694,1708059,19074600
2119,1391,1400,7262856,27685,1709459,18635300
2120,1404,1328,7261452,27761,1710787,18970200
2121,1381,1356,7260071,27786,1712143,18617100
2122,1375,1410,7258696,27751,1713553,19273900
2123,1361,1409,7257335,27703,1714962,18781700
2124,1413,1399,7255922,27717,1716361,18639400
2125,1368,1365,7254554,27720,1717726,19568000
2126,1387,1349,7253167,27758,1719075,19821800
2127,1366,1425,7251801,27699,1720500,19549800
2128,1375,1317,7250426,27757,1721817,19224100
2129,1351,1416,7249075,27692,1723233,18483000
2130,1399,1380,7247676,27711,1724613,19007200
2131,1335,1366,7246341,27680,1725979,18726400
2132,1356,1389,7244985,27647,1727368,18615600
2133,1356,1363,7243629,27640,1728731,18543300
2134,1365,1374,7242264,27631,1730105,18838600
2135,1338,1392,7240926,27577,1731497,18757300
2136,1414,1347,7239512,27644,1732844,18681500
2137,1442,1408,7238070,27678,1734252,18712200
2138,1368,1376,7236702,27670,1735628,18584300
2139,1403,1399,7235299,27674,1737027,18827800
2140,1390,1416,7233909,27648,1738443,19545800
2141,1388,1399,7232521,27637,1739842,18631100
2142,1381,1402,7231140,27616,1741244,19138900
2143,1437,1395,7229703,27658,1742639,18930300
2144,1343,1405,7228360,27596,1744044,18914300
2145,1372,1305,7226988,27663,1745349,18572800
2146,1396,1405,7225592,27654,1746754,18642300
2147,1390,1398,7224202,27646,1748152,18746400
2148,1354,1371,7222848,27629,1749523,19291100
2149,1367,1376,7221481,27620,1750899,18803400
2150,1405,1351,7220076,27674,1752250,18611500
2151,1406,1398,7218670,27682,1753648,18622900
2152,1402,1425,7217268,27659,1755073,18663100
2153,1371,1412,7215897,27618,1756485,18725500
2154,1372,1414,7214525,27576,1757899,18509900
2155,1424,1353,7213101,27647,1759252,19061300
2156,1401,1374,7211700,27674,1760626,19335300
2157,1400,1347,7210300,27727,1761973,18926800
2158,1382,1379,7208918,27730,1763352,18761300
2159,1396,1487,7207522,27639,1764839,18999500
2160,1384,1392,7206138,27631,1766231,18666600
2161,1385,1378,7204753,27638,1767609,18578000
2162,1344,1374,7203409,27608,1768983,18681900
2163,1347,1363,7202062,27592,1770346,18924600
2164,1359,1395,7200703,27556,1771741,18716900
2165,1412,1396,7199291,27572,1773137,19054000
2166,1377,1383,7197914,27566,1774520,18668700
2167,1382,1323,7196532,27625,1775843,18804000
2168,1454,1345,7195078,27734,1777188,18654200
2169,1346,1369,7193732,27711,1778557,18692300
2170,1349,1381,7192383,27679,1779938,18559800
2171,1388,1324,7190995,27743,1781262,18675100
2172,1406,1395,7189589,27754,1782657,18624200
2173,1367,1377,7188222,27744,1784034,18704600
2174,1310,1382,7186912,27672,1785416,18881900
2175,1382,1396,7185530,27658,1786812,18648700
2176,1377,1387,7184153,27648,1788199,18594400
2177,1368,1351,7182785,27665,1789550,18546400
2178,1372,1437,7181413,27600,1790987,18649200
2179,1411,1367,7180002,27644,1792354,18891600
2180,1476,1387,7178526,27733,1793741,18876300
2181,1369,1424,7177157,27678,1795165,19020400
2182,1362,1345,7175795,27695,1796510,18755700
2183,1377,1372,7174418,27700,1797882,19141500
2184,1406,1391,7173012,27715,1799273,19228600
2185,1361,1452,7171651,27624,1800725,18955800
2186,1406,1430,7170245,27600,1802155,19092800
2187,1388,1437,7168857,27551,1803592,19473100
2188,1375,1446,7167482,27480,1805038,19288500
2189,1336,1368,7166146,27448,1806406,19345700
2190,1356,1371,7164790,27433,1807777,18927000
2191,1417,1341,7163373,27509,1809118,18667700
2192,1366,1298,7162007,27577,1810416,19668500
2193,1406,1406,7160601,27577,1811822,19103800
2194,1422,1411,7159179,27588,1813233,19635400
2195,1344,1379,7157835,27553,1814612,19342100
2196,1407,1424,7156428,27536,1816036,19082200
2197,1374,1419,7155054,27491,1817455,18668400
2198,1398,1458,7153656,27431,1818913,18707300
2199,1471,1367,7152185,27535,1820280,18636500
2200,1394,1326,7150791,27603,1821606,18699200
2201,1408,1400,7149383,27611,1823006,18609400
2202,1412,1375,7147971,27648,1824381,18726400
2203,1319,1394,7146652,27573,1825775,18615500
2204,1399,1377,7145253,27595,1827152,19108800
2205,1371,1408,7143882,27558,1828560,18615700
2206,1410,1369,7142472,27599,1829929,18630300
2207,1367,1360,7141105,27606,1831289,18726100
2208,1414,1413,7139691,27607,1832702,18574400
2209,1398,1361,7138293,27644,1834063,19522100
2210,1422,1407,7136871,27659,1835470,19467100
2211,1384,1476,7135487,27567,1836946,19007100
2212,1411,1310,7134076,27668,1838256,18222900
2213,1387,1272,7132689,27783,1839528,18449300
2214,1391,1412,7131298,27762,1840940,19363900
2215,1471,1411,7129827,27822,1842351,18657600
2216,1366,1356,7128461,27832,1843707,19003000
2217,1363,1317,7127098,27878,1845024,18794400
2218,1456,1421,7125642,27913,1846445,18782300
2219,1378,1393,7124264,27898,1847838,19281500
2220,1395,1483,7122869,27810,1849321,18705700
2221,1429,1412,7121440,27827,1850733,18609500
2222,1422,1466,7120018,27783,1852199,18807900
2223,1347,1370,7118671,27760,1853569,18579800
2224,1430,1329,7117241,27861,1854898,18960600
2225,1422,1403,7115819,27880,1856301,18539400
2226,1433,1436,7114386,27877,1857737,18830500
2227,1434,1377,7112952,27934,1859114,18772200
2228,1411,1345,7111541,28000,1860459,18735200
2229,1446,1424,7110095,28022,1861883,18671500
2230,1426,1433,7108669,28015,1863316,18661200
2231,1398,1391,7107271,28022,1864707,18605500
2232,1359,1389,7105912,27992,1866096,18621600
2233,1478,1398,7104434,28072,1867494,18693300
2234,1377,1360,7103057,28089,1868854,18668900
2235,1368,1384,7101689,28073,1870238,18944300
2236,1425,1378,7100264,28120,1871616,20079700
2237,1383,1399,7098881,28104,1873015,20168900
2238,1333,1390,7097548,28047,1874405,19660800
2239,1417,1470,7096131,27994,1875875,18972400
2240,1404,1380,7094727,28018,1877255,18989700
2241,1366,1452,7093361,27932,1878707,20317100
2242,1417,1312,7091944,28037,1880019,19253200
2243,1410,1385,7090534,28062,1881404,19605300
2244,1419,1326,7089115,28155,1882730,19152300
2245,1368,1428,7087747,28095,1884158,19108900
2246,1412,1439,7086335,28068,1885597,19748200
2247,1388,1377,7084947,28079,1886974,19284900
2248,1407,1414,7083540,28072,1888388,19205400
2249,1406,1339,7082134,28139,1889727,19635200
2250,1405,1399,7080729,28145,1891126,19733200
2251,1436,1410,7079293,28171,1892536,19539700
2252,1394,1393,7077899,28172,1893929,19959700
2253,1371,1383,7076528,28160,1895312,19692900
2254,1429,1428,7075099,28161,1896740,19772300
2255,1376,1330,7073723,28207,1898070,19349000
2256,1324,1488,7072399,28043,1899558,20284100
2257,1338,1381,7071061,28000,1900939,19370500
2258,1351,1433,7069710,27918,1902372,19568100
2259,1387,1404,7068323,27901,1903776,19580500
2260,1376,1454,7066947,27823,1905230,19403000
2261,1329,1411,7065618,27741,1906641,20352400
2262,1384,1453,7064234,27672,1908094,20182600
2263,1323,1465,7062911,27530,1909559,19773300
2264,1349,1328,7061562,27551,1910887,19451400
2265,1431,1401,7060131,27581,1912288,19155200
2266,1348,1362,7058783,27567,1913650,19708000
2267,1356,1370,7057427,27553,1915020,19576400
2268,1364,1373,7056063,27544,1916393,18957500
2269,1370,1411,7054693,27503,1917804,19555300
2270,1391,1309,7053302,27585,1919113,19270800
2271,1370,1400,7051932,27555,1920513,19444800
2272,1351,1351,7050581,27555,1921864,19406300
2273,1357,1424,7049224,27488,1923288,19789700
2274,1333,1320,7047891,27501,1924608,19148600
2275,1367,1357,7046524,27511,1925965,19346900
2276,1402,1373,7045122,27540,1927338,19421500
2277,1419,1412,7043703,27547,1928750,20268300
2278,1381,1377,7042322,27551,1930127,19670600
2279,1430,1402,7040892,27579,1931529,19038500
2280,1398,1362,7039494,27615,1932891,19078200
2281,1336,1381,7038158,27570,1934272,19486500
2282,1358,1352,7036800,27576,1935624,19762600
2283,1463,1318,7035337,27721,1936942,18429100
2284,1412,1358,7033925,27775,1938300,18524700
2285,1471,1338,7032454,27908,1939638,18521900
2286,1406,1447,7031048,27867,1941085,18942100
2287,1419,1468,7029629,27818,1942553,18970900
2288,1403,1422,7028226,27799,1943975,18736200
2289,1429,1353,7026797,27875,1945328,18654700
2290,1459,1378,7025338,27956,1946706,18650300
2291,1489,1457,7023849,27988,1948163,18705400
2292,1429,1383,7022420,28034,1949546,18556500
2293,1509,1278,7020911,28265,1950824,18583400
2294,1375,1442,7019536,28198,1952266,18550300
2295,1445,1430,7018091,28213,1953696,18822200
2296,1484,1392,7016607,28305,1955088,18769700
2297,1371,1482,7015236,28194,1956570,18779100
2298,1445,1372,7013791,28267,1957942,18861500
2299,1435,1494,7012356,28208,1959436,19086700
2300,1436,1430,7010920,28214,1960866,18626200
2301,1360,1404,7009560,28170,1962270,18651500
2302,1422,1425,7008138,28167,1963695,18715600
2303,1458,1428,7006680,28197,1965123,18712800
2304,1431,1426,7005249,28202,1966549,18656600
2305,1413,1390,7003836,28225,1967939,18673200
2306,1429,1399,7002407,28255,1969338,18679500
2307,1419,1409,7000988,28265,1970747,18609800
2308,1398,1415,6999590,28248,1972162,19063800
2309,1401,1424,6998189,28225,1973586,18607600
2310,1387,1400,6996802,28212,1974986,18721700
2311,1399,1489,6995403,28122,1976475,19018500
2312,1445,1448,6993958,28119,1977923,19398000
2313,1454,1396,6992504,28177,1979319,18611800
2314,1443,1471,6991061,28149,1980790,18859700
2315,1376,1352,6989685,28173,1982142,19492100
2316,1459,1378,6988226,28254,1983520,18551000
2317,1407,1386,6986819,28275,1984906,18653300
2318,1372,1444,6985447,28203,1986350,19551200
2319,1370,1482,6984077,28091,1987832,18952100
2320,1387,1457,6982690,28021,1989289,19093400
2321,1438,1448,6981252,28011,1990737,19251300
2322,1476,1466,6979776,28021,1992203,19318100
2323,1412,1454,6978364,27979,1993657,19061400
2324,1383,1461,6976981,27901,1995118,18994000
2325,1463,1417,6975518,27947,1996535,18961500
2326,1462,1372,6974056,28037,1997907,18971400
2327,1444,1437,6972612,28044,1999344,19172300
2328,1393,1376,6971219,28061,2000720,19839200
2329,1472,1393,6969747,28140,2002113,19193200
2330,1427,1426,6968320,28141,2003539,19247200
2331,1415,1423,6966905,28133,2004962,19126600
2332,1423,1369,6965482,28187,2006331,18430400
2333,1431,1453,6964051,28165,2007784,18538200
2334,1411,1370,6962640,28206,2009154,18540800
2335,1407,1465,6961233,28148,2010619,18661500
2336,1410,1391,6959823,28167,2012010,18685900
2337,1434,1325,6958389,28276,2013335,19182000
2338,1389,1340,6957000,28325,2014675,18530600
2339,1376,1436,6955624,28265,2016111,18602300
2340,1414,1407,6954210,28272,2017518,18733200
2341,1422,1445,6952788,28249,2018963,19090100
2342,1449,1429,6951339,28269,2020392,18975500
2343,1480,1434,6949859,28315,2021826,19374600
2344,1461,1426,6948398,28350,2023252,18641500
2345,1438,1422,6946960,28366,2024674,18696100
2346,1439,1450,6945521,28355,2026124,20060600
2347,1453,1448,6944068,28360,2027572,19695200
2348,1451,1378,6942617,28433,2028950,19758800
2349,1395,1383,6941222,28445,2030333,19254400
2350,1392,1430,6939830,28407,2031763,19386200
2351,1403,1356,6938427,28454,2033119,18999500
2352,1476,1394,6936951,28536,2034513,19176900
2353,1440,1324,6935511,28652,2035837,18470000
2354,1451,1466,6934060,28637,2037303,18691700
2355,1453,1442,6932607,28648,2038745,18609000
2356,1436,1465,6931171,28619,2040210,46727200
2357,1494,1395,6929677,28718,2041605,20328700
2358,1443,1404,6928234,28757,2043009,19850100
2359,1402,1408,6926832,28751,2044417,19504500
2360,1412,1484,6925420,28679,2045901,19503900
2361,1471,1382,6923949,28768,2047283,19533500
2362,1400,1455,6922549,28713,2048738,19895700
2363,1423,1434,6921126,28702,2050172,20103200
2364,1422,1480,6919704,28644,2051652,19076800
2365,1443,1430,6918261,28657,2053082,19411100
2366,1471,1454,6916790,28674,2054536,19965300
2367,1479,1438,6915311,28715,2055974,20834000
2368,1423,1433,6913888,28705,2057407,19482900
2369,1419,1430,6912469,28694,2058837,18918300
2370,1424,1425,6911045,28693,2060262,18876700
2371,1468,1423,6909577,28738,2061685,18858800
2372,1416,1390,6908161,28764,2063075,21641300
2373,1411,1424,6906750,28751,2064499,18744000
2374,1445,1410,6905305,28786,2065909,22916800
2375,1417,1457,6903888,28746,2067366,22335800
2376,1396,1389,6902492,28753,2068755,20336500
2377,1472,1437,6901020,28788,2070192,20282700
2378,1483,1446,6899537,28825,2071638,19695600
2379,1411,1432,6898126,28804,2073070,20228000
2380,1405,1446,6896721,28763,2074516,21556600
2381,1474,1417,6895247,28820,2075933,18385900
2382,1434,1453,6893813,28801,2077386,19035100
2383,1451,1342,6892362,28910,2078728,18979000
2384,1441,1486,6890921,28865,2080214,18892600
2385,1473,1443,6889448,28895,2081657,18782600
2386,1452,1399,6887996,28948,2083056,19170600
2387,1399,1420,6886597,28927,2084476,19040400
2388,1532,1442,6885065,29017,2085918,19342100
2389,1455,1420,6883610,29052,2087338,18993800
2390,1483,1500,6882127,29035,2088838,19386500
2391,1404,1455,6880723,28984,2090293,19499900
2392,1443,1424,6879280,29003,2091717,18984300
2393,1436,1471,6877844,28968,2093188,19556300
2394,1458,1472,6876386,28954,2094660,19397200
2395,1386,1450,6875000,28890,2096110,19035500
2396,1387,1447,6873613,28830,2097557,18598200
2397,1417,1476,6872196,28771,2099033,18474500
2398,1413,1450,6870783,28734,2100483,18724000
2399,1381,1386,6869402,28729,2101869,18575500
2400,1412,1374,6867990,28767,2103243,18698100
2401,1425,1394,6866565,28798,2104637,19552800
2402,1425,1518,6865140,28705,2106155,18881300
2403,1436,1415,6863704,28726,2107570,18815400
2404,1380,1500,6862324,28606,2109070,18902000
2405,1476,1356,6860848,28726,2110426,18964500
2406,1410,1377,6859438,28759,2111803,18988600
2407,1406,1447,6858032,28718,2113250,18605100
2408,1402,1437,6856630,28683,2114687,18721000
2409,1445,1435,6855185,28693,2116122,18872200
2410,1429,1504,6853756,28618,2117626,19078400
2411,1454,1430,6852302,28642,2119056,19642600
2412,1435,1416,6850867,28661,2120472,19095500
2413,1376,1417,6849491,28620,2121889,19270900
2414,1450,1484,6848041,28586,2123373,18873800
2415,1510,1465,6846531,28631,2124838,19318800
2416,1385,1357,6845146,28659,2126195,18537200
2417,1449,1423,6843697,28685,2127618,18610400
2418,1359,1424,6842338,28620,2129042,19396800
2419,1403,1388,6840935,28635,2130430,19230500
2420,1399,1419,6839536,28615,2131849,18578600
2421,1424,1426,6838112,28613,2133275,18872500
2422,1410,1434,6836702,28589,2134709,18731800
2423,1391,1441,6835311,28539,2136150,18723000
2424,1411,1378,6833900,28572,2137528,18653700
2425,1366,1398,6832534,28540,2138926,18602700
2426,1367,1448,6831167,28459,2140374,18750900
2427,1369,1435,6829798,28393,2141809,18642600
2428,1357,1480,6828441,28270,2143289,19413800
2429,1365,1338,6827076,28297,2144627,18990300
2430,1434,1459,6825642,28272,2146086,18777400
2431,1418,1530,6824224,28160,2147616,18725900
2432,1358,1414,6822866,28104,2149030,18739800
2433,1396,1441,6821470,28059,2150471,19187900
2434,1431,1438,6820039,28052,2151909,18963200
2435,1408,1414,6818631,28046,2153323,18684600
2436,1352,1345,6817279,28053,2154668,18997500
2437,1349,1414,6815930,27988,2156082,18704400
2438,1430,1425,6814500,27993,2157507,18626800
2439,1409,1362,6813091,28040,2158869,18603200
2440,1409,1372,6811682,28077,2160241,18539200
2441,1392,1372,6810290,28097,2161613,18704100
2442,1371,1442,6808919,28026,2163055,18655900
2443,1384,1469,6807535,27941,2164524,18674900
2444,1394,1411,6806141,27924,2165935,18678200
2445,1397,1415,6804744,27906,2167350,18675700
2446,1420,1410,6803324,27916,2168760,18723900
2447,1401,1398,6801923,27919,2170158,19504100
2448,1463,1384,6800460,27998,2171542,18635300
2449,1453,1343,6799007,28108,2172885,19061900
2450,1413,1370,6797594,28151,2174255,19184900
2451,1356,1434,6796238,28073,2175689,18927800
2452,1395,1418,6794843,28050,2177107,19477000
2453,1472,1369,6793371,28153,2178476,19165400
2454,1419,1405,6791952,28167,2179881,19175900
2455,1458,1362,6790494,28263,2181243,19505700
2456,1434,1472,6789060,28225,2182715,19316300
2457,1392,1402,6787668,28215,2184117,19637600
2458,1519,1388,6786149,28346,2185505,19544600
2459,1424,1382,6784725,28388,2186887,19403200
2460,1428,1364,6783297,28452,2188251,19633400
2461,1481,1394,6781816,28539,2189645,19479400
2462,1478,1389,6780338,28628,2191034,18704400
2463,1490,1400,6778848,28718,2192434,18519800
2464,1475,1474,6777373,28719,2193908,18558800
2465,1508,1404,6775865,28823,2195312,19028500
2466,1366,1422,6774499,28767,2196734,19133200
2467,1421,1458,6773078,28730,2198192,18659600
2468,1412,1442,6771666,28700,2199634,18767600
2469,1460,1457,6770206,28703,2201091,18694600
2470,1514,1466,6768692,28751,2202557,19673900
2471,1433,1368,6767259,28816,2203925,19450500
2472,1414,1478,6765845,28752,2205403,19285300
2473,1450,1513,6764395,28689,2206916,18526600
2474,1484,1413,6762911,28760,2208329,18626700
2475,1435,1422,6761476,28773,2209751,18695600
2476,1460,1390,6760016,28843,2211141,19073900
2477,1353,1464,6758663,28732,2212605,18790800
2478,1484,1479,6757179,28737,2214084,18726800
2479,1394,1411,6755785,28720,2215495,18994200
2480,1486,1486,6754299,28720,2216981,18771000
2481,1416,1447,6752883,28689,2218428,18729500
2482,1427,1444,6751456,28672,2219872,19288000
2483,1430,1433,6750026,28669,2221305,18807300
2484,1454,1432,6748572,28691,2222737,18966900
2485,1414,1473,6747158,28632,2224210,19106300
2486,1424,1357,6745734,28699,2225567,19139900
2487,1495,1399,6744239,28795,2226966,19129100
2488,1461,1473,6742778,28783,2228439,18729900
2489,1439,1436,6741339,28786,2229875,18683900
2490,1507,1499,6739832,28794,2231374,18847600
2491,1467,1443,6738365,28818,2232817,18665200
2492,1474,1465,6736891,28827,2234282,18661500
2493,1376,1450,6735515,28753,2235732,18713000
2494,1500,1432,6734015,28821,2237164,19051200
2495,1470,1404,6732545,28887,2238568,19177200
2496,1445,1417,6731100,28915,2239985,19159100
2497,1463,1425,6729637,28953,2241410,19065300
2498,1526,1415,6728111,29064,2242825,18787100
2499,1462,1431,6726649,29095,2244256,18763400
2500,1468,1502,6725181,29061,2245758,19300700
2501,1391,1443,6723790,29009,2247201,18306400
2502,1462,1530,6722328,28941,2248731,18738200
2503,1399,1508,6720929,28832,2250239,18691700
2504,1395,1457,6719534,28770,2251696,18756200
2505,1441,1421,6718093,28790,2253117,18715800
2506,1483,1495,6716610,28778,2254612,18668200
2507,1396,1408,6715214,28766,2256020,18615800
2508,1422,1450,6713792,28738,2257470,18889800
2509,1409,1442,6712383,28705,2258912,18678400
2510,1448,1450,6710935,28703,2260362,18750700
2511,1449,1457,6709486,28695,2261819,18645400
2512,1450,1465,6708036,28680,2263284,18790100
2513,1387,1439,6706649,28628,2264723,18754900
2514,1412,1430,6705237,28610,2266153,18762700
2515,1446,1437,6703791,28619,2267590,18713700
2516,1443,1381,6702348,28681,2268971,18795200
2517,1393,1448,6700955,28626,2270419,19182700
2518,1467,1451,6699488,28642,2271870,19415400
2519,1499,1477,6697989,28664,2273347,19732000
2520,1393,1463,6696596,28594,2274810,19452000
2521,1411,1454,6695185,28551,2276264,19100800
2522,1461,1376,6693724,28636,2277640,19392600
2523,1444,1447,6692280,28633,2279087,19004800
2524,1452,1463,6690828,28622,2280550,19410700
2525,1456,1377,6689372,28701,2281927,18978900
2526,1521,1477,6687851,28745,2283404,18948900
2527,1418,1390,6686433,28773,2284794,19774000
2528,1458,1435,6684975,28796,2286229,19193100
2529,1477,1468,6683498,28805,2287697,19176600
2530,1508,1469,6681990,28844,2289166,18777600
2531,1450,1453,6680540,28841,2290619,18637600
2532,1463,1445,6679077,28859,2292064,18701200
2533,1478,1465,6677599,28872,2293529,19090800
2534,1350,1443,6676249,28779,2294972,18725500
2535,1442,1454,6674807,28767,2296426,18688000
2536,1438,1404,6673369,28801,2297830,18678200
2537,1482,1471,6671887,28812,2299301,19407300
2538,1413,1439,6670474,28786,2300740,18940100
2539,1489,1462,6668985,28813,2302202,18956000
2540,1471,1434,6667514,28850,2303636,18880600
2541,1476,1441,6666038,28885,2305077,18564100
2542,1490,1400,6664548,28975,2306477,18599300
2543,1514,1450,6663034,29039,2307927,18822800
2544,1434,1558,6661600,28915,2309485,18672100
2545,1423,1421,6660177,28917,2310906,18602100
2546,1427,1482,6658750,28862,2312388,18670900
2547,1436,1443,6657314,28855,2313831,18607400
2548,1446,1446,6655868,28855,2315277,18627500
2549,1474,1410,6654394,28919,2316687,18419500
2550,1460,1481,6652934,28898,2318168,18647600
2551,1510,1479,6651424,28929,2319647,18666300
2552,1447,1457,6649977,28919,2321104,18730400
2553,1476,1440,6648501,28955,2322544,18679600
2554,1480,1398,6647021,29037,2323942,18693500
2555,1560,1408,6645461,29189,2325350,18843000
2556,1504,1405,6643957,29288,2326755,18683500
2557,1474,1426,6642483,29336,2328181,18647400
2558,1466,1499,6641017,29303,2329680,19115800
2559,1518,1439,6639499,29382,2331119,18915700
2560,1500,1450,6637999,29432,2332569,18761600
2561,1509,1559,6636490,29382,2334128,18618600
2562,1493,1462,6634997,29413,2335590,18761900
2563,1519,1504,6633478,29428,2337094,18724400
2564,1487,1556,6631991,29359,2338650,18771100
2565,1469,1513,6630522,29315,2340163,18785200
2566,1452,1474,6629070,29293,2341637,18875600
2567,1488,1463,6627582,29318,2343100,18699600
2568,1488,1451,6626094,29355,2344551,18965400
2569,1455,1437,6624639,29373,2345988,18613200
2570,1512,1461,6623127,29424,2347449,18793000
2571,1532,1409,6621595,29547,2348858,19172800
2572,1540,1512,6620055,29575,2350370,18743700
2573,1488,1467,6618567,29596,2351837,18657800
2574,1541,1474,6617026,29663,2353311,18706200
2575,1540,1443,6615486,29760,2354754,18741600
2576,1476,1506,6614010,29730,2356260,19025300
2577,1536,1437,6612474,29829,2357697,19851500
2578,1571,1572,6610903,29828,2359269,19513700
2579,1485,1535,6609418,29778,2360804,19416000
2580,1509,1513,6607909,29774,2362317,18757600
2581,1523,1532,6606386,29765,2363849,19102900
2582,1543,1471,6604843,29837,2365320,18614900
2583,1551,1532,6603292,29856,2366852,18655700
2584,1546,1475,6601746,29927,2368327,18973100
2585,1566,1511,6600180,29982,2369838,19279800
2586,1478,1500,6598702,29960,2371338,19380400
2587,1526,1433,6597176,30053,2372771,19102900
2588,1504,1532,6595672,30025,2374303,19282500
2589,1480,1458,6594192,30047,2375761,19328000
2590,1516,1478,6592676,30085,2377239,19305300
2591,1485,1506,6591191,30064,2378745,19918700
2592,1504,1518,6589687,30050,2380263,19329700
2593,1493,1560,6588194,29983,2381823,19281500
2594,1653,1441,6586541,30195,2383264,19807700
2595,1527,1491,6585014,30231,2384755,19149200
2596,1566,1493,6583448,30304,2386248,19013500
2597,1571,1505,6581877,30370,2387753,19142500
2598,1567,1513,6580310,30424,2389266,18998800
2599,1560,1478,6578750,30506,2390744,18893900
2600,1586,1539,6577164,30553,2392283,18643600
2601,1590,1536,6575574,30607,2393819,18989400
2602,1524,1512,6574050,30619,2395331,18687800
2603,1610,1542,6572440,30687,2396873,18668400
2604,1506,1535,6570934,30658,2398408,18819400
2605,1561,1569,6569373,30650,2399977,18697200
2606,1430,1536,6567943,30544,2401513,18884000
2607,1639,1508,6566304,30675,2403021,19616900
2608,1474,1572,6564830,30577,2404593,18547300
2609,1531,1561,6563299,30547,2406154,19019700
2610,1470,1565,6561829,30452,2407719,18873700
2611,1508,1499,6560321,30461,2409218,18869400
2612,1454,1458,6558867,30457,2410676,18797900
2613,1492,1517,6557375,30432,2412193,18805300
2614,1477,1491,6555898,30418,2413684,18838600
2615,1487,1500,6554411,30405,2415184,18700900
2616,1471,1512,6552940,30364,2416696,18936200
2617,1470,1543,6551470,30291,2418239,18825400
2618,1441,1479,6550029,30253,2419718,19068300
2619,1505,1485,6548524,30273,2421203,18699600
2620,1416,1534,6547108,30155,2422737,18999400
2621,1466,1495,6545642,30126,2424232,18786000
2622,1529,1476,6544113,30179,2425708,19001700
2623,1466,1549,6542647,30096,2427257,18688900
2624,1462,1471,6541185,30087,2428728,18741700
2625,1475,1609,6539710,29953,2430337,19034100
2626,1463,1523,6538247,29893,2431860,18746400
2627,1504,1566,6536743,29831,2433426,18988700
2628,1458,1481,6535285,29808,2434907,18684600
2629,1491,1468,6533794,29831,2436375,18758500
2630,1433,1486,6532361,29778,2437861,18871800
2631,1485,1445,6530876,29818,2439306,19507400
2632,1481,1543,6529395,29756,2440849,18960500
2633,1419,1484,6527976,29691,2442333,18773900
2634,1523,1508,6526453,29706,2443841,18822400
2635,1495,1465,6524958,29736,2445306,19366700
2636,1498,1479,6523460,29755,2446785,18801600
2637,1498,1456,6521962,29797,2448241,18993300
2638,1507,1496,6520455,29808,2449737,18864500
2639,1491,1477,6518964,29822,2451214,18817000
2640,1509,1459,6517455,29872,2452673,19052000
2641,1483,1494,6515972,29861,2454167,18841500
2642,1476,1432,6514496,29905,2455599,18751500
2643,1519,1472,6512977,29952,2457071,18990600
2644,1496,1524,6511481,29924,2458595,18994900
2645,1585,1525,6509896,29984,2460120,18962300
2646,1522,1462,6508374,30044,2461582,18839100
2647,1542,1465,6506832,30121,2463047,18723700
2648,1469,1519,6505363,30071,2464566,29427600
2649,1488,1527,6503875,30032,2466093,18811200
2650,1567,1535,6502308,30064,2467628,19341700
2651,1586,1484,6500722,30166,2469112,19359500
2652,1515,1537,6499207,30144,2470649,20521100
2653,1490,1537,6497717,30097,2472186,19528800
2654,1603,1470,6496114,30230,2473656,18923400
2655,1537,1496,6494577,30271,2475152,19007400
2656,1520,1533,6493057,30258,2476685,19690000
2657,1586,1478,6491471,30366,2478163,19506400
2658,1598,1505,6489873,30459,2479668,19541400
2659,1474,1589,6488399,30344,2481257,19966800
2660,1500,1625,6486899,30219,2482882,19344500
2661,1491,1492,6485408,30218,2484374,19377700
2662,1485,1526,6483923,30177,2485900,19154900
2663,1602,1514,6482321,30265,2487414,19120000
2664,1573,1514,6480748,30324,2488928,19107600
2665,1519,1573,6479229,30270,2490501,18677400
2666,1547,1521,6477682,30296,2492022,19184200
2667,1548,1539,6476134,30305,2493561,18834900
2668,1529,1513,6474605,30321,2495074,18792200
2669,1446,1491,6473159,30276,2496565,18736900
2670,1579,1483,6471580,30372,2498048,18741100
2671,1518,1525,6470062,30365,2499573,18920700
2672,1531,1566,6468531,30330,2501139,18745500
2673,1511,1486,6467020,30355,2502625,19041500
2674,1509,1474,6465511,30390,2504099,18825600
2675,1518,1531,6463993,30377,2505630,18731700
2676,1523,1450,6462470,30450,2507080,18911000
2677,1486,1566,6460984,30370,2508646,18700000
2678,1542,1458,6459442,30454,2510104,18781200
2679,1507,1528,6457935,30433,2511632,18720100
2680,1509,1487,6456426,30455,2513119,18682300
2681,1528,1564,6454898,30419,2514683,18771600
2682,1533,1576,6453365,30376,2516259,18733700
2683,1554,1542,6451811,30388,2517801,19410000
2684,1573,1503,6450238,30458,2519304,19241600
2685,1531,1547,6448707,30442,2520851,19183300
2686,1511,1494,6447196,30459,2522345,19198600
2687,1544,1569,6445652,30434,2523914,18819700
2688,1485,1529,6444167,30390,2525443,18565500
2689,1512,1502,6442655,30400,2526945,18693900
2690,1504,1511,6441151,30393,2528456,19219600
2691,1566,1490,6439585,30469,2529946,19267400
2692,1586,1551,6437999,30504,2531497,18525500
2693,1510,1558,6436489,30456,2533055,18685400
2694,1508,1524,6434981,30440,2534579,18805300
2695,1550,1536,6433431,30454,2536115,18816400
2696,1523,1551,6431908,30426,2537666,18828300
2697,1554,1521,6430354,30459,2539187,18780600
2698,1597,1544,6428757,30512,2540731,19136200
2699,1536,1529,6427221,30519,2542260,18696100
2700,1577,1534,6425644,30562,2543794,19284300
2701,1551,1457,6424093,30656,2545251,18697900
2702,1497,1543,6422596,30610,2546794,18581700
2703,1589,1465,6421007,30734,2548259,18753200
2704,1559,1575,6419448,30718,2549834,18845300
2705,1586,1591,6417862,30713,2551425,18737200
2706,1585,1523,6416277,30775,2552948,19221600
2707,1664,1553,6414613,30886,2554501,18807100
2708,1549,1611,6413064,30824,2556112,18936100
2709,1540,1517,6411524,30847,2557629,18830600
2710,1573,1574,6409951,30846,2559203,18800900
2711,1528,1514,6408423,30860,2560717,18838200
2712,1570,1607,6406853,30823,2562324,19134100
2713,1572,1512,6405281,30883,2563836,18803400
2714,1506,1491,6403775,30898,2565327,18654700
2715,1510,1572,6402265,30836,2566899,19070500
2716,1547,1563,6400718,30820,2568462,18758200
2717,1552,1541,6399166,30831,2570003,18789800
2718,1442,1545,6397724,30728,2571548,18981000
2719,1527,1528,6396197,30727,2573076,19397200
2720,1533,1485,6394664,30775,2574561,19853800
2721,1474,1525,6393190,30724,2576086,18963400
2722,1498,1585,6391692,30637,2577671,19956300
2723,1567,1468,6390125,30736,2579139,18938800
2724,1454,1584,6388671,30606,2580723,19039700
2725,1527,1499,6387144,30634,2582222,19297400
2726,1569,1585,6385575,30618,2583807,18791600
2727,1508,1582,6384067,30544,2585389,19035900
2728,1571,1565,6382496,30550,2586954,18779200
2729,1543,1499,6380953,30594,2588453,19455100
2730,1512,1502,6379441,30604,2589955,19257500
2731,1522,1520,6377919,30606,2591475,19075500
2732,1501,1564,6376418,30543,2593039,18798500
2733,1520,1503,6374898,30560,2594542,19006300
2734,1557,1520,6373341,30597,2596062,18982500
2735,1556,1525,6371785,30628,2597587,18706700
2736,1533,1495,6370252,30666,2599082,19050600
2737,1556,1511,6368696,30711,2600593,19815600
2738,1548,1518,6367148,30741,2602111,18817400
2739,1563,1546,6365585,30758,2603657,18791900
2740,1539,1550,6364046,30747,2605207,18741800
2741,1563,1552,6362483,30758,2606759,18943000
2742,1580,1541,6360903,30797,2608300,18762900
2743,1622,1538,6359281,30881,2609838,18812000
2744,1635,1497,6357646,31019,2611335,18995200
2745,1560,1503,6356086,31076,2612838,18728200
2746,1542,1566,6354544,31052,2614404,18894600
2747,1507,1472,6353037,31087,2615876,19347900
2748,1539,1553,6351498,31073,2617429,18837400
2749,1546,1559,6349952,31060,2618988,18832700
2750,1582,1599,6348370,31043,2620587,18783600
2751,1588,1554,6346782,31077,2622141,18764800
2752,1595,1464,6345187,31208,2623605,18699400
2753,1514,1491,6343673,31231,2625096,18896400
2754,1621,1596,6342052,31256,2626692,18885100
2755,1526,1521,6340526,31261,2628213,18755300
2756,1533,1512,6338993,31282,2629725,18720000
2757,1568,1542,6337425,31308,2631267,18787000
2758,1584,1558,6335841,31334,2632825,19075000
2759,1560,1545,6334281,31349,2634370,18808000
2760,1567,1556,6332714,31360,2635926,18818000
2761,1598,1561,6331116,31397,2637487,18982400
2762,1613,1546,6329503,31464,2639033,19117700
2763,1543,1575,6327960,31432,2640608,18779400
2764,1581,1612,6326379,31401,2642220,19685200
2765,1607,1497,6324772,31511,2643717,18661100
2766,1619,1603,6323153,31527,2645320,18776200
2767,1714,1577,6321439,31664,2646897,19131300
2768,1583,1613,6319856,31634,2648510,18785500
2769,1613,1625,6318243,31622,2650135,19155100
2770,1584,1570,6316659,31636,2651705,18644400
2771,1604,1485,6315055,31755,2653190,19223300
2772,1572,1663,6313483,31664,2654853,18896900
2773,1575,1578,6311908,31661,2656431,18882300
2774,1644,1637,6310264,31668,2658068,18863900
2775,1576,1642,6308688,31602,2659710,18845000
2776,1640,1567,6307048,31675,2661277,18834900
2777,1544,1630,6305504,31589,2662907,19003900
2778,1601,1602,6303903,31588,2664509,18935500
2779,1547,1536,6302356,31599,2666045,18692800
2780,1574,1619,6300782,31554,2667664,18863300
2781,1541,1548,6299241,31547,2669212,19031200
2782,1524,1557,6297717,31514,2670769,18982100
2783,1536,1596,6296181,31454,2672365,18962100
2784,1634,1536,6294547,31552,2673901,18812400
2785,1610,1644,6292937,31518,2675545,19214000
2786,1582,1567,6291355,31533,2677112,19686900
2787,1563,1640,6289792,31456,2678752,19504100
2788,1526,1539,6288266,31443,2680291,19026700
2789,1611,1613,6286655,31441,2681904,19629500
2790,1545,1589,6285110,31397,2683493,19718100
2791,1503,1494,6283607,31406,2684987,19336000
2792,1577,1551,6282030,31432,2686538,18615200
2793,1556,1511,6280474,31477,2688049,19084800
2794,1571,1586,6278903,31462,2689635,19046800
2795,1617,1496,6277286,31583,2691131,19191100
2796,1570,1556,6275716,31597,2692687,19059000
2797,1622,1610,6274094,31609,2694297,19240800
2798,1580,1521,6272514,31668,2695818,19679800
2799,1597,1653,6270917,31612,2697471,19050500
2800,1625,1581,6269292,31656,2699052,19216800
2801,1567,1570,6267725,31653,2700622,18825400
2802,1563,1565,6266162,31651,2702187,18786200
2803,1572,1597,6264590,31626,2703784,18934400
2804,1572,1511,6263018,31687,2705295,18751100
2805,1665,1565,6261353,31787,2706860,19135800
2806,1608,1635,6259745,31760,2708495,18817000
2807,1579,1617,6258166,31722,2710112,18788600
2808,1611,1674,6256555,31659,2711786,19798800
2809,1571,1544,6254984,31686,2713330,19066700
2810,1654,1560,6253330,31780,2714890,19325200
2811,1549,1524,6251781,31805,2716414,19037400
2812,1649,1644,6250132,31810,2718058,18805700
2813,1578,1593,6248554,31795,2719651,18795900
2814,1604,1570,6246950,31829,2721221,19371500
2815,1647,1624,6245303,31852,2722845,18681600
2816,1632,1570,6243671,31914,2724415,18813600
2817,1555,1557,6242116,31912,2725972,18898400
2818,1728,1595,6240388,32045,2727567,18833400
2819,1613,1661,6238775,31997,2729228,18896800
2820,1617,1613,6237158,32001,2730841,18698900
2821,1578,1587,6235580,31992,2732428,18871300
2822,1607,1549,6233973,32050,2733977,18857500
2823,1581,1575,6232392,32056,2735552,18751200
2824,1578,1656,6230814,31978,2737208,18967000
2825,1620,1580,6229194,32018,2738788,19051600
2826,1634,1594,6227560,32058,2740382,19006400
2827,1597,1568,6225963,32087,2741950,18957800
2828,1635,1634,6224328,32088,2743584,18833000
2829,1642,1634,6222686,32096,2745218,18836600
2830,1661,1681,6221025,32076,2746899,18761600
2831,1652,1640,6219373,32088,2748539,18883900
2832,1671,1571,6217702,32188,2750110,18738600
2833,1649,1637,6216053,32200,2751747,18710300
2834,1618,1642,6214435,32176,2753389,18804000
2835,1606,1567,6212829,32215,2754956,19156100
2836,1663,1597,6211166,32281,2756553,18866000
2837,1655,1652,6209511,32284,2758205,18784900
2838,1617,1585,6207894,32316,2759790,18827700
2839,1588,1622,6206306,32282,2761412,19397900
2840,1645,1607,6204661,32320,2763019,18980600
2841,1623,1604,6203038,32339,2764623,18755100
2842,1636,1664,6201402,32311,2766287,19112100
2843,1616,1579,6199786,32348,2767866,19772500
2844,1631,1506,6198155,32473,2769372,19251600
2845,1633,1628,6196522,32478,2771000,18870000
2846,1635,1644,6194887,32469,2772644,18761200
2847,1626,1645,6193261,32450,2774289,18620200
2848,1690,1634,6191571,32506,2775923,19428100
2849,1637,1651,6189934,32492,2777574,18834700
2850,1522,1619,6188412,32395,2779193,18951100
2851,1592,1628,6186820,32359,2780821,18797000
2852,1554,1650,6185266,32263,2782471,18844200
2853,1612,1641,6183654,32234,2784112,19316500
2854,1618,1580,6182036,32272,2785692,19418400
2855,1641,1569,6180395,32344,2787261,19755000
2856,1646,1537,6178749,32453,2788798,19393800
2857,1668,1604,6177081,32517,2790402,19247300
2858,1638,1623,6175443,32532,2792025,19156600
2859,1664,1649,6173779,32547,2793674,18819500
2860,1671,1654,6172108,32564,2795328,19098900
2861,1710,1589,6170398,32685,2796917,18867400
2862,1697,1621,6168701,32761,2798538,19378500
2863,1648,1557,6167053,32852,2800095,19216700
2864,1626,1632,6165427,32846,2801727,20249000
2865,1621,1639,6163806,32828,2803366,19082600
2866,1697,1710,6162109,32815,2805076,19211700
2867,1558,1555,6160551,32818,2806631,18631200
2868,1623,1607,6158928,32834,2808238,19091300
2869,1655,1665,6157273,32824,2809903,18607400
2870,1647,1597,6155626,32874,2811500,18830100
2871,1580,1647,6154046,32807,2813147,18933500
2872,1595,1657,6152451,32745,2814804,18988900
2873,1607,1634,6150844,32718,2816438,18987800
2874,1570,1607,6149274,32681,2818045,18592500
2875,1556,1655,6147718,32582,2819700,18757200
2876,1632,1541,6146086,32673,2821241,18928900
2877,1633,1590,6144453,32716,2822831,18882900
2878,1585,1627,6142868,32674,2824458,19307300
2879,1566,1583,6141302,32657,2826041,18696600
2880,1667,1592,6139635,32732,2827633,19055600
2881,1587,1649,6138048,32670,2829282,18898600
2882,1562,1645,6136486,32587,2830927,18704100
2883,1607,1682,6134879,32512,2832609,19165700
2884,1582,1637,6133297,32457,2834246,18767800
2885,1676,1654,6131621,32479,2835900,18856700
2886,1620,1657,6130001,32442,2837557,18768200
2887,1645,1622,6128356,32465,2839179,18791800
2888,1581,1540,6126775,32506,2840719,18780800
2889,1606,1585,6125169,32527,2842304,18735800
2890,1583,1631,6123586,32479,2843935,18754500
2891,1627,1591,6121959,32515,2845526,18808200
2892,1686,1605,6120273,32596,2847131,18734000
2893,1644,1572,6118629,32668,2848703,18795800
2894,1680,1611,6116949,32737,2850314,18721200
2895,1646,1714,6115303,32669,2852028,19193100
2896,1631,1640,6113672,32660,2853668,19112700
2897,1619,1677,6112053,32602,2855345,19994100
2898,1640,1613,6110413,32629,2856958,18822000
2899,1630,1666,6108783,32593,2858624,18857700
2900,1716,1536,6107067,32773,2860160,19167900
2901,1678,1683,6105389,32768,2861843,19003400
2902,1646,1624,6103743,32790,2863467,19038000
2903,1678,1646,6102065,32822,2865113,18979700
2904,1699,1660,6100366,32861,2866773,18902100
2905,1657,1567,6098709,32951,2868340,18851600
2906,1632,1681,6097077,32902,2870021,18817400
2907,1651,1635,6095426,32918,2871656,18772200
2908,1613,1632,6093813,32899,2873288,18696900
2909,1684,1596,6092129,32987,2874884,18898100
2910,1679,1639,6090450,33027,2876523,19644800
2911,1629,1588,6088821,33068,2878111,19381600
2912,1730,1592,6087091,33206,2879703,18773900
2913,1761,1693,6085330,33274,2881396,18714200
2914,1668,1710,6083662,33232,2883106,19316600
2915,1712,1634,6081950,33310,2884740,18680800
2916,1576,1640,6080374,33246,2886380,18692100
2917,1654,1678,6078720,33222,2888058,18878400
2918,1635,1618,6077085,33239,2889676,18724400
2919,1621,1659,6075464,33201,2891335,19910500
2920,1632,1703,6073832,33130,2893038,19288300
2921,1648,1605,6072184,33173,2894643,19847500
2922,1736,1670,6070448,33239,2896313,19167900
2923,1729,1585,6068719,33383,2897898,19698100
2924,1656,1631,6067063,33408,2899529,19270900
2925,1644,1687,6065419,33365,2901216,19112500
2926,1713,1708,6063706,33370,2902924,19320800
2927,1683,1685,6062023,33368,2904609,18959800
2928,1656,1638,6060367,33386,2906247,19209100
2929,1712,1564,6058655,33534,2907811,19504100
2930,1667,1679,6056988,33522,2909490,19324100
2931,1686,1720,6055302,33488,2911210,19695600
2932,1676,1603,6053626,33561,2912813,19272500
2933,1692,1615,6051934,33638,2914428,20058100
2934,1668,1824,6050266,33482,2916252,18454100
2935,1635,1678,6048631,33439,2917930,18613000
2936,1693,1653,6046938,33479,2919583,19140900
2937,1648,1735,6045290,33392,2921318,19190500
2938,1679,1685,6043611,33386,2923003,18673100
2939,1625,1660,6041986,33351,2924663,18740800
2940,1650,1633,6040336,33368,2926296,18763800
2941,1697,1718,6038639,33347,2928014,19295700
2942,1586,1666,6037053,33267,2929680,18994100
2943,1579,1656,6035474,33190,2931336,18734100
2944,1671,1617,6033803,33244,2932953,18765400
2945,1661,1701,6032142,33204,2934654,18958300
2946,1691,1603,6030451,33292,2936257,18724300
2947,1565,1780,6028886,33077,2938037,18928800
2948,1634,1606,6027252,33105,2939643,19913600
2949,1562,1690,6025690,32977,2941333,19184600
2950,1560,1688,6024130,32849,2943021,19624300
2951,1614,1657,6022516,32806,2944678,19644100
2952,1589,1635,6020927,32760,2946313,18825100
2953,1628,1626,6019299,32762,2947939,18611600
2954,1700,1670,6017599,32792,2949609,18899100
2955,1635,1668,6015964,32759,2951277,18918000
2956,1638,1605,6014326,32792,2952882,18792200
2957,1561,1600,6012765,32753,2954482,18657000
2958,1655,1605,6011110,32803,2956087,18738700
2959,1696,1665,6009414,32834,2957752,19067800
2960,1632,1732,6007782,32734,2959484,19003100
2961,1746,1591,6006036,32889,2961075,19980300
2962,1702,1635,6004334,32956,2962710,19044300
2963,1680,1666,6002654,32970,2964376,18769100
2964,1717,1663,6000937,33024,2966039,19105400
2965,1627,1663,5999310,32988,2967702,19392400
2966,1676,1684,5997634,32980,2969386,19179400
2967,1667,1701,5995967,32946,2971087,18818800
2968,1603,1640,5994364,32909,2972727,18732300
2969,1630,1626,5992734,32913,2974353,18746300
2970,1627,1596,5991107,32944,2975949,18809600
2971,1745,1621,5989362,33068,2977570,18717600
2972,1627,1656,5987735,33039,2979226,18808300
2973,1704,1666,5986031,33077,2980892,18785800
2974,1680,1659,5984351,33098,2982551,18961600
2975,1682,1627,5982669,33153,2984178,18687800
2976,1621,1701,5981048,33073,2985879,18766800
2977,1698,1636,5979350,33135,2987515,18680200
2978,1625,1664,5977725,33096,2989179,18969500
2979,1659,1589,5976066,33166,2990768,19236000
2980,1660,1605,5974406,33221,2992373,18806400
2981,1638,1702,5972768,33157,2994075,19168100
2982,1635,1624,5971133,33168,2995699,18752300
2983,1698,1692,5969435,33174,2997391,19127100
2984,1670,1636,5967765,33208,2999027,19296000
2985,1729,1696,5966036,33241,3000723,19382500
2986,1774,1584,5964262,33431,3002307,19678300
2987,1706,1676,5962556,33461,3003983,20598900
2988,1704,1725,5960852,33440,3005708,19102500
2989,1622,1710,5959230,33352,3007418,19302100
2990,1699,1683,5957531,33368,3009101,19053100
2991,1696,1787,5955835,33277,3010888,19173700
2992,1654,1730,5954181,33201,3012618,19251500
2993,1668,1691,5952513,33178,3014309,19251200
2994,1640,1655,5950873,33163,3015964,18913300
2995,1636,1601,5949237,33198,3017565,19395600
2996,1663,1626,5947574,33235,3019191,19454100
2997,1650,1587,5945924,33298,3020778,19587700
2998,1673,1703,5944251,33268,3022481,18951500
2999,1677,1632,5942574,33313,3024113,19181800
3000,1608,1647,5940966,33274,3025760,19218700
3001,1631,1585,5939335,33320,3027345,19312700
3002,1607,1678,5937728,33249,3029023,18632000
3003,1677,1673,5936051,33253,3030696,18584600
3004,1712,1719,5934339,33246,3032415,19087200
3005,1692,1697,5932647,33241,3034112,18824600
3006,1711,1696,5930936,33256,3035808,18573100
3007,1646,1631,5929290,33271,3037439,18619200
3008,1719,1654,5927571,33336,3039093,18787300
3009,1631,1646,5925940,33321,3040739,18793100
3010,1687,1669,5924253,33339,3042408,18794900
3011,1642,1696,5922611,33285,3044104,18796800
3012,1731,1691,5920880,33325,3045795,18787500
3013,1739,1658,5919141,33406,3047453,18708100
3014,1707,1637,5917434,33476,3049090,18814100
3015,1713,1659,5915721,33530,3050749,18843300
3016,1685,1657,5914036,33558,3052406,18782000
3017,1702,1664,5912334,33596,3054070,18680500
3018,1634,1727,5910700,33503,3055797,18861400
3019,1725,1669,5908975,33559,3057466,18943600
3020,1626,1624,5907349,33561,3059090,19108200
3021,1683,1745,5905666,33499,3060835,18973800
3022,1676,1748,5903990,33427,3062583,18799000
3023,1611,1702,5902379,33336,3064285,18748500
3024,1706,1584,5900673,33458,3065869,18815100
3025,1666,1722,5899007,33402,3067591,18728200
3026,1671,1638,5897336,33435,3069229,18751100
3027,1686,1652,5895650,33469,3070881,19006300
3028,1689,1665,5893961,33493,3072546,18749900
3029,1691,1703,5892270,33481,3074249,18863700
3030,1693,1624,5890577,33550,3075873,18848600
3031,1712,1695,5888865,33567,3077568,18863100
3032,1665,1651,5887200,33581,3079219,18827900
3033,1724,1664,5885476,33641,3080883,18746900
3034,1663,1690,5883813,33614,3082573,19141100
3035,1668,1555,5882145,33727,3084128,18776900
3036,1669,1687,5880476,33709,3085815,19300300
3037,1682,1665,5878794,33726,3087480,19194800
3038,1685,1650,5877109,33761,3089130,18577200
3039,1711,1726,5875398,33746,3090856,18930100
3040,1689,1686,5873709,33749,3092542,18854100
3041,1667,1730,5872042,33686,3094272,19074600
3042,1741,1684,5870301,33743,3095956,18827500
3043,1700,1711,5868601,33732,3097667,18787500
3044,1715,1718,5866886,33729,3099385,18875500
3045,1821,1673,5865065,33877,3101058,18866800
3046,1716,1694,5863349,33899,3102752,18819500
3047,1780,1658,5861569,34021,3104410,18754000
3048,1741,1622,5859828,34140,3106032,18776500
3049,1716,1751,5858112,34105,3107783,19017500
3050,1719,1744,5856393,34080,3109527,18839500
3051,1697,1765,5854696,34012,3111292,19415400
3052,1743,1681,5852953,34074,3112973,18755600
3053,1784,1739,5851169,34119,3114712,20020000
3054,1710,1717,5849459,34112,3116429,19581700
3055,1740,1725,5847719,34127,3118154,19006100
3056,1736,1707,5845983,34156,3119861,19123900
3057,1737,1639,5844246,34254,3121500,18885600
3058,1749,1653,5842497,34350,3123153,19293400
3059,1788,1736,5840709,34402,3124889,18895600
3060,1737,1681,5838972,34458,3126570,18926400
3061,1772,1770,5837200,34460,3128340,18582200
3062,1691,1740,5835509,34411,3130080,19001400
3063,1732,1710,5833777,34433,3131790,19120900
3064,1664,1816,5832113,34281,3133606,19187600
3065,1706,1774,5830407,34213,3135380,19116800
3066,1714,1692,5828693,34235,3137072,19012600
3067,1757,1701,5826936,34291,3138773,18760200
3068,1734,1803,5825202,34222,3140576,18721400
3069,1714,1716,5823488,34220,3142292,18708800
3070,1748,1690,5821740,34278,3143982,18756700
3071,1698,1699,5820042,34277,3145681,18803500
3072,1702,1724,5818340,34255,3147405,18979600
3073,1694,1717,5816646,34232,3149122,19260800
3074,1725,1829,5814921,34128,3150951,18774800
3075,1680,1702,5813241,34106,3152653,18817200
3076,1691,1735,5811550,34062,3154388,18685100
3077,1692,1667,5809858,34087,3156055,18922400
3078,1708,1699,5808150,34096,3157754,19258500
3079,1723,1641,5806427,34178,3159395,18818100
3080,1690,1743,5804737,34125,3161138,18806000
3081,1751,1695,5802986,34181,3162833,18832000
3082,1721,1672,5801265,34230,3164505,18749700
3083,1726,1728,5799539,34228,3166233,18740500
3084,1717,1746,5797822,34199,3167979,18883400
3085,1777,1690,5796045,34286,3169669,18782500
3086,1854,1709,5794191,34431,3171378,18982900
3087,1697,1771,5792494,34357,3173149,19307700
3088,1667,1702,5790827,34322,3174851,18893300
3089,1778,1645,5789049,34455,3176496,19121500
3090,1715,1656,5787334,34514,3178152,19135700
3091,1743,1694,5785591,34563,3179846,18823700
3092,1726,1705,5783865,34584,3181551,19598700
3093,1737,1708,5782128,34613,3183259,19535100
3094,1726,1764,5780402,34575,3185023,18802600
3095,1709,1729,5778693,34555,3186752,18799500
3096,1790,1728,5776903,34617,3188480,18739200
3097,1756,1726,5775147,34647,3190206,18800700
3098,1792,1707,5773355,34732,3191913,19084300
3099,1801,1708,5771554,34825,3193621,18756200
3100,1754,1813,5769800,34766,3195434,18734800
3101,1770,1681,5768030,34855,3197115,18839300
3102,1782,1795,5766248,34842,3198910,19136900
3103,1793,1683,5764455,34952,3200593,18813600
3104,1733,1705,5762722,34980,3202298,19710900
3105,1715,1718,5761007,34977,3204016,19018800
3106,1735,1632,5759272,35080,3205648,19786800
3107,1745,1756,5757527,35069,3207404,19946100
3108,1826,1744,5755701,35151,3209148,18773400
3109,1804,1851,5753897,35104,3210999,19102800
3110,1702,1728,5752195,35078,3212727,19424400
3111,1731,1703,5750464,35106,3214430,18711100
3112,1840,1742,5748624,35204,3216172,18760900
3113,1702,1743,5746922,35163,3217915,18741500
3114,1725,1759,5745197,35129,3219674,18932800
3115,1773,1790,5743424,35112,3221464,19335400
3116,1769,1846,5741655,35035,3223310,18815800
3117,1760,1700,5739895,35095,3225010,18838300
3118,1808,1787,5738087,35116,3226797,18861500
3119,1805,1712,5736282,35209,3228509,18771500
3120,1721,1725,5734561,35205,3230234,19733200
3121,1752,1673,5732809,35284,3231907,19757100
3122,1781,1843,5731028,35222,3233750,18882800
3123,1827,1817,5729201,35232,3235567,19744600
3124,1818,1737,5727383,35313,3237304,19119700
3125,1795,1812,5725588,35296,3239116,19418700
3126,1803,1723,5723785,35376,3240839,19186500
3127,1758,1792,5722027,35342,3242631,18919300
3128,1748,1762,5720279,35328,3244393,19619200
3129,1694,1770,5718585,35252,3246163,19761500
3130,1753,1761,5716832,35244,3247924,19487800
3131,1779,1863,5715053,35160,3249787,19459700
3132,1715,1778,5713338,35097,3251565,19372600
3133,1803,1754,5711535,35146,3253319,18843000
3134,1738,1721,5709797,35163,3255040,18531700
3135,1711,1794,5708086,35080,3256834,18593300
3136,1672,1742,5706414,35010,3258576,18743300
3137,1714,1740,5704700,34984,3260316,18805000
3138,1804,1767,5702896,35021,3262083,18882100
3139,1744,1771,5701152,34994,3263854,19192400
3140,1684,1712,5699468,34966,3265566,18868400
3141,1740,1740,5697728,34966,3267306,18933500
3142,1726,1709,5696002,34983,3269015,19620500
3143,1754,1707,5694248,35030,3270722,18819500
3144,1777,1831,5692471,34976,3272553,19045600
3145,1742,1761,5690729,34957,3274314,18870700
3146,1762,1681,5688967,35038,3275995,19481000
3147,1830,1733,5687137,35135,3277728,19356100
3148,1663,1804,5685474,34994,3279532,18798600
3149,1742,1713,5683732,35023,3281245,18833300
3150,1721,1720,5682011,35024,3282965,18832600
3151,1733,1779,5680278,34978,3284744,19387000
3152,1747,1744,5678531,34981,3286488,19051500
3153,1769,1738,5676762,35012,3288226,18789300
3154,1733,1782,5675029,34963,3290008,19301200
3155,1741,1737,5673288,34967,3291745,18705900
3156,1701,1735,5671587,34933,3293480,18827400
3157,1810,1669,5669777,35074,3295149,18707100
3158,1683,1788,5668094,34969,3296937,19905400
3159,1726,1736,5666368,34959,3298673,19863700
3160,1744,1797,5664624,34906,3300470,18969600
3161,1708,1734,5662916,34880,3302204,18822000
3162,1753,1784,5661163,34849,3303988,18897500
3163,1764,1742,5659399,34871,3305730,18864800
3164,1833,1718,5657566,34986,3307448,18736400
3165,1764,1724,5655802,35026,3309172,19315900
3166,1785,1749,5654017,35062,3310921,18814300
3167,1795,1781,5652222,35076,3312702,19153600
3168,1719,1801,5650503,34994,3314503,18741900
3169,1717,1794,5648786,34917,3316297,18796400
3170,1717,1761,5647069,34873,3318058,18815300
3171,1772,1763,5645297,34882,3319821,19116700
3172,1788,1779,5643509,34891,3321600,18723400
3173,1707,1750,5641802,34848,3323350,18647000
3174,1793,1757,5640009,34884,3325107,18932400
3175,1798,1663,5638211,35019,3326770,19539300
3176,1880,1737,5636331,35162,3328507,18867100
3177,1743,1793,5634588,35112,3330300,18521100
3178,1780,1724,5632808,35168,3332024,18770400
3179,1836,1824,5630972,35180,3333848,18970400
3180,1817,1813,5629155,35184,3335661,18972000
3181,1795,1765,5627360,35214,3337426,18758700
3182,1772,1790,5625588,35196,3339216,18917000
3183,1873,1778,5623715,35291,3340994,18931700
3184,1778,1841,5621937,35228,3342835,19019600
3185,1762,1826,5620175,35164,3344661,18911400
3186,1818,1728,5618357,35254,3346389,19747000
3187,1762,1788,5616595,35228,3348177,20048900
3188,1810,1710,5614785,35328,3349887,20051100
3189,1772,1791,5613013,35309,3351678,20512400
3190,1758,1764,5611255,35303,3353442,20099500
3191,1797,1770,5609458,35330,3355212,20375000
3192,1746,1750,5607712,35326,3356962,19972300
3193,1799,1743,5605913,35382,3358705,20029800
3194,1815,1758,5604098,35439,3360463,19819000
3195,1839,1751,5602259,35527,3362214,20784300
3196,1690,1855,5600569,35362,3364069,19743400
3197,1728,1777,5598841,35313,3365846,19649900
3198,1753,1772,5597088,35294,3367618,20211500
3199,1739,1826,5595349,35207,3369444,19908100
3200,1815,1810,5593534,35212,3371254,19873700
3201,1751,1745,5591783,35218,3372999,19302200
3202,1731,1729,5590052,35220,3374728,19496900
3203,1708,1778,5588344,35150,3376506,19538800
3204,1730,1758,5586614,35122,3378264,19741100
3205,1781,1730,5584833,35173,3379994,19434300
3206,1722,1732,5583111,35163,3381726,19823800
3207,1763,1763,5581348,35163,3383489,19749200
3208,1810,1778,5579538,35195,3385267,19550600
3209,1767,1779,5577771,35183,3387046,19979400
3210,1776,1806,5575995,35153,3388852,19704600
3211,1785,1757,5574210,35181,3390609,19506100
3212,1791,1807,5572419,35165,3392416,19268200
3213,1793,1718,5570626,35240,3394134,20540100
3214,1778,1761,5568848,35257,3395895,19217500
3215,1795,1794,5567053,35258,3397689,19066100
3216,1773,1754,5565280,35277,3399443,19002800
3217,1716,1704,5563564,35289,3401147,18832500
3218,1740,1743,5561824,35286,3402890,18811200
3219,1742,1741,5560082,35287,3404631,18671700
3220,1736,1761,5558346,35262,3406392,18893200
3221,1734,1794,5556612,35202,3408186,19363100
3222,1696,1732,5554916,35166,3409918,18681800
3223,1825,1704,5553091,35287,3411622,18958900
3224,1807,1787,5551284,35307,3413409,18975100
3225,1751,1767,5549533,35291,3415176,19534600
3226,1672,1774,5547861,35189,3416950,19317800
3227,1818,1742,5546043,35265,3418692,18778400
3228,1789,1756,5544254,35298,3420448,18699400
3229,1726,1765,5542528,35259,3422213,18795600
3230,1767,1751,5540761,35275,3423964,18571700
3231,1729,1783,5539032,35221,3425747,18300600
3232,1807,1790,5537225,35238,3427537,18567800
3233,1759,1745,5535466,35252,3429282,18957000
3234,1803,1816,5533663,35239,3431098,19121400
3235,1667,1777,5531996,35129,3432875,18735700
3236,1787,1762,5530209,35154,3434637,19220600
3237,1795,1754,5528414,35195,3436391,19112500
3238,1760,1816,5526654,35139,3438207,19293600
3239,1766,1733,5524888,35172,3439940,19060500
3240,1746,1737,5523142,35181,3441677,18806900
3241,1775,1664,5521367,35292,3443341,18659000
3242,1796,1775,5519571,35313,3445116,18820000
3243,1805,1736,5517766,35382,3446852,18887100
3244,1819,1866,5515947,35335,3448718,19256800
3245,1749,1783,5514198,35301,3450501,19245200
3246,1764,1767,5512434,35298,3452268,18684500
3247,1801,1686,5510633,35413,3453954,19485400
3248,1775,1815,5508858,35373,3455769,19388400
3249,1766,1779,5507092,35360,3457548,19262400
3250,1806,1727,5505286,35439,3459275,19544900
3251,1805,1809,5503481,35435,3461084,19019600
3252,1793,1756,5501688,35472,3462840,18363700
3253,1769,1720,5499919,35521,3464560,19112100
3254,1787,1822,5498132,35486,3466382,19315900
3255,1816,1792,5496316,35510,3468174,19273300
3256,1741,1784,5494575,35467,3469958,19138800
3257,1761,1847,5492814,35381,3471805,19206900
3258,1852,1802,5490962,35431,3473607,19571200
3259,1845,1730,5489117,35546,3475337,19406500
3260,1762,1844,5487355,35464,3477181,19444200
3261,1839,1830,5485516,35473,3479011,19932200
3262,1755,1753,5483761,35475,3480764,19706700
3263,1810,1727,5481951,35558,3482491,19500000
3264,1760,1699,5480191,35619,3484190,19675900
3265,1790,1827,5478401,35582,3486017,19333000
3266,1794,1839,5476607,35537,3487856,19076900
3267,1771,1795,5474836,35513,3489651,19454800
3268,1720,1786,5473116,35447,3491437,19668000
3269,1778,1729,5471338,35496,3493166,19122400
3270,1749,1756,5469589,35489,3494922,19101200
3271,1793,1791,5467796,35491,3496713,18751100
3272,1778,1742,5466018,35527,3498455,18823100
3273,1730,1731,5464288,35526,3500186,18865100
3274,1838,1782,5462450,35582,3501968,19114300
3275,1806,1760,5460644,35628,3503728,18790100
3276,1811,1792,5458833,35647,3505520,19026200
3277,1850,1721,5456983,35776,3507241,18875400
3278,1858,1850,5455125,35784,3509091,19088400
3279,1836,1769,5453289,35851,3510860,19080700
3280,1829,1751,5451460,35929,3512611,18744600
3281,1716,1781,5449744,35864,3514392,18908800
3282,1838,1797,5447906,35905,3516189,18912100
3283,1760,1832,5446146,35833,3518021,18698700
3284,1819,1720,5444327,35932,3519741,19122200
3285,1811,1800,5442516,35943,3521541,18734000
3286,1829,1837,5440687,35935,3523378,18907300
3287,1840,1777,5438847,35998,3525155,19155200
3288,1876,1852,5436971,36022,3527007,18681800
3289,1809,1774,5435162,36057,3528781,18943700
3290,1822,1794,5433340,36085,3530575,19108900
3291,1889,1861,5431451,36113,3532436,18927100
3292,1873,1830,5429578,36156,3534266,18957000
3293,1809,1790,5427769,36175,3536056,18690600
3294,1809,1800,5425960,36184,3537856,18721000
3295,1860,1837,5424100,36207,3539693,18828600
3296,1855,1852,5422245,36210,3541545,18819100
3297,1846,1712,5420399,36344,3543257,18776800
3298,1912,1859,5418487,36397,3545116,18880400
3299,1860,1853,5416627,36404,3546969,19416400
3300,1864,1793,5414763,36475,3548762,20052900
3301,1904,1903,5412859,36476,3550665,19840400
3302,1852,1818,5411007,36510,3552483,20459400
3303,1824,1846,5409183,36488,3554329,18989100
3304,1826,1846,5407357,36468,3556175,18873200
3305,1861,1817,5405496,36512,3557992,18611500
3306,1852,1816,5403644,36548,3559808,19017500
3307,1802,1806,5401842,36544,3561614,19028900
3308,1782,1818,5400060,36508,3563432,18761300
3309,1903,1844,5398157,36567,3565276,18665100
3310,1864,1829,5396293,36602,3567105,18758300
3311,1864,1874,5394429,36592,3568979,19029500
3312,1911,1853,5392518,36650,3570832,18931500
3313,1827,1771,5390691,36706,3572603,19211900
3314,1841,1746,5388850,36801,3574349,19188000
3315,1881,1841,5386969,36841,3576190,18871600
3316,1846,1887,5385123,36800,3578077,19499000
3317,1888,1853,5383235,36835,3579930,19172300
3318,1830,1824,5381405,36841,3581754,18374800
3319,1856,1847,5379549,36850,3583601,18781300
3320,1891,1871,5377658,36870,3585472,18982500
3321,1817,1933,5375841,36754,3587405,19363200
3322,1850,1862,5373991,36742,3589267,19375900
3323,1886,1873,5372105,36755,3591140,19255600
3324,1870,1830,5370235,36795,3592970,19812300
3325,1921,1813,5368314,36903,3594783,19343000
3326,1887,1806,5366427,36984,3596589,19163300
3327,1882,1918,5364545,36948,3598507,18867400
3328,1906,1805,5362639,37049,3600312,19476200
3329,1858,1847,5360781,37060,3602159,19606200
3330,1848,1891,5358933,37017,3604050,19677500
3331,1918,1782,5357015,37153,3605832,19858500
3332,1851,1897,5355164,37107,3607729,19497300
3333,1904,1876,5353260,37135,3609605,20028000
3334,1798,1861,5351462,37072,3611466,20090100
3335,1857,1817,5349605,37112,3613283,19542000
3336,1879,1843,5347726,37148,3615126,18700200
3337,1884,1834,5345842,37198,3616960,19030500
3338,1794,1868,5344048,37124,3618828,18964900
3339,1775,1897,5342273,37002,3620725,19014000
3340,1884,1775,5340389,37111,3622500,18835500
3341,1844,1893,5338545,37062,3624393,19030500
3342,1881,1829,5336664,37114,3626222,18824700
3343,1843,1848,5334821,37109,3628070,18777700
3344,1836,1908,5332985,37037,3629978,18833200
3345,1774,1815,5331211,36996,3631793,18823800
3346,1841,1859,5329370,36978,3633652,18827200
3347,1840,1885,5327530,36933,3635537,18620800
3348,1815,1892,5325715,36856,3637429,18870400
3349,1797,1849,5323918,36804,3639278,18746100
3350,1757,1845,5322161,36716,3641123,18762500
3351,1785,1854,5320376,36647,3642977,19007900
3352,1809,1832,5318567,36624,3644809,19305800
3353,1819,1803,5316748,36640,3646612,19144000
3354,1790,1811,5314958,36619,3648423,19179000
3355,1776,1813,5313182,36582,3650236,19529700
3356,1843,1822,5311339,36603,3652058,18604900
3357,1790,1799,5309549,36594,3653857,18860000
3358,1755,1863,5307794,36486,3655720,18639200
3359,1761,1777,5306033,36470,3657497,18823900
3360,1773,1734,5304260,36509,3659231,18948500
3361,1812,1895,5302448,36426,3661126,19076800
3362,1758,1813,5300690,36371,3662939,18944200
3363,1779,1764,5298911,36386,3664703,18843300
3364,1790,1828,5297121,36348,3666531,18905300
3365,1808,1748,5295313,36408,3668279,19298000
3366,1792,1831,5293521,36369,3670110,19090300
3367,1758,1745,5291763,36382,3671855,19238200
3368,1753,1759,5290010,36376,3673614,19323200
3369,1750,1822,5288260,36304,3675436,19494100
3370,1716,1797,5286544,36223,3677233,18890100
3371,1802,1764,5284742,36261,3678997,18719000
3372,1794,1820,5282948,36235,3680817,18688100
3373,1804,1844,5281144,36195,3682661,18979900
3374,1739,1742,5279405,36192,3684403,18935200
3375,1740,1825,5277665,36107,3686228,19200800
3376,1776,1899,5275889,35984,3688127,19319900
3377,1787,1784,5274102,35987,3689911,18850700
3378,1799,1861,5272303,35925,3691772,19068000
3379,1755,1776,5270548,35904,3693548,18842000
3380,1712,1809,5268836,35807,3695357,18778000
3381,1804,1826,5267032,35785,3697183,18724300
3382,1798,1795,5265234,35788,3698978,18743600
3383,1761,1767,5263473,35782,3700745,18876800
3384,1767,1809,5261706,35740,3702554,19232500
3385,1735,1858,5259971,35617,3704412,19147200
3386,1786,1676,5258185,35727,3706088,18752500
3387,1746,1760,5256439,35713,3707848,18904400
3388,1660,1767,5254779,35606,3709615,19148900
3389,1778,1741,5253001,35643,3711356,19402200
3390,1727,1766,5251274,35604,3713122,19574100
3391,1759,1781,5249515,35582,3714903,19207700
3392,1762,1891,5247753,35453,3716794,19093600
3393,1752,1782,5246001,35423,3718576,19291400
3394,1726,1714,5244275,35435,3720290,19681000
3395,1770,1848,5242505,35357,3722138,19043400
3396,1739,1782,5240766,35314,3723920,19337800
3397,1846,1766,5238920,35394,3725686,19101100
3398,1785,1785,5237135,35394,3727471,19479100
3399,1794,1831,5235341,35357,3729302,19840000
3400,1739,1771,5233602,35325,3731073,19430100
3401,1758,1789,5231844,35294,3732862,18922700
3402,1751,1756,5230093,35289,3734618,18822400
3403,1732,1754,5228361,35267,3736372,18807000
3404,1763,1747,5226598,35283,3738119,19429600
3405,1769,1698,5224829,35354,3739817,19027000
3406,1746,1761,5223083,35339,3741578,19007700
3407,1811,1712,5221272,35438,3743290,19447200
3408,1720,1808,5219552,35350,3745098,18910300
3409,1849,1782,5217703,35417,3746880,19281400
3410,1783,1799,5215920,35401,3748679,18813700
3411,1780,1795,5214140,35386,3750474,18804000
3412,1833,1795,5212307,35424,3752269,18900100
3413,1770,1726,5210537,35468,3753995,18984200
3414,1751,1789,5208786,35430,3755784,18793900
3415,1786,1802,5207000,35414,3757586,18764900
3416,1823,1738,5205177,35499,3759324,18817400
3417,1776,1779,5203401,35496,3761103,18656800
3418,1786,1724,5201615,35558,3762827,18704200
3419,1737,1759,5199878,35536,3764586,18696000
3420,1700,1732,5198178,35504,3766318,18681500
3421,1682,1706,5196496,35480,3768024,19399000
3422,1795,1763,5194701,35512,3769787,19353500
3423,1733,1843,5192968,35402,3771630,19259300
3424,1691,1757,5191277,35336,3773387,18683300
3425,1709,1801,5189568,35244,3775188,18825900
3426,1769,1805,5187799,35208,3776993,19053100
3427,1824,1775,5185975,35257,3778768,18940300
3428,1702,1766,5184273,35193,3780534,18675700
3429,1794,1795,5182479,35192,3782329,18832700
3430,1709,1774,5180770,35127,3784103,18661900
3431,1724,1726,5179046,35125,3785829,18935200
3432,1767,1818,5177279,35074,3787647,18756800
3433,1790,1768,5175489,35096,3789415,18684300
3434,1761,1745,5173728,35112,3791160,18969700
3435,1725,1718,5172003,35119,3792878,18769000
3436,1707,1742,5170296,35084,3794620,19061200
3437,1825,1813,5168471,35096,3796433,19222800
3438,1760,1746,5166711,35110,3798179,19157100
3439,1787,1793,5164924,35104,3799972,19157200
3440,1756,1748,5163168,35112,3801720,18789400
3441,1734,1785,5161434,35061,3803505,18671400
3442,1744,1775,5159690,35030,3805280,19341900
3443,1713,1781,5157977,34962,3807061,19081800
3444,1703,1693,5156274,34972,3808754,18815600
3445,1705,1786,5154569,34891,3810540,18785400
3446,1719,1785,5152850,34825,3812325,18769500
3447,1728,1808,5151122,34745,3814133,18614700
3448,1738,1762,5149384,34721,3815895,18729300
3449,1703,1729,5147681,34695,3817624,18817600
3450,1676,1755,5146005,34616,3819379,19311300
3451,1710,1769,5144295,34557,3821148,19569700
3452,1708,1723,5142587,34542,3822871,18633900
3453,1823,1803,5140764,34562,3824674,18788200
3454,1818,1792,5138946,34588,3826466,18817000
3455,1773,1750,5137173,34611,3828216,19455200
3456,1731,1720,5135442,34622,3829936,19511700
3457,1726,1714,5133716,34634,3831650,19106000
3458,1752,1706,5131964,34680,3833356,19122900
3459,1794,1692,5130170,34782,3835048,19424800
3460,1793,1789,5128377,34786,3836837,19112100
3461,1733,1663,5126644,34856,3838500,20004200
3462,1775,1721,5124869,34910,3840221,19225900
3463,1784,1731,5123085,34963,3841952,19016500
3464,1743,1692,5121342,35014,3843644,19005000
3465,1755,1746,5119587,35023,3845390,19364800
3466,1838,1666,5117749,35195,3847056,18973900
3467,1714,1759,5116035,35150,3848815,19488700
3468,1732,1742,5114303,35140,3850557,19287500
3469,1765,1778,5112538,35127,3852335,19383100
3470,1712,1784,5110826,35055,3854119,18556300
3471,1754,1743,5109072,35066,3855862,18923800
3472,1756,1743,5107316,35079,3857605,18617300
3473,1775,1765,5105541,35089,3859370,18644300
3474,1791,1771,5103750,35109,3861141,19890800
3475,1745,1770,5102005,35084,3862911,19148100
3476,1767,1725,5100238,35126,3864636,18782400
3477,1821,1751,5098417,35196,3866387,19012100
3478,1773,1778,5096644,35191,3868165,19147500
3479,1695,1772,5094949,35114,3869937,18719600
3480,1751,1858,5093198,35007,3871795,18772700
3481,1788,1730,5091410,35065,3873525,18895400
3482,1801,1787,5089609,35079,3875312,19285300
3483,1685,1769,5087924,34995,3877081,19115800
3484,1697,1799,5086227,34893,3878880,18676600
3485,1731,1766,5084496,34858,3880646,18966200
3486,1787,1753,5082709,34892,3882399,19061000
3487,1784,1784,5080925,34892,3884183,19203900
3488,1726,1746,5079199,34872,3885929,19514800
3489,1777,1787,5077422,34862,3887716,18788700
3490,1865,1793,5075557,34934,3889509,18689100
3491,1773,1700,5073784,35007,3891209,18983600
3492,1711,1740,5072073,34978,3892949,18754300
3493,1740,1657,5070333,35061,3894606,19299600
3494,1736,1706,5068597,35091,3896312,19006400
3495,1783,1671,5066814,35203,3897983,19231100
3496,1774,1701,5065040,35276,3899684,18867600
3497,1809,1748,5063231,35337,3901432,18725800
3498,1726,1758,5061505,35305,3903190,18725900
3499,1891,1750,5059614,35446,3904940,18753300
3500,1861,1792,5057753,35515,3906732,18875600
3501,1807,1745,5055946,35577,3908477,18842600
3502,1814,1743,5054132,35648,3910220,19276800
3503,1923,1860,5052209,35711,3912080,18888000
3504,1709,1836,5050500,35584,3913916,18884200
3505,1738,1731,5048762,35591,3915647,18869200
3506,1781,1784,5046981,35588,3917431,18855200
3507,1796,1835,5045185,35549,3919266,18878500
3508,1789,1870,5043396,35468,3921136,18718000
3509,1717,1791,5041679,35394,3922927,19449900
3510,1745,1776,5039934,35363,3924703,18824000
3511,1780,1777,5038154,35366,3926480,18738600
3512,1750,1684,5036404,35432,3928164,18830800
3513,1775,1727,5034629,35480,3929891,18744900
3514,1791,1785,5032838,35486,3931676,18915400
3515,1800,1824,5031038,35462,3933500,18672000
3516,1721,1689,5029317,35494,3935189,18705500
3517,1766,1759,5027551,35501,3936948,18700200
3518,1763,1803,5025788,35461,3938751,18663400
3519,1738,1742,5024050,35457,3940493,18804300
3520,1741,1856,5022309,35342,3942349,18906900
3521,1744,1788,5020565,35298,3944137,18894200
3522,1708,1753,5018857,35253,3945890,19238100
3523,1823,1840,5017034,35236,3947730,20161100
3524,1747,1711,5015287,35272,3949441,19340500
3525,1719,1764,5013568,35227,3951205,19419000
3526,1767,1804,5011801,35190,3953009,19653200
3527,1707,1731,5010094,35166,3954740,19673700
3528,1703,1742,5008391,35127,3956482,19906500
3529,1779,1740,5006612,35166,3958222,18978800
3530,1857,1764,5004755,35259,3959986,19434800
3531,1837,1756,5002918,35340,3961742,19579600
3532,1721,1760,5001197,35301,3963502,19557400
3533,1808,1845,4999389,35264,3965347,19237300
3534,1708,1804,4997681,35168,3967151,19580700
3535,1773,1759,4995908,35182,3968910,19130000
3536,1801,1832,4994107,35151,3970742,18897100
3537,1705,1820,4992402,35036,3972562,18721200
3538,1826,1769,4990576,35093,3974331,18783400
3539,1784,1758,4988792,35119,3976089,18674200
3540,1757,1744,4987035,35132,3977833,18788300
3541,1775,1730,4985260,35177,3979563,18744700
3542,1859,1901,4983401,35135,3981464,19075000
3543,1731,1791,4981670,35075,3983255,18770400
3544,1762,1733,4979908,35104,3984988,18756300
3545,1747,1785,4978161,35066,3986773,18987300
3546,1759,1735,4976402,35090,3988508,18986200
3547,1752,1822,4974650,35020,3990330,18998700
3548,1796,1713,4972854,35103,3992043,18662300
3549,1722,1729,4971132,35096,3993772,18940600
3550,1757,1727,4969375,35126,3995499,18748700
3551,1776,1737,4967599,35165,3997236,18852000
3552,1831,1692,4965768,35304,3998928,19174800
3553,1785,1816,4963983,35273,4000744,18719700
3554,1776,1699,4962207,35350,4002443,18619800
3555,1751,1718,4960456,35383,4004161,18754600
3556,1708,1769,4958748,35322,4005930,19189700
3557,1747,1720,4957001,35349,4007650,19524000
3558,1756,1767,4955245,35338,4009417,18799400
3559,1700,1797,4953545,35241,4011214,18801900
3560,1728,1765,4951817,35204,4012979,18816700
3561,1797,1761,4950020,35240,4014740,18943000
3562,1788,1764,4948232,35264,4016504,19492200
3563,1751,1709,4946481,35306,4018213,18677200
3564,1802,1734,4944679,35374,4019947,18882400
3565,1792,1797,4942887,35369,4021744,18909100
3566,1783,1760,4941104,35392,4023504,19452100
3567,1761,1748,4939343,35405,4025252,18825300
3568,1808,1772,4937535,35441,4027024,18722300
3569,1810,1747,4935725,35504,4028771,20068800
3570,1752,1815,4933973,35441,4030586,19110300
3571,1748,1887,4932225,35302,4032473,19840500
3572,1855,1722,4930370,35435,4034195,18851100
3573,1807,1799,4928563,35443,4035994,18801400
3574,1823,1770,4926740,35496,4037764,18845600
3575,1836,1732,4924904,35600,4039496,18990600
3576,1795,1810,4923109,35585,4041306,18772100
3577,1784,1729,4921325,35640,4043035,18691900
3578,1841,1799,4919484,35682,4044834,18680400
3579,1786,1774,4917698,35694,4046608,18797500
3580,1767,1736,4915931,35725,4048344,19862600
3581,1799,1800,4914132,35724,4050144,19468500
3582,1807,1745,4912325,35786,4051889,18929500
3583,1729,1808,4910596,35707,4053697,18848200
3584,1800,1780,4908796,35727,4055477,18690100
3585,1865,1820,4906931,35772,4057297,19095000
3586,1795,1794,4905136,35773,4059091,18848600
3587,1712,1746,4903424,35739,4060837,19043700
3588,1840,1790,4901584,35789,4062627,18790300
3589,1733,1784,4899851,35738,4064411,19519000
3590,1779,1793,4898072,35724,4066204,19629200
3591,1759,1851,4896313,35632,4068055,19634000
3592,1795,1748,4894518,35679,4069803,19083800
3593,1775,1833,4892743,35621,4071636,18955500
3594,1811,1768,4890932,35664,4073404,19118200
3595,1854,1704,4889078,35814,4075108,19757900
3596,1826,1770,4887252,35870,4076878,19493500
3597,1773,1821,4885479,35822,4078699,19105300
3598,1785,1704,4883694,35903,4080403,19347800
3599,1850,1788,4881844,35965,4082191,19276900
3600,1769,1811,4880075,35923,4084002,19566800
3601,1854,1750,4878221,36027,4085752,19498000
3602,1779,1828,4876442,35978,4087580,19715900
3603,1756,1690,4874686,36044,4089270,19582400
3604,1785,1771,4872901,36058,4091041,19504200
3605,1752,1719,4871149,36091,4092760,19006700
3606,1807,1845,4869342,36053,4094605,19468100
3607,1756,1771,4867586,36038,4096376,19348200
3608,1768,1835,4865818,35971,4098211,18760600
3609,1801,1733,4864017,36039,4099944,18755100
3610,1759,1830,4862258,35968,4101774,18741700
3611,1828,1846,4860430,35950,4103620,18720500
3612,1784,1854,4858646,35880,4105474,19172600
3613,1818,1798,4856828,35900,4107272,18756000
3614,1741,1802,4855087,35839,4109074,18781700
3615,1779,1804,4853308,35814,4110878,18917900
3616,1748,1757,4851560,35805,4112635,19040700
3617,1775,1825,4849785,35755,4114460,18810800
3618,1739,1815,4848046,35679,4116275,18864000
3619,1753,1783,4846293,35649,4118058,19051300
3620,1786,1815,4844507,35620,4119873,18890300
3621,1781,1846,4842726,35555,4121719,18796200
3622,1768,1781,4840958,35542,4123500,18922800
3623,1698,1834,4839260,35406,4125334,18800700
3624,1759,1736,4837501,35429,4127070,18968800
3625,1773,1768,4835728,35434,4128838,19432300
3626,1800,1774,4833928,35460,4130612,18778200
3627,1746,1770,4832182,35436,4132382,18809900
3628,1763,1739,4830419,35460,4134121,18703700
3629,1738,1785,4828681,35413,4135906,18949200
3630,1835,1725,4826846,35523,4137631,19063100
3631,1829,1820,4825017,35532,4139451,18755600
3632,1787,1832,4823230,35487,4141283,19087300
3633,1775,1865,4821455,35397,4143148,19442500
3634,1824,1728,4819631,35493,4144876,19652600
3635,1758,1802,4817873,35449,4146678,18881300
3636,1784,1801,4816089,35432,4148479,19431700
3637,1767,1843,4814322,35356,4150322,18766800
3638,1767,1734,4812555,35389,4152056,18844300
3639,1740,1800,4810815,35329,4153856,18726200
3640,1836,1717,4808979,35448,4155573,18816200
3641,1781,1713,4807198,35516,4157286,18749200
3642,1758,1751,4805440,35523,4159037,18971800
3643,1776,1765,4803664,35534,4160802,18823000
3644,1727,1735,4801937,35526,4162537,18673400
3645,1799,1707,4800138,35618,4164244,18788300
3646,1773,1803,4798365,35588,4166047,19183900
3647,1749,1760,4796616,35577,4167807,18791200
3648,1876,1800,4794740,35653,4169607,18737900
3649,1754,1797,4792986,35610,4171404,19383000
3650,1769,1758,4791217,35621,4173162,18739700
3651,1855,1891,4789362,35585,4175053,18893700
3652,1743,1794,4787619,35534,4176847,18875500
3653,1785,1745,4785834,35574,4178592,18819100
3654,1784,1857,4784050,35501,4180449,18912800
3655,1768,1735,4782282,35534,4182184,18802700
3656,1727,1795,4780555,35466,4183979,19254000
3657,1707,1732,4778848,35441,4185711,19093900
3658,1734,1772,4777114,35403,4187483,19113900
3659,1700,1753,4775414,35350,4189236,18919800
3660,1774,1854,4773640,35270,4191090,19737000
3661,1731,1755,4771909,35246,4192845,19540700
3662,1733,1768,4770176,35211,4194613,19436300
3663,1768,1772,4768408,35207,4196385,19214800
3664,1801,1752,4766607,35256,4198137,19198200
3665,1785,1783,4764822,35258,4199920,19379100
3666,1758,1714,4763064,35302,4201634,19298000
3667,1770,1747,4761294,35325,4203381,19441600
3668,1752,1801,4759542,35276,4205182,19052000
3669,1766,1769,4757776,35273,4206951,18637500
3670,1743,1760,4756033,35256,4208711,18669700
3671,1652,1752,4754381,35156,4210463,18879800
3672,1725,1798,4752656,35083,4212261,18821300
3673,1775,1817,4750881,35041,4214078,18749500
3674,1740,1805,4749141,34976,4215883,18722500
3675,1699,1772,4747442,34903,4217655,18800900
3676,1753,1735,4745689,34921,4219390,18821700
3677,1660,1625,4744029,34956,4221015,18788200
3678,1706,1772,4742323,34890,4222787,18843500
3679,1765,1758,4740558,34897,4224545,18760300
3680,1802,1783,4738756,34916,4226328,18844800
3681,1781,1826,4736975,34871,4228154,19030700
3682,1779,1764,4735196,34886,4229918,18808400
3683,1623,1766,4733573,34743,4231684,18927800
3684,1747,1805,4731826,34685,4233489,18771000
3685,1702,1806,4730124,34581,4235295,19537200
3686,1708,1741,4728416,34548,4237036,19416400
3687,1770,1755,4726646,34563,4238791,18840600
3688,1777,1685,4724869,34655,4240476,19352900
3689,1736,1772,4723133,34619,4242248,18684100
3690,1778,1704,4721355,34693,4243952,18801000
3691,1855,1722,4719500,34826,4245674,18626600
3692,1753,1732,4717747,34847,4247406,18762600
3693,1770,1733,4715977,34884,4249139,18770600
3694,1762,1849,4714215,34797,4250988,19208500
3695,1776,1708,4712439,34865,4252696,18700100
3696,1818,1725,4710621,34958,4254421,18811100
3697,1758,1703,4708863,35013,4256124,18690500
3698,1785,1774,4707078,35024,4257898,19165900
3699,1765,1783,4705313,35006,4259681,18763900
3700,1782,1803,4703531,34985,4261484,19031600
3701,1762,1735,4701769,35012,4263219,18809600
3702,1679,1714,4700090,34977,4264933,19132800
3703,1744,1776,4698346,34945,4266709,19180100
3704,1739,1720,4696607,34964,4268429,19068900
3705,1753,1734,4694854,34983,4270163,18978200
3706,1757,1748,4693097,34992,4271911,18824800
3707,1767,1746,4691330,35013,4273657,18788100
3708,1749,1713,4689581,35049,4275370,18856800
3709,1772,1696,4687809,35125,4277066,18895700
3710,1709,1763,4686100,35071,4278829,19367700
3711,1723,1794,4684377,35000,4280623,19326300
3712,1742,1753,4682635,34989,4282376,19189000
3713,1739,1733,4680896,34995,4284109,18734100
3714,1648,1817,4679248,34826,4285926,18997400
3715,1682,1736,4677566,34772,4287662,18915800
3716,1701,1707,4675865,34766,4289369,18753700
3717,1744,1764,4674121,34746,4291133,19137300
3718,1704,1728,4672417,34722,4292861,18938700
3719,1772,1795,4670645,34699,4294656,19398400
3720,1724,1702,4668921,34721,4296358,19187900
3721,1701,1714,4667220,34708,4298072,18910500
3722,1675,1733,4665545,34650,4299805,19123600
3723,1682,1693,4663863,34639,4301498,19153600
3724,1666,1713,4662197,34592,4303211,19300400
3725,1629,1733,4660568,34488,4304944,19646600
3726,1751,1678,4658817,34561,4306622,19110800
3727,1726,1702,4657091,34585,4308324,19746800
3728,1695,1673,4655396,34607,4309997,19310700
3729,1626,1786,4653770,34447,4311783,19243000
3730,1767,1722,4652003,34492,4313505,18969600
3731,1661,1734,4650342,34419,4315239,19090400
3732,1688,1729,4648654,34378,4316968,19638300
3733,1742,1666,4646912,34454,4318634,19128700
3734,1718,1697,4645194,34475,4320331,19646600
3735,1691,1668,4643503,34498,4321999,18843900
3736,1657,1764,4641846,34391,4323763,19246100
3737,1640,1736,4640206,34295,4325499,19143600
3738,1756,1647,4638450,34404,4327146,19394200
3739,1692,1722,4636758,34374,4328868,19204300
3740,1664,1689,4635094,34349,4330557,18730800
3741,1665,1682,4633429,34332,4332239,18929900
3742,1698,1712,4631731,34318,4333951,18956500
3743,1620,1733,4630111,34205,4335684,19039500
3744,1655,1702,4628456,34158,4337386,18872700
3745,1742,1701,4626714,34199,4339087,19006300
3746,1671,1779,4625043,34091,4340866,18950400
3747,1699,1627,4623344,34163,4342493,19227300
3748,1634,1747,4621710,34050,4344240,18758900
3749,1674,1662,4620036,34062,4345902,18713500
3750,1751,1680,4618285,34133,4347582,18907800
3751,1556,1715,4616729,33974,4349297,19123700
3752,1608,1710,4615121,33872,4351007,19189500
3753,1610,1729,4613511,33753,4352736,18931600
3754,1629,1658,4611882,33724,4354394,19330300
3755,1695,1668,4610187,33751,4356062,19076000
3756,1655,1624,4608532,33782,4357686,18907800
3757,1616,1747,4606916,33651,4359433,19020200
3758,1663,1712,4605253,33602,4361145,18832200
3759,1655,1651,4603598,33606,4362796,18889500
3760,1567,1710,4602031,33463,4364506,19085400
3761,1637,1624,4600394,33476,4366130,19407900
3762,1681,1678,4598713,33479,4367808,18723900
3763,1695,1703,4597018,33471,4369511,18998700
3764,1658,1654,4595360,33475,4371165,19599600
3765,1623,1795,4593737,33303,4372960,19212400
3766,1649,1786,4592088,33166,4374746,18817000
3767,1606,1601,4590482,33171,4376347,18830200
3768,1647,1640,4588835,33178,4377987,18962900
3769,1639,1715,4587196,33102,4379702,18969200
3770,1630,1647,4585566,33085,4381349,18897000
3771,1569,1654,4583997,33000,4383003,18765800
3772,1600,1675,4582397,32925,4384678,18944700
3773,1603,1649,4580794,32879,4386327,19374100
3774,1650,1677,4579144,32852,4388004,19321400
3775,1634,1615,4577510,32871,4389619,18759200
3776,1628,1662,4575882,32837,4391281,19030900
3777,1661,1671,4574221,32827,4392952,18804700
3778,1661,1621,4572560,32867,4394573,18984500
3779,1642,1671,4570918,32838,4396244,19278800
3780,1602,1617,4569316,32823,4397861,19061500
3781,1657,1686,4567659,32794,4399547,18676300
3782,1656,1646,4566003,32804,4401193,18848700
3783,1591,1560,4564412,32835,4402753,18972400
3784,1629,1700,4562783,32764,4404453,18900800
3785,1666,1575,4561117,32855,4406028,18833500
3786,1625,1657,4559492,32823,4407685,18795800
3787,1599,1547,4557893,32875,4409232,18787600
3788,1646,1600,4556247,32921,4410832,19001000
3789,1653,1681,4554594,32893,4412513,19526700
3790,1640,1636,4552954,32897,4414149,19866700
3791,1636,1675,4551318,32858,4415824,19592100
3792,1673,1670,4549645,32861,4417494,19588600
3793,1693,1607,4547952,32947,4419101,19489600
3794,1628,1650,4546324,32925,4420751,19362100
3795,1618,1605,4544706,32938,4422356,19449400
3796,1650,1610,4543056,32978,4423966,19146700
3797,1619,1703,4541437,32894,4425669,18978700
3798,1634,1615,4539803,32913,4427284,20064800
3799,1691,1640,4538112,32964,4428924,19213800
3800,1610,1678,4536502,32896,4430602,19622600
3801,1680,1598,4534822,32978,4432200,19530300
3802,1650,1642,4533172,32986,4433842,19796300
3803,1653,1670,4531519,32969,4435512,19197900
3804,1632,1650,4529887,32951,4437162,18869500
3805,1654,1677,4528233,32928,4438839,19288900
3806,1627,1616,4526606,32939,4440455,18955800
3807,1732,1663,4524874,33008,4442118,20049700
3808,1705,1604,4523169,33109,4443722,19287300
3809,1640,1718,4521529,33031,4445440,19130200
3810,1641,1708,4519888,32964,4447148,19102300
3811,1650,1619,4518238,32995,4448767,19428400
3812,1663,1646,4516575,33012,4450413,19306100
3813,1688,1648,4514887,33052,4452061,19541800
3814,1710,1668,4513177,33094,4453729,19309100
3815,1653,1609,4511524,33138,4455338,19461300
3816,1715,1693,4509809,33160,4457031,19592300
3817,1609,1689,4508200,33080,4458720,19345400
3818,1675,1608,4506525,33147,4460328,19253300
3819,1683,1655,4504842,33175,4461983,19342200
3820,1689,1729,4503153,33135,4463712,19957600
3821,1683,1627,4501470,33191,4465339,19671300
3822,1630,1660,4499840,33161,4466999,19448800
3823,1702,1665,4498138,33198,4468664,19741600
3824,1747,1677,4496391,33268,4470341,19890400
3825,1739,1640,4494652,33367,4471981,20110800
3826,1671,1631,4492981,33407,4473612,20306700
3827,1646,1616,4491335,33437,4475228,19343500
3828,1693,1690,4489642,33440,4476918,19538000
3829,1687,1647,4487955,33480,4478565,19570100
3830,1714,1639,4486241,33555,4480204,19652300
3831,1703,1693,4484538,33565,4481897,19859500
3832,1669,1686,4482869,33548,4483583,19571000
3833,1671,1668,4481198,33551,4485251,19207900
3834,1678,1613,4479520,33616,4486864,19236900
3835,1695,1799,4477825,33512,4488663,19476700
3836,1670,1669,4476155,33513,4490332,19722200
3837,1642,1660,4474513,33495,4491992,19217800
3838,1667,1628,4472846,33534,4493620,19878500
3839,1686,1676,4471160,33544,4495296,19596300
3840,1661,1646,4469499,33559,4496942,19497500
3841,1686,1665,4467813,33580,4498607,19433500
3842,1668,1691,4466145,33557,4500298,20208100
3843,1721,1705,4464424,33573,4502003,19601100
3844,1783,1732,4462641,33624,4503735,19389000
3845,1746,1659,4460895,33711,4505394,19248400
3846,1741,1671,4459154,33781,4507065,20271600
3847,1746,1797,4457408,33730,4508862,19659000
3848,1746,1657,4455662,33819,4510519,19770200
3849,1672,1728,4453990,33763,4512247,20461100
3850,1703,1701,4452287,33765,4513948,20073400
3851,1609,1725,4450678,33649,4515673,19092400
3852,1652,1648,4449026,33653,4517321,19235200
3853,1623,1730,4447403,33546,4519051,19197400
3854,1655,1694,4445748,33507,4520745,19323400
3855,1664,1667,4444084,33504,4522412,19545500
3856,1688,1652,4442396,33540,4524064,19253600
3857,1702,1668,4440694,33574,4525732,19982800
3858,1649,1646,4439045,33577,4527378,19243600
3859,1666,1696,4437379,33547,4529074,19463700
3860,1733,1623,4435646,33657,4530697,19257000
3861,1614,1708,4434032,33563,4532405,19220200
3862,1708,1726,4432324,33545,4534131,19454500
3863,1648,1713,4430676,33480,4535844,19488800
3864,1682,1634,4428994,33528,4537478,19118600
3865,1631,1664,4427363,33495,4539142,19183900
3866,1682,1632,4425681,33545,4540774,19731800
3867,1664,1704,4424017,33505,4542478,18959300
3868,1678,1676,4422339,33507,4544154,19179800
3869,1678,1605,4420661,33580,4545759,18739100
3870,1633,1621,4419028,33592,4547380,18909200
3871,1674,1683,4417354,33583,4549063,18836400
3872,1687,1639,4415667,33631,4550702,19023700
3873,1646,1656,4414021,33621,4552358,18830900
3874,1689,1706,4412332,33604,4554064,18832300
3875,1740,1728,4410592,33616,4555792,18775700
3876,1560,1643,4409032,33533,4557435,19319100
3877,1720,1697,4407312,33556,4559132,19218300
3878,1645,1620,4405667,33581,4560752,18928300
3879,1705,1689,4403962,33597,4562441,18789500
3880,1756,1761,4402206,33592,4564202,18763300
3881,1728,1679,4400478,33641,4565881,18684500
3882,1682,1687,4398796,33636,4567568,18939100
3883,1738,1752,4397058,33622,4569320,18751900
3884,1679,1755,4395379,33546,4571075,18839600
3885,1616,1657,4393763,33505,4572732,18771600
3886,1648,1663,4392115,33490,4574395,19160100
3887,1678,1675,4390437,33493,4576070,18950600
3888,1564,1768,4388873,33289,4577838,18948500
3889,1625,1651,4387248,33263,4579489,18709800
3890,1659,1698,4385589,33224,4581187,18851100
3891,1692,1637,4383897,33279,4582824,18757700
3892,1661,1691,4382236,33249,4584515,18799300
3893,1723,1698,4380513,33274,4586213,18741900
3894,1658,1703,4378855,33229,4587916,19330800
3895,1657,1622,4377198,33264,4589538,19451600
3896,1665,1608,4375533,33321,4591146,18953900
3897,1679,1648,4373854,33352,4592794,19345300
3898,1609,1688,4372245,33273,4594482,18891300
3899,1640,1693,4370605,33220,4596175,19207100
3900,1639,1625,4368966,33234,4597800,18844100
3901,1652,1649,4367314,33237,4599449,18892000
3902,1592,1674,4365722,33155,4601123,18783000
3903,1687,1663,4364035,33179,4602786,18659400
3904,1703,1643,4362332,33239,4604429,19122000
3905,1611,1662,4360721,33188,4606091,18932100
3906,1516,1673,4359205,33031,4607764,19023500
3907,1606,1587,4357599,33050,4609351,19048500
3908,1656,1689,4355943,33017,4611040,18891100
3909,1658,1667,4354285,33008,4612707,19065300
3910,1693,1622,4352592,33079,4614329,18815200
3911,1640,1644,4350952,33075,4615973,19059400
3912,1630,1729,4349322,32976,4617702,18749800
3913,1567,1600,4347755,32943,4619302,18951700
3914,1558,1651,4346197,32850,4620953,19060900
3915,1608,1599,4344589,32859,4622552,19234100
3916,1603,1664,4342986,32798,4624216,19152400
3917,1613,1576,4341373,32835,4625792,18807900
3918,1546,1614,4339827,32767,4627406,18736400
3919,1653,1571,4338174,32849,4628977,19132400
3920,1602,1638,4336572,32813,4630615,18769900
3921,1644,1570,4334928,32887,4632185,19373800
3922,1666,1598,4333262,32955,4633783,19587200
3923,1567,1577,4331695,32945,4635360,19373400
3924,1567,1690,4330128,32822,4637050,19100400
3925,1579,1663,4328549,32738,4638713,19882500
3926,1596,1668,4326953,32666,4640381,19871900
3927,1677,1668,4325276,32675,4642049,19956500
3928,1724,1580,4323552,32819,4643629,19792000
3929,1651,1610,4321901,32860,4645239,19998900
3930,1660,1641,4320241,32879,4646880,19083800
3931,1640,1668,4318601,32851,4648548,19514400
3932,1674,1628,4316927,32897,4650176,19231200
3933,1640,1581,4315287,32956,4651757,19541100
3934,1684,1674,4313603,32966,4653431,19368700
3935,1614,1662,4311989,32918,4655093,19443000
3936,1616,1658,4310373,32876,4656751,18591500
3937,1639,1655,4308734,32860,4658406,19358600
3938,1594,1639,4307140,32815,4660045,18854500
3939,1581,1622,4305559,32774,4661667,18727600
3940,1647,1662,4303912,32759,4663329,19408400
3941,1635,1598,4302277,32796,4664927,19055100
3942,1615,1589,4300662,32822,4666516,18754100
3943,1643,1632,4299019,32833,4668148,18882300
3944,1684,1586,4297335,32931,4669734,18761600
3945,1621,1590,4295714,32962,4671324,18948700
3946,1672,1667,4294042,32967,4672991,19079200
3947,1590,1606,4292452,32951,4674597,19734100
3948,1586,1608,4290866,32929,4676205,19226500
3949,1654,1581,4289212,33002,4677786,18863700
3950,1561,1655,4287651,32908,4679441,18870900
3951,1683,1611,4285968,32980,4681052,19187800
3952,1650,1647,4284318,32983,4682699,18817100
3953,1648,1605,4282670,33026,4684304,19275400
3954,1611,1707,4281059,32930,4686011,18830600
3955,1623,1645,4279436,32908,4687656,19194700
3956,1639,1682,4277797,32865,4689338,18869700
3957,1709,1590,4276088,32984,4690928,18909000
3958,1610,1614,4274478,32980,4692542,19265300
3959,1630,1642,4272848,32968,4694184,19027500
3960,1633,1625,4271215,32976,4695809,18859300
3961,1559,1619,4269656,32916,4697428,18814100
3962,1638,1662,4268018,32892,4699090,19377900
3963,1649,1654,4266369,32887,4700744,18858900
3964,1698,1571,4264671,33014,4702315,19358000
3965,1653,1705,4263018,32962,4704020,19425100
3966,1636,1600,4261382,32998,4705620,19159000
3967,1718,1689,4259664,33027,4707309,19350300
3968,1637,1615,4258027,33049,4708924,18827700
3969,1711,1609,4256316,33151,4710533,18980100
3970,1735,1704,4254581,33182,4712237,18915400
3971,1663,1715,4252918,33130,4713952,18912100
3972,1684,1699,4251234,33115,4715651,19477600
3973,1723,1657,4249511,33181,4717308,18800100
3974,1699,1609,4247812,33271,4718917,19429200
3975,1673,1655,4246139,33289,4720572,18828500
3976,1690,1629,4244449,33350,4722201,19561000
3977,1666,1652,4242783,33364,4723853,19086600
3978,1638,1684,4241145,33318,4725537,18895300
3979,1715,1701,4239430,33332,4727238,19000800
3980,1654,1666,4237776,33320,4728904,18859000
3981,1655,1666,4236121,33309,4730570,19116700
3982,1620,1728,4234501,33201,4732298,19173700
3983,1660,1670,4232841,33191,4733968,18928000
3984,1656,1692,4231185,33155,4735660,19166700
3985,1617,1659,4229568,33113,4737319,18805500
3986,1626,1694,4227942,33045,4739013,19080400
3987,1587,1648,4226355,32984,4740661,18994100
3988,1617,1698,4224738,32903,4742359,20580100
3989,1570,1605,4223168,32868,4743964,19264100
3990,1639,1680,4221529,32827,4745644,19345100
3991,1618,1662,4219911,32783,4747306,19116600
3992,1543,1595,4218368,32731,4748901,18911400
3993,1570,1693,4216798,32608,4750594,19046700
3994,1540,1606,4215258,32542,4752200,19203900
3995,1576,1549,4213682,32569,4753749,18880500
3996,1609,1656,4212073,32522,4755405,19233500
3997,1560,1638,4210513,32444,4757043,19047100
3998,1719,1603,4208794,32560,4758646,19239900
3999,1628,1620,4207166,32568,4760266,19516000
4000,1602,1669,4205564,32501,4761935,19733200
4001,1572,1589,4203992,32484,4763524,19718000
4002,1600,1691,4202392,32393,4765215,18670700
4003,1685,1616,4200707,32462,4766831,19215600
4004,1604,1696,4199103,32370,4768527,19317500
4005,1617,1586,4197486,32401,4770113,19242600
4006,1645,1639,4195841,32407,4771752,18769300
4007,1601,1597,4194240,32411,4773349,18806400
4008,1602,1555,4192638,32458,4774904,18904400
4009,1591,1639,4191047,32410,4776543,19167100
4010,1599,1566,4189448,32443,4778109,19247300
4011,1621,1627,4187827,32437,4779736,18666800
4012,1525,1552,4186302,32410,4781288,18800400
4013,1619,1644,4184683,32385,4782932,19068200
4014,1696,1634,4182987,32447,4784566,18805200
4015,1617,1611,4181370,32453,4786177,18733900
4016,1613,1613,4179757,32453,4787790,18667300
4017,1612,1611,4178145,32454,4789401,18716000
4018,1630,1563,4176515,32521,4790964,18863500
4019,1646,1633,4174869,32534,4792597,18731900
4020,1711,1607,4173158,32638,4794204,19275600
4021,1596,1683,4171562,32551,4795887,19004300
4022,1636,1637,4169926,32550,4797524,19223200
4023,1644,1573,4168282,32621,4799097,18830900
4024,1625,1672,4166657,32574,4800769,18786000
4025,1599,1530,4165058,32643,4802299,18796500
4026,1610,1682,4163448,32571,4803981,18801000
4027,1617,1644,4161831,32544,4805625,18844600
4028,1517,1551,4160314,32510,4807176,18685100
4029,1645,1620,4158669,32535,4808796,19277100
4030,1665,1638,4157004,32562,4810434,18765300
4031,1676,1679,4155328,32559,4812113,18845600
4032,1689,1578,4153639,32670,4813691,19012600
4033,1667,1694,4151972,32643,4815385,18782700
4034,1657,1663,4150315,32637,4817048,18892100
4035,1610,1599,4148705,32648,4818647,18735600
4036,1674,1681,4147031,32641,4820328,18828300
4037,1632,1653,4145399,32620,4821981,18832200
4038,1677,1578,4143722,32719,4823559,19293300
4039,1589,1663,4142133,32645,4825222,19080600
4040,1552,1652,4140581,32545,4826874,18914600
4041,1607,1701,4138974,32451,4828575,18788600
4042,1634,1689,4137340,32396,4830264,18828200
4043,1580,1636,4135760,32340,4831900,18727100
4044,1567,1634,4134193,32273,4833534,18858800
4045,1616,1599,4132577,32290,4835133,18732100
4046,1649,1680,4130928,32259,4836813,18843500
4047,1675,1609,4129253,32325,4838422,18844300
4048,1730,1597,4127523,32458,4840019,18765400
4049,1662,1609,4125861,32511,4841628,18836600
4050,1664,1675,4124197,32500,4843303,18708500
4051,1624,1622,4122573,32502,4844925,18904600
4052,1549,1611,4121024,32440,4846536,20284400
4053,1601,1625,4119423,32416,4848161,19510700
4054,1558,1509,4117865,32465,4849670,18939000
4055,1638,1597,4116227,32506,4851267,19167500
4056,1608,1517,4114619,32597,4852784,19294200
4057,1608,1527,4113011,32678,4854311,20035200
4058,1685,1606,4111326,32757,4855917,19033200
4059,1619,1595,4109707,32781,4857512,19285600
4060,1701,1642,4108006,32840,4859154,19230900
4061,1708,1665,4106298,32883,4860819,19374700
4062,1579,1630,4104719,32832,4862449,19584300
4063,1661,1586,4103058,32907,4864035,19130800
4064,1632,1617,4101426,32922,4865652,19579800
4065,1652,1569,4099774,33005,4867221,19521100
4066,1724,1679,4098050,33050,4868900,19499100
4067,1658,1645,4096392,33063,4870545,19137700
4068,1694,1722,4094698,33035,4872267,18768700
4069,1621,1675,4093077,32981,4873942,18948400
4070,1617,1638,4091460,32960,4875580,18709400
4071,1621,1646,4089839,32935,4877226,18639000
4072,1657,1632,4088182,32960,4878858,18969400
4073,1607,1583,4086575,32984,4880441,18840000
4074,1597,1660,4084978,32921,4882101,19007800
4075,1651,1660,4083327,32912,4883761,18854900
4076,1691,1619,4081636,32984,4885380,18885400
4077,1604,1601,4080032,32987,4886981,18960700
4078,1675,1699,4078357,32963,4888680,19061000
4079,1622,1647,4076735,32938,4890327,18990800
4080,1586,1690,4075149,32834,4892017,18780500
4081,1634,1593,4073515,32875,4893610,18837500
4082,1661,1652,4071854,32884,4895262,18961800
4083,1574,1613,4070280,32845,4896875,18994500
4084,1604,1621,4068676,32828,4898496,19138000
4085,1596,1683,4067080,32741,4900179,18655400
4086,1634,1642,4065446,32733,4901821,18877900
4087,1596,1675,4063850,32654,4903496,18805100
4088,1563,1619,4062287,32598,4905115,19118900
4089,1514,1598,4060773,32514,4906713,18779200
4090,1589,1540,4059184,32563,4908253,18845200
4091,1562,1643,4057622,32482,4909896,19400900
4092,1584,1585,4056038,32481,4911481,18785500
4093,1627,1594,4054411,32514,4913075,19232700
4094,1611,1642,4052800,32483,4914717,18662900
4095,1603,1698,4051197,32388,4916415,18710300
4096,1549,1623,4049648,32314,4918038,19059000
4097,1600,1611,4048048,32303,4919649,19236700
4098,1576,1661,4046472,32218,4921310,18713600
4099,1563,1630,4044909,32151,4922940,19175400
4100,1580,1582,4043329,32149,4924522,18844400
4101,1569,1608,4041760,32110,4926130,18811400
4102,1493,1566,4040267,32037,4927696,18996200
4103,1657,1540,4038610,32154,4929236,18794400
4104,1644,1637,4036966,32161,4930873,18875200
4105,1583,1603,4035383,32141,4932476,19202100
4106,1663,1544,4033720,32260,4934020,19868900
4107,1595,1623,4032125,32232,4935643,19016300
4108,1613,1611,4030512,32234,4937254,18795600
4109,1567,1632,4028945,32169,4938886,18756000
4110,1593,1597,4027352,32165,4940483,19267600
4111,1613,1626,4025739,32152,4942109,19106100
4112,1582,1588,4024157,32146,4943697,18795500
4113,1630,1615,4022527,32161,4945312,18776900
4114,1598,1623,4020929,32136,4946935,18974300
4115,1623,1583,4019306,32176,4948518,19120600
4116,1578,1595,4017728,32159,4950113,19201900
4117,1541,1599,4016187,32101,4951712,18652200
4118,1564,1551,4014623,32114,4953263,18779600
4119,1654,1546,4012969,32222,4954809,18820800
4120,1651,1588,4011318,32285,4956397,19092200
4121,1572,1604,4009746,32253,4958001,18853700
4122,1595,1619,4008151,32229,4959620,19455100
4123,1643,1638,4006508,32234,4961258,19429200
4124,1614,1532,4004894,32316,4962790,19358800
4125,1561,1613,4003333,32264,4964403,19524900
4126,1634,1593,4001699,32305,4965996,19390500
4127,1646,1649,4000053,32302,4967645,19383000
4128,1666,1575,3998387,32393,4969220,19375500
4129,1646,1620,3996741,32419,4970840,19041600
4130,1658,1613,3995083,32464,4972453,18996900
4131,1641,1620,3993442,32485,4974073,18920000
4132,1621,1659,3991821,32447,4975732,19311400
4133,1633,1618,3990188,32462,4977350,19393100
4134,1616,1663,3988572,32415,4979013,18916300
4135,1596,1607,3986976,32404,4980620,18662200
4136,1626,1633,3985350,32397,4982253,18712200
4137,1625,1625,3983725,32397,4983878,18719000
4138,1554,1704,3982171,32247,4985582,18886400
4139,1573,1595,3980598,32225,4987177,19021300
4140,1613,1641,3978985,32197,4988818,19172200
4141,1604,1601,3977381,32200,4990419,18650200
4142,1542,1601,3975839,32141,4992020,18890100
4143,1621,1569,3974218,32193,4993589,19059700
4144,1528,1660,3972690,32061,4995249,18786500
4145,1590,1625,3971100,32026,4996874,18914700
4146,1627,1592,3969473,32061,4998466,19108200
4147,1617,1594,3967856,32084,5000060,18973100
4148,1662,1526,3966194,32220,5001586,18795600
4149,1596,1529,3964598,32287,5003115,18739900
4150,1543,1634,3963055,32196,5004749,18885900
4151,1611,1626,3961444,32181,5006375,18864700
4152,1638,1621,3959806,32198,5007996,18851400
4153,1552,1626,3958254,32124,5009622,18988800
4154,1660,1625,3956594,32159,5011247,19194600
4155,1561,1637,3955033,32083,5012884,19338100
4156,1646,1610,3953387,32119,5014494,19179600
4157,1574,1583,3951813,32110,5016077,19283900
4158,1555,1603,3950258,32062,5017680,19487200
4159,1581,1602,3948677,32041,5019282,19332000
4160,1601,1622,3947076,32020,5020904,18576500
4161,1569,1571,3945507,32018,5022475,18720300
4162,1509,1631,3943998,31896,5024106,18815800
4163,1577,1545,3942421,31928,5025651,19476300
4164,1521,1611,3940900,31838,5027262,18753900
4165,1585,1578,3939315,31845,5028840,18749300
4166,1499,1600,3937816,31744,5030440,18903200
4167,1595,1562,3936221,31777,5032002,18953900
4168,1574,1629,3934647,31722,5033631,18971200
4169,1543,1597,3933104,31668,5035228,18746900
4170,1564,1553,3931540,31679,5036781,18704900
4171,1540,1593,3930000,31626,5038374,18902500
4172,1582,1669,3928418,31539,5040043,19096100
4173,1563,1581,3926855,31521,5041624,18864100
4174,1511,1590,3925344,31442,5043214,18815000
4175,1556,1588,3923788,31410,5044802,18842300
4176,1596,1533,3922192,31473,5046335,18926700
4177,1591,1657,3920601,31407,5047992,18920200
4178,1561,1593,3919040,31375,5049585,18769500
4179,1596,1581,3917444,31390,5051166,18855900
4180,1568,1558,3915876,31400,5052724,18749200
4181,1538,1575,3914338,31363,5054299,19046800
4182,1614,1565,3912724,31412,5055864,18931800
4183,1495,1558,3911229,31349,5057422,18924100
4184,1507,1554,3909722,31302,5058976,18810700
4185,1548,1561,3908174,31289,5060537,18798700
4186,1560,1480,3906614,31369,5062017,18689700
4187,1598,1568,3905016,31399,5063585,18736400
4188,1575,1605,3903441,31369,5065190,19045000
4189,1533,1575,3901908,31327,5066765,19166300
4190,1592,1590,3900316,31329,5068355,19338600
4191,1540,1551,3898776,31318,5069906,19083000
4192,1564,1559,3897212,31323,5071465,19728700
4193,1565,1543,3895647,31345,5073008,18842000
4194,1556,1550,3894091,31351,5074558,18854400
4195,1616,1605,3892475,31362,5076163,19402200
4196,1559,1596,3890916,31325,5077759,19774900
4197,1570,1622,3889346,31273,5079381,18776400
4198,1638,1477,3887708,31434,5080858,19320400
4199,1643,1572,3886065,31505,5082430,19057400
4200,1551,1543,3884514,31513,5083973,18902300
4201,1597,1604,3882917,31506,5085577,18891300
4202,1633,1628,3881284,31511,5087205,19116400
4203,1626,1575,3879658,31562,5088780,19127500
4204,1605,1578,3878053,31589,5090358,19035100
4205,1560,1503,3876493,31646,5091861,18663000
4206,1647,1593,3874846,31700,5093454,18768000
4207,1612,1610,3873234,31702,5095064,18741100
4208,1591,1517,3871643,31776,5096581,18886600
4209,1592,1602,3870051,31766,5098183,19200500
4210,1641,1664,3868410,31743,5099847,19068500
4211,1598,1595,3866812,31746,5101442,19038700
4212,1619,1601,3865193,31764,5103043,19662400
4213,1601,1615,3863592,31750,5104658,18784200
4214,1671,1543,3861921,31878,5106201,19293100
4215,1648,1595,3860273,31931,5107796,18907200
4216,1590,1564,3858683,31957,5109360,18837000
4217,1642,1528,3857041,32071,5110888,18825400
4218,1616,1620,3855425,32067,5112508,19063500
4219,1591,1567,3853834,32091,5114075,18719600
4220,1648,1679,3852186,32060,5115754,18883000
4221,1544,1614,3850642,31990,5117368,18675800
4222,1606,1616,3849036,31980,5118984,18657900
4223,1675,1559,3847361,32096,5120543,18893300
4224,1584,1611,3845777,32069,5122154,18869400
4225,1534,1561,3844243,32042,5123715,18762400
4226,1596,1570,3842647,32068,5125285,18794800
4227,1510,1524,3841137,32054,5126809,18748200
4228,1528,1612,3839609,31970,5128421,18726300
4229,1574,1689,3838035,31855,5130110,18904100
4230,1549,1590,3836486,31814,5131700,18981700
4231,1543,1551,3834943,31806,5133251,19336800
4232,1510,1538,3833433,31778,5134789,19364000
4233,1526,1632,3831907,31672,5136421,19304100
4234,1543,1548,3830364,31667,5137969,18650000
4235,1527,1557,3828837,31637,5139526,18796800
4236,1527,1542,3827310,31622,5141068,18841400
4237,1587,1512,3825723,31697,5142580,18839700
4238,1565,1599,3824158,31663,5144179,18693000
4239,1575,1590,3822583,31648,5145769,18924800
4240,1543,1571,3821040,31620,5147340,18967800
4241,1566,1562,3819474,31624,5148902,18893400
4242,1544,1497,3817930,31671,5150399,18882400
4243,1526,1563,3816404,31634,5151962,19078100
4244,1561,1553,3814843,31642,5153515,18695700
4245,1646,1597,3813197,31691,5155112,18885200
4246,1612,1514,3811585,31789,5156626,18758200
4247,1585,1555,3810000,31819,5158181,18707400
4248,1580,1499,3808420,31900,5159680,18974400
4249,1612,1635,3806808,31877,5161315,18808300
4250,1573,1629,3805235,31821,5162944,18976700
4251,1550,1618,3803685,31753,5164562,19082800
4252,1539,1579,3802146,31713,5166141,18775400
4253,1512,1681,3800634,31544,5167822,18709700
4254,1549,1588,3799085,31505,5169410,18781100
4255,1485,1571,3797600,31419,5170981,18821000
4256,1592,1608,3796008,31403,5172589,19690600
4257,1550,1543,3794458,31410,5174132,19369800
4258,1541,1548,3792917,31403,5175680,19794400
4259,1562,1638,3791355,31327,5177318,19422800
4260,1626,1635,3789729,31318,5178953,19848100
4261,1550,1534,3788179,31334,5180487,19206500
4262,1596,1564,3786583,31366,5182051,18865600
4263,1578,1647,3785005,31297,5183698,19478700
4264,1521,1561,3783484,31257,5185259,19152400
4265,1496,1624,3781988,31129,5186883,19703300
4266,1573,1601,3780415,31101,5188484,19527500
4267,1562,1535,3778853,31128,5190019,18848200
4268,1607,1547,3777246,31188,5191566,19133100
4269,1588,1589,3775658,31187,5193155,19726600
4270,1565,1560,3774093,31192,5194715,18725500
4271,1574,1500,3772519,31266,5196215,18630800
4272,1618,1532,3770901,31352,5197747,19101300
4273,1588,1579,3769313,31361,5199326,18622900
4274,1528,1583,3767785,31306,5200909,18914900
4275,1595,1577,3766190,31324,5202486,18793400
4276,1571,1554,3764619,31341,5204040,18702900
4277,1528,1615,3763091,31254,5205655,19029800
4278,1520,1541,3761571,31233,5207196,18634100
4279,1621,1560,3759950,31294,5208756,18668000
4280,1556,1512,3758394,31338,5210268,18828100
4281,1531,1531,3756863,31338,5211799,19074300
4282,1492,1618,3755371,31212,5213417,18684400
4283,1586,1567,3753785,31231,5214984,18701300
4284,1601,1547,3752184,31285,5216531,18793900
4285,1529,1510,3750655,31304,5218041,18787600
4286,1546,1509,3749109,31341,5219550,18581700
4287,1536,1539,3747573,31338,5221089,18616100
4288,1547,1549,3746026,31336,5222638,18642700
4289,1585,1541,3744441,31380,5224179,18718400
4290,1513,1610,3742928,31283,5225789,18934600
4291,1533,1528,3741395,31288,5227317,18637900
4292,1518,1638,3739877,31168,5228955,19076700
4293,1558,1565,3738319,31161,5230520,18685300
4294,1548,1560,3736771,31149,5232080,18795600
4295,1595,1582,3735176,31162,5233662,18818300
4296,1549,1586,3733627,31125,5235248,19050200
4297,1561,1577,3732066,31109,5236825,19130000
4298,1580,1538,3730486,31151,5238363,18807300
4299,1544,1518,3728942,31177,5239881,18940100
4300,1509,1553,3727433,31133,5241434,18683000
4301,1578,1498,3725855,31213,5242932,18984400
4302,1560,1610,3724295,31163,5244542,19412400
4303,1577,1503,3722718,31237,5246045,19211900
4304,1598,1556,3721120,31279,5247601,18649200
4305,1482,1595,3719638,31166,5249196,18731100
4306,1538,1557,3718100,31147,5250753,19024400
4307,1516,1513,3716584,31150,5252266,18766700
4308,1570,1569,3715014,31151,5253835,19173200
4309,1546,1555,3713468,31142,5255390,18722400
4310,1586,1543,3711882,31185,5256933,18771800
4311,1553,1533,3710329,31205,5258466,18718000
4312,1615,1552,3708714,31268,5260018,18721500
4313,1566,1570,3707148,31264,5261588,18688600
4314,1584,1581,3705564,31267,5263169,19075700
4315,1551,1574,3704013,31244,5264743,18812600
4316,1591,1541,3702422,31294,5266284,18764400
4317,1583,1604,3700839,31273,5267888,18866600
4318,1509,1541,3699330,31241,5269429,19893300
4319,1596,1562,3697734,31275,5270991,19633700
4320,1548,1515,3696186,31308,5272506,18841300
4321,1498,1551,3694688,31255,5274057,18769000
4322,1529,1553,3693159,31231,5275610,18740900
4323,1568,1550,3691591,31249,5277160,18872700
4324,1561,1540,3690030,31270,5278700,19198900
4325,1554,1560,3688476,31264,5280260,19245500
4326,1553,1545,3686923,31272,5281805,19695100
4327,1567,1593,3685356,31246,5283398,19205100
4328,1621,1538,3683735,31329,5284936,18955900
4329,1574,1501,3682161,31402,5286437,19266600
4330,1549,1550,3680612,31401,5287987,18993000
4331,1464,1583,3679148,31282,5289570,18962800
4332,1545,1630,3677603,31197,5291200,19286900
4333,1559,1632,3676044,31124,5292832,19367300
4334,1537,1562,3674507,31099,5294394,19245900
4335,1567,1573,3672940,31093,5295967,18972100
4336,1534,1585,3671406,31042,5297552,19321900
4337,1555,1588,3669851,31009,5299140,18545600
4338,1509,1517,3668342,31001,5300657,19052300
4339,1498,1544,3666844,30955,5302201,18749400
4340,1563,1552,3665281,30966,5303753,18881500
4341,1565,1550,3663716,30981,5305303,18837800
4342,1570,1515,3662146,31036,5306818,18781500
4343,1521,1623,3660625,30934,5308441,18716100
4344,1544,1598,3659081,30880,5310039,18572100
4345,1587,1591,3657494,30876,5311630,18641400
4346,1558,1579,3655936,30855,5313209,18690900
4347,1578,1515,3654358,30918,5314724,18714300
4348,1494,1531,3652864,30881,5316255,19203100
4349,1529,1562,3651335,30848,5317817,18804000
4350,1572,1504,3649763,30916,5319321,18908900
4351,1526,1592,3648237,30850,5320913,18738600
4352,1557,1557,3646680,30850,5322470,18717600
4353,1570,1572,3645110,30848,5324042,18614400
4354,1572,1602,3643538,30818,5325644,18731600
4355,1560,1498,3641978,30880,5327142,19062000
4356,1556,1555,3640422,30881,5328697,19205300
4357,1549,1567,3638873,30863,5330264,19132200
4358,1542,1558,3637331,30847,5331822,18906800
4359,1510,1495,3635821,30862,5333317,19054600
4360,1522,1482,3634299,30902,5334799,18885700
4361,1514,1535,3632785,30881,5336334,18960300
4362,1557,1483,3631228,30955,5337817,18519400
4363,1517,1541,3629711,30931,5339358,18614600
4364,1515,1590,3628196,30856,5340948,19332400
4365,1556,1520,3626640,30892,5342468,18827800
4366,1536,1568,3625104,30860,5344036,18758400
4367,1532,1521,3623572,30871,5345557,18886100
4368,1488,1498,3622084,30861,5347055,18687200
4369,1547,1542,3620537,30866,5348597,19567900
4370,1585,1592,3618952,30859,5350189,18772000
4371,1537,1496,3617415,30900,5351685,19176000
4372,1482,1562,3615933,30820,5353247,19718600
4373,1558,1475,3614375,30903,5354722,19305200
4374,1547,1589,3612828,30861,5356311,18765400
4375,1598,1569,3611230,30890,5357880,18877000
4376,1499,1493,3609731,30896,5359373,18792000
4377,1505,1536,3608226,30865,5360909,18661700
4378,1494,1598,3606732,30761,5362507,18921400
4379,1495,1541,3605237,30715,5364048,18792400
4380,1551,1486,3603686,30780,5365534,19229800
4381,1486,1570,3602200,30696,5367104,19253800
4382,1498,1537,3600702,30657,5368641,18903500
4383,1504,1502,3599198,30659,5370143,18764600
4384,1467,1560,3597731,30566,5371703,18695600
4385,1513,1488,3596218,30591,5373191,18947400
4386,1499,1605,3594719,30485,5374796,19386100
4387,1542,1541,3593177,30486,5376337,18699600
4388,1472,1610,3591705,30348,5377947,18909200
4389,1490,1536,3590215,30302,5379483,19047600
4390,1506,1470,3588709,30338,5380953,19420500
4391,1506,1532,3587203,30312,5382485,19424000
4392,1463,1474,3585740,30301,5383959,19479100
4393,1517,1516,3584223,30302,5385475,19559900
4394,1571,1521,3582652,30352,5386996,19528700
4395,1505,1563,3581147,30294,5388559,19433900
4396,1459,1483,3579688,30270,5390042,19449000
4397,1565,1521,3578123,30314,5391563,19285900
4398,1529,1519,3576594,30324,5393082,19255900
4399,1460,1551,3575134,30233,5394633,19737400
4400,1471,1487,3573663,30217,5396120,18749900
4401,1476,1499,3572187,30194,5397619,18934300
4402,1508,1562,3570679,30140,5399181,19198200
4403,1524,1521,3569155,30143,5400702,19715000
4404,1540,1469,3567615,30214,5402171,18715100
4405,1483,1541,3566132,30156,5403712,18559000
4406,1473,1494,3564659,30135,5405206,18708500
4407,1536,1555,3563123,30116,5406761,18803100
4408,1490,1525,3561633,30081,5408286,18785000
4409,1513,1448,3560120,30146,5409734,18702000
4410,1503,1508,3558617,30141,5411242,18723400
4411,1536,1548,3557081,30129,5412790,18917200
4412,1485,1493,3555596,30121,5414283,19169800
4413,1478,1469,3554118,30130,5415752,19338600
4414,1500,1418,3552618,30212,5417170,19307600
4415,1522,1496,3551096,30238,5418666,18729700
4416,1470,1481,3549626,30227,5420147,18662700
4417,1482,1508,3548144,30201,5421655,19215700
4418,1495,1588,3546649,30108,5423243,19158200
4419,1514,1512,3545135,30110,5424755,18583300
4420,1575,1538,3543560,30147,5426293,18765600
4421,1531,1570,3542029,30108,5427863,19005500
4422,1476,1550,3540553,30034,5429413,19379100
4423,1542,1516,3539011,30060,5430929,19646900
4424,1594,1510,3537417,30144,5432439,19104000
4425,1551,1502,3535866,30193,5433941,19577400
4426,1523,1580,3534343,30136,5435521,18875600
4427,1494,1494,3532849,30136,5437015,18923500
4428,1561,1495,3531288,30202,5438510,18595100
4429,1503,1474,3529785,30231,5439984,18751900
4430,1532,1528,3528253,30235,5441512,18919300
4431,1511,1497,3526742,30249,5443009,18716300
4432,1521,1533,3525221,30237,5444542,18742800
4433,1566,1569,3523655,30234,5446111,18756700
4434,1526,1586,3522129,30174,5447697,18737300
4435,1458,1516,3520671,30116,5449213,19006800
4436,1494,1482,3519177,30128,5450695,18561400
4437,1501,1520,3517676,30109,5452215,18502100
4438,1614,1515,3516062,30208,5453730,18807800
4439,1471,1542,3514591,30137,5455272,18803500
4440,1519,1473,3513072,30183,5456745,19205100
4441,1602,1502,3511470,30283,5458247,18648200
4442,1473,1503,3509997,30253,5459750,18807500
4443,1505,1620,3508492,30138,5461370,18869000
4444,1468,1511,3507024,30095,5462881,18933400
4445,1508,1553,3505516,30050,5464434,18880300
4446,1547,1545,3503969,30052,5465979,18664100
4447,1557,1464,3502412,30145,5467443,18671400
4448,1590,1453,3500822,30282,5468896,18633900
4449,1573,1471,3499249,30384,5470367,19218300
4450,1581,1530,3497668,30435,5471897,18725000
4451,1553,1567,3496115,30421,5473464,19390500
4452,1579,1491,3494536,30509,5474955,19045200
4453,1603,1487,3492933,30625,5476442,18839500
4454,1639,1539,3491294,30725,5477981,18754700
4455,1546,1571,3489748,30700,5479552,18813400
4456,1543,1574,3488205,30669,5481126,18990500
4457,1559,1569,3486646,30659,5482695,19436500
4458,1541,1534,3485105,30666,5484229,20129300
4459,1598,1562,3483507,30702,5485791,19638100
4460,1590,1546,3481917,30746,5487337,19329600
4461,1609,1564,3480308,30791,5488901,18945500
4462,1560,1530,3478748,30821,5490431,19463200
4463,1527,1537,3477221,30811,5491968,19286800
4464,1494,1602,3475727,30703,5493570,19680900
4465,1501,1549,3474226,30655,5495119,18868500
4466,1553,1555,3472673,30653,5496674,19417200
4467,1536,1556,3471137,30633,5498230,20959300
4468,1518,1496,3469619,30655,5499726,19453700
4469,1548,1575,3468071,30628,5501301,19155500
4470,1523,1565,3466548,30586,5502866,18880000
4471,1527,1562,3465021,30551,5504428,18704300
4472,1541,1511,3463480,30581,5505939,18790300
4473,1552,1534,3461928,30599,5507473,19284800
4474,1553,1566,3460375,30586,5509039,18698800
4475,1467,1512,3458908,30541,5510551,19118400
4476,1536,1570,3457372,30507,5512121,18802500
4477,1601,1519,3455771,30589,5513640,19381700
4478,1599,1517,3454172,30671,5515157,19384300
4479,1463,1567,3452709,30567,5516724,18789200
4480,1534,1535,3451175,30566,5518259,18606200
4481,1478,1609,3449697,30435,5519868,19044200
4482,1552,1508,3448145,30479,5521376,18873200
4483,1515,1558,3446630,30436,5522934,18796000
4484,1493,1504,3445137,30425,5524438,19117500
4485,1503,1541,3443634,30387,5525979,18816300
4486,1595,1514,3442039,30468,5527493,18791300
4487,1519,1529,3440520,30458,5529022,18874000
4488,1506,1459,3439014,30505,5530481,18754100
4489,1520,1579,3437494,30446,5532060,19063900
4490,1568,1543,3435926,30471,5533603,18929900
4491,1533,1582,3434393,30422,5535185,19621400
4492,1531,1492,3432862,30461,5536677,19696700
4493,1525,1530,3431337,30456,5538207,19923500
4494,1507,1509,3429830,30454,5539716,19904200
4495,1533,1539,3428297,30448,5541255,19690000
4496,1475,1516,3426822,30407,5542771,19861900
4497,1523,1497,3425299,30433,5544268,19968300
4498,1560,1617,3423739,30376,5545885,19476700
4499,1518,1490,3422221,30404,5547375,19319200
4500,1527,1496,3420694,30435,5548871,19598600
4501,1519,1473,3419175,30481,5550344,20344900
4502,1573,1522,3417602,30532,5551866,20246500
4503,1555,1556,3416047,30531,5553422,21323900
4504,1560,1467,3414487,30624,5554889,21034500
4505,1528,1478,3412959,30674,5556367,19771000
4506,1550,1530,3411409,30694,5557897,19447400
4507,1616,1567,3409793,30743,5559464,20205600
4508,1545,1591,3408248,30697,5561055,20235100
4509,1548,1509,3406700,30736,5562564,19415600
4510,1580,1522,3405120,30794,5564086,19459800
4511,1562,1541,3403558,30815,5565627,19258600
4512,1596,1560,3401962,30851,5567187,19454600
4513,1601,1555,3400361,30897,5568742,19282400
4514,1636,1538,3398725,30995,5570280,19413800
4515,1591,1578,3397134,31008,5571858,19433900
4516,1541,1539,3395593,31010,5573397,19393200
4517,1613,1534,3393980,31089,5574931,19711000
4518,1525,1522,3392455,31092,5576453,19395600
4519,1500,1547,3390955,31045,5578000,19438300
4520,1548,1605,3389407,30988,5579605,19924800
4521,1532,1583,3387875,30937,5581188,19795400
4522,1572,1536,3386303,30973,5582724,19788500
4523,1595,1569,3384708,30999,5584293,19838300
4524,1516,1545,3383192,30970,5585838,19827400
4525,1587,1496,3381605,31061,5587334,19807600
4526,1475,1647,3380130,30889,5588981,20008300
4527,1575,1577,3378555,30887,5590558,19317100
4528,1567,1527,3376988,30927,5592085,19973400
4529,1470,1554,3375518,30843,5593639,19898500
4530,1530,1619,3373988,30754,5595258,19344700
4531,1567,1501,3372421,30820,5596759,19644000
4532,1499,1533,3370922,30786,5598292,20117100
4533,1510,1516,3369412,30780,5599808,20229400
4534,1543,1504,3367869,30819,5601312,19589300
4535,1543,1549,3366326,30813,5602861,19351300
4536,1567,1605,3364759,30775,5604466,19010500
4537,1471,1601,3363288,30645,5606067,19418900
4538,1515,1521,3361773,30639,5607588,19626900
4539,1525,1564,3360248,30600,5609152,18990200
4540,1597,1453,3358651,30744,5610605,18884000
4541,1544,1516,3357107,30772,5612121,19314500
4542,1504,1592,3355603,30684,5613713,19149200
4543,1572,1534,3354031,30722,5615247,20831100
4544,1546,1585,3352485,30683,5616832,19395100
4545,1497,1459,3350988,30721,5618291,19300700
4546,1539,1515,3349449,30745,5619806,19455500
4547,1506,1544,3347943,30707,5621350,19785100
4548,1612,1556,3346331,30763,5622906,19446700
4549,1540,1522,3344791,30781,5624428,19157200
4550,1533,1528,3343258,30786,5625956,20374400
4551,1551,1506,3341707,30831,5627462,19144600
4552,1565,1593,3340142,30803,5629055,19941500
4553,1537,1543,3338605,30797,5630598,19588000
4554,1578,1565,3337027,30810,5632163,19347600
4555,1523,1513,3335504,30820,5633676,20208800
4556,1573,1498,3333931,30895,5635174,19635300
4557,1557,1557,3332374,30895,5636731,20356400
4558,1606,1542,3330768,30959,5638273,19458900
4559,1450,1464,3329318,30945,5639737,19614000
4560,1574,1542,3327744,30977,5641279,18624600
4561,1545,1504,3326199,31018,5642783,18602500
4562,1516,1558,3324683,30976,5644341,18705200
4563,1505,1567,3323178,30914,5645908,19224300
4564,1527,1533,3321651,30908,5647441,19294100
4565,1605,1549,3320046,30964,5648990,18955300
4566,1496,1538,3318550,30922,5650528,18812000
4567,1518,1588,3317032,30852,5652116,18823300
4568,1539,1550,3315493,30841,5653666,18726300
4569,1601,1608,3313892,30834,5655274,19107600
4570,1537,1544,3312355,30827,5656818,18740600
4571,1467,1538,3310888,30756,5658356,18715500
4572,1595,1538,3309293,30813,5659894,19025300
4573,1569,1560,3307724,30822,5661454,19049500
4574,1532,1555,3306192,30799,5663009,19477500
4575,1554,1601,3304638,30752,5664610,18912200
4576,1536,1512,3303102,30776,5666122,18932500
4577,1534,1572,3301568,30738,5667694,18791700
4578,1520,1560,3300048,30698,5669254,18888300
4579,1531,1490,3298517,30739,5670744,18880800
4580,1615,1498,3296902,30856,5672242,19781700
4581,1597,1509,3295305,30944,5673751,20136700
4582,1572,1514,3293733,31002,5675265,19038400
4583,1558,1543,3292175,31017,5676808,18694200
4584,1573,1571,3290602,31019,5678379,19429200
4585,1552,1531,3289050,31040,5679910,18683300
4586,1509,1480,3287541,31069,5681390,18957500
4587,1492,1519,3286049,31042,5682909,19136700
4588,1560,1534,3284489,31068,5684443,19448800
4589,1538,1619,3282951,30987,5686062,19328300
4590,1523,1559,3281428,30951,5687621,19165500
4591,1597,1555,3279831,30993,5689176,19909200
4592,1541,1587,3278290,30947,5690763,18831800
4593,1540,1628,3276750,30859,5692391,19239200
4594,1602,1526,3275148,30935,5693917,19261800
4595,1521,1517,3273627,30939,5695434,18784000
4596,1619,1521,3272008,31037,5696955,18867100
4597,1569,1567,3270439,31039,5698522,18854600
4598,1529,1517,3268910,31051,5700039,19762200
4599,1565,1626,3267345,30990,5701665,18912800
4600,1506,1595,3265839,30901,5703260,19505200
4601,1530,1500,3264309,30931,5704760,19744600
4602,1520,1608,3262789,30843,5706368,18700500
4603,1498,1527,3261291,30814,5707895,19264900
4604,1574,1550,3259717,30838,5709445,18780200
4605,1526,1555,3258191,30809,5711000,18659100
4606,1551,1583,3256640,30777,5712583,18636600
4607,1525,1598,3255115,30704,5714181,18687300
4608,1489,1524,3253626,30669,5715705,19403800
4609,1463,1551,3252163,30581,5717256,19773100
4610,1494,1552,3250669,30523,5718808,21066700
4611,1487,1543,3249182,30467,5720351,20194900
4612,1546,1475,3247636,30538,5721826,21022500
4613,1554,1478,3246082,30614,5723304,21152300
4614,1551,1528,3244531,30637,5724832,20855100
4615,1482,1578,3243049,30541,5726410,19727100
4616,1522,1546,3241527,30517,5727956,19578500
4617,1555,1527,3239972,30545,5729483,22763700
4618,1518,1498,3238454,30565,5730981,20411200
4619,1554,1506,3236900,30613,5732487,19936000
4620,1528,1581,3235372,30560,5734068,19721200
4621,1590,1534,3233782,30616,5735602,21409900
4622,1542,1498,3232240,30660,5737100,20671000
4623,1528,1507,3230712,30681,5738607,22857100
4624,1486,1545,3229226,30622,5740152,21814400
4625,1552,1577,3227674,30597,5741729,22426300
4626,1551,1499,3226123,30649,5743228,20325700
4627,1574,1572,3224549,30651,5744800,21007000
4628,1513,1600,3223036,30564,5746400,21913800
4629,1527,1527,3221509,30564,5747927,19858200
4630,1583,1530,3219926,30617,5749457,19308700
4631,1530,1512,3218396,30635,5750969,19886300
4632,1568,1569,3216828,30634,5752538,19699300
4633,1568,1563,3215260,30639,5754101,19432500
4634,1515,1512,3213745,30642,5755613,19076200
4635,1525,1598,3212220,30569,5757211,19235600
4636,1507,1493,3210713,30583,5758704,19256900
4637,1491,1564,3209222,30510,5760268,19403700
4638,1534,1532,3207688,30512,5761800,20311400
4639,1493,1537,3206195,30468,5763337,19039500
4640,1537,1476,3204658,30529,5764813,20008500
4641,1493,1523,3203165,30499,5766336,19326300
4642,1515,1547,3201650,30467,5767883,18594600
4643,1505,1527,3200145,30445,5769410,18499200
4644,1512,1551,3198633,30406,5770961,18691500
4645,1527,1476,3197106,30457,5772437,18579800
4646,1545,1476,3195561,30526,5773913,18683700
4647,1524,1471,3194037,30579,5775384,18835100
4648,1512,1561,3192525,30530,5776945,18695300
4649,1540,1496,3190985,30574,5778441,18681900
4650,1506,1553,3189479,30527,5779994,19227400
4651,1554,1507,3187925,30574,5781501,18883500
4652,1536,1538,3186389,30572,5783039,18778700
4653,1525,1568,3184864,30529,5784607,19029200
4654,1528,1535,3183336,30522,5786142,19332100
4655,1590,1546,3181746,30566,5787688,20306300
4656,1616,1533,3180130,30649,5789221,19322800
4657,1602,1503,3178528,30748,5790724,19340500
4658,1544,1590,3176984,30702,5792314,20326900
4659,1530,1550,3175454,30682,5793864,20647000
4660,1602,1563,3173852,30721,5795427,19575700
4661,1566,1517,3172286,30770,5796944,19280900
4662,1544,1517,3170742,30797,5798461,19844100
4663,1603,1546,3169139,30854,5800007,19162800
4664,1624,1585,3167515,30893,5801592,19239200
4665,1602,1558,3165913,30937,5803150,19564800
4666,1594,1488,3164319,31043,5804638,19274800
4667,1574,1568,3162745,31049,5806206,18524500
4668,1581,1519,3161164,31111,5807725,18950400
4669,1573,1506,3159591,31178,5809231,18917000
4670,1565,1589,3158026,31154,5810820,19240700
4671,1546,1520,3156480,31180,5812340,19199800
4672,1572,1519,3154908,31233,5813859,18827000
4673,1619,1578,3153289,31274,5815437,18685100
4674,1584,1565,3151705,31293,5817002,18829900
4675,1568,1528,3150137,31333,5818530,18791900
4676,1521,1521,3148616,31333,5820051,19158500
4677,1617,1543,3146999,31407,5821594,18675900
4678,1571,1581,3145428,31397,5823175,18856500
4679,1553,1519,3143875,31431,5824694,18604200
4680,1577,1658,3142298,31350,5826352,18833500
4681,1547,1557,3140751,31340,5827909,19084400
4682,1600,1542,3139151,31398,5829451,18668700
4683,1516,1555,3137635,31359,5831006,19041300
4684,1624,1599,3136011,31384,5832605,19365500
4685,1575,1601,3134436,31358,5834206,18833200
4686,1582,1586,3132854,31354,5835792,18727300
4687,1591,1578,3131263,31367,5837370,18847000
4688,1509,1613,3129754,31263,5838983,18825600
4689,1498,1577,3128256,31184,5840560,18700800
4690,1558,1543,3126698,31199,5842103,18623500
4691,1521,1582,3125177,31138,5843685,18765800
4692,1552,1528,3123625,31162,5845213,18720500
4693,1564,1529,3122061,31197,5846742,18736000
4694,1591,1561,3120470,31227,5848303,18641900
4695,1539,1576,3118931,31190,5849879,18668000
4696,1501,1567,3117430,31124,5851446,18770600
4697,1517,1500,3115913,31141,5852946,18752300
4698,1564,1593,3114349,31112,5854539,18797300
4699,1602,1535,3112747,31179,5856074,18991900
4700,1545,1564,3111202,31160,5857638,18741800
4701,1612,1556,3109590,31216,5859194,18587200
4702,1604,1533,3107986,31287,5860727,18859200
4703,1594,1533,3106392,31348,5862260,19076700
4704,1606,1541,3104786,31413,5863801,19189300
4705,1615,1632,3103171,31396,5865433,18861400
4706,1556,1568,3101615,31384,5867001,18808400
4707,1542,1601,3100073,31325,5868602,18782200
4708,1627,1507,3098446,31445,5870109,18811200
4709,1569,1542,3096877,31472,5871651,18624700
4710,1534,1551,3095343,31455,5873202,18767300
4711,1583,1598,3093760,31440,5874800,20208200
4712,1513,1608,3092247,31345,5876408,19285000
4713,1529,1550,3090718,31324,5877958,19046100
4714,1518,1542,3089200,31300,5879500,19328400
4715,1544,1570,3087656,31274,5881070,18870800
4716,1597,1560,3086059,31311,5882630,18755500
4717,1605,1587,3084454,31329,5884217,18812800
4718,1570,1594,3082884,31305,5885811,18679700
4719,1556,1536,3081328,31325,5887347,18670300
4720,1532,1553,3079796,31304,5888900,18896700
4721,1499,1540,3078297,31263,5890440,19181000
4722,1579,1560,3076718,31282,5892000,19552700
4723,1557,1549,3075161,31290,5893549,19327600
4724,1579,1547,3073582,31322,5895096,18910400
4725,1544,1599,3072038,31267,5896695,19011800
4726,1544,1559,3070494,31252,5898254,18889400
4727,1544,1595,3068950,31201,5899849,19585000
4728,1557,1600,3067393,31158,5901449,19816400
4729,1571,1594,3065822,31135,5903043,19104400
4730,1520,1607,3064302,31048,5904650,19410200
4731,1521,1534,3062781,31035,5906184,19606500
4732,1496,1540,3061285,30991,5907724,19143100
4733,1565,1508,3059720,31048,5909232,19410600
4734,1533,1566,3058187,31015,5910798,18763100
4735,1507,1637,3056680,30885,5912435,18454100
4736,1594,1547,3055086,30932,5913982,19565500
4737,1478,1634,3053608,30776,5915616,19422100
4738,1506,1554,3052102,30728,5917170,18943200
4739,1539,1569,3050563,30698,5918739,18698700
4740,1505,1504,3049058,30699,5920243,18752000
4741,1620,1508,3047438,30811,5921751,19136000
4742,1653,1512,3045785,30952,5923263,19103300
4743,1549,1530,3044236,30971,5924793,18659000
4744,1555,1591,3042681,30935,5926384,18771500
4745,1521,1587,3041160,30869,5927971,18716200
4746,1573,1537,3039587,30905,5929508,18910400
4747,1543,1539,3038044,30909,5931047,18799300
4748,1522,1664,3036522,30767,5932711,18851300
4749,1521,1491,3035001,30797,5934202,18735600
4750,1555,1537,3033446,30815,5935739,18990100
4751,1555,1534,3031891,30836,5937273,18752800
4752,1563,1599,3030328,30800,5938872,18679300
4753,1527,1481,3028801,30846,5940353,18787900
4754,1513,1552,3027288,30807,5941905,18974900
4755,1529,1487,3025759,30849,5943392,19126800
4756,1626,1535,3024133,30940,5944927,19568200
4757,1567,1539,3022566,30968,5946466,19415900
4758,1613,1575,3020953,31006,5948041,18687000
4759,1523,1572,3019430,30957,5949613,18807500
4760,1538,1539,3017892,30956,5951152,18816600
4761,1540,1508,3016352,30988,5952660,18675900
4762,1512,1609,3014840,30891,5954269,18730300
4763,1509,1507,3013331,30893,5955776,19639300
4764,1509,1607,3011822,30795,5957383,19636300
4765,1509,1598,3010313,30706,5958981,19491600
4766,1442,1492,3008871,30656,5960473,19559900
4767,1524,1527,3007347,30653,5962000,18892900
4768,1499,1560,3005848,30592,5963560,18650000
4769,1516,1496,3004332,30612,5965056,18744800
4770,1542,1544,3002790,30610,5966600,18698600
4771,1523,1522,3001267,30611,5968122,18767500
4772,1492,1503,2999775,30600,5969625,18792000
4773,1463,1530,2998312,30533,5971155,18768800
4774,1549,1534,2996763,30548,5972689,18875900
4775,1486,1531,2995277,30503,5974220,18768700
4776,1562,1485,2993715,30580,5975705,18901200
4777,1513,1511,2992202,30582,5977216,19146400
4778,1530,1562,2990672,30550,5978778,18748600
4779,1493,1511,2989179,30532,5980289,19393400
4780,1513,1466,2987666,30579,5981755,18678700
4781,1534,1533,2986132,30580,5983288,18733400
4782,1502,1518,2984630,30564,5984806,18782400
4783,1605,1545,2983025,30624,5986351,18841600
4784,1517,1604,2981508,30537,5987955,18837600
4785,1581,1542,2979927,30576,5989497,19031900
4786,1604,1531,2978323,30649,5991028,18719700
4787,1556,1579,2976767,30626,5992607,19061400
4788,1568,1488,2975199,30706,5994095,19635500
4789,1505,1510,2973694,30701,5995605,20332600
4790,1477,1535,2972217,30643,5997140,19203300
4791,1483,1499,2970734,30627,5998639,19364800
4792,1510,1555,2969224,30582,6000194,19231300
4793,1559,1483,2967665,30658,6001677,19337900
4794,1577,1512,2966088,30723,6003189,19551900
4795,1594,1547,2964494,30770,6004736,19325900
4796,1514,1489,2962980,30795,6006225,18955400
4797,1571,1558,2961409,30808,6007783,19226000
4798,1563,1507,2959846,30864,6009290,19249300
4799,1546,1573,2958300,30837,6010863,20157500
4800,1555,1509,2956745,30883,6012372,18994600
4801,1564,1520,2955181,30927,6013892,18602100
4802,1582,1534,2953599,30975,6015426,18718700
4803,1618,1490,2951981,31103,6016916,18538100
4804,1520,1545,2950461,31078,6018461,18831500
4805,1539,1507,2948922,31110,6019968,18646500
4806,1484,1568,2947438,31026,6021536,18848200
4807,1567,1540,2945871,31053,6023076,18731400
4808,1560,1526,2944311,31087,6024602,18778100
4809,1575,1521,2942736,31141,6026123,18646600
4810,1547,1580,2941189,31108,6027703,19100800
4811,1594,1528,2939595,31174,6029231,18856100
4812,1536,1480,2938059,31230,6030711,19774800
4813,1540,1561,2936519,31209,6032272,18692700
4814,1532,1572,2934987,31169,6033844,18667800
4815,1572,1526,2933415,31215,6035370,18806100
4816,1593,1528,2931822,31280,6036898,19144100
4817,1595,1609,2930227,31266,6038507,19119700
4818,1532,1544,2928695,31254,6040051,19066300
4819,1527,1565,2927168,31216,6041616,19194600
4820,1496,1506,2925672,31206,6043122,18678000
4821,1427,1604,2924245,31029,6044726,19224600
4822,1508,1512,2922737,31025,6046238,19540000
4823,1502,1586,2921235,30941,6047824,18811900
4824,1494,1511,2919741,30924,6049335,19493200
4825,1511,1565,2918230,30870,6050900,19089000
4826,1547,1516,2916683,30901,6052416,18752500
4827,1511,1539,2915172,30873,6053955,18898500
4828,1538,1549,2913634,30862,6055504,19134200
4829,1560,1511,2912074,30911,6057015,18842400
4830,1488,1531,2910586,30868,6058546,19277200
4831,1521,1505,2909065,30884,6060051,19263300
4832,1510,1528,2907555,30866,6061579,18747600
4833,1498,1619,2906057,30745,6063198,18893200
4834,1543,1518,2904514,30770,6064716,18777300
4835,1545,1596,2902969,30719,6066312,19191900
4836,1504,1525,2901465,30698,6067837,18795200
4837,1594,1532,2899871,30760,6069369,18809300
4838,1597,1538,2898274,30819,6070907,18621300
4839,1555,1570,2896719,30804,6072477,18679000
4840,1547,1558,2895172,30793,6074035,18635300
4841,1594,1478,2893578,30909,6075513,19358900
4842,1633,1509,2891945,31033,6077022,19743300
4843,1642,1549,2890303,31126,6078571,20081600
4844,1546,1581,2888757,31091,6080152,18860100
4845,1593,1534,2887164,31150,6081686,18978200
4846,1602,1545,2885562,31207,6083231,18783100
4847,1590,1542,2883972,31255,6084773,18700300
4848,1625,1588,2882347,31292,6086361,18736600
4849,1559,1535,2880788,31316,6087896,18824300
4850,1576,1524,2879212,31368,6089420,18988900
4851,1590,1566,2877622,31392,6090986,18755900
4852,1573,1548,2876049,31417,6092534,18749500
4853,1536,1546,2874513,31407,6094080,18653700
4854,1667,1508,2872846,31566,6095588,19094100
4855,1626,1568,2871220,31624,6097156,19248800
4856,1649,1590,2869571,31683,6098746,19182600
4857,1580,1580,2867991,31683,6100326,20481100
4858,1616,1549,2866375,31750,6101875,19150500
4859,1617,1580,2864758,31787,6103455,19714700
4860,1550,1577,2863208,31760,6105032,19448000
4861,1611,1544,2861597,31827,6106576,19012900
4862,1573,1606,2860024,31794,6108182,19096800
4863,1536,1624,2858488,31706,6109806,19314600
4864,1559,1542,2856929,31723,6111348,18847100
4865,1534,1547,2855395,31710,6112895,19342000
4866,1602,1624,2853793,31688,6114519,19680800
4867,1584,1648,2852209,31624,6116167,20107600
4868,1564,1611,2850645,31577,6117778,19511400
4869,1531,1623,2849114,31485,6119401,19090500
4870,1532,1603,2847582,31414,6121004,19001000
4871,1558,1584,2846024,31388,6122588,19341300
4872,1496,1541,2844528,31343,6124129,18623200
4873,1559,1558,2842969,31344,6125687,18663200
4874,1500,1530,2841469,31314,6127217,19029500
4875,1559,1542,2839910,31331,6128759,18818000
4876,1487,1585,2838423,31233,6130344,18857000
4877,1498,1586,2836925,31145,6131930,19381700
4878,1552,1503,2835373,31194,6133433,19262000
4879,1618,1582,2833755,31230,6135015,18939700
4880,1620,1575,2832135,31275,6136590,18851100
4881,1578,1581,2830557,31272,6138171,18928300
4882,1599,1579,2828958,31292,6139750,18804000
4883,1472,1477,2827486,31287,6141227,18911800
4884,1563,1558,2825923,31292,6142785,18894100
4885,1571,1554,2824352,31309,6144339,18805100
4886,1543,1557,2822809,31295,6145896,18996600
4887,1579,1531,2821230,31343,6147427,19039100
4888,1632,1565,2819598,31410,6148992,19349500
4889,1627,1650,2817971,31387,6150642,19164900
4890,1582,1624,2816389,31345,6152266,18970600
4891,1573,1515,2814816,31403,6153781,18853800
4892,1586,1526,2813230,31463,6155307,18770600
4893,1610,1570,2811620,31503,6156877,18766100
4894,1463,1594,2810157,31372,6158471,19244500
4895,1596,1562,2808561,31406,6160033,19361400
4896,1579,1597,2806982,31388,6161630,19465700
4897,1644,1538,2805338,31494,6163168,18909000
4898,1572,1572,2803766,31494,6164740,18963100
4899,1556,1526,2802210,31524,6166266,18870100
4900,1566,1628,2800644,31462,6167894,18916900
4901,1546,1573,2799098,31435,6169467,19148800
4902,1609,1565,2797489,31479,6171032,18808300
4903,1606,1511,2795883,31574,6172543,18646600
4904,1551,1622,2794332,31503,6174165,19298400
4905,1541,1584,2792791,31460,6175749,18908500
4906,1564,1503,2791227,31521,6177252,19083700
4907,1635,1605,2789592,31551,6178857,18922500
4908,1527,1592,2788065,31486,6180449,18764800
4909,1575,1635,2786490,31426,6182084,18764500
4910,1587,1529,2784903,31484,6183613,18864800
4911,1584,1566,2783319,31502,6185179,18841500
4912,1522,1609,2781797,31415,6186788,18853200
4913,1579,1562,2780218,31432,6188350,18641700
4914,1582,1540,2778636,31474,6189890,18854000
4915,1574,1639,2777062,31409,6191529,19037100
4916,1647,1551,2775415,31505,6193080,18937700
4917,1587,1613,2773828,31479,6194693,18918400
4918,1597,1519,2772231,31557,6196212,18881200
4919,1524,1531,2770707,31550,6197743,18777300
4920,1555,1574,2769152,31531,6199317,19269800
4921,1542,1520,2767610,31553,6200837,19266000
4922,1625,1558,2765985,31620,6202395,19596100
4923,1545,1584,2764440,31581,6203979,19263700
4924,1576,1589,2762864,31568,6205568,19241600
4925,1594,1588,2761270,31574,6207156,19803800
4926,1603,1541,2759667,31636,6208697,19267300
4927,1584,1554,2758083,31666,6210251,19351800
4928,1551,1604,2756532,31613,6211855,18958100
4929,1505,1691,2755027,31427,6213546,19617200
4930,1551,1631,2753476,31347,6215177,19467600
4931,1544,1548,2751932,31343,6216725,19498800
4932,1604,1643,2750328,31304,6218368,19410400
4933,1588,1579,2748740,31313,6219947,19541800
4934,1553,1567,2747187,31299,6221514,19673200
4935,1556,1623,2745631,31232,6223137,18601500
4936,1542,1506,2744089,31268,6224643,18831800
4937,1562,1561,2742527,31269,6226204,19468000
4938,1539,1529,2740988,31279,6227733,18717000
4939,1567,1521,2739421,31325,6229254,19035200
4940,1593,1563,2737828,31355,6230817,19299200
4941,1551,1584,2736277,31322,6232401,19018600
4942,1542,1515,2734735,31349,6233916,18944100
4943,1594,1550,2733141,31393,6235466,18779700
4944,1559,1559,2731582,31393,6237025,18963800
4945,1508,1599,2730074,31302,6238624,18711000
4946,1586,1533,2728488,31355,6240157,18911500
4947,1576,1598,2726912,31333,6241755,19488900
4948,1632,1621,2725280,31344,6243376,19142300
4949,1559,1547,2723721,31356,6244923,18634200
4950,1555,1571,2722166,31340,6246494,18944900
4951,1552,1522,2720614,31370,6248016,19243300
4952,1626,1605,2718988,31391,6249621,19043300
4953,1599,1566,2717389,31424,6251187,18924200
4954,1570,1601,2715819,31393,6252788,18834100
4955,1601,1600,2714218,31394,6254388,18821500
4956,1576,1606,2712642,31364,6255994,19249600
4957,1584,1542,2711058,31406,6257536,18792900
4958,1494,1550,2709564,31350,6259086,18740000
4959,1534,1524,2708030,31360,6260610,18770600
4960,1495,1570,2706535,31285,6262180,18949600
4961,1544,1578,2704991,31251,6263758,18991400
4962,1539,1604,2703452,31186,6265362,18965600
4963,1520,1551,2701932,31155,6266913,19488900
4964,1528,1528,2700404,31155,6268441,18843400
4965,1557,1552,2698847,31160,6269993,18879900
4966,1526,1597,2697321,31089,6271590,18831100
4967,1511,1634,2695810,30966,6273224,19101900
4968,1551,1554,2694259,30963,6274778,18784000
4969,1487,1470,2692772,30980,6276248,19231400
4970,1483,1586,2691289,30877,6277834,18837300
4971,1502,1568,2689787,30811,6279402,18773100
4972,1511,1540,2688276,30782,6280942,18794700
4973,1464,1563,2686812,30683,6282505,18734400
4974,1491,1530,2685321,30644,6284035,19353400
4975,1478,1549,2683843,30573,6285584,19170500
4976,1490,1552,2682353,30511,6287136,19140400
4977,1492,1487,2680861,30516,6288623,18777500
4978,1434,1535,2679427,30415,6290158,19496700
4979,1497,1562,2677930,30350,6291720,19067900
4980,1431,1581,2676499,30200,6293301,18861400
4981,1429,1533,2675070,30096,6294834,18946900
4982,1479,1486,2673591,30089,6296320,18821600
4983,1523,1491,2672068,30121,6297811,19488800
4984,1500,1569,2670568,30052,6299380,18960400
4985,1466,1539,2669102,29979,6300919,18848400
4986,1543,1505,2667559,30017,6302424,18783900
4987,1433,1482,2666126,29968,6303906,18807300
4988,1461,1480,2664665,29949,6305386,19466500
4989,1458,1555,2663207,29852,6306941,19959500
4990,1485,1452,2661722,29885,6308393,19716000
4991,1434,1536,2660288,29783,6309929,19713400
4992,1482,1498,2658806,29767,6311427,19297600
4993,1513,1514,2657293,29766,6312941,19480800
4994,1534,1502,2655759,29798,6314443,19382700
4995,1488,1458,2654271,29828,6315901,19462000
4996,1425,1457,2652846,29796,6317358,19150500
4997,1466,1529,2651380,29733,6318887,19425500
4998,1446,1418,2649934,29761,6320305,19099300
4999,1461,1478,2648473,29744,6321783,19475200
5000,1493,1492,2646980,29745,6323275,19845600
5001,1505,1457,2645475,29793,6324732,20050700
5002,1440,1488,2644035,29745,6326220,18559500
5003,1516,1414,2642519,29847,6327634,18576900
5004,1532,1537,2640987,29842,6329171,18754200
5005,1486,1536,2639501,29792,6330707,18657400
5006,1500,1460,2638001,29832,6332167,19386100
5007,1464,1465,2636537,29831,6333632,18763000
5008,1417,1488,2635120,29760,6335120,19301100
5009,1544,1507,2633576,29797,6336627,18863700
5010,1541,1511,2632035,29827,6338138,18716800
5011,1489,1502,2630546,29814,6339640,18579700
5012,1523,1488,2629023,29849,6341128,18672300
5013,1446,1453,2627577,29842,6342581,18755200
5014,1460,1527,2626117,29775,6344108,18869200
5015,1517,1561,2624600,29731,6345669,19335400
5016,1472,1487,2623128,29716,6347156,18941100
5017,1435,1551,2621693,29600,6348707,19030600
5018,1441,1480,2620252,29561,6350187,19138700
5019,1413,1484,2618839,29490,6351671,19227700
5020,1415,1463,2617424,29442,6353134,19250600
5021,1462,1463,2615962,29441,6354597,19079600
5022,1426,1519,2614536,29348,6356116,19280800
5023,1378,1460,2613158,29266,6357576,18768200
5024,1393,1378,2611765,29281,6358954,18771600
5025,1430,1481,2610335,29230,6360435,18688200
5026,1453,1440,2608882,29243,6361875,18795100
5027,1437,1442,2607445,29238,6363317,18874900
5028,1439,1493,2606006,29184,6364810,19324100
5029,1364,1458,2604642,29090,6366268,19591400
5030,1448,1505,2603194,29033,6367773,19109300
5031,1455,1555,2601739,28933,6369328,18479800
5032,1426,1452,2600313,28907,6370780,19049100
5033,1457,1517,2598856,28847,6372297,18759300
5034,1432,1480,2597424,28799,6373777,18765700
5035,1408,1412,2596016,28795,6375189,19007100
5036,1425,1453,2594591,28767,6376642,18816200
5037,1369,1443,2593222,28693,6378085,18982200
5038,1389,1423,2591833,28659,6379508,19065900
5039,1392,1391,2590441,28660,6380899,19028200
5040,1432,1344,2589009,28748,6382243,18751500
5041,1378,1408,2587631,28718,6383651,18786500
5042,1419,1528,2586212,28609,6385179,18788100
5043,1367,1407,2584845,28569,6386586,19412800
5044,1422,1381,2583423,28610,6387967,18666200
5045,1430,1462,2581993,28578,6389429,18948400
5046,1394,1458,2580599,28514,6390887,19628200
5047,1403,1399,2579196,28518,6392286,19580500
5048,1460,1387,2577736,28591,6393673,18821800
5049,1361,1414,2576375,28538,6395087,18877700
5050,1468,1442,2574907,28564,6396529,18878800
5051,1415,1436,2573492,28543,6397965,19281400
5052,1395,1441,2572097,28497,6399406,19421800
5053,1373,1468,2570724,28402,6400874,19484100
5054,1382,1404,2569342,28380,6402278,19321400
5055,1349,1420,2567993,28309,6403698,19071900
5056,1429,1403,2566564,28335,6405101,19808300
5057,1408,1342,2565156,28401,6406443,20643600
5058,1349,1485,2563807,28265,6407928,19179400
5059,1357,1425,2562450,28197,6409353,19013700
5060,1347,1421,2561103,28123,6410774,19410200
5061,1317,1411,2559786,28029,6412185,19360300
5062,1410,1409,2558376,28030,6413594,19262400
5063,1343,1404,2557033,27969,6414998,19122700
5064,1307,1370,2555726,27906,6416368,19558600
5065,1354,1418,2554372,27842,6417786,19232500
5066,1392,1420,2552980,27814,6419206,18995300
5067,1354,1384,2551626,27784,6420590,18882300
5068,1314,1394,2550312,27704,6421984,19208000
5069,1325,1433,2548987,27596,6423417,18664400
5070,1332,1380,2547655,27548,6424797,19228400
5071,1317,1377,2546338,27488,6426174,18931300
5072,1388,1320,2544950,27556,6427494,18798000
5073,1346,1333,2543604,27569,6428827,18753300
5074,1360,1410,2542244,27519,6430237,19252700
5075,1297,1336,2540947,27480,6431573,18722600
5076,1317,1355,2539630,27442,6432928,19455400
5077,1295,1406,2538335,27331,6434334,19079800
5078,1318,1363,2537017,27286,6435697,18795400
5079,1271,1412,2535746,27145,6437109,18573300
5080,1317,1342,2534429,27120,6438451,18695600
5081,1337,1408,2533092,27049,6439859,19091000
5082,1319,1386,2531773,26982,6441245,18798800
5083,1307,1331,2530466,26958,6442576,18850400
5084,1367,1376,2529099,26949,6443952,19292500
5085,1347,1323,2527752,26973,6445275,19422800
5086,1402,1314,2526350,27061,6446589,18741900
5087,1352,1322,2524998,27091,6447911,19470400
5088,1272,1362,2523726,27001,6449273,18797900
5089,1354,1311,2522372,27044,6450584,18876400
5090,1324,1350,2521048,27018,6451934,30806900
5091,1312,1308,2519736,27022,6453242,18857000
5092,1416,1353,2518320,27085,6454595,18832800
5093,1347,1313,2516973,27119,6455908,18801100
5094,1371,1322,2515602,27168,6457230,18899800
5095,1341,1389,2514261,27120,6458619,18928600
5096,1318,1379,2512943,27059,6459998,18845200
5097,1354,1416,2511589,26997,6461414,18782900
5098,1288,1324,2510301,26961,6462738,19006800
5099,1303,1358,2508998,26906,6464096,18650400
5100,1329,1323,2507669,26912,6465419,18739000
5101,1327,1338,2506342,26901,6466757,18797500
5102,1285,1427,2505057,26759,6468184,18868500
5103,1347,1354,2503710,26752,6469538,18995000
5104,1291,1319,2502419,26724,6470857,19279900
5105,1319,1319,2501100,26724,6472176,19458300
5106,1346,1359,2499754,26711,6473535,19202900
5107,1344,1321,2498410,26734,6474856,18820000
5108,1241,1388,2497169,26587,6476244,18697600
5109,1359,1279,2495810,26667,6477523,18609800
5110,1331,1414,2494479,26584,6478937,18926300
5111,1297,1336,2493182,26545,6480273,18706700
5112,1349,1341,2491833,26553,6481614,19058700
5113,1314,1320,2490519,26547,6482934,18814300
5114,1342,1300,2489177,26589,6484234,18926400
5115,1322,1298,2487855,26613,6485532,18805700
5116,1296,1287,2486559,26622,6486819,18871200
5117,1211,1371,2485348,26462,6488190,18798400
5118,1310,1295,2484038,26477,6489485,18695500
5119,1308,1344,2482730,26441,6490829,18752600
5120,1296,1334,2481434,26403,6492163,18874500
5121,1338,1289,2480096,26452,6493452,19054500
5122,1294,1319,2478802,26427,6494771,19489600
5123,1290,1314,2477512,26403,6496085,19062000
5124,1291,1306,2476221,26388,6497391,18983400
5125,1286,1360,2474935,26314,6498751,19301900
5126,1294,1277,2473641,26331,6500028,19262400
5127,1331,1300,2472310,26362,6501328,18916700
5128,1259,1330,2471051,26291,6502658,18717300
5129,1282,1311,2469769,26262,6503969,18900200
5130,1345,1330,2468424,26277,6505299,19220800
5131,1230,1343,2467194,26164,6506642,19014100
5132,1225,1290,2465969,26099,6507932,18794400
5133,1285,1285,2464684,26099,6509217,19104900
5134,1300,1327,2463384,26072,6510544,18855600
5135,1233,1339,2462151,25966,6511883,18535100
5136,1199,1321,2460952,25844,6513204,18667100
5137,1252,1289,2459700,25807,6514493,19306000
5138,1378,1227,2458322,25958,6515720,19067500
5139,1356,1281,2456966,26033,6517001,18956600
5140,1258,1243,2455708,26048,6518244,18697800
5141,1195,1305,2454513,25938,6519549,18860700
5142,1284,1243,2453229,25979,6520792,18989400
5143,1285,1314,2451944,25950,6522106,19354600
5144,1217,1293,2450727,25874,6523399,19138100
5145,1293,1276,2449434,25891,6524675,18689500
5146,1292,1332,2448142,25851,6526007,19251800
5147,1254,1286,2446888,25819,6527293,18705000
5148,1251,1308,2445637,25762,6528601,18751000
5149,1276,1292,2444361,25746,6529893,18667100
5150,1277,1262,2443084,25761,6531155,18817200
5151,1219,1317,2441865,25663,6532472,19175200
5152,1286,1327,2440579,25622,6533799,18953300
5153,1215,1361,2439364,25476,6535160,19026100
5154,1228,1338,2438136,25366,6536498,18655400
5155,1199,1247,2436937,25318,6537745,18710000
5156,1307,1251,2435630,25374,6538996,19536800
5157,1290,1231,2434340,25433,6540227,19132300
5158,1243,1302,2433097,25374,6541529,19590200
5159,1320,1281,2431777,25413,6542810,19302800
5160,1271,1308,2430506,25376,6544118,18801900
5161,1265,1191,2429241,25450,6545309,18861200
5162,1211,1304,2428030,25357,6546613,18971200
5163,1264,1235,2426766,25386,6547848,18771200
5164,1264,1273,2425502,25377,6549121,18800800
5165,1263,1205,2424239,25435,6550326,18787600
5166,1303,1236,2422936,25502,6551562,18822000
5167,1238,1344,2421698,25396,6552906,18697000
5168,1270,1185,2420428,25481,6554091,18924800
5169,1300,1292,2419128,25489,6555383,19019500
5170,1303,1307,2417825,25485,6556690,19280300
5171,1213,1286,2416612,25412,6557976,19318900
5172,1273,1261,2415339,25424,6559237,19402300
5173,1238,1244,2414101,25418,6560481,18820300
5174,1273,1247,2412828,25444,6561728,18760700
5175,1220,1294,2411608,25370,6563022,18755200
5176,1188,1318,2410420,25240,6564340,19087300
5177,1310,1220,2409110,25330,6565560,18706800
5178,1264,1331,2407846,25263,6566891,18763100
5179,1350,1264,2406496,25349,6568155,18897400
5180,1250,1252,2405246,25347,6569407,19492400
5181,1282,1239,2403964,25390,6570646,18878900
5182,1312,1310,2402652,25392,6571956,19145400
5183,1307,1262,2401345,25437,6573218,19117100
5184,1277,1292,2400068,25422,6574510,18724000
5185,1324,1249,2398744,25497,6575759,18856700
5186,1285,1262,2397459,25520,6577021,19022900
5187,1290,1197,2396169,25613,6578218,18697700
5188,1322,1244,2394847,25691,6579462,18944600
5189,1313,1318,2393534,25686,6580780,19549100
5190,1309,1249,2392225,25746,6582029,19711200
5191,1275,1284,2390950,25737,6583313,19094400
5192,1335,1251,2389615,25821,6584564,19094500
5193,1223,1304,2388392,25740,6585868,19351000
5194,1210,1339,2387182,25611,6587207,19369300
5195,1210,1348,2385972,25473,6588555,19172800
5196,1216,1302,2384756,25387,6589857,19022300
5197,1194,1266,2383562,25315,6591123,18852800
5198,1264,1249,2382298,25330,6592372,19409700
5199,1239,1255,2381059,25314,6593627,19499100
5200,1249,1298,2379810,25265,6594925,19512300
5201,1221,1244,2378589,25242,6596169,19020100
5202,1249,1225,2377340,25266,6597394,19370500
5203,1266,1264,2376074,25268,6598658,18536800
5204,1131,1165,2374943,25234,6599823,18735600
5205,1264,1279,2373679,25219,6601102,18734600
5206,1224,1300,2372455,25143,6602402,18879400
5207,1234,1279,2371221,25098,6603681,18823300
5208,1244,1284,2369977,25058,6604965,18739400
5209,1202,1232,2368775,25028,6606197,18682600
5210,1284,1269,2367491,25043,6607466,18865300
5211,1161,1244,2366330,24960,6608710,19600700
5212,1254,1282,2365076,24932,6609992,19022600
5213,1271,1260,2363805,24943,6611252,19823600
5214,1226,1352,2362579,24817,6612604,18954900
5215,1231,1258,2361348,24790,6613862,18719100
5216,1205,1199,2360143,24796,6615061,18429900
5217,1252,1290,2358891,24758,6616351,18416100
5218,1233,1206,2357658,24785,6617557,18884000
5219,1302,1246,2356356,24841,6618803,18728600
5220,1303,1269,2355053,24875,6620072,18862600
5221,1280,1211,2353773,24944,6621283,19058100
5222,1219,1215,2352554,24948,6622498,18901800
5223,1237,1239,2351317,24946,6623737,19007900
5224,1237,1242,2350080,24941,6624979,18878900
5225,1221,1237,2348859,24925,6626216,18733400
5226,1273,1180,2347586,25018,6627396,18885300
5227,1263,1248,2346323,25033,6628644,18680900
5228,1310,1244,2345013,25099,6629888,19345500
5229,1284,1206,2343729,25177,6631094,18754200
5230,1267,1298,2342462,25146,6632392,18706500
5231,1256,1255,2341206,25147,6633647,18973300
5232,1269,1250,2339937,25166,6634897,19006000
5233,1228,1208,2338709,25186,6636105,19400400
5234,1257,1297,2337452,25146,6637402,18999500
5235,1241,1239,2336211,25148,6638641,19294500
5236,1254,1205,2334957,25197,6639846,18820600
5237,1164,1331,2333793,25030,6641177,18873000
5238,1223,1230,2332570,25023,6642407,18709900
5239,1240,1301,2331330,24962,6643708,18837700
5240,1212,1249,2330118,24925,6644957,18746000
5241,1230,1243,2328888,24912,6646200,18926200
5242,1283,1294,2327605,24901,6647494,18885300
5243,1213,1309,2326392,24805,6648803,18766500
5244,1243,1239,2325149,24809,6650042,18804900
5245,1223,1279,2323926,24753,6651321,18757800
5246,1234,1224,2322692,24763,6652545,19167400
5247,1240,1306,2321452,24697,6653851,19171300
5248,1229,1315,2320223,24611,6655166,18777300
5249,1228,1228,2318995,24611,6656394,19296800
5250,1222,1200,2317773,24633,6657594,18914800
5251,1262,1183,2316511,24712,6658777,18877900
5252,1243,1263,2315268,24692,6660040,18962400
5253,1258,1151,2314010,24799,6661191,19131300
5254,1247,1302,2312763,24744,6662493,19004200
5255,1265,1242,2311498,24767,6663735,18790900
5256,1241,1276,2310257,24732,6665011,19352000
5257,1301,1280,2308956,24753,6666291,19156500
5258,1200,1187,2307756,24766,6667478,19463800
5259,1173,1220,2306583,24719,6668698,19042000
5260,1206,1219,2305377,24706,6669917,19357200
5261,1180,1240,2304197,24646,6671157,19285000
5262,1233,1264,2302964,24615,6672421,18836900
5263,1205,1244,2301759,24576,6673665,20182700
5264,1208,1207,2300551,24577,6674872,19922900
5265,1250,1221,2299301,24606,6676093,19305000
5266,1186,1201,2298115,24591,6677294,19641200
5267,1208,1200,2296907,24599,6678494,19352000
5268,1214,1297,2295693,24516,6679791,19011200
5269,1183,1214,2294510,24485,6681005,19202900
5270,1162,1213,2293348,24434,6682218,18602100
5271,1176,1252,2292172,24358,6683470,18957400
5272,1224,1224,2290948,24358,6684694,18590500
5273,1182,1203,2289766,24337,6685897,18662400
5274,1147,1193,2288619,24291,6687090,18625000
5275,1154,1154,2287465,24291,6688244,18645700
5276,1143,1215,2286322,24219,6689459,18713800
5277,1184,1179,2285138,24224,6690638,18802700
5278,1178,1188,2283960,24214,6691826,18776900
5279,1196,1198,2282764,24212,6693024,18704700
5280,1116,1265,2281648,24063,6694289,18899400
5281,1176,1272,2280472,23967,6695561,19002400
5282,1186,1236,2279286,23917,6696797,18728100
5283,1221,1164,2278065,23974,6697961,18878600
5284,1157,1189,2276908,23942,6699150,19487400
5285,1161,1187,2275747,23916,6700337,19491700
5286,1208,1209,2274539,23915,6701546,19476700
5287,1139,1206,2273400,23848,6702752,19010600
5288,1146,1154,2272254,23840,6703906,18805300
5289,1225,1145,2271029,23920,6705051,18648900
5290,1206,1253,2269823,23873,6706304,18803000
5291,1226,1187,2268597,23912,6707491,19242200
5292,1205,1189,2267392,23928,6708680,18921900
5293,1241,1193,2266151,23976,6709873,19102600
5294,1251,1192,2264900,24035,6711065,19052300
5295,1199,1228,2263701,24006,6712293,19096100
5296,1235,1190,2262466,24051,6713483,19171400
5297,1197,1223,2261269,24025,6714706,18713800
5298,1212,1207,2260057,24030,6715913,19166300
5299,1207,1158,2258850,24079,6717071,18973300
5300,1136,1196,2257714,24019,6718267,18794000
5301,1189,1189,2256525,24019,6719456,19074200
5302,1223,1208,2255302,24034,6720664,19095100
5303,1197,1141,2254105,24090,6721805,18758000
5304,1191,1179,2252914,24102,6722984,18714800
5305,1196,1216,2251718,24082,6724200,18851000
5306,1143,1193,2250575,24032,6725393,19243200
5307,1186,1283,2249389,23935,6726676,19148800
5308,1139,1209,2248250,23865,6727885,18742200
5309,1183,1183,2247067,23865,6729068,18786900
5310,1179,1162,2245888,23882,6730230,18677700
5311,1150,1204,2244738,23828,6731434,19260700
5312,1247,1169,2243491,23906,6732603,18768400
5313,1169,1197,2242322,23878,6733800,18921800
5314,1248,1202,2241074,23924,6735002,19270500
5315,1186,1202,2239888,23908,6736204,18908700
5316,1166,1236,2238722,23838,6737440,19296000
5317,1193,1165,2237529,23866,6738605,19555400
5318,1168,1212,2236361,23822,6739817,19465000
5319,1139,1157,2235222,23804,6740974,19225900
5320,1215,1201,2234007,23818,6742175,19076100
5321,1165,1150,2232842,23833,6743325,18707200
5322,1146,1142,2231696,23837,6744467,18899000
5323,1176,1158,2230520,23855,6745625,19013000
5324,1137,1212,2229383,23780,6746837,19074800
5325,1134,1175,2228249,23739,6748012,19131200
5326,1169,1209,2227080,23699,6749221,19148100
5327,1130,1178,2225950,23651,6750399,19472600
5328,1172,1202,2224778,23621,6751601,19864200
5329,1186,1175,2223592,23632,6752776,19191200
5330,1176,1218,2222416,23590,6753994,19137400
5331,1163,1213,2221253,23540,6755207,19714100
5332,1184,1143,2220069,23581,6756350,19018200
5333,1092,1180,2218977,23493,6757530,19360400
5334,1093,1159,2217884,23427,6758689,18808600
5335,1156,1201,2216728,23382,6759890,19191800
5336,1138,1197,2215590,23323,6761087,19053300
5337,1190,1211,2214400,23302,6762298,18510300
5338,1158,1178,2213242,23282,6763476,18478200
5339,1111,1147,2212131,23246,6764623,18601500
5340,1139,1153,2210992,23232,6765776,18672400
5341,1169,1161,2209823,23240,6766937,18915800
5342,1100,1216,2208723,23124,6768153,18711400
5343,1081,1195,2207642,23010,6769348,18622000
5344,1207,1132,2206435,23085,6770480,18575500
5345,1183,1174,2205252,23094,6771654,18824900
5346,1163,1162,2204089,23095,6772816,19243900
5347,1117,1171,2202972,23041,6773987,18912300
5348,1121,1133,2201851,23029,6775120,18696700
5349,1138,1157,2200713,23010,6776277,18682000
5350,1168,1140,2199545,23038,6777417,18660000
5351,1118,1128,2198427,23028,6778545,19174800
5352,1119,1119,2197308,23028,6779664,18728000
5353,1166,1203,2196142,22991,6780867,18775700
5354,1128,1166,2195014,22953,6782033,18592100
5355,1146,1107,2193868,22992,6783140,18882900
5356,1167,1185,2192701,22974,6784325,18946100
5357,1106,1160,2191595,22920,6785485,18837400
5358,1124,1146,2190471,22898,6786631,18620200
5359,1126,1096,2189345,22928,6787727,19012700
5360,1183,1112,2188162,22999,6788839,18677900
5361,1102,1170,2187060,22931,6790009,19113800
5362,1116,1111,2185944,22936,6791120,18686900
5363,1140,1110,2184804,22966,6792230,19270100
5364,1071,1120,2183733,22917,6793350,19029700
5365,1095,1155,2182638,22857,6794505,18809800
5366,1080,1162,2181558,22775,6795667,19223800
5367,1118,1118,2180440,22775,6796785,18598800
5368,1096,1162,2179344,22709,6797947,18696900
5369,1131,1139,2178213,22701,6799086,18947500
5370,1071,1194,2177142,22578,6800280,19547700
5371,1082,1135,2176060,22525,6801415,18944600
5372,1081,1175,2174979,22431,6802590,18813200
5373,1072,1133,2173907,22370,6803723,18678900
5374,1054,1093,2172853,22331,6804816,18752900
5375,1128,1086,2171725,22373,6805902,18774300
5376,1142,1120,2170583,22395,6807022,19490900
5377,1071,1182,2169512,22284,6808204,20150700
5378,1137,1082,2168375,22339,6809286,19833600
5379,1105,1124,2167270,22320,6810410,19589000
5380,1153,1137,2166117,22336,6811547,20464800
5381,1131,1106,2164986,22361,6812653,19438400
5382,1122,1144,2163864,22339,6813797,19855200
5383,1119,1090,2162745,22368,6814887,19355000
5384,1113,1145,2161632,22336,6816032,19858000
5385,1094,1173,2160538,22257,6817205,19215600
5386,1075,1098,2159463,22234,6818303,19133800
5387,1128,1083,2158335,22279,6819386,19451700
5388,1175,1123,2157160,22331,6820509,19673600
5389,1108,1133,2156052,22306,6821642,19074700
5390,1123,1107,2154929,22322,6822749,19410200
5391,1098,1157,2153831,22263,6823906,20222100
5392,1095,1108,2152736,22250,6825014,19824000
5393,1198,1087,2151538,22361,6826101,19733600
5394,1137,1119,2150401,22379,6827220,19382900
5395,1134,1054,2149267,22459,6828274,19547600
5396,1073,1088,2148194,22444,6829362,19704700
5397,1109,1148,2147085,22405,6830510,19515300
5398,1107,1091,2145978,22421,6831601,20854900
5399,1119,1114,2144859,22426,6832715,19924300
5400,1120,1140,2143739,22406,6833855,19748600
5401,1091,1069,2142648,22428,6834924,19437500
5402,1131,1111,2141517,22448,6836035,19583200
5403,1090,1072,2140427,22466,6837107,19974800
5404,1135,1155,2139292,22446,6838262,19600400
5405,1149,1111,2138143,22484,6839373,19320900
5406,1144,1131,2136999,22497,6840504,19797500
5407,1123,1132,2135876,22488,6841636,19477200
5408,1096,1104,2134780,22480,6842740,19584600
5409,1086,1077,2133694,22489,6843817,19563100
5410,1072,1159,2132622,22402,6844976,20371200
5411,1049,1125,2131573,22326,6846101,20276800
5412,1035,1062,2130538,22299,6847163,19939700
5413,1058,1123,2129480,22234,6848286,19566500
5414,1076,1105,2128404,22205,6849391,19755800
5415,1087,1148,2127317,22144,6850539,20695800
5416,1058,1047,2126259,22155,6851586,19630000
5417,1001,1116,2125258,22040,6852702,19726000
5418,1058,1146,2124200,21952,6853848,20302500
5419,1080,1140,2123120,21892,6854988,18901700
5420,1032,1042,2122088,21882,6856030,20570800
5421,1066,1013,2121022,21935,6857043,19709600
5422,1093,1135,2119929,21893,6858178,19601400
5423,1092,1102,2118837,21883,6859280,18828700
5424,1002,1091,2117835,21794,6860371,18404300
5425,1103,1105,2116732,21792,6861476,18622200
5426,1050,1144,2115682,21698,6862620,19082700
5427,1062,1069,2114620,21691,6863689,19320500
5428,1005,1064,2113615,21632,6864753,18736400
5429,988,1084,2112627,21536,6865837,18546800
5430,1049,1108,2111578,21477,6866945,18682700
5431,1044,1075,2110534,21446,6868020,18702200
5432,1002,1117,2109532,21331,6869137,18596300
5433,1057,1067,2108475,21321,6870204,18590800
5434,1026,1044,2107449,21303,6871248,18782700
5435,1016,1072,2106433,21247,6872320,18832600
5436,1007,1028,2105426,21226,6873348,18979900
5437,1021,1115,2104405,21132,6874463,18807400
5438,1072,1012,2103333,21192,6875475,19125600
5439,1035,1061,2102298,21166,6876536,18650600
5440,1053,1090,2101245,21129,6877626,18572000
5441,995,1044,2100250,21080,6878670,18630800
5442,999,1067,2099251,21012,6879737,19529300
5443,1033,1079,2098218,20966,6880816,18923100
5444,996,972,2097222,20990,6881788,18681600
5445,981,1038,2096241,20933,6882826,18720900
5446,1005,1031,2095236,20907,6883857,18755100
5447,1006,1112,2094230,20801,6884969,18759000
5448,1019,1040,2093211,20780,6886009,18582500
5449,984,1020,2092227,20744,6887029,18737300
5450,1020,1007,2091207,20757,6888036,18715600
5451,984,1060,2090223,20681,6889096,18696900
5452,986,1058,2089237,20609,6890154,19200500
5453,1025,1051,2088212,20583,6891205,18721000
5454,1006,1049,2087206,20540,6892254,18714300
5455,987,1043,2086219,20484,6893297,18711000
5456,1011,1022,2085208,20473,6894319,18905300
5457,1040,1043,2084168,20470,6895362,18792000
5458,1023,1027,2083145,20466,6896389,19468900
5459,998,1038,2082147,20426,6897427,19349500
5460,1011,1053,2081136,20384,6898480,18749700
5461,1023,1019,2080113,20388,6899499,19578900
5462,966,1044,2079147,20310,6900543,19252800
5463,1020,988,2078127,20342,6901531,20056200
5464,1076,950,2077051,20468,6902481,19437200
5465,1060,1040,2075991,20488,6903521,19376500
5466,1044,1054,2074947,20478,6904575,19746400
5467,1009,1074,2073938,20413,6905649,19383100
5468,1032,977,2072906,20468,6906626,19343500
5469,1027,1020,2071879,20475,6907646,19575800
5470,1027,991,2070852,20511,6908637,18926600
5471,1055,954,2069797,20612,6909591,19691200
5472,1044,1032,2068753,20624,6910623,18669100
5473,1014,1011,2067739,20627,6911634,19023300
5474,1014,1024,2066725,20617,6912658,19682200
5475,1024,1066,2065701,20575,6913724,18754400
5476,1050,1058,2064651,20567,6914782,18773400
5477,1045,1025,2063606,20587,6915807,18785300
5478,994,1004,2062612,20577,6916811,18752100
5479,1009,1051,2061603,20535,6917862,18938000
5480,955,977,2060648,20513,6918839,19296000
5481,1004,1005,2059644,20512,6919844,18869000
5482,994,1028,2058650,20478,6920872,18626700
5483,993,1105,2057657,20366,6921977,18779400
5484,954,1005,2056703,20315,6922982,18827600
5485,974,1034,2055729,20255,6924016,19102500
5486,1019,954,2054710,20320,6924970,19934600
5487,973,1027,2053737,20266,6925997,19934500
5488,980,1011,2052757,20235,6927008,20173600
5489,974,1015,2051783,20194,6928023,20051800
5490,995,975,2050788,20214,6928998,19457500
5491,956,947,2049832,20223,6929945,18550700
5492,1038,1037,2048794,20224,6930982,18629600
5493,1009,1072,2047785,20161,6932054,18522600
5494,976,1032,2046809,20105,6933086,18664600
5495,1021,978,2045788,20148,6934064,18530500
5496,995,1015,2044793,20128,6935079,18559400
5497,1017,1008,2043776,20137,6936087,18704400
5498,993,1007,2042783,20123,6937094,18761200
5499,1030,1023,2041753,20130,6938117,18777100
5500,948,1045,2040805,20033,6939162,18809000
5501,978,1011,2039827,20000,6940173,18563200
5502,1015,936,2038812,20079,6941109,18532000
5503,1027,992,2037785,20114,6942101,18554800
5504,985,998,2036800,20101,6943099,19035400
5505,1016,990,2035784,20127,6944089,18742400
5506,1049,983,2034735,20193,6945072,18708100
5507,1011,1009,2033724,20195,6946081,19133700
5508,963,1004,2032761,20154,6947085,18663700
5509,984,975,2031777,20163,6948060,18779800
5510,999,950,2030778,20212,6949010,18560600
5511,951,995,2029827,20168,6950005,18711000
5512,1021,1019,2028806,20170,6951024,18933200
5513,943,1026,2027863,20087,6952050,19636800
5514,1006,1034,2026857,20059,6953084,19310200
5515,961,997,2025896,20023,6954081,18798200
5516,981,991,2024915,20013,6955072,18659800
5517,902,996,2024013,19919,6956068,19141100
5518,966,1011,2023047,19874,6957079,19147300
5519,941,1018,2022106,19797,6958097,18922200
5520,941,1029,2021165,19709,6959126,18632500
5521,956,1013,2020209,19652,6960139,18827600
5522,984,969,2019225,19667,6961108,18808800
5523,953,969,2018272,19651,6962077,18792500
5524,967,969,2017305,19649,6963046,19321400
5525,1025,1024,2016280,19650,6964070,19442300
5526,994,982,2015286,19662,6965052,19970400
5527,979,978,2014307,19663,6966030,19745800
5528,975,1025,2013332,19613,6967055,19369600
5529,931,906,2012401,19638,6967961,19054600
5530,935,947,2011466,19626,6968908,19083900
5531,952,1040,2010514,19538,6969948,19274900
5532,915,952,2009599,19501,6970900,19526800
5533,970,999,2008629,19472,6971899,19652600
5534,966,914,2007663,19524,6972813,19115800
5535,1015,1005,2006648,19534,6973818,19153600
5536,1000,926,2005648,19608,6974744,19389200
5537,991,935,2004657,19664,6975679,20010200
5538,986,946,2003671,19704,6976625,19068800
5539,993,1022,2002678,19675,6977647,18683000
5540,952,982,2001726,19645,6978629,18814700
5541,978,982,2000748,19641,6979611,19047500
5542,950,955,1999798,19636,6980566,19391800
5543,966,1006,1998832,19596,6981572,19339900
5544,981,972,1997851,19605,6982544,18747500
5545,946,1033,1996905,19518,6983577,18948300
5546,934,939,1995971,19513,6984516,18579000
5547,950,1024,1995021,19439,6985540,18664100
5548,968,949,1994053,19458,6986489,19306900
5549,937,989,1993116,19406,6987478,19058800
5550,939,964,1992177,19381,6988442,19811400
5551,933,996,1991244,19318,6989438,18838900
5552,946,936,1990298,19328,6990374,18693700
5553,981,939,1989317,19370,6991313,18586100
5554,968,987,1988349,19351,6992300,19117600
5555,955,973,1987394,19333,6993273,18801300
5556,950,1030,1986444,19253,6994303,18736900
5557,962,1004,1985482,19211,6995307,18504300
5558,984,929,1984498,19266,6996236,18817700
5559,965,1001,1983533,19230,6997237,18825500
5560,970,953,1982563,19247,6998190,18914200
5561,1021,947,1981542,19321,6999137,18686400
5562,950,973,1980592,19298,7000110,18691300
5563,935,981,1979657,19252,7001091,18662300
5564,955,941,1978702,19266,7002032,18721000
5565,924,930,1977778,19260,7002962,19287800
5566,952,975,1976826,19237,7003937,18613700
5567,963,963,1975863,19237,7004900,18813400
5568,930,928,1974933,19239,7005828,18726100
5569,955,975,1973978,19219,7006803,18748100
5570,934,1013,1973044,19140,7007816,18493700
5571,918,904,1972126,19154,7008720,18688000
5572,982,957,1971144,19179,7009677,18872900
5573,962,955,1970182,19186,7010632,18665400
5574,965,945,1969217,19206,7011577,18869600
5575,936,969,1968281,19173,7012546,19089500
5576,939,917,1967342,19195,7013463,18546900
5577,981,955,1966361,19221,7014418,19267000
5578,929,1010,1965432,19140,7015428,19066400
5579,955,982,1964477,19113,7016410,19200300
5580,987,985,1963490,19115,7017395,19528200
5581,919,967,1962571,19067,7018362,18751900
5582,934,916,1961637,19085,7019278,19092000
5583,892,913,1960745,19064,7020191,18944200
5584,963,951,1959782,19076,7021142,18831500
5585,1001,923,1958781,19154,7022065,18572700
5586,919,919,1957862,19154,7022984,18564500
5587,978,956,1956884,19176,7023940,18571300
5588,925,994,1955959,19107,7024934,18754800
5589,988,905,1954971,19190,7025839,19025000
5590,899,950,1954072,19139,7026789,19118000
5591,977,959,1953095,19157,7027748,18750200
5592,1000,954,1952095,19203,7028702,19129000
5593,1012,1004,1951083,19211,7029706,19056600
5594,914,987,1950169,19138,7030693,19437600
5595,918,980,1949251,19076,7031673,19757400
5596,921,951,1948330,19046,7032624,19778800
5597,919,922,1947411,19043,7033546,19347600
5598,909,986,1946502,18966,7034532,18850100
5599,929,927,1945573,18968,7035459,19055300
5600,897,908,1944676,18957,7036367,19171300
5601,888,961,1943788,18884,7037328,19221700
5602,890,962,1942898,18812,7038290,19331800
5603,972,925,1941926,18859,7039215,18654100
5604,906,959,1941020,18806,7040174,19228600
5605,957,964,1940063,18799,7041138,18727400
5606,952,917,1939111,18834,7042055,19140700
5607,956,930,1938155,18860,7042985,18473300
5608,933,963,1937222,18830,7043948,18601900
5609,935,980,1936287,18785,7044928,18676700
5610,940,913,1935347,18812,7045841,18653800
5611,953,950,1934394,18815,7046791,18738300
5612,950,1009,1933444,18756,7047800,18584700
5613,918,942,1932526,18732,7048742,19182300
5614,931,941,1931595,18722,7049683,18810300
5615,967,964,1930628,18725,7050647,18739900
5616,965,933,1929663,18757,7051580,18971900
5617,928,978,1928735,18707,7052558,19148100
5618,932,933,1927803,18706,7053491,18937100
5619,934,899,1926869,18741,7054390,18750200
5620,977,911,1925892,18807,7055301,18730200
5621,933,929,1924959,18811,7056230,18719700
5622,953,929,1924006,18835,7057159,18930200
5623,931,919,1923075,18847,7058078,18648200
5624,918,948,1922157,18817,7059026,18855000
5625,966,977,1921191,18806,7060003,18664500
5626,961,920,1920230,18847,7060923,18851900
5627,1027,937,1919203,18937,7061860,18905900
5628,979,1009,1918224,18907,7062869,18792100
5629,906,996,1917318,18817,7063865,18551100
5630,956,937,1916362,18836,7064802,18631900
5631,927,940,1915435,18823,7065742,18539000
5632,937,980,1914498,18780,7066722,19048000
5633,960,937,1913538,18803,7067659,21082600
5634,878,922,1912660,18759,7068581,18956500
5635,924,954,1911736,18729,7069535,18901200
5636,904,905,1910832,18728,7070440,18976000
5637,967,984,1909865,18711,7071424,18950900
5638,928,933,1908937,18706,7072357,18669400
5639,929,948,1908008,18687,7073305,18913800
5640,917,957,1907091,18647,7074262,18620300
5641,860,937,1906231,18570,7075199,18912200
5642,932,910,1905299,18592,7076109,18772500
5643,948,876,1904351,18664,7076985,19039200
5644,914,950,1903437,18628,7077935,18662300
5645,906,949,1902531,18585,7078884,18775800
5646,942,954,1901589,18573,7079838,18783300
5647,951,945,1900638,18579,7080783,18666400
5648,911,960,1899727,18530,7081743,18764700
5649,935,922,1898792,18543,7082665,18762900
5650,972,957,1897820,18558,7083622,18711400
5651,983,947,1896837,18594,7084569,19441000
5652,897,973,1895940,18518,7085542,18975300
5653,891,937,1895049,18472,7086479,18774600
5654,904,910,1894145,18466,7087389,19196200
5655,899,976,1893246,18389,7088365,18679400
5656,947,929,1892299,18407,7089294,19087600
5657,924,933,1891375,18398,7090227,19001900
5658,940,891,1890435,18447,7091118,19114200
5659,856,900,1889579,18403,7092018,19537200
5660,903,946,1888676,18360,7092964,18915000
5661,916,939,1887760,18337,7093903,19450800
5662,919,942,1886841,18314,7094845,18771300
5663,902,934,1885939,18282,7095779,19310300
5664,891,874,1885048,18299,7096653,19207000
5665,918,914,1884130,18303,7097567,18862700
5666,882,924,1883248,18261,7098491,19370500
5667,943,912,1882305,18292,7099403,19426500
5668,930,890,1881375,18332,7100293,19292300
5669,991,952,1880384,18371,7101245,19428800
5670,924,918,1879460,18377,7102163,19181900
5671,908,900,1878552,18385,7103063,18911900
5672,937,931,1877615,18391,7103994,18764800
5673,899,899,1876716,18391,7104893,18647900
5674,953,949,1875763,18395,7105842,18786700
5675,885,950,1874878,18330,7106792,18820200
5676,856,908,1874022,18278,7107700,18720000
5677,888,918,1873134,18248,7108618,18764900
5678,894,919,1872240,18223,7109537,19322700
5679,910,889,1871330,18244,7110426,18601700
5680,915,847,1870415,18312,7111273,18593100
5681,894,968,1869521,18238,7112241,18763600
5682,906,883,1868615,18261,7113124,18596500
5683,875,941,1867740,18195,7114065,18612200
5684,871,883,1866869,18183,7114948,18830000
5685,934,902,1865935,18215,7115850,18856700
5686,882,944,1865053,18153,7116794,19663700
5687,851,913,1864202,18091,7117707,18657300
5688,874,978,1863328,17987,7118685,18943400
5689,903,910,1862425,17980,7119595,18584400
5690,913,907,1861512,17986,7120502,18895700
5691,888,910,1860624,17964,7121412,18688800
5692,901,935,1859723,17930,7122347,18865400
5693,932,887,1858791,17975,7123234,18834000
5694,905,937,1857886,17943,7124171,18702000
5695,892,914,1856994,17921,7125085,18674400
5696,884,867,1856110,17938,7125952,18531500
5697,903,880,1855207,17961,7126832,19047500
5698,885,891,1854322,17955,7127723,18555500
5699,892,865,1853430,17982,7128588,18870300
5700,886,934,1852544,17934,7129522,18920100
5701,863,903,1851681,17894,7130425,18616900
5702,898,844,1850783,17948,7131269,19039700
5703,936,859,1849847,18025,7132128,18698300
5704,906,957,1848941,17974,7133085,18640300
5705,929,838,1848012,18065,7133923,18660200
5706,913,905,1847099,18073,7134828,18593700
5707,880,927,1846219,18026,7135755,18696300
5708,900,886,1845319,18040,7136641,19318400
5709,946,878,1844373,18108,7137519,18815400
5710,870,877,1843503,18101,7138396,18735800
5711,925,923,1842578,18103,7139319,18638000
5712,881,894,1841697,18090,7140213,18643100
5713,902,957,1840795,18035,7141170,18582000
5714,932,893,1839863,18074,7142063,18848100
5715,849,935,1839014,17988,7142998,18576100
5716,925,909,1838089,18004,7143907,18617900
5717,931,943,1837158,17992,7144850,18681900
5718,931,882,1836227,18041,7145732,18672700
5719,911,886,1835316,18066,7146618,18688200
5720,922,898,1834394,18090,7147516,18825200
5721,900,858,1833494,18132,7148374,18552800
5722,869,942,1832625,18059,7149316,18900300
5723,853,905,1831772,18007,7150221,18763800
5724,877,930,1830895,17954,7151151,18748700
5725,848,862,1830047,17940,7152013,19203200
5726,906,867,1829141,17979,7152880,19047400
5727,894,915,1828247,17958,7153795,19468000
5728,962,907,1827285,18013,7154702,19162900
5729,886,942,1826399,17957,7155644,19395400
5730,899,950,1825500,17906,7156594,19721300
5731,878,856,1824622,17928,7157450,19457500
5732,927,864,1823695,17991,7158314,19498600
5733,894,887,1822801,17998,7159201,19310000
5734,909,883,1821892,18024,7160084,18865400
5735,883,889,1821009,18018,7160973,18814000
5736,884,935,1820125,17967,7161908,18895200
5737,874,922,1819251,17919,7162830,19231200
5738,899,887,1818352,17931,7163717,19162800
5739,943,878,1817409,17996,7164595,19574500
5740,954,937,1816455,18013,7165532,20669200
5741,916,883,1815539,18046,7166415,18862900
5742,917,941,1814622,18022,7167356,18674300
5743,911,952,1813711,17981,7168308,18916700
5744,914,936,1812797,17959,7169244,19060000
5745,884,854,1811913,17989,7170098,18765500
5746,877,943,1811036,17923,7171041,18591600
5747,866,932,1810170,17857,7171973,18688500
5748,917,914,1809253,17860,7172887,18662700
5749,916,941,1808337,17835,7173828,18797100
5750,901,902,1807436,17834,7174730,19265800
5751,860,920,1806576,17774,7175650,18650700
5752,922,856,1805654,17840,7176506,18666700
5753,886,890,1804768,17836,7177396,18614000
5754,850,880,1803918,17806,7178276,18652400
5755,878,855,1803040,17829,7179131,18708600
5756,853,898,1802187,17784,7180029,18716000
5757,892,866,1801295,17810,7180895,18791500
5758,881,879,1800414,17812,7181774,18643100
5759,870,868,1799544,17814,7182642,18629500
5760,941,913,1798603,17842,7183555,18567400
5761,843,862,1797760,17823,7184417,18579500
5762,959,892,1796801,17890,7185309,18730100
5763,930,855,1795871,17965,7186164,19237000
5764,903,909,1794968,17959,7187073,18843300
5765,896,899,1794072,17956,7187972,18731000
5766,902,875,1793170,17983,7188847,18790100
5767,887,867,1792283,18003,7189714,18880200
5768,891,952,1791392,17942,7190666,18671500
5769,860,900,1790532,17902,7191566,18513000
5770,913,917,1789619,17898,7192483,19198800
5771,882,875,1788737,17905,7193358,18686000
5772,885,901,1787852,17889,7194259,18593000
5773,923,919,1786929,17893,7195178,18892400
5774,832,862,1786097,17863,7196040,18698900
5775,862,899,1785235,17826,7196939,18592500
5776,846,849,1784389,17823,7197788,18542500
5777,864,877,1783525,17810,7198665,19193200
5778,869,898,1782656,17781,7199563,18798300
5779,930,850,1781726,17861,7200413,18712100
5780,879,898,1780847,17842,7201311,18798300
5781,861,837,1779986,17866,7202148,18706500
5782,860,862,1779126,17864,7203010,18686900
5783,923,869,1778203,17918,7203879,18598300
5784,886,919,1777317,17885,7204798,18727500
5785,877,846,1776440,17916,7205644,18667800
5786,866,895,1775574,17887,7206539,18691700
5787,892,922,1774682,17857,7207461,18792600
5788,898,913,1773784,17842,7208374,18766100
5789,899,911,1772885,17830,7209285,18794400
5790,890,850,1771995,17870,7210135,18837500
5791,875,900,1771120,17845,7211035,18692800
5792,833,924,1770287,17754,7211959,19806900
5793,882,882,1769405,17754,7212841,19597200
5794,888,820,1768517,17822,7213661,19734500
5795,880,933,1767637,17769,7214594,19290700
5796,936,915,1766701,17790,7215509,19307400
5797,863,862,1765838,17791,7216371,19424900
5798,884,881,1764954,17794,7217252,19638200
5799,913,874,1764041,17833,7218126,19279000
5800,854,880,1763187,17807,7219006,19020500
5801,853,865,1762334,17795,7219871,18795800
5802,854,906,1761480,17743,7220777,19410100
5803,858,892,1760622,17709,7221669,19183800
5804,832,932,1759790,17609,7222601,19049800
5805,841,862,1758949,17588,7223463,18869100
5806,889,870,1758060,17607,7224333,18821000
5807,868,845,1757192,17630,7225178,18604700
5808,883,833,1756309,17680,7226011,18427400
5809,869,890,1755440,17659,7226901,18538900
5810,858,877,1754582,17640,7227778,19125800
5811,856,887,1753726,17609,7228665,19073600
5812,871,866,1752855,17614,7229531,19163800
5813,889,895,1751966,17608,7230426,18835300
5814,813,897,1751153,17524,7231323,18730200
5815,844,859,1750309,17509,7232182,19340800
5816,889,902,1749420,17496,7233084,19401100
5817,876,888,1748544,17484,7233972,19407300
5818,887,892,1747657,17479,7234864,18688100
5819,891,900,1746766,17470,7235764,18639700
5820,913,898,1745853,17485,7236662,18566400
5821,875,911,1744978,17449,7237573,18792900
5822,855,851,1744123,17453,7238424,19164700
5823,859,870,1743264,17442,7239294,18717300
5824,888,885,1742376,17445,7240179,18680700
5825,836,863,1741540,17418,7241042,19056800
5826,853,895,1740687,17376,7241937,19161900
5827,839,816,1739848,17399,7242753,18487300
5828,858,870,1738990,17387,7243623,18731400
5829,814,892,1738176,17309,7244515,18748900
5830,884,880,1737292,17313,7245395,18650000
5831,843,856,1736449,17300,7246251,18740500
5832,842,823,1735607,17319,7247074,18668400
5833,813,913,1734794,17219,7247987,18683200
5834,882,887,1733912,17214,7248874,18592000
5835,861,894,1733051,17181,7249768,18497900
5836,866,805,1732185,17242,7250573,18560800
5837,866,828,1731319,17280,7251401,18818700
5838,877,814,1730442,17343,7252215,18826700
5839,885,898,1729557,17330,7253113,18788600
5840,870,804,1728687,17396,7253917,19055800
5841,869,882,1727818,17383,7254799,18618700
5842,890,943,1726928,17330,7255742,18727300
5843,893,873,1726035,17350,7256615,18810000
5844,873,841,1725162,17382,7257456,18678800
5845,892,892,1724270,17382,7258348,18743800
5846,873,878,1723397,17377,7259226,19901900
5847,865,884,1722532,17358,7260110,18874100
5848,805,820,1721727,17343,7260930,18625500
5849,837,876,1720890,17304,7261806,18886500
5850,821,833,1720069,17292,7262639,18650100
5851,854,908,1719215,17238,7263547,18658900
5852,845,839,1718370,17244,7264386,18568300
5853,866,896,1717504,17214,7265282,18864900
5854,853,791,1716651,17276,7266073,18577500
5855,847,899,1715804,17224,7266972,18685000
5856,871,852,1714933,17243,7267824,18804600
5857,852,857,1714081,17238,7268681,18683300
5858,876,883,1713205,17231,7269564,18663800
5859,869,849,1712336,17251,7270413,18691500
5860,914,821,1711422,17344,7271234,19232800
5861,906,850,1710516,17400,7272084,19248500
5862,889,838,1709627,17451,7272922,19151400
5863,903,935,1708724,17419,7273857,18805100
5864,868,902,1707856,17385,7274759,19609900
5865,901,838,1706955,17448,7275597,19028100
5866,855,876,1706100,17427,7276473,19603600
5867,865,881,1705235,17411,7277354,19288500
5868,893,823,1704342,17481,7278177,19396200
5869,869,915,1703473,17435,7279092,20192100
5870,868,896,1702605,17407,7279988,18921300
5871,892,889,1701713,17410,7280877,19415800
5872,916,850,1700797,17476,7281727,18985400
5873,898,840,1699899,17534,7282567,19143800
5874,851,889,1699048,17496,7283456,18920100
5875,891,867,1698157,17520,7284323,18815700
5876,923,853,1697234,17590,7285176,18729900
5877,899,869,1696335,17620,7286045,18590900
5878,901,819,1695434,17702,7286864,18617200
5879,865,871,1694569,17696,7287735,18907600
5880,840,866,1693729,17670,7288601,18637500
5881,873,859,1692856,17684,7289460,18665300
5882,863,895,1691993,17652,7290355,18634000
5883,840,897,1691153,17595,7291252,18567400
5884,839,866,1690314,17568,7292118,19047200
5885,845,876,1689469,17537,7292994,18825200
5886,852,870,1688617,17519,7293864,18714500
5887,863,908,1687754,17474,7294772,18967000
5888,865,865,1686889,17474,7295637,18847900
5889,833,802,1686056,17505,7296439,18605900
5890,815,882,1685241,17438,7297321,18679100
5891,857,862,1684384,17433,7298183,18628900
5892,867,870,1683517,17430,7299053,18719000
5893,864,783,1682653,17511,7299836,18801400
5894,873,834,1681780,17550,7300670,18779000
5895,853,861,1680927,17542,7301531,18806700
5896,879,919,1680048,17502,7302450,18468000
5897,851,861,1679197,17492,7303311,19164800
5898,869,863,1678328,17498,7304174,18814600
5899,896,912,1677432,17482,7305086,19350200
5900,864,865,1676568,17481,7305951,19658500
5901,874,841,1675694,17514,7306792,18621500
5902,830,785,1674864,17559,7307577,18747400
5903,846,898,1674018,17507,7308475,18929600
5904,840,837,1673178,17510,7309312,18695500
5905,827,928,1672351,17409,7310240,18601100
5906,854,885,1671497,17378,7311125,19360900
5907,830,914,1670667,17294,7312039,18677900
5908,829,871,1669838,17252,7312910,19137700
5909,804,900,1669034,17156,7313810,18634200
5910,822,871,1668212,17107,7314681,18727000
5911,746,851,1667466,17002,7315532,18590800
5912,789,808,1666677,16983,7316340,18807500
5913,793,848,1665884,16928,7317188,18770300
5914,828,873,1665056,16883,7318061,18886200
5915,805,858,1664251,16830,7318919,19267400
5916,844,877,1663407,16797,7319796,18600700
5917,784,886,1662623,16695,7320682,18914500
5918,789,863,1661834,16621,7321545,18737400
5919,797,841,1661037,16577,7322386,18835100
5920,796,851,1660241,16522,7323237,18668100
5921,831,859,1659410,16494,7324096,18543200
5922,833,812,1658577,16515,7324908,18598500
5923,789,813,1657788,16491,7325721,18586600
5924,849,824,1656939,16516,7326545,18719500
5925,794,853,1656145,16457,7327398,19067000
5926,804,844,1655341,16417,7328242,18747600
5927,820,858,1654521,16379,7329100,19180300
5928,858,887,1653663,16350,7329987,19222400
5929,817,900,1652846,16267,7330887,18951100
5930,853,834,1651993,16286,7331721,19827700
5931,807,849,1651186,16244,7332570,19294500
5932,838,828,1650348,16254,7333398,19220800
5933,822,819,1649526,16257,7334217,19273500
5934,784,845,1648742,16196,7335062,19215200
5935,830,821,1647912,16205,7335883,18995400
5936,785,816,1647127,16174,7336699,19346300
5937,808,811,1646319,16171,7337510,19279400
5938,783,799,1645536,16155,7338309,19286900
5939,806,780,1644730,16181,7339089,18863400
5940,807,834,1643923,16154,7339923,19367100
5941,833,800,1643090,16187,7340723,18795100
5942,820,771,1642270,16236,7341494,18721800
5943,802,823,1641468,16215,7342317,18958000
5944,904,809,1640564,16310,7343126,18546600
5945,822,777,1639742,16355,7343903,18556800
5946,895,818,1638847,16432,7344721,18690000
5947,816,803,1638031,16445,7345524,18640100
5948,858,816,1637173,16487,7346340,18977100
5949,816,822,1636357,16481,7347162,18852800
5950,787,784,1635570,16484,7347946,18964100
5951,891,836,1634679,16539,7348782,18999900
5952,830,845,1633849,16524,7349627,19625600
5953,818,830,1633031,16512,7350457,20020600
5954,818,821,1632213,16509,7351278,18862800
5955,827,835,1631386,16501,7352113,18649300
5956,821,788,1630565,16534,7352901,18769600
5957,856,854,1629709,16536,7353755,18721300
5958,823,807,1628886,16552,7354562,18943400
5959,849,822,1628037,16579,7355384,18961800
5960,825,755,1627212,16649,7356139,18846300
5961,853,874,1626359,16628,7357013,18720400
5962,844,838,1625515,16634,7357851,18617500
5963,821,809,1624694,16646,7358660,19192100
5964,853,848,1623841,16651,7359508,19003500
5965,810,820,1623031,16641,7360328,18604000
5966,844,817,1622187,16668,7361145,18788600
5967,840,793,1621347,16715,7361938,18836900
5968,844,889,1620503,16670,7362827,18772500
5969,858,871,1619645,16657,7363698,18725000
5970,778,824,1618867,16611,7364522,18999600
5971,864,833,1618003,16642,7365355,18713500
5972,844,848,1617159,16638,7366203,18972800
5973,863,850,1616296,16651,7367053,19088100
5974,833,800,1615463,16684,7367853,19154100
5975,823,815,1614640,16692,7368668,18776100
5976,816,804,1613824,16704,7369472,18833400
5977,862,792,1612962,16774,7370264,18933600
5978,824,789,1612138,16809,7371053,18898500
5979,864,841,1611274,16832,7371894,18837100
5980,801,861,1610473,16772,7372755,18584000
5981,837,871,1609636,16738,7373626,18657600
5982,875,828,1608761,16785,7374454,19499600
5983,807,797,1607954,16795,7375251,19093300
5984,784,809,1607170,16770,7376060,18675000
5985,823,834,1606347,16759,7376894,18934400
5986,829,866,1605518,16722,7377760,18808900
5987,832,821,1604686,16733,7378581,19344300
5988,830,867,1603856,16696,7379448,18736400
5989,856,832,1603000,16720,7380280,18633900
5990,812,816,1602188,16716,7381096,18926000
5991,818,869,1601370,16665,7381965,18894900
5992,850,804,1600520,16711,7382769,19164500
5993,797,831,1599723,16677,7383600,18789100
5994,800,864,1598923,16613,7384464,19030000
5995,798,837,1598125,16574,7385301,19105400
5996,847,895,1597278,16526,7386196,19206100
5997,814,779,1596464,16561,7386975,19032000
5998,838,824,1595626,16575,7387799,19364400
5999,836,822,1594790,16589,7388621,19346300
6000,827,841,1593963,16575,7389462,19565200
6001,799,858,1593164,16516,7390320,19472500
6002,787,847,1592377,16456,7391167,20213800
6003,759,846,1591618,16369,7392013,18977200
6004,780,785,1590838,16364,7392798,20046000
6005,780,861,1590058,16283,7393659,19959400
6006,814,838,1589244,16259,7394497,20003700
6007,775,822,1588469,16212,7395319,19550700
6008,751,774,1587718,16189,7396093,18831100
6009,746,861,1586972,16074,7396954,19856300
6010,758,842,1586214,15990,7397796,18540100
6011,736,759,1585478,15967,7398555,18678100
6012,743,822,1584735,15888,7399377,18774500
6013,713,755,1584022,15846,7400132,19038300
6014,753,781,1583269,15818,7400913,18800600
6015,778,786,1582491,15810,7401699,18722800
6016,749,772,1581742,15787,7402471,18670900
6017,785,776,1580957,15796,7403247,18607500
6018,779,776,1580178,15799,7404023,18689000
6019,757,788,1579421,15768,7404811,18864000
6020,840,819,1578581,15789,7405630,18775000
6021,802,789,1577779,15802,7406419,19085600
6022,816,790,1576963,15828,7407209,18744000
6023,799,791,1576164,15836,7408000,18745600
6024,773,765,1575391,15844,7408765,19106600
6025,812,792,1574579,15864,7409557,18752200
6026,842,811,1573737,15895,7410368,18660000
6027,786,787,1572951,15894,7411155,18702200
6028,767,761,1572184,15900,7411916,18967100
6029,783,739,1571401,15944,7412655,19093700
6030,778,798,1570623,15924,7413453,18883600
6031,780,766,1569843,15938,7414219,18657600
6032,820,757,1569023,16001,7414976,18698900
6033,840,832,1568183,16009,7415808,18984800
6034,758,775,1567425,15992,7416583,18693300
6035,809,790,1566616,16011,7417373,18964200
6036,806,800,1565810,16017,7418173,18759900
6037,772,825,1565038,15964,7418998,18927400
6038,745,810,1564293,15899,7419808,19190800
6039,817,811,1563476,15905,7420619,18967000
6040,816,784,1562660,15937,7421403,19334800
6041,802,750,1561858,15989,7422153,18541500
6042,774,790,1561084,15973,7422943,18912300
6043,802,840,1560282,15935,7423783,18605700
6044,829,798,1559453,15966,7424581,18681500
6045,803,829,1558650,15940,7425410,18777800
6046,777,837,1557873,15880,7426247,18415800
6047,816,815,1557057,15881,7427062,18788300
6048,788,821,1556269,15848,7427883,18661100
6049,806,770,1555463,15884,7428653,18528900
6050,801,798,1554662,15887,7429451,18928400
6051,757,786,1553905,15858,7430237,18622300
6052,821,772,1553084,15907,7431009,19172200
6053,796,816,1552288,15887,7431825,19061200
6054,790,797,1551498,15880,7432622,18715600
6055,774,744,1550724,15910,7433366,18761700
6056,824,827,1549900,15907,7434193,18832300
6057,832,761,1549068,15978,7434954,18646600
6058,767,735,1548301,16010,7435689,19657600
6059,798,745,1547503,16063,7436434,20338800
6060,825,800,1546678,16088,7437234,18810200
6061,813,816,1545865,16085,7438050,18614000
6062,805,784,1545060,16106,7438834,18875900
6063,818,798,1544242,16126,7439632,19606400
6064,733,775,1543509,16084,7440407,19357600
6065,743,750,1542766,16077,7441157,19175700
6066,801,804,1541965,16074,7441961,19123900
6067,732,839,1541233,15967,7442800,19684900
6068,781,835,1540452,15913,7443635,19327100
6069,759,784,1539693,15888,7444419,19179000
6070,750,798,1538943,15840,7445217,19163800
6071,805,783,1538138,15862,7446000,18958500
6072,802,806,1537336,15858,7446806,19672700
6073,775,803,1536561,15830,7447609,19187600
6074,809,831,1535752,15808,7448440,19458200
6075,812,849,1534940,15771,7449289,19964900
6076,856,757,1534084,15870,7450046,19367000
6077,770,804,1533314,15836,7450850,19609900
6078,799,784,1532515,15851,7451634,18393400
6079,780,805,1531735,15826,7452439,18209700
6080,743,793,1530992,15776,7453232,19057000
6081,725,769,1530267,15732,7454001,18770700
6082,791,807,1529476,15716,7454808,19776900
6083,811,848,1528665,15679,7455656,19053500
6084,835,769,1527830,15745,7456425,19473900
6085,820,798,1527010,15767,7457223,19066000
6086,785,773,1526225,15779,7457996,18968100
6087,833,836,1525392,15776,7458832,18677900
6088,820,800,1524572,15796,7459632,18607200
6089,766,791,1523806,15771,7460423,18643100
6090,774,833,1523032,15712,7461256,18742000
6091,745,834,1522287,15623,7462090,19107400
6092,820,787,1521467,15656,7462877,19267300
6093,797,734,1520670,15719,7463611,19048700
6094,813,766,1519857,15766,7464377,19178300
6095,766,789,1519091,15743,7465166,18659100
6096,768,817,1518323,15694,7465983,18616800
6097,784,840,1517539,15638,7466823,18724200
6098,769,795,1516770,15612,7467618,18574500
6099,790,748,1515980,15654,7468366,18812000
6100,766,795,1515214,15625,7469161,18642600
6101,819,735,1514395,15709,7469896,18610100
6102,788,804,1513607,15693,7470700,19363400
6103,746,826,1512861,15613,7471526,18806200
6104,764,828,1512097,15549,7472354,18635400
6105,774,808,1511323,15515,7473162,19173900
6106,781,740,1510542,15556,7473902,18838300
6107,789,788,1509753,15557,7474690,19070900
6108,791,779,1508962,15569,7475469,18790400
6109,797,774,1508165,15592,7476243,18723900
6110,788,768,1507377,15612,7477011,18868400
6111,754,775,1506623,15591,7477786,20431900
6112,823,818,1505800,15596,7478604,20055700
6113,813,837,1504987,15572,7479441,18642600
6114,801,766,1504186,15607,7480207,19006800
6115,787,757,1503399,15637,7480964,18608600
6116,754,811,1502645,15580,7481775,18669300
6117,790,770,1501855,15600,7482545,18652300
6118,798,780,1501057,15618,7483325,18608300
6119,777,790,1500280,15605,7484115,18971700
6120,785,765,1499495,15625,7484880,19102300
6121,822,807,1498673,15640,7485687,18632700
6122,767,758,1497906,15649,7486445,18923800
6123,772,788,1497134,15633,7487233,18785900
6124,787,811,1496347,15609,7488044,18861900
6125,800,781,1495547,15628,7488825,18904600
6126,744,798,1494803,15574,7489623,18821800
6127,756,769,1494047,15561,7490392,19318100
6128,783,761,1493264,15583,7491153,18686400
6129,780,787,1492484,15576,7491940,18836400
6130,786,821,1491698,15541,7492761,19105400
6131,742,799,1490956,15484,7493560,19450100
6132,781,796,1490175,15469,7494356,20935100
6133,760,748,1489415,15481,7495104,18874400
6134,834,809,1488581,15506,7495913,19115100
6135,809,772,1487772,15543,7496685,19477100
6136,794,801,1486978,15536,7497486,19188500
6137,764,748,1486214,15552,7498234,19492300
6138,765,787,1485449,15530,7499021,20258400
6139,764,727,1484685,15567,7499748,18970800
6140,759,794,1483926,15532,7500542,19016900
6141,778,774,1483148,15536,7501316,18856900
6142,783,713,1482365,15606,7502029,19242300
6143,816,771,1481549,15651,7502800,18815200
6144,773,804,1480776,15620,7503604,18526200
6145,824,777,1479952,15667,7504381,18544600
6146,826,736,1479126,15757,7505117,18629500
6147,818,860,1478308,15715,7505977,18616500
6148,787,792,1477521,15710,7506769,19213100
6149,798,802,1476723,15706,7507571,19773800
6150,820,773,1475903,15753,7508344,18608000
6151,779,752,1475124,15780,7509096,18544300
6152,855,811,1474269,15824,7509907,18871100
6153,823,796,1473446,15851,7510703,19256700
6154,813,746,1472633,15918,7511449,18767100
6155,834,848,1471799,15904,7512297,18742900
6156,808,794,1470991,15918,7513091,18573700
6157,809,777,1470182,15950,7513868,18631700
6158,810,851,1469372,15909,7514719,19126900
6159,803,772,1468569,15940,7515491,18781000
6160,818,721,1467751,16037,7516212,18755600
6161,832,799,1466919,16070,7517011,18834200
6162,835,802,1466084,16103,7517813,18787000
6163,849,780,1465235,16172,7518593,18963300
6164,809,824,1464426,16157,7519417,19853800
6165,846,745,1463580,16258,7520162,19656100
6166,767,828,1462813,16197,7520990,18781700
6167,839,793,1461974,16243,7521783,18617200
6168,865,838,1461109,16270,7522621,19000200
6169,809,835,1460300,16244,7523456,18789700
6170,791,851,1459509,16184,7524307,18999800
6171,832,791,1458677,16225,7525098,18637200
6172,872,767,1457805,16330,7525865,18645200
6173,793,814,1457012,16309,7526679,19052400
6174,788,783,1456224,16314,7527462,18823100
6175,788,855,1455436,16247,7528317,18652000
6176,858,807,1454578,16298,7529124,18665400
6177,854,821,1453724,16331,7529945,18746200
6178,831,810,1452893,16352,7530755,18627800
6179,851,863,1452042,16340,7531618,19227200
6180,789,821,1451253,16308,7532439,19108600
6181,819,862,1450434,16265,7533301,18948600
6182,757,826,1449677,16196,7534127,18813200
6183,781,794,1448896,16183,7534921,18718000
6184,809,744,1448087,16248,7535665,18637800
6185,778,819,1447309,16207,7536484,18733200
6186,763,791,1446546,16179,7537275,18690000
6187,785,785,1445761,16179,7538060,18727600
6188,803,837,1444958,16145,7538897,18887800
6189,777,772,1444181,16150,7539669,19188700
6190,752,837,1443429,16065,7540506,18627700
6191,770,805,1442659,16030,7541311,18884000
6192,798,750,1441861,16078,7542061,18710100
6193,787,778,1441074,16087,7542839,18680100
6194,803,798,1440271,16092,7543637,18630400
6195,792,858,1439479,16026,7544495,18774200
6196,816,800,1438663,16042,7545295,18632000
6197,777,800,1437886,16019,7546095,19071600
6198,774,765,1437112,16028,7546860,19555600
6199,787,819,1436325,15996,7547679,19422800
6200,779,834,1435546,15941,7548513,19155800
6201,804,790,1434742,15955,7549303,18998900
6202,748,779,1433994,15924,7550082,20069700
6203,766,859,1433228,15831,7550941,19427800
6204,768,779,1432460,15820,7551720,19540500
6205,814,776,1431646,15858,7552496,19387100
6206,776,815,1430870,15819,7553311,18877200
6207,812,794,1430058,15837,7554105,19188300
6208,811,791,1429247,15857,7554896,19060800
6209,757,780,1428490,15834,7555676,18844900
6210,773,789,1427717,15818,7556465,20542600
6211,797,761,1426920,15854,7557226,19819700
6212,730,791,1426190,15793,7558017,19524800
6213,778,827,1425412,15744,7558844,20136300
6214,742,833,1424670,15653,7559677,20105300
6215,738,794,1423932,15597,7560471,19919300
6216,769,771,1423163,15595,7561242,21114200
6217,739,779,1422424,15555,7562021,19687600
6218,769,801,1421655,15523,7562822,19923600
6219,755,769,1420900,15509,7563591,20635300
6220,801,767,1420099,15543,7564358,20388200
6221,789,766,1419310,15566,7565124,21193000
6222,771,821,1418539,15516,7565945,21485300
6223,810,730,1417729,15596,7566675,19317600
6224,720,763,1417009,15553,7567438,19185800
6225,730,768,1416279,15515,7568206,19194800
6226,742,794,1415537,15463,7569000,19501600
6227,750,802,1414787,15411,7569802,19384400
6228,712,784,1414075,15339,7570586,19656800
6229,747,753,1413328,15333,7571339,19564800
6230,777,834,1412551,15276,7572173,18932700
6231,707,748,1411844,15235,7572921,19561300
6232,761,759,1411083,15237,7573680,19423000
6233,771,765,1410312,15243,7574445,20295400
6234,741,758,1409571,15226,7575203,19760200
6235,763,744,1408808,15245,7575947,19998700
6236,739,777,1408069,15207,7576724,19474200
6237,759,783,1407310,15183,7577507,19878200
6238,771,742,1406539,15212,7578249,19947300
6239,758,771,1405781,15199,7579020,19501800
6240,753,811,1405028,15141,7579831,19528600
6241,722,781,1404306,15082,7580612,19261700
6242,720,748,1403586,15054,7581360,19329200
6243,776,769,1402810,15061,7582129,20086400
6244,757,718,1402053,15100,7582847,19159500
6245,769,775,1401284,15094,7583622,19503700
6246,753,799,1400531,15048,7584421,19097700
6247,775,764,1399756,15059,7585185,19762900
6248,724,753,1399032,15030,7585938,19450500
6249,745,762,1398287,15013,7586700,19326300
6250,758,779,1397529,14992,7587479,20130600
6251,790,724,1396739,15058,7588203,19244400
6252,713,731,1396026,15040,7588934,19215400
6253,794,707,1395232,15127,7589641,20385900
6254,742,687,1394490,15182,7590328,19957500
6255,753,806,1393737,15129,7591134,18980900
6256,719,774,1393018,15074,7591908,19087700
6257,770,757,1392248,15087,7592665,19410200
6258,747,779,1391501,15055,7593444,19639200
6259,740,773,1390761,15022,7594217,19453900
6260,757,725,1390004,15054,7594942,19663200
6261,733,714,1389271,15073,7595656,20189700
6262,734,721,1388537,15086,7596377,19599700
6263,737,717,1387800,15106,7597094,20062900
6264,746,772,1387054,15080,7597866,19753600
6265,740,724,1386314,15096,7598590,19323400
6266,728,800,1385586,15024,7599390,19348900
6267,772,741,1384814,15055,7600131,20068900
6268,742,751,1384072,15046,7600882,20599100
6269,737,726,1383335,15057,7601608,21007300
6270,712,754,1382623,15015,7602362,19682500
6271,739,769,1381884,14985,7603131,20112000
6272,724,762,1381160,14947,7603893,19941700
6273,678,769,1380482,14856,7604662,19913800
6274,749,727,1379733,14878,7605389,20227900
6275,708,725,1379025,14861,7606114,19661000
6276,770,744,1378255,14887,7606858,20296500
6277,647,707,1377608,14827,7607565,18545200
6278,744,737,1376864,14834,7608302,18386500
6279,720,718,1376144,14836,7609020,18500800
6280,704,752,1375440,14788,7609772,18723100
6281,711,730,1374729,14769,7610502,18614400
6282,758,749,1373971,14778,7611251,18777500
6283,729,782,1373242,14725,7612033,18600900
6284,729,698,1372513,14756,7612731,18760700
6285,692,755,1371821,14693,7613486,18852000
6286,739,720,1371082,14712,7614206,19568100
6287,714,715,1370368,14711,7614921,19226500
6288,703,769,1369665,14645,7615690,19493300
6289,718,697,1368947,14666,7616387,19238000
6290,747,755,1368200,14658,7617142,18586000
6291,723,682,1367477,14699,7617824,18779900
6292,694,758,1366783,14635,7618582,19044900
6293,727,715,1366056,14647,7619297,19113500
6294,733,726,1365323,14654,7620023,19316700
6295,703,726,1364620,14631,7620749,18738300
6296,773,685,1363847,14719,7621434,18552900
6297,751,749,1363096,14721,7622183,18654200
6298,725,783,1362371,14663,7622966,18534600
6299,775,759,1361596,14679,7623725,18674100
6300,745,760,1360851,14664,7624485,19065900
6301,751,685,1360100,14730,7625170,18854900
6302,730,792,1359370,14668,7625962,18737100
6303,724,767,1358646,14625,7626729,18994300
6304,695,746,1357951,14574,7627475,18610800
6305,735,731,1357216,14578,7628206,19016900
6306,700,734,1356516,14544,7628940,19152800
6307,727,662,1355789,14609,7629602,18682200
6308,728,733,1355061,14604,7630335,18672100
6309,719,717,1354342,14606,7631052,18704700
6310,694,723,1353648,14577,7631775,18715900
6311,742,687,1352906,14632,7632462,18648600
6312,717,744,1352189,14605,7633206,18814400
6313,735,692,1351454,14648,7633898,18584700
6314,745,687,1350709,14706,7634585,18609500
6315,763,759,1349946,14710,7635344,18506400
6316,709,763,1349237,14656,7636107,18952000
6317,729,724,1348508,14661,7636831,18823100
6318,746,698,1347762,14709,7637529,18856400
6319,709,742,1347053,14676,7638271,18672300
6320,727,718,1346326,14685,7638989,19676700
6321,693,754,1345633,14624,7639743,19401200
6322,759,742,1344874,14641,7640485,18594800
6323,726,715,1344148,14652,7641200,18887600
6324,727,725,1343421,14654,7641925,18590000
6325,724,741,1342697,14637,7642666,18723600
6326,726,732,1341971,14631,7643398,18708700
6327,790,729,1341181,14692,7644127,19090500
6328,785,694,1340396,14783,7644821,19776500
6329,729,727,1339667,14785,7645548,21167300
6330,728,742,1338939,14771,7646290,21286300
6331,744,727,1338195,14788,7647017,23305400
6332,779,723,1337416,14844,7647740,21950900
6333,800,792,1336616,14852,7648532,21131700
6334,770,754,1335846,14868,7649286,19264900
6335,761,758,1335085,14871,7650044,19358900
6336,740,688,1334345,14923,7650732,23547800
6337,773,741,1333572,14955,7651473,21717200
6338,754,778,1332818,14931,7652251,20512200
6339,782,708,1332036,15005,7652959,21252800
6340,759,760,1331277,15004,7653719,21326500
6341,784,752,1330493,15036,7654471,23044900
6342,779,765,1329714,15050,7655236,22662600
6343,820,715,1328894,15155,7655951,22620700
6344,768,764,1328126,15159,7656715,19846000
6345,785,763,1327341,15181,7657478,23429300
6346,748,767,1326593,15162,7658245,21987900
6347,794,690,1325799,15266,7658935,20055100
6348,748,772,1325051,15242,7659707,19428300
6349,752,774,1324299,15220,7660481,19737700
6350,770,777,1323529,15213,7661258,19735900
6351,776,722,1322753,15267,7661980,20263900
6352,725,789,1322028,15203,7662769,19430300
6353,744,745,1321284,15202,7663514,19656000
6354,743,738,1320541,15207,7664252,21568600
6355,743,788,1319798,15162,7665040,19771300
6356,711,754,1319087,15119,7665794,19264000
6357,743,762,1318344,15100,7666556,20129100
6358,727,788,1317617,15039,7667344,19269500
6359,725,714,1316892,15050,7668058,19028900
6360,713,769,1316179,14994,7668827,18702500
6361,723,755,1315456,14962,7669582,18498800
6362,716,787,1314740,14891,7670369,18606700
6363,704,677,1314036,14918,7671046,18562700
6364,681,747,1313355,14852,7671793,18697500
6365,692,714,1312663,14830,7672507,18777400
6366,681,743,1311982,14768,7673250,18577500
6367,673,762,1311309,14679,7674012,19200600
6368,691,715,1310618,14655,7674727,18706500
6369,673,696,1309945,14632,7675423,18676800
6370,669,731,1309276,14570,7676154,19254600
6371,679,701,1308597,14548,7676855,19622500
6372,700,688,1307897,14560,7677543,18643600
6373,710,728,1307187,14542,7678271,18825200
6374,669,750,1306518,14461,7679021,19020400
6375,706,759,1305812,14408,7679780,19626500
6376,667,769,1305145,14306,7680549,19066700
6377,700,736,1304445,14270,7681285,18712100
6378,685,699,1303760,14256,7681984,19064500
6379,669,733,1303091,14192,7682717,18633600
6380,711,771,1302380,14132,7683488,18649400
6381,662,711,1301718,14083,7684199,18618600
6382,668,688,1301050,14063,7684887,18763700
6383,692,700,1300358,14055,7685587,18828000
6384,693,665,1299665,14083,7686252,19338100
6385,685,693,1298980,14075,7686945,18781400
6386,682,699,1298298,14058,7687644,18725900
6387,689,726,1297609,14021,7688370,19577700
6388,714,708,1296895,14027,7689078,19594700
6389,700,697,1296195,14030,7689775,20166900
6390,699,701,1295496,14028,7690476,19562300
6391,705,728,1294791,14005,7691204,19125800
6392,689,666,1294102,14028,7691870,18534100
6393,698,703,1293404,14023,7692573,18578600
6394,682,670,1292722,14035,7693243,18740300
6395,723,706,1291999,14052,7693949,18762000
6396,732,711,1291267,14073,7694660,18633200
6397,702,668,1290565,14107,7695328,18935300
6398,679,696,1289886,14090,7696024,19724600
6399,684,762,1289202,14012,7696786,20128700
6400,661,728,1288541,13945,7697514,19852100
6401,672,684,1287869,13933,7698198,19215000
6402,668,662,1287201,13939,7698860,19099400
6403,750,696,1286451,13993,7699556,18989700
6404,723,702,1285728,14014,7700258,19195900
6405,705,680,1285023,14039,7700938,20168500
6406,694,661,1284329,14072,7701599,19461700
6407,720,668,1283609,14124,7702267,19948000
6408,736,761,1282873,14099,7703028,20160100
6409,720,748,1282153,14071,7703776,19582700
6410,735,667,1281418,14139,7704443,18844700
6411,703,716,1280715,14126,7705159,18841400
6412,680,741,1280035,14065,7705900,18558000
6413,692,713,1279343,14044,7706613,18712600
6414,738,739,1278605,14043,7707352,18837300
6415,735,726,1277870,14052,7708078,19019100
6416,703,719,1277167,14036,7708797,18550600
6417,676,682,1276491,14030,7709479,18480100
6418,716,740,1275775,14006,7710219,18526100
6419,737,721,1275038,14022,7710940,18742900
6420,690,669,1274348,14043,7711609,19076600
6421,754,712,1273594,14085,7712321,18814100
6422,692,726,1272902,14051,7713047,18939700
6423,648,724,1272254,13975,7713771,19283900
6424,736,699,1271518,14012,7714470,18911900
6425,716,704,1270802,14024,7715174,18561000
6426,754,724,1270048,14054,7715898,18642800
6427,712,668,1269336,14098,7716566,18496000
6428,688,695,1268648,14091,7717261,18639000
6429,712,705,1267936,14098,7717966,19285400
6430,686,735,1267250,14049,7718701,18632500
6431,654,705,1266596,13998,7719406,18720000
6432,734,708,1265862,14024,7720114,18883100
6433,683,721,1265179,13986,7720835,18454500
6434,720,709,1264459,13997,7721544,18595600
6435,729,666,1263730,14060,7722210,18675700
6436,714,752,1263016,14022,7722962,19251200
6437,703,682,1262313,14043,7723644,18734400
6438,739,707,1261574,14075,7724351,19200600
6439,674,718,1260900,14031,7725069,18908400
6440,708,675,1260192,14064,7725744,19684900
6441,707,703,1259485,14068,7726447,19401900
6442,713,715,1258772,14066,7727162,19104400
6443,701,694,1258071,14073,7727856,19483300
6444,698,704,1257373,14067,7728560,18663300
6445,721,695,1256652,14093,7729255,18782700
6446,665,691,1255987,14067,7729946,18870500
6447,693,672,1255294,14088,7730618,19493000
6448,720,700,1254574,14108,7731318,18711800
6449,756,689,1253818,14175,7732007,18802000
6450,721,719,1253097,14177,7732726,18698300
6451,727,697,1252370,14207,7733423,18942200
6452,730,683,1251640,14254,7734106,18753900
6453,742,704,1250898,14292,7734810,18538900
6454,719,711,1250179,14300,7735521,18604300
6455,701,679,1249478,14322,7736200,18619500
6456,703,698,1248775,14327,7736898,18554800
6457,697,750,1248078,14274,7737648,18717600
6458,691,714,1247387,14251,7738362,18898600
6459,700,701,1246687,14250,7739063,18777900
6460,704,699,1245983,14255,7739762,18689700
6461,710,699,1245273,14266,7740461,18876700
6462,703,738,1244570,14231,7741199,19569500
6463,676,741,1243894,14166,7741940,18686500
6464,671,727,1243223,14110,7742667,18954800
6465,713,703,1242510,14120,7743370,19188100
6466,686,711,1241824,14095,7744081,19764400
6467,659,744,1241165,14010,7744825,19922800
6468,655,729,1240510,13936,7745554,19603300
6469,696,709,1239814,13923,7746263,19383400
6470,692,671,1239122,13944,7746934,19910800
6471,698,660,1238424,13982,7747594,19655600
6472,645,738,1237779,13889,7748332,19032700
6473,730,690,1237049,13929,7749022,18942900
6474,675,700,1236374,13904,7749722,19116000
6475,661,671,1235713,13894,7750393,19379100
6476,703,724,1235010,13873,7751117,19516000
6477,650,666,1234360,13857,7751783,19784600
6478,659,696,1233701,13820,7752479,19226300
6479,686,688,1233015,13818,7753167,18455800
6480,671,671,1232344,13818,7753838,18562900
6481,667,685,1231677,13800,7754523,18600800
6482,692,633,1230985,13859,7755156,18691100
6483,705,679,1230280,13885,7755835,18581300
6484,681,714,1229599,13852,7756549,19065300
6485,627,689,1228972,13790,7757238,18712100
6486,674,692,1228298,13772,7757930,18917400
6487,703,664,1227595,13811,7758594,18505100
6488,662,658,1226933,13815,7759252,18767100
6489,719,728,1226214,13806,7759980,18751000
6490,624,693,1225590,13737,7760673,18723900
6491,655,706,1224935,13686,7761379,18805800
6492,662,722,1224273,13626,7762101,19263500
6493,689,683,1223584,13632,7762784,19346000
6494,727,638,1222857,13721,7763422,19525100
6495,709,670,1222148,13760,7764092,19665400
6496,707,676,1221441,13791,7764768,18935900
6497,657,702,1220784,13746,7765470,18507100
6498,678,709,1220106,13715,7766179,18664900
6499,716,688,1219390,13743,7766867,18877900
6500,675,668,1218715,13750,7767535,19088700
6501,631,665,1218084,13716,7768200,18847800
6502,676,736,1217408,13656,7768936,18993200
6503,729,669,1216679,13716,7769605,19254300
6504,648,714,1216031,13650,7770319,18683800
6505,630,667,1215401,13613,7770986,18765400
6506,673,664,1214728,13622,7771650,18554700
6507,654,666,1214074,13610,7772316,18786400
6508,643,698,1213431,13555,7773014,18867100
6509,665,678,1212766,13542,7773692,18674700
6510,675,640,1212091,13577,7774332,18646400
6511,686,693,1211405,13570,7775025,18712300
6512,663,698,1210742,13535,7775723,19153200
6513,644,700,1210098,13479,7776423,18572300
6514,636,704,1209462,13411,7777127,18907900
6515,630,648,1208832,13393,7777775,18724300
6516,659,643,1208173,13409,7778418,18662000
6517,635,594,1207538,13450,7779012,18636500
6518,674,640,1206864,13484,7779652,19221800
6519,698,686,1206166,13496,7780338,18769300
6520,673,689,1205493,13480,7781027,18606400
6521,692,649,1204801,13523,7781676,18998400
6522,683,665,1204118,13541,7782341,18729900
6523,699,678,1203419,13562,7783019,18763300
6524,648,700,1202771,13510,7783719,18756500
6525,646,675,1202125,13481,7784394,18727900
6526,643,700,1201482,13424,7785094,18684800
6527,608,694,1200874,13338,7785788,18901900
6528,625,656,1200249,13307,7786444,18931100
6529,620,634,1199629,13293,7787078,18764700
6530,692,668,1198937,13317,7787746,19590600
6531,704,690,1198233,13331,7788436,18668700
6532,633,685,1197600,13279,7789121,19549400
6533,662,648,1196938,13293,7789769,19688000
6534,647,677,1196291,13263,7790446,19048700
6535,669,669,1195622,13263,7791115,19065300
6536,648,687,1194974,13224,7791802,19355200
6537,686,658,1194288,13252,7792460,20468800
6538,685,697,1193603,13240,7793157,19627600
6539,689,636,1192914,13293,7793793,19157100
6540,700,644,1192214,13349,7794437,19268300
6541,703,657,1191511,13395,7795094,19910900
6542,667,650,1190844,13412,7795744,19278500
6543,665,691,1190179,13386,7796435,18991800
6544,704,704,1189475,13386,7797139,19110300
6545,711,676,1188764,13421,7797815,19180200
6546,649,648,1188115,13422,7798463,18161100
6547,705,690,1187410,13437,7799153,18550100
6548,683,627,1186727,13493,7799780,18915200
6549,673,703,1186054,13463,7800483,18599200
6550,672,716,1185382,13419,7801199,18622600
6551,663,680,1184719,13402,7801879,18533200
6552,658,688,1184061,13372,7802567,18677300
6553,662,593,1183399,13441,7803160,18416500
6554,656,692,1182743,13405,7803852,18820900
6555,702,688,1182041,13419,7804540,18876600
6556,657,637,1181384,13439,7805177,18801900
6557,675,703,1180709,13411,7805880,18704100
6558,624,699,1180085,13336,7806579,18689900
6559,655,689,1179430,13302,7807268,18550400
6560,671,635,1178759,13338,7807903,18584200
6561,624,693,1178135,13269,7808596,18624900
6562,660,675,1177475,13254,7809271,18604400
6563,696,670,1176779,13280,7809941,18709500
6564,692,639,1176087,13333,7810580,18584500
6565,681,690,1175406,13324,7811270,18633300
6566,654,671,1174752,13307,7811941,18533300
6567,641,648,1174111,13300,7812589,18629000
6568,705,690,1173406,13315,7813279,18587200
6569,600,667,1172806,13248,7813946,18684100
6570,689,663,1172117,13274,7814609,19253700
6571,660,633,1171457,13301,7815242,19211700
6572,675,635,1170782,13341,7815877,18636900
6573,671,659,1170111,13353,7816536,18570800
6574,665,666,1169446,13352,7817202,18603200
6575,681,686,1168765,13347,7817888,18550700
6576,672,706,1168093,13313,7818594,18513000
6577,674,647,1167419,13340,7819241,18994100
6578,655,651,1166764,13344,7819892,18486500
6579,710,674,1166054,13380,7820566,18606300
6580,646,701,1165408,13325,7821267,19208600
6581,670,682,1164738,13313,7821949,18560400
6582,685,660,1164053,13338,7822609,18803000
6583,653,713,1163400,13278,7823322,19636600
6584,620,677,1162780,13221,7823999,19266100
6585,684,673,1162096,13232,7824672,18603700
6586,738,631,1161358,13339,7825303,18479500
6587,656,701,1160702,13294,7826004,18511400
6588,694,718,1160008,13270,7826722,18607400
6589,663,679,1159345,13254,7827401,18588600
6590,653,662,1158692,13245,7828063,18687900
6591,650,650,1158042,13245,7828713,18552400
6592,689,646,1157353,13288,7829359,18485700
6593,645,650,1156708,13283,7830009,18743300
6594,665,702,1156043,13246,7830711,18649500
6595,673,668,1155370,13251,7831379,18517400
6596,677,676,1154693,13252,7832055,18477600
6597,694,639,1153999,13307,7832694,18693400
6598,659,658,1153340,13308,7833352,19620900
6599,658,647,1152682,13319,7833999,19081800
6600,687,660,1151995,13346,7834659,19287600
6601,626,630,1151369,13342,7835289,19393700
6602,678,664,1150691,13356,7835953,19140000
6603,625,665,1150066,13316,7836618,19113400
6604,674,689,1149392,13301,7837307,19458300
6605,634,675,1148758,13260,7837982,19349000
6606,642,687,1148116,13215,7838669,19482000
6607,701,663,1147415,13253,7839332,19081400
6608,664,646,1146751,13271,7839978,19715600
6609,642,640,1146109,13273,7840618,19255400
6610,671,658,1145438,13286,7841276,20493600
6611,674,664,1144764,13296,7841940,19564000
6612,661,658,1144103,13299,7842598,19633500
6613,669,639,1143434,13329,7843237,18608500
6614,643,646,1142791,13326,7843883,18587100
6615,691,721,1142100,13296,7844604,18578500
6616,660,658,1141440,13298,7845262,18689200
6617,688,693,1140752,13293,7845955,19200100
6618,686,647,1140066,13332,7846602,18673000
6619,688,689,1139378,13331,7847291,18950700
6620,702,634,1138676,13399,7847925,18899000
6621,653,599,1138023,13453,7848524,18841300
6622,644,658,1137379,13439,7849182,18898000
6623,696,660,1136683,13475,7849842,18948700
6624,668,716,1136015,13427,7850558,19123000
6625,709,670,1135306,13466,7851228,18542200
6626,660,670,1134646,13456,7851898,18625800
6627,641,671,1134005,13426,7852569,18550500
6628,670,708,1133335,13388,7853277,18563200
6629,680,695,1132655,13373,7853972,19206400
6630,703,642,1131952,13434,7854614,18645700
6631,659,663,1131293,13430,7855277,18733200
6632,625,677,1130668,13378,7855954,18662900
6633,654,671,1130014,13361,7856625,18821500
6634,684,629,1129330,13416,7857254,19370900
6635,662,642,1128668,13436,7857896,19566000
6636,654,658,1128014,13432,7858554,20283600
6637,702,652,1127312,13482,7859206,18563400
6638,660,694,1126652,13448,7859900,18414700
6639,617,656,1126035,13409,7860556,18592500
6640,677,667,1125358,13419,7861223,18715800
6641,664,662,1124694,13421,7861885,18693500
6642,681,619,1124013,13483,7862504,18561200
6643,668,674,1123345,13477,7863178,18530500
6644,688,700,1122657,13465,7863878,18553100
6645,687,687,1121970,13465,7864565,18846400
6646,675,679,1121295,13461,7865244,19070500
6647,693,585,1120602,13569,7865829,19150300
6648,696,696,1119906,13569,7866525,18508800
6649,679,677,1119227,13571,7867202,18588900
6650,676,673,1118551,13574,7867875,18657100
6651,690,670,1117861,13594,7868545,18859800
6652,679,637,1117182,13636,7869182,18719900
6653,667,671,1116515,13632,7869853,18591600
6654,652,724,1115863,13560,7870577,18490200
6655,724,679,1115139,13605,7871256,18789500
6656,715,687,1114424,13633,7871943,18566000
6657,698,672,1113726,13659,7872615,19183800
6658,671,676,1113055,13654,7873291,18696800
6659,697,647,1112358,13704,7873938,18859300
6660,682,718,1111676,13668,7874656,18687000
6661,667,627,1111009,13708,7875283,18609400
6662,690,676,1110319,13722,7875959,19216300
6663,695,704,1109624,13713,7876663,19211600
6664,696,712,1108928,13697,7877375,18998400
6665,707,718,1108221,13686,7878093,18893900
6666,615,690,1107606,13611,7878783,19625100
6667,635,648,1106971,13598,7879431,19402300
6668,677,671,1106294,13604,7880102,19562600
6669,657,642,1105637,13619,7880744,19509100
6670,646,716,1104991,13549,7881460,19672600
6671,691,676,1104300,13564,7882136,19036600
6672,713,664,1103587,13613,7882800,19340900
6673,683,691,1102904,13605,7883491,19026100
6674,639,675,1102265,13569,7884166,19156700
6675,666,639,1101599,13596,7884805,19186100
6676,642,694,1100957,13544,7885499,19434600
6677,689,689,1100268,13544,7886188,19614000
6678,608,646,1099660,13506,7886834,19310000
6679,659,660,1099001,13505,7887494,19762000
6680,688,736,1098313,13457,7888230,18819000
6681,659,665,1097654,13451,7888895,18626600
6682,670,660,1096984,13461,7889555,18691200
6683,656,684,1096328,13433,7890239,18782400
6684,679,646,1095649,13466,7890885,18788700
6685,659,675,1094990,13450,7891560,18333900
6686,679,674,1094311,13455,7892234,18258200
6687,634,694,1093677,13395,7892928,18274300
6688,703,683,1092974,13415,7893611,18986400
6689,660,598,1092314,13477,7894209,19582100
6690,656,681,1091658,13452,7894890,18946100
6691,726,671,1090932,13507,7895561,18608400
6692,636,680,1090296,13463,7896241,18662000
6693,732,700,1089564,13495,7896941,18689200
6694,709,667,1088855,13537,7897608,19243500
6695,608,654,1088247,13491,7898262,18748400
6696,670,718,1087577,13443,7898980,19153500
6697,653,679,1086924,13417,7899659,18606900
6698,665,662,1086259,13420,7900321,19005800
6699,626,687,1085633,13359,7901008,18671100
6700,652,684,1084981,13327,7901692,18644300
6701,648,622,1084333,13353,7902314,18594100
6702,649,684,1083684,13318,7902998,18614000
6703,625,683,1083059,13260,7903681,19233500
6704,652,645,1082407,13267,7904326,18998800
6705,615,715,1081792,13167,7905041,18808000
6706,667,642,1081125,13192,7905683,18565700
6707,647,655,1080478,13184,7906338,18642600
6708,642,673,1079836,13153,7907011,18847200
6709,616,661,1079220,13108,7907672,18610200
6710,651,634,1078569,13125,7908306,19008400
6711,650,627,1077919,13148,7908933,18517100
6712,635,683,1077284,13100,7909616,18632400
6713,668,649,1076616,13119,7910265,18595100
6714,627,653,1075989,13093,7910918,18685600
6715,642,648,1075347,13087,7911566,19464700
6716,644,678,1074703,13053,7912244,19760100
6717,611,650,1074092,13014,7912894,18574800
6718,652,622,1073440,13044,7913516,18814700
6719,590,656,1072850,12978,7914172,18977300
6720,616,625,1072234,12969,7914797,18634900
6721,630,624,1071604,12975,7915421,18626400
6722,592,686,1071012,12881,7916107,18634300
6723,656,666,1070356,12871,7916773,18614900
6724,644,629,1069712,12886,7917402,19299900
6725,605,645,1069107,12846,7918047,18713200
6726,614,675,1068493,12785,7918722,18970100
6727,658,658,1067835,12785,7919380,18733100
6728,586,589,1067249,12782,7919969,18914800
6729,594,634,1066655,12742,7920603,18818300
6730,596,597,1066059,12741,7921200,18879300
6731,628,640,1065431,12729,7921840,18824100
6732,634,656,1064797,12707,7922496,18714200
6733,625,627,1064172,12705,7923123,19075400
6734,612,676,1063560,12641,7923799,19852300
6735,642,644,1062918,12639,7924443,19566400
6736,668,629,1062250,12678,7925072,18994400
6737,592,631,1061658,12639,7925703,18940900
6738,567,655,1061091,12551,7926358,19454600
6739,626,629,1060465,12548,7926987,19552000
6740,634,579,1059831,12603,7927566,19700000
6741,649,637,1059182,12615,7928203,19875600
6742,631,626,1058551,12620,7928829,20505200
6743,621,630,1057930,12611,7929459,19976600
6744,636,653,1057294,12594,7930112,19482500
6745,648,599,1056646,12643,7930711,19097100
6746,614,594,1056032,12663,7931305,19480400
6747,622,611,1055410,12674,7931916,19861700
6748,608,613,1054802,12669,7932529,19696300
6749,637,600,1054165,12706,7933129,19402000
6750,658,571,1053507,12793,7933700,20002000
6751,665,652,1052842,12806,7934352,18748300
6752,635,634,1052207,12807,7934986,18563100
6753,633,664,1051574,12776,7935650,18744700
6754,627,642,1050947,12761,7936292,19040200
6755,603,633,1050344,12731,7936925,18558100
6756,633,584,1049711,12780,7937509,18601700
6757,630,659,1049081,12751,7938168,18739300
6758,621,667,1048460,12705,7938835,19082800
6759,645,654,1047815,12696,7939489,18607500
6760,646,618,1047169,12724,7940107,19087100
6761,617,654,1046552,12687,7940761,18799300
6762,640,656,1045912,12671,7941417,18530600
6763,675,609,1045237,12737,7942026,18606900
6764,664,656,1044573,12745,7942682,18651600
6765,635,661,1043938,12719,7943343,18593100
6766,626,629,1043312,12716,7943972,18497700
6767,620,646,1042692,12690,7944618,18548400
6768,651,653,1042041,12688,7945271,18547100
6769,629,569,1041412,12748,7945840,19526100
6770,642,630,1040770,12760,7946470,18540800
6771,656,620,1040114,12796,7947090,18740200
6772,662,621,1039452,12837,7947711,18636800
6773,631,671,1038821,12797,7948382,18781300
6774,628,664,1038193,12761,7949046,18590200
6775,626,614,1037567,12773,7949660,18573400
6776,640,680,1036927,12733,7950340,18610700
6777,636,650,1036291,12719,7950990,18616400
6778,613,669,1035678,12663,7951659,18632300
6779,665,634,1035013,12694,7952293,18650100
6780,626,602,1034387,12718,7952895,19118700
6781,625,646,1033762,12697,7953541,18559800
6782,652,604,1033110,12745,7954145,18734100
6783,683,653,1032427,12775,7954798,18660600
6784,609,637,1031818,12747,7955435,18717100
6785,607,625,1031211,12729,7956060,18609000
6786,583,666,1030628,12646,7956726,18987100
6787,630,660,1029998,12616,7957386,18653600
6788,620,649,1029378,12587,7958035,18902700
6789,644,634,1028734,12597,7958669,19193100
6790,618,580,1028116,12635,7959249,18847700
6791,653,579,1027463,12709,7959828,18591000
6792,619,620,1026844,12708,7960448,18621800
6793,626,607,1026218,12727,7961055,18908300
6794,635,631,1025583,12731,7961686,19857500
6795,618,669,1024965,12680,7962355,20533800
6796,621,646,1024344,12655,7963001,18951700
6797,612,647,1023732,12620,7963648,18612800
6798,629,636,1023103,12613,7964284,19042200
6799,652,644,1022451,12621,7964928,18728800
6800,584,643,1021867,12562,7965571,19068400
6801,588,673,1021279,12477,7966244,19016100
6802,599,642,1020680,12434,7966886,19548700
6803,658,612,1020022,12480,7967498,19215000
6804,626,628,1019396,12478,7968126,19101000
6805,597,642,1018799,12433,7968768,19381500
6806,645,607,1018154,12471,7969375,19161300
6807,619,643,1017535,12447,7970018,19021100
6808,641,623,1016894,12465,7970641,19455700
6809,628,594,1016266,12499,7971235,19646600
6810,642,622,1015624,12519,7971857,18988800
6811,632,643,1014992,12508,7972500,19243700
6812,659,629,1014333,12538,7973129,20256600
6813,641,651,1013692,12528,7973780,19175900
6814,625,640,1013067,12513,7974420,18953000
6815,607,664,1012460,12456,7975084,19335800
6816,606,655,1011854,12407,7975739,18603000
6817,634,663,1011220,12378,7976402,18604800
6818,628,599,1010592,12407,7977001,18658600
6819,653,641,1009939,12419,7977642,18732800
6820,626,634,1009313,12411,7978276,18888100
6821,649,608,1008664,12452,7978884,18776000
6822,619,623,1008045,12448,7979507,18732800
6823,580,651,1007465,12377,7980158,18618500
6824,609,610,1006856,12376,7980768,18594700
6825,645,598,1006211,12423,7981366,18568300
6826,614,613,1005597,12424,7981979,18645000
6827,632,604,1004965,12452,7982583,18629100
6828,632,599,1004333,12485,7983182,18644100
6829,613,599,1003720,12499,7983781,18747100
6830,625,638,1003095,12486,7984419,18620900
6831,614,587,1002481,12513,7985006,18679600
6832,603,625,1001878,12491,7985631,18653400
6833,640,576,1001238,12555,7986207,18587800
6834,668,631,1000570,12592,7986838,19355800
6835,664,629,999906,12627,7987467,18735000
6836,647,603,999259,12671,7988070,18553400
6837,651,647,998608,12675,7988717,18556200
6838,633,661,997975,12647,7989378,18698300
6839,616,650,997359,12613,7990028,19118400
6840,647,621,996712,12639,7990649,18609100
6841,668,644,996044,12663,7991293,18908900
6842,640,641,995404,12662,7991934,18979200
6843,638,616,994766,12684,7992550,18665800
6844,676,614,994090,12746,7993164,18585000
6845,656,627,993434,12775,7993791,18663700
6846,627,657,992807,12745,7994448,18721300
6847,673,639,992134,12779,7995087,18905600
6848,608,640,991526,12747,7995727,19806600
6849,661,596,990865,12812,7996323,19552500
6850,642,618,990223,12836,7996941,18832900
6851,651,613,989572,12874,7997554,18763100
6852,605,666,988967,12813,7998220,18814900
6853,615,655,988352,12773,7998875,19329100
6854,653,638,987699,12788,7999513,18610000
6855,629,643,987070,12774,8000156,18526800
6856,648,629,986422,12793,8000785,18680600
6857,642,667,985780,12768,8001452,18751200
6858,629,612,985151,12785,8002064,18774300
6859,649,673,984502,12761,8002737,18611200
6860,604,632,983898,12733,8003369,18765000
6861,659,618,983239,12774,8003987,18834000
6862,617,672,982622,12719,8004659,18622400
6863,625,623,981997,12721,8005282,18574500
6864,670,613,981327,12778,8005895,18699700
6865,679,658,980648,12799,8006553,19844100
6866,616,635,980032,12780,8007188,18611400
6867,639,619,979393,12800,8007807,18641400
6868,607,630,978786,12777,8008437,18790900
6869,650,623,978136,12804,8009060,19513400
6870,649,651,977487,12802,8009711,19447000
6871,638,685,976849,12755,8010396,19229500
6872,604,599,976245,12760,8010995,19671400
6873,608,618,975637,12750,8011613,20175800
6874,602,617,975035,12735,8012230,20763000
6875,659,658,974376,12736,8012888,19531000
6876,640,599,973736,12777,8013487,18960400
6877,665,628,973071,12814,8014115,19589100
6878,623,638,972448,12799,8014753,18987400
6879,632,643,971816,12788,8015396,19143400
6880,625,655,971191,12758,8016051,19523500
6881,634,659,970557,12733,8016710,19554300
6882,610,655,969947,12688,8017365,19508800
6883,572,641,969375,12619,8018006,19258300
6884,642,647,968733,12614,8018653,18856600
6885,595,634,968138,12575,8019287,18671600
6886,612,626,967526,12561,8019913,19039200
6887,574,583,966952,12552,8020496,18663100
6888,605,613,966347,12544,8021109,19099700
6889,601,626,965746,12519,8021735,18543900
6890,564,632,965182,12451,8022367,18827800
6891,563,588,964619,12426,8022955,18662400
6892,571,656,964048,12341,8023611,18755600
6893,583,622,963465,12302,8024233,18615100
6894,642,601,962823,12343,8024834,19351800
6895,612,556,962211,12399,8025390,18607200
6896,612,605,961599,12406,8025995,18657700
6897,592,595,961007,12403,8026590,18702700
6898,630,639,960377,12394,8027229,18751200
6899,605,623,959772,12376,8027852,18637700
6900,609,602,959163,12383,8028454,19131700
6901,607,635,958556,12355,8029089,19632600
6902,603,593,957953,12365,8029682,18901200
6903,560,579,957393,12346,8030261,18615200
6904,613,632,956780,12327,8030893,18718500
6905,567,643,956213,12251,8031536,18590400
6906,585,605,955628,12231,8032141,18688700
6907,619,599,955009,12251,8032740,18889200
6908,620,613,954389,12258,8033353,18660500
6909,646,604,953743,12300,8033957,18725600
6910,587,618,953156,12269,8034575,18532400
6911,596,603,952560,12262,8035178,18732800
6912,611,574,951949,12299,8035752,18809100
6913,605,615,951344,12289,8036367,18628800
6914,613,616,950731,12286,8036983,19423600
6915,587,651,950144,12222,8037634,18735800
6916,632,588,949512,12266,8038222,18577900
6917,630,578,948882,12318,8038800,18636700
6918,649,596,948233,12371,8039396,18748900
6919,620,607,947613,12384,8040003,18713100
6920,572,655,947041,12301,8040658,18605600
6921,575,598,946466,12278,8041256,18637500
6922,606,602,945860,12282,8041858,18719500
6923,584,661,945276,12205,8042519,18787700
6924,611,576,944665,12240,8043095,18711000
6925,595,612,944070,12223,8043707,18623300
6926,593,595,943477,12221,8044302,18573500
6927,584,601,942893,12204,8044903,18964200
6928,608,596,942285,12216,8045499,18657600
6929,570,622,941715,12164,8046121,18981400
6930,621,625,941094,12160,8046746,18656300
6931,612,627,940482,12145,8047373,18842600
6932,551,603,939931,12093,8047976,18721200
6933,578,611,939353,12060,8048587,18690100
6934,562,598,938791,12024,8049185,18720700
6935,572,647,938219,11949,8049832,18793600
6936,564,570,937655,11943,8050402,18839300
6937,587,619,937068,11911,8051021,18923700
6938,578,542,936490,11947,8051563,19097200
6939,571,596,935919,11922,8052159,19539900
6940,582,548,935337,11956,8052707,19329400
6941,574,615,934763,11915,8053322,18931600
6942,597,549,934166,11963,8053871,19068800
6943,591,643,933575,11911,8054514,19978400
6944,606,600,932969,11917,8055114,19102400
6945,628,578,932341,11967,8055692,19898500
6946,565,614,931776,11918,8056306,19165800
6947,576,583,931200,11911,8056889,19510400
6948,593,586,930607,11918,8057475,19166300
6949,582,572,930025,11928,8058047,18705000
6950,556,594,929469,11890,8058641,18652600
6951,602,606,928867,11886,8059247,20422900
6952,567,585,928300,11868,8059832,20061700
6953,573,604,927727,11837,8060436,19790500
6954,534,585,927193,11786,8061021,19845000
6955,584,593,926609,11777,8061614,20160300
6956,598,592,926011,11783,8062206,19812500
6957,564,606,925447,11741,8062812,19583000
6958,540,568,924907,11713,8063380,19392600
6959,576,616,924331,11673,8063996,19485200
6960,587,564,923744,11696,8064560,19068800
6961,537,578,923207,11655,8065138,19286500
6962,575,540,922632,11690,8065678,19117700
6963,574,550,922058,11714,8066228,19302800
6964,568,571,921490,11711,8066799,19321400
6965,512,580,920978,11643,8067379,19003300
6966,590,633,920388,11600,8068012,19830200
6967,540,580,919848,11560,8068592,19953000
6968,547,591,919301,11516,8069183,19606700
6969,530,539,918771,11507,8069722,19472400
6970,574,574,918197,11507,8070296,19005800
6971,623,532,917574,11598,8070828,19492000
6972,550,556,917024,11592,8071384,19661700
6973,584,575,916440,11601,8071959,19972600
6974,612,567,915828,11646,8072526,19335700
6975,642,558,915186,11730,8073084,19522000
6976,634,577,914552,11787,8073661,19600200
6977,576,605,913976,11758,8074266,20414300
6978,619,649,913357,11728,8074915,19346500
6979,622,572,912735,11778,8075487,19489300
6980,597,568,912138,11807,8076055,19798800
6981,623,597,911515,11833,8076652,19640200
6982,576,578,910939,11831,8077230,19426200
6983,604,589,910335,11846,8077819,19543000
6984,603,629,909732,11820,8078448,19427000
6985,588,517,909144,11891,8078965,19532800
6986,637,561,908507,11967,8079526,19765400
6987,638,601,907869,12004,8080127,20122300
6988,633,620,907236,12017,8080747,19421000
6989,599,598,906637,12018,8081345,19864000
6990,619,562,906018,12075,8081907,19823800
6991,607,632,905411,12050,8082539,19546400
6992,558,586,904853,12022,8083125,19411800
6993,574,587,904279,12009,8083712,20330900
6994,617,535,903662,12091,8084247,19905700
6995,606,590,903056,12107,8084837,19363000
6996,585,620,902471,12072,8085457,19784100
6997,594,546,901877,12120,8086003,19350900
6998,587,543,901290,12164,8086546,19088700
6999,579,602,900711,12141,8087148,19533600
7000,557,621,900154,12077,8087769,18739300
7001,565,630,899589,12012,8088399,19077100
7002,593,607,898996,11998,8089006,18988300
7003,591,563,898405,12026,8089569,20043900
7004,586,573,897819,12039,8090142,19104100
7005,583,589,897236,12033,8090731,19874100
7006,573,626,896663,11980,8091357,19692300
7007,563,542,896100,12001,8091899,19914500
7008,566,595,895534,11972,8092494,19563300
7009,582,627,894952,11927,8093121,19556700
7010,583,569,894369,11941,8093690,19075500
7011,626,609,893743,11958,8094299,19216100
7012,602,589,893141,11971,8094888,19287500
7013,584,555,892557,12000,8095443,19242900
7014,604,625,891953,11979,8096068,19038200
7015,582,605,891371,11956,8096673,18961200
7016,578,589,890793,11945,8097262,18636200
7017,571,587,890222,11929,8097849,18784800
7018,558,556,889664,11931,8098405,18658300
7019,548,638,889116,11841,8099043,18541300
7020,571,604,888545,11808,8099647,18571300
7021,584,540,887961,11852,8100187,18736800
7022,554,592,887407,11814,8100779,18620000
7023,603,581,886804,11836,8101360,18929700
7024,581,598,886223,11819,8101958,18616400
7025,576,578,885647,11817,8102536,18636100
7026,632,618,885015,11831,8103154,18661300
7027,537,600,884478,11768,8103754,18977100
7028,618,622,883860,11764,8104376,18771100
7029,538,549,883322,11753,8104925,18786900
7030,579,599,882743,11733,8105524,18997000
7031,578,554,882165,11757,8106078,18680300
7032,579,561,881586,11775,8106639,18832400
7033,619,556,880967,11838,8107195,18686600
7034,566,592,880401,11812,8107787,19026100
7035,620,611,879781,11821,8108398,18812400
7036,548,583,879233,11786,8108981,18647400
7037,588,619,878645,11755,8109600,18611600
7038,568,576,878077,11747,8110176,18882200
7039,566,599,877511,11714,8110775,18828000
7040,505,514,877006,11705,8111289,18682000
7041,569,601,876437,11673,8111890,18619800
7042,606,623,875831,11656,8112513,18974200
7043,613,588,875218,11681,8113101,19072800
7044,593,572,874625,11702,8113673,18698700
7045,620,590,874005,11732,8114263,18789100
7046,600,562,873405,11770,8114825,18741000
7047,577,600,872828,11747,8115425,18803700
7048,586,560,872242,11773,8115985,18682900
7049,596,582,871646,11787,8116567,18667200
7050,566,576,871080,11777,8117143,18653600
7051,596,617,870484,11756,8117760,19069500
7052,557,582,869927,11731,8118342,19041000
7053,564,593,869363,11702,8118935,18515200
7054,636,567,868727,11771,8119502,18792300
7055,608,559,868119,11820,8120061,18589100
7056,572,624,867547,11768,8120685,18681900
7057,552,579,866995,11741,8121264,18775000
7058,630,629,866365,11742,8121893,20353400
7059,610,571,865755,11781,8122464,19359200
7060,598,569,865157,11810,8123033,19873300
7061,617,599,864540,11828,8123632,19068400
7062,607,579,863933,11856,8124211,19040500
7063,608,564,863325,11900,8124775,18702500
7064,611,597,862714,11914,8125372,18732000
7065,562,637,862152,11839,8126009,18649700
7066,595,600,861557,11834,8126609,18768600
7067,579,582,860978,11831,8127191,18726100
7068,547,602,860431,11776,8127793,18989600
7069,630,654,859801,11752,8128447,19840800
7070,621,547,859180,11826,8128994,21374600
7071,601,584,858579,11843,8129578,19942200
7072,560,605,858019,11798,8130183,19098600
7073,620,599,857399,11819,8130782,19227100
7074,602,623,856797,11798,8131405,19481600
7075,569,617,856228,11750,8132022,19157500
7076,624,569,855604,11805,8132591,19779000
7077,584,570,855020,11819,8133161,19175000
7078,600,595,854420,11824,8133756,18966200
7079,586,549,853834,11861,8134305,19339300
7080,625,597,853209,11889,8134902,19154800
7081,595,574,852614,11910,8135476,19489000
7082,610,592,852004,11928,8136068,19017100
7083,578,589,851426,11917,8136657,18740900
7084,607,608,850819,11916,8137265,18522400
7085,540,579,850279,11877,8137844,18809700
7086,585,626,849694,11836,8138470,19139900
7087,546,592,849148,11790,8139062,18759200
7088,599,595,848549,11794,8139657,18873900
7089,562,618,847987,11738,8140275,18719000
7090,599,566,847388,11771,8140841,18647300
7091,540,595,846848,11716,8141436,18631000
7092,564,575,846284,11705,8142011,18844700
7093,608,578,845676,11735,8142589,18583400
7094,544,583,845132,11696,8143172,19214900
7095,554,611,844578,11639,8143783,18650300
7096,587,540,843991,11686,8144323,18947700
7097,564,561,843427,11689,8144884,18352000
7098,534,563,842893,11660,8145447,18855000
7099,547,575,842346,11632,8146022,18838400
7100,554,598,841792,11588,8146620,18951200
7101,569,532,841223,11625,8147152,18833300
7102,556,572,840667,11609,8147724,18665400
7103,552,572,840115,11589,8148296,18767700
7104,568,575,839547,11582,8148871,18650100
7105,536,582,839011,11536,8149453,18883300
7106,576,574,838435,11538,8150027,18676000
7107,570,605,837865,11503,8150632,18630900
7108,552,611,837313,11444,8151243,19221000
7109,619,565,836694,11498,8151808,18734200
7110,623,533,836071,11588,8152341,18743200
7111,563,561,835508,11590,8152902,18982700
7112,583,579,834925,11594,8153481,19541000
7113,574,588,834351,11580,8154069,18563600
7114,561,608,833790,11533,8154677,18602900
7115,564,596,833226,11501,8155273,18684400
7116,563,604,832663,11460,8155877,18804500
7117,527,616,832136,11371,8156493,18759400
7118,538,584,831598,11325,8157077,19232900
7119,535,606,831063,11254,8157683,19030100
7120,576,580,830487,11250,8158263,18712500
7121,508,542,829979,11216,8158805,18754600
7122,558,575,829421,11199,8159380,18662400
7123,563,555,828858,11207,8159935,19146400
7124,560,562,828298,11205,8160497,18618600
7125,573,584,827725,11194,8161081,18653700
7126,602,524,827123,11272,8161605,19189000
7127,555,521,826568,11306,8162126,18676300
7128,542,527,826026,11321,8162653,18809200
7129,570,578,825456,11313,8163231,18802800
7130,545,574,824911,11284,8163805,18876000
7131,563,596,824348,11251,8164401,18628200
7132,567,557,823781,11261,8164958,19274600
7133,538,580,823243,11219,8165538,19243300
7134,586,516,822657,11289,8166054,18684500
7135,513,580,822144,11222,8166634,18842700
7136,536,560,821608,11198,8167194,19335700
7137,531,564,821077,11165,8167758,19711700
7138,573,547,820504,11191,8168305,19454200
7139,568,557,819936,11202,8168862,19668100
7140,565,551,819371,11216,8169413,18787400
7141,577,556,818794,11237,8169969,18938500
7142,573,573,818221,11237,8170542,19706000
7143,567,570,817654,11234,8171112,19454300
7144,561,547,817093,11248,8171659,20047500
7145,545,568,816548,11225,8172227,19788100
7146,571,562,815977,11234,8172789,20049100
7147,564,590,815413,11208,8173379,19515700
7148,564,616,814849,11156,8173995,20199500
7149,547,555,814302,11148,8174550,18979500
7150,554,555,813748,11147,8175105,19058600
7151,537,547,813211,11137,8175652,18631700
7152,570,535,812641,11172,8176187,18619400
7153,572,546,812069,11198,8176733,18643700
7154,576,611,811493,11163,8177344,18603300
7155,544,529,810949,11178,8177873,19092500
7156,546,532,810403,11192,8178405,18632800
7157,565,567,809838,11190,8178972,18722200
7158,541,563,809297,11168,8179535,18613300
7159,529,598,808768,11099,8180133,18710100
7160,535,581,808233,11053,8180714,19293700
7161,537,584,807696,11006,8181298,19376000
7162,547,559,807149,10994,8181857,19603300
7163,537,528,806612,11003,8182385,18900800
7164,537,498,806075,11042,8182883,19588100
7165,534,514,805541,11062,8183397,20028800
7166,560,512,804981,11110,8183909,19076300
7167,548,521,804433,11137,8184430,18736300
7168,553,525,803880,11165,8184955,18826700
7169,571,566,803309,11170,8185521,18676100
7170,540,605,802769,11105,8186126,18685200
7171,552,506,802217,11151,8186632,18845000
7172,557,526,801660,11182,8187158,19175400
7173,533,530,801127,11185,8187688,18708300
7174,520,544,800607,11161,8188232,18727800
7175,501,602,800106,11060,8188834,18757200
7176,539,599,799567,11000,8189433,18874100
7177,490,571,799077,10919,8190004,18673900
7178,550,525,798527,10944,8190529,18630500
7179,576,537,797951,10983,8191066,18725100
7180,566,530,797385,11019,8191596,18678700
7181,527,554,796858,10992,8192150,18709300
7182,516,552,796342,10956,8192702,18697800
7183,541,542,795801,10955,8193244,18717200
7184,529,545,795272,10939,8193789,19190400
7185,548,555,794724,10932,8194344,18663900
7186,539,569,794185,10902,8194913,18778300
7187,543,561,793642,10884,8195474,18528000
7188,521,514,793121,10891,8195988,18780200
7189,540,534,792581,10897,8196522,18617400
7190,528,505,792053,10920,8197027,18832900
7191,539,516,791514,10943,8197543,18663300
7192,562,569,790952,10936,8198112,18661900
7193,541,516,790411,10961,8198628,18619100
7194,535,564,789876,10932,8199192,18747000
7195,556,561,789320,10927,8199753,18755900
7196,550,546,788770,10931,8200299,18777200
7197,520,537,788250,10914,8200836,18659700
7198,513,581,787737,10846,8201417,18949400
7199,500,528,787237,10818,8201945,19473500
7200,522,555,786715,10785,8202500,18755100
7201,495,547,786220,10733,8203047,18730600
7202,460,518,785760,10675,8203565,18862100
7203,473,559,785287,10589,8204124,19591300
7204,477,552,784810,10514,8204676,19531700
7205,494,500,784316,10508,8205176,19443700
7206,480,591,783836,10397,8205767,18939600
7207,503,522,783333,10378,8206289,18678500
7208,488,528,782845,10338,8206817,18917100
7209,515,563,782330,10290,8207380,19078300
7210,490,525,781840,10255,8207905,19832600
7211,485,498,781355,10242,8208403,19970200
7212,478,557,780877,10163,8208960,19238200
7213,505,504,780372,10164,8209464,19467200
7214,506,483,779866,10187,8209947,19755900
7215,522,504,779344,10205,8210451,18895800
7216,519,540,778825,10184,8210991,19475900
7217,502,547,778323,10139,8211538,20726300
7218,496,478,777827,10157,8212016,19315000
7219,493,544,777334,10106,8212560,18587400
7220,512,504,776822,10114,8213064,18541600
7221,468,482,776354,10100,8213546,18750900
7222,491,492,775863,10099,8214038,18744100
7223,484,504,775379,10079,8214542,18645800
7224,503,493,774876,10089,8215035,18599000
7225,478,499,774398,10068,8215534,19036000
7226,462,510,773936,10020,8216044,18851800
7227,505,549,773431,9976,8216593,19228500
7228,495,515,772936,9956,8217108,18667800
7229,481,519,772455,9918,8217627,18665500
7230,514,510,771941,9922,8218137,18706700
7231,525,462,771416,9985,8218599,18671900
7232,471,479,770945,9977,8219078,18952700
7233,518,476,770427,10019,8219554,18819000
7234,475,530,769952,9964,8220084,18749500
7235,482,501,769470,9945,8220585,18547400
7236,478,478,768992,9945,8221063,18727900
7237,482,493,768510,9934,8221556,18638200
7238,494,469,768016,9959,8222025,18698100
7239,482,501,767534,9940,8222526,18548000
7240,477,535,767057,9882,8223061,18708900
7241,468,487,766589,9863,8223548,18787600
7242,487,471,766102,9879,8224019,18632900
7243,521,501,765581,9899,8224520,18564500
7244,497,518,765084,9878,8225038,18643400
7245,504,522,764580,9860,8225560,18716500
7246,511,538,764069,9833,8226098,19527600
7247,497,466,763572,9864,8226564,18646700
7248,493,488,763079,9869,8227052,18898900
7249,518,491,762561,9896,8227543,18693000
7250,468,510,762093,9854,8228053,18795400
7251,496,544,761597,9806,8228597,18732800
7252,498,480,761099,9824,8229077,19082100
7253,481,485,760618,9820,8229562,18694300
7254,551,514,760067,9857,8230076,18656800
7255,486,490,759581,9853,8230566,18680800
7256,476,471,759105,9858,8231037,18658600
7257,497,521,758608,9834,8231558,18816300
7258,490,518,758118,9806,8232076,18964300
7259,502,486,757616,9822,8232562,18747600
7260,479,487,757137,9814,8233049,18720500
7261,444,461,756693,9797,8233510,18755200
7262,467,476,756226,9788,8233986,18666600
7263,460,531,755766,9717,8234517,18685100
7264,460,510,755306,9667,8235027,18679200
7265,464,460,754842,9671,8235487,18622500
7266,478,486,754364,9663,8235973,18940600
7267,448,483,753916,9628,8236456,18683600
7268,469,518,753447,9579,8236974,18657200
7269,473,473,752974,9579,8237447,18676500
7270,436,489,752538,9526,8237936,19187500
7271,450,454,752088,9522,8238390,19815000
7272,500,442,751588,9580,8238832,19378800
7273,457,454,751131,9583,8239286,19388400
7274,446,498,750685,9531,8239784,19396300
7275,479,485,750206,9525,8240269,19594000
7276,452,472,749754,9505,8240741,19338100
7277,459,466,749295,9498,8241207,19380900
7278,518,481,748777,9535,8241688,19066400
7279,512,471,748265,9576,8242159,19703300
7280,488,518,747777,9546,8242677,18961800
7281,467,471,747310,9542,8243148,20223800
7282,444,498,746866,9488,8243646,19512600
7283,458,513,746408,9433,8244159,19734400
7284,476,460,745932,9449,8244619,18773900
7285,477,466,745455,9460,8245085,18616400
7286,482,492,744973,9450,8245577,18659400
7287,484,501,744489,9433,8246078,18557700
7288,445,468,744044,9410,8246546,19340000
7289,463,435,743581,9438,8246981,18888000
7290,477,482,743104,9433,8247463,18942300
7291,487,440,742617,9480,8247903,19104400
7292,476,481,742141,9475,8248384,18556900
7293,450,488,741691,9437,8248872,18652000
7294,451,481,741240,9407,8249353,18716800
7295,471,471,740769,9407,8249824,18625900
7296,485,449,740284,9443,8250273,18661200
7297,444,478,739840,9409,8250751,18823000
7298,468,480,739372,9397,8251231,18985200
7299,474,473,738898,9398,8251704,18706400
7300,458,465,738440,9391,8252169,18714100
7301,497,471,737943,9417,8252640,18675900
7302,482,489,737461,9410,8253129,19282600
7303,475,468,736986,9417,8253597,18599200
7304,512,443,736474,9486,8254040,18648400
7305,474,479,736000,9481,8254519,18814500
7306,467,509,735533,9439,8255028,18965600
7307,463,443,735070,9459,8255471,19356400
7308,439,466,734631,9432,8255937,18956700
7309,449,492,734182,9389,8256429,18510700
7310,457,464,733725,9382,8256893,18586100
7311,478,499,733247,9361,8257392,19327900
7312,490,454,732757,9397,8257846,18880700
7313,474,458,732283,9413,8258304,18869300
7314,464,492,731819,9385,8258796,18617400
7315,497,449,731322,9433,8259245,18673000
7316,468,457,730854,9444,8259702,18635100
7317,485,481,730369,9448,8260183,18793100
7318,485,501,729884,9432,8260684,19069400
7319,458,440,729426,9450,8261124,18913700
7320,452,481,728974,9421,8261605,18807300
7321,474,498,728500,9397,8262103,18687900
7322,500,453,728000,9444,8262556,18709800
7323,465,481,727535,9428,8263037,20051800
7324,456,457,727079,9427,8263494,20691000
7325,460,460,726619,9427,8263954,18637300
7326,476,486,726143,9417,8264440,18634700
7327,474,475,725669,9416,8264915,18960800
7328,435,449,725234,9402,8265364,18846800
7329,471,490,724763,9383,8265854,18854000
7330,454,464,724309,9373,8266318,18692500
7331,451,455,723858,9369,8266773,18721300
7332,498,450,723360,9417,8267223,18730700
7333,442,503,722918,9356,8267726,18720100
7334,443,420,722475,9379,8268146,18792600
7335,433,425,722042,9387,8268571,18835200
7336,454,491,721588,9350,8269062,18740900
7337,467,476,721121,9341,8269538,19431700
7338,457,474,720664,9324,8270012,19110000
7339,464,500,720200,9288,8270512,19459200
7340,455,428,719745,9315,8270940,19059900
7341,432,493,719313,9254,8271433,19411100
7342,479,457,718834,9276,8271890,19181000
7343,455,411,718379,9320,8272301,19490300
7344,484,505,717895,9299,8272806,19242100
7345,455,435,717440,9319,8273241,19287400
7346,457,475,716983,9301,8273716,19482000
7347,480,484,716503,9297,8274200,19216100
7348,440,495,716063,9242,8274695,19083900
7349,444,439,715619,9247,8275134,18826200
7350,465,465,715154,9247,8275599,19749900
7351,433,468,714721,9212,8276067,18724200
7352,417,469,714304,9160,8276536,18879400
7353,439,455,713865,9144,8276991,18589800
7354,475,435,713390,9184,8277426,19233500
7355,471,425,712919,9230,8277851,19118800
7356,455,495,712464,9190,8278346,18596000
7357,445,446,712019,9189,8278792,18657700
7358,446,478,711573,9157,8279270,18662800
7359,448,480,711125,9125,8279750,18636900
7360,472,483,710653,9114,8280233,19138100
7361,445,472,710208,9087,8280705,18775300
7362,491,481,709717,9097,8281186,18770700
7363,479,486,709238,9090,8281672,18625500
7364,474,458,708764,9106,8282130,18715100
7365,429,471,708335,9064,8282601,18660300
7366,445,424,707890,9085,8283025,18693300
7367,443,428,707447,9100,8283453,18788000
7368,461,455,706986,9106,8283908,18581400
7369,483,448,706503,9141,8284356,18993000
7370,475,464,706028,9152,8284820,18704100
7371,454,438,705574,9168,8285258,18889700
7372,438,480,705136,9126,8285738,18621900
7373,400,448,704736,9078,8286186,18821900
7374,450,446,704286,9082,8286632,18596100
7375,431,447,703855,9066,8287079,18915300
7376,462,422,703393,9106,8287501,20988200
7377,476,486,702917,9096,8287987,19849700
7378,440,436,702477,9100,8288423,18551100
7379,428,464,702049,9064,8288887,18529000
7380,441,474,701608,9031,8289361,19705300
7381,467,480,701141,9018,8289841,18642200
7382,458,475,700683,9001,8290316,18881000
7383,434,476,700249,8959,8290792,19007200
7384,474,456,699775,8977,8291248,18965700
7385,448,453,699327,8972,8291701,18465700
7386,433,456,698894,8949,8292157,18793700
7387,430,422,698464,8957,8292579,18799800
7388,418,453,698046,8922,8293032,18770200
7389,432,468,697614,8886,8293500,19044000
7390,413,431,697201,8868,8293931,18554200
7391,417,443,696784,8842,8294374,18560200
7392,470,402,696314,8910,8294776,18609200
7393,455,426,695859,8939,8295202,18582900
7394,451,447,695408,8943,8295649,18940200
7395,431,452,694977,8922,8296101,18556100
7396,490,427,694487,8985,8296528,18863000
7397,446,447,694041,8984,8296975,19526400
7398,443,459,693598,8968,8297434,18540200
7399,420,462,693178,8926,8297896,18725900
7400,461,440,692717,8947,8298336,18878200
7401,476,451,692241,8972,8298787,18556900
7402,459,409,691782,9022,8299196,19051100
7403,463,453,691319,9032,8299649,18841400
7404,479,423,690840,9088,8300072,19837300
7405,434,438,690406,9084,8300510,19584400
7406,434,439,689972,9079,8300949,19286500
7407,429,460,689543,9048,8301409,19722900
7408,461,470,689082,9039,8301879,19823500
7409,412,435,688670,9016,8302314,18892000
7410,469,426,688201,9059,8302740,19307100
7411,420,431,687781,9048,8303171,19064600
7412,470,469,687311,9049,8303640,19569000
7413,443,479,686868,9013,8304119,19683700
7414,423,463,686445,8973,8304582,19799200
7415,422,454,686023,8941,8305036,19316400
7416,447,459,685576,8929,8305495,18928400
7417,432,462,685144,8899,8305957,20509100
7418,411,502,684733,8808,8306459,19517200
7419,426,481,684307,8753,8306940,19093400
7420,465,413,683842,8805,8307353,18566500
7421,413,487,683429,8731,8307840,18663700
7422,440,434,682989,8737,8308274,18585400
7423,434,438,682555,8733,8308712,18632200
7424,439,428,682116,8744,8309140,18591700
7425,431,443,681685,8732,8309583,18697600
7426,406,453,681279,8685,8310036,18571300
7427,429,423,680850,8691,8310459,18551000
7428,424,461,680426,8654,8310920,19051000
7429,430,427,679996,8657,8311347,20240800
7430,460,446,679536,8671,8311793,18610500
7431,445,402,679091,8714,8312195,18508700
7432,459,425,678632,8748,8312620,18475700
7433,428,410,678204,8766,8313030,18634100
7434,496,444,677708,8818,8313474,18718600
7435,468,405,677240,8881,8313879,19114600
7436,431,429,676809,8883,8314308,18868200
7437,437,420,676372,8900,8314728,19021100
7438,445,469,675927,8876,8315197,19619700
7439,439,451,675488,8864,8315648,19674400
7440,426,443,675062,8847,8316091,19071000
7441,453,445,674609,8855,8316536,19236400
7442,409,420,674200,8844,8316956,18661500
7443,441,448,673759,8837,8317404,18694700
7444,479,448,673280,8868,8317852,18962700
7445,400,457,672880,8811,8318309,19521400
7446,431,437,672449,8805,8318746,18483600
7447,428,409,672021,8824,8319155,18677100
7448,427,454,671594,8797,8319609,19109200
7449,425,459,671169,8763,8320068,18655900
7450,451,483,670718,8731,8320551,18655300
7451,432,445,670286,8718,8320996,18686500
7452,425,423,669861,8720,8321419,19219600
7453,431,432,669430,8719,8321851,18287300
7454,396,435,669034,8680,8322286,18266600
7455,449,419,668585,8710,8322705,18516800
7456,439,471,668146,8678,8323176,18706400
7457,421,436,667725,8663,8323612,18670800
7458,443,438,667282,8668,8324050,18634700
7459,446,449,666836,8665,8324499,18938800
7460,451,440,666385,8676,8324939,18944900
7461,433,440,665952,8669,8325379,18750800
7462,435,421,665517,8683,8325800,18664500
7463,426,407,665091,8702,8326207,18626700
7464,440,429,664651,8713,8326636,19138700
7465,445,423,664206,8735,8327059,18666700
7466,429,449,663777,8715,8327508,18734100
7467,442,434,663335,8723,8327942,18688300
7468,448,426,662887,8745,8328368,18752200
7469,401,433,662486,8713,8328801,18901500
7470,416,449,662070,8680,8329250,18710000
7471,436,415,661634,8701,8329665,18844600
7472,419,432,661215,8688,8330097,19072500
7473,448,436,660767,8700,8330533,19736100
7474,430,432,660337,8698,8330965,20206800
7475,461,429,659876,8730,8331394,18926400
7476,439,416,659437,8753,8331810,20165100
7477,445,448,658992,8750,8332258,19387600
7478,477,419,658515,8808,8332677,19504500
7479,445,486,658070,8767,8333163,19588000
7480,402,420,657668,8749,8333583,18811300
7481,439,467,657229,8721,8334050,19201800
7482,427,426,656802,8722,8334476,19853800
7483,432,396,656370,8758,8334872,19555800
7484,434,467,655936,8725,8335339,19212400
7485,417,411,655519,8731,8335750,19610700
7486,415,478,655104,8668,8336228,18603500
7487,417,421,654687,8664,8336649,18542600
7488,432,441,654255,8655,8337090,18505400
7489,425,416,653830,8664,8337506,18530000
7490,420,442,653410,8642,8337948,18720900
7491,453,451,652957,8644,8338399,18592000
7492,454,402,652503,8696,8338801,18703200
7493,435,448,652068,8683,8339249,18614000
7494,450,455,651618,8678,8339704,18641100
7495,449,425,651169,8702,8340129,18612100
7496,431,481,650738,8652,8340610,18582300
7497,432,426,650306,8658,8341036,18721600
7498,404,403,649902,8659,8341439,18622300
7499,402,441,649500,8620,8341880,18743100
7500,442,450,649058,8612,8342330,18537000
7501,446,419,648612,8639,8342749,18576600
7502,428,438,648184,8629,8343187,18534900
7503,430,428,647754,8631,8343615,18916400
7504,415,440,647339,8606,8344055,18742600
7505,409,432,646930,8583,8344487,18679700
7506,422,426,646508,8579,8344913,18993600
7507,417,426,646091,8570,8345339,18760900
7508,428,387,645663,8611,8345726,18816000
7509,448,462,645215,8597,8346188,18594800
7510,436,406,644779,8627,8346594,18707800
7511,415,429,644364,8613,8347023,19205600
7512,430,455,643934,8588,8347478,18641200
7513,445,445,643489,8588,8347923,18644200
7514,437,430,643052,8595,8348353,18644500
7515,437,400,642615,8632,8348753,18720200
7516,415,435,642200,8612,8349188,18817600
7517,439,424,641761,8627,8349612,18593000
7518,441,398,641320,8670,8350010,19165900
7519,435,452,640885,8653,8350462,19066000
7520,436,411,640449,8678,8350873,18569500
7521,443,411,640006,8710,8351284,18746000
7522,462,444,639544,8728,8351728,18698900
7523,409,410,639135,8727,8352138,18953900
7524,434,429,638701,8732,8352567,18718300
7525,413,472,638288,8673,8353039,18800000
7526,422,450,637866,8645,8353489,18635800
7527,388,432,637478,8601,8353921,18736100
7528,456,470,637022,8587,8354391,18673300
7529,426,458,636596,8555,8354849,18760400
7530,395,419,636201,8531,8355268,18561300
7531,437,410,635764,8558,8355678,18584800
7532,381,432,635383,8507,8356110,18666200
7533,391,418,634992,8480,8356528,18882500
7534,388,448,634604,8420,8356976,19183700
7535,384,398,634220,8406,8357374,19008500
7536,384,392,633836,8398,8357766,19094900
7537,374,422,633462,8350,8358188,18716500
7538,392,377,633070,8365,8358565,19205000
7539,367,418,632703,8314,8358983,19674700
7540,411,429,632292,8296,8359412,19328700
7541,402,436,631890,8262,8359848,19438400
7542,379,387,631511,8254,8360235,19532000
7543,419,419,631092,8254,8360654,19093700
7544,409,437,630683,8226,8361091,19411800
7545,405,448,630278,8183,8361539,19066600
7546,409,426,629869,8166,8361965,19127400
7547,398,430,629471,8134,8362395,18972900
7548,379,395,629092,8118,8362790,19420600
7549,429,413,628663,8134,8363203,18846400
7550,399,428,628264,8105,8363631,19253100
7551,379,402,627885,8082,8364033,19072400
7552,384,401,627501,8065,8364434,18977800
7553,353,417,627148,8001,8364851,19028800
7554,381,407,626767,7975,8365258,18528700
7555,409,362,626358,8022,8365620,19102800
7556,371,385,625987,8008,8366005,18939500
7557,378,391,625609,7995,8366396,18618900
7558,391,408,625218,7978,8366804,18891300
7559,387,377,624831,7988,8367181,18551300
7560,371,396,624460,7963,8367577,18599700
7561,381,411,624079,7933,8367988,18616800
7562,379,388,623700,7924,8368376,18577000
7563,374,404,623326,7894,8368780,18599000
7564,394,417,622932,7871,8369197,18579000
7565,392,416,622540,7847,8369613,18593800
7566,414,389,622126,7872,8370002,18643300
7567,411,383,621715,7900,8370385,18485600
7568,415,375,621300,7940,8370760,19055400
7569,424,406,620876,7958,8371166,18662700
7570,420,381,620456,7997,8371547,18979500
7571,391,418,620065,7970,8371965,19416500
7572,409,425,619656,7954,8372390,18651700
7573,381,417,619275,7918,8372807,18504800
7574,376,430,618899,7864,8373237,18576800
7575,390,376,618509,7878,8373613,18915900
7576,358,388,618151,7848,8374001,19014500
7577,409,400,617742,7857,8374401,18754000
7578,375,417,617367,7815,8374818,18549700
7579,367,386,617000,7796,8375204,18610300
7580,377,367,616623,7806,8375571,18821400
7581,401,383,616222,7824,8375954,18541600
7582,373,403,615849,7794,8376357,18868800
7583,383,390,615466,7787,8376747,18559000
7584,369,381,615097,7775,8377128,18712400
7585,371,350,614726,7796,8377478,18520800
7586,365,379,614361,7782,8377857,18586800
7587,380,392,613981,7770,8378249,18448600
7588,352,363,613629,7759,8378612,18800600
7589,384,403,613245,7740,8379015,19644300
7590,377,405,612868,7712,8379420,18690800
7591,403,399,612465,7716,8379819,18858600
7592,398,363,612067,7751,8380182,18542000
7593,368,363,611699,7756,8380545,18904900
7594,390,359,611309,7787,8380904,18671400
7595,368,372,610941,7783,8381276,18560900
7596,392,362,610549,7813,8381638,18644800
7597,375,378,610174,7810,8382016,18459800
7598,380,401,609794,7789,8382417,18935700
7599,359,380,609435,7768,8382797,18643000
7600,365,401,609070,7732,8383198,18447600
7601,398,383,608672,7747,8383581,18726900
7602,383,394,608289,7736,8383975,18809600
7603,383,402,607906,7717,8384377,19315600
7604,387,399,607519,7705,8384776,18577100
7605,398,366,607121,7737,8385142,18537200
7606,344,402,606777,7679,8385544,18520300
7607,376,372,606401,7683,8385916,18668600
7608,384,376,606017,7691,8386292,19000500
7609,402,409,605615,7684,8386701,19363600
7610,408,407,605207,7685,8387108,19505200
7611,383,386,604824,7682,8387494,19060900
7612,380,349,604444,7713,8387843,19099200
7613,371,378,604073,7706,8388221,19013000
7614,346,376,603727,7676,8388597,18933700
7615,394,402,603333,7668,8388999,19212600
7616,406,366,602927,7708,8389365,19356300
7617,395,415,602532,7688,8389780,20080100
7618,399,400,602133,7687,8390180,19572700
7619,371,377,601762,7681,8390557,19801400
7620,377,381,601385,7677,8390938,18837300
7621,374,392,601011,7659,8391330,18920300
7622,374,413,600637,7620,8391743,18793300
7623,383,378,600254,7625,8392121,18682600
7624,397,405,599857,7617,8392526,18720000
7625,368,387,599489,7598,8392913,18454800
7626,368,382,599121,7584,8393295,18268000
7627,360,378,598761,7566,8393673,18546400
7628,369,368,598392,7567,8394041,18581900
7629,349,382,598043,7534,8394423,18695200
7630,395,395,597648,7534,8394818,18816400
7631,361,359,597287,7536,8395177,18497000
7632,356,393,596931,7499,8395570,18517800
7633,362,377,596569,7484,8395947,18553900
7634,387,434,596182,7437,8396381,18895100
7635,353,397,595829,7393,8396778,18627300
7636,382,392,595447,7383,8397170,18491700
7637,377,391,595070,7369,8397561,19162300
7638,366,387,594704,7348,8397948,18605400
7639,372,344,594332,7376,8398292,18531000
7640,371,352,593961,7395,8398644,19383200
7641,360,369,593601,7386,8399013,18860800
7642,361,385,593240,7362,8399398,18702400
7643,346,371,592894,7337,8399769,19340000
7644,377,356,592517,7358,8400125,18693300
7645,390,351,592127,7397,8400476,18733400
7646,373,386,591754,7384,8400862,18635900
7647,390,355,591364,7419,8401217,18566200
7648,373,368,590991,7424,8401585,19112100
7649,383,373,590608,7434,8401958,18603500
7650,368,410,590240,7392,8402368,18500600
7651,374,378,589866,7388,8402746,18562100
7652,361,361,589505,7388,8403107,18813900
7653,367,404,589138,7351,8403511,18417300
7654,368,368,588770,7351,8403879,18466900
7655,372,385,588398,7338,8404264,18443500
7656,369,388,588029,7319,8404652,18865100
7657,342,362,587687,7299,8405014,18619100
7658,360,382,587327,7277,8405396,18524500
7659,352,358,586975,7271,8405754,19007300
7660,373,386,586602,7258,8406140,18568300
7661,355,398,586247,7215,8406538,19214000
7662,329,350,585918,7194,8406888,19099200
7663,364,382,585554,7176,8407270,19009400
7664,336,408,585218,7104,8407678,18651900
7665,347,352,584871,7099,8408030,19258900
7666,358,344,584513,7113,8408374,18600100
7667,353,360,584160,7106,8408734,18521100
7668,369,402,583791,7073,8409136,18528400
7669,358,372,583433,7059,8409508,18833900
7670,375,358,583058,7076,8409866,18713400
7671,356,316,582702,7116,8410182,19550300
7672,326,327,582376,7115,8410509,19534700
7673,351,347,582025,7119,8410856,18586200
7674,344,362,581681,7101,8411218,18357600
7675,346,360,581335,7087,8411578,18424400
7676,355,374,580980,7068,8411952,18901300
7677,332,332,580648,7068,8412284,18997800
7678,344,380,580304,7032,8412664,19427500
7679,362,334,579942,7060,8412998,18829600
7680,377,392,579565,7045,8413390,18718600
7681,361,369,579204,7037,8413759,19197600
7682,338,336,578866,7039,8414095,19018100
7683,322,329,578544,7032,8414424,18803300
7684,365,371,578179,7026,8414795,19113700
7685,359,345,577820,7040,8415140,19488100
7686,385,364,577435,7061,8415504,18525700
7687,318,333,577117,7046,8415837,19526600
7688,336,344,576781,7038,8416181,18850900
7689,332,361,576449,7009,8416542,18779300
7690,340,349,576109,7000,8416891,18475200
7691,369,368,575740,7001,8417259,18644200
7692,357,342,575383,7016,8417601,18723900
7693,357,411,575026,6962,8418012,18366000
7694,338,341,574688,6959,8418353,19695300
7695,358,357,574330,6960,8418710,18887500
7696,339,353,573991,6946,8419063,19601000
7697,388,350,573603,6984,8419413,18699200
7698,372,331,573231,7025,8419744,19009400
7699,342,338,572889,7029,8420082,18567600
7700,355,354,572534,7030,8420436,18474400
7701,349,365,572185,7014,8420801,18450800
7702,346,362,571839,6998,8421163,18983100
7703,368,339,571471,7027,8421502,18568900
7704,357,371,571114,7013,8421873,18738000
7705,340,348,570774,7005,8422221,18600200
7706,346,350,570428,7001,8422571,18653600
7707,330,326,570098,7005,8422897,18455100
7708,392,343,569706,7054,8423240,18476900
7709,351,347,569355,7058,8423587,18557700
7710,356,349,568999,7065,8423936,18457500
7711,351,380,568648,7036,8424316,18394100
7712,371,360,568277,7047,8424676,18850900
7713,373,338,567904,7082,8425014,18426900
7714,376,336,567528,7122,8425350,18507900
7715,395,344,567133,7173,8425694,18495700
7716,363,345,566770,7191,8426039,18487100
7717,356,367,566414,7180,8426406,18865100
7718,340,354,566074,7166,8426760,18491000
7719,361,342,565713,7185,8427102,18474800
7720,336,329,565377,7192,8427431,18486900
7721,351,379,565026,7164,8427810,18699600
7722,331,343,564695,7152,8428153,18471200
7723,352,333,564343,7171,8428486,18462500
7724,348,357,563995,7162,8428843,18576100
7725,363,367,563632,7158,8429210,18574200
7726,366,353,563266,7171,8429563,18546100
7727,333,346,562933,7158,8429909,18506300
7728,366,343,562567,7181,8430252,18663100
7729,308,396,562259,7093,8430648,18575400
7730,340,363,561919,7070,8431011,18346600
7731,362,340,561557,7092,8431351,18458800
7732,313,362,561244,7043,8431713,18459600
7733,325,367,560919,7001,8432080,18456200
7734,321,336,560598,6986,8432416,18372200
7735,296,352,560302,6930,8432768,18277900
7736,331,337,559971,6924,8433105,18535300
7737,304,331,559667,6897,8433436,18416800
7738,329,328,559338,6898,8433764,18899800
7739,325,333,559013,6890,8434097,18724800
7740,317,343,558696,6864,8434440,18487300
7741,338,330,558358,6872,8434770,18415100
7742,351,334,558007,6889,8435104,18461000
7743,321,315,557686,6895,8435419,18792500
7744,308,350,557378,6853,8435769,19071500
7745,373,356,557005,6870,8436125,19451200
7746,343,375,556662,6838,8436500,18825500
7747,320,327,556342,6831,8436827,19405500
7748,336,369,556006,6798,8437196,19531100
7749,387,342,555619,6843,8437538,19542000
7750,334,340,555285,6837,8437878,19687900
7751,317,360,554968,6794,8438238,19271300
7752,322,334,554646,6782,8438572,18775000
7753,332,330,554314,6784,8438902,18846000
7754,357,364,553957,6777,8439266,18980400
7755,345,362,553612,6760,8439628,18679200
7756,323,342,553289,6741,8439970,18844500
7757,354,334,552935,6761,8440304,19542100
7758,341,344,552594,6758,8440648,18246300
7759,343,344,552251,6757,8440992,18319200
7760,348,331,551903,6774,8441323,18649500
7761,336,344,551567,6766,8441667,18568100
7762,345,312,551222,6799,8441979,19159200
7763,348,366,550874,6781,8442345,18592700
7764,328,354,550546,6755,8442699,18424200
7765,317,329,550229,6743,8443028,18484200
7766,312,314,549917,6741,8443342,18696500
7767,348,326,549569,6763,8443668,18513600
7768,346,346,549223,6763,8444014,19051900
7769,359,323,548864,6799,8444337,18628500
7770,339,377,548525,6761,8444714,18461200
7771,321,330,548204,6752,8445044,18525800
7772,310,311,547894,6751,8445355,18983200
7773,311,336,547583,6726,8445691,18916200
7774,309,360,547274,6675,8446051,18532500
7775,306,357,546968,6624,8446408,18422500
7776,313,345,546655,6592,8446753,18803000
7777,343,318,546312,6617,8447071,18520800
7778,319,365,545993,6571,8447436,18581800
7779,349,329,545644,6591,8447765,18480200
7780,326,329,545318,6588,8448094,18907900
7781,328,355,544990,6561,8448449,18470500
7782,338,314,544652,6585,8448763,18487800
7783,345,342,544307,6588,8449105,18529000
7784,299,361,544008,6526,8449466,18391800
7785,301,349,543707,6478,8449815,18389200
7786,331,324,543376,6485,8450139,18354800
7787,314,318,543062,6481,8450457,18830700
7788,353,304,542709,6530,8450761,18644700
7789,329,363,542380,6496,8451124,18564200
7790,298,328,542082,6466,8451452,18445500
7791,327,343,541755,6450,8451795,18560500
7792,325,303,541430,6472,8452098,18758500
7793,322,315,541108,6479,8452413,18400700
7794,328,348,540780,6459,8452761,18584400
7795,325,309,540455,6475,8453070,18429400
7796,319,346,540136,6448,8453416,18456100
7797,339,330,539797,6457,8453746,18375700
7798,330,320,539467,6467,8454066,18682100
7799,338,302,539129,6503,8454368,19219800
7800,348,308,538781,6543,8454676,19627900
7801,356,334,538425,6565,8455010,18423100
7802,333,316,538092,6582,8455326,18518600
7803,359,331,537733,6610,8455657,18624400
7804,331,342,537402,6599,8455999,19639500
7805,348,296,537054,6651,8456295,18277700
7806,344,350,536710,6645,8456645,18380400
7807,337,325,536373,6657,8456970,18430400
7808,307,332,536066,6632,8457302,18253600
7809,374,332,535692,6674,8457634,18989900
7810,317,340,535375,6651,8457974,18535900
7811,344,331,535031,6664,8458305,18795400
7812,327,351,534704,6640,8458656,18910000
7813,356,321,534348,6675,8458977,19412200
7814,327,325,534021,6677,8459302,19096800
7815,307,334,533714,6650,8459636,18960200
7816,331,312,533383,6669,8459948,18769500
7817,348,330,533035,6687,8460278,19244100
7818,343,319,532692,6711,8460597,19050400
7819,282,343,532410,6650,8460940,19459100
7820,319,318,532091,6651,8461258,18922400
7821,371,345,531720,6677,8461603,19230000
7822,305,314,531415,6668,8461917,19191200
7823,332,335,531083,6665,8462252,19961200
7824,332,298,530751,6699,8462550,19130000
7825,333,330,530418,6702,8462880,18714100
7826,305,337,530113,6670,8463217,18708300
7827,319,345,529794,6644,8463562,18488600
7828,354,303,529440,6695,8463865,18601800
7829,311,337,529129,6669,8464202,18453300
7830,320,332,528809,6657,8464534,18507300
7831,331,331,528478,6657,8464865,18496700
7832,335,316,528143,6676,8465181,18508900
7833,329,329,527814,6676,8465510,19074700
7834,347,343,527467,6680,8465853,18989200
7835,287,347,527180,6620,8466200,19731900
7836,320,355,526860,6585,8466555,18899000
7837,316,355,526544,6546,8466910,18633000
7838,309,350,526235,6505,8467260,18300500
7839,291,325,525944,6471,8467585,18177100
7840,348,337,525596,6482,8467922,18354300
7841,302,334,525294,6450,8468256,18467900
7842,297,289,524997,6458,8468545,18540300
7843,304,315,524693,6447,8468860,18792200
7844,282,285,524411,6444,8469145,18462400
7845,300,331,524111,6413,8469476,18498900
7846,267,316,523844,6364,8469792,18533600
7847,290,323,523554,6331,8470115,18530900
7848,297,297,523257,6331,8470412,18426600
7849,304,309,522953,6326,8470721,18461900
7850,312,342,522641,6296,8471063,18411200
7851,297,297,522344,6296,8471360,18781700
7852,310,335,522034,6271,8471695,18624900
7853,315,343,521719,6243,8472038,18542000
7854,304,325,521415,6222,8472363,18475300
7855,306,310,521109,6218,8472673,18873600
7856,287,304,520822,6201,8472977,18712900
7857,297,332,520525,6166,8473309,19351100
7858,301,286,520224,6181,8473595,19119800
7859,290,307,519934,6164,8473902,18891000
7860,290,288,519644,6166,8474190,18711600
7861,306,289,519338,6183,8474479,18572800
7862,312,316,519026,6179,8474795,18451700
7863,292,336,518734,6135,8475131,18448500
7864,296,317,518438,6114,8475448,18826900
7865,286,291,518152,6109,8475739,18614100
7866,278,305,517874,6082,8476044,18484000
7867,316,329,517558,6069,8476373,19023500
7868,324,278,517234,6115,8476651,18434100
7869,295,293,516939,6117,8476944,18583400
7870,295,305,516644,6107,8477249,18481300
7871,308,303,516336,6112,8477552,18494200
7872,344,307,515992,6149,8477859,18577600
7873,310,317,515682,6142,8478176,18461900
7874,313,320,515369,6135,8478496,18498600
7875,288,298,515081,6125,8478794,18507100
7876,305,280,514776,6150,8479074,18446700
7877,320,275,514456,6195,8479349,18668200
7878,344,313,514112,6226,8479662,18571300
7879,306,315,513806,6217,8479977,18523600
7880,306,349,513500,6174,8480326,18846500
7881,313,344,513187,6143,8480670,19406400
7882,305,314,512882,6134,8480984,19285700
7883,328,303,512554,6159,8481287,19376900
7884,338,318,512216,6179,8481605,19389800
7885,283,324,511933,6138,8481929,19017700
7886,269,291,511664,6116,8482220,19842300
7887,302,297,511362,6121,8482517,19279400
7888,281,287,511081,6115,8482804,19175000
7889,319,314,510762,6120,8483118,18593700
7890,290,311,510472,6099,8483429,18728300
7891,287,289,510185,6097,8483718,18952400
7892,313,358,509872,6052,8484076,19554100
7893,277,307,509595,6022,8484383,18683000
7894,314,312,509281,6024,8484695,18689200
7895,297,277,508984,6044,8484972,18850400
7896,280,326,508704,5998,8485298,18568000
7897,316,297,508388,6017,8485595,18688200
7898,304,292,508084,6029,8485887,18431900
7899,307,314,507777,6022,8486201,18563200
7900,312,311,507465,6023,8486512,18684400
7901,306,301,507159,6028,8486813,18435600
7902,300,330,506859,5998,8487143,18642800
7903,291,324,506568,5965,8487467,18387900
7904,276,284,506292,5957,8487751,18368300
7905,308,282,505984,5983,8488033,18559200
7906,300,329,505684,5954,8488362,18444800
7907,334,322,505350,5966,8488684,18539700
7908,303,298,505047,5971,8488982,18608800
7909,290,287,504757,5974,8489269,18424000
7910,312,294,504445,5992,8489563,18517300
7911,312,311,504133,5993,8489874,19928300
7912,307,316,503826,5984,8490190,20193300
7913,307,320,503519,5971,8490510,18515600
7914,315,301,503204,5985,8490811,18555300
7915,295,301,502909,5979,8491112,18689400
7916,315,283,502594,6011,8491395,18682700
7917,320,280,502274,6051,8491675,18977200
7918,308,327,501966,6032,8492002,19314500
7919,285,316,501681,6001,8492318,18584500
7920,315,287,501366,6029,8492605,18741500
7921,313,310,501053,6032,8492915,18447100
7922,295,307,500758,6020,8493222,18449800
7923,290,316,500468,5994,8493538,18379000
7924,296,266,500172,6024,8493804,18534800
7925,291,333,499881,5982,8494137,18492600
7926,314,297,499567,5999,8494434,18673000
7927,294,279,499273,6014,8494713,18393800
7928,296,289,498977,6021,8495002,18757300
7929,301,303,498676,6019,8495305,18526800
7930,303,270,498373,6052,8495575,18465600
7931,293,310,498080,6035,8495885,18919100
7932,307,328,497773,6014,8496213,18447600
7933,298,295,497475,6017,8496508,18515700
7934,275,281,497200,6011,8496789,18464600
7935,283,329,496917,5965,8497118,18524900
7936,276,286,496641,5955,8497404,18482300
7937,278,325,496363,5908,8497729,18422000
7938,304,284,496059,5928,8498013,18307300
7939,275,275,495784,5928,8498288,18754300
7940,271,294,495513,5905,8498582,18767800
7941,274,245,495239,5934,8498827,19084700
7942,277,287,494962,5924,8499114,18741100
7943,275,264,494687,5935,8499378,18312600
7944,272,288,494415,5919,8499666,18057300
7945,279,308,494136,5890,8499974,18029500
7946,260,314,493876,5836,8500288,18413100
7947,275,288,493601,5823,8500576,18836500
7948,260,311,493341,5772,8500887,19408600
7949,272,264,493069,5780,8501151,19496800
7950,286,288,492783,5778,8501439,19208400
7951,285,269,492498,5794,8501708,19406000
7952,253,274,492245,5773,8501982,18855500
7953,278,290,491967,5761,8502272,18961100
7954,243,282,491724,5722,8502554,19151000
7955,270,299,491454,5693,8502853,19367800
7956,299,301,491155,5691,8503154,19211400
7957,286,293,490869,5684,8503447,19409400
7958,288,281,490581,5691,8503728,18877700
7959,289,298,490292,5682,8504026,19181900
7960,284,286,490008,5680,8504312,19063700
7961,273,305,489735,5648,8504617,18842100
7962,261,306,489474,5603,8504923,18475000
7963,258,289,489216,5572,8505212,18683600
7964,279,287,488937,5564,8505499,18590700
7965,266,281,488671,5549,8505780,19052400
7966,290,275,488381,5564,8506055,18879900
7967,285,282,488096,5567,8506337,18601400
7968,291,277,487805,5581,8506614,18465600
7969,293,294,487512,5580,8506908,18428800
7970,262,293,487250,5549,8507201,18649500
7971,296,282,486954,5563,8507483,18494700
7972,305,292,486649,5576,8507775,18432500
7973,291,277,486358,5590,8508052,18435500
7974,278,290,486080,5578,8508342,18566400
7975,261,300,485819,5539,8508642,18800000
7976,281,263,485538,5557,8508905,18852600
7977,252,282,485286,5527,8509187,18680200
7978,296,278,484990,5545,8509465,18442000
7979,303,270,484687,5578,8509735,18523900
7980,275,279,484412,5574,8510014,18496900
7981,295,273,484117,5596,8510287,18986800
7982,260,263,483857,5593,8510550,18717500
7983,314,288,483543,5619,8510838,18451300
7984,288,306,483255,5601,8511144,18520100
7985,289,275,482966,5615,8511419,18590000
7986,268,277,482698,5606,8511696,18463000
7987,277,294,482421,5589,8511990,18548400
7988,270,261,482151,5598,8512251,18744100
7989,254,250,481897,5602,8512501,18873100
7990,303,271,481594,5634,8512772,18658200
7991,273,278,481321,5629,8513050,18714600
7992,269,292,481052,5606,8513342,18431100
7993,286,274,480766,5618,8513616,19125600
7994,253,313,480513,5558,8513929,18387100
7995,246,267,480267,5537,8514196,18440700
7996,304,265,479963,5576,8514461,18653200
7997,282,272,479681,5586,8514733,18424100
7998,290,315,479391,5561,8515048,18239900
7999,304,276,479087,5589,8515324,18160400
8000,273,244,478814,5618,8515568,18425900
8001,275,279,478539,5614,8515847,18755700
8002,248,291,478291,5571,8516138,18434000
8003,286,267,478005,5590,8516405,18823600
8004,252,262,477753,5580,8516667,18393600
8005,274,273,477479,5581,8516940,18474100
8006,263,255,477216,5589,8517195,18972700
8007,257,293,476959,5553,8517488,18421800
8008,257,297,476702,5513,8517785,18474900
8009,237,295,476465,5455,8518080,18529000
8010,270,278,476195,5447,8518358,18562500
8011,263,286,475932,5424,8518644,18543600
8012,274,281,475658,5417,8518925,18429600
8013,268,270,475390,5415,8519195,18667800
8014,275,289,475115,5401,8519484,18621200
8015,243,275,474872,5369,8519759,18429200
8016,288,279,474584,5378,8520038,18979600
8017,269,282,474315,5365,8520320,19273400
8018,243,245,474072,5363,8520565,18826300
8019,256,264,473816,5355,8520829,19227800
8020,259,283,473557,5331,8521112,19717100
8021,265,225,473292,5371,8521337,19364800
8022,256,270,473036,5357,8521607,19911000
8023,254,270,472782,5341,8521877,19089800
8024,257,273,472525,5325,8522150,19283400
8025,256,272,472269,5309,8522422,19307200
8026,248,299,472021,5258,8522721,19060200
8027,282,266,471739,5274,8522987,18945500
8028,285,249,471454,5310,8523236,19264900
8029,283,296,471171,5297,8523532,19108600
8030,248,287,470923,5258,8523819,18218300
8031,277,248,470646,5287,8524067,18193500
8032,254,264,470392,5277,8524331,18642500
8033,244,258,470148,5263,8524589,18381500
8034,246,286,469902,5223,8524875,18503800
8035,252,242,469650,5233,8525117,18459700
8036,270,278,469380,5225,8525395,18441400
8037,251,269,469129,5207,8525664,18495700
8038,248,236,468881,5219,8525900,18515600
8039,287,255,468594,5251,8526155,18398300
8040,261,246,468333,5266,8526401,18697500
8041,248,274,468085,5240,8526675,18783400
8042,257,245,467828,5252,8526920,18775500
8043,249,254,467579,5247,8527174,18458300
8044,265,268,467314,5244,8527442,18501800
8045,230,262,467084,5212,8527704,18574600
8046,268,260,466816,5220,8527964,18799300
8047,267,286,466549,5201,8528250,18378000
8048,248,263,466301,5186,8528513,19208100
8049,240,279,466061,5147,8528792,18436600
8050,261,275,465800,5133,8529067,18609500
8051,224,278,465576,5079,8529345,18468500
8052,234,237,465342,5076,8529582,18501500
8053,249,279,465093,5046,8529861,18387800
8054,223,299,464870,4970,8530160,18309700
8055,262,258,464608,4974,8530418,18609900
8056,247,241,464361,4980,8530659,19002800
8057,251,250,464110,4981,8530909,18580300
8058,247,261,463863,4967,8531170,18421000
8059,226,283,463637,4910,8531453,18370200
8060,227,242,463410,4895,8531695,18914500
8061,252,229,463158,4918,8531924,18390300
8062,212,223,462946,4907,8532147,18479100
8063,247,258,462699,4896,8532405,18458100
8064,253,255,462446,4894,8532660,18444700
8065,245,248,462201,4891,8532908,18430300
8066,237,247,461964,4881,8533155,18809800
8067,218,250,461746,4849,8533405,18957000
8068,223,239,461523,4833,8533644,18430700
8069,221,244,461302,4810,8533888,18440200
8070,245,237,461057,4818,8534125,18509700
8071,267,231,460790,4854,8534356,18708600
8072,273,236,460517,4891,8534592,18489200
8073,273,228,460244,4936,8534820,18528000
8074,224,249,460020,4911,8535069,19362500
8075,258,214,459762,4955,8535283,19561600
8076,277,246,459485,4986,8535529,18626700
8077,227,244,459258,4969,8535773,18721200
8078,244,272,459014,4941,8536045,18759400
8079,255,248,458759,4948,8536293,18399800
8080,245,248,458514,4945,8536541,18440400
8081,250,244,458264,4951,8536785,18548700
8082,256,251,458008,4956,8537036,18447700
8083,245,272,457763,4929,8537308,18633300
8084,272,257,457491,4944,8537565,19603700
8085,265,263,457226,4946,8537828,19048400
8086,232,254,456994,4924,8538082,19263400
8087,227,223,456767,4928,8538305,19326000
8088,264,240,456503,4952,8538545,19211700
8089,260,223,456243,4989,8538768,18777700
8090,280,235,455963,5034,8539003,18812600
8091,282,249,455681,5067,8539252,19000500
8092,258,258,455423,5067,8539510,18955400
8093,269,230,455154,5106,8539740,19496100
8094,268,295,454886,5079,8540035,18951400
8095,269,233,454617,5115,8540268,19128000
8096,261,262,454356,5114,8540530,19237900
8097,295,232,454061,5177,8540762,19367100
8098,256,276,453805,5157,8541038,18289100
8099,260,266,453545,5151,8541304,18214000
8100,262,288,453283,5125,8541592,18419500
8101,258,289,453025,5094,8541881,18444700
8102,272,250,452753,5116,8542131,18614900
8103,263,254,452490,5125,8542385,18642600
8104,262,251,452228,5136,8542636,18497900
8105,245,240,451983,5141,8542876,18408800
8106,276,258,451707,5159,8543134,18384200
8107,288,248,451419,5199,8543382,18401000
8108,255,241,451164,5213,8543623,18576500
8109,259,257,450905,5215,8543880,18726800
8110,268,259,450637,5224,8544139,18524800
8111,261,246,450376,5239,8544385,18400500
8112,241,271,450135,5209,8544656,18822300
8113,252,250,449883,5211,8544906,18669300
8114,269,287,449614,5193,8545193,18501700
8115,249,233,449365,5209,8545426,18688100
8116,273,247,449092,5235,8545673,18802400
8117,283,247,448809,5271,8545920,18729200
8118,274,270,448535,5275,8546190,18415100
8119,280,281,448255,5274,8546471,18441200
8120,250,267,448005,5257,8546738,18531400
8121,261,267,447744,5251,8547005,18386300
8122,251,273,447493,5229,8547278,18331000
8123,252,251,447241,5230,8547529,18607200
8124,285,272,446956,5243,8547801,18380700
8125,262,279,446694,5226,8548080,18425200
8126,235,243,446459,5218,8548323,18736700
8127,255,278,446204,5195,8548601,18591700
8128,284,253,445920,5226,8548854,19308700
8129,252,274,445668,5204,8549128,19299800
8130,278,228,445390,5254,8549356,18560900
8131,253,258,445137,5249,8549614,18830000
8132,247,251,444890,5245,8549865,18351800
8133,222,285,444668,5182,8550150,18766000
8134,244,268,444424,5158,8550418,18376400
8135,249,247,444175,5160,8550665,18544300
8136,259,251,443916,5168,8550916,19078400
8137,245,251,443671,5162,8551167,18914800
8138,259,284,443412,5137,8551451,18395800
8139,246,249,443166,5134,8551700,18389900
8140,254,265,442912,5123,8551965,18675700
8141,272,251,442640,5144,8552216,19407700
8142,253,264,442387,5133,8552480,18940500
8143,242,245,442145,5130,8552725,18589600
8144,283,236,441862,5177,8552961,18458000
8145,254,261,441608,5170,8553222,18719900
8146,236,242,441372,5164,8553464,18401100
8147,252,271,441120,5145,8553735,18410500
8148,253,276,440867,5122,8554011,18650100
8149,235,239,440632,5118,8554250,18394600
8150,279,259,440353,5138,8554509,18595000
8151,239,252,440114,5125,8554761,18477200
8152,236,268,439878,5093,8555029,19286900
8153,260,256,439618,5097,8555285,19063100
8154,262,267,439356,5092,8555552,18886000
8155,249,255,439107,5086,8555807,19377300
8156,269,262,438838,5093,8556069,19067400
8157,249,245,438589,5097,8556314,18896000
8158,242,237,438347,5102,8556551,18722000
8159,252,266,438095,5088,8556817,19241400
8160,237,255,437858,5070,8557072,18851700
8161,263,250,437595,5083,8557322,19523500
8162,230,246,437365,5067,8557568,18894100
8163,242,232,437123,5077,8557800,18872200
8164,260,230,436863,5107,8558030,18828000
8165,223,251,436640,5079,8558281,19071100
8166,246,241,436394,5084,8558522,18359500
8167,265,251,436129,5098,8558773,18366300
8168,235,272,435894,5061,8559045,18549900
8169,268,255,435626,5074,8559300,18663200
8170,243,232,435383,5085,8559532,18652900
8171,234,236,435149,5083,8559768,18967400
8172,194,233,434955,5044,8560001,18718600
8173,267,264,434688,5047,8560265,18473100
8174,240,240,434448,5047,8560505,18524900
8175,248,278,434200,5017,8560783,18410600
8176,263,264,433937,5016,8561047,18646000
8177,246,273,433691,4989,8561320,18456200
8178,274,235,433417,5028,8561555,18470800
8179,258,251,433159,5035,8561806,18572500
8180,219,263,432940,4991,8562069,19002400
8181,243,249,432697,4985,8562318,19000600
8182,245,248,432452,4982,8562566,19621800
8183,249,249,432203,4982,8562815,19171300
8184,251,232,431952,5001,8563047,18753400
8185,250,282,431702,4969,8563329,18885500
8186,236,258,431466,4947,8563587,18464300
8187,206,222,431260,4931,8563809,18421400
8188,219,249,431041,4901,8564058,18497100
8189,246,228,430795,4919,8564286,18820300
8190,257,244,430538,4932,8564530,18829500
8191,232,266,430306,4898,8564796,18478600
8192,246,249,430060,4895,8565045,18702500
8193,245,244,429815,4896,8565289,18350000
8194,216,265,429599,4847,8565554,18564800
8195,214,240,429385,4821,8565794,18626200
8196,228,230,429157,4819,8566024,19502000
8197,214,257,428943,4776,8566281,19040800
8198,225,247,428718,4754,8566528,18725400
8199,224,231,428494,4747,8566759,18500600
8200,212,228,428282,4731,8566987,18579000
8201,223,236,428059,4718,8567223,18699600
8202,209,249,427850,4678,8567472,18440900
8203,210,227,427640,4661,8567699,18676500
8204,221,235,427419,4647,8567934,18816100
8205,203,251,427216,4599,8568185,18642600
8206,231,227,426985,4603,8568412,18805900
8207,226,254,426759,4575,8568666,18466600
8208,217,224,426542,4568,8568890,18690300
8209,226,223,426316,4571,8569113,18959200
8210,220,226,426096,4565,8569339,18993500
8211,228,240,425868,4553,8569579,19028800
8212,234,238,425634,4549,8569817,18397500
8213,210,239,425424,4520,8570056,18410800
8214,214,228,425210,4506,8570284,18718500
8215,239,240,424971,4505,8570524,18483500
8216,218,231,424753,4492,8570755,18831000
8217,223,231,424530,4484,8570986,18518900
8218,247,231,424283,4500,8571217,18488700
8219,230,245,424053,4485,8571462,18560300
8220,239,212,423814,4512,8571674,19420700
8221,206,244,423608,4474,8571918,19814600
8222,215,238,423393,4451,8572156,18760800
8223,209,228,423184,4432,8572384,19029500
8224,228,235,422956,4425,8572619,19363800
8225,222,196,422734,4451,8572815,19502000
8226,232,225,422502,4458,8573040,19000400
8227,228,240,422274,4446,8573280,19001400
8228,209,238,422065,4417,8573518,19646600
8229,234,224,421831,4427,8573742,19266000
8230,223,219,421608,4431,8573961,18956800
8231,189,231,421419,4389,8574192,19160900
8232,215,213,421204,4391,8574405,18870600
8233,243,204,420961,4430,8574609,18893100
8234,216,233,420745,4413,8574842,18756100
8235,233,221,420512,4425,8575063,20001900
8236,253,237,420259,4441,8575300,18961300
8237,213,203,420046,4451,8575503,18752200
8238,257,241,419789,4467,8575744,18650200
8239,212,239,419577,4440,8575983,18576400
8240,253,218,419324,4475,8576201,18596700
8241,193,229,419131,4439,8576430,18514800
8242,248,216,418883,4471,8576646,18860100
8243,230,235,418653,4466,8576881,18690600
8244,238,208,418415,4496,8577089,18531300
8245,214,226,418201,4484,8577315,18535900
8246,241,248,417960,4477,8577563,18474200
8247,229,229,417731,4477,8577792,18668600
8248,235,208,417496,4504,8578000,18583900
8249,220,220,417276,4504,8578220,18466400
8250,207,225,417069,4486,8578445,18540700
8251,215,228,416854,4473,8578673,18752800
8252,219,211,416635,4481,8578884,18569800
8253,229,229,416406,4481,8579113,18583900
8254,201,217,416205,4465,8579330,18502500
8255,220,223,415985,4462,8579553,18808200
8256,220,223,415765,4459,8579776,18526700
8257,218,217,415547,4460,8579993,18541300
8258,237,210,415310,4487,8580203,18922400
8259,233,241,415077,4479,8580444,18709900
8260,208,211,414869,4476,8580655,18947300
8261,233,224,414636,4485,8580879,18901500
8262,235,225,414401,4495,8581104,18471700
8263,208,225,414193,4478,8581329,18546400
8264,230,214,413963,4494,8581543,18517200
8265,235,216,413728,4513,8581759,18513000
8266,223,216,413505,4520,8581975,18411500
8267,240,237,413265,4523,8582212,18852700
8268,252,220,413013,4555,8582432,18482700
8269,232,248,412781,4539,8582680,18681400
8270,235,212,412546,4562,8582892,18823200
8271,237,232,412309,4567,8583124,18518800
8272,228,242,412081,4553,8583366,18556400
8273,220,216,411861,4557,8583582,18381600
8274,216,221,411645,4552,8583803,18487100
8275,226,227,411419,4551,8584030,18938300
8276,249,238,411170,4562,8584268,18904700
8277,225,181,410945,4606,8584449,18506500
8278,207,201,410738,4612,8584650,18469200
8279,209,240,410529,4581,8584890,18430800
8280,207,247,410322,4541,8585137,18862000
8281,211,230,410111,4522,8585367,18464000
8282,211,222,409900,4511,8585589,18437200
8283,224,235,409676,4500,8585824,18628600
8284,224,231,409452,4493,8586055,18496400
8285,228,204,409224,4517,8586259,18909200
8286,194,247,409030,4464,8586506,18549100
8287,213,232,408817,4445,8586738,18596200
8288,212,223,408605,4434,8586961,19313000
8289,228,239,408377,4423,8587200,19600800
8290,228,222,408149,4429,8587422,19454600
8291,234,219,407915,4444,8587641,19304300
8292,200,242,407715,4402,8587883,19129100
8293,216,231,407499,4387,8588114,19524400
8294,244,192,407255,4439,8588306,18799400
8295,227,230,407028,4436,8588536,18993900
8296,207,236,406821,4407,8588772,19072000
8297,234,234,406587,4407,8589006,19369600
8298,210,222,406377,4395,8589228,18887900
8299,212,236,406165,4371,8589464,19135400
8300,203,235,405962,4339,8589699,19001600
8301,224,220,405738,4343,8589919,18786700
8302,214,234,405524,4323,8590153,18583300
8303,231,225,405293,4329,8590378,18547800
8304,210,220,405083,4319,8590598,18442200
8305,204,223,404879,4300,8590821,18059600
8306,198,205,404681,4293,8591026,18159300
8307,203,220,404478,4276,8591246,18354800
8308,208,196,404270,4288,8591442,19046500
8309,188,227,404082,4249,8591669,18527300
8310,204,208,403878,4245,8591877,18494800
8311,188,187,403690,4246,8592064,18527400
8312,190,203,403500,4233,8592267,19055800
8313,221,201,403279,4253,8592468,18316800
8314,211,201,403068,4263,8592669,18598700
8315,218,226,402850,4255,8592895,18744800
8316,212,211,402638,4256,8593106,19127600
8317,218,198,402420,4276,8593304,18511800
8318,209,217,402211,4268,8593521,18596500
8319,209,248,402002,4229,8593769,18644500
8320,225,203,401777,4251,8593972,18483300
8321,200,207,401577,4244,8594179,18504500
8322,206,185,401371,4265,8594364,18321800
8323,223,203,401148,4285,8594567,18586600
8324,204,200,400944,4289,8594767,18807700
8325,189,224,400755,4254,8594991,18434000
8326,181,217,400574,4218,8595208,18528100
8327,217,212,400357,4223,8595420,18781500
8328,220,197,400137,4246,8595617,18877100
8329,206,219,399931,4233,8595836,18445800
8330,211,205,399720,4239,8596041,18716700
8331,211,221,399509,4229,8596262,19145900
8332,184,215,399325,4198,8596477,18677500
8333,184,207,399141,4175,8596684,18528500
8334,212,233,398929,4154,8596917,18507900
8335,198,213,398731,4139,8597130,18792400
8336,192,213,398539,4118,8597343,18445600
8337,209,206,398330,4121,8597549,18443900
8338,199,208,398131,4112,8597757,18491000
8339,200,204,397931,4108,8597961,18526500
8340,204,200,397727,4112,8598161,18558800
8341,213,201,397514,4124,8598362,18423500
8342,200,196,397314,4128,8598558,19098700
8343,193,214,397121,4107,8598772,19076100
8344,201,215,396920,4093,8598987,18857900
8345,203,213,396717,4083,8599200,18527400
8346,199,218,396518,4064,8599418,18404800
8347,227,199,396291,4092,8599617,18781700
8348,192,223,396099,4061,8599840,18368700
8349,174,207,395925,4028,8600047,18756400
8350,212,185,395713,4055,8600232,18489400
8351,193,215,395520,4033,8600447,18524500
8352,206,178,395314,4061,8600625,19124700
8353,194,245,395120,4010,8600870,18499400
8354,199,177,394921,4032,8601047,18459500
8355,209,219,394712,4022,8601266,19125000
8356,199,226,394513,3995,8601492,19829700
8357,207,185,394306,4017,8601677,19461900
8358,203,189,394103,4031,8601866,19037900
8359,212,175,393891,4068,8602041,19268500
8360,212,209,393679,4071,8602250,19176200
8361,219,232,393460,4058,8602482,18878100
8362,226,203,393234,4081,8602685,19048600
8363,215,224,393019,4072,8602909,18667700
8364,207,216,392812,4063,8603125,18660500
8365,180,231,392632,4012,8603356,18761100
8366,201,200,392431,4013,8603556,19142000
8367,176,227,392255,3962,8603783,18645300
8368,197,189,392058,3970,8603972,18890800
8369,212,168,391846,4014,8604140,19025600
8370,189,214,391657,3989,8604354,18398300
8371,206,224,391451,3971,8604578,18358600
8372,188,222,391263,3937,8604800,18046200
8373,192,195,391071,3934,8604995,18401700
8374,188,203,390883,3919,8605198,18926900
8375,190,215,390693,3894,8605413,18365300
8376,213,199,390480,3908,8605612,18491800
8377,166,206,390314,3868,8605818,18447000
8378,203,195,390111,3876,8606013,18455600
8379,189,198,389922,3867,8606211,19017000
8380,204,203,389718,3868,8606414,18672100
8381,229,202,389489,3895,8606616,18433100
8382,199,210,389290,3884,8606826,18531400
8383,155,187,389135,3852,8607013,18472900
8384,193,195,388942,3850,8607208,18910600
8385,181,198,388761,3833,8607406,18408300
8386,187,192,388574,3828,8607598,18672100
8387,188,211,388386,3805,8607809,18430300
8388,204,188,388182,3821,8607997,18296600
8389,196,183,387986,3834,8608180,18741200
8390,196,196,387790,3834,8608376,18415800
8391,187,187,387603,3834,8608563,18871600
8392,181,187,387422,3828,8608750,18544900
8393,180,176,387242,3832,8608926,18645800
8394,184,194,387058,3822,8609120,18706000
8395,175,208,386883,3789,8609328,18848600
8396,223,190,386660,3822,8609518,18674400
8397,214,211,386446,3825,8609729,19480600
8398,211,178,386235,3858,8609907,18862600
8399,202,216,386033,3844,8610123,18627200
8400,209,178,385824,3875,8610301,19066900
8401,192,180,385632,3887,8610481,18416100
8402,192,185,385440,3894,8610666,18502000
8403,186,183,385254,3897,8610849,18597200
8404,186,197,385068,3886,8611046,18710900
8405,181,217,384887,3850,8611263,18464100
8406,188,197,384699,3841,8611460,18589700
8407,201,214,384498,3828,8611674,18472800
8408,175,217,384323,3786,8611891,18518100
8409,185,169,384138,3802,8612060,18599000
8410,203,188,383935,3817,8612248,18537100
8411,194,193,383741,3818,8612441,18927800
8412,211,201,383530,3828,8612642,18419100
8413,179,201,383351,3806,8612843,18521900
8414,202,214,383149,3794,8613057,18611500
8415,193,195,382956,3792,8613252,18795700
8416,193,205,382763,3780,8613457,18932000
8417,200,194,382563,3786,8613651,18449400
8418,181,183,382382,3784,8613834,18390000
8419,177,185,382205,3776,8614019,18486500
8420,166,186,382039,3756,8614205,18599900
8421,184,161,381855,3779,8614366,18458000
8422,188,188,381667,3779,8614554,18660100
8423,185,188,381482,3776,8614742,18539500
8424,180,199,381302,3757,8614941,18556900
8425,175,171,381127,3761,8615112,19200000
8426,190,199,380937,3752,8615311,19101900
8427,177,177,380760,3752,8615488,18572800
8428,196,205,380564,3743,8615693,18579600
8429,178,180,380386,3741,8615873,19130300
8430,182,193,380204,3730,8616066,18814000
8431,174,189,380030,3715,8616255,18646400
8432,173,169,379857,3719,8616424,18990900
8433,200,192,379657,3727,8616616,18877600
8434,170,202,379487,3695,8616818,19335700
8435,176,186,379311,3685,8617004,18901300
8436,193,190,379118,3688,8617194,19776300
8437,190,183,378928,3695,8617377,18942300
8438,164,178,378764,3681,8617555,19633800
8439,168,193,378596,3656,8617748,19046000
8440,161,183,378435,3634,8617931,18475700
8441,178,190,378257,3622,8618121,18968100
8442,196,174,378061,3644,8618295,18438900
8443,177,165,377884,3656,8618460,18506500
8444,198,166,377686,3688,8618626,18774800
8445,180,158,377506,3710,8618784,18548400
8446,164,170,377342,3704,8618954,18839000
8447,187,197,377155,3694,8619151,18483900
8448,173,191,376982,3676,8619342,18250000
8449,176,176,376806,3676,8619518,18654400
8450,173,170,376633,3679,8619688,18696100
8451,169,166,376464,3682,8619854,19219600
8452,176,175,376288,3683,8620029,18860900
8453,205,173,376083,3715,8620202,18358600
8454,185,190,375898,3710,8620392,19254300
8455,167,208,375731,3669,8620600,18434200
8456,186,151,375545,3704,8620751,18489900
8457,201,183,375344,3722,8620934,18767500
8458,162,190,375182,3694,8621124,18494100
8459,175,159,375007,3710,8621283,18605000
8460,197,195,374810,3712,8621478,18545300
8461,179,218,374631,3673,8621696,18480800
8462,187,200,374444,3660,8621896,18534300
8463,175,194,374269,3641,8622090,18453500
8464,201,202,374068,3640,8622292,18463700
8465,187,182,373881,3645,8622474,18527700
8466,205,190,373676,3660,8622664,19056500
8467,187,198,373489,3649,8622862,18467300
8468,183,192,373306,3640,8623054,18453900
8469,173,163,373133,3650,8623217,18534800
8470,182,194,372951,3638,8623411,18653800
8471,200,189,372751,3649,8623600,18515500
8472,185,175,372566,3659,8623775,18485800
8473,177,196,372389,3640,8623971,18508200
8474,199,184,372190,3655,8624155,18514100
8475,195,212,371995,3638,8624367,18710500
8476,177,198,371818,3617,8624565,18734500
8477,204,165,371614,3656,8624730,18661200
8478,177,181,371437,3652,8624911,18933900
8479,174,192,371263,3634,8625103,19005600
8480,174,205,371089,3603,8625308,18723800
8481,161,195,370928,3569,8625503,18306200
8482,188,190,370740,3567,8625693,18419900
8483,163,173,370577,3557,8625866,18459900
8484,184,162,370393,3579,8626028,18429400
8485,171,187,370222,3563,8626215,18684800
8486,165,176,370057,3552,8626391,18350700
8487,174,188,369883,3538,8626579,18483500
8488,162,184,369721,3516,8626763,18444900
8489,181,178,369540,3519,8626941,18700800
8490,173,172,369367,3520,8627113,18524900
8491,182,186,369185,3516,8627299,18450900
8492,189,164,368996,3541,8627463,18450000
8493,182,165,368814,3558,8627628,19313800
8494,178,166,368636,3570,8627794,18994800
8495,177,179,368459,3568,8627973,19171200
8496,177,190,368282,3555,8628163,19486000
8497,199,184,368083,3570,8628347,19109400
8498,197,159,367886,3608,8628506,18658100
8499,174,188,367712,3594,8628694,18840000
8500,207,143,367505,3658,8628837,19035700
8501,187,174,367318,3671,8629011,19123600
8502,178,195,367140,3654,8629206,19023400
8503,169,182,366971,3641,8629388,19443800
8504,196,188,366775,3649,8629576,19054300
8505,193,174,366582,3668,8629750,19189900
8506,203,149,366379,3722,8629899,18753300
8507,191,198,366188,3715,8630097,19143900
8508,180,189,366008,3706,8630286,18470800
8509,172,193,365836,3685,8630479,18418700
8510,199,174,365637,3710,8630653,18417000
8511,190,186,365447,3714,8630839,18480400
8512,186,211,365261,3689,8631050,18784900
8513,194,188,365067,3695,8631238,18632500
8514,165,180,364902,3680,8631418,18495100
8515,182,176,364720,3686,8631594,18640300
8516,177,182,364543,3681,8631776,18402100
8517,175,174,364368,3682,8631950,18703700
8518,182,181,364186,3683,8632131,19164900
8519,204,147,363982,3740,8632278,18454100
8520,178,171,363804,3747,8632449,18713200
8521,185,167,363619,3765,8632616,18950600
8522,194,178,363425,3781,8632794,18323700
8523,183,175,363242,3789,8632969,18687800
8524,201,194,363041,3796,8633163,18480200
8525,188,184,362853,3800,8633347,18581500
8526,180,187,362673,3793,8633534,18478100
8527,188,207,362485,3774,8633741,18968100
8528,186,228,362299,3732,8633969,18584500
8529,173,199,362126,3706,8634168,18469800
8530,177,173,361949,3710,8634341,18670700
8531,179,193,361770,3696,8634534,18541300
8532,182,188,361588,3690,8634722,18670200
8533,182,192,361406,3680,8634914,18588700
8534,178,166,361228,3692,8635080,18513000
8535,194,169,361034,3717,8635249,18984000
8536,195,182,360839,3730,8635431,18472200
8537,210,186,360629,3754,8635617,18617300
8538,186,191,360443,3749,8635808,18449600
8539,157,188,360286,3718,8635996,18481200
8540,176,179,360110,3715,8636175,18765300
8541,188,209,359922,3694,8636384,18545100
8542,184,199,359738,3679,8636583,18842600
8543,172,178,359566,3673,8636761,19708400
8544,168,187,359398,3654,8636948,19470300
8545,188,199,359210,3643,8637147,19062800
8546,175,181,359035,3637,8637328,19197300
8547,167,201,358868,3603,8637529,19258400
8548,140,167,358728,3576,8637696,19979300
8549,169,172,358559,3573,8637868,19740500
8550,165,173,358394,3565,8638041,19200000
8551,183,187,358211,3561,8638228,19201000
8552,190,189,358021,3562,8638417,19244500
8553,167,160,357854,3569,8638577,19094700
8554,182,163,357672,3588,8638740,18660100
8555,175,168,357497,3595,8638908,19308100
8556,168,178,357329,3585,8639086,18781700
8557,163,202,357166,3546,8639288,20064400
8558,149,169,357017,3526,8639457,19641500
8559,157,182,356860,3501,8639639,19207200
8560,155,159,356705,3497,8639798,19374900
8561,154,169,356551,3482,8639967,19387400
8562,169,176,356382,3475,8640143,19439000
8563,176,169,356206,3482,8640312,19404300
8564,150,165,356056,3467,8640477,19287500
8565,178,180,355878,3465,8640657,19243700
8566,145,153,355733,3457,8640810,19332400
8567,157,173,355576,3441,8640983,19471700
8568,170,179,355406,3432,8641162,19548300
8569,164,167,355242,3429,8641329,19567200
8570,161,146,355081,3444,8641475,19703600
8571,142,176,354939,3410,8641651,19048400
8572,192,194,354747,3408,8641845,19199400
8573,154,183,354593,3379,8642028,19379600
8574,155,187,354438,3347,8642215,20010500
8575,150,160,354288,3337,8642375,19746500
8576,174,183,354114,3328,8642558,19295500
8577,170,179,353944,3319,8642737,19590400
8578,166,162,353778,3323,8642899,19573500
8579,176,159,353602,3340,8643058,19234300
8580,167,187,353435,3320,8643245,19024000
8581,173,178,353262,3315,8643423,19322900
8582,160,178,353102,3297,8643601,19603000
8583,170,163,352932,3304,8643764,19723300
8584,181,169,352751,3316,8643933,19850600
8585,162,141,352589,3337,8644074,19095500
8586,188,162,352401,3363,8644236,19343700
8587,162,177,352239,3348,8644413,20115600
8588,185,138,352054,3395,8644551,18985100
8589,159,169,351895,3385,8644720,18884300
8590,175,165,351720,3395,8644885,18830600
8591,175,166,351545,3404,8645051,19277600
8592,176,177,351369,3403,8645228,18625800
8593,184,177,351185,3410,8645405,18293800
8594,210,171,350975,3449,8645576,18573600
8595,185,151,350790,3483,8645727,18483300
8596,177,161,350613,3499,8645888,18370200
8597,178,177,350435,3500,8646065,18774500
8598,156,162,350279,3494,8646227,18405800
8599,178,180,350101,3492,8646407,18719100
8600,189,175,349912,3506,8646582,19100100
8601,194,173,349718,3527,8646755,18335900
8602,166,163,349552,3530,8646918,18356500
8603,180,182,349372,3528,8647100,18391100
8604,188,174,349184,3542,8647274,18478200
8605,205,193,348979,3554,8647467,18610800
8606,182,180,348797,3556,8647647,19087900
8607,185,173,348612,3568,8647820,18840800
8608,174,189,348438,3553,8648009,18617900
8609,193,188,348245,3558,8648197,18578400
8610,184,171,348061,3571,8648368,19164400
8611,180,173,347881,3578,8648541,19057400
8612,170,180,347711,3568,8648721,19264200
8613,170,190,347541,3548,8648911,18260300
8614,176,160,347365,3564,8649071,18682600
8615,179,158,347186,3585,8649229,18466000
8616,176,183,347010,3578,8649412,18559400
8617,204,185,346806,3597,8649597,18417100
8618,178,163,346628,3612,8649760,18328600
8619,166,184,346462,3594,8649944,18412700
8620,177,155,346285,3616,8650099,18698400
8621,167,186,346118,3597,8650285,18953700
8622,163,185,345955,3575,8650470,18597400
8623,183,181,345772,3577,8650651,18337400
8624,164,165,345608,3576,8650816,18446900
8625,173,189,345435,3560,8651005,18548300
8626,195,161,345240,3594,8651166,18503400
8627,189,169,345051,3614,8651335,18902900
8628,187,173,344864,3628,8651508,18481000
8629,193,188,344671,3633,8651696,18604100
8630,174,177,344497,3630,8651873,18890700
8631,169,180,344328,3619,8652053,19483500
8632,180,186,344148,3613,8652239,19986400
8633,182,169,343966,3626,8652408,18929100
8634,187,167,343779,3646,8652575,19076600
8635,171,177,343608,3640,8652752,18832600
8636,170,191,343438,3619,8652943,18971900
8637,171,173,343267,3617,8653116,18759300
8638,164,161,343103,3620,8653277,18581800
8639,183,173,342920,3630,8653450,19017500
8640,181,177,342739,3634,8653627,18750100
8641,186,160,342553,3660,8653787,19095400
8642,187,176,342366,3671,8653963,19101700
8643,192,186,342174,3677,8654149,18979400
8644,180,203,341994,3654,8654352,18883700
8645,178,167,341816,3665,8654519,18524000
8646,181,205,341635,3641,8654724,18744900
8647,190,189,341445,3642,8654913,18423500
8648,177,173,341268,3646,8655086,18534200
8649,182,185,341086,3643,8655271,19043200
8650,193,190,340893,3646,8655461,18783200
8651,172,201,340721,3617,8655662,18737400
8652,174,177,340547,3614,8655839,20042200
8653,187,186,340360,3615,8656025,20001600
8654,161,195,340199,3581,8656220,20053700
8655,170,189,340029,3562,8656409,19998000
8656,186,162,339843,3586,8656571,19900100
8657,186,194,339657,3578,8656765,19129800
8658,202,201,339455,3579,8656966,18233200
8659,173,208,339282,3544,8657174,18354800
8660,165,189,339117,3520,8657363,18378100
8661,155,204,338962,3471,8657567,18701200
8662,162,171,338800,3462,8657738,18436300
8663,148,172,338652,3438,8657910,18900700
8664,182,183,338470,3437,8658093,18798000
8665,154,167,338316,3424,8658260,19312600
8666,155,167,338161,3412,8658427,18612700
8667,145,169,338016,3388,8658596,18424300
8668,161,185,337855,3364,8658781,18614400
8669,175,137,337680,3402,8658918,18475400
8670,137,183,337543,3356,8659101,18524100
8671,169,148,337374,3377,8659249,18663100
8672,170,172,337204,3375,8659421,18405100
8673,158,173,337046,3360,8659594,19205900
8674,180,185,336866,3355,8659779,18549100
8675,159,154,336707,3360,8659933,18554100
8676,186,167,336521,3379,8660100,18931700
8677,175,163,336346,3391,8660263,18560200
8678,149,167,336197,3373,8660430,18879900
8679,163,171,336034,3365,8660601,18527200
8680,174,161,335860,3378,8660762,18467900
8681,173,160,335687,3391,8660922,18526100
8682,157,147,335530,3401,8661069,18438600
8683,157,156,335373,3402,8661225,18419200
8684,148,152,335225,3398,8661377,18421800
8685,160,162,335065,3396,8661539,18513400
8686,163,152,334902,3407,8661691,18496600
8687,179,158,334723,3428,8661849,18454200
8688,170,192,334553,3406,8662041,18437100
8689,181,149,334372,3438,8662190,18479400
8690,186,164,334186,3460,8662354,18498800
8691,177,184,334009,3453,8662538,18317300
8692,154,166,333855,3441,8662704,18503100
8693,151,193,333704,3399,8662897,19029100
8694,197,165,333507,3431,8663062,18816000
8695,195,171,333312,3455,8663233,18439000
8696,175,169,333137,3461,8663402,18557200
8697,160,176,332977,3445,8663578,18406100
8698,176,195,332801,3426,8663773,19239700
8699,156,170,332645,3412,8663943,19084600
8700,182,156,332463,3438,8664099,19045400
8701,167,175,332296,3430,8664274,19158100
8702,182,168,332114,3444,8664442,18974900
8703,173,154,331941,3463,8664596,19029400
8704,180,160,331761,3483,8664756,19057900
8705,161,193,331600,3451,8664949,18774000
8706,173,168,331427,3456,8665117,19000400
8707,158,167,331269,3447,8665284,19387300
8708,144,183,331125,3408,8665467,19210400
8709,172,173,330953,3407,8665640,18848600
8710,155,161,330798,3401,8665801,18948200
8711,143,179,330655,3365,8665980,18881000
8712,154,164,330501,3355,8666144,19053400
8713,164,164,330337,3355,8666308,18351900
8714,151,157,330186,3349,8666465,18362000
8715,170,155,330016,3364,8666620,18573200
8716,137,155,329879,3346,8666775,18678900
8717,150,167,329729,3329,8666942,18461800
8718,138,152,329591,3315,8667094,18683300
8719,166,175,329425,3306,8667269,19229500
8720,159,154,329266,3311,8667423,18782400
8721,150,137,329116,3324,8667560,18410100
8722,146,194,328970,3276,8667754,18498900
8723,165,185,328805,3256,8667939,18445900
8724,171,175,328634,3252,8668114,18410500
8725,137,159,328497,3230,8668273,18461000
8726,145,145,328352,3230,8668418,18426300
8727,163,174,328189,3219,8668592,18420900
8728,155,163,328034,3211,8668755,18843300
8729,142,156,327892,3197,8668911,18527000
8730,158,158,327734,3197,8669069,18649700
8731,158,166,327576,3189,8669235,18842400
8732,164,157,327412,3196,8669392,18533200
8733,148,140,327264,3204,8669532,18863700
8734,166,144,327098,3226,8669676,18397600
8735,154,179,326944,3201,8669855,18561200
8736,170,147,326774,3224,8670002,18509100
8737,156,152,326618,3228,8670154,18517000
8738,138,192,326480,3174,8670346,18839200
8739,161,133,326319,3202,8670479,18386400
8740,157,180,326162,3179,8670659,18452700
8741,165,169,325997,3175,8670828,18949900
8742,144,162,325853,3157,8670990,19139400
8743,140,189,325713,3108,8671179,18562700
8744,141,166,325572,3083,8671345,18626000
8745,152,154,325420,3081,8671499,18364300
8746,164,155,325256,3090,8671654,18455800
8747,156,166,325100,3080,8671820,18127300
8748,168,168,324932,3080,8671988,18093100
8749,178,139,324754,3119,8672127,18970300
8750,166,164,324588,3121,8672291,18474300
8751,130,152,324458,3099,8672443,18417600
8752,156,150,324302,3105,8672593,19195700
8753,134,170,324168,3069,8672763,18969900
8754,151,171,324017,3049,8672934,18442000
8755,155,158,323862,3046,8673092,18918200
8756,161,152,323701,3055,8673244,18639800
8757,152,153,323549,3054,8673397,18414100
8758,159,169,323390,3044,8673566,19085200
8759,150,172,323240,3022,8673738,18762200
8760,159,151,323081,3030,8673889,18606000
8761,147,160,322934,3017,8674049,18706600
8762,143,150,322791,3010,8674199,18510800
8763,159,124,322632,3045,8674323,18027600
8764,156,134,322476,3067,8674457,18263200
8765,155,148,322321,3074,8674605,18320400
8766,158,152,322163,3080,8674757,18328400
8767,157,158,322006,3079,8674915,18541800
8768,170,167,321836,3082,8675082,19007300
8769,157,133,321679,3106,8675215,19140500
8770,172,168,321507,3110,8675383,18793200
8771,181,146,321326,3145,8675529,19028800
8772,150,150,321176,3145,8675679,19040200
8773,152,162,321024,3135,8675841,20260000
8774,172,150,320852,3157,8675991,19621500
8775,164,164,320688,3157,8676155,18917200
8776,157,171,320531,3143,8676326,19134300
8777,158,151,320373,3150,8676477,19006400
8778,170,148,320203,3172,8676625,19694700
8779,170,174,320033,3168,8676799,18893200
8780,177,165,319856,3180,8676964,18534300
8781,168,175,319688,3173,8677139,18775900
8782,158,167,319530,3164,8677306,18294600
8783,153,163,319377,3154,8677469,18383200
8784,170,143,319207,3181,8677612,18465100
8785,150,148,319057,3183,8677760,18695900
8786,152,153,318905,3182,8677913,18283100
8787,169,160,318736,3191,8678073,18307000
8788,161,166,318575,3186,8678239,18487900
8789,149,174,318426,3161,8678413,18462300
8790,150,172,318276,3139,8678585,18447600
8791,150,154,318126,3135,8678739,18567900
8792,149,149,317977,3135,8678888,18374200
8793,140,152,317837,3123,8679040,18307300
8794,159,164,317678,3118,8679204,18345300
8795,154,164,317524,3108,8679368,18373300
8796,144,173,317380,3079,8679541,18482300
8797,147,134,317233,3092,8679675,18501500
8798,174,156,317059,3110,8679831,18368700
8799,165,148,316894,3127,8679979,18069800
8800,166,161,316728,3132,8680140,18333400
8801,151,161,316577,3122,8680301,18326600
8802,144,144,316433,3122,8680445,18367100
8803,139,147,316294,3114,8680592,18353800
8804,156,170,316138,3100,8680762,18740700
8805,148,146,315990,3102,8680908,18905700
8806,140,159,315850,3083,8681067,18599300
8807,157,149,315693,3091,8681216,18335600
8808,145,170,315548,3066,8681386,18704600
8809,142,173,315406,3035,8681559,18405600
8810,143,177,315263,3001,8681736,18379400
8811,158,147,315105,3012,8681883,18367800
8812,174,157,314931,3029,8682040,18437000
8813,144,158,314787,3015,8682198,18657900
8814,161,142,314626,3034,8682340,18374800
8815,169,144,314457,3059,8682484,18393800
8816,159,145,314298,3073,8682629,18435800
8817,152,146,314146,3079,8682775,18579200
8818,154,149,313992,3084,8682924,18789600
8819,146,178,313846,3052,8683102,18416000
8820,156,150,313690,3058,8683252,18415400
8821,164,136,313526,3086,8683388,18447900
8822,166,167,313360,3085,8683555,18460100
8823,178,148,313182,3115,8683703,18798800
8824,158,153,313024,3120,8683856,18435400
8825,155,149,312869,3126,8684005,18415700
8826,150,154,312719,3122,8684159,19320100
8827,138,152,312581,3108,8684311,19355100
8828,148,148,312433,3108,8684459,18542500
8829,148,138,312285,3118,8684597,18350900
8830,153,153,312132,3118,8684750,18397600
8831,162,170,311970,3110,8684920,18316700
8832,136,144,311834,3102,8685064,18392500
8833,146,149,311688,3099,8685213,18373700
8834,147,135,311541,3111,8685348,18542400
8835,140,154,311401,3097,8685502,18848700
8836,164,156,311237,3105,8685658,19605900
8837,136,136,311101,3105,8685794,18962300
8838,138,157,310963,3086,8685951,18944800
8839,116,157,310847,3045,8686108,19269900
8840,132,155,310715,3022,8686263,20037000
8841,162,145,310553,3039,8686408,18723800
8842,155,125,310398,3069,8686533,19049600
8843,154,168,310244,3055,8686701,19017300
8844,161,168,310083,3048,8686869,19279600
8845,158,146,309925,3060,8687015,19013800
8846,149,163,309776,3046,8687178,18832400
8847,173,130,309603,3089,8687308,19003800
8848,142,150,309461,3081,8687458,19065000
8849,144,156,309317,3069,8687614,18744100
8850,153,147,309164,3075,8687761,18729500
8851,152,160,309012,3067,8687921,18087800
8852,144,161,308868,3050,8688082,18105300
8853,137,163,308731,3024,8688245,18366200
8854,154,141,308577,3037,8688386,18778600
8855,139,148,308438,3028,8688534,18335500
8856,149,144,308289,3033,8688678,18342900
8857,152,133,308137,3052,8688811,18424500
8858,169,147,307968,3074,8688958,18494000
8859,156,140,307812,3090,8689098,18831400
8860,140,154,307672,3076,8689252,18651700
8861,138,138,307534,3076,8689390,18352000
8862,158,164,307376,3070,8689554,18424200
8863,140,158,307236,3052,8689712,18480400
8864,132,141,307104,3043,8689853,18417100
8865,139,160,306965,3022,8690013,18842300
8866,151,161,306814,3012,8690174,18432100
8867,144,162,306670,2994,8690336,18751600
8868,163,140,306507,3017,8690476,18660700
8869,140,161,306367,2996,8690637,18503900
8870,133,142,306234,2987,8690779,18729900
8871,155,144,306079,2998,8690923,18400700
8872,153,149,305926,3002,8691072,18402600
8873,134,144,305792,2992,8691216,18445600
8874,154,156,305638,2990,8691372,18522700
8875,137,147,305501,2980,8691519,18385600
8876,134,153,305367,2961,8691672,18385400
8877,147,160,305220,2948,8691832,18623500
8878,137,162,305083,2923,8691994,18420600
8879,129,160,304954,2892,8692154,18517700
8880,136,152,304818,2876,8692306,19017300
8881,139,137,304679,2878,8692443,19176500
8882,131,149,304548,2860,8692592,18340300
8883,124,138,304424,2846,8692730,18375600
8884,118,134,304306,2830,8692864,18387200
8885,124,126,304182,2828,8692990,18444500
8886,151,148,304031,2831,8693138,18416700
8887,144,142,303887,2833,8693280,18651500
8888,128,144,303759,2817,8693424,18467900
8889,135,141,303624,2811,8693565,18376700
8890,153,151,303471,2813,8693716,18904800
8891,113,140,303358,2786,8693856,18456100
8892,131,132,303227,2785,8693988,18454900
8893,141,131,303086,2795,8694119,18560900
8894,141,126,302945,2810,8694245,18655300
8895,145,155,302800,2800,8694400,18641100
8896,139,132,302661,2807,8694532,18431300
8897,147,138,302514,2816,8694670,18453300
8898,164,148,302350,2832,8694818,18730800
8899,141,142,302209,2831,8694960,18713500
8900,162,148,302047,2845,8695108,18622600
8901,150,140,301897,2855,8695248,18855000
8902,144,132,301753,2867,8695380,18649900
8903,144,161,301609,2850,8695541,18846800
8904,158,179,301451,2829,8695720,18710200
8905,154,150,301297,2833,8695870,19069400
8906,148,127,301149,2854,8695997,19062900
8907,111,137,301038,2828,8696134,19074200
8908,117,138,300921,2807,8696272,18934000
8909,128,145,300793,2790,8696417,18994700
8910,143,135,300650,2798,8696552,19400100
8911,142,150,300508,2790,8696702,19380000
8912,133,138,300375,2785,8696840,19334500
8913,124,150,300251,2759,8696990,18854400
8914,132,155,300119,2736,8697145,18953700
8915,127,133,299992,2730,8697278,19178600
8916,156,154,299836,2732,8697432,18879200
8917,140,140,299696,2732,8697572,18583200
8918,143,139,299553,2736,8697711,18397300
8919,136,149,299417,2723,8697860,18430800
8920,130,153,299287,2700,8698013,18386200
8921,143,149,299144,2694,8698162,18475500
8922,138,118,299006,2714,8698280,18299900
8923,156,141,298850,2729,8698421,18459600
8924,147,126,298703,2750,8698547,18697400
8925,150,133,298553,2767,8698680,18658900
8926,128,127,298425,2768,8698807,18457000
8927,122,160,298303,2730,8698967,18136900
8928,129,140,298174,2719,8699107,18668800
8929,144,136,298030,2727,8699243,18386100
8930,126,146,297904,2707,8699389,18674400
8931,119,144,297785,2682,8699533,18593100
8932,143,160,297642,2665,8699693,18561400
8933,127,145,297515,2647,8699838,18381500
8934,140,131,297375,2656,8699969,19472100
8935,129,120,297246,2665,8700089,19231900
8936,131,123,297115,2673,8700212,18888800
8937,138,124,296977,2687,8700336,18359100
8938,132,119,296845,2700,8700455,18430200
8939,149,146,296696,2703,8700601,18608100
8940,140,158,296556,2685,8700759,18390200
8941,138,150,296418,2673,8700909,18493900
8942,139,139,296279,2673,8701048,18908700
8943,145,158,296134,2660,8701206,18358200
8944,131,129,296003,2662,8701335,18782200
8945,140,135,295863,2667,8701470,18803700
8946,139,116,295724,2690,8701586,18343800
8947,154,112,295570,2732,8701698,18431100
8948,129,138,295441,2723,8701836,18575000
8949,171,143,295270,2751,8701979,18557400
8950,150,141,295120,2760,8702120,18621700
8951,135,138,294985,2757,8702258,19627500
8952,162,132,294823,2787,8702390,18717400
8953,159,139,294664,2807,8702529,18222400
8954,154,132,294510,2829,8702661,18401300
8955,151,141,294359,2839,8702802,18908900
8956,146,141,294213,2844,8702943,18978300
8957,150,171,294063,2823,8703114,18441400
8958,146,151,293917,2818,8703265,18380000
8959,151,139,293766,2830,8703404,18350900
8960,155,135,293611,2850,8703539,18400900
8961,162,144,293449,2868,8703683,18464400
8962,150,159,293299,2859,8703842,18448400
8963,152,142,293147,2869,8703984,18649300
8964,161,150,292986,2880,8704134,18904100
8965,160,140,292826,2900,8704274,18346300
8966,169,147,292657,2922,8704421,18722700
8967,159,113,292498,2968,8704534,18803300
8968,181,153,292317,2996,8704687,18479500
8969,136,138,292181,2994,8704825,18444000
8970,164,147,292017,3011,8704972,18345500
8971,141,165,291876,2987,8705137,18808200
8972,151,128,291725,3010,8705265,18486500
8973,150,145,291575,3015,8705410,19000500
8974,169,163,291406,3021,8705573,19287500
8975,180,153,291226,3048,8705726,18739900
8976,166,162,291060,3052,8705888,19158700
8977,173,141,290887,3084,8706029,19343900
8978,167,163,290720,3088,8706192,18931500
8979,158,165,290562,3081,8706357,19119600
8980,145,140,290417,3086,8706497,19447200
8981,165,116,290252,3135,8706613,19098900
8982,155,160,290097,3130,8706773,19232100
8983,158,164,289939,3124,8706937,18960800
8984,175,154,289764,3145,8707091,19188100
8985,166,161,289598,3150,8707252,18988600
8986,151,166,289447,3135,8707418,19735700
8987,161,152,289286,3144,8707570,19064300
8988,159,158,289127,3145,8707728,19730900
8989,175,150,288952,3170,8707878,18449500
8990,155,144,288797,3181,8708022,18752500
8991,151,158,288646,3174,8708180,18239300
8992,153,179,288493,3148,8708359,18455600
8993,151,166,288342,3133,8708525,18507700
8994,132,157,288210,3108,8708682,18836100
8995,143,156,288067,3095,8708838,18613800
8996,151,157,287916,3089,8708995,18919100
8997,155,153,287761,3091,8709148,18356100
8998,115,152,287646,3054,8709300,18452300
8999,122,145,287524,3031,8709445,18465300
9000,135,134,287389,3032,8709579,18947200
9001,151,191,287238,2992,8709770,18792600
9002,148,147,287090,2993,8709917,18390800
9003,153,174,286937,2972,8710091,18431800
9004,136,146,286801,2962,8710237,18532800
9005,135,149,286666,2948,8710386,18805800
9006,135,129,286531,2954,8710515,18669700
9007,128,165,286403,2917,8710680,18445500
9008,125,154,286278,2888,8710834,18539900
9009,138,145,286140,2881,8710979,18394000
9010,136,132,286004,2885,8711111,19004400
9011,144,126,285860,2903,8711237,18724400
9012,124,138,285736,2889,8711375,18387600
9013,134,116,285602,2907,8711491,18322400
9014,130,150,285472,2887,8711641,18669200
9015,138,153,285334,2872,8711794,19533400
9016,137,124,285197,2885,8711918,18771400
9017,144,158,285053,2871,8712076,18382900
9018,131,146,284922,2856,8712222,18312400
9019,133,135,284789,2854,8712357,18331200
9020,136,153,284653,2837,8712510,18333100
9021,137,152,284516,2822,8712662,18375100
9022,120,131,284396,2811,8712793,18608300
9023,127,172,284269,2766,8712965,18222100
9024,111,139,284158,2738,8713104,18315200
9025,139,154,284019,2723,8713258,18264800
9026,152,145,283867,2730,8713403,18964000
9027,152,153,283715,2729,8713556,18616400
9028,141,140,283574,2730,8713696,18831300
9029,107,113,283467,2724,8713809,18380400
9030,125,138,283342,2711,8713947,18387100
9031,128,131,283214,2708,8714078,18384800
9032,123,135,283091,2696,8714213,18507300
9033,138,134,282953,2700,8714347,18524900
9034,137,152,282816,2685,8714499,18479800
9035,124,138,282692,2671,8714637,18408800
9036,128,132,282564,2667,8714769,18392700
9037,140,135,282424,2672,8714904,18486000
9038,127,120,282297,2679,8715024,18405800
9039,129,124,282168,2684,8715148,18657800
9040,147,131,282021,2700,8715279,18411100
9041,142,130,281879,2712,8715409,18826700
9042,139,137,281740,2714,8715546,19235500
9043,157,136,281583,2735,8715682,19376500
9044,132,134,281451,2733,8715816,18643900
9045,149,149,281302,2733,8715965,19052300
9046,119,142,281183,2710,8716107,19127200
9047,130,129,281053,2711,8716236,19272000
9048,142,138,280911,2715,8716374,18775200
9049,140,114,280771,2741,8716488,18671700
9050,147,146,280624,2742,8716634,18684100
9051,134,135,280490,2741,8716769,18852900
9052,143,125,280347,2759,8716894,18924100
9053,139,140,280208,2758,8717034,19298300
9054,145,121,280063,2782,8717155,18690800
9055,133,137,279930,2778,8717292,18966000
9056,134,133,279796,2779,8717425,18872800
9057,137,147,279659,2769,8717572,19020500
9058,122,148,279537,2743,8717720,18573700
9059,138,136,279399,2745,8717856,18622500
9060,129,121,279270,2753,8717977,18425500
9061,131,155,279139,2729,8718132,18388200
9062,111,129,279028,2711,8718261,18727200
9063,125,124,278903,2712,8718385,18919300
9064,141,139,278762,2714,8718524,18579800
9065,130,143,278632,2701,8718667,19143900
9066,137,143,278495,2695,8718810,18285600
9067,112,144,278383,2663,8718954,18326500
9068,123,129,278260,2657,8719083,18349700
9069,141,145,278119,2653,8719228,18415000
9070,138,119,277981,2672,8719347,18447000
9071,137,147,277844,2662,8719494,18489300
9072,143,134,277701,2671,8719628,18447200
9073,132,145,277569,2658,8719773,18768900
9074,146,134,277423,2670,8719907,18355700
9075,123,136,277300,2657,8720043,18372400
9076,125,148,277175,2634,8720191,18513000
9077,122,117,277053,2639,8720308,18392100
9078,141,134,276912,2646,8720442,18462300
9079,129,146,276783,2629,8720588,18413300
9080,135,125,276648,2639,8720713,18815900
9081,136,120,276512,2655,8720833,18424000
9082,142,105,276370,2692,8720938,18400100
9083,146,139,276224,2699,8721077,18454000
9084,132,136,276092,2695,8721213,18361600
9085,150,122,275942,2723,8721335,18635500
9086,131,151,275811,2703,8721486,18381400
9087,145,126,275666,2722,8721612,18686700
9088,131,142,275535,2711,8721754,18842700
9089,137,149,275398,2699,8721903,18398600
9090,130,133,275268,2696,8722036,18615300
9091,134,161,275134,2669,8722197,18813100
9092,131,137,275003,2663,8722334,18592000
9093,132,135,274871,2660,8722469,18775800
9094,129,151,274742,2638,8722620,19100500
9095,131,148,274611,2621,8722768,18682800
9096,121,120,274490,2622,8722888,18769100
9097,117,116,274373,2623,8723004,19139300
9098,145,124,274228,2644,8723128,18463700
9099,133,119,274095,2658,8723247,18346900
9100,112,128,273983,2642,8723375,18381900
9101,137,159,273846,2620,8723534,18401800
9102,141,120,273705,2641,8723654,18639500
9103,132,138,273573,2635,8723792,18457800
9104,123,118,273450,2640,8723910,18743100
9105,140,117,273310,2663,8724027,18922100
9106,144,147,273166,2660,8724174,18374600
9107,144,112,273022,2692,8724286,18450300
9108,151,131,272871,2712,8724417,18480300
9109,123,144,272748,2691,8724561,18511000
9110,126,141,272622,2676,8724702,19037600
9111,98,121,272524,2653,8724823,19041900
9112,134,131,272390,2656,8724954,19558900
9113,125,121,272265,2660,8725075,19105200
9114,149,130,272116,2679,8725205,19137400
9115,138,144,271978,2673,8725349,19037400
9116,130,145,271848,2658,8725494,18756500
9117,144,126,271704,2676,8725620,19013400
9118,141,128,271563,2689,8725748,18623700
9119,140,137,271423,2692,8725885,18852500
9120,177,139,271246,2730,8726024,18837900
9121,157,135,271089,2752,8726159,19106300
9122,151,122,270938,2781,8726281,18991800
9123,139,145,270799,2775,8726426,18551300
9124,131,173,270668,2733,8726599,18504800
9125,136,122,270532,2747,8726721,18284000
9126,136,143,270396,2740,8726864,18406100
9127,148,152,270248,2736,8727016,19101000
9128,153,125,270095,2764,8727141,18413700
9129,140,150,269955,2754,8727291,18458300
9130,136,124,269819,2766,8727415,18449400
9131,138,145,269681,2759,8727560,18500100
9132,143,147,269538,2755,8727707,18441400
9133,124,150,269414,2729,8727857,18353500
9134,134,135,269280,2728,8727992,18768800
9135,142,149,269138,2721,8728141,18353700
9136,128,123,269010,2726,8728264,18407700
9137,126,141,268884,2711,8728405,18357700
9138,146,119,268738,2738,8728524,18482700
9139,140,138,268598,2740,8728662,18446600
9140,126,136,268472,2730,8728798,18495500
9141,123,141,268349,2712,8728939,18467800
9142,138,144,268211,2706,8729083,18382000
9143,128,137,268083,2697,8729220,18433200
9144,128,128,267955,2697,8729348,18522200
9145,144,126,267811,2715,8729474,18354300
9146,113,122,267698,2706,8729596,18442300
9147,132,147,267566,2691,8729743,18327600
9148,137,123,267429,2705,8729866,18558000
9149,132,102,267297,2735,8729968,18513500
9150,108,122,267189,2721,8730090,18980000
9151,134,133,267055,2722,8730223,19195100
9152,139,131,266916,2730,8730354,18660300
9153,138,142,266778,2726,8730496,18589300
9154,135,148,266643,2713,8730644,18883000
9155,146,161,266497,2698,8730805,18424300
9156,136,124,266361,2710,8730929,18470700
9157,147,154,266214,2703,8731083,18552700
9158,126,158,266088,2671,8731241,18355200
9159,118,137,265970,2652,8731378,18373000
9160,137,150,265833,2639,8731528,18710800
9161,135,143,265698,2631,8731671,18450300
9162,135,115,265563,2651,8731786,18335100
9163,122,124,265441,2649,8731910,18386800
9164,125,121,265316,2653,8732031,18421700
9165,127,123,265189,2657,8732154,18515300
9166,134,131,265055,2660,8732285,18352400
9167,130,147,264925,2643,8732432,18439000
9168,127,137,264798,2633,8732569,18246500
9169,147,126,264651,2654,8732695,18335700
9170,122,127,264529,2649,8732822,18364700
9171,147,136,264382,2660,8732958,18979700
9172,119,153,264263,2626,8733111,18446900
9173,143,129,264120,2640,8733240,18422600
9174,121,118,263999,2643,8733358,18410000
9175,138,149,263861,2632,8733507,18498900
9176,136,148,263725,2620,8733655,18801600
9177,126,123,263599,2623,8733778,18499300
9178,123,139,263476,2607,8733917,18587300
9179,120,134,263356,2593,8734051,18923900
9180,116,136,263240,2573,8734187,18843500
9181,131,130,263109,2574,8734317,19057600
9182,124,132,262985,2566,8734449,18827000
9183,126,122,262859,2570,8734571,18929000
9184,139,118,262720,2591,8734689,19138900
9185,129,115,262591,2605,8734804,18874400
9186,117,118,262474,2604,8734922,19079000
9187,119,148,262355,2575,8735070,18722700
9188,152,130,262203,2597,8735200,19213100
9189,159,140,262044,2616,8735340,18925500
9190,131,127,261913,2620,8735467,19128900
9191,134,124,261779,2630,8735591,18703700
9192,139,117,261640,2652,8735708,18679600
9193,127,140,261513,2639,8735848,18405100
9194,122,110,261391,2651,8735958,18346100
9195,126,132,261265,2645,8736090,18610900
9196,107,142,261158,2610,8736232,19037400
9197,123,131,261035,2602,8736363,18371000
9198,129,130,260906,2601,8736493,18337900
9199,133,126,260773,2608,8736619,18367000
9200,134,147,260639,2595,8736766,18453000
9201,112,132,260527,2575,8736898,18496000
9202,135,147,260392,2563,8737045,18383300
9203,112,125,260280,2550,8737170,18368800
9204,111,151,260169,2510,8737321,18762100
9205,143,108,260026,2545,8737429,19125600
9206,123,111,259903,2557,8737540,18832300
9207,119,142,259784,2534,8737682,18285400
9208,138,133,259646,2539,8737815,18328300
9209,113,134,259533,2518,8737949,18455200
9210,115,132,259418,2501,8738081,18373800
9211,115,122,259303,2494,8738203,18511300
9212,133,132,259170,2495,8738335,18298100
9213,123,129,259047,2489,8738464,18360800
9214,132,126,258915,2495,8738590,18334100
9215,130,112,258785,2513,8738702,18449200
9216,128,126,258657,2515,8738828,18580100
9217,139,132,258518,2522,8738960,18761300
9218,134,123,258384,2533,8739083,18898700
9219,129,134,258255,2528,8739217,18783300
9220,130,147,258125,2511,8739364,18374000
9221,119,155,258006,2475,8739519,18378800
9222,137,126,257869,2486,8739645,18447300
9223,133,125,257736,2494,8739770,18741600
9224,138,126,257598,2506,8739896,18855600
9225,124,144,257474,2486,8740040,18579700
9226,121,140,257353,2467,8740180,18467700
9227,129,138,257224,2458,8740318,18510400
9228,130,117,257094,2471,8740435,18416600
9229,135,129,256959,2477,8740564,18437700
9230,127,123,256832,2481,8740687,18377300
9231,119,124,256713,2476,8740811,18376700
9232,126,117,256587,2485,8740928,18477200
9233,123,137,256464,2471,8741065,18544200
9234,114,142,256350,2443,8741207,18600800
9235,129,150,256221,2422,8741357,18968200
9236,112,106,256109,2428,8741463,18950800
9237,130,117,255979,2441,8741580,18893700
9238,139,124,255840,2456,8741704,18484200
9239,127,122,255713,2461,8741826,18456100
9240,133,129,255580,2465,8741955,18202700
9241,120,125,255460,2460,8742080,18442000
9242,118,113,255342,2465,8742193,18530300
9243,137,146,255205,2456,8742339,18569000
9244,147,121,255058,2482,8742460,18426500
9245,143,122,254915,2503,8742582,18874600
9246,128,130,254787,2501,8742712,18363000
9247,127,140,254660,2488,8742852,18668600
9248,129,119,254531,2498,8742971,19189000
9249,126,146,254405,2478,8743117,19772200
9250,124,106,254281,2496,8743223,18717300
9251,122,138,254159,2480,8743361,18841700
9252,116,124,254043,2472,8743485,19252100
9253,112,143,253931,2441,8743628,20681300
9254,130,137,253801,2434,8743765,18914500
9255,125,123,253676,2436,8743888,18449300
9256,106,120,253570,2422,8744008,18554100
9257,124,115,253446,2431,8744123,19990300
9258,123,138,253323,2416,8744261,18976200
9259,129,126,253194,2419,8744387,19107000
9260,123,129,253071,2413,8744516,19233900
9261,143,99,252928,2457,8744615,18869400
9262,139,114,252789,2482,8744729,18303900
9263,114,111,252675,2485,8744840,18463100
9264,124,141,252551,2468,8744981,18433900
9265,126,130,252425,2464,8745111,18872600
9266,129,132,252296,2461,8745243,18390000
9267,111,129,252185,2443,8745372,18493400
9268,120,120,252065,2443,8745492,18328600
9269,139,132,251926,2450,8745624,18506400
9270,136,112,251790,2474,8745736,18376700
9271,142,109,251648,2507,8745845,18440600
9272,123,116,251525,2514,8745961,18785600
9273,121,132,251404,2503,8746093,18411900
9274,117,108,251287,2512,8746201,18369700
9275,138,129,251149,2521,8746330,18489900
9276,134,124,251015,2531,8746454,18346900
9277,128,125,250887,2534,8746579,18447700
9278,121,116,250766,2539,8746695,18460300
9279,120,145,250646,2514,8746840,18408100
9280,140,137,250506,2517,8746977,18480600
9281,120,123,250386,2514,8747100,18661300
9282,127,114,250259,2527,8747214,18569900
9283,118,127,250141,2518,8747341,18974400
9284,119,132,250022,2505,8747473,19113200
9285,132,136,249890,2501,8747609,19003000
9286,118,127,249772,2492,8747736,18792500
9287,125,114,249647,2503,8747850,18564300
9288,128,118,249519,2513,8747968,18382100
9289,132,131,249387,2514,8748099,18368300
9290,132,133,249255,2513,8748232,18309500
9291,120,117,249135,2516,8748349,18562000
9292,125,113,249010,2528,8748462,18883100
9293,117,125,248893,2520,8748587,18531700
9294,102,116,248791,2506,8748703,18406800
9295,126,132,248665,2500,8748835,18651600
9296,115,112,248550,2503,8748947,19038400
9297,119,126,248431,2496,8749073,18391900
9298,126,124,248305,2498,8749197,18275800
9299,109,112,248196,2495,8749309,18350300
9300,119,119,248077,2495,8749428,18344900
9301,97,122,247980,2470,8749550,18435000
9302,136,109,247844,2497,8749659,18837200
9303,126,96,247718,2527,8749755,18527900
9304,136,139,247582,2524,8749894,19079400
9305,122,112,247460,2534,8750006,18668500
9306,121,138,247339,2517,8750144,18365300
9307,122,132,247217,2507,8750276,18547700
9308,130,142,247087,2495,8750418,18494600
9309,106,127,246981,2474,8750545,18352500
9310,130,106,246851,2498,8750651,18360500
9311,124,138,246727,2484,8750789,18790300
9312,132,111,246595,2505,8750900,18356800
9313,126,121,246469,2510,8751021,19178300
9314,135,114,246334,2531,8751135,19439000
9315,118,135,246216,2514,8751270,18611800
9316,133,122,246083,2525,8751392,18909700
9317,134,128,245949,2531,8751520,19245100
9318,117,131,245832,2517,8751651,19062700
9319,123,115,245709,2525,8751766,19177300
9320,144,134,245565,2535,8751900,18689800
9321,126,141,245439,2520,8752041,18825000
9322,119,142,245320,2497,8752183,19130600
9323,127,148,245193,2476,8752331,18628400
9324,127,132,245066,2471,8752463,18724000
9325,136,128,244930,2479,8752591,19166300
9326,118,117,244812,2480,8752708,18838600
9327,130,135,244682,2475,8752843,18914200
9328,119,130,244563,2464,8752973,18509400
9329,117,129,244446,2452,8753102,18423400
9330,144,145,244302,2451,8753247,18412000
9331,138,128,244164,2461,8753375,18276400
9332,141,122,244023,2480,8753497,18746600
9333,122,122,243901,2480,8753619,18256300
9334,132,111,243769,2501,8753730,19090400
9335,122,144,243647,2479,8753874,18997300
9336,127,121,243520,2485,8753995,18499900
9337,134,107,243386,2512,8754102,18412200
9338,126,111,243260,2527,8754213,18394100
9339,139,128,243121,2538,8754341,18518200
9340,133,120,242988,2551,8754461,18387800
9341,119,140,242869,2530,8754601,18601400
9342,113,137,242756,2506,8754738,18341800
9343,122,118,242634,2510,8754856,18497000
9344,119,121,242515,2508,8754977,18566700
9345,119,120,242396,2507,8755097,18787200
9346,124,138,242272,2493,8755235,18382500
9347,126,112,242146,2507,8755347,18451900
9348,130,128,242016,2509,8755475,18475200
9349,131,129,241885,2511,8755604,18391800
9350,137,140,241748,2508,8755744,18435300
9351,116,110,241632,2514,8755854,18540500
9352,116,139,241516,2491,8755993,18473200
9353,121,136,241395,2476,8756129,18532700
9354,103,118,241292,2461,8756247,19223900
9355,122,107,241170,2476,8756354,18368600
9356,126,140,241044,2462,8756494,18551400
9357,109,137,240935,2434,8756631,18635100
9358,109,105,240826,2438,8756736,18760400
9359,98,110,240728,2426,8756846,18721300
9360,129,115,240599,2440,8756961,19147700
9361,118,127,240481,2431,8757088,19411000
9362,118,134,240363,2415,8757222,18495800
9363,112,122,240251,2405,8757344,18631500
9364,100,120,240151,2385,8757464,19034800
9365,137,100,240014,2422,8757564,18478700
9366,115,127,239899,2410,8757691,18524700
9367,111,135,239788,2386,8757826,18717000
9368,105,122,239683,2369,8757948,19403900
9369,115,120,239568,2364,8758068,19224400
9370,116,121,239452,2359,8758189,18452400
9371,117,133,239335,2343,8758322,18325300
9372,110,110,239225,2343,8758432,18436500
9373,119,137,239106,2325,8758569,18627600
9374,134,126,238972,2333,8758695,18702700
9375,114,119,238858,2328,8758814,18780000
9376,118,116,238740,2330,8758930,18840600
9377,117,122,238623,2325,8759052,18658800
9378,111,121,238512,2315,8759173,18652100
9379,100,134,238412,2281,8759307,18429100
9380,104,124,238308,2261,8759431,18467200
9381,117,107,238191,2271,8759538,18372000
9382,121,103,238070,2289,8759641,18406900
9383,118,118,237952,2289,8759759,18459600
9384,125,114,237827,2300,8759873,19324600
9385,124,123,237703,2301,8759996,19415800
9386,130,108,237573,2323,8760104,19137000
9387,129,106,237444,2346,8760210,19357900
9388,133,139,237311,2340,8760349,18565100
9389,127,104,237184,2363,8760453,18981600
9390,113,119,237071,2357,8760572,18734700
9391,150,141,236921,2366,8760713,18976200
9392,152,123,236769,2395,8760836,19035500
9393,102,128,236667,2369,8760964,19041700
9394,149,105,236518,2413,8761069,19059500
9395,126,131,236392,2408,8761200,19103500
9396,123,115,236269,2416,8761315,18817200
9397,130,117,236139,2429,8761432,19066600
9398,109,114,236030,2424,8761546,18786100
9399,112,126,235918,2410,8761672,18811900
9400,111,131,235807,2390,8761803,18528800
9401,122,118,235685,2394,8761921,18436600
9402,130,128,235555,2396,8762049,18470900
9403,125,115,235430,2406,8762164,18719900
9404,126,134,235304,2398,8762298,18743200
9405,132,120,235172,2410,8762418,18405700
9406,122,144,235050,2388,8762562,18522000
9407,98,111,234952,2375,8762673,18422300
9408,128,115,234824,2388,8762788,18591800
9409,112,112,234712,2388,8762900,19056600
9410,108,115,234604,2381,8763015,18522800
9411,123,138,234481,2366,8763153,18658700
9412,112,124,234369,2354,8763277,18512000
9413,118,109,234251,2363,8763386,18397800
9414,126,124,234125,2365,8763510,18587900
9415,106,113,234019,2358,8763623,18421300
9416,120,133,233899,2345,8763756,18463000
9417,124,98,233775,2371,8763854,18470200
9418,104,126,233671,2349,8763980,18447800
9419,133,122,233538,2360,8764102,18971200
9420,113,122,233425,2351,8764224,18580400
9421,107,127,233318,2331,8764351,19576500
9422,113,111,233205,2333,8764462,19177000
9423,118,112,233087,2339,8764574,18680300
9424,130,125,232957,2344,8764699,18360400
9425,109,106,232848,2347,8764805,18567200
9426,116,115,232732,2348,8764920,18546700
9427,117,117,232615,2348,8765037,18569500
9428,107,120,232508,2335,8765157,18923700
9429,114,107,232394,2342,8765264,18477500
9430,116,124,232278,2334,8765388,18542100
9431,112,121,232166,2325,8765509,18493400
9432,112,117,232054,2320,8765626,18544400
9433,113,141,231941,2292,8765767,18500000
9434,108,120,231833,2280,8765887,18414200
9435,96,116,231737,2260,8766003,18411800
9436,123,112,231614,2271,8766115,18985500
9437,117,130,231497,2258,8766245,18471900
9438,112,125,231385,2245,8766370,18866700
9439,109,121,231276,2233,8766491,18722000
9440,109,118,231167,2224,8766609,18760800
9441,101,111,231066,2214,8766720,18920000
9442,81,118,230985,2177,8766838,18486100
9443,88,91,230897,2174,8766929,18343400
9444,94,109,230803,2159,8767038,18459400
9445,104,139,230699,2124,8767177,18473900
9446,114,98,230585,2140,8767275,18522300
9447,93,118,230492,2115,8767393,18627800
9448,99,117,230393,2097,8767510,18919800
9449,113,100,230280,2110,8767610,18455300
9450,105,104,230175,2111,8767714,18464000
9451,90,103,230085,2098,8767817,18611500
9452,102,109,229983,2091,8767926,19171400
9453,98,99,229885,2090,8768025,19458400
9454,119,114,229766,2095,8768139,19546000
9455,101,114,229665,2082,8768253,19044100
9456,87,98,229578,2071,8768351,19142100
9457,107,101,229471,2077,8768452,19166200
9458,94,106,229377,2065,8768558,19252300
9459,109,118,229268,2056,8768676,19054600
9460,117,113,229151,2060,8768789,19053700
9461,115,104,229036,2071,8768893,18624600
9462,107,94,228929,2084,8768987,19072800
9463,98,100,228831,2082,8769087,19696600
9464,108,95,228723,2095,8769182,18968800
9465,94,103,228629,2086,8769285,19378400
9466,104,94,228525,2096,8769379,18935300
9467,129,106,228396,2119,8769485,18755400
9468,87,102,228309,2104,8769587,18434500
9469,111,77,228198,2138,8769664,18430000
9470,101,117,228097,2122,8769781,18607300
9471,96,94,228001,2124,8769875,18896900
9472,117,115,227884,2126,8769990,18597800
9473,106,104,227778,2128,8770094,18387800
9474,130,105,227648,2153,8770199,18910100
9475,123,113,227525,2163,8770312,19263200
9476,105,108,227420,2160,8770420,19008100
9477,106,90,227314,2176,8770510,18504500
9478,105,111,227209,2170,8770621,18309100
9479,124,120,227085,2174,8770741,18472000
9480,136,106,226949,2204,8770847,18435700
9481,106,115,226843,2195,8770962,18499100
9482,108,106,226735,2197,8771068,18655000
9483,110,95,226625,2212,8771163,18368700
9484,111,120,226514,2203,8771283,18410300
9485,104,112,226410,2195,8771395,18610700
9486,109,93,226301,2211,8771488,18948100
9487,127,115,226174,2223,8771603,18476700
9488,106,98,226068,2231,8771701,18551000
9489,109,123,225959,2217,8771824,18450200
9490,127,112,225832,2232,8771936,18550400
9491,112,99,225720,2245,8772035,18564200
9492,92,107,225628,2230,8772142,18624700
9493,113,113,225515,2230,8772255,18559200
9494,109,115,225406,2224,8772370,18340000
9495,118,98,225288,2244,8772468,18387300
9496,117,111,225171,2250,8772579,18497400
9497,121,118,225050,2253,8772697,18617300
9498,124,111,224926,2266,8772808,18542300
9499,93,96,224833,2263,8772904,18556600
9500,120,115,224713,2268,8773019,18465500
9501,120,127,224593,2261,8773146,18572000
9502,123,109,224470,2275,8773255,18532700
9503,112,108,224358,2279,8773363,19229700
9504,115,121,224243,2273,8773484,18816400
9505,124,97,224119,2300,8773581,18422900
9506,120,92,223999,2328,8773673,18503000
9507,116,105,223883,2339,8773778,18570800
9508,117,127,223766,2329,8773905,18424100
9509,104,127,223662,2306,8774032,18914200
9510,104,119,223558,2291,8774151,18456600
9511,124,119,223434,2296,8774270,18392200
9512,105,120,223329,2281,8774390,18486800
9513,106,110,223223,2277,8774500,18972300
9514,86,109,223137,2254,8774609,18529300
9515,106,103,223031,2257,8774712,18512700
9516,105,114,222926,2248,8774826,18478500
9517,110,108,222816,2250,8774934,18385900
9518,105,101,222711,2254,8775035,18425200
9519,95,98,222616,2251,8775133,18870800
9520,116,129,222500,2238,8775262,19275100
9521,131,118,222369,2251,8775380,19302200
9522,114,109,222255,2256,8775489,18621800
9523,120,124,222135,2252,8775613,19337300
9524,127,112,222008,2267,8775725,19397300
9525,126,109,221882,2284,8775834,19179300
9526,122,114,221760,2292,8775948,19170500
9527,113,120,221647,2285,8776068,19130500
9528,103,127,221544,2261,8776195,19574000
9529,134,112,221410,2283,8776307,19265900
9530,113,128,221297,2268,8776435,18742100
9531,131,91,221166,2308,8776526,19006400
9532,114,116,221052,2306,8776642,18919800
9533,106,122,220946,2290,8776764,18998000
9534,112,118,220834,2284,8776882,18592600
9535,120,124,220714,2280,8777006,18744000
9536,105,122,220609,2263,8777128,18472500
9537,116,116,220493,2263,8777244,18561900
9538,122,111,220371,2274,8777355,18870800
9539,116,121,220255,2269,8777476,18452200
9540,111,115,220144,2265,8777591,18353300
9541,116,101,220028,2280,8777692,18343900
9542,129,132,219899,2277,8777824,18574300
9543,114,116,219785,2275,8777940,18945000
9544,106,88,219679,2293,8778028,18441500
9545,134,129,219545,2298,8778157,18574100
9546,113,133,219432,2278,8778290,18856100
9547,115,135,219317,2258,8778425,18460300
9548,108,118,219209,2248,8778543,18549700
9549,105,119,219104,2234,8778662,18399400
9550,112,106,218992,2240,8778768,18992900
9551,128,116,218864,2252,8778884,18440600
9552,115,113,218749,2254,8778997,18561700
9553,112,133,218637,2233,8779130,18497000
9554,116,120,218521,2229,8779250,18657900
9555,130,99,218391,2260,8779349,18959500
9556,104,102,218287,2262,8779451,18498800
9557,107,120,218180,2249,8779571,18432400
9558,102,102,218078,2249,8779673,18605400
9559,111,101,217967,2259,8779774,18767100
9560,108,96,217859,2271,8779870,18931900
9561,114,109,217745,2276,8779979,18472300
9562,112,114,217633,2274,8780093,18542300
9563,112,116,217521,2270,8780209,18542700
9564,116,120,217405,2266,8780329,18577300
9565,105,102,217300,2269,8780431,18522700
9566,114,110,217186,2273,8780541,18684500
9567,102,112,217084,2263,8780653,18662800
9568,119,101,216965,2281,8780754,18496200
9569,122,109,216843,2294,8780863,18416500
9570,100,125,216743,2269,8780988,18724100
9571,109,113,216634,2265,8781101,18287100
9572,132,111,216502,2286,8781212,18532300
9573,122,127,216380,2281,8781339,18784600
9574,113,104,216267,2290,8781443,18523800
9575,102,111,216165,2281,8781554,18515700
9576,107,116,216058,2272,8781670,18554200
9577,119,115,215939,2276,8781785,18372400
9578,103,108,215836,2271,8781893,18429400
9579,120,124,215716,2267,8782017,18614000
9580,117,111,215599,2273,8782128,18847500
9581,104,112,215495,2265,8782240,18813900
9582,100,118,215395,2247,8782358,19085200
9583,99,102,215296,2244,8782460,19501300
9584,101,115,215195,2230,8782575,18425400
9585,116,104,215079,2242,8782679,18819800
9586,102,105,214977,2239,8782784,18265800
9587,115,124,214862,2230,8782908,18701000
9588,122,94,214740,2258,8783002,18777300
9589,104,100,214636,2262,8783102,19053000
9590,121,115,214515,2268,8783217,18932300
9591,129,126,214386,2271,8783343,19015400
9592,118,107,214268,2282,8783450,19256700
9593,109,85,214159,2306,8783535,19097300
9594,106,119,214053,2293,8783654,18837100
9595,100,116,213953,2277,8783770,18958100
9596,107,88,213846,2296,8783858,19145200
9597,97,106,213749,2287,8783964,19007300
9598,96,115,213653,2268,8784079,18948300
9599,100,114,213553,2254,8784193,19331300
9600,109,125,213444,2238,8784318,19244100
9601,112,89,213332,2261,8784407,19197100
9602,117,130,213215,2248,8784537,18392500
9603,106,107,213109,2247,8784644,18489600
9604,105,126,213004,2226,8784770,18324600
9605,101,113,212903,2214,8784883,18847300
9606,103,109,212800,2208,8784992,18567300
9607,100,105,212700,2203,8785097,18366900
9608,98,113,212602,2188,8785210,19047800
9609,98,104,212504,2182,8785314,18378400
9610,116,111,212388,2187,8785425,18321800
9611,96,101,212292,2182,8785526,18608200
9612,106,116,212186,2172,8785642,18490800
9613,107,105,212079,2174,8785747,18530000
9614,101,112,211978,2163,8785859,18513800
9615,97,100,211881,2160,8785959,18571000
9616,85,131,211796,2114,8786090,18782700
9617,97,113,211699,2098,8786203,18443100
9618,92,87,211607,2103,8786290,18411900
9619,77,106,211530,2074,8786396,18329900
9620,94,98,211436,2070,8786494,18456100
9621,98,100,211338,2068,8786594,19452400
9622,97,114,211241,2051,8786708,18515900
9623,107,93,211134,2065,8786801,18446700
9624,105,111,211029,2059,8786912,18583500
9625,101,98,210928,2062,8787010,18488400
9626,92,112,210836,2042,8787122,18757600
9627,91,93,210745,2040,8787215,18484500
9628,100,110,210645,2030,8787325,18336300
9629,90,110,210555,2010,8787435,18471500
9630,110,115,210445,2005,8787550,18615000
9631,98,94,210347,2009,8787644,18563800
9632,93,87,210254,2015,8787731,18623700
9633,106,104,210148,2017,8787835,18949500
9634,98,112,210050,2003,8787947,18474300
9635,96,113,209954,1986,8788060,19199100
9636,109,104,209845,1991,8788164,19294200
9637,92,81,209753,2002,8788245,18450200
9638,95,91,209658,2006,8788336,18496400
9639,99,97,209559,2008,8788433,18640800
9640,79,81,209480,2006,8788514,19368700
9641,98,108,209382,1996,8788622,18212700
9642,108,112,209274,1992,8788734,18269300
9643,111,115,209163,1988,8788849,18627400
9644,107,103,209056,1992,8788952,18519500
9645,86,100,208970,1978,8789052,18987400
9646,96,84,208874,1990,8789136,18535600
9647,108,125,208766,1973,8789261,18377800
9648,100,98,208666,1975,8789359,18332800
9649,116,84,208550,2007,8789443,18353700
9650,104,107,208446,2004,8789550,18581700
9651,100,102,208346,2002,8789652,18616900
9652,98,106,208248,1994,8789758,18419500
9653,94,109,208154,1979,8789867,18966300
9654,105,109,208049,1975,8789976,18449800
9655,100,87,207949,1988,8790063,18714200
9656,106,95,207843,1999,8790158,19533400
9657,116,96,207727,2019,8790254,18845100
9658,122,110,207605,2031,8790364,18694100
9659,101,108,207504,2024,8790472,19240800
9660,91,101,207413,2014,8790573,18839600
9661,101,94,207312,2021,8790667,18897300
9662,91,102,207221,2010,8790769,19278100
9663,81,101,207140,1990,8790870,18873500
9664,104,86,207036,2008,8790956,18716100
9665,91,101,206945,1998,8791057,19001600
9666,92,93,206853,1997,8791150,19142000
9667,112,95,206741,2014,8791245,19416200
9668,97,85,206644,2026,8791330,19307600
9669,100,88,206544,2038,8791418,18838700
9670,98,111,206446,2025,8791529,18554100
9671,96,95,206350,2026,8791624,18364800
9672,102,97,206248,2031,8791721,18379400
9673,92,113,206156,2010,8791834,18455700
9674,103,122,206053,1991,8791956,18419500
9675,105,109,205948,1987,8792065,18372600
9676,108,85,205840,2010,8792150,18414500
9677,99,95,205741,2014,8792245,18327900
9678,104,101,205637,2017,8792346,18373400
9679,107,86,205530,2038,8792432,18477400
9680,87,91,205443,2034,8792523,18574600
9681,98,89,205345,2043,8792612,18523100
9682,125,101,205220,2067,8792713,18450700
9683,101,100,205119,2068,8792813,18525900
9684,98,109,205021,2057,8792922,18434900
9685,111,91,204910,2077,8793013,18387600
9686,113,102,204797,2088,8793115,18374500
9687,111,117,204686,2082,8793232,18880100
9688,107,107,204579,2082,8793339,18785000
9689,104,111,204475,2075,8793450,18732300
9690,123,103,204352,2095,8793553,21380500
9691,87,93,204265,2089,8793646,18886000
9692,103,94,204162,2098,8793740,19066500
9693,101,100,204061,2099,8793840,18717700
9694,121,109,203940,2111,8793949,19074500
9695,102,112,203838,2101,8794061,18551400
9696,109,110,203729,2100,8794171,19018300
9697,113,124,203616,2089,8794295,18854300
9698,112,122,203504,2079,8794417,18375600
9699,110,97,203394,2092,8794514,18399600
9700,91,98,203303,2085,8794612,18769900
9701,90,101,203213,2074,8794713,19471200
9702,92,110,203121,2056,8794823,20004700
9703,104,118,203017,2042,8794941,19277500
9704,97,90,202920,2049,8795031,19719300
9705,117,116,202803,2050,8795147,19260700
9706,98,84,202705,2064,8795231,19487900
9707,115,100,202590,2079,8795331,21170200
9708,110,115,202480,2074,8795446,19137800
9709,107,114,202373,2067,8795560,19536900
9710,98,111,202275,2054,8795671,19165600
9711,109,101,202166,2062,8795772,18965300
9712,103,105,202063,2060,8795877,19419700
9713,100,100,201963,2060,8795977,19894700
9714,116,94,201847,2082,8796071,19395600
9715,109,100,201738,2091,8796171,18977500
9716,97,102,201641,2086,8796273,18982600
9717,113,127,201528,2072,8796400,19267800
9718,111,116,201417,2067,8796516,18875100
9719,97,92,201320,2072,8796608,18970200
9720,101,110,201219,2063,8796718,19209500
9721,92,103,201127,2052,8796821,18716400
9722,106,104,201021,2054,8796925,18769400
9723,102,99,200919,2057,8797024,19201900
9724,97,101,200822,2053,8797125,19132300
9725,97,98,200725,2052,8797223,19148400
9726,97,109,200628,2040,8797332,20556800
9727,121,117,200507,2044,8797449,19347700
9728,113,101,200394,2056,8797550,19686000
9729,105,87,200289,2074,8797637,19405700
9730,96,94,200193,2076,8797731,19529300
9731,104,130,200089,2050,8797861,19822300
9732,100,110,199989,2040,8797971,19603800
9733,121,110,199868,2051,8798081,20146900
9734,123,119,199745,2055,8798200,21687500
9735,107,105,199638,2057,8798305,19826100
9736,117,99,199521,2075,8798404,18771700
9737,102,104,199419,2073,8798508,18102600
9738,116,100,199303,2089,8798608,18557000
9739,128,128,199175,2089,8798736,18215800
9740,100,101,199075,2088,8798837,18279700
9741,113,126,198962,2075,8798963,18547900
9742,117,92,198845,2100,8799055,19051200
9743,97,107,198748,2090,8799162,19190200
9744,115,108,198633,2097,8799270,18500300
9745,107,114,198526,2090,8799384,18463800
9746,106,113,198420,2083,8799497,18647100
9747,108,92,198312,2099,8799589,18843600
9748,107,112,198205,2094,8799701,18456700
9749,100,116,198105,2078,8799817,18376300
9750,104,93,198001,2089,8799910,19084500
9751,103,94,197898,2098,8800004,18372600
9752,101,121,197797,2078,8800125,18728100
9753,110,97,197687,2091,8800222,18570000
9754,112,93,197575,2110,8800315,19150400
9755,94,108,197481,2096,8800423,18744800
9756,115,95,197366,2116,8800518,18701800
9757,109,137,197257,2088,8800655,18681600
9758,84,96,197173,2076,8800751,18956200
9759,111,110,197062,2077,8800861,18868300
9760,102,89,196960,2090,8800950,18424900
9761,94,102,196866,2082,8801052,18592900
9762,102,109,196764,2075,8801161,18394500
9763,115,101,196649,2089,8801262,18394300
9764,92,93,196557,2088,8801355,18376500
9765,119,87,196438,2120,8801442,18464100
9766,102,131,196336,2091,8801573,18481000
9767,86,91,196250,2086,8801664,18444300
9768,104,95,196146,2095,8801759,18388600
9769,107,99,196039,2103,8801858,18488900
9770,87,118,195952,2072,8801976,18344200
9771,88,112,195864,2048,8802088,18519900
9772,92,100,195772,2040,8802188,18477700
9773,82,123,195690,1999,8802311,18572500
9774,103,107,195587,1995,8802418,18441900
9775,111,92,195476,2014,8802510,18574300
9776,118,117,195358,2015,8802627,18363800
9777,84,101,195274,1998,8802728,18363500
9778,86,105,195188,1979,8802833,18464700
9779,100,89,195088,1990,8802922,18445100
9780,92,107,194996,1975,8803029,18450000
9781,99,90,194897,1984,8803119,18315600
9782,96,93,194801,1987,8803212,18397800
9783,102,91,194699,1998,8803303,18406900
9784,95,109,194604,1984,8803412,18702700
9785,87,111,194517,1960,8803523,18920000
9786,84,112,194433,1932,8803635,19045100
9787,99,97,194334,1934,8803732,18686200
9788,87,89,194247,1932,8803821,18552800
9789,91,85,194156,1938,8803906,18313300
9790,115,91,194041,1962,8803997,18702400
9791,95,108,193946,1949,8804105,19310200
9792,88,92,193858,1945,8804197,18900900
9793,93,95,193765,1943,8804292,18870500
9794,102,82,193663,1963,8804374,18658100
9795,93,91,193570,1965,8804465,19416900
9796,95,103,193475,1957,8804568,19399300
9797,95,88,193380,1964,8804656,19782800
9798,102,112,193278,1954,8804768,18919500
9799,102,95,193176,1961,8804863,18969900
9800,89,86,193087,1964,8804949,18940500
9801,88,94,192999,1958,8805043,19416000
9802,100,106,192899,1952,8805149,19012100
9803,84,97,192815,1939,8805246,18731100
9804,106,79,192709,1966,8805325,19120200
9805,93,69,192616,1990,8805394,18191900
9806,95,105,192521,1980,8805499,18193500
9807,88,100,192433,1968,8805599,18817500
9808,93,102,192340,1959,8805701,18398700
9809,96,100,192244,1955,8805801,18406900
9810,84,104,192160,1935,8805905,18397100
9811,94,98,192066,1931,8806003,18521700
9812,97,99,191969,1929,8806102,18583000
9813,102,117,191867,1914,8806219,18431800
9814,92,99,191775,1907,8806318,18539100
9815,92,86,191683,1913,8806404,18606900
9816,110,94,191573,1929,8806498,18752800
9817,95,86,191478,1938,8806584,18499000
9818,102,103,191376,1937,8806687,18642300
9819,81,97,191295,1921,8806784,18698700
9820,103,87,191192,1937,8806871,18917500
9821,85,109,191107,1913,8806980,18464900
9822,93,92,191014,1914,8807072,19034900
9823,91,99,190923,1906,8807171,19011700
9824,108,97,190815,1917,8807268,18826000
9825,108,104,190707,1921,8807372,18592000
9826,93,92,190614,1922,8807464,18588400
9827,109,109,190505,1922,8807573,18371600
9828,92,88,190413,1926,8807661,18415700
9829,106,77,190307,1955,8807738,18626900
9830,92,103,190215,1944,8807841,20187300
9831,82,98,190133,1928,8807939,18395400
9832,92,93,190041,1927,8808032,18550500
9833,95,82,189946,1940,8808114,18436400
9834,95,89,189851,1946,8808203,19069500
9835,103,99,189748,1950,8808302,18464600
9836,74,99,189674,1925,8808401,18881200
9837,101,97,189573,1929,8808498,18458000
9838,106,94,189467,1941,8808592,18539600
9839,92,107,189375,1926,8808699,19083400
9840,95,80,189280,1941,8808779,18481400
9841,102,86,189178,1957,8808865,18467600
9842,89,121,189089,1925,8808986,18446800
9843,84,88,189005,1921,8809074,18515400
9844,84,82,188921,1923,8809156,18512400
9845,66,103,188855,1886,8809259,18421200
9846,83,95,188772,1874,8809354,18452600
9847,88,96,188684,1866,8809450,18465500
9848,82,103,188602,1845,8809553,18548500
9849,81,93,188521,1833,8809646,18386900
9850,111,107,188410,1837,8809753,19257300
9851,84,96,188326,1825,8809849,19041200
9852,92,93,188234,1824,8809942,18476600
9853,90,87,188144,1827,8810029,18549800
9854,102,92,188042,1837,8810121,18205400
9855,94,91,187948,1840,8810212,18389300
9856,88,98,187860,1830,8810310,18329000
9857,94,86,187766,1838,8810396,18478000
9858,90,90,187676,1838,8810486,18504000
9859,97,100,187579,1835,8810586,19291900
9860,120,104,187459,1851,8810690,19078800
9861,87,95,187372,1843,8810785,19286900
9862,102,94,187270,1851,8810879,19006800
9863,98,80,187172,1869,8810959,18802000
9864,93,96,187079,1866,8811055,18947800
9865,101,90,186978,1877,8811145,19204400
9866,107,88,186871,1896,8811233,18836600
9867,102,83,186769,1915,8811316,19040100
9868,83,84,186686,1914,8811400,19039300
9869,98,89,186588,1923,8811489,19027800
9870,91,88,186497,1926,8811577,19065800
9871,98,107,186399,1917,8811684,18674600
9872,106,91,186293,1932,8811775,19197000
9873,79,107,186214,1904,8811882,18404800
9874,97,90,186117,1911,8811972,18408700
9875,91,96,186026,1906,8812068,18838800
9876,91,108,185935,1889,8812176,18659400
9877,97,111,185838,1875,8812287,18754400
9878,97,94,185741,1878,8812381,18541300
9879,89,87,185652,1880,8812468,18532200
9880,93,104,185559,1869,8812572,18392300
9881,79,96,185480,1852,8812668,18774100
9882,98,111,185382,1839,8812779,18915200
9883,98,93,185284,1844,8812872,18803500
9884,96,82,185188,1858,8812954,18843800
9885,84,105,185104,1837,8813059,18891600
9886,93,85,185011,1845,8813144,18495200
9887,69,90,184942,1824,8813234,18447800
9888,93,81,184849,1836,8813315,18426200
9889,94,98,184755,1832,8813413,18504200
9890,97,82,184658,1847,8813495,18954300
9891,82,71,184576,1858,8813566,18606800
9892,80,75,184496,1863,8813641,19144600
9893,84,86,184412,1861,8813727,18414200
9894,91,100,184321,1852,8813827,18823100
9895,105,89,184216,1868,8813916,18429200
9896,98,86,184118,1880,8814002,18517400
9897,110,103,184008,1887,8814105,18778700
9898,92,91,183916,1888,8814196,18429100
9899,106,108,183810,1886,8814304,18651400
9900,84,101,183726,1869,8814405,19025700
9901,100,92,183626,1877,8814497,19049400
9902,97,92,183529,1882,8814589,18434300
9903,101,84,183428,1899,8814673,18896900
9904,99,88,183329,1910,8814761,19211500
9905,98,96,183231,1912,8814857,18365600
9906,88,88,183143,1912,8814945,18940700
9907,84,84,183059,1912,8815029,18940100
9908,104,117,182955,1899,8815146,18421100
9909,103,109,182852,1893,8815255,18822400
9910,100,112,182752,1881,8815367,18338500
9911,85,106,182667,1860,8815473,18743600
9912,79,99,182588,1840,8815572,18365100
9913,94,86,182494,1848,8815658,18523200
9914,93,108,182401,1833,8815766,18644600
9915,99,109,182302,1823,8815875,18625400
9916,93,101,182209,1815,8815976,18412000
9917,94,88,182115,1821,8816064,18438200
9918,98,80,182017,1839,8816144,18457300
9919,84,91,181933,1832,8816235,18693000
9920,106,97,181827,1841,8816332,18374000
9921,94,83,181733,1852,8816415,18471100
9922,94,106,181639,1840,8816521,19105800
9923,80,81,181559,1839,8816602,18399800
9924,93,96,181466,1836,8816698,18686000
9925,96,72,181370,1860,8816770,18342400
9926,81,93,181289,1848,8816863,18439800
9927,87,77,181202,1858,8816940,18985200
9928,93,82,181109,1869,8817022,19314500
9929,89,88,181020,1870,8817110,18755300
9930,80,99,180940,1851,8817209,19006100
9931,89,88,180851,1852,8817297,19202600
9932,84,85,180767,1851,8817382,18711200
9933,89,97,180678,1843,8817479,18747400
9934,88,108,180590,1823,8817587,19303500
9935,73,67,180517,1829,8817654,18689000
9936,87,102,180430,1814,8817756,18833500
9937,95,84,180335,1825,8817840,19197800
9938,82,77,180253,1830,8817917,18953800
9939,91,76,180162,1845,8817993,19105200
9940,96,89,180066,1852,8818082,19383200
9941,86,80,179980,1858,8818162,18882800
9942,97,91,179883,1864,8818253,18828500
9943,70,94,179813,1840,8818347,18905300
9944,97,83,179716,1854,8818430,19126400
9945,89,87,179627,1856,8818517,18708400
9946,98,91,179529,1863,8818608,18655900
9947,87,95,179442,1855,8818703,18282200
9948,95,94,179347,1856,8818797,18717800
9949,85,82,179262,1859,8818879,19105900
9950,89,90,179173,1858,8818969,18740500
9951,86,83,179087,1861,8819052,18420100
9952,93,96,178994,1858,8819148,18416400
9953,98,83,178896,1873,8819231,18528900
9954,81,100,178815,1854,8819331,18545700
9955,98,73,178717,1879,8819404,18415100
9956,82,103,178635,1858,8819507,18507200
9957,85,89,178550,1854,8819596,19162000
9958,100,88,178450,1866,8819684,19045800
9959,93,81,178357,1878,8819765,18586000
9960,87,79,178270,1886,8819844,18504400
9961,102,89,178168,1899,8819933,18428500
9962,90,94,178078,1895,8820027,18381400
9963,101,83,177977,1913,8820110,18376100
9964,84,101,177893,1896,8820211,18492900
9965,103,85,177790,1914,8820296,18398600
9966,83,89,177707,1908,8820385,18367800
9967,84,97,177623,1895,8820482,18408000
9968,95,93,177528,1897,8820575,18368700
9969,92,98,177436,1891,8820673,18389900
9970,96,88,177340,1899,8820761,18433200
9971,102,107,177238,1894,8820868,18394100
9972,98,85,177140,1907,8820953,18445600
9973,93,96,177047,1904,8821049,18876300
9974,83,87,176964,1900,8821136,18303300
9975,94,86,176870,1908,8821222,18379700
9976,79,112,176791,1875,8821334,18591600
9977,86,89,176705,1872,8821423,18795400
9978,90,93,176615,1869,8821516,18717800
9979,98,79,176517,1888,8821595,18383400
9980,83,94,176434,1877,8821689,18338900
9981,99,100,176335,1876,8821789,18499600
9982,86,84,176249,1878,8821873,18701700
9983,95,99,176154,1874,8821972,18369600
9984,88,93,176066,1869,8822065,18721900
9985,82,81,175984,1870,8822146,18566000
9986,78,86,175906,1862,8822232,18421300
9987,96,82,175810,1876,8822314,18538200
9988,95,83,175715,1888,8822397,18592700
9989,94,98,175621,1884,8822495,18616100
9990,76,98,175545,1862,8822593,18417600
9991,95,83,175450,1874,8822676,18416700
9992,74,81,175376,1867,8822757,18498200
9993,84,102,175292,1849,8822859,18445900
9994,71,95,175221,1825,8822954,18819700
9995,84,81,175137,1828,8823035,19005400
9996,73,82,175064,1819,8823117,19117800
9997,85,90,174979,1814,8823207,18987900
9998,76,105,174903,1785,8823312,18929000
9999,76,84,174827,1777,8823396,19320600
10000,77,79,174750,1775,8823475,19178200
10001,84,80,174666,1779,8823555,19093100
10002,84,86,174582,1777,8823641,18960500
10003,101,81,174481,1797,8823722,19241900
10004,93,78,174388,1812,8823800,19950400
10005,83,97,174305,1798,8823897,19287900
10006,84,87,174221,1795,8823984,19446200
10007,73,105,174148,1763,8824089,19072300
10008,74,98,174074,1739,8824187,18683600
10009,93,73,173981,1759,8824260,19085000
10010,92,89,173889,1762,8824349,18523000
10011,82,91,173807,1753,8824440,18965200
10012,87,105,173720,1735,8824545,18702500
10013,86,88,173634,1733,8824633,18619300
10014,73,68,173561,1738,8824701,18426400
10015,72,74,173489,1736,8824775,18712500
10016,74,67,173415,1743,8824842,18499800
10017,70,87,173345,1726,8824929,18888600
10018,92,88,173253,1730,8825017,18471100
10019,85,84,173168,1731,8825101,18354100
10020,75,79,173093,1727,8825180,18464200
10021,87,82,173006,1732,8825262,18436600
10022,74,87,172932,1719,8825349,18532800
10023,88,92,172844,1715,8825441,18803600
10024,75,90,172769,1700,8825531,18410400
10025,79,88,172690,1691,8825619,18413400
10026,93,76,172597,1708,8825695,18547600
10027,96,77,172501,1727,8825772,18373700
10028,86,78,172415,1735,8825850,18761000
10029,78,86,172337,1727,8825936,18433100
10030,80,91,172257,1716,8826027,18504800
10031,99,83,172158,1732,8826110,18546700
10032,84,75,172074,1741,8826185,18420600
10033,86,98,171988,1729,8826283,18370300
10034,84,90,171904,1723,8826373,18626400
10035,80,75,171824,1728,8826448,18800100
10036,92,98,171732,1722,8826546,18782900
10037,96,88,171636,1730,8826634,18520100
10038,89,88,171547,1731,8826722,18377200
10039,97,102,171450,1726,8826824,18389800
10040,91,78,171359,1739,8826902,18743200
10041,118,96,171241,1761,8826998,18507600
10042,88,90,171153,1759,8827088,18629600
10043,83,86,171070,1756,8827174,18422000
10044,96,82,170974,1770,8827256,18999400
10045,93,103,170881,1760,8827359,18522400
10046,96,70,170785,1786,8827429,18739900
10047,88,91,170697,1783,8827520,18441900
10048,86,75,170611,1794,8827595,18408200
10049,95,91,170516,1798,8827686,18307300
10050,92,90,170424,1800,8827776,18427400
10051,100,91,170324,1809,8827867,18409500
10052,94,91,170230,1812,8827958,18389000
10053,81,90,170149,1803,8828048,18586800
10054,84,81,170065,1806,8828129,18750300
10055,77,58,169988,1825,8828187,18380400
10056,86,95,169902,1816,8828282,19184000
10057,94,95,169808,1815,8828377,18469900
10058,90,90,169718,1815,8828467,18762000
10059,81,89,169637,1807,8828556,18793000
10060,86,91,169551,1802,8828647,18359900
10061,91,99,169460,1794,8828746,18522300
10062,80,92,169380,1782,8828838,18380400
10063,89,98,169291,1773,8828936,19209200
10064,74,77,169217,1770,8829013,19189200
10065,81,97,169136,1754,8829110,19828100
10066,90,85,169046,1759,8829195,19328700
10067,77,100,168969,1736,8829295,19247500
10068,82,117,168887,1701,8829412,19370100
10069,75,87,168812,1689,8829499,19139000
10070,93,82,168719,1700,8829581,18578300
10071,84,82,168635,1702,8829663,19123100
10072,72,92,168563,1682,8829755,18873900
10073,88,83,168475,1687,8829838,19056100
10074,88,86,168387,1689,8829924,18775700
10075,93,81,168294,1701,8830005,18954200
10076,81,93,168213,1689,8830098,18826800
10077,97,80,168116,1706,8830178,18434900
10078,87,85,168029,1708,8830263,18726300
10079,89,104,167940,1693,8830367,18773900
10080,70,86,167870,1677,8830453,18028500
10081,64,94,167806,1647,8830547,18328800
10082,81,64,167725,1664,8830611,18332700
10083,71,87,167654,1648,8830698,18651500
10084,77,80,167577,1645,8830778,18589300
10085,89,87,167488,1647,8830865,18338100
10086,73,94,167415,1626,8830959,18330700
10087,74,91,167341,1609,8831050,18458700
10088,60,85,167281,1584,8831135,18390500
10089,78,76,167203,1586,8831211,18344000
10090,81,67,167122,1600,8831278,18714400
10091,69,80,167053,1589,8831358,18418000
10092,84,79,166969,1594,8831437,18892100
10093,78,75,166891,1597,8831512,19129300
10094,88,81,166803,1604,8831593,18381600
10095,90,73,166713,1621,8831666,19072800
10096,89,84,166624,1626,8831750,18413300
10097,82,89,166542,1619,8831839,18320900
10098,98,79,166444,1638,8831918,18474700
10099,94,66,166350,1666,8831984,18801900
10100,98,79,166252,1685,8832063,18407400
10101,82,91,166170,1676,8832154,18377800
10102,71,92,166099,1655,8832246,18442400
10103,78,76,166021,1657,8832322,18479500
10104,78,82,165943,1653,8832404,18799600
10105,85,93,165858,1645,8832497,18658100
10106,69,86,165789,1628,8832583,18451000
10107,66,66,165723,1628,8832649,18390800
10108,85,69,165638,1644,8832718,18694500
10109,91,84,165547,1651,8832802,18440600
10110,83,72,165464,1662,8832874,18619900
10111,89,92,165375,1659,8832966,18671100
10112,70,75,165305,1654,8833041,18431300
10113,74,99,165231,1629,8833140,18431700
10114,65,78,165166,1616,8833218,18394600
10115,76,92,165090,1600,8833310,18463700
10116,83,72,165007,1611,8833382,18453000
10117,67,81,164940,1597,8833463,18310200
10118,68,76,164872,1589,8833539,18669200
10119,76,66,164796,1599,8833605,19498900
10120,52,79,164744,1572,8833684,19198200
10121,82,75,164662,1579,8833759,18545200
10122,61,75,164601,1565,8833834,18541700
10123,59,73,164542,1551,8833907,18566600
10124,77,84,164465,1544,8833991,18395100
10125,76,78,164389,1542,8834069,18743300
10126,70,79,164319,1533,8834148,18465600
10127,61,86,164258,1508,8834234,18362900
10128,68,76,164190,1500,8834310,18410100
10129,76,68,164114,1508,8834378,18856200
10130,76,66,164038,1518,8834444,18338200
10131,71,77,163967,1512,8834521,19252600
10132,75,61,163892,1526,8834582,19120000
10133,68,91,163824,1503,8834673,18760400
10134,67,62,163757,1508,8834735,19069500
10135,72,69,163685,1511,8834804,18632200
10136,61,75,163624,1497,8834879,18963500
10137,71,74,163553,1494,8834953,19510200
10138,69,63,163484,1500,8835016,19363000
10139,79,55,163405,1524,8835071,19417300
10140,71,81,163334,1514,8835152,18867000
10141,70,84,163264,1500,8835236,19107600
10142,68,73,163196,1495,8835309,18979800
10143,77,64,163119,1508,8835373,18691500
10144,89,80,163030,1517,8835453,20012500
10145,80,76,162950,1521,8835529,19850700
10146,75,71,162875,1525,8835600,19252100
10147,76,55,162799,1546,8835655,19379600
10148,57,80,162742,1523,8835735,18920300
10149,82,81,162660,1524,8835816,19047200
10150,72,78,162588,1518,8835894,19396200
10151,89,71,162499,1536,8835965,19781600
10152,87,91,162412,1532,8836056,19698000
10153,70,73,162342,1529,8836129,19049600
10154,67,77,162275,1519,8836206,18905900
10155,62,77,162213,1504,8836283,18764700
10156,77,68,162136,1513,8836351,18767300
10157,72,61,162064,1524,8836412,19079600
10158,69,79,161995,1514,8836491,18987900
10159,66,70,161929,1510,8836561,19202800
10160,66,66,161863,1510,8836627,19087400
10161,68,65,161795,1513,8836692,18825100
10162,71,73,161724,1511,8836765,18816000
10163,72,86,161652,1497,8836851,19069200
10164,82,67,161570,1512,8836918,18989800
10165,71,79,161499,1504,8836997,19235100
10166,72,65,161427,1511,8837062,19227200
10167,69,72,161358,1508,8837134,19378200
10168,72,90,161286,1490,8837224,19089200
10169,91,88,161195,1493,8837312,19283200
10170,61,67,161134,1487,8837379,19557800
10171,72,72,161062,1487,8837451,19861100
10172,85,60,160977,1512,8837511,19737200
10173,82,72,160895,1522,8837583,19310200
10174,91,88,160804,1525,8837671,19553800
10175,70,74,160734,1521,8837745,19432200
10176,70,78,160664,1513,8837823,19380400
10177,85,68,160579,1530,8837891,18943800
10178,72,68,160507,1534,8837959,19173600
10179,81,74,160426,1541,8838033,19580500
10180,58,79,160368,1520,8838112,19252300
10181,74,72,160294,1522,8838184,19466300
10182,75,76,160219,1521,8838260,19872000
10183,81,78,160138,1524,8838338,21496600
10184,58,75,160080,1507,8838413,19440100
10185,64,73,160016,1498,8838486,19088600
10186,78,71,159938,1505,8838557,19541600
10187,66,85,159872,1486,8838642,19467100
10188,81,82,159791,1485,8838724,19727800
10189,79,87,159712,1477,8838811,19192300
10190,72,70,159640,1479,8838881,19678400
10191,74,87,159566,1466,8838968,18842400
10192,80,85,159486,1461,8839053,18749600
10193,65,84,159421,1442,8839137,19062000
10194,72,93,159349,1421,8839230,18983900
10195,75,65,159274,1431,8839295,18113600
10196,62,59,159212,1434,8839354,18718300
10197,62,64,159150,1432,8839418,18329600
10198,78,64,159072,1446,8839482,19028600
10199,63,90,159009,1419,8839572,19169800
10200,72,78,158937,1413,8839650,19592100
10201,73,71,158864,1415,8839721,19874700
10202,81,71,158783,1425,8839792,18892000
10203,79,78,158704,1426,8839870,19324600
10204,69,70,158635,1425,8839940,19246400
10205,84,63,158551,1446,8840003,19033400
10206,84,85,158467,1445,8840088,19050700
10207,87,86,158380,1446,8840174,18927400
10208,87,86,158293,1447,8840260,19282400
10209,74,76,158219,1445,8840336,18626200
10210,74,72,158145,1447,8840408,19566600
10211,94,71,158051,1470,8840479,18657800
10212,68,66,157983,1472,8840545,18709400
10213,84,69,157899,1487,8840614,18933200
10214,70,79,157829,1478,8840693,18840800
10215,70,75,157759,1473,8840768,18717600
10216,73,77,157686,1469,8840845,19311000
10217,79,73,157607,1475,8840918,18759000
10218,71,79,157536,1467,8840997,18956800
10219,71,62,157465,1476,8841059,19190400
10220,70,84,157395,1462,8841143,19158700
10221,65,84,157330,1443,8841227,18731000
10222,80,87,157250,1436,8841314,18669500
10223,63,76,157187,1423,8841390,18851100
10224,67,68,157120,1422,8841458,18927900
10225,73,59,157047,1436,8841517,19321600
10226,69,78,156978,1427,8841595,18744000
10227,69,70,156909,1426,8841665,19265500
10228,65,67,156844,1424,8841732,19997000
10229,64,75,156780,1413,8841807,18930300
10230,76,68,156704,1421,8841875,19192400
10231,72,69,156632,1424,8841944,18414700
10232,74,71,156558,1427,8842015,18358500
10233,56,74,156502,1409,8842089,18375400
10234,64,85,156438,1388,8842174,18377100
10235,66,86,156372,1368,8842260,18474400
10236,73,70,156299,1371,8842330,18406700
10237,60,63,156239,1368,8842393,18453700
10238,66,71,156173,1363,8842464,18595800
10239,62,72,156111,1353,8842536,18401300
10240,67,65,156044,1355,8842601,18846800
10241,67,74,155977,1348,8842675,18641000
10242,61,65,155916,1344,8842740,18437300
10243,74,51,155842,1367,8842791,18455400
10244,55,77,155787,1345,8842868,18539700
10245,55,60,155732,1340,8842928,18646700
10246,61,65,155671,1336,8842993,18352500
10247,68,55,155603,1349,8843048,18335400
10248,76,80,155527,1345,8843128,18982200
10249,63,77,155464,1331,8843205,18406100
10250,70,67,155394,1334,8843272,18426700
10251,57,77,155337,1314,8843349,19108700
10252,65,63,155272,1316,8843412,18432900
10253,64,60,155208,1320,8843472,18796900
10254,70,74,155138,1316,8843546,18410700
10255,76,71,155062,1321,8843617,18385500
10256,77,56,154985,1342,8843673,18432100
10257,81,70,154904,1353,8843743,18492600
10258,68,82,154836,1339,8843825,18740900
10259,68,63,154768,1344,8843888,18405400
10260,65,61,154703,1348,8843949,18917200
10261,66,76,154637,1338,8844025,18584400
10262,71,68,154566,1341,8844093,18525300
10263,60,57,154506,1344,8844150,18507700
10264,56,68,154450,1332,8844218,18888300
10265,66,64,154384,1334,8844282,18354800
10266,82,76,154302,1340,8844358,18835300
10267,62,69,154240,1333,8844427,19058200
10268,67,75,154173,1325,8844502,18796900
10269,59,70,154114,1314,8844572,18783300
10270,68,79,154046,1303,8844651,19344000
10271,54,63,153992,1294,8844714,18799400
10272,60,72,153932,1282,8844786,19085400
10273,68,54,153864,1296,8844840,18626900
10274,61,79,153803,1278,8844919,18961900
10275,63,67,153740,1274,8844986,18623400
10276,64,75,153676,1263,8845061,18669700
10277,58,63,153618,1258,8845124,18678100
10278,69,62,153549,1265,8845186,18496800
10279,69,60,153480,1274,8845246,19927700
10280,72,76,153408,1270,8845322,18859000
10281,59,58,153349,1271,8845380,18163700
10282,76,63,153273,1284,8845443,18261800
10283,74,77,153199,1281,8845520,18758800
10284,64,70,153135,1275,8845590,18467400
10285,60,65,153075,1270,8845655,18445800
10286,56,69,153019,1257,8845724,18788900
10287,57,57,152962,1257,8845781,18317000
10288,75,66,152887,1266,8845847,18757900
10289,78,61,152809,1283,8845908,18460300
10290,70,65,152739,1288,8845973,18552300
10291,72,50,152667,1310,8846023,18423000
10292,74,52,152593,1332,8846075,18346300
10293,82,64,152511,1350,8846139,18594400
10294,66,56,152445,1360,8846195,18945000
10295,69,75,152376,1354,8846270,18324200
10296,94,57,152282,1391,8846327,18553000
10297,85,82,152197,1394,8846409,18422500
10298,79,77,152118,1396,8846486,18346500
10299,74,62,152044,1408,8846548,18374500
10300,72,69,151972,1411,8846617,18491500
10301,76,70,151896,1417,8846687,18601900
10302,65,74,151831,1408,8846761,18385200
10303,66,82,151765,1392,8846843,18488900
10304,66,77,151699,1381,8846920,18681000
10305,57,84,151642,1354,8847004,18357600
10306,57,63,151585,1348,8847067,18236200
10307,52,65,151533,1335,8847132,18560800
10308,74,63,151459,1346,8847195,18443100
10309,67,78,151392,1335,8847273,18365300
10310,66,46,151326,1355,8847319,18429200
10311,65,66,151261,1354,8847385,18464300
10312,59,62,151202,1351,8847447,18429800
10313,51,63,151151,1339,8847510,18511000
10314,65,63,151086,1341,8847573,18414700
10315,77,53,151009,1365,8847626,18504900
10316,59,82,150950,1342,8847708,18457500
10317,72,66,150878,1348,8847774,18307300
10318,67,76,150811,1339,8847850,18386400
10319,51,76,150760,1314,8847926,18579900
10320,65,53,150695,1326,8847979,18838300
10321,75,66,150620,1335,8848045,18467800
10322,70,73,150550,1332,8848118,18326600
10323,59,64,150491,1327,8848182,18568200
10324,75,75,150416,1327,8848257,18501900
10325,67,66,150349,1328,8848323,18763600
10326,67,53,150282,1342,8848376,18497500
10327,75,65,150207,1352,8848441,18370700
10328,74,63,150133,1363,8848504,18415100
10329,77,83,150056,1357,8848587,18397200
10330,65,59,149991,1363,8848646,18410400
10331,66,71,149925,1358,8848717,18603800
10332,70,66,149855,1362,8848783,18426200
10333,55,66,149800,1351,8848849,18750800
10334,85,56,149715,1380,8848905,19272500
10335,56,78,149659,1358,8848983,19356600
10336,80,81,149579,1357,8849064,18947100
10337,74,59,149505,1372,8849123,18699000
10338,80,74,149425,1378,8849197,19172700
10339,81,66,149344,1393,8849263,19141200
10340,76,85,149268,1384,8849348,19221200
10341,79,63,149189,1400,8849411,19008400
10342,63,69,149126,1394,8849480,18966900
10343,69,86,149057,1377,8849566,18812600
10344,72,58,148985,1391,8849624,19143200
10345,83,74,148902,1400,8849698,19053200
10346,79,59,148823,1420,8849757,19869900
10347,74,69,148749,1425,8849826,18978000
10348,67,72,148682,1420,8849898,19054400
10349,79,75,148603,1424,8849973,19095000
10350,79,59,148524,1444,8850032,18385200
10351,80,62,148444,1462,8850094,18361700
10352,72,74,148372,1460,8850168,18499200
10353,75,78,148297,1457,8850246,18684800
10354,75,59,148222,1473,8850305,18371300
10355,72,87,148150,1458,8850392,18325100
10356,62,76,148088,1444,8850468,18613900
10357,71,73,148017,1442,8850541,18654000
10358,56,67,147961,1431,8850608,18467800
10359,59,91,147902,1399,8850699,18825400
10360,64,70,147838,1393,8850769,18612400
10361,60,77,147778,1376,8850846,18421600
10362,61,69,147717,1368,8850915,18292300
10363,71,68,147646,1371,8850983,18685400
10364,51,60,147595,1362,8851043,18472100
10365,60,66,147535,1356,8851109,18234900
10366,49,63,147486,1342,8851172,18340700
10367,53,70,147433,1325,8851242,18288800
10368,50,78,147383,1297,8851320,18296500
10369,67,65,147316,1299,8851385,18484700
10370,79,60,147237,1318,8851445,18390300
10371,56,76,147181,1298,8851521,18660800
10372,67,67,147114,1298,8851588,18814200
10373,57,63,147057,1292,8851651,18360200
10374,76,66,146981,1302,8851717,18374700
10375,71,56,146910,1317,8851773,18405600
10376,57,61,146853,1313,8851834,18315900
10377,51,69,146802,1295,8851903,18629600
10378,73,62,146729,1306,8851965,18395700
10379,64,53,146665,1317,8852018,18997200
10380,56,60,146609,1313,8852078,18483800
10381,67,71,146542,1309,8852149,18412900
10382,61,57,146481,1313,8852206,18779000
10383,68,74,146413,1307,8852280,18546300
10384,63,74,146350,1296,8852354,18441400
10385,59,59,146291,1296,8852413,18649700
10386,62,59,146229,1299,8852472,19078600
10387,67,57,146162,1309,8852529,18853600
10388,75,68,146087,1316,8852597,19262700
10389,53,68,146034,1301,8852665,19171800
10390,64,54,145970,1311,8852719,18644600
10391,59,61,145911,1309,8852780,18347500
10392,57,65,145854,1301,8852845,18380700
10393,57,61,145797,1297,8852906,18498600
10394,50,72,145747,1275,8852978,18507300
10395,46,57,145701,1264,8853035,18376900
10396,66,57,145635,1273,8853092,18314000
10397,54,54,145581,1273,8853146,18702900
10398,52,62,145529,1263,8853208,18585000
10399,53,66,145476,1250,8853274,18471800
10400,54,54,145422,1250,8853328,18476600
10401,45,69,145377,1226,8853397,18398900
10402,49,66,145328,1209,8853463,18374800
10403,74,42,145254,1241,8853505,18379700
10404,73,66,145181,1248,8853571,19069700
10405,56,75,145125,1229,8853646,19091600
10406,57,74,145068,1212,8853720,18696100
10407,63,62,145005,1213,8853782,19105800
10408,58,54,144947,1217,8853836,18727700
10409,53,73,144894,1197,8853909,18627400
10410,81,62,144813,1216,8853971,19029100
10411,58,60,144755,1214,8854031,19447400
10412,74,60,144681,1228,8854091,19211600
10413,67,67,144614,1228,8854158,18968600
10414,59,53,144555,1234,8854211,18905000
10415,50,77,144505,1207,8854288,18707800
10416,56,60,144449,1203,8854348,18981200
10417,56,59,144393,1200,8854407,18950000
10418,63,60,144330,1203,8854467,18861100
10419,59,59,144271,1203,8854526,18432100
10420,64,44,144207,1223,8854570,18559400
10421,63,60,144144,1226,8854630,18637800
10422,60,67,144084,1219,8854697,18288100
10423,63,63,144021,1219,8854760,18285700
10424,65,58,143956,1226,8854818,18503500
10425,62,61,143894,1227,8854879,18596400
10426,66,59,143828,1234,8854938,18317400
10427,60,58,143768,1236,8854996,18853800
10428,55,54,143713,1237,8855050,18379500
10429,51,60,143662,1228,8855110,18403500
10430,62,59,143600,1231,8855169,19297300
10431,59,62,143541,1228,8855231,18402200
10432,66,63,143475,1231,8855294,18396400
10433,54,58,143421,1227,8855352,18390400
10434,64,65,143357,1226,8855417,18444700
10435,61,72,143296,1215,8855489,18547300
10436,67,70,143229,1212,8855559,18346200
10437,76,57,143153,1231,8855616,18436300
10438,61,54,143092,1238,8855670,18421900
10439,61,68,143031,1231,8855738,18429100
10440,69,57,142962,1243,8855795,18350100
10441,50,68,142912,1225,8855863,18387900
10442,68,64,142844,1229,8855927,19234000
10443,67,58,142777,1238,8855985,19051500
10444,50,55,142727,1233,8856040,18513800
10445,80,57,142647,1256,8856097,18260600
10446,57,59,142590,1254,8856156,19062800
10447,53,62,142537,1245,8856218,18796200
10448,60,64,142477,1241,8856282,18411200
10449,55,61,142422,1235,8856343,18387400
10450,57,58,142365,1234,8856401,18403600
10451,60,60,142305,1234,8856461,18414600
10452,61,68,142244,1227,8856529,18661500
10453,40,55,142204,1212,8856584,18707200
10454,56,53,142148,1215,8856637,18649200
10455,61,51,142087,1225,8856688,18443200
10456,41,51,142046,1215,8856739,18399200
10457,50,64,141996,1201,8856803,18614400
10458,58,45,141938,1214,8856848,18503100
10459,58,57,141880,1215,8856905,18925900
10460,73,64,141807,1224,8856969,18487100
10461,48,69,141759,1203,8857038,18395200
10462,69,58,141690,1214,8857096,18444300
10463,54,56,141636,1212,8857152,18416200
10464,52,48,141584,1216,8857200,18413200
10465,63,63,141521,1216,8857263,18565500
10466,55,73,141466,1198,8857336,18426400
10467,72,58,141394,1212,8857394,18594800
10468,55,60,141339,1207,8857454,18586300
10469,54,63,141285,1198,8857517,18449200
10470,66,51,141219,1213,8857568,18500800
10471,63,51,141156,1225,8857619,18485100
10472,59,80,141097,1204,8857699,18423300
10473,60,58,141037,1206,8857757,18666200
10474,62,52,140975,1216,8857809,19132800
10475,45,56,140930,1205,8857865,19542600
10476,64,63,140866,1206,8857928,18764600
10477,59,56,140807,1209,8857984,19061200
10478,56,67,140751,1198,8858051,19200700
10479,56,56,140695,1198,8858107,19208000
10480,49,64,140646,1183,8858171,18990600
10481,59,50,140587,1192,8858221,18841400
10482,54,61,140533,1185,8858282,19309200
10483,43,48,140490,1180,8858330,18963300
10484,53,56,140437,1177,8858386,19173500
10485,47,50,140390,1174,8858436,19168500
10486,56,72,140334,1158,8858508,19014400
10487,56,58,140278,1156,8858566,18648900
10488,52,64,140226,1144,8858630,18317400
10489,52,56,140174,1140,8858686,18393200
10490,63,57,140111,1146,8858743,18499900
10491,59,65,140052,1140,8858808,18606800
10492,60,49,139992,1151,8858857,18958200
10493,47,65,139945,1133,8858922,18534900
10494,46,53,139899,1126,8858975,18390900
10495,34,50,139865,1110,8859025,18460100
10496,40,61,139825,1089,8859086,18976200
10497,59,47,139766,1101,8859133,19625600
10498,61,57,139705,1105,8859190,18459400
10499,65,51,139640,1119,8859241,18507500
10500,51,56,139589,1114,8859297,18435600
10501,57,64,139532,1107,8859361,18667000
10502,70,50,139462,1127,8859411,18897100
10503,57,44,139405,1140,8859455,18416200
10504,73,62,139332,1151,8859517,18412000
10505,72,51,139260,1172,8859568,19210900
10506,55,69,139205,1158,8859637,18349300
10507,54,46,139151,1166,8859683,18937600
10508,60,55,139091,1171,8859738,18870800
10509,53,44,139038,1180,8859782,18916200
10510,53,54,138985,1179,8859836,18457100
10511,64,59,138921,1184,8859895,18564500
10512,61,64,138860,1181,8859959,18538000
10513,56,51,138804,1186,8860010,18819800
10514,54,49,138750,1191,8860059,18330800
10515,57,58,138693,1190,8860117,18459500
10516,55,58,138638,1187,8860175,18621600
10517,59,47,138579,1199,8860222,18518100
10518,62,57,138517,1204,8860279,18736100
10519,64,61,138453,1207,8860340,18542900
10520,64,58,138389,1213,8860398,18485300
10521,62,61,138327,1214,8860459,18401600
10522,56,53,138271,1217,8860512,18476000
10523,62,60,138209,1219,8860572,18884500
10524,57,65,138152,1211,8860637,18443000
10525,53,55,138099,1209,8860692,18419900
10526,57,57,138042,1209,8860749,18352700
10527,60,64,137982,1205,8860813,18449800
10528,61,63,137921,1203,8860876,18410300
10529,55,68,137866,1190,8860944,19013500
10530,49,58,137817,1181,8861002,18662500
10531,45,73,137772,1153,8861075,18368700
10532,58,52,137714,1159,8861127,19303200
10533,58,56,137656,1161,8861183,18377500
10534,51,58,137605,1154,8861241,18770800
10535,49,54,137556,1149,8861295,18512800
10536,57,53,137499,1153,8861348,18421700
10537,47,62,137452,1138,8861410,18386500
10538,54,48,137398,1144,8861458,18878600
10539,53,59,137345,1138,8861517,18729700
10540,47,61,137298,1124,8861578,18491800
10541,49,54,137249,1119,8861632,18844400
10542,50,51,137199,1118,8861683,18973200
10543,51,57,137148,1112,8861740,19118900
10544,51,47,137097,1116,8861787,19056400
10545,42,62,137055,1096,8861849,19020300
10546,51,63,137004,1084,8861912,18932100
10547,51,60,136953,1075,8861972,18882100
10548,40,46,136913,1069,8862018,19190600
10549,54,61,136859,1062,8862079,19138800
10550,37,68,136822,1031,8862147,20148200
10551,52,61,136770,1022,8862208,19505000
10552,51,58,136719,1015,8862266,19070500
10553,54,58,136665,1011,8862324,19747500
10554,47,44,136618,1014,8862368,19001100
10555,49,53,136569,1010,8862421,18790000
10556,45,56,136524,999,8862477,18477200
10557,43,42,136481,1000,8862519,18540400
10558,39,40,136442,999,8862559,18343400
10559,46,50,136396,995,8862609,18722500
10560,39,56,136357,978,8862665,18813800
10561,55,52,136302,981,8862717,18596400
10562,50,42,136252,989,8862759,18409500
10563,39,52,136213,976,8862811,18443800
10564,41,43,136172,974,8862854,18510800
10565,31,49,136141,956,8862903,18924200
10566,41,50,136100,947,8862953,19020200
10567,46,45,136054,948,8862998,18620600
10568,31,55,136023,924,8863053,18941700
10569,33,51,135990,906,8863104,18328900
10570,32,41,135958,897,8863145,18350100
10571,32,42,135926,887,8863187,18653600
10572,28,52,135898,863,8863239,18410200
10573,28,42,135870,849,8863281,18453400
10574,31,39,135839,841,8863320,18471100
10575,29,33,135810,837,8863353,18583000
10576,39,40,135771,836,8863393,18965000
10577,23,46,135748,813,8863439,18490400
10578,27,38,135721,802,8863477,18498800
10579,28,33,135693,797,8863510,18850100
10580,30,35,135663,792,8863545,18523600
10581,21,42,135642,771,8863587,18457000
10582,23,30,135619,764,8863617,18528100
10583,28,41,135591,751,8863658,18448100
10584,36,43,135555,744,8863701,18485700
10585,20,43,135535,721,8863744,18515100
10586,27,49,135508,699,8863793,18458700
10587,23,28,135485,694,8863821,18661000
10588,25,45,135460,674,8863866,18545100
10589,32,37,135428,669,8863903,18421100
10590,30,43,135398,656,8863946,18541600
10591,20,29,135378,647,8863975,18543900
10592,19,33,135359,633,8864008,18385500
10593,23,33,135336,623,8864041,18604300
10594,11,38,135325,596,8864079,18343200
10595,22,24,135303,594,8864103,18376500
10596,14,30,135289,578,8864133,18471200
10597,16,28,135273,566,8864161,18562200
10598,13,31,135260,548,8864192,18416600
10599,21,31,135239,538,8864223,18423300
10600,26,20,135213,544,8864243,18866100
10601,17,27,135196,534,8864270,18304200
10602,18,18,135178,534,8864288,18349400
10603,11,23,135167,522,8864311,18433500
10604,12,36,135155,498,8864347,18975700
10605,19,26,135136,491,8864373,19668900
10606,13,26,135123,478,8864399,18878300
10607,9,18,135114,469,8864417,18401800
10608,9,27,135105,451,8864444,18707700
10609,5,17,135100,439,8864461,18931700
10610,8,24,135092,423,8864485,19224800
10611,9,15,135083,417,8864500,19208800
10612,11,13,135072,415,8864513,18907700
10613,9,17,135063,407,8864530,18779100
10614,9,18,135054,398,8864548,19429800
10615,8,15,135046,391,8864563,18772700
10616,5,19,135041,377,8864582,18948000
10617,5,25,135036,357,8864607,19111400
10618,5,17,135031,345,8864624,18768400
10619,5,18,135026,332,8864642,19335500
10620,4,9,135022,327,8864651,18927000
10621,5,18,135017,314,8864669,19332100
10622,10,11,135007,313,8864680,18734200
10623,4,10,135003,307,8864690,18562400
10624,5,14,134998,298,8864704,18559100
10625,6,22,134992,282,8864726,18379600
10626,3,18,134989,267,8864744,18323900
10627,6,15,134983,258,8864759,18353000
10628,6,12,134977,252,8864771,18477200
10629,3,10,134974,245,8864781,19010500
10630,3,10,134971,238,8864791,19138600
10631,5,15,134966,228,8864806,19040700
10632,3,9,134963,222,8864815,18435800
10633,5,10,134958,217,8864825,18447900
10634,4,8,134954,213,8864833,18415800
10635,5,12,134949,206,8864845,18391600
10636,8,15,134941,199,8864860,18468900
10637,7,12,134934,194,8864872,18418900
10638,2,8,134932,188,8864880,18516600
10639,5,7,134927,186,8864887,19011700
10640,7,13,134920,180,8864900,18368800
10641,6,14,134914,172,8864914,18566800
10642,3,8,134911,167,8864922,18871500
10643,7,11,134904,163,8864933,18562600
10644,9,11,134895,161,8864944,18832700
10645,4,8,134891,157,8864952,18441400
10646,7,9,134884,155,8864961,18394000
10647,5,7,134879,153,8864968,18357400
10648,7,9,134872,151,8864977,18402100
10649,6,5,134866,152,8864982,18513300
10650,5,8,134861,149,8864990,18849900
10651,8,6,134853,151,8864996,18660100
10652,7,7,134846,151,8865003,18470500
10653,2,5,134844,148,8865008,18476000
10654,5,12,134839,141,8865020,18364300
10655,7,9,134832,139,8865029,18363900
10656,5,7,134827,137,8865036,18326000
10657,8,6,134819,139,8865042,18484800
10658,7,4,134812,142,8865046,19250100
10659,4,7,134808,139,8865053,19703400
10660,8,14,134800,133,8865067,18434400
10661,7,7,134793,133,8865074,18419700
10662,5,9,134788,129,8865083,18381000
10663,5,7,134783,127,8865090,18339800
10664,4,6,134779,125,8865096,18763700
10665,4,4,134775,125,8865100,18914500
10666,7,6,134768,126,8865106,18502100
10667,7,3,134761,130,8865109,18534600
10668,9,11,134752,128,8865120,18426500
10669,5,6,134747,127,8865126,18576100
10670,5,3,134742,129,8865129,18376700
10671,5,8,134737,126,8865137,18363800
10672,4,8,134733,122,8865145,18531200
10673,9,4,134724,127,8865149,18515400
10674,6,6,134718,127,8865155,18540500
10675,3,8,134715,122,8865163,18609200
10676,4,4,134711,122,8865167,18458800
10677,6,5,134705,123,8865172,18440900
10678,9,9,134696,123,8865181,18746100
10679,2,5,134694,120,8865186,18984900
10680,7,6,134687,121,8865192,19019000
10681,5,4,134682,122,8865196,18904700
10682,1,8,134681,115,8865204,19412200
10683,7,7,134674,115,8865211,18757800
10684,4,7,134670,112,8865218,19281800
10685,4,8,134666,108,8865226,19384700
10686,2,5,134664,105,8865231,19152700
10687,5,5,134659,105,8865236,18958000
10688,2,6,134657,101,8865242,18887100
10689,4,4,134653,101,8865246,19285400
10690,7,6,134646,102,8865252,19072100
10691,5,4,134641,103,8865256,19113000
10692,4,5,134637,102,8865261,18464600
10693,3,4,134634,101,8865265,18536300
10694,2,6,134632,97,8865271,18437700
10695,5,7,134627,95,8865278,18605000
10696,5,3,134622,97,8865281,18460600
10697,1,5,134621,93,8865286,18445300
10698,2,5,134619,90,8865291,18370900
10699,0,6,134619,84,8865297,18586600
10700,4,4,134615,84,8865301,19068800
10701,0,6,134615,78,8865307,18870800
10702,1,5,134614,74,8865312,18355200
10703,2,5,134612,71,8865317,18503800
10704,2,6,134610,67,8865323,18388500
10705,1,3,134609,65,8865326,18752600
10706,1,2,134608,64,8865328,19035600
10707,1,3,134607,62,8865331,18889200
10708,2,3,134605,61,8865334,18510100
10709,3,2,134602,62,8865336,18405200
10710,1,5,134601,58,8865341,18672600
10711,0,4,134601,54,8865345,18614700
10712,1,1,134600,54,8865346,19325300
10713,0,0,134600,54,8865346,19285000
10714,0,2,134600,52,8865348,18477300
10715,0,6,134600,46,8865354,18522300
10716,1,3,134599,44,8865357,18836500
10717,2,6,134597,40,8865363,18414000
10718,0,1,134597,39,8865364,18573100
10719,0,2,134597,37,8865366,19136400
10720,0,1,134597,36,8865367,18597800
10721,0,1,134597,35,8865368,18912700
10722,1,2,134596,34,8865370,18965000
10723,0,0,134596,34,8865370,18929000
10724,0,1,134596,33,8865371,18357000
10725,0,3,134596,30,8865374,18512000
10726,0,2,134596,28,8865376,18263000
10727,0,0,134596,28,8865376,18248300
10728,0,1,134596,27,8865377,18372000
10729,0,1,134596,26,8865378,18428400
10730,0,3,134596,23,8865381,18523100
10731,0,0,134596,23,8865381,18422800
10732,0,0,134596,23,8865381,18556500
10733,0,2,134596,21,8865383,18499700
10734,0,2,134596,19,8865385,18532200
10735,0,2,134596,17,8865387,18428800
10736,0,0,134596,17,8865387,18829700
10737,0,3,134596,14,8865390,18564700
10738,0,1,134596,13,8865391,18830600
10739,0,1,134596,12,8865392,18589500
10740,0,1,134596,11,8865393,18871600
10741,0,1,134596,10,8865394,19085600
10742,0,0,134596,10,8865394,18329000
10743,0,1,134596,9,8865395,18498100
10744,0,0,134596,9,8865395,18433200
10745,0,0,134596,9,8865395,18658500
10746,0,0,134596,9,8865395,19340100
10747,0,0,134596,9,8865395,19057800
10748,0,0,134596,9,8865395,18858200
10749,0,2,134596,7,8865397,18613300
10750,0,0,134596,7,8865397,18820000
10751,0,1,134596,6,8865398,19332600
10752,0,0,134596,6,8865398,19044500
10753,0,0,134596,6,8865398,18891800
10754,0,1,134596,5,8865399,18663000
10755,0,0,134596,5,8865399,18971200
10756,0,0,134596,5,8865399,18827200
10757,0,0,134596,5,8865399,19248800
10758,0,0,134596,5,8865399,18506300
10759,0,1,134596,4,8865400,18935300
10760,0,0,134596,4,8865400,18206500
10761,0,0,134596,4,8865400,18842100
10762,0,0,134596,4,8865400,18834100
10763,0,1,134596,3,8865401,18378600
10764,0,0,134596,3,8865401,18574600
10765,0,0,134596,3,8865401,18850100
10766,0,1,134596,2,8865402,19123900
10767,0,0,134596,2,8865402,19049700
10768,0,0,134596,2,8865402,18469300
10769,0,0,134596,2,8865402,19056400
10770,0,0,134596,2,8865402,18762300
10771,0,0,134596,2,8865402,18387000
10772,0,0,134596,2,8865402,18510700
10773,0,0,134596,2,8865402,18924200
10774,0,0,134596,2,8865402,18410500
10775,0,0,134596,2,8865402,18443800
10776,0,0,134596,2,8865402,18482900
10777,0,0,134596,2,8865402,18926700
10778,0,0,134596,2,8865402,19009600
10779,0,0,134596,2,8865402,18433900
10780,0,0,134596,2,8865402,18582800
10781,0,0,134596,2,8865402,18992600
10782,0,0,134596,2,8865402,18334600
10783,0,1,134596,1,8865403,18418700
10784,0,0,134596,1,8865403,18464900
10785,0,0,134596,1,8865403,18409500
10786,0,0,134596,1,8865403,18410700
10787,0,0,134596,1,8865403,18398900
10788,0,0,134596,1,8865403,18302300
10789,0,0,134596,1,8865403,18391000
10790,0,0,134596,1,8865403,18628000
10791,0,0,134596,1,8865403,18687900
10792,0,0,134596,1,8865403,18738400
10793,0,0,134596,1,8865403,18809900
10794,0,0,134596,1,8865403,18487000
10795,0,1,134596,0,8865404,18355200
