Tick,NewlyInfected,NewlyRecovered,TotalSusceptible,TotalInfected,TotalRecovered,StepTimeNanos
0,2,0,8999993,7,0,51549800
1,5,1,8999988,11,1,54881500
2,3,2,8999985,12,3,17830000
3,4,0,8999981,16,3,16622000
4,1,1,8999980,16,4,15475500
5,2,0,8999978,18,4,15553200
6,6,0,8999972,24,4,15414200
7,2,0,8999970,26,4,15019600
8,5,0,8999965,31,4,15524300
9,10,3,8999955,38,7,18370300
10,6,1,8999949,43,8,18737800
11,8,2,8999941,49,10,18408600
12,0,1,8999941,48,11,18384900
13,10,0,8999931,58,11,18492700
14,8,0,8999923,66,11,18841900
15,5,3,8999918,68,14,18933100
16,9,8,8999909,69,22,19255200
17,9,4,8999900,74,26,18873600
18,6,3,8999894,77,29,18664000
19,9,5,8999885,81,34,18922100
20,8,3,8999877,86,37,19753800
21,11,6,8999866,91,43,18931600
22,10,4,8999856,97,47,18893300
23,13,6,8999843,104,53,18969300
24,12,6,8999831,110,59,19489800
25,12,7,8999819,115,66,18749000
26,14,9,8999805,120,75,18956900
27,12,9,8999793,123,84,18486800
28,10,7,8999783,126,91,18377000
29,6,11,8999777,121,102,18265300
30,11,11,8999766,121,113,18301600
31,8,3,8999758,126,116,18851400
32,8,7,8999750,127,123,18800900
33,12,8,8999738,131,131,18552800
34,10,10,8999728,131,141,18353000
35,10,4,8999718,137,145,18343500
36,13,9,8999705,141,154,18191000
37,16,8,8999689,149,162,18978000
38,12,10,8999677,151,172,18721200
39,23,11,8999654,163,183,18352900
40,18,13,8999636,168,196,19008000
41,25,5,8999611,188,201,18474300
42,31,10,8999580,209,211,18537900
43,13,14,8999567,208,225,18476200
44,20,10,8999547,218,235,18408300
45,22,12,8999525,228,247,18292700
46,24,11,8999501,241,258,18938700
47,28,11,8999473,258,269,18399400
48,25,19,8999448,264,288,18388900
49,24,11,8999424,277,299,18960200
50,22,15,8999402,284,314,18331100
51,25,8,8999377,301,322,18461900
52,32,10,8999345,323,332,18423100
53,20,13,8999325,330,345,18397600
54,34,17,8999291,347,362,18457500
55,32,25,8999259,354,387,18759000
56,28,21,8999231,361,408,19809000
57,34,22,8999197,373,430,18651100
58,38,13,8999159,398,443,18584100
59,25,18,8999134,405,461,17984100
60,36,18,8999098,423,479,18192500
61,31,18,8999067,436,497,18349600
62,25,20,8999042,441,517,18521800
63,43,27,8998999,457,544,18510000
64,39,26,8998960,470,570,18429600
65,37,29,8998923,478,599,18325100
66,39,19,8998884,498,618,18238500
67,48,19,8998836,527,637,18298800
68,49,17,8998787,559,654,18320800
69,43,27,8998744,575,681,18281400
70,60,26,8998684,609,707,18833700
71,47,34,8998637,622,741,18344100
72,48,33,8998589,637,774,18355200
73,43,33,8998546,647,807,18319700
74,54,28,8998492,673,835,18356300
75,43,34,8998449,682,869,18342100
76,52,37,8998397,697,906,18311900
77,49,32,8998348,714,938,18444300
78,60,32,8998288,742,970,18456900
79,63,44,8998225,761,1014,18286500
80,60,37,8998165,784,1051,18411600
81,66,43,8998099,807,1094,18944600
82,50,46,8998049,811,1140,18646400
83,45,31,8998004,825,1171,18667300
84,52,44,8997952,833,1215,18944000
85,66,51,8997886,848,1266,18918800
86,61,45,8997825,864,1311,18875800
87,65,47,8997760,882,1358,18929500
88,55,38,8997705,899,1396,19365100
89,61,45,8997644,915,1441,18665900
90,71,47,8997573,939,1488,18880100
91,79,48,8997494,970,1536,18987300
92,62,43,8997432,989,1579,19319700
93,44,43,8997388,990,1622,18586400
94,56,38,8997332,1008,1660,18662400
95,68,54,8997264,1022,1714,18681600
96,65,44,8997199,1043,1758,18294400
97,64,53,8997135,1054,1811,18251400
98,83,54,8997052,1083,1865,18240600
99,71,61,8996981,1093,1926,18353700
100,64,52,8996917,1105,1978,18608000
101,74,52,8996843,1127,2030,18226400
102,71,58,8996772,1140,2088,18425300
103,85,58,8996687,1167,2146,18445900
104,82,62,8996605,1187,2208,18832300
105,92,60,8996513,1219,2268,18353000
106,84,66,8996429,1237,2334,18416700
107,75,54,8996354,1258,2388,18542800
108,79,65,8996275,1272,2453,18642800
109,74,56,8996201,1290,2509,19164800
110,85,60,8996116,1315,2569,18938700
111,88,61,8996028,1342,2630,18264400
112,85,63,8995943,1364,2693,18764200
113,80,72,8995863,1372,2765,18606600
114,80,86,8995783,1366,2851,18373800
115,88,55,8995695,1399,2906,18367000
116,86,58,8995609,1427,2964,18363500
117,80,62,8995529,1445,3026,18909900
118,102,67,8995427,1480,3093,18958600
119,89,83,8995338,1486,3176,18502800
120,89,72,8995249,1503,3248,18445800
121,87,74,8995162,1516,3322,18625700
122,97,76,8995065,1537,3398,18839500
123,97,91,8994968,1543,3489,18537500
124,91,79,8994877,1555,3568,18396200
125,95,82,8994782,1568,3650,18442800
126,106,67,8994676,1607,3717,18292800
127,109,69,8994567,1647,3786,18650800
128,105,75,8994462,1677,3861,18377900
129,91,79,8994371,1689,3940,18422500
130,103,87,8994268,1705,4027,18580300
131,105,79,8994163,1731,4106,18293300
132,101,102,8994062,1730,4208,18459500
133,106,101,8993956,1735,4309,18313500
134,110,78,8993846,1767,4387,18378500
135,88,93,8993758,1762,4480,18335900
136,104,69,8993654,1797,4549,18389600
137,108,75,8993546,1830,4624,18664100
138,127,79,8993419,1878,4703,18327800
139,115,87,8993304,1906,4790,18557400
140,100,72,8993204,1934,4862,18392500
141,115,89,8993089,1960,4951,18267500
142,115,104,8992974,1971,5055,18643200
143,111,81,8992863,2001,5136,18377900
144,110,100,8992753,2011,5236,18778400
145,115,102,8992638,2024,5338,18440800
146,106,107,8992532,2023,5445,18361300
147,115,119,8992417,2019,5564,18345100
148,100,95,8992317,2024,5659,18860800
149,128,89,8992189,2063,5748,18986600
150,112,111,8992077,2064,5859,18743600
151,121,86,8991956,2099,5945,18901200
152,118,93,8991838,2124,6038,18855800
153,118,104,8991720,2138,6142,18607600
154,131,100,8991589,2169,6242,18719700
155,112,98,8991477,2183,6340,19012500
156,132,105,8991345,2210,6445,19697000
157,114,106,8991231,2218,6551,19168700
158,144,120,8991087,2242,6671,19513400
159,135,111,8990952,2266,6782,18811300
160,132,95,8990820,2303,6877,18748400
161,145,130,8990675,2318,7007,19077400
162,127,108,8990548,2337,7115,19101400
163,130,122,8990418,2345,7237,19094200
164,133,114,8990285,2364,7351,18227400
165,133,123,8990152,2374,7474,18280500
166,139,120,8990013,2393,7594,18275000
167,126,111,8989887,2408,7705,19185400
168,126,119,8989761,2415,7824,18488500
169,148,117,8989613,2446,7941,18306600
170,127,107,8989486,2466,8048,18252600
171,129,117,8989357,2478,8165,18578200
172,130,104,8989227,2504,8269,18374500
173,155,134,8989072,2525,8403,18377000
174,140,140,8988932,2525,8543,18390500
175,128,126,8988804,2527,8669,18430200
176,146,151,8988658,2522,8820,18338100
177,151,119,8988507,2554,8939,18445500
178,141,112,8988366,2583,9051,18216900
179,158,135,8988208,2606,9186,18283800
180,131,143,8988077,2594,9329,18421400
181,141,155,8987936,2580,9484,18909400
182,138,126,8987798,2592,9610,18699700
183,147,140,8987651,2599,9750,18448800
184,144,136,8987507,2607,9886,18398200
185,138,119,8987369,2626,10005,18424700
186,138,125,8987231,2639,10130,18355900
187,126,154,8987105,2611,10284,18357700
188,161,126,8986944,2646,10410,18661400
189,134,126,8986810,2654,10536,18370800
190,143,138,8986667,2659,10674,18808400
191,147,145,8986520,2661,10819,18391600
192,149,140,8986371,2670,10959,18860900
193,161,148,8986210,2683,11107,18541000
194,154,122,8986056,2715,11229,18529000
195,134,137,8985922,2712,11366,19204800
196,162,153,8985760,2721,11519,18315800
197,149,120,8985611,2750,11639,18271600
198,174,140,8985437,2784,11779,18814300
199,157,146,8985280,2795,11925,18272900
200,162,165,8985118,2792,12090,18433800
201,164,146,8984954,2810,12236,18636300
202,186,143,8984768,2853,12379,18414900
203,155,136,8984613,2872,12515,18250100
204,160,142,8984453,2890,12657,18476100
205,140,140,8984313,2890,12797,18344000
206,170,137,8984143,2923,12934,18311500
207,164,123,8983979,2964,13057,18264500
208,169,158,8983810,2975,13215,18290300
209,175,146,8983635,3004,13361,18293500
210,195,147,8983440,3052,13508,18358500
211,158,156,8983282,3054,13664,18886200
212,156,135,8983126,3075,13799,18968000
213,160,164,8982966,3071,13963,18678100
214,201,163,8982765,3109,14126,18470000
215,160,143,8982605,3126,14269,18810900
216,170,145,8982435,3151,14414,19444900
217,172,151,8982263,3172,14565,19625000
218,174,149,8982089,3197,14714,19037300
219,176,152,8981913,3221,14866,18590300
220,190,169,8981723,3242,15035,19740300
221,187,173,8981536,3256,15208,19139100
222,208,189,8981328,3275,15397,19290400
223,186,175,8981142,3286,15572,19196300
224,180,149,8980962,3317,15721,18624000
225,190,147,8980772,3360,15868,18777900
226,187,154,8980585,3393,16022,18849600
227,211,162,8980374,3442,16184,18582700
228,209,178,8980165,3473,16362,18950800
229,183,170,8979982,3486,16532,19152700
230,197,187,8979785,3496,16719,18395200
231,196,177,8979589,3515,16896,18407300
232,223,178,8979366,3560,17074,18474300
233,187,180,8979179,3567,17254,18563300
234,192,147,8978987,3612,17401,18346000
235,173,179,8978814,3606,17580,18352900
236,211,206,8978603,3611,17786,18364000
237,201,176,8978402,3636,17962,18466300
238,205,151,8978197,3690,18113,18337700
239,218,178,8977979,3730,18291,18449900
240,196,201,8977783,3725,18492,18939000
241,204,177,8977579,3752,18669,18657600
242,205,183,8977374,3774,18852,18402800
243,217,193,8977157,3798,19045,18724500
244,202,193,8976955,3807,19238,18583700
245,206,194,8976749,3819,19432,18398300
246,206,178,8976543,3847,19610,18424300
247,207,185,8976336,3869,19795,18540800
248,207,171,8976129,3905,19966,18424600
249,186,187,8975943,3904,20153,18908900
250,207,179,8975736,3932,20332,18320000
251,237,170,8975499,3999,20502,18307300
252,234,211,8975265,4022,20713,18364400
253,220,205,8975045,4037,20918,18657300
254,213,214,8974832,4036,21132,18449200
255,227,228,8974605,4035,21360,18500400
256,208,209,8974397,4034,21569,18432400
257,228,198,8974169,4064,21767,18266700
258,229,216,8973940,4077,21983,18354300
259,213,200,8973727,4090,22183,18413800
260,220,203,8973507,4107,22386,18308900
261,220,201,8973287,4126,22587,19022700
262,224,223,8973063,4127,22810,18162800
263,233,194,8972830,4166,23004,18861200
264,257,218,8972573,4205,23222,18965900
265,213,207,8972360,4211,23429,18362800
266,223,219,8972137,4215,23648,18309300
267,261,181,8971876,4295,23829,18391200
268,221,217,8971655,4299,24046,18434100
269,242,202,8971413,4339,24248,19488800
270,255,205,8971158,4389,24453,19155400
271,250,197,8970908,4442,24650,18659400
272,253,225,8970655,4470,24875,18385400
273,233,227,8970422,4476,25102,18360600
274,243,224,8970179,4495,25326,18530100
275,269,230,8969910,4534,25556,19050200
276,242,234,8969668,4542,25790,18548700
277,249,231,8969419,4560,26021,18973300
278,234,204,8969185,4590,26225,18697500
279,238,236,8968947,4592,26461,18125000
280,213,219,8968734,4586,26680,18313200
281,267,240,8968467,4613,26920,18330000
282,264,205,8968203,4672,27125,18401600
283,237,207,8967966,4702,27332,18428100
284,237,263,8967729,4676,27595,19743600
285,260,238,8967469,4698,27833,19128400
286,257,232,8967212,4723,28065,18815100
287,258,245,8966954,4736,28310,18881900
288,284,250,8966670,4770,28560,18679200
289,240,219,8966430,4791,28779,18944400
290,246,244,8966184,4793,29023,18970200
291,259,272,8965925,4780,29295,18976000
292,255,231,8965670,4804,29526,19189200
293,274,225,8965396,4853,29751,18908800
294,275,257,8965121,4871,30008,18652100
295,243,251,8964878,4863,30259,18662600
296,258,244,8964620,4877,30503,19111100
297,232,268,8964388,4841,30771,18757700
298,269,212,8964119,4898,30983,18724400
299,251,247,8963868,4902,31230,18294100
300,231,261,8963637,4872,31491,18571600
301,258,269,8963379,4861,31760,18708500
302,237,237,8963142,4861,31997,18314800
303,240,240,8962902,4861,32237,18287900
304,254,219,8962648,4896,32456,18512800
305,264,243,8962384,4917,32699,18378800
306,256,236,8962128,4937,32935,18508300
307,258,271,8961870,4924,33206,18528800
308,263,233,8961607,4954,33439,18346900
309,252,264,8961355,4942,33703,18460300
310,258,245,8961097,4955,33948,18548100
311,238,259,8960859,4934,34207,18263900
312,253,211,8960606,4976,34418,18272900
313,272,267,8960334,4981,34685,18341500
314,251,246,8960083,4986,34931,18409000
315,241,241,8959842,4986,35172,18402700
316,274,229,8959568,5031,35401,18295400
317,277,294,8959291,5014,35695,19386800
318,252,258,8959039,5008,35953,18437800
319,272,262,8958767,5018,36215,18329600
320,270,256,8958497,5032,36471,18393800
321,260,219,8958237,5073,36690,18477900
322,243,270,8957994,5046,36960,18482800
323,253,280,8957741,5019,37240,19058400
324,263,231,8957478,5051,37471,19093400
325,257,248,8957221,5060,37719,18448500
326,288,262,8956933,5086,37981,18544600
327,278,271,8956655,5093,38252,18432000
328,233,265,8956422,5061,38517,18393800
329,272,246,8956150,5087,38763,18407400
330,278,273,8955872,5092,39036,18499400
331,292,254,8955580,5130,39290,18858800
332,279,255,8955301,5154,39545,18379100
333,288,245,8955013,5197,39790,18295700
334,260,236,8954753,5221,40026,18490600
335,287,242,8954466,5266,40268,18384400
336,266,295,8954200,5237,40563,18401500
337,323,281,8953877,5279,40844,18368700
338,281,264,8953596,5296,41108,18515900
339,270,230,8953326,5336,41338,18566600
340,286,259,8953040,5363,41597,18331800
341,278,261,8952762,5380,41858,18504500
342,252,250,8952510,5382,42108,18476300
343,269,311,8952241,5340,42419,18366400
344,301,265,8951940,5376,42684,18638300
345,293,303,8951647,5366,42987,18423200
346,277,270,8951370,5373,43257,18395000
347,294,243,8951076,5424,43500,18413900
348,305,262,8950771,5467,43762,18280800
349,301,295,8950470,5473,44057,18733100
350,294,299,8950176,5468,44356,18429200
351,301,286,8949875,5483,44642,18370600
352,265,274,8949610,5474,44916,18916000
353,312,274,8949298,5512,45190,19152200
354,291,285,8949007,5518,45475,18825200
355,300,264,8948707,5554,45739,18889900
356,260,285,8948447,5529,46024,19050000
357,285,310,8948162,5504,46334,18932100
358,299,298,8947863,5505,46632,18750100
359,309,271,8947554,5543,46903,18891900
360,297,287,8947257,5553,47190,19092400
361,313,281,8946944,5585,47471,18779400
362,319,277,8946625,5627,47748,19525400
363,292,273,8946333,5646,48021,19145200
364,307,276,8946026,5677,48297,18901400
365,319,298,8945707,5698,48595,18695500
366,352,289,8945355,5761,48884,18923700
367,318,282,8945037,5797,49166,18797200
368,316,291,8944721,5822,49457,18277100
369,300,294,8944421,5828,49751,18344800
370,310,289,8944111,5849,50040,18682300
371,328,288,8943783,5889,50328,19162300
372,342,264,8943441,5967,50592,18467000
373,303,308,8943138,5962,50900,18277200
374,328,292,8942810,5998,51192,18355500
375,355,302,8942455,6051,51494,18417100
376,309,274,8942146,6086,51768,18931000
377,346,310,8941800,6122,52078,19262600
378,361,271,8941439,6212,52349,18353500
379,326,316,8941113,6222,52665,18324200
380,320,348,8940793,6194,53013,18313900
381,387,319,8940406,6262,53332,18415100
382,330,337,8940076,6255,53669,18379700
383,341,314,8939735,6282,53983,18442900
384,351,347,8939384,6286,54330,18460900
385,314,280,8939070,6320,54610,18402000
386,323,314,8938747,6329,54924,18536600
387,347,316,8938400,6360,55240,18328000
388,342,339,8938058,6363,55579,18565700
389,349,341,8937709,6371,55920,18386500
390,347,322,8937362,6396,56242,18407900
391,314,324,8937048,6386,56566,18395600
392,318,307,8936730,6397,56873,18402800
393,349,324,8936381,6422,57197,18429100
394,360,302,8936021,6480,57499,18406900
395,319,337,8935702,6462,57836,18328900
396,350,330,8935352,6482,58166,18349400
397,361,329,8934991,6514,58495,18383400
398,321,304,8934670,6531,58799,18755900
399,337,356,8934333,6512,59155,18800100
400,328,327,8934005,6513,59482,18338800
401,334,303,8933671,6544,59785,18795900
402,363,329,8933308,6578,60114,18612500
403,345,318,8932963,6605,60432,18387400
404,341,330,8932622,6616,60762,18441400
405,347,357,8932275,6606,61119,18379700
406,357,316,8931918,6647,61435,18723400
407,384,350,8931534,6681,61785,18719300
408,356,352,8931178,6685,62137,18518000
409,368,355,8930810,6698,62492,18361500
410,371,331,8930439,6738,62823,18400300
411,359,341,8930080,6756,63164,18750000
412,348,330,8929732,6774,63494,18409700
413,393,325,8929339,6842,63819,18354800
414,370,349,8928969,6863,64168,18370000
415,389,328,8928580,6924,64496,18613200
416,378,328,8928202,6974,64824,18399900
417,365,349,8927837,6990,65173,18370500
418,381,350,8927456,7021,65523,18440900
419,381,356,8927075,7046,65879,18392100
420,356,331,8926719,7071,66210,18454900
421,376,349,8926343,7098,66559,19584000
422,379,338,8925964,7139,66897,19040400
423,405,373,8925559,7171,67270,19155400
424,389,353,8925170,7207,67623,19066100
425,363,372,8924807,7198,67995,19137900
426,351,382,8924456,7167,68377,19130700
427,378,377,8924078,7168,68754,18830000
428,379,373,8923699,7174,69127,18716900
429,378,365,8923321,7187,69492,19073700
430,378,339,8922943,7226,69831,19048900
431,344,348,8922599,7222,70179,19565100
432,411,348,8922188,7285,70527,19022800
433,389,378,8921799,7296,70905,18897600
434,357,353,8921442,7300,71258,18958700
435,371,342,8921071,7329,71600,18681900
436,384,360,8920687,7353,71960,18281100
437,358,359,8920329,7352,72319,18354000
438,381,341,8919948,7392,72660,19146700
439,413,386,8919535,7419,73046,18655400
440,398,371,8919137,7446,73417,19108400
441,376,368,8918761,7454,73785,19302500
442,391,368,8918370,7477,74153,19063900
443,365,381,8918005,7461,74534,19353600
444,395,392,8917610,7464,74926,19615300
445,393,405,8917217,7452,75331,19172400
446,354,389,8916863,7417,75720,19236600
447,358,364,8916505,7411,76084,19185600
448,360,349,8916145,7422,76433,19505300
449,358,369,8915787,7411,76802,18984900
450,393,384,8915394,7420,77186,18885500
451,387,352,8915007,7455,77538,18966700
452,402,355,8914605,7502,77893,19186000
453,391,383,8914214,7510,78276,19281400
454,407,377,8913807,7540,78653,18725000
455,399,417,8913408,7522,79070,19797000
456,442,359,8912966,7605,79429,19188700
457,413,358,8912553,7660,79787,19220800
458,399,417,8912154,7642,80204,19913900
459,435,385,8911719,7692,80589,19219200
460,423,412,8911296,7703,81001,19539400
461,397,398,8910899,7702,81399,19154900
462,423,377,8910476,7748,81776,19303900
463,414,395,8910062,7767,82171,18994400
464,383,374,8909679,7776,82545,19105200
465,389,409,8909290,7756,82954,19196500
466,423,397,8908867,7782,83351,19926000
467,388,359,8908479,7811,83710,19097600
468,420,388,8908059,7843,84098,19187000
469,425,374,8907634,7894,84472,19166300
470,378,395,8907256,7877,84867,18709000
471,406,367,8906850,7916,85234,18955800
472,430,398,8906420,7948,85632,19096300
473,401,378,8906019,7971,86010,19187900
474,417,392,8905602,7996,86402,19231300
475,408,419,8905194,7985,86821,18970600
476,397,379,8904797,8003,87200,19116400
477,411,393,8904386,8021,87593,19226700
478,395,384,8903991,8032,87977,19239200
479,419,423,8903572,8028,88400,19162000
480,413,405,8903159,8036,88805,19352700
481,398,400,8902761,8034,89205,19295000
482,425,437,8902336,8022,89642,19507700
483,407,394,8901929,8035,90036,20562800
484,456,404,8901473,8087,90440,20445600
485,427,416,8901046,8098,90856,19109300
486,408,404,8900638,8102,91260,18362000
487,424,397,8900214,8129,91657,18631600
488,422,451,8899792,8100,92108,18430900
489,413,426,8899379,8087,92534,19188700
490,415,411,8898964,8091,92945,19275800
491,433,429,8898531,8095,93374,19457500
492,433,383,8898098,8145,93757,19183300
493,447,404,8897651,8188,94161,18722600
494,430,459,8897221,8159,94620,18651900
495,435,428,8896786,8166,95048,19241600
496,431,411,8896355,8186,95459,18849700
497,440,428,8895915,8198,95887,18748400
498,441,372,8895474,8267,96259,18810900
499,429,422,8895045,8274,96681,18679500
500,422,418,8894623,8278,97099,19107000
501,422,387,8894201,8313,97486,19260100
502,431,408,8893770,8336,97894,18943300
503,453,419,8893317,8370,98313,18474500
504,434,363,8892883,8441,98676,18282900
505,414,448,8892469,8407,99124,18478800
506,447,424,8892022,8430,99548,18386700
507,390,460,8891632,8360,100008,18508700
508,459,484,8891173,8335,100492,18406900
509,507,430,8890666,8412,100922,18256300
510,423,406,8890243,8429,101328,18572900
511,446,423,8889797,8452,101751,18410200
512,452,421,8889345,8483,102172,18507800
513,464,422,8888881,8525,102594,18589000
514,437,442,8888444,8520,103036,18494300
515,453,446,8887991,8527,103482,18506100
516,469,417,8887522,8579,103899,18391100
517,431,421,8887091,8589,104320,18415400
518,431,414,8886660,8606,104734,18355900
519,444,451,8886216,8599,105185,18450700
520,403,402,8885813,8600,105587,18734000
521,433,450,8885380,8583,106037,18433700
522,446,411,8884934,8618,106448,18535200
523,488,444,8884446,8662,106892,18421600
524,457,413,8883989,8706,107305,18352100
525,491,436,8883498,8761,107741,18902100
526,441,436,8883057,8766,108177,18481500
527,424,466,8882633,8724,108643,18606200
528,430,425,8882203,8729,109068,18657800
529,470,473,8881733,8726,109541,18390500
530,485,425,8881248,8786,109966,18413300
531,446,423,8880802,8809,110389,18359000
532,465,449,8880337,8825,110838,18406700
533,463,444,8879874,8844,111282,18533600
534,473,448,8879401,8869,111730,18949000
535,451,454,8878950,8866,112184,18347900
536,450,466,8878500,8850,112650,18802800
537,457,452,8878043,8855,113102,19443900
538,466,421,8877577,8900,113523,19210200
539,484,438,8877093,8946,113961,18691000
540,454,456,8876639,8944,114417,19281600
541,461,451,8876178,8954,114868,19094200
542,465,471,8875713,8948,115339,18901400
543,466,444,8875247,8970,115783,18855100
544,488,459,8874759,8999,116242,19300300
545,464,469,8874295,8994,116711,18694100
546,494,424,8873801,9064,117135,18368800
547,492,429,8873309,9127,117564,18556200
548,458,430,8872851,9155,117994,18980100
549,466,484,8872385,9137,118478,18412500
550,479,451,8871906,9165,118929,18853100
551,497,488,8871409,9174,119417,18514400
552,481,441,8870928,9214,119858,18474100
553,470,469,8870458,9215,120327,18484600
554,523,441,8869935,9297,120768,18676400
555,475,431,8869460,9341,121199,18291100
556,505,420,8868955,9426,121619,19226600
557,473,442,8868482,9457,122061,20059300
558,492,452,8867990,9497,122513,19822800
559,499,482,8867491,9514,122995,19912300
560,502,428,8866989,9588,123423,19432900
561,499,497,8866490,9590,123920,19889400
562,486,441,8866004,9635,124361,18665400
563,501,456,8865503,9680,124817,18988600
564,511,481,8864992,9710,125298,18863100
565,471,479,8864521,9702,125777,19053000
566,485,497,8864036,9690,126274,19808500
567,509,498,8863527,9701,126772,19125300
568,463,466,8863064,9698,127238,19258200
569,467,529,8862597,9636,127767,18841300
570,489,459,8862108,9666,128226,18926600
571,534,500,8861574,9700,128726,18785600
572,493,471,8861081,9722,129197,18421400
573,530,478,8860551,9774,129675,18282900
574,520,460,8860031,9834,130135,18476000
575,505,471,8859526,9868,130606,18523800
576,499,479,8859027,9888,131085,18570500
577,512,490,8858515,9910,131575,18391000
578,523,490,8857992,9943,132065,18411500
579,546,468,8857446,10021,132533,18459400
580,535,483,8856911,10073,133016,18638700
581,485,502,8856426,10056,133518,18462600
582,554,519,8855872,10091,134037,18540800
583,491,483,8855381,10099,134520,19264100
584,527,502,8854854,10124,135022,18308900
585,536,536,8854318,10124,135558,18695200
586,498,497,8853820,10125,136055,18735200
587,561,496,8853259,10190,136551,18477900
588,496,511,8852763,10175,137062,18977200
589,501,494,8852262,10182,137556,18709900
590,480,526,8851782,10136,138082,19359000
591,481,503,8851301,10114,138585,19320400
592,509,527,8850792,10096,139112,18405800
593,540,525,8850252,10111,139637,18961100
594,486,453,8849766,10144,140090,18273100
595,511,514,8849255,10141,140604,18489500
596,479,475,8848776,10145,141079,18935600
597,523,549,8848253,10119,141628,18480200
598,507,513,8847746,10113,142141,18558500
599,497,473,8847249,10137,142614,18486700
600,537,461,8846712,10213,143075,18519700
601,526,527,8846186,10212,143602,18444100
602,510,518,8845676,10204,144120,18437000
603,546,564,8845130,10186,144684,18515800
604,485,529,8844645,10142,145213,18572000
605,526,529,8844119,10139,145742,18500200
606,504,502,8843615,10141,146244,18579900
607,468,492,8843147,10117,146736,18660600
608,535,513,8842612,10139,147249,18781800
609,556,501,8842056,10194,147750,18794900
610,568,538,8841488,10224,148288,18430600
611,512,527,8840976,10209,148815,18337500
612,503,458,8840473,10254,149273,18492200
613,558,522,8839915,10290,149795,18520800
614,530,515,8839385,10305,150310,18399300
615,539,516,8838846,10328,150826,18571400
616,544,510,8838302,10362,151336,18443800
617,512,490,8837790,10384,151826,18480100
618,534,562,8837256,10356,152388,18465300
619,524,510,8836732,10370,152898,18744400
620,514,557,8836218,10327,153455,18402300
621,546,514,8835672,10359,153969,18453600
622,551,491,8835121,10419,154460,18542400
623,565,534,8834556,10450,154994,18640100
624,492,557,8834064,10385,155551,18948600
625,495,520,8833569,10360,156071,18393000
626,545,537,8833024,10368,156608,19048400
627,553,508,8832471,10413,157116,18990700
628,522,538,8831949,10397,157654,19201100
629,578,535,8831371,10440,158189,19249600
630,515,479,8830856,10476,158668,19235000
631,575,533,8830281,10518,159201,18961100
632,550,544,8829731,10524,159745,19092900
633,568,513,8829163,10579,160258,18959200
634,529,527,8828634,10581,160785,18848500
635,571,513,8828063,10639,161298,19119900
636,522,520,8827541,10641,161818,19189900
637,535,552,8827006,10624,162370,19310300
638,566,531,8826440,10659,162901,19155900
639,517,525,8825923,10651,163426,18847400
640,506,550,8825417,10607,163976,18451800
641,521,567,8824896,10561,164543,18589700
642,578,538,8824318,10601,165081,18422800
643,545,532,8823773,10614,165613,19063900
644,537,553,8823236,10598,166166,19430300
645,522,512,8822714,10608,166678,19016800
646,569,505,8822145,10672,167183,18660100
647,554,531,8821591,10695,167714,18499000
648,581,507,8821010,10769,168221,18214500
649,545,473,8820465,10841,168694,18854000
650,564,558,8819901,10847,169252,18406100
651,589,526,8819312,10910,169778,18491500
652,580,563,8818732,10927,170341,18495200
653,600,531,8818132,10996,170872,18530400
654,587,588,8817545,10995,171460,19242200
655,571,556,8816974,11010,172016,18355300
656,580,537,8816394,11053,172553,18395600
657,590,561,8815804,11082,173114,18474800
658,594,602,8815210,11074,173716,18930100
659,611,564,8814599,11121,174280,18414800
660,570,553,8814029,11138,174833,18396800
661,566,532,8813463,11172,175365,18380200
662,543,548,8812920,11167,175913,18413400
663,552,546,8812368,11173,176459,18448700
664,568,573,8811800,11168,177032,18509100
665,591,561,8811209,11198,177593,18426300
666,596,561,8810613,11233,178154,18391800
667,557,560,8810056,11230,178714,18525200
668,605,563,8809451,11272,179277,18496400
669,590,558,8808861,11304,179835,18394700
670,576,570,8808285,11310,180405,19129500
671,598,565,8807687,11343,180970,18562100
672,628,554,8807059,11417,181524,18400700
673,589,578,8806470,11428,182102,18651000
674,593,535,8805877,11486,182637,18589000
675,599,574,8805278,11511,183211,18595800
676,609,597,8804669,11523,183808,18382800
677,558,604,8804111,11477,184412,18496800
678,581,611,8803530,11447,185023,18450400
679,574,558,8802956,11463,185581,18544300
680,582,572,8802374,11473,186153,18907000
681,585,575,8801789,11483,186728,18484100
682,604,570,8801185,11517,187298,18365700
683,610,574,8800575,11553,187872,18742500
684,562,548,8800013,11567,188420,19079900
685,588,581,8799425,11574,189001,18582500
686,551,577,8798874,11548,189578,18617900
687,618,591,8798256,11575,190169,19031200
688,589,551,8797667,11613,190720,18626700
689,593,606,8797074,11600,191326,18341800
690,627,567,8796447,11660,191893,18241100
691,606,571,8795841,11695,192464,18543900
692,618,583,8795223,11730,193047,18476500
693,595,582,8794628,11743,193629,18386600
694,608,594,8794020,11757,194223,19242200
695,619,578,8793401,11798,194801,18828700
696,646,566,8792755,11878,195367,18903900
697,603,588,8792152,11893,195955,18867700
698,629,581,8791523,11941,196536,19116200
699,637,583,8790886,11995,197119,19116500
700,659,640,8790227,12014,197759,19078700
701,628,606,8789599,12036,198365,18580300
702,639,617,8788960,12058,198982,18524900
703,644,581,8788316,12121,199563,18616100
704,625,635,8787691,12111,200198,19039500
705,602,598,8787089,12115,200796,18886200
706,615,604,8786474,12126,201400,19413400
707,660,603,8785814,12183,202003,18988700
708,617,598,8785197,12202,202601,18280200
709,617,634,8784580,12185,203235,18406100
710,612,632,8783968,12165,203867,18435900
711,582,588,8783386,12159,204455,18631000
712,611,630,8782775,12140,205085,18499500
713,649,604,8782126,12185,205689,18593800
714,610,602,8781516,12193,206291,18537700
715,629,554,8780887,12268,206845,18540400
716,639,622,8780248,12285,207467,18465500
717,575,622,8779673,12238,208089,18560900
718,615,611,8779058,12242,208700,18614900
719,638,600,8778420,12280,209300,18498700
720,643,645,8777777,12278,209945,18495500
721,586,623,8777191,12241,210568,18661800
722,641,565,8776550,12317,211133,18440600
723,664,633,8775886,12348,211766,18396300
724,671,601,8775215,12418,212367,18829000
725,649,690,8774566,12377,213057,18473200
726,633,581,8773933,12429,213638,19095900
727,632,659,8773301,12402,214297,19210800
728,688,626,8772613,12464,214923,18527600
729,634,641,8771979,12457,215564,18468300
730,646,607,8771333,12496,216171,18635000
731,600,606,8770733,12490,216777,18700000
732,683,624,8770050,12549,217401,18544100
733,643,627,8769407,12565,218028,18453600
734,685,615,8768722,12635,218643,18409300
735,639,627,8768083,12647,219270,18525400
736,674,608,8767409,12713,219878,18431500
737,634,628,8766775,12719,220506,18688200
738,661,619,8766114,12761,221125,18396000
739,635,620,8765479,12776,221745,18402100
740,630,622,8764849,12784,222367,18497000
741,661,623,8764188,12822,222990,18468400
742,694,624,8763494,12892,223614,18657900
743,664,655,8762830,12901,224269,18603300
744,638,623,8762192,12916,224892,18488100
745,638,643,8761554,12911,225535,18416400
746,647,647,8760907,12911,226182,18590300
747,640,670,8760267,12881,226852,18493300
748,690,601,8759577,12970,227453,18726100
749,656,694,8758921,12932,228147,18766700
750,690,643,8758231,12979,228790,18677900
751,665,644,8757566,13000,229434,19465200
752,707,645,8756859,13062,230079,19884700
753,624,642,8756235,13044,230721,18886900
754,689,644,8755546,13089,231365,19203300
755,655,649,8754891,13095,232014,18309000
756,670,645,8754221,13120,232659,18437900
757,642,673,8753579,13089,233332,18647300
758,613,678,8752966,13024,234010,18412300
759,680,668,8752286,13036,234678,18429800
760,625,639,8751661,13022,235317,18485700
761,643,658,8751018,13007,235975,18503500
762,682,633,8750336,13056,236608,18828200
763,686,661,8749650,13081,237269,19121700
764,658,603,8748992,13136,237872,18929300
765,731,667,8748261,13200,238539,19562400
766,712,665,8747549,13247,239204,18768400
767,677,658,8746872,13266,239862,18655200
768,672,703,8746200,13235,240565,19052500
769,653,670,8745547,13218,241235,19640700
770,639,645,8744908,13212,241880,18728600
771,713,651,8744195,13274,242531,18932400
772,726,663,8743469,13337,243194,19137200
773,692,664,8742777,13365,243858,18948700
774,655,690,8742122,13330,244548,19415800
775,665,667,8741457,13328,245215,18863600
776,672,663,8740785,13337,245878,18539700
777,672,645,8740113,13364,246523,18422500
778,689,719,8739424,13334,247242,18646200
779,685,704,8738739,13315,247946,18350300
780,678,665,8738061,13328,248611,29048800
781,664,690,8737397,13302,249301,19009600
782,669,709,8736728,13262,250010,18559200
783,686,703,8736042,13245,250713,18720400
784,669,650,8735373,13264,251363,18863800
785,636,657,8734737,13243,252020,18774600
786,665,636,8734072,13272,252656,18487400
787,651,690,8733421,13233,253346,18429000
788,629,708,8732792,13154,254054,18685700
789,649,680,8732143,13123,254734,18412100
790,670,626,8731473,13167,255360,18547800
791,687,629,8730786,13225,255989,18449900
792,651,664,8730135,13212,256653,18508200
793,706,673,8729429,13245,257326,18446500
794,647,659,8728782,13233,257985,18677000
795,668,661,8728114,13240,258646,18562900
796,652,676,8727462,13216,259322,18493300
797,725,692,8726737,13249,260014,18462300
798,703,621,8726034,13331,260635,18485500
799,698,647,8725336,13382,261282,18479000
800,699,683,8724637,13398,261965,18413300
801,706,717,8723931,13387,262682,18917500
802,727,667,8723204,13447,263349,18579700
803,679,654,8722525,13472,264003,19103100
804,656,714,8721869,13414,264717,19401100
805,691,621,8721178,13484,265338,19245500
806,742,666,8720436,13560,266004,18542100
807,711,663,8719725,13608,266667,18452400
808,665,681,8719060,13592,267348,18551700
809,652,621,8718408,13623,267969,18489000
810,748,685,8717660,13686,268654,18596200
811,703,687,8716957,13702,269341,18943200
812,712,715,8716245,13699,270056,18586100
813,723,643,8715522,13779,270699,18782100
814,714,697,8714808,13796,271396,18442500
815,685,730,8714123,13751,272126,18536700
816,658,698,8713465,13711,272824,18611800
817,729,716,8712736,13724,273540,18405900
818,730,681,8712006,13773,274221,18513400
819,720,665,8711286,13828,274886,18549400
820,719,729,8710567,13818,275615,18467300
821,698,703,8709869,13813,276318,18631400
822,688,686,8709181,13815,277004,18582700
823,746,698,8708435,13863,277702,18453800
824,708,715,8707727,13856,278417,18360900
825,689,683,8707038,13862,279100,18642800
826,717,671,8706321,13908,279771,18564800
827,689,694,8705632,13903,280465,18498500
828,733,695,8704899,13941,281160,19195300
829,744,725,8704155,13960,281885,19283500
830,736,777,8703419,13919,282662,19025300
831,714,712,8702705,13921,283374,19028200
832,695,717,8702010,13899,284091,19277500
833,720,684,8701290,13935,284775,19331100
834,737,738,8700553,13934,285513,19012800
835,732,722,8699821,13944,286235,19236900
836,751,720,8699070,13975,286955,19808300
837,682,739,8698388,13918,287694,18903600
838,717,664,8697671,13971,288358,19349300
839,703,686,8696968,13988,289044,19281700
840,729,717,8696239,14000,289761,19472500
841,746,687,8695493,14059,290448,19115700
842,730,681,8694763,14108,291129,19184200
843,699,717,8694064,14090,291846,18667700
844,753,712,8693311,14131,292558,18711500
845,733,665,8692578,14199,293223,18643800
846,722,706,8691856,14215,293929,18851900
847,747,689,8691109,14273,294618,18525500
848,751,736,8690358,14288,295354,18540300
849,765,701,8689593,14352,296055,18739100
850,760,779,8688833,14333,296834,18404300
851,742,682,8688091,14393,297516,18438400
852,761,703,8687330,14451,298219,18451700
853,735,737,8686595,14449,298956,18475100
854,736,716,8685859,14469,299672,18579800
855,781,736,8685078,14514,300408,19133800
856,770,744,8684308,14540,301152,18573200
857,715,750,8683593,14505,301902,19188100
858,766,686,8682827,14585,302588,19567100
859,734,731,8682093,14588,303319,19014900
860,800,747,8681293,14641,304066,18538200
861,791,759,8680502,14673,304825,18776800
862,731,708,8679771,14696,305533,18502700
863,788,764,8678983,14720,306297,18542600
864,766,729,8678217,14757,307026,18874700
865,745,756,8677472,14746,307782,18941300
866,758,713,8676714,14791,308495,18459300
867,762,745,8675952,14808,309240,18565800
868,724,713,8675228,14819,309953,18622800
869,768,750,8674460,14837,310703,18502000
870,784,730,8673676,14891,311433,18580000
871,695,737,8672981,14849,312170,18670200
872,725,739,8672256,14835,312909,18453800
873,726,717,8671530,14844,313626,18596800
874,757,733,8670773,14868,314359,18478500
875,697,700,8670076,14865,315059,18710400
876,729,742,8669347,14852,315801,18748700
877,736,782,8668611,14806,316583,18573700
878,770,708,8667841,14868,317291,18427100
879,737,737,8667104,14868,318028,18422200
880,752,720,8666352,14900,318748,18518100
881,752,809,8665600,14843,319557,18708300
882,758,765,8664842,14836,320322,18644200
883,703,772,8664139,14767,321094,18533900
884,746,693,8663393,14820,321787,18472800
885,710,790,8662683,14740,322577,18769600
886,768,772,8661915,14736,323349,18709000
887,701,768,8661214,14669,324117,18587800
888,758,744,8660456,14683,324861,18727600
889,734,691,8659722,14726,325552,18567400
890,726,747,8658996,14705,326299,18475500
891,685,756,8658311,14634,327055,18452300
892,758,762,8657553,14630,327817,18788000
893,719,723,8656834,14626,328540,18663800
894,691,719,8656143,14598,329259,18467300
895,725,742,8655418,14581,330001,18594400
896,738,714,8654680,14605,330715,18508400
897,697,721,8653983,14581,331436,18803600
898,737,696,8653246,14622,332132,19214900
899,752,738,8652494,14636,332870,18835000
900,712,732,8651782,14616,333602,18976700
901,728,752,8651054,14592,334354,18724200
902,700,773,8650354,14519,335127,19178600
903,721,728,8649633,14512,335855,19243900
904,710,725,8648923,14497,336580,19037300
905,715,733,8648208,14479,337313,18776200
906,734,695,8647474,14518,338008,18856400
907,739,750,8646735,14507,338758,19537400
908,749,736,8645986,14520,339494,18994000
909,752,743,8645234,14529,340237,19615200
910,738,689,8644496,14578,340926,19136100
911,780,724,8643716,14634,341650,18857100
912,782,792,8642934,14624,342442,19309700
913,753,730,8642181,14647,343172,18728300
914,748,682,8641433,14713,343854,18118400
915,691,708,8640742,14696,344562,18460700
916,763,746,8639979,14713,345308,18541900
917,749,734,8639230,14728,346042,18607400
918,762,729,8638468,14761,346771,18406500
919,768,745,8637700,14784,347516,18498300
920,723,755,8636977,14752,348271,18451700
921,734,799,8636243,14687,349070,18594800
922,769,736,8635474,14720,349806,18451700
923,777,734,8634697,14763,350540,18419300
924,800,738,8633897,14825,351278,18874700
925,739,798,8633158,14766,352076,18504000
926,759,675,8632399,14850,352751,19154100
927,745,723,8631654,14872,353474,18393900
928,764,759,8630890,14877,354233,18752400
929,764,717,8630126,14924,354950,18705300
930,752,758,8629374,14918,355708,18609800
931,721,715,8628653,14924,356423,18511000
932,749,748,8627904,14925,357171,18524500
933,702,786,8627202,14841,357957,18742900
934,752,773,8626450,14820,358730,18529200
935,713,755,8625737,14778,359485,18567800
936,760,737,8624977,14801,360222,18654400
937,751,758,8624226,14794,360980,18528700
938,751,699,8623475,14846,361679,18603100
939,824,725,8622651,14945,362404,18967500
940,778,734,8621873,14989,363138,19022500
941,768,743,8621105,15014,363881,18537800
942,768,737,8620337,15045,364618,18633400
943,750,745,8619587,15050,365363,18628800
944,807,754,8618780,15103,366117,18528200
945,788,780,8617992,15111,366897,18506800
946,745,759,8617247,15097,367656,18811100
947,758,747,8616489,15108,368403,18552800
948,726,761,8615763,15073,369164,18683300
949,752,758,8615011,15067,369922,18696100
950,770,780,8614241,15057,370702,19013800
951,784,718,8613457,15123,371420,18897200
952,793,725,8612664,15191,372145,18495900
953,814,740,8611850,15265,372885,18499400
954,760,773,8611090,15252,373658,18495300
955,773,732,8610317,15293,374390,18926700
956,774,737,8609543,15330,375127,18539900
957,775,764,8608768,15341,375891,19137200
958,801,777,8607967,15365,376668,18728500
959,797,742,8607170,15420,377410,19100000
960,758,776,8606412,15402,378186,19186900
961,783,814,8605629,15371,379000,18404400
962,813,770,8604816,15414,379770,18460500
963,749,758,8604067,15405,380528,19157100
964,747,806,8603320,15346,381334,18548100
965,725,771,8602595,15300,382105,19558300
966,803,750,8601792,15353,382855,19727500
967,726,777,8601066,15302,383632,19051200
968,769,737,8600297,15334,384369,19085500
969,785,692,8599512,15427,385061,19073400
970,763,759,8598749,15431,385820,19655600
971,841,791,8597908,15481,386611,18845300
972,774,749,8597134,15506,387360,19206800
973,756,764,8596378,15498,388124,19019900
974,806,769,8595572,15535,388893,19190600
975,808,820,8594764,15523,389713,18950100
976,808,742,8593956,15589,390455,18903800
977,792,834,8593164,15547,391289,19279900
978,772,762,8592392,15557,392051,18761000
979,757,777,8591635,15537,392828,18431300
980,784,754,8590851,15567,393582,18487500
981,760,765,8590091,15562,394347,18416800
982,779,789,8589312,15552,395136,18894700
983,761,784,8588551,15529,395920,18336300
984,798,768,8587753,15559,396688,19095700
985,806,765,8586947,15600,397453,18537800
986,799,733,8586148,15666,398186,18440000
987,788,777,8585360,15677,398963,18507600
988,817,826,8584543,15668,399789,18482500
989,791,731,8583752,15728,400520,18666100
990,825,815,8582927,15738,401335,18553200
991,826,794,8582101,15770,402129,18444400
992,823,784,8581278,15809,402913,18608000
993,784,819,8580494,15774,403732,18786000
994,795,720,8579699,15849,404452,18518000
995,783,746,8578916,15886,405198,19095300
996,793,783,8578123,15896,405981,19026700
997,805,771,8577318,15930,406752,18440300
998,831,836,8576487,15925,407588,18552900
999,815,820,8575672,15920,408408,18600100
1000,822,786,8574850,15956,409194,18802100
1001,796,792,8574054,15960,409986,18504700
1002,803,803,8573251,15960,410789,18725300
1003,843,779,8572408,16024,411568,18852600
1004,813,764,8571595,16073,412332,18568600
1005,759,824,8570836,16008,413156,18973800
1006,784,824,8570052,15968,413980,18477900
1007,765,767,8569287,15966,414747,18704600
1008,756,785,8568531,15937,415532,18582600
1009,783,817,8567748,15903,416349,18611700
1010,799,780,8566949,15922,417129,18623000
1011,762,785,8566187,15899,417914,18569100
1012,781,734,8565406,15946,418648,18857300
1013,780,790,8564626,15936,419438,18462000
1014,846,795,8563780,15987,420233,18563900
1015,840,815,8562940,16012,421048,18513100
1016,840,831,8562100,16021,421879,18632800
1017,789,799,8561311,16011,422678,18657500
1018,771,752,8560540,16030,423430,18876800
1019,805,831,8559735,16004,424261,19551100
1020,819,777,8558916,16046,425038,18925400
1021,815,844,8558101,16017,425882,19182800
1022,827,834,8557274,16010,426716,18893400
1023,809,786,8556465,16033,427502,18441900
1024,834,840,8555631,16027,428342,18582100
1025,795,806,8554836,16016,429148,18386300
1026,786,823,8554050,15979,429971,18507500
1027,771,816,8553279,15934,430787,18526500
1028,796,783,8552483,15947,431570,18541300
1029,867,819,8551616,15995,432389,18802200
1030,797,870,8550819,15922,433259,18505400
1031,803,839,8550016,15886,434098,18586900
1032,841,806,8549175,15921,434904,18923100
1033,802,813,8548373,15910,435717,19424700
1034,844,735,8547529,16019,436452,19049200
1035,794,791,8546735,16022,437243,19176000
1036,824,788,8545911,16058,438031,19323500
1037,788,787,8545123,16059,438818,19337900
1038,791,741,8544332,16109,439559,19581700
1039,815,824,8543517,16100,440383,19284500
1040,853,769,8542664,16184,441152,18772200
1041,859,794,8541805,16249,441946,19264000
1042,840,847,8540965,16242,442793,19184500
1043,768,791,8540197,16219,443584,19256200
1044,842,800,8539355,16261,444384,18806200
1045,805,827,8538550,16239,445211,19251200
1046,806,808,8537744,16237,446019,18477800
1047,826,752,8536918,16311,446771,18404200
1048,828,865,8536090,16274,447636,18437200
1049,911,804,8535179,16381,448440,18457800
1050,845,844,8534334,16382,449284,18798900
1051,883,802,8533451,16463,450086,18643000
1052,831,833,8532620,16461,450919,18849000
1053,848,781,8531772,16528,451700,18886300
1054,816,864,8530956,16480,452564,18861900
1055,870,808,8530086,16542,453372,18688300
1056,793,860,8529293,16475,454232,18671200
1057,818,814,8528475,16479,455046,18570000
1058,783,862,8527692,16400,455908,18520400
1059,758,821,8526934,16337,456729,19148000
1060,834,796,8526100,16375,457525,18622600
1061,871,797,8525229,16449,458322,18657700
1062,832,816,8524397,16465,459138,18668500
1063,817,845,8523580,16437,459983,18582100
1064,833,858,8522747,16412,460841,18738100
1065,825,810,8521922,16427,461651,18801100
1066,783,840,8521139,16370,462491,18737200
1067,801,859,8520338,16312,463350,18873900
1068,796,826,8519542,16282,464176,18643100
1069,802,780,8518740,16304,464956,19185700
1070,817,812,8517923,16309,465768,18774900
1071,812,822,8517111,16299,466590,19573600
1072,808,767,8516303,16340,467357,19465400
1073,850,789,8515453,16401,468146,18534900
1074,798,801,8514655,16398,468947,18325100
1075,812,844,8513843,16366,469791,18694700
1076,893,789,8512950,16470,470580,18720900
1077,840,822,8512110,16488,471402,18593800
1078,850,818,8511260,16520,472220,18549500
1079,871,778,8510389,16613,472998,18453100
1080,898,829,8509491,16682,473827,18445600
1081,866,852,8508625,16696,474679,18716600
1082,873,845,8507752,16724,475524,18545100
1083,836,847,8506916,16713,476371,18642800
1084,904,803,8506012,16814,477174,18552200
1085,881,860,8505131,16835,478034,18525200
1086,842,888,8504289,16789,478922,18610700
1087,833,889,8503456,16733,479811,19215700
1088,862,847,8502594,16748,480658,18910600
1089,873,826,8501721,16795,481484,18540700
1090,911,840,8500810,16866,482324,18753000
1091,869,851,8499941,16884,483175,18555400
1092,860,827,8499081,16917,484002,18564000
1093,898,861,8498183,16954,484863,18427400
1094,864,910,8497319,16908,485773,19043500
1095,888,849,8496431,16947,486622,18615500
1096,897,849,8495534,16995,487471,18862500
1097,897,846,8494637,17046,488317,18595400
1098,886,855,8493751,17077,489172,18647400
1099,916,894,8492835,17099,490066,19013800
1100,881,805,8491954,17175,490871,19070100
1101,870,852,8491084,17193,491723,19405600
1102,853,843,8490231,17203,492566,19092800
1103,905,827,8489326,17281,493393,19361900
1104,882,844,8488444,17319,494237,19334500
1105,889,884,8487555,17324,495121,18914800
1106,852,810,8486703,17366,495931,19399100
1107,860,812,8485843,17414,496743,19058600
1108,841,897,8485002,17358,497640,18872900
1109,861,896,8484141,17323,498536,18980900
1110,863,889,8483278,17297,499425,19124400
1111,888,875,8482390,17310,500300,18820000
1112,898,877,8481492,17331,501177,18770900
1113,898,884,8480594,17345,502061,18702200
1114,885,909,8479709,17321,502970,18573300
1115,859,862,8478850,17318,503832,18874600
1116,873,908,8477977,17283,504740,18988200
1117,880,897,8477097,17266,505637,18929300
1118,869,859,8476228,17276,506496,18652700
1119,881,851,8475347,17306,507347,18651300
1120,912,873,8474435,17345,508220,18652600
1121,891,873,8473544,17363,509093,18954800
1122,860,858,8472684,17365,509951,19205000
1123,916,880,8471768,17401,510831,19003800
1124,888,861,8470880,17428,511692,18475700
1125,942,860,8469938,17510,512552,19585000
1126,904,892,8469034,17522,513444,19095500
1127,934,842,8468100,17614,514286,18596100
1128,839,914,8467261,17539,515200,18713800
1129,929,888,8466332,17580,516088,18466700
1130,936,854,8465396,17662,516942,18539400
1131,891,872,8464505,17681,517814,19017000
1132,914,907,8463591,17688,518721,18481400
1133,920,880,8462671,17728,519601,18698600
1134,905,889,8461766,17744,520490,18501500
1135,905,876,8460861,17773,521366,18575600
1136,943,912,8459918,17804,522278,18892300
1137,955,882,8458963,17877,523160,18541200
1138,944,881,8458019,17940,524041,18688600
1139,985,913,8457034,18012,524954,18695100
1140,977,917,8456057,18072,525871,18619700
1141,928,864,8455129,18136,526735,18829400
1142,953,944,8454176,18145,527679,18585000
1143,894,887,8453282,18152,528566,18589400
1144,947,964,8452335,18135,529530,18731600
1145,987,938,8451348,18184,530468,18553100
1146,945,919,8450403,18210,531387,18831300
1147,898,916,8449505,18192,532303,20706600
1148,919,943,8448586,18168,533246,18545100
1149,948,939,8447638,18177,534185,18648000
1150,949,881,8446689,18245,535066,18585500
1151,956,929,8445733,18272,535995,18869700
1152,929,970,8444804,18231,536965,18713000
1153,957,914,8443847,18274,537879,18673500
1154,931,894,8442916,18311,538773,18476300
1155,970,944,8441946,18337,539717,18638800
1156,940,894,8441006,18383,540611,18970900
1157,966,860,8440040,18489,541471,18670900
1158,964,958,8439076,18495,542429,18729000
1159,954,942,8438122,18507,543371,19445600
1160,970,911,8437152,18566,544282,18731800
1161,914,929,8436238,18551,545211,18481400
1162,935,888,8435303,18598,546099,18595800
1163,929,919,8434374,18608,547018,18639100
1164,894,896,8433480,18606,547914,18801600
1165,912,905,8432568,18613,548819,18630400
1166,923,910,8431645,18626,549729,18436100
1167,907,906,8430738,18627,550635,18912300
1168,933,923,8429805,18637,551558,19163100
1169,959,928,8428846,18668,552486,19156100
1170,920,937,8427926,18651,553423,18862100
1171,920,938,8427006,18633,554361,19281300
1172,901,975,8426105,18559,555336,18674100
1173,909,883,8425196,18585,556219,19373000
1174,933,959,8424263,18559,557178,19187100
1175,923,936,8423340,18546,558114,18845100
1176,969,944,8422371,18571,559058,19438900
1177,920,927,8421451,18564,559985,19465000
1178,962,884,8420489,18642,560869,19312000
1179,954,951,8419535,18645,561820,19671200
1180,877,927,8418658,18595,562747,19215600
1181,984,888,8417674,18691,563635,18592900
1182,988,913,8416686,18766,564548,18514900
1183,957,911,8415729,18812,565459,18510000
1184,925,916,8414804,18821,566375,18648800
1185,907,939,8413897,18789,567314,18546000
1186,939,928,8412958,18800,568242,18639300
1187,888,926,8412070,18762,569168,18531200
1188,924,959,8411146,18727,570127,18582300
1189,960,918,8410186,18769,571045,18686900
1190,925,957,8409261,18737,572002,18689100
1191,892,882,8408369,18747,572884,18821400
1192,924,922,8407445,18749,573806,18943500
1193,898,951,8406547,18696,574757,18590700
1194,947,923,8405600,18720,575680,18584000
1195,949,942,8404651,18727,576622,18624600
1196,914,935,8403737,18706,577557,18593700
1197,917,921,8402820,18702,578478,18618400
1198,910,893,8401910,18719,579371,18678800
1199,960,990,8400950,18689,580361,18580400
1200,962,939,8399988,18712,581300,18726800
1201,936,890,8399052,18758,582190,18614600
1202,917,933,8398135,18742,583123,18609700
1203,941,971,8397194,18712,584094,18599700
1204,932,962,8396262,18682,585056,18547900
1205,954,936,8395308,18700,585992,18959100
1206,959,998,8394349,18661,586990,18470400
1207,944,906,8393405,18699,587896,18661300
1208,902,913,8392503,18688,588809,18578400
1209,942,967,8391561,18663,589776,18806400
1210,968,932,8390593,18699,590708,18544600
1211,1015,909,8389578,18805,591617,18553400
1212,944,893,8388634,18856,592510,18984600
1213,894,950,8387740,18800,593460,18718600
1214,878,928,8386862,18750,594388,19157400
1215,949,934,8385913,18765,595322,18651300
1216,928,930,8384985,18763,596252,18678000
1217,977,916,8384008,18824,597168,18583800
1218,888,1015,8383120,18697,598183,18615700
1219,906,975,8382214,18628,599158,18521300
1220,896,976,8381318,18548,600134,18715100
1221,887,898,8380431,18537,601032,18563700
1222,907,959,8379524,18485,601991,18788500
1223,946,977,8378578,18454,602968,18768700
1224,916,915,8377662,18455,603883,18606400
1225,947,896,8376715,18506,604779,18726100
1226,968,942,8375747,18532,605721,18764900
1227,917,919,8374830,18530,606640,18784300
1228,949,944,8373881,18535,607584,18587700
1229,890,930,8372991,18495,608514,18937600
1230,1000,938,8371991,18557,609452,18606600
1231,963,975,8371028,18545,610427,18656100
1232,990,956,8370038,18579,611383,18984400
1233,981,928,8369057,18632,612311,19745000
1234,977,961,8368080,18648,613272,19278100
1235,945,890,8367135,18703,614162,19407800
1236,996,880,8366139,18819,615042,19296500
1237,1012,897,8365127,18934,615939,19316500
1238,973,906,8364154,19001,616845,19430900
1239,953,946,8363201,19008,617791,18973000
1240,976,930,8362225,19054,618721,18897800
1241,998,969,8361227,19083,619690,19330000
1242,912,906,8360315,19089,620596,18872000
1243,1006,933,8359309,19162,621529,18917500
1244,953,961,8358356,19154,622490,19353100
1245,991,942,8357365,19203,623432,18752500
1246,991,980,8356374,19214,624412,19102300
1247,939,973,8355435,19180,625385,19255300
1248,949,1028,8354486,19101,626413,18913300
1249,994,967,8353492,19128,627380,18511000
1250,926,997,8352566,19057,628377,19041800
1251,979,948,8351587,19088,629325,18615100
1252,950,971,8350637,19067,630296,18555200
1253,943,994,8349694,19016,631290,18960500
1254,944,996,8348750,18964,632286,18855900
1255,942,913,8347808,18993,633199,19076000
1256,947,957,8346861,18983,634156,18665800
1257,1036,950,8345825,19069,635106,18604000
1258,964,969,8344861,19064,636075,19368300
1259,974,913,8343887,19125,636988,18513000
1260,935,932,8342952,19128,637920,18821000
1261,955,930,8341997,19153,638850,18656000
1262,989,942,8341008,19200,639792,19121500
1263,960,911,8340048,19249,640703,18794900
1264,989,980,8339059,19258,641683,18657800
1265,974,997,8338085,19235,642680,18786900
1266,962,955,8337123,19242,643635,18661200
1267,982,993,8336141,19231,644628,18500100
1268,901,934,8335240,19198,645562,18607600
1269,1008,975,8334232,19231,646537,18598500
1270,999,934,8333233,19296,647471,18715200
1271,1000,966,8332233,19330,648437,18571700
1272,913,937,8331320,19306,649374,18572400
1273,955,892,8330365,19369,650266,18608900
1274,1028,979,8329337,19418,651245,18514900
1275,969,950,8328368,19437,652195,18690600
1276,1024,988,8327344,19473,653183,18589200
1277,981,1008,8326363,19446,654191,18614000
1278,1029,979,8325334,19496,655170,18621900
1279,992,948,8324342,19540,656118,18542200
1280,962,966,8323380,19536,657084,18572500
1281,1021,965,8322359,19592,658049,18799200
1282,997,931,8321362,19658,658980,18626800
1283,1006,988,8320356,19676,659968,19341700
1284,961,1017,8319395,19620,660985,18669300
1285,977,953,8318418,19644,661938,19649600
1286,1050,1000,8317368,19694,662938,19832800
1287,986,1022,8316382,19658,663960,19341200
1288,1013,989,8315369,19682,664949,19248200
1289,967,1026,8314402,19623,665975,19425400
1290,1026,989,8313376,19660,666964,18563700
1291,958,963,8312418,19655,667927,19051400
1292,1007,994,8311411,19668,668921,18567800
1293,942,1052,8310469,19558,669973,19613900
1294,1027,978,8309442,19607,670951,18727000
1295,981,966,8308461,19622,671917,18793600
1296,1012,992,8307449,19642,672909,18773600
1297,1029,957,8306420,19714,673866,19063500
1298,999,941,8305421,19772,674807,18882400
1299,1028,977,8304393,19823,675784,18666000
1300,1002,988,8303391,19837,676772,18807800
1301,1030,1043,8302361,19824,677815,18859600
1302,1029,1034,8301332,19819,678849,19619800
1303,982,1001,8300350,19800,679850,19009800
1304,1001,1049,8299349,19752,680899,19432900
1305,970,1022,8298379,19700,681921,18833900
1306,1004,977,8297375,19727,682898,18695200
1307,999,926,8296376,19800,683824,19266800
1308,1008,984,8295368,19824,684808,18992300
1309,1026,987,8294342,19863,685795,19355200
1310,971,951,8293371,19883,686746,19196300
1311,1024,1028,8292347,19879,687774,19206000
1312,945,1039,8291402,19785,688813,19231100
1313,976,1024,8290426,19737,689837,18988700
1314,979,1039,8289447,19677,690876,19628000
1315,973,945,8288474,19705,691821,18617200
1316,981,1016,8287493,19670,692837,18708500
1317,987,970,8286506,19687,693807,18756500
1318,959,982,8285547,19664,694789,18591600
1319,1071,915,8284476,19820,695704,18485300
1320,1005,958,8283471,19867,696662,18778900
1321,988,1004,8282483,19851,697666,18659500
1322,1013,967,8281470,19897,698633,18571500
1323,979,958,8280491,19918,699591,18548700
1324,1046,1018,8279445,19946,700609,19543900
1325,1043,1010,8278402,19979,701619,18644400
1326,1028,986,8277374,20021,702605,18520100
1327,989,1006,8276385,20004,703611,18581800
1328,1001,998,8275384,20007,704609,18855100
1329,986,988,8274398,20005,705597,19018100
1330,1014,1006,8273384,20013,706603,18654000
1331,993,997,8272391,20009,707600,18561800
1332,1011,989,8271380,20031,708589,18559900
1333,980,1033,8270400,19978,709622,18622600
1334,1018,975,8269382,20021,710597,18594600
1335,1057,974,8268325,20104,711571,18703900
1336,1099,972,8267226,20231,712543,19262400
1337,1086,1004,8266140,20313,713547,18539100
1338,1017,1054,8265123,20276,714601,19002800
1339,1067,1047,8264056,20296,715648,19174900
1340,988,1008,8263068,20276,716656,19408300
1341,1040,1028,8262028,20288,717684,19231000
1342,1043,1031,8260985,20300,718715,18633700
1343,1080,1016,8259905,20364,719731,18651500
1344,1012,1060,8258893,20316,720791,18564900
1345,1045,1020,8257848,20341,721811,18702800
1346,1034,1019,8256814,20356,722830,18612200
1347,1010,1019,8255804,20347,723849,18681300
1348,996,1022,8254808,20321,724871,19053300
1349,1017,1057,8253791,20281,725928,18730500
1350,1008,1056,8252783,20233,726984,18586100
1351,1033,1040,8251750,20226,728024,18594800
1352,1034,1019,8250716,20241,729043,18595700
1353,1024,1025,8249692,20240,730068,18706600
1354,1042,987,8248650,20295,731055,19013400
1355,991,976,8247659,20310,732031,18548900
1356,1033,994,8246626,20349,733025,18629600
1357,1061,1027,8245565,20383,734052,18619500
1358,991,1022,8244574,20352,735074,19040200
1359,1043,992,8243531,20403,736066,18546400
1360,1061,1034,8242470,20430,737100,18526200
1361,1000,1009,8241470,20421,738109,18826500
1362,1101,1017,8240369,20505,739126,18714300
1363,1042,1002,8239327,20545,740128,18550100
1364,1073,1039,8238254,20579,741167,18996300
1365,1016,1022,8237238,20573,742189,19223800
1366,1045,1023,8236193,20595,743212,18601500
1367,1069,993,8235124,20671,744205,18922900
1368,1054,1090,8234070,20635,745295,18646700
1369,1034,1021,8233036,20648,746316,18815400
1370,1069,1035,8231967,20682,747351,19241900
1371,1138,940,8230829,20880,748291,19044600
1372,1037,1041,8229792,20876,749332,19369800
1373,1119,1032,8228673,20963,750364,19811300
1374,1032,1046,8227641,20949,751410,19155200
1375,1070,1067,8226571,20952,752477,19093600
1376,1043,1038,8225528,20957,753515,19408400
1377,1107,1061,8224421,21003,754576,19203100
1378,1078,1015,8223343,21066,755591,19635000
1379,1068,977,8222275,21157,756568,19449600
1380,1106,1049,8221169,21214,757617,19409800
1381,1056,1082,8220113,21188,758699,19686700
1382,1090,1095,8219023,21183,759794,19390300
1383,1076,1062,8217947,21197,760856,18568900
1384,1024,1077,8216923,21144,761933,18727700
1385,1060,1046,8215863,21158,762979,18440500
1386,1085,994,8214778,21249,763973,18714500
1387,1051,1055,8213727,21245,765028,18463400
1388,1049,1070,8212678,21224,766098,18665100
1389,1082,1044,8211596,21262,767142,18861200
1390,1061,1046,8210535,21277,768188,19497800
1391,1103,1107,8209432,21273,769295,18822200
1392,1093,1057,8208339,21309,770352,18658500
1393,1030,1065,8207309,21274,771417,20085300
1394,1051,1063,8206258,21262,772480,19618500
1395,1092,1054,8205166,21300,773534,18520700
1396,1127,1072,8204039,21355,774606,18586900
1397,1034,1084,8203005,21305,775690,18696000
1398,1088,1086,8201917,21307,776776,18783900
1399,1054,1083,8200863,21278,777859,18725400
1400,1099,1016,8199764,21361,778875,18740200
1401,1094,1048,8198670,21407,779923,18722900
1402,1096,1075,8197574,21428,780998,18634800
1403,1069,1050,8196505,21447,782048,18624100
1404,1056,1029,8195449,21474,783077,18570600
1405,1129,1100,8194320,21503,784177,18712500
1406,1025,1071,8193295,21457,785248,18899400
1407,1096,1053,8192199,21500,786301,18682100
1408,1066,1082,8191133,21484,787383,19138400
1409,1057,1075,8190076,21466,788458,18628000
1410,1135,1052,8188941,21549,789510,19106200
1411,1080,1055,8187861,21574,790565,18896400
1412,1056,1068,8186805,21562,791633,18710300
1413,1090,1045,8185715,21607,792678,19004200
1414,1128,1079,8184587,21656,793757,18665600
1415,1082,1093,8183505,21645,794850,19028800
1416,1076,1092,8182429,21629,795942,18691500
1417,1118,1055,8181311,21692,796997,18667600
1418,1097,1061,8180214,21728,798058,18880900
1419,1079,1106,8179135,21701,799164,18901900
1420,1097,1105,8178038,21693,800269,18658000
1421,1136,1072,8176902,21757,801341,18576100
1422,1067,1054,8175835,21770,802395,18593100
1423,1047,1031,8174788,21786,803426,18787000
1424,1090,1084,8173698,21792,804510,18688600
1425,1070,1077,8172628,21785,805587,19011900
1426,1065,1063,8171563,21787,806650,18944700
1427,1075,1079,8170488,21783,807729,18709000
1428,1071,1089,8169417,21765,808818,18624000
1429,1108,1110,8168309,21763,809928,18533000
1430,1064,1091,8167245,21736,811019,19115900
1431,1142,1092,8166103,21786,812111,18676000
1432,1097,1130,8165006,21753,813241,18674200
1433,1093,1052,8163913,21794,814293,18968000
1434,1079,1067,8162834,21806,815360,18695100
1435,1122,1053,8161712,21875,816413,18562100
1436,1093,1125,8160619,21843,817538,18930200
1437,1118,1150,8159501,21811,818688,19379700
1438,1147,1056,8158354,21902,819744,19314100
1439,1167,1105,8157187,21964,820849,20175000
1440,1102,1095,8156085,21971,821944,19224900
1441,1064,1083,8155021,21952,823027,19387100
1442,1103,1074,8153918,21981,824101,19158000
1443,1044,1073,8152874,21952,825174,19048600
1444,1143,1126,8151731,21969,826300,19175100
1445,1078,1082,8150653,21965,827382,18991600
1446,1134,1083,8149519,22016,828465,19492400
1447,1085,1076,8148434,22025,829541,19760500
1448,1109,1070,8147325,22064,830611,19495200
1449,1083,1116,8146242,22031,831727,19205300
1450,1115,1068,8145127,22078,832795,18789500
1451,1157,1053,8143970,22182,833848,18534000
1452,1086,1126,8142884,22142,834974,18585300
1453,1126,1099,8141758,22169,836073,18976200
1454,1117,1137,8140641,22149,837210,18600200
1455,1103,1105,8139538,22147,838315,18686500
1456,1124,1067,8138414,22204,839382,18523100
1457,1097,1078,8137317,22223,840460,18472400
1458,1176,1143,8136141,22256,841603,18461500
1459,1106,1117,8135035,22245,842720,18694200
1460,1085,1104,8133950,22226,843824,18629900
1461,1139,1101,8132811,22264,844925,18610700
1462,1160,1077,8131651,22347,846002,18641400
1463,1117,1077,8130534,22387,847079,18693100
1464,1127,1086,8129407,22428,848165,18875300
1465,1063,1132,8128344,22359,849297,18713500
1466,1158,1159,8127186,22358,850456,18658900
1467,1113,1116,8126073,22355,851572,18600400
1468,1099,1121,8124974,22333,852693,18556200
1469,1168,1114,8123806,22387,853807,18814600
1470,1122,1161,8122684,22348,854968,18731000
1471,1113,1078,8121571,22383,856046,19005400
1472,1168,1110,8120403,22441,857156,18755400
1473,1125,1101,8119278,22465,858257,18751500
1474,1114,1065,8118164,22514,859322,19539700
1475,1166,1124,8116998,22556,860446,19192000
1476,1133,1160,8115865,22529,861606,18607400
1477,1131,1104,8114734,22556,862710,18632700
1478,1115,1166,8113619,22505,863876,18597200
1479,1133,1122,8112486,22516,864998,18577900
1480,1051,1127,8111435,22440,866125,18775000
1481,1117,1107,8110318,22450,867232,19082900
1482,1058,1119,8109260,22389,868351,18605100
1483,1088,1061,8108172,22416,869412,18633600
1484,1106,1114,8107066,22408,870526,18737200
1485,1086,1123,8105980,22371,871649,18722100
1486,1175,1155,8104805,22391,872804,18967800
1487,1121,1152,8103684,22360,873956,19163700
1488,1144,1095,8102540,22409,875051,19090100
1489,1156,1093,8101384,22472,876144,19101500
1490,1116,1072,8100268,22516,877216,18813800
1491,1138,1138,8099130,22516,878354,19299400
1492,1166,1141,8097964,22541,879495,18484600
1493,1166,1129,8096798,22578,880624,18763100
1494,1168,1136,8095630,22610,881760,18901300
1495,1163,1152,8094467,22621,882912,18788000
1496,1160,1061,8093307,22720,883973,18772100
1497,1148,1160,8092159,22708,885133,19202100
1498,1200,1095,8090959,22813,886228,19067400
1499,1201,1178,8089758,22836,887406,19438900
1500,1104,1141,8088654,22799,888547,19295200
1501,1180,1131,8087474,22848,889678,18570700
1502,1150,1159,8086324,22839,890837,18664200
1503,1151,1163,8085173,22827,892000,18686800
1504,1136,1114,8084037,22849,893114,18953900
1505,1156,1141,8082881,22864,894255,19556600
1506,1213,1171,8081668,22906,895426,19849500
1507,1159,1172,8080509,22893,896598,18881800
1508,1157,1150,8079352,22900,897748,19679600
1509,1117,1105,8078235,22912,898853,19272000
1510,1174,1131,8077061,22955,899984,19328200
1511,1146,1129,8075915,22972,901113,18834200
1512,1241,1192,8074674,23021,902305,19064200
1513,1155,1178,8073519,22998,903483,19180900
1514,1146,1176,8072373,22968,904659,18995900
1515,1218,1145,8071155,23041,905804,18745600
1516,1159,1148,8069996,23052,906952,18933400
1517,1181,1133,8068815,23100,908085,19721000
1518,1271,1142,8067544,23229,909227,18768900
1519,1187,1158,8066357,23258,910385,18596300
1520,1187,1139,8065170,23306,911524,18571800
1521,1135,1141,8064035,23300,912665,18670300
1522,1139,1126,8062896,23313,913791,18824300
1523,1205,1161,8061691,23357,914952,19158000
1524,1161,1149,8060530,23369,916101,19119000
1525,1119,1139,8059411,23349,917240,18584400
1526,1124,1251,8058287,23222,918491,18843200
1527,1116,1155,8057171,23183,919646,18745400
1528,1081,1171,8056090,23093,920817,18660000
1529,1119,1186,8054971,23026,922003,18525800
1530,1168,1209,8053803,22985,923212,18653500
1531,1155,1233,8052648,22907,924445,18758900
1532,1163,1148,8051485,22922,925593,18676200
1533,1171,1136,8050314,22957,926729,18666100
1534,1189,1125,8049125,23021,927854,18791400
1535,1244,1159,8047881,23106,929013,18659900
1536,1168,1147,8046713,23127,930160,18946900
1537,1152,1162,8045561,23117,931322,18978600
1538,1172,1146,8044389,23143,932468,19302400
1539,1173,1182,8043216,23134,933650,18613400
1540,1159,1207,8042057,23086,934857,18737500
1541,1149,1228,8040908,23007,936085,18709500
1542,1179,1156,8039729,23030,937241,18682300
1543,1225,1173,8038504,23082,938414,18707600
1544,1170,1177,8037334,23075,939591,18692100
1545,1186,1159,8036148,23102,940750,19219300
1546,1163,1209,8034985,23056,941959,18705100
1547,1264,1151,8033721,23169,943110,18924600
1548,1162,1160,8032559,23171,944270,18773800
1549,1167,1081,8031392,23257,945351,18664000
1550,1177,1133,8030215,23301,946484,18860700
1551,1144,1155,8029071,23290,947639,18704100
1552,1231,1180,8027840,23341,948819,18995900
1553,1220,1135,8026620,23426,949954,19345800
1554,1279,1167,8025341,23538,951121,18799600
1555,1194,1197,8024147,23535,952318,19553600
1556,1216,1163,8022931,23588,953481,18970700
1557,1177,1120,8021754,23645,954601,18539200
1558,1181,1162,8020573,23664,955763,18651400
1559,1229,1139,8019344,23754,956902,18605500
1560,1191,1157,8018153,23788,958059,18838100
1561,1207,1200,8016946,23795,959259,18754300
1562,1243,1176,8015703,23862,960435,18967500
1563,1176,1115,8014527,23923,961550,19037000
1564,1235,1188,8013292,23970,962738,18919400
1565,1195,1158,8012097,24007,963896,18852900
1566,1279,1261,8010818,24025,965157,18743600
1567,1201,1181,8009617,24045,966338,18631000
1568,1258,1234,8008359,24069,967572,18819400
1569,1164,1167,8007195,24066,968739,18645300
1570,1177,1191,8006018,24052,969930,18700000
1571,1266,1235,8004752,24083,971165,18967100
1572,1176,1140,8003576,24119,972305,19429100
1573,1169,1242,8002407,24046,973547,19313600
1574,1231,1178,8001176,24099,974725,19423400
1575,1216,1183,7999960,24132,975908,19600700
1576,1261,1241,7998699,24152,977149,19011900
1577,1224,1209,7997475,24167,978358,18971300
1578,1219,1166,7996256,24220,979524,19373700
1579,1180,1267,7995076,24133,980791,19628000
1580,1147,1196,7993929,24084,981987,19103700
1581,1201,1227,7992728,24058,983214,18915500
1582,1174,1274,7991554,23958,984488,19302900
1583,1238,1247,7990316,23949,985735,19557600
1584,1177,1218,7989139,23908,986953,18957900
1585,1172,1204,7987967,23876,988157,19422700
1586,1142,1220,7986825,23798,989377,18479100
1587,1225,1194,7985600,23829,990571,18641500
1588,1162,1212,7984438,23779,991783,18636600
1589,1190,1218,7983248,23751,993001,18613800
1590,1197,1223,7982051,23725,994224,18674300
1591,1233,1203,7980818,23755,995427,18696000
1592,1270,1233,7979548,23792,996660,18623200
1593,1223,1178,7978325,23837,997838,18608500
1594,1216,1195,7977109,23858,999033,18721000
1595,1221,1232,7975888,23847,1000265,18727600
1596,1202,1215,7974686,23834,1001480,18564300
1597,1200,1185,7973486,23849,1002665,18787800
1598,1184,1214,7972302,23819,1003879,19261200
1599,1150,1281,7971152,23688,1005160,18809700
1600,1200,1184,7969952,23704,1006344,19372500
1601,1228,1182,7968724,23750,1007526,18657500
1602,1236,1176,7967488,23810,1008702,18611700
1603,1200,1206,7966288,23804,1009908,18713000
1604,1151,1182,7965137,23773,1011090,18739600
1605,1171,1223,7963966,23721,1012313,19486600
1606,1194,1205,7962772,23710,1013518,19352000
1607,1258,1224,7961514,23744,1014742,18635900
1608,1171,1163,7960343,23752,1015905,18675600
1609,1222,1181,7959121,23793,1017086,18793300
1610,1156,1173,7957965,23776,1018259,18780900
1611,1231,1191,7956734,23816,1019450,18673300
1612,1212,1159,7955522,23869,1020609,18755400
1613,1153,1205,7954369,23817,1021814,18695100
1614,1230,1169,7953139,23878,1022983,18761600
1615,1280,1187,7951859,23971,1024170,19114600
1616,1204,1148,7950655,24027,1025318,18631100
1617,1220,1174,7949435,24073,1026492,18731500
1618,1160,1203,7948275,24030,1027695,18693800
1619,1255,1242,7947020,24043,1028937,18874600
1620,1194,1280,7945826,23957,1030217,19218300
1621,1228,1188,7944598,23997,1031405,18723900
1622,1211,1232,7943387,23976,1032637,18745800
1623,1202,1208,7942185,23970,1033845,18615400
1624,1196,1203,7940989,23963,1035048,18780200
1625,1200,1192,7939789,23971,1036240,18865100
1626,1221,1176,7938568,24016,1037416,18649400
1627,1250,1212,7937318,24054,1038628,18674800
1628,1218,1163,7936100,24109,1039791,18814900
1629,1221,1148,7934879,24182,1040939,18683700
1630,1230,1270,7933649,24142,1042209,18879100
1631,1241,1214,7932408,24169,1043423,19528800
1632,1266,1214,7931142,24221,1044637,18626000
1633,1230,1218,7929912,24233,1045855,18578800
1634,1255,1210,7928657,24278,1047065,18704300
1635,1235,1183,7927422,24330,1048248,18704300
1636,1222,1182,7926200,24370,1049430,18648100
1637,1273,1220,7924927,24423,1050650,18685300
1638,1259,1221,7923668,24461,1051871,18597300
1639,1209,1244,7922459,24426,1053115,18947200
1640,1228,1242,7921231,24412,1054357,19427100
1641,1302,1223,7919929,24491,1055580,19404500
1642,1203,1199,7918726,24495,1056779,19630100
1643,1222,1229,7917504,24488,1058008,18932700
1644,1208,1230,7916296,24466,1059238,19310900
1645,1242,1218,7915054,24490,1060456,19215700
1646,1263,1218,7913791,24535,1061674,19117000
1647,1263,1220,7912528,24578,1062894,19329500
1648,1229,1221,7911299,24586,1064115,18933400
1649,1218,1257,7910081,24547,1065372,18960800
1650,1247,1239,7908834,24555,1066611,19454000
1651,1218,1188,7907616,24585,1067799,19251800
1652,1232,1233,7906384,24584,1069032,19123400
1653,1193,1288,7905191,24489,1070320,18745300
1654,1239,1189,7903952,24539,1071509,18956900
1655,1240,1214,7902712,24565,1072723,19015700
1656,1255,1222,7901457,24598,1073945,18886900
1657,1210,1222,7900247,24586,1075167,19121300
1658,1194,1201,7899053,24579,1076368,19448300
1659,1265,1185,7897788,24659,1077553,19495500
1660,1251,1274,7896537,24636,1078827,18652100
1661,1252,1223,7895285,24665,1080050,18896500
1662,1229,1300,7894056,24594,1081350,18810400
1663,1213,1231,7892843,24576,1082581,18677900
1664,1276,1256,7891567,24596,1083837,18507800
1665,1287,1246,7890280,24637,1085083,18722400
1666,1267,1258,7889013,24646,1086341,18684800
1667,1235,1234,7887778,24647,1087575,18955300
1668,1253,1186,7886525,24714,1088761,18666300
1669,1276,1209,7885249,24781,1089970,18549400
1670,1210,1269,7884039,24722,1091239,18984500
1671,1299,1198,7882740,24823,1092437,18622800
1672,1312,1255,7881428,24880,1093692,18992300
1673,1313,1321,7880115,24872,1095013,18626000
1674,1227,1264,7878888,24835,1096277,19169700
1675,1238,1251,7877650,24822,1097528,18724700
1676,1247,1167,7876403,24902,1098695,18642000
1677,1257,1226,7875146,24933,1099921,18720800
1678,1255,1246,7873891,24942,1101167,18693000
1679,1240,1215,7872651,24967,1102382,18642500
1680,1240,1219,7871411,24988,1103601,18685600
1681,1248,1268,7870163,24968,1104869,19194100
1682,1254,1218,7868909,25004,1106087,19341200
1683,1253,1274,7867656,24983,1107361,18581500
1684,1262,1256,7866394,24989,1108617,18966700
1685,1183,1259,7865211,24913,1109876,18356300
1686,1271,1272,7863940,24912,1111148,18618900
1687,1289,1267,7862651,24934,1112415,18643000
1688,1212,1250,7861439,24896,1113665,19024300
1689,1232,1238,7860207,24890,1114903,18624400
1690,1191,1205,7859016,24876,1116108,18674200
1691,1202,1271,7857814,24807,1117379,18654800
1692,1240,1251,7856574,24796,1118630,19002600
1693,1268,1219,7855306,24845,1119849,18822900
1694,1221,1264,7854085,24802,1121113,18733100
1695,1285,1278,7852800,24809,1122391,18610400
1696,1267,1219,7851533,24857,1123610,18623500
1697,1218,1206,7850315,24869,1124816,18732600
1698,1313,1201,7849002,24981,1126017,18518700
1699,1342,1282,7847660,25041,1127299,18761600
1700,1286,1253,7846374,25074,1128552,18767800
1701,1312,1242,7845062,25144,1129794,18694600
1702,1222,1258,7843840,25108,1131052,18997700
1703,1284,1199,7842556,25193,1132251,18698800
1704,1272,1284,7841284,25181,1133535,18657700
1705,1259,1295,7840025,25145,1134830,18779900
1706,1238,1262,7838787,25121,1136092,19045500
1707,1321,1284,7837466,25158,1137376,19850600
1708,1322,1223,7836144,25257,1138599,19533700
1709,1304,1235,7834840,25326,1139834,19881700
1710,1357,1267,7833483,25416,1141101,18973500
1711,1314,1237,7832169,25493,1142338,20138100
1712,1303,1308,7830866,25488,1143646,19257300
1713,1335,1335,7829531,25488,1144981,19045000
1714,1344,1221,7828187,25611,1146202,18813000
1715,1273,1290,7826914,25594,1147492,19088200
1716,1360,1309,7825554,25645,1148801,19421500
1717,1290,1333,7824264,25602,1150134,19210800
1718,1294,1284,7822970,25612,1151418,19150600
1719,1270,1250,7821700,25632,1152668,19266900
1720,1298,1279,7820402,25651,1153947,18571200
1721,1280,1260,7819122,25671,1155207,18571700
1722,1310,1258,7817812,25723,1156465,18526400
1723,1352,1286,7816460,25789,1157751,18580700
1724,1276,1360,7815184,25705,1159111,18698800
1725,1334,1276,7813850,25763,1160387,18867700
1726,1231,1391,7812619,25603,1161778,18540400
1727,1363,1291,7811256,25675,1163069,18684100
1728,1298,1251,7809958,25722,1164320,18643900
1729,1317,1326,7808641,25713,1165646,18932400
1730,1274,1292,7807367,25695,1166938,18700300
1731,1326,1273,7806041,25748,1168211,18925100
1732,1293,1253,7804748,25788,1169464,18939100
1733,1369,1306,7803379,25851,1170770,18699200
1734,1231,1354,7802148,25728,1172124,19015200
1735,1291,1295,7800857,25724,1173419,18506400
1736,1299,1291,7799558,25732,1174710,19739900
1737,1287,1333,7798271,25686,1176043,18663200
1738,1250,1348,7797021,25588,1177391,18833900
1739,1208,1308,7795813,25488,1178699,18680600
1740,1240,1260,7794573,25468,1179959,18702700
1741,1261,1271,7793312,25458,1181230,18586500
1742,1269,1255,7792043,25472,1182485,18711200
1743,1280,1298,7790763,25454,1183783,18735200
1744,1231,1260,7789532,25425,1185043,18803400
1745,1335,1272,7788197,25488,1186315,18594700
1746,1247,1229,7786950,25506,1187544,18986700
1747,1297,1230,7785653,25573,1188774,18671800
1748,1268,1285,7784385,25556,1190059,19364500
1749,1239,1221,7783146,25574,1191280,18653500
1750,1292,1314,7781854,25552,1192594,18775300
1751,1222,1324,7780632,25450,1193918,19143200
1752,1257,1261,7779375,25446,1195179,18681300
1753,1281,1276,7778094,25451,1196455,18617300
1754,1223,1356,7776871,25318,1197811,18859700
1755,1301,1235,7775570,25384,1199046,18705000
1756,1259,1200,7774311,25443,1200246,18777200
1757,1262,1264,7773049,25441,1201510,18831800
1758,1313,1257,7771736,25497,1202767,18614400
1759,1321,1251,7770415,25567,1204018,18746700
1760,1320,1294,7769095,25593,1205312,19059900
1761,1350,1260,7767745,25683,1206572,18988000
1762,1294,1252,7766451,25725,1207824,18680200
1763,1313,1337,7765138,25701,1209161,18755700
1764,1309,1258,7763829,25752,1210419,19050000
1765,1258,1332,7762571,25678,1211751,19282200
1766,1294,1326,7761277,25646,1213077,19423800
1767,1321,1287,7759956,25680,1214364,18524400
1768,1273,1272,7758683,25681,1215636,18506900
1769,1361,1240,7757322,25802,1216876,18681000
1770,1324,1290,7755998,25836,1218166,18723000
1771,1311,1251,7754687,25896,1219417,18817700
1772,1310,1362,7753377,25844,1220779,18709900
1773,1369,1265,7752008,25948,1222044,18992000
1774,1320,1282,7750688,25986,1223326,19483100
1775,1318,1262,7749370,26042,1224588,19703800
1776,1348,1351,7748022,26039,1225939,18973300
1777,1283,1304,7746739,26018,1227243,19128800
1778,1273,1308,7745466,25983,1228551,19272100
1779,1320,1305,7744146,25998,1229856,19290000
1780,1298,1279,7742848,26017,1231135,19398600
1781,1366,1269,7741482,26114,1232404,19105400
1782,1315,1242,7740167,26187,1233646,19237400
1783,1307,1280,7738860,26214,1234926,19348400
1784,1338,1340,7737522,26212,1236266,19135700
1785,1331,1389,7736191,26154,1237655,18811800
1786,1316,1338,7734875,26132,1238993,19343500
1787,1315,1231,7733560,26216,1240224,18912500
1788,1306,1295,7732254,26227,1241519,19177300
1789,1290,1325,7730964,26192,1242844,18869000
1790,1296,1334,7729668,26154,1244178,18696300
1791,1267,1294,7728401,26127,1245472,18679400
1792,1300,1275,7727101,26152,1246747,18668600
1793,1261,1260,7725840,26153,1248007,18605800
1794,1289,1311,7724551,26131,1249318,18791500
1795,1249,1307,7723302,26073,1250625,18718200
1796,1241,1299,7722061,26015,1251924,18534500
1797,1347,1342,7720714,26020,1253266,18663900
1798,1301,1288,7719413,26033,1254554,18928500
1799,1303,1308,7718110,26028,1255862,19158300
1800,1313,1304,7716797,26037,1257166,18764300
1801,1305,1378,7715492,25964,1258544,18638700
1802,1254,1323,7714238,25895,1259867,18619600
1803,1286,1296,7712952,25885,1261163,19168700
1804,1303,1333,7711649,25855,1262496,18694500
1805,1316,1357,7710333,25814,1263853,19041100
1806,1318,1270,7709015,25862,1265123,18795800
1807,1345,1341,7707670,25866,1266464,18692500
1808,1270,1294,7706400,25842,1267758,19140900
1809,1308,1287,7705092,25863,1269045,19281900
1810,1263,1339,7703829,25787,1270384,19912200
1811,1313,1275,7702516,25825,1271659,18968800
1812,1292,1294,7701224,25823,1272953,19557800
1813,1292,1341,7699932,25774,1274294,18658000
1814,1287,1292,7698645,25769,1275586,18697100
1815,1302,1325,7697343,25746,1276911,18708200
1816,1346,1316,7695997,25776,1278227,18647100
1817,1358,1282,7694639,25852,1279509,19160300
1818,1327,1316,7693312,25863,1280825,19824100
1819,1317,1229,7691995,25951,1282054,19016000
1820,1349,1279,7690646,26021,1283333,18696100
1821,1391,1261,7689255,26151,1284594,19118500
1822,1308,1289,7687947,26170,1285883,19096100
1823,1360,1313,7686587,26217,1287196,18724200
1824,1334,1304,7685253,26247,1288500,18714800
1825,1340,1291,7683913,26296,1289791,18790600
1826,1337,1348,7682576,26285,1291139,18775300
1827,1312,1350,7681264,26247,1292489,18692100
1828,1312,1297,7679952,26262,1293786,18664800
1829,1286,1287,7678666,26261,1295073,18707900
1830,1337,1324,7677329,26274,1296397,18660800
1831,1348,1340,7675981,26282,1297737,18646500
1832,1293,1289,7674688,26286,1299026,18712700
1833,1279,1277,7673409,26288,1300303,18717000
1834,1291,1334,7672118,26245,1301637,18976400
1835,1302,1280,7670816,26267,1302917,18742700
1836,1342,1300,7669474,26309,1304217,18579500
1837,1332,1243,7668142,26398,1305460,19013900
1838,1346,1357,7666796,26387,1306817,18616400
1839,1371,1282,7665425,26476,1308099,18791100
1840,1300,1365,7664125,26411,1309464,19224500
1841,1297,1271,7662828,26437,1310735,19262000
1842,1319,1281,7661509,26475,1312016,19182300
1843,1342,1323,7660167,26494,1313339,19136800
1844,1376,1306,7658791,26564,1314645,19214800
1845,1364,1338,7657427,26590,1315983,19024500
1846,1354,1301,7656073,26643,1317284,19123200
1847,1314,1316,7654759,26641,1318600,18719600
1848,1353,1320,7653406,26674,1319920,18979300
1849,1294,1370,7652112,26598,1321290,19643800
1850,1309,1368,7650803,26539,1322658,19444300
1851,1347,1327,7649456,26559,1323985,20097600
1852,1343,1311,7648113,26591,1325296,19274100
1853,1294,1333,7646819,26552,1326629,19241700
1854,1330,1387,7645489,26495,1328016,18453300
1855,1376,1249,7644113,26622,1329265,18514600
1856,1365,1387,7642748,26600,1330652,19485500
1857,1312,1352,7641436,26560,1332004,18565500
1858,1339,1315,7640097,26584,1333319,18702900
1859,1384,1340,7638713,26628,1334659,18595500
1860,1370,1238,7637343,26760,1335897,18638700
1861,1339,1388,7636004,26711,1337285,18593200
1862,1340,1358,7634664,26693,1338643,18778900
1863,1354,1346,7633310,26701,1339989,18541100
1864,1295,1322,7632015,26674,1341311,18584800
1865,1318,1321,7630697,26671,1342632,18973800
1866,1360,1412,7629337,26619,1344044,18676500
1867,1368,1321,7627969,26666,1345365,18612400
1868,1289,1281,7626680,26674,1346646,18656700
1869,1339,1297,7625341,26716,1347943,18690400
1870,1337,1317,7624004,26736,1349260,18887600
1871,1381,1359,7622623,26758,1350619,19407800
1872,1383,1299,7621240,26842,1351918,19417500
1873,1313,1339,7619927,26816,1353257,18894300
1874,1357,1377,7618570,26796,1354634,18683300
1875,1343,1345,7617227,26794,1355979,18940500
1876,1308,1342,7615919,26760,1357321,18695000
1877,1355,1350,7614564,26765,1358671,18612900
1878,1362,1280,7613202,26847,1359951,18760200
1879,1391,1326,7611811,26912,1361277,18918700
1880,1336,1303,7610475,26945,1362580,18747300
1881,1399,1342,7609076,27002,1363922,18772600
1882,1346,1350,7607730,26998,1365272,18760200
1883,1370,1371,7606360,26997,1366643,18647200
1884,1367,1363,7604993,27001,1368006,18732900
1885,1361,1436,7603632,26926,1369442,18639200
1886,1386,1362,7602246,26950,1370804,19396300
1887,1345,1345,7600901,26950,1372149,18749300
1888,1371,1371,7599530,26950,1373520,19123100
1889,1331,1382,7598199,26899,1374902,18739200
1890,1326,1280,7596873,26945,1376182,18652100
1891,1360,1372,7595513,26933,1377554,18609500
1892,1367,1364,7594146,26936,1378918,18783900
1893,1297,1368,7592849,26865,1380286,18763200
1894,1375,1329,7591474,26911,1381615,18710700
1895,1386,1332,7590088,26965,1382947,18641400
1896,1369,1376,7588719,26958,1384323,18675200
1897,1383,1384,7587336,26957,1385707,18636900
1898,1306,1358,7586030,26905,1387065,19116800
1899,1337,1304,7584693,26938,1388369,18561200
1900,1312,1347,7583381,26903,1389716,18630800
1901,1354,1349,7582027,26908,1391065,18623600
1902,1288,1372,7580739,26824,1392437,18647200
1903,1297,1341,7579442,26780,1393778,19387400
1904,1351,1361,7578091,26770,1395139,18779400
1905,1306,1312,7576785,26764,1396451,18748900
1906,1275,1330,7575510,26709,1397781,18608700
1907,1333,1319,7574177,26723,1399100,18795100
1908,1285,1279,7572892,26729,1400379,19252600
1909,1303,1311,7571589,26721,1401690,19135400
1910,1303,1335,7570286,26689,1403025,19507300
1911,1311,1313,7568975,26687,1404338,19211900
1912,1313,1308,7567662,26692,1405646,19502700
1913,1319,1389,7566343,26622,1407035,20121700
1914,1357,1370,7564986,26609,1408405,19409300
1915,1273,1310,7563713,26572,1409715,18990000
1916,1366,1315,7562347,26623,1411030,19131300
1917,1284,1328,7561063,26579,1412358,19064400
1918,1360,1310,7559703,26629,1413668,18960200
1919,1320,1283,7558383,26666,1414951,18919500
1920,1321,1296,7557062,26691,1416247,19791600
1921,1342,1365,7555720,26668,1417612,18704400
1922,1225,1325,7554495,26568,1418937,18799900
1923,1291,1321,7553204,26538,1420258,19213300
1924,1390,1315,7551814,26613,1421573,19491200
1925,1352,1342,7550462,26623,1422915,19299600
1926,1312,1336,7549150,26599,1424251,18717300
1927,1359,1286,7547791,26672,1425537,19088200
1928,1303,1303,7546488,26672,1426840,18549900
1929,1311,1341,7545177,26642,1428181,19009200
1930,1299,1314,7543878,26627,1429495,19020700
1931,1331,1303,7542547,26655,1430798,18727800
1932,1407,1304,7541140,26758,1432102,18607100
1933,1372,1373,7539768,26757,1433475,19331600
1934,1387,1338,7538381,26806,1434813,18602800
1935,1360,1332,7537021,26834,1436145,18688400
1936,1367,1371,7535654,26830,1437516,18734300
1937,1377,1312,7534277,26895,1438828,18700200
1938,1409,1346,7532868,26958,1440174,18664600
1939,1402,1353,7531466,27007,1441527,18665200
1940,1392,1340,7530074,27059,1442867,18706800
1941,1339,1381,7528735,27017,1444248,18970900
1942,1446,1311,7527289,27152,1445559,18619300
1943,1377,1330,7525912,27199,1446889,18732000
1944,1357,1410,7524555,27146,1448299,18759200
1945,1380,1403,7523175,27123,1449702,19545900
1946,1328,1401,7521847,27050,1451103,18532600
1947,1363,1307,7520484,27106,1452410,18722600
1948,1411,1322,7519073,27195,1453732,18766800
1949,1352,1391,7517721,27156,1455123,18683900
1950,1333,1407,7516388,27082,1456530,18675400
1951,1329,1423,7515059,26988,1457953,18877900
1952,1401,1343,7513658,27046,1459296,18715400
1953,1371,1368,7512287,27049,1460664,18626200
1954,1293,1358,7510994,26984,1462022,18910700
1955,1353,1358,7509641,26979,1463380,18838900
1956,1342,1329,7508299,26992,1464709,18931500
1957,1359,1335,7506940,27016,1466044,18784800
1958,1347,1366,7505593,26997,1467410,18679700
1959,1423,1364,7504170,27056,1468774,18685400
1960,1393,1423,7502777,27026,1470197,18679700
1961,1385,1382,7501392,27029,1471579,18658200
1962,1412,1356,7499980,27085,1472935,18671400
1963,1410,1367,7498570,27128,1474302,18693800
1964,1343,1353,7497227,27118,1475655,18634700
1965,1407,1414,7495820,27111,1477069,18760100
1966,1386,1319,7494434,27178,1478388,18817400
1967,1330,1415,7493104,27093,1479803,18773800
1968,1366,1271,7491738,27188,1481074,18961100
1969,1373,1330,7490365,27231,1482404,18603800
1970,1397,1336,7488968,27292,1483740,18764200
1971,1386,1304,7487582,27374,1485044,18744100
1972,1454,1419,7486128,27409,1486463,18663200
1973,1460,1330,7484668,27539,1487793,18934300
1974,1434,1426,7483234,27547,1489219,18799700
1975,1364,1399,7481870,27512,1490618,19409100
1976,1360,1454,7480510,27418,1492072,19465400
1977,1466,1333,7479044,27551,1493405,20073800
1978,1383,1371,7477661,27563,1494776,19540600
1979,1397,1335,7476264,27625,1496111,19409800
1980,1373,1404,7474891,27594,1497515,19182200
1981,1444,1397,7473447,27641,1498912,19649800
1982,1405,1305,7472042,27741,1500217,19577500
1983,1395,1370,7470647,27766,1501587,18912400
1984,1446,1352,7469201,27860,1502939,18960300
1985,1403,1364,7467798,27899,1504303,19142100
1986,1445,1374,7466353,27970,1505677,18941100
1987,1421,1400,7464932,27991,1507077,19799000
1988,1408,1478,7463524,27921,1508555,18573900
1989,1363,1425,7462161,27859,1509980,18484000
1990,1346,1430,7460815,27775,1511410,18587500
1991,1351,1386,7459464,27740,1512796,18736400
1992,1412,1322,7458052,27830,1514118,18657000
1993,1441,1396,7456611,27875,1515514,18658600
1994,1399,1358,7455212,27916,1516872,18615200
1995,1357,1382,7453855,27891,1518254,18633300
1996,1374,1410,7452481,27855,1519664,19342500
1997,1345,1460,7451136,27740,1521124,18638000
1998,1421,1350,7449715,27811,1522474,19491000
1999,1462,1419,7448253,27854,1523893,19115100
2000,1392,1333,7446861,27913,1525226,18605200
2001,1380,1381,7445481,27912,1526607,18577400
2002,1370,1442,7444111,27840,1528049,18818900
2003,1352,1431,7442759,27761,1529480,18728800
2004,1355,1361,7441404,27755,1530841,19240100
2005,1432,1351,7439972,27836,1532192,18766700
2006,1374,1394,7438598,27816,1533586,18568500
2007,1381,1365,7437217,27832,1534951,18896600
2008,1394,1461,7435823,27765,1536412,19298100
2009,1379,1368,7434444,27776,1537780,18691000
2010,1443,1370,7433001,27849,1539150,19053200
2011,1389,1427,7431612,27811,1540577,18665500
2012,1390,1480,7430222,27721,1542057,18709100
2013,1421,1456,7428801,27686,1543513,18955100
2014,1370,1365,7427431,27691,1544878,18639400
2015,1357,1412,7426074,27636,1546290,18706100
2016,1331,1417,7424743,27550,1547707,18606300
2017,1377,1409,7423366,27518,1549116,18758600
2018,1421,1402,7421945,27537,1550518,19147900
2019,1400,1365,7420545,27572,1551883,18692700
2020,1415,1395,7419130,27592,1553278,18982700
2021,1406,1356,7417724,27642,1554634,18631200
2022,1371,1416,7416353,27597,1556050,18764500
2023,1413,1377,7414940,27633,1557427,18737100
2024,1339,1353,7413601,27619,1558780,18693000
2025,1422,1379,7412179,27662,1560159,18595100
2026,1352,1400,7410827,27614,1561559,18582000
2027,1383,1414,7409444,27583,1562973,18965900
2028,1332,1366,7408112,27549,1564339,18508000
2029,1367,1320,7406745,27596,1565659,18856000
2030,1358,1419,7405387,27535,1567078,19023400
2031,1419,1373,7403968,27581,1568451,19763700
2032,1327,1320,7402641,27588,1569771,19788100
2033,1420,1365,7401221,27643,1571136,19552500
2034,1383,1405,7399838,27621,1572541,19075600
2035,1350,1382,7398488,27589,1573923,19738000
2036,1377,1368,7397111,27598,1575291,19182700
2037,1340,1384,7395771,27554,1576675,19497000
2038,1346,1345,7394425,27555,1578020,19285800
2039,1397,1380,7393028,27572,1579400,19545300
2040,1419,1393,7391609,27598,1580793,19528600
2041,1394,1412,7390215,27580,1582205,19728200
2042,1354,1433,7388861,27501,1583638,19048600
2043,1343,1381,7387518,27463,1585019,19702600
2044,1450,1355,7386068,27558,1586374,19319800
2045,1475,1383,7384593,27650,1587757,19539500
2046,1442,1356,7383151,27736,1589113,19143400
2047,1459,1384,7381692,27811,1590497,19019600
2048,1382,1375,7380310,27818,1591872,18976200
2049,1399,1376,7378911,27841,1593248,19122500
2050,1393,1311,7377518,27923,1594559,19935900
2051,1433,1437,7376085,27919,1595996,19306800
2052,1409,1430,7374676,27898,1597426,19131200
2053,1370,1386,7373306,27882,1598812,19329500
2054,1455,1437,7371851,27900,1600249,19297200
2055,1441,1412,7370410,27929,1601661,19376800
2056,1356,1384,7369054,27901,1603045,19009200
2057,1413,1353,7367641,27961,1604398,19236200
2058,1474,1386,7366167,28049,1605784,19199400
2059,1375,1399,7364792,28025,1607183,19039800
2060,1429,1408,7363363,28046,1608591,19048300
2061,1392,1405,7361971,28033,1609996,19537000
2062,1454,1345,7360517,28142,1611341,19284600
2063,1393,1334,7359124,28201,1612675,19962000
2064,1453,1426,7357671,28228,1614101,19256400
2065,1373,1439,7356298,28162,1615540,19477600
2066,1432,1377,7354866,28217,1616917,19520700
2067,1429,1447,7353437,28199,1618364,19231900
2068,1379,1393,7352058,28185,1619757,19213900
2069,1397,1455,7350661,28127,1621212,19402700
2070,1398,1452,7349263,28073,1622664,19057900
2071,1425,1431,7347838,28067,1624095,19403800
2072,1421,1421,7346417,28067,1625516,19210000
2073,1406,1403,7345011,28070,1626919,19181800
2074,1425,1405,7343586,28090,1628324,18996800
2075,1418,1390,7342168,28118,1629714,19760500
2076,1419,1416,7340749,28121,1631130,20774800
2077,1363,1340,7339386,28144,1632470,18597600
2078,1379,1348,7338007,28175,1633818,18311500
2079,1435,1420,7336572,28190,1635238,18352700
2080,1433,1376,7335139,28247,1636614,18503200
2081,1434,1379,7333705,28302,1637993,18898500
2082,1351,1419,7332354,28234,1639412,19748900
2083,1368,1356,7330986,28246,1640768,19401400
2084,1378,1427,7329608,28197,1642195,18822900
2085,1461,1364,7328147,28294,1643559,18775900
2086,1405,1377,7326742,28322,1644936,19069100
2087,1418,1421,7325324,28319,1646357,19342700
2088,1374,1411,7323950,28282,1647768,18624100
2089,1403,1420,7322547,28265,1649188,18719000
2090,1424,1433,7321123,28256,1650621,18635900
2091,1362,1461,7319761,28157,1652082,18664800
2092,1387,1415,7318374,28129,1653497,18741100
2093,1441,1438,7316933,28132,1654935,18638100
2094,1422,1417,7315511,28137,1656352,18677700
2095,1371,1366,7314140,28142,1657718,18730900
2096,1474,1326,7312666,28290,1659044,18603700
2097,1362,1412,7311304,28240,1660456,18618800
2098,1455,1393,7309849,28302,1661849,18650400
2099,1474,1444,7308375,28332,1663293,18752900
2100,1389,1416,7306986,28305,1664709,18812100
2101,1411,1439,7305575,28277,1666148,18838700
2102,1415,1419,7304160,28273,1667567,18777700
2103,1426,1443,7302734,28256,1669010,19510300
2104,1407,1409,7301327,28254,1670419,18592200
2105,1479,1401,7299848,28332,1671820,18667400
2106,1476,1397,7298372,28411,1673217,18809300
2107,1485,1362,7296887,28534,1674579,19069000
2108,1503,1350,7295384,28687,1675929,19039100
2109,1441,1415,7293943,28713,1677344,19428500
2110,1440,1430,7292503,28723,1678774,19226900
2111,1438,1428,7291065,28733,1680202,19418100
2112,1422,1444,7289643,28711,1681646,19458800
2113,1399,1366,7288244,28744,1683012,19219000
2114,1414,1480,7286830,28678,1684492,19261800
2115,1506,1475,7285324,28709,1685967,18987800
2116,1479,1464,7283845,28724,1687431,18863300
2117,1433,1482,7282412,28675,1688913,19404600
2118,1355,1492,7281057,28538,1690405,19250500
2119,1404,1476,7279653,28466,1691881,19191100
2120,1453,1429,7278200,28490,1693310,18842700
2121,1418,1380,7276782,28528,1694690,19412100
2122,1398,1447,7275384,28479,1696137,18625900
2123,1440,1436,7273944,28483,1697573,18626100
2124,1421,1409,7272523,28495,1698982,18530000
2125,1407,1377,7271116,28525,1700359,18875600
2126,1417,1441,7269699,28501,1701800,19107500
2127,1393,1493,7268306,28401,1703293,18624200
2128,1389,1389,7266917,28401,1704682,18611300
2129,1454,1427,7265463,28428,1706109,19180000
2130,1409,1417,7264054,28420,1707526,18642700
2131,1436,1397,7262618,28459,1708923,18337500
2132,1464,1380,7261154,28543,1710303,18779900
2133,1388,1402,7259766,28529,1711705,18648200
2134,1380,1394,7258386,28515,1713099,19421200
2135,1361,1483,7257025,28393,1714582,19344600
2136,1403,1397,7255622,28399,1715979,19792200
2137,1410,1429,7254212,28380,1717408,18682500
2138,1362,1394,7252850,28348,1718802,18724000
2139,1346,1442,7251504,28252,1720244,19035700
2140,1356,1465,7250148,28143,1721709,18647900
2141,1426,1379,7248722,28190,1723088,18650600
2142,1419,1404,7247303,28205,1724492,18690300
2143,1402,1402,7245901,28205,1725894,18705200
2144,1444,1418,7244457,28231,1727312,18669600
2145,1446,1397,7243011,28280,1728709,18635100
2146,1422,1394,7241589,28308,1730103,19506000
2147,1436,1453,7240153,28291,1731556,18681300
2148,1381,1435,7238772,28237,1732991,18918500
2149,1416,1362,7237356,28291,1734353,18677000
2150,1366,1383,7235990,28274,1735736,18638700
2151,1423,1425,7234567,28272,1737161,18901100
2152,1312,1406,7233255,28178,1738567,18791200
2153,1437,1471,7231818,28144,1740038,18930800
2154,1319,1409,7230499,28054,1741447,18962000
2155,1366,1442,7229133,27978,1742889,18662300
2156,1354,1393,7227779,27939,1744282,19539000
2157,1386,1321,7226393,28004,1745603,18719500
2158,1445,1373,7224948,28076,1746976,18985800
2159,1405,1455,7223543,28026,1748431,18677700
2160,1442,1418,7222101,28050,1749849,18643200
2161,1431,1402,7220670,28079,1751251,18674400
2162,1356,1346,7219314,28089,1752597,18739200
2163,1411,1355,7217903,28145,1753952,19158900
2164,1421,1426,7216482,28140,1755378,18674000
2165,1421,1401,7215061,28160,1756779,18651200
2166,1389,1446,7213672,28103,1758225,18772400
2167,1355,1364,7212317,28094,1759589,18781300
2168,1409,1450,7210908,28053,1761039,18724900
2169,1378,1419,7209530,28012,1762458,18585500
2170,1398,1379,7208132,28031,1763837,18630600
2171,1282,1402,7206850,27911,1765239,18681300
2172,1389,1393,7205461,27907,1766632,18717300
2173,1397,1334,7204064,27970,1767966,19052700
2174,1371,1406,7202693,27935,1769372,18740500
2175,1435,1426,7201258,27944,1770798,18829100
2176,1348,1405,7199910,27887,1772203,19562600
2177,1381,1406,7198529,27862,1773609,18974000
2178,1432,1453,7197097,27841,1775062,18752100
2179,1336,1387,7195761,27790,1776449,18994100
2180,1399,1394,7194362,27795,1777843,19259800
2181,1361,1404,7193001,27752,1779247,19010200
2182,1380,1395,7191621,27737,1780642,19129900
2183,1426,1331,7190195,27832,1781973,18921200
2184,1398,1399,7188797,27831,1783372,18548700
2185,1361,1454,7187436,27738,1784826,18842200
2186,1427,1428,7186009,27737,1786254,19253300
2187,1372,1450,7184637,27659,1787704,19285000
2188,1362,1380,7183275,27641,1789084,19109700
2189,1376,1362,7181899,27655,1790446,19845000
2190,1306,1335,7180593,27626,1791781,18701300
2191,1319,1412,7179274,27533,1793193,18274800
2192,1346,1368,7177928,27511,1794561,18499800
2193,1379,1396,7176549,27494,1795957,18590800
2194,1432,1419,7175117,27507,1797376,18783500
2195,1374,1373,7173743,27508,1798749,18994300
2196,1432,1404,7172311,27536,1800153,18723800
2197,1398,1360,7170913,27574,1801513,18629100
2198,1419,1435,7169494,27558,1802948,19102800
2199,1426,1349,7168068,27635,1804297,18810400
2200,1347,1392,7166721,27590,1805689,18674100
2201,1369,1391,7165352,27568,1807080,18689500
2202,1414,1354,7163938,27628,1808434,18620800
2203,1445,1360,7162493,27713,1809794,18615100
2204,1411,1359,7161082,27765,1811153,18759600
2205,1366,1407,7159716,27724,1812560,18845900
2206,1441,1385,7158275,27780,1813945,19112300
2207,1349,1313,7156926,27816,1815258,18830800
2208,1351,1420,7155575,27747,1816678,18672500
2209,1384,1357,7154191,27774,1818035,18628700
2210,1357,1364,7152834,27767,1819399,19083200
2211,1369,1437,7151465,27699,1820836,19321800
2212,1368,1320,7150097,27747,1822156,18566200
2213,1348,1333,7148749,27762,1823489,18900900
2214,1368,1421,7147381,27709,1824910,18704300
2215,1367,1426,7146014,27650,1826336,18914700
2216,1337,1367,7144677,27620,1827703,18816400
2217,1334,1349,7143343,27605,1829052,18729700
2218,1344,1434,7141999,27515,1830486,18718900
2219,1364,1348,7140635,27531,1831834,18610300
2220,1448,1442,7139187,27537,1833276,18666800
2221,1422,1385,7137765,27574,1834661,19011200
2222,1468,1395,7136297,27647,1836056,18698300
2223,1462,1330,7134835,27779,1837386,18865800
2224,1415,1364,7133420,27830,1838750,18676800
2225,1392,1422,7132028,27800,1840172,18596500
2226,1375,1445,7130653,27730,1841617,18901100
2227,1380,1343,7129273,27767,1842960,18673000
2228,1383,1399,7127890,27751,1844359,19044700
2229,1403,1373,7126487,27781,1845732,18650800
2230,1442,1405,7125045,27818,1847137,18648600
2231,1400,1401,7123645,27817,1848538,18530400
2232,1404,1319,7122241,27902,1849857,18603400
2233,1386,1464,7120855,27824,1851321,19122700
2234,1388,1386,7119467,27826,1852707,18732500
2235,1384,1287,7118083,27923,1853994,18787600
2236,1459,1362,7116624,28020,1855356,18614400
2237,1378,1381,7115246,28017,1856737,18710500
2238,1424,1424,7113822,28017,1858161,18755900
2239,1443,1454,7112379,28006,1859615,18714000
2240,1378,1418,7111001,27966,1861033,18575400
2241,1407,1389,7109594,27984,1862422,18658500
2242,1383,1336,7108211,28031,1863758,19095300
2243,1379,1393,7106832,28017,1865151,19705000
2244,1369,1346,7105463,28040,1866497,19533100
2245,1393,1416,7104070,28017,1867913,19672000
2246,1369,1455,7102701,27931,1869368,19547400
2247,1377,1426,7101324,27882,1870794,19998600
2248,1354,1422,7099970,27814,1872216,19170900
2249,1365,1363,7098605,27816,1873579,19767600
2250,1385,1398,7097220,27803,1874977,19482100
2251,1444,1415,7095776,27832,1876392,19355600
2252,1385,1408,7094391,27809,1877800,19304900
2253,1420,1353,7092971,27876,1879153,19449900
2254,1393,1443,7091578,27826,1880596,19061400
2255,1392,1314,7090186,27904,1881910,19614300
2256,1417,1419,7088769,27902,1883329,19082000
2257,1345,1368,7087424,27879,1884697,19631000
2258,1355,1448,7086069,27786,1886145,18649700
2259,1450,1398,7084619,27838,1887543,18697300
2260,1429,1421,7083190,27846,1888964,18748200
2261,1358,1402,7081832,27802,1890366,18697300
2262,1446,1402,7080386,27846,1891768,18569800
2263,1397,1418,7078989,27825,1893186,18678600
2264,1431,1357,7077558,27899,1894543,18711700
2265,1417,1402,7076141,27914,1895945,18841600
2266,1398,1345,7074743,27967,1897290,19028500
2267,1408,1407,7073335,27968,1898697,18914800
2268,1407,1349,7071928,28026,1900046,18658400
2269,1355,1461,7070573,27920,1901507,18680400
2270,1381,1342,7069192,27959,1902849,19099500
2271,1413,1340,7067779,28032,1904189,18596500
2272,1382,1418,7066397,27996,1905607,18548300
2273,1377,1400,7065020,27973,1907007,18590500
2274,1429,1330,7063591,28072,1908337,18890000
2275,1408,1398,7062183,28082,1909735,19661300
2276,1353,1415,7060830,28020,1911150,18601300
2277,1446,1382,7059384,28084,1912532,18655900
2278,1413,1408,7057971,28089,1913940,18654000
2279,1421,1429,7056550,28081,1915369,19118000
2280,1411,1358,7055139,28134,1916727,18755800
2281,1363,1420,7053776,28077,1918147,18734200
2282,1423,1377,7052353,28123,1919524,18848200
2283,1456,1323,7050897,28256,1920847,18692500
2284,1432,1383,7049465,28305,1922230,18727300
2285,1422,1375,7048043,28352,1923605,18716900
2286,1455,1473,7046588,28334,1925078,18600100
2287,1452,1431,7045136,28355,1926509,18941700
2288,1438,1431,7043698,28362,1927940,18955200
2289,1404,1435,7042294,28331,1929375,19127400
2290,1450,1481,7040844,28300,1930856,18957300
2291,1532,1466,7039312,28366,1932322,18770200
2292,1469,1423,7037843,28412,1933745,18775400
2293,1423,1374,7036420,28461,1935119,18715000
2294,1441,1431,7034979,28471,1936550,18811700
2295,1483,1417,7033496,28537,1937967,19997200
2296,1453,1448,7032043,28542,1939415,19494200
2297,1402,1402,7030641,28542,1940817,18746800
2298,1429,1406,7029212,28565,1942223,18913700
2299,1439,1468,7027773,28536,1943691,18677000
2300,1421,1456,7026352,28501,1945147,18761100
2301,1339,1435,7025013,28405,1946582,18657600
2302,1421,1396,7023592,28430,1947978,18865800
2303,1498,1468,7022094,28460,1949446,18788600
2304,1458,1447,7020636,28471,1950893,18808300
2305,1441,1420,7019195,28492,1952313,19067500
2306,1415,1400,7017780,28507,1953713,18666500
2307,1448,1427,7016332,28528,1955140,18896600
2308,1435,1474,7014897,28489,1956614,18825700
2309,1438,1407,7013459,28520,1958021,18711100
2310,1375,1427,7012084,28468,1959448,19084200
2311,1415,1431,7010669,28452,1960879,19029100
2312,1464,1391,7009205,28525,1962270,19502000
2313,1409,1456,7007796,28478,1963726,19298600
2314,1420,1508,7006376,28390,1965234,19233400
2315,1366,1345,7005010,28411,1966579,19045900
2316,1412,1395,7003598,28428,1967974,20374900
2317,1399,1365,7002199,28462,1969339,19457100
2318,1365,1471,7000834,28356,1970810,19223800
2319,1385,1388,6999449,28353,1972198,19302700
2320,1410,1392,6998039,28371,1973590,19331600
2321,1435,1447,6996604,28359,1975037,19718500
2322,1464,1497,6995140,28326,1976534,18855900
2323,1398,1451,6993742,28273,1977985,19307100
2324,1422,1449,6992320,28246,1979434,19352200
2325,1483,1425,6990837,28304,1980859,18600200
2326,1391,1415,6989446,28280,1982274,19051800
2327,1449,1427,6987997,28302,1983701,19144000
2328,1402,1452,6986595,28252,1985153,18741400
2329,1442,1398,6985153,28296,1986551,18805900
2330,1442,1433,6983711,28305,1987984,18952000
2331,1475,1386,6982236,28394,1989370,18848100
2332,1376,1403,6980860,28367,1990773,18684600
2333,1427,1482,6979433,28312,1992255,18761900
2334,1394,1354,6978039,28352,1993609,18870700
2335,1427,1438,6976612,28341,1995047,18849400
2336,1386,1409,6975226,28318,1996456,19237500
2337,1420,1379,6973806,28359,1997835,18711500
2338,1401,1373,6972405,28387,1999208,18776200
2339,1461,1405,6970944,28443,2000613,18915800
2340,1449,1426,6969495,28466,2002039,18884800
2341,1476,1423,6968019,28519,2003462,18707100
2342,1489,1468,6966530,28540,2004930,19034400
2343,1482,1477,6965048,28545,2006407,19375300
2344,1500,1433,6963548,28612,2007840,18719400
2345,1443,1467,6962105,28588,2009307,18865800
2346,1518,1457,6960587,28649,2010764,18872200
2347,1524,1440,6959063,28733,2012204,19419400
2348,1484,1401,6957579,28816,2013605,19291600
2349,1402,1435,6956177,28783,2015040,19263200
2350,1468,1447,6954709,28804,2016487,19105200
2351,1492,1442,6953217,28854,2017929,19127700
2352,1419,1466,6951798,28807,2019395,19698000
2353,1393,1404,6950405,28796,2020799,19029800
2354,1420,1499,6948985,28717,2022298,18790600
2355,1469,1440,6947516,28746,2023738,18807500
2356,1428,1515,6946088,28659,2025253,19596200
2357,1473,1409,6944615,28723,2026662,19285000
2358,1436,1423,6943179,28736,2028085,18826900
2359,1451,1414,6941728,28773,2029499,18716500
2360,1442,1461,6940286,28754,2030960,18881600
2361,1476,1440,6938810,28790,2032400,18699100
2362,1425,1462,6937385,28753,2033862,18818400
2363,1467,1417,6935918,28803,2035279,18689800
2364,1421,1415,6934497,28809,2036694,18973300
2365,1430,1455,6933067,28784,2038149,19072500
2366,1477,1449,6931590,28812,2039598,18785400
2367,1509,1393,6930081,28928,2040991,19040900
2368,1487,1514,6928594,28901,2042505,18835900
2369,1363,1464,6927231,28800,2043969,18831000
2370,1445,1422,6925786,28823,2045391,19249200
2371,1419,1450,6924367,28792,2046841,18744100
2372,1443,1443,6922924,28792,2048284,18681500
2373,1364,1445,6921560,28711,2049729,18727500
2374,1395,1455,6920165,28651,2051184,19126900
2375,1376,1385,6918789,28642,2052569,19239900
2376,1350,1412,6917439,28580,2053981,18734300
2377,1492,1392,6915947,28680,2055373,18760100
2378,1433,1378,6914514,28735,2056751,19067000
2379,1520,1386,6912994,28869,2058137,19711200
2380,1435,1424,6911559,28880,2059561,19738200
2381,1478,1432,6910081,28926,2060993,19547300
2382,1438,1443,6908643,28921,2062436,20229300
2383,1478,1359,6907165,29040,2063795,19447800
2384,1409,1459,6905756,28990,2065254,19350900
2385,1485,1425,6904271,29050,2066679,19000300
2386,1378,1449,6902893,28979,2068128,19272900
2387,1443,1379,6901450,29043,2069507,19245700
2388,1517,1462,6899933,29098,2070969,19310600
2389,1467,1465,6898466,29100,2072434,19311300
2390,1481,1455,6896985,29126,2073889,19269400
2391,1387,1476,6895598,29037,2075365,19067400
2392,1466,1378,6894132,29125,2076743,18704000
2393,1477,1421,6892655,29181,2078164,18756100
2394,1472,1536,6891183,29117,2079700,19225500
2395,1526,1415,6889657,29228,2081115,18698100
2396,1444,1483,6888213,29189,2082598,18895800
2397,1492,1462,6886721,29219,2084060,18710500
2398,1408,1483,6885313,29144,2085543,18621300
2399,1367,1452,6883946,29059,2086995,18745100
2400,1379,1385,6882567,29053,2088380,19628300
2401,1424,1462,6881143,29015,2089842,19333400
2402,1440,1504,6879703,28951,2091346,18835000
2403,1428,1400,6878275,28979,2092746,18677400
2404,1423,1512,6876852,28890,2094258,18796500
2405,1427,1420,6875425,28897,2095678,18639600
2406,1473,1416,6873952,28954,2097094,19053400
2407,1488,1426,6872464,29016,2098520,18923800
2408,1500,1427,6870964,29089,2099947,18698200
2409,1456,1449,6869508,29096,2101396,20074800
2410,1491,1521,6868017,29066,2102917,18771800
2411,1456,1427,6866561,29095,2104344,18783900
2412,1430,1456,6865131,29069,2105800,18816000
2413,1465,1444,6863666,29090,2107244,18839300
2414,1491,1518,6862175,29063,2108762,19242900
2415,1491,1495,6860684,29059,2110257,18697900
2416,1432,1464,6859252,29027,2111721,18767700
2417,1414,1427,6857838,29014,2113148,18649700
2418,1450,1513,6856388,28951,2114661,18652900
2419,1496,1407,6854892,29040,2116068,19343600
2420,1484,1447,6853408,29077,2117515,19417900
2421,1488,1462,6851920,29103,2118977,18694300
2422,1432,1520,6850488,29015,2120497,18784900
2423,1440,1456,6849048,28999,2121953,18863900
2424,1454,1454,6847594,28999,2123407,18763600
2425,1470,1474,6846124,28995,2124881,18889200
2426,1464,1436,6844660,29023,2126317,18752700
2427,1496,1450,6843164,29069,2127767,18838300
2428,1495,1454,6841669,29110,2129221,19111200
2429,1464,1417,6840205,29157,2130638,19043300
2430,1451,1466,6838754,29142,2132104,18888500
2431,1467,1533,6837287,29076,2133637,18827800
2432,1427,1452,6835860,29051,2135089,18803300
2433,1473,1463,6834387,29061,2136552,19361100
2434,1499,1501,6832888,29059,2138053,18759500
2435,1482,1413,6831406,29128,2139466,19019000
2436,1446,1380,6829960,29194,2140846,18950100
2437,1514,1448,6828446,29260,2142294,19019100
2438,1449,1485,6826997,29224,2143779,19364300
2439,1496,1508,6825501,29212,2145287,18965600
2440,1458,1416,6824043,29254,2146703,18740100
2441,1479,1493,6822564,29240,2148196,18686800
2442,1458,1415,6821106,29283,2149611,18960900
2443,1485,1532,6819621,29236,2151143,18885100
2444,1494,1450,6818127,29280,2152593,19018000
2445,1467,1465,6816660,29282,2154058,19260100
2446,1464,1504,6815196,29242,2155562,19459800
2447,1465,1418,6813731,29289,2156980,19735800
2448,1474,1481,6812257,29282,2158461,19540400
2449,1436,1411,6810821,29307,2159872,19209200
2450,1486,1411,6809335,29382,2161283,19295300
2451,1489,1427,6807846,29444,2162710,19527800
2452,1464,1431,6806382,29477,2164141,19177800
2453,1421,1476,6804961,29422,2165617,19200000
2454,1484,1475,6803477,29431,2167092,19657700
2455,1495,1412,6801982,29514,2168504,19410100
2456,1426,1527,6800556,29413,2170031,19084600
2457,1448,1473,6799108,29388,2171504,19229500
2458,1443,1463,6797665,29368,2172967,18849400
2459,1467,1481,6796198,29354,2174448,18682800
2460,1380,1469,6794818,29265,2175917,19106000
2461,1437,1453,6793381,29249,2177370,18905000
2462,1440,1477,6791941,29212,2178847,18834400
2463,1428,1465,6790513,29175,2180312,18849600
2464,1425,1525,6789088,29075,2181837,19114100
2465,1475,1477,6787613,29073,2183314,18744500
2466,1486,1412,6786127,29147,2184726,18639000
2467,1445,1458,6784682,29134,2186184,18758900
2468,1458,1495,6783224,29097,2187679,18746000
2469,1396,1443,6781828,29050,2189122,19158300
2470,1442,1468,6780386,29024,2190590,19330000
2471,1404,1422,6778982,29006,2192012,18820300
2472,1407,1487,6777575,28926,2193499,19007600
2473,1477,1510,6776098,28893,2195009,18835300
2474,1460,1475,6774638,28878,2196484,18878300
2475,1432,1397,6773206,28913,2197881,19113900
2476,1433,1411,6771773,28935,2199292,19115100
2477,1473,1407,6770300,29001,2200699,18697900
2478,1466,1457,6768834,29010,2202156,18647700
2479,1455,1452,6767379,29013,2203608,19121400
2480,1401,1455,6765978,28959,2205063,18833600
2481,1402,1431,6764576,28930,2206494,18694600
2482,1410,1495,6763166,28845,2207989,19128500
2483,1463,1469,6761703,28839,2209458,18845400
2484,1456,1441,6760247,28854,2210899,18808100
2485,1489,1408,6758758,28935,2212307,18784100
2486,1448,1389,6757310,28994,2213696,18826200
2487,1426,1470,6755884,28950,2215166,18737000
2488,1436,1472,6754448,28914,2216638,19253300
2489,1466,1451,6752982,28929,2218089,18893100
2490,1456,1466,6751526,28919,2219555,18757400
2491,1436,1441,6750090,28914,2220996,19671900
2492,1469,1434,6748621,28949,2222430,18697300
2493,1469,1465,6747152,28953,2223895,18810400
2494,1456,1460,6745696,28949,2225355,18904200
2495,1449,1459,6744247,28939,2226814,18771700
2496,1475,1385,6742772,29029,2228199,18724800
2497,1508,1444,6741264,29093,2229643,18740900
2498,1479,1511,6739785,29061,2231154,19091500
2499,1472,1422,6738313,29111,2232576,18863400
2500,1452,1528,6736861,29035,2234104,18808900
2501,1428,1424,6735433,29039,2235528,18817700
2502,1495,1492,6733938,29042,2237020,18832400
2503,1499,1414,6732439,29127,2238434,18828800
2504,1443,1481,6730996,29089,2239915,19205100
2505,1451,1507,6729545,29033,2241422,18711700
2506,1525,1452,6728020,29106,2242874,19077200
2507,1405,1434,6726615,29077,2244308,19831900
2508,1518,1460,6725097,29135,2245768,18807400
2509,1503,1462,6723594,29176,2247230,19331200
2510,1558,1489,6722036,29245,2248719,18872800
2511,1575,1487,6720461,29333,2250206,18757100
2512,1498,1504,6718963,29327,2251710,19243300
2513,1489,1467,6717474,29349,2253177,19506900
2514,1469,1477,6716005,29341,2254654,19965100
2515,1508,1423,6714497,29426,2256077,19092900
2516,1449,1471,6713048,29404,2257548,19263100
2517,1503,1449,6711545,29458,2258997,19490200
2518,1442,1550,6710103,29350,2260547,19758800
2519,1513,1523,6708590,29340,2262070,19378600
2520,1463,1437,6707127,29366,2263507,19245500
2521,1453,1471,6705674,29348,2264978,19040900
2522,1488,1477,6704186,29359,2266455,19436100
2523,1461,1459,6702725,29361,2267914,18775600
2524,1455,1491,6701270,29325,2269405,19640600
2525,1488,1416,6699782,29397,2270821,18953000
2526,1525,1477,6698257,29445,2272298,18624700
2527,1444,1400,6696813,29489,2273698,18653900
2528,1438,1455,6695375,29472,2275153,18739500
2529,1522,1455,6693853,29539,2276608,18703400
2530,1528,1469,6692325,29598,2278077,18689300
2531,1521,1426,6690804,29693,2279503,19209000
2532,1468,1563,6689336,29598,2281066,18634300
2533,1476,1524,6687860,29550,2282590,18792700
2534,1457,1441,6686403,29566,2284031,18742500
2535,1461,1499,6684942,29528,2285530,18760400
2536,1447,1491,6683495,29484,2287021,19287200
2537,1466,1482,6682029,29468,2288503,18799300
2538,1506,1498,6680523,29476,2290001,19264500
2539,1497,1458,6679026,29515,2291459,19041600
2540,1502,1495,6677524,29522,2292954,18718200
2541,1469,1520,6676055,29471,2294474,19399800
2542,1501,1468,6674554,29504,2295942,18634300
2543,1486,1458,6673068,29532,2297400,18873000
2544,1475,1552,6671593,29455,2298952,18932200
2545,1462,1469,6670131,29448,2300421,18775400
2546,1476,1469,6668655,29455,2301890,18825600
2547,1463,1488,6667192,29430,2303378,18841500
2548,1512,1480,6665680,29462,2304858,18758800
2549,1482,1478,6664198,29466,2306336,18849500
2550,1535,1415,6662663,29586,2307751,19594000
2551,1573,1545,6661090,29614,2309296,18798300
2552,1501,1454,6659589,29661,2310750,19127800
2553,1505,1458,6658084,29708,2312208,18921400
2554,1552,1443,6656532,29817,2313651,18798000
2555,1500,1460,6655032,29857,2315111,19112100
2556,1521,1539,6653511,29839,2316650,19117300
2557,1511,1504,6652000,29846,2318154,18750400
2558,1486,1511,6650514,29821,2319665,18854600
2559,1470,1554,6649044,29737,2321219,19235600
2560,1518,1493,6647526,29762,2322712,19354300
2561,1550,1537,6645976,29775,2324249,18751900
2562,1453,1536,6644523,29692,2325785,18854600
2563,1507,1528,6643016,29671,2327313,18826600
2564,1512,1520,6641504,29663,2328833,18728400
2565,1522,1525,6639982,29660,2330358,19230900
2566,1474,1414,6638508,29720,2331772,18701500
2567,1474,1496,6637034,29698,2333268,18713800
2568,1463,1514,6635571,29647,2334782,18836700
2569,1422,1473,6634149,29596,2336255,19009000
2570,1515,1467,6632634,29644,2337722,19269100
2571,1516,1476,6631118,29684,2339198,18646900
2572,1534,1467,6629584,29751,2340665,18716200
2573,1504,1469,6628080,29786,2342134,18806200
2574,1468,1512,6626612,29742,2343646,18707800
2575,1437,1527,6625175,29652,2345173,19232700
2576,1462,1443,6623713,29671,2346616,18845100
2577,1436,1503,6622277,29604,2348119,19277500
2578,1483,1533,6620794,29554,2349652,18670200
2579,1522,1510,6619272,29566,2351162,18761600
2580,1537,1536,6617735,29567,2352698,19516900
2581,1497,1458,6616238,29606,2354156,19033800
2582,1614,1499,6614624,29721,2355655,19176300
2583,1572,1527,6613052,29766,2357182,19237300
2584,1553,1455,6611499,29864,2358637,18926600
2585,1481,1533,6610018,29812,2360170,19165000
2586,1525,1509,6608493,29828,2361679,19131900
2587,1483,1522,6607010,29789,2363201,19550900
2588,1531,1494,6605479,29826,2364695,19083400
2589,1555,1469,6603924,29912,2366164,19381000
2590,1501,1459,6602423,29954,2367623,19035400
2591,1531,1473,6600892,30012,2369096,19714300
2592,1535,1513,6599357,30034,2370609,19253400
2593,1525,1488,6597832,30071,2372097,19075500
2594,1517,1544,6596315,30044,2373641,18497800
2595,1502,1531,6594813,30015,2375172,18685200
2596,1558,1520,6593255,30053,2376692,18666100
2597,1587,1489,6591668,30151,2378181,18754400
2598,1536,1509,6590132,30178,2379690,18619600
2599,1567,1515,6588565,30230,2381205,18603600
2600,1530,1521,6587035,30239,2382726,18848700
2601,1561,1537,6585474,30263,2384263,18875300
2602,1492,1452,6583982,30303,2385715,18757400
2603,1503,1553,6582479,30253,2387268,19271400
2604,1467,1543,6581012,30177,2388811,18664000
2605,1546,1543,6579466,30180,2390354,18662600
2606,1493,1510,6577973,30163,2391864,18750700
2607,1551,1561,6576422,30153,2393425,18766500
2608,1515,1529,6574907,30139,2394954,18735700
2609,1523,1543,6573384,30119,2396497,18691700
2610,1482,1558,6571902,30043,2398055,18752500
2611,1508,1597,6570394,29954,2399652,18669600
2612,1502,1447,6568892,30009,2401099,19335700
2613,1505,1485,6567387,30029,2402584,19132400
2614,1526,1474,6565861,30081,2404058,18804900
2615,1505,1497,6564356,30089,2405555,18702800
2616,1558,1511,6562798,30136,2407066,18743200
2617,1553,1511,6561245,30178,2408577,19137500
2618,1511,1516,6559734,30173,2410093,19084300
2619,1537,1502,6558197,30208,2411595,18700300
2620,1574,1464,6556623,30318,2413059,18621800
2621,1566,1513,6555057,30371,2414572,18754500
2622,1475,1521,6553582,30325,2416093,18669900
2623,1547,1515,6552035,30357,2417608,18686200
2624,1498,1535,6550537,30320,2419143,18833000
2625,1555,1609,6548982,30266,2420752,18663700
2626,1458,1477,6547524,30247,2422229,18838600
2627,1520,1519,6546004,30248,2423748,18741900
2628,1582,1480,6544422,30350,2425228,18865500
2629,1514,1448,6542908,30416,2426676,18897400
2630,1541,1491,6541367,30466,2428167,18668600
2631,1523,1486,6539844,30503,2429653,18808900
2632,1573,1576,6538271,30500,2431229,18956100
2633,1552,1442,6536719,30610,2432671,18995800
2634,1514,1565,6535205,30559,2434236,18850200
2635,1543,1516,6533662,30586,2435752,18719000
2636,1560,1497,6532102,30649,2437249,18884100
2637,1562,1515,6530540,30696,2438764,18881300
2638,1562,1488,6528978,30770,2440252,18822300
2639,1525,1530,6527453,30765,2441782,19185500
2640,1571,1522,6525882,30814,2443304,18696800
2641,1595,1530,6524287,30879,2444834,18821700
2642,1533,1491,6522754,30921,2446325,18713800
2643,1524,1539,6521230,30906,2447864,18882700
2644,1545,1570,6519685,30881,2449434,19218900
2645,1579,1587,6518106,30873,2451021,19071100
2646,1499,1514,6516607,30858,2452535,18836800
2647,1582,1533,6515025,30907,2454068,18987200
2648,1532,1541,6513493,30898,2455609,19474800
2649,1556,1612,6511937,30842,2457221,19713400
2650,1576,1566,6510361,30852,2458787,19002100
2651,1566,1541,6508795,30877,2460328,19550500
2652,1503,1598,6507292,30782,2461926,19221100
2653,1590,1520,6505702,30852,2463446,18777700
2654,1520,1592,6504182,30780,2465038,18812600
2655,1550,1579,6502632,30751,2466617,18907000
2656,1552,1563,6501080,30740,2468180,19403300
2657,1531,1518,6499549,30753,2469698,18895600
2658,1479,1571,6498070,30661,2471269,19265600
2659,1519,1543,6496551,30637,2472812,18918100
2660,1556,1570,6494995,30623,2474382,19015200
2661,1511,1510,6493484,30624,2475892,18552700
2662,1538,1558,6491946,30604,2477450,18589700
2663,1592,1562,6490354,30634,2479012,18730600
2664,1480,1548,6488874,30566,2480560,19063100
2665,1536,1587,6487338,30515,2482147,19020200
2666,1492,1551,6485846,30456,2483698,19787500
2667,1540,1594,6484306,30402,2485292,19137200
2668,1491,1517,6482815,30376,2486809,18711500
2669,1509,1480,6481306,30405,2488289,18824600
2670,1502,1499,6479804,30408,2489788,18755400
2671,1541,1544,6478263,30405,2491332,18696400
2672,1571,1563,6476692,30413,2492895,18824300
2673,1555,1510,6475137,30458,2494405,19175400
2674,1542,1521,6473595,30479,2495926,18801400
2675,1563,1558,6472032,30484,2497484,18766300
2676,1529,1508,6470503,30505,2498992,18769800
2677,1441,1541,6469062,30405,2500533,18805500
2678,1452,1543,6467610,30314,2502076,19302200
2679,1479,1474,6466131,30319,2503550,18681000
2680,1535,1544,6464596,30310,2505094,18664300
2681,1573,1483,6463023,30400,2506577,19220300
2682,1502,1534,6461521,30368,2508111,18804200
2683,1528,1529,6459993,30367,2509640,18982000
2684,1633,1487,6458360,30513,2511127,18778900
2685,1488,1545,6456872,30456,2512672,18787000
2686,1460,1502,6455412,30414,2514174,18864200
2687,1525,1509,6453887,30430,2515683,19158100
2688,1557,1513,6452330,30474,2517196,18962200
2689,1515,1530,6450815,30459,2518726,19455900
2690,1511,1506,6449304,30464,2520232,18877900
2691,1550,1465,6447754,30549,2521697,18753000
2692,1618,1555,6446136,30612,2523252,18666000
2693,1518,1565,6444618,30565,2524817,18956600
2694,1532,1565,6443086,30532,2526382,19037300
2695,1591,1549,6441495,30574,2527931,19265800
2696,1570,1560,6439925,30584,2529491,19294300
2697,1560,1563,6438365,30581,2531054,18931500
2698,1599,1583,6436766,30597,2532637,18799000
2699,1551,1562,6435215,30586,2534199,18915400
2700,1542,1564,6433673,30564,2535763,18705600
2701,1491,1471,6432182,30584,2537234,18668000
2702,1522,1511,6430660,30595,2538745,18760900
2703,1517,1505,6429143,30607,2540250,18761700
2704,1557,1555,6427586,30609,2541805,18691200
2705,1544,1525,6426042,30628,2543330,18822200
2706,1525,1558,6424517,30595,2544888,18714200
2707,1560,1560,6422957,30595,2546448,19066200
2708,1609,1559,6421348,30645,2548007,18767700
2709,1525,1481,6419823,30689,2549488,18915300
2710,1574,1563,6418249,30700,2551051,19423100
2711,1543,1496,6416706,30747,2552547,18909600
2712,1501,1620,6415205,30628,2554167,19062100
2713,1504,1558,6413701,30574,2555725,18701100
2714,1525,1487,6412176,30612,2557212,19169000
2715,1499,1534,6410677,30577,2558746,19360700
2716,1501,1481,6409176,30597,2560227,18882600
2717,1491,1524,6407685,30564,2561751,19447100
2718,1471,1522,6406214,30513,2563273,19438900
2719,1541,1486,6404673,30568,2564759,19428700
2720,1505,1504,6403168,30569,2566263,19259900
2721,1566,1504,6401602,30631,2567767,20017000
2722,1542,1525,6400060,30648,2569292,20002700
2723,1553,1537,6398507,30664,2570829,19490900
2724,1523,1554,6396984,30633,2572383,20321200
2725,1524,1522,6395460,30635,2573905,19915800
2726,1520,1558,6393940,30597,2575463,19882700
2727,1550,1578,6392390,30569,2577041,19543300
2728,1488,1626,6390902,30431,2578667,19223100
2729,1559,1490,6389343,30500,2580157,19127200
2730,1518,1542,6387825,30476,2581699,19677000
2731,1551,1492,6386274,30535,2583191,20130800
2732,1545,1525,6384729,30555,2584716,20676000
2733,1517,1467,6383212,30605,2586183,19600700
2734,1627,1504,6381585,30728,2587687,21383900
2735,1626,1547,6379959,30807,2589234,19760300
2736,1609,1462,6378350,30954,2590696,20279400
2737,1553,1560,6376797,30947,2592256,19999300
2738,1556,1505,6375241,30998,2593761,19263100
2739,1601,1535,6373640,31064,2595296,19091900
2740,1556,1575,6372084,31045,2596871,19701100
2741,1592,1544,6370492,31093,2598415,19256700
2742,1637,1538,6368855,31192,2599953,19923400
2743,1638,1547,6367217,31283,2601500,19583700
2744,1581,1522,6365636,31342,2603022,19462500
2745,1546,1525,6364090,31363,2604547,19459600
2746,1557,1562,6362533,31358,2606109,19004500
2747,1561,1515,6360972,31404,2607624,19409800
2748,1603,1526,6359369,31481,2609150,20063100
2749,1596,1518,6357773,31559,2610668,19323000
2750,1553,1617,6356220,31495,2612285,19378400
2751,1567,1593,6354653,31469,2613878,19382700
2752,1630,1530,6353023,31569,2615408,19445200
2753,1558,1535,6351465,31592,2616943,19573000
2754,1563,1612,6349902,31543,2618555,19779300
2755,1596,1499,6348306,31640,2620054,19519400
2756,1617,1598,6346689,31659,2621652,20071300
2757,1555,1558,6345134,31656,2623210,19799400
2758,1617,1558,6343517,31715,2624768,20182600
2759,1611,1537,6341906,31789,2626305,19595400
2760,1617,1614,6340289,31792,2627919,20024500
2761,1577,1587,6338712,31782,2629506,19511600
2762,1624,1615,6337088,31791,2631121,18957100
2763,1510,1566,6335578,31735,2632687,20095400
2764,1593,1641,6333985,31687,2634328,19903800
2765,1556,1531,6332429,31712,2635859,19138900
2766,1581,1536,6330848,31757,2637395,19963400
2767,1617,1607,6329231,31767,2639002,19438500
2768,1602,1621,6327629,31748,2640623,19039200
2769,1592,1674,6326037,31666,2642297,20152700
2770,1554,1579,6324483,31641,2643876,20036400
2771,1548,1574,6322935,31615,2645450,19697300
2772,1566,1572,6321369,31609,2647022,20097400
2773,1570,1587,6319799,31592,2648609,19470900
2774,1570,1634,6318229,31528,2650243,19386600
2775,1646,1609,6316583,31565,2651852,20230300
2776,1588,1581,6314995,31572,2653433,19765400
2777,1541,1625,6313454,31488,2655058,19103800
2778,1492,1614,6311962,31366,2656672,19463500
2779,1562,1557,6310400,31371,2658229,21390000
2780,1492,1613,6308908,31250,2659842,19890500
2781,1511,1562,6307397,31199,2661404,19812200
2782,1610,1544,6305787,31265,2662948,19655700
2783,1539,1603,6304248,31201,2664551,19720000
2784,1642,1480,6302606,31363,2666031,19516700
2785,1495,1546,6301111,31312,2667577,19815400
2786,1562,1587,6299549,31287,2669164,20537200
2787,1624,1565,6297925,31346,2670729,19254500
2788,1495,1656,6296430,31185,2672385,19296500
2789,1569,1589,6294861,31165,2673974,19108200
2790,1568,1605,6293293,31128,2675579,19163600
2791,1549,1441,6291744,31236,2677020,18866500
2792,1574,1499,6290170,31311,2678519,18951000
2793,1572,1535,6288598,31348,2680054,18637400
2794,1570,1512,6287028,31406,2681566,18724200
2795,1534,1598,6285494,31342,2683164,18706700
2796,1559,1568,6283935,31333,2684732,18831000
2797,1584,1614,6282351,31303,2686346,18781200
2798,1575,1541,6280776,31337,2687887,18728100
2799,1657,1540,6279119,31454,2689427,19255700
2800,1657,1540,6277462,31571,2690967,18925500
2801,1595,1580,6275867,31586,2692547,18880400
2802,1641,1583,6274226,31644,2694130,18713600
2803,1696,1534,6272530,31806,2695664,18842000
2804,1622,1530,6270908,31898,2697194,18806600
2805,1653,1578,6269255,31973,2698772,19109700
2806,1581,1686,6267674,31868,2700458,19056100
2807,1635,1576,6266039,31927,2702034,18754500
2808,1695,1615,6264344,32007,2703649,18957000
2809,1644,1535,6262700,32116,2705184,18792800
2810,1660,1621,6261040,32155,2706805,18752000
2811,1569,1609,6259471,32115,2708414,18657400
2812,1570,1630,6257901,32055,2710044,19325300
2813,1574,1718,6256327,31911,2711762,18758700
2814,1567,1618,6254760,31860,2713380,18816400
2815,1590,1588,6253170,31862,2714968,19354100
2816,1640,1582,6251530,31920,2716550,18895700
2817,1607,1580,6249923,31947,2718130,18932200
2818,1636,1624,6248287,31959,2719754,18990500
2819,1638,1636,6246649,31961,2721390,18816000
2820,1679,1580,6244970,32060,2722970,18724200
2821,1622,1555,6243348,32127,2724525,19013200
2822,1630,1617,6241718,32140,2726142,19429200
2823,1620,1627,6240098,32133,2727769,19364800
2824,1633,1610,6238465,32156,2729379,18801100
2825,1575,1619,6236890,32112,2730998,18759000
2826,1662,1622,6235228,32152,2732620,18895400
2827,1664,1587,6233564,32229,2734207,18841100
2828,1630,1618,6231934,32241,2735825,18748600
2829,1622,1630,6230312,32233,2737455,18898400
2830,1645,1666,6228667,32212,2739121,18837600
2831,1667,1597,6227000,32282,2740718,19172700
2832,1650,1570,6225350,32362,2742288,18826600
2833,1722,1641,6223628,32443,2743929,18791400
2834,1578,1592,6222050,32429,2745521,19072900
2835,1571,1556,6220479,32444,2747077,18895900
2836,1615,1629,6218864,32430,2748706,18897600
2837,1738,1593,6217126,32575,2750299,20049500
2838,1615,1640,6215511,32550,2751939,20288000
2839,1594,1578,6213917,32566,2753517,21976600
2840,1611,1646,6212306,32531,2755163,20863000
2841,1614,1610,6210692,32535,2756773,22323600
2842,1651,1623,6209041,32563,2758396,22210400
2843,1621,1640,6207420,32544,2760036,19218300
2844,1666,1559,6205754,32651,2761595,20283300
2845,1621,1661,6204133,32611,2763256,22054100
2846,1664,1596,6202469,32679,2764852,20713900
2847,1658,1600,6200811,32737,2766452,21040300
2848,1714,1694,6199097,32757,2768146,20169600
2849,1606,1685,6197491,32678,2769831,22610000
2850,1689,1620,6195802,32747,2771451,20963000
2851,1666,1558,6194136,32855,2773009,22954400
2852,1652,1691,6192484,32816,2774700,22428900
2853,1607,1646,6190877,32777,2776346,20411600
2854,1696,1583,6189181,32890,2777929,20820100
2855,1693,1624,6187488,32959,2779553,22610500
2856,1618,1598,6185870,32979,2781151,20278900
2857,1596,1668,6184274,32907,2782819,19599500
2858,1663,1568,6182611,33002,2784387,19418500
2859,1688,1679,6180923,33011,2786066,19242400
2860,1662,1738,6179261,32935,2787804,19783900
2861,1607,1645,6177654,32897,2789449,19170300
2862,1600,1685,6176054,32812,2791134,19003700
2863,1664,1613,6174390,32863,2792747,19424500
2864,1684,1643,6172706,32904,2794390,19685700
2865,1679,1621,6171027,32962,2796011,19375000
2866,1576,1651,6169451,32887,2797662,19627600
2867,1593,1607,6167858,32873,2799269,19689600
2868,1588,1639,6166270,32822,2800908,18689900
2869,1619,1664,6164651,32777,2802572,19174400
2870,1640,1650,6163011,32767,2804222,18660200
2871,1562,1603,6161449,32726,2805825,18850100
2872,1637,1674,6159812,32689,2807499,19545400
2873,1655,1607,6158157,32737,2809106,19278900
2874,1658,1591,6156499,32804,2810697,18788600
2875,1614,1683,6154885,32735,2812380,18809800
2876,1558,1604,6153327,32689,2813984,18955000
2877,1580,1644,6151747,32625,2815628,19468200
2878,1607,1659,6150140,32573,2817287,19317400
2879,1604,1540,6148536,32637,2818827,19204200
2880,1722,1639,6146814,32720,2820466,19110400
2881,1588,1620,6145226,32688,2822086,18678700
2882,1631,1628,6143595,32691,2823714,18789100
2883,1672,1635,6141923,32728,2825349,18716400
2884,1655,1571,6140268,32812,2826920,18873600
2885,1729,1665,6138539,32876,2828585,19120400
2886,1654,1639,6136885,32891,2830224,18622400
2887,1631,1621,6135254,32901,2831845,19038600
2888,1662,1554,6133592,33009,2833399,19227200
2889,1675,1636,6131917,33048,2835035,19519000
2890,1655,1653,6130262,33050,2836688,19270100
2891,1654,1614,6128608,33090,2838302,18959800
2892,1581,1679,6127027,32992,2839981,19268400
2893,1662,1587,6125365,33067,2841568,18841700
2894,1635,1677,6123730,33025,2843245,18806000
2895,1621,1641,6122109,33005,2844886,18719700
2896,1604,1654,6120505,32955,2846540,18908700
2897,1639,1657,6118866,32937,2848197,18770100
2898,1635,1635,6117231,32937,2849832,18708600
2899,1631,1655,6115600,32913,2851487,18848700
2900,1606,1604,6113994,32915,2853091,18811100
2901,1609,1693,6112385,32831,2854784,19101600
2902,1626,1574,6110759,32883,2856358,19278600
2903,1645,1700,6109114,32828,2858058,18799000
2904,1679,1644,6107435,32863,2859702,18731300
2905,1599,1565,6105836,32897,2861267,18996900
2906,1607,1641,6104229,32863,2862908,19784200
2907,1589,1650,6102640,32802,2864558,18691100
2908,1620,1679,6101020,32743,2866237,19123600
2909,1670,1585,6099350,32828,2867822,18830100
2910,1605,1633,6097745,32800,2869455,19129800
2911,1595,1625,6096150,32770,2871080,18701500
2912,1686,1618,6094464,32838,2872698,18898900
2913,1661,1669,6092803,32830,2874367,19491400
2914,1689,1637,6091114,32882,2876004,19896900
2915,1668,1590,6089446,32960,2877594,19639200
2916,1592,1650,6087854,32902,2879244,19119400
2917,1627,1590,6086227,32939,2880834,18910900
2918,1630,1645,6084597,32924,2882479,19215200
2919,1633,1642,6082964,32915,2884121,19065800
2920,1605,1630,6081359,32890,2885751,19631900
2921,1660,1571,6079699,32979,2887322,19218600
2922,1675,1635,6078024,33019,2888957,19451600
2923,1706,1678,6076318,33047,2890635,19026000
2924,1569,1640,6074749,32976,2892275,19618700
2925,1621,1684,6073128,32913,2893959,20140200
2926,1673,1713,6071455,32873,2895672,19442400
2927,1706,1603,6069749,32976,2897275,18720700
2928,1720,1624,6068029,33072,2898899,18672800
2929,1640,1607,6066389,33105,2900506,18701400
2930,1623,1667,6064766,33061,2902173,18877200
2931,1662,1641,6063104,33082,2903814,18691700
2932,1695,1681,6061409,33096,2905495,19234400
2933,1718,1620,6059691,33194,2907115,18657600
2934,1745,1661,6057946,33278,2908776,18806200
2935,1695,1699,6056251,33274,2910475,18780400
2936,1670,1728,6054581,33216,2912203,18702200
2937,1637,1713,6052944,33140,2913916,18760100
2938,1728,1701,6051216,33167,2915617,18693800
2939,1720,1584,6049496,33303,2917201,18897900
2940,1681,1636,6047815,33348,2918837,19284500
2941,1710,1658,6046105,33400,2920495,19390500
2942,1650,1660,6044455,33390,2922155,19406900
2943,1693,1598,6042762,33485,2923753,19635100
2944,1658,1638,6041104,33505,2925391,19474800
2945,1717,1708,6039387,33514,2927099,18956800
2946,1727,1650,6037660,33591,2928749,18828700
2947,1686,1746,6035974,33531,2930495,18721000
2948,1653,1653,6034321,33531,2932148,18642500
2949,1599,1662,6032722,33468,2933810,18770100
2950,1617,1712,6031105,33373,2935522,18813400
2951,1630,1722,6029475,33281,2937244,19156600
2952,1681,1619,6027794,33343,2938863,18778500
2953,1670,1667,6026124,33346,2940530,19039400
2954,1625,1688,6024499,33283,2942218,18769400
2955,1667,1646,6022832,33304,2943864,18813500
2956,1700,1653,6021132,33351,2945517,19116600
2957,1721,1586,6019411,33486,2947103,18659500
2958,1718,1628,6017693,33576,2948731,18787800
2959,1653,1700,6016040,33529,2950431,18741600
2960,1679,1799,6014361,33409,2952230,18766000
2961,1712,1629,6012649,33492,2953859,18915800
2962,1733,1643,6010916,33582,2955502,18813200
2963,1762,1684,6009154,33660,2957186,19105200
2964,1685,1733,6007469,33612,2958919,18972400
2965,1697,1607,6005772,33702,2960526,18842200
2966,1731,1716,6004041,33717,2962242,19461100
2967,1703,1717,6002338,33703,2963959,18732400
2968,1674,1639,6000664,33738,2965598,18697600
2969,1739,1698,5998925,33779,2967296,18814600
2970,1721,1681,5997204,33819,2968977,19371400
2971,1682,1701,5995522,33800,2970678,19188700
2972,1682,1668,5993840,33814,2972346,18842500
2973,1722,1691,5992118,33845,2974037,18831600
2974,1685,1695,5990433,33835,2975732,18796100
2975,1694,1588,5988739,33941,2977320,19024000
2976,1702,1687,5987037,33956,2979007,19208100
2977,1721,1698,5985316,33979,2980705,18988700
2978,1671,1725,5983645,33925,2982430,19368400
2979,1697,1702,5981948,33920,2984132,19447700
2980,1696,1658,5980252,33958,2985790,19678300
2981,1734,1698,5978518,33994,2987488,19224500
2982,1674,1668,5976844,34000,2989156,19577100
2983,1728,1756,5975116,33972,2990912,19837200
2984,1615,1738,5973501,33849,2992650,19178700
2985,1703,1678,5971798,33874,2994328,18954700
2986,1628,1680,5970170,33822,2996008,19269200
2987,1689,1671,5968481,33840,2997679,19315200
2988,1709,1661,5966772,33888,2999340,19574300
2989,1594,1741,5965178,33741,3001081,19288300
2990,1717,1686,5963461,33772,3002767,19207500
2991,1689,1721,5961772,33740,3004488,20024200
2992,1646,1685,5960126,33701,3006173,19287900
2993,1708,1707,5958418,33702,3007880,19262400
2994,1653,1619,5956765,33736,3009499,19212500
2995,1616,1682,5955149,33670,3011181,19276300
2996,1664,1691,5953485,33643,3012872,18925500
2997,1623,1628,5951862,33638,3014500,18993400
2998,1685,1688,5950177,33635,3016188,18725600
2999,1698,1725,5948479,33608,3017913,18788700
3000,1615,1654,5946864,33569,3019567,18822600
3001,1622,1669,5945242,33522,3021236,18981400
3002,1631,1625,5943611,33528,3022861,19243200
3003,1604,1705,5942007,33427,3024566,18693800
3004,1612,1730,5940395,33309,3026296,18783600
3005,1717,1641,5938678,33385,3027937,18786300
3006,1689,1709,5936989,33365,3029646,18800600
3007,1683,1576,5935306,33472,3031222,19260400
3008,1670,1666,5933636,33476,3032888,18814300
3009,1605,1687,5932031,33394,3034575,18825100
3010,1606,1665,5930425,33335,3036240,18694800
3011,1674,1719,5928751,33290,3037959,18807100
3012,1682,1694,5927069,33278,3039653,18911500
3013,1622,1677,5925447,33223,3041330,18998100
3014,1583,1631,5923864,33175,3042961,18664500
3015,1680,1622,5922184,33233,3044583,18873500
3016,1682,1639,5920502,33276,3046222,18780600
3017,1706,1625,5918796,33357,3047847,18806700
3018,1655,1691,5917141,33321,3049538,18754900
3019,1625,1710,5915516,33236,3051248,19213800
3020,1618,1629,5913898,33225,3052877,18847300
3021,1636,1666,5912262,33195,3054543,18742000
3022,1717,1681,5910545,33231,3056224,18823100
3023,1624,1698,5908921,33157,3057922,18808100
3024,1657,1650,5907264,33164,3059572,18751700
3025,1644,1631,5905620,33177,3061203,18788400
3026,1619,1613,5904001,33183,3062816,18815300
3027,1671,1633,5902330,33221,3064449,18851000
3028,1588,1706,5900742,33103,3066155,18770300
3029,1757,1610,5898985,33250,3067765,18741200
3030,1593,1705,5897392,33138,3069470,19408400
3031,1618,1731,5895774,33025,3071201,19483900
3032,1610,1653,5894164,32982,3072854,19190600
3033,1626,1636,5892538,32972,3074490,19358300
3034,1685,1666,5890853,32991,3076156,18678200
3035,1653,1574,5889200,33070,3077730,18899100
3036,1681,1702,5887519,33049,3079432,18885200
3037,1709,1659,5885810,33099,3081091,18586600
3038,1669,1670,5884141,33098,3082761,18661300
3039,1681,1656,5882460,33123,3084417,18748400
3040,1667,1581,5880793,33209,3085998,18799900
3041,1665,1646,5879128,33228,3087644,19062200
3042,1685,1681,5877443,33232,3089325,19239900
3043,1639,1687,5875804,33184,3091012,18713700
3044,1719,1755,5874085,33148,3092767,18785700
3045,1694,1666,5872391,33176,3094433,19139500
3046,1767,1710,5870624,33233,3096143,19680000
3047,1761,1630,5868863,33364,3097773,20203600
3048,1678,1620,5867185,33422,3099393,19509000
3049,1766,1695,5865419,33493,3101088,19829100
3050,1646,1754,5863773,33385,3102842,19083300
3051,1761,1693,5862012,33453,3104535,19569100
3052,1696,1661,5860316,33488,3106196,19300600
3053,1776,1659,5858540,33605,3107855,18867400
3054,1713,1681,5856827,33637,3109536,19732300
3055,1707,1676,5855120,33668,3111212,19450900
3056,1690,1699,5853430,33659,3112911,19588600
3057,1693,1699,5851737,33653,3114610,19074300
3058,1695,1660,5850042,33688,3116270,19256500
3059,1686,1774,5848356,33600,3118044,19201800
3060,1656,1713,5846700,33543,3119757,19114700
3061,1760,1666,5844940,33637,3121423,19163300
3062,1737,1689,5843203,33685,3123112,18680100
3063,1770,1699,5841433,33756,3124811,18887500
3064,1726,1733,5839707,33749,3126544,18946300
3065,1741,1728,5837966,33762,3128272,18594700
3066,1698,1640,5836268,33820,3129912,18796800
3067,1774,1670,5834494,33924,3131582,18686100
3068,1788,1752,5832706,33960,3133334,18940100
3069,1756,1676,5830950,34040,3135010,18874000
3070,1757,1683,5829193,34114,3136693,18772300
3071,1769,1675,5827424,34208,3138368,18844500
3072,1779,1752,5825645,34235,3140120,18720500
3073,1759,1678,5823886,34316,3141798,18786900
3074,1811,1745,5822075,34382,3143543,18801200
3075,1782,1681,5820293,34483,3145224,18791900
3076,1783,1741,5818510,34525,3146965,18757800
3077,1733,1728,5816777,34530,3148693,18791800
3078,1740,1713,5815037,34557,3150406,18840600
3079,1691,1702,5813346,34546,3152108,19109200
3080,1826,1707,5811520,34665,3153815,18794200
3081,1776,1762,5809744,34679,3155577,18751700
3082,1783,1670,5807961,34792,3157247,18720700
3083,1756,1709,5806205,34839,3158956,19649000
3084,1732,1713,5804473,34858,3160669,19394100
3085,1722,1771,5802751,34809,3162440,18732900
3086,1799,1697,5800952,34911,3164137,18788000
3087,1756,1750,5799196,34917,3165887,18914600
3088,1738,1698,5797458,34957,3167585,18802200
3089,1747,1730,5795711,34974,3169315,18915100
3090,1832,1680,5793879,35126,3170995,18868800
3091,1774,1786,5792105,35114,3172781,18855800
3092,1734,1777,5790371,35071,3174558,18898000
3093,1808,1767,5788563,35112,3176325,19169600
3094,1768,1787,5786795,35093,3178112,18724300
3095,1734,1738,5785061,35089,3179850,18940700
3096,1767,1777,5783294,35079,3181627,18913300
3097,1779,1714,5781515,35144,3183341,19258700
3098,1745,1759,5779770,35130,3185100,19471600
3099,1830,1766,5777940,35194,3186866,18940700
3100,1828,1759,5776112,35263,3188625,18879600
3101,1770,1743,5774342,35290,3190368,18847800
3102,1763,1735,5772579,35318,3192103,18786400
3103,1719,1744,5770860,35293,3193847,19076200
3104,1798,1738,5769062,35353,3195585,18661600
3105,1719,1731,5767343,35341,3197316,18806800
3106,1722,1756,5765621,35307,3199072,18951300
3107,1721,1766,5763900,35262,3200838,19094300
3108,1732,1762,5762168,35232,3202600,18821700
3109,1766,1795,5760402,35203,3204395,18969700
3110,1723,1799,5758679,35127,3206194,18848700
3111,1712,1779,5756967,35060,3207973,18782500
3112,1779,1731,5755188,35108,3209704,19241100
3113,1813,1692,5753375,35229,3211396,18749000
3114,1759,1733,5751616,35255,3213129,19047000
3115,1786,1766,5749830,35275,3214895,19477100
3116,1773,1858,5748057,35190,3216753,19251800
3117,1831,1697,5746226,35324,3218450,19525800
3118,1813,1799,5744413,35338,3220249,19315600
3119,1828,1748,5742585,35418,3221997,19215400
3120,1701,1785,5740884,35334,3223782,19408200
3121,1724,1704,5739160,35354,3225486,18960200
3122,1786,1768,5737374,35372,3227254,19416800
3123,1807,1720,5735567,35459,3228974,19113400
3124,1778,1786,5733789,35451,3230760,19357500
3125,1838,1801,5731951,35488,3232561,19553000
3126,1842,1742,5730109,35588,3234303,20375300
3127,1758,1726,5728351,35620,3236029,19338300
3128,1809,1737,5726542,35692,3237766,19054600
3129,1747,1726,5724795,35713,3239492,18655200
3130,1822,1768,5722973,35767,3241260,18697300
3131,1765,1897,5721208,35635,3243157,18753700
3132,1731,1756,5719477,35610,3244913,18834200
3133,1819,1748,5717658,35681,3246661,19079500
3134,1682,1826,5715976,35537,3248487,19138000
3135,1713,1834,5714263,35416,3250321,18846700
3136,1758,1718,5712505,35456,3252039,19140700
3137,1736,1777,5710769,35415,3253816,19814700
3138,1752,1748,5709017,35419,3255564,18801700
3139,1751,1783,5707266,35387,3257347,18863800
3140,1706,1678,5705560,35415,3259025,18999100
3141,1732,1724,5703828,35423,3260749,18768600
3142,1771,1742,5702057,35452,3262491,19142800
3143,1752,1723,5700305,35481,3264214,19385700
3144,1764,1868,5698541,35377,3266082,18875400
3145,1742,1790,5696799,35329,3267872,18714300
3146,1739,1758,5695060,35310,3269630,18775100
3147,1724,1748,5693336,35286,3271378,18935600
3148,1728,1774,5691608,35240,3273152,18757800
3149,1709,1721,5689899,35228,3274873,19301400
3150,1683,1720,5688216,35191,3276593,19377800
3151,1732,1788,5686484,35135,3278381,18832900
3152,1772,1739,5684712,35168,3280120,18697000
3153,1739,1782,5682973,35125,3281902,18751100
3154,1778,1764,5681195,35139,3283666,18844200
3155,1762,1694,5679433,35207,3285360,18791000
3156,1737,1735,5677696,35209,3287095,18811200
3157,1768,1756,5675928,35221,3288851,18781100
3158,1708,1767,5674220,35162,3290618,18885300
3159,1766,1766,5672454,35162,3292384,18706800
3160,1774,1835,5670680,35101,3294219,18881000
3161,1722,1734,5668958,35089,3295953,19170200
3162,1720,1757,5667238,35052,3297710,18920700
3163,1753,1758,5665485,35047,3299468,18769400
3164,1787,1768,5663698,35066,3301236,18744900
3165,1724,1842,5661974,34948,3303078,18921700
3166,1775,1805,5660199,34918,3304883,18719000
3167,1755,1799,5658444,34874,3306682,18816800
3168,1738,1801,5656706,34811,3308483,20061900
3169,1677,1750,5655029,34738,3310233,18706900
3170,1704,1704,5653325,34738,3311937,18952500
3171,1683,1733,5651642,34688,3313670,19474400
3172,1744,1774,5649898,34658,3315444,18971500
3173,1672,1848,5648226,34482,3317292,19049100
3174,1735,1781,5646491,34436,3319073,18812800
3175,1698,1674,5644793,34460,3320747,19147500
3176,1790,1773,5643003,34477,3322520,18805900
3177,1754,1710,5641249,34521,3324230,18700900
3178,1754,1695,5639495,34580,3325925,18832700
3179,1818,1735,5637677,34663,3327660,19284600
3180,1704,1788,5635973,34579,3329448,18892000
3181,1702,1698,5634271,34583,3331146,19604400
3182,1752,1772,5632519,34563,3332918,19396700
3183,1750,1744,5630769,34569,3334662,19193600
3184,1746,1820,5629023,34495,3336482,19569300
3185,1754,1747,5627269,34502,3338229,19386900
3186,1797,1670,5625472,34629,3339899,18907600
3187,1717,1714,5623755,34632,3341613,19280000
3188,1771,1713,5621984,34690,3343326,19222200
3189,1741,1720,5620243,34711,3345046,19749700
3190,1767,1696,5618476,34782,3346742,19154900
3191,1725,1762,5616751,34745,3348504,18754200
3192,1750,1705,5615001,34790,3350209,19328000
3193,1733,1766,5613268,34757,3351975,19108000
3194,1844,1707,5611424,34894,3353682,19236600
3195,1723,1670,5609701,34947,3355352,18996700
3196,1732,1817,5607969,34862,3357169,18936200
3197,1785,1732,5606184,34915,3358901,18733300
3198,1657,1714,5604527,34858,3360615,18673700
3199,1812,1797,5602715,34873,3362412,19072200
3200,1780,1715,5600935,34938,3364127,18732700
3201,1804,1798,5599131,34944,3365925,18680000
3202,1751,1720,5597380,34975,3367645,19051600
3203,1785,1685,5595595,35075,3369330,18764400
3204,1795,1793,5593800,35077,3371123,18620200
3205,1846,1786,5591954,35137,3372909,18784000
3206,1803,1793,5590151,35147,3374702,18779900
3207,1776,1781,5588375,35142,3376483,18733500
3208,1822,1826,5586553,35138,3378309,19162900
3209,1722,1768,5584831,35092,3380077,18588500
3210,1773,1815,5583058,35050,3381892,18795300
3211,1764,1741,5581294,35073,3383633,18754900
3212,1829,1752,5579465,35150,3385385,18721200
3213,1789,1778,5577676,35161,3387163,18795400
3214,1795,1733,5575881,35223,3388896,18808000
3215,1832,1763,5574049,35292,3390659,18793900
3216,1732,1783,5572317,35241,3392442,18840900
3217,1847,1722,5570470,35366,3394164,18848400
3218,1791,1757,5568679,35400,3395921,19228900
3219,1788,1761,5566891,35427,3397682,18993100
3220,1806,1761,5565085,35472,3399443,19150800
3221,1803,1760,5563282,35515,3401203,18872700
3222,1796,1761,5561486,35550,3402964,19116900
3223,1838,1835,5559648,35553,3404799,19015600
3224,1825,1817,5557823,35561,3406616,18913900
3225,1844,1710,5555979,35695,3408326,18947400
3226,1800,1677,5554179,35818,3410003,18965500
3227,1789,1757,5552390,35850,3411760,18789000
3228,1812,1756,5550578,35906,3413516,18739100
3229,1730,1786,5548848,35850,3415302,18867800
3230,1802,1780,5547046,35872,3417082,18868800
3231,1809,1788,5545237,35893,3418870,18990000
3232,1780,1877,5543457,35796,3420747,18984300
3233,1731,1746,5541726,35781,3422493,18676600
3234,1765,1863,5539961,35683,3424356,18784200
3235,1743,1803,5538218,35623,3426159,18854500
3236,1812,1860,5536406,35575,3428019,18807400
3237,1803,1710,5534603,35668,3429729,18701300
3238,1845,1740,5532758,35773,3431469,18763100
3239,1752,1746,5531006,35779,3433215,18977200
3240,1859,1698,5529147,35940,3434913,18865300
3241,1743,1771,5527404,35912,3436684,18861600
3242,1757,1832,5525647,35837,3438516,19378500
3243,1781,1800,5523866,35818,3440316,19431200
3244,1802,1883,5522064,35737,3442199,19113800
3245,1786,1808,5520278,35715,3444007,18876600
3246,1819,1779,5518459,35755,3445786,18694600
3247,1763,1716,5516696,35802,3447502,18763400
3248,1781,1832,5514915,35751,3449334,19120700
3249,1818,1772,5513097,35797,3451106,19691200
3250,1769,1753,5511328,35813,3452859,19219500
3251,1843,1794,5509485,35862,3454653,19420200
3252,1814,1803,5507671,35873,3456456,20765700
3253,1791,1777,5505880,35887,3458233,19516900
3254,1816,1775,5504064,35928,3460008,19095900
3255,1827,1827,5502237,35928,3461835,19476100
3256,1774,1788,5500463,35914,3463623,19521000
3257,1764,1871,5498699,35807,3465494,18761000
3258,1786,1809,5496913,35784,3467303,19228600
3259,1855,1869,5495058,35770,3469172,19081100
3260,1843,1828,5493215,35785,3471000,19480000
3261,1809,1921,5491406,35673,3472921,19115800
3262,1817,1773,5489589,35717,3474694,18655000
3263,1748,1799,5487841,35666,3476493,18696000
3264,1782,1731,5486059,35717,3478224,19088600
3265,1800,1765,5484259,35752,3479989,18717100
3266,1799,1802,5482460,35749,3481791,18678800
3267,1811,1835,5480649,35725,3483626,19007300
3268,1820,1782,5478829,35763,3485408,18715300
3269,1790,1836,5477039,35717,3487244,18669300
3270,1880,1772,5475159,35825,3489016,18635100
3271,1764,1876,5473395,35713,3490892,18856600
3272,1783,1815,5471612,35681,3492707,19053700
3273,1797,1742,5469815,35736,3494449,18957000
3274,1821,1796,5467994,35761,3496245,18814500
3275,1810,1750,5466184,35821,3497995,18694000
3276,1854,1790,5464330,35885,3499785,18738000
3277,1845,1790,5462485,35940,3501575,18772100
3278,1854,1821,5460631,35973,3503396,18869800
3279,1881,1757,5458750,36097,3505153,18824900
3280,1837,1862,5456913,36072,3507015,18715100
3281,1836,1783,5455077,36125,3508798,18849000
3282,1833,1811,5453244,36147,3510609,19239600
3283,1841,1808,5451403,36180,3512417,19059900
3284,1774,1832,5449629,36122,3514249,18761800
3285,1849,1788,5447780,36183,3516037,19322400
3286,1840,1800,5445940,36223,3517837,18733900
3287,1826,1787,5444114,36262,3519624,18814100
3288,1854,1905,5442260,36211,3521529,18759500
3289,1796,1837,5440464,36170,3523366,18904800
3290,1763,1750,5438701,36183,3525116,18781000
3291,1864,1787,5436837,36260,3526903,18936900
3292,1839,1803,5434998,36296,3528706,18745400
3293,1729,1833,5433269,36192,3530539,18713000
3294,1798,1727,5431471,36263,3532266,18948400
3295,1834,1835,5429637,36262,3534101,19486000
3296,1857,1861,5427780,36258,3535962,19201200
3297,1793,1752,5425987,36299,3537714,18661600
3298,1820,1868,5424167,36251,3539582,18722000
3299,1735,1862,5422432,36124,3541444,18725100
3300,1798,1790,5420634,36132,3543234,18751900
3301,1802,1820,5418832,36114,3545054,19057100
3302,1828,1814,5417004,36128,3546868,18827300
3303,1753,1757,5415251,36124,3548625,18791500
3304,1762,1817,5413489,36069,3550442,18744700
3305,1832,1763,5411657,36138,3552205,18886800
3306,1749,1791,5409908,36096,3553996,18869600
3307,1742,1810,5408166,36028,3555806,18876700
3308,1748,1775,5406418,36001,3557581,18999000
3309,1856,1883,5404562,35974,3559464,18852000
3310,1785,1794,5402777,35965,3561258,19054200
3311,1886,1790,5400891,36061,3563048,18784100
3312,1855,1795,5399036,36121,3564843,18948000
3313,1771,1755,5397265,36137,3566598,18990000
3314,1804,1768,5395461,36173,3568366,19060600
3315,1829,1778,5393632,36224,3570144,19171700
3316,1831,1825,5391801,36230,3571969,19329000
3317,1869,1842,5389932,36257,3573811,19088800
3318,1836,1769,5388096,36324,3575580,19118500
3319,1833,1846,5386263,36311,3577426,19123900
3320,1824,1869,5384439,36266,3579295,19490300
3321,1887,1882,5382552,36271,3581177,19393200
3322,1794,1815,5380758,36250,3582992,19039600
3323,1873,1764,5378885,36359,3584756,19379000
3324,1812,1779,5377073,36392,3586535,19421600
3325,1819,1845,5375254,36366,3588380,19660100
3326,1884,1814,5373370,36436,3590194,19232400
3327,1885,1826,5371485,36495,3592020,19550200
3328,1866,1822,5369619,36539,3593842,19118500
3329,1888,1825,5367731,36602,3595667,18737400
3330,1844,1832,5365887,36614,3597499,18718700
3331,1838,1777,5364049,36675,3599276,18892700
3332,1825,1889,5362224,36611,3601165,19225500
3333,1925,1846,5360299,36690,3603011,18790100
3334,1831,1794,5358468,36727,3604805,18868500
3335,1826,1813,5356642,36740,3606618,18802900
3336,1889,1852,5354753,36777,3608470,18908900
3337,1833,1886,5352920,36724,3610356,18957100
3338,1793,1875,5351127,36642,3612231,18672500
3339,1839,1796,5349288,36685,3614027,18819700
3340,1724,1820,5347564,36589,3615847,18863400
3341,1818,1906,5345746,36501,3617753,18857000
3342,1846,1750,5343900,36597,3619503,18697200
3343,1821,1830,5342079,36588,3621333,18819100
3344,1799,1899,5340280,36488,3623232,18982900
3345,1774,1859,5338506,36403,3625091,19263000
3346,1833,1791,5336673,36445,3626882,18962600
3347,1832,1927,5334841,36350,3628809,18898500
3348,1833,1832,5333008,36351,3630641,19422800
3349,1823,1849,5331185,36325,3632490,19224400
3350,1798,1766,5329387,36357,3634256,18800800
3351,1789,1772,5327598,36374,3636028,18991300
3352,1807,1803,5325791,36378,3637831,18849900
3353,1844,1879,5323947,36343,3639710,18822300
3354,1722,1783,5322225,36282,3641493,18827300
3355,1825,1778,5320400,36329,3643271,18838600
3356,1738,1789,5318662,36278,3645060,19145100
3357,1805,1835,5316857,36248,3646895,18733200
3358,1794,1848,5315063,36194,3648743,18815500
3359,1722,1862,5313341,36054,3650605,18844700
3360,1737,1680,5311604,36111,3652285,18825800
3361,1750,1821,5309854,36040,3654106,18929600
3362,1752,1812,5308102,35980,3655918,19152900
3363,1804,1849,5306298,35935,3657767,19043500
3364,1740,1722,5304558,35953,3659489,18996000
3365,1783,1788,5302775,35948,3661277,19041300
3366,1770,1778,5301005,35940,3663055,18837000
3367,1788,1722,5299217,36006,3664777,18783100
3368,1786,1700,5297431,36092,3666477,18846400
3369,1813,1796,5295618,36109,3668273,19140800
3370,1823,1787,5293795,36145,3670060,18790500
3371,1801,1793,5291994,36153,3671853,18846400
3372,1795,1790,5290199,36158,3673643,18791700
3373,1777,1787,5288422,36148,3675430,18842000
3374,1782,1752,5286640,36178,3677182,18811500
3375,1884,1727,5284756,36335,3678909,19075400
3376,1841,1835,5282915,36341,3680744,19366800
3377,1817,1800,5281098,36358,3682544,19012900
3378,1823,1879,5279275,36302,3684423,18735100
3379,1792,1820,5277483,36274,3686243,19006100
3380,1760,1755,5275723,36279,3687998,19054900
3381,1731,1876,5273992,36134,3689874,18843000
3382,1771,1817,5272221,36088,3691691,19951200
3383,1812,1763,5270409,36137,3693454,19626300
3384,1816,1807,5268593,36146,3695261,19396700
3385,1758,1875,5266835,36029,3697136,19484400
3386,1701,1761,5265134,35969,3698897,19605800
3387,1730,1773,5263404,35926,3700670,19097200
3388,1725,1724,5261679,35927,3702394,19277000
3389,1738,1781,5259941,35884,3704175,19281100
3390,1730,1714,5258211,35900,3705889,19099900
3391,1770,1770,5256441,35900,3707659,19014400
3392,1797,1848,5254644,35849,3709507,19477500
3393,1746,1824,5252898,35771,3711331,19187300
3394,1747,1780,5251151,35738,3713111,19473900
3395,1800,1823,5249351,35715,3714934,18696200
3396,1746,1796,5247605,35665,3716730,18778700
3397,1775,1822,5245830,35618,3718552,18896600
3398,1806,1849,5244024,35575,3720401,19220000
3399,1781,1835,5242243,35521,3722236,18815700
3400,1837,1679,5240406,35679,3723915,19201000
3401,1779,1785,5238627,35673,3725700,19740300
3402,1790,1762,5236837,35701,3727462,18858000
3403,1799,1799,5235038,35701,3729261,18758600
3404,1795,1835,5233243,35661,3731096,18763500
3405,1807,1772,5231436,35696,3732868,18836300
3406,1741,1780,5229695,35657,3734648,19019300
3407,1801,1772,5227894,35686,3736420,19058800
3408,1816,1816,5226078,35686,3738236,19436200
3409,1818,1879,5224260,35625,3740115,19131200
3410,1773,1800,5222487,35598,3741915,18872800
3411,1835,1777,5220652,35656,3743692,18877400
3412,1788,1810,5218864,35634,3745502,18791800
3413,1730,1728,5217134,35636,3747230,19946300
3414,1783,1731,5215351,35688,3748961,18843000
3415,1811,1749,5213540,35750,3750710,18953000
3416,1840,1835,5211700,35755,3752545,18905700
3417,1783,1781,5209917,35757,3754326,19082000
3418,1741,1740,5208176,35758,3756066,19016800
3419,1778,1780,5206398,35756,3757846,18846000
3420,1772,1766,5204626,35762,3759612,19183500
3421,1666,1783,5202960,35645,3761395,19002700
3422,1759,1749,5201201,35655,3763144,19496500
3423,1831,1782,5199370,35704,3764926,18772100
3424,1786,1781,5197584,35709,3766707,18910300
3425,1836,1773,5195748,35772,3768480,19009300
3426,1754,1734,5193994,35792,3770214,18842200
3427,1784,1827,5192210,35749,3772041,19065100
3428,1778,1752,5190432,35775,3773793,18969900
3429,1748,1789,5188684,35734,3775582,18873600
3430,1859,1783,5186825,35810,3777365,18906200
3431,1805,1772,5185020,35843,3779137,18926400
3432,1839,1825,5183181,35857,3780962,19683300
3433,1746,1882,5181435,35721,3782844,18892400
3434,1772,1801,5179663,35692,3784645,18826400
3435,1790,1798,5177873,35684,3786443,19174300
3436,1811,1775,5176062,35720,3788218,18826800
3437,1808,1800,5174254,35728,3790018,19930000
3438,1783,1791,5172471,35720,3791809,19281500
3439,1793,1819,5170678,35694,3793628,19070200
3440,1724,1713,5168954,35705,3795341,18867500
3441,1793,1771,5167161,35727,3797112,18873400
3442,1796,1769,5165365,35754,3798881,19093700
3443,1776,1772,5163589,35758,3800653,18780700
3444,1699,1798,5161890,35659,3802451,18841300
3445,1817,1828,5160073,35648,3804279,19103400
3446,1778,1809,5158295,35617,3806088,18847400
3447,1798,1868,5156497,35547,3807956,18950700
3448,1794,1765,5154703,35576,3809721,19180100
3449,1694,1801,5153009,35469,3811522,19294700
3450,1748,1798,5151261,35419,3813320,19338500
3451,1712,1733,5149549,35398,3815053,19017000
3452,1728,1732,5147821,35394,3816785,19232700
3453,1760,1870,5146061,35284,3818655,19577700
3454,1789,1858,5144272,35215,3820513,19849800
3455,1741,1773,5142531,35183,3822286,19345500
3456,1788,1797,5140743,35174,3824083,19412900
3457,1762,1751,5138981,35185,3825834,19048900
3458,1767,1779,5137214,35173,3827613,19804700
3459,1798,1724,5135416,35247,3829337,19122400
3460,1744,1781,5133672,35210,3831118,19534000
3461,1728,1758,5131944,35180,3832876,19391000
3462,1783,1802,5130161,35161,3834678,18893700
3463,1797,1685,5128364,35273,3836363,18944500
3464,1776,1660,5126588,35389,3838023,18887100
3465,1847,1775,5124741,35461,3839798,19227300
3466,1761,1842,5122980,35380,3841640,18940300
3467,1771,1857,5121209,35294,3843497,18803100
3468,1765,1854,5119444,35205,3845351,18747500
3469,1767,1753,5117677,35219,3847104,19090200
3470,1795,1750,5115882,35264,3848854,19019200
3471,1827,1733,5114055,35358,3850587,19231400
3472,1789,1730,5112266,35417,3852317,18769600
3473,1735,1757,5110531,35395,3854074,19000000
3474,1855,1842,5108676,35408,3855916,18864800
3475,1804,1736,5106872,35476,3857652,18878200
3476,1761,1712,5105111,35525,3859364,18744000
3477,1772,1836,5103339,35461,3861200,18941400
3478,1753,1809,5101586,35405,3863009,19347800
3479,1738,1743,5099848,35400,3864752,18879200
3480,1781,1837,5098067,35344,3866589,18775200
3481,1772,1843,5096295,35273,3868432,18755700
3482,1715,1797,5094580,35191,3870229,18962100
3483,1741,1728,5092839,35204,3871957,18858800
3484,1726,1776,5091113,35154,3873733,19449700
3485,1796,1718,5089317,35232,3875451,18932700
3486,1782,1819,5087535,35195,3877270,18812500
3487,1739,1845,5085796,35089,3879115,19005800
3488,1734,1787,5084062,35036,3880902,18895000
3489,1755,1723,5082307,35068,3882625,18854400
3490,1808,1853,5080499,35023,3884478,18997400
3491,1776,1755,5078723,35044,3886233,18893700
3492,1700,1732,5077023,35012,3887965,19656600
3493,1674,1690,5075349,34996,3889655,18942000
3494,1739,1715,5073610,35020,3891370,19361200
3495,1683,1739,5071927,34964,3893109,18856300
3496,1678,1702,5070249,34940,3894811,18793700
3497,1734,1743,5068515,34931,3896554,19234200
3498,1748,1736,5066767,34943,3898290,19080100
3499,1814,1746,5064953,35011,3900036,18811500
3500,1804,1722,5063149,35093,3901758,18970600
3501,1619,1709,5061530,35003,3903467,19072100
3502,1791,1728,5059739,35066,3905195,18970000
3503,1787,1781,5057952,35072,3906976,18892500
3504,1741,1810,5056211,35003,3908786,18906900
3505,1791,1714,5054420,35080,3910500,18881100
3506,1715,1769,5052705,35026,3912269,19604200
3507,1800,1749,5050905,35077,3914018,19423400
3508,1725,1832,5049180,34970,3915850,19089100
3509,1723,1714,5047457,34979,3917564,18844100
3510,1703,1797,5045754,34885,3919361,18802400
3511,1726,1733,5044028,34878,3921094,19215100
3512,1764,1734,5042264,34908,3922828,18852400
3513,1711,1752,5040553,34867,3924580,18746500
3514,1714,1717,5038839,34864,3926297,18979000
3515,1815,1822,5037024,34857,3928119,19422600
3516,1761,1666,5035263,34952,3929785,19816000
3517,1729,1753,5033534,34928,3931538,19446600
3518,1777,1718,5031757,34987,3933256,19402800
3519,1717,1689,5030040,35015,3934945,19550000
3520,1831,1782,5028209,35064,3936727,20123400
3521,1709,1776,5026500,34997,3938503,19076500
3522,1798,1699,5024702,35096,3940202,18975200
3523,1853,1745,5022849,35204,3941947,19481300
3524,1736,1676,5021113,35264,3943623,19552600
3525,1690,1751,5019423,35203,3945374,19345700
3526,1790,1759,5017633,35234,3947133,19210600
3527,1835,1740,5015798,35329,3948873,19002700
3528,1764,1724,5014034,35369,3950597,19594400
3529,1771,1786,5012263,35354,3952383,19241600
3530,1853,1813,5010410,35394,3954196,18737300
3531,1903,1802,5008507,35495,3955998,19004600
3532,1821,1745,5006686,35571,3957743,19056300
3533,1798,1870,5004888,35499,3959613,18998100
3534,1712,1700,5003176,35511,3961313,19044800
3535,1741,1795,5001435,35457,3963108,18927100
3536,1768,1827,4999667,35398,3964935,19442100
3537,1760,1848,4997907,35310,3966783,19041100
3538,1752,1726,4996155,35336,3968509,19398900
3539,1718,1790,4994437,35264,3970299,18793900
3540,1735,1725,4992702,35274,3972024,18900300
3541,1806,1711,4990896,35369,3973735,18865200
3542,1782,1846,4989114,35305,3975581,19303000
3543,1812,1764,4987302,35353,3977345,19281400
3544,1808,1730,4985494,35431,3979075,19296300
3545,1704,1816,4983790,35319,3980891,18914400
3546,1723,1745,4982067,35297,3982636,19147600
3547,1771,1782,4980296,35286,3984418,19208600
3548,1674,1743,4978622,35217,3986161,19473200
3549,1704,1734,4976918,35187,3987895,19419100
3550,1699,1711,4975219,35175,3989606,19144800
3551,1739,1785,4973480,35129,3991391,19294800
3552,1753,1804,4971727,35078,3993195,19322300
3553,1702,1771,4970025,35009,3994966,19456000
3554,1689,1741,4968336,34957,3996707,18724500
3555,1706,1750,4966630,34913,3998457,18980400
3556,1705,1727,4964925,34891,4000184,18825800
3557,1674,1723,4963251,34842,4001907,18972500
3558,1728,1654,4961523,34916,4003561,19233200
3559,1719,1769,4959804,34866,4005330,19539500
3560,1677,1684,4958127,34859,4007014,18911200
3561,1725,1762,4956402,34822,4008776,18947200
3562,1764,1704,4954638,34882,4010480,18917200
3563,1747,1654,4952891,34975,4012134,18985900
3564,1749,1711,4951142,35013,4013845,18854900
3565,1763,1746,4949379,35030,4015591,19046200
3566,1705,1712,4947674,35023,4017303,19237200
3567,1687,1748,4945987,34962,4019051,18865400
3568,1680,1801,4944307,34841,4020852,18847400
3569,1779,1744,4942528,34876,4022596,18911700
3570,1720,1748,4940808,34848,4024344,19043100
3571,1736,1799,4939072,34785,4026143,18908200
3572,1780,1666,4937292,34899,4027809,18843900
3573,1763,1800,4935529,34862,4029609,18835000
3574,1771,1874,4933758,34759,4031483,19380200
3575,1737,1704,4932021,34792,4033187,19582300
3576,1703,1728,4930318,34767,4034915,18803800
3577,1785,1722,4928533,34830,4036637,18898600
3578,1796,1782,4926737,34844,4038419,18872400
3579,1809,1783,4924928,34870,4040202,18949200
3580,1781,1702,4923147,34949,4041904,18861700
3581,1779,1731,4921368,34997,4043635,19020100
3582,1780,1754,4919588,35023,4045389,19434300
3583,1758,1736,4917830,35045,4047125,19517400
3584,1726,1782,4916104,34989,4048907,19323100
3585,1697,1784,4914407,34902,4050691,19833800
3586,1786,1734,4912621,34954,4052425,19412800
3587,1774,1710,4910847,35018,4054135,19118300
3588,1735,1742,4909112,35011,4055877,19761900
3589,1740,1747,4907372,35004,4057624,19555100
3590,1745,1825,4905627,34924,4059449,19570900
3591,1693,1704,4903934,34913,4061153,19478000
3592,1748,1695,4902186,34966,4062848,19659200
3593,1621,1740,4900565,34847,4064588,18892800
3594,1704,1757,4898861,34794,4066345,19142900
3595,1717,1706,4897144,34805,4068051,18753400
3596,1788,1700,4895356,34893,4069751,19251800
3597,1762,1788,4893594,34867,4071539,18804500
3598,1758,1714,4891836,34911,4073253,19319600
3599,1812,1750,4890024,34973,4075003,18885600
3600,1693,1760,4888331,34906,4076763,19169200
3601,1771,1714,4886560,34963,4078477,18881600
3602,1735,1815,4884825,34883,4080292,19383700
3603,1756,1663,4883069,34976,4081955,19760600
3604,1750,1747,4881319,34979,4083702,19443200
3605,1715,1689,4879604,35005,4085391,19775900
3606,1740,1778,4877864,34967,4087169,19716300
3607,1762,1848,4876102,34881,4089017,19523100
3608,1800,1827,4874302,34854,4090844,19953400
3609,1728,1738,4872574,34844,4092582,19687500
3610,1741,1727,4870833,34858,4094309,19901500
3611,1757,1788,4869076,34827,4096097,19963100
3612,1771,1812,4867305,34786,4097909,20293900
3613,1676,1780,4865629,34682,4099689,19466100
3614,1687,1679,4863942,34690,4101368,19973900
3615,1674,1757,4862268,34607,4103125,19356000
3616,1684,1770,4860584,34521,4104895,19310500
3617,1669,1756,4858915,34434,4106651,19774600
3618,1697,1755,4857218,34376,4108406,20035600
3619,1671,1757,4855547,34290,4110163,19209900
3620,1700,1730,4853847,34260,4111893,19891200
3621,1635,1748,4852212,34147,4113641,19474100
3622,1731,1777,4850481,34101,4115418,19530800
3623,1720,1735,4848761,34086,4117153,19743400
3624,1678,1720,4847083,34044,4118873,19522900
3625,1685,1621,4845398,34108,4120494,19318100
3626,1720,1734,4843678,34094,4122228,19238600
3627,1586,1755,4842092,33925,4123983,19132800
3628,1704,1702,4840388,33927,4125685,19784700
3629,1681,1718,4838707,33890,4127403,19298600
3630,1683,1669,4837024,33904,4129072,19377600
3631,1743,1693,4835281,33954,4130765,19595400
3632,1763,1730,4833518,33987,4132495,20012400
3633,1641,1772,4831877,33856,4134267,20745000
3634,1702,1653,4830175,33905,4135920,19808800
3635,1689,1686,4828486,33908,4137606,19479300
3636,1685,1757,4826801,33836,4139363,19349700
3637,1708,1736,4825093,33808,4141099,19606500
3638,1622,1752,4823471,33678,4142851,19840300
3639,1594,1638,4821877,33634,4144489,19609800
3640,1624,1654,4820253,33604,4146143,19706200
3641,1643,1665,4818610,33582,4147808,19591000
3642,1625,1661,4816985,33546,4149469,19672100
3643,1631,1689,4815354,33488,4151158,19575800
3644,1660,1649,4813694,33499,4152807,19954400
3645,1636,1708,4812058,33427,4154515,20123300
3646,1618,1658,4810440,33387,4156173,19472800
3647,1664,1631,4808776,33420,4157804,19479400
3648,1715,1721,4807061,33414,4159525,19443400
3649,1627,1600,4805434,33441,4161125,18846900
3650,1559,1646,4803875,33354,4162771,18958500
3651,1627,1802,4802248,33179,4164573,19151700
3652,1679,1644,4800569,33214,4166217,19969800
3653,1654,1611,4798915,33257,4167828,19611900
3654,1675,1706,4797240,33226,4169534,19384100
3655,1709,1650,4795531,33285,4171184,19767000
3656,1685,1639,4793846,33331,4172823,19116300
3657,1633,1677,4792213,33287,4174500,19580500
3658,1662,1622,4790551,33327,4176122,20137200
3659,1669,1635,4788882,33361,4177757,19292400
3660,1607,1679,4787275,33289,4179436,18766400
3661,1704,1640,4785571,33353,4181076,19023300
3662,1695,1669,4783876,33379,4182745,19314200
3663,1648,1656,4782228,33371,4184401,19314900
3664,1677,1675,4780551,33373,4186076,19316000
3665,1653,1706,4778898,33320,4187782,18771700
3666,1726,1609,4777172,33437,4189391,19148800
3667,1725,1710,4775447,33452,4191101,18795900
3668,1721,1675,4773726,33498,4192776,18870000
3669,1763,1710,4771963,33551,4194486,19320300
3670,1765,1625,4770198,33691,4196111,19544100
3671,1699,1638,4768499,33752,4197749,19088400
3672,1644,1710,4766855,33686,4199459,18869500
3673,1721,1738,4765134,33669,4201197,18739100
3674,1675,1743,4763459,33601,4202940,18799200
3675,1721,1670,4761738,33652,4204610,18712000
3676,1767,1673,4759971,33746,4206283,19008200
3677,1617,1642,4758354,33721,4207925,19077400
3678,1733,1706,4756621,33748,4209631,18974900
3679,1731,1670,4754890,33809,4211301,18917800
3680,1678,1721,4753212,33766,4213022,18744700
3681,1700,1727,4751512,33739,4214749,18798800
3682,1645,1713,4749867,33671,4216462,19157000
3683,1670,1681,4748197,33660,4218143,19189200
3684,1749,1709,4746448,33700,4219852,18794700
3685,1734,1721,4744714,33713,4221573,18963000
3686,1680,1618,4743034,33775,4223191,19158000
3687,1668,1753,4741366,33690,4224944,19723500
3688,1630,1700,4739736,33620,4226644,19159100
3689,1662,1735,4738074,33547,4228379,19301800
3690,1629,1638,4736445,33538,4230017,19433000
3691,1711,1720,4734734,33529,4231737,19524000
3692,1615,1724,4733119,33420,4233461,19589300
3693,1643,1674,4731476,33389,4235135,18819000
3694,1646,1704,4729830,33331,4236839,19401000
3695,1665,1672,4728165,33324,4238511,19025700
3696,1636,1690,4726529,33270,4240201,18954800
3697,1618,1596,4724911,33292,4241797,18725400
3698,1684,1681,4723227,33295,4243478,19011500
3699,1694,1721,4721533,33268,4245199,19263400
3700,1671,1739,4719862,33200,4246938,18966600
3701,1683,1697,4718179,33186,4248635,18956100
3702,1691,1595,4716488,33282,4250230,18870400
3703,1667,1661,4714821,33288,4251891,18788200
3704,1651,1668,4713170,33271,4253559,19023400
3705,1664,1698,4711506,33237,4255257,18922900
3706,1731,1615,4709775,33353,4256872,19039000
3707,1774,1667,4708001,33460,4258539,19474600
3708,1721,1673,4706280,33508,4260212,19689600
3709,1738,1652,4704542,33594,4261864,19436100
3710,1678,1668,4702864,33604,4263532,19304900
3711,1723,1717,4701141,33610,4265249,19023900
3712,1692,1747,4699449,33555,4266996,18936300
3713,1629,1659,4697820,33525,4268655,19398800
3714,1696,1690,4696124,33531,4270345,20161100
3715,1710,1653,4694414,33588,4271998,20423800
3716,1631,1715,4692783,33504,4273713,20693000
3717,1619,1690,4691164,33433,4275403,19749500
3718,1721,1639,4689443,33515,4277042,19555700
3719,1689,1785,4687754,33419,4278827,19517800
3720,1601,1676,4686153,33344,4280503,19271900
3721,1656,1654,4684497,33346,4282157,19053500
3722,1635,1653,4682862,33328,4283810,19542000
3723,1598,1610,4681264,33316,4285420,19449900
3724,1653,1601,4679611,33368,4287021,19515000
3725,1652,1671,4677959,33349,4288692,19147700
3726,1706,1694,4676253,33361,4290386,18862200
3727,1621,1684,4674632,33298,4292070,18687800
3728,1587,1634,4673045,33251,4293704,18834100
3729,1660,1687,4671385,33224,4295391,18850300
3730,1650,1682,4669735,33192,4297073,19451400
3731,1665,1699,4668070,33158,4298772,19088400
3732,1662,1645,4666408,33175,4300417,18846700
3733,1735,1565,4664673,33345,4301982,19001800
3734,1691,1621,4662982,33415,4303603,18945500
3735,1649,1635,4661333,33429,4305238,18946500
3736,1726,1717,4659607,33438,4306955,19184200
3737,1670,1662,4657937,33446,4308617,19012200
3738,1687,1668,4656250,33465,4310285,18872100
3739,1715,1725,4654535,33455,4312010,18920000
3740,1665,1671,4652870,33449,4313681,18867700
3741,1627,1703,4651243,33373,4315384,19207600
3742,1661,1633,4649582,33401,4317017,18847000
3743,1664,1684,4647918,33381,4318701,18949200
3744,1611,1670,4646307,33322,4320371,19602900
3745,1727,1668,4644580,33381,4322039,18817600
3746,1725,1723,4642855,33383,4323762,19082200
3747,1725,1601,4641130,33507,4325363,18833200
3748,1688,1641,4639442,33554,4327004,18833900
3749,1779,1680,4637663,33653,4328684,19496600
3750,1692,1659,4635971,33686,4330343,18968700
3751,1677,1669,4634294,33694,4332012,19029900
3752,1640,1682,4632654,33652,4333694,18994900
3753,1659,1665,4630995,33646,4335359,19342100
3754,1668,1685,4629327,33629,4337044,19027500
3755,1661,1708,4627666,33582,4338752,19092700
3756,1759,1649,4625907,33692,4340401,18972100
3757,1777,1718,4624130,33751,4342119,19180300
3758,1659,1724,4622471,33686,4343843,19215600
3759,1631,1712,4620840,33605,4345555,18910900
3760,1720,1641,4619120,33684,4347196,18894400
3761,1705,1657,4617415,33732,4348853,18837000
3762,1743,1647,4615672,33828,4350500,18811600
3763,1791,1762,4613881,33857,4352262,19056200
3764,1765,1701,4612116,33921,4353963,19031900
3765,1764,1749,4610352,33936,4355712,19043400
3766,1783,1787,4608569,33932,4357499,19329100
3767,1721,1653,4606848,34000,4359152,19633600
3768,1703,1614,4605145,34089,4360766,19411900
3769,1679,1757,4603466,34011,4362523,18830400
3770,1722,1739,4601744,33994,4364262,18790500
3771,1703,1663,4600041,34034,4365925,19306800
3772,1710,1737,4598331,34007,4367662,19206000
3773,1712,1722,4596619,33997,4369384,18831200
3774,1697,1744,4594922,33950,4371128,18945100
3775,1657,1723,4593265,33884,4372851,18912300
3776,1685,1677,4591580,33892,4374528,19232500
3777,1719,1672,4589861,33939,4376200,18985000
3778,1694,1710,4588167,33923,4377910,19397400
3779,1680,1721,4586487,33882,4379631,18793200
3780,1665,1663,4584822,33884,4381294,19725400
3781,1762,1681,4583060,33965,4382975,19414600
3782,1730,1725,4581330,33970,4384700,19331700
3783,1714,1633,4579616,34051,4386333,19117100
3784,1776,1722,4577840,34105,4388055,19037400
3785,1688,1635,4576152,34158,4389690,19655000
3786,1674,1637,4574478,34195,4391327,19576900
3787,1660,1655,4572818,34200,4392982,19729100
3788,1683,1718,4571135,34165,4394700,19409000
3789,1708,1702,4569427,34171,4396402,19582500
3790,1640,1729,4567787,34082,4398131,19053100
3791,1742,1726,4566045,34098,4399857,19231300
3792,1760,1683,4564285,34175,4401540,19164100
3793,1803,1651,4562482,34327,4403191,19553500
3794,1743,1685,4560739,34385,4404876,19280200
3795,1755,1698,4558984,34442,4406574,18889400
3796,1639,1775,4557345,34306,4408349,19040700
3797,1690,1760,4555655,34236,4410109,19424600
3798,1685,1736,4553970,34185,4411845,18922100
3799,1748,1726,4552222,34207,4413571,18876400
3800,1673,1668,4550549,34212,4415239,18883200
3801,1678,1655,4548871,34235,4416894,18785700
3802,1595,1735,4547276,34095,4418629,19453300
3803,1725,1659,4545551,34161,4420288,19512800
3804,1706,1667,4543845,34200,4421955,18850500
3805,1694,1713,4542151,34181,4423668,18983200
3806,1672,1598,4540479,34255,4425266,18812600
3807,1723,1717,4538756,34261,4426983,231247200
3808,1680,1717,4537076,34224,4428700,22438600
3809,1652,1713,4535424,34163,4430413,21603500
3810,1663,1777,4533761,34049,4432190,20922900
3811,1653,1640,4532108,34062,4433830,20601200
3812,1647,1752,4530461,33957,4435582,20783400
3813,1633,1738,4528828,33852,4437320,20560400
3814,1721,1722,4527107,33851,4439042,21143500
3815,1706,1692,4525401,33865,4440734,20510200
3816,1667,1808,4523734,33724,4442542,20929800
3817,1642,1636,4522092,33730,4444178,19681200
3818,1689,1741,4520403,33678,4445919,20679800
3819,1602,1672,4518801,33608,4447591,20342000
3820,1714,1742,4517087,33580,4449333,20600100
3821,1626,1671,4515461,33535,4451004,20232700
3822,1614,1654,4513847,33495,4452658,18730500
3823,1658,1651,4512189,33502,4454309,19506300
3824,1632,1693,4510557,33441,4456002,19318100
3825,1628,1653,4508929,33416,4457655,19079100
3826,1609,1632,4507320,33393,4459287,19172100
3827,1654,1578,4505666,33469,4460865,19393500
3828,1661,1699,4504005,33431,4462564,19477100
3829,1653,1625,4502352,33459,4464189,19214400
3830,1667,1634,4500685,33492,4465823,19179900
3831,1705,1661,4498980,33536,4467484,19557500
3832,1672,1687,4497308,33521,4469171,18998500
3833,1661,1676,4495647,33506,4470847,19498200
3834,1662,1678,4493985,33490,4472525,19357900
3835,1727,1683,4492258,33534,4474208,19599500
3836,1645,1685,4490613,33494,4475893,20748000
3837,1692,1650,4488921,33536,4477543,19764200
3838,1637,1658,4487284,33515,4479201,19747900
3839,1634,1775,4485650,33374,4480976,19445900
3840,1662,1703,4483988,33333,4482679,19665300
3841,1654,1726,4482334,33261,4484405,19083900
3842,1633,1639,4480701,33255,4486044,19222800
3843,1757,1640,4478944,33372,4487684,19840800
3844,1694,1695,4477250,33371,4489379,19755100
3845,1681,1631,4475569,33421,4491010,19395200
3846,1677,1721,4473892,33377,4492731,19675100
3847,1717,1711,4472175,33383,4494442,19084700
3848,1757,1643,4470418,33497,4496085,19118500
3849,1738,1700,4468680,33535,4497785,19084500
3850,1707,1711,4466973,33531,4499496,19053400
3851,1727,1692,4465246,33566,4501188,19290700
3852,1695,1664,4463551,33597,4502852,19155100
3853,1672,1746,4461879,33523,4504598,19030700
3854,1637,1681,4460242,33479,4506279,19249900
3855,1734,1618,4458508,33595,4507897,19078300
3856,1644,1725,4456864,33514,4509622,19419700
3857,1610,1678,4455254,33446,4511300,19049700
3858,1647,1721,4453607,33372,4513021,19532100
3859,1647,1729,4451960,33290,4514750,19603400
3860,1715,1578,4450245,33427,4516328,19754500
3861,1668,1619,4448577,33476,4517947,19165100
3862,1696,1687,4446881,33485,4519634,19145500
3863,1748,1668,4445133,33565,4521302,19915400
3864,1689,1673,4443444,33581,4522975,19249800
3865,1811,1679,4441633,33713,4524654,19486500
3866,1776,1567,4439857,33922,4526221,19104500
3867,1692,1726,4438165,33888,4527947,19099300
3868,1678,1716,4436487,33850,4529663,19317400
3869,1742,1713,4434745,33879,4531376,19486600
3870,1606,1647,4433139,33838,4533023,19523300
3871,1686,1691,4431453,33833,4534714,19648900
3872,1740,1711,4429713,33862,4536425,19737800
3873,1611,1636,4428102,33837,4538061,19425300
3874,1726,1731,4426376,33832,4539792,19551400
3875,1644,1726,4424732,33750,4541518,19351400
3876,1659,1668,4423073,33741,4543186,19241000
3877,1721,1682,4421352,33780,4544868,19159500
3878,1626,1706,4419726,33700,4546574,19104200
3879,1718,1680,4418008,33738,4548254,19087400
3880,1600,1701,4416408,33637,4549955,19133200
3881,1680,1680,4414728,33637,4551635,19274100
3882,1609,1636,4413119,33610,4553271,19598900
3883,1660,1763,4411459,33507,4555034,19528000
3884,1662,1719,4409797,33450,4556753,19041000
3885,1613,1664,4408184,33399,4558417,19202500
3886,1635,1655,4406549,33379,4560072,19661100
3887,1692,1677,4404857,33394,4561749,19170500
3888,1726,1720,4403131,33400,4563469,19735900
3889,1688,1570,4401443,33518,4565039,19524600
3890,1638,1750,4399805,33406,4566789,19638400
3891,1613,1627,4398192,33392,4568416,19190900
3892,1645,1688,4396547,33349,4570104,19186300
3893,1709,1672,4394838,33386,4571776,19121500
3894,1639,1730,4393199,33295,4573506,19063700
3895,1614,1596,4391585,33313,4575102,20096300
3896,1649,1644,4389936,33318,4576746,19124800
3897,1698,1691,4388238,33325,4578437,19079800
3898,1710,1650,4386528,33385,4580087,19101000
3899,1655,1746,4384873,33294,4581833,19390400
3900,1595,1684,4383278,33205,4583517,19710400
3901,1648,1662,4381630,33191,4585179,19780500
3902,1580,1629,4380050,33142,4586808,19629200
3903,1686,1629,4378364,33199,4588437,19794500
3904,1667,1669,4376697,33197,4590106,19619700
3905,1565,1555,4375132,33207,4591661,20263300
3906,1581,1685,4373551,33103,4593346,19573900
3907,1616,1618,4371935,33101,4594964,19442400
3908,1630,1691,4370305,33040,4596655,20195200
3909,1701,1681,4368604,33060,4598336,19384600
3910,1646,1606,4366958,33100,4599942,19380000
3911,1656,1694,4365302,33062,4601636,19703100
3912,1642,1678,4363660,33026,4603314,19497700
3913,1584,1626,4362076,32984,4604940,18914900
3914,1562,1668,4360514,32878,4606608,19605700
3915,1633,1652,4358881,32859,4608260,19158700
3916,1604,1649,4357277,32814,4609909,19049500
3917,1565,1611,4355712,32768,4611520,19557500
3918,1605,1625,4354107,32748,4613145,19143900
3919,1578,1620,4352529,32706,4614765,19523000
3920,1597,1647,4350932,32656,4616412,20349800
3921,1634,1578,4349298,32712,4617990,19469800
3922,1610,1598,4347688,32724,4619588,20976100
3923,1592,1647,4346096,32669,4621235,19527400
3924,1561,1599,4344535,32631,4622834,19225300
3925,1560,1723,4342975,32468,4624557,19996500
3926,1535,1620,4341440,32383,4626177,19096000
3927,1584,1681,4339856,32286,4627858,18991400
3928,1588,1622,4338268,32252,4629480,19112300
3929,1581,1597,4336687,32236,4631077,19008200
3930,1556,1610,4335131,32182,4632687,18976700
3931,1617,1632,4333514,32167,4634319,19004200
3932,1609,1547,4331905,32229,4635866,19109900
3933,1603,1639,4330302,32193,4637505,19257600
3934,1617,1633,4328685,32177,4639138,19079400
3935,1576,1567,4327109,32186,4640705,18991400
3936,1593,1606,4325516,32173,4642311,19283000
3937,1628,1662,4323888,32139,4643973,19605900
3938,1600,1667,4322288,32072,4645640,19010500
3939,1548,1594,4320740,32026,4647234,18964900
3940,1642,1545,4319098,32123,4648779,19429400
3941,1648,1578,4317450,32193,4650357,19095700
3942,1606,1527,4315844,32272,4651884,19153500
3943,1683,1580,4314161,32375,4653464,19173500
3944,1674,1574,4312487,32475,4655038,19456400
3945,1646,1589,4310841,32532,4656627,18779200
3946,1649,1570,4309192,32611,4658197,19366600
3947,1610,1609,4307582,32612,4659806,19097900
3948,1664,1602,4305918,32674,4661408,19042800
3949,1616,1662,4304302,32628,4663070,19409300
3950,1681,1562,4302621,32747,4664632,19392800
3951,1803,1588,4300818,32962,4666220,19332100
3952,1661,1579,4299157,33044,4667799,19148400
3953,1626,1660,4297531,33010,4669459,19634100
3954,1751,1668,4295780,33093,4671127,19242500
3955,1646,1641,4294134,33098,4672768,19127900
3956,1706,1709,4292428,33095,4674477,19075800
3957,1679,1630,4290749,33144,4676107,19118100
3958,1683,1642,4289066,33185,4677749,19031500
3959,1632,1672,4287434,33145,4679421,18936900
3960,1633,1614,4285801,33164,4681035,19050200
3961,1644,1658,4284157,33150,4682693,19478000
3962,1705,1605,4282452,33250,4684298,18988400
3963,1647,1658,4280805,33239,4685956,19905900
3964,1611,1695,4279194,33155,4687651,19865800
3965,1725,1667,4277469,33213,4689318,19758800
3966,1683,1545,4275786,33351,4690863,19587900
3967,1719,1728,4274067,33342,4692591,19317500
3968,1756,1679,4272311,33419,4694270,19771900
3969,1631,1614,4270680,33436,4695884,19738300
3970,1639,1747,4269041,33328,4697631,20274500
3971,1656,1703,4267385,33281,4699334,19470100
3972,1637,1712,4265748,33206,4701046,20049600
3973,1660,1642,4264088,33224,4702688,20108300
3974,1709,1641,4262379,33292,4704329,19821600
3975,1627,1626,4260752,33293,4705955,19722200
3976,1707,1626,4259045,33374,4707581,19140700
3977,1636,1692,4257409,33318,4709273,19352800
3978,1639,1671,4255770,33286,4710944,19322400
3979,1605,1717,4254165,33174,4712661,18850300
3980,1667,1661,4252498,33180,4714322,19181800
3981,1620,1688,4250878,33112,4716010,19607700
3982,1667,1689,4249211,33090,4717699,19080900
3983,1667,1657,4247544,33100,4719356,20157800
3984,1615,1590,4245929,33125,4720946,19250300
3985,1604,1676,4244325,33053,4722622,19044500
3986,1606,1649,4242719,33010,4724271,19219400
3987,1600,1617,4241119,32993,4725888,18929200
3988,1637,1622,4239482,33008,4727510,18984300
3989,1548,1669,4237934,32887,4729179,18998500
3990,1637,1713,4236297,32811,4730892,19491800
3991,1648,1663,4234649,32796,4732555,19057800
3992,1574,1611,4233075,32759,4734166,19738600
3993,1637,1661,4231438,32735,4735827,19296000
3994,1614,1585,4229824,32764,4737412,19411200
3995,1570,1588,4228254,32746,4739000,19154000
3996,1580,1631,4226674,32695,4740631,19038200
3997,1579,1597,4225095,32677,4742228,19086800
3998,1587,1613,4223508,32651,4743841,19360500
3999,1608,1657,4221900,32602,4745498,19081900
4000,1524,1607,4220376,32519,4747105,19248500
4001,1616,1636,4218760,32499,4748741,18927900
4002,1599,1660,4217161,32438,4750401,18924100
4003,1545,1661,4215616,32322,4752062,19091300
4004,1567,1647,4214049,32242,4753709,19028200
4005,1561,1600,4212488,32203,4755309,19004900
4006,1571,1599,4210917,32175,4756908,19012400
4007,1523,1602,4209394,32096,4758510,19061600
4008,1490,1608,4207904,31978,4760118,19427900
4009,1500,1602,4206404,31876,4761720,19107600
4010,1519,1524,4204885,31871,4763244,19340300
4011,1538,1597,4203347,31812,4764841,19275400
4012,1522,1586,4201825,31748,4766427,19341900
4013,1559,1556,4200266,31751,4767983,19512500
4014,1576,1568,4198690,31759,4769551,19281500
4015,1491,1576,4197199,31674,4771127,19272200
4016,1643,1579,4195556,31738,4772706,20104400
4017,1625,1563,4193931,31800,4774269,19082700
4018,1564,1588,4192367,31776,4775857,19213700
4019,1516,1589,4190851,31703,4777446,18981800
4020,1529,1611,4189322,31621,4779057,19000200
4021,1541,1588,4187781,31574,4780645,19548100
4022,1531,1631,4186250,31474,4782276,18898700
4023,1521,1568,4184729,31427,4783844,19140500
4024,1582,1594,4183147,31415,4785438,19846400
4025,1524,1531,4181623,31408,4786969,20402800
4026,1579,1602,4180044,31385,4788571,19229800
4027,1504,1569,4178540,31320,4790140,19387500
4028,1478,1499,4177062,31299,4791639,19237100
4029,1586,1585,4175476,31300,4793224,18945900
4030,1544,1540,4173932,31304,4794764,19124200
4031,1560,1578,4172372,31286,4796342,19748500
4032,1575,1542,4170797,31319,4797884,19724700
4033,1592,1562,4169205,31349,4799446,19174300
4034,1606,1550,4167599,31405,4800996,20141500
4035,1539,1580,4166060,31364,4802576,19976300
4036,1483,1712,4164577,31135,4804288,19187700
4037,1530,1508,4163047,31157,4805796,18906300
4038,1528,1542,4161519,31143,4807338,19037500
4039,1589,1601,4159930,31131,4808939,19403600
4040,1563,1587,4158367,31107,4810526,19197800
4041,1606,1591,4156761,31122,4812117,19280600
4042,1542,1594,4155219,31070,4813711,19406000
4043,1589,1570,4153630,31089,4815281,19640900
4044,1534,1574,4152096,31049,4816855,19190800
4045,1540,1548,4150556,31041,4818403,19044800
4046,1538,1605,4149018,30974,4820008,19051000
4047,1530,1566,4147488,30938,4821574,19039200
4048,1594,1593,4145894,30939,4823167,18917600
4049,1525,1570,4144369,30894,4824737,19055100
4050,1604,1543,4142765,30955,4826280,19008900
4051,1533,1597,4141232,30891,4827877,18962300
4052,1473,1504,4139759,30860,4829381,18904100
4053,1507,1545,4138252,30822,4830926,19070500
4054,1493,1494,4136759,30821,4832420,18927300
4055,1530,1526,4135229,30825,4833946,19005500
4056,1526,1441,4133703,30910,4835387,18974600
4057,1564,1472,4132139,31002,4836859,19020400
4058,1533,1493,4130606,31042,4838352,19284700
4059,1573,1532,4129033,31083,4839884,19015300
4060,1603,1575,4127430,31111,4841459,19001800
4061,1617,1545,4125813,31183,4843004,18995000
4062,1610,1610,4124203,31183,4844614,19027100
4063,1576,1528,4122627,31231,4846142,19414900
4064,1552,1584,4121075,31199,4847726,18967100
4065,1520,1551,4119555,31168,4849277,19040500
4066,1646,1549,4117909,31265,4850826,19127100
4067,1525,1562,4116384,31228,4852388,18988400
4068,1601,1583,4114783,31246,4853971,19780400
4069,1572,1660,4113211,31158,4855631,19815200
4070,1646,1497,4111565,31307,4857128,19037500
4071,1554,1601,4110011,31260,4858729,19131600
4072,1607,1548,4108404,31319,4860277,19016200
4073,1518,1528,4106886,31309,4861805,19160300
4074,1522,1595,4105364,31236,4863400,19070300
4075,1602,1523,4103762,31315,4864923,19040500
4076,1595,1538,4102167,31372,4866461,19618500
4077,1555,1525,4100612,31402,4867986,20524300
4078,1562,1615,4099050,31349,4869601,20887200
4079,1601,1569,4097449,31381,4871170,19515300
4080,1574,1612,4095875,31343,4872782,18908800
4081,1645,1578,4094230,31410,4874360,19104900
4082,1643,1644,4092587,31409,4876004,18857800
4083,1623,1509,4090964,31523,4877513,18908900
4084,1542,1616,4089422,31449,4879129,19351200
4085,1605,1560,4087817,31494,4880689,19430100
4086,1656,1536,4086161,31614,4882225,19113800
4087,1608,1554,4084553,31668,4883779,19033200
4088,1624,1617,4082929,31675,4885396,19030500
4089,1522,1536,4081407,31661,4886932,18946700
4090,1557,1539,4079850,31679,4888471,18971900
4091,1619,1558,4078231,31740,4890029,18832300
4092,1582,1545,4076649,31777,4891574,19053900
4093,1640,1628,4075009,31789,4893202,18917500
4094,1563,1614,4073446,31738,4894816,19079700
4095,1587,1553,4071859,31772,4896369,19122300
4096,1537,1618,4070322,31691,4897987,19466100
4097,1546,1602,4068776,31635,4899589,20111600
4098,1627,1498,4067149,31764,4901087,20170200
4099,1545,1610,4065604,31699,4902697,20469300
4100,1558,1591,4064046,31666,4904288,19704500
4101,1572,1589,4062474,31649,4905877,19409000
4102,1600,1503,4060874,31746,4907380,19149700
4103,1582,1544,4059292,31784,4908924,19328700
4104,1628,1552,4057664,31860,4910476,19467400
4105,1570,1546,4056094,31884,4912022,19901100
4106,1657,1603,4054437,31938,4913625,19823400
4107,1617,1571,4052820,31984,4915196,19684200
4108,1716,1637,4051104,32063,4916833,19751500
4109,1641,1610,4049463,32094,4918443,19399300
4110,1652,1627,4047811,32119,4920070,18950700
4111,1578,1592,4046233,32105,4921662,18830200
4112,1613,1631,4044620,32087,4923293,19049900
4113,1612,1582,4043008,32117,4924875,19228500
4114,1613,1687,4041395,32043,4926562,19317700
4115,1605,1581,4039790,32067,4928143,19532400
4116,1584,1619,4038206,32032,4929762,19022100
4117,1556,1617,4036650,31971,4931379,18930600
4118,1652,1563,4034998,32060,4932942,19307000
4119,1662,1569,4033336,32153,4934511,19262200
4120,1610,1617,4031726,32146,4936128,20202400
4121,1592,1519,4030134,32219,4937647,19426400
4122,1620,1606,4028514,32233,4939253,19228300
4123,1644,1623,4026870,32254,4940876,19203600
4124,1567,1627,4025303,32194,4942503,18809400
4125,1633,1525,4023670,32302,4944028,19331900
4126,1582,1552,4022088,32332,4945580,19164000
4127,1595,1647,4020493,32280,4947227,19959200
4128,1600,1644,4018893,32236,4948871,20455900
4129,1551,1603,4017342,32184,4950474,19532300
4130,1601,1621,4015741,32164,4952095,19560900
4131,1583,1627,4014158,32120,4953722,19094300
4132,1675,1572,4012483,32223,4955294,18906900
4133,1636,1623,4010847,32236,4956917,19022100
4134,1614,1701,4009233,32149,4958618,19386300
4135,1656,1632,4007577,32173,4960250,19629000
4136,1611,1609,4005966,32175,4961859,19453400
4137,1599,1675,4004367,32099,4963534,19488100
4138,1708,1628,4002659,32179,4965162,19080200
4139,1635,1689,4001024,32125,4966851,19459800
4140,1639,1667,3999385,32097,4968518,18969300
4141,1661,1612,3997724,32146,4970130,19054600
4142,1584,1573,3996140,32157,4971703,18940600
4143,1630,1632,3994510,32155,4973335,18996400
4144,1640,1630,3992870,32165,4974965,18920300
4145,1627,1697,3991243,32095,4976662,18927400
4146,1608,1685,3989635,32018,4978347,19091000
4147,1627,1606,3988008,32039,4979953,19129500
4148,1610,1547,3986398,32102,4981500,19501600
4149,1603,1481,3984795,32224,4982981,19044400
4150,1595,1607,3983200,32212,4984588,18926900
4151,1596,1697,3981604,32111,4986285,19385600
4152,1556,1658,3980048,32009,4987943,19562800
4153,1586,1635,3978462,31960,4989578,18962600
4154,1654,1622,3976808,31992,4991200,19545400
4155,1589,1604,3975219,31977,4992804,18900200
4156,1614,1641,3973605,31950,4994445,18990000
4157,1576,1596,3972029,31930,4996041,18996000
4158,1572,1621,3970457,31881,4997662,18895900
4159,1594,1634,3968863,31841,4999296,18989500
4160,1610,1629,3967253,31822,5000925,19024100
4161,1585,1552,3965668,31855,5002477,19005100
4162,1555,1613,3964113,31797,5004090,19350100
4163,1627,1567,3962486,31857,5005657,20165500
4164,1629,1548,3960857,31938,5007205,19396000
4165,1535,1625,3959322,31848,5008830,19518700
4166,1534,1536,3957788,31846,5010366,19170800
4167,1569,1611,3956219,31804,5011977,19071800
4168,1566,1529,3954653,31841,5013506,19128300
4169,1534,1623,3953119,31752,5015129,19237000
4170,1525,1594,3951594,31683,5016723,19458600
4171,1531,1633,3950063,31581,5018356,19744000
4172,1646,1634,3948417,31593,5019990,19762800
4173,1535,1604,3946882,31524,5021594,19868800
4174,1564,1555,3945318,31533,5023149,19468800
4175,1580,1661,3943738,31452,5024810,20454000
4176,1597,1510,3942141,31539,5026320,18938100
4177,1609,1664,3940532,31484,5027984,19032900
4178,1599,1517,3938933,31566,5029501,19076500
4179,1563,1619,3937370,31510,5031120,20057700
4180,1552,1570,3935818,31492,5032690,20352600
4181,1502,1583,3934316,31411,5034273,19629100
4182,1584,1551,3932732,31444,5035824,19881400
4183,1573,1485,3931159,31532,5037309,18712200
4184,1538,1513,3929621,31557,5038822,19187700
4185,1558,1532,3928063,31583,5040354,19235900
4186,1636,1519,3926427,31700,5041873,18932700
4187,1566,1594,3924861,31672,5043467,18854500
4188,1640,1594,3923221,31718,5045061,19036500
4189,1526,1529,3921695,31715,5046590,19045500
4190,1548,1644,3920147,31619,5048234,18991800
4191,1506,1511,3918641,31614,5049745,19444100
4192,1568,1589,3917073,31593,5051334,19061900
4193,1535,1564,3915538,31564,5052898,18914700
4194,1615,1552,3913923,31627,5054450,18959900
4195,1553,1591,3912370,31589,5056041,19187100
4196,1594,1627,3910776,31556,5057668,19236600
4197,1573,1596,3909203,31533,5059264,19217500
4198,1566,1573,3907637,31526,5060837,18932700
4199,1572,1598,3906065,31500,5062435,19776500
4200,1592,1521,3904473,31571,5063956,19383700
4201,1642,1606,3902831,31607,5065562,18944400
4202,1555,1596,3901276,31566,5067158,19055700
4203,1666,1565,3899610,31667,5068723,19110200
4204,1587,1505,3898023,31749,5070228,19019100
4205,1540,1530,3896483,31759,5071758,19080900
4206,1519,1674,3894964,31604,5073432,19099500
4207,1500,1549,3893464,31555,5074981,18943800
4208,1587,1597,3891877,31545,5076578,18793500
4209,1577,1508,3890300,31614,5078086,19067100
4210,1539,1641,3888761,31512,5079727,19270900
4211,1543,1608,3887218,31447,5081335,18935700
4212,1524,1581,3885694,31390,5082916,18827500
4213,1645,1505,3884049,31530,5084421,19018200
4214,1642,1573,3882407,31599,5085994,19041800
4215,1639,1575,3880768,31663,5087569,18945300
4216,1603,1598,3879165,31668,5089167,18862900
4217,1605,1575,3877560,31698,5090742,18918000
4218,1628,1516,3875932,31810,5092258,19152800
4219,1590,1604,3874342,31796,5093862,18980100
4220,1676,1623,3872666,31849,5095485,19215000
4221,1606,1618,3871060,31837,5097103,19315800
4222,1628,1568,3869432,31897,5098671,19007800
4223,1650,1640,3867782,31907,5100311,20423400
4224,1527,1698,3866255,31736,5102009,19575400
4225,1531,1524,3864724,31743,5103533,19482500
4226,1641,1570,3863083,31814,5105103,19112400
4227,1585,1557,3861498,31842,5106660,19551900
4228,1596,1596,3859902,31842,5108256,20227500
4229,1616,1630,3858286,31828,5109886,19705300
4230,1740,1604,3856546,31964,5111490,19466400
4231,1576,1637,3854970,31903,5113127,19775300
4232,1600,1526,3853370,31977,5114653,19835300
4233,1586,1641,3851784,31922,5116294,19653100
4234,1557,1544,3850227,31935,5117838,19980700
4235,1543,1619,3848684,31859,5119457,19899700
4236,1558,1592,3847126,31825,5121049,19699000
4237,1526,1579,3845600,31772,5122628,19927900
4238,1520,1532,3844080,31760,5124160,19105200
4239,1585,1628,3842495,31717,5125788,19114400
4240,1577,1614,3840918,31680,5127402,19529800
4241,1561,1570,3839357,31671,5128972,19329900
4242,1562,1527,3837795,31706,5130499,18909700
4243,1517,1583,3836278,31640,5132082,18897300
4244,1514,1644,3834764,31510,5133726,18972000
4245,1599,1607,3833165,31502,5135333,19001400
4246,1528,1563,3831637,31467,5136896,19259200
4247,1582,1557,3830055,31492,5138453,18963300
4248,1607,1571,3828448,31528,5140024,19412900
4249,1603,1656,3826845,31475,5141680,18931300
4250,1633,1658,3825212,31450,5143338,18980300
4251,1560,1580,3823652,31430,5144918,19447600
4252,1588,1542,3822064,31476,5146460,19402400
4253,1558,1553,3820506,31481,5148013,18813500
4254,1568,1610,3818938,31439,5149623,18819000
4255,1550,1594,3817388,31395,5151217,18883500
4256,1590,1630,3815798,31355,5152847,19828800
4257,1578,1567,3814220,31366,5154414,18978800
4258,1492,1574,3812728,31284,5155988,19138100
4259,1595,1551,3811133,31328,5157539,18835700
4260,1616,1580,3809517,31364,5159119,19258500
4261,1510,1515,3808007,31359,5160634,19342800
4262,1572,1583,3806435,31348,5162217,18862500
4263,1612,1587,3804823,31373,5163804,18851100
4264,1536,1552,3803287,31357,5165356,18896700
4265,1632,1611,3801655,31378,5166967,18891300
4266,1576,1577,3800079,31377,5168544,19199500
4267,1569,1554,3798510,31392,5170098,19430200
4268,1667,1571,3796843,31488,5171669,18910100
4269,1546,1560,3795297,31474,5173229,19087500
4270,1693,1582,3793604,31585,5174811,19065000
4271,1535,1572,3792069,31548,5176383,18976400
4272,1609,1600,3790460,31557,5177983,19128800
4273,1539,1551,3788921,31545,5179534,19066500
4274,1576,1566,3787345,31555,5181100,18883800
4275,1616,1594,3785729,31577,5182694,18967900
4276,1594,1578,3784135,31593,5184272,20166700
4277,1556,1588,3782579,31561,5185860,19201700
4278,1547,1592,3781032,31516,5187452,18908100
4279,1612,1564,3779420,31564,5189016,19062500
4280,1597,1522,3777823,31639,5190538,19547600
4281,1558,1574,3776265,31623,5192112,19151400
4282,1537,1592,3774728,31568,5193704,19619800
4283,1639,1572,3773089,31635,5195276,19536500
4284,1605,1580,3771484,31660,5196856,18981900
4285,1558,1553,3769926,31665,5198409,18928300
4286,1547,1541,3768379,31671,5199950,18788900
4287,1587,1594,3766792,31664,5201544,19104900
4288,1532,1535,3765260,31661,5203079,19115400
4289,1569,1619,3763691,31611,5204698,19676200
4290,1600,1599,3762091,31612,5206297,19002000
4291,1552,1473,3760539,31691,5207770,18899100
4292,1593,1568,3758946,31716,5209338,19001200
4293,1541,1603,3757405,31654,5210941,19059800
4294,1563,1612,3755842,31605,5212553,19188600
4295,1605,1577,3754237,31633,5214130,19950300
4296,1627,1605,3752610,31655,5215735,19506100
4297,1534,1540,3751076,31649,5217275,19167000
4298,1587,1599,3749489,31637,5218874,19854100
4299,1528,1583,3747961,31582,5220457,19688400
4300,1608,1536,3746353,31654,5221993,19430000
4301,1552,1589,3744801,31617,5223582,19601500
4302,1597,1622,3743204,31592,5225204,19606100
4303,1554,1550,3741650,31596,5226754,19180300
4304,1611,1576,3740039,31631,5228330,19361800
4305,1522,1574,3738517,31579,5229904,19259900
4306,1566,1629,3736951,31516,5231533,20354500
4307,1504,1537,3735447,31483,5233070,18919100
4308,1588,1603,3733859,31468,5234673,19064200
4309,1624,1569,3732235,31523,5236242,19160500
4310,1528,1549,3730707,31502,5237791,18921400
4311,1605,1577,3729102,31530,5239368,19080800
4312,1587,1606,3727515,31511,5240974,19020500
4313,1538,1558,3725977,31491,5242532,19273900
4314,1551,1631,3724426,31411,5244163,18988500
4315,1577,1574,3722849,31414,5245737,19367300
4316,1559,1570,3721290,31403,5247307,19819800
4317,1602,1583,3719688,31422,5248890,19449600
4318,1606,1597,3718082,31431,5250487,19401000
4319,1638,1586,3716444,31483,5252073,19083300
4320,1598,1578,3714846,31503,5253651,18779400
4321,1532,1555,3713314,31480,5255206,18970700
4322,1521,1571,3711793,31430,5256777,18919200
4323,1581,1556,3710212,31455,5258333,18847300
4324,1551,1557,3708661,31449,5259890,19442300
4325,1577,1551,3707084,31475,5261441,18958400
4326,1584,1553,3705500,31506,5262994,19135800
4327,1637,1554,3703863,31589,5264548,19060500
4328,1631,1604,3702232,31616,5266152,19707500
4329,1588,1582,3700644,31622,5267734,19539400
4330,1546,1556,3699098,31612,5269290,18819700
4331,1565,1587,3697533,31590,5270877,19480600
4332,1634,1605,3695899,31619,5272482,19064900
4333,1593,1622,3694306,31590,5274104,18873100
4334,1551,1569,3692755,31572,5275673,19376600
4335,1593,1713,3691162,31452,5277386,19160700
4336,1662,1584,3689500,31530,5278970,20716000
4337,1594,1615,3687906,31509,5280585,19191200
4338,1532,1540,3686374,31501,5282125,18903700
4339,1555,1547,3684819,31509,5283672,18907000
4340,1550,1596,3683269,31463,5285268,19576300
4341,1541,1572,3681728,31432,5286840,19323200
4342,1546,1555,3680182,31423,5288395,19125900
4343,1609,1622,3678573,31410,5290017,18890900
4344,1616,1527,3676957,31499,5291544,19063700
4345,1655,1585,3675302,31569,5293129,18971300
4346,1623,1580,3673679,31612,5294709,19024700
4347,1559,1571,3672120,31600,5296280,18943900
4348,1642,1538,3670478,31704,5297818,18976400
4349,1603,1598,3668875,31709,5299416,19329500
4350,1611,1569,3667264,31751,5300985,19203400
4351,1536,1644,3665728,31643,5302629,19042300
4352,1545,1602,3664183,31586,5304231,18936500
4353,1609,1559,3662574,31636,5305790,19254200
4354,1544,1596,3661030,31584,5307386,18915200
4355,1576,1567,3659454,31593,5308953,18815500
4356,1627,1615,3657827,31605,5310568,18940100
4357,1556,1646,3656271,31515,5312214,18979100
4358,1572,1627,3654699,31460,5313841,19960000
4359,1479,1556,3653220,31383,5315397,20265200
4360,1539,1531,3651681,31391,5316928,20284500
4361,1569,1549,3650112,31411,5318477,20656500
4362,1545,1580,3648567,31376,5320057,19937000
4363,1524,1541,3647043,31359,5321598,20011500
4364,1594,1632,3645449,31321,5323230,19584900
4365,1515,1545,3643934,31291,5324775,19842500
4366,1535,1542,3642399,31284,5326317,20980800
4367,1518,1527,3640881,31275,5327844,21348600
4368,1563,1525,3639318,31313,5329369,21823200
4369,1593,1538,3637725,31368,5330907,21475700
4370,1570,1591,3636155,31347,5332498,21569700
4371,1512,1608,3634643,31251,5334106,20171600
4372,1512,1580,3633131,31183,5335686,20111100
4373,1564,1551,3631567,31196,5337237,19740200
4374,1582,1564,3629985,31214,5338801,19939100
4375,1553,1609,3628432,31158,5340410,19478000
4376,1587,1509,3626845,31236,5341919,19738300
4377,1531,1587,3625314,31180,5343506,19758100
4378,1580,1481,3623734,31279,5344987,20085000
4379,1586,1511,3622148,31354,5346498,20160700
4380,1563,1586,3620585,31331,5348084,19856100
4381,1514,1570,3619071,31275,5349654,20388300
4382,1633,1546,3617438,31362,5351200,19711100
4383,1483,1513,3615955,31332,5352713,19598900
4384,1527,1500,3614428,31359,5354213,19584200
4385,1536,1587,3612892,31308,5355800,20497800
4386,1579,1598,3611313,31289,5357398,20125100
4387,1593,1585,3609720,31297,5358983,19453700
4388,1541,1610,3608179,31228,5360593,20080700
4389,1602,1557,3606577,31273,5362150,19381400
4390,1503,1519,3605074,31257,5363669,19899100
4391,1524,1573,3603550,31208,5365242,19827200
4392,1571,1514,3601979,31265,5366756,19220900
4393,1574,1529,3600405,31310,5368285,19277200
4394,1641,1516,3598764,31435,5369801,19558500
4395,1595,1561,3597169,31469,5371362,20228100
4396,1559,1553,3595610,31475,5372915,19841700
4397,1597,1576,3594013,31496,5374491,20172800
4398,1544,1604,3592469,31436,5376095,19410400
4399,1552,1577,3590917,31411,5377672,19468800
4400,1613,1558,3589304,31466,5379230,19579600
4401,1559,1554,3587745,31471,5380784,20110200
4402,1556,1622,3586189,31405,5382406,19718800
4403,1603,1610,3584586,31398,5384016,19622400
4404,1588,1578,3582998,31408,5385594,20192900
4405,1629,1554,3581369,31483,5387148,19711700
4406,1551,1603,3579818,31431,5388751,20001000
4407,1649,1643,3578169,31437,5390394,19088400
4408,1621,1584,3576548,31474,5391978,19650000
4409,1609,1508,3574939,31575,5393486,19993000
4410,1614,1558,3573325,31631,5395044,19640700
4411,1616,1625,3571709,31622,5396669,19447200
4412,1607,1517,3570102,31712,5398186,19560800
4413,1653,1518,3568449,31847,5399704,19757800
4414,1579,1519,3566870,31907,5401223,19413000
4415,1530,1603,3565340,31834,5402826,20016700
4416,1619,1610,3563721,31843,5404436,20226400
4417,1604,1569,3562117,31878,5406005,19622700
4418,1585,1569,3560532,31894,5407574,19529800
4419,1608,1680,3558924,31822,5409254,19492000
4420,1605,1592,3557319,31835,5410846,19847100
4421,1586,1674,3555733,31747,5412520,19915800
4422,1605,1580,3554128,31772,5414100,19422900
4423,1584,1623,3552544,31733,5415723,19877800
4424,1597,1580,3550947,31750,5417303,19594600
4425,1592,1575,3549355,31767,5418878,19721000
4426,1578,1637,3547777,31708,5420515,19356000
4427,1614,1566,3546163,31756,5422081,19480300
4428,1586,1595,3544577,31747,5423676,19667400
4429,1568,1609,3543009,31706,5425285,19555200
4430,1584,1620,3541425,31670,5426905,19620600
4431,1578,1515,3539847,31733,5428420,19800600
4432,1626,1630,3538221,31729,5430050,19161900
4433,1663,1539,3536558,31853,5431589,19537300
4434,1618,1683,3534940,31788,5433272,19462600
4435,1627,1544,3533313,31871,5434816,19959000
4436,1647,1615,3531666,31903,5436431,19651700
4437,1639,1582,3530027,31960,5438013,19755700
4438,1642,1662,3528385,31940,5439675,19627500
4439,1567,1656,3526818,31851,5441331,19543000
4440,1559,1581,3525259,31829,5442912,19675900
4441,1549,1597,3523710,31781,5444509,18913800
4442,1545,1559,3522165,31767,5446068,19181300
4443,1565,1602,3520600,31730,5447670,19221600
4444,1549,1569,3519051,31710,5449239,18944100
4445,1619,1524,3517432,31805,5450763,19001900
4446,1579,1682,3515853,31702,5452445,19009200
4447,1573,1551,3514280,31724,5453996,18945700
4448,1569,1579,3512711,31714,5455575,19003800
4449,1543,1564,3511168,31693,5457139,18898100
4450,1552,1623,3509616,31622,5458762,18962800
4451,1626,1547,3507990,31701,5460309,18971000
4452,1630,1545,3506360,31786,5461854,19019000
4453,1625,1607,3504735,31804,5463461,19026700
4454,1596,1594,3503139,31806,5465055,18973800
4455,1533,1647,3501606,31692,5466702,19112400
4456,1551,1705,3500055,31538,5468407,19059200
4457,1546,1611,3498509,31473,5470018,19479600
4458,1579,1573,3496930,31479,5471591,19202000
4459,1588,1628,3495342,31439,5473219,18854800
4460,1571,1582,3493771,31428,5474801,19064800
4461,1592,1596,3492179,31424,5476397,19277100
4462,1519,1618,3490660,31325,5478015,19340100
4463,1552,1559,3489108,31318,5479574,19006200
4464,1516,1552,3487592,31282,5481126,18942600
4465,1608,1586,3485984,31304,5482712,19122800
4466,1531,1566,3484453,31269,5484278,19884800
4467,1552,1548,3482901,31273,5485826,18961600
4468,1556,1553,3481345,31276,5487379,19212200
4469,1518,1612,3479827,31182,5488991,19380400
4470,1565,1613,3478262,31134,5490604,18981400
4471,1672,1584,3476590,31222,5492188,19567300
4472,1593,1616,3474997,31199,5493804,19034800
4473,1534,1547,3473463,31186,5495351,18903700
4474,1562,1608,3471901,31140,5496959,19124600
4475,1613,1537,3470288,31216,5498496,19921400
4476,1584,1527,3468704,31273,5500023,20253500
4477,1537,1562,3467167,31248,5501585,21263400
4478,1614,1601,3465553,31261,5503186,21519300
4479,1488,1511,3464065,31238,5504697,20767400
4480,1552,1573,3462513,31217,5506270,21149300
4481,1580,1596,3460933,31201,5507866,21822500
4482,1579,1533,3459354,31247,5509399,23121300
4483,1554,1545,3457800,31256,5510944,27660200
4484,1550,1527,3456250,31279,5512471,23347700
4485,1505,1532,3454745,31252,5514003,21844100
4486,1553,1552,3453192,31253,5515555,21482800
4487,1548,1595,3451644,31206,5517150,23171700
4488,1549,1530,3450095,31225,5518680,22544300
4489,1526,1647,3448569,31104,5520327,22241800
4490,1578,1558,3446991,31124,5521885,25608300
4491,1501,1577,3445490,31048,5523462,25613000
4492,1546,1527,3443944,31067,5524989,23372100
4493,1615,1450,3442329,31232,5526439,24593000
4494,1538,1533,3440791,31237,5527972,25666100
4495,1571,1553,3439220,31255,5529525,22867500
4496,1533,1551,3437687,31237,5531076,22901800
4497,1587,1494,3436100,31330,5532570,21259700
4498,1572,1622,3434528,31280,5534192,20542200
4499,1525,1558,3433003,31247,5535750,19919600
4500,1525,1524,3431478,31248,5537274,20756500
4501,1459,1518,3430019,31189,5538792,19422400
4502,1538,1523,3428481,31204,5540315,19758300
4503,1567,1584,3426914,31187,5541899,19733000
4504,1525,1574,3425389,31138,5543473,19318300
4505,1552,1546,3423837,31144,5545019,19892900
4506,1563,1558,3422274,31149,5546577,18950200
4507,1614,1540,3420660,31223,5548117,19199900
4508,1584,1544,3419076,31263,5549661,18923700
4509,1514,1591,3417562,31186,5551252,19143600
4510,1627,1529,3415935,31284,5552781,19009800
4511,1520,1567,3414415,31237,5554348,19612400
4512,1579,1567,3412836,31249,5555915,19110000
4513,1540,1585,3411296,31204,5557500,19170000
4514,1628,1621,3409668,31211,5559121,19178400
4515,1582,1561,3408086,31232,5560682,19050700
4516,1603,1646,3406483,31189,5562328,19019000
4517,1554,1596,3404929,31147,5563924,19120600
4518,1561,1547,3403368,31161,5565471,19153000
4519,1550,1584,3401818,31127,5567055,19060000
4520,1576,1580,3400242,31123,5568635,19051100
4521,1567,1582,3398675,31108,5570217,19048700
4522,1595,1543,3397080,31160,5571760,19022900
4523,1599,1561,3395481,31198,5573321,19214400
4524,1535,1570,3393946,31163,5574891,19151000
4525,1624,1466,3392322,31321,5576357,19115900
4526,1523,1667,3390799,31177,5578024,18990800
4527,1595,1568,3389204,31204,5579592,19347000
4528,1589,1519,3387615,31274,5581111,19351500
4529,1603,1547,3386012,31330,5582658,19141200
4530,1554,1588,3384458,31296,5584246,19096000
4531,1515,1599,3382943,31212,5585845,19670400
4532,1565,1577,3381378,31200,5587422,19544800
4533,1507,1541,3379871,31166,5588963,19071200
4534,1560,1534,3378311,31192,5590497,18878200
4535,1544,1582,3376767,31154,5592079,19053100
4536,1538,1596,3375229,31096,5593675,20035100
4537,1616,1546,3373613,31166,5595221,19822900
4538,1571,1617,3372042,31120,5596838,19476500
4539,1599,1592,3370443,31127,5598430,19430900
4540,1621,1569,3368822,31179,5599999,19210400
4541,1642,1475,3367180,31346,5601474,19451300
4542,1589,1561,3365591,31374,5603035,19529200
4543,1597,1611,3363994,31360,5604646,19097200
4544,1621,1654,3362373,31327,5606300,18886100
4545,1502,1551,3360871,31278,5607851,19393900
4546,1630,1598,3359241,31310,5609449,19202400
4547,1501,1547,3357740,31264,5610996,18945100
4548,1605,1600,3356135,31269,5612596,18982600
4549,1558,1552,3354577,31275,5614148,19153200
4550,1599,1495,3352978,31379,5615643,19038100
4551,1549,1577,3351429,31351,5617220,18939500
4552,1554,1593,3349875,31312,5618813,19329700
4553,1652,1507,3348223,31457,5620320,19063200
4554,1605,1585,3346618,31477,5621905,19211200
4555,1520,1554,3345098,31443,5623459,19118700
4556,1563,1546,3343535,31460,5625005,19764200
4557,1612,1565,3341923,31507,5626570,19762400
4558,1523,1583,3340400,31447,5628153,20236300
4559,1533,1555,3338867,31425,5629708,19441600
4560,1661,1578,3337206,31508,5631286,19394600
4561,1532,1534,3335674,31506,5632820,19185000
4562,1515,1499,3334159,31522,5634319,19241300
4563,1574,1628,3332585,31468,5635947,19113400
4564,1621,1544,3330964,31545,5637491,19802100
4565,1629,1542,3329335,31632,5639033,20448200
4566,1554,1522,3327781,31664,5640555,19283500
4567,1579,1634,3326202,31609,5642189,19189200
4568,1656,1580,3324546,31685,5643769,19554200
4569,1611,1641,3322935,31655,5645410,19369900
4570,1589,1580,3321346,31664,5646990,19001500
4571,1573,1559,3319773,31678,5648549,19251500
4572,1591,1584,3318182,31685,5650133,19408000
4573,1582,1610,3316600,31657,5651743,19023900
4574,1552,1548,3315048,31661,5653291,18989800
4575,1553,1607,3313495,31607,5654898,18973600
4576,1579,1552,3311916,31634,5656450,18940600
4577,1613,1597,3310303,31650,5658047,19045700
4578,1568,1598,3308735,31620,5659645,19310000
4579,1522,1541,3307213,31601,5661186,18994800
4580,1574,1578,3305639,31597,5662764,19929800
4581,1590,1548,3304049,31639,5664312,19136600
4582,1557,1550,3302492,31646,5665862,19716700
4583,1515,1566,3300977,31595,5667428,19728800
4584,1590,1579,3299387,31606,5669007,19541100
4585,1567,1561,3297820,31612,5670568,19459800
4586,1527,1563,3296293,31576,5672131,19605100
4587,1583,1454,3294710,31705,5673585,19961900
4588,1599,1564,3293111,31740,5675149,19272700
4589,1600,1658,3291511,31682,5676807,20348200
4590,1541,1572,3289970,31651,5678379,19477400
4591,1505,1632,3288465,31524,5680011,19211500
4592,1592,1663,3286873,31453,5681674,18789500
4593,1641,1587,3285232,31507,5683261,19146500
4594,1495,1607,3283737,31395,5684868,19482300
4595,1577,1530,3282160,31442,5686398,19076600
4596,1581,1554,3280579,31469,5687952,18974000
4597,1608,1538,3278971,31539,5689490,19062000
4598,1539,1558,3277432,31520,5691048,19137300
4599,1633,1607,3275799,31546,5692655,19008000
4600,1555,1617,3274244,31484,5694272,19068200
4601,1552,1549,3272692,31487,5695821,19117200
4602,1572,1644,3271120,31415,5697465,19234800
4603,1526,1524,3269594,31417,5698989,18991000
4604,1600,1547,3267994,31470,5700536,18882100
4605,1566,1551,3266428,31485,5702087,19309000
4606,1596,1576,3264832,31505,5703663,19172700
4607,1537,1602,3263295,31440,5705265,19014000
4608,1533,1542,3261762,31431,5706807,19296900
4609,1565,1550,3260197,31446,5708357,18957500
4610,1524,1623,3258673,31347,5709980,19197100
4611,1565,1541,3257108,31371,5711521,19385900
4612,1492,1604,3255616,31259,5713125,19455100
4613,1516,1591,3254100,31184,5714716,19486500
4614,1536,1569,3252564,31151,5716285,18999400
4615,1583,1525,3250981,31209,5717810,19394700
4616,1584,1572,3249397,31221,5719382,19154100
4617,1545,1570,3247852,31196,5720952,19116400
4618,1562,1539,3246290,31219,5722491,19100000
4619,1576,1474,3244714,31321,5723965,19033700
4620,1541,1567,3243173,31295,5725532,19666900
4621,1540,1629,3241633,31206,5727161,19619500
4622,1537,1538,3240096,31205,5728699,20505200
4623,1570,1530,3238526,31245,5730229,19453500
4624,1500,1579,3237026,31166,5731808,19702700
4625,1598,1535,3235428,31229,5733343,19550100
4626,1608,1503,3233820,31334,5734846,19286000
4627,1588,1645,3232232,31277,5736491,19943100
4628,1625,1649,3230607,31253,5738140,19227000
4629,1618,1612,3228989,31259,5739752,20210300
4630,1619,1552,3227370,31326,5741304,19389900
4631,1594,1560,3225776,31360,5742864,19322400
4632,1574,1580,3224202,31354,5744444,19811300
4633,1606,1643,3222596,31317,5746087,19985300
4634,1647,1527,3220949,31437,5747614,19235700
4635,1572,1548,3219377,31461,5749162,20213500
4636,1568,1571,3217809,31458,5750733,19599500
4637,1641,1524,3216168,31575,5752257,19537800
4638,1646,1577,3214522,31644,5753834,19044600
4639,1597,1589,3212925,31652,5755423,19208500
4640,1608,1555,3211317,31705,5756978,18876700
4641,1601,1558,3209716,31748,5758536,19159300
4642,1608,1615,3208108,31741,5760151,19662600
4643,1571,1592,3206537,31720,5761743,19376700
4644,1614,1596,3204923,31738,5763339,18882900
4645,1558,1569,3203365,31727,5764908,19074400
4646,1589,1645,3201776,31671,5766553,19806200
4647,1579,1551,3200197,31699,5768104,19164700
4648,1534,1609,3198663,31624,5769713,19824900
4649,1545,1576,3197118,31593,5771289,19162900
4650,1562,1594,3195556,31561,5772883,19216200
4651,1561,1582,3193995,31540,5774465,19404800
4652,1569,1542,3192426,31567,5776007,19061400
4653,1556,1615,3190870,31508,5777622,19549600
4654,1528,1583,3189342,31453,5779205,19050000
4655,1597,1552,3187745,31498,5780757,19005500
4656,1555,1581,3186190,31472,5782338,19447400
4657,1591,1503,3184599,31560,5783841,19489100
4658,1551,1634,3183048,31477,5785475,18958600
4659,1587,1521,3181461,31543,5786996,18883000
4660,1578,1607,3179883,31514,5788603,18981300
4661,1594,1594,3178289,31514,5790197,19375500
4662,1589,1511,3176700,31592,5791708,19397500
4663,1563,1642,3175137,31513,5793350,19007100
4664,1582,1582,3173555,31513,5794932,19357300
4665,1607,1676,3171948,31444,5796608,19474900
4666,1499,1523,3170449,31420,5798131,19012300
4667,1540,1596,3168909,31364,5799727,19210000
4668,1496,1600,3167413,31260,5801327,18860100
4669,1492,1520,3165921,31232,5802847,18992600
4670,1551,1612,3164370,31171,5804459,19007900
4671,1483,1491,3162887,31163,5805950,18988900
4672,1575,1570,3161312,31168,5807520,19135200
4673,1503,1592,3159809,31079,5809112,19089800
4674,1557,1518,3158252,31118,5810630,19173200
4675,1546,1501,3156706,31163,5812131,19224500
4676,1463,1542,3155243,31084,5813673,19161400
4677,1612,1495,3153631,31201,5815168,19076800
4678,1539,1590,3152092,31150,5816758,19076900
4679,1516,1540,3150576,31126,5818298,19389100
4680,1588,1571,3148988,31143,5819869,19095500
4681,1542,1548,3147446,31137,5821417,19179300
4682,1602,1534,3145844,31205,5822951,19774700
4683,1566,1494,3144278,31277,5824445,18979800
4684,1542,1556,3142736,31263,5826001,19062800
4685,1594,1645,3141142,31212,5827646,19063500
4686,1521,1595,3139621,31138,5829241,19346500
4687,1598,1567,3138023,31169,5830808,20215600
4688,1650,1604,3136373,31215,5832412,20320100
4689,1591,1599,3134782,31207,5834011,20066700
4690,1635,1549,3133147,31293,5835560,19580100
4691,1615,1577,3131532,31331,5837137,19625700
4692,1529,1692,3130003,31168,5838829,19328600
4693,1669,1535,3128334,31302,5840364,20133200
4694,1626,1565,3126708,31363,5841929,19323000
4695,1546,1586,3125162,31323,5843515,19577900
4696,1544,1549,3123618,31318,5845064,19980900
4697,1606,1493,3122012,31431,5846557,19776300
4698,1576,1619,3120436,31388,5848176,19278600
4699,1550,1558,3118886,31380,5849734,19064100
4700,1568,1515,3117318,31433,5851249,18879100
4701,1583,1609,3115735,31407,5852858,18889300
4702,1571,1527,3114164,31451,5854385,19043500
4703,1572,1576,3112592,31447,5855961,19054500
4704,1642,1569,3110950,31520,5857530,19032900
4705,1475,1619,3109475,31376,5859149,19316600
4706,1570,1598,3107905,31348,5860747,18987900
4707,1532,1624,3106373,31256,5862371,19231200
4708,1541,1542,3104832,31255,5863913,19415300
4709,1499,1581,3103333,31173,5865494,18959200
4710,1530,1541,3101803,31162,5867035,19002700
4711,1520,1522,3100283,31160,5868557,18957900
4712,1511,1587,3098772,31084,5870144,19092800
4713,1516,1528,3097256,31072,5871672,19339100
4714,1496,1594,3095760,30974,5873266,19058000
4715,1504,1499,3094256,30979,5874765,18958800
4716,1566,1548,3092690,30997,5876313,19239500
4717,1595,1590,3091095,31002,5877903,19815700
4718,1512,1622,3089583,30892,5879525,19111600
4719,1528,1547,3088055,30873,5881072,18977000
4720,1490,1572,3086565,30791,5882644,19131100
4721,1551,1499,3085014,30843,5884143,19221500
4722,1554,1563,3083460,30834,5885706,18878800
4723,1533,1536,3081927,30831,5887242,19330000
4724,1506,1567,3080421,30770,5888809,18913300
4725,1470,1561,3078951,30679,5890370,18982600
4726,1475,1500,3077476,30654,5891870,19015300
4727,1512,1602,3075964,30564,5893472,18912800
4728,1543,1570,3074421,30537,5895042,19169500
4729,1561,1573,3072860,30525,5896615,19255100
4730,1507,1549,3071353,30483,5898164,19167500
4731,1557,1513,3069796,30527,5899677,19355800
4732,1477,1531,3068319,30473,5901208,19172800
4733,1525,1514,3066794,30484,5902722,19069900
4734,1505,1508,3065289,30481,5904230,18906800
4735,1536,1539,3063753,30478,5905769,19109900
4736,1602,1488,3062151,30592,5907257,19394900
4737,1528,1544,3060623,30576,5908801,18885900
4738,1511,1536,3059112,30551,5910337,19192000
4739,1476,1555,3057636,30472,5911892,19794100
4740,1498,1494,3056138,30476,5913386,19453400
4741,1564,1504,3054574,30536,5914890,19364600
4742,1541,1516,3053033,30561,5916406,19003900
4743,1535,1507,3051498,30589,5917913,19506000
4744,1523,1508,3049975,30604,5919421,19142900
4745,1565,1530,3048410,30639,5920951,18968300
4746,1544,1504,3046866,30679,5922455,19006000
4747,1490,1523,3045376,30646,5923978,19091800
4748,1550,1524,3043826,30672,5925502,18913000
4749,1542,1497,3042284,30717,5926999,19196500
4750,1566,1535,3040718,30748,5928534,19385900
4751,1515,1580,3039203,30683,5930114,19588300
4752,1564,1583,3037639,30664,5931697,19436400
4753,1546,1503,3036093,30707,5933200,19723200
4754,1590,1497,3034503,30800,5934697,19215300
4755,1563,1518,3032940,30845,5936215,19318900
4756,1590,1542,3031350,30893,5937757,19484200
4757,1563,1540,3029787,30916,5939297,19305100
4758,1579,1574,3028208,30921,5940871,19529900
4759,1604,1518,3026604,31007,5942389,19566000
4760,1641,1589,3024963,31059,5943978,19729500
4761,1513,1527,3023450,31045,5945505,19044100
4762,1584,1650,3021866,30979,5947155,19519700
4763,1558,1527,3020308,31010,5948682,19730400
4764,1601,1603,3018707,31008,5950285,19721000
4765,1515,1547,3017192,30976,5951832,19305500
4766,1606,1537,3015586,31045,5953369,19286900
4767,1541,1581,3014045,31005,5954950,19279600
4768,1581,1563,3012464,31023,5956513,19095300
4769,1604,1536,3010860,31091,5958049,19076800
4770,1553,1557,3009307,31087,5959606,19037900
4771,1596,1540,3007711,31143,5961146,18945400
4772,1607,1503,3006104,31247,5962649,19181200
4773,1601,1513,3004503,31335,5964162,19538600
4774,1566,1564,3002937,31337,5965726,19551000
4775,1602,1540,3001335,31399,5967266,19590700
4776,1597,1558,2999738,31438,5968824,19073200
4777,1602,1553,2998136,31487,5970377,19113600
4778,1670,1576,2996466,31581,5971953,19376200
4779,1653,1545,2994813,31689,5973498,18988800
4780,1555,1563,2993258,31681,5975061,19038200
4781,1625,1583,2991633,31723,5976644,19029100
4782,1635,1547,2989998,31811,5978191,19442200
4783,1681,1633,2988317,31859,5979824,18929200
4784,1598,1604,2986719,31853,5981428,18983400
4785,1702,1608,2985017,31947,5983036,19222700
4786,1614,1600,2983403,31961,5984636,19587700
4787,1651,1674,2981752,31938,5986310,19607000
4788,1604,1575,2980148,31967,5987885,18948900
4789,1502,1621,2978646,31848,5989506,19044600
4790,1604,1569,2977042,31883,5991075,19387100
4791,1592,1570,2975450,31905,5992645,19737800
4792,1637,1569,2973813,31973,5994214,19979900
4793,1625,1584,2972188,32014,5995798,19117300
4794,1567,1620,2970621,31961,5997418,19266200
4795,1619,1577,2969002,32003,5998995,18913400
4796,1531,1529,2967471,32005,6000524,19154400
4797,1531,1625,2965940,31911,6002149,18883600
4798,1551,1604,2964389,31858,6003753,19047900
4799,1589,1647,2962800,31800,6005400,19136600
4800,1595,1582,2961205,31813,6006982,19155300
4801,1539,1548,2959666,31804,6008530,19849600
4802,1529,1628,2958137,31705,6010158,19212100
4803,1549,1625,2956588,31629,6011783,19151100
4804,1512,1545,2955076,31596,6013328,19112900
4805,1537,1553,2953539,31580,6014881,19644600
4806,1437,1597,2952102,31420,6016478,19050800
4807,1547,1583,2950555,31384,6018061,19003800
4808,1567,1552,2948988,31399,6019613,18973400
4809,1540,1584,2947448,31355,6021197,18837300
4810,1557,1562,2945891,31350,6022759,18934900
4811,1552,1622,2944339,31280,6024381,19331100
4812,1537,1533,2942802,31284,6025914,19126100
4813,1546,1585,2941256,31245,6027499,19000400
4814,1512,1590,2939744,31167,6029089,19217900
4815,1584,1541,2938160,31210,6030630,19066900
4816,1563,1568,2936597,31205,6032198,18912100
4817,1591,1593,2935006,31203,6033791,19019000
4818,1571,1515,2933435,31259,6035306,19690400
4819,1584,1558,2931851,31285,6036864,19679000
4820,1543,1534,2930308,31294,6038398,19172300
4821,1637,1494,2928671,31437,6039892,19627400
4822,1606,1580,2927065,31463,6041472,19389400
4823,1583,1616,2925482,31430,6043088,20158700
4824,1541,1594,2923941,31377,6044682,19190700
4825,1593,1587,2922348,31383,6046269,19528800
4826,1593,1550,2920755,31426,6047819,19091500
4827,1519,1580,2919236,31365,6049399,20080300
4828,1549,1559,2917687,31355,6050958,19908800
4829,1595,1539,2916092,31411,6052497,19314400
4830,1575,1524,2914517,31462,6054021,19952500
4831,1546,1558,2912971,31450,6055579,19028900
4832,1541,1555,2911430,31436,6057134,18925500
4833,1559,1610,2909871,31385,6058744,18956500
4834,1546,1568,2908325,31363,6060312,18943800
4835,1643,1560,2906682,31446,6061872,19382500
4836,1523,1504,2905159,31465,6063376,19172700
4837,1551,1597,2903608,31419,6064973,18960100
4838,1558,1602,2902050,31375,6066575,18925100
4839,1671,1543,2900379,31503,6068118,18958200
4840,1557,1586,2898822,31474,6069704,19262700
4841,1594,1565,2897228,31503,6071269,19257100
4842,1563,1563,2895665,31503,6072832,19214900
4843,1589,1604,2894076,31488,6074436,19801800
4844,1596,1573,2892480,31511,6076009,19952100
4845,1620,1534,2890860,31597,6077543,18866400
4846,1611,1571,2889249,31637,6079114,19144800
4847,1582,1581,2887667,31638,6080695,19293500
4848,1594,1594,2886073,31638,6082289,19022200
4849,1611,1523,2884462,31726,6083812,19035000
4850,1565,1552,2882897,31739,6085364,19058700
4851,1676,1577,2881221,31838,6086941,19073900
4852,1597,1571,2879624,31864,6088512,18965100
4853,1587,1536,2878037,31915,6090048,19041700
4854,1570,1624,2876467,31861,6091672,19182200
4855,1663,1578,2874804,31946,6093250,18986000
4856,1594,1631,2873210,31909,6094881,19778800
4857,1520,1594,2871690,31835,6096475,19152500
4858,1618,1592,2870072,31861,6098067,19373900
4859,1581,1640,2868491,31802,6099707,18959100
4860,1532,1584,2866959,31750,6101291,19047600
4861,1616,1513,2865343,31853,6102804,18960300
4862,1630,1616,2863713,31867,6104420,19326500
4863,1569,1618,2862144,31818,6106038,18943700
4864,1568,1565,2860576,31821,6107603,19083000
4865,1610,1528,2858966,31903,6109131,19237800
4866,1590,1659,2857376,31834,6110790,19521300
4867,1659,1661,2855717,31832,6112451,19454900
4868,1552,1674,2854165,31710,6114125,18888900
4869,1617,1628,2852548,31699,6115753,19934600
4870,1648,1622,2850900,31725,6117375,19286000
4871,1566,1657,2849334,31634,6119032,19046000
4872,1582,1581,2847752,31635,6120613,19222000
4873,1619,1593,2846133,31661,6122206,18964000
4874,1613,1522,2844520,31752,6123728,18837800
4875,1551,1607,2842969,31696,6125335,18983700
4876,1629,1557,2841340,31768,6126892,19018100
4877,1577,1574,2839763,31771,6128466,19345400
4878,1606,1556,2838157,31821,6130022,19054200
4879,1607,1619,2836550,31809,6131641,19451300
4880,1644,1611,2834906,31842,6133252,19372500
4881,1579,1607,2833327,31814,6134859,19583200
4882,1551,1616,2831776,31749,6136475,19080400
4883,1484,1504,2830292,31729,6137979,19044500
4884,1502,1565,2828790,31666,6139544,19502400
4885,1604,1587,2827186,31683,6141131,19465400
4886,1534,1565,2825652,31652,6142696,19207400
4887,1565,1576,2824087,31641,6144272,19203100
4888,1565,1620,2822522,31586,6145892,19972000
4889,1598,1656,2820924,31528,6147548,19284000
4890,1631,1582,2819293,31577,6149130,19311500
4891,1573,1549,2817720,31601,6150679,19095500
4892,1496,1615,2816224,31482,6152294,19910400
4893,1639,1576,2814585,31545,6153870,20076200
4894,1564,1534,2813021,31575,6155404,19482500
4895,1482,1603,2811539,31454,6157007,20064000
4896,1577,1587,2809962,31444,6158594,20377200
4897,1555,1526,2808407,31473,6160120,19262100
4898,1559,1575,2806848,31457,6161695,20470200
4899,1532,1545,2805316,31444,6163240,22121400
4900,1581,1584,2803735,31441,6164824,20233000
4901,1515,1642,2802220,31314,6166466,20793700
4902,1533,1617,2800687,31230,6168083,20996200
4903,1587,1545,2799100,31272,6169628,19713900
4904,1534,1574,2797566,31232,6171202,19044900
4905,1591,1509,2795975,31314,6172711,19087300
4906,1508,1544,2794467,31278,6174255,18871900
4907,1615,1665,2792852,31228,6175920,18845200
4908,1632,1542,2791220,31318,6177462,19004400
4909,1557,1620,2789663,31255,6179082,19160600
4910,1569,1525,2788094,31299,6180607,19161200
4911,1576,1575,2786518,31300,6182182,19080300
4912,1601,1528,2784917,31373,6183710,18983800
4913,1593,1535,2783324,31431,6185245,18958300
4914,1577,1581,2781747,31427,6186826,19016300
4915,1543,1639,2780204,31331,6188465,19060200
4916,1599,1613,2778605,31317,6190078,19002800
4917,1589,1582,2777016,31324,6191660,18929700
4918,1570,1591,2775446,31303,6193251,18969500
4919,1544,1500,2773902,31347,6194751,19029200
4920,1550,1553,2772352,31344,6196304,19013400
4921,1593,1540,2770759,31397,6197844,19540700
4922,1567,1584,2769192,31380,6199428,19604900
4923,1514,1594,2767678,31300,6201022,19242500
4924,1563,1557,2766115,31306,6202579,20414900
4925,1552,1603,2764563,31255,6204182,20001500
4926,1594,1539,2762969,31310,6205721,19394300
4927,1593,1580,2761376,31323,6207301,19072400
4928,1568,1552,2759808,31339,6208853,19484100
4929,1562,1568,2758246,31333,6210421,18790700
4930,1565,1575,2756681,31323,6211996,19160900
4931,1535,1568,2755146,31290,6213564,18935100
4932,1617,1634,2753529,31273,6215198,19068600
4933,1584,1550,2751945,31307,6216748,18913100
4934,1587,1566,2750358,31328,6218314,18869500
4935,1596,1599,2748762,31325,6219913,18802300
4936,1537,1520,2747225,31342,6221433,19147300
4937,1596,1548,2745629,31390,6222981,19137900
4938,1526,1532,2744103,31384,6224513,19042400
4939,1523,1563,2742580,31344,6226076,18946900
4940,1540,1559,2741040,31325,6227635,18920400
4941,1512,1590,2739528,31247,6229225,19140200
4942,1591,1516,2737937,31322,6230741,19284600
4943,1520,1575,2736417,31267,6232316,19373900
4944,1451,1573,2734966,31145,6233889,18754500
4945,1505,1556,2733461,31094,6235445,19137200
4946,1549,1528,2731912,31115,6236973,19140300
4947,1557,1594,2730355,31078,6238567,19757300
4948,1573,1594,2728782,31057,6240161,19695300
4949,1539,1533,2727243,31063,6241694,19892700
4950,1491,1577,2725752,30977,6243271,20407000
4951,1585,1526,2724167,31036,6244797,20138900
4952,1533,1620,2722634,30949,6246417,19740400
4953,1574,1541,2721060,30982,6247958,19400300
4954,1570,1570,2719490,30982,6249528,19619400
4955,1624,1550,2717866,31056,6251078,19400800
4956,1564,1583,2716302,31037,6252661,19594500
4957,1477,1587,2714825,30927,6254248,20466800
4958,1512,1515,2713313,30924,6255763,19991500
4959,1512,1542,2711801,30894,6257305,19469100
4960,1541,1562,2710260,30873,6258867,19564600
4961,1490,1563,2708770,30800,6260430,19187300
4962,1494,1579,2707276,30715,6262009,19088100
4963,1552,1534,2705724,30733,6263543,18760300
4964,1521,1521,2704203,30733,6265064,18812800
4965,1512,1565,2702691,30680,6266629,18850400
4966,1475,1574,2701216,30581,6268203,18917100
4967,1519,1581,2699697,30519,6269784,18855200
4968,1491,1552,2698206,30458,6271336,18906900
4969,1491,1442,2696715,30507,6272778,19022900
4970,1547,1497,2695168,30557,6274275,19010500
4971,1489,1549,2693679,30497,6275824,18867800
4972,1504,1558,2692175,30443,6277382,18917900
4973,1502,1488,2690673,30457,6278870,18910900
4974,1469,1555,2689204,30371,6280425,19280100
4975,1474,1532,2687730,30313,6281957,19090900
4976,1475,1501,2686255,30287,6283458,19071800
4977,1466,1498,2684789,30255,6284956,19067900
4978,1431,1554,2683358,30132,6286510,18875600
4979,1551,1573,2681807,30110,6288083,19714800
4980,1519,1533,2680288,30096,6289616,19520100
4981,1476,1484,2678812,30088,6291100,18947000
4982,1450,1548,2677362,29990,6292648,19024500
4983,1450,1537,2675912,29903,6294185,19075500
4984,1485,1552,2674427,29836,6295737,19170900
4985,1459,1507,2672968,29788,6297244,18979500
4986,1445,1535,2671523,29698,6298779,19066600
4987,1392,1482,2670131,29608,6300261,18976000
4988,1434,1425,2668697,29617,6301686,19121900
4989,1472,1538,2667225,29551,6303224,19918900
4990,1487,1434,2665738,29604,6304658,19539300
4991,1483,1470,2664255,29617,6306128,19125500
4992,1453,1466,2662802,29604,6307594,19193500
4993,1505,1493,2661297,29616,6309087,19146400
4994,1470,1520,2659827,29566,6310607,19420800
4995,1519,1445,2658308,29640,6312052,18982600
4996,1432,1428,2656876,29644,6313480,18911000
4997,1480,1466,2655396,29658,6314946,19058600
4998,1455,1455,2653941,29658,6316401,19014300
4999,1491,1447,2652450,29702,6317848,19121000
5000,1443,1537,2651007,29608,6319385,19714300
5001,1486,1449,2649521,29645,6320834,19561300
5002,1431,1492,2648090,29584,6322326,19390000
5003,1447,1431,2646643,29600,6323757,19099700
5004,1518,1511,2645125,29607,6325268,19099600
5005,1449,1520,2643676,29536,6326788,19570800
5006,1516,1449,2642160,29603,6328237,19468300
5007,1471,1449,2640689,29625,6329686,19144500
5008,1395,1467,2639294,29553,6331153,19597200
5009,1477,1525,2637817,29505,6332678,19080400
5010,1460,1474,2636357,29491,6334152,18953500
5011,1513,1472,2634844,29532,6335624,19017200
5012,1450,1478,2633394,29504,6337102,18953500
5013,1450,1440,2631944,29514,6338542,18989400
5014,1499,1511,2630445,29502,6340053,19432800
5015,1501,1537,2628944,29466,6341590,20350200
5016,1497,1495,2627447,29468,6343085,20042300
5017,1511,1525,2625936,29454,6344610,19530800
5018,1487,1483,2624449,29458,6346093,19588000
5019,1509,1438,2622940,29529,6347531,19601200
5020,1497,1457,2621443,29569,6348988,19506500
5021,1522,1477,2619921,29614,6350465,19215800
5022,1474,1498,2618447,29590,6351963,20404700
5023,1467,1448,2616980,29609,6353411,19466400
5024,1507,1380,2615473,29736,6354791,19159200
5025,1450,1516,2614023,29670,6356307,19121900
5026,1416,1490,2612607,29596,6357797,19385400
5027,1408,1503,2611199,29501,6359300,19727900
5028,1470,1436,2609729,29535,6360736,18865800
5029,1428,1445,2608301,29518,6362181,18918100
5030,1490,1464,2606811,29544,6363645,19024500
5031,1453,1558,2605358,29439,6365203,18903000
5032,1421,1483,2603937,29377,6366686,19050500
5033,1461,1453,2602476,29385,6368139,19105800
5034,1389,1497,2601087,29277,6369636,18899300
5035,1385,1445,2599702,29217,6371081,18931700
5036,1367,1455,2598335,29129,6372536,19037200
5037,1377,1458,2596958,29048,6373994,19018400
5038,1436,1432,2595522,29052,6375426,18873500
5039,1365,1414,2594157,29003,6376840,18948200
5040,1378,1386,2592779,28995,6378226,18951400
5041,1346,1423,2591433,28918,6379649,18822600
5042,1364,1512,2590069,28770,6381161,18904200
5043,1321,1441,2588748,28650,6382602,19014700
5044,1337,1377,2587411,28610,6383979,19270600
5045,1383,1455,2586028,28538,6385434,19114600
5046,1341,1433,2584687,28446,6386867,19041900
5047,1310,1364,2583377,28392,6388231,19048100
5048,1294,1424,2582083,28262,6389655,18951900
5049,1266,1435,2580817,28093,6391090,19185600
5050,1361,1442,2579456,28012,6392532,19212000
5051,1334,1412,2578122,27934,6393944,19272500
5052,1316,1409,2576806,27841,6395353,21605400
5053,1391,1385,2575415,27847,6396738,19443100
5054,1290,1406,2574125,27731,6398144,18976500
5055,1344,1377,2572781,27698,6399521,19355200
5056,1323,1396,2571458,27625,6400917,18969600
5057,1298,1379,2570160,27544,6402296,19349200
5058,1322,1427,2568838,27439,6403723,19135300
5059,1313,1374,2567525,27378,6405097,19232100
5060,1288,1386,2566237,27280,6406483,19366100
5061,1346,1342,2564891,27284,6407825,19349800
5062,1297,1397,2563594,27184,6409222,19285100
5063,1238,1348,2562356,27074,6410570,18945400
5064,1304,1269,2561052,27109,6411839,18999200
5065,1258,1399,2559794,26968,6413238,18904900
5066,1333,1337,2558461,26964,6414575,19005300
5067,1274,1381,2557187,26857,6415956,18876100
5068,1289,1334,2555898,26812,6417290,18778000
5069,1292,1313,2554606,26791,6418603,19078900
5070,1289,1314,2553317,26766,6419917,19170100
5071,1279,1318,2552038,26727,6421235,19349300
5072,1288,1351,2550750,26664,6422586,19073000
5073,1297,1261,2549453,26700,6423847,19072300
5074,1275,1400,2548178,26575,6425247,18986400
5075,1260,1310,2546918,26525,6426557,18937800
5076,1275,1290,2545643,26510,6427847,19411800
5077,1258,1381,2544385,26387,6429228,19206500
5078,1268,1322,2543117,26333,6430550,19509300
5079,1244,1300,2541873,26277,6431850,19026600
5080,1260,1303,2540613,26234,6433153,19877400
5081,1308,1345,2539305,26197,6434498,19632700
5082,1324,1332,2537981,26189,6435830,19655300
5083,1278,1287,2536703,26180,6437117,19173800
5084,1291,1311,2535412,26160,6438428,19600800
5085,1286,1310,2534126,26136,6439738,21120300
5086,1310,1291,2532816,26155,6441029,19409700
5087,1284,1281,2531532,26158,6442310,19366900
5088,1228,1323,2530304,26063,6443633,19554700
5089,1321,1270,2528983,26114,6444903,19135300
5090,1296,1320,2527687,26090,6446223,19430300
5091,1285,1287,2526402,26088,6447510,19140000
5092,1306,1352,2525096,26042,6448862,19595000
5093,1340,1271,2523756,26111,6450133,18863400
5094,1305,1306,2522451,26110,6451439,18794900
5095,1342,1350,2521109,26102,6452789,18812100
5096,1318,1321,2519791,26099,6454110,19304900
5097,1376,1337,2518415,26138,6455447,18984900
5098,1289,1273,2517126,26154,6456720,18815600
5099,1282,1348,2515844,26088,6458068,19201300
5100,1286,1296,2514558,26078,6459364,18914900
5101,1278,1296,2513280,26060,6460660,18966700
5102,1293,1355,2511987,25998,6462015,19418800
5103,1267,1364,2510720,25901,6463379,19397100
5104,1324,1242,2509396,25983,6464621,19684600
5105,1296,1332,2508100,25947,6465953,19010400
5106,1327,1299,2506773,25975,6467252,18932700
5107,1283,1326,2505490,25932,6468578,18816000
5108,1300,1299,2504190,25933,6469877,18988100
5109,1305,1261,2502885,25977,6471138,19350700
5110,1342,1348,2501543,25971,6472486,19110600
5111,1270,1332,2500273,25909,6473818,19212900
5112,1331,1326,2498942,25914,6475144,19064100
5113,1310,1311,2497632,25913,6476455,19493900
5114,1274,1312,2496358,25875,6477767,19276400
5115,1299,1243,2495059,25931,6479010,18884900
5116,1294,1247,2493765,25978,6480257,18894700
5117,1255,1307,2492510,25926,6481564,18975100
5118,1288,1301,2491222,25913,6482865,19045000
5119,1317,1312,2489905,25918,6484177,18874600
5120,1240,1321,2488665,25837,6485498,18732300
5121,1262,1280,2487403,25819,6486778,19382500
5122,1277,1277,2486126,25819,6488055,18981600
5123,1229,1299,2484897,25749,6489354,19059000
5124,1234,1296,2483663,25687,6490650,19095400
5125,1246,1321,2482417,25612,6491971,19993600
5126,1270,1257,2481147,25625,6493228,18937300
5127,1231,1291,2479916,25565,6494519,19050600
5128,1270,1260,2478646,25575,6495779,18890400
5129,1281,1256,2477365,25600,6497035,18984600
5130,1224,1346,2476141,25478,6498381,18912400
5131,1235,1302,2474906,25411,6499683,19103800
5132,1243,1242,2473663,25412,6500925,19258300
5133,1295,1251,2472368,25456,6502176,18875200
5134,1319,1276,2471049,25499,6503452,19251200
5135,1268,1269,2469781,25498,6504721,19084600
5136,1205,1257,2468576,25446,6505978,19060500
5137,1240,1279,2467336,25407,6507257,18953700
5138,1299,1260,2466037,25446,6508517,19403600
5139,1234,1266,2464803,25414,6509783,19853800
5140,1222,1258,2463581,25378,6511041,20171300
5141,1235,1223,2462346,25390,6512264,19643100
5142,1217,1222,2461129,25385,6513486,20239500
5143,1231,1275,2459898,25341,6514761,19886500
5144,1241,1248,2458657,25334,6516009,19614900
5145,1290,1276,2457367,25348,6517285,20297200
5146,1230,1322,2456137,25256,6518607,20210400
5147,1257,1231,2454880,25282,6519838,20584200
5148,1202,1292,2453678,25192,6521130,19735500
5149,1244,1276,2452434,25160,6522406,19399700
5150,1210,1254,2451224,25116,6523660,19825900
5151,1204,1266,2450020,25054,6524926,19647400
5152,1285,1281,2448735,25058,6526207,19389100
5153,1181,1330,2447554,24909,6527537,19231500
5154,1222,1247,2446332,24884,6528784,19645400
5155,1178,1199,2445154,24863,6529983,19958000
5156,1277,1211,2443877,24929,6531194,20220500
5157,1238,1227,2442639,24940,6532421,19980300
5158,1190,1293,2441449,24837,6533714,19616000
5159,1254,1233,2440195,24858,6534947,19882100
5160,1199,1319,2438996,24738,6536266,19691000
5161,1245,1183,2437751,24800,6537449,19425400
5162,1207,1262,2436544,24745,6538711,19429800
5163,1251,1228,2435293,24768,6539939,19531000
5164,1247,1246,2434046,24769,6541185,19958400
5165,1229,1187,2432817,24811,6542372,19951700
5166,1240,1246,2431577,24805,6543618,19897900
5167,1267,1234,2430310,24838,6544852,20089400
5168,1214,1228,2429096,24824,6546080,19906300
5169,1279,1260,2427817,24843,6547340,19567100
5170,1302,1216,2426515,24929,6548556,19985300
5171,1203,1267,2425312,24865,6549823,19566800
5172,1206,1280,2424106,24791,6551103,19458900
5173,1281,1205,2422825,24867,6552308,20082500
5174,1232,1226,2421593,24873,6553534,19960600
5175,1261,1197,2420332,24937,6554731,19793700
5176,1214,1266,2419118,24885,6555997,19879800
5177,1222,1260,2417896,24847,6557257,20180500
5178,1266,1211,2416630,24902,6558468,20322600
5179,1236,1256,2415394,24882,6559724,20096800
5180,1253,1237,2414141,24898,6560961,20023400
5181,1190,1231,2412951,24857,6562192,19749100
5182,1229,1282,2411722,24804,6563474,19405000
5183,1141,1269,2410581,24676,6564743,18897300
5184,1181,1246,2409400,24611,6565989,18832700
5185,1160,1247,2408240,24524,6567236,18947300
5186,1150,1230,2407090,24444,6568466,19481800
5187,1207,1148,2405883,24503,6569614,18845900
5188,1180,1237,2404703,24446,6570851,18920400
5189,1198,1259,2403505,24385,6572110,18974400
5190,1248,1197,2402257,24436,6573307,18908100
5191,1184,1220,2401073,24400,6574527,19279000
5192,1195,1234,2399878,24361,6575761,19221800
5193,1189,1183,2398689,24367,6576944,18717900
5194,1249,1222,2397440,24394,6578166,18932000
5195,1193,1265,2396247,24322,6579431,19012900
5196,1149,1227,2395098,24244,6580658,18930300
5197,1166,1223,2393932,24187,6581881,18927200
5198,1173,1191,2392759,24169,6583072,18945900
5199,1195,1225,2391564,24139,6584297,18937400
5200,1213,1224,2390351,24128,6585521,19017700
5201,1184,1196,2389167,24116,6586717,19156500
5202,1182,1186,2387985,24112,6587903,18820900
5203,1203,1215,2386782,24100,6589118,18994800
5204,1128,1095,2385654,24133,6590213,19215800
5205,1220,1209,2384434,24144,6591422,19122000
5206,1154,1211,2383280,24087,6592633,19107800
5207,1158,1222,2382122,24023,6593855,19626700
5208,1260,1187,2380862,24096,6595042,19250500
5209,1260,1180,2379602,24176,6596222,19261400
5210,1263,1242,2378339,24197,6597464,19023100
5211,1212,1097,2377127,24312,6598561,19067700
5212,1225,1223,2375902,24314,6599784,19701400
5213,1175,1264,2374727,24225,6601048,19633100
5214,1200,1260,2373527,24165,6602308,19985000
5215,1166,1221,2372361,24110,6603529,19613200
5216,1154,1191,2371207,24073,6604720,19810400
5217,1172,1253,2370035,23992,6605973,19420500
5218,1231,1132,2368804,24091,6607105,20354500
5219,1248,1227,2367556,24112,6608332,19559600
5220,1274,1235,2366282,24151,6609567,19664100
5221,1187,1208,2365095,24130,6610775,19405100
5222,1160,1208,2363935,24082,6611983,19507100
5223,1227,1176,2362708,24133,6613159,20010700
5224,1265,1186,2361443,24212,6614345,19251600
5225,1236,1187,2360207,24261,6615532,19235000
5226,1215,1217,2358992,24259,6616749,19267300
5227,1254,1202,2357738,24311,6617951,18969800
5228,1223,1188,2356515,24346,6619139,18859700
5229,1227,1183,2355288,24390,6620322,18823500
5230,1208,1257,2354080,24341,6621579,18842200
5231,1227,1242,2352853,24326,6622821,18876300
5232,1282,1200,2351571,24408,6624021,19063300
5233,1187,1247,2350384,24348,6625268,19117100
5234,1237,1255,2349147,24330,6626523,19223500
5235,1223,1234,2347924,24319,6627757,19264600
5236,1192,1212,2346732,24299,6628969,18861900
5237,1186,1237,2345546,24248,6630206,18796600
5238,1200,1195,2344346,24253,6631401,18905300
5239,1169,1255,2343177,24167,6632656,18903000
5240,1265,1169,2341912,24263,6633825,18989800
5241,1243,1198,2340669,24308,6635023,18813500
5242,1299,1247,2339370,24360,6636270,18738600
5243,1271,1265,2338099,24366,6637535,18800800
5244,1207,1192,2336892,24381,6638727,18920900
5245,1197,1260,2335695,24318,6639987,18905200
5246,1200,1205,2334495,24313,6641192,18883200
5247,1175,1299,2333320,24189,6642491,19012900
5248,1210,1261,2332110,24138,6643752,18900900
5249,1202,1228,2330908,24112,6644980,19147900
5250,1194,1193,2329714,24113,6646173,18870400
5251,1113,1195,2328601,24031,6647368,18945100
5252,1212,1215,2327389,24028,6648583,19012200
5253,1160,1177,2326229,24011,6649760,19160700
5254,1243,1214,2324986,24040,6650974,19336900
5255,1148,1238,2323838,23950,6652212,19010000
5256,1237,1207,2322601,23980,6653419,19276800
5257,1226,1245,2321375,23961,6654664,18989700
5258,1229,1090,2320146,24100,6655754,19170700
5259,1205,1176,2318941,24129,6656930,20545000
5260,1181,1183,2317760,24127,6658113,19598700
5261,1178,1222,2316582,24083,6659335,18701000
5262,1189,1230,2315393,24042,6660565,18792300
5263,1190,1206,2314203,24026,6661771,18805500
5264,1224,1211,2312979,24039,6662982,18988000
5265,1218,1232,2311761,24025,6664214,18939000
5266,1164,1154,2310597,24035,6665368,19056900
5267,1202,1228,2309395,24009,6666596,18990400
5268,1220,1230,2308175,23999,6667826,19511000
5269,1172,1190,2307003,23981,6669016,19024400
5270,1175,1172,2305828,23984,6670188,18876000
5271,1143,1230,2304685,23897,6671418,18971900
5272,1197,1193,2303488,23901,6672611,18974000
5273,1161,1221,2302327,23841,6673832,19204900
5274,1191,1175,2301136,23857,6675007,19176500
5275,1141,1169,2299995,23829,6676176,18954800
5276,1207,1171,2298788,23865,6677347,18974500
5277,1202,1193,2297586,23874,6678540,19163400
5278,1183,1206,2296403,23851,6679746,19458100
5279,1201,1196,2295202,23856,6680942,19177700
5280,1173,1216,2294029,23813,6682158,19575100
5281,1226,1218,2292803,23821,6683376,19795200
5282,1206,1222,2291597,23805,6684598,19346500
5283,1149,1178,2290448,23776,6685776,20431100
5284,1176,1177,2289272,23775,6686953,19360400
5285,1188,1174,2288084,23789,6688127,19734900
5286,1193,1160,2286891,23822,6689287,19233400
5287,1166,1189,2285725,23799,6690476,19408700
5288,1203,1120,2284522,23882,6691596,19042800
5289,1172,1125,2283350,23929,6692721,19028800
5290,1253,1198,2282097,23984,6693919,18967000
5291,1156,1206,2280941,23934,6695125,19250600
5292,1157,1215,2279784,23876,6696340,19353400
5293,1174,1180,2278610,23870,6697520,18916600
5294,1183,1206,2277427,23847,6698726,18915600
5295,1127,1251,2276300,23723,6699977,18755500
5296,1234,1140,2275066,23817,6701117,18719900
5297,1178,1170,2273888,23825,6702287,19053600
5298,1093,1204,2272795,23714,6703491,18808200
5299,1122,1194,2271673,23642,6704685,19326400
5300,1167,1171,2270506,23638,6705856,18761800
5301,1170,1195,2269336,23613,6707051,19029400
5302,1129,1211,2268207,23531,6708262,18962700
5303,1150,1123,2267057,23558,6709385,18945800
5304,1152,1165,2265905,23545,6710550,18900900
5305,1202,1171,2264703,23576,6711721,19256100
5306,1138,1189,2263565,23525,6712910,19707700
5307,1216,1177,2262349,23564,6714087,18878400
5308,1179,1200,2261170,23543,6715287,18786600
5309,1172,1198,2259998,23517,6716485,18892100
5310,1224,1166,2258774,23575,6717651,19018400
5311,1185,1173,2257589,23587,6718824,19214500
5312,1226,1166,2256363,23647,6719990,20171700
5313,1173,1210,2255190,23610,6721200,18904700
5314,1254,1168,2253936,23696,6722368,19214200
5315,1200,1198,2252736,23698,6723566,18983700
5316,1235,1191,2251501,23742,6724757,19045700
5317,1166,1115,2250335,23793,6725872,18936300
5318,1171,1214,2249164,23750,6727086,18902900
5319,1170,1138,2247994,23782,6728224,18915700
5320,1202,1234,2246792,23750,6729458,18961100
5321,1140,1186,2245652,23704,6730644,19425000
5322,1162,1156,2244490,23710,6731800,18986600
5323,1229,1150,2243261,23789,6732950,18722800
5324,1186,1201,2242075,23774,6734151,18963800
5325,1192,1190,2240883,23776,6735341,19008200
5326,1206,1237,2239677,23745,6736578,18889500
5327,1196,1179,2238481,23762,6737757,19043900
5328,1241,1153,2237240,23850,6738910,19198300
5329,1244,1166,2235996,23928,6740076,18977400
5330,1212,1213,2234784,23927,6741289,18898600
5331,1207,1188,2233577,23946,6742477,19479500
5332,1141,1186,2232436,23901,6743663,18925900
5333,1174,1197,2231262,23878,6744860,19037600
5334,1153,1189,2230109,23842,6746049,18903600
5335,1214,1201,2228895,23855,6747250,18873000
5336,1161,1193,2227734,23823,6748443,19099500
5337,1224,1218,2226510,23829,6749661,19032000
5338,1211,1233,2225299,23807,6750894,18980600
5339,1170,1155,2224129,23822,6752049,19009500
5340,1152,1193,2222977,23781,6753242,18933600
5341,1164,1181,2221813,23764,6754423,19303500
5342,1174,1195,2220639,23743,6755618,18933400
5343,1197,1178,2219442,23762,6756796,19032800
5344,1159,1252,2218283,23669,6758048,19578500
5345,1141,1213,2217142,23597,6759261,19339500
5346,1121,1201,2216021,23517,6760462,19337100
5347,1202,1163,2214819,23556,6761625,19686800
5348,1171,1132,2213648,23595,6762757,19216900
5349,1216,1171,2212432,23640,6763928,19259900
5350,1219,1152,2211213,23707,6765080,20486900
5351,1129,1156,2210084,23680,6766236,19257800
5352,1100,1181,2208984,23599,6767417,19361900
5353,1158,1258,2207826,23499,6768675,19383600
5354,1128,1168,2206698,23459,6769843,19915800
5355,1131,1157,2205567,23433,6771000,19335100
5356,1159,1208,2204408,23384,6772208,19698600
5357,1130,1132,2203278,23382,6773340,18826600
5358,1167,1141,2202111,23408,6774481,19293300
5359,1188,1118,2200923,23478,6775599,19284600
5360,1129,1152,2199794,23455,6776751,19067600
5361,1184,1147,2198610,23492,6777898,18799900
5362,1100,1118,2197510,23474,6779016,18850100
5363,1116,1139,2196394,23451,6780155,18965900
5364,1067,1154,2195327,23364,6781309,19962000
5365,1107,1195,2194220,23276,6782504,19457000
5366,1114,1152,2193106,23238,6783656,19101600
5367,1131,1116,2191975,23253,6784772,18938400
5368,1152,1174,2190823,23231,6785946,18989900
5369,1211,1136,2189612,23306,6787082,18918600
5370,1075,1196,2188537,23185,6788278,19305900
5371,1091,1159,2187446,23117,6789437,18873500
5372,1156,1194,2186290,23079,6790631,19007500
5373,1109,1137,2185181,23051,6791768,18956900
5374,1071,1133,2184110,22989,6792901,18974500
5375,1073,1159,2183037,22903,6794060,18882800
5376,1140,1145,2181897,22898,6795205,18969000
5377,1099,1196,2180798,22801,6796401,19287300
5378,1070,1137,2179728,22734,6797538,19098400
5379,1108,1144,2178620,22698,6798682,19111000
5380,1077,1170,2177543,22605,6799852,18992500
5381,1109,1137,2176434,22577,6800989,19134000
5382,1109,1157,2175325,22529,6802146,19070400
5383,1078,1084,2174247,22523,6803230,19055000
5384,1048,1180,2173199,22391,6804410,18913700
5385,1057,1156,2172142,22292,6805566,19067900
5386,1031,1064,2171111,22259,6806630,18953700
5387,1029,1118,2170082,22170,6807748,19189500
5388,1109,1105,2168973,22174,6808853,19138300
5389,1030,1113,2167943,22091,6809966,18819100
5390,1086,1101,2166857,22076,6811067,19113300
5391,1079,1116,2165778,22039,6812183,18888800
5392,1022,1133,2164756,21928,6813316,18769000
5393,1033,1140,2163723,21821,6814456,18749800
5394,995,1125,2162728,21691,6815581,18889900
5395,970,1099,2161758,21562,6816680,18810100
5396,1029,1053,2160729,21538,6817733,18993400
5397,1075,1071,2159654,21542,6818804,18974600
5398,1096,1058,2158558,21580,6819862,18914000
5399,1015,1074,2157543,21521,6820936,18779400
5400,1025,1091,2156518,21455,6822027,18860800
5401,1064,1047,2155454,21472,6823074,19045600
5402,1057,1099,2154397,21430,6824173,18930000
5403,1077,1027,2153320,21480,6825200,18875200
5404,1053,1155,2152267,21378,6826355,19123300
5405,1082,1064,2151185,21396,6827419,19425100
5406,1045,1135,2150140,21306,6828554,19090700
5407,1133,1076,2149007,21363,6829630,18888000
5408,1082,1075,2147925,21370,6830705,19003300
5409,1035,1034,2146890,21371,6831739,19339400
5410,1058,1032,2145832,21397,6832771,19693400
5411,1035,1118,2144797,21314,6833889,19038700
5412,1056,990,2143741,21380,6834879,19507200
5413,1078,1063,2142663,21395,6835942,19639900
5414,1068,1058,2141595,21405,6837000,19771000
5415,1078,1152,2140517,21331,6838152,19786300
5416,1019,1035,2139498,21315,6839187,19505500
5417,1044,1067,2138454,21292,6840254,20215600
5418,1111,1061,2137343,21342,6841315,20200300
5419,1029,1121,2136314,21250,6842436,19051100
5420,1041,988,2135273,21303,6843424,19321900
5421,1015,1032,2134258,21286,6844456,19487200
5422,1076,1074,2133182,21288,6845530,19371600
5423,1050,1098,2132132,21240,6846628,19117200
5424,1025,1035,2131107,21230,6847663,18850400
5425,1042,1085,2130065,21187,6848748,18897300
5426,999,1092,2129066,21094,6849840,18927200
5427,1057,1021,2128009,21130,6850861,19118300
5428,989,1044,2127020,21075,6851905,18782600
5429,982,1050,2126038,21007,6852955,18826000
5430,1026,1100,2125012,20933,6854055,18973100
5431,981,1034,2124031,20880,6855089,19495000
5432,1038,1029,2122993,20889,6856118,18720900
5433,1008,1050,2121985,20847,6857168,19152500
5434,1049,984,2120936,20912,6858152,18750900
5435,1043,1037,2119893,20918,6859189,18871800
5436,1032,1027,2118861,20923,6860216,19518000
5437,1051,1064,2117810,20910,6861280,18853800
5438,1056,1020,2116754,20946,6862300,18904900
5439,999,1044,2115755,20901,6863344,18803100
5440,1026,1106,2114729,20821,6864450,18820800
5441,1030,987,2113699,20864,6865437,19074200
5442,985,1057,2112714,20792,6866494,18809300
5443,1014,1064,2111700,20742,6867558,19254000
5444,1004,939,2110696,20807,6868497,18756500
5445,997,1015,2109699,20789,6869512,19030500
5446,1037,1019,2108662,20807,6870531,19241400
5447,1011,1104,2107651,20714,6871635,19219100
5448,1018,1032,2106633,20700,6872667,18790200
5449,970,1013,2105663,20657,6873680,19118900
5450,941,1083,2104722,20515,6874763,18941100
5451,1030,1013,2103692,20532,6875776,18996700
5452,930,1059,2102762,20403,6876835,18984000
5453,984,1040,2101778,20347,6877875,19025000
5454,990,1020,2100788,20317,6878895,18990800
5455,982,981,2099806,20318,6879876,19025900
5456,946,1021,2098860,20243,6880897,18847200
5457,987,998,2097873,20232,6881895,18838700
5458,977,1051,2096896,20158,6882946,18855000
5459,967,1028,2095929,20097,6883974,18924100
5460,1054,987,2094875,20164,6884961,19000700
5461,961,1011,2093914,20114,6885972,18817800
5462,967,1000,2092947,20081,6886972,18722400
5463,961,1010,2091986,20032,6887982,19014400
5464,987,987,2090999,20032,6888969,19359200
5465,1005,1003,2089994,20034,6889972,18951600
5466,981,1024,2089013,19991,6890996,19188200
5467,1008,984,2088005,20015,6891980,18883500
5468,984,984,2087021,20015,6892964,18987800
5469,965,998,2086056,19982,6893962,20053800
5470,974,964,2085082,19992,6894926,19877500
5471,1031,929,2084051,20094,6895855,18826700
5472,1016,1014,2083035,20096,6896869,18867900
5473,983,972,2082052,20107,6897841,18821900
5474,931,995,2081121,20043,6898836,18935400
5475,990,1016,2080131,20017,6899852,19003600
5476,1018,1029,2079113,20006,6900881,19520800
5477,981,1004,2078132,19983,6901885,19154700
5478,983,977,2077149,19989,6902862,19207800
5479,979,1007,2076170,19961,6903869,19889700
5480,963,959,2075207,19965,6904828,19220500
5481,957,1027,2074250,19895,6905855,20114200
5482,990,990,2073260,19895,6906845,19744400
5483,976,1038,2072284,19833,6907883,19479900
5484,937,956,2071347,19814,6908839,19459400
5485,931,1037,2070416,19708,6909876,19591300
5486,964,970,2069452,19702,6910846,18946000
5487,918,1001,2068534,19619,6911847,19512800
5488,987,952,2067547,19654,6912799,18960000
5489,924,997,2066623,19581,6913796,18990000
5490,947,972,2065676,19556,6914768,18747400
5491,935,923,2064741,19568,6915691,18831300
5492,962,1048,2063779,19482,6916739,18922900
5493,1027,1003,2062752,19506,6917742,19004800
5494,980,986,2061772,19500,6918728,19235700
5495,968,961,2060804,19507,6919689,18830000
5496,991,978,2059813,19520,6920667,19131200
5497,966,1030,2058847,19456,6921697,18759900
5498,976,955,2057871,19477,6922652,18825200
5499,999,1008,2056872,19468,6923660,18902800
5500,961,992,2055911,19437,6924652,19359200
5501,975,997,2054936,19415,6925649,19535300
5502,992,916,2053944,19491,6926565,18930600
5503,993,973,2052951,19511,6927538,18981500
5504,975,978,2051976,19508,6928516,19014300
5505,989,930,2050987,19567,6929446,18926000
5506,1028,959,2049959,19636,6930405,18948700
5507,971,961,2048988,19646,6931366,18829100
5508,945,971,2048043,19620,6932337,18977300
5509,938,954,2047105,19604,6933291,18846700
5510,998,921,2046107,19681,6934212,19446200
5511,947,993,2045160,19635,6935205,18955000
5512,1012,994,2044148,19653,6936199,18941800
5513,1005,939,2043143,19719,6937138,19012300
5514,989,1025,2042154,19683,6938163,19094800
5515,954,955,2041200,19682,6939118,18995800
5516,999,968,2040201,19713,6940086,18869900
5517,958,950,2039243,19721,6941036,18870600
5518,947,990,2038296,19678,6942026,19190400
5519,972,998,2037324,19652,6943024,19287000
5520,986,998,2036338,19640,6944022,19107300
5521,963,1019,2035375,19584,6945041,19463100
5522,984,938,2034391,19630,6945979,19704500
5523,959,993,2033432,19596,6946972,18912100
5524,1030,986,2032402,19640,6947958,19004000
5525,1006,1007,2031396,19639,6948965,19207200
5526,980,1005,2030416,19614,6949970,19165600
5527,1013,965,2029403,19662,6950935,18836700
5528,979,995,2028424,19646,6951930,19006500
5529,925,954,2027499,19617,6952884,19019600
5530,912,929,2026587,19600,6953813,18804500
5531,964,1014,2025623,19550,6954827,19258500
5532,959,930,2024664,19579,6955757,19074200
5533,966,995,2023698,19550,6956752,18953800
5534,898,1001,2022800,19447,6957753,19066100
5535,967,988,2021833,19426,6958741,18770800
5536,926,946,2020907,19406,6959687,19928800
5537,951,967,2019956,19390,6960654,18916200
5538,968,923,2018988,19435,6961577,19092900
5539,1006,992,2017982,19449,6962569,18899500
5540,958,970,2017024,19437,6963539,19033700
5541,983,980,2016041,19440,6964519,19040800
5542,958,982,2015083,19416,6965501,19142600
5543,981,994,2014102,19403,6966495,19525700
5544,996,963,2013106,19436,6967458,19308800
5545,1050,1012,2012056,19474,6968470,20227800
5546,984,926,2011072,19532,6969396,19922300
5547,1005,991,2010067,19546,6970387,19045800
5548,949,1000,2009118,19495,6971387,19224100
5549,958,999,2008160,19454,6972386,19266000
5550,969,977,2007191,19446,6973363,18961300
5551,978,973,2006213,19451,6974336,19406200
5552,944,956,2005269,19439,6975292,19377100
5553,944,999,2004325,19384,6976291,19361500
5554,947,997,2003378,19334,6977288,19353500
5555,937,971,2002441,19300,6978259,19124000
5556,1013,962,2001428,19351,6979221,18862900
5557,1042,974,2000386,19419,6980195,18837400
5558,912,990,1999474,19341,6981185,19087800
5559,973,1009,1998501,19305,6982194,18939200
5560,982,963,1997519,19324,6983157,19159900
5561,926,1014,1996593,19236,6984171,18929300
5562,933,997,1995660,19172,6985168,18801600
5563,950,942,1994710,19180,6986110,18771000
5564,937,943,1993773,19174,6987053,18737500
5565,942,973,1992831,19143,6988026,19152600
5566,980,928,1991851,19195,6988954,18681000
5567,925,987,1990926,19133,6989941,19051100
5568,932,946,1989994,19119,6990887,19034700
5569,945,941,1989049,19123,6991828,18956700
5570,926,1024,1988123,19025,6992852,19076000
5571,917,915,1987206,19027,6993767,19061400
5572,999,918,1986207,19108,6994685,19526800
5573,912,979,1985295,19041,6995664,19047900
5574,969,942,1984326,19068,6996606,19211200
5575,910,994,1983416,18984,6997600,20051900
5576,903,932,1982513,18955,6998532,18918000
5577,984,954,1981529,18985,6999486,19151700
5578,962,972,1980567,18975,7000458,18921200
5579,941,982,1979626,18934,7001440,18802500
5580,987,999,1978639,18922,7002439,19181500
5581,934,930,1977705,18926,7003369,19222000
5582,950,939,1976755,18937,7004308,19169200
5583,893,905,1975862,18925,7005213,19284600
5584,933,938,1974929,18920,7006151,19145500
5585,956,942,1973973,18934,7007093,19253300
5586,945,931,1973028,18948,7008024,18940400
5587,978,932,1972050,18994,7008956,19198200
5588,936,951,1971114,18979,7009907,18848900
5589,916,948,1970198,18947,7010855,19198600
5590,890,935,1969308,18902,7011790,18825800
5591,919,936,1968389,18885,7012726,19100500
5592,951,963,1967438,18873,7013689,18988300
5593,991,996,1966447,18868,7014685,19146800
5594,893,946,1965554,18815,7015631,19100500
5595,873,934,1964681,18754,7016565,19289600
5596,940,951,1963741,18743,7017516,18885000
5597,848,938,1962893,18653,7018454,18919700
5598,873,961,1962020,18565,7019415,19018000
5599,907,921,1961113,18551,7020336,19085200
5600,918,899,1960195,18570,7021235,19153100
5601,860,937,1959335,18493,7022172,18850300
5602,925,902,1958410,18516,7023074,18836400
5603,896,945,1957514,18467,7024019,19071900
5604,953,916,1956561,18504,7024935,19031100
5605,907,894,1955654,18517,7025829,19156000
5606,920,895,1954734,18542,7026724,19318700
5607,926,913,1953808,18555,7027637,19367900
5608,893,935,1952915,18513,7028572,19440500
5609,953,931,1951962,18535,7029503,20074500
5610,951,888,1951011,18598,7030391,19467400
5611,969,887,1950042,18680,7031278,19764700
5612,952,978,1949090,18654,7032256,19488800
5613,923,925,1948167,18652,7033181,18905500
5614,972,926,1947195,18698,7034107,19274300
5615,947,1016,1946248,18629,7035123,19494400
5616,969,936,1945279,18662,7036059,19459800
5617,919,950,1944360,18631,7037009,19271300
5618,883,952,1943477,18562,7037961,19441000
5619,890,930,1942587,18522,7038891,19463100
5620,926,934,1941661,18514,7039825,18992600
5621,896,926,1940765,18484,7040751,19326500
5622,956,898,1939809,18542,7041649,18714500
5623,943,907,1938866,18578,7042556,18681400
5624,867,963,1937999,18482,7043519,19003200
5625,927,946,1937072,18463,7044465,18966300
5626,967,883,1936105,18547,7045348,19694800
5627,984,937,1935121,18594,7046285,19667100
5628,944,1003,1934177,18535,7047288,19165700
5629,931,929,1933246,18537,7048217,18985800
5630,936,916,1932310,18557,7049133,19476200
5631,920,941,1931390,18536,7050074,19189600
5632,942,951,1930448,18527,7051025,18977100
5633,926,911,1929522,18542,7051936,18886500
5634,917,916,1928605,18543,7052852,19102900
5635,921,928,1927684,18536,7053780,18940600
5636,865,912,1926819,18489,7054692,18913500
5637,926,973,1925893,18442,7055665,18929600
5638,918,914,1924975,18446,7056579,19176400
5639,905,954,1924070,18397,7057533,18985000
5640,915,916,1923155,18396,7058449,19329100
5641,846,921,1922309,18321,7059370,20001500
5642,979,835,1921330,18465,7060205,19171400
5643,912,928,1920418,18449,7061133,19131400
5644,900,961,1919518,18388,7062094,19196500
5645,942,905,1918576,18425,7062999,19209700
5646,900,961,1917676,18364,7063960,19141700
5647,909,963,1916767,18310,7064923,19502000
5648,979,915,1915788,18374,7065838,19049600
5649,911,907,1914877,18378,7066745,18966800
5650,914,953,1913963,18339,7067698,19275000
5651,920,919,1913043,18340,7068617,18910200
5652,938,906,1912105,18372,7069523,19038500
5653,927,929,1911178,18370,7070452,19180800
5654,900,906,1910278,18364,7071358,19080800
5655,923,933,1909355,18354,7072291,18947700
5656,954,902,1908401,18406,7073193,19163500
5657,934,930,1907467,18410,7074123,19136700
5658,891,918,1906576,18383,7075041,19212000
5659,875,901,1905701,18357,7075942,19160000
5660,923,874,1904778,18406,7076816,18986100
5661,944,918,1903834,18432,7077734,19078400
5662,916,971,1902918,18377,7078705,19083400
5663,876,959,1902042,18294,7079664,19072300
5664,837,904,1901205,18227,7080568,18988400
5665,951,900,1900254,18278,7081468,19009600
5666,918,925,1899336,18271,7082393,19192000
5667,963,929,1898373,18305,7083322,19167000
5668,915,926,1897458,18294,7084248,19453800
5669,909,948,1896549,18255,7085196,19142700
5670,919,943,1895630,18231,7086139,19032500
5671,985,883,1894645,18333,7087022,19358300
5672,906,936,1893739,18303,7087958,19194500
5673,942,873,1892797,18372,7088831,18947400
5674,932,902,1891865,18402,7089733,19250300
5675,901,939,1890964,18364,7090672,19548000
5676,922,891,1890042,18395,7091563,19832000
5677,876,922,1889166,18349,7092485,19841000
5678,912,919,1888254,18342,7093404,19730700
5679,896,895,1887358,18343,7094299,20170500
5680,858,896,1886500,18305,7095195,19715300
5681,905,929,1885595,18281,7096124,19576900
5682,877,909,1884718,18249,7097033,18920300
5683,891,910,1883827,18230,7097943,19505800
5684,827,903,1883000,18154,7098846,19287400
5685,931,912,1882069,18173,7099758,19459600
5686,902,920,1881167,18155,7100678,19023500
5687,870,889,1880297,18136,7101567,18911400
5688,908,972,1879389,18072,7102539,19224600
5689,886,898,1878503,18060,7103437,18827800
5690,851,964,1877652,17947,7104401,18912700
5691,829,914,1876823,17862,7105315,18881600
5692,889,928,1875934,17823,7106243,19460100
5693,912,894,1875022,17841,7107137,19282400
5694,915,927,1874107,17829,7108064,19280800
5695,882,924,1873225,17787,7108988,19109900
5696,883,845,1872342,17825,7109833,19017600
5697,892,924,1871450,17793,7110757,19267000
5698,862,867,1870588,17788,7111624,19018700
5699,866,883,1869722,17771,7112507,19286000
5700,862,920,1868860,17713,7113427,19220400
5701,877,871,1867983,17719,7114298,18972600
5702,861,868,1867122,17712,7115166,19107100
5703,871,878,1866251,17705,7116044,19474900
5704,881,940,1865370,17646,7116984,18840900
5705,851,848,1864519,17649,7117832,19016500
5706,871,879,1863648,17641,7118711,19488600
5707,843,903,1862805,17581,7119614,19163600
5708,856,902,1861949,17535,7120516,19309500
5709,866,891,1861083,17510,7121407,18941400
5710,831,839,1860252,17502,7122246,19011500
5711,878,890,1859374,17490,7123136,19249700
5712,882,849,1858492,17523,7123985,18968200
5713,914,873,1857578,17564,7124858,19377700
5714,865,907,1856713,17522,7125765,18962400
5715,887,889,1855826,17520,7126654,18904100
5716,894,890,1854932,17524,7127544,19297800
5717,873,925,1854059,17472,7128469,19295900
5718,874,852,1853185,17494,7129321,19917900
5719,840,878,1852345,17456,7130199,19277600
5720,892,870,1851453,17478,7131069,19036800
5721,816,838,1850637,17456,7131907,18933800
5722,841,908,1849796,17389,7132815,18936800
5723,903,827,1848893,17465,7133642,19143600
5724,863,895,1848030,17433,7134537,19013000
5725,814,872,1847216,17375,7135409,19602300
5726,855,832,1846361,17398,7136241,19246900
5727,882,886,1845479,17394,7137127,19045300
5728,936,863,1844543,17467,7137990,19031900
5729,889,917,1843654,17439,7138907,19043300
5730,891,893,1842763,17437,7139800,19763200
5731,906,820,1841857,17523,7140620,20178100
5732,878,864,1840979,17537,7141484,19725100
5733,914,882,1840065,17569,7142366,19267600
5734,930,866,1839135,17633,7143232,18939100
5735,908,836,1838227,17705,7144068,18891600
5736,940,873,1837287,17772,7144941,19093300
5737,849,922,1836438,17699,7145863,19247700
5738,908,876,1835530,17731,7146739,19110000
5739,883,915,1834647,17699,7147654,19017800
5740,918,881,1833729,17736,7148535,19231800
5741,882,854,1832847,17764,7149389,19377100
5742,925,932,1831922,17757,7150321,19601500
5743,936,881,1830986,17812,7151202,19834900
5744,912,884,1830074,17840,7152086,19834100
5745,907,851,1829167,17896,7152937,19905700
5746,853,934,1828314,17815,7153871,19495500
5747,856,935,1827458,17736,7154806,19521600
5748,901,915,1826557,17722,7155721,20346600
5749,904,927,1825653,17699,7156648,19595100
5750,892,908,1824761,17683,7157556,19481000
5751,870,883,1823891,17670,7158439,19209100
5752,905,880,1822986,17695,7159319,19058900
5753,883,878,1822103,17700,7160197,19924600
5754,881,895,1821222,17686,7161092,18989000
5755,862,873,1820360,17675,7161965,19221600
5756,876,854,1819484,17697,7162819,19096600
5757,802,905,1818682,17594,7163724,19072200
5758,867,842,1817815,17619,7164566,19639800
5759,826,876,1816989,17569,7165442,18871600
5760,849,932,1816140,17486,7166374,19023500
5761,831,822,1815309,17495,7167196,19361900
5762,837,922,1814472,17410,7168118,19660300
5763,885,830,1813587,17465,7168948,19022400
5764,836,896,1812751,17405,7169844,18963900
5765,879,881,1811872,17403,7170725,19101900
5766,868,876,1811004,17395,7171601,19656800
5767,831,864,1810173,17362,7172465,19638200
5768,881,869,1809292,17374,7173334,19523000
5769,846,878,1808446,17342,7174212,19152300
5770,916,907,1807530,17351,7175119,19035700
5771,859,820,1806671,17390,7175939,18962000
5772,880,867,1805791,17403,7176806,19023100
5773,882,900,1804909,17385,7177706,19071900
5774,835,818,1804074,17402,7178524,19705900
5775,844,886,1803230,17360,7179410,19331900
5776,846,846,1802384,17360,7180256,19001300
5777,886,868,1801498,17378,7181124,19566800
5778,849,897,1800649,17330,7182021,18947500
5779,855,828,1799794,17357,7182849,19141900
5780,856,891,1798938,17322,7183740,19125700
5781,862,815,1798076,17369,7184555,19201300
5782,873,845,1797203,17397,7185400,19292800
5783,904,832,1796299,17469,7186232,19366800
5784,903,900,1795396,17472,7187132,19775000
5785,885,850,1794511,17507,7187982,19274000
5786,892,860,1793619,17539,7188842,18910800
5787,888,933,1792731,17494,7189775,19002800
5788,909,871,1791822,17532,7190646,19041000
5789,922,859,1790900,17595,7191505,19066900
5790,843,906,1790057,17532,7192411,19073700
5791,886,884,1789171,17534,7193295,19406700
5792,902,871,1788269,17565,7194166,18990600
5793,914,850,1787355,17629,7195016,19346000
5794,867,855,1786488,17641,7195871,19148900
5795,909,887,1785579,17663,7196758,19103800
5796,848,940,1784731,17571,7197698,19272100
5797,838,888,1783893,17521,7198586,19008400
5798,889,842,1783004,17568,7199428,19454500
5799,907,827,1782097,17648,7200255,18900900
5800,915,851,1781182,17712,7201106,19121100
5801,838,888,1780344,17662,7201994,19021100
5802,891,896,1779453,17657,7202890,19572900
5803,868,878,1778585,17647,7203768,19049000
5804,846,937,1777739,17556,7204705,19080000
5805,794,886,1776945,17464,7205591,18968100
5806,856,879,1776089,17441,7206470,20293900
5807,865,850,1775224,17456,7207320,20069600
5808,848,858,1774376,17446,7208178,20100600
5809,888,856,1773488,17478,7209034,19525100
5810,866,881,1772622,17463,7209915,19994000
5811,851,858,1771771,17456,7210773,19101900
5812,878,846,1770893,17488,7211619,19765300
5813,921,857,1769972,17552,7212476,19916300
5814,864,869,1769108,17547,7213345,19597700
5815,811,896,1768297,17462,7214241,19437900
5816,873,895,1767424,17440,7215136,19060600
5817,871,887,1766553,17424,7216023,19849600
5818,853,872,1765700,17405,7216895,19223000
5819,919,866,1764781,17458,7217761,18931400
5820,840,890,1763941,17408,7218651,20461500
5821,904,881,1763037,17431,7219532,19209200
5822,870,834,1762167,17467,7220366,19025700
5823,875,895,1761292,17447,7221261,19146700
5824,869,905,1760423,17411,7222166,18991400
5825,864,858,1759559,17417,7223024,18978200
5826,855,917,1758704,17355,7223941,19109700
5827,844,826,1757860,17373,7224767,18963800
5828,853,889,1757007,17337,7225656,18942100
5829,844,891,1756163,17290,7226547,19473500
5830,877,873,1755286,17294,7227420,18985400
5831,852,826,1754434,17320,7228246,19116200
5832,812,836,1753622,17296,7229082,18976400
5833,878,853,1752744,17321,7229935,19086000
5834,865,878,1751879,17308,7230813,19150400
5835,839,903,1751040,17244,7231716,19370400
5836,837,819,1750203,17262,7232535,19895500
5837,882,821,1749321,17323,7233356,19411800
5838,866,803,1748455,17386,7234159,18848400
5839,851,882,1747604,17355,7235041,19508800
5840,806,844,1746798,17317,7235885,19197400
5841,862,852,1745936,17327,7236737,18938100
5842,844,928,1745092,17243,7237665,19516900
5843,856,840,1744236,17259,7238505,19317700
5844,833,838,1743403,17254,7239343,19427600
5845,838,905,1742565,17187,7240248,18856600
5846,859,869,1741706,17177,7241117,18977500
5847,907,850,1740799,17234,7241967,19393100
5848,872,795,1739927,17311,7242762,19330000
5849,806,889,1739121,17228,7243651,19080400
5850,805,864,1738316,17169,7244515,19120900
5851,862,891,1737454,17140,7245406,19092700
5852,861,826,1736593,17175,7246232,19003300
5853,879,842,1735714,17212,7247074,19425900
5854,818,803,1734896,17227,7247877,19223300
5855,862,886,1734034,17203,7248763,18994200
5856,832,867,1733202,17168,7249630,19367200
5857,826,849,1732376,17145,7250479,19052200
5858,856,885,1731520,17116,7251364,19329800
5859,866,838,1730654,17144,7252202,19118600
5860,830,807,1729824,17167,7253009,18559700
5861,893,871,1728931,17189,7253880,18692600
5862,878,844,1728053,17223,7254724,19171500
5863,846,903,1727207,17166,7255627,19080900
5864,802,909,1726405,17059,7256536,19115900
5865,836,817,1725569,17078,7257353,19137700
5866,863,844,1724706,17097,7258197,19630300
5867,861,851,1723845,17107,7259048,18837700
5868,857,799,1722988,17165,7259847,18890000
5869,895,901,1722093,17159,7260748,19285800
5870,839,911,1721254,17087,7261659,19363700
5871,884,879,1720370,17092,7262538,19685000
5872,852,873,1719518,17071,7263411,20073900
5873,881,863,1718637,17089,7264274,19732800
5874,877,861,1717760,17105,7265135,19203400
5875,870,883,1716890,17092,7266018,19506700
5876,855,899,1716035,17048,7266917,19719600
5877,892,845,1715143,17095,7267762,19571600
5878,869,811,1714274,17153,7268573,19554100
5879,861,875,1713413,17139,7269448,19345000
5880,859,814,1712554,17184,7270262,19367400
5881,882,855,1711672,17211,7271117,19513600
5882,867,894,1710805,17184,7272011,19722400
5883,874,849,1709931,17209,7272860,19637500
5884,828,840,1709103,17197,7273700,19662500
5885,878,824,1708225,17251,7274524,19186500
5886,885,886,1707340,17250,7275410,19258700
5887,923,928,1706417,17245,7276338,19122200
5888,873,899,1705544,17219,7277237,19663100
5889,870,822,1704674,17267,7278059,19399100
5890,898,845,1703776,17320,7278904,19054200
5891,891,871,1702885,17340,7279775,18897000
5892,911,884,1701974,17367,7280659,18874200
5893,852,807,1701122,17412,7281466,19005400
5894,830,865,1700292,17377,7282331,19317400
5895,879,855,1699413,17401,7283186,19405400
5896,879,910,1698534,17370,7284096,19054300
5897,883,879,1697651,17374,7284975,19115600
5898,875,877,1696776,17372,7285852,19077500
5899,900,924,1695876,17348,7286776,19305200
5900,851,835,1695025,17364,7287611,19071800
5901,880,825,1694145,17419,7288436,18946100
5902,793,826,1693352,17386,7289262,18877900
5903,833,888,1692519,17331,7290150,18999900
5904,888,820,1691631,17399,7290970,19071300
5905,851,915,1690780,17335,7291885,19391800
5906,807,886,1689973,17256,7292771,19124500
5907,821,893,1689152,17184,7293664,19163900
5908,846,859,1688306,17171,7294523,18840000
5909,839,869,1687467,17141,7295392,19267500
5910,839,833,1686628,17147,7296225,18843300
5911,873,820,1685755,17200,7297045,19184300
5912,823,834,1684932,17189,7297879,18944500
5913,885,839,1684047,17235,7298718,19436200
5914,873,897,1683174,17211,7299615,19376100
5915,872,877,1682302,17206,7300492,19169400
5916,864,893,1681438,17177,7301385,19262900
5917,896,879,1680542,17194,7302264,19435400
5918,845,882,1679697,17157,7303146,19421400
5919,843,864,1678854,17136,7304010,18776200
5920,854,892,1678000,17098,7304902,19320400
5921,822,914,1677178,17006,7305816,20081100
5922,856,830,1676322,17032,7306646,20163600
5923,839,786,1675483,17085,7307432,18759000
5924,837,885,1674646,17037,7308317,20090800
5925,852,858,1673794,17031,7309175,19292800
5926,891,857,1672903,17065,7310032,18858100
5927,898,858,1672005,17105,7310890,19958400
5928,890,924,1671115,17071,7311814,18914400
5929,843,906,1670272,17008,7312720,19326400
5930,848,860,1669424,16996,7313580,18931000
5931,827,858,1668597,16965,7314438,19155200
5932,865,849,1667732,16981,7315287,19119300
5933,883,841,1666849,17023,7316128,19000900
5934,830,845,1666019,17008,7316973,19550900
5935,856,865,1665163,16999,7317838,19124500
5936,841,864,1664322,16976,7318702,19062900
5937,799,894,1663523,16881,7319596,19794500
5938,818,815,1662705,16884,7320411,19107700
5939,827,839,1661878,16872,7321250,19335100
5940,821,843,1661057,16850,7322093,19464600
5941,882,823,1660175,16909,7322916,19988000
5942,831,805,1659344,16935,7323721,19250200
5943,822,832,1658522,16925,7324553,19642000
5944,840,879,1657682,16886,7325432,20235800
5945,855,827,1656827,16914,7326259,19273900
5946,902,840,1655925,16976,7327099,19897500
5947,869,801,1655056,17044,7327900,19197100
5948,881,856,1654175,17069,7328756,19710400
5949,846,828,1653329,17087,7329584,19913000
5950,843,815,1652486,17115,7330399,18826100
5951,911,839,1651575,17187,7331238,19359700
5952,919,860,1650656,17246,7332098,18938000
5953,920,880,1649736,17286,7332978,19402200
5954,912,858,1648824,17340,7333836,20160700
5955,899,867,1647925,17372,7334703,19235400
5956,852,853,1647073,17371,7335556,18904100
5957,905,883,1646168,17393,7336439,18941100
5958,874,840,1645294,17427,7337279,18936900
5959,864,872,1644430,17419,7338151,18905400
5960,846,861,1643584,17404,7339012,18967400
5961,905,909,1642679,17400,7339921,18821100
5962,865,851,1641814,17414,7340772,19055200
5963,844,851,1640970,17407,7341623,19574200
5964,897,886,1640073,17418,7342509,19059400
5965,830,835,1639243,17413,7343344,19345700
5966,883,842,1638360,17454,7344186,19181900
5967,904,813,1637456,17545,7344999,18934700
5968,964,895,1636492,17614,7345894,19036800
5969,926,912,1635566,17628,7346806,18928600
5970,884,864,1634682,17648,7347670,18920000
5971,921,884,1633761,17685,7348554,18885300
5972,841,926,1632920,17600,7349480,18869000
5973,859,941,1632061,17518,7350421,19115500
5974,810,871,1631251,17457,7351292,19034400
5975,883,857,1630368,17483,7352149,18968400
5976,849,854,1629519,17478,7353003,19311800
5977,851,893,1628668,17436,7353896,19279500
5978,815,840,1627853,17411,7354736,18861900
5979,827,864,1627026,17374,7355600,18859500
5980,875,858,1626151,17391,7356458,19280300
5981,855,915,1625296,17331,7357373,18957100
5982,813,873,1624483,17271,7358246,18804700
5983,825,823,1623658,17273,7359069,18954300
5984,793,834,1622865,17232,7359903,18826300
5985,819,854,1622046,17197,7360757,19149600
5986,807,867,1621239,17137,7361624,18853000
5987,803,837,1620436,17103,7362461,19144200
5988,847,905,1619589,17045,7363366,18919600
5989,847,833,1618742,17059,7364199,18989600
5990,835,846,1617907,17048,7365045,18946900
5991,809,835,1617098,17022,7365880,18928500
5992,875,842,1616223,17055,7366722,19575300
5993,848,806,1615375,17097,7367528,20441800
5994,890,843,1614485,17144,7368371,18930100
5995,856,839,1613629,17161,7369210,18963400
5996,856,941,1612773,17076,7370151,18872200
5997,862,818,1611911,17120,7370969,19032900
5998,877,846,1611034,17151,7371815,19106300
5999,842,839,1610192,17154,7372654,19482200
6000,861,882,1609331,17133,7373536,18994800
6001,918,871,1608413,17180,7374407,18837600
6002,810,842,1607603,17148,7375249,18985800
6003,847,889,1606756,17106,7376138,20309700
6004,867,803,1605889,17170,7376941,19941100
6005,848,900,1605041,17118,7377841,19153800
6006,927,859,1604114,17186,7378700,20181900
6007,853,847,1603261,17192,7379547,19660800
6008,804,815,1602457,17181,7380362,19263400
6009,852,849,1601605,17184,7381211,19092100
6010,885,850,1600720,17219,7382061,19448900
6011,845,816,1599875,17248,7382877,19325600
6012,851,883,1599024,17216,7383760,19008700
6013,833,834,1598191,17215,7384594,20224300
6014,838,866,1597353,17187,7385460,19486200
6015,862,854,1596491,17195,7386314,19763200
6016,822,849,1595669,17168,7387163,19414900
6017,833,847,1594836,17154,7388010,19060300
6018,839,891,1593997,17102,7388901,19164500
6019,812,818,1593185,17096,7389719,18825600
6020,838,863,1592347,17071,7390582,18915300
6021,810,843,1591537,17038,7391425,19392700
6022,835,915,1590702,16958,7392340,18847500
6023,870,856,1589832,16972,7393196,18775700
6024,800,826,1589032,16946,7394022,18847700
6025,847,864,1588185,16929,7394886,19291900
6026,870,870,1587315,16929,7395756,19428600
6027,838,881,1586477,16886,7396637,18895600
6028,837,835,1585640,16888,7397472,18956100
6029,876,788,1584764,16976,7398260,18895400
6030,847,870,1583917,16953,7399130,18955400
6031,850,821,1583067,16982,7399951,18860700
6032,882,832,1582185,17032,7400783,18974900
6033,887,901,1581298,17018,7401684,18958900
6034,856,824,1580442,17050,7402508,19321800
6035,864,891,1579578,17023,7403399,18982900
6036,849,856,1578729,17016,7404255,19228100
6037,843,850,1577886,17009,7405105,19049500
6038,825,828,1577061,17006,7405933,19128800
6039,864,834,1576197,17036,7406767,19324300
6040,847,851,1575350,17032,7407618,19098700
6041,804,810,1574546,17026,7408428,19304500
6042,805,847,1573741,16984,7409275,18821000
6043,817,890,1572924,16911,7410165,19356600
6044,818,851,1572106,16878,7411016,19171300
6045,893,830,1571213,16941,7411846,19676200
6046,813,885,1570400,16869,7412731,19705700
6047,820,888,1569580,16801,7413619,18995700
6048,857,842,1568723,16816,7414461,19036200
6049,841,832,1567882,16825,7415293,18891100
6050,840,842,1567042,16823,7416135,19243200
6051,815,816,1566227,16822,7416951,19059700
6052,795,841,1565432,16776,7417792,18929500
6053,820,863,1564612,16733,7418655,18963100
6054,844,802,1563768,16775,7419457,18899300
6055,822,848,1562946,16749,7420305,18801300
6056,855,844,1562091,16760,7421149,19231200
6057,784,853,1561307,16691,7422002,18888400
6058,785,753,1560522,16723,7422755,19002200
6059,843,779,1559679,16787,7423534,19044500
6060,865,825,1558814,16827,7424359,19135800
6061,826,832,1557988,16821,7425191,18828400
6062,804,827,1557184,16798,7426018,19250700
6063,841,837,1556343,16802,7426855,18925200
6064,771,809,1555572,16764,7427664,19492300
6065,826,793,1554746,16797,7428457,18924600
6066,838,827,1553908,16808,7429284,19253200
6067,833,846,1553075,16795,7430130,18956600
6068,817,862,1552258,16750,7430992,19272000
6069,776,850,1551482,16676,7431842,19807900
6070,816,808,1550666,16684,7432650,19693300
6071,813,822,1549853,16675,7433472,19549500
6072,805,866,1549048,16614,7434338,19306200
6073,768,846,1548280,16536,7435184,19791200
6074,810,847,1547470,16499,7436031,19230200
6075,741,876,1546729,16364,7436907,19382100
6076,809,781,1545920,16392,7437688,19595800
6077,798,793,1545122,16397,7438481,19467800
6078,739,852,1544383,16284,7439333,19812300
6079,801,833,1543582,16252,7440166,19925400
6080,769,820,1542813,16201,7440986,19407700
6081,734,765,1542079,16170,7441751,19471100
6082,743,805,1541336,16108,7442556,18677200
6083,761,842,1540575,16027,7443398,18851200
6084,813,804,1539762,16036,7444202,19315800
6085,774,800,1538988,16010,7445002,18770100
6086,714,833,1538274,15891,7445835,18854200
6087,808,820,1537466,15879,7446655,19055800
6088,754,841,1536712,15792,7447496,19132600
6089,734,781,1535978,15745,7448277,19011000
6090,726,799,1535252,15672,7449076,18803900
6091,722,790,1534530,15604,7449866,18879300
6092,792,818,1533738,15578,7450684,18872600
6093,750,746,1532988,15582,7451430,19230600
6094,800,755,1532188,15627,7452185,18836100
6095,732,822,1531456,15537,7453007,18870600
6096,733,789,1530723,15481,7453796,19045100
6097,770,803,1529953,15448,7454599,19330600
6098,745,785,1529208,15408,7455384,19210300
6099,770,749,1528438,15429,7456133,19051500
6100,789,765,1527649,15453,7456898,19231500
6101,755,769,1526894,15439,7457667,19243400
6102,768,789,1526126,15418,7458456,18954600
6103,762,749,1525364,15431,7459205,18824100
6104,726,846,1524638,15311,7460051,18911300
6105,747,802,1523891,15256,7460853,18752200
6106,769,739,1523122,15286,7461592,19041300
6107,790,754,1522332,15322,7462346,18905800
6108,802,754,1521530,15370,7463100,19405700
6109,779,787,1520751,15362,7463887,18983300
6110,771,791,1519980,15342,7464678,19013600
6111,781,717,1519199,15406,7465395,19207500
6112,768,835,1518431,15339,7466230,19320700
6113,790,827,1517641,15302,7467057,19235900
6114,757,774,1516884,15285,7467831,18972900
6115,739,754,1516145,15270,7468585,19167000
6116,737,760,1515408,15247,7469345,18842900
6117,773,778,1514635,15242,7470123,18909200
6118,794,746,1513841,15290,7470869,18918000
6119,821,745,1513020,15366,7471614,18998000
6120,751,765,1512269,15352,7472379,19433800
6121,824,783,1511445,15393,7473162,19135000
6122,743,760,1510702,15376,7473922,18999800
6123,727,785,1509975,15318,7474707,18942500
6124,735,784,1509240,15269,7475491,18823700
6125,721,789,1508519,15201,7476280,18916600
6126,753,767,1507766,15187,7477047,18787400
6127,728,764,1507038,15151,7477811,18774000
6128,794,709,1506244,15236,7478520,18911400
6129,750,757,1505494,15229,7479277,19005600
6130,758,799,1504736,15188,7480076,18878500
6131,721,765,1504015,15144,7480841,19582300
6132,740,769,1503275,15115,7481610,19918800
6133,736,710,1502539,15141,7482320,19062200
6134,813,802,1501726,15152,7483122,18955300
6135,745,739,1500981,15158,7483861,19404000
6136,791,771,1500190,15178,7484632,19660500
6137,753,739,1499437,15192,7485371,19155500
6138,777,770,1498660,15199,7486141,19691300
6139,738,729,1497922,15208,7486870,19743900
6140,773,733,1497149,15248,7487603,19306000
6141,770,761,1496379,15257,7488364,19065100
6142,743,730,1495636,15270,7489094,19690300
6143,755,772,1494881,15253,7489866,19982900
6144,782,772,1494099,15263,7490638,19299900
6145,763,767,1493336,15259,7491405,20175000
6146,726,769,1492610,15216,7492174,22336000
6147,807,807,1491803,15216,7492981,21021700
6148,783,728,1491020,15271,7493709,20683600
6149,812,727,1490208,15356,7494436,20135500
6150,748,786,1489460,15318,7495222,20615900
6151,762,721,1488698,15359,7495943,20076500
6152,787,759,1487911,15387,7496702,21134400
6153,758,776,1487153,15369,7497478,19092900
6154,721,750,1486432,15340,7498228,18462200
6155,773,802,1485659,15311,7499030,18920800
6156,747,751,1484912,15307,7499781,19197500
6157,787,720,1484125,15374,7500501,19146400
6158,738,816,1483387,15296,7501317,18873000
6159,749,755,1482638,15290,7502072,18999300
6160,730,702,1481908,15318,7502774,18927500
6161,748,778,1481160,15288,7503552,19291600
6162,734,796,1480426,15226,7504348,19073200
6163,754,749,1479672,15231,7505097,18921300
6164,747,783,1478925,15195,7505880,18909300
6165,747,689,1478178,15253,7506569,19180700
6166,711,785,1477467,15179,7507354,18836400
6167,730,781,1476737,15128,7508135,18871900
6168,728,801,1476009,15055,7508936,18966000
6169,716,777,1475293,14994,7509713,18963000
6170,710,783,1474583,14921,7510496,19228500
6171,751,747,1473832,14925,7511243,18898000
6172,773,735,1473059,14963,7511978,18888000
6173,737,765,1472322,14935,7512743,18996700
6174,723,747,1471599,14911,7513490,19117400
6175,723,780,1470876,14854,7514270,18884900
6176,770,760,1470106,14864,7515030,18828600
6177,743,786,1469363,14821,7515816,18809400
6178,747,750,1468616,14818,7516566,18717700
6179,763,779,1467853,14802,7517345,18806900
6180,694,756,1467159,14740,7518101,18947000
6181,735,773,1466424,14702,7518874,18890000
6182,720,756,1465704,14666,7519630,19554700
6183,726,732,1464978,14660,7520362,18972500
6184,728,698,1464250,14690,7521060,19154800
6185,778,711,1463472,14757,7521771,18875300
6186,759,707,1462713,14809,7522478,19192200
6187,694,753,1462019,14750,7523231,19095700
6188,726,737,1461293,14739,7523968,18978800
6189,743,688,1460550,14794,7524656,18923500
6190,763,731,1459787,14826,7525387,19011000
6191,761,715,1459026,14872,7526102,18918400
6192,736,720,1458290,14888,7526822,19115600
6193,750,728,1457540,14910,7527550,19176900
6194,737,742,1456803,14905,7528292,19050500
6195,747,801,1456056,14851,7529093,18869100
6196,798,752,1455258,14897,7529845,18786800
6197,780,700,1454478,14977,7530545,18928300
6198,749,692,1453729,15034,7531237,18839100
6199,728,780,1453001,14982,7532017,18918900
6200,800,751,1452201,15031,7532768,19191300
6201,762,745,1451439,15048,7533513,20087700
6202,700,760,1450739,14988,7534273,19904400
6203,729,778,1450010,14939,7535051,20497600
6204,738,763,1449272,14914,7535814,19576700
6205,734,746,1448538,14902,7536560,19661200
6206,787,727,1447751,14962,7537287,19501900
6207,776,735,1446975,15003,7538022,19772100
6208,779,787,1446196,14995,7538809,19655100
6209,731,750,1445465,14976,7539559,20384200
6210,755,760,1444710,14971,7540319,19462000
6211,736,745,1443974,14962,7541064,19354000
6212,736,750,1443238,14948,7541814,19178300
6213,746,789,1442492,14905,7542603,19236800
6214,738,779,1441754,14864,7543382,19030100
6215,783,719,1440971,14928,7544101,18851700
6216,726,778,1440245,14876,7544879,19259600
6217,742,785,1439503,14833,7545664,18718700
6218,759,720,1438744,14872,7546384,19301800
6219,740,753,1438004,14859,7547137,18923200
6220,764,772,1437240,14851,7547909,18951100
6221,756,737,1436484,14870,7548646,19084700
6222,747,776,1435737,14841,7549422,19121500
6223,756,735,1434981,14862,7550157,18965800
6224,702,710,1434279,14854,7550867,18991000
6225,728,739,1433551,14843,7551606,18783600
6226,738,743,1432813,14838,7552349,18777400
6227,742,749,1432071,14831,7553098,18854100
6228,733,718,1431338,14846,7553816,19019500
6229,751,721,1430587,14876,7554537,19104600
6230,723,854,1429864,14745,7555391,18785700
6231,720,732,1429144,14733,7556123,18950000
6232,792,745,1428352,14780,7556868,18851100
6233,722,765,1427630,14737,7557633,18754600
6234,744,731,1426886,14750,7558364,18758200
6235,756,746,1426130,14760,7559110,18983700
6236,745,742,1425385,14763,7559852,18900600
6237,773,754,1424612,14782,7560606,19315200
6238,722,757,1423890,14747,7561363,19022300
6239,810,757,1423080,14800,7562120,19152200
6240,828,726,1422252,14902,7562846,18823000
6241,758,757,1421494,14903,7563603,18921400
6242,754,749,1420740,14908,7564352,18956200
6243,786,747,1419954,14947,7565099,18766600
6244,772,744,1419182,14975,7565843,18846400
6245,740,788,1418442,14927,7566631,18893900
6246,782,760,1417660,14949,7567391,18824400
6247,739,796,1416921,14892,7568187,19014700
6248,766,756,1416155,14902,7568943,18930200
6249,755,789,1415400,14868,7569732,19331100
6250,756,756,1414644,14868,7570488,18971200
6251,728,757,1413916,14839,7571245,18868400
6252,757,701,1413159,14895,7571946,19177300
6253,802,715,1412357,14982,7572661,18849500
6254,729,689,1411628,15022,7573350,18848100
6255,770,788,1410858,15004,7574138,20260300
6256,764,746,1410094,15022,7574884,19931600
6257,735,751,1409359,15006,7575635,18838200
6258,754,755,1408605,15005,7576390,18892500
6259,771,729,1407834,15047,7577119,19268700
6260,743,735,1407091,15055,7577854,19277100
6261,689,718,1406402,15026,7578572,19552500
6262,720,707,1405682,15039,7579279,18938000
6263,741,712,1404941,15068,7579991,19251100
6264,751,756,1404190,15063,7580747,18930300
6265,726,751,1403464,15038,7581498,18941400
6266,756,749,1402708,15045,7582247,19085100
6267,768,721,1401940,15092,7582968,19862200
6268,763,757,1401177,15098,7583725,19725500
6269,724,740,1400453,15082,7584465,20068600
6270,729,719,1399724,15092,7585184,19805700
6271,737,779,1398987,15050,7585963,19724300
6272,759,754,1398228,15055,7586717,19784400
6273,762,759,1397466,15058,7587476,19246300
6274,742,738,1396724,15062,7588214,19161700
6275,766,729,1395958,15099,7588943,19788400
6276,799,739,1395159,15159,7589682,19658100
6277,705,708,1394454,15156,7590390,19487000
6278,719,779,1393735,15096,7591169,19653300
6279,715,749,1393020,15062,7591918,19630600
6280,749,748,1392271,15063,7592666,18847700
6281,700,762,1391571,15001,7593428,18999400
6282,748,739,1390823,15010,7594167,19269300
6283,776,781,1390047,15005,7594948,19021200
6284,728,742,1389319,14991,7595690,19151000
6285,723,803,1388596,14911,7596493,18773300
6286,806,705,1387790,15012,7597198,19080900
6287,757,733,1387033,15036,7597931,19104700
6288,723,754,1386310,15005,7598685,18803100
6289,721,759,1385589,14967,7599444,18981000
6290,766,760,1384823,14973,7600204,19316100
6291,739,744,1384084,14968,7600948,19106900
6292,741,750,1383343,14959,7601698,18980300
6293,725,755,1382618,14929,7602453,18949900
6294,755,741,1381863,14943,7603194,18808500
6295,716,736,1381147,14923,7603930,18876100
6296,759,708,1380388,14974,7604638,19552500
6297,749,748,1379639,14975,7605386,18836200
6298,735,805,1378904,14905,7606191,19029100
6299,746,800,1378158,14851,7606991,18806800
6300,740,752,1377418,14839,7607743,19268300
6301,706,761,1376712,14784,7608504,19002200
6302,725,760,1375987,14749,7609264,18914600
6303,751,725,1375236,14775,7609989,18933300
6304,694,783,1374542,14686,7610772,18952300
6305,701,739,1373841,14648,7611511,19215300
6306,736,727,1373105,14657,7612238,18878200
6307,688,730,1372417,14615,7612968,19804200
6308,722,750,1371695,14587,7613718,20150300
6309,678,745,1371017,14520,7614463,18764200
6310,723,702,1370294,14541,7615165,18958400
6311,730,729,1369564,14542,7615894,19120000
6312,711,726,1368853,14527,7616620,19076400
6313,742,695,1368111,14574,7617315,19493200
6314,714,682,1367397,14606,7617997,18852300
6315,736,748,1366661,14594,7618745,19026600
6316,723,779,1365938,14538,7619524,18977100
6317,752,705,1365186,14585,7620229,19312700
6318,703,731,1364483,14557,7620960,19100600
6319,708,719,1363775,14546,7621679,18909300
6320,731,713,1363044,14564,7622392,18860800
6321,694,750,1362350,14508,7623142,18939900
6322,738,756,1361612,14490,7623898,18898100
6323,723,699,1360889,14514,7624597,18926600
6324,714,725,1360175,14503,7625322,18982800
6325,723,744,1359452,14482,7626066,19017500
6326,752,703,1358700,14531,7626769,19105300
6327,711,737,1357989,14505,7627506,18999300
6328,747,718,1357242,14534,7628224,18832300
6329,713,726,1356529,14521,7628950,19173900
6330,723,713,1355806,14531,7629663,19289600
6331,717,730,1355089,14518,7630393,19343500
6332,732,712,1354357,14538,7631105,18958200
6333,759,765,1353598,14532,7631870,19675200
6334,688,737,1352910,14483,7632607,19381200
6335,725,737,1352185,14471,7633344,20541800
6336,697,686,1351488,14482,7634030,19573900
6337,716,763,1350772,14435,7634793,19750800
6338,723,715,1350049,14443,7635508,20121700
6339,725,664,1349324,14504,7636172,19277600
6340,722,758,1348602,14468,7636930,20234700
6341,724,729,1347878,14463,7637659,19411200
6342,762,726,1347116,14499,7638385,19559300
6343,735,716,1346381,14518,7639101,19208000
6344,708,733,1345673,14493,7639834,19631900
6345,710,762,1344963,14441,7640596,19255700
6346,721,705,1344242,14457,7641301,19051000
6347,699,702,1343543,14454,7642003,18868400
6348,700,738,1342843,14416,7642741,19365400
6349,723,732,1342120,14407,7643473,18820200
6350,711,732,1341409,14386,7644205,18736700
6351,688,713,1340721,14361,7644918,18807500
6352,694,736,1340027,14319,7645654,18811900
6353,701,719,1339326,14301,7646373,18867600
6354,713,690,1338613,14324,7647063,19030400
6355,704,709,1337909,14319,7647772,19015300
6356,692,716,1337217,14295,7648488,18815300
6357,738,708,1336479,14325,7649196,19162600
6358,669,748,1335810,14246,7649944,18763100
6359,693,701,1335117,14238,7650645,18799500
6360,672,738,1334445,14172,7651383,19854500
6361,711,692,1333734,14191,7652075,20327200
6362,710,754,1333024,14147,7652829,19116100
6363,682,667,1332342,14162,7653496,19013900
6364,722,675,1331620,14209,7654171,19559900
6365,688,682,1330932,14215,7654853,18909500
6366,680,714,1330252,14181,7655567,19051800
6367,693,700,1329559,14174,7656267,19005800
6368,679,689,1328880,14164,7656956,19050900
6369,702,685,1328178,14181,7657641,19087900
6370,685,717,1327493,14149,7658358,18814900
6371,683,721,1326810,14111,7659079,18900300
6372,714,680,1326096,14145,7659759,18836300
6373,714,719,1325382,14140,7660478,18857200
6374,708,709,1324674,14139,7661187,18778300
6375,726,745,1323948,14120,7661932,19367300
6376,764,716,1323184,14168,7662648,18912200
6377,708,748,1322476,14128,7663396,19011700
6378,720,678,1321756,14170,7664074,19967300
6379,707,697,1321049,14180,7664771,19469800
6380,713,731,1320336,14162,7665502,18969200
6381,698,694,1319638,14166,7666196,18800200
6382,701,680,1318937,14187,7666876,19013700
6383,706,725,1318231,14168,7667601,19185400
6384,691,723,1317540,14136,7668324,18945300
6385,731,676,1316809,14191,7669000,19126300
6386,734,683,1316075,14242,7669683,18923000
6387,727,711,1315348,14258,7670394,19022300
6388,728,745,1314620,14241,7671139,19113700
6389,712,695,1313908,14258,7671834,18897800
6390,686,698,1313222,14246,7672532,19041700
6391,706,735,1312516,14217,7673267,20361600
6392,691,681,1311825,14227,7673948,19187000
6393,647,748,1311178,14126,7674696,18935500
6394,655,680,1310523,14101,7675376,18808000
6395,684,741,1309839,14044,7676117,18629600
6396,733,711,1309106,14066,7676828,19204500
6397,678,675,1308428,14069,7677503,18733800
6398,727,688,1307701,14108,7678191,18972800
6399,724,694,1306977,14138,7678885,19559500
6400,692,712,1306285,14118,7679597,19279900
6401,689,713,1305596,14094,7680310,19040100
6402,707,681,1304889,14120,7680991,19297800
6403,734,708,1304155,14146,7681699,19905100
6404,732,690,1303423,14188,7682389,19189300
6405,651,726,1302772,14113,7683115,19427900
6406,705,672,1302067,14146,7683787,19513100
6407,693,691,1301374,14148,7684478,19449500
6408,705,765,1300669,14088,7685243,19755400
6409,711,799,1299958,14000,7686042,19501000
6410,716,706,1299242,14010,7686748,19257000
6411,705,715,1298537,14000,7687463,19074800
6412,697,711,1297840,13986,7688174,19709700
6413,740,673,1297100,14053,7688847,21050100
6414,688,742,1296412,13999,7689589,19584100
6415,721,726,1295691,13994,7690315,19430000
6416,737,681,1294954,14050,7690996,19144800
6417,692,678,1294262,14064,7691674,18936200
6418,692,741,1293570,14015,7692415,18820100
6419,729,714,1292841,14030,7693129,19279800
6420,708,688,1292133,14050,7693817,18807700
6421,726,684,1291407,14092,7694501,19153600
6422,681,733,1290726,14040,7695234,18846800
6423,725,697,1290001,14068,7695931,18889500
6424,746,693,1289255,14121,7696624,19199800
6425,699,728,1288556,14092,7697352,18884100
6426,725,741,1287831,14076,7698093,18941900
6427,740,686,1287091,14130,7698779,19032500
6428,758,677,1286333,14211,7699456,19146200
6429,765,701,1285568,14275,7700157,18914900
6430,688,757,1284880,14206,7700914,18828000
6431,674,696,1284206,14184,7701610,18797600
6432,720,714,1283486,14190,7702324,19118500
6433,680,737,1282806,14133,7703061,18731700
6434,711,701,1282095,14143,7703762,18963100
6435,698,717,1281397,14124,7704479,19357200
6436,702,742,1280695,14084,7705221,19393800
6437,694,695,1280001,14083,7705916,18974900
6438,706,737,1279295,14052,7706653,19009300
6439,685,708,1278610,14029,7707361,18910100
6440,683,708,1277927,14004,7708069,19101800
6441,695,692,1277232,14007,7708761,19279300
6442,668,679,1276564,13996,7709440,18906300
6443,694,688,1275870,14002,7710128,18796200
6444,661,697,1275209,13966,7710825,19076500
6445,696,671,1274513,13991,7711496,19246600
6446,653,677,1273860,13967,7712173,18866200
6447,663,674,1273197,13956,7712847,18896100
6448,697,666,1272500,13987,7713513,19254500
6449,648,715,1271852,13920,7714228,18997300
6450,688,706,1271164,13902,7714934,18883600
6451,691,707,1270473,13886,7715641,19151100
6452,687,660,1269786,13913,7716301,19593200
6453,681,671,1269105,13923,7716972,18829900
6454,695,676,1268410,13942,7717648,18783000
6455,658,673,1267752,13927,7718321,19055500
6456,714,683,1267038,13958,7719004,18841700
6457,703,720,1266335,13941,7719724,19015900
6458,676,706,1265659,13911,7720430,19089800
6459,735,682,1264924,13964,7721112,18917700
6460,700,674,1264224,13990,7721786,18935000
6461,708,665,1263516,14033,7722451,19325100
6462,669,726,1262847,13976,7723177,18937000
6463,689,715,1262158,13950,7723892,19050800
6464,691,712,1261467,13929,7724604,20672600
6465,733,711,1260734,13951,7725315,20543700
6466,681,676,1260053,13956,7725991,20733700
6467,698,687,1259355,13967,7726678,21463500
6468,697,706,1258658,13958,7727384,20600700
6469,684,739,1257974,13903,7728123,20942300
6470,663,701,1257311,13865,7728824,20660300
6471,667,669,1256644,13863,7729493,21292500
6472,646,718,1255998,13791,7730211,20787900
6473,707,718,1255291,13780,7730929,20009600
6474,661,694,1254630,13747,7731623,20086900
6475,647,657,1253983,13737,7732280,20064300
6476,695,701,1253288,13731,7732981,20271700
6477,643,682,1252645,13692,7733663,20263900
6478,650,690,1251995,13652,7734353,20059700
6479,687,697,1251308,13642,7735050,20499900
6480,647,699,1250661,13590,7735749,19942200
6481,645,675,1250016,13560,7736424,19877200
6482,641,655,1249375,13546,7737079,19963900
6483,677,687,1248698,13536,7737766,19652400
6484,695,662,1248003,13569,7738428,19596100
6485,638,704,1247365,13503,7739132,19694800
6486,683,677,1246682,13509,7739809,19404300
6487,685,651,1245997,13543,7740460,19612200
6488,646,629,1245351,13560,7741089,19124200
6489,674,704,1244677,13530,7741793,20471200
6490,652,667,1244025,13515,7742460,20012500
6491,634,704,1243391,13445,7743164,19219600
6492,662,685,1242729,13422,7743849,18948200
6493,670,674,1242059,13418,7744523,19180300
6494,654,694,1241405,13378,7745217,22615700
6495,666,670,1240739,13374,7745887,19980300
6496,651,696,1240088,13329,7746583,20146600
6497,680,658,1239408,13351,7747241,19527300
6498,665,682,1238743,13334,7747923,19019400
6499,705,669,1238038,13370,7748592,18983400
6500,643,660,1237395,13353,7749252,19164400
6501,677,634,1236718,13396,7749886,19292500
6502,683,723,1236035,13356,7750609,18944200
6503,724,653,1235311,13427,7751262,18917900
6504,690,675,1234621,13442,7751937,19014200
6505,680,682,1233941,13440,7752619,19254000
6506,697,686,1233244,13451,7753305,19211700
6507,731,642,1232513,13540,7753947,18845300
6508,701,698,1231812,13543,7754645,19035900
6509,702,660,1231110,13585,7755305,19076000
6510,677,673,1230433,13589,7755978,19354800
6511,710,679,1229723,13620,7756657,18935000
6512,722,695,1229001,13647,7757352,19121600
6513,704,685,1228297,13666,7758037,19164100
6514,693,692,1227604,13667,7758729,18864800
6515,669,664,1226935,13672,7759393,19290700
6516,677,679,1226258,13670,7760072,19431400
6517,638,613,1225620,13695,7760685,19517300
6518,653,672,1224967,13676,7761357,19293500
6519,693,687,1224274,13682,7762044,18939500
6520,705,685,1223569,13702,7762729,18832700
6521,743,657,1222826,13788,7763386,19411100
6522,698,704,1222128,13782,7764090,18980600
6523,682,738,1221446,13726,7764828,19041000
6524,666,724,1220780,13668,7765552,18820300
6525,638,660,1220142,13646,7766212,18988700
6526,670,692,1219472,13624,7766904,18767900
6527,686,655,1218786,13655,7767559,18949100
6528,618,676,1218168,13597,7768235,19386500
6529,636,656,1217532,13577,7768891,18948500
6530,679,664,1216853,13592,7769555,20014800
6531,713,701,1216140,13604,7770256,19850800
6532,686,671,1215454,13619,7770927,19937100
6533,677,673,1214777,13623,7771600,19510600
6534,656,713,1214121,13566,7772313,18987100
6535,672,694,1213449,13544,7773007,20016100
6536,691,686,1212758,13549,7773693,19620100
6537,733,634,1212025,13648,7774327,19553600
6538,696,716,1211329,13628,7775043,20014500
6539,689,665,1210640,13652,7775708,19702200
6540,696,691,1209944,13657,7776399,20014700
6541,696,688,1209248,13665,7777087,19665600
6542,716,667,1208532,13714,7777754,20324900
6543,644,744,1207888,13614,7778498,18976700
6544,714,681,1207174,13647,7779179,19032300
6545,701,696,1206473,13652,7779875,18730400
6546,618,673,1205855,13597,7780548,18873300
6547,737,676,1205118,13658,7781224,18897600
6548,656,647,1204462,13667,7781871,19118500
6549,680,719,1203782,13628,7782590,18919300
6550,622,728,1203160,13522,7783318,19172800
6551,657,685,1202503,13494,7784003,18906400
6552,622,693,1201881,13423,7784696,18668600
6553,617,612,1201264,13428,7785308,19054800
6554,647,676,1200617,13399,7785984,18781200
6555,659,689,1199958,13369,7786673,18797800
6556,646,655,1199312,13360,7787328,18772700
6557,659,717,1198653,13302,7788045,18815300
6558,611,655,1198042,13258,7788700,19180400
6559,650,682,1197392,13226,7789382,18888800
6560,606,640,1196786,13192,7790022,19031400
6561,601,689,1196185,13104,7790711,18772400
6562,641,689,1195544,13056,7791400,19187300
6563,649,657,1194895,13048,7792057,19018600
6564,649,621,1194246,13076,7792678,18960400
6565,669,694,1193577,13051,7793372,19000400
6566,652,646,1192925,13057,7794018,18944900
6567,641,627,1192284,13071,7794645,18860200
6568,691,694,1191593,13068,7795339,20199600
6569,651,651,1190942,13068,7795990,19654100
6570,699,652,1190243,13115,7796642,18939400
6571,669,619,1189574,13165,7797261,19365600
6572,689,614,1188885,13240,7797875,18945100
6573,645,657,1188240,13228,7798532,18926000
6574,636,689,1187604,13175,7799221,18797200
6575,674,677,1186930,13172,7799898,18894500
6576,664,708,1186266,13128,7800606,19248200
6577,680,654,1185586,13154,7801260,19308200
6578,667,632,1184919,13189,7801892,18761500
6579,713,688,1184206,13214,7802580,19361900
6580,629,718,1183577,13125,7803298,18943900
6581,702,647,1182875,13180,7803945,19105500
6582,624,690,1182251,13114,7804635,18808700
6583,711,649,1181540,13176,7805284,19109100
6584,637,672,1180903,13141,7805956,18847400
6585,685,664,1180218,13162,7806620,18909700
6586,698,655,1179520,13205,7807275,18928700
6587,696,689,1178824,13212,7807964,18840000
6588,687,714,1178137,13185,7808678,18944100
6589,669,653,1177468,13201,7809331,18904500
6590,662,646,1176806,13217,7809977,18811300
6591,639,610,1176167,13246,7810587,19150000
6592,686,625,1175481,13307,7811212,19179200
6593,650,670,1174831,13287,7811882,18858900
6594,694,658,1174137,13323,7812540,19227400
6595,694,683,1173443,13334,7813223,19157500
6596,696,670,1172747,13360,7813893,20641100
6597,680,685,1172067,13355,7814578,19908600
6598,639,647,1171428,13347,7815225,19198200
6599,664,640,1170764,13371,7815865,20612400
6600,681,665,1170083,13387,7816530,19840700
6601,669,650,1169414,13406,7817180,20192700
6602,666,660,1168748,13412,7817840,19819300
6603,662,689,1168086,13385,7818529,19900200
6604,665,688,1167421,13362,7819217,19448000
6605,688,640,1166733,13410,7819857,19252900
6606,689,662,1166044,13437,7820519,20334100
6607,725,663,1165319,13499,7821182,20001800
6608,649,639,1164670,13509,7821821,20023600
6609,651,644,1164019,13516,7822465,19804400
6610,664,688,1163355,13492,7823153,18854300
6611,643,688,1162712,13447,7823841,18805300
6612,632,717,1162080,13362,7824558,18929100
6613,642,656,1161438,13348,7825214,18763000
6614,640,630,1160798,13358,7825844,18748500
6615,631,736,1160167,13253,7826580,18806500
6616,646,647,1159521,13252,7827227,19098300
6617,656,698,1158865,13210,7827925,18970400
6618,618,658,1158247,13170,7828583,18783100
6619,619,689,1157628,13100,7829272,18960000
6620,623,622,1157005,13101,7829894,19875400
6621,567,646,1156438,13022,7830540,19718800
6622,606,630,1155832,12998,7831170,18890400
6623,606,668,1155226,12936,7831838,19211100
6624,606,685,1154620,12857,7832523,18921500
6625,637,655,1153983,12839,7833178,18743100
6626,598,664,1153385,12773,7833842,18522400
6627,594,649,1152791,12718,7834491,19255600
6628,624,645,1152167,12697,7835136,19032700
6629,614,632,1151553,12679,7835768,19721700
6630,596,651,1150957,12624,7836419,19334500
6631,599,610,1150358,12613,7837029,18865200
6632,648,617,1149710,12644,7837646,18829100
6633,625,610,1149085,12659,7838256,18881800
6634,618,626,1148467,12651,7838882,18841900
6635,625,608,1147842,12668,7839490,18874300
6636,662,624,1147180,12706,7840114,18859600
6637,602,599,1146578,12709,7840713,19406000
6638,651,622,1145927,12738,7841335,18912200
6639,657,650,1145270,12745,7841985,18809900
6640,684,599,1144586,12830,7842584,19177300
6641,684,626,1143902,12888,7843210,18976400
6642,666,613,1143236,12941,7843823,18811700
6643,673,649,1142563,12965,7844472,18864500
6644,682,666,1141881,12981,7845138,18872900
6645,690,664,1141191,13007,7845802,18964100
6646,616,660,1140575,12963,7846462,18883500
6647,652,597,1139923,13018,7847059,18890300
6648,684,652,1139239,13050,7847711,18849800
6649,608,623,1138631,13035,7848334,18954600
6650,666,595,1137965,13106,7848929,18830800
6651,647,655,1137318,13098,7849584,18852100
6652,640,599,1136678,13139,7850183,19804500
6653,645,698,1136033,13086,7850881,18784400
6654,678,665,1135355,13099,7851546,19123500
6655,640,660,1134715,13079,7852206,19515200
6656,693,637,1134022,13135,7852843,19024900
6657,645,678,1133377,13102,7853521,18761800
6658,681,637,1132696,13146,7854158,18956600
6659,671,676,1132025,13141,7854834,19240600
6660,659,676,1131366,13124,7855510,18872200
6661,631,618,1130735,13137,7856128,19455300
6662,693,626,1130042,13204,7856754,19805300
6663,648,659,1129394,13193,7857413,19853800
6664,647,695,1128747,13145,7858108,19724600
6665,667,660,1128080,13152,7858768,19947900
6666,669,635,1127411,13186,7859403,19225200
6667,646,638,1126765,13194,7860041,18939400
6668,631,690,1126134,13135,7860731,18977800
6669,655,627,1125479,13163,7861358,19069600
6670,667,655,1124812,13175,7862013,19214300
6671,620,683,1124192,13112,7862696,19206800
6672,686,666,1123506,13132,7863362,19286700
6673,638,649,1122868,13121,7864011,20147800
6674,580,664,1122288,13037,7864675,19385800
6675,591,659,1121697,12969,7865334,18853300
6676,662,692,1121035,12939,7866026,18991900
6677,643,691,1120392,12891,7866717,18887400
6678,643,635,1119749,12899,7867352,19293600
6679,601,641,1119148,12859,7867993,18777100
6680,644,653,1118504,12850,7868646,19066300
6681,615,652,1117889,12813,7869298,18817400
6682,644,664,1117245,12793,7869962,18893300
6683,576,624,1116669,12745,7870586,18963500
6684,578,673,1116091,12650,7871259,19028400
6685,597,656,1115494,12591,7871915,18963400
6686,634,618,1114860,12607,7872533,19000900
6687,678,637,1114182,12648,7873170,19038500
6688,660,642,1113522,12666,7873812,18987000
6689,627,616,1112895,12677,7874428,19031700
6690,633,655,1112262,12655,7875083,18975500
6691,637,658,1111625,12634,7875741,19001700
6692,662,632,1110963,12664,7876373,18823500
6693,681,654,1110282,12691,7877027,19442800
6694,645,604,1109637,12732,7877631,18954500
6695,618,632,1109019,12718,7878263,19032900
6696,657,651,1108362,12724,7878914,18938600
6697,649,675,1107713,12698,7879589,18856100
6698,651,627,1107062,12722,7880216,18894200
6699,665,632,1106397,12755,7880848,19864000
6700,684,672,1105713,12767,7881520,20414700
6701,660,614,1105053,12813,7882134,19586700
6702,691,663,1104362,12841,7882797,20427500
6703,661,647,1103701,12855,7883444,20061200
6704,661,620,1103040,12896,7884064,19962800
6705,640,679,1102400,12857,7884743,20472500
6706,656,641,1101744,12872,7885384,20187000
6707,692,658,1101052,12906,7886042,19944200
6708,645,657,1100407,12894,7886699,19630700
6709,661,657,1099746,12898,7887356,19743200
6710,637,650,1099109,12885,7888006,19421600
6711,647,613,1098462,12919,7888619,19476800
6712,660,657,1097802,12922,7889276,19299700
6713,737,634,1097065,13025,7889910,19650500
6714,668,639,1096397,13054,7890549,19517000
6715,664,652,1095733,13066,7891201,19438700
6716,676,652,1095057,13090,7891853,20065800
6717,614,645,1094443,13059,7892498,20264600
6718,627,650,1093816,13036,7893148,19835600
6719,646,664,1093170,13018,7893812,19494600
6720,631,646,1092539,13003,7894458,19585400
6721,648,639,1091891,13012,7895097,19362100
6722,597,652,1091294,12957,7895749,20168200
6723,661,634,1090633,12984,7896383,19525500
6724,642,679,1089991,12947,7897062,19979600
6725,661,662,1089330,12946,7897724,20860400
6726,637,629,1088693,12954,7898353,20431800
6727,665,611,1088028,13008,7898964,19694600
6728,639,659,1087389,12988,7899623,21016400
6729,657,650,1086732,12995,7900273,20478200
6730,608,657,1086124,12946,7900930,19858200
6731,649,616,1085475,12979,7901546,20047200
6732,643,663,1084832,12959,7902209,20046300
6733,621,638,1084211,12942,7902847,20574400
6734,650,663,1083561,12929,7903510,19781600
6735,632,658,1082929,12903,7904168,19683900
6736,671,664,1082258,12910,7904832,20039900
6737,593,622,1081665,12881,7905454,20087500
6738,612,612,1081053,12881,7906066,20309900
6739,590,640,1080463,12831,7906706,20016700
6740,668,616,1079795,12883,7907322,19858600
6741,652,603,1079143,12932,7907925,19446700
6742,659,678,1078484,12913,7908603,18991500
6743,627,656,1077857,12884,7909259,18955200
6744,648,655,1077209,12877,7909914,19304900
6745,655,671,1076554,12861,7910585,19509100
6746,594,618,1075960,12837,7911203,19042200
6747,668,645,1075292,12860,7911848,19412400
6748,639,652,1074653,12847,7912500,18840700
6749,659,613,1073994,12893,7913113,18958600
6750,644,612,1073350,12925,7913725,19363300
6751,662,639,1072688,12948,7914364,19312300
6752,663,630,1072025,12981,7914994,18868500
6753,729,604,1071296,13106,7915598,19050800
6754,623,663,1070673,13066,7916261,19113400
6755,630,647,1070043,13049,7916908,19114300
6756,622,662,1069421,13009,7917570,18945400
6757,628,616,1068793,13021,7918186,19030800
6758,666,617,1068127,13070,7918803,18995100
6759,625,667,1067502,13028,7919470,19053400
6760,626,688,1066876,12966,7920158,19331100
6761,623,651,1066253,12938,7920809,18938200
6762,648,686,1065605,12900,7921495,18875700
6763,626,681,1064979,12845,7922176,19038500
6764,575,632,1064404,12788,7922808,18986800
6765,627,673,1063777,12742,7923481,18765900
6766,637,646,1063140,12733,7924127,18918900
6767,629,625,1062511,12737,7924752,18946500
6768,616,622,1061895,12731,7925374,19317000
6769,628,600,1061267,12759,7925974,18949700
6770,612,673,1060655,12698,7926647,19053000
6771,638,632,1060017,12704,7927279,18870800
6772,600,645,1059417,12659,7927924,18877300
6773,630,634,1058787,12655,7928558,18885500
6774,627,677,1058160,12605,7929235,18884700
6775,625,603,1057535,12627,7929838,19146100
6776,650,625,1056885,12652,7930463,19282100
6777,677,648,1056208,12681,7931111,19826200
6778,660,613,1055548,12728,7931724,19070100
6779,594,677,1054954,12645,7932401,19121900
6780,631,657,1054323,12619,7933058,19033400
6781,601,656,1053722,12564,7933714,18915700
6782,640,571,1053082,12633,7934285,19164900
6783,649,656,1052433,12626,7934941,19002000
6784,664,613,1051769,12677,7935554,18907100
6785,624,578,1051145,12723,7936132,18862700
6786,649,635,1050496,12737,7936767,18970000
6787,670,607,1049826,12800,7937374,19048200
6788,652,648,1049174,12804,7938022,19178000
6789,659,640,1048515,12823,7938662,18878100
6790,637,625,1047878,12835,7939287,18894500
6791,673,632,1047205,12876,7939919,19453200
6792,594,628,1046611,12842,7940547,19741800
6793,636,618,1045975,12860,7941165,19752900
6794,671,617,1045304,12914,7941782,19474200
6795,683,629,1044621,12968,7942411,19430400
6796,600,678,1044021,12890,7943089,20193600
6797,646,648,1043375,12888,7943737,19586300
6798,628,603,1042747,12913,7944340,19978300
6799,640,655,1042107,12898,7944995,19221600
6800,609,626,1041498,12881,7945621,19270700
6801,699,656,1040799,12924,7946277,19447600
6802,620,649,1040179,12895,7946926,19224900
6803,606,631,1039573,12870,7947557,19768900
6804,634,686,1038939,12818,7948243,18849000
6805,582,689,1038357,12711,7948932,18829000
6806,642,643,1037715,12710,7949575,18808700
6807,644,660,1037071,12694,7950235,18694200
6808,636,622,1036435,12708,7950857,19721600
6809,621,585,1035814,12744,7951442,20390700
6810,597,664,1035217,12677,7952106,20317400
6811,621,610,1034596,12688,7952716,19714500
6812,597,656,1033999,12629,7953372,19981800
6813,589,647,1033410,12571,7954019,19421500
6814,611,635,1032799,12547,7954654,19065900
6815,584,667,1032215,12464,7955321,18892500
6816,575,614,1031640,12425,7955935,18822500
6817,603,630,1031037,12398,7956565,19822500
6818,581,612,1030456,12367,7957177,18973300
6819,612,618,1029844,12361,7957795,18848200
6820,584,653,1029260,12292,7958448,18941800
6821,588,646,1028672,12234,7959094,18874800
6822,597,628,1028075,12203,7959722,19172700
6823,599,595,1027476,12207,7960317,19017500
6824,577,599,1026899,12185,7960916,19165500
6825,591,590,1026308,12186,7961506,19806900
6826,585,608,1025723,12163,7962114,20148500
6827,614,599,1025109,12178,7962713,19743400
6828,563,609,1024546,12132,7963322,20212600
6829,612,606,1023934,12138,7963928,19838700
6830,597,662,1023337,12073,7964590,19649400
6831,570,574,1022767,12069,7965164,19465300
6832,584,610,1022183,12043,7965774,18815400
6833,616,585,1021567,12074,7966359,18800000
6834,619,649,1020948,12044,7967008,19152600
6835,592,647,1020356,11989,7967655,18925700
6836,601,599,1019755,11991,7968254,18871100
6837,630,580,1019125,12041,7968834,19032500
6838,592,645,1018533,11988,7969479,19595700
6839,618,630,1017915,11976,7970109,19403200
6840,593,617,1017322,11952,7970726,19033300
6841,643,641,1016679,11954,7971367,18879100
6842,618,593,1016061,11979,7971960,19145900
6843,615,563,1015446,12031,7972523,19039100
6844,666,611,1014780,12086,7973134,18886400
6845,603,606,1014177,12083,7973740,18851500
6846,595,628,1013582,12050,7974368,19155500
6847,638,600,1012944,12088,7974968,19296400
6848,615,607,1012329,12096,7975575,18920000
6849,642,564,1011687,12174,7976139,18976000
6850,611,627,1011076,12158,7976766,18945100
6851,601,594,1010475,12165,7977360,19434800
6852,638,547,1009837,12256,7977907,19037200
6853,611,640,1009226,12227,7978547,19071900
6854,626,620,1008600,12233,7979167,18914700
6855,650,614,1007950,12269,7979781,19230300
6856,634,596,1007316,12307,7980377,20922000
6857,626,644,1006690,12289,7981021,18846100
6858,588,613,1006102,12264,7981634,19559900
6859,601,649,1005501,12216,7982283,20791900
6860,614,620,1004887,12210,7982903,20038000
6861,644,572,1004243,12282,7983475,19580000
6862,597,600,1003646,12279,7984075,19733900
6863,569,623,1003077,12225,7984698,20640100
6864,644,633,1002433,12236,7985331,19733100
6865,646,591,1001787,12291,7985922,20021300
6866,538,624,1001249,12205,7986546,19236400
6867,554,622,1000695,12137,7987168,19112600
6868,600,660,1000095,12077,7987828,19769000
6869,572,635,999523,12014,7988463,19519800
6870,606,605,998917,12015,7989068,19808600
6871,581,624,998336,11972,7989692,19478300
6872,570,616,997766,11926,7990308,18751600
6873,567,587,997199,11906,7990895,18646300
6874,588,620,996611,11874,7991515,18962600
6875,602,606,996009,11870,7992121,18880600
6876,593,554,995416,11909,7992675,19008400
6877,585,627,994831,11867,7993302,18888500
6878,578,603,994253,11842,7993905,18862900
6879,587,558,993666,11871,7994463,18828600
6880,625,604,993041,11892,7995067,19488300
6881,665,639,992376,11918,7995706,20037700
6882,631,592,991745,11957,7996298,19515900
6883,588,565,991157,11980,7996863,19487400
6884,610,617,990547,11973,7997480,19524000
6885,627,597,989920,12003,7998077,18621400
6886,613,648,989307,11968,7998725,18804200
6887,638,591,988669,12015,7999316,18979700
6888,608,601,988061,12022,7999917,18968600
6889,628,587,987433,12063,8000504,18838300
6890,608,606,986825,12065,8001110,18983200
6891,606,572,986219,12099,8001682,18856400
6892,604,620,985615,12083,8002302,19400300
6893,625,597,984990,12111,8002899,18812600
6894,666,578,984324,12199,8003477,18859700
6895,614,558,983710,12255,8004035,18889500
6896,611,579,983099,12287,8004614,18995600
6897,565,612,982534,12240,8005226,18941100
6898,604,693,981930,12151,8005919,19033700
6899,587,603,981343,12135,8006522,18823300
6900,605,620,980738,12120,8007142,19455000
6901,609,617,980129,12112,8007759,19469000
6902,586,584,979543,12114,8008343,19081400
6903,581,592,978962,12103,8008935,18939400
6904,610,623,978352,12090,8009558,18846100
6905,623,602,977729,12111,8010160,19965500
6906,610,632,977119,12089,8010792,19187300
6907,631,593,976488,12127,8011385,19451600
6908,601,549,975887,12179,8011934,19199000
6909,648,645,975239,12182,8012579,18951100
6910,653,595,974586,12240,8013174,18966300
6911,608,609,973978,12239,8013783,19588400
6912,626,591,973352,12274,8014374,18844500
6913,609,631,972743,12252,8015005,18993100
6914,611,585,972132,12278,8015590,19075800
6915,582,616,971550,12244,8016206,19785200
6916,593,607,970957,12230,8016813,19693300
6917,645,586,970312,12289,8017399,19564500
6918,622,626,969690,12285,8018025,19389600
6919,676,573,969014,12388,8018598,19387600
6920,598,641,968416,12345,8019239,19158100
6921,556,629,967860,12272,8019868,19302800
6922,574,599,967286,12247,8020467,19757300
6923,610,672,966676,12185,8021139,20450700
6924,611,632,966065,12164,8021771,19686300
6925,588,577,965477,12175,8022348,19732500
6926,583,603,964894,12155,8022951,19397700
6927,585,623,964309,12117,8023574,21639300
6928,616,609,963693,12124,8024183,19762100
6929,601,624,963092,12101,8024807,19482500
6930,608,606,962484,12103,8025413,19419800
6931,632,602,961852,12133,8026015,20262400
6932,587,653,961265,12067,8026668,19948600
6933,569,588,960696,12048,8027256,21392100
6934,606,582,960090,12072,8027838,20313500
6935,589,594,959501,12067,8028432,19848600
6936,609,594,958892,12082,8029026,19137000
6937,619,603,958273,12098,8029629,19405500
6938,597,593,957676,12102,8030222,18590000
6939,594,607,957082,12089,8030829,18894600
6940,610,592,956472,12107,8031421,18940200
6941,599,623,955873,12083,8032044,18857700
6942,555,626,955318,12012,8032670,18844400
6943,584,621,954734,11975,8033291,18846200
6944,584,619,954150,11940,8033910,19208300
6945,585,620,953565,11905,8034530,18986100
6946,613,599,952952,11919,8035129,18968500
6947,552,577,952400,11894,8035706,18997400
6948,598,566,951802,11926,8036272,18933000
6949,581,564,951221,11943,8036836,19037900
6950,566,611,950655,11898,8037447,18900600
6951,596,590,950059,11904,8038037,18970900
6952,576,617,949483,11863,8038654,18931300
6953,569,635,948914,11797,8039289,19018200
6954,579,579,948335,11797,8039868,18909200
6955,573,588,947762,11782,8040456,19018800
6956,590,596,947172,11776,8041052,18857700
6957,605,557,946567,11824,8041609,18965100
6958,583,593,945984,11814,8042202,19544500
6959,603,553,945381,11864,8042755,20738500
6960,590,593,944791,11861,8043348,19153300
6961,581,609,944210,11833,8043957,19401100
6962,592,544,943618,11881,8044501,19772800
6963,632,551,942986,11962,8045052,20009500
6964,584,627,942402,11919,8045679,19117000
6965,575,550,941827,11944,8046229,19219300
6966,623,621,941204,11946,8046850,19287800
6967,603,575,940601,11974,8047425,19218600
6968,614,569,939987,12019,8047994,19216700
6969,609,605,939378,12023,8048599,19250400
6970,647,626,938731,12044,8049225,19211100
6971,571,613,938160,12002,8049838,19166700
6972,623,556,937537,12069,8050394,20365900
6973,651,575,936886,12145,8050969,19445500
6974,641,603,936245,12183,8051572,19692200
6975,604,634,935641,12153,8052206,19219600
6976,640,616,935001,12177,8052822,19012900
6977,650,606,934351,12221,8053428,18780400
6978,648,651,933703,12218,8054079,18966200
6979,635,579,933068,12274,8054658,19009000
6980,644,613,932424,12305,8055271,18980400
6981,612,614,931812,12303,8055885,19273100
6982,604,616,931208,12291,8056501,18866200
6983,616,595,930592,12312,8057096,18954700
6984,607,647,929985,12272,8057743,18986800
6985,550,595,929435,12227,8058338,19322400
6986,574,594,928861,12207,8058932,19748100
6987,577,627,928284,12157,8059559,19203900
6988,614,627,927670,12144,8060186,18964700
6989,628,585,927042,12187,8060771,19059100
6990,592,612,926450,12167,8061383,19806800
6991,579,627,925871,12119,8062010,19830600
6992,574,601,925297,12092,8062611,19831400
6993,636,565,924661,12163,8063176,20181700
6994,591,580,924070,12174,8063756,19562000
6995,613,585,923457,12202,8064341,19773000
6996,608,613,922849,12197,8064954,19551100
6997,601,622,922248,12176,8065576,19081200
6998,584,573,921664,12187,8066149,19764700
6999,595,671,921069,12111,8066820,19268500
7000,599,598,920470,12112,8067418,20084100
7001,598,615,919872,12095,8068033,20284200
7002,608,588,919264,12115,8068621,19244600
7003,584,579,918680,12120,8069200,18967500
7004,598,622,918082,12096,8069822,19414400
7005,605,594,917477,12107,8070416,19357300
7006,625,625,916852,12107,8071041,19669400
7007,575,561,916277,12121,8071602,19046500
7008,601,606,915676,12116,8072208,19319100
7009,629,567,915047,12178,8072775,19166100
7010,605,601,914442,12182,8073376,18955700
7011,602,641,913840,12143,8074017,18930400
7012,599,599,913241,12143,8074616,18906700
7013,603,624,912638,12122,8075240,18956000
7014,621,617,912017,12126,8075857,18928900
7015,601,655,911416,12072,8076512,19161300
7016,593,623,910823,12042,8077135,18919000
7017,597,598,910226,12041,8077733,19934600
7018,609,578,909617,12072,8078311,19082900
7019,581,573,909036,12080,8078884,19017600
7020,614,616,908422,12078,8079500,19278000
7021,627,590,907795,12115,8080090,18921800
7022,581,579,907214,12117,8080669,19133000
7023,591,581,906623,12127,8081250,19048500
7024,625,621,905998,12131,8081871,19079600
7025,614,601,905384,12144,8082472,18906600
7026,588,624,904796,12108,8083096,18889600
7027,556,586,904240,12078,8083682,18760200
7028,598,623,903642,12053,8084305,19072500
7029,588,615,903054,12026,8084920,18829500
7030,631,602,902423,12055,8085522,19398400
7031,606,625,901817,12036,8086147,19353500
7032,571,603,901246,12004,8086750,18894500
7033,615,564,900631,12055,8087314,18875100
7034,581,620,900050,12016,8087934,18929100
7035,588,591,899462,12013,8088525,18913700
7036,615,590,898847,12038,8089115,19003300
7037,600,618,898247,12020,8089733,18945600
7038,600,599,897647,12021,8090332,19525800
7039,631,560,897016,12092,8090892,19600000
7040,579,618,896437,12053,8091510,18840200
7041,601,576,895836,12078,8092086,18883600
7042,641,651,895195,12068,8092737,19093700
7043,601,599,894594,12070,8093336,19279700
7044,596,588,893998,12078,8093924,18853100
7045,580,609,893418,12049,8094533,19409600
7046,575,593,892843,12031,8095126,18852000
7047,590,589,892253,12032,8095715,18960600
7048,604,606,891649,12030,8096321,19675800
7049,564,615,891085,11979,8096936,19111300
7050,540,600,890545,11919,8097536,18909800
7051,555,611,889990,11863,8098147,19149800
7052,569,601,889421,11831,8098748,19093000
7053,568,567,888853,11832,8099315,20083100
7054,562,634,888291,11760,8099949,19927200
7055,579,638,887712,11701,8100587,19247800
7056,608,587,887104,11722,8101174,19936100
7057,562,567,886542,11717,8101741,20290300
7058,611,564,885931,11764,8102305,19224400
7059,566,605,885365,11725,8102910,19315100
7060,586,574,884779,11737,8103484,19828500
7061,569,543,884210,11763,8104027,19898700
7062,618,595,883592,11786,8104622,19360100
7063,600,556,882992,11830,8105178,19531500
7064,608,603,882384,11835,8105781,20019100
7065,620,581,881764,11874,8106362,19270400
7066,589,651,881175,11812,8107013,19261000
7067,579,565,880596,11826,8107578,19703800
7068,560,598,880036,11788,8108176,19273200
7069,589,617,879447,11760,8108793,19269000
7070,575,591,878872,11744,8109384,18816200
7071,559,528,878313,11775,8109912,19135000
7072,579,571,877734,11783,8110483,19167700
7073,558,584,877176,11757,8111067,18879500
7074,595,589,876581,11763,8111656,18896900
7075,569,617,876012,11715,8112273,19006300
7076,619,571,875393,11763,8112844,18947000
7077,556,611,874837,11708,8113455,18853800
7078,570,581,874267,11697,8114036,19324700
7079,580,582,873687,11695,8114618,18977600
7080,596,543,873091,11748,8115161,18962300
7081,624,601,872467,11771,8115762,19301800
7082,609,580,871858,11800,8116342,19724300
7083,549,598,871309,11751,8116940,18993400
7084,551,624,870758,11678,8117564,18968200
7085,560,590,870198,11648,8118154,19099700
7086,575,586,869623,11637,8118740,19039500
7087,555,537,869068,11655,8119277,19376100
7088,541,569,868527,11627,8119846,18890800
7089,572,594,867955,11605,8120440,18928200
7090,574,625,867381,11554,8121065,19407500
7091,571,585,866810,11540,8121650,19859800
7092,589,631,866221,11498,8122281,18752800
7093,569,576,865652,11491,8122857,19030700
7094,548,545,865104,11494,8123402,18843800
7095,582,545,864522,11531,8123947,18979500
7096,535,558,863987,11508,8124505,18993500
7097,586,602,863401,11492,8125107,19542000
7098,533,572,862868,11453,8125679,18901200
7099,536,531,862332,11458,8126210,19053900
7100,557,546,861775,11469,8126756,19331800
7101,551,576,861224,11444,8127332,18905000
7102,565,584,860659,11425,8127916,18921100
7103,547,564,860112,11408,8128480,18971200
7104,530,580,859582,11358,8129060,19420900
7105,588,575,858994,11371,8129635,19070600
7106,580,536,858414,11415,8130171,18801900
7107,562,559,857852,11418,8130730,18781400
7108,548,600,857304,11366,8131330,19008200
7109,559,532,856745,11393,8131862,19005600
7110,594,551,856151,11436,8132413,19454200
7111,573,574,855578,11435,8132987,19009200
7112,587,553,854991,11469,8133540,18953200
7113,598,657,854393,11410,8134197,18971500
7114,552,563,853841,11399,8134760,18986600
7115,540,584,853301,11355,8135344,18941800
7116,556,568,852745,11343,8135912,19108500
7117,559,548,852186,11354,8136460,19576600
7118,575,583,851611,11346,8137043,18900600
7119,577,617,851034,11306,8137660,18950000
7120,543,596,850491,11253,8138256,18946400
7121,544,556,849947,11241,8138812,18975700
7122,526,577,849421,11190,8139389,19720100
7123,546,584,848875,11152,8139973,20676300
7124,541,547,848334,11146,8140520,19434400
7125,529,587,847805,11088,8141107,19815400
7126,564,552,847241,11100,8141659,20174800
7127,535,542,846706,11093,8142201,20075200
7128,589,559,846117,11123,8142760,19428500
7129,554,532,845563,11145,8143292,19437500
7130,606,570,844957,11181,8143862,19611700
7131,538,552,844419,11167,8144414,19083800
7132,513,595,843906,11085,8145009,19252200
7133,558,552,843348,11091,8145561,18943500
7134,565,557,842783,11099,8146118,19478800
7135,580,526,842203,11153,8146644,19159500
7136,564,564,841639,11153,8147208,18847200
7137,581,528,841058,11206,8147736,18727500
7138,596,570,840462,11232,8148306,18840200
7139,587,548,839875,11271,8148854,19318400
7140,495,613,839380,11153,8149467,19840200
7141,553,539,838827,11167,8150006,18893700
7142,612,592,838215,11187,8150598,19230500
7143,537,581,837678,11143,8151179,19821700
7144,530,545,837148,11128,8151724,19535300
7145,540,570,836608,11098,8152294,18870800
7146,499,569,836109,11028,8152863,18846100
7147,570,540,835539,11058,8153403,19155200
7148,560,591,834979,11027,8153994,19919700
7149,548,524,834431,11051,8154518,18956100
7150,557,569,833874,11039,8155087,19011000
7151,504,551,833370,10992,8155638,19399200
7152,563,504,832807,11051,8156142,18915200
7153,540,525,832267,11066,8156667,18883400
7154,508,547,831759,11027,8157214,19023900
7155,506,553,831253,10980,8157767,19007400
7156,548,526,830705,11002,8158293,19526000
7157,553,521,830152,11034,8158814,19373600
7158,556,566,829596,11024,8159380,18848900
7159,558,493,829038,11089,8159873,18927100
7160,537,539,828501,11087,8160412,19123800
7161,547,519,827954,11115,8160931,19361100
7162,515,547,827439,11083,8161478,19465100
7163,564,553,826875,11094,8162031,18963500
7164,562,542,826313,11114,8162573,19041900
7165,564,557,825749,11121,8163130,19226000
7166,522,546,825227,11097,8163676,19347300
7167,537,572,824690,11062,8164248,18956900
7168,530,548,824160,11044,8164796,18958900
7169,554,556,823606,11042,8165352,18897100
7170,541,567,823065,11016,8165919,18843900
7171,543,536,822522,11023,8166455,18849500
7172,552,517,821970,11058,8166972,18749400
7173,527,532,821443,11053,8167504,19024800
7174,490,566,820953,10977,8168070,18819600
7175,553,576,820400,10954,8168646,18943100
7176,531,570,819869,10915,8169216,19237600
7177,518,574,819351,10859,8169790,19010300
7178,539,567,818812,10831,8170357,19120300
7179,522,561,818290,10792,8170918,19194100
7180,520,541,817770,10771,8171459,18878500
7181,503,513,817267,10761,8171972,18819100
7182,499,577,816768,10683,8172549,18996100
7183,492,549,816276,10626,8173098,19201100
7184,494,545,815782,10575,8173643,18849000
7185,502,524,815280,10553,8174167,18855100
7186,515,537,814765,10531,8174704,18906600
7187,515,510,814250,10536,8175214,19929500
7188,506,527,813744,10515,8175741,19558700
7189,490,532,813254,10473,8176273,19732900
7190,482,556,812772,10399,8176829,19554600
7191,533,537,812239,10395,8177366,20735700
7192,481,527,811758,10349,8177893,19253000
7193,480,531,811278,10298,8178424,19474400
7194,503,504,810775,10297,8178928,19313700
7195,517,514,810258,10300,8179442,19982600
7196,509,523,809749,10286,8179965,19798600
7197,493,515,809256,10264,8180480,19130200
7198,499,513,808757,10250,8180993,19657900
7199,494,513,808263,10231,8181506,19483700
7200,450,517,807813,10164,8182023,19028000
7201,482,509,807331,10137,8182532,19493500
7202,455,524,806876,10068,8183056,18775800
7203,472,457,806404,10083,8183513,19495800
7204,460,463,805944,10080,8183976,18817000
7205,512,519,805432,10073,8184495,18903100
7206,500,495,804932,10078,8184990,18940900
7207,509,501,804423,10086,8185491,18868000
7208,469,499,803954,10056,8185990,18999400
7209,495,492,803459,10059,8186482,19945900
7210,502,540,802957,10021,8187022,19254000
7211,474,495,802483,10000,8187517,18886500
7212,510,501,801973,10009,8188018,19289500
7213,481,510,801492,9980,8188528,19285600
7214,522,499,800970,10003,8189027,19029800
7215,521,492,800449,10032,8189519,19398800
7216,493,529,799956,9996,8190048,18847400
7217,487,500,799469,9983,8190548,19118100
7218,498,499,798971,9982,8191047,19172600
7219,536,504,798435,10014,8191551,18969500
7220,544,499,797891,10059,8192050,18973600
7221,523,529,797368,10053,8192579,18844200
7222,489,489,796879,10053,8193068,18892000
7223,517,471,796362,10099,8193539,18823100
7224,502,505,795860,10096,8194044,18848300
7225,512,493,795348,10115,8194537,18908500
7226,502,501,794846,10116,8195038,18875900
7227,536,504,794310,10148,8195542,18929500
7228,525,503,793785,10170,8196045,18825600
7229,545,516,793240,10199,8196561,18912600
7230,559,490,792681,10268,8197051,19026100
7231,544,508,792137,10304,8197559,19254900
7232,547,482,791590,10369,8198041,19296200
7233,541,497,791049,10413,8198538,18981100
7234,550,514,790499,10449,8199052,18866900
7235,548,527,789951,10470,8199579,19352500
7236,538,494,789413,10514,8200073,18955500
7237,498,538,788915,10474,8200611,19673400
7238,551,487,788364,10538,8201098,18881700
7239,546,524,787818,10560,8201622,18976800
7240,511,528,787307,10543,8202150,19377000
7241,548,552,786759,10539,8202702,18986600
7242,529,489,786230,10579,8203191,18804000
7243,539,572,785691,10546,8203763,18984300
7244,516,527,785175,10535,8204290,19010600
7245,543,523,784632,10555,8204813,19372700
7246,534,541,784098,10548,8205354,19005300
7247,501,539,783597,10510,8205893,19230500
7248,503,570,783094,10443,8206463,19569100
7249,559,528,782535,10474,8206991,18688000
7250,513,557,782022,10430,8207548,18617500
7251,527,575,781495,10382,8208123,18578900
7252,512,522,780983,10372,8208645,18648600
7253,520,511,780463,10381,8209156,18972500
7254,518,528,779945,10371,8209684,19424000
7255,506,517,779439,10360,8210201,19744400
7256,562,494,778877,10428,8210695,19805400
7257,506,544,778371,10390,8211239,20000100
7258,516,525,777855,10381,8211764,20272300
7259,496,502,777359,10375,8212266,20267700
7260,490,487,776869,10378,8212753,19837500
7261,520,513,776349,10385,8213266,19506900
7262,500,505,775849,10380,8213771,20004600
7263,516,553,775333,10343,8214324,19901100
7264,514,510,774819,10347,8214834,19929600
7265,465,514,774354,10298,8215348,19686300
7266,483,491,773871,10290,8215839,19711900
7267,487,502,773384,10275,8216341,19288800
7268,530,509,772854,10296,8216850,18621600
7269,490,536,772364,10250,8217386,18719100
7270,513,508,771851,10255,8217894,19004100
7271,483,486,771368,10252,8218380,19165900
7272,480,475,770888,10257,8218855,18722600
7273,487,513,770401,10231,8219368,18742100
7274,541,496,769860,10276,8219864,19508800
7275,520,515,769340,10281,8220379,19397500
7276,505,514,768835,10272,8220893,19449000
7277,497,508,768338,10261,8221401,18845100
7278,513,506,767825,10268,8221907,19297300
7279,468,546,767357,10190,8222453,18901800
7280,506,503,766851,10193,8222956,18774600
7281,480,534,766371,10139,8223490,19981000
7282,468,515,765903,10092,8224005,18756500
7283,500,516,765403,10076,8224521,19245600
7284,498,493,764905,10081,8225014,19179500
7285,486,518,764419,10049,8225532,18857900
7286,478,507,763941,10020,8226039,18779500
7287,496,533,763445,9983,8226572,18928000
7288,480,490,762965,9973,8227062,18792300
7289,490,493,762475,9970,8227555,18801200
7290,485,507,761990,9948,8228062,18863900
7291,550,508,761440,9990,8228570,18857900
7292,522,495,760918,10017,8229065,18971200
7293,481,471,760437,10027,8229536,18803100
7294,495,489,759942,10033,8230025,18797100
7295,496,535,759446,9994,8230560,19343700
7296,529,479,758917,10044,8231039,18976700
7297,503,528,758414,10019,8231567,18849700
7298,518,491,757896,10046,8232058,18887800
7299,484,533,757412,9997,8232591,19063600
7300,475,515,756937,9957,8233106,19829300
7301,546,519,756391,9984,8233625,18865600
7302,506,475,755885,10015,8234100,18909300
7303,496,491,755389,10020,8234591,19195600
7304,502,492,754887,10030,8235083,18691700
7305,492,501,754395,10021,8235584,18674800
7306,499,519,753896,10001,8236103,18822200
7307,507,455,753389,10053,8236558,18824100
7308,501,495,752888,10059,8237053,18758900
7309,465,506,752423,10018,8237559,18820100
7310,492,521,751931,9989,8238080,18813300
7311,523,539,751408,9973,8238619,18704100
7312,464,501,750944,9936,8239120,18740900
7313,489,464,750455,9961,8239584,18775000
7314,491,507,749964,9945,8240091,18610400
7315,492,491,749472,9946,8240582,19211200
7316,486,475,748986,9957,8241057,19183800
7317,479,539,748507,9897,8241596,20180000
7318,463,498,748044,9862,8242094,18706100
7319,470,494,747574,9838,8242588,19097600
7320,470,521,747104,9787,8243109,18755100
7321,509,479,746595,9817,8243588,19525200
7322,486,466,746109,9837,8244054,19923400
7323,471,489,745638,9819,8244543,19126600
7324,479,471,745159,9827,8245014,19876500
7325,481,483,744678,9825,8245497,19998700
7326,489,475,744189,9839,8245972,19564500
7327,486,519,743703,9806,8246491,20444200
7328,475,490,743228,9791,8246981,19626200
7329,447,524,742781,9714,8247505,19702400
7330,432,505,742349,9641,8248010,19639300
7331,422,508,741927,9555,8248518,19968800
7332,458,467,741469,9546,8248985,20167300
7333,464,481,741005,9529,8249466,19960400
7334,409,493,740596,9445,8249959,19833700
7335,398,445,740198,9398,8250404,18855000
7336,436,440,739762,9394,8250844,18796200
7337,455,458,739307,9391,8251302,18707900
7338,460,486,738847,9365,8251788,18868600
7339,454,494,738393,9325,8252282,18964300
7340,436,479,737957,9282,8252761,18849400
7341,461,467,737496,9276,8253228,19127700
7342,451,465,737045,9262,8253693,18808300
7343,443,442,736602,9263,8254135,18714500
7344,479,489,736123,9253,8254624,18739600
7345,483,419,735640,9317,8255043,19037300
7346,479,463,735161,9333,8255506,18970700
7347,445,489,734716,9289,8255995,18863000
7348,467,467,734249,9289,8256462,18924200
7349,522,475,733727,9336,8256937,18823300
7350,453,473,733274,9316,8257410,18895000
7351,492,499,732782,9309,8257909,18929400
7352,450,464,732332,9295,8258373,20043400
7353,448,485,731884,9258,8258858,19249000
7354,452,430,731432,9280,8259288,18791900
7355,452,441,730980,9291,8259729,18786900
7356,453,474,730527,9270,8260203,18703400
7357,427,480,730100,9217,8260683,18762900
7358,459,452,729641,9224,8261135,19045700
7359,468,482,729173,9210,8261617,18843500
7360,450,478,728723,9182,8262095,18738300
7361,489,454,728234,9217,8262549,18840600
7362,476,479,727758,9214,8263028,18974600
7363,479,525,727279,9168,8263553,18847600
7364,425,488,726854,9105,8264041,18756500
7365,456,451,726398,9110,8264492,19050800
7366,449,468,725949,9091,8264960,19601200
7367,437,456,725512,9072,8265416,18827700
7368,479,424,725033,9127,8265840,18728700
7369,439,432,724594,9134,8266272,18734000
7370,475,481,724119,9128,8266753,18741600
7371,449,464,723670,9113,8267217,18743200
7372,430,463,723240,9080,8267680,18905100
7373,474,448,722766,9106,8268128,19080400
7374,459,472,722307,9093,8268600,18748800
7375,481,436,721826,9138,8269036,19155900
7376,479,447,721347,9170,8269483,19461500
7377,468,443,720879,9195,8269926,19051600
7378,471,468,720408,9198,8270394,18762600
7379,451,475,719957,9174,8270869,18789900
7380,475,463,719482,9186,8271332,18799300
7381,465,447,719017,9204,8271779,19146400
7382,473,458,718544,9219,8272237,18629300
7383,466,487,718078,9198,8272724,18901500
7384,485,462,717593,9221,8273186,18830000
7385,458,463,717135,9216,8273649,19146100
7386,485,489,716650,9212,8274138,19082600
7387,447,428,716203,9231,8274566,19087900
7388,450,467,715753,9214,8275033,19550500
7389,453,493,715300,9174,8275526,19787600
7390,439,464,714861,9149,8275990,19846700
7391,483,436,714378,9196,8276426,19832400
7392,429,456,713949,9169,8276882,19220800
7393,408,435,713541,9142,8277317,19187000
7394,450,466,713091,9126,8277783,19248400
7395,422,467,712669,9081,8278250,20332800
7396,440,451,712229,9070,8278701,19507900
7397,458,447,711771,9081,8279148,19690000
7398,462,451,711309,9092,8279599,19181200
7399,466,411,710843,9147,8280010,19224600
7400,446,479,710397,9114,8280489,19646900
7401,468,459,709929,9123,8280948,18906400
7402,469,501,709460,9091,8281449,19164500
7403,458,471,709002,9078,8281920,18706600
7404,428,453,708574,9053,8282373,19151400
7405,428,421,708146,9060,8282794,19713000
7406,445,426,707701,9079,8283220,19706100
7407,443,437,707258,9085,8283657,18592500
7408,432,487,706826,9030,8284144,18713400
7409,409,443,706417,8996,8284587,18698900
7410,450,423,705967,9023,8285010,18670900
7411,420,431,705547,9012,8285441,18776600
7412,457,448,705090,9021,8285889,18598200
7413,439,463,704651,8997,8286352,18593100
7414,430,434,704221,8993,8286786,19232400
7415,423,457,703798,8959,8287243,18821100
7416,457,450,703341,8966,8287693,18664800
7417,452,441,702889,8977,8288134,18750300
7418,445,474,702444,8948,8288608,18847600
7419,498,481,701946,8965,8289089,18671700
7420,451,423,701495,8993,8289512,18817700
7421,450,480,701045,8963,8289992,18769700
7422,431,434,700614,8960,8290426,18724100
7423,438,457,700176,8941,8290883,18895900
7424,468,434,699708,8975,8291317,19108700
7425,428,463,699280,8940,8291780,18863900
7426,446,452,698834,8934,8292232,19291200
7427,453,416,698381,8971,8292648,18973900
7428,443,480,697938,8934,8293128,18918900
7429,424,430,697514,8928,8293558,18851600
7430,458,481,697056,8905,8294039,18801100
7431,421,442,696635,8884,8294481,18767000
7432,430,444,696205,8870,8294925,18903700
7433,442,438,695763,8874,8295363,18857700
7434,442,498,695321,8818,8295861,19012100
7435,428,451,694893,8795,8296312,18792300
7436,460,424,694433,8831,8296736,19322300
7437,395,441,694038,8785,8297177,18896600
7438,436,450,693602,8771,8297627,18757900
7439,417,463,693185,8725,8298090,18919300
7440,413,443,692772,8695,8298533,18811400
7441,453,429,692319,8719,8298962,18907700
7442,395,407,691924,8707,8299369,18791600
7443,435,434,691489,8708,8299803,18764600
7444,426,445,691063,8689,8300248,20196400
7445,391,432,690672,8648,8300680,18700400
7446,419,426,690253,8641,8301106,18605500
7447,428,406,689825,8663,8301512,18776100
7448,425,435,689400,8653,8301947,18836300
7449,458,428,688942,8683,8302375,18898900
7450,437,497,688505,8623,8302872,18854400
7451,439,440,688066,8622,8303312,18749300
7452,431,423,687635,8630,8303735,19179400
7453,449,415,687186,8664,8304150,19854900
7454,413,405,686773,8672,8304555,18999700
7455,428,451,686345,8649,8305006,19641800
7456,443,461,685902,8631,8305467,19372300
7457,399,425,685503,8605,8305892,19518400
7458,415,451,685088,8569,8306343,19410600
7459,444,427,684644,8586,8306770,20334700
7460,430,453,684214,8563,8307223,19718400
7461,404,446,683810,8521,8307669,19178500
7462,446,410,683364,8557,8308079,19348100
7463,425,398,682939,8584,8308477,19355900
7464,410,435,682529,8559,8308912,19304400
7465,406,444,682123,8521,8309356,19577800
7466,421,443,681702,8499,8309799,19643000
7467,428,419,681274,8508,8310218,18462100
7468,409,429,680865,8488,8310647,18684700
7469,414,379,680451,8523,8311026,19104000
7470,435,406,680016,8552,8311432,19031100
7471,431,420,679585,8563,8311852,18623500
7472,433,410,679152,8586,8312262,18800600
7473,436,437,678716,8585,8312699,18907400
7474,412,437,678304,8560,8313136,18865500
7475,434,434,677870,8560,8313570,18743900
7476,413,427,677457,8546,8313997,18700900
7477,442,449,677015,8539,8314446,18871500
7478,415,417,676600,8537,8314863,18968100
7479,422,480,676178,8479,8315343,19134100
7480,403,375,675775,8507,8315718,19192800
7481,427,449,675348,8485,8316167,18856700
7482,400,411,674948,8474,8316578,18924400
7483,403,402,674545,8475,8316980,19009200
7484,437,422,674108,8490,8317402,18862000
7485,391,409,673717,8472,8317811,18853100
7486,397,450,673320,8419,8318261,18731700
7487,417,404,672903,8432,8318665,18685100
7488,388,429,672515,8391,8319094,18679600
7489,372,420,672143,8343,8319514,19367900
7490,420,408,671723,8355,8319922,18760600
7491,397,421,671326,8331,8320343,18783900
7492,378,406,670948,8303,8320749,19117500
7493,378,424,670570,8257,8321173,19904700
7494,404,429,670166,8232,8321602,18838000
7495,390,432,669776,8190,8322034,18803300
7496,401,432,669375,8159,8322466,19027000
7497,365,397,669010,8127,8322863,19045800
7498,387,396,668623,8118,8323259,19026900
7499,352,397,668271,8073,8323656,18618300
7500,385,421,667886,8037,8324077,18644800
7501,382,392,667504,8027,8324469,18787200
7502,369,428,667135,7968,8324897,18791800
7503,349,415,666786,7902,8325312,18780800
7504,372,402,666414,7872,8325714,19031800
7505,382,372,666032,7882,8326086,18886900
7506,385,400,665647,7867,8326486,18901700
7507,398,382,665249,7883,8326868,19954000
7508,376,363,664873,7896,8327231,19721100
7509,405,397,664468,7904,8327628,18814000
7510,409,373,664059,7940,8328001,18686000
7511,379,372,663680,7947,8328373,18843300
7512,384,454,663296,7877,8328827,19781800
7513,391,434,662905,7834,8329261,19669900
7514,404,381,662501,7857,8329642,18792600
7515,391,368,662110,7880,8330010,18706600
7516,380,403,661730,7857,8330413,18718100
7517,402,368,661328,7891,8330781,18798600
7518,376,371,660952,7896,8331152,18845300
7519,408,408,660544,7896,8331560,18896300
7520,409,372,660135,7933,8331932,19693900
7521,412,377,659723,7968,8332309,19466800
7522,441,401,659282,8008,8332710,20094400
7523,378,395,658904,7991,8333105,19449200
7524,416,399,658488,8008,8333504,19612400
7525,368,442,658120,7934,8333946,19109400
7526,384,392,657736,7926,8334338,19147800
7527,392,394,657344,7924,8334732,19609600
7528,434,444,656910,7914,8335176,19695700
7529,392,406,656518,7900,8335582,19722100
7530,391,389,656127,7902,8335971,19549500
7531,432,391,655695,7943,8336362,19352900
7532,414,391,655281,7966,8336753,19221700
7533,405,400,654876,7971,8337153,18921100
7534,446,387,654430,8030,8337540,18663900
7535,390,388,654040,8032,8337928,18960200
7536,390,380,653650,8042,8338308,18700800
7537,369,405,653281,8006,8338713,18719200
7538,417,367,652864,8056,8339080,18772800
7539,427,388,652437,8095,8339468,18896200
7540,431,411,652006,8115,8339879,18862000
7541,412,431,651594,8096,8340310,18884100
7542,396,380,651198,8112,8340690,19058300
7543,420,410,650778,8122,8341100,18788500
7544,408,429,650370,8101,8341529,18749600
7545,429,424,649941,8106,8341953,18913600
7546,409,433,649532,8082,8342386,18964900
7547,428,389,649104,8121,8342775,18678100
7548,429,395,648675,8155,8343170,18941200
7549,436,422,648239,8169,8343592,18707700
7550,406,438,647833,8137,8344030,18873900
7551,416,388,647417,8165,8344418,18871200
7552,441,394,646976,8212,8344812,18861400
7553,398,406,646578,8204,8345218,18727300
7554,410,417,646168,8197,8345635,18678000
7555,391,383,645777,8205,8346018,19069000
7556,370,410,645407,8165,8346428,19151400
7557,401,372,645006,8194,8346800,18699300
7558,414,438,644592,8170,8347238,18950500
7559,419,385,644173,8204,8347623,18879500
7560,392,427,643781,8169,8348050,19115000
7561,404,429,643377,8144,8348479,18979700
7562,377,421,643000,8100,8348900,18676600
7563,392,402,642608,8090,8349302,18579600
7564,407,418,642201,8079,8349720,19111100
7565,415,413,641786,8081,8350133,19354000
7566,395,412,641391,8064,8350545,18795800
7567,382,397,641009,8049,8350942,18773700
7568,392,377,640617,8064,8351319,18664400
7569,384,421,640233,8027,8351740,18756300
7570,398,404,639835,8021,8352144,19227400
7571,384,402,639451,8003,8352546,18639800
7572,403,430,639048,7976,8352976,18810000
7573,375,406,638673,7945,8353382,18836400
7574,413,419,638260,7939,8353801,18694700
7575,343,392,637917,7890,8354193,19319200
7576,411,390,637506,7911,8354583,18535400
7577,421,385,637085,7947,8354968,18536800
7578,449,383,636636,8013,8355351,18798200
7579,372,389,636264,7996,8355740,18885100
7580,383,360,635881,8019,8356100,19258500
7581,425,387,635456,8057,8356487,19488300
7582,427,388,635029,8096,8356875,19021100
7583,429,416,634600,8109,8357291,19263700
7584,388,393,634212,8104,8357684,18774600
7585,410,383,633802,8131,8358067,18955400
7586,412,415,633390,8128,8358482,18932600
7587,413,402,632977,8139,8358884,19356100
7588,381,381,632596,8139,8359265,19777000
7589,430,409,632166,8160,8359674,19746000
7590,422,385,631744,8197,8360059,19386000
7591,440,394,631304,8243,8360453,19176500
7592,412,405,630892,8250,8360858,19942100
7593,412,384,630480,8278,8361242,19149500
7594,385,419,630095,8244,8361661,19547200
7595,383,396,629712,8231,8362057,19647400
7596,384,392,629328,8223,8362449,19270200
7597,400,378,628928,8245,8362827,19637700
7598,418,409,628510,8254,8363236,19915300
7599,420,408,628090,8266,8363644,19741000
7600,381,421,627709,8226,8364065,18851000
7601,417,431,627292,8212,8364496,18672800
7602,419,425,626873,8206,8364921,18728300
7603,394,408,626479,8192,8365329,18763600
7604,392,408,626087,8176,8365737,18750700
7605,406,395,625681,8187,8366132,18720300
7606,377,419,625304,8145,8366551,18568600
7607,382,418,624922,8109,8366969,18848500
7608,389,388,624533,8110,8367357,18746700
7609,438,398,624095,8150,8367755,18762900
7610,414,428,623681,8136,8368183,18783200
7611,382,409,623299,8109,8368592,18823800
7612,378,371,622921,8116,8368963,18842100
7613,408,381,622513,8143,8369344,19010800
7614,380,415,622133,8108,8369759,19109800
7615,379,425,621754,8062,8370184,18906300
7616,377,396,621377,8043,8370580,18692000
7617,408,441,620969,8010,8371021,19131200
7618,392,440,620577,7962,8371461,19779200
7619,391,407,620186,7946,8371868,18818500
7620,381,398,619805,7929,8372266,18841400
7621,404,413,619401,7920,8372679,18764100
7622,406,401,618995,7925,8373080,18766900
7623,389,395,618606,7919,8373475,18847600
7624,401,415,618205,7905,8373890,18877200
7625,372,415,617833,7862,8374305,19286100
7626,350,397,617483,7815,8374702,18778600
7627,374,383,617109,7806,8375085,18854400
7628,382,386,616727,7802,8375471,19125400
7629,372,365,616355,7809,8375836,18664300
7630,381,399,615974,7791,8376235,18645500
7631,381,382,615593,7790,8376617,18746400
7632,401,402,615192,7789,8377019,18790500
7633,392,372,614800,7809,8377391,19521600
7634,426,435,614374,7800,8377826,18664200
7635,395,399,613979,7796,8378225,18898900
7636,404,392,613575,7808,8378617,18753900
7637,430,413,613145,7825,8379030,18884400
7638,393,422,612752,7796,8379452,18823200
7639,373,365,612379,7804,8379817,19052800
7640,412,376,611967,7840,8380193,18783800
7641,416,368,611551,7888,8380561,18682600
7642,426,387,611125,7927,8380948,18996200
7643,394,379,610731,7942,8381327,19091700
7644,401,383,610330,7960,8381710,18867400
7645,407,411,609923,7956,8382121,19078900
7646,397,412,609526,7941,8382533,18795300
7647,393,400,609133,7934,8382933,18913300
7648,379,394,608754,7919,8383327,18652900
7649,392,362,608362,7949,8383689,18755000
7650,404,426,607958,7927,8384115,18661200
7651,403,387,607555,7943,8384502,18692000
7652,368,402,607187,7909,8384904,18717000
7653,407,387,606780,7929,8385291,18717800
7654,395,392,606385,7932,8385683,19847500
7655,394,408,605991,7918,8386091,19526600
7656,421,383,605570,7956,8386474,19721000
7657,373,405,605197,7924,8386879,19701300
7658,380,409,604817,7895,8387288,19521500
7659,368,386,604449,7877,8387674,19500600
7660,379,401,604070,7855,8388075,19619700
7661,381,451,603689,7785,8388526,19163700
7662,375,349,603314,7811,8388875,20055700
7663,371,414,602943,7768,8389289,19691100
7664,405,428,602538,7745,8389717,19441400
7665,409,372,602129,7782,8390089,20046000
7666,428,377,601701,7833,8390466,19213300
7667,423,384,601278,7872,8390850,18790000
7668,436,418,600842,7890,8391268,18780500
7669,392,421,600450,7861,8391689,18804700
7670,364,443,600086,7782,8392132,19669300
7671,403,363,599683,7822,8392495,19586400
7672,377,362,599306,7837,8392857,18701900
7673,394,382,598912,7849,8393239,18621600
7674,412,377,598500,7884,8393616,18827400
7675,413,395,598087,7902,8394011,19110300
7676,438,386,597649,7954,8394397,19084600
7677,402,390,597247,7966,8394787,18747500
7678,380,440,596867,7906,8395227,18810200
7679,380,401,596487,7885,8395628,18739500
7680,404,439,596083,7850,8396067,18744900
7681,401,406,595682,7845,8396473,18718500
7682,370,379,595312,7836,8396852,18698300
7683,391,371,594921,7856,8397223,19014200
7684,384,392,594537,7848,8397615,18763400
7685,359,386,594178,7821,8398001,18809400
7686,363,377,593815,7807,8398378,18815900
7687,376,375,593439,7808,8398753,19069500
7688,363,388,593076,7783,8399141,19120500
7689,391,372,592685,7802,8399513,18759800
7690,389,350,592296,7841,8399863,19002200
7691,406,390,591890,7857,8400253,18772400
7692,403,409,591487,7851,8400662,18836500
7693,424,433,591063,7842,8401095,19049100
7694,376,403,590687,7815,8401498,18821300
7695,388,395,590299,7808,8401893,18794200
7696,380,385,589919,7803,8402278,18906700
7697,391,375,589528,7819,8402653,18687600
7698,412,363,589116,7868,8403016,18994500
7699,395,375,588721,7888,8403391,18844300
7700,383,417,588338,7854,8403808,18809800
7701,362,353,587976,7863,8404161,18861600
7702,367,426,587609,7804,8404587,18657700
7703,357,393,587252,7768,8404980,18851400
7704,361,383,586891,7746,8405363,18731200
7705,396,347,586495,7795,8405710,19076600
7706,342,400,586153,7737,8406110,18834500
7707,341,392,585812,7686,8406502,19116300
7708,396,380,585416,7702,8406882,18933200
7709,371,405,585045,7668,8407287,18759700
7710,386,378,584659,7676,8407665,18740900
7711,361,427,584298,7610,8408092,18826000
7712,334,366,583964,7578,8408458,18547600
7713,363,395,583601,7546,8408853,18897100
7714,345,385,583256,7506,8409238,18779300
7715,395,351,582861,7550,8409589,19281000
7716,333,400,582528,7483,8409989,18827600
7717,341,374,582187,7450,8410363,19079800
7718,318,349,581869,7419,8410712,19706400
7719,353,386,581516,7386,8411098,18784700
7720,362,327,581154,7421,8411425,18972300
7721,373,371,580781,7423,8411796,19560000
7722,354,375,580427,7402,8412171,19298000
7723,342,378,580085,7366,8412549,20126800
7724,384,393,579701,7357,8412942,19703500
7725,368,406,579333,7319,8413348,19130100
7726,387,351,578946,7355,8413699,18975100
7727,326,364,578620,7317,8414063,19310400
7728,383,355,578237,7345,8414418,19350600
7729,330,373,577907,7302,8414791,19065500
7730,383,376,577524,7309,8415167,19398000
7731,372,348,577152,7333,8415515,19445400
7732,335,369,576817,7299,8415884,19292900
7733,366,353,576451,7312,8416237,19160100
7734,376,371,576075,7317,8416608,19155600
7735,352,377,575723,7292,8416985,19114400
7736,359,338,575364,7313,8417323,18684600
7737,326,368,575038,7271,8417691,18679000
7738,366,374,574672,7263,8418065,18743600
7739,367,354,574305,7276,8418419,18843900
7740,377,375,573928,7278,8418794,18739300
7741,372,359,573556,7291,8419153,18599200
7742,373,374,573183,7290,8419527,19188200
7743,379,349,572804,7320,8419876,18709900
7744,370,377,572434,7313,8420253,18826200
7745,353,372,572081,7294,8420625,19202500
7746,374,400,571707,7268,8421025,18721700
7747,359,327,571348,7300,8421352,18580400
7748,333,410,571015,7223,8421762,18681100
7749,383,380,570632,7226,8422142,18952200
7750,351,342,570281,7235,8422484,18792600
7751,371,337,569910,7269,8422821,18759200
7752,362,359,569548,7272,8423180,19050100
7753,386,379,569162,7279,8423559,18744800
7754,341,364,568821,7256,8423923,18738100
7755,378,371,568443,7263,8424294,18705000
7756,347,359,568096,7251,8424653,18951400
7757,342,383,567754,7210,8425036,18742700
7758,356,359,567398,7207,8425395,18701000
7759,373,362,567025,7218,8425757,18992400
7760,321,370,566704,7169,8426127,18740900
7761,348,349,566356,7168,8426476,18467800
7762,363,351,565993,7180,8426827,18641200
7763,381,362,565612,7199,8427189,18690800
7764,347,390,565265,7156,8427579,18682700
7765,384,357,564881,7183,8427936,18975000
7766,361,364,564520,7180,8428300,18951900
7767,351,332,564169,7199,8428632,18893100
7768,373,362,563796,7210,8428994,18753900
7769,350,339,563446,7221,8429333,18727800
7770,372,378,563074,7215,8429711,19236000
7771,370,340,562704,7245,8430051,18887800
7772,335,334,562369,7246,8430385,19243200
7773,375,332,561994,7289,8430717,18669600
7774,355,373,561639,7271,8431090,18594700
7775,375,382,561264,7264,8431472,19006000
7776,355,366,560909,7253,8431838,20280500
7777,378,384,560531,7247,8432222,20035000
7778,330,396,560201,7181,8432618,18897200
7779,353,354,559848,7180,8432972,19139100
7780,333,386,559515,7127,8433358,18718000
7781,337,344,559178,7120,8433702,18873100
7782,343,330,558835,7133,8434032,18793900
7783,348,360,558487,7121,8434392,18926800
7784,329,387,558158,7063,8434779,19072300
7785,349,365,557809,7047,8435144,18670000
7786,365,357,557444,7055,8435501,18778400
7787,367,336,557077,7086,8435837,18951000
7788,375,383,556702,7078,8436220,19593900
7789,345,382,556357,7041,8436602,19510700
7790,347,343,556010,7045,8436945,19650000
7791,349,340,555661,7054,8437285,19433000
7792,325,355,555336,7024,8437640,19089700
7793,372,360,554964,7036,8438000,19842500
7794,354,342,554610,7048,8438342,20091900
7795,355,313,554255,7090,8438655,19456200
7796,315,350,553940,7055,8439005,19816000
7797,340,355,553600,7040,8439360,19806600
7798,354,348,553246,7046,8439708,19325600
7799,369,344,552877,7071,8440052,19518700
7800,346,357,552531,7060,8440409,19714500
7801,353,382,552178,7031,8440791,18990500
7802,341,350,551837,7022,8441141,18774000
7803,345,359,551492,7008,8441500,18750300
7804,362,340,551130,7030,8441840,18709800
7805,333,364,550797,6999,8442204,19226700
7806,357,341,550440,7015,8442545,18753300
7807,359,369,550081,7005,8442914,18755600
7808,311,327,549770,6989,8443241,19689400
7809,341,308,549429,7022,8443549,18930900
7810,358,342,549071,7038,8443891,18836600
7811,340,334,548731,7044,8444225,19230000
7812,334,351,548397,7027,8444576,18530800
7813,334,358,548063,7003,8444934,18595900
7814,323,354,547740,6972,8445288,18638900
7815,326,362,547414,6936,8445650,18981700
7816,358,339,547056,6955,8445989,19508500
7817,365,382,546691,6938,8446371,19015000
7818,341,346,546350,6933,8446717,18746500
7819,361,360,545989,6934,8447077,18763000
7820,361,375,545628,6920,8447452,18930900
7821,338,349,545290,6909,8447801,19158200
7822,330,333,544960,6906,8448134,19122200
7823,314,355,544646,6865,8448489,18702500
7824,332,366,544314,6831,8448855,18847300
7825,342,327,543972,6846,8449182,19129600
7826,329,348,543643,6827,8449530,18555900
7827,328,323,543315,6832,8449853,18960600
7828,347,352,542968,6827,8450205,19264700
7829,339,340,542629,6826,8450545,19773000
7830,345,358,542284,6813,8450903,19165900
7831,332,315,541952,6830,8451218,18770900
7832,301,367,541651,6764,8451585,19020300
7833,363,325,541288,6802,8451910,18816700
7834,340,319,540948,6823,8452229,19797300
7835,350,341,540598,6832,8452570,19141500
7836,348,342,540250,6838,8452912,18786800
7837,322,337,539928,6823,8453249,18782800
7838,332,346,539596,6809,8453595,18706600
7839,341,311,539255,6839,8453906,18637500
7840,344,344,538911,6839,8454250,19182400
7841,352,328,538559,6863,8454578,18838900
7842,341,318,538218,6886,8454896,18722000
7843,331,335,537887,6882,8455231,18752900
7844,323,353,537564,6852,8455584,19097000
7845,320,325,537244,6847,8455909,19611900
7846,305,359,536939,6793,8456268,20082000
7847,312,339,536627,6766,8456607,18667300
7848,308,345,536319,6729,8456952,19148900
7849,325,332,535994,6722,8457284,18728300
7850,334,323,535660,6733,8457607,18809200
7851,342,347,535318,6728,8457954,18508400
7852,346,330,534972,6744,8458284,18711000
7853,323,345,534649,6722,8458629,19058700
7854,334,335,534315,6721,8458964,19829800
7855,294,327,534021,6688,8459291,19774600
7856,299,341,533722,6646,8459632,19316300
7857,311,342,533411,6615,8459974,19828000
7858,310,322,533101,6603,8460296,19911000
7859,322,332,532779,6593,8460628,19567500
7860,297,315,532482,6575,8460943,19860600
7861,326,338,532156,6563,8461281,19214000
7862,326,330,531830,6559,8461611,19572500
7863,310,328,531520,6541,8461939,19621300
7864,301,318,531219,6524,8462257,19610100
7865,334,329,530885,6529,8462586,19147800
7866,330,312,530555,6547,8462898,19533600
7867,314,333,530241,6528,8463231,18717900
7868,331,301,529910,6558,8463532,18737300
7869,340,321,529570,6577,8463853,18941600
7870,312,336,529258,6553,8464189,18931200
7871,323,323,528935,6553,8464512,18752800
7872,363,366,528572,6550,8464878,18996000
7873,299,337,528273,6512,8465215,18730800
7874,318,335,527955,6495,8465550,19340100
7875,310,352,527645,6453,8465902,19081100
7876,295,319,527350,6429,8466221,18735900
7877,301,306,527049,6424,8466527,18721300
7878,336,308,526713,6452,8466835,18674200
7879,312,392,526401,6372,8467227,18828700
7880,315,292,526086,6395,8467519,20915500
7881,309,314,525777,6390,8467833,19820900
7882,313,316,525464,6387,8468149,19663700
7883,330,327,525134,6390,8468476,19162300
7884,338,349,524796,6379,8468825,19214800
7885,316,314,524480,6381,8469139,18791700
7886,326,352,524154,6355,8469491,19165000
7887,307,305,523847,6357,8469796,18690800
7888,307,321,523540,6343,8470117,19359000
7889,326,322,523214,6347,8470439,19146100
7890,329,318,522885,6358,8470757,19124000
7891,311,352,522574,6317,8471109,18704900
7892,313,332,522261,6298,8471441,19173100
7893,300,328,521961,6270,8471769,19451000
7894,332,311,521629,6291,8472080,19375300
7895,324,317,521305,6298,8472397,18677100
7896,318,322,520987,6294,8472719,18874400
7897,325,298,520662,6321,8473017,19061600
7898,301,345,520361,6277,8473362,19323500
7899,330,353,520031,6254,8473715,18690500
7900,366,311,519665,6309,8474026,18767400
7901,305,343,519360,6271,8474369,18772500
7902,332,334,519028,6269,8474703,19497700
7903,293,320,518735,6242,8475023,20491200
7904,294,331,518441,6205,8475354,18620500
7905,341,315,518100,6231,8475669,19299200
7906,314,333,517786,6212,8476002,18778700
7907,331,313,517455,6230,8476315,18730200
7908,328,313,517127,6245,8476628,18695900
7909,328,306,516799,6267,8476934,18715900
7910,334,296,516465,6305,8477230,19088200
7911,351,307,516114,6349,8477537,19021000
7912,315,345,515799,6319,8477882,18732000
7913,299,293,515500,6325,8478175,18834400
7914,326,318,515174,6333,8478493,18788700
7915,311,322,514863,6322,8478815,19074400
7916,316,313,514547,6325,8479128,19114100
7917,327,327,514220,6325,8479455,18632400
7918,337,330,513883,6332,8479785,18772000
7919,312,338,513571,6306,8480123,19208200
7920,316,281,513255,6341,8480404,19405500
7921,351,338,512904,6354,8480742,19487900
7922,315,329,512589,6340,8481071,19986100
7923,314,303,512275,6351,8481374,19546600
7924,304,356,511971,6299,8481730,19416100
7925,319,333,511652,6285,8482063,19537000
7926,291,324,511361,6252,8482387,19900700
7927,307,293,511054,6266,8482680,19607900
7928,323,318,510731,6271,8482998,19690700
7929,329,322,510402,6278,8483320,19630700
7930,335,308,510067,6305,8483628,19278400
7931,303,330,509764,6278,8483958,19566900
7932,341,327,509423,6292,8484285,19779400
7933,333,298,509090,6327,8484583,19004000
7934,301,317,508789,6311,8484900,19510400
7935,301,338,508488,6274,8485238,18986600
7936,318,317,508170,6275,8485555,18776200
7937,326,330,507844,6271,8485885,18649000
7938,300,306,507544,6265,8486191,18734600
7939,300,311,507244,6254,8486502,18745700
7940,313,289,506931,6278,8486791,18661000
7941,279,305,506652,6252,8487096,18778300
7942,311,296,506341,6267,8487392,18887100
7943,286,304,506055,6249,8487696,18775400
7944,301,321,505754,6229,8488017,19075300
7945,304,327,505450,6206,8488344,18790900
7946,288,319,505162,6175,8488663,18768800
7947,312,312,504850,6175,8488975,18716000
7948,312,295,504538,6192,8489270,18888200
7949,262,266,504276,6188,8489536,19318900
7950,328,306,503948,6210,8489842,18809600
7951,276,294,503672,6192,8490136,18705100
7952,322,338,503350,6176,8490474,18855600
7953,297,295,503053,6178,8490769,18730300
7954,282,303,502771,6157,8491072,19248900
7955,309,332,502462,6134,8491404,18682600
7956,330,313,502132,6151,8491717,19313600
7957,298,311,501834,6138,8492028,18840200
7958,300,297,501534,6141,8492325,18822800
7959,312,288,501222,6165,8492613,19274600
7960,335,285,500887,6215,8492898,18732100
7961,290,339,500597,6166,8493237,18736700
7962,320,296,500277,6190,8493533,18697400
7963,276,346,500001,6120,8493879,18919400
7964,294,322,499707,6092,8494201,18729500
7965,312,301,499395,6103,8494502,18805200
7966,319,299,499076,6123,8494801,18708300
7967,291,346,498785,6068,8495147,18779000
7968,319,321,498466,6066,8495468,18734900
7969,311,328,498155,6049,8495796,18745700
7970,311,313,497844,6047,8496109,18722800
7971,291,287,497553,6051,8496396,19169100
7972,335,301,497218,6085,8496697,19129800
7973,324,315,496894,6094,8497012,18906000
7974,312,321,496582,6085,8497333,18794400
7975,306,301,496276,6090,8497634,19016900
7976,291,307,495985,6074,8497941,19218800
7977,290,305,495695,6059,8498246,18883500
7978,320,275,495375,6104,8498521,19160700
7979,308,313,495067,6099,8498834,18849300
7980,304,287,494763,6116,8499121,18805800
7981,325,292,494438,6149,8499413,19370100
7982,292,303,494146,6138,8499716,18571800
7983,327,331,493819,6134,8500047,18520200
7984,312,320,493507,6126,8500367,18899800
7985,292,298,493215,6120,8500665,18975600
7986,292,322,492923,6090,8500987,19840700
7987,296,310,492627,6076,8501297,20101900
7988,294,280,492333,6090,8501577,20213600
7989,303,252,492030,6141,8501829,19778800
7990,294,307,491736,6128,8502136,19426100
7991,321,295,491415,6154,8502431,19112100
7992,279,333,491136,6100,8502764,19158000
7993,312,319,490824,6093,8503083,19106600
7994,296,321,490528,6068,8503404,19153200
7995,274,274,490254,6068,8503678,19570400
7996,298,297,489956,6069,8503975,19533400
7997,289,304,489667,6054,8504279,19200400
7998,304,316,489363,6042,8504595,20262900
7999,303,305,489060,6040,8504900,19496500
8000,278,266,488782,6052,8505166,18999300
8001,299,313,488483,6038,8505479,19183900
8002,292,299,488191,6031,8505778,18652500
8003,302,283,487889,6050,8506061,18748600
8004,304,261,487585,6093,8506322,18515300
8005,272,321,487313,6044,8506643,19088000
8006,282,284,487031,6042,8506927,18618900
8007,307,300,486724,6049,8507227,18752500
8008,287,314,486437,6022,8507541,18753900
8009,293,327,486144,5988,8507868,18869000
8010,326,281,485818,6033,8508149,18947000
8011,308,288,485510,6053,8508437,19197400
8012,281,300,485229,6034,8508737,18624400
8013,302,346,484927,5990,8509083,18684200
8014,318,333,484609,5975,8509416,18705500
8015,308,293,484301,5990,8509709,18869700
8016,333,315,483968,6008,8510024,19067600
8017,306,296,483662,6018,8510320,18828100
8018,284,296,483378,6006,8510616,18904400
8019,306,266,483072,6046,8510882,19157600
8020,289,303,482783,6032,8511185,19152400
8021,283,274,482500,6041,8511459,19129800
8022,317,291,482183,6067,8511750,18650000
8023,295,303,481888,6059,8512053,18972600
8024,301,335,481587,6025,8512388,19226100
8025,291,298,481296,6018,8512686,19490000
8026,249,303,481047,5964,8512989,18787700
8027,301,278,480746,5987,8513267,18513600
8028,299,336,480447,5950,8513603,18661000
8029,294,305,480153,5939,8513908,18771300
8030,271,324,479882,5886,8514232,18763200
8031,276,294,479606,5868,8514526,18675100
8032,268,279,479338,5857,8514805,18816200
8033,285,276,479053,5866,8515081,18932600
8034,284,318,478769,5832,8515399,18846100
8035,289,312,478480,5809,8515711,18630800
8036,291,316,478189,5784,8516027,18648700
8037,305,254,477884,5835,8516281,18623800
8038,321,317,477563,5839,8516598,18635100
8039,267,312,477296,5794,8516910,19974000
8040,262,269,477034,5787,8517179,19455600
8041,315,280,476719,5822,8517459,19105100
8042,268,261,476451,5829,8517720,18879600
8043,268,296,476183,5801,8518016,19177700
8044,290,286,475893,5805,8518302,19130200
8045,303,275,475590,5833,8518577,18708600
8046,298,294,475292,5837,8518871,18674400
8047,330,320,474962,5847,8519191,19056200
8048,288,279,474674,5856,8519470,18915800
8049,290,285,474384,5861,8519755,18654200
8050,284,297,474100,5848,8520052,19070700
8051,333,302,473767,5879,8520354,19434600
8052,313,312,473454,5880,8520666,20089300
8053,307,315,473147,5872,8520981,20074100
8054,326,303,472821,5895,8521284,19831000
8055,284,297,472537,5882,8521581,19706900
8056,275,280,472262,5877,8521861,19292400
8057,303,291,471959,5889,8522152,19008600
8058,309,289,471650,5909,8522441,20066800
8059,293,278,471357,5924,8522719,19450300
8060,289,317,471068,5896,8523036,19210800
8061,239,306,470829,5829,8523342,19401700
8062,254,289,470575,5794,8523631,19498700
8063,281,306,470294,5769,8523937,19606800
8064,260,265,470034,5764,8524202,19497100
8065,286,334,469748,5716,8524536,19688600
8066,256,260,469492,5712,8524796,18968800
8067,308,292,469184,5728,8525088,18669800
8068,292,286,468892,5734,8525374,18917200
8069,282,313,468610,5703,8525687,18846000
8070,286,278,468324,5711,8525965,18873800
8071,285,308,468039,5688,8526273,18786200
8072,267,307,467772,5648,8526580,18683700
8073,282,296,467490,5634,8526876,19032000
8074,283,279,467207,5638,8527155,19029800
8075,289,273,466918,5654,8527428,19169600
8076,278,268,466640,5664,8527696,18643600
8077,274,282,466366,5656,8527978,18755100
8078,291,293,466075,5654,8528271,18693400
8079,272,276,465803,5650,8528547,19301000
8080,284,284,465519,5650,8528831,19106500
8081,256,288,465263,5618,8529119,18931100
8082,278,286,464985,5610,8529405,19196100
8083,275,295,464710,5590,8529700,19058600
8084,275,285,464435,5580,8529985,18958900
8085,284,291,464151,5573,8530276,18744900
8086,260,288,463891,5545,8530564,19148800
8087,223,255,463668,5513,8530819,18962500
8088,265,259,463403,5519,8531078,18705200
8089,272,279,463131,5512,8531357,18695400
8090,270,260,462861,5522,8531617,18762500
8091,288,259,462573,5551,8531876,18721000
8092,228,274,462345,5505,8532150,19692100
8093,284,269,462061,5520,8532419,19602100
8094,277,295,461784,5502,8532714,18752300
8095,254,245,461530,5511,8532959,18631000
8096,281,272,461249,5520,8533231,18759500
8097,271,277,460978,5514,8533508,19154800
8098,253,282,460725,5485,8533790,18697700
8099,269,274,460456,5480,8534064,18746400
8100,293,293,460163,5480,8534357,18744100
8101,272,262,459891,5490,8534619,18690900
8102,256,288,459635,5458,8534907,18826200
8103,270,294,459365,5434,8535201,18665400
8104,230,272,459135,5392,8535473,18682300
8105,273,254,458862,5411,8535727,18825900
8106,255,271,458607,5395,8535998,18839400
8107,279,256,458328,5418,8536254,18767400
8108,266,244,458062,5440,8536498,19313800
8109,264,292,457798,5412,8536790,19070900
8110,254,260,457544,5406,8537050,18945500
8111,258,277,457286,5387,8537327,19073800
8112,255,252,457031,5390,8537579,18741100
8113,264,286,456767,5368,8537865,18937900
8114,262,265,456505,5365,8538130,18576900
8115,270,267,456235,5368,8538397,18782200
8116,274,262,455961,5380,8538659,18835900
8117,262,268,455699,5374,8538927,19161100
8118,261,286,455438,5349,8539213,18619900
8119,249,287,455189,5311,8539500,18994600
8120,270,286,454919,5295,8539786,19384900
8121,247,244,454672,5298,8540030,19364700
8122,308,268,454364,5338,8540298,19815100
8123,264,260,454100,5342,8540558,18762700
8124,262,265,453838,5339,8540823,18960300
8125,272,289,453566,5322,8541112,19381000
8126,263,271,453303,5314,8541383,19557700
8127,283,256,453020,5341,8541639,18924800
8128,259,257,452761,5343,8541896,19252300
8129,244,281,452517,5306,8542177,19837000
8130,246,246,452271,5306,8542423,19417700
8131,247,243,452024,5310,8542666,19908700
8132,268,271,451756,5307,8542937,18809300
8133,245,258,451511,5294,8543195,18591200
8134,266,289,451245,5271,8543484,18773900
8135,229,245,451016,5255,8543729,18873200
8136,255,272,450761,5238,8544001,18623200
8137,280,271,450481,5247,8544272,19173300
8138,259,270,450222,5236,8544542,18796700
8139,300,258,449922,5278,8544800,18692000
8140,244,279,449678,5243,8545079,18826500
8141,276,264,449402,5255,8545343,18780600
8142,257,259,449145,5253,8545602,18664500
8143,243,242,448902,5254,8545844,19465900
8144,265,277,448637,5242,8546121,19091300
8145,290,268,448347,5264,8546389,19347700
8146,271,241,448076,5294,8546630,19174400
8147,285,262,447791,5317,8546892,18730400
8148,254,261,447537,5310,8547153,18655100
8149,259,261,447278,5308,8547414,18560500
8150,261,288,447017,5281,8547702,18610100
8151,264,242,446753,5303,8547944,18783500
8152,260,262,446493,5301,8548206,18973600
8153,270,267,446223,5304,8548473,19058800
8154,262,278,445961,5288,8548751,18643300
8155,248,254,445713,5282,8549005,18474400
8156,262,265,445451,5279,8549270,18570800
8157,253,247,445198,5285,8549517,18934300
8158,250,286,444948,5249,8549803,18680800
8159,226,299,444722,5176,8550102,18768500
8160,273,248,444449,5201,8550350,18804700
8161,221,257,444228,5165,8550607,19209900
8162,266,259,443962,5172,8550866,19461600
8163,251,268,443711,5155,8551134,18626900
8164,240,256,443471,5139,8551390,19224300
8165,241,265,443230,5115,8551655,19050200
8166,239,218,442991,5136,8551873,19570300
8167,255,279,442736,5112,8552152,18580000
8168,238,295,442498,5055,8552447,18962300
8169,249,241,442249,5063,8552688,18590500
8170,243,236,442006,5070,8552924,18474100
8171,256,241,441750,5085,8553165,19181800
8172,252,206,441498,5131,8553371,19035300
8173,251,252,441247,5130,8553623,18767300
8174,243,261,441004,5112,8553884,19027500
8175,255,281,440749,5086,8554165,19104900
8176,247,263,440502,5070,8554428,18928200
8177,267,267,440235,5070,8554695,18702000
8178,217,264,440018,5023,8554959,18815500
8179,247,236,439771,5034,8555195,18884000
8180,263,278,439508,5019,8555473,18806700
8181,263,237,439245,5045,8555710,19114900
8182,233,257,439012,5021,8555967,18631200
8183,218,280,438794,4959,8556247,18749700
8184,252,273,438542,4938,8556520,18773700
8185,263,250,438279,4951,8556770,18696500
8186,255,241,438024,4965,8557011,19230200
8187,232,234,437792,4963,8557245,19933500
8188,242,248,437550,4957,8557493,19064700
8189,238,266,437312,4929,8557759,19617300
8190,253,279,437059,4903,8558038,19530600
8191,247,260,436812,4890,8558298,19383700
8192,264,257,436548,4897,8558555,19268600
8193,262,278,436286,4881,8558833,19530200
8194,247,234,436039,4894,8559067,19467900
8195,251,246,435788,4899,8559313,19016800
8196,256,271,435532,4884,8559584,19478800
8197,265,234,435267,4915,8559818,19395500
8198,268,241,434999,4942,8560059,20460800
8199,270,244,434729,4968,8560303,20418800
8200,250,242,434479,4976,8560545,18638200
8201,261,265,434218,4972,8560810,18767400
8202,247,234,433971,4985,8561044,18844900
8203,255,231,433716,5009,8561275,18706500
8204,205,266,433511,4948,8561541,18699800
8205,249,264,433262,4933,8561805,19110700
8206,246,257,433016,4922,8562062,18873900
8207,250,252,432766,4920,8562314,19330800
8208,229,248,432537,4901,8562562,18751100
8209,236,252,432301,4885,8562814,18680900
8210,254,241,432047,4898,8563055,18713700
8211,226,254,431821,4870,8563309,18873100
8212,247,257,431574,4860,8563566,18734400
8213,232,260,431342,4832,8563826,19002900
8214,236,236,431106,4832,8564062,18687900
8215,239,238,430867,4833,8564300,18974500
8216,261,245,430606,4849,8564545,19431200
8217,234,264,430372,4819,8564809,19304900
8218,263,256,430109,4826,8565065,18735200
8219,244,248,429865,4822,8565313,18765700
8220,244,241,429621,4825,8565554,18800400
8221,216,251,429405,4790,8565805,18898500
8222,251,236,429154,4805,8566041,18819000
8223,256,256,428898,4805,8566297,18748200
8224,224,229,428674,4800,8566526,18764900
8225,231,241,428443,4790,8566767,18730600
8226,219,244,428224,4765,8567011,18584900
8227,244,221,427980,4788,8567232,18590000
8228,233,254,427747,4767,8567486,18712600
8229,232,224,427515,4775,8567710,19146400
8230,249,236,427266,4788,8567946,18969600
8231,222,252,427044,4758,8568198,18772500
8232,240,229,426804,4769,8568427,18931900
8233,246,238,426558,4777,8568665,18725100
8234,234,239,426324,4772,8568904,19090000
8235,240,238,426084,4774,8569142,18615500
8236,237,217,425847,4794,8569359,18746900
8237,247,241,425600,4800,8569600,18955000
8238,245,255,425355,4790,8569855,18805100
8239,213,239,425142,4764,8570094,19019700
8240,227,254,424915,4737,8570348,18705500
8241,235,214,424680,4758,8570562,18485100
8242,230,240,424450,4748,8570802,18625300
8243,209,242,424241,4715,8571044,18535900
8244,216,252,424025,4679,8571296,18804300
8245,219,255,423806,4643,8571551,18589600
8246,227,227,423579,4643,8571778,18733300
8247,213,234,423366,4622,8572012,18698900
8248,247,216,423119,4653,8572228,18894200
8249,236,214,422883,4675,8572442,18864100
8250,221,227,422662,4669,8572669,19009000
8251,215,236,422447,4648,8572905,19030400
8252,256,225,422191,4679,8573130,22287500
8253,236,221,421955,4694,8573351,19725100
8254,214,210,421741,4698,8573561,19155300
8255,235,227,421506,4706,8573788,19382400
8256,238,221,421268,4723,8574009,20134500
8257,243,244,421025,4722,8574253,19472800
8258,250,251,420775,4721,8574504,19626100
8259,231,256,420544,4696,8574760,19446000
8260,217,243,420327,4670,8575003,19475600
8261,267,229,420060,4708,8575232,19427100
8262,230,243,419830,4695,8575475,19533400
8263,256,227,419574,4724,8575702,18944400
8264,231,246,419343,4709,8575948,19412300
8265,232,224,419111,4717,8576172,18810600
8266,243,221,418868,4739,8576393,20604000
8267,250,250,418618,4739,8576643,19816000
8268,267,206,418351,4800,8576849,20196000
8269,252,229,418099,4823,8577078,19167000
8270,242,253,417857,4812,8577331,19015800
8271,244,258,417613,4798,8577589,19429600
8272,223,219,417390,4802,8577808,19830700
8273,240,221,417150,4821,8578029,19756400
8274,239,220,416911,4840,8578249,19682700
8275,232,250,416679,4822,8578499,19455600
8276,269,249,416410,4842,8578748,19061300
8277,228,220,416182,4850,8578968,19683400
8278,227,205,415955,4872,8579173,18952500
8279,237,260,415718,4849,8579433,19651100
8280,254,230,415464,4873,8579663,19610700
8281,248,249,415216,4872,8579912,19882600
8282,231,254,414985,4849,8580166,19674300
8283,234,245,414751,4838,8580411,19411800
8284,233,262,414518,4809,8580673,19750200
8285,240,231,414278,4818,8580904,19630500
8286,249,249,414029,4818,8581153,19118000
8287,236,233,413793,4821,8581386,19684800
8288,237,244,413556,4814,8581630,20246200
8289,244,266,413312,4792,8581896,19945200
8290,251,251,413061,4792,8582147,19764900
8291,209,233,412852,4768,8582380,19390300
8292,242,234,412610,4776,8582614,19290500
8293,235,250,412375,4761,8582864,19728900
8294,226,231,412149,4756,8583095,19966600
8295,220,242,411929,4734,8583337,19445100
8296,245,238,411684,4741,8583575,19050000
8297,260,244,411424,4757,8583819,20231300
8298,212,230,411212,4739,8584049,19843400
8299,229,216,410983,4752,8584265,19288600
8300,245,238,410738,4759,8584503,19141200
8301,225,231,410513,4753,8584734,19582300
8302,228,259,410285,4722,8584993,19531000
8303,249,214,410036,4757,8585207,20067500
8304,252,261,409784,4748,8585468,19945700
8305,225,245,409559,4728,8585713,19701200
8306,227,249,409332,4706,8585962,19387700
8307,225,246,409107,4685,8586208,20408600
8308,226,224,408881,4687,8586432,19190400
8309,216,222,408665,4681,8586654,19645600
8310,228,226,408437,4683,8586880,19520400
8311,237,228,408200,4692,8587108,19698300
8312,204,229,407996,4667,8587337,18599500
8313,226,246,407770,4647,8587583,18593400
8314,195,213,407575,4629,8587796,19172300
8315,240,258,407335,4611,8588054,18718600
8316,218,233,407117,4596,8588287,19144800
8317,220,206,406897,4610,8588493,18955100
8318,242,232,406655,4620,8588725,19545500
8319,204,245,406451,4579,8588970,19117300
8320,221,221,406230,4579,8589191,19054800
8321,222,232,406008,4569,8589423,19019400
8322,197,206,405811,4560,8589629,21302000
8323,209,210,405602,4559,8589839,19890100
8324,216,211,405386,4564,8590050,19769600
8325,216,233,405170,4547,8590283,19390700
8326,242,195,404928,4594,8590478,19090200
8327,225,214,404703,4605,8590692,19554300
8328,240,225,404463,4620,8590917,19331500
8329,220,226,404243,4614,8591143,19431000
8330,216,211,404027,4619,8591354,19046900
8331,217,245,403810,4591,8591599,19072000
8332,239,224,403571,4606,8591823,18700100
8333,229,230,403342,4605,8592053,18738600
8334,217,239,403125,4583,8592292,18815500
8335,216,227,402909,4572,8592519,18739500
8336,226,249,402683,4549,8592768,18689700
8337,267,247,402416,4569,8593015,18872000
8338,205,220,402211,4554,8593235,19079400
8339,218,214,401993,4558,8593449,18863100
8340,204,226,401789,4536,8593675,18589700
8341,261,225,401528,4572,8593900,18929900
8342,239,218,401289,4593,8594118,19210700
8343,220,242,401069,4571,8594360,18615300
8344,251,217,400818,4605,8594577,18730500
8345,214,242,400604,4577,8594819,19158100
8346,219,248,400385,4548,8595067,19020100
8347,203,242,400182,4509,8595309,18719900
8348,238,234,399944,4513,8595543,18665500
8349,196,229,399748,4480,8595772,18953000
8350,207,234,399541,4453,8596006,18580100
8351,199,221,399342,4431,8596227,18841800
8352,203,221,399139,4413,8596448,18728600
8353,231,228,398908,4416,8596676,18788000
8354,216,223,398692,4409,8596899,18643800
8355,236,251,398456,4394,8597150,18884600
8356,226,201,398230,4419,8597351,19379500
8357,228,232,398002,4415,8597583,19346400
8358,208,242,397794,4381,8597825,18955300
8359,205,211,397589,4375,8598036,19261200
8360,198,232,397391,4341,8598268,18952300
8361,209,229,397182,4321,8598497,18696900
8362,192,228,396990,4285,8598725,18769200
8363,204,211,396786,4278,8598936,18685000
8364,218,207,396568,4289,8599143,18779000
8365,203,220,396365,4272,8599363,19025700
8366,205,196,396160,4281,8599559,18667900
8367,221,201,395939,4301,8599760,18720600
8368,231,213,395708,4319,8599973,18635700
8369,224,198,395484,4345,8600171,19032200
8370,219,236,395265,4328,8600407,18678000
8371,254,221,395011,4361,8600628,19169200
8372,225,217,394786,4369,8600845,19632700
8373,238,187,394548,4420,8601032,19607000
8374,216,220,394332,4416,8601252,19138700
8375,209,250,394123,4375,8601502,19071500
8376,205,210,393918,4370,8601712,18684700
8377,204,237,393714,4337,8601949,18878800
8378,205,224,393509,4318,8602173,18646100
8379,208,218,393301,4308,8602391,18766200
8380,230,228,393071,4310,8602619,18661700
8381,226,218,392845,4318,8602837,18721200
8382,187,220,392658,4285,8603057,18744600
8383,211,182,392447,4314,8603239,18786000
8384,221,227,392226,4308,8603466,19343600
8385,188,197,392038,4299,8603663,19194400
8386,181,207,391857,4273,8603870,19402100
8387,228,233,391629,4268,8604103,19421100
8388,204,208,391425,4264,8604311,19302700
8389,209,193,391216,4280,8604504,19527100
8390,213,221,391003,4272,8604725,19344300
8391,211,214,390792,4269,8604939,19378600
8392,204,237,390588,4236,8605176,19453500
8393,201,208,390387,4229,8605384,19112700
8394,216,203,390171,4242,8605587,19215700
8395,235,211,389936,4266,8605798,19419100
8396,207,262,389729,4211,8606060,19634700
8397,193,222,389536,4182,8606282,19335400
8398,220,208,389316,4194,8606490,19252000
8399,195,229,389121,4160,8606719,18498000
8400,222,206,388899,4176,8606925,18869200
8401,213,205,388686,4184,8607130,18553000
8402,207,230,388479,4161,8607360,18518300
8403,214,202,388265,4173,8607562,18635000
8404,202,205,388063,4170,8607767,18788200
8405,217,228,387846,4159,8607995,18730500
8406,218,216,387628,4161,8608211,18730600
8407,211,224,387417,4148,8608435,18682900
8408,224,202,387193,4170,8608637,18807700
8409,207,192,386986,4185,8608829,19391400
8410,185,221,386801,4149,8609050,19148200
8411,207,223,386594,4133,8609273,18983000
8412,213,218,386381,4128,8609491,18669000
8413,206,232,386175,4102,8609723,18719700
8414,191,236,385984,4057,8609959,18641800
8415,206,186,385778,4077,8610145,18817700
8416,194,222,385584,4049,8610367,18653900
8417,201,217,385383,4033,8610584,18735500
8418,195,176,385188,4052,8610760,18738600
8419,215,207,384973,4060,8610967,19128200
8420,201,212,384772,4049,8611179,18748600
8421,181,204,384591,4026,8611383,18698800
8422,187,217,384404,3996,8611600,19002500
8423,198,196,384206,3998,8611796,19364200
8424,219,179,383987,4038,8611975,18684400
8425,181,175,383806,4044,8612150,18688300
8426,211,206,383595,4049,8612356,18826300
8427,210,213,383385,4046,8612569,19240600
8428,210,220,383175,4036,8612789,19166300
8429,202,200,382973,4038,8612989,18819900
8430,215,208,382758,4045,8613197,18663900
8431,204,174,382554,4075,8613371,18623400
8432,207,180,382347,4102,8613551,19074100
8433,204,209,382143,4097,8613760,18700800
8434,207,206,381936,4098,8613966,18603900
8435,190,199,381746,4089,8614165,18671000
8436,196,205,381550,4080,8614370,18761200
8437,198,219,381352,4059,8614589,18606400
8438,185,229,381167,4015,8614818,18731600
8439,201,200,380966,4016,8615018,18598100
8440,206,195,380760,4027,8615213,18775700
8441,200,187,380560,4040,8615400,18761800
8442,211,205,380349,4046,8615605,18744000
8443,188,196,380161,4038,8615801,18691800
8444,193,174,379968,4057,8615975,18867500
8445,177,165,379791,4069,8616140,18645300
8446,172,198,379619,4043,8616338,18614900
8447,199,213,379420,4029,8616551,18907600
8448,203,193,379217,4039,8616744,18676000
8449,197,200,379020,4036,8616944,18701900
8450,219,188,378801,4067,8617132,18650000
8451,204,191,378597,4080,8617323,19274700
8452,213,217,378384,4076,8617540,19606700
8453,205,193,378179,4088,8617733,19978900
8454,198,207,377981,4079,8617940,19325100
8455,217,213,377764,4083,8618153,19473200
8456,192,177,377572,4098,8618330,19415600
8457,210,192,377362,4116,8618522,19304900
8458,167,200,377195,4083,8618722,19006800
8459,193,183,377002,4093,8618905,19516100
8460,190,195,376812,4088,8619100,19706600
8461,208,217,376604,4079,8619317,19364300
8462,210,212,376394,4077,8619529,19477100
8463,211,207,376183,4081,8619736,20377400
8464,195,236,375988,4040,8619972,19624700
8465,185,210,375803,4015,8620182,18969000
8466,196,205,375607,4006,8620387,18716000
8467,202,214,375405,3994,8620601,18456400
8468,199,202,375206,3991,8620803,18977100
8469,179,182,375027,3988,8620985,18620100
8470,202,182,374825,4008,8621167,18974800
8471,203,203,374622,4008,8621370,18679900
8472,195,180,374427,4023,8621550,18650400
8473,195,218,374232,4000,8621768,18701600
8474,206,214,374026,3992,8621982,18976700
8475,198,218,373828,3972,8622200,19195000
8476,193,195,373635,3970,8622395,18670500
8477,202,178,373433,3994,8622573,18805000
8478,214,215,373219,3993,8622788,19400000
8479,202,193,373017,4002,8622981,18817100
8480,201,216,372816,3987,8623197,19103600
8481,186,204,372630,3969,8623401,18651800
8482,195,232,372435,3932,8623633,18714200
8483,197,191,372238,3938,8623824,19182800
8484,182,185,372056,3935,8624009,18950200
8485,193,174,371863,3954,8624183,18671600
8486,159,200,371704,3913,8624383,18964700
8487,180,187,371524,3906,8624570,19147100
8488,186,177,371338,3915,8624747,18479200
8489,187,189,371151,3913,8624936,18985400
8490,170,185,370981,3898,8625121,18666900
8491,200,196,370781,3902,8625317,18938700
8492,163,173,370618,3892,8625490,19050400
8493,158,186,370460,3864,8625676,18701400
8494,165,174,370295,3855,8625850,18660600
8495,164,201,370131,3818,8626051,18747300
8496,158,191,369973,3785,8626242,19107900
8497,167,192,369806,3760,8626434,19126700
8498,183,201,369623,3742,8626635,18808100
8499,181,194,369442,3729,8626829,18635200
8500,160,176,369282,3713,8627005,18691800
8501,159,179,369123,3693,8627184,18700400
8502,176,200,368947,3669,8627384,19097900
8503,168,160,368779,3677,8627544,18600100
8504,174,180,368605,3671,8627724,19183200
8505,167,181,368438,3657,8627905,18623300
8506,180,185,368258,3652,8628090,18690200
8507,173,187,368085,3638,8628277,18554300
8508,177,195,367908,3620,8628472,18536900
8509,172,182,367736,3610,8628654,18554000
8510,187,185,367549,3612,8628839,18496900
8511,184,208,367365,3588,8629047,18691700
8512,161,168,367204,3581,8629215,18735800
8513,183,173,367021,3591,8629388,19114600
8514,173,187,366848,3577,8629575,18816400
8515,185,176,366663,3586,8629751,18970700
8516,162,167,366501,3581,8629918,19499700
8517,191,171,366310,3601,8630089,18731100
8518,180,168,366130,3613,8630257,18590800
8519,165,171,365965,3607,8630428,19479500
8520,171,165,365794,3613,8630593,19022900
8521,176,172,365618,3617,8630765,19216600
8522,164,183,365454,3598,8630948,18976800
8523,181,194,365273,3585,8631142,19201400
8524,156,181,365117,3560,8631323,18924600
8525,186,159,364931,3587,8631482,19107000
8526,163,172,364768,3578,8631654,19093400
8527,203,182,364565,3599,8631836,18910100
8528,178,183,364387,3594,8632019,19391300
8529,170,185,364217,3579,8632204,19173800
8530,197,165,364020,3611,8632369,19062700
8531,196,209,363824,3598,8632578,19231800
8532,167,181,363657,3584,8632759,19529000
8533,214,192,363443,3606,8632951,18349300
8534,172,170,363271,3608,8633121,18531000
8535,172,178,363099,3602,8633299,18682300
8536,174,191,362925,3585,8633490,18685900
8537,199,200,362726,3584,8633690,19033100
8538,181,165,362545,3600,8633855,18928300
8539,182,164,362363,3618,8634019,18891600
8540,179,177,362184,3620,8634196,18874600
8541,207,184,361977,3643,8634380,18520700
8542,178,221,361799,3600,8634601,18976600
8543,174,157,361625,3617,8634758,18538400
8544,182,159,361443,3640,8634917,18529800
8545,190,176,361253,3654,8635093,18848800
8546,165,170,361088,3649,8635263,18961000
8547,202,181,360886,3670,8635444,18732500
8548,198,166,360688,3702,8635610,18913000
8549,161,189,360527,3674,8635799,18681300
8550,187,177,360340,3684,8635976,18837700
8551,178,177,360162,3685,8636153,18532500
8552,201,197,359961,3689,8636350,18604200
8553,188,213,359773,3664,8636563,18770100
8554,175,194,359598,3645,8636757,18590000
8555,169,217,359429,3597,8636974,18592200
8556,199,173,359230,3623,8637147,19024100
8557,165,195,359065,3593,8637342,19040000
8558,164,149,358901,3608,8637491,18880300
8559,198,186,358703,3620,8637677,18583800
8560,184,177,358519,3627,8637854,18589400
8561,160,184,358359,3603,8638038,18762900
8562,197,162,358162,3638,8638200,18682400
8563,162,182,358000,3618,8638382,19145300
8564,172,183,357828,3607,8638565,19158400
8565,161,184,357667,3584,8638749,18670100
8566,157,155,357510,3586,8638904,18714000
8567,156,182,357354,3560,8639086,19033500
8568,191,209,357163,3542,8639295,18908700
8569,163,186,357000,3519,8639481,19233700
8570,168,152,356832,3535,8639633,18704700
8571,156,172,356676,3519,8639805,19360900
8572,179,185,356497,3513,8639990,19265500
8573,163,168,356334,3508,8640158,18773000
8574,168,185,356166,3491,8640343,18676200
8575,140,172,356026,3459,8640515,18583900
8576,142,149,355884,3452,8640664,18977700
8577,162,171,355722,3443,8640835,18593700
8578,175,180,355547,3438,8641015,18637900
8579,154,167,355393,3425,8641182,18865900
8580,157,179,355236,3403,8641361,19294900
8581,151,176,355085,3378,8641537,18674800
8582,168,178,354917,3368,8641715,18710500
8583,165,162,354752,3371,8641877,18665200
8584,158,165,354594,3364,8642042,18814000
8585,166,152,354428,3378,8642194,19223400
8586,204,159,354224,3423,8642353,19473000
8587,173,163,354051,3433,8642516,19429900
8588,168,164,353883,3437,8642680,18958200
8589,161,218,353722,3380,8642898,19588700
8590,170,167,353552,3383,8643065,19197300
8591,162,156,353390,3389,8643221,19437300
8592,152,187,353238,3354,8643408,19655700
8593,180,163,353058,3371,8643571,18940700
8594,181,160,352877,3392,8643731,19125600
8595,180,160,352697,3412,8643891,19626300
8596,171,192,352526,3391,8644083,19533900
8597,180,171,352346,3400,8644254,19450900
8598,184,154,352162,3430,8644408,19729000
8599,184,182,351978,3432,8644590,19609600
8600,183,169,351795,3446,8644759,18633200
8601,173,162,351622,3457,8644921,18560700
8602,166,176,351456,3447,8645097,18875200
8603,183,170,351273,3460,8645267,19107100
8604,159,193,351114,3426,8645460,18701100
8605,159,153,350955,3432,8645613,18834900
8606,167,176,350788,3423,8645789,18746200
8607,157,159,350631,3421,8645948,18890200
8608,152,167,350479,3406,8646115,18553300
8609,167,179,350312,3394,8646294,19124400
8610,169,158,350143,3405,8646452,19530800
8611,161,165,349982,3401,8646617,18981800
8612,161,171,349821,3391,8646788,18874300
8613,172,144,349649,3419,8646932,18740400
8614,203,182,349446,3440,8647114,18675200
8615,178,172,349268,3446,8647286,18616200
8616,184,178,349084,3452,8647464,18755400
8617,206,184,348878,3474,8647648,19067000
8618,148,192,348730,3430,8647840,18597000
8619,170,188,348560,3412,8648028,19008800
8620,176,189,348384,3399,8648217,18606400
8621,188,170,348196,3417,8648387,19156200
8622,165,154,348031,3428,8648541,19289800
8623,174,148,347857,3454,8648689,19027400
8624,142,160,347715,3436,8648849,19168800
8625,180,164,347535,3452,8649013,18697900
8626,148,182,347387,3418,8649195,18764900
8627,185,168,347202,3435,8649363,18674200
8628,193,142,347009,3486,8649505,18553800
8629,191,156,346818,3521,8649661,19016700
8630,178,176,346640,3523,8649837,18707800
8631,169,168,346471,3524,8650005,18645900
8632,163,163,346308,3524,8650168,19016000
8633,165,168,346143,3521,8650336,18715400
8634,156,189,345987,3488,8650525,18659000
8635,155,166,345832,3477,8650691,18580500
8636,135,191,345697,3421,8650882,18778700
8637,153,167,345544,3407,8651049,18768900
8638,157,169,345387,3395,8651218,19687800
8639,144,186,345243,3353,8651404,19332500
8640,148,185,345095,3316,8651589,18761100
8641,149,168,344946,3297,8651757,18623200
8642,184,166,344762,3315,8651923,18977700
8643,158,153,344604,3320,8652076,19031600
8644,149,174,344455,3295,8652250,18638100
8645,156,163,344299,3288,8652413,18676200
8646,155,202,344144,3241,8652615,18623400
8647,158,146,343986,3253,8652761,18600200
8648,154,153,343832,3254,8652914,19020000
8649,165,154,343667,3265,8653068,18751800
8650,184,164,343483,3285,8653232,18578600
8651,153,160,343330,3278,8653392,18732600
8652,169,156,343161,3291,8653548,18664300
8653,204,175,342957,3320,8653723,19363600
8654,165,178,342792,3307,8653901,19550200
8655,168,172,342624,3303,8654073,18953300
8656,186,179,342438,3310,8654252,19475300
8657,177,152,342261,3335,8654404,19062200
8658,181,170,342080,3346,8654574,19057800
8659,169,163,341911,3352,8654737,19190400
8660,151,163,341760,3340,8654900,19061300
8661,172,180,341588,3332,8655080,19610300
8662,159,136,341429,3355,8655216,19174500
8663,162,135,341267,3382,8655351,19474000
8664,167,173,341100,3376,8655524,19395600
8665,148,177,340952,3347,8655701,19227500
8666,176,156,340776,3367,8655857,18967500
8667,172,165,340604,3374,8656022,18529000
8668,177,203,340427,3348,8656225,18568100
8669,149,158,340278,3339,8656383,18681400
8670,155,151,340123,3343,8656534,18657900
8671,169,161,339954,3351,8656695,19185400
8672,164,157,339790,3358,8656852,18859900
8673,165,154,339625,3369,8657006,18758400
8674,170,181,339455,3358,8657187,19374900
8675,172,187,339283,3343,8657374,19660700
8676,125,164,339158,3304,8657538,18594700
8677,157,171,339001,3290,8657709,18957000
8678,154,153,338847,3291,8657862,18986200
8679,152,187,338695,3256,8658049,19500800
8680,168,171,338527,3253,8658220,18860900
8681,150,181,338377,3222,8658401,18596700
8682,171,146,338206,3247,8658547,18593800
8683,143,147,338063,3243,8658694,18917200
8684,161,145,337902,3259,8658839,18918800
8685,139,165,337763,3233,8659004,18638400
8686,154,178,337609,3209,8659182,18618600
8687,156,160,337453,3205,8659342,18699900
8688,162,142,337291,3225,8659484,19498600
8689,138,149,337153,3214,8659633,18696600
8690,144,145,337009,3213,8659778,19398000
8691,149,178,336860,3184,8659956,18704600
8692,163,166,336697,3181,8660122,18748600
8693,164,133,336533,3212,8660255,18740800
8694,134,152,336399,3194,8660407,18590700
8695,168,151,336231,3211,8660558,18495500
8696,162,144,336069,3229,8660702,18653400
8697,171,154,335898,3246,8660856,18742100
8698,154,161,335744,3239,8661017,18778000
8699,151,170,335593,3220,8661187,18894700
8700,158,170,335435,3208,8661357,18582300
8701,154,176,335281,3186,8661533,18599400
8702,158,159,335123,3185,8661692,18946400
8703,136,186,334987,3135,8661878,18661600
8704,156,142,334831,3149,8662020,18960900
8705,169,166,334662,3152,8662186,19796700
8706,164,159,334498,3157,8662345,18715400
8707,166,166,334332,3157,8662511,18640000
8708,176,167,334156,3166,8662678,18679500
8709,179,141,333977,3204,8662819,18602200
8710,160,171,333817,3193,8662990,18550400
8711,175,171,333642,3197,8663161,18490900
8712,168,166,333474,3199,8663327,18663000
8713,157,156,333317,3200,8663483,18762600
8714,175,144,333142,3231,8663627,18750600
8715,180,156,332962,3255,8663783,18626500
8716,176,162,332786,3269,8663945,18925100
8717,168,204,332618,3233,8664149,18590000
8718,157,153,332461,3237,8664302,18697400
8719,164,168,332297,3233,8664470,19199400
8720,185,162,332112,3256,8664632,19051200
8721,180,168,331932,3268,8664800,19827400
8722,178,170,331754,3276,8664970,19293200
8723,175,171,331579,3280,8665141,19535700
8724,186,167,331393,3299,8665308,19065900
8725,171,169,331222,3301,8665477,19091100
8726,183,164,331039,3320,8665641,19335300
8727,199,179,330840,3340,8665820,19642300
8728,182,156,330658,3366,8665976,20418400
8729,192,155,330466,3403,8666131,19273400
8730,169,157,330297,3415,8666288,19344100
8731,171,185,330126,3401,8666473,19035900
8732,164,201,329962,3364,8666674,18891600
8733,184,173,329778,3375,8666847,18711600
8734,181,161,329597,3395,8667008,18691400
8735,157,145,329440,3407,8667153,18566500
8736,180,181,329260,3406,8667334,18907400
8737,198,184,329062,3420,8667518,18712300
8738,183,162,328879,3441,8667680,18673600
8739,167,169,328712,3439,8667849,18722400
8740,173,196,328539,3416,8668045,19106900
8741,166,175,328373,3407,8668220,18662100
8742,166,169,328207,3404,8668389,18661900
8743,170,157,328037,3417,8668546,18701000
8744,177,154,327860,3440,8668700,18699600
8745,173,176,327687,3437,8668876,18710200
8746,188,174,327499,3451,8669050,18665100
8747,172,181,327327,3442,8669231,18513000
8748,173,172,327154,3443,8669403,18693900
8749,185,160,326969,3468,8669563,18661500
8750,178,189,326791,3457,8669752,18757000
8751,193,166,326598,3484,8669918,18791300
8752,186,197,326412,3473,8670115,18771600
8753,175,142,326237,3506,8670257,18973200
8754,158,191,326079,3473,8670448,19229600
8755,171,156,325908,3488,8670604,19045300
8756,183,186,325725,3485,8670790,19873000
8757,160,168,325565,3477,8670958,19175700
8758,142,167,325423,3452,8671125,18810100
8759,174,178,325249,3448,8671303,18545900
8760,204,178,325045,3474,8671481,18850100
8761,187,153,324858,3508,8671634,18829200
8762,162,165,324696,3505,8671799,18493800
8763,161,153,324535,3513,8671952,18657300
8764,190,192,324345,3511,8672144,18598900
8765,177,183,324168,3505,8672327,18689400
8766,155,182,324013,3478,8672509,18907900
8767,192,178,323821,3492,8672687,18819900
8768,151,171,323670,3472,8672858,18853000
8769,166,173,323504,3465,8673031,18962900
8770,148,188,323356,3425,8673219,19063700
8771,159,182,323197,3402,8673401,19052000
8772,163,171,323034,3394,8673572,18632800
8773,178,179,322856,3393,8673751,18596600
8774,172,168,322684,3397,8673919,18959300
8775,145,159,322539,3383,8674078,18964000
8776,167,184,322372,3366,8674262,18691300
8777,153,166,322219,3353,8674428,18678400
8778,173,175,322046,3351,8674603,18621700
8779,149,161,321897,3339,8674764,18782400
8780,158,182,321739,3315,8674946,18745000
8781,147,188,321592,3274,8675134,18942700
8782,172,143,321420,3303,8675277,19412900
8783,184,137,321236,3350,8675414,18903600
8784,174,132,321062,3392,8675546,18469000
8785,168,166,320894,3394,8675712,18456900
8786,158,164,320736,3388,8675876,18434600
8787,165,182,320571,3371,8676058,18812300
8788,165,158,320406,3378,8676216,19331700
8789,166,177,320240,3367,8676393,19001800
8790,168,178,320072,3357,8676571,19165000
8791,165,155,319907,3367,8676726,20057100
8792,150,165,319757,3352,8676891,19287300
8793,165,168,319592,3349,8677059,19139300
8794,167,186,319425,3330,8677245,19019700
8795,152,186,319273,3296,8677431,19165400
8796,166,167,319107,3295,8677598,19001100
8797,187,163,318920,3319,8677761,19183800
8798,172,148,318748,3343,8677909,19495500
8799,146,163,318602,3326,8678072,19985200
8800,150,180,318452,3296,8678252,19071900
8801,168,157,318284,3307,8678409,18588200
8802,157,173,318127,3291,8678582,18879200
8803,146,151,317981,3286,8678733,18935700
8804,147,170,317834,3263,8678903,18623200
8805,174,159,317660,3278,8679062,18984000
8806,165,169,317495,3274,8679231,19253100
8807,174,175,317321,3273,8679406,18646200
8808,182,162,317139,3293,8679568,18988500
8809,154,173,316985,3274,8679741,18899900
8810,163,178,316822,3259,8679919,18650100
8811,160,162,316662,3257,8680081,19115000
8812,161,172,316501,3246,8680253,18671400
8813,183,160,316318,3269,8680413,18614600
8814,168,139,316150,3298,8680552,18773500
8815,162,163,315988,3297,8680715,18926800
8816,178,158,315810,3317,8680873,18759400
8817,173,164,315637,3326,8681037,18822400
8818,170,163,315467,3333,8681200,18528200
8819,192,165,315275,3360,8681365,18689900
8820,143,181,315132,3322,8681546,18719700
8821,176,182,314956,3316,8681728,19524600
8822,171,133,314785,3354,8681861,19088800
8823,177,177,314608,3354,8682038,18637600
8824,166,165,314442,3355,8682203,18683600
8825,177,184,314265,3348,8682387,19052000
8826,165,158,314100,3355,8682545,18744500
8827,147,154,313953,3348,8682699,18687400
8828,186,169,313767,3365,8682868,18683400
8829,149,160,313618,3354,8683028,18757300
8830,162,167,313456,3349,8683195,18955500
8831,160,174,313296,3335,8683369,18808800
8832,168,170,313128,3333,8683539,19169200
8833,185,169,312943,3349,8683708,18699000
8834,170,148,312773,3371,8683856,18864000
8835,185,176,312588,3380,8684032,19257100
8836,183,164,312405,3399,8684196,19334000
8837,168,166,312237,3401,8684362,18794300
8838,137,155,312100,3383,8684517,18491400
8839,168,165,311932,3386,8684682,18612900
8840,161,161,311771,3386,8684843,19122000
8841,161,164,311610,3383,8685007,18669700
8842,166,172,311444,3377,8685179,18681600
8843,149,158,311295,3368,8685337,18724900
8844,171,152,311124,3387,8685489,18802000
8845,152,165,310972,3374,8685654,18940000
8846,141,163,310831,3352,8685817,18691900
8847,162,170,310669,3344,8685987,18670700
8848,172,177,310497,3339,8686164,18791800
8849,165,184,310332,3320,8686348,18719200
8850,149,170,310183,3299,8686518,18693100
8851,142,174,310041,3267,8686692,19164500
8852,149,165,309892,3251,8686857,18779400
8853,157,152,309735,3256,8687009,18749100
8854,144,170,309591,3230,8687179,19162300
8855,146,176,309445,3200,8687355,18868500
8856,134,172,309311,3162,8687527,19282000
8857,144,162,309167,3144,8687689,19280000
8858,140,155,309027,3129,8687844,19303200
8859,127,157,308900,3099,8688001,19606300
8860,174,169,308726,3104,8688170,19938500
8861,144,167,308582,3081,8688337,19468600
8862,151,145,308431,3087,8688482,19653000
8863,150,143,308281,3094,8688625,19349600
8864,160,147,308121,3107,8688772,18928100
8865,169,174,307952,3102,8688946,19044500
8866,146,150,307806,3098,8689096,19297500
8867,154,163,307652,3089,8689259,19149100
8868,177,161,307475,3105,8689420,18632300
8869,143,150,307332,3098,8689570,19385700
8870,171,148,307161,3121,8689718,18501300
8871,160,145,307001,3136,8689863,18636500
8872,161,166,306840,3131,8690029,18724600
8873,167,163,306673,3135,8690192,19001200
8874,147,153,306526,3129,8690345,19020200
8875,171,173,306355,3127,8690518,18751000
8876,177,133,306178,3171,8690651,18592400
8877,151,159,306027,3163,8690810,18653000
8878,173,152,305854,3184,8690962,18569900
8879,193,170,305661,3207,8691132,19249700
8880,174,138,305487,3243,8691270,18611900
8881,153,176,305334,3220,8691446,18776800
8882,180,146,305154,3254,8691592,18650400
8883,154,161,305000,3247,8691753,18669600
8884,145,161,304855,3231,8691914,18780100
8885,157,135,304698,3253,8692049,18668800
8886,155,158,304543,3250,8692207,19040400
8887,159,142,304384,3267,8692349,18673900
8888,162,165,304222,3264,8692514,18893700
8889,178,156,304044,3286,8692670,19630300
8890,144,167,303900,3263,8692837,19176200
8891,168,138,303732,3293,8692975,18831200
8892,150,189,303582,3254,8693164,19088800
8893,158,157,303424,3255,8693321,18957200
8894,172,152,303252,3275,8693473,18772800
8895,159,169,303093,3265,8693642,18870400
8896,168,179,302925,3254,8693821,18737600
8897,148,168,302777,3234,8693989,18770200
8898,173,164,302604,3243,8694153,19107300
8899,148,162,302456,3229,8694315,18742600
8900,157,165,302299,3221,8694480,18747800
8901,157,173,302142,3205,8694653,19000900
8902,158,166,301984,3197,8694819,19246700
8903,134,192,301850,3139,8695011,18831900
8904,128,165,301722,3102,8695176,19448300
8905,148,137,301574,3113,8695313,19690200
8906,134,158,301440,3089,8695471,19271500
8907,163,136,301277,3116,8695607,18725800
8908,151,165,301126,3102,8695772,18832800
8909,146,162,300980,3086,8695934,18638100
8910,132,151,300848,3067,8696085,18812700
8911,146,148,300702,3065,8696233,18634200
8912,152,159,300550,3058,8696392,18962200
8913,153,146,300397,3065,8696538,18902100
8914,157,129,300240,3093,8696667,18749700
8915,143,143,300097,3093,8696810,18990900
8916,150,180,299947,3063,8696990,19081800
8917,177,136,299770,3104,8697126,19679200
8918,152,129,299618,3127,8697255,18643900
8919,149,148,299469,3128,8697403,19193100
8920,143,149,299326,3122,8697552,19083800
8921,157,141,299169,3138,8697693,19536200
8922,165,147,299004,3156,8697840,19360500
8923,158,151,298846,3163,8697991,19328200
8924,176,160,298670,3179,8698151,21015300
8925,162,155,298508,3186,8698306,19191900
8926,150,170,298358,3166,8698476,19182100
8927,155,177,298203,3144,8698653,19645600
8928,150,167,298053,3127,8698820,19801500
8929,164,159,297889,3132,8698979,19146700
8930,166,160,297723,3138,8699139,19413900
8931,163,154,297560,3147,8699293,19260600
8932,158,149,297402,3156,8699442,19487800
8933,158,153,297244,3161,8699595,19513500
8934,176,171,297068,3166,8699766,18859400
8935,152,158,296916,3160,8699924,18713600
8936,145,147,296771,3158,8700071,18731900
8937,166,142,296605,3182,8700213,19110400
8938,154,153,296451,3183,8700366,18774100
8939,150,165,296301,3168,8700531,18912600
8940,160,168,296141,3160,8700699,19084000
8941,144,153,295997,3151,8700852,19539300
8942,146,175,295851,3122,8701027,19488600
8943,145,157,295706,3110,8701184,19221300
8944,144,160,295562,3094,8701344,18874400
8945,146,164,295416,3076,8701508,18851800
8946,157,158,295259,3075,8701666,18825000
8947,133,141,295126,3067,8701807,18613200
8948,146,161,294980,3052,8701968,18656300
8949,157,174,294823,3035,8702142,18875700
8950,124,145,294699,3014,8702287,18735800
8951,135,142,294564,3007,8702429,18712300
8952,116,161,294448,2962,8702590,18714800
8953,128,117,294320,2973,8702707,18832500
8954,111,135,294209,2949,8702842,19712700
8955,150,155,294059,2944,8702997,20020400
8956,147,142,293912,2949,8703139,20720200
8957,156,152,293756,2953,8703291,20466300
8958,152,143,293604,2962,8703434,19810700
8959,146,178,293458,2930,8703612,18932600
8960,125,149,293333,2906,8703761,19133700
8961,141,137,293192,2910,8703898,19400400
8962,138,140,293054,2908,8704038,19803200
8963,149,144,292905,2913,8704182,20386300
8964,129,157,292776,2885,8704339,19643100
8965,134,152,292642,2867,8704491,21338000
8966,138,142,292504,2863,8704633,20605000
8967,136,132,292368,2867,8704765,20982000
8968,137,151,292231,2853,8704916,19844300
8969,126,130,292105,2849,8705046,19962100
8970,157,147,291948,2859,8705193,21765700
8971,125,147,291823,2837,8705340,20225800
8972,141,158,291682,2820,8705498,19829000
8973,158,123,291524,2855,8705621,19528800
8974,144,149,291380,2850,8705770,19869700
8975,132,150,291248,2832,8705920,19835500
8976,147,155,291101,2824,8706075,19328300
8977,168,143,290933,2849,8706218,19742200
8978,163,138,290770,2874,8706356,19875700
8979,173,139,290597,2908,8706495,19470600
8980,126,137,290471,2897,8706632,19839200
8981,143,152,290328,2888,8706784,19912500
8982,147,164,290181,2871,8706948,19847900
8983,137,164,290044,2844,8707112,19694500
8984,132,148,289912,2828,8707260,20169200
8985,146,141,289766,2833,8707401,19721600
8986,148,125,289618,2856,8707526,20199300
8987,145,130,289473,2871,8707656,20278700
8988,154,147,289319,2878,8707803,19928200
8989,158,145,289161,2891,8707948,20254700
8990,140,144,289021,2887,8708092,19983900
8991,139,145,288882,2881,8708237,20840100
8992,154,142,288728,2893,8708379,20525300
8993,152,140,288576,2905,8708519,20059300
8994,155,159,288421,2901,8708678,20268200
8995,162,142,288259,2921,8708820,20233000
8996,151,145,288108,2927,8708965,19822500
8997,169,152,287939,2944,8709117,20064100
8998,153,127,287786,2970,8709244,20390900
8999,143,147,287643,2966,8709391,20115400
9000,145,153,287498,2958,8709544,19882900
9001,167,134,287331,2991,8709678,19299800
9002,158,165,287173,2984,8709843,19939800
9003,169,135,287004,3018,8709978,19744300
9004,154,160,286850,3012,8710138,19878300
9005,157,151,286693,3018,8710289,20250800
9006,148,164,286545,3002,8710453,20190100
9007,140,152,286405,2990,8710605,19804600
9008,146,145,286259,2991,8710750,19857900
9009,155,131,286104,3015,8710881,20300500
9010,138,141,285966,3012,8711022,19520900
9011,158,177,285808,2993,8711199,20242800
9012,147,167,285661,2973,8711366,19760500
9013,139,156,285522,2956,8711522,19262400
9014,152,147,285370,2961,8711669,19804900
9015,163,153,285207,2971,8711822,20432600
9016,156,149,285051,2978,8711971,19766000
9017,145,156,284906,2967,8712127,19602600
9018,143,172,284763,2938,8712299,19647400
9019,168,158,284595,2948,8712457,19221800
9020,154,146,284441,2956,8712603,19470700
9021,170,154,284271,2972,8712757,19098500
9022,152,135,284119,2989,8712892,18608800
9023,157,153,283962,2993,8713045,18755600
9024,155,177,283807,2971,8713222,18753000
9025,150,145,283657,2976,8713367,18904400
9026,145,143,283512,2978,8713510,19178900
9027,117,158,283395,2937,8713668,18811200
9028,158,145,283237,2950,8713813,18715200
9029,157,139,283080,2968,8713952,18891500
9030,134,161,282946,2941,8714113,18962400
9031,136,145,282810,2932,8714258,18703900
9032,143,157,282667,2918,8714415,19038500
9033,143,134,282524,2927,8714549,18865900
9034,154,142,282370,2939,8714691,18845100
9035,133,151,282237,2921,8714842,19449200
9036,158,147,282079,2932,8714989,18800200
9037,160,158,281919,2934,8715147,19293800
9038,151,146,281768,2939,8715293,18674200
9039,129,150,281639,2918,8715443,18709700
9040,142,147,281497,2913,8715590,18637200
9041,123,151,281374,2885,8715741,18668900
9042,108,161,281266,2832,8715902,19294300
9043,147,134,281119,2845,8716036,18801300
9044,117,153,281002,2809,8716189,19916200
9045,106,141,280896,2774,8716330,20295900
9046,137,135,280759,2776,8716465,18844000
9047,139,132,280620,2783,8716597,18627700
9048,143,140,280477,2786,8716737,18672700
9049,144,134,280333,2796,8716871,18769700
9050,141,151,280192,2786,8717022,18857900
9051,132,130,280060,2788,8717152,18805600
9052,125,159,279935,2754,8717311,18906800
9053,128,128,279807,2754,8717439,19257300
9054,113,144,279694,2723,8717583,19746800
9055,126,125,279568,2724,8717708,19664600
9056,126,119,279442,2731,8717827,19192100
9057,135,120,279307,2746,8717947,19466200
9058,143,140,279164,2749,8718087,19520900
9059,143,125,279021,2767,8718212,19641800
9060,137,137,278884,2767,8718349,19435800
9061,140,133,278744,2774,8718482,19966200
9062,125,134,278619,2765,8718616,19579900
9063,126,105,278493,2786,8718721,19038700
9064,125,155,278368,2756,8718876,19001100
9065,136,142,278232,2750,8719018,19016600
9066,138,119,278094,2769,8719137,18808000
9067,131,135,277963,2765,8719272,18731900
9068,119,144,277844,2740,8719416,19122900
9069,135,139,277709,2736,8719555,19599700
9070,127,134,277582,2729,8719689,19661900
9071,128,116,277454,2741,8719805,20069400
9072,128,115,277326,2754,8719920,22555800
9073,122,119,277204,2757,8720039,20241200
9074,130,150,277074,2737,8720189,20917600
9075,127,158,276947,2706,8720347,22902600
9076,141,142,276806,2705,8720489,20121500
9077,131,139,276675,2697,8720628,20086800
9078,125,140,276550,2682,8720768,22662600
9079,149,142,276401,2689,8720910,19632400
9080,147,136,276254,2700,8721046,20078100
9081,143,143,276111,2700,8721189,19169200
9082,130,147,275981,2683,8721336,21187400
9083,127,141,275854,2669,8721477,21101800
9084,137,137,275717,2669,8721614,23136000
9085,146,130,275571,2685,8721744,22775700
9086,126,134,275445,2677,8721878,20333000
9087,152,109,275293,2720,8721987,22112600
9088,129,130,275164,2719,8722117,22632100
9089,126,139,275038,2706,8722256,19717300
9090,134,141,274904,2699,8722397,19040600
9091,150,139,274754,2710,8722536,19547500
9092,146,132,274608,2724,8722668,19141400
9093,134,130,274474,2728,8722798,19636500
9094,130,127,274344,2731,8722925,19561900
9095,111,109,274233,2733,8723034,19885800
9096,144,136,274089,2741,8723170,19249200
9097,142,141,273947,2742,8723311,19273700
9098,153,138,273794,2757,8723449,19651300
9099,129,141,273665,2745,8723590,19423000
9100,145,138,273520,2752,8723728,18874500
9101,141,143,273379,2750,8723871,19268900
9102,152,152,273227,2750,8724023,18783300
9103,158,136,273069,2772,8724159,18834000
9104,155,118,272914,2809,8724277,19080600
9105,146,123,272768,2832,8724400,18944000
9106,129,152,272639,2809,8724552,19036500
9107,159,152,272480,2816,8724704,18808300
9108,143,135,272337,2824,8724839,19151500
9109,138,124,272199,2838,8724963,18863500
9110,134,144,272065,2828,8725107,18719300
9111,124,125,271941,2827,8725232,18666800
9112,130,146,271811,2811,8725378,18689500
9113,152,138,271659,2825,8725516,19122900
9114,135,138,271524,2822,8725654,18646300
9115,118,143,271406,2797,8725797,18643300
9116,132,132,271274,2797,8725929,18872300
9117,127,140,271147,2784,8726069,19797800
9118,127,126,271020,2785,8726195,19153400
9119,136,139,270884,2782,8726334,19880300
9120,117,147,270767,2752,8726481,19878100
9121,144,145,270623,2751,8726626,19463700
9122,118,135,270505,2734,8726761,19728100
9123,121,121,270384,2734,8726882,19057100
9124,133,139,270251,2728,8727021,18809400
9125,124,141,270127,2711,8727162,19398200
9126,145,139,269982,2717,8727301,19351500
9127,132,135,269850,2714,8727436,19005900
9128,129,133,269721,2710,8727569,19150500
9129,137,108,269584,2739,8727677,19132900
9130,122,149,269462,2712,8727826,18824500
9131,131,140,269331,2703,8727966,18798700
9132,134,162,269197,2675,8728128,18904800
9133,127,127,269070,2675,8728255,18769400
9134,130,121,268940,2684,8728376,18689400
9135,116,147,268824,2653,8728523,19099600
9136,137,122,268687,2668,8728645,18889500
9137,125,153,268562,2640,8728798,19059800
9138,130,133,268432,2637,8728931,18793500
9139,109,132,268323,2614,8729063,18773200
9140,128,130,268195,2612,8729193,19129000
9141,124,121,268071,2615,8729314,19139100
9142,125,127,267946,2613,8729441,18651000
9143,135,128,267811,2620,8729569,18674200
9144,150,120,267661,2650,8729689,18818100
9145,136,131,267525,2655,8729820,18887700
9146,129,144,267396,2640,8729964,18813600
9147,139,148,267257,2631,8730112,19380900
9148,120,107,267137,2644,8730219,19772400
9149,118,129,267019,2633,8730348,18793500
9150,139,139,266880,2633,8730487,18786300
9151,134,127,266746,2640,8730614,18792100
9152,128,137,266618,2631,8730751,18923000
9153,129,123,266489,2637,8730874,18676000
9154,140,140,266349,2637,8731014,18925800
9155,126,127,266223,2636,8731141,18638300
9156,127,143,266096,2620,8731284,18757400
9157,127,139,265969,2608,8731423,18687500
9158,130,141,265839,2597,8731564,18853000
9159,118,116,265721,2599,8731680,18985900
9160,125,138,265596,2586,8731818,19095100
9161,122,137,265474,2571,8731955,18689600
9162,123,145,265351,2549,8732100,19120600
9163,133,135,265218,2547,8732235,19506500
9164,130,122,265088,2555,8732357,19141900
9165,109,124,264979,2540,8732481,18666400
9166,117,119,264862,2538,8732600,18695600
9167,134,140,264728,2532,8732740,18920800
9168,118,119,264610,2531,8732859,18951900
9169,133,126,264477,2538,8732985,18751400
9170,122,146,264355,2514,8733131,18659200
9171,116,113,264239,2517,8733244,18692300
9172,125,115,264114,2527,8733359,18919900
9173,125,146,263989,2506,8733505,19482100
9174,138,102,263851,2542,8733607,20443300
9175,127,114,263724,2555,8733721,20961600
9176,143,146,263581,2552,8733867,19519100
9177,117,118,263464,2551,8733985,18683500
9178,131,141,263333,2541,8734126,18660800
9179,124,126,263209,2539,8734252,18718500
9180,127,127,263082,2539,8734379,18812700
9181,123,141,262959,2521,8734520,18897000
9182,128,138,262831,2511,8734658,18904600
9183,122,122,262709,2511,8734780,19255900
9184,142,128,262567,2525,8734908,19248400
9185,103,154,262464,2474,8735062,19334000
9186,128,108,262336,2494,8735170,19097700
9187,115,124,262221,2485,8735294,19944300
9188,113,145,262108,2453,8735439,19269500
9189,111,129,261997,2435,8735568,19296400
9190,114,118,261883,2431,8735686,19253200
9191,114,106,261769,2439,8735792,19071600
9192,134,112,261635,2461,8735904,20100700
9193,104,115,261531,2450,8736019,19324700
9194,122,107,261409,2465,8736126,18948800
9195,133,132,261276,2466,8736258,19177000
9196,122,128,261154,2460,8736386,19324900
9197,117,122,261037,2455,8736508,19080600
9198,137,117,260900,2475,8736625,18895500
9199,132,135,260768,2472,8736760,18814800
9200,136,120,260632,2488,8736880,20732400
9201,143,109,260489,2522,8736989,19417400
9202,135,129,260354,2528,8737118,19254300
9203,131,138,260223,2521,8737256,18683200
9204,123,154,260100,2490,8737410,19198700
9205,138,117,259962,2511,8737527,18703200
9206,136,126,259826,2521,8737653,18722500
9207,124,117,259702,2528,8737770,19360400
9208,117,115,259585,2530,8737885,18812100
9209,118,129,259467,2519,8738014,18755000
9210,129,121,259338,2527,8738135,18856600
9211,130,122,259208,2535,8738257,18687700
9212,115,135,259093,2515,8738392,19026800
9213,126,125,258967,2516,8738517,18779800
9214,133,130,258834,2519,8738647,18859900
9215,127,128,258707,2518,8738775,18719500
9216,114,135,258593,2497,8738910,18806100
9217,113,108,258480,2502,8739018,19091800
9218,127,140,258353,2489,8739158,19022500
9219,139,137,258214,2491,8739295,19099300
9220,129,117,258085,2503,8739412,18720700
9221,154,132,257931,2525,8739544,18711300
9222,140,132,257791,2533,8739676,19146600
9223,146,127,257645,2552,8739803,19104500
9224,136,114,257509,2574,8739917,20013100
9225,135,119,257374,2590,8740036,18946700
9226,126,126,257248,2590,8740162,19342600
9227,125,118,257123,2597,8740280,18988900
9228,118,140,257005,2575,8740420,18742200
9229,111,120,256894,2566,8740540,18707000
9230,126,142,256768,2550,8740682,18891200
9231,132,117,256636,2565,8740799,18750800
9232,124,142,256512,2547,8740941,18623300
9233,120,131,256392,2536,8741072,19122800
9234,126,121,256266,2541,8741193,18731700
9235,120,129,256146,2532,8741322,18832200
9236,115,127,256031,2520,8741449,18794800
9237,123,125,255908,2518,8741574,19266100
9238,123,127,255785,2514,8741701,19009000
9239,127,137,255658,2504,8741838,18736000
9240,125,160,255533,2469,8741998,18692700
9241,132,91,255401,2510,8742089,18715100
9242,131,136,255270,2505,8742225,19178800
9243,141,142,255129,2504,8742367,18690600
9244,137,120,254992,2521,8742487,18652100
9245,134,126,254858,2529,8742613,18623800
9246,133,143,254725,2519,8742756,18834500
9247,114,131,254611,2502,8742887,18940800
9248,129,116,254482,2515,8743003,18707000
9249,131,126,254351,2520,8743129,18980100
9250,148,129,254203,2539,8743258,19525100
9251,116,137,254087,2518,8743395,19459000
9252,128,117,253959,2529,8743512,19021800
9253,137,126,253822,2540,8743638,19281700
9254,136,126,253686,2550,8743764,19542900
9255,117,123,253569,2544,8743887,19306500
9256,131,131,253438,2544,8744018,19425900
9257,132,116,253306,2560,8744134,19116400
9258,110,124,253196,2546,8744258,19358300
9259,146,129,253050,2563,8744387,19341800
9260,123,121,252927,2565,8744508,19337700
9261,112,119,252815,2558,8744627,19285000
9262,114,131,252701,2541,8744758,19577200
9263,140,140,252561,2541,8744898,18677300
9264,143,126,252418,2558,8745024,18648500
9265,133,125,252285,2566,8745149,18714000
9266,133,136,252152,2563,8745285,18682500
9267,130,112,252022,2581,8745397,18746100
9268,118,127,251904,2572,8745524,18883900
9269,124,119,251780,2577,8745643,19369500
9270,125,121,251655,2581,8745764,18771400
9271,105,121,251550,2565,8745885,18640700
9272,140,114,251410,2591,8745999,18722400
9273,119,135,251291,2575,8746134,18806100
9274,122,118,251169,2579,8746252,18907000
9275,137,130,251032,2586,8746382,18762300
9276,141,138,250891,2589,8746520,20775500
9277,124,121,250767,2592,8746641,19428500
9278,119,130,250648,2581,8746771,19270000
9279,132,126,250516,2587,8746897,20718100
9280,112,147,250404,2552,8747044,19450600
9281,122,117,250282,2557,8747161,18513800
9282,124,129,250158,2552,8747290,19113300
9283,117,111,250041,2558,8747401,18706000
9284,125,159,249916,2524,8747560,19360700
9285,122,143,249794,2503,8747703,18755500
9286,135,148,249659,2490,8747851,18724300
9287,136,134,249523,2492,8747985,18709200
9288,149,125,249374,2516,8748110,18807700
9289,146,116,249228,2546,8748226,19024500
9290,131,119,249097,2558,8748345,18699700
9291,156,137,248941,2577,8748482,18809400
9292,144,135,248797,2586,8748617,19387100
9293,147,117,248650,2616,8748734,18744200
9294,127,146,248523,2597,8748880,18714600
9295,141,134,248382,2604,8749014,18714200
9296,121,106,248261,2619,8749120,18673500
9297,135,132,248126,2622,8749252,18730700
9298,142,131,247984,2633,8749383,18768900
9299,132,134,247852,2631,8749517,18700300
9300,124,112,247728,2643,8749629,18709600
9301,131,131,247597,2643,8749760,18874700
9302,134,131,247463,2646,8749891,18776900
9303,132,127,247331,2651,8750018,18697300
9304,121,137,247210,2635,8750155,18737700
9305,152,133,247058,2654,8750288,18790700
9306,133,137,246925,2650,8750425,21553300
9307,140,130,246785,2660,8750555,19422300
9308,115,135,246670,2640,8750690,18675000
9309,117,123,246553,2634,8750813,18656900
9310,140,149,246413,2625,8750962,18718500
9311,129,127,246284,2627,8751089,18796800
9312,127,151,246157,2603,8751240,18721400
9313,146,152,246011,2597,8751392,19216800
9314,123,150,245888,2570,8751542,18747200
9315,122,122,245766,2570,8751664,18699500
9316,112,125,245654,2557,8751789,19469400
9317,126,129,245528,2554,8751918,19361300
9318,127,124,245401,2557,8752042,19398100
9319,122,109,245279,2570,8752151,19906500
9320,124,129,245155,2565,8752280,19188600
9321,127,124,245028,2568,8752404,19565700
9322,120,126,244908,2562,8752530,19471500
9323,128,123,244780,2567,8752653,19665300
9324,155,122,244625,2600,8752775,19526300
9325,141,122,244484,2619,8752897,19203100
9326,117,126,244367,2610,8753023,18912300
9327,124,143,244243,2591,8753166,19246000
9328,128,140,244115,2579,8753306,19719600
9329,106,133,244009,2552,8753439,19486400
9330,115,150,243894,2517,8753589,18380800
9331,118,120,243776,2515,8753709,18408300
9332,109,133,243667,2491,8753842,19052000
9333,122,111,243545,2502,8753953,18799100
9334,123,138,243422,2487,8754091,19134400
9335,119,132,243303,2474,8754223,19392000
9336,114,129,243189,2459,8754352,19016200
9337,130,128,243059,2461,8754480,18715800
9338,110,136,242949,2435,8754616,18940200
9339,134,119,242815,2450,8754735,18824900
9340,117,133,242698,2434,8754868,18728100
9341,110,114,242588,2430,8754982,18764300
9342,128,111,242460,2447,8755093,18825400
9343,126,146,242334,2427,8755239,19288100
9344,123,130,242211,2420,8755369,18698000
9345,118,126,242093,2412,8755495,18716600
9346,122,128,241971,2406,8755623,18664600
9347,130,121,241841,2415,8755744,18719000
9348,137,109,241704,2443,8755853,18783800
9349,127,117,241577,2453,8755970,19176600
9350,131,119,241446,2465,8756089,18824700
9351,108,118,241338,2455,8756207,18697500
9352,116,118,241222,2453,8756325,18618000
9353,118,136,241104,2435,8756461,18631500
9354,115,119,240989,2431,8756580,18877700
9355,122,117,240867,2436,8756697,18864900
9356,115,115,240752,2436,8756812,18717300
9357,117,122,240635,2431,8756934,18729400
9358,133,118,240502,2446,8757052,18946100
9359,130,127,240372,2449,8757179,19916500
9360,113,132,240259,2430,8757311,19964800
9361,128,123,240131,2435,8757434,18677900
9362,136,124,239995,2447,8757558,18739200
9363,123,144,239872,2426,8757702,19255800
9364,114,135,239758,2405,8757837,18718900
9365,126,116,239632,2415,8757953,19074000
9366,123,136,239509,2402,8758089,18673400
9367,105,121,239404,2386,8758210,18752000
9368,99,128,239305,2357,8758338,18707900
9369,122,125,239183,2354,8758463,19017100
9370,115,105,239068,2364,8758568,18723300
9371,114,104,238954,2374,8758672,18753800
9372,120,124,238834,2370,8758796,18759200
9373,120,134,238714,2356,8758930,18682200
9374,123,119,238591,2360,8759049,18753100
9375,114,128,238477,2346,8759177,18775900
9376,114,141,238363,2319,8759318,18771300
9377,122,119,238241,2322,8759437,18768500
9378,133,123,238108,2332,8759560,19132100
9379,107,129,238001,2310,8759689,18757600
9380,135,98,237866,2347,8759787,18770100
9381,118,112,237748,2353,8759899,18816600
9382,135,115,237613,2373,8760014,19914600
9383,116,116,237497,2373,8760130,19014500
9384,116,116,237381,2373,8760246,19518000
9385,123,106,237258,2390,8760352,19475100
9386,124,130,237134,2384,8760482,19208800
9387,130,113,237004,2401,8760595,19746100
9388,130,136,236874,2395,8760731,18889500
9389,113,142,236761,2366,8760873,19297800
9390,105,124,236656,2347,8760997,19599500
9391,107,105,236549,2349,8761102,19297900
9392,132,110,236417,2371,8761212,19058700
9393,127,117,236290,2381,8761329,19292700
9394,119,122,236171,2378,8761451,19238900
9395,149,101,236022,2426,8761552,19019700
9396,138,125,235884,2439,8761677,19953300
9397,135,131,235749,2443,8761808,19089100
9398,120,126,235629,2437,8761934,18689200
9399,117,128,235512,2426,8762062,19029600
9400,144,128,235368,2442,8762190,18727500
9401,134,129,235234,2447,8762319,18796000
9402,127,118,235107,2456,8762437,18760100
9403,137,117,234970,2476,8762554,18691300
9404,136,132,234834,2480,8762686,18658600
9405,129,135,234705,2474,8762821,18694200
9406,127,133,234578,2468,8762954,18638600
9407,134,123,234444,2479,8763077,18732900
9408,121,112,234323,2488,8763189,18822300
9409,119,109,234204,2498,8763298,19505200
9410,119,118,234085,2499,8763416,18829400
9411,129,99,233956,2529,8763515,18735300
9412,125,114,233831,2540,8763629,19272100
9413,119,139,233712,2520,8763768,19412100
9414,130,137,233582,2513,8763905,19134000
9415,105,106,233477,2512,8764011,18871300
9416,135,96,233342,2551,8764107,18699900
9417,118,139,233224,2530,8764246,18951900
9418,109,139,233115,2500,8764385,18838100
9419,127,102,232988,2525,8764487,18738400
9420,110,124,232878,2511,8764611,18698400
9421,119,143,232759,2487,8764754,18947200
9422,133,122,232626,2498,8764876,19368900
9423,115,119,232511,2494,8764995,19170600
9424,123,112,232388,2505,8765107,18744000
9425,141,129,232247,2517,8765236,18637600
9426,132,119,232115,2530,8765355,18964500
9427,132,106,231983,2556,8765461,19747500
9428,112,130,231871,2538,8765591,19248500
9429,130,112,231741,2556,8765703,19190000
9430,114,120,231627,2550,8765823,18716300
9431,111,117,231516,2544,8765940,18707800
9432,123,123,231393,2544,8766063,18766300
9433,117,131,231276,2530,8766194,18734100
9434,112,128,231164,2514,8766322,18707800
9435,113,127,231051,2500,8766449,18704800
9436,113,119,230938,2494,8766568,18776100
9437,96,133,230842,2457,8766701,19028400
9438,108,112,230734,2453,8766813,18872000
9439,125,118,230609,2460,8766931,18704600
9440,102,109,230507,2453,8767040,18823500
9441,117,125,230390,2445,8767165,18779300
9442,93,106,230297,2432,8767271,19078800
9443,119,108,230178,2443,8767379,18736300
9444,107,102,230071,2448,8767481,18572600
9445,113,124,229958,2437,8767605,18688100
9446,123,119,229835,2441,8767724,18956900
9447,111,148,229724,2404,8767872,19309000
9448,108,116,229616,2396,8767988,18890700
9449,97,120,229519,2373,8768108,19164900
9450,125,127,229394,2371,8768235,19319900
9451,105,111,229289,2365,8768346,19039000
9452,102,125,229187,2342,8768471,19286600
9453,126,130,229061,2338,8768601,19839100
9454,106,109,228955,2335,8768710,19338200
9455,124,122,228831,2337,8768832,19054500
9456,125,119,228706,2343,8768951,19633300
9457,90,115,228616,2318,8769066,19408400
9458,119,109,228497,2328,8769175,19653200
9459,116,104,228381,2340,8769279,19007300
9460,119,101,228262,2358,8769380,19168100
9461,121,113,228141,2366,8769493,19069400
9462,109,127,228032,2348,8769620,19456900
9463,130,116,227902,2362,8769736,18673000
9464,128,126,227774,2364,8769862,18768300
9465,125,126,227649,2363,8769988,19667400
9466,116,127,227533,2352,8770115,19971900
9467,108,120,227425,2340,8770235,18704600
9468,128,115,227297,2353,8770350,18607300
9469,137,113,227160,2377,8770463,18615600
9470,118,124,227042,2371,8770587,19031600
9471,132,121,226910,2382,8770708,18653700
9472,126,130,226784,2378,8770838,18890300
9473,120,110,226664,2388,8770948,18915100
9474,116,125,226548,2379,8771073,19297600
9475,119,106,226429,2392,8771179,18753400
9476,103,123,226326,2372,8771302,19200800
9477,102,124,226224,2350,8771426,19259100
9478,114,120,226110,2344,8771546,18684200
9479,126,131,225984,2339,8771677,18739000
9480,118,103,225866,2354,8771780,18858400
9481,117,117,225749,2354,8771897,18683700
9482,111,131,225638,2334,8772028,18753900
9483,113,128,225525,2319,8772156,18771000
9484,112,114,225413,2317,8772270,19043600
9485,111,112,225302,2316,8772382,18808700
9486,105,120,225197,2301,8772502,19466500
9487,110,111,225087,2300,8772613,21112500
9488,115,126,224972,2289,8772739,21176800
9489,122,117,224850,2294,8772856,20466800
9490,117,114,224733,2297,8772970,20328100
9491,121,85,224612,2333,8773055,19947400
9492,109,121,224503,2321,8773176,20030000
9493,111,113,224392,2319,8773289,19011300
9494,119,121,224273,2317,8773410,18235700
9495,119,97,224154,2339,8773507,18883600
9496,144,94,224010,2389,8773601,18525600
9497,140,115,223870,2414,8773716,18649900
9498,122,123,223748,2413,8773839,18692200
9499,113,103,223635,2423,8773942,18669400
9500,136,122,223499,2437,8774064,19592100
9501,136,117,223363,2456,8774181,18928900
9502,115,135,223248,2436,8774316,18762300
9503,119,117,223129,2438,8774433,18712100
9504,121,129,223008,2430,8774562,19360300
9505,134,111,222874,2453,8774673,18810600
9506,119,123,222755,2449,8774796,19462500
9507,101,128,222654,2422,8774924,18699800
9508,125,130,222529,2417,8775054,19137400
9509,121,135,222408,2403,8775189,19407900
9510,125,120,222283,2408,8775309,18928400
9511,117,122,222166,2403,8775431,18867500
9512,121,116,222045,2408,8775547,18719600
9513,108,110,221937,2406,8775657,18884700
9514,118,115,221819,2409,8775772,18698600
9515,106,140,221713,2375,8775912,18906300
9516,125,113,221588,2387,8776025,19359300
9517,123,117,221465,2393,8776142,19310900
9518,125,131,221340,2387,8776273,21326200
9519,113,109,221227,2391,8776382,19353100
9520,115,126,221112,2380,8776508,19863500
9521,97,99,221015,2378,8776607,19593400
9522,93,121,220922,2350,8776728,18991600
9523,118,111,220804,2357,8776839,18934000
9524,111,104,220693,2364,8776943,19414600
9525,111,141,220582,2334,8777084,19272400
9526,102,116,220480,2320,8777200,19111500
9527,114,127,220366,2307,8777327,19336800
9528,99,114,220267,2292,8777441,18745600
9529,103,103,220164,2292,8777544,18607400
9530,105,118,220059,2279,8777662,18565400
9531,129,127,219930,2281,8777789,18640700
9532,111,103,219819,2289,8777892,18624700
9533,105,118,219714,2276,8778010,18684500
9534,112,121,219602,2267,8778131,18718900
9535,105,120,219497,2252,8778251,19615900
9536,110,103,219387,2259,8778354,19231900
9537,99,111,219288,2247,8778465,18705500
9538,112,123,219176,2236,8778588,18764800
9539,115,120,219061,2231,8778708,18664500
9540,103,102,218958,2232,8778810,18677500
9541,112,112,218846,2232,8778922,19273400
9542,94,112,218752,2214,8779034,19021600
9543,112,101,218640,2225,8779135,18675500
9544,119,130,218521,2214,8779265,18734300
9545,114,109,218407,2219,8779374,18809300
9546,120,112,218287,2227,8779486,19796400
9547,121,127,218166,2221,8779613,18753300
9548,106,98,218060,2229,8779711,18667500
9549,104,109,217956,2224,8779820,18672300
9550,88,98,217868,2214,8779918,19110300
9551,109,113,217759,2210,8780031,18890700
9552,119,116,217640,2213,8780147,18899300
9553,104,117,217536,2200,8780264,18859600
9554,96,111,217440,2185,8780375,18665600
9555,109,122,217331,2172,8780497,18852900
9556,102,104,217229,2170,8780601,18682700
9557,110,118,217119,2162,8780719,18776000
9558,87,128,217032,2121,8780847,19005200
9559,90,96,216942,2115,8780943,18679900
9560,119,102,216823,2132,8781045,18741400
9561,106,110,216717,2128,8781155,18646700
9562,111,86,216606,2153,8781241,18789400
9563,88,101,216518,2140,8781342,18960200
9564,113,104,216405,2149,8781446,18674600
9565,125,99,216280,2175,8781545,18783000
9566,107,99,216173,2183,8781644,18772600
9567,107,124,216066,2166,8781768,18624400
9568,117,108,215949,2175,8781876,18734500
9569,116,121,215833,2170,8781997,18885900
9570,135,117,215698,2188,8782114,19026200
9571,101,114,215597,2175,8782228,19488200
9572,107,114,215490,2168,8782342,19056800
9573,114,101,215376,2181,8782443,18813900
9574,99,101,215277,2179,8782544,19071100
9575,109,116,215168,2172,8782660,18694900
9576,129,100,215039,2201,8782760,18757000
9577,126,107,214913,2220,8782867,18931500
9578,116,120,214797,2216,8782987,18685200
9579,107,89,214690,2234,8783076,18891600
9580,120,91,214570,2263,8783167,18711900
9581,117,126,214453,2254,8783293,18717400
9582,124,120,214329,2258,8783413,19151400
9583,107,117,214222,2248,8783530,19175500
9584,106,104,214116,2250,8783634,18939800
9585,113,123,214003,2240,8783757,19887800
9586,122,125,213881,2237,8783882,19190800
9587,115,123,213766,2229,8784005,19519600
9588,103,114,213663,2218,8784119,19142900
9589,121,129,213542,2210,8784248,18953800
9590,104,103,213438,2211,8784351,18965700
9591,99,99,213339,2211,8784450,19350900
9592,116,92,213223,2235,8784542,18838000
9593,110,117,213113,2228,8784659,18888800
9594,105,122,213008,2211,8784781,19563200
9595,104,118,212904,2197,8784899,18858700
9596,129,112,212775,2214,8785011,19088400
9597,108,107,212667,2215,8785118,18647800
9598,117,109,212550,2223,8785227,18903500
9599,110,125,212440,2208,8785352,19098100
9600,120,111,212320,2217,8785463,18948900
9601,107,105,212213,2219,8785568,19020800
9602,117,91,212096,2245,8785659,18611300
9603,124,99,211972,2270,8785758,18664900
9604,126,109,211846,2287,8785867,18940300
9605,119,110,211727,2296,8785977,18876300
9606,121,117,211606,2300,8786094,19342200
9607,133,115,211473,2318,8786209,18812000
9608,130,115,211343,2333,8786324,18826600
9609,109,135,211234,2307,8786459,19062400
9610,128,106,211106,2329,8786565,18685500
9611,106,113,211000,2322,8786678,18669700
9612,121,112,210879,2331,8786790,18783800
9613,128,113,210751,2346,8786903,18624800
9614,112,111,210639,2347,8787014,18590500
9615,112,130,210527,2329,8787144,19026800
9616,107,123,210420,2313,8787267,18966100
9617,121,123,210299,2311,8787390,18806600
9618,102,116,210197,2297,8787506,18889000
9619,131,109,210066,2319,8787615,19327200
9620,96,108,209970,2307,8787723,18703400
9621,96,102,209874,2301,8787825,19278000
9622,112,114,209762,2299,8787939,18652100
9623,99,121,209663,2277,8788060,18914500
9624,118,107,209545,2288,8788167,19485100
9625,116,114,209429,2290,8788281,19433400
9626,102,107,209327,2285,8788388,18677800
9627,100,130,209227,2255,8788518,18868900
9628,91,143,209136,2203,8788661,19133000
9629,103,106,209033,2200,8788767,18749800
9630,108,103,208925,2205,8788870,18674800
9631,112,106,208813,2211,8788976,18715900
9632,87,116,208726,2182,8789092,18923100
9633,103,108,208623,2177,8789200,19156800
9634,108,95,208515,2190,8789295,18665800
9635,111,107,208404,2194,8789402,18892600
9636,103,100,208301,2197,8789502,18906200
9637,78,127,208223,2148,8789629,19013400
9638,90,115,208133,2123,8789744,19065100
9639,116,108,208017,2131,8789852,18661200
9640,108,105,207909,2134,8789957,18716800
9641,89,99,207820,2124,8790056,18789200
9642,94,111,207726,2107,8790167,18693900
9643,91,109,207635,2089,8790276,18762200
9644,84,100,207551,2073,8790376,18762300
9645,84,111,207467,2046,8790487,18694000
9646,89,77,207378,2058,8790564,18777500
9647,92,93,207286,2057,8790657,19149900
9648,110,110,207176,2057,8790767,18665100
9649,101,78,207075,2080,8790845,18938600
9650,102,99,206973,2083,8790944,18999600
9651,97,107,206876,2073,8791051,19428600
9652,102,86,206774,2089,8791137,19097100
9653,101,106,206673,2084,8791243,18934300
9654,106,90,206567,2100,8791333,19508500
9655,94,105,206473,2089,8791438,19075000
9656,95,119,206378,2065,8791557,19394700
9657,114,97,206264,2082,8791654,19345400
9658,109,95,206155,2096,8791749,18874000
9659,102,125,206053,2073,8791874,18661700
9660,113,96,205940,2090,8791970,19420700
9661,109,103,205831,2096,8792073,18772700
9662,127,101,205704,2122,8792174,18996200
9663,105,89,205599,2138,8792263,18567700
9664,133,107,205466,2164,8792370,18650700
9665,106,108,205360,2162,8792478,19066500
9666,113,105,205247,2170,8792583,18930000
9667,132,110,205115,2192,8792693,19250800
9668,115,113,205000,2194,8792806,18630700
9669,118,102,204882,2210,8792908,18853600
9670,107,94,204775,2223,8793002,18788000
9671,87,108,204688,2202,8793110,18649800
9672,118,124,204570,2196,8793234,19022800
9673,110,99,204460,2207,8793333,18681900
9674,114,97,204346,2224,8793430,18818400
9675,111,107,204235,2228,8793537,18699400
9676,106,114,204129,2220,8793651,18906900
9677,116,114,204013,2222,8793765,19120000
9678,116,112,203897,2226,8793877,19403300
9679,110,116,203787,2220,8793993,18696700
9680,108,96,203679,2232,8794089,19314000
9681,93,143,203586,2182,8794232,18650200
9682,113,102,203473,2193,8794334,18692200
9683,98,128,203375,2163,8794462,18874200
9684,97,108,203278,2152,8794570,18906000
9685,105,79,203173,2178,8794649,19137000
9686,91,104,203082,2165,8794753,19404500
9687,101,99,202981,2167,8794852,18676800
9688,105,111,202876,2161,8794963,18774400
9689,105,86,202771,2180,8795049,18593200
9690,85,116,202686,2149,8795165,18592000
9691,90,120,202596,2119,8795285,18803000
9692,82,113,202514,2088,8795398,18970500
9693,106,95,202408,2099,8795493,18998800
9694,111,92,202297,2118,8795585,18681800
9695,108,102,202189,2124,8795687,18631000
9696,100,96,202089,2128,8795783,18674100
9697,105,109,201984,2124,8795892,19040600
9698,101,116,201883,2109,8796008,19322500
9699,97,109,201786,2097,8796117,18951500
9700,106,92,201680,2111,8796209,18990800
9701,91,110,201589,2092,8796319,18677700
9702,97,85,201492,2104,8796404,18791100
9703,93,109,201399,2088,8796513,18821800
9704,98,99,201301,2087,8796612,19070300
9705,93,110,201208,2070,8796722,18796600
9706,101,103,201107,2068,8796825,18654900
9707,113,83,200994,2098,8796908,18715300
9708,112,104,200882,2106,8797012,18724400
9709,92,124,200790,2074,8797136,18709100
9710,118,104,200672,2088,8797240,18620500
9711,97,110,200575,2075,8797350,18756600
9712,99,108,200476,2066,8797458,18701500
9713,104,94,200372,2076,8797552,18895600
9714,103,117,200269,2062,8797669,19001900
9715,106,100,200163,2068,8797769,18565700
9716,110,89,200053,2089,8797858,19283500
9717,104,127,199949,2066,8797985,19456700
9718,104,106,199845,2064,8798091,19874200
9719,113,84,199732,2093,8798175,19440200
9720,92,112,199640,2073,8798287,19487300
9721,84,95,199556,2062,8798382,19300400
9722,118,98,199438,2082,8798480,19314500
9723,115,87,199323,2110,8798567,19911300
9724,98,101,199225,2107,8798668,19206500
9725,111,131,199114,2087,8798799,19268600
9726,114,110,199000,2091,8798909,18977000
9727,113,118,198887,2086,8799027,19004300
9728,120,99,198767,2107,8799126,19102000
9729,113,95,198654,2125,8799221,19459200
9730,95,116,198559,2104,8799337,19516100
9731,115,90,198444,2129,8799427,20382600
9732,108,106,198336,2131,8799533,19206200
9733,113,105,198223,2139,8799638,18698800
9734,117,99,198106,2157,8799737,18693500
9735,100,114,198006,2143,8799851,18688700
9736,122,113,197884,2152,8799964,18774600
9737,111,104,197773,2159,8800068,18684500
9738,132,102,197641,2189,8800170,18871800
9739,133,123,197508,2199,8800293,18751400
9740,120,106,197388,2213,8800399,18713200
9741,103,117,197285,2199,8800516,19060500
9742,108,111,197177,2196,8800627,18663300
9743,122,114,197055,2204,8800741,18736800
9744,113,95,196942,2222,8800836,18789300
9745,117,92,196825,2247,8800928,19127600
9746,101,106,196724,2242,8801034,18782800
9747,107,98,196617,2251,8801132,18656400
9748,109,95,196508,2265,8801227,18738100
9749,127,127,196381,2265,8801354,18662200
9750,117,112,196264,2270,8801466,18734200
9751,107,115,196157,2262,8801581,18600700
9752,109,110,196048,2261,8801691,18701300
9753,92,113,195956,2240,8801804,19181200
9754,105,110,195851,2235,8801914,19076900
9755,106,143,195745,2198,8802057,18742100
9756,103,117,195642,2184,8802174,18749600
9757,115,109,195527,2190,8802283,19072300
9758,90,97,195437,2183,8802380,18759700
9759,90,123,195347,2150,8802503,19338900
9760,90,109,195257,2131,8802612,19214700
9761,120,95,195137,2156,8802707,19303200
9762,110,101,195027,2165,8802808,18763800
9763,92,112,194935,2145,8802920,18736600
9764,117,111,194818,2151,8803031,18849400
9765,108,102,194710,2157,8803133,19002600
9766,82,112,194628,2127,8803245,18972700
9767,101,103,194527,2125,8803348,19004600
9768,100,106,194427,2119,8803454,18749400
9769,110,100,194317,2129,8803554,18739000
9770,97,111,194220,2115,8803665,18654500
9771,116,117,194104,2114,8803782,18645600
9772,100,111,194004,2103,8803893,19100900
9773,92,107,193912,2088,8804000,18789000
9774,102,108,193810,2082,8804108,18679200
9775,107,113,193703,2076,8804221,18907100
9776,102,116,193601,2062,8804337,18690000
9777,110,95,193491,2077,8804432,18753400
9778,97,107,193394,2067,8804539,18611400
9779,111,88,193283,2090,8804627,19092700
9780,105,96,193178,2099,8804723,18663400
9781,90,97,193088,2092,8804820,18924100
9782,94,112,192994,2074,8804932,18689900
9783,97,111,192897,2060,8805043,18810000
9784,94,92,192803,2062,8805135,19476400
9785,103,102,192700,2063,8805237,19543000
9786,87,89,192613,2061,8805326,19427000
9787,101,106,192512,2056,8805432,19704500
9788,90,98,192422,2048,8805530,19009900
9789,95,102,192327,2041,8805632,19023700
9790,93,101,192234,2033,8805733,18941400
9791,94,100,192140,2027,8805833,19537700
9792,117,89,192023,2055,8805922,19553900
9793,115,106,191908,2064,8806028,19436400
9794,112,111,191796,2065,8806139,19080900
9795,98,98,191698,2065,8806237,19159500
9796,115,88,191583,2092,8806325,19173800
9797,97,93,191486,2096,8806418,18969700
9798,96,111,191390,2081,8806529,18588800
9799,103,105,191287,2079,8806634,18651700
9800,109,95,191178,2093,8806729,18624200
9801,116,100,191062,2109,8806829,18701600
9802,102,102,190960,2109,8806931,18673500
9803,78,117,190882,2070,8807048,18681900
9804,84,89,190798,2065,8807137,18607200
9805,92,91,190706,2066,8807228,18636400
9806,96,91,190610,2071,8807319,18802400
9807,95,94,190515,2072,8807413,18819700
9808,90,92,190425,2070,8807505,18688300
9809,112,126,190313,2056,8807631,18908200
9810,109,101,190204,2064,8807732,18694400
9811,103,95,190101,2072,8807827,18692700
9812,71,102,190030,2041,8807929,18953800
9813,90,100,189940,2031,8808029,18770200
9814,102,98,189838,2035,8808127,18722400
9815,78,97,189760,2016,8808224,19044300
9816,73,94,189687,1995,8808318,18687400
9817,80,109,189607,1966,8808427,18604600
9818,93,93,189514,1966,8808520,18787800
9819,101,99,189413,1968,8808619,18719300
9820,84,96,189329,1956,8808715,19348600
9821,91,89,189238,1958,8808804,18714700
9822,104,91,189134,1971,8808895,19092700
9823,89,96,189045,1964,8808991,18968100
9824,105,114,188940,1955,8809105,18833500
9825,98,102,188842,1951,8809207,18662900
9826,90,104,188752,1937,8809311,18613900
9827,98,105,188654,1930,8809416,18755900
9828,94,104,188560,1920,8809520,18689900
9829,98,94,188462,1924,8809614,18897700
9830,87,94,188375,1917,8809708,18608700
9831,94,97,188281,1914,8809805,18586500
9832,101,91,188180,1924,8809896,18519100
9833,86,110,188094,1900,8810006,18659700
9834,104,92,187990,1912,8810098,19009500
9835,96,92,187894,1916,8810190,18681900
9836,92,109,187802,1899,8810299,18629500
9837,81,81,187721,1899,8810380,18596900
9838,74,106,187647,1867,8810486,19830900
9839,79,106,187568,1840,8810592,20390900
9840,85,75,187483,1850,8810667,19605700
9841,79,77,187404,1852,8810744,19309500
9842,90,88,187314,1854,8810832,19441800
9843,94,108,187220,1840,8810940,19070700
9844,95,94,187125,1841,8811034,20227200
9845,75,91,187050,1825,8811125,19782600
9846,76,100,186974,1801,8811225,19898700
9847,77,103,186897,1775,8811328,19202200
9848,82,101,186815,1756,8811429,19090600
9849,84,91,186731,1749,8811520,19163400
9850,96,82,186635,1763,8811602,19629500
9851,83,90,186552,1756,8811692,19362700
9852,103,93,186449,1766,8811785,19364200
9853,92,85,186357,1773,8811870,19174700
9854,89,111,186268,1751,8811981,19902400
9855,93,79,186175,1765,8812060,19895500
9856,93,76,186082,1782,8812136,19514600
9857,87,93,185995,1776,8812229,19577400
9858,85,82,185910,1779,8812311,19899100
9859,99,100,185811,1778,8812411,19618800
9860,92,88,185719,1782,8812499,19583300
9861,96,91,185623,1787,8812590,19945200
9862,105,78,185518,1814,8812668,19829200
9863,86,81,185432,1819,8812749,19838000
9864,102,100,185330,1821,8812849,19983900
9865,113,99,185217,1835,8812948,19207700
9866,97,99,185120,1833,8813047,18950900
9867,99,91,185021,1841,8813138,19453800
9868,99,106,184922,1834,8813244,19259000
9869,97,89,184825,1842,8813333,18937500
9870,110,101,184715,1851,8813434,19423500
9871,91,102,184624,1840,8813536,19485300
9872,96,91,184528,1845,8813627,19070000
9873,96,92,184432,1849,8813719,19652700
9874,107,86,184325,1870,8813805,19854900
9875,102,89,184223,1883,8813894,19478900
9876,102,106,184121,1879,8814000,19391300
9877,117,92,184004,1904,8814092,19373900
9878,104,96,183900,1912,8814188,20073800
9879,97,100,183803,1909,8814288,19655100
9880,78,103,183725,1884,8814391,19822600
9881,106,84,183619,1906,8814475,19536900
9882,108,94,183511,1920,8814569,19351800
9883,91,101,183420,1910,8814670,19418100
9884,120,107,183300,1923,8814777,19039700
9885,108,110,183192,1921,8814887,19385500
9886,95,110,183097,1906,8814997,18717400
9887,109,101,182988,1914,8815098,18825200
9888,92,103,182896,1903,8815201,18420300
9889,105,99,182791,1909,8815300,18602000
9890,92,98,182699,1903,8815398,19282100
9891,93,117,182606,1879,8815515,19461200
9892,98,93,182508,1884,8815608,18652700
9893,88,89,182420,1883,8815697,18633800
9894,95,107,182325,1871,8815804,18584900
9895,90,100,182235,1861,8815904,18675400
9896,81,86,182154,1856,8815990,18719900
9897,91,97,182063,1850,8816087,19368200
9898,100,83,181963,1867,8816170,18836500
9899,90,74,181873,1883,8816244,18651200
9900,79,98,181794,1864,8816342,18926500
9901,92,100,181702,1856,8816442,19226000
9902,98,100,181604,1854,8816542,18682400
9903,91,100,181513,1845,8816642,18608100
9904,96,98,181417,1843,8816740,18754600
9905,85,86,181332,1842,8816826,18703300
9906,92,98,181240,1836,8816924,18703900
9907,102,102,181138,1836,8817026,19840800
9908,102,84,181036,1854,8817110,18706300
9909,76,91,180960,1839,8817201,18710100
9910,103,97,180857,1845,8817298,18780300
9911,83,87,180774,1841,8817385,18649100
9912,88,96,180686,1833,8817481,18747500
9913,87,93,180599,1827,8817574,18672500
9914,92,97,180507,1822,8817671,18749800
9915,98,104,180409,1816,8817775,18939200
9916,89,95,180320,1810,8817870,18926000
9917,83,90,180237,1803,8817960,19439100
9918,89,89,180148,1803,8818049,19640200
9919,84,86,180064,1801,8818135,19298300
9920,90,83,179974,1808,8818218,19806000
9921,92,101,179882,1799,8818319,19237200
9922,77,100,179805,1776,8818419,19289400
9923,101,93,179704,1784,8818512,19406100
9924,93,85,179611,1792,8818597,19517800
9925,106,86,179505,1812,8818683,19713900
9926,97,82,179408,1827,8818765,18903900
9927,79,80,179329,1826,8818845,19389300
9928,97,104,179232,1819,8818949,19339800
9929,91,107,179141,1803,8819056,19462300
9930,103,76,179038,1830,8819132,19469300
9931,90,84,178948,1836,8819216,18963800
9932,98,95,178850,1839,8819311,19117200
9933,92,87,178758,1844,8819398,18723300
9934,94,103,178664,1835,8819501,18653200
9935,96,92,178568,1839,8819593,18720700
9936,95,69,178473,1865,8819662,18716200
9937,95,104,178378,1856,8819766,19123400
9938,98,113,178280,1841,8819879,18775800
9939,88,102,178192,1827,8819981,18650400
9940,87,84,178105,1830,8820065,18765600
9941,94,93,178011,1831,8820158,18958000
9942,91,99,177920,1823,8820257,18666500
9943,94,88,177826,1829,8820345,19193600
9944,102,101,177724,1830,8820446,19538600
9945,68,74,177656,1824,8820520,19076000
9946,88,90,177568,1822,8820610,18627000
9947,101,106,177467,1817,8820716,19106700
9948,115,89,177352,1843,8820805,18973800
9949,103,89,177249,1857,8820894,20195400
9950,98,84,177151,1871,8820978,19822800
9951,93,86,177058,1878,8821064,19508300
9952,86,88,176972,1876,8821152,20107600
9953,93,84,176879,1885,8821236,19625600
9954,97,91,176782,1891,8821327,19552300
9955,98,101,176684,1888,8821428,20360500
9956,94,115,176590,1867,8821543,19377200
9957,86,96,176504,1857,8821639,20083000
9958,80,95,176424,1842,8821734,19344100
9959,88,89,176336,1841,8821823,19584700
9960,98,105,176238,1834,8821928,18621400
9961,88,89,176150,1833,8822017,18580000
9962,99,91,176051,1841,8822108,18664100
9963,100,86,175951,1855,8822194,18715800
9964,82,75,175869,1862,8822269,18949900
9965,88,88,175781,1862,8822357,18631900
9966,101,100,175680,1863,8822457,18635900
9967,92,90,175588,1865,8822547,18752700
9968,113,88,175475,1890,8822635,18737100
9969,72,84,175403,1878,8822719,18684500
9970,84,105,175319,1857,8822824,19077700
9971,82,89,175237,1850,8822913,18682000
9972,91,96,175146,1845,8823009,19075400
9973,83,100,175063,1828,8823109,19336700
9974,83,88,174980,1823,8823197,18778000
9975,83,108,174897,1798,8823305,18694200
9976,67,76,174830,1789,8823381,18682400
9977,84,100,174746,1773,8823481,18914600
9978,85,64,174661,1794,8823545,19035100
9979,87,89,174574,1792,8823634,18895300
9980,89,93,174485,1788,8823727,18786800
9981,73,97,174412,1764,8823824,18660300
9982,73,94,174339,1743,8823918,19030100
9983,79,94,174260,1728,8824012,19216400
9984,69,90,174191,1707,8824102,19560500
9985,88,75,174103,1720,8824177,19254300
9986,70,99,174033,1691,8824276,18996300
9987,80,84,173953,1687,8824360,19121300
9988,86,78,173867,1695,8824438,19520700
9989,79,72,173788,1702,8824510,19483400
9990,81,92,173707,1691,8824602,19687600
9991,87,89,173620,1689,8824691,19456400
9992,82,65,173538,1706,8824756,19405600
9993,93,82,173445,1717,8824838,19188700
9994,68,94,173377,1691,8824932,19410000
9995,82,90,173295,1683,8825022,20364400
9996,77,74,173218,1686,8825096,19454200
9997,70,98,173148,1658,8825194,19160900
9998,86,98,173062,1646,8825292,18672700
9999,67,88,172995,1625,8825380,18531500
10000,79,78,172916,1626,8825458,18643200
10001,81,75,172835,1632,8825533,19271900
10002,86,84,172749,1634,8825617,19313800
10003,73,81,172676,1626,8825698,19270300
10004,93,75,172583,1644,8825773,19386100
10005,86,87,172497,1643,8825860,18608100
10006,79,83,172418,1639,8825943,18633100
10007,77,93,172341,1623,8826036,18737800
10008,91,95,172250,1619,8826131,18975800
10009,97,92,172153,1624,8826223,20373700
10010,85,79,172068,1630,8826302,19158900
10011,95,74,171973,1651,8826376,19804800
10012,93,85,171880,1659,8826461,19836400
10013,95,84,171785,1670,8826545,18997900
10014,86,78,171699,1678,8826623,19034600
10015,72,74,171627,1676,8826697,19189100
10016,86,80,171541,1682,8826777,19182800
10017,79,76,171462,1685,8826853,19162700
10018,84,90,171378,1679,8826943,18990700
10019,91,79,171287,1691,8827022,19160600
10020,81,81,171206,1691,8827103,19012300
10021,100,80,171106,1711,8827183,19793700
10022,93,85,171013,1719,8827268,19171500
10023,83,86,170930,1716,8827354,18836500
10024,83,85,170847,1714,8827439,19298700
10025,81,88,170766,1707,8827527,19014000
10026,77,80,170689,1704,8827607,21009400
10027,113,93,170576,1724,8827700,18861200
10028,96,89,170480,1731,8827789,19211500
10029,83,87,170397,1727,8827876,19060700
10030,89,100,170308,1716,8827976,18823000
10031,86,82,170222,1720,8828058,18660600
10032,77,83,170145,1714,8828141,18640100
10033,88,80,170057,1722,8828221,19064100
10034,76,82,169981,1716,8828303,18969100
10035,82,98,169899,1700,8828401,19059500
10036,84,97,169815,1687,8828498,19916600
10037,96,86,169719,1697,8828584,19164800
10038,92,81,169627,1708,8828665,19276300
10039,92,94,169535,1706,8828759,19062300
10040,89,80,169446,1715,8828839,18456500
10041,91,87,169355,1719,8828926,18358000
10042,78,80,169277,1717,8829006,18580300
10043,108,85,169169,1740,8829091,19140800
10044,88,92,169081,1736,8829183,19395400
10045,104,74,168977,1766,8829257,19671500
10046,94,82,168883,1778,8829339,19852100
10047,84,99,168799,1763,8829438,20536200
10048,66,79,168733,1750,8829517,20775500
10049,114,83,168619,1781,8829600,20099800
10050,105,78,168514,1808,8829678,20477200
10051,93,85,168421,1816,8829763,19581400
10052,81,81,168340,1816,8829844,19488300
10053,95,84,168245,1827,8829928,20512200
10054,79,103,168166,1803,8830031,19349900
10055,88,81,168078,1810,8830112,18982200
10056,81,101,167997,1790,8830213,18690900
10057,76,89,167921,1777,8830302,19128200
10058,88,100,167833,1765,8830402,19756000
10059,94,79,167739,1780,8830481,19529600
10060,84,88,167655,1776,8830569,18969300
10061,102,77,167553,1801,8830646,18986800
10062,87,95,167466,1793,8830741,19398100
10063,87,94,167379,1786,8830835,20128600
10064,80,80,167299,1786,8830915,18748300
10065,88,88,167211,1786,8831003,18514900
10066,82,90,167129,1778,8831093,18773200
10067,82,87,167047,1773,8831180,19018900
10068,96,101,166951,1768,8831281,18816400
10069,88,89,166863,1767,8831370,18769800
10070,102,89,166761,1780,8831459,19367000
10071,101,95,166660,1786,8831554,19040300
10072,87,79,166573,1794,8831633,18793600
10073,86,94,166487,1786,8831727,19338900
10074,97,84,166390,1799,8831811,18789200
10075,106,74,166284,1831,8831885,18869600
10076,86,89,166198,1828,8831974,18759700
10077,102,101,166096,1829,8832075,19131600
10078,86,94,166010,1821,8832169,18655900
10079,95,94,165915,1822,8832263,18805000
10080,93,90,165822,1825,8832353,18713000
10081,85,88,165737,1822,8832441,18862500
10082,77,99,165660,1800,8832540,19026600
10083,78,77,165582,1801,8832617,19043600
10084,95,88,165487,1808,8832705,18806800
10085,94,95,165393,1807,8832800,18801100
10086,86,79,165307,1814,8832879,19486000
10087,81,107,165226,1788,8832986,18932800
10088,105,78,165121,1815,8833064,18922600
10089,97,67,165024,1845,8833131,18803300
10090,76,96,164948,1825,8833227,18826300
10091,91,82,164857,1834,8833309,18793500
10092,83,96,164774,1821,8833405,18992000
10093,85,98,164689,1808,8833503,18768700
10094,73,99,164616,1782,8833602,18723800
10095,86,94,164530,1774,8833696,18860600
10096,87,81,164443,1780,8833777,18965100
10097,83,82,164360,1781,8833859,18742300
10098,80,93,164280,1768,8833952,18651800
10099,83,87,164197,1764,8834039,18741600
10100,91,94,164106,1761,8834133,18912200
10101,77,80,164029,1758,8834213,19579200
10102,76,119,163953,1715,8834332,19463300
10103,54,89,163899,1680,8834421,18796300
10104,88,75,163811,1693,8834496,19317100
10105,97,83,163714,1707,8834579,19043700
10106,88,79,163626,1716,8834658,19213000
10107,71,76,163555,1711,8834734,18800500
10108,73,85,163482,1699,8834819,18795800
10109,75,92,163407,1682,8834911,19179900
10110,67,79,163340,1670,8834990,19228800
10111,85,86,163255,1669,8835076,18752100
10112,70,92,163185,1647,8835168,18839500
10113,74,89,163111,1632,8835257,18883900
10114,74,77,163037,1629,8835334,18781000
10115,79,91,162958,1617,8835425,18905000
10116,77,69,162881,1625,8835494,19188700
10117,77,75,162804,1627,8835569,18993100
10118,75,78,162729,1624,8835647,19471200
10119,86,68,162643,1642,8835715,19082100
10120,64,74,162579,1632,8835789,19878200
10121,74,73,162505,1633,8835862,19397100
10122,73,78,162432,1628,8835940,19335000
10123,88,69,162344,1647,8836009,19018000
10124,80,79,162264,1648,8836088,19430800
10125,73,79,162191,1642,8836167,18854500
10126,80,90,162111,1632,8836257,19610100
10127,81,78,162030,1635,8836335,19370400
10128,83,76,161947,1642,8836411,19731800
10129,77,83,161870,1636,8836494,19202200
10130,72,91,161798,1617,8836585,18836300
10131,81,83,161717,1615,8836668,18952900
10132,72,81,161645,1606,8836749,19201800
10133,81,72,161564,1615,8836821,19405100
10134,85,72,161479,1628,8836893,18765800
10135,76,66,161403,1638,8836959,18801100
10136,78,71,161325,1645,8837030,18711900
10137,80,77,161245,1648,8837107,19180700
10138,79,91,161166,1636,8837198,18798000
10139,83,74,161083,1645,8837272,18902800
10140,70,85,161013,1630,8837357,19001800
10141,84,101,160929,1613,8837458,18606300
10142,68,84,160861,1597,8837542,18670300
10143,85,69,160776,1613,8837611,18621900
10144,77,93,160699,1597,8837704,18679300
10145,68,92,160631,1573,8837796,19126800
10146,69,66,160562,1576,8837862,19403800
10147,71,74,160491,1573,8837936,19082700
10148,78,75,160413,1576,8838011,18748400
10149,74,63,160339,1587,8838074,18892000
10150,73,79,160266,1581,8838153,18983500
10151,66,85,160200,1562,8838238,18724800
10152,77,89,160123,1550,8838327,18611400
10153,60,77,160063,1533,8838404,18848800
10154,69,71,159994,1531,8838475,19620000
10155,63,69,159931,1525,8838544,20121400
10156,78,72,159853,1531,8838616,18783200
10157,59,70,159794,1520,8838686,18775600
10158,79,83,159715,1516,8838769,19078000
10159,73,65,159642,1524,8838834,18780700
10160,71,66,159571,1529,8838900,18797800
10161,58,62,159513,1525,8838962,18878000
10162,64,86,159449,1503,8839048,18771000
10163,74,80,159375,1497,8839128,18588700
10164,79,71,159296,1505,8839199,19458200
10165,87,86,159209,1506,8839285,19290000
10166,84,64,159125,1526,8839349,18791100
10167,76,68,159049,1534,8839417,18736900
10168,71,71,158978,1534,8839488,18802100
10169,77,72,158901,1539,8839560,18770000
10170,75,82,158826,1532,8839642,19147600
10171,72,60,158754,1544,8839702,18759400
10172,77,78,158677,1543,8839780,18774900
10173,74,77,158603,1540,8839857,19048000
10174,66,80,158537,1526,8839937,18744600
10175,74,71,158463,1529,8840008,18782700
10176,70,77,158393,1522,8840085,18720600
10177,78,76,158315,1524,8840161,18760500
10178,79,84,158236,1519,8840245,18870300
10179,64,97,158172,1486,8840342,18737100
10180,65,62,158107,1489,8840404,18752900
10181,71,83,158036,1477,8840487,18715700
10182,82,73,157954,1486,8840560,18844000
10183,77,71,157877,1492,8840631,18827200
10184,72,60,157805,1504,8840691,19279000
10185,66,72,157739,1498,8840763,19235400
10186,81,79,157658,1500,8840842,19261900
10187,70,70,157588,1500,8840912,19759100
10188,77,68,157511,1509,8840980,19169800
10189,80,71,157431,1518,8841051,19238800
10190,89,83,157342,1524,8841134,20162000
10191,77,62,157265,1539,8841196,19517900
10192,70,98,157195,1511,8841294,19352200
10193,77,75,157118,1513,8841369,19344300
10194,67,82,157051,1498,8841451,19652300
10195,78,75,156973,1501,8841526,19707800
10196,65,86,156908,1480,8841612,19528900
10197,82,67,156826,1495,8841679,18982200
10198,73,72,156753,1496,8841751,18683800
10199,85,69,156668,1512,8841820,18770000
10200,72,75,156596,1509,8841895,18798600
10201,74,77,156522,1506,8841972,19223900
10202,72,70,156450,1508,8842042,18727900
10203,84,78,156366,1514,8842120,18957300
10204,56,79,156310,1491,8842199,18705100
10205,79,80,156231,1490,8842279,18742400
10206,65,67,156166,1488,8842346,19284500
10207,55,83,156111,1460,8842429,19460600
10208,59,80,156052,1439,8842509,19316900
10209,63,67,155989,1435,8842576,18851600
10210,59,65,155930,1429,8842641,19300100
10211,76,76,155854,1429,8842717,19283400
10212,76,70,155778,1435,8842787,18669300
10213,70,76,155708,1429,8842863,19106900
10214,52,67,155656,1414,8842930,18781900
10215,74,72,155582,1416,8843002,18705600
10216,77,74,155505,1419,8843076,18706100
10217,56,80,155449,1395,8843156,18739500
10218,62,74,155387,1383,8843230,18723700
10219,65,71,155322,1377,8843301,18907900
10220,57,68,155265,1366,8843369,19040400
10221,62,70,155203,1358,8843439,19422400
10222,61,63,155142,1356,8843502,19269400
10223,61,67,155081,1350,8843569,18885000
10224,65,78,155016,1337,8843647,18764100
10225,59,52,154957,1344,8843699,18918300
10226,63,71,154894,1336,8843770,19154400
10227,58,62,154836,1332,8843832,20055700
10228,68,69,154768,1331,8843901,18769200
10229,72,59,154696,1344,8843960,18655900
10230,64,58,154632,1350,8844018,18670900
10231,56,62,154576,1344,8844080,18822400
10232,83,66,154493,1361,8844146,18750300
10233,72,65,154421,1368,8844211,18851000
10234,59,58,154362,1369,8844269,18805500
10235,69,79,154293,1359,8844348,19273300
10236,67,70,154226,1356,8844418,19172200
10237,72,66,154154,1362,8844484,18664800
10238,60,74,154094,1348,8844558,18775300
10239,65,56,154029,1357,8844614,18792000
10240,66,78,153963,1345,8844692,18815200
10241,70,70,153893,1345,8844762,18773800
10242,56,66,153837,1335,8844828,18749300
10243,74,60,153763,1349,8844888,18856500
10244,61,65,153702,1345,8844953,18669100
10245,84,82,153618,1347,8845035,18971000
10246,74,70,153544,1351,8845105,18755300
10247,69,76,153475,1344,8845181,19138500
10248,63,58,153412,1349,8845239,18723000
10249,56,61,153356,1344,8845300,18648300
10250,59,65,153297,1338,8845365,19721300
10251,62,68,153235,1332,8845433,19388600
10252,65,69,153170,1328,8845502,19610400
10253,66,69,153104,1325,8845571,19293000
10254,74,65,153030,1334,8845636,19905100
10255,66,77,152964,1323,8845713,19008500
10256,58,62,152906,1319,8845775,19092200
10257,61,54,152845,1326,8845829,19447000
10258,55,44,152790,1337,8845873,19194800
10259,60,56,152730,1341,8845929,21517800
10260,69,70,152661,1340,8845999,19979900
10261,68,65,152593,1343,8846064,18902100
10262,66,60,152527,1349,8846124,19324700
10263,59,61,152468,1347,8846185,19165500
10264,62,57,152406,1352,8846242,18801600
10265,60,72,152346,1340,8846314,18648900
10266,78,55,152268,1363,8846369,18748300
10267,65,63,152203,1365,8846432,18699800
10268,71,58,152132,1378,8846490,18683700
10269,74,77,152058,1375,8846567,18821900
10270,60,75,151998,1360,8846642,18687500
10271,56,68,151942,1348,8846710,18588000
10272,74,63,151868,1359,8846773,18751000
10273,60,63,151808,1356,8846836,18776700
10274,78,63,151730,1371,8846899,18693900
10275,63,69,151667,1365,8846968,18827500
10276,73,61,151594,1377,8847029,18743300
10277,66,73,151528,1370,8847102,18719100
10278,68,58,151460,1380,8847160,18601400
10279,72,63,151388,1389,8847223,18943100
10280,74,69,151314,1394,8847292,18690300
10281,61,71,151253,1384,8847363,18771700
10282,69,61,151184,1392,8847424,18908400
10283,72,70,151112,1394,8847494,18746800
10284,63,55,151049,1402,8847549,18754900
10285,66,86,150983,1382,8847635,18747700
10286,70,79,150913,1373,8847714,18711900
10287,58,81,150855,1350,8847795,19305300
10288,58,65,150797,1343,8847860,18611500
10289,60,76,150737,1327,8847936,18708900
10290,53,66,150684,1314,8848002,19560800
10291,62,66,150622,1310,8848068,18779800
10292,45,59,150577,1296,8848127,18786400
10293,43,72,150534,1267,8848199,18776300
10294,59,60,150475,1266,8848259,19021000
10295,57,69,150418,1254,8848328,19106900
10296,61,62,150357,1253,8848390,19261500
10297,48,65,150309,1236,8848455,18671200
10298,50,69,150259,1217,8848524,18734900
10299,60,61,150199,1216,8848585,18687600
10300,61,72,150138,1205,8848657,18774800
10301,64,58,150074,1211,8848715,18817000
10302,63,64,150011,1210,8848779,18683000
10303,59,47,149952,1222,8848826,18644900
10304,55,59,149897,1218,8848885,18689300
10305,68,65,149829,1221,8848950,18668700
10306,54,71,149775,1204,8849021,18730200
10307,57,60,149718,1201,8849081,18649500
10308,57,52,149661,1206,8849133,18740200
10309,60,64,149601,1202,8849197,18748500
10310,60,51,149541,1211,8849248,18678000
10311,60,62,149481,1209,8849310,18658400
10312,60,65,149421,1204,8849375,18676800
10313,59,42,149362,1221,8849417,19078800
10314,63,64,149299,1220,8849481,19797200
10315,68,59,149231,1229,8849540,18565600
10316,55,59,149176,1225,8849599,19083000
10317,58,71,149118,1212,8849670,19372900
10318,66,82,149052,1196,8849752,19402100
10319,62,56,148990,1202,8849808,19126400
10320,64,63,148926,1203,8849871,18983800
10321,69,66,148857,1206,8849937,19802900
10322,59,61,148798,1204,8849998,19297000
10323,65,74,148733,1195,8850072,19296900
10324,50,60,148683,1185,8850132,18913100
10325,56,64,148627,1177,8850196,19348400
10326,68,66,148559,1179,8850262,19080300
10327,63,58,148496,1184,8850320,19193700
10328,49,48,148447,1185,8850368,19480400
10329,56,51,148391,1190,8850419,19093400
10330,65,59,148326,1196,8850478,19027400
10331,55,65,148271,1186,8850543,19335900
10332,65,49,148206,1202,8850592,19216100
10333,48,61,148158,1189,8850653,18734000
10334,66,57,148092,1198,8850710,18705800
10335,51,58,148041,1191,8850768,18759100
10336,57,68,147984,1180,8850836,18758200
10337,62,55,147922,1187,8850891,18994600
10338,67,68,147855,1186,8850959,18591200
10339,53,62,147802,1177,8851021,18739100
10340,66,55,147736,1188,8851076,18910300
10341,71,55,147665,1204,8851131,19184300
10342,57,37,147608,1224,8851168,19011400
10343,57,51,147551,1230,8851219,18648300
10344,70,65,147481,1235,8851284,18856500
10345,56,61,147425,1230,8851345,18992500
10346,61,70,147364,1221,8851415,19014300
10347,66,63,147298,1224,8851478,18666400
10348,59,65,147239,1218,8851543,18786500
10349,60,57,147179,1221,8851600,18845700
10350,63,58,147116,1226,8851658,18991100
10351,63,68,147053,1221,8851726,18892000
10352,48,67,147005,1202,8851793,18988800
10353,58,64,146947,1196,8851857,18698600
10354,71,71,146876,1196,8851928,18810500
10355,68,80,146808,1184,8852008,18695700
10356,70,58,146738,1196,8852066,18647600
10357,63,62,146675,1197,8852128,18653000
10358,55,56,146620,1196,8852184,18755800
10359,64,68,146556,1192,8852252,18844900
10360,65,63,146491,1194,8852315,18910900
10361,57,56,146434,1195,8852371,18703700
10362,62,59,146372,1198,8852430,18682400
10363,73,65,146299,1206,8852495,18891700
10364,64,74,146235,1196,8852569,19072400
10365,65,59,146170,1202,8852628,19089400
10366,46,76,146124,1172,8852704,18930900
10367,66,53,146058,1185,8852757,19337200
10368,60,51,145998,1194,8852808,18801200
10369,61,67,145937,1188,8852875,19102500
10370,63,56,145874,1195,8852931,18801700
10371,68,53,145806,1210,8852984,18659600
10372,81,58,145725,1233,8853042,18787200
10373,79,63,145646,1249,8853105,18678600
10374,80,64,145566,1265,8853169,18727000
10375,58,61,145508,1262,8853230,18787200
10376,66,76,145442,1252,8853306,18931600
10377,62,64,145380,1250,8853370,18633700
10378,64,61,145316,1253,8853431,18913400
10379,53,55,145263,1251,8853486,18967100
10380,71,75,145192,1247,8853561,18766000
10381,69,63,145123,1253,8853624,18690100
10382,76,63,145047,1266,8853687,18731100
10383,64,55,144983,1275,8853742,19103400
10384,50,74,144933,1251,8853816,20102900
10385,63,49,144870,1265,8853865,19211300
10386,57,57,144813,1265,8853922,19525800
10387,52,57,144761,1260,8853979,19295500
10388,53,58,144708,1255,8854037,19465000
10389,62,64,144646,1253,8854101,18908300
10390,60,81,144586,1232,8854182,19430500
10391,84,60,144502,1256,8854242,19286300
10392,64,82,144438,1238,8854324,19335600
10393,54,64,144384,1228,8854388,18954300
10394,56,69,144328,1215,8854457,19452700
10395,54,70,144274,1199,8854527,19650100
10396,56,47,144218,1208,8854574,19883400
10397,56,58,144162,1206,8854632,18901100
10398,63,53,144099,1216,8854685,18749100
10399,52,63,144047,1205,8854748,18963600
10400,58,53,143989,1210,8854801,19231800
10401,63,46,143926,1227,8854847,18657100
10402,59,61,143867,1225,8854908,18748700
10403,62,55,143805,1232,8854963,18931100
10404,62,55,143743,1239,8855018,19660000
10405,73,60,143670,1252,8855078,18640600
10406,68,57,143602,1263,8855135,18634400
10407,61,71,143541,1253,8855206,18705900
10408,63,59,143478,1257,8855265,18893600
10409,69,73,143409,1253,8855338,18690700
10410,70,67,143339,1256,8855405,18607600
10411,47,53,143292,1250,8855458,18757000
10412,61,52,143231,1259,8855510,19041000
10413,67,54,143164,1272,8855564,19161700
10414,57,57,143107,1272,8855621,18978400
10415,60,52,143047,1280,8855673,19121300
10416,45,69,143002,1256,8855742,18679000
10417,44,67,142958,1233,8855809,18777500
10418,57,55,142901,1235,8855864,18991800
10419,48,62,142853,1221,8855926,18873900
10420,46,50,142807,1217,8855976,19543700
10421,43,63,142764,1197,8856039,19124800
10422,55,57,142709,1195,8856096,19232300
10423,58,64,142651,1189,8856160,18863600
10424,43,58,142608,1174,8856218,18990700
10425,63,57,142545,1180,8856275,18777800
10426,62,56,142483,1186,8856331,18715100
10427,53,55,142430,1184,8856386,18922500
10428,47,64,142383,1167,8856450,19339600
10429,49,55,142334,1161,8856505,18730900
10430,47,58,142287,1150,8856563,18755300
10431,55,51,142232,1154,8856614,18931100
10432,41,46,142191,1149,8856660,19169000
10433,62,69,142129,1142,8856729,19578700
10434,58,58,142071,1142,8856787,18678100
10435,62,62,142009,1142,8856849,18636600
10436,59,53,141950,1148,8856902,19162800
10437,50,61,141900,1137,8856963,18761600
10438,70,57,141830,1150,8857020,18737400
10439,48,53,141782,1145,8857073,18839700
10440,53,60,141729,1138,8857133,18774600
10441,61,52,141668,1147,8857185,19228500
10442,59,50,141609,1156,8857235,18724600
10443,56,61,141553,1151,8857296,18653600
10444,52,58,141501,1145,8857354,18646400
10445,51,53,141450,1143,8857407,18911700
10446,42,52,141408,1133,8857459,19225900
10447,53,51,141355,1135,8857510,18776700
10448,41,56,141314,1120,8857566,19039000
10449,44,60,141270,1104,8857626,18807300
10450,39,54,141231,1089,8857680,18850800
10451,41,53,141190,1077,8857733,20065000
10452,50,51,141140,1076,8857784,20047400
10453,56,50,141084,1082,8857834,19236100
10454,47,56,141037,1073,8857890,19786600
10455,42,67,140995,1048,8857957,19046000
10456,53,47,140942,1054,8858004,19547500
10457,45,50,140897,1049,8858054,18974900
10458,57,54,140840,1052,8858108,19198500
10459,59,61,140781,1050,8858169,19078400
10460,44,53,140737,1041,8858222,19586200
10461,48,46,140689,1043,8858268,19341300
10462,42,50,140647,1035,8858318,19238200
10463,50,65,140597,1020,8858383,19866800
10464,45,51,140552,1014,8858434,18951300
10465,52,48,140500,1018,8858482,18696000
10466,46,41,140454,1023,8858523,18704600
10467,36,58,140418,1001,8858581,18616900
10468,49,54,140369,996,8858635,19101300
10469,48,33,140321,1011,8858668,18651800
10470,41,50,140280,1002,8858718,18713800
10471,46,54,140234,994,8858772,18999500
10472,41,47,140193,988,8858819,19090200
10473,53,56,140140,985,8858875,19633800
10474,50,52,140090,983,8858927,19021500
10475,42,43,140048,982,8858970,18795700
10476,47,43,140001,986,8859013,18930100
10477,41,30,139960,997,8859043,18763200
10478,33,54,139927,976,8859097,18673200
10479,55,63,139872,968,8859160,18741200
10480,51,50,139821,969,8859210,18753500
10481,59,54,139762,974,8859264,18795200
10482,48,40,139714,982,8859304,18804100
10483,50,53,139664,979,8859357,18852400
10484,48,42,139616,985,8859399,18732700
10485,41,59,139575,967,8859458,18812900
10486,52,60,139523,959,8859518,19578000
10487,46,63,139477,942,8859581,19002500
10488,48,40,139429,950,8859621,18647600
10489,45,48,139384,947,8859669,19194900
10490,49,51,139335,945,8859720,19200600
10491,55,40,139280,960,8859760,18663100
10492,42,53,139238,949,8859813,18718400
10493,44,47,139194,946,8859860,18764500
10494,44,47,139150,943,8859907,18640000
10495,45,42,139105,946,8859949,18758900
10496,48,50,139057,944,8859999,18713200
10497,47,50,139010,941,8860049,18589400
10498,50,47,138960,944,8860096,18658400
10499,50,62,138910,932,8860158,18693700
10500,38,37,138872,933,8860195,18763800
10501,42,46,138830,929,8860241,18808600
10502,48,37,138782,940,8860278,19294200
10503,38,42,138744,936,8860320,18642400
10504,42,42,138702,936,8860362,18674400
10505,44,48,138658,932,8860410,18832400
10506,48,56,138610,924,8860466,18759500
10507,40,54,138570,910,8860520,18858900
10508,28,37,138542,901,8860557,18950300
10509,29,53,138513,877,8860610,18880000
10510,41,39,138472,879,8860649,18717800
10511,33,42,138439,870,8860691,18892100
10512,34,39,138405,865,8860730,19060600
10513,33,25,138372,873,8860755,18657900
10514,38,40,138334,871,8860795,18625200
10515,42,36,138292,877,8860831,18730000
10516,40,40,138252,877,8860871,18758000
10517,30,34,138222,873,8860905,18787300
10518,42,30,138180,885,8860935,19391800
10519,48,60,138132,873,8860995,19324700
10520,33,55,138099,851,8861050,19292600
10521,37,49,138062,839,8861099,19003600
10522,42,47,138020,834,8861146,19613900
10523,38,46,137982,826,8861192,19216600
10524,37,44,137945,819,8861236,19348600
10525,31,40,137914,810,8861276,19079400
10526,38,29,137876,819,8861305,20146200
10527,36,44,137840,811,8861349,19158200
10528,34,42,137806,803,8861391,19014400
10529,36,42,137770,797,8861433,19488100
10530,37,31,137733,803,8861464,19030700
10531,35,50,137698,788,8861514,18841400
10532,30,42,137668,776,8861556,18834500
10533,35,45,137633,766,8861601,18937900
10534,23,38,137610,751,8861639,18673100
10535,40,40,137570,751,8861679,18741900
10536,25,42,137545,734,8861721,19111700
10537,33,39,137512,728,8861760,19661000
10538,29,36,137483,721,8861796,18788500
10539,25,40,137458,706,8861836,19179000
10540,31,41,137427,696,8861877,19061400
10541,27,28,137400,695,8861905,18681900
10542,25,37,137375,683,8861942,18876000
10543,21,36,137354,668,8861978,18903200
10544,24,36,137330,656,8862014,19076500
10545,17,28,137313,645,8862042,18706800
10546,14,34,137299,625,8862076,18632800
10547,19,40,137280,604,8862116,18667100
10548,23,35,137257,592,8862151,18873800
10549,10,31,137247,571,8862182,18848400
10550,12,27,137235,556,8862209,19063200
10551,14,27,137221,543,8862236,18713700
10552,25,25,137196,543,8862261,18784000
10553,16,29,137180,530,8862290,18836800
10554,15,31,137165,514,8862321,19081400
10555,17,18,137148,513,8862339,18722200
10556,24,24,137124,513,8862363,18758200
10557,21,22,137103,512,8862385,18685600
10558,13,24,137090,501,8862409,19628500
10559,26,21,137064,506,8862430,18831400
10560,27,20,137037,513,8862450,18436300
10561,24,28,137013,509,8862478,18575000
10562,18,25,136995,502,8862503,18898200
10563,21,33,136974,490,8862536,18988500
10564,17,31,136957,476,8862567,18649600
10565,18,29,136939,465,8862596,18555100
10566,23,18,136916,470,8862614,18750700
10567,19,32,136897,457,8862646,19150600
10568,16,20,136881,453,8862666,18669300
10569,28,28,136853,453,8862694,18696400
10570,16,26,136837,443,8862720,19026700
10571,11,17,136826,437,8862737,19080500
10572,20,17,136806,440,8862754,18653600
10573,12,23,136794,429,8862777,18980500
10574,16,22,136778,423,8862799,18926000
10575,14,15,136764,422,8862814,18625900
10576,21,27,136743,416,8862841,18719600
10577,14,22,136729,408,8862863,18672700
10578,21,26,136708,403,8862889,18648500
10579,14,16,136694,401,8862905,19368000
10580,13,15,136681,399,8862920,19511600
10581,18,25,136663,392,8862945,19174300
10582,19,18,136644,393,8862963,19151900
10583,12,25,136632,380,8862988,19509500
10584,14,11,136618,383,8862999,18507100
10585,18,13,136600,388,8863012,18913700
10586,14,21,136586,381,8863033,19994100
10587,15,21,136571,375,8863054,19352300
10588,17,16,136554,376,8863070,18908800
10589,14,18,136540,372,8863088,19509700
10590,13,23,136527,362,8863111,19136400
10591,17,20,136510,359,8863131,20234100
10592,14,26,136496,347,8863157,20455800
10593,22,8,136474,361,8863165,19042400
10594,25,23,136449,363,8863188,19289700
10595,15,18,136434,360,8863206,19036800
10596,18,22,136416,356,8863228,19564000
10597,13,14,136403,355,8863242,19410300
10598,11,16,136392,350,8863258,19287200
10599,9,22,136383,337,8863280,18564300
10600,8,14,136375,331,8863294,19006500
10601,7,18,136368,320,8863312,18838700
10602,7,11,136361,316,8863323,18985400
10603,11,17,136350,310,8863340,18731600
10604,6,12,136344,304,8863352,18648000
10605,7,16,136337,295,8863368,18674400
10606,9,12,136328,292,8863380,18638000
10607,7,15,136321,284,8863395,18691100
10608,10,11,136311,283,8863406,18794000
10609,5,9,136306,279,8863415,19049600
10610,12,10,136294,281,8863425,18678200
10611,9,16,136285,274,8863441,18693400
10612,4,10,136281,268,8863451,18970800
10613,10,11,136271,267,8863462,18678300
10614,4,10,136267,261,8863472,18773500
10615,6,18,136261,249,8863490,18659400
10616,5,5,136256,249,8863495,18758400
10617,6,12,136250,243,8863507,18665500
10618,8,11,136242,240,8863518,18801100
10619,4,11,136238,233,8863529,19073600
10620,9,15,136229,227,8863544,18658100
10621,4,11,136225,220,8863555,18576600
10622,5,9,136220,216,8863564,18658400
10623,7,16,136213,207,8863580,18773500
10624,3,17,136210,193,8863597,18635700
10625,4,10,136206,187,8863607,19012800
10626,2,9,136204,180,8863616,18713800
10627,7,5,136197,182,8863621,18743400
10628,6,10,136191,178,8863631,19381900
10629,2,3,136189,177,8863634,19107900
10630,9,6,136180,180,8863640,18623100
10631,4,8,136176,176,8863648,18743100
10632,7,10,136169,173,8863658,18741600
10633,3,9,136166,167,8863667,19797200
10634,8,8,136158,167,8863675,19389200
10635,9,11,136149,165,8863686,18768100
10636,7,5,136142,167,8863691,18681800
10637,7,7,136135,167,8863698,18674500
10638,3,11,136132,159,8863709,19133800
10639,3,9,136129,153,8863718,18839900
10640,3,9,136126,147,8863727,19194700
10641,5,9,136121,143,8863736,18666500
10642,3,6,136118,140,8863742,19061300
10643,1,5,136117,136,8863747,18555300
10644,5,12,136112,129,8863759,18631900
10645,4,7,136108,126,8863766,18733300
10646,3,4,136105,125,8863770,18993200
10647,8,7,136097,126,8863777,18913900
10648,2,3,136095,125,8863780,18713800
10649,2,9,136093,118,8863789,18671300
10650,5,9,136088,114,8863798,18883400
10651,5,7,136083,112,8863805,18634500
10652,6,8,136077,110,8863813,19039500
10653,1,5,136076,106,8863818,19445300
10654,2,4,136074,104,8863822,19376600
10655,5,6,136069,103,8863828,19416600
10656,3,1,136066,105,8863829,19250100
10657,2,6,136064,101,8863835,20253100
10658,5,7,136059,99,8863842,19303000
10659,2,2,136057,99,8863844,19491200
10660,2,5,136055,96,8863849,19432900
10661,2,8,136053,90,8863857,19663100
10662,3,5,136050,88,8863862,19323400
10663,5,9,136045,84,8863871,18989000
10664,1,8,136044,77,8863879,19693500
10665,1,3,136043,75,8863882,19474000
10666,0,5,136043,70,8863887,19439600
10667,1,4,136042,67,8863891,18919600
10668,0,3,136042,64,8863894,18871300
10669,0,1,136042,63,8863895,18778900
10670,0,5,136042,58,8863900,18736300
10671,1,5,136041,54,8863905,18691600
10672,0,4,136041,50,8863909,18738900
10673,0,3,136041,47,8863912,18674700
10674,0,2,136041,45,8863914,18646100
10675,0,3,136041,42,8863917,18692500
10676,1,3,136040,40,8863920,18659300
10677,0,4,136040,36,8863924,18677300
10678,0,2,136040,34,8863926,18986200
10679,0,1,136040,33,8863927,18968700
10680,0,4,136040,29,8863931,18694200
10681,0,1,136040,28,8863932,18642300
10682,0,0,136040,28,8863932,18751700
10683,0,1,136040,27,8863933,18692800
10684,0,1,136040,26,8863934,19223900
10685,0,1,136040,25,8863935,19533600
10686,0,2,136040,23,8863937,19641000
10687,0,2,136040,21,8863939,19711100
10688,1,0,136039,22,8863939,19161700
10689,0,1,136039,21,8863940,18805200
10690,0,2,136039,19,8863942,18604400
10691,0,0,136039,19,8863942,19602200
10692,0,1,136039,18,8863943,18924800
10693,0,0,136039,18,8863943,18947000
10694,0,0,136039,18,8863943,18801900
10695,0,1,136039,17,8863944,19333000
10696,0,1,136039,16,8863945,18967200
10697,0,1,136039,15,8863946,19246700
10698,0,0,136039,15,8863946,18781100
10699,0,0,136039,15,8863946,18965200
10700,0,1,136039,14,8863947,19034500
10701,0,1,136039,13,8863948,19044800
10702,0,1,136039,12,8863949,18704100
10703,0,0,136039,12,8863949,18725300
10704,0,0,136039,12,8863949,18643300
10705,0,0,136039,12,8863949,18599500
10706,0,1,136039,11,8863950,18968500
10707,0,0,136039,11,8863950,18748700
10708,0,0,136039,11,8863950,18780100
10709,0,2,136039,9,8863952,19150500
10710,0,2,136039,7,8863954,19218400
10711,0,1,136039,6,8863955,18616500
10712,0,0,136039,6,8863955,18706500
10713,0,0,136039,6,8863955,18662600
10714,0,0,136039,6,8863955,19240900
10715,0,0,136039,6,8863955,18709300
10716,0,0,136039,6,8863955,18691900
10717,0,0,136039,6,8863955,19252000
10718,0,1,136039,5,8863956,18749100
10719,0,1,136039,4,8863957,18721600
10720,0,0,136039,4,8863957,19118000
10721,0,0,136039,4,8863957,19536100
10722,0,0,136039,4,8863957,19475600
10723,0,0,136039,4,8863957,19587200
10724,0,0,136039,4,8863957,19225600
10725,0,0,136039,4,8863957,19161800
10726,0,0,136039,4,8863957,19366900
10727,0,0,136039,4,8863957,19313900
10728,0,0,136039,4,8863957,19095400
10729,0,0,136039,4,8863957,18908900
10730,0,0,136039,4,8863957,19003600
10731,0,1,136039,3,8863958,19068300
10732,0,0,136039,3,8863958,19346600
10733,0,0,136039,3,8863958,19469000
10734,0,0,136039,3,8863958,18846100
10735,0,0,136039,3,8863958,18615700
10736,0,1,136039,2,8863959,18693200
10737,0,0,136039,2,8863959,19213900
10738,0,0,136039,2,8863959,18782200
10739,0,0,136039,2,8863959,19038700
10740,0,0,136039,2,8863959,19476400
10741,0,0,136039,2,8863959,19274700
10742,0,0,136039,2,8863959,18621500
10743,0,0,136039,2,8863959,18597100
10744,0,1,136039,1,8863960,18732500
10745,0,0,136039,1,8863960,18936900
10746,0,0,136039,1,8863960,18972100
10747,0,0,136039,1,8863960,18659900
10748,0,0,136039,1,8863960,18610700
10749,0,0,136039,1,8863960,18742000
10750,0,0,136039,1,8863960,18818400
10751,0,0,136039,1,8863960,19036400
10752,0,0,136039,1,8863960,19333300
10753,0,0,136039,1,8863960,18669300
10754,0,0,136039,1,8863960,19093100
10755,0,0,136039,1,8863960,18705400
10756,0,0,136039,1,8863960,18708200
10757,0,0,136039,1,8863960,18750900
10758,0,0,136039,1,8863960,18785300
10759,0,0,136039,1,8863960,18917900
10760,0,0,136039,1,8863960,18693600
10761,0,0,136039,1,8863960,18628000
10762,0,1,136039,0,8863961,19299500
