Tick,NewlyInfected,NewlyRecovered,TotalSusceptible,TotalInfected,TotalRecovered,StepTimeNanos
0,1,0,62494,6,0,149200
1,3,0,62491,9,0,253000
2,2,1,62489,10,1,149300
3,1,1,62488,10,2,170200
4,3,0,62485,13,2,168900
5,3,0,62482,16,2,168500
6,2,1,62480,17,3,168900
7,1,0,62479,18,3,159800
8,6,1,62473,23,4,135100
9,4,0,62469,27,4,135100
10,9,1,62460,35,5,135200
11,9,2,62451,42,7,135500
12,10,1,62441,51,8,136100
13,7,2,62434,56,10,136000
14,9,2,62425,63,12,140900
15,8,1,62417,70,13,136500
16,12,3,62405,79,16,154500
17,10,2,62395,87,18,143400
18,9,1,62386,95,19,136700
19,11,6,62375,100,25,137100
20,15,5,62360,110,30,137100
21,16,5,62344,121,35,137600
22,9,2,62335,128,37,137200
23,10,4,62325,134,41,141500
24,15,9,62310,140,50,138000
25,9,9,62301,140,59,137700
26,15,9,62286,146,68,138200
27,25,8,62261,163,76,138500
28,20,14,62241,169,90,139600
29,11,12,62230,168,102,139300
30,14,9,62216,173,111,138700
31,18,5,62198,186,116,138800
32,13,15,62185,184,131,144500
33,17,8,62168,193,139,140500
34,10,4,62158,199,143,141100
35,13,9,62145,203,152,140100
36,18,7,62127,214,159,140500
37,16,12,62111,218,171,145900
38,18,13,62093,223,184,141600
39,22,11,62071,234,195,142500
40,26,10,62045,250,205,142400
41,17,16,62028,251,221,142700
42,28,13,62000,266,234,143000
43,28,15,61972,279,249,147500
44,23,16,61949,286,265,146500
45,31,12,61918,305,277,142600
46,35,13,61883,327,290,143200
47,22,16,61861,333,306,143600
48,26,15,61835,344,321,143300
49,37,26,61798,355,347,148200
50,25,17,61773,363,364,152800
51,24,28,61749,359,392,145300
52,37,16,61712,380,408,144000
53,31,18,61681,393,426,144100
54,33,18,61648,408,444,144600
55,27,13,61621,422,457,144500
56,41,20,61580,443,477,148300
57,35,16,61545,462,493,145400
58,32,23,61513,471,516,145400
59,39,31,61474,479,547,153200
60,25,16,61449,488,563,145500
61,32,25,61417,495,588,146500
62,39,17,61378,517,605,147300
63,40,26,61338,531,631,147700
64,38,31,61300,538,662,147900
65,39,35,61261,542,697,147700
66,40,23,61221,559,720,149700
67,33,24,61188,568,744,152200
68,36,31,61152,573,775,148000
69,41,25,61111,589,800,147900
70,45,25,61066,609,825,148700
71,39,33,61027,615,858,151900
72,30,27,60997,618,885,149800
73,44,37,60953,625,922,153400
74,44,38,60909,631,960,149900
75,31,42,60878,620,1002,149900
76,32,38,60846,614,1040,152300
77,50,36,60796,628,1076,150000
78,42,43,60754,627,1119,149900
79,36,36,60718,627,1155,149100
80,43,24,60675,646,1179,170700
81,50,28,60625,668,1207,158900
82,41,28,60584,681,1235,158200
83,51,30,60533,702,1265,152700
84,40,39,60493,703,1304,156700
85,43,38,60450,708,1342,151300
86,55,40,60395,723,1382,152100
87,45,40,60350,728,1422,152000
88,44,41,60306,731,1463,152100
89,54,31,60252,754,1494,151700
90,67,40,60185,781,1534,153400
91,59,31,60126,809,1565,152500
92,47,30,60079,826,1595,153900
93,54,38,60025,842,1633,155000
94,57,55,59968,844,1688,154700
95,53,49,59915,848,1737,155000
96,61,44,59854,865,1781,155400
97,47,56,59807,856,1837,155600
98,40,31,59767,865,1868,153700
99,58,44,59709,879,1912,158600
100,74,38,59635,915,1950,156600
101,52,40,59583,927,1990,156400
102,60,42,59523,945,2032,178600
103,60,45,59463,960,2077,157300
104,61,47,59402,974,2124,157600
105,61,58,59341,977,2182,158500
106,56,50,59285,983,2232,157900
107,58,35,59227,1006,2267,165500
108,65,56,59162,1015,2323,158800
109,60,50,59102,1025,2373,159400
110,62,58,59040,1029,2431,163500
111,78,55,58962,1052,2486,174600
112,79,48,58883,1083,2534,188200
113,76,38,58807,1121,2572,172600
114,60,64,58747,1117,2636,161400
115,82,56,58665,1143,2692,162100
116,70,59,58595,1154,2751,160400
117,59,62,58536,1151,2813,160700
118,55,73,58481,1133,2886,161100
119,55,60,58426,1128,2946,161900
120,74,48,58352,1154,2994,160200
121,58,57,58294,1155,3051,160200
122,54,55,58240,1154,3106,160300
123,70,61,58170,1163,3167,164400
124,60,60,58110,1163,3227,161900
125,75,54,58035,1184,3281,164500
126,56,61,57979,1179,3342,161400
127,66,64,57913,1181,3406,161100
128,68,56,57845,1193,3462,165700
129,67,62,57778,1198,3524,165000
130,65,60,57713,1203,3584,163300
131,70,63,57643,1210,3647,163600
132,74,56,57569,1228,3703,163700
133,75,38,57494,1265,3741,162600
134,74,66,57420,1273,3807,167400
135,67,58,57353,1282,3865,185100
136,77,64,57276,1295,3929,171300
137,74,66,57202,1303,3995,167400
138,82,69,57120,1316,4064,170400
139,66,69,57054,1313,4133,165600
140,67,48,56987,1332,4181,164900
141,85,55,56902,1362,4236,171000
142,84,63,56818,1383,4299,205500
143,69,67,56749,1385,4366,173100
144,62,74,56687,1373,4440,168000
145,83,72,56604,1384,4512,210200
146,79,71,56525,1392,4583,239000
147,76,80,56449,1388,4663,340000
148,91,75,56358,1404,4738,171300
149,99,77,56259,1426,4815,177700
150,92,66,56167,1452,4881,168500
151,85,75,56082,1462,4956,168400
152,87,61,55995,1488,5017,168300
153,81,75,55914,1494,5092,171900
154,99,76,55815,1517,5168,168500
155,91,69,55724,1539,5237,168400
156,85,67,55639,1557,5304,168100
157,74,91,55565,1540,5395,169700
158,96,93,55469,1543,5488,170000
159,97,75,55372,1565,5563,169400
160,90,67,55282,1588,5630,181600
161,92,79,55190,1601,5709,170700
162,93,70,55097,1624,5779,169300
163,87,84,55010,1627,5863,170300
164,114,80,54896,1661,5943,171600
165,93,69,54803,1685,6012,171100
166,86,87,54717,1684,6099,172000
167,117,90,54600,1711,6189,173800
168,105,99,54495,1717,6288,175600
169,81,92,54414,1706,6380,174100
170,98,88,54316,1716,6468,176800
171,107,82,54209,1741,6550,175600
172,103,85,54106,1759,6635,174300
173,79,97,54027,1741,6732,174000
174,99,89,53928,1751,6821,173700
175,100,96,53828,1755,6917,174600
176,87,85,53741,1757,7002,172700
177,105,81,53636,1781,7083,174100
178,94,93,53542,1782,7176,174300
179,95,97,53447,1780,7273,174700
180,85,83,53362,1782,7356,198400
181,90,91,53272,1781,7447,178300
182,86,87,53186,1780,7534,172500
183,90,91,53096,1779,7625,173600
184,103,90,52993,1792,7715,173900
185,95,97,52898,1790,7812,174800
186,84,92,52814,1782,7904,174800
187,89,106,52725,1765,8010,174100
188,81,87,52644,1759,8097,172600
189,86,90,52558,1755,8187,172600
190,92,90,52466,1757,8277,173300
191,90,89,52376,1758,8366,176200
192,96,79,52280,1775,8445,173300
193,98,83,52182,1790,8528,173300
194,102,84,52080,1808,8612,174800
195,98,81,51982,1825,8693,175100
196,91,98,51891,1818,8791,175200
197,93,89,51798,1822,8880,174100
198,108,83,51690,1847,8963,173900
199,134,87,51556,1894,9050,176900
200,100,98,51456,1896,9148,177800
201,103,95,51353,1904,9243,181300
202,118,78,51235,1944,9321,180700
203,126,120,51109,1950,9441,179700
204,106,103,51003,1953,9544,180400
205,122,96,50881,1979,9640,183800
206,109,112,50772,1976,9752,179900
207,105,95,50667,1986,9847,179800
208,121,98,50546,2009,9945,180900
209,124,92,50422,2041,10037,181700
210,101,89,50321,2053,10126,183900
211,119,101,50202,2071,10227,180600
212,122,110,50080,2083,10337,183900
213,116,110,49964,2089,10447,183500
214,128,100,49836,2117,10547,184200
215,133,120,49703,2130,10667,185700
216,117,119,49586,2128,10786,185200
217,119,109,49467,2138,10895,185400
218,116,105,49351,2149,11000,182900
219,101,101,49250,2149,11101,184200
220,121,100,49129,2170,11201,187600
221,112,106,49017,2176,11307,191400
222,118,129,48899,2165,11436,186000
223,128,134,48771,2159,11570,185000
224,112,114,48659,2157,11684,183900
225,112,100,48547,2169,11784,182400
226,134,111,48413,2192,11895,184800
227,109,130,48304,2171,12025,184200
228,100,116,48204,2155,12141,192700
229,117,100,48087,2172,12241,183300
230,108,111,47979,2169,12352,194600
231,106,96,47873,2179,12448,182300
232,105,103,47768,2181,12551,183100
233,115,96,47653,2200,12647,184300
234,132,109,47521,2223,12756,184600
235,117,102,47404,2238,12858,185200
236,125,115,47279,2248,12973,186600
237,126,125,47153,2249,13098,185800
238,117,113,47036,2253,13211,185900
239,129,109,46907,2273,13320,193400
240,118,125,46789,2266,13445,192300
241,114,108,46675,2272,13553,188800
242,127,124,46548,2275,13677,187500
243,129,112,46419,2292,13789,187100
244,112,129,46307,2275,13918,186700
245,109,115,46198,2269,14033,186600
246,114,107,46084,2276,14140,185300
247,134,101,45950,2309,14241,187400
248,138,117,45812,2330,14358,190900
249,127,122,45685,2335,14480,189500
250,131,87,45554,2379,14567,187800
251,142,124,45412,2397,14691,190400
252,131,117,45281,2411,14808,194500
253,132,138,45149,2405,14946,191100
254,118,127,45031,2396,15073,192100
255,134,133,44897,2397,15206,191700
256,130,137,44767,2390,15343,192300
257,135,118,44632,2407,15461,194400
258,131,118,44501,2420,15579,193100
259,137,112,44364,2445,15691,190000
260,143,123,44221,2465,15814,192200
261,146,128,44075,2483,15942,197600
262,136,115,43939,2504,16057,193400
263,120,101,43819,2523,16158,192300
264,135,120,43684,2538,16278,192400
265,120,127,43564,2531,16405,192700
266,134,126,43430,2539,16531,216500
267,132,146,43298,2525,16677,265300
268,133,139,43165,2519,16816,260100
269,140,136,43025,2523,16952,249300
270,140,120,42885,2543,17072,244100
271,141,124,42744,2560,17196,243500
272,123,127,42621,2556,17323,211000
273,151,131,42470,2576,17454,199900
274,119,164,42351,2531,17618,195600
275,128,116,42223,2543,17734,192700
276,136,131,42087,2548,17865,196900
277,123,134,41964,2537,17999,193500
278,142,109,41822,2570,18108,191800
279,148,142,41674,2576,18250,193000
280,141,133,41533,2584,18383,197800
281,126,139,41407,2571,18522,193900
282,130,106,41277,2595,18628,192100
283,124,128,41153,2591,18756,199000
284,143,125,41010,2609,18881,192300
285,142,118,40868,2633,18999,192900
286,132,132,40736,2633,19131,192900
287,115,122,40621,2626,19253,191700
288,145,141,40476,2630,19394,193700
289,129,143,40347,2616,19537,193800
290,138,130,40209,2624,19667,193300
291,138,131,40071,2631,19798,198200
292,122,114,39949,2639,19912,201400
293,117,117,39832,2639,20029,194100
294,131,126,39701,2644,20155,194100
295,128,141,39573,2631,20296,194000
296,140,132,39433,2639,20428,240500
297,132,119,39301,2652,20547,198600
298,113,127,39188,2638,20674,195400
299,141,137,39047,2642,20811,195000
300,130,130,38917,2642,20941,199000
301,136,118,38781,2660,21059,194700
302,127,129,38654,2658,21188,195900
303,139,143,38515,2654,21331,208000
304,126,125,38389,2655,21456,202600
305,123,120,38266,2658,21576,200500
306,153,151,38113,2660,21727,196600
307,141,140,37972,2661,21867,197100
308,129,126,37843,2664,21993,197000
309,121,127,37722,2658,22120,195800
310,143,144,37579,2657,22264,200100
311,134,125,37445,2666,22389,196500
312,129,121,37316,2674,22510,201200
313,147,131,37169,2690,22641,205200
314,133,138,37036,2685,22779,198300
315,146,142,36890,2689,22921,200700
316,135,121,36755,2703,23042,196400
317,169,145,36586,2727,23187,198100
318,143,148,36443,2722,23335,199700
319,135,117,36308,2740,23452,200500
320,137,145,36171,2732,23597,197200
321,128,141,36043,2719,23738,197600
322,138,140,35905,2717,23878,197700
323,129,127,35776,2719,24005,198800
324,127,131,35649,2715,24136,205300
325,140,139,35509,2716,24275,196900
326,130,127,35379,2719,24402,196300
327,149,144,35230,2724,24546,205600
328,131,151,35099,2704,24697,202200
329,136,131,34963,2709,24828,211500
330,151,129,34812,2731,24957,201200
331,146,129,34666,2748,25086,199700
332,131,152,34535,2727,25238,203700
333,142,142,34393,2727,25380,200000
334,139,128,34254,2738,25508,198900
335,137,132,34117,2743,25640,202000
336,125,143,33992,2725,25783,198100
337,133,129,33859,2729,25912,198100
338,138,149,33721,2718,26061,201100
339,126,145,33595,2699,26206,207600
340,131,141,33464,2689,26347,272400
341,128,148,33336,2669,26495,267900
342,142,136,33194,2675,26631,271400
343,152,129,33042,2698,26760,274600
344,129,136,32913,2691,26896,278500
345,143,155,32770,2679,27051,278100
346,134,142,32636,2671,27193,286700
347,149,135,32487,2685,27328,278800
348,143,127,32344,2701,27455,274300
349,136,136,32208,2701,27591,278700
350,149,128,32059,2722,27719,269600
351,140,132,31919,2730,27851,300500
352,128,143,31791,2715,27994,283400
353,125,122,31666,2718,28116,230900
354,130,137,31536,2711,28253,207900
355,150,142,31386,2719,28395,205400
356,144,133,31242,2730,28528,207000
357,124,156,31118,2698,28684,199500
358,130,130,30988,2698,28814,203300
359,143,134,30845,2707,28948,197700
360,142,146,30703,2703,29094,199500
361,137,146,30566,2694,29240,201900
362,150,131,30416,2713,29371,197000
363,133,143,30283,2703,29514,271200
364,122,141,30161,2684,29655,215000
365,149,148,30012,2685,29803,211000
366,128,141,29884,2672,29944,200300
367,138,136,29746,2674,30080,198200
368,140,149,29606,2665,30229,198100
369,129,125,29477,2669,30354,196800
370,117,145,29360,2641,30499,204300
371,141,148,29219,2634,30647,200800
372,140,123,29079,2651,30770,195300
373,146,131,28933,2666,30901,196200
374,124,123,28809,2667,31024,194600
375,142,167,28667,2642,31191,199400
376,139,127,28528,2654,31318,202800
377,126,129,28402,2651,31447,196100
378,117,136,28285,2632,31583,198900
379,127,138,28158,2621,31721,196800
380,121,139,28037,2603,31860,202300
381,110,139,27927,2574,31999,200200
382,117,132,27810,2559,32131,196300
383,100,126,27710,2533,32257,195500
384,105,129,27605,2509,32386,202900
385,128,119,27477,2518,32505,200300
386,129,118,27348,2529,32623,201200
387,118,142,27230,2505,32765,200900
388,104,125,27126,2484,32890,199800
389,126,137,27000,2473,33027,230600
390,131,124,26869,2480,33151,206400
391,97,130,26772,2447,33281,202000
392,129,126,26643,2450,33407,200100
393,143,91,26500,2502,33498,200700
394,121,112,26379,2511,33610,203700
395,122,132,26257,2501,33742,197800
396,101,128,26156,2474,33870,196900
397,109,122,26047,2461,33992,197500
398,120,113,25927,2468,34105,197700
399,96,125,25831,2439,34230,193700
400,109,129,25722,2419,34359,195000
401,101,154,25621,2366,34513,193200
402,114,109,25507,2371,34622,223400
403,100,115,25407,2356,34737,198500
404,106,118,25301,2344,34855,188300
405,114,123,25187,2335,34978,188000
406,111,132,25076,2314,35110,188400
407,87,101,24989,2300,35211,183900
408,109,119,24880,2290,35330,188900
409,92,118,24788,2264,35448,185100
410,89,115,24699,2238,35563,188600
411,84,114,24615,2208,35677,183400
412,83,114,24532,2177,35791,181300
413,111,108,24421,2180,35899,182600
414,97,109,24324,2168,36008,182100
415,91,111,24233,2148,36119,182400
416,95,112,24138,2131,36231,181900
417,108,94,24030,2145,36325,182000
418,76,109,23954,2112,36434,180700
419,93,103,23861,2102,36537,195300
420,89,108,23772,2083,36645,185600
421,104,125,23668,2062,36770,183800
422,104,106,23564,2060,36876,183200
423,103,98,23461,2065,36974,185000
424,97,88,23364,2074,37062,184300
425,91,95,23273,2070,37157,180700
426,99,90,23174,2079,37247,180700
427,92,117,23082,2054,37364,183000
428,89,91,22993,2052,37455,181000
429,109,116,22884,2045,37571,186200
430,104,101,22780,2048,37672,195900
431,99,112,22681,2035,37784,188700
432,92,105,22589,2022,37889,182400
433,109,102,22480,2029,37991,183500
434,118,108,22362,2039,38099,187200
435,107,91,22255,2055,38190,182000
436,107,104,22148,2058,38294,181600
437,98,115,22050,2041,38409,182000
438,110,102,21940,2049,38511,181700
439,117,92,21823,2074,38603,182000
440,108,93,21715,2089,38696,181600
441,116,113,21599,2092,38809,185400
442,100,119,21499,2073,38928,221900
443,112,107,21387,2078,39035,191200
444,103,112,21284,2069,39147,186300
445,119,92,21165,2096,39239,187500
446,112,127,21053,2081,39366,184700
447,123,102,20930,2102,39468,184100
448,100,113,20830,2089,39581,184600
449,114,108,20716,2095,39689,183500
450,102,104,20614,2093,39793,183700
451,118,97,20496,2114,39890,187300
452,116,120,20380,2110,40010,184700
453,116,105,20264,2121,40115,185400
454,94,121,20170,2094,40236,185000
455,107,99,20063,2102,40335,184600
456,101,85,19962,2118,40420,182800
457,100,106,19862,2112,40526,182600
458,102,101,19760,2113,40627,182700
459,111,115,19649,2109,40742,193600
460,113,105,19536,2117,40847,189600
461,109,103,19427,2123,40950,185000
462,107,93,19320,2137,41043,182700
463,105,106,19215,2136,41149,183300
464,99,98,19116,2137,41247,182900
465,118,118,18998,2137,41365,184700
466,99,88,18899,2148,41453,182500
467,107,107,18792,2148,41560,182700
468,104,104,18688,2148,41664,184000
469,96,113,18592,2131,41777,184800
470,108,115,18484,2124,41892,184700
471,103,94,18381,2133,41986,186700
472,115,108,18266,2140,42094,183600
473,101,106,18165,2135,42200,182700
474,109,117,18056,2127,42317,186300
475,89,93,17967,2123,42410,182200
476,98,119,17869,2102,42529,182600
477,104,105,17765,2101,42634,181700
478,94,123,17671,2072,42757,182400
479,100,105,17571,2067,42862,181700
480,104,108,17467,2063,42970,183200
481,96,98,17371,2061,43068,187100
482,116,103,17255,2074,43171,188400
483,86,107,17169,2053,43278,188000
484,92,106,17077,2039,43384,183300
485,92,103,16985,2028,43487,182200
486,103,119,16882,2012,43606,183000
487,81,106,16801,1987,43712,181700
488,72,96,16729,1963,43808,189200
489,93,99,16636,1957,43907,180900
490,103,110,16533,1950,44017,180800
491,94,109,16439,1935,44126,188700
492,94,96,16345,1933,44222,184800
493,109,78,16236,1964,44300,180200
494,79,91,16157,1952,44391,195000
495,80,96,16077,1936,44487,220300
496,82,90,15995,1928,44577,183100
497,89,98,15906,1919,44675,214300
498,93,102,15813,1910,44777,181700
499,91,97,15722,1904,44874,179300
500,104,104,15618,1904,44978,180100
501,101,123,15517,1882,45101,186300
502,76,82,15441,1876,45183,177900
503,96,97,15345,1875,45280,177700
504,100,94,15245,1881,45374,178500
505,96,80,15149,1897,45454,196700
506,108,99,15041,1906,45553,179100
507,113,110,14928,1909,45663,181400
508,81,85,14847,1905,45748,180100
509,94,89,14753,1910,45837,180600
510,96,106,14657,1900,45943,180600
511,83,101,14574,1882,46044,179600
512,86,97,14488,1871,46141,182600
513,99,97,14389,1873,46238,179100
514,90,81,14299,1882,46319,178300
515,82,102,14217,1862,46421,180900
516,80,99,14137,1843,46520,176900
517,91,103,14046,1831,46623,178500
518,93,85,13953,1839,46708,182700
519,69,99,13884,1809,46807,176400
520,78,104,13806,1783,46911,176300
521,69,76,13737,1776,46987,176600
522,87,79,13650,1784,47066,173400
523,85,85,13565,1784,47151,211000
524,72,82,13493,1774,47233,283200
525,82,80,13411,1776,47313,187100
526,70,97,13341,1749,47410,192900
527,69,86,13272,1732,47496,179700
528,75,71,13197,1736,47567,183100
529,68,67,13129,1737,47634,174000
530,65,81,13064,1721,47715,173100
531,75,73,12989,1723,47788,178200
532,71,84,12918,1710,47872,174800
533,68,90,12850,1688,47962,172900
534,52,72,12798,1668,48034,181200
535,61,79,12737,1650,48113,170300
536,49,69,12688,1630,48182,171800
537,63,86,12625,1607,48268,173900
538,62,79,12563,1590,48347,172000
539,63,69,12500,1584,48416,171400
540,80,65,12420,1599,48481,176800
541,78,88,12342,1589,48569,172800
542,54,83,12288,1560,48652,175500
543,85,74,12203,1571,48726,170700
544,73,83,12130,1561,48809,170900
545,62,69,12068,1554,48878,171900
546,65,76,12003,1543,48954,171600
547,59,71,11944,1531,49025,167600
548,46,67,11898,1510,49092,175500
549,63,81,11835,1492,49173,197800
550,52,77,11783,1467,49250,215600
551,49,67,11734,1449,49317,205100
552,61,67,11673,1443,49384,213500
553,78,62,11595,1459,49446,176800
554,63,69,11532,1453,49515,171700
555,71,93,11461,1431,49608,171400
556,74,68,11387,1437,49676,178400
557,59,64,11328,1432,49740,167700
558,65,67,11263,1430,49807,167800
559,61,80,11202,1411,49887,167500
560,70,64,11132,1417,49951,165500
561,50,72,11082,1395,50023,164600
562,67,64,11015,1398,50087,169800
563,51,70,10964,1379,50157,164200
564,62,68,10902,1373,50225,165400
565,63,87,10839,1349,50312,165300
566,60,63,10779,1346,50375,163600
567,58,90,10721,1314,50465,168300
568,52,54,10669,1312,50519,162500
569,49,57,10620,1304,50576,162100
570,58,66,10562,1296,50642,167100
571,63,61,10499,1298,50703,162800
572,50,67,10449,1281,50770,162900
573,59,70,10390,1270,50840,162900
574,51,67,10339,1254,50907,166500
575,58,68,10281,1244,50975,163200
576,45,50,10236,1239,51025,165000
577,47,60,10189,1226,51085,163400
578,46,52,10143,1220,51137,165600
579,53,66,10090,1207,51203,161700
580,60,52,10030,1215,51255,179200
581,60,62,9970,1213,51317,166100
582,62,48,9908,1227,51365,161800
583,55,52,9853,1230,51417,162600
584,70,55,9783,1245,51472,162600
585,52,58,9731,1239,51530,162200
586,59,82,9672,1216,51612,162200
587,57,63,9615,1210,51675,162500
588,58,49,9557,1219,51724,165100
589,53,61,9504,1211,51785,163700
590,48,62,9456,1197,51847,162000
591,56,49,9400,1204,51896,168100
592,61,59,9339,1206,51955,171400
593,48,83,9291,1171,52038,163400
594,38,43,9253,1166,52081,159800
595,53,67,9200,1152,52148,160500
596,51,58,9149,1145,52206,160000
597,45,56,9104,1134,52262,159700
598,49,50,9055,1133,52312,163400
599,49,47,9006,1135,52359,160800
600,54,57,8952,1132,52416,158300
601,55,56,8897,1131,52472,158300
602,43,53,8854,1121,52525,158000
603,44,63,8810,1102,52588,157700
604,39,54,8771,1087,52642,161000
605,40,52,8731,1075,52694,157100
606,44,42,8687,1077,52736,157500
607,51,60,8636,1068,52796,157600
608,40,59,8596,1049,52855,157300
609,61,58,8535,1052,52913,157900
610,53,49,8482,1056,52962,167600
611,58,51,8424,1063,53013,162300
612,48,49,8376,1062,53062,157100
613,49,43,8327,1068,53105,159100
614,49,55,8278,1062,53160,159900
615,42,73,8236,1031,53233,193800
616,45,47,8191,1029,53280,236000
617,47,56,8144,1020,53336,176100
618,46,52,8098,1014,53388,160000
619,44,47,8054,1011,53435,160200
620,53,44,8001,1020,53479,158600
621,49,49,7952,1020,53528,158100
622,32,60,7920,992,53588,157300
623,43,50,7877,985,53638,157000
624,38,59,7839,964,53697,155800
625,46,55,7793,955,53752,156400
626,47,50,7746,952,53802,161900
627,50,46,7696,956,53848,156000
628,47,45,7649,958,53893,156600
629,42,46,7607,954,53939,155700
630,49,49,7558,954,53988,155900
631,54,45,7504,963,54033,156000
632,56,47,7448,972,54080,155700
633,56,54,7392,974,54134,156000
634,53,51,7339,976,54185,161800
635,43,46,7296,973,54231,159200
636,44,45,7252,972,54276,155000
637,44,51,7208,965,54327,155500
638,48,35,7160,978,54362,154100
639,47,53,7113,972,54415,161700
640,39,46,7074,965,54461,154600
641,43,54,7031,954,54515,154300
642,44,49,6987,949,54564,155100
643,44,53,6943,940,54617,163000
644,52,45,6891,947,54662,155100
645,51,46,6840,952,54708,155400
646,41,49,6799,944,54757,155000
647,48,38,6751,954,54795,154500
648,37,39,6714,952,54834,163900
649,51,46,6663,957,54880,157700
650,56,48,6607,965,54928,167700
651,37,47,6570,955,54975,164900
652,48,44,6522,959,55019,156800
653,38,37,6484,960,55056,155900
654,37,56,6447,941,55112,156100
655,36,48,6411,929,55160,154200
656,41,51,6370,919,55211,154600
657,30,53,6340,896,55264,153900
658,35,37,6305,894,55301,156200
659,31,42,6274,883,55343,152100
660,44,43,6230,884,55386,152800
661,42,51,6188,875,55437,153700
662,38,39,6150,874,55476,152600
663,27,42,6123,859,55518,152000
664,28,43,6095,844,55561,154400
665,29,50,6066,823,55611,151200
666,45,36,6021,832,55647,151600
667,41,49,5980,824,55696,152200
668,36,45,5944,815,55741,152000
669,39,50,5905,804,55791,151800
670,34,46,5871,792,55837,152100
671,37,34,5834,795,55871,151300
672,32,37,5802,790,55908,151300
673,37,41,5765,786,55949,151900
674,44,48,5721,782,55997,151200
675,32,31,5689,783,56028,150400
676,26,32,5663,777,56060,149400
677,29,41,5634,765,56101,152800
678,38,41,5596,762,56142,150700
679,30,40,5566,752,56182,150500
680,40,29,5526,763,56211,150500
681,22,37,5504,748,56248,150300
682,30,44,5474,734,56292,149500
683,27,42,5447,719,56334,152400
684,31,31,5416,719,56365,151600
685,27,33,5389,713,56398,183900
686,32,39,5357,706,56437,161900
687,36,33,5321,709,56470,154300
688,27,36,5294,700,56506,152700
689,39,45,5255,694,56551,152100
690,36,26,5219,704,56577,155300
691,28,38,5191,694,56615,149600
692,32,35,5159,691,56650,149200
693,21,34,5138,678,56684,148500
694,37,32,5101,683,56716,148600
695,41,35,5060,689,56751,149000
696,26,30,5034,685,56781,148400
697,28,37,5006,676,56818,148600
698,37,34,4969,679,56852,149000
699,33,41,4936,671,56893,149100
700,25,36,4911,660,56929,149400
701,48,29,4863,679,56958,149400
702,31,44,4832,666,57002,149600
703,38,37,4794,667,57039,152700
704,25,35,4769,657,57074,148900
705,26,34,4743,649,57108,147300
706,30,34,4713,645,57142,147800
707,33,27,4680,651,57169,147800
708,30,31,4650,650,57200,148000
709,37,29,4613,658,57229,147800
710,34,32,4579,660,57261,147900
711,35,29,4544,666,57290,150900
712,33,29,4511,670,57319,147200
713,23,37,4488,656,57356,147400
714,42,37,4446,661,57393,148300
715,34,40,4412,655,57433,149000
716,35,35,4377,655,57468,158300
717,43,28,4334,670,57496,149600
718,26,31,4308,665,57527,148600
719,30,40,4278,655,57567,148400
720,39,36,4239,658,57603,149400
721,36,32,4203,662,57635,156200
722,35,35,4168,662,57670,178300
723,28,40,4140,650,57710,151700
724,34,35,4106,649,57745,151800
725,25,39,4081,635,57784,148900
726,33,22,4048,646,57806,148500
727,32,32,4016,646,57838,152400
728,30,32,3986,644,57870,147700
729,27,43,3959,628,57913,147800
730,30,35,3929,623,57948,147700
731,31,29,3898,625,57977,147300
732,29,33,3869,621,58010,151800
733,23,30,3846,614,58040,147300
734,18,42,3828,590,58082,146800
735,24,34,3804,580,58116,146800
736,28,22,3776,586,58138,145900
737,20,33,3756,573,58171,146300
738,24,30,3732,567,58201,145700
739,24,34,3708,557,58235,145900
740,26,32,3682,551,58267,145800
741,20,26,3662,545,58293,151200
742,28,31,3634,542,58324,145500
743,20,30,3614,532,58354,145000
744,20,32,3594,520,58386,144900
745,15,24,3579,511,58410,144000
746,15,30,3564,496,58440,143900
747,22,28,3542,490,58468,143900
748,15,22,3527,483,58490,143400
749,20,20,3507,483,58510,143400
750,23,26,3484,480,58536,144800
751,17,24,3467,473,58560,144500
752,23,38,3444,458,58598,144300
753,12,27,3432,443,58625,143700
754,14,25,3418,432,58650,146300
755,27,15,3391,444,58665,143300
756,21,23,3370,442,58688,143800
757,23,19,3347,446,58707,143400
758,22,22,3325,446,58729,157900
759,21,21,3304,446,58750,165400
760,22,28,3282,440,58778,145900
761,26,24,3256,442,58802,145400
762,23,28,3233,437,58830,145600
763,28,21,3205,444,58851,145500
764,20,21,3185,443,58872,145000
765,22,15,3163,450,58887,143900
766,28,18,3135,460,58905,144000
767,25,21,3110,464,58926,144100
768,20,26,3090,458,58952,149500
769,27,24,3063,461,58976,144100
770,20,21,3043,460,58997,144500
771,15,26,3028,449,59023,143300
772,26,22,3002,453,59045,143900
773,32,23,2970,462,59068,144300
774,17,21,2953,458,59089,143800
775,22,31,2931,449,59120,143700
776,22,27,2909,444,59147,143900
777,27,18,2882,453,59165,143400
778,27,17,2855,463,59182,143500
779,19,25,2836,457,59207,143400
780,20,19,2816,458,59226,143600
781,23,27,2793,454,59253,148200
782,22,29,2771,447,59282,143800
783,25,22,2746,450,59304,143400
784,15,23,2731,442,59327,142800
785,17,18,2714,441,59345,143000
786,25,18,2689,448,59363,142800
787,20,21,2669,447,59384,142700
788,19,24,2650,442,59408,143900
789,20,26,2630,436,59434,143000
790,21,22,2609,435,59456,143700
791,21,20,2588,436,59476,143200
792,18,20,2570,434,59496,142700
793,20,20,2550,434,59516,149700
794,15,17,2535,432,59533,142100
795,19,27,2516,424,59560,142400
796,20,22,2496,422,59582,173100
797,16,19,2480,419,59601,145800
798,16,21,2464,414,59622,143400
799,17,27,2447,404,59649,143800
800,16,18,2431,402,59667,142100
801,22,21,2409,403,59688,143200
802,14,23,2395,394,59711,142500
803,20,21,2375,393,59732,142400
804,14,15,2361,392,59747,142100
805,11,22,2350,381,59769,141700
806,15,23,2335,373,59792,141400
807,11,21,2324,363,59813,149400
808,14,24,2310,353,59837,141700
809,10,19,2300,344,59856,140500
810,10,15,2290,339,59871,140100
811,15,15,2275,339,59886,140400
812,15,16,2260,338,59902,140700
813,10,10,2250,338,59912,139900
814,10,11,2240,337,59923,139500
815,14,13,2226,338,59936,140000
816,8,18,2218,328,59954,147200
817,15,20,2203,323,59974,156300
818,16,15,2187,324,59989,217200
819,11,12,2176,323,60001,179000
820,9,19,2167,313,60020,175300
821,10,9,2157,314,60029,173700
822,12,17,2145,309,60046,173900
823,8,22,2137,295,60068,180800
824,14,20,2123,289,60088,174100
825,13,12,2110,290,60100,153200
826,12,10,2098,292,60110,138300
827,14,20,2084,286,60130,138900
828,4,17,2080,273,60147,138300
829,9,10,2071,272,60157,153500
830,7,16,2064,263,60173,138100
831,7,20,2057,250,60193,138100
832,8,12,2049,246,60205,139200
833,16,8,2033,254,60213,149300
834,11,12,2022,253,60225,143400
835,9,16,2013,246,60241,139000
836,16,10,1997,252,60251,144400
837,11,12,1986,251,60263,139200
838,13,13,1973,251,60276,138500
839,11,10,1962,252,60286,138100
840,14,4,1948,262,60290,137600
841,14,22,1934,254,60312,138500
842,12,10,1922,256,60322,138200
843,17,17,1905,256,60339,144000
844,15,10,1890,261,60349,138500
845,13,12,1877,262,60361,138300
846,17,15,1860,264,60376,143300
847,20,16,1840,268,60392,138900
848,19,10,1821,277,60402,139000
849,14,14,1807,277,60416,138700
850,16,13,1791,280,60429,139100
851,13,17,1778,276,60446,138900
852,18,10,1760,284,60456,138700
853,16,13,1744,287,60469,144200
854,9,19,1735,277,60488,139100
855,20,16,1715,281,60504,139200
856,10,7,1705,284,60511,139000
857,6,10,1699,280,60521,137900
858,10,11,1689,279,60532,138100
859,9,13,1680,275,60545,137900
860,9,11,1671,273,60556,138600
861,10,11,1661,272,60567,143600
862,12,10,1649,274,60577,138100
863,13,18,1636,269,60595,138700
864,11,16,1625,264,60611,139000
865,13,15,1612,262,60626,138500
866,7,14,1605,255,60640,138100
867,12,15,1593,252,60655,138100
868,8,9,1585,251,60664,142200
869,5,9,1580,247,60673,137300
870,10,15,1570,242,60688,138000
871,11,13,1559,240,60701,138200
872,9,18,1550,231,60719,144800
873,10,11,1540,230,60730,139000
874,6,11,1534,225,60741,138300
875,6,7,1528,224,60748,143600
876,14,11,1514,227,60759,138000
877,11,10,1503,228,60769,138000
878,7,9,1496,226,60778,137500
879,13,9,1483,230,60787,137500
880,7,14,1476,223,60801,137600
881,6,12,1470,217,60813,137400
882,9,9,1461,217,60822,143100
883,10,8,1451,219,60830,137200
884,13,7,1438,225,60837,137500
885,10,9,1428,226,60846,137500
886,11,7,1417,230,60853,137500
887,9,14,1408,225,60867,137600
888,7,7,1401,225,60874,137100
889,9,12,1392,222,60886,142000
890,11,7,1381,226,60893,137500
891,10,11,1371,225,60904,137400
892,6,17,1365,214,60921,137600
893,5,10,1360,209,60931,137100
894,9,10,1351,208,60941,137100
895,9,10,1342,207,60951,137300
896,6,8,1336,205,60959,141500
897,10,8,1326,207,60967,137000
898,12,11,1314,208,60978,137300
899,5,12,1309,201,60990,137100
900,7,7,1302,201,60997,136900
901,13,13,1289,201,61010,137600
902,10,6,1279,205,61016,137000
903,7,9,1272,203,61025,142500
904,10,8,1262,205,61033,137200
905,11,13,1251,203,61046,137500
906,7,13,1244,197,61059,137400
907,7,9,1237,195,61068,137000
908,4,17,1233,182,61085,136900
909,13,9,1220,186,61094,136900
910,8,9,1212,185,61103,137800
911,10,7,1202,188,61110,138400
912,8,11,1194,185,61121,145000
913,6,10,1188,181,61131,141300
914,10,11,1178,180,61142,147500
915,4,6,1174,178,61148,137200
916,9,6,1165,181,61154,136300
917,10,4,1155,187,61158,136500
918,7,13,1148,181,61171,136900
919,6,7,1142,180,61178,137000
920,8,4,1134,184,61182,136400
921,9,11,1125,182,61193,169600
922,5,8,1120,179,61201,138400
923,6,10,1114,175,61211,137300
924,7,7,1107,175,61218,136700
925,5,8,1102,172,61226,137000
926,5,3,1097,174,61229,136900
927,4,7,1093,171,61236,136000
928,6,8,1087,169,61244,138000
929,1,4,1086,166,61248,135900
930,5,9,1081,162,61257,136100
931,3,4,1078,161,61261,135900
932,1,8,1077,154,61269,135700
933,5,4,1072,155,61273,135600
934,6,9,1066,152,61282,140900
935,3,5,1063,150,61287,143300
936,5,6,1058,149,61293,136000
937,7,5,1051,151,61298,135700
938,6,6,1045,151,61304,135900
939,3,8,1042,146,61312,135800
940,3,8,1039,141,61320,135700
941,3,5,1036,139,61325,135600
942,2,6,1034,135,61331,136100
943,3,5,1031,133,61336,136600
944,3,6,1028,130,61342,135300
945,2,9,1026,123,61351,135500
946,5,4,1021,124,61355,140000
947,4,6,1017,122,61361,136100
948,2,5,1015,119,61366,139300
949,5,5,1010,119,61371,140400
950,2,3,1008,118,61374,150900
951,3,4,1005,117,61378,144200
952,1,2,1004,116,61380,146700
953,1,3,1003,114,61383,136000
954,3,2,1000,115,61385,135900
955,2,10,998,107,61395,135900
956,2,6,996,103,61401,135600
957,2,5,994,100,61406,139700
958,2,4,992,98,61410,135600
959,2,5,990,95,61415,135500
960,2,3,988,94,61418,135600
961,3,3,985,94,61421,135600
962,2,1,983,95,61422,140100
963,0,9,983,86,61431,135500
964,0,3,983,83,61434,139600
965,1,4,982,80,61438,135200
966,0,4,982,76,61442,135100
967,2,1,980,77,61443,134900
968,2,3,978,76,61446,135100
969,0,5,978,71,61451,135700
970,3,5,975,69,61456,135000
971,1,3,974,67,61459,137200
972,0,3,974,64,61462,135500
973,2,0,972,66,61462,134800
974,4,2,968,68,61464,135000
975,0,5,968,63,61469,135100
976,1,5,967,59,61474,135000
977,2,3,965,58,61477,139400
978,0,2,965,56,61479,137100
979,1,3,964,54,61482,171300
980,2,1,962,55,61483,169300
981,1,1,961,55,61484,168500
982,0,2,961,53,61486,168300
983,2,5,959,50,61491,168500
984,0,3,959,47,61494,169100
985,0,2,959,45,61496,168200
986,0,3,959,42,61499,138700
987,0,5,959,37,61504,140900
988,0,2,959,35,61506,156300
989,2,1,957,36,61507,146400
990,1,3,956,34,61510,135200
991,2,5,954,31,61515,134900
992,1,1,953,31,61516,133900
993,0,5,953,26,61521,134100
994,1,1,952,26,61522,133900
995,0,1,952,25,61523,134000
996,0,1,952,24,61524,133600
997,0,0,952,24,61524,133800
998,0,0,952,24,61524,133700
999,0,1,952,23,61525,134100
1000,0,1,952,22,61526,133600
1001,0,0,952,22,61526,133600
1002,0,2,952,20,61528,133600
1003,1,1,951,20,61529,137400
1004,0,0,951,20,61529,134200
1005,0,1,951,19,61530,133700
1006,0,0,951,19,61530,133400
1007,0,1,951,18,61531,133400
1008,0,0,951,18,61531,133400
1009,0,0,951,18,61531,133500
1010,0,2,951,16,61533,133500
1011,0,0,951,16,61533,133500
1012,0,0,951,16,61533,133500
1013,0,0,951,16,61533,133300
1014,0,0,951,16,61533,133400
1015,0,1,951,15,61534,133500
1016,0,1,951,14,61535,133600
1017,0,1,951,13,61536,133500
1018,1,0,950,14,61536,136000
1019,0,2,950,12,61538,133800
1020,0,1,950,11,61539,133400
1021,0,1,950,10,61540,133800
1022,0,0,950,10,61540,133400
1023,0,2,950,8,61542,133300
1024,0,1,950,7,61543,133200
1025,0,0,950,7,61543,133200
1026,0,0,950,7,61543,141500
1027,0,1,950,6,61544,133400
1028,0,1,950,5,61545,137600
1029,0,0,950,5,61545,136300
1030,0,0,950,5,61545,134400
1031,0,0,950,5,61545,134100
1032,0,2,950,3,61547,136300
1033,0,0,950,3,61547,151400
1034,0,0,950,3,61547,133700
1035,0,0,950,3,61547,133100
1036,0,0,950,3,61547,133200
1037,0,0,950,3,61547,133200
1038,0,0,950,3,61547,133200
1039,0,0,950,3,61547,133300
1040,0,0,950,3,61547,152200
1041,0,0,950,3,61547,133100
1042,0,0,950,3,61547,133100
1043,0,1,950,2,61548,133100
1044,0,0,950,2,61548,133100
1045,0,0,950,2,61548,133000
1046,0,0,950,2,61548,133000
1047,0,0,950,2,61548,133000
1048,0,0,950,2,61548,133000
1049,0,0,950,2,61548,133200
1050,0,0,950,2,61548,133000
1051,0,0,950,2,61548,133100
1052,0,0,950,2,61548,133000
1053,0,0,950,2,61548,133100
1054,0,0,950,2,61548,133000
1055,0,1,950,1,61549,133100
1056,0,0,950,1,61549,133100
1057,0,1,950,0,61550,133000
