Tick,NewlyInfected,NewlyRecovered,TotalSusceptible,TotalInfected,TotalRecovered,StepTimeNanos
0,2,1,999993,6,1,2902000
1,2,1,999991,7,2,2378300
2,1,1,999990,7,3,2405500
3,2,0,999988,9,3,2347300
4,2,1,999986,10,4,2444500
5,3,0,999983,13,4,2323500
6,3,0,999980,16,4,2657500
7,6,2,999974,20,6,2370700
8,3,2,999971,21,8,2377800
9,2,2,999969,21,10,2412300
10,1,1,999968,21,11,2422200
11,5,1,999963,25,12,2396700
12,5,1,999958,29,13,2377000
13,8,3,999950,34,16,2381200
14,6,1,999944,39,17,2606100
15,7,1,999937,45,18,2334000
16,9,2,999928,52,20,2589000
17,6,1,999922,57,21,2351600
18,4,3,999918,58,24,2487500
19,10,2,999908,66,26,2541800
20,11,4,999897,73,30,2319600
21,10,1,999887,82,31,2611800
22,12,10,999875,84,41,2445900
23,10,2,999865,92,43,2352500
24,12,6,999853,98,49,2338400
25,8,4,999845,102,53,2429200
26,8,6,999837,104,59,2343900
27,12,2,999825,114,61,2603600
28,12,2,999813,124,63,2613700
29,8,6,999805,126,69,2368600
30,8,9,999797,125,78,2343400
31,8,9,999789,124,87,2318100
32,13,7,999776,130,94,2311300
33,9,14,999767,125,108,2683100
34,12,1,999755,136,109,2475700
35,14,9,999741,141,118,2390600
36,13,6,999728,148,124,2688800
37,13,9,999715,152,133,2555600
38,11,4,999704,159,137,2309300
39,11,7,999693,163,144,2342700
40,11,5,999682,169,149,2257100
41,16,8,999666,177,157,2258300
42,23,4,999643,196,161,2283500
43,17,17,999626,196,178,2311600
44,13,14,999613,195,192,2275900
45,10,9,999603,196,201,2443900
46,16,5,999587,207,206,2429300
47,19,13,999568,213,219,2297100
48,17,13,999551,217,232,2297300
49,15,12,999536,220,244,2353900
50,18,6,999518,232,250,2345300
51,14,10,999504,236,260,2388000
52,19,11,999485,244,271,2351700
53,18,8,999467,254,279,2347000
54,12,15,999455,251,294,2349700
55,17,15,999438,253,309,2354500
56,15,12,999423,256,321,2357700
57,17,11,999406,262,332,2327300
58,17,19,999389,260,351,2340300
59,20,10,999369,270,361,2377500
60,11,17,999358,264,378,2365700
61,11,16,999347,259,394,2338000
62,16,16,999331,259,410,2452500
63,14,12,999317,261,422,2428100
64,21,12,999296,270,434,2389000
65,16,17,999280,269,451,2433600
66,19,8,999261,280,459,2360700
67,25,21,999236,284,480,2360300
68,22,11,999214,295,491,2856500
69,21,11,999193,305,502,2448800
70,16,9,999177,312,511,3143600
71,23,28,999154,307,539,3057600
72,37,18,999117,326,557,2842700
73,26,12,999091,340,569,2743600
74,30,19,999061,351,588,2552400
75,24,13,999037,362,601,2637400
76,33,15,999004,380,616,4970100
77,38,26,998966,392,642,3299100
78,27,25,998939,394,667,3612900
79,26,23,998913,397,690,4170800
80,34,20,998879,411,710,3558900
81,35,22,998844,424,732,3516800
82,36,15,998808,445,747,2732300
83,39,31,998769,453,778,2852300
84,35,19,998734,469,797,2730800
85,43,21,998691,491,818,2622500
86,40,22,998651,509,840,2613200
87,38,23,998613,524,863,2732800
88,44,30,998569,538,893,2839600
89,35,27,998534,546,920,2786000
90,35,31,998499,550,951,2629500
91,32,35,998467,547,986,2717400
92,33,30,998434,550,1016,2959100
93,32,23,998402,559,1039,3274300
94,41,28,998361,572,1067,2932400
95,37,23,998324,586,1090,2569000
96,32,34,998292,584,1124,2889300
97,35,21,998257,598,1145,2679700
98,38,27,998219,609,1172,3495500
99,38,28,998181,619,1200,3013700
100,46,47,998135,618,1247,2993700
101,41,39,998094,620,1286,2758700
102,40,28,998054,632,1314,2628800
103,31,24,998023,639,1338,2860800
104,44,48,997979,635,1386,2668200
105,41,26,997938,650,1412,2683500
106,40,31,997898,659,1443,2678400
107,45,42,997853,662,1485,2639200
108,38,34,997815,666,1519,2754000
109,65,23,997750,708,1542,2732500
110,56,38,997694,726,1580,2614800
111,41,36,997653,731,1616,2880100
112,50,36,997603,745,1652,2593900
113,54,38,997549,761,1690,2519000
114,44,26,997505,779,1716,2409600
115,49,34,997456,794,1750,2598600
116,52,45,997404,801,1795,2594900
117,38,34,997366,805,1829,2439800
118,37,48,997329,794,1877,2501400
119,53,44,997276,803,1921,2490800
120,57,44,997219,816,1965,2417500
121,43,43,997176,816,2008,2358200
122,46,41,997130,821,2049,2359100
123,43,40,997087,824,2089,2357800
124,41,53,997046,812,2142,2345500
125,38,42,997008,808,2184,2384800
126,54,35,996954,827,2219,2342000
127,55,39,996899,843,2258,2320600
128,49,39,996850,853,2297,2325900
129,54,33,996796,874,2330,2306800
130,44,40,996752,878,2370,2317500
131,47,44,996705,881,2414,2297500
132,57,40,996648,898,2454,2296600
133,51,41,996597,908,2495,2281500
134,45,36,996552,917,2531,2274900
135,56,56,996496,917,2587,2273600
136,53,45,996443,925,2632,2258700
137,60,56,996383,929,2688,2266000
138,41,50,996342,920,2738,2297200
139,54,60,996288,914,2798,2283800
140,60,45,996228,929,2843,2344800
141,53,38,996175,944,2881,2344900
142,62,43,996113,963,2924,2316200
143,51,42,996062,972,2966,2385300
144,59,60,996003,971,3026,2336300
145,61,37,995942,995,3063,2754900
146,53,53,995889,995,3116,2590800
147,56,49,995833,1002,3165,2418300
148,60,46,995773,1016,3211,2398800
149,44,45,995729,1015,3256,2396100
150,50,53,995679,1012,3309,2395800
151,55,55,995624,1012,3364,2381300
152,55,47,995569,1020,3411,2380900
153,64,51,995505,1033,3462,2382500
154,49,52,995456,1030,3514,2368900
155,54,49,995402,1035,3563,2372100
156,56,50,995346,1041,3613,2362300
157,49,71,995297,1019,3684,2412000
158,71,48,995226,1042,3732,2384800
159,68,47,995158,1063,3779,2446000
160,58,56,995100,1065,3835,2397500
161,55,48,995045,1072,3883,2401600
162,56,48,994989,1080,3931,2418500
163,67,53,994922,1094,3984,2476100
164,48,67,994874,1075,4051,2399800
165,75,56,994799,1094,4107,2397300
166,59,59,994740,1094,4166,2381500
167,59,55,994681,1098,4221,2389300
168,63,54,994618,1107,4275,2378200
169,75,50,994543,1132,4325,2902800
170,73,60,994470,1145,4385,2398700
171,68,57,994402,1156,4442,2417400
172,61,65,994341,1152,4507,2474600
173,68,52,994273,1168,4559,2552500
174,74,56,994199,1186,4615,2465700
175,70,54,994129,1202,4669,2558700
176,70,65,994059,1207,4734,2416500
177,68,79,993991,1196,4813,2400000
178,91,59,993900,1228,4872,2516000
179,87,82,993813,1233,4954,2995600
180,65,70,993748,1228,5024,2522300
181,72,62,993676,1238,5086,2554500
182,70,65,993606,1243,5151,2504400
183,89,54,993517,1278,5205,2495000
184,80,53,993437,1305,5258,2466800
185,78,54,993359,1329,5312,2418900
186,81,82,993278,1328,5394,2454800
187,85,67,993193,1346,5461,2606200
188,69,77,993124,1338,5538,2474300
189,83,70,993041,1351,5608,2485000
190,76,67,992965,1360,5675,2459900
191,89,74,992876,1375,5749,2449900
192,81,72,992795,1384,5821,2430500
193,78,52,992717,1410,5873,2501400
194,69,60,992648,1419,5933,2445300
195,87,65,992561,1441,5998,2405200
196,85,70,992476,1456,6068,2376900
197,93,54,992383,1495,6122,2401800
198,92,73,992291,1514,6195,2410700
199,87,85,992204,1516,6280,2731200
200,81,65,992123,1532,6345,2488700
201,91,70,992032,1553,6415,2365600
202,91,84,991941,1560,6499,2348700
203,78,103,991863,1535,6602,2628000
204,81,76,991782,1540,6678,2369500
205,78,71,991704,1547,6749,2613800
206,94,81,991610,1560,6830,2511100
207,70,70,991540,1560,6900,2503500
208,87,91,991453,1556,6991,2575100
209,88,72,991365,1572,7063,2538300
210,87,84,991278,1575,7147,2517100
211,90,75,991188,1590,7222,2804700
212,94,86,991094,1598,7308,2499900
213,93,49,991001,1642,7357,2490200
214,102,86,990899,1658,7443,2459000
215,93,85,990806,1666,7528,2433500
216,84,82,990722,1668,7610,2410700
217,89,86,990633,1671,7696,2638100
218,90,94,990543,1667,7790,2426000
219,110,82,990433,1695,7872,2396600
220,92,78,990341,1709,7950,2391400
221,97,74,990244,1732,8024,2397400
222,92,81,990152,1743,8105,2364900
223,75,94,990077,1724,8199,2809400
224,105,94,989972,1735,8293,2524800
225,103,88,989869,1750,8381,2556000
226,96,100,989773,1746,8481,2537800
227,79,81,989694,1744,8562,2470600
228,82,91,989612,1735,8653,2470600
229,84,82,989528,1737,8735,2479000
230,85,89,989443,1733,8824,2419400
231,91,79,989352,1745,8903,2398000
232,77,82,989275,1740,8985,2450600
233,74,91,989201,1723,9076,2420300
234,89,103,989112,1709,9179,2408000
235,90,101,989022,1698,9280,2481000
236,91,85,988931,1704,9365,2441700
237,115,88,988816,1731,9453,2424200
238,106,88,988710,1749,9541,2414000
239,96,99,988614,1746,9640,2415900
240,102,101,988512,1747,9741,2458900
241,99,106,988413,1740,9847,2465100
242,86,81,988327,1745,9928,2454500
243,86,85,988241,1746,10013,2477800
244,90,99,988151,1737,10112,2452900
245,97,85,988054,1749,10197,2532200
246,97,93,987957,1753,10290,2432200
247,92,81,987865,1764,10371,2484200
248,106,82,987759,1788,10453,2467600
249,80,96,987679,1772,10549,2461700
250,104,76,987575,1800,10625,2436400
251,115,94,987460,1821,10719,2494300
252,116,91,987344,1846,10810,2467500
253,108,88,987236,1866,10898,2530100
254,106,88,987130,1884,10986,2527800
255,98,96,987032,1886,11082,2523700
256,111,88,986921,1909,11170,2533700
257,97,83,986824,1923,11253,2522500
258,108,97,986716,1934,11350,2547100
259,97,82,986619,1949,11432,2881300
260,111,93,986508,1967,11525,3118000
261,99,81,986409,1985,11606,2777800
262,115,98,986294,2002,11704,3045300
263,93,103,986201,1992,11807,2928300
264,117,110,986084,1999,11917,3024200
265,128,103,985956,2024,12020,2912800
266,129,98,985827,2055,12118,2902500
267,113,88,985714,2080,12206,2757800
268,115,104,985599,2091,12310,2796000
269,111,97,985488,2105,12407,2838400
270,125,105,985363,2125,12512,2950500
271,115,96,985248,2144,12608,3198900
272,116,112,985132,2148,12720,3041500
273,107,95,985025,2160,12815,3093400
274,121,107,984904,2174,12922,2931300
275,121,129,984783,2166,13051,2989900
276,132,114,984651,2184,13165,3317700
277,108,114,984543,2178,13279,3080500
278,129,113,984414,2194,13392,3013300
279,144,96,984270,2242,13488,3169200
280,131,108,984139,2265,13596,2784600
281,129,107,984010,2287,13703,2867800
282,143,111,983867,2319,13814,3023900
283,140,137,983727,2322,13951,3102900
284,122,113,983605,2331,14064,3121800
285,136,118,983469,2349,14182,2740500
286,133,133,983336,2349,14315,2757900
287,146,125,983190,2370,14440,2670500
288,123,133,983067,2360,14573,2631600
289,124,136,982943,2348,14709,2620700
290,127,122,982816,2353,14831,2902100
291,126,104,982690,2375,14935,2629500
292,131,113,982559,2393,15048,2528900
293,139,118,982420,2414,15166,2511100
294,106,126,982314,2394,15292,2458800
295,124,125,982190,2393,15417,2505000
296,116,125,982074,2384,15542,2484500
297,117,114,981957,2387,15656,2504000
298,118,119,981839,2386,15775,2462700
299,119,122,981720,2383,15897,2447200
300,135,138,981585,2380,16035,2430800
301,120,129,981465,2371,16164,2456600
302,133,110,981332,2394,16274,2655500
303,123,114,981209,2403,16388,2719100
304,105,124,981104,2384,16512,2635900
305,111,108,980993,2387,16620,2667600
306,117,113,980876,2391,16733,2898700
307,119,120,980757,2390,16853,2626600
308,120,108,980637,2402,16961,2494400
309,128,151,980509,2379,17112,2498200
310,122,119,980387,2382,17231,2519000
311,132,138,980255,2376,17369,2536600
312,135,126,980120,2385,17495,2558800
313,150,119,979970,2416,17614,2682400
314,160,134,979810,2442,17748,2719600
315,145,108,979665,2479,17856,2760400
316,136,113,979529,2502,17969,2966100
317,140,130,979389,2512,18099,2749300
318,156,123,979233,2545,18222,3024400
319,150,120,979083,2575,18342,2600800
320,129,116,978954,2588,18458,2598300
321,135,128,978819,2595,18586,2633200
322,143,110,978676,2628,18696,2528000
323,140,144,978536,2624,18840,2503900
324,144,128,978392,2640,18968,2550600
325,151,139,978241,2652,19107,2540200
326,153,126,978088,2679,19233,2516500
327,131,133,977957,2677,19366,2486400
328,148,153,977809,2672,19519,2487600
329,133,122,977676,2683,19641,2496800
330,162,154,977514,2691,19795,2679200
331,139,133,977375,2697,19928,2768700
332,138,117,977237,2718,20045,2503800
333,148,146,977089,2720,20191,2485400
334,145,125,976944,2740,20316,2505700
335,145,128,976799,2757,20444,2569400
336,167,149,976632,2775,20593,3160300
337,154,135,976478,2794,20728,2503500
338,162,126,976316,2830,20854,2439700
339,148,148,976168,2830,21002,2319900
340,164,134,976004,2860,21136,2326300
341,157,151,975847,2866,21287,2327000
342,171,168,975676,2869,21455,2321100
343,142,147,975534,2864,21602,2340700
344,153,153,975381,2864,21755,2865300
345,159,166,975222,2857,21921,2449600
346,153,137,975069,2873,22058,2392500
347,170,149,974899,2894,22207,2490700
348,156,154,974743,2896,22361,2473100
349,145,150,974598,2891,22511,2532500
350,148,157,974450,2882,22668,2560200
351,136,142,974314,2876,22810,2480100
352,156,157,974158,2875,22967,2472000
353,161,148,973997,2888,23115,2468600
354,149,142,973848,2895,23257,2585000
355,168,144,973680,2919,23401,2536600
356,166,124,973514,2961,23525,2479300
357,162,151,973352,2972,23676,2440000
358,141,137,973211,2976,23813,2413200
359,153,146,973058,2983,23959,2391100
360,168,148,972890,3003,24107,2687000
361,146,147,972744,3002,24254,2424700
362,140,144,972604,2998,24398,2398400
363,142,161,972462,2979,24559,2369300
364,155,150,972307,2984,24709,3192100
365,161,142,972146,3003,24851,2520700
366,145,170,972001,2978,25021,2579200
367,147,139,971854,2986,25160,2455700
368,173,153,971681,3006,25313,2628900
369,151,145,971530,3012,25458,2502400
370,149,159,971381,3002,25617,2384400
371,161,145,971220,3018,25762,2431800
372,148,153,971072,3013,25915,2697200
373,162,130,970910,3045,26045,2536700
374,153,168,970757,3030,26213,2507800
375,132,158,970625,3004,26371,2493500
376,169,135,970456,3038,26506,2458300
377,182,159,970274,3061,26665,2436700
378,169,165,970105,3065,26830,2489700
379,168,163,969937,3070,26993,2479800
380,187,164,969750,3093,27157,2431800
381,169,171,969581,3091,27328,2447300
382,169,162,969412,3098,27490,2448800
383,167,165,969245,3100,27655,2397400
384,178,160,969067,3118,27815,2446700
385,150,173,968917,3095,27988,2448800
386,170,158,968747,3107,28146,2451400
387,171,138,968576,3140,28284,2421800
388,168,178,968408,3130,28462,2401700
389,176,169,968232,3137,28631,2376900
390,184,154,968048,3167,28785,2384500
391,177,155,967871,3189,28940,2426200
392,175,180,967696,3184,29120,2390700
393,186,179,967510,3191,29299,2374500
394,185,161,967325,3215,29460,2353500
395,163,175,967162,3203,29635,2395600
396,160,158,967002,3205,29793,2413500
397,173,165,966829,3213,29958,2496000
398,160,152,966669,3221,30110,2482400
399,156,176,966513,3201,30286,2462900
400,167,134,966346,3234,30420,2435600
401,164,147,966182,3251,30567,2407300
402,166,139,966016,3278,30706,2381500
403,173,163,965843,3288,30869,2437300
404,191,175,965652,3304,31044,2414100
405,192,165,965460,3331,31209,2399500
406,199,167,965261,3363,31376,2383600
407,180,183,965081,3360,31559,2398500
408,179,142,964902,3397,31701,2373300
409,188,170,964714,3415,31871,2673000
410,182,192,964532,3405,32063,2481900
411,169,164,964363,3410,32227,2402700
412,189,156,964174,3443,32383,2378900
413,192,158,963982,3477,32541,2366900
414,178,164,963804,3491,32705,2371600
415,171,170,963633,3492,32875,2642800
416,194,181,963439,3505,33056,2508900
417,176,177,963263,3504,33233,2463100
418,179,187,963084,3496,33420,2520300
419,178,161,962906,3513,33581,2519700
420,181,183,962725,3511,33764,2506500
421,157,181,962568,3487,33945,2538800
422,195,186,962373,3496,34131,2496400
423,176,174,962197,3498,34305,2579900
424,178,167,962019,3509,34472,2579300
425,183,170,961836,3522,34642,2622700
426,178,163,961658,3537,34805,2617600
427,164,186,961494,3515,34991,3104900
428,195,166,961299,3544,35157,2697600
429,186,166,961113,3564,35323,2490700
430,206,157,960907,3613,35480,2509700
431,225,192,960682,3646,35672,2521300
432,214,201,960468,3659,35873,2517000
433,204,206,960264,3657,36079,2558100
434,172,180,960092,3649,36259,2522800
435,176,201,959916,3624,36460,2533500
436,204,188,959712,3640,36648,2523500
437,189,194,959523,3635,36842,2557000
438,194,189,959329,3640,37031,2538400
439,186,201,959143,3625,37232,2982700
440,206,173,958937,3658,37405,2582400
441,200,195,958737,3663,37600,2500900
442,189,188,958548,3664,37788,2504100
443,193,198,958355,3659,37986,2530700
444,176,193,958179,3642,38179,2506600
445,204,192,957975,3654,38371,3034300
446,196,185,957779,3665,38556,3070500
447,196,187,957583,3674,38743,3070900
448,230,160,957353,3744,38903,3024500
449,203,194,957150,3753,39097,2802600
450,210,199,956940,3764,39296,3001300
451,231,198,956709,3797,39494,3062900
452,203,191,956506,3809,39685,3067800
453,198,189,956308,3818,39874,3030200
454,199,189,956109,3828,40063,2819600
455,207,193,955902,3842,40256,3083100
456,209,186,955693,3865,40442,3249500
457,213,208,955480,3870,40650,2772600
458,203,190,955277,3883,40840,2909500
459,216,187,955061,3912,41027,2690700
460,197,177,954864,3932,41204,2665400
461,188,189,954676,3931,41393,2624400
462,191,185,954485,3937,41578,2650800
463,197,210,954288,3924,41788,2691000
464,199,189,954089,3934,41977,2749100
465,198,176,953891,3956,42153,2615100
466,227,191,953664,3992,42344,2638000
467,191,186,953473,3997,42530,2619100
468,205,219,953268,3983,42749,2574600
469,233,195,953035,4021,42944,2572300
470,221,214,952814,4028,43158,2657100
471,210,214,952604,4024,43372,2861700
472,209,240,952395,3993,43612,2920400
473,215,213,952180,3995,43825,2744300
474,194,172,951986,4017,43997,2677700
475,218,188,951768,4047,44185,2756000
476,215,186,951553,4076,44371,2697000
477,191,184,951362,4083,44555,2661700
478,190,193,951172,4080,44748,3054600
479,205,199,950967,4086,44947,2792900
480,204,211,950763,4079,45158,2739400
481,210,185,950553,4104,45343,2697300
482,221,196,950332,4129,45539,2791700
483,225,219,950107,4135,45758,2859400
484,224,208,949883,4151,45966,2744800
485,204,193,949679,4162,46159,2687700
486,205,230,949474,4137,46389,2916500
487,204,203,949270,4138,46592,3101300
488,204,203,949066,4139,46795,3084200
489,223,221,948843,4141,47016,2739300
490,241,213,948602,4169,47229,2803500
491,231,220,948371,4180,47449,2685300
492,217,232,948154,4165,47681,2657000
493,220,232,947934,4153,47913,2637700
494,252,216,947682,4189,48129,3310400
495,226,201,947456,4214,48330,2764200
496,212,223,947244,4203,48553,2691800
497,215,211,947029,4207,48764,2702800
498,218,197,946811,4228,48961,2771300
499,258,218,946553,4268,49179,3039400
500,241,234,946312,4275,49413,2981400
501,223,209,946089,4289,49622,2800100
502,226,220,945863,4295,49842,2745900
503,210,198,945653,4307,50040,2767000
504,227,182,945426,4352,50222,2783800
505,225,211,945201,4366,50433,2744700
506,244,230,944957,4380,50663,3183600
507,220,230,944737,4370,50893,3524200
508,216,242,944521,4344,51135,3594500
509,247,206,944274,4385,51341,3576900
510,228,230,944046,4383,51571,3589100
511,233,221,943813,4395,51792,3609500
512,233,204,943580,4424,51996,3526100
513,227,243,943353,4408,52239,3597000
514,235,207,943118,4436,52446,3158500
515,219,242,942899,4413,52688,2853700
516,249,221,942650,4441,52909,2853100
517,255,221,942395,4475,53130,2937400
518,234,224,942161,4485,53354,3028500
519,237,243,941924,4479,53597,3643400
520,238,225,941686,4492,53822,3584500
521,200,186,941486,4506,54008,3053500
522,227,241,941259,4492,54249,3178900
523,208,255,941051,4445,54504,2920100
524,253,216,940798,4482,54720,2855300
525,237,243,940561,4476,54963,3058900
526,246,223,940315,4499,55186,2892100
527,240,221,940075,4518,55407,3015500
528,255,256,939820,4517,55663,3084800
529,202,215,939618,4504,55878,2800400
530,224,225,939394,4503,56103,2981200
531,227,253,939167,4477,56356,2897100
532,237,204,938930,4510,56560,2983400
533,240,210,938690,4540,56770,2864600
534,227,243,938463,4524,57013,2781600
535,214,247,938249,4491,57260,2826200
536,211,236,938038,4466,57496,2851700
537,231,198,937807,4499,57694,3008000
538,233,219,937574,4513,57913,3046700
539,229,231,937345,4511,58144,2835100
540,231,241,937114,4501,58385,3001900
541,221,225,936893,4497,58610,2904200
542,231,209,936662,4519,58819,2752300
543,235,222,936427,4532,59041,2806700
544,241,234,936186,4539,59275,2825800
545,240,231,935946,4548,59506,2751100
546,250,210,935696,4588,59716,2853900
547,243,221,935453,4610,59937,2728200
548,238,229,935215,4619,60166,2662000
549,202,245,935013,4576,60411,2815900
550,210,224,934803,4562,60635,3372100
551,226,219,934577,4569,60854,3434700
552,227,265,934350,4531,61119,2605300
553,236,209,934114,4558,61328,2585700
554,238,220,933876,4576,61548,2800800
555,233,251,933643,4558,61799,3393200
556,244,239,933399,4563,62038,3442100
557,265,227,933134,4601,62265,3394600
558,257,246,932877,4612,62511,3456200
559,238,232,932639,4618,62743,2981700
560,225,204,932414,4639,62947,2796900
561,261,197,932153,4703,63144,2802000
562,255,238,931898,4720,63382,2736000
563,275,240,931623,4755,63622,2761200
564,266,253,931357,4768,63875,2738800
565,276,243,931081,4801,64118,2721400
566,277,236,930804,4842,64354,2731200
567,282,221,930522,4903,64575,2822400
568,262,235,930260,4930,64810,2875500
569,266,233,929994,4963,65043,3953600
570,288,245,929706,5006,65288,6584200
571,276,244,929430,5038,65532,8185000
572,272,261,929158,5049,65793,3822300
573,258,261,928900,5046,66054,4496100
574,270,266,928630,5050,66320,4427200
575,254,234,928376,5070,66554,3972800
576,253,262,928123,5061,66816,3091400
577,280,239,927843,5102,67055,3263500
578,284,270,927559,5116,67325,3164400
579,270,274,927289,5112,67599,3240700
580,286,279,927003,5119,67878,3507700
581,266,241,926737,5144,68119,2915600
582,282,237,926455,5189,68356,2845600
583,268,268,926187,5189,68624,3255300
584,289,288,925898,5190,68912,3113400
585,284,249,925614,5225,69161,2931200
586,284,249,925330,5260,69410,3069200
587,288,294,925042,5254,69704,3011700
588,265,252,924777,5267,69956,3000800
589,260,263,924517,5264,70219,3020800
590,254,280,924263,5238,70499,3185600
591,284,266,923979,5256,70765,3014000
592,289,251,923690,5294,71016,3035000
593,297,258,923393,5333,71274,3907000
594,313,264,923080,5382,71538,4703500
595,290,290,922790,5382,71828,4926100
596,277,251,922513,5408,72079,3007900
597,262,290,922251,5380,72369,3071200
598,286,275,921965,5391,72644,3930000
599,267,284,921698,5374,72928,3166600
600,292,241,921406,5425,73169,3592600
601,292,264,921114,5453,73433,3131400
602,291,262,920823,5482,73695,4999300
603,250,274,920573,5458,73969,10422200
604,310,292,920263,5476,74261,5939100
605,306,297,919957,5485,74558,4651600
606,279,289,919678,5475,74847,3937800
607,303,274,919375,5504,75121,3183200
608,316,289,919059,5531,75410,3047700
609,298,277,918761,5552,75687,3333800
610,304,286,918457,5570,75973,3625700
611,298,296,918159,5572,76269,3943800
612,269,302,917890,5539,76571,4037700
613,283,279,917607,5543,76850,5403100
614,274,259,917333,5558,77109,3846700
615,280,303,917053,5535,77412,3252100
616,318,308,916735,5545,77720,3169900
617,298,248,916437,5595,77968,3569200
618,295,289,916142,5601,78257,3480200
619,269,269,915873,5601,78526,3368900
620,246,274,915627,5573,78800,3084100
621,270,284,915357,5559,79084,3292100
622,270,277,915087,5552,79361,2924400
623,248,289,914839,5511,79650,2977500
624,302,278,914537,5535,79928,2731200
625,268,268,914269,5535,80196,2831800
626,299,318,913970,5516,80514,2984300
627,288,261,913682,5543,80775,2879700
628,292,270,913390,5565,81045,2697800
629,273,275,913117,5563,81320,3004600
630,289,282,912828,5570,81602,2838700
631,272,290,912556,5552,81892,3156800
632,301,268,912255,5585,82160,2787800
633,295,281,911960,5599,82441,2951200
634,295,303,911665,5591,82744,2844100
635,290,272,911375,5609,83016,2835300
636,313,236,911062,5686,83252,2983500
637,295,269,910767,5712,83521,3001100
638,285,270,910482,5727,83791,2696000
639,294,291,910188,5730,84082,2689200
640,266,266,909922,5730,84348,2659600
641,294,284,909628,5740,84632,2637100
642,311,279,909317,5772,84911,3248700
643,277,292,909040,5757,85203,3172900
644,272,307,908768,5722,85510,2878100
645,264,282,908504,5704,85792,2781000
646,281,275,908223,5710,86067,2859900
647,292,269,907931,5733,86336,2878200
648,273,279,907658,5727,86615,2746700
649,289,308,907369,5708,86923,2707600
650,299,317,907070,5690,87240,2658900
651,279,262,906791,5707,87502,2679700
652,291,294,906500,5704,87796,2977600
653,297,293,906203,5708,88089,2783100
654,298,247,905905,5759,88336,2819800
655,298,291,905607,5766,88627,2769500
656,305,295,905302,5776,88922,2758400
657,308,268,904994,5816,89190,2715300
658,328,287,904666,5857,89477,3163600
659,287,327,904379,5817,89804,2824500
660,309,279,904070,5847,90083,2829900
661,283,275,903787,5855,90358,2780700
662,314,282,903473,5887,90640,2793100
663,324,313,903149,5898,90953,3307700
664,289,281,902860,5906,91234,2972300
665,317,327,902543,5896,91561,2834000
666,271,305,902272,5862,91866,2820500
667,298,285,901974,5875,92151,2792600
668,282,324,901692,5833,92475,2822400
669,307,303,901385,5837,92778,2804600
670,326,279,901059,5884,93057,2779600
671,301,309,900758,5876,93366,2750600
672,304,292,900454,5888,93658,2744000
673,285,291,900169,5882,93949,2751400
674,328,290,899841,5920,94239,3027600
675,318,299,899523,5939,94538,2797500
676,293,281,899230,5951,94819,2776000
677,316,300,898914,5967,95119,2761700
678,297,286,898617,5978,95405,2825200
679,327,291,898290,6014,95696,2896500
680,312,294,897978,6032,95990,2854200
681,296,305,897682,6023,96295,2850300
682,320,291,897362,6052,96586,2835800
683,351,307,897011,6096,96893,2813700
684,292,324,896719,6064,97217,2812000
685,295,288,896424,6071,97505,3260400
686,323,318,896101,6076,97823,2970500
687,323,302,895778,6097,98125,2902300
688,300,330,895478,6067,98455,2885000
689,306,308,895172,6065,98763,2829300
690,286,329,894886,6022,99092,3108900
691,310,260,894576,6072,99352,2780400
692,303,301,894273,6074,99653,2824700
693,303,287,893970,6090,99940,2858000
694,277,321,893693,6046,100261,2794700
695,340,327,893353,6059,100588,3232700
696,305,271,893048,6093,100859,3668100
697,318,329,892730,6082,101188,3117000
698,295,288,892435,6089,101476,2848800
699,340,303,892095,6126,101779,2822600
700,331,318,891764,6139,102097,2883800
701,322,320,891442,6141,102417,2852600
702,321,321,891121,6141,102738,2948100
703,344,325,890777,6160,103063,2874600
704,289,336,890488,6113,103399,2878000
705,289,285,890199,6117,103684,2831400
706,333,322,889866,6128,104006,2929900
707,292,341,889574,6079,104347,2800500
708,299,294,889275,6084,104641,2818700
709,291,330,888984,6045,104971,2935400
710,307,334,888677,6018,105305,2916300
711,291,314,888386,5995,105619,3153600
712,301,284,888085,6012,105903,3424300
713,305,285,887780,6032,106188,3375000
714,296,285,887484,6043,106473,3360800
715,303,309,887181,6037,106782,3095500
716,301,295,886880,6043,107077,2995800
717,311,294,886569,6060,107371,3475000
718,310,330,886259,6040,107701,7381000
719,317,302,885942,6055,108003,4198100
720,298,262,885644,6091,108265,3875500
721,318,312,885326,6097,108577,3587500
722,294,319,885032,6072,108896,3027200
723,318,319,884714,6071,109215,3153100
724,317,285,884397,6103,109500,3149900
725,303,301,884094,6105,109801,2973900
726,300,309,883794,6096,110110,2974500
727,335,317,883459,6114,110427,2890100
728,354,289,883105,6179,110716,2886800
729,350,322,882755,6207,111038,2918300
730,347,279,882408,6275,111317,2971600
731,316,326,882092,6265,111643,2940900
732,364,330,881728,6299,111973,2965000
733,301,295,881427,6305,112268,3032300
734,342,328,881085,6319,112596,3097300
735,333,297,880752,6355,112893,3322900
736,336,363,880416,6328,113256,3100400
737,324,279,880092,6373,113535,2934600
738,326,302,879766,6397,113837,2919600
739,351,345,879415,6403,114182,2893900
740,325,299,879090,6429,114481,3080000
741,335,329,878755,6435,114810,2655300
742,303,336,878452,6402,115146,2719300
743,329,341,878123,6390,115487,2775400
744,306,323,877817,6373,115810,2907500
745,313,320,877504,6366,116130,3396400
746,320,302,877184,6384,116432,3151500
747,355,304,876829,6435,116736,2814500
748,339,346,876490,6428,117082,3140300
749,349,331,876141,6446,117413,3067900
750,349,323,875792,6472,117736,3475100
751,311,351,875481,6432,118087,3670300
752,372,339,875109,6465,118426,3015200
753,330,305,874779,6490,118731,3081400
754,346,354,874433,6482,119085,3094400
755,353,295,874080,6540,119380,3103900
756,362,355,873718,6547,119735,3076300
757,339,324,873379,6562,120059,3240200
758,333,323,873046,6572,120382,4262000
759,333,357,872713,6548,120739,5181200
760,336,325,872377,6559,121064,4624100
761,336,335,872041,6560,121399,4664500
762,348,358,871693,6550,121757,4155200
763,342,347,871351,6545,122104,3753600
764,333,307,871018,6571,122411,3128200
765,329,317,870689,6583,122728,3063900
766,327,332,870362,6578,123060,3081300
767,336,327,870026,6587,123387,3124100
768,317,326,869709,6578,123713,2968400
769,351,345,869358,6584,124058,2875600
770,341,355,869017,6570,124413,2937500
771,337,310,868680,6597,124723,3099500
772,355,366,868325,6586,125089,3286600
773,326,322,867999,6590,125411,4755700
774,345,348,867654,6587,125759,4617500
775,333,331,867321,6589,126090,4022300
776,351,346,866970,6594,126436,4357400
777,383,322,866587,6655,126758,3619700
778,335,364,866252,6626,127122,3052300
779,317,317,865935,6626,127439,3020900
780,350,318,865585,6658,127757,3001200
781,326,346,865259,6638,128103,3029400
782,339,330,864920,6647,128433,2952200
783,349,368,864571,6628,128801,2909400
784,353,326,864218,6655,129127,2858300
785,365,319,863853,6701,129446,2877700
786,342,344,863511,6699,129790,3425100
787,386,351,863125,6734,130141,3433500
788,355,343,862770,6746,130484,2964800
789,374,317,862396,6803,130801,2950200
790,328,326,862068,6805,131127,2864300
791,366,355,861702,6816,131482,3485300
792,355,322,861347,6849,131804,3636100
793,324,356,861023,6817,132160,3260700
794,370,359,860653,6828,132519,2919100
795,360,336,860293,6852,132855,2907500
796,333,361,859960,6824,133216,2935300
797,332,347,859628,6809,133563,3073000
798,340,343,859288,6806,133906,2879800
799,349,312,858939,6843,134218,2810000
800,350,345,858589,6848,134563,2792000
801,334,359,858255,6823,134922,2765100
802,344,360,857911,6807,135282,2799900
803,360,346,857551,6821,135628,2884100
804,355,328,857196,6848,135956,2867400
805,336,343,856860,6841,136299,2830400
806,367,335,856493,6873,136634,2810900
807,369,348,856124,6894,136982,2785900
808,321,353,855803,6862,137335,2756800
809,341,341,855462,6862,137676,2724200
810,317,334,855145,6845,138010,2721200
811,347,328,854798,6864,138338,2745100
812,327,351,854471,6840,138689,2757300
813,367,354,854104,6853,139043,3020400
814,364,346,853740,6871,139389,2993500
815,373,354,853367,6890,139743,3052400
816,391,332,852976,6949,140075,3085200
817,358,368,852618,6939,140443,3027700
818,364,295,852254,7008,140738,4892300
819,361,365,851893,7004,141103,4204000
820,361,349,851532,7016,141452,4225400
821,374,326,851158,7064,141778,3892800
822,359,341,850799,7082,142119,3558400
823,333,335,850466,7080,142454,3093700
824,359,367,850107,7072,142821,3037700
825,384,338,849723,7118,143159,3034400
826,364,370,849359,7112,143529,3009700
827,402,347,848957,7167,143876,3006100
828,349,361,848608,7155,144237,2924500
829,358,370,848250,7143,144607,3353200
830,360,336,847890,7167,144943,2847000
831,362,367,847528,7162,145310,2873600
832,356,384,847172,7134,145694,2947900
833,361,360,846811,7135,146054,3018100
834,366,342,846445,7159,146396,3856300
835,355,373,846090,7141,146769,5739200
836,366,347,845724,7160,147116,6216800
837,366,349,845358,7177,147465,3754500
838,345,333,845013,7189,147798,4172700
839,350,389,844663,7150,148187,3706800
840,317,373,844346,7094,148560,3438100
841,347,334,843999,7107,148894,3098800
842,352,354,843647,7105,149248,3082100
843,322,363,843325,7064,149611,3022600
844,373,371,842952,7066,149982,3023000
845,345,389,842607,7022,150371,2999100
846,346,351,842261,7017,150722,2995400
847,350,338,841911,7029,151060,2975800
848,370,359,841541,7040,151419,3267600
849,334,364,841207,7010,151783,3172300
850,335,330,840872,7015,152113,3184600
851,309,334,840563,6990,152447,3307500
852,324,331,840239,6983,152778,3178700
853,338,340,839901,6981,153118,3015400
854,322,329,839579,6974,153447,3409700
855,339,336,839240,6977,153783,2973800
856,330,345,838910,6962,154128,2910100
857,332,332,838578,6962,154460,2878400
858,360,348,838218,6974,154808,2832600
859,374,293,837844,7055,155101,3136100
860,365,377,837479,7043,155478,2893600
861,385,313,837094,7115,155791,2847200
862,406,358,836688,7163,156149,2837800
863,360,338,836328,7185,156487,3092000
864,374,367,835954,7192,156854,5537300
865,369,356,835585,7205,157210,6975600
866,381,356,835204,7230,157566,4778900
867,376,339,834828,7267,157905,4485700
868,340,339,834488,7268,158244,3619800
869,387,352,834101,7303,158596,3442000
870,397,349,833704,7351,158945,3229400
871,389,359,833315,7381,159304,3128500
872,391,400,832924,7372,159704,3063100
873,394,352,832530,7414,160056,3015500
874,393,328,832137,7479,160384,2925500
875,411,369,831726,7521,160753,2899500
876,392,367,831334,7546,161120,3048300
877,399,371,830935,7574,161491,2999400
878,418,385,830517,7607,161876,3297000
879,394,379,830123,7622,162255,3391900
880,394,381,829729,7635,162636,3196600
881,372,437,829357,7570,163073,3041200
882,409,369,828948,7610,163442,2930700
883,371,364,828577,7617,163806,2930400
884,425,402,828152,7640,164208,2968200
885,397,402,827755,7635,164610,2923000
886,367,379,827388,7623,164989,2858900
887,384,371,827004,7636,165360,2811700
888,414,363,826590,7687,165723,2792200
889,371,391,826219,7667,166114,2983300
890,363,360,825856,7670,166474,2830700
891,417,361,825439,7726,166835,2865100
892,410,408,825029,7728,167243,2920900
893,376,350,824653,7754,167593,2936700
894,403,398,824250,7759,167991,3153800
895,370,398,823880,7731,168389,3036800
896,415,370,823465,7776,168759,2873800
897,398,405,823067,7769,169164,2842700
898,388,384,822679,7773,169548,2801000
899,430,407,822249,7796,169955,2760100
900,405,373,821844,7828,170328,3020200
901,405,406,821439,7827,170734,2847100
902,398,393,821041,7832,171127,3047700
903,381,393,820660,7820,171520,2987000
904,399,392,820261,7827,171912,2950800
905,395,380,819866,7842,172292,3168200
906,411,359,819455,7894,172651,2944000
907,423,418,819032,7899,173069,2898200
908,389,391,818643,7897,173460,3017500
909,388,401,818255,7884,173861,2896300
910,365,418,817890,7831,174279,3256000
911,387,371,817503,7847,174650,3300700
912,389,400,817114,7836,175050,3187800
913,387,426,816727,7797,175476,3046600
914,382,406,816345,7773,175882,2963300
915,398,383,815947,7788,176265,3005700
916,407,370,815540,7825,176635,2907000
917,386,392,815154,7819,177027,2940600
918,362,389,814792,7792,177416,2941600
919,395,368,814397,7819,177784,3113000
920,402,413,813995,7808,178197,3092100
921,388,410,813607,7786,178607,3099900
922,383,382,813224,7787,178989,3085000
923,367,387,812857,7767,179376,2915200
924,377,386,812480,7758,179762,2922300
925,370,433,812110,7695,180195,2942800
926,405,389,811705,7711,180584,2958300
927,355,400,811350,7666,180984,2903200
928,352,376,810998,7642,181360,2858600
929,378,391,810620,7629,181751,2925600
930,345,357,810275,7617,182108,2921400
931,396,389,809879,7624,182497,3003000
932,392,347,809487,7669,182844,2886400
933,415,381,809072,7703,183225,2862500
934,370,419,808702,7654,183644,2843100
935,333,378,808369,7609,184022,2892100
936,388,388,807981,7609,184410,3013000
937,351,374,807630,7586,184784,2900300
938,359,389,807271,7556,185173,2911000
939,368,356,806903,7568,185529,2875400
940,363,381,806540,7550,185910,3012600
941,350,420,806190,7480,186330,3056100
942,376,356,805814,7500,186686,3036300
943,375,396,805439,7479,187082,2942900
944,354,365,805085,7468,187447,3080300
945,402,372,804683,7498,187819,3033900
946,361,345,804322,7514,188164,3563800
947,363,377,803959,7500,188541,3846400
948,378,397,803581,7481,188938,3235500
949,356,358,803225,7479,189296,3335800
950,388,368,802837,7499,189664,3141300
951,362,364,802475,7497,190028,3096300
952,388,376,802087,7509,190404,2962600
953,390,402,801697,7497,190806,3035900
954,318,335,801379,7480,191141,3045500
955,366,361,801013,7485,191502,2921800
956,384,368,800629,7501,191870,3238200
957,376,365,800253,7512,192235,2988300
958,365,358,799888,7519,192593,2941000
959,392,376,799496,7535,192969,2865100
960,407,403,799089,7539,193372,2950300
961,380,390,798709,7529,193762,3127900
962,385,415,798324,7499,194177,2840900
963,387,373,797937,7513,194550,2767200
964,411,378,797526,7546,194928,2989400
965,389,372,797137,7563,195300,2932700
966,382,373,796755,7572,195673,2937700
967,399,362,796356,7609,196035,3184900
968,395,362,795961,7642,196397,2888200
969,411,376,795550,7677,196773,2924700
970,388,427,795162,7638,197200,2908000
971,422,358,794740,7702,197558,2898900
972,424,390,794316,7736,197948,2939700
973,401,385,793915,7752,198333,2880700
974,409,355,793506,7806,198688,2874200
975,399,383,793107,7822,199071,2841600
976,422,388,792685,7856,199459,2815500
977,420,385,792265,7891,199844,3028000
978,419,374,791846,7936,200218,3101100
979,391,398,791455,7929,200616,2968800
980,404,424,791051,7909,201040,2890400
981,397,376,790654,7930,201416,2856800
982,384,410,790270,7904,201826,2859200
983,381,397,789889,7888,202223,2900200
984,385,396,789504,7877,202619,2891300
985,392,397,789112,7872,203016,2853600
986,402,389,788710,7885,203405,2831500
987,389,406,788321,7868,203811,2828600
988,359,412,787962,7815,204223,2847300
989,379,377,787583,7817,204600,2836200
990,390,398,787193,7809,204998,2857900
991,373,368,786820,7814,205366,2811100
992,376,395,786444,7795,205761,2923000
993,424,449,786020,7770,206210,2972500
994,391,419,785629,7742,206629,2955900
995,395,362,785234,7775,206991,2953500
996,390,388,784844,7777,207379,2882500
997,395,382,784449,7790,207761,2844500
998,388,402,784061,7776,208163,2829700
999,388,365,783673,7799,208528,2842500
1000,396,358,783277,7837,208886,2841000
1001,418,386,782859,7869,209272,2804700
1002,354,374,782505,7849,209646,2817900
1003,412,432,782093,7829,210078,2808300
1004,350,430,781743,7749,210508,2794100
1005,410,380,781333,7779,210888,2947800
1006,411,406,780922,7784,211294,2873800
1007,412,389,780510,7807,211683,2873000
1008,409,406,780101,7810,212089,2855600
1009,404,394,779697,7820,212483,3465200
1010,420,401,779277,7839,212884,3077000
1011,422,397,778855,7864,213281,3028800
1012,420,392,778435,7892,213673,2913900
1013,464,398,777971,7958,214071,2892200
1014,441,385,777530,8014,214456,2890800
1015,434,402,777096,8046,214858,2901800
1016,414,391,776682,8069,215249,3027800
1017,433,400,776249,8102,215649,2951400
1018,426,388,775823,8140,216037,2938700
1019,428,446,775395,8122,216483,2933500
1020,445,417,774950,8150,216900,2968200
1021,427,407,774523,8170,217307,3010900
1022,426,395,774097,8201,217702,2952200
1023,425,419,773672,8207,218121,2926800
1024,433,386,773239,8254,218507,2924300
1025,408,435,772831,8227,218942,3016500
1026,411,418,772420,8220,219360,2968000
1027,375,413,772045,8182,219773,2876100
1028,442,408,771603,8216,220181,2840900
1029,387,418,771216,8185,220599,2815400
1030,427,404,770789,8208,221003,2825700
1031,438,421,770351,8225,221424,2869000
1032,450,398,769901,8277,221822,2910600
1033,437,430,769464,8284,222252,2931800
1034,438,386,769026,8336,222638,2905800
1035,431,419,768595,8348,223057,2924800
1036,447,401,768148,8394,223458,2971000
1037,433,422,767715,8405,223880,3062300
1038,440,412,767275,8433,224292,3067000
1039,436,402,766839,8467,224694,3091000
1040,417,460,766422,8424,225154,3091700
1041,439,428,765983,8435,225582,3073200
1042,411,399,765572,8447,225981,3228500
1043,425,444,765147,8428,226425,3057400
1044,424,395,764723,8457,226820,2977200
1045,422,409,764301,8470,227229,2958900
1046,472,416,763829,8526,227645,2984100
1047,431,441,763398,8516,228086,2989900
1048,430,385,762968,8561,228471,2966700
1049,435,460,762533,8536,228931,3149300
1050,414,428,762119,8522,229359,3311000
1051,395,456,761724,8461,229815,5994000
1052,433,431,761291,8463,230246,5337800
1053,397,476,760894,8384,230722,4527000
1054,403,436,760491,8351,231158,3924800
1055,403,427,760088,8327,231585,3287200
1056,445,420,759643,8352,232005,3351200
1057,428,461,759215,8319,232466,3316200
1058,434,414,758781,8339,232880,3281500
1059,418,406,758363,8351,233286,3171000
1060,415,415,757948,8351,233701,3117100
1061,454,434,757494,8371,234135,3100800
1062,426,423,757068,8374,234558,3133300
1063,421,419,756647,8376,234977,3140600
1064,380,432,756267,8324,235409,3252800
1065,405,463,755862,8266,235872,3217800
1066,398,373,755464,8291,236245,3630100
1067,432,430,755032,8293,236675,3463600
1068,455,349,754577,8399,237024,3342800
1069,427,411,754150,8415,237435,3443900
1070,440,415,753710,8440,237850,3172700
1071,438,437,753272,8441,238287,3150000
1072,393,401,752879,8433,238688,3020800
1073,432,447,752447,8418,239135,3074500
1074,452,441,751995,8429,239576,3190000
1075,437,400,751558,8466,239976,3043000
1076,452,433,751106,8485,240409,3206900
1077,430,426,750676,8489,240835,3163800
1078,447,401,750229,8535,241236,3330900
1079,443,443,749786,8535,241679,3411700
1080,422,433,749364,8524,242112,3597500
1081,435,413,748929,8546,242525,3326400
1082,416,418,748513,8544,242943,3167600
1083,478,439,748035,8583,243382,3378500
1084,460,412,747575,8631,243794,3129300
1085,446,450,747129,8627,244244,3107200
1086,451,413,746678,8665,244657,3018500
1087,439,445,746239,8659,245102,2954900
1088,455,418,745784,8696,245520,3116500
1089,421,426,745363,8691,245946,3376000
1090,423,467,744940,8647,246413,3138400
1091,445,480,744495,8612,246893,3004800
1092,468,452,744027,8628,247345,2981200
1093,453,434,743574,8647,247779,3006100
1094,456,426,743118,8677,248205,3027000
1095,472,439,742646,8710,248644,2972300
1096,431,462,742215,8679,249106,2882700
1097,431,431,741784,8679,249537,2878500
1098,443,418,741341,8704,249955,2906900
1099,436,417,740905,8723,250372,2930500
1100,473,391,740432,8805,250763,2925400
1101,446,450,739986,8801,251213,2885500
1102,460,426,739526,8835,251639,2843200
1103,419,444,739107,8810,252083,2846200
1104,441,426,738666,8825,252509,2920900
1105,479,437,738187,8867,252946,2894300
1106,472,476,737715,8863,253422,2871500
1107,443,426,737272,8880,253848,2899800
1108,456,438,736816,8898,254286,2880000
1109,456,421,736360,8933,254707,2878400
1110,442,462,735918,8913,255169,2940100
1111,403,430,735515,8886,255599,2946500
1112,443,425,735072,8904,256024,3007500
1113,420,428,734652,8896,256452,2998500
1114,458,438,734194,8916,256890,2990100
1115,438,426,733756,8928,257316,3515700
1116,441,456,733315,8913,257772,3109000
1117,475,463,732840,8925,258235,3041300
1118,475,463,732365,8937,258698,3001300
1119,429,427,731936,8939,259125,2955700
1120,463,502,731473,8900,259627,3049400
1121,444,462,731029,8882,260089,3011500
1122,433,453,730596,8862,260542,2992800
1123,462,418,730134,8906,260960,2967400
1124,415,450,729719,8871,261410,2970400
1125,444,428,729275,8887,261838,3041600
1126,453,421,728822,8919,262259,2956200
1127,442,426,728380,8935,262685,2968600
1128,431,437,727949,8929,263122,2887200
1129,444,462,727505,8911,263584,2901100
1130,491,441,727014,8961,264025,2945300
1131,464,439,726550,8986,264464,3881600
1132,456,467,726094,8975,264931,3228400
1133,443,402,725651,9016,265333,3209600
1134,509,438,725142,9087,265771,3342400
1135,430,436,724712,9081,266207,3316900
1136,487,481,724225,9087,266688,3557000
1137,424,490,723801,9021,267178,3779900
1138,476,459,723325,9038,267637,3536000
1139,455,446,722870,9047,268083,3486300
1140,467,484,722403,9030,268567,3259500
1141,436,428,721967,9038,268995,3197900
1142,459,459,721508,9038,269454,3190400
1143,501,446,721007,9093,269900,3320400
1144,435,477,720572,9051,270377,3377000
1145,470,441,720102,9080,270818,3131400
1146,516,451,719586,9145,271269,3062400
1147,497,467,719089,9175,271736,3026900
1148,475,449,718614,9201,272185,2988400
1149,452,421,718162,9232,272606,3182500
1150,488,426,717674,9294,273032,3070600
1151,509,512,717165,9291,273544,2973100
1152,467,482,716698,9276,274026,2972300
1153,476,481,716222,9271,274507,2953200
1154,503,471,715719,9303,274978,2968400
1155,500,466,715219,9337,275444,2979300
1156,470,462,714749,9345,275906,2964500
1157,485,448,714264,9382,276354,2948300
1158,460,496,713804,9346,276850,2988300
1159,448,448,713356,9346,277298,3074000
1160,461,479,712895,9328,277777,3017500
1161,454,469,712441,9313,278246,2946600
1162,456,445,711985,9324,278691,2979400
1163,506,466,711479,9364,279157,3040800
1164,493,495,710986,9362,279652,3034200
1165,496,434,710490,9424,280086,3058300
1166,463,492,710027,9395,280578,3131500
1167,467,464,709560,9398,281042,3083000
1168,457,462,709103,9393,281504,3025800
1169,471,449,708632,9415,281953,3043600
1170,478,441,708154,9452,282394,3419500
1171,455,470,707699,9437,282864,3227500
1172,483,495,707216,9425,283359,3542400
1173,454,480,706762,9399,283839,4833200
1174,467,455,706295,9411,284294,5312000
1175,458,450,705837,9419,284744,4179600
1176,473,515,705364,9377,285259,3644200
1177,493,464,704871,9406,285723,4267800
1178,474,499,704397,9381,286222,3660500
1179,483,444,703914,9420,286666,3235400
1180,498,495,703416,9423,287161,3233600
1181,488,505,702928,9406,287666,3263000
1182,524,446,702404,9484,288112,3397500
1183,471,473,701933,9482,288585,3458600
1184,458,474,701475,9466,289059,3399100
1185,462,443,701013,9485,289502,3348500
1186,453,496,700560,9442,289998,3455100
1187,462,486,700098,9418,290484,4024600
1188,502,507,699596,9413,290991,3487300
1189,472,439,699124,9446,291430,3202100
1190,501,468,698623,9479,291898,3250600
1191,461,438,698162,9502,292336,3192700
1192,451,471,697711,9482,292807,3057700
1193,493,473,697218,9502,293280,3024100
1194,495,508,696723,9489,293788,3064300
1195,468,518,696255,9439,294306,2983900
1196,535,436,695720,9538,294742,3249900
1197,464,496,695256,9506,295238,3048300
1198,488,460,694768,9534,295698,3010600
1199,491,492,694277,9533,296190,3020900
1200,484,488,693793,9529,296678,2993300
1201,462,472,693331,9519,297150,3080000
1202,485,455,692846,9549,297605,3114700
1203,482,461,692364,9570,298066,3185300
1204,465,470,691899,9565,298536,3210100
1205,480,502,691419,9543,299038,3143500
1206,490,500,690929,9533,299538,3153600
1207,491,467,690438,9557,300005,3050300
1208,490,529,689948,9518,300534,3027900
1209,451,482,689497,9487,301016,3026700
1210,467,473,689030,9481,301489,3296600
1211,441,451,688589,9471,301940,3481300
1212,495,462,688094,9504,302402,3135200
1213,471,500,687623,9475,302902,3085900
1214,461,490,687162,9446,303392,3065600
1215,460,456,686702,9450,303848,3047000
1216,483,455,686219,9478,304303,3088000
1217,485,485,685734,9478,304788,3032000
1218,494,470,685240,9502,305258,2985700
1219,481,505,684759,9478,305763,2957200
1220,486,534,684273,9430,306297,2945400
1221,449,455,683824,9424,306752,2947200
1222,461,444,683363,9441,307196,2999100
1223,442,463,682921,9420,307659,2995600
1224,489,478,682432,9431,308137,3029800
1225,442,460,681990,9413,308597,3075400
1226,436,472,681554,9377,309069,3141300
1227,467,491,681087,9353,309560,3149800
1228,467,474,680620,9346,310034,2988400
1229,473,520,680147,9299,310554,2952300
1230,495,428,679652,9366,310982,2891100
1231,514,467,679138,9413,311449,2917700
1232,474,485,678664,9402,311934,3110800
1233,481,478,678183,9405,312412,3235800
1234,499,497,677684,9407,312909,3161100
1235,501,462,677183,9446,313371,3130400
1236,470,455,676713,9461,313826,3250300
1237,470,469,676243,9462,314295,3815100
1238,496,483,675747,9475,314778,3253600
1239,492,514,675255,9453,315292,3231800
1240,503,466,674752,9490,315758,3234300
1241,481,485,674271,9486,316243,3308000
1242,507,491,673764,9502,316734,3100600
1243,513,501,673251,9514,317235,3016100
1244,501,489,672750,9526,317724,2977200
1245,481,448,672269,9559,318172,2992500
1246,506,419,671763,9646,318591,3113900
1247,497,494,671266,9649,319085,3283800
1248,468,470,670798,9647,319555,3012800
1249,490,504,670308,9633,320059,2959000
1250,499,474,669809,9658,320533,2902600
1251,474,471,669335,9661,321004,2871700
1252,472,508,668863,9625,321512,2993900
1253,497,484,668366,9638,321996,2890400
1254,486,462,667880,9662,322458,2924700
1255,488,504,667392,9646,322962,2934500
1256,460,509,666932,9597,323471,2946800
1257,459,501,666473,9555,323972,2960500
1258,527,477,665946,9605,324449,2976400
1259,459,488,665487,9576,324937,2956400
1260,479,445,665008,9610,325382,2938100
1261,456,512,664552,9554,325894,2913900
1262,454,451,664098,9557,326345,3127900
1263,416,469,663682,9504,326814,3212800
1264,442,490,663240,9456,327304,2966700
1265,471,477,662769,9450,327781,3011800
1266,439,452,662330,9437,328233,3196900
1267,465,475,661865,9427,328708,3206500
1268,481,478,661384,9430,329186,3259000
1269,462,443,660922,9449,329629,3190800
1270,482,444,660440,9487,330073,3216300
1271,457,470,659983,9474,330543,3184500
1272,496,471,659487,9499,331014,3167100
1273,471,459,659016,9511,331473,3175700
1274,450,500,658566,9461,331973,3163600
1275,461,511,658105,9411,332484,3221700
1276,458,476,657647,9393,332960,3140000
1277,445,470,657202,9368,333430,3210100
1278,461,463,656741,9366,333893,3152900
1279,449,503,656292,9312,334396,3107700
1280,458,437,655834,9333,334833,3248500
1281,454,404,655380,9383,335237,3197900
1282,488,453,654892,9418,335690,3198800
1283,478,399,654414,9497,336089,3201200
1284,441,482,653973,9456,336571,3086200
1285,468,493,653505,9431,337064,3266100
1286,467,449,653038,9449,337513,3116600
1287,406,482,652632,9373,337995,3322000
1288,463,456,652169,9380,338451,3188300
1289,440,469,651729,9351,338920,3202200
1290,415,483,651314,9283,339403,3188200
1291,490,458,650824,9315,339861,3215500
1292,505,469,650319,9351,340330,3255200
1293,475,453,649844,9373,340783,3595500
1294,489,472,649355,9390,341255,3186600
1295,457,471,648898,9376,341726,3132400
1296,441,468,648457,9349,342194,3247400
1297,419,456,648038,9312,342650,3721500
1298,443,485,647595,9270,343135,3157900
1299,459,453,647136,9276,343588,4062000
1300,457,435,646679,9298,344023,4256100
1301,505,502,646174,9301,344525,4145700
1302,432,441,645742,9292,344966,3906700
1303,445,454,645297,9283,345420,3625700
1304,465,513,644832,9235,345933,3342700
1305,440,457,644392,9218,346390,3508800
1306,430,469,643962,9179,346859,3340200
1307,488,466,643474,9201,347325,3585500
1308,456,479,643018,9178,347804,4398100
1309,460,461,642558,9177,348265,4082000
1310,405,450,642153,9132,348715,3410000
1311,450,447,641703,9135,349162,3328200
1312,455,477,641248,9113,349639,3920400
1313,460,463,640788,9110,350102,3290200
1314,422,486,640366,9046,350588,3623700
1315,488,422,639878,9112,351010,3295200
1316,491,399,639387,9204,351409,3106100
1317,442,461,638945,9185,351870,3175000
1318,487,443,638458,9229,352313,3320800
1319,458,465,638000,9222,352778,4100500
1320,497,465,637503,9254,353243,3496100
1321,463,457,637040,9260,353700,4351400
1322,467,451,636573,9276,354151,3463600
1323,513,432,636060,9357,354583,3789300
1324,438,449,635622,9346,355032,3545300
1325,463,445,635159,9364,355477,3534000
1326,482,494,634677,9352,355971,3367500
1327,465,447,634212,9370,356418,3369100
1328,489,484,633723,9375,356902,3270000
1329,468,479,633255,9364,357381,3152700
1330,455,455,632800,9364,357836,3170700
1331,428,506,632372,9286,358342,3115900
1332,463,496,631909,9253,358838,3288300
1333,414,468,631495,9199,359306,3098800
1334,453,454,631042,9198,359760,3039700
1335,433,456,630609,9175,360216,3012000
1336,470,452,630139,9193,360668,3001800
1337,441,476,629698,9158,361144,3059600
1338,467,472,629231,9153,361616,2979100
1339,454,446,628777,9161,362062,3004300
1340,469,465,628308,9165,362527,2965500
1341,481,473,627827,9173,363000,2925200
1342,437,456,627390,9154,363456,3545800
1343,446,421,626944,9179,363877,3050200
1344,449,436,626495,9192,364313,2997300
1345,460,439,626035,9213,364752,2913900
1346,481,461,625554,9233,365213,2885900
1347,427,453,625127,9207,365666,3163100
1348,475,452,624652,9230,366118,3018700
1349,440,448,624212,9222,366566,2924500
1350,466,445,623746,9243,367011,2842400
1351,483,450,623263,9276,367461,2950800
1352,483,461,622780,9298,367922,3044400
1353,442,441,622338,9299,368363,2796100
1354,475,447,621863,9327,368810,2759800
1355,429,447,621434,9309,369257,2728000
1356,500,433,620934,9376,369690,2714900
1357,495,490,620439,9381,370180,2713600
1358,483,488,619956,9376,370668,3200800
1359,478,453,619478,9401,371121,2903400
1360,470,474,619008,9397,371595,2814600
1361,459,460,618549,9396,372055,2726100
1362,458,486,618091,9368,372541,2719600
1363,471,457,617620,9382,372998,3446700
1364,460,492,617160,9350,373490,2865600
1365,458,487,616702,9321,373977,2711400
1366,494,500,616208,9315,374477,2747500
1367,466,495,615742,9286,374972,2689300
1368,452,478,615290,9260,375450,2663200
1369,449,479,614841,9230,375929,2752000
1370,464,433,614377,9261,376362,2829700
1371,447,457,613930,9251,376819,2870000
1372,468,485,613462,9234,377304,2815800
1373,486,502,612976,9218,377806,2823400
1374,479,446,612497,9251,378252,2889300
1375,410,466,612087,9195,378718,2971300
1376,443,419,611644,9219,379137,2902200
1377,452,435,611192,9236,379572,2784700
1378,459,473,610733,9222,380045,2774700
1379,460,458,610273,9224,380503,2724700
1380,458,439,609815,9243,380942,2839600
1381,422,458,609393,9207,381400,2795700
1382,470,456,608923,9221,381856,2794300
1383,432,463,608491,9190,382319,2720900
1384,466,443,608025,9213,382762,2783100
1385,451,481,607574,9183,383243,3027000
1386,464,440,607110,9207,383683,3070300
1387,474,422,606636,9259,384105,3074700
1388,479,438,606157,9300,384543,2958900
1389,432,465,605725,9267,385008,2865600
1390,489,463,605236,9293,385471,2840700
1391,509,438,604727,9364,385909,2844700
1392,477,458,604250,9383,386367,2802200
1393,446,458,603804,9371,386825,2781700
1394,470,454,603334,9387,387279,2885600
1395,467,466,602867,9388,387745,2918000
1396,456,500,602411,9344,388245,3385500
1397,436,431,601975,9349,388676,2992700
1398,491,466,601484,9374,389142,2949500
1399,471,487,601013,9358,389629,3123000
1400,469,444,600544,9383,390073,3005400
1401,461,454,600083,9390,390527,3494000
1402,445,470,599638,9365,390997,2988100
1403,452,444,599186,9373,391441,2908500
1404,461,498,598725,9336,391939,2873900
1405,441,446,598284,9331,392385,2881600
1406,445,476,597839,9300,392861,2962100
1407,446,470,597393,9276,393331,3067000
1408,482,461,596911,9297,393792,3050300
1409,468,447,596443,9318,394239,3035800
1410,478,495,595965,9301,394734,3064900
1411,463,521,595502,9243,395255,3121500
1412,465,464,595037,9244,395719,3076900
1413,452,467,594585,9229,396186,3078300
1414,448,445,594137,9232,396631,3040300
1415,437,458,593700,9211,397089,3099600
1416,473,469,593227,9215,397558,3965000
1417,442,488,592785,9169,398046,3149300
1418,471,445,592314,9195,398491,3063700
1419,461,440,591853,9216,398931,3062100
1420,463,483,591390,9196,399414,3035100
1421,478,434,590912,9240,399848,3220100
1422,433,430,590479,9243,400278,3031300
1423,461,458,590018,9246,400736,3036300
1424,457,457,589561,9246,401193,3041000
1425,449,434,589112,9261,401627,3030800
1426,478,453,588634,9286,402080,3257000
1427,468,478,588166,9276,402558,3108500
1428,456,484,587710,9248,403042,3055000
1429,449,459,587261,9238,403501,3024000
1430,463,451,586798,9250,403952,3036500
1431,455,468,586343,9237,404420,3171400
1432,449,463,585894,9223,404883,3477800
1433,485,485,585409,9223,405368,3418000
1434,480,449,584929,9254,405817,3565000
1435,451,405,584478,9300,406222,3385300
1436,452,453,584026,9299,406675,3192400
1437,457,454,583569,9302,407129,3114500
1438,407,424,583162,9285,407553,3106400
1439,438,451,582724,9272,408004,3041800
1440,456,451,582268,9277,408455,3036500
1441,472,474,581796,9275,408929,3190900
1442,481,455,581315,9301,409384,3182200
1443,469,460,580846,9310,409844,3139800
1444,438,478,580408,9270,410322,3089600
1445,457,430,579951,9297,410752,3190800
1446,445,471,579506,9271,411223,3198600
1447,453,451,579053,9273,411674,3052000
1448,453,479,578600,9247,412153,3013600
1449,444,429,578156,9262,412582,2992900
1450,441,428,577715,9275,413010,3035300
1451,428,471,577287,9232,413481,3155300
1452,459,435,576828,9256,413916,3019000
1453,451,462,576377,9245,414378,3024200
1454,446,462,575931,9229,414840,3003500
1455,402,437,575529,9194,415277,3026200
1456,448,447,575081,9195,415724,3488100
1457,436,462,574645,9169,416186,3660600
1458,446,474,574199,9141,416660,3145100
1459,427,458,573772,9110,417118,3063500
1460,442,452,573330,9100,417570,3763600
1461,415,500,572915,9015,418070,3120500
1462,443,451,572472,9007,418521,2891200
1463,415,494,572057,8928,419015,2853800
1464,451,471,571606,8908,419486,2853000
1465,421,464,571185,8865,419950,3239800
1466,452,455,570733,8862,420405,2961900
1467,435,457,570298,8840,420862,2903700
1468,441,483,569857,8798,421345,2854900
1469,456,380,569401,8874,421725,2812700
1470,485,461,568916,8898,422186,2874400
1471,418,482,568498,8834,422668,3149100
1472,445,442,568053,8837,423110,2867600
1473,412,458,567641,8791,423568,2876100
1474,426,422,567215,8795,423990,2893200
1475,485,484,566730,8796,424474,2898900
1476,445,452,566285,8789,424926,2967300
1477,421,438,565864,8772,425364,2939800
1478,447,427,565417,8792,425791,2952000
1479,411,448,565006,8755,426239,2953900
1480,458,458,564548,8755,426697,3012100
1481,458,418,564090,8795,427115,3069400
1482,418,383,563672,8830,427498,2992000
1483,439,472,563233,8797,427970,2956900
1484,432,469,562801,8760,428439,2921600
1485,462,417,562339,8805,428856,2953100
1486,436,419,561903,8822,429275,3002700
1487,444,427,561459,8839,429702,3398500
1488,401,407,561058,8833,430109,3556700
1489,442,442,560616,8833,430551,3570100
1490,460,449,560156,8844,431000,3349700
1491,473,447,559683,8870,431447,3571500
1492,450,449,559233,8871,431896,3578200
1493,441,443,558792,8869,432339,3963800
1494,437,437,558355,8869,432776,3702400
1495,453,446,557902,8876,433222,3403800
1496,436,440,557466,8872,433662,3459500
1497,442,419,557024,8895,434081,3375000
1498,455,452,556569,8898,434533,3390200
1499,454,421,556115,8931,434954,3405700
1500,471,444,555644,8958,435398,3276900
1501,428,499,555216,8887,435897,3094400
1502,479,423,554737,8943,436320,3131100
1503,454,481,554283,8916,436801,3059900
1504,466,458,553817,8924,437259,3347100
1505,442,439,553375,8927,437698,3320700
1506,449,469,552926,8907,438167,3110200
1507,461,450,552465,8918,438617,3109900
1508,428,452,552037,8894,439069,3323600
1509,451,437,551586,8908,439506,3340500
1510,476,472,551110,8912,439978,3189300
1511,430,444,550680,8898,440422,3142000
1512,439,451,550241,8886,440873,3134600
1513,434,436,549807,8884,441309,3092800
1514,458,390,549349,8952,441699,3226100
1515,420,396,548929,8976,442095,3095000
1516,460,437,548469,8999,442532,3108100
1517,426,427,548043,8998,442959,3127200
1518,439,431,547604,9006,443390,3209500
1519,447,467,547157,8986,443857,3191800
1520,447,452,546710,8981,444309,3106800
1521,446,457,546264,8970,444766,3260700
1522,442,431,545822,8981,445197,3228300
1523,425,435,545397,8971,445632,3258300
1524,415,449,544982,8937,446081,3211200
1525,398,467,544584,8868,446548,3219000
1526,422,431,544162,8859,446979,3657500
1527,449,419,543713,8889,447398,4209800
1528,445,450,543268,8884,447848,4114200
1529,482,417,542786,8949,448265,3486300
1530,467,441,542319,8975,448706,3192500
1531,439,459,541880,8955,449165,3480300
1532,472,383,541408,9044,449548,3617200
1533,458,455,540950,9047,450003,4383700
1534,447,436,540503,9058,450439,4564100
1535,474,481,540029,9051,450920,3432400
1536,414,432,539615,9033,451352,3438300
1537,460,410,539155,9083,451762,3318000
1538,449,433,538706,9099,452195,3442700
1539,440,452,538266,9087,452647,3484500
1540,440,416,537826,9111,453063,3437700
1541,485,446,537341,9150,453509,3283800
1542,492,461,536849,9181,453970,3380500
1543,452,465,536397,9168,454435,3205800
1544,445,457,535952,9156,454892,3185400
1545,463,453,535489,9166,455345,3147700
1546,469,422,535020,9213,455767,3487400
1547,446,477,534574,9182,456244,3671100
1548,492,494,534082,9180,456738,3605100
1549,474,435,533608,9219,457173,3588300
1550,453,493,533155,9179,457666,3640000
1551,457,493,532698,9143,458159,3679000
1552,467,461,532231,9149,458620,3826800
1553,461,428,531770,9182,459048,3469400
1554,413,450,531357,9145,459498,3445600
1555,442,442,530915,9145,459940,3888800
1556,438,458,530477,9125,460398,3960400
1557,459,413,530018,9171,460811,3464800
1558,443,470,529575,9144,461281,3234200
1559,462,459,529113,9147,461740,3210500
1560,424,440,528689,9131,462180,3209900
1561,463,427,528226,9167,462607,3270000
1562,441,464,527785,9144,463071,3201600
1563,443,412,527342,9175,463483,3169100
1564,466,480,526876,9161,463963,3280400
1565,442,447,526434,9156,464410,3255700
1566,429,454,526005,9131,464864,3193700
1567,446,445,525559,9132,465309,3509100
1568,437,437,525122,9132,465746,3247500
1569,451,449,524671,9134,466195,3263500
1570,464,451,524207,9147,466646,3162500
1571,466,497,523741,9116,467143,3154900
1572,446,451,523295,9111,467594,3262300
1573,449,447,522846,9113,468041,3256900
1574,470,482,522376,9101,468523,3290500
1575,444,493,521932,9052,469016,3234900
1576,438,459,521494,9031,469475,3287500
1577,423,459,521071,8995,469934,3486600
1578,451,430,520620,9016,470364,3324800
1579,442,491,520178,8967,470855,3344200
1580,419,462,519759,8924,471317,3273900
1581,434,421,519325,8937,471738,3342500
1582,403,420,518922,8920,472158,3103000
1583,434,448,518488,8906,472606,3130800
1584,421,475,518067,8852,473081,3107000
1585,432,439,517635,8845,473520,3168000
1586,415,405,517220,8855,473925,3066700
1587,398,428,516822,8825,474353,3132300
1588,447,484,516375,8788,474837,3250300
1589,401,425,515974,8764,475262,3153000
1590,424,406,515550,8782,475668,3132000
1591,418,389,515132,8811,476057,3130600
1592,426,438,514706,8799,476495,3118400
1593,405,404,514301,8800,476899,3805000
1594,431,456,513870,8775,477355,3171100
1595,433,428,513437,8780,477783,3071600
1596,411,437,513026,8754,478220,3027900
1597,401,434,512625,8721,478654,3111400
1598,437,442,512188,8716,479096,3274600
1599,419,442,511769,8693,479538,3216400
1600,451,429,511318,8715,479967,3170800
1601,433,441,510885,8707,480408,3241700
1602,469,430,510416,8746,480838,3094900
1603,375,458,510041,8663,481296,3086300
1604,415,445,509626,8633,481741,3033400
1605,418,447,509208,8604,482188,3032900
1606,417,430,508791,8591,482618,3017800
1607,445,409,508346,8627,483027,3037300
1608,424,468,507922,8583,483495,3118900
1609,443,402,507479,8624,483897,3077200
1610,449,407,507030,8666,484304,3094800
1611,448,451,506582,8663,484755,3255400
1612,439,435,506143,8667,485190,3120400
1613,442,413,505701,8696,485603,3132800
1614,447,438,505254,8705,486041,3260200
1615,427,435,504827,8697,486476,3446400
1616,424,451,504403,8670,486927,4005500
1617,438,423,503965,8685,487350,4900800
1618,437,487,503528,8635,487837,3347600
1619,400,404,503128,8631,488241,3530500
1620,439,383,502689,8687,488624,4387500
1621,424,441,502265,8670,489065,3604000
1622,431,438,501834,8663,489503,3368200
1623,458,417,501376,8704,489920,3509900
1624,438,457,500938,8685,490377,4198600
1625,441,445,500497,8681,490822,4250000
1626,428,431,500069,8678,491253,4045500
1627,406,440,499663,8644,491693,9468200
1628,405,411,499258,8638,492104,4793300
1629,422,435,498836,8625,492539,3502800
1630,412,417,498424,8620,492956,4683000
1631,427,452,497997,8595,493408,4698200
1632,453,447,497544,8601,493855,4268700
1633,450,437,497094,8614,494292,4311300
1634,424,428,496670,8610,494720,4209900
1635,431,404,496239,8637,495124,4228100
1636,469,421,495770,8685,495545,4605200
1637,466,457,495304,8694,496002,3483600
1638,414,450,494890,8658,496452,3336600
1639,425,437,494465,8646,496889,3532900
1640,442,434,494023,8654,497323,4351600
1641,434,446,493589,8642,497769,3443700
1642,394,425,493195,8611,498194,3701000
1643,449,404,492746,8656,498598,4871800
1644,441,478,492305,8619,499076,5177300
1645,433,417,491872,8635,499493,3442700
1646,447,405,491425,8677,499898,3632600
1647,460,427,490965,8710,500325,5122500
1648,439,416,490526,8733,500741,3502400
1649,434,409,490092,8758,501150,3248900
1650,456,460,489636,8754,501610,3216400
1651,455,442,489181,8767,502052,3507600
1652,419,452,488762,8734,502504,3256700
1653,463,458,488299,8739,502962,3176400
1654,482,446,487817,8775,503408,3209900
1655,440,423,487377,8792,503831,3131900
1656,456,433,486921,8815,504264,3119200
1657,463,447,486458,8831,504711,3036000
1658,471,460,485987,8842,505171,3056000
1659,443,448,485544,8837,505619,3003700
1660,443,454,485101,8826,506073,3007800
1661,432,426,484669,8832,506499,3040200
1662,419,419,484250,8832,506918,3002100
1663,432,466,483818,8798,507384,2959500
1664,435,426,483383,8807,507810,3011000
1665,423,410,482960,8820,508220,3000900
1666,465,446,482495,8839,508666,3061400
1667,455,477,482040,8817,509143,3052400
1668,448,398,481592,8867,509541,3050800
1669,451,421,481141,8897,509962,3043000
1670,472,468,480669,8901,510430,3057200
1671,447,434,480222,8914,510864,3178100
1672,429,453,479793,8890,511317,3184600
1673,425,450,479368,8865,511767,3204100
1674,420,483,478948,8802,512250,3141100
1675,417,478,478531,8741,512728,3087100
1676,443,431,478088,8753,513159,3076900
1677,409,416,477679,8746,513575,3103500
1678,427,412,477252,8761,513987,3130300
1679,455,455,476797,8761,514442,3071300
1680,412,435,476385,8738,514877,3024600
1681,455,429,475930,8764,515306,3085900
1682,458,435,475472,8787,515741,3049000
1683,436,449,475036,8774,516190,3017400
1684,401,418,474635,8757,516608,3015200
1685,448,476,474187,8729,517084,3034400
1686,421,425,473766,8725,517509,3041400
1687,461,436,473305,8750,517945,3134500
1688,407,453,472898,8704,518398,3120900
1689,430,447,472468,8687,518845,3047000
1690,416,437,472052,8666,519282,2993200
1691,426,443,471626,8649,519725,3061000
1692,413,395,471213,8667,520120,3065500
1693,447,405,470766,8709,520525,3007400
1694,412,443,470354,8678,520968,3438000
1695,397,426,469957,8649,521394,3150200
1696,471,433,469486,8687,521827,3179000
1697,441,411,469045,8717,522238,3117300
1698,449,441,468596,8725,522679,3120300
1699,418,418,468178,8725,523097,3079900
1700,429,450,467749,8704,523547,3047500
1701,442,447,467307,8699,523994,3078800
1702,429,404,466878,8724,524398,3131800
1703,439,466,466439,8697,524864,3210900
1704,442,437,465997,8702,525301,3214800
1705,441,429,465556,8714,525730,3033800
1706,465,412,465091,8767,526142,3160000
1707,461,450,464630,8778,526592,3138100
1708,427,413,464203,8792,527005,3037900
1709,421,443,463782,8770,527448,2999500
1710,479,428,463303,8821,527876,3331000
1711,405,434,462898,8792,528310,3313300
1712,487,472,462411,8807,528782,3012700
1713,404,455,462007,8756,529237,2974300
1714,484,462,461523,8778,529699,2983600
1715,465,424,461058,8819,530123,3036400
1716,474,417,460584,8876,530540,3076600
1717,439,467,460145,8848,531007,3004900
1718,446,458,459699,8836,531465,2978800
1719,454,434,459245,8856,531899,3090000
1720,466,459,458779,8863,532358,3025800
1721,450,430,458329,8883,532788,2945500
1722,461,460,457868,8884,533248,2936800
1723,438,424,457430,8898,533672,3042300
1724,438,452,456992,8884,534124,2973000
1725,445,471,456547,8858,534595,2932400
1726,438,475,456109,8821,535070,2936600
1727,443,427,455666,8837,535497,2943800
1728,467,412,455199,8892,535909,2915000
1729,481,463,454718,8910,536372,2890300
1730,389,459,454329,8840,536831,2913000
1731,429,491,453900,8778,537322,2883300
1732,420,449,453480,8749,537771,3254600
1733,425,423,453055,8751,538194,2989700
1734,396,435,452659,8712,538629,2917700
1735,425,460,452234,8677,539089,2948700
1736,445,442,451789,8680,539531,2901500
1737,431,439,451358,8672,539970,3416500
1738,400,414,450958,8658,540384,3250100
1739,418,414,450540,8662,540798,4179900
1740,428,455,450112,8635,541253,4063900
1741,393,439,449719,8589,541692,3595300
1742,415,423,449304,8581,542115,3187300
1743,446,433,448858,8594,542548,3254700
1744,406,464,448452,8536,543012,3202800
1745,430,416,448022,8550,543428,3756800
1746,420,400,447602,8570,543828,4005300
1747,427,442,447175,8555,544270,3263500
1748,430,418,446745,8567,544688,3342900
1749,430,414,446315,8583,545102,3250700
1750,436,448,445879,8571,545550,3160300
1751,417,416,445462,8572,545966,3155000
1752,402,453,445060,8521,546419,3214500
1753,406,398,444654,8529,546817,2990800
1754,450,413,444204,8566,547230,2956900
1755,446,423,443758,8589,547653,2945600
1756,440,455,443318,8574,548108,2985000
1757,386,424,442932,8536,548532,3084000
1758,452,428,442480,8560,548960,3168600
1759,451,445,442029,8566,549405,3055600
1760,450,432,441579,8584,549837,3007200
1761,457,421,441122,8620,550258,3157400
1762,438,441,440684,8617,550699,3146900
1763,438,390,440246,8665,551089,3256200
1764,448,400,439798,8713,551489,3206500
1765,443,468,439355,8688,551957,3404300
1766,448,399,438907,8737,552356,3529600
1767,406,454,438501,8689,552810,3308900
1768,418,452,438083,8655,553262,3317600
1769,432,437,437651,8650,553699,3643000
1770,418,420,437233,8648,554119,3421500
1771,452,409,436781,8691,554528,3127300
1772,427,431,436354,8687,554959,3090200
1773,454,441,435900,8700,555400,3149500
1774,460,406,435440,8754,555806,3215300
1775,402,437,435038,8719,556243,3396500
1776,451,418,434587,8752,556661,3178500
1777,444,460,434143,8736,557121,3189800
1778,466,444,433677,8758,557565,3211500
1779,450,416,433227,8792,557981,3302500
1780,457,425,432770,8824,558406,3616000
1781,460,443,432310,8841,558849,3424400
1782,437,477,431873,8801,559326,3319900
1783,438,388,431435,8851,559714,3201800
1784,454,478,430981,8827,560192,3234100
1785,437,448,430544,8816,560640,3222500
1786,446,459,430098,8803,561099,3159100
1787,435,449,429663,8789,561548,3124500
1788,468,439,429195,8818,561987,3148500
1789,462,457,428733,8823,562444,3212200
1790,432,434,428301,8821,562878,3184600
1791,467,461,427834,8827,563339,3518700
1792,483,473,427351,8837,563812,3486800
1793,418,471,426933,8784,564283,3336500
1794,448,460,426485,8772,564743,3288600
1795,432,450,426053,8754,565193,3212300
1796,440,435,425613,8759,565628,3213100
1797,468,451,425145,8776,566079,3211900
1798,395,483,424750,8688,566562,3547700
1799,433,443,424317,8678,567005,3404300
1800,458,416,423859,8720,567421,3231500
1801,486,424,423373,8782,567845,3119100
1802,474,441,422899,8815,568286,3083500
1803,442,448,422457,8809,568734,3677400
1804,436,435,422021,8810,569169,3225900
1805,458,457,421563,8811,569626,3193100
1806,449,453,421114,8807,570079,3205100
1807,431,416,420683,8822,570495,3216300
1808,469,427,420214,8864,570922,3524000
1809,464,444,419750,8884,571366,3595100
1810,474,426,419276,8932,571792,2991500
1811,445,449,418831,8928,572241,2960800
1812,461,454,418370,8935,572695,3182400
1813,506,493,417864,8948,573188,3018600
1814,478,459,417386,8967,573647,3015900
1815,448,429,416938,8986,574076,2957400
1816,478,453,416460,9011,574529,2936300
1817,427,436,416033,9002,574965,2964900
1818,450,465,415583,8987,575430,2989700
1819,468,470,415115,8985,575900,3064000
1820,444,459,414671,8970,576359,3329900
1821,451,455,414220,8966,576814,2956900
1822,463,432,413757,8997,577246,2945700
1823,455,447,413302,9005,577693,3201000
1824,453,470,412849,8988,578163,2903700
1825,481,439,412368,9030,578602,2887300
1826,422,468,411946,8984,579070,2892000
1827,427,427,411519,8984,579497,2868500
1828,453,428,411066,9009,579925,2961200
1829,484,469,410582,9024,580394,2989500
1830,494,447,410088,9071,580841,2996100
1831,456,406,409632,9121,581247,2964600
1832,483,461,409149,9143,581708,2933500
1833,447,451,408702,9139,582159,2944400
1834,466,483,408236,9122,582642,2892800
1835,469,480,407767,9111,583122,2906600
1836,474,472,407293,9113,583594,2948100
1837,467,446,406826,9134,584040,2916900
1838,441,469,406385,9106,584509,2964000
1839,435,451,405950,9090,584960,2967600
1840,431,457,405519,9064,585417,2942700
1841,428,465,405091,9027,585882,2991500
1842,415,449,404676,8993,586331,3039900
1843,431,424,404245,9000,586755,3031800
1844,431,505,403814,8926,587260,3025700
1845,447,444,403367,8929,587704,3004600
1846,419,463,402948,8885,588167,2965600
1847,471,468,402477,8888,588635,2943800
1848,496,444,401981,8940,589079,2949800
1849,473,485,401508,8928,589564,3124900
1850,458,450,401050,8936,590014,3185600
1851,462,460,400588,8938,590474,3109200
1852,477,443,400111,8972,590917,3085100
1853,414,482,399697,8904,591399,3088400
1854,438,455,399259,8887,591854,3440900
1855,419,455,398840,8851,592309,3188700
1856,429,406,398411,8874,592715,3225600
1857,431,411,397980,8894,593126,3370400
1858,441,435,397539,8900,593561,3260900
1859,438,416,397101,8922,593977,3177700
1860,452,455,396649,8919,594432,2983400
1861,441,443,396208,8917,594875,2972700
1862,471,460,395737,8928,595335,2960900
1863,422,436,395315,8914,595771,3216400
1864,461,412,394854,8963,596183,3144400
1865,444,450,394410,8957,596633,3109000
1866,442,449,393968,8950,597082,3053300
1867,430,417,393538,8963,597499,3052100
1868,464,422,393074,9005,597921,3424700
1869,446,452,392628,8999,598373,3081700
1870,431,430,392197,9000,598803,3038200
1871,458,450,391739,9008,599253,2948300
1872,453,446,391286,9015,599699,2922800
1873,442,459,390844,8998,600158,2887800
1874,455,438,390389,9015,600596,2882500
1875,445,473,389944,8987,601069,2859600
1876,422,462,389522,8947,601531,2856200
1877,470,434,389052,8983,601965,2846800
1878,448,434,388604,8997,602399,2824300
1879,471,472,388133,8996,602871,2953200
1880,434,496,387699,8934,603367,2899900
1881,464,428,387235,8970,603795,2878300
1882,460,453,386775,8977,604248,2920400
1883,441,400,386334,9018,604648,2873200
1884,463,438,385871,9043,605086,3245700
1885,440,456,385431,9027,605542,3084600
1886,450,464,384981,9013,606006,3032400
1887,470,463,384511,9020,606469,2986300
1888,452,440,384059,9032,606909,2992300
1889,442,436,383617,9038,607345,2988200
1890,462,484,383155,9016,607829,2959500
1891,469,452,382686,9033,608281,2928100
1892,421,397,382265,9057,608678,2958100
1893,490,458,381775,9089,609136,2963000
1894,439,449,381336,9079,609585,3017000
1895,440,445,380896,9074,610030,3117800
1896,423,442,380473,9055,610472,3148600
1897,432,457,380041,9030,610929,3061700
1898,443,448,379598,9025,611377,3054000
1899,436,470,379162,8991,611847,3000600
1900,453,444,378709,9000,612291,2961500
1901,411,431,378298,8980,612722,3731600
1902,408,456,377890,8932,613178,4416400
1903,445,481,377445,8896,613659,3395300
1904,437,466,377008,8867,614125,3287000
1905,456,452,376552,8871,614577,3216500
1906,445,480,376107,8836,615057,3507200
1907,440,435,375667,8841,615492,3386000
1908,393,451,375274,8783,615943,3858300
1909,467,469,374807,8781,616412,4238000
1910,456,445,374351,8792,616857,3232900
1911,437,456,373914,8773,617313,3311500
1912,405,446,373509,8732,617759,3226800
1913,449,430,373060,8751,618189,3149300
1914,441,484,372619,8708,618673,3037000
1915,428,433,372191,8703,619106,3212300
1916,428,402,371763,8729,619508,2968100
1917,439,434,371324,8734,619942,2878400
1918,417,457,370907,8694,620399,3136800
1919,431,444,370476,8681,620843,2865100
1920,458,457,370018,8682,621300,2748700
1921,459,408,369559,8733,621708,2770700
1922,439,435,369120,8737,622143,2711500
1923,443,494,368677,8686,622637,2710700
1924,419,433,368258,8672,623070,3026800
1925,413,468,367845,8617,623538,2717200
1926,400,445,367445,8572,623983,2730700
1927,437,430,367008,8579,624413,2778000
1928,412,423,366596,8568,624836,2860000
1929,415,420,366181,8563,625256,3007500
1930,416,444,365765,8535,625700,2931600
1931,417,439,365348,8513,626139,2760400
1932,448,388,364900,8573,626527,2710400
1933,422,433,364478,8562,626960,2713100
1934,442,390,364036,8614,627350,2691900
1935,449,417,363587,8646,627767,2766900
1936,453,451,363134,8648,628218,2752200
1937,455,430,362679,8673,628648,2722200
1938,472,433,362207,8712,629081,2697500
1939,431,435,361776,8708,629516,2667500
1940,428,392,361348,8744,629908,2675600
1941,451,457,360897,8738,630365,3296000
1942,446,432,360451,8752,630797,2925500
1943,409,434,360042,8727,631231,2950800
1944,451,418,359591,8760,631649,4389400
1945,429,421,359162,8768,632070,3201700
1946,457,436,358705,8789,632506,3092900
1947,442,455,358263,8776,632961,3088900
1948,456,442,357807,8790,633403,3136900
1949,440,453,357367,8777,633856,3061300
1950,431,464,356936,8744,634320,3426300
1951,430,434,356506,8740,634754,3709200
1952,447,425,356059,8762,635179,3659900
1953,464,437,355595,8789,635616,3829400
1954,463,419,355132,8833,636035,3848400
1955,479,419,354653,8893,636454,3943400
1956,453,438,354200,8908,636892,3424600
1957,480,428,353720,8960,637320,3348400
1958,445,425,353275,8980,637745,3172400
1959,492,397,352783,9075,638142,3653700
1960,454,459,352329,9070,638601,3082900
1961,479,459,351850,9090,639060,3063700
1962,468,472,351382,9086,639532,2975400
1963,449,440,350933,9095,639972,2933100
1964,486,502,350447,9079,640474,3408400
1965,485,451,349962,9113,640925,2983400
1966,485,468,349477,9130,641393,2895600
1967,492,468,348985,9154,641861,2835700
1968,405,433,348580,9126,642294,2823700
1969,460,454,348120,9132,642748,3109700
1970,467,488,347653,9111,643236,2823400
1971,482,465,347171,9128,643701,2935500
1972,431,459,346740,9100,644160,2872500
1973,450,411,346290,9139,644571,2788300
1974,449,455,345841,9133,645026,2930300
1975,481,463,345360,9151,645489,2945400
1976,441,503,344919,9089,645992,2777200
1977,444,461,344475,9072,646453,2738300
1978,470,434,344005,9108,646887,2743900
1979,455,472,343550,9091,647359,2709800
1980,440,482,343110,9049,647841,2795700
1981,418,440,342692,9027,648281,2737500
1982,421,447,342271,9001,648728,2714400
1983,457,436,341814,9022,649164,2706000
1984,423,427,341391,9018,649591,2683000
1985,453,437,340938,9034,650028,2725800
1986,446,464,340492,9016,650492,2822100
1987,440,458,340052,8998,650950,2742200
1988,457,460,339595,8995,651410,2682800
1989,426,431,339169,8990,651841,2715400
1990,464,460,338705,8994,652301,2681200
1991,409,454,338296,8949,652755,2743000
1992,419,446,337877,8922,653201,2734100
1993,444,467,337433,8899,653668,2940400
1994,410,440,337023,8869,654108,2878900
1995,419,416,336604,8872,654524,2862900
1996,396,412,336208,8856,654936,2853100
1997,398,417,335810,8837,655353,3086300
1998,432,461,335378,8808,655814,2846300
1999,455,442,334923,8821,656256,2803700
2000,402,468,334521,8755,656724,2775200
2001,425,430,334096,8750,657154,2732400
2002,432,394,333664,8788,657548,3101100
2003,443,406,333221,8825,657954,2902600
2004,423,428,332798,8820,658382,2789400
2005,428,455,332370,8793,658837,2734300
2006,430,445,331940,8778,659282,2722700
2007,414,431,331526,8761,659713,2760600
2008,446,429,331080,8778,660142,2816400
2009,436,422,330644,8792,660564,2770000
2010,447,425,330197,8814,660989,2797900
2011,421,440,329776,8795,661429,2703600
2012,404,462,329372,8737,661891,2728500
2013,456,464,328916,8729,662355,3667200
2014,432,472,328484,8689,662827,3891400
2015,460,441,328024,8708,663268,3744800
2016,417,404,327607,8721,663672,3058800
2017,401,433,327206,8689,664105,3121000
2018,433,452,326773,8670,664557,3071800
2019,417,423,326356,8664,664980,3012600
2020,390,442,325966,8612,665422,2953100
2021,412,482,325554,8542,665904,3166600
2022,397,426,325157,8513,666330,3068200
2023,386,406,324771,8493,666736,2949200
2024,389,463,324382,8419,667199,2942600
2025,459,403,323923,8475,667602,2936000
2026,415,400,323508,8490,668002,2921000
2027,407,403,323101,8494,668405,3001100
2028,394,452,322707,8436,668857,3494600
2029,408,442,322299,8402,669299,2999100
2030,420,406,321879,8416,669705,2935000
2031,422,395,321457,8443,670100,2937100
2032,390,449,321067,8384,670549,2914800
2033,453,390,320614,8447,670939,2904800
2034,404,440,320210,8411,671379,2878100
2035,433,381,319777,8463,671760,2866400
2036,404,409,319373,8458,672169,2861400
2037,391,423,318982,8426,672592,2914600
2038,393,422,318589,8397,673014,3089800
2039,403,438,318186,8362,673452,3116100
2040,400,411,317786,8351,673863,3082000
2041,419,440,317367,8330,674303,3328700
2042,396,419,316971,8307,674722,3021800
2043,400,432,316571,8275,675154,3040300
2044,372,402,316199,8245,675556,2958100
2045,426,387,315773,8284,675943,2904100
2046,386,392,315387,8278,676335,2886200
2047,379,431,315008,8226,676766,2862600
2048,372,376,314636,8222,677142,3368900
2049,407,439,314229,8190,677581,2913200
2050,428,390,313801,8228,677971,2875500
2051,405,436,313396,8197,678407,2820300
2052,407,451,312989,8153,678858,2821700
2053,374,429,312615,8098,679287,2832300
2054,433,403,312182,8128,679690,2819500
2055,402,405,311780,8125,680095,2813200
2056,430,407,311350,8148,680502,2780700
2057,380,387,310970,8141,680889,2792200
2058,390,360,310580,8171,681249,2758600
2059,378,411,310202,8138,681660,3014100
2060,418,422,309784,8134,682082,3080800
2061,444,420,309340,8158,682502,3305400
2062,391,414,308949,8135,682916,3148700
2063,412,429,308537,8118,683345,3115300
2064,395,402,308142,8111,683747,3411600
2065,351,382,307791,8080,684129,3324300
2066,398,370,307393,8108,684499,3500000
2067,392,406,307001,8094,684905,3462600
2068,410,418,306591,8086,685323,3301700
2069,364,412,306227,8038,685735,3794500
2070,401,369,305826,8070,686104,3665900
2071,374,385,305452,8059,686489,3545300
2072,382,379,305070,8062,686868,3497500
2073,384,419,304686,8027,687287,3879400
2074,394,386,304292,8035,687673,3338400
2075,414,439,303878,8010,688112,3199800
2076,402,418,303476,7994,688530,3732300
2077,385,397,303091,7982,688927,3743900
2078,404,451,302687,7935,689378,3513400
2079,394,389,302293,7940,689767,3318500
2080,384,423,301909,7901,690190,3787700
2081,416,396,301493,7921,690586,3308400
2082,381,395,301112,7907,690981,3118000
2083,344,373,300768,7878,691354,3122300
2084,382,385,300386,7875,691739,3108500
2085,388,358,299998,7905,692097,3181200
2086,382,399,299616,7888,692496,3832800
2087,415,391,299201,7912,692887,3153900
2088,365,398,298836,7879,693285,3189600
2089,363,395,298473,7847,693680,3169500
2090,367,417,298106,7797,694097,3161700
2091,357,394,297749,7760,694491,3447900
2092,384,347,297365,7797,694838,3173900
2093,389,391,296976,7795,695229,3137700
2094,396,380,296580,7811,695609,3106600
2095,378,410,296202,7779,696019,3093500
2096,410,384,295792,7805,696403,3159200
2097,414,381,295378,7838,696784,3194500
2098,387,441,294991,7784,697225,3378100
2099,392,384,294599,7792,697609,3549600
2100,392,339,294207,7845,697948,3608100
2101,402,385,293805,7862,698333,3248100
2102,371,389,293434,7844,698722,3223000
2103,396,415,293038,7825,699137,3433100
2104,365,396,292673,7794,699533,3181500
2105,340,407,292333,7727,699940,3243600
2106,351,413,291982,7665,700353,3144300
2107,352,403,291630,7614,700756,3089200
2108,362,364,291268,7612,701120,3108000
2109,340,396,290928,7556,701516,3089900
2110,337,415,290591,7478,701931,3077700
2111,360,340,290231,7498,702271,2995700
2112,367,383,289864,7482,702654,2940000
2113,374,393,289490,7463,703047,2917300
2114,363,407,289127,7419,703454,2939300
2115,374,334,288753,7459,703788,3275200
2116,367,399,288386,7427,704187,3409500
2117,364,374,288022,7417,704561,3360900
2118,374,386,287648,7405,704947,3747100
2119,372,374,287276,7403,705321,3115200
2120,352,338,286924,7417,705659,3106400
2121,378,346,286546,7449,706005,3054400
2122,339,358,286207,7430,706363,3096800
2123,375,361,285832,7444,706724,3079400
2124,345,375,285487,7414,707099,3013100
2125,349,352,285138,7411,707451,3279600
2126,371,373,284767,7409,707824,3022500
2127,317,343,284450,7383,708167,2997100
2128,365,398,284085,7350,708565,2980000
2129,386,378,283699,7358,708943,3045100
2130,358,395,283341,7321,709338,3225100
2131,366,385,282975,7302,709723,3623900
2132,397,395,282578,7304,710118,3200300
2133,372,372,282206,7304,710490,3078100
2134,371,364,281835,7311,710854,3191100
2135,377,342,281458,7346,711196,3423500
2136,357,390,281101,7313,711586,4801800
2137,354,361,280747,7306,711947,3548400
2138,318,342,280429,7282,712289,3233100
2139,369,359,280060,7292,712648,4104700
2140,361,390,279699,7263,713038,4737400
2141,381,371,279318,7273,713409,3775100
2142,370,344,278948,7299,713753,3566200
2143,386,386,278562,7299,714139,3486100
2144,374,407,278188,7266,714546,3807500
2145,355,346,277833,7275,714892,3758200
2146,386,387,277447,7274,715279,3793600
2147,380,376,277067,7278,715655,3132600
2148,369,335,276698,7312,715990,3321300
2149,374,353,276324,7333,716343,3278900
2150,367,373,275957,7327,716716,3123500
2151,371,371,275586,7327,717087,3191800
2152,394,379,275192,7342,717466,3208400
2153,382,374,274810,7350,717840,3390700
2154,344,388,274466,7306,718228,3096300
2155,372,334,274094,7344,718562,3036500
2156,362,366,273732,7340,718928,3147800
2157,372,381,273360,7331,719309,2954700
2158,372,354,272988,7349,719663,2970200
2159,373,352,272615,7370,720015,3059600
2160,364,366,272251,7368,720381,3160900
2161,371,357,271880,7382,720738,3362600
2162,372,396,271508,7358,721134,3158000
2163,370,387,271138,7341,721521,3101500
2164,353,411,270785,7283,721932,3230200
2165,326,351,270459,7258,722283,3641400
2166,343,354,270116,7247,722637,3142300
2167,355,336,269761,7266,722973,3025600
2168,331,354,269430,7243,723327,3415800
2169,350,378,269080,7215,723705,3357300
2170,380,330,268700,7265,724035,4331800
2171,368,341,268332,7292,724376,4498000
2172,360,381,267972,7271,724757,3599700
2173,352,368,267620,7255,725125,3685900
2174,340,338,267280,7257,725463,3855600
2175,354,352,266926,7259,725815,3639600
2176,330,362,266596,7227,726177,4110100
2177,412,374,266184,7265,726551,3776200
2178,345,367,265839,7243,726918,3888400
2179,355,332,265484,7266,727250,3596600
2180,386,361,265098,7291,727611,3494200
2181,337,350,264761,7278,727961,3229200
2182,330,378,264431,7230,728339,3254100
2183,353,382,264078,7201,728721,3181500
2184,357,380,263721,7178,729101,3126500
2185,304,342,263417,7140,729443,3044000
2186,353,349,263064,7144,729792,3009900
2187,342,379,262722,7107,730171,3244600
2188,318,359,262404,7066,730530,3112300
2189,349,367,262055,7048,730897,3277100
2190,335,343,261720,7040,731240,3103700
2191,354,358,261366,7036,731598,3449800
2192,355,354,261011,7037,731952,3476200
2193,340,373,260671,7004,732325,3427900
2194,346,360,260325,6990,732685,3580900
2195,359,332,259966,7017,733017,3749900
2196,345,356,259621,7006,733373,3505900
2197,362,362,259259,7006,733735,3259600
2198,349,343,258910,7012,734078,3306600
2199,367,386,258543,6993,734464,3475300
2200,343,344,258200,6992,734808,3146700
2201,338,355,257862,6975,735163,3522400
2202,390,337,257472,7028,735500,3560000
2203,344,371,257128,7001,735871,3219600
2204,369,336,256759,7034,736207,3096200
2205,346,365,256413,7015,736572,2993800
2206,343,359,256070,6999,736931,3041700
2207,369,363,255701,7005,737294,2892000
2208,380,358,255321,7027,737652,3102700
2209,378,328,254943,7077,737980,2941500
2210,316,351,254627,7042,738331,2813300
2211,388,365,254239,7065,738696,2934500
2212,381,328,253858,7118,739024,2924800
2213,365,344,253493,7139,739368,2911100
2214,362,314,253131,7187,739682,2882700
2215,379,356,252752,7210,740038,2872300
2216,369,362,252383,7217,740400,2841900
2217,357,340,252026,7234,740740,2857600
2218,338,347,251688,7225,741087,2791200
2219,365,374,251323,7216,741461,2726800
2220,332,327,250991,7221,741788,2687400
2221,375,377,250616,7219,742165,2837800
2222,349,366,250267,7202,742531,2902600
2223,323,367,249944,7158,742898,2869800
2224,385,324,249559,7219,743222,2777700
2225,322,369,249237,7172,743591,2747400
2226,335,361,248902,7146,743952,2680700
2227,325,358,248577,7113,744310,2672000
2228,340,366,248237,7087,744676,2686600
2229,323,346,247914,7064,745022,2649700
2230,346,376,247568,7034,745398,2665600
2231,323,333,247245,7024,745731,2622800
2232,337,326,246908,7035,746057,2715600
2233,316,361,246592,6990,746418,2861800
2234,352,355,246240,6987,746773,3188900
2235,330,333,245910,6984,747106,3040900
2236,357,349,245553,6992,747455,2952800
2237,360,387,245193,6965,747842,2991300
2238,340,375,244853,6930,748217,2912600
2239,330,308,244523,6952,748525,2950800
2240,335,358,244188,6929,748883,2950300
2241,328,349,243860,6908,749232,2841000
2242,331,315,243529,6924,749547,2828900
2243,326,344,243203,6906,749891,2771500
2244,332,376,242871,6862,750267,2852100
2245,346,325,242525,6883,750592,3121900
2246,329,355,242196,6857,750947,2907700
2247,329,324,241867,6862,751271,2888300
2248,342,335,241525,6869,751606,2869700
2249,358,355,241167,6872,751961,2835200
2250,345,359,240822,6858,752320,2868200
2251,319,346,240503,6831,752666,2918200
2252,299,332,240204,6798,752998,2910200
2253,318,350,239886,6766,753348,2868200
2254,321,341,239565,6746,753689,2831400
2255,316,355,239249,6707,754044,2880000
2256,347,355,238902,6699,754399,2838000
2257,330,324,238572,6705,754723,2817000
2258,323,344,238249,6684,755067,2865500
2259,345,321,237904,6708,755388,2837700
2260,295,303,237609,6700,755691,2850900
2261,323,324,237286,6699,756015,4210300
2262,290,343,236996,6646,756358,3320400
2263,320,338,236676,6628,756696,3324800
2264,301,311,236375,6618,757007,3178300
2265,299,328,236076,6589,757335,2999900
2266,313,332,235763,6570,757667,3931000
2267,325,320,235438,6575,757987,3985600
2268,310,312,235128,6573,758299,3042000
2269,322,325,234806,6570,758624,3039600
2270,298,325,234508,6543,758949,3148200
2271,324,345,234184,6522,759294,3060500
2272,300,313,233884,6509,759607,3075100
2273,347,335,233537,6521,759942,3064400
2274,323,330,233214,6514,760272,3016000
2275,360,315,232854,6559,760587,3355700
2276,344,316,232510,6587,760903,3155700
2277,333,294,232177,6626,761197,3058800
2278,336,348,231841,6614,761545,3024700
2279,324,351,231517,6587,761896,2958300
2280,322,325,231195,6584,762221,3391100
2281,336,344,230859,6576,762565,2977800
2282,307,326,230552,6557,762891,2915700
2283,339,342,230213,6554,763233,2921100
2284,319,311,229894,6562,763544,3065900
2285,329,316,229565,6575,763860,3463100
2286,318,330,229247,6563,764190,3590600
2287,347,319,228900,6591,764509,3117300
2288,352,306,228548,6637,764815,3185200
2289,339,346,228209,6630,765161,2980700
2290,359,341,227850,6648,765502,3060100
2291,349,357,227501,6640,765859,3017800
2292,308,312,227193,6636,766171,2963100
2293,331,361,226862,6606,766532,2932000
2294,336,346,226526,6596,766878,2921600
2295,360,338,226166,6618,767216,3036000
2296,308,345,225858,6581,767561,2931700
2297,304,319,225554,6566,767880,2899200
2298,333,334,225221,6565,768214,2891800
2299,308,324,224913,6549,768538,2878000
2300,343,312,224570,6580,768850,2910900
2301,320,295,224250,6605,769145,2890800
2302,353,328,223897,6630,769473,2948800
2303,324,315,223573,6639,769788,2892400
2304,318,308,223255,6649,770096,2909300
2305,337,346,222918,6640,770442,2923600
2306,338,339,222580,6639,770781,2953200
2307,340,306,222240,6673,771087,2950900
2308,346,342,221894,6677,771429,3525000
2309,350,328,221544,6699,771757,3379900
2310,325,294,221219,6730,772051,3469300
2311,347,315,220872,6762,772366,3245100
2312,346,312,220526,6796,772678,3094300
2313,355,364,220171,6787,773042,3130400
2314,292,327,219879,6752,773369,3979200
2315,343,337,219536,6758,773706,3853500
2316,335,306,219201,6787,774012,3579900
2317,342,353,218859,6776,774365,3655100
2318,301,324,218558,6753,774689,3166600
2319,333,340,218225,6746,775029,3255500
2320,327,335,217898,6738,775364,2967300
2321,308,361,217590,6685,775725,2938600
2322,313,293,217277,6705,776018,2919500
2323,333,337,216944,6701,776355,2886100
2324,311,346,216633,6666,776701,2902100
2325,368,325,216265,6709,777026,3009900
2326,331,318,215934,6722,777344,2864200
2327,298,354,215636,6666,777698,2871500
2328,360,336,215276,6690,778034,2866100
2329,317,339,214959,6668,778373,3367400
2330,318,359,214641,6627,778732,3233900
2331,318,313,214323,6632,779045,3292700
2332,337,305,213986,6664,779350,3163300
2333,341,330,213645,6675,779680,3058500
2334,344,346,213301,6673,780026,3187100
2335,347,387,212954,6633,780413,3205700
2336,342,320,212612,6655,780733,3153200
2337,327,349,212285,6633,781082,3288500
2338,348,356,211937,6625,781438,3056800
2339,336,329,211601,6632,781767,3317800
2340,333,334,211268,6631,782101,2934600
2341,345,332,210923,6644,782433,3013300
2342,333,326,210590,6651,782759,2932900
2343,324,335,210266,6640,783094,2939300
2344,326,351,209940,6615,783445,3512800
2345,350,326,209590,6639,783771,2930300
2346,330,354,209260,6615,784125,2853800
2347,328,333,208932,6610,784458,2844500
2348,329,361,208603,6578,784819,2805200
2349,299,310,208304,6567,785129,2830000
2350,299,324,208005,6542,785453,2783600
2351,300,313,207705,6529,785766,2835400
2352,298,322,207407,6505,786088,2826500
2353,324,274,207083,6555,786362,2801000
2354,299,331,206784,6523,786693,2775100
2355,332,289,206452,6566,786982,3074400
2356,355,326,206097,6595,787308,3027100
2357,299,351,205798,6543,787659,3013600
2358,303,319,205495,6527,787978,2846200
2359,314,328,205181,6513,788306,2751000
2360,339,329,204842,6523,788635,2924700
2361,340,343,204502,6520,788978,2952500
2362,324,356,204178,6488,789334,2742500
2363,302,350,203876,6440,789684,2721200
2364,302,312,203574,6430,789996,2719000
2365,276,346,203298,6360,790342,2693900
2366,304,289,202994,6375,790631,2745200
2367,304,323,202690,6356,790954,2760500
2368,309,322,202381,6343,791276,2733700
2369,314,302,202067,6355,791578,2709500
2370,304,334,201763,6325,791912,2694100
2371,310,327,201453,6308,792239,2692800
2372,315,288,201138,6335,792527,3276200
2373,326,307,200812,6354,792834,2741000
2374,319,312,200493,6361,793146,2740000
2375,273,341,200220,6293,793487,2806200
2376,315,347,199905,6261,793834,2881700
2377,320,320,199585,6261,794154,2944200
2378,301,336,199284,6226,794490,2936200
2379,309,295,198975,6240,794785,3724100
2380,271,308,198704,6203,795093,3769600
2381,310,248,198394,6265,795341,3089700
2382,321,301,198073,6285,795642,3119100
2383,299,307,197774,6277,795949,3095800
2384,317,321,197457,6273,796270,3080400
2385,301,350,197156,6224,796620,3192200
2386,282,290,196874,6216,796910,3896000
2387,328,335,196546,6209,797245,3554300
2388,306,313,196240,6202,797558,3122900
2389,282,287,195958,6197,797845,3171000
2390,273,315,195685,6155,798160,3122800
2391,318,308,195367,6165,798468,3190200
2392,314,280,195053,6199,798748,3140700
2393,306,346,194747,6159,799094,3215200
2394,342,307,194405,6194,799401,3015800
2395,280,322,194125,6152,799723,2932900
2396,324,272,193801,6204,799995,2961200
2397,297,302,193504,6199,800297,2925700
2398,291,282,193213,6208,800579,2943700
2399,303,335,192910,6176,800914,2957000
2400,309,310,192601,6175,801224,2945200
2401,311,324,192290,6162,801548,2925300
2402,316,297,191974,6181,801845,3207500
2403,297,303,191677,6175,802148,2844200
2404,306,330,191371,6151,802478,2853000
2405,306,295,191065,6162,802773,2788900
2406,313,320,190752,6155,803093,2776900
2407,276,307,190476,6124,803400,3166700
2408,313,278,190163,6159,803678,2823800
2409,294,293,189869,6160,803971,2817500
2410,301,314,189568,6147,804285,2794400
2411,275,309,189293,6113,804594,2800000
2412,283,339,189010,6057,804933,3095900
2413,290,276,188720,6071,805209,2841400
2414,283,294,188437,6060,805503,2774100
2415,278,311,188159,6027,805814,2729300
2416,303,313,187856,6017,806127,2732700
2417,298,296,187558,6019,806423,2775900
2418,298,310,187260,6007,806733,3406800
2419,319,288,186941,6038,807021,2957100
2420,268,300,186673,6006,807321,2908500
2421,289,311,186384,5984,807632,2870000
2422,286,315,186098,5955,807947,2805500
2423,281,281,185817,5955,808228,3064900
2424,259,297,185558,5917,808525,2861700
2425,310,305,185248,5922,808830,2953400
2426,288,325,184960,5885,809155,2821400
2427,314,295,184646,5904,809450,2784500
2428,291,267,184355,5928,809717,2816100
2429,301,311,184054,5918,810028,2746800
2430,287,291,183767,5914,810319,2714600
2431,266,289,183501,5891,810608,2957400
2432,273,292,183228,5872,810900,2727700
2433,270,294,182958,5848,811194,2780200
2434,309,342,182649,5815,811536,2986100
2435,284,285,182365,5814,811821,2710900
2436,293,257,182072,5850,812078,2887600
2437,310,278,181762,5882,812356,2846700
2438,324,260,181438,5946,812616,2808000
2439,291,259,181147,5978,812875,3118400
2440,283,277,180864,5984,813152,2884500
2441,297,285,180567,5996,813437,2897900
2442,324,289,180243,6031,813726,2869400
2443,330,314,179913,6047,814040,2896300
2444,296,288,179617,6055,814328,2913900
2445,343,291,179274,6107,814619,3084500
2446,313,307,178961,6113,814926,2957800
2447,326,315,178635,6124,815241,2922800
2448,291,323,178344,6092,815564,2879900
2449,301,338,178043,6055,815902,2870900
2450,304,336,177739,6023,816238,2886700
2451,303,305,177436,6021,816543,2841600
2452,294,322,177142,5993,816865,2843200
2453,329,295,176813,6027,817160,2864200
2454,296,296,176517,6027,817456,2916800
2455,305,270,176212,6062,817726,2976700
2456,321,297,175891,6086,818023,2966000
2457,308,301,175583,6093,818324,2921200
2458,298,275,175285,6116,818599,2827600
2459,283,308,175002,6091,818907,2858300
2460,295,316,174707,6070,819223,3119900
2461,299,283,174408,6086,819506,3013900
2462,299,326,174109,6059,819832,2813800
2463,315,296,173794,6078,820128,2752100
2464,317,306,173477,6089,820434,2807700
2465,308,292,173169,6105,820726,2789300
2466,306,278,172863,6133,821004,2903400
2467,290,316,172573,6107,821320,2801100
2468,302,328,172271,6081,821648,2776400
2469,284,312,171987,6053,821960,2759400
2470,307,273,171680,6087,822233,2798000
2471,315,306,171365,6096,822539,2863200
2472,333,292,171032,6137,822831,2900200
2473,297,332,170735,6102,823163,2855000
2474,318,311,170417,6109,823474,2841200
2475,298,308,170119,6099,823782,2864000
2476,314,319,169805,6094,824101,2869200
2477,318,326,169487,6086,824427,2966000
2478,286,335,169201,6037,824762,2933000
2479,319,314,168882,6042,825076,2950900
2480,304,276,168578,6070,825352,2920100
2481,291,320,168287,6041,825672,2802500
2482,293,297,167994,6037,825969,3190900
2483,306,279,167688,6064,826248,2703400
2484,305,281,167383,6088,826529,2658700
2485,304,276,167079,6116,826805,2638300
2486,278,320,166801,6074,827125,2603500
2487,268,304,166533,6038,827429,2608400
2488,284,304,166249,6018,827733,3134300
2489,265,313,165984,5970,828046,2805600
2490,292,309,165692,5953,828355,2709600
2491,305,272,165387,5986,828627,2662700
2492,294,286,165093,5994,828913,2642900
2493,304,324,164789,5974,829237,2624900
2494,311,316,164478,5969,829553,3128000
2495,277,272,164201,5974,829825,2656700
2496,271,289,163930,5956,830114,2590800
2497,332,299,163598,5989,830413,2599600
2498,317,290,163281,6016,830703,2597700
2499,309,286,162972,6039,830989,2938100
2500,309,314,162663,6034,831303,2860100
2501,293,306,162370,6021,831609,2763400
2502,299,304,162071,6016,831913,2703600
2503,270,284,161801,6002,832197,2692500
2504,260,318,161541,5944,832515,2729000
2505,255,290,161286,5909,832805,2890300
2506,299,285,160987,5923,833090,2730800
2507,308,320,160679,5911,833410,2595300
2508,267,304,160412,5874,833714,2724500
2509,288,312,160124,5850,834026,2809100
2510,254,293,159870,5811,834319,3003200
2511,279,296,159591,5794,834615,3023500
2512,289,305,159302,5778,834920,2792200
2513,256,313,159046,5721,835233,2775300
2514,276,290,158770,5707,835523,2699900
2515,285,279,158485,5713,835802,2690700
2516,265,283,158220,5695,836085,2676100
2517,245,256,157975,5684,836341,2641500
2518,265,296,157710,5653,836637,2597400
2519,269,261,157441,5661,836898,2596600
2520,263,260,157178,5664,837158,2587400
2521,252,290,156926,5626,837448,2549500
2522,274,289,156652,5611,837737,2631000
2523,253,266,156399,5598,838003,2640700
2524,284,291,156115,5591,838294,2600900
2525,248,280,155867,5559,838574,2572100
2526,266,290,155601,5535,838864,2587400
2527,281,309,155320,5507,839173,2588000
2528,255,279,155065,5483,839452,2806900
2529,247,273,154818,5457,839725,2704700
2530,265,267,154553,5455,839992,2599300
2531,264,278,154289,5441,840270,2573500
2532,279,277,154010,5443,840547,2556400
2533,263,265,153747,5441,840812,2514100
2534,264,269,153483,5436,841081,3095800
2535,270,261,153213,5445,841342,2655500
2536,270,264,152943,5451,841606,2561600
2537,263,278,152680,5436,841884,2697500
2538,295,275,152385,5456,842159,2683300
2539,274,266,152111,5464,842425,2788100
2540,281,270,151830,5475,842695,2778500
2541,301,270,151529,5506,842965,2736300
2542,289,268,151240,5527,843233,2709600
2543,288,286,150952,5529,843519,2720300
2544,306,283,150646,5552,843802,2712400
2545,293,267,150353,5578,844069,2771200
2546,272,290,150081,5560,844359,2816300
2547,274,283,149807,5551,844642,2792600
2548,256,277,149551,5530,844919,2793000
2549,285,265,149266,5550,845184,2856300
2550,281,259,148985,5572,845443,2823500
2551,256,261,148729,5567,845704,3099300
2552,253,299,148476,5521,846003,2803900
2553,252,286,148224,5487,846289,2816700
2554,276,258,147948,5505,846547,2756300
2555,275,305,147673,5475,846852,2760300
2556,249,304,147424,5420,847156,2784500
2557,258,272,147166,5406,847428,2720100
2558,236,285,146930,5357,847713,2727500
2559,262,261,146668,5358,847974,2757800
2560,230,233,146438,5355,848207,2744900
2561,241,287,146197,5309,848494,2783200
2562,268,253,145929,5324,848747,2867800
2563,263,275,145666,5312,849022,2796900
2564,231,285,145435,5258,849307,2758800
2565,242,261,145193,5239,849568,2699800
2566,239,274,144954,5204,849842,2676900
2567,257,244,144697,5217,850086,2714000
2568,245,260,144452,5202,850346,3035100
2569,249,241,144203,5210,850587,2738400
2570,254,230,143949,5234,850817,2783400
2571,226,248,143723,5212,851065,2765300
2572,266,243,143457,5235,851308,2755400
2573,226,249,143231,5212,851557,2936900
2574,225,235,143006,5202,851792,2873800
2575,219,256,142787,5165,852048,2778800
2576,236,207,142551,5194,852255,2717400
2577,238,259,142313,5173,852514,2743300
2578,239,277,142074,5135,852791,2842400
2579,247,244,141827,5138,853035,3017600
2580,254,263,141573,5129,853298,2703100
2581,228,235,141345,5122,853533,2694600
2582,218,261,141127,5079,853794,2641000
2583,220,261,140907,5038,854055,2632100
2584,237,288,140670,4987,854343,2949200
2585,216,253,140454,4950,854596,2809200
2586,264,228,140190,4986,854824,2801800
2587,227,245,139963,4968,855069,2745600
2588,225,269,139738,4924,855338,2714000
2589,211,240,139527,4895,855578,2688100
2590,209,234,139318,4870,855812,3008400
2591,208,241,139110,4837,856053,2998300
2592,223,238,138887,4822,856291,2967700
2593,236,244,138651,4814,856535,2918800
2594,229,238,138422,4805,856773,2925300
2595,235,239,138187,4801,857012,3548000
2596,211,252,137976,4760,857264,3243700
2597,229,231,137747,4758,857495,2696000
2598,260,252,137487,4766,857747,2694500
2599,236,247,137251,4755,857994,2648500
2600,216,241,137035,4730,858235,2807900
2601,214,253,136821,4691,858488,2564400
2602,226,242,136595,4675,858730,2991400
2603,233,234,136362,4674,858964,2647600
2604,239,246,136123,4667,859210,2582200
2605,230,216,135893,4681,859426,2594500
2606,257,210,135636,4728,859636,2611600
2607,243,246,135393,4725,859882,2595400
2608,222,244,135171,4703,860126,2605800
2609,245,225,134926,4723,860351,2658900
2610,255,245,134671,4733,860596,2657700
2611,266,223,134405,4776,860819,2720200
2612,258,255,134147,4779,861074,3052100
2613,213,224,133934,4768,861298,2647800
2614,253,252,133681,4769,861550,2653000
2615,231,255,133450,4745,861805,2779300
2616,218,248,133232,4715,862053,2697900
2617,229,234,133003,4710,862287,3167900
2618,255,257,132748,4708,862544,2684900
2619,202,228,132546,4682,862772,2880500
2620,223,198,132323,4707,862970,2756400
2621,219,245,132104,4681,863215,2674500
2622,227,232,131877,4676,863447,2623600
2623,219,244,131658,4651,863691,2938100
2624,216,231,131442,4636,863922,2656600
2625,213,249,131229,4600,864171,2651500
2626,223,258,131006,4565,864429,2616400
2627,221,231,130785,4555,864660,2596400
2628,227,227,130558,4555,864887,2885700
2629,199,254,130359,4500,865141,2866500
2630,224,225,130135,4499,865366,2663300
2631,214,226,129921,4487,865592,2636900
2632,215,224,129706,4478,865816,2606200
2633,238,231,129468,4485,866047,2677600
2634,224,204,129244,4505,866251,2996500
2635,230,198,129014,4537,866449,2682200
2636,254,231,128760,4560,866680,2617100
2637,204,242,128556,4522,866922,2649500
2638,207,220,128349,4509,867142,2677100
2639,210,210,128139,4509,867352,2674400
2640,247,244,127892,4512,867596,2651300
2641,234,235,127658,4511,867831,2617400
2642,213,223,127445,4501,868054,2639400
2643,228,223,127217,4506,868277,2603400
2644,230,219,126987,4517,868496,2599900
2645,215,233,126772,4499,868729,2605700
2646,222,266,126550,4455,868995,2622100
2647,211,206,126339,4460,869201,2643900
2648,214,213,126125,4461,869414,2607600
2649,198,222,125927,4437,869636,2571700
2650,204,214,125723,4427,869850,2576400
2651,188,253,125535,4362,870103,2604700
2652,216,215,125319,4363,870318,2680400
2653,188,221,125131,4330,870539,2631100
2654,188,221,124943,4297,870760,2622000
2655,215,217,124728,4295,870977,2564900
2656,238,217,124490,4316,871194,2565300
2657,218,210,124272,4324,871404,2600800
2658,182,215,124090,4291,871619,2882300
2659,204,221,123886,4274,871840,2716200
2660,211,190,123675,4295,872030,2650300
2661,193,204,123482,4284,872234,2673400
2662,193,233,123289,4244,872467,2594400
2663,220,233,123069,4231,872700,2786100
2664,195,210,122874,4216,872910,2750100
2665,206,214,122668,4208,873124,2593400
2666,184,217,122484,4175,873341,2588200
2667,217,189,122267,4203,873530,2596800
2668,210,211,122057,4202,873741,2557300
2669,208,214,121849,4196,873955,3019000
2670,211,199,121638,4208,874154,2539800
2671,199,232,121439,4175,874386,2556500
2672,197,205,121242,4167,874591,2520400
2673,210,220,121032,4157,874811,2495600
2674,203,215,120829,4145,875026,2511600
2675,200,200,120629,4145,875226,2584900
2676,172,199,120457,4118,875425,2555800
2677,205,206,120252,4117,875631,2537700
2678,191,205,120061,4103,875836,2523200
2679,234,192,119827,4145,876028,2560900
2680,204,206,119623,4143,876234,2601400
2681,209,231,119414,4121,876465,2933200
2682,200,186,119214,4135,876651,2575500
2683,190,220,119024,4105,876871,2618000
2684,210,206,118814,4109,877077,2667200
2685,204,181,118610,4132,877258,2607000
2686,180,219,118430,4093,877477,2610600
2687,190,170,118240,4113,877647,2863500
2688,188,212,118052,4089,877859,2810400
2689,167,203,117885,4053,878062,2617400
2690,167,197,117718,4023,878259,2601700
2691,162,205,117556,3980,878464,2598400
2692,174,195,117382,3959,878659,2554800
2693,158,187,117224,3930,878846,2917300
2694,185,184,117039,3931,879030,2564100
2695,168,189,116871,3910,879219,2535000
2696,178,184,116693,3904,879403,2524800
2697,201,196,116492,3909,879599,2490800
2698,165,206,116327,3868,879805,2496500
2699,198,206,116129,3860,880011,3086100
2700,174,170,115955,3864,880181,2591400
2701,162,192,115793,3834,880373,2449000
2702,174,208,115619,3800,880581,2503800
2703,178,199,115441,3779,880780,2450900
2704,168,202,115273,3745,880982,2651800
2705,182,205,115091,3722,881187,3128100
2706,201,192,114890,3731,881379,2539100
2707,182,197,114708,3716,881576,2542900
2708,179,163,114529,3732,881739,2583300
2709,186,192,114343,3726,881931,2578200
2710,205,204,114138,3727,882135,2541200
2711,169,186,113969,3710,882321,2595500
2712,175,177,113794,3708,882498,2499200
2713,204,180,113590,3732,882678,2485800
2714,187,203,113403,3716,882881,2495500
2715,170,182,113233,3704,883063,2465800
2716,168,192,113065,3680,883255,2431000
2717,167,194,112898,3653,883449,2502200
2718,145,176,112753,3622,883625,2546200
2719,153,167,112600,3608,883792,2468300
2720,162,187,112438,3583,883979,2467400
2721,157,176,112281,3564,884155,2427800
2722,177,185,112104,3556,884340,2418300
2723,160,188,111944,3528,884528,2632800
2724,176,195,111768,3509,884723,2757400
2725,179,162,111589,3526,884885,2599100
2726,192,194,111397,3524,885079,2609800
2727,153,165,111244,3512,885244,2607500
2728,165,177,111079,3500,885421,2605600
2729,174,165,110905,3509,885586,2832800
2730,172,190,110733,3491,885776,2742600
2731,162,176,110571,3477,885952,2564700
2732,157,152,110414,3482,886104,2510600
2733,161,168,110253,3475,886272,2565000
2734,170,182,110083,3463,886454,2549300
2735,172,186,109911,3449,886640,2613700
2736,179,170,109732,3458,886810,2576400
2737,161,197,109571,3422,887007,2573900
2738,156,176,109415,3402,887183,2533400
2739,195,187,109220,3410,887370,2486200
2740,164,163,109056,3411,887533,2459800
2741,179,178,108877,3412,887711,3004400
2742,148,172,108729,3388,887883,2614400
2743,188,189,108541,3387,888072,2493800
2744,171,168,108370,3390,888240,2458300
2745,171,155,108199,3406,888395,2428100
2746,141,154,108058,3393,888549,2431100
2747,160,170,107898,3383,888719,2754100
2748,149,175,107749,3357,888894,2723300
2749,140,174,107609,3323,889068,2667000
2750,154,162,107455,3315,889230,2479900
2751,160,160,107295,3315,889390,2450900
2752,168,153,107127,3330,889543,2452900
2753,160,169,106967,3321,889712,2704800
2754,155,161,106812,3315,889873,2664000
2755,143,160,106669,3298,890033,2466600
2756,166,175,106503,3289,890208,2429900
2757,162,167,106341,3284,890375,2444300
2758,163,189,106178,3258,890564,2451500
2759,173,142,106005,3289,890706,2542000
2760,151,178,105854,3262,890884,2679600
2761,176,175,105678,3263,891059,2589300
2762,152,163,105526,3252,891222,2539900
2763,164,178,105362,3238,891400,2511400
2764,183,160,105179,3261,891560,2480100
2765,163,152,105016,3272,891712,2483400
2766,151,158,104865,3265,891870,2478700
2767,186,158,104679,3293,892028,2448700
2768,152,177,104527,3268,892205,2434200
2769,163,151,104364,3280,892356,2449300
2770,162,167,104202,3275,892523,2538500
2771,148,164,104054,3259,892687,2479800
2772,158,182,103896,3235,892869,2948400
2773,173,167,103723,3241,893036,2464000
2774,167,171,103556,3237,893207,2435400
2775,141,177,103415,3201,893384,2496000
2776,139,155,103276,3185,893539,2502000
2777,165,152,103111,3198,893691,2474100
2778,163,153,102948,3208,893844,2521700
2779,129,158,102819,3179,894002,2451700
2780,158,155,102661,3182,894157,2446500
2781,150,170,102511,3162,894327,2439500
2782,149,155,102362,3156,894482,2415200
2783,163,182,102199,3137,894664,2412700
2784,163,146,102036,3154,894810,2464600
2785,162,163,101874,3153,894973,2452400
2786,152,164,101722,3141,895137,2526700
2787,159,153,101563,3147,895290,2489000
2788,155,141,101408,3161,895431,2559400
2789,155,156,101253,3160,895587,2514800
2790,149,134,101104,3175,895721,2502000
2791,169,161,100935,3183,895882,2476600
2792,158,151,100777,3190,896033,2453000
2793,146,159,100631,3177,896192,2444300
2794,154,173,100477,3158,896365,2455300
2795,150,158,100327,3150,896523,2422800
2796,170,153,100157,3167,896676,2414000
2797,146,159,100011,3154,896835,2556800
2798,132,142,99879,3144,896977,2503900
2799,144,164,99735,3124,897141,2489300
2800,146,178,99589,3092,897319,2463800
2801,144,138,99445,3098,897457,2451100
2802,150,153,99295,3095,897610,2424000
2803,160,156,99135,3099,897766,2427800
2804,154,166,98981,3087,897932,2416600
2805,152,152,98829,3087,898084,2420300
2806,145,147,98684,3085,898231,2409200
2807,143,154,98541,3074,898385,2391700
2808,153,144,98388,3083,898529,2387600
2809,160,146,98228,3097,898675,2417400
2810,148,149,98080,3096,898824,2481500
2811,176,131,97904,3141,898955,2472400
2812,164,184,97740,3121,899139,2422700
2813,166,141,97574,3146,899280,2505800
2814,180,159,97394,3167,899439,2578900
2815,156,149,97238,3174,899588,2592600
2816,154,154,97084,3174,899742,3072400
2817,173,144,96911,3203,899886,2546400
2818,170,151,96741,3222,900037,2475800
2819,176,154,96565,3244,900191,2459700
2820,145,174,96420,3215,900365,2430200
2821,159,168,96261,3206,900533,2443000
2822,164,153,96097,3217,900686,2742300
2823,165,170,95932,3212,900856,2546300
2824,155,165,95777,3202,901021,2548900
2825,154,191,95623,3165,901212,2516800
2826,179,141,95444,3203,901353,2512400
2827,151,174,95293,3180,901527,2441200
2828,172,179,95121,3173,901706,2472500
2829,179,159,94942,3193,901865,2465000
2830,164,161,94778,3196,902026,2433300
2831,160,168,94618,3188,902194,2454000
2832,176,173,94442,3191,902367,2484800
2833,165,153,94277,3203,902520,2460100
2834,178,157,94099,3224,902677,2577900
2835,155,163,93944,3216,902840,2790200
2836,174,147,93770,3243,902987,2550800
2837,164,163,93606,3244,903150,2559700
2838,154,138,93452,3260,903288,2580000
2839,158,155,93294,3263,903443,2581300
2840,163,169,93131,3257,903612,2660000
2841,169,154,92962,3272,903766,2727900
2842,169,152,92793,3289,903918,2596900
2843,141,148,92652,3282,904066,2529300
2844,141,156,92511,3267,904222,2507200
2845,164,170,92347,3261,904392,2531200
2846,153,171,92194,3243,904563,2751600
2847,147,155,92047,3235,904718,2678100
2848,158,156,91889,3237,904874,2503400
2849,134,151,91755,3220,905025,2531300
2850,154,178,91601,3196,905203,2530900
2851,128,146,91473,3178,905349,2460100
2852,144,171,91329,3151,905520,2715600
2853,147,154,91182,3144,905674,2460000
2854,136,177,91046,3103,905851,2425100
2855,140,145,90906,3098,905996,2459400
2856,145,153,90761,3090,906149,2513500
2857,149,121,90612,3118,906270,2470100
2858,141,159,90471,3100,906429,2744800
2859,138,152,90333,3086,906581,2420600
2860,136,133,90197,3089,906714,2402300
2861,138,158,90059,3069,906872,2454900
2862,157,159,89902,3067,907031,2396900
2863,141,153,89761,3055,907184,2370100
2864,138,165,89623,3028,907349,2448000
2865,166,160,89457,3034,907509,2546800
2866,178,169,89279,3043,907678,2574000
2867,131,161,89148,3013,907839,2607200
2868,151,146,88997,3018,907985,2544900
2869,128,166,88869,2980,908151,2513200
2870,161,121,88708,3020,908272,2741100
2871,158,159,88550,3019,908431,2723200
2872,160,153,88390,3026,908584,2479300
2873,153,146,88237,3033,908730,2455300
2874,146,161,88091,3018,908891,2417400
2875,136,163,87955,2991,909054,2483900
2876,144,164,87811,2971,909218,2501100
2877,132,145,87679,2958,909363,2596800
2878,152,129,87527,2981,909492,2626500
2879,136,149,87391,2968,909641,2614400
2880,135,131,87256,2972,909772,2599000
2881,160,156,87096,2976,909928,2551200
2882,143,151,86953,2968,910079,2576300
2883,140,153,86813,2955,910232,2701400
2884,134,143,86679,2946,910375,2610600
2885,140,142,86539,2944,910517,2641500
2886,147,148,86392,2943,910665,2681100
2887,136,135,86256,2944,910800,2686000
2888,138,141,86118,2941,910941,2590000
2889,140,165,85978,2916,911106,2640600
2890,126,164,85852,2878,911270,2570000
2891,150,137,85702,2891,911407,2561400
2892,115,154,85587,2852,911561,2512100
2893,127,142,85460,2837,911703,2531900
2894,151,151,85309,2837,911854,2539200
2895,136,142,85173,2831,911996,2651700
2896,132,151,85041,2812,912147,2628400
2897,134,140,84907,2806,912287,2523700
2898,147,142,84760,2811,912429,2492700
2899,141,133,84619,2819,912562,2471100
2900,135,154,84484,2800,912716,2497900
2901,120,119,84364,2801,912835,2783400
2902,110,155,84254,2756,912990,2580000
2903,111,134,84143,2733,913124,2520600
2904,130,139,84013,2724,913263,2486400
2905,112,148,83901,2688,913411,2463900
2906,117,126,83784,2679,913537,2443100
2907,139,143,83645,2675,913680,2515600
2908,121,151,83524,2645,913831,2541500
2909,140,133,83384,2652,913964,2516400
2910,131,161,83253,2622,914125,2508500
2911,120,122,83133,2620,914247,2499700
2912,114,117,83019,2617,914364,2461400
2913,121,139,82898,2599,914503,2550000
2914,104,147,82794,2556,914650,2565300
2915,118,135,82676,2539,914785,2536000
2916,127,122,82549,2544,914907,2487400
2917,125,135,82424,2534,915042,2527300
2918,123,149,82301,2508,915191,2534000
2919,115,112,82186,2511,915303,2842200
2920,115,134,82071,2492,915437,2753300
2921,128,117,81943,2503,915554,2643400
2922,136,118,81807,2521,915672,2514100
2923,144,132,81663,2533,915804,2484300
2924,144,123,81519,2554,915927,2445200
2925,130,128,81389,2556,916055,2502000
2926,132,137,81257,2551,916192,2494200
2927,137,127,81120,2561,916319,2434100
2928,147,143,80973,2565,916462,2432300
2929,149,133,80824,2581,916595,2421000
2930,130,127,80694,2584,916722,2417100
2931,133,135,80561,2582,916857,2647100
2932,132,152,80429,2562,917009,2561700
2933,149,157,80280,2554,917166,2458400
2934,119,145,80161,2528,917311,2415800
2935,154,123,80007,2559,917434,2406000
2936,146,131,79861,2574,917565,2458700
2937,131,127,79730,2578,917692,2612500
2938,163,129,79567,2612,917821,2666400
2939,132,124,79435,2620,917945,2433300
2940,145,127,79290,2638,918072,2437100
2941,124,127,79166,2635,918199,2400300
2942,145,128,79021,2652,918327,2372800
2943,129,115,78892,2666,918442,2402400
2944,130,138,78762,2658,918580,2641000
2945,115,151,78647,2622,918731,2617800
2946,127,117,78520,2632,918848,2591800
2947,135,132,78385,2635,918980,2564100
2948,121,140,78264,2616,919120,2544900
2949,126,121,78138,2621,919241,2893100
2950,127,116,78011,2632,919357,2728600
2951,128,138,77883,2622,919495,2563000
2952,108,133,77775,2597,919628,2499600
2953,131,124,77644,2604,919752,2459600
2954,123,119,77521,2608,919871,2455100
2955,111,105,77410,2614,919976,2459800
2956,106,130,77304,2590,920106,2435400
2957,127,116,77177,2601,920222,2396100
2958,145,126,77032,2620,920348,2418000
2959,124,119,76908,2625,920467,2389700
2960,120,141,76788,2604,920608,2364400
2961,120,133,76668,2591,920741,2469800
2962,129,136,76539,2584,920877,2701200
2963,114,126,76425,2572,921003,2430800
2964,112,123,76313,2561,921126,2428800
2965,121,122,76192,2560,921248,2449200
2966,116,123,76076,2553,921371,2421100
2967,115,104,75961,2564,921475,2393700
2968,116,140,75845,2540,921615,2809300
2969,110,118,75735,2532,921733,2622200
2970,127,123,75608,2536,921856,2382500
2971,130,110,75478,2556,921966,2514600
2972,134,128,75344,2562,922094,2539800
2973,124,137,75220,2549,922231,2516800
2974,110,115,75110,2544,922346,2607000
2975,136,99,74974,2581,922445,2517500
2976,111,144,74863,2548,922589,2528900
2977,116,118,74747,2546,922707,2479500
2978,111,146,74636,2511,922853,2454900
2979,122,128,74514,2505,922981,2437300
2980,125,117,74389,2513,923098,2824500
2981,141,101,74248,2553,923199,2544900
2982,107,124,74141,2536,923323,2439300
2983,123,135,74018,2524,923458,2474700
2984,119,143,73899,2500,923601,2532600
2985,124,128,73775,2496,923729,2446200
2986,132,127,73643,2501,923856,2862000
2987,104,129,73539,2476,923985,2549400
2988,126,134,73413,2468,924119,2465200
2989,129,123,73284,2474,924242,2450400
2990,120,129,73164,2465,924371,2574700
2991,133,125,73031,2473,924496,2461400
2992,112,130,72919,2455,924626,2829700
2993,122,129,72797,2448,924755,2552000
2994,114,109,72683,2453,924864,2515700
2995,96,114,72587,2435,924978,2487300
2996,113,114,72474,2434,925092,2543700
2997,135,125,72339,2444,925217,2572200
2998,116,119,72223,2441,925336,2990800
2999,117,123,72106,2435,925459,2579200
3000,98,127,72008,2406,925586,2526400
3001,130,134,71878,2402,925720,2533900
3002,122,122,71756,2402,925842,2521800
3003,130,121,71626,2411,925963,2517100
3004,101,97,71525,2415,926060,2775700
3005,130,120,71395,2425,926180,2602100
3006,119,128,71276,2416,926308,2538700
3007,144,118,71132,2442,926426,2529900
3008,123,115,71009,2450,926541,2507600
3009,119,150,70890,2419,926691,2516500
3010,124,95,70766,2448,926786,2911800
3011,106,123,70660,2431,926909,2544100
3012,104,107,70556,2428,927016,2466800
3013,127,141,70429,2414,927157,2491800
3014,100,131,70329,2383,927288,2530200
3015,116,122,70213,2377,927410,2469100
3016,127,112,70086,2392,927522,2466500
3017,119,134,69967,2377,927656,2464400
3018,143,128,69824,2392,927784,2454500
3019,131,108,69693,2415,927892,2460700
3020,120,122,69573,2413,928014,2466700
3021,113,119,69460,2407,928133,2456300
3022,110,120,69350,2397,928253,2495600
3023,119,125,69231,2391,928378,2605800
3024,116,136,69115,2371,928514,2562700
3025,102,113,69013,2360,928627,2519400
3026,114,107,68899,2367,928734,2501300
3027,111,114,68788,2364,928848,2482900
3028,120,115,68668,2369,928963,2470000
3029,136,121,68532,2384,929084,2537700
3030,122,129,68410,2377,929213,2476000
3031,96,135,68314,2338,929348,2474600
3032,114,129,68200,2323,929477,2477300
3033,110,120,68090,2313,929597,2475300
3034,105,108,67985,2310,929705,2464000
3035,111,109,67874,2312,929814,2530000
3036,128,110,67746,2330,929924,2490300
3037,110,120,67636,2320,930044,2477100
3038,133,117,67503,2336,930161,2465500
3039,119,102,67384,2353,930263,2444400
3040,119,120,67265,2352,930383,2439300
3041,116,114,67149,2354,930497,2499100
3042,114,116,67035,2352,930613,2824100
3043,106,113,66929,2345,930726,2458500
3044,107,112,66822,2340,930838,2444500
3045,104,93,66718,2351,930931,2443900
3046,129,126,66589,2354,931057,2445500
3047,110,111,66479,2353,931168,2429500
3048,116,107,66363,2362,931275,2511800
3049,114,130,66249,2346,931405,2684300
3050,120,103,66129,2363,931508,2685700
3051,120,111,66009,2372,931619,2504900
3052,110,90,65899,2392,931709,2436900
3053,128,119,65771,2401,931828,2456800
3054,106,120,65665,2387,931948,2471000
3055,119,120,65546,2386,932068,2441500
3056,114,109,65432,2391,932177,2435100
3057,109,115,65323,2385,932292,2397200
3058,108,117,65215,2376,932409,2373500
3059,139,120,65076,2395,932529,2389300
3060,116,131,64960,2380,932660,2403500
3061,125,109,64835,2396,932769,2765200
3062,105,115,64730,2386,932884,2503300
3063,96,95,64634,2387,932979,3087700
3064,121,112,64513,2396,933091,2496600
3065,107,138,64406,2365,933229,2436300
3066,101,112,64305,2354,933341,2675900
3067,112,112,64193,2354,933453,2647600
3068,111,118,64082,2347,933571,2558400
3069,105,127,63977,2325,933698,2525400
3070,122,103,63855,2344,933801,2531300
3071,108,133,63747,2319,933934,2495000
3072,100,116,63647,2303,934050,2758400
3073,118,106,63529,2315,934156,2566200
3074,111,98,63418,2328,934254,2549400
3075,117,123,63301,2322,934377,2560300
3076,106,126,63195,2302,934503,2574900
3077,113,118,63082,2297,934621,2551500
3078,129,127,62953,2299,934748,2614700
3079,115,110,62838,2304,934858,2652700
3080,122,99,62716,2327,934957,2841000
3081,100,135,62616,2292,935092,2594600
3082,99,124,62517,2267,935216,2637900
3083,110,106,62407,2271,935322,2553500
3084,128,118,62279,2281,935440,2736000
3085,118,114,62161,2285,935554,2593100
3086,112,123,62049,2274,935677,2541300
3087,116,96,61933,2294,935773,2556600
3088,108,123,61825,2279,935896,2544900
3089,100,95,61725,2284,935991,2561300
3090,122,108,61603,2298,936099,2761700
3091,110,108,61493,2300,936207,2609200
3092,105,98,61388,2307,936305,2533900
3093,98,125,61290,2280,936430,2510600
3094,114,108,61176,2286,936538,2484600
3095,134,115,61042,2305,936653,2515600
3096,104,118,60938,2291,936771,2586200
3097,113,116,60825,2288,936887,2670400
3098,135,97,60690,2326,936984,2502500
3099,116,129,60574,2313,937113,2741500
3100,119,109,60455,2323,937222,2513200
3101,103,113,60352,2313,937335,2518900
3102,99,107,60253,2305,937442,2574300
3103,97,95,60156,2307,937537,2555800
3104,106,90,60050,2323,937627,2507400
3105,112,122,59938,2313,937749,2493200
3106,108,117,59830,2304,937866,2501700
3107,121,110,59709,2315,937976,2848900
3108,100,118,59609,2297,938094,2790500
3109,112,111,59497,2298,938205,2476200
3110,105,112,59392,2291,938317,2461200
3111,95,106,59297,2280,938423,2521400
3112,118,110,59179,2288,938533,2491100
3113,107,113,59072,2282,938646,2703600
3114,101,114,58971,2269,938760,2691300
3115,104,99,58867,2274,938859,2534600
3116,109,123,58758,2260,938982,2476700
3117,106,107,58652,2259,939089,2445200
3118,109,102,58543,2266,939191,2442500
3119,98,100,58445,2264,939291,2448700
3120,103,106,58342,2261,939397,2775800
3121,124,113,58218,2272,939510,2603300
3122,129,111,58089,2290,939621,2429000
3123,102,123,57987,2269,939744,2407900
3124,102,111,57885,2260,939855,2418300
3125,103,133,57782,2230,939988,2393700
3126,94,129,57688,2195,940117,2585800
3127,101,127,57587,2169,940244,2623900
3128,124,109,57463,2184,940353,2479700
3129,91,118,57372,2157,940471,2422300
3130,99,99,57273,2157,940570,2413700
3131,108,115,57165,2150,940685,2389000
3132,96,108,57069,2138,940793,2414700
3133,101,109,56968,2130,940902,2465900
3134,114,107,56854,2137,941009,2373900
3135,114,104,56740,2147,941113,2368500
3136,100,109,56640,2138,941222,2363900
3137,101,118,56539,2121,941340,2377600
3138,109,104,56430,2126,941444,2387500
3139,100,102,56330,2124,941546,2402700
3140,114,106,56216,2132,941652,2358600
3141,91,119,56125,2104,941771,2344200
3142,97,97,56028,2104,941868,2338400
3143,92,100,55936,2096,941968,2345200
3144,104,103,55832,2097,942071,2357500
3145,100,130,55732,2067,942201,2346500
3146,110,114,55622,2063,942315,2753900
3147,106,109,55516,2060,942424,2397800
3148,97,109,55419,2048,942533,2360800
3149,85,113,55334,2020,942646,2343900
3150,99,89,55235,2030,942735,2328300
3151,111,108,55124,2033,942843,2361600
3152,95,92,55029,2036,942935,2817000
3153,103,93,54926,2046,943028,2591600
3154,107,103,54819,2050,943131,2431900
3155,106,101,54713,2055,943232,2559400
3156,114,89,54599,2080,943321,2439600
3157,83,110,54516,2053,943431,2430800
3158,106,112,54410,2047,943543,2653900
3159,120,88,54290,2079,943631,2426800
3160,91,101,54199,2069,943732,2377400
3161,122,105,54077,2086,943837,2342400
3162,98,96,53979,2088,943933,2332500
3163,100,124,53879,2064,944057,2348800
3164,118,91,53761,2091,944148,2393800
3165,93,93,53668,2091,944241,2420100
3166,113,111,53555,2093,944352,2397000
3167,106,102,53449,2097,944454,2388900
3168,113,112,53336,2098,944566,2356000
3169,106,120,53230,2084,944686,2369400
3170,108,129,53122,2063,944815,2331800
3171,94,100,53028,2057,944915,2717600
3172,104,107,52924,2054,945022,2398900
3173,105,87,52819,2072,945109,2360400
3174,122,92,52697,2102,945201,2339100
3175,97,116,52600,2083,945317,2346100
3176,112,117,52488,2078,945434,2368900
3177,106,95,52382,2089,945529,2372800
3178,95,112,52287,2072,945641,2358900
3179,109,108,52178,2073,945749,2355800
3180,93,109,52085,2057,945858,2389300
3181,95,85,51990,2067,945943,2426400
3182,97,105,51893,2059,946048,2434600
3183,110,111,51783,2058,946159,2459000
3184,107,102,51676,2063,946261,2468400
3185,85,92,51591,2056,946353,2411100
3186,95,98,51496,2053,946451,2392500
3187,91,122,51405,2022,946573,2368700
3188,107,101,51298,2028,946674,2388000
3189,94,98,51204,2024,946772,2406800
3190,107,105,51097,2026,946877,2645600
3191,98,98,50999,2026,946975,2508800
3192,89,107,50910,2008,947082,2365400
3193,87,107,50823,1988,947189,2422100
3194,91,86,50732,1993,947275,2385000
3195,95,103,50637,1985,947378,2499000
3196,86,96,50551,1975,947474,2572100
3197,91,89,50460,1977,947563,2569100
3198,99,104,50361,1972,947667,2613000
3199,84,114,50277,1942,947781,2607000
3200,96,100,50181,1938,947881,2529900
3201,101,103,50080,1936,947984,2473700
3202,96,99,49984,1933,948083,2456900
3203,98,91,49886,1940,948174,2985700
3204,78,104,49808,1914,948278,2465200
3205,96,103,49712,1907,948381,2482100
3206,87,82,49625,1912,948463,2409200
3207,90,77,49535,1925,948540,2401600
3208,94,96,49441,1923,948636,2551800
3209,112,101,49329,1934,948737,2663000
3210,90,106,49239,1918,948843,2432800
3211,111,95,49128,1934,948938,2407900
3212,83,90,49045,1927,949028,2402600
3213,93,101,48952,1919,949129,2365900
3214,89,93,48863,1915,949222,2352200
3215,79,102,48784,1892,949324,2679500
3216,89,111,48695,1870,949435,2396700
3217,70,87,48625,1853,949522,2371400
3218,83,85,48542,1851,949607,2376900
3219,106,94,48436,1863,949701,2447600
3220,92,79,48344,1876,949780,2360300
3221,88,90,48256,1874,949870,2370000
3222,94,88,48162,1880,949958,2445000
3223,90,107,48072,1863,950065,2408000
3224,97,101,47975,1859,950166,2419700
3225,105,99,47870,1865,950265,2372000
3226,96,102,47774,1859,950367,2351500
3227,96,89,47678,1866,950456,2329500
3228,92,90,47586,1868,950546,2570600
3229,87,84,47499,1871,950630,2392700
3230,93,101,47406,1863,950731,2358100
3231,105,101,47301,1867,950832,2345900
3232,95,102,47206,1860,950934,2333000
3233,114,106,47092,1868,951040,2337400
3234,105,95,46987,1878,951135,2973300
3235,118,100,46869,1896,951235,2451400
3236,105,80,46764,1921,951315,2491300
3237,78,98,46686,1901,951413,2565500
3238,94,93,46592,1902,951506,2460500
3239,92,92,46500,1902,951598,2461000
3240,85,99,46415,1888,951697,3021000
3241,97,102,46318,1883,951799,2432900
3242,91,84,46227,1890,951883,2357500
3243,90,86,46137,1894,951969,2306000
3244,97,121,46040,1870,952090,2311200
3245,82,90,45958,1862,952180,2325000
3246,78,108,45880,1832,952288,2570700
3247,84,86,45796,1830,952374,2383900
3248,120,87,45676,1863,952461,2356700
3249,81,91,45595,1853,952552,2367000
3250,81,91,45514,1843,952643,2350800
3251,96,95,45418,1844,952738,2327800
3252,82,84,45336,1842,952822,2304700
3253,93,79,45243,1856,952901,2757700
3254,88,90,45155,1854,952991,2384100
3255,93,73,45062,1874,953064,2381100
3256,89,99,44973,1864,953163,2340800
3257,94,101,44879,1857,953264,2390500
3258,106,91,44773,1872,953355,2348200
3259,90,99,44683,1863,953454,2387600
3260,83,99,44600,1847,953553,2431800
3261,82,95,44518,1834,953648,2412800
3262,93,96,44425,1831,953744,2383300
3263,87,82,44338,1836,953826,2394300
3264,82,99,44256,1819,953925,2446800
3265,82,87,44174,1814,954012,2435400
3266,100,100,44074,1814,954112,2401900
3267,93,86,43981,1821,954198,2385100
3268,92,92,43889,1821,954290,2375000
3269,100,87,43789,1834,954377,2342400
3270,106,80,43683,1860,954457,2348000
3271,90,87,43593,1863,954544,2352300
3272,82,80,43511,1865,954624,2467300
3273,97,89,43414,1873,954713,2537100
3274,90,89,43324,1874,954802,2499800
3275,96,74,43228,1896,954876,2491300
3276,88,86,43140,1898,954962,2472700
3277,105,98,43035,1905,955060,2514600
3278,75,98,42960,1882,955158,2786500
3279,105,97,42855,1890,955255,2475600
3280,78,101,42777,1867,955356,2504700
3281,85,88,42692,1864,955444,2543100
3282,84,100,42608,1848,955544,2631000
3283,92,97,42516,1843,955641,2450100
3284,86,91,42430,1838,955732,2497400
3285,73,88,42357,1823,955820,2457100
3286,94,82,42263,1835,955902,2422300
3287,74,89,42189,1820,955991,2392300
3288,76,95,42113,1801,956086,2369600
3289,88,81,42025,1808,956167,2363600
3290,92,92,41933,1808,956259,2387000
3291,96,91,41837,1813,956350,2534500
3292,81,77,41756,1817,956427,2454800
3293,85,99,41671,1803,956526,2412800
3294,98,110,41573,1791,956636,2393100
3295,73,77,41500,1787,956713,2370400
3296,85,99,41415,1773,956812,2344400
3297,88,78,41327,1783,956890,2393800
3298,81,83,41246,1781,956973,2377100
3299,87,82,41159,1786,957055,2365200
3300,81,93,41078,1774,957148,2350100
3301,80,93,40998,1761,957241,2342400
3302,85,86,40913,1760,957327,2356700
3303,78,100,40835,1738,957427,2366300
3304,83,87,40752,1734,957514,2646500
3305,61,92,40691,1703,957606,2375800
3306,79,101,40612,1681,957707,2368100
3307,81,86,40531,1676,957793,2338700
3308,84,82,40447,1678,957875,2311200
3309,79,80,40368,1677,957955,2311200
3310,78,75,40290,1680,958030,2430100
3311,71,84,40219,1667,958114,2735600
3312,79,91,40140,1655,958205,2409500
3313,65,76,40075,1644,958281,2372900
3314,74,88,40001,1630,958369,2328000
3315,58,79,39943,1609,958448,2339200
3316,68,83,39875,1594,958531,2324300
3317,67,59,39808,1602,958590,2388400
3318,73,79,39735,1596,958669,2400300
3319,65,85,39670,1576,958754,2464000
3320,56,75,39614,1557,958829,2414000
3321,57,92,39557,1522,958921,2379300
3322,75,82,39482,1515,959003,2369500
3323,83,55,39399,1543,959058,2403500
3324,71,67,39328,1547,959125,2348700
3325,65,72,39263,1540,959197,2339000
3326,60,97,39203,1503,959294,2316600
3327,78,81,39125,1500,959375,2338600
3328,79,78,39046,1501,959453,2336700
3329,67,95,38979,1473,959548,2320800
3330,69,68,38910,1474,959616,2514300
3331,71,58,38839,1487,959674,2349700
3332,60,64,38779,1483,959738,2338000
3333,60,82,38719,1461,959820,2325700
3334,64,70,38655,1455,959890,2300300
3335,77,85,38578,1447,959975,2297400
3336,73,75,38505,1445,960050,2331700
3337,83,56,38422,1472,960106,2429000
3338,71,76,38351,1467,960182,2339300
3339,78,55,38273,1490,960237,2313100
3340,70,75,38203,1485,960312,2366500
3341,80,70,38123,1495,960382,2340000
3342,63,64,38060,1494,960446,2320700
3343,73,71,37987,1496,960517,2537200
3344,82,70,37905,1508,960587,2591300
3345,65,92,37840,1481,960679,2359600
3346,70,78,37770,1473,960757,2378100
3347,56,67,37714,1462,960824,2430000
3348,67,84,37647,1445,960908,2424200
3349,73,89,37574,1429,960997,2403400
3350,64,61,37510,1432,961058,2377200
3351,65,75,37445,1422,961133,2357500
3352,58,77,37387,1403,961210,2359300
3353,71,81,37316,1393,961291,2337600
3354,58,63,37258,1388,961354,2330400
3355,70,61,37188,1397,961415,2306800
3356,76,93,37112,1380,961508,2463000
3357,72,64,37040,1388,961572,2489500
3358,53,61,36987,1380,961633,2454600
3359,71,80,36916,1371,961713,2452200
3360,63,69,36853,1365,961782,2471600
3361,72,60,36781,1377,961842,2430100
3362,66,61,36715,1382,961903,2674300
3363,62,61,36653,1383,961964,2383600
3364,72,58,36581,1397,962022,2355400
3365,63,57,36518,1403,962079,2351000
3366,67,74,36451,1396,962153,2318400
3367,62,83,36389,1375,962236,2279800
3368,69,86,36320,1358,962322,2442400
3369,56,61,36264,1353,962383,2562400
3370,63,57,36201,1359,962440,2324000
3371,68,76,36133,1351,962516,2309200
3372,53,78,36080,1326,962594,2487000
3373,62,59,36018,1329,962653,2491600
3374,83,72,35935,1340,962725,2663900
3375,64,72,35871,1332,962797,2595900
3376,63,63,35808,1332,962860,2320800
3377,59,63,35749,1328,962923,2315300
3378,75,55,35674,1348,962978,2308700
3379,70,65,35604,1353,963043,2700400
3380,67,70,35537,1350,963113,2324600
3381,67,63,35470,1354,963176,2403600
3382,68,81,35402,1341,963257,2350100
3383,56,60,35346,1337,963317,2348600
3384,60,67,35286,1330,963384,2358200
3385,63,72,35223,1321,963456,2342200
3386,65,60,35158,1326,963516,2323500
3387,67,73,35091,1320,963589,2361100
3388,72,64,35019,1328,963653,2359500
3389,77,55,34942,1350,963708,2331900
3390,67,60,34875,1357,963768,2319100
3391,60,65,34815,1352,963833,2310900
3392,65,78,34750,1339,963911,2307600
3393,58,67,34692,1330,963978,2319600
3394,71,72,34621,1329,964050,2573500
3395,64,68,34557,1325,964118,2393400
3396,65,74,34492,1316,964192,2368900
3397,69,63,34423,1322,964255,2380500
3398,52,58,34371,1316,964313,2360200
3399,62,79,34309,1299,964392,2360800
3400,71,75,34238,1295,964467,2333300
3401,60,68,34178,1287,964535,2863800
3402,69,68,34109,1288,964603,2462600
3403,56,72,34053,1272,964675,2432600
3404,47,69,34006,1250,964744,2396500
3405,53,55,33953,1248,964799,2369400
3406,60,49,33893,1259,964848,2381600
3407,64,58,33829,1265,964906,2473800
3408,76,67,33753,1274,964973,2402900
3409,76,58,33677,1292,965031,2435000
3410,57,62,33620,1287,965093,2439600
3411,65,61,33555,1291,965154,2412600
3412,73,68,33482,1296,965222,2375000
3413,58,59,33424,1295,965281,2723600
3414,63,59,33361,1299,965340,2399700
3415,68,55,33293,1312,965395,2344000
3416,77,61,33216,1328,965456,2329400
3417,87,55,33129,1360,965511,2280200
3418,63,79,33066,1344,965590,2295500
3419,59,44,33007,1359,965634,2679100
3420,63,62,32944,1360,965696,2369400
3421,67,80,32877,1347,965776,2327100
3422,69,60,32808,1356,965836,2316700
3423,61,54,32747,1363,965890,2327500
3424,57,81,32690,1339,965971,2321900
3425,65,71,32625,1333,966042,2289700
3426,62,86,32563,1309,966128,2683000
3427,56,63,32507,1302,966191,2496000
3428,58,50,32449,1310,966241,2410300
3429,62,60,32387,1312,966301,2360700
3430,70,48,32317,1334,966349,2330600
3431,60,68,32257,1326,966417,2346800
3432,61,63,32196,1324,966480,2391800
3433,62,63,32134,1323,966543,2449900
3434,54,75,32080,1302,966618,2388000
3435,72,74,32008,1300,966692,2346900
3436,50,62,31958,1288,966754,2332200
3437,61,54,31897,1295,966808,2300500
3438,72,54,31825,1313,966862,2296200
3439,67,58,31758,1322,966920,2412300
3440,72,53,31686,1341,966973,2535600
3441,65,62,31621,1344,967035,2337000
3442,62,61,31559,1345,967096,2328900
3443,60,62,31499,1343,967158,2336800
3444,70,75,31429,1338,967233,2300900
3445,54,72,31375,1320,967305,2302900
3446,87,73,31288,1334,967378,2565400
3447,60,82,31228,1312,967460,2582100
3448,62,82,31166,1292,967542,2293200
3449,76,63,31090,1305,967605,2286800
3450,63,66,31027,1302,967671,2268900
3451,50,60,30977,1292,967731,2276900
3452,48,67,30929,1273,967798,2292500
3453,63,67,30866,1269,967865,2404400
3454,58,55,30808,1272,967920,2548800
3455,62,67,30746,1267,967987,2595000
3456,49,49,30697,1267,968036,2746800
3457,51,81,30646,1237,968117,2644500
3458,56,50,30590,1243,968167,2560700
3459,43,64,30547,1222,968231,2731200
3460,51,59,30496,1214,968290,2411400
3461,57,50,30439,1221,968340,2312400
3462,34,39,30405,1216,968379,2330900
3463,51,65,30354,1202,968444,2269400
3464,42,55,30312,1189,968499,2302700
3465,47,69,30265,1167,968568,2778500
3466,45,55,30220,1157,968623,2809600
3467,46,58,30174,1145,968681,2674400
3468,46,45,30128,1146,968726,2661700
3469,52,49,30076,1149,968775,2637600
3470,48,60,30028,1137,968835,2677300
3471,40,53,29988,1124,968888,3187600
3472,48,55,29940,1117,968943,2373300
3473,40,50,29900,1107,968993,2360700
3474,52,68,29848,1091,969061,2350900
3475,46,43,29802,1094,969104,2477100
3476,30,54,29772,1070,969158,2542000
3477,46,51,29726,1065,969209,2763500
3478,43,41,29683,1067,969250,2555400
3479,48,63,29635,1052,969313,2601700
3480,55,62,29580,1045,969375,2513200
3481,43,63,29537,1025,969438,2572100
3482,53,49,29484,1029,969487,2483200
3483,67,56,29417,1040,969543,3037700
3484,49,38,29368,1051,969581,2599000
3485,63,52,29305,1062,969633,2546800
3486,48,50,29257,1060,969683,2490800
3487,53,62,29204,1051,969745,2491800
3488,48,55,29156,1044,969800,2464600
3489,63,43,29093,1064,969843,2795900
3490,42,55,29051,1051,969898,2462400
3491,59,45,28992,1065,969943,2511600
3492,45,59,28947,1051,970002,2482200
3493,44,56,28903,1039,970058,2442600
3494,52,48,28851,1043,970106,2411300
3495,53,38,28798,1058,970144,2412400
3496,61,57,28737,1062,970201,2478400
3497,46,50,28691,1058,970251,2399500
3498,57,62,28634,1053,970313,2401900
3499,52,57,28582,1048,970370,2446300
3500,54,58,28528,1044,970428,2423100
3501,55,53,28473,1046,970481,2775100
3502,49,45,28424,1050,970526,2566500
3503,49,54,28375,1045,970580,2424700
3504,59,44,28316,1060,970624,2426800
3505,68,44,28248,1084,970668,2367500
3506,50,52,28198,1082,970720,2363300
3507,54,51,28144,1085,970771,2413600
3508,49,53,28095,1081,970824,2544300
3509,53,55,28042,1079,970879,2598800
3510,54,55,27988,1078,970934,2451300
3511,42,49,27946,1071,970983,2447700
3512,45,50,27901,1066,971033,2429600
3513,46,47,27855,1065,971080,2383000
3514,37,48,27818,1054,971128,2678800
3515,32,58,27786,1028,971186,2529500
3516,49,53,27737,1024,971239,2374900
3517,52,45,27685,1031,971284,2386900
3518,55,57,27630,1029,971341,2393000
3519,41,48,27589,1022,971389,2426900
3520,49,46,27540,1025,971435,2409900
3521,49,52,27491,1022,971487,2367500
3522,51,52,27440,1021,971539,2349800
3523,66,47,27374,1040,971586,2366400
3524,47,55,27327,1032,971641,2350500
3525,39,58,27288,1013,971699,2362600
3526,50,55,27238,1008,971754,2392600
3527,34,59,27204,983,971813,2415000
3528,42,46,27162,979,971859,2391100
3529,43,45,27119,977,971904,2391300
3530,50,48,27069,979,971952,2390500
3531,32,45,27037,966,971997,2380300
3532,45,54,26992,957,972051,2343300
3533,41,51,26951,947,972102,2400400
3534,38,46,26913,939,972148,2304500
3535,51,45,26862,945,972193,2320500
3536,34,39,26828,940,972232,2370300
3537,38,50,26790,928,972282,2379500
3538,36,40,26754,924,972322,2354600
3539,34,55,26720,903,972377,2451800
3540,54,50,26666,907,972427,2347700
3541,43,41,26623,909,972468,2314400
3542,38,45,26585,902,972513,2303100
3543,37,42,26548,897,972555,2287700
3544,49,46,26499,900,972601,2313200
3545,45,51,26454,894,972652,2279400
3546,47,48,26407,893,972700,2348100
3547,47,38,26360,902,972738,2297400
3548,33,46,26327,889,972784,2281700
3549,38,50,26289,877,972834,2304100
3550,45,37,26244,885,972871,2304000
3551,40,39,26204,886,972910,2294600
3552,42,36,26162,892,972946,2282600
3553,36,35,26126,893,972981,2394200
3554,49,40,26077,902,973021,2323400
3555,41,57,26036,886,973078,2302700
3556,37,43,25999,880,973121,2276600
3557,40,43,25959,877,973164,2309400
3558,32,38,25927,871,973202,2284700
3559,34,34,25893,871,973236,2581200
3560,39,51,25854,859,973287,2392400
3561,32,43,25822,848,973330,2288800
3562,35,35,25787,848,973365,2573400
3563,38,33,25749,853,973398,2611500
3564,34,42,25715,845,973440,2328800
3565,41,43,25674,843,973483,2422800
3566,41,41,25633,843,973524,2546200
3567,33,50,25600,826,973574,2295600
3568,35,48,25565,813,973622,2255200
3569,32,49,25533,796,973671,2275300
3570,30,44,25503,782,973715,2278700
3571,31,40,25472,773,973755,2234600
3572,36,44,25436,765,973799,2264100
3573,36,35,25400,766,973834,2255100
3574,35,39,25365,762,973873,2268000
3575,34,41,25331,755,973914,2279200
3576,31,43,25300,743,973957,2538100
3577,43,28,25257,758,973985,2586300
3578,45,44,25212,759,974029,2329000
3579,40,43,25172,756,974072,2683900
3580,38,39,25134,755,974111,2396800
3581,31,32,25103,754,974143,2339500
3582,39,38,25064,755,974181,2325300
3583,35,29,25029,761,974210,2287100
3584,33,30,24996,764,974240,2274100
3585,28,32,24968,760,974272,2544100
3586,34,37,24934,757,974309,2380500
3587,32,34,24902,755,974343,2367100
3588,29,43,24873,741,974386,2418900
3589,38,33,24835,746,974419,2344500
3590,35,50,24800,731,974469,2324700
3591,58,35,24742,754,974504,2386200
3592,42,42,24700,754,974546,2583700
3593,37,38,24663,753,974584,2427900
3594,38,33,24625,758,974617,2277300
3595,41,37,24584,762,974654,2351200
3596,41,38,24543,765,974692,2300500
3597,36,40,24507,761,974732,2337300
3598,39,39,24468,761,974771,2354800
3599,39,38,24429,762,974809,2318700
3600,30,40,24399,752,974849,2662200
3601,29,51,24370,730,974900,2378300
3602,36,35,24334,731,974935,2334300
3603,35,28,24299,738,974963,2314600
3604,41,46,24258,733,975009,2285300
3605,33,43,24225,723,975052,2320900
3606,46,34,24179,735,975086,2343400
3607,36,36,24143,735,975122,2316100
3608,34,41,24109,728,975163,2325100
3609,38,40,24071,726,975203,2300000
3610,30,27,24041,729,975230,2434000
3611,22,41,24019,710,975271,2500200
3612,44,28,23975,726,975299,2468600
3613,37,39,23938,724,975338,2477900
3614,38,38,23900,724,975376,2412500
3615,34,38,23866,720,975414,2677400
3616,32,34,23834,718,975448,2299600
3617,54,40,23780,732,975488,2310600
3618,38,39,23742,731,975527,2253100
3619,39,30,23703,740,975557,2234700
3620,47,41,23656,746,975598,2753400
3621,41,36,23615,751,975634,2504300
3622,37,43,23578,745,975677,2282200
3623,42,30,23536,757,975707,2315400
3624,41,38,23495,760,975745,2398300
3625,35,27,23460,768,975772,2315400
3626,29,45,23431,752,975817,2291700
3627,40,35,23391,757,975852,2276200
3628,32,34,23359,755,975886,2278200
3629,37,34,23322,758,975920,2663900
3630,31,27,23291,762,975947,2376600
3631,23,35,23268,750,975982,2286000
3632,31,38,23237,743,976020,2332300
3633,41,33,23196,751,976053,2308800
3634,33,44,23163,740,976097,2406600
3635,34,28,23129,746,976125,2373000
3636,32,34,23097,744,976159,2372200
3637,35,50,23062,729,976209,2371200
3638,37,35,23025,731,976244,2411400
3639,32,44,22993,719,976288,2374100
3640,29,28,22964,720,976316,2303100
3641,27,32,22937,715,976348,2283000
3642,25,28,22912,712,976376,2269000
3643,36,36,22876,712,976412,2457800
3644,32,45,22844,699,976457,2517800
3645,32,36,22812,695,976493,2318900
3646,19,29,22793,685,976522,2298900
3647,33,36,22760,682,976558,2284200
3648,35,31,22725,686,976589,2386100
3649,28,44,22697,670,976633,2306200
3650,33,29,22664,674,976662,2296600
3651,29,32,22635,671,976694,2283500
3652,34,35,22601,670,976729,2356500
3653,41,37,22560,674,976766,2627400
3654,37,37,22523,674,976803,2392500
3655,36,32,22487,678,976835,2326800
3656,45,34,22442,689,976869,2321600
3657,38,32,22404,695,976901,2281900
3658,37,25,22367,707,976926,2321100
3659,36,40,22331,703,976966,2293800
3660,36,44,22295,695,977010,2266600
3661,40,29,22255,706,977039,2273500
3662,31,35,22224,702,977074,2401100
3663,29,38,22195,693,977112,2488800
3664,35,30,22160,698,977142,2398400
3665,37,35,22123,700,977177,2363400
3666,40,34,22083,706,977211,2448900
3667,30,35,22053,701,977246,2506600
3668,45,34,22008,712,977280,2399600
3669,41,34,21967,719,977314,2551400
3670,31,30,21936,720,977344,2408900
3671,39,29,21897,730,977373,2378400
3672,41,27,21856,744,977400,2422100
3673,46,40,21810,750,977440,2421000
3674,27,46,21783,731,977486,2482100
3675,28,35,21755,724,977521,2440200
3676,36,50,21719,710,977571,2555600
3677,34,31,21685,713,977602,3001000
3678,31,34,21654,710,977636,2713000
3679,27,40,21627,697,977676,2635100
3680,32,33,21595,696,977709,3013400
3681,24,42,21571,678,977751,3168200
3682,38,37,21533,679,977788,3869500
3683,33,26,21500,686,977814,4070800
3684,31,27,21469,690,977841,4444000
3685,26,33,21443,683,977874,3680000
3686,23,36,21420,670,977910,4728300
3687,37,32,21383,675,977942,4133200
3688,20,42,21363,653,977984,3579600
3689,24,42,21339,635,978026,3520400
3690,29,22,21310,642,978048,3678000
3691,32,31,21278,643,978079,3841300
3692,29,38,21249,634,978117,3479300
3693,27,23,21222,638,978140,3414300
3694,30,40,21192,628,978180,3280200
3695,29,34,21163,623,978214,3420500
3696,29,23,21134,629,978237,3239400
3697,28,29,21106,628,978266,3640100
3698,28,37,21078,619,978303,3309800
3699,28,38,21050,609,978341,3353100
3700,32,31,21018,610,978372,2857900
3701,21,26,20997,605,978398,3256100
3702,25,30,20972,600,978428,2880300
3703,24,21,20948,603,978449,3369100
3704,23,35,20925,591,978484,3153300
3705,22,29,20903,584,978513,3339100
3706,25,35,20878,574,978548,3266500
3707,15,42,20863,547,978590,2654800
3708,27,38,20836,536,978628,3000000
3709,27,29,20809,534,978657,3245800
3710,24,21,20785,537,978678,3335100
3711,33,24,20752,546,978702,3210600
3712,32,30,20720,548,978732,3344000
3713,25,29,20695,544,978761,3288700
3714,40,31,20655,553,978792,2655000
3715,33,26,20622,560,978818,3612600
3716,32,24,20590,568,978842,3653000
3717,30,39,20560,559,978881,3511400
3718,23,26,20537,556,978907,3768600
3719,26,29,20511,553,978936,3547400
3720,27,20,20484,560,978956,3537900
3721,22,23,20462,559,978979,3537500
3722,34,23,20428,570,979002,3191100
3723,26,29,20402,567,979031,3130800
3724,28,20,20374,575,979051,3268900
3725,33,26,20341,582,979077,2801900
3726,27,28,20314,581,979105,2937200
3727,27,30,20287,578,979135,2662900
3728,24,26,20263,576,979161,2548800
3729,30,27,20233,579,979188,2533800
3730,34,25,20199,588,979213,2520900
3731,29,28,20170,589,979241,2532800
3732,26,32,20144,583,979273,2501400
3733,23,29,20121,577,979302,2639800
3734,25,20,20096,582,979322,2576000
3735,20,28,20076,574,979350,2557800
3736,32,39,20044,567,979389,2530700
3737,40,33,20004,574,979422,2872300
3738,34,38,19970,570,979460,3449500
3739,21,26,19949,565,979486,3467700
3740,27,26,19922,566,979512,2664500
3741,33,30,19889,569,979542,3489200
3742,27,32,19862,564,979574,2938200
3743,32,22,19830,574,979596,2541800
3744,28,23,19802,579,979619,2577900
3745,28,39,19774,568,979658,2689100
3746,29,30,19745,567,979688,2515500
3747,27,33,19718,561,979721,2606100
3748,28,25,19690,564,979746,2653700
3749,25,26,19665,563,979772,2562600
3750,27,26,19638,564,979798,2496200
3751,21,31,19617,554,979829,2531200
3752,24,28,19593,550,979857,2518100
3753,28,29,19565,549,979886,3088700
3754,30,31,19535,548,979917,2784200
3755,18,28,19517,538,979945,2645600
3756,19,33,19498,524,979978,2487900
3757,29,30,19469,523,980008,2639900
3758,30,23,19439,530,980031,2654400
3759,25,26,19414,529,980057,2560600
3760,22,23,19392,528,980080,2454300
3761,26,27,19366,527,980107,3296200
3762,21,31,19345,517,980138,3253000
3763,22,18,19323,521,980156,2582800
3764,23,18,19300,526,980174,2981700
3765,19,32,19281,513,980206,3186800
3766,21,27,19260,507,980233,2836400
3767,25,29,19235,503,980262,2852900
3768,19,27,19216,495,980289,2987200
3769,28,18,19188,505,980307,2662800
3770,19,27,19169,497,980334,2561700
3771,29,20,19140,506,980354,2529800
3772,25,30,19115,501,980384,2576300
3773,24,17,19091,508,980401,2524200
3774,21,31,19070,498,980432,2500500
3775,24,28,19046,494,980460,3016100
3776,19,21,19027,492,980481,3478000
3777,26,25,19001,493,980506,3206800
3778,20,19,18981,494,980525,4237200
3779,29,33,18952,490,980558,4504200
3780,21,20,18931,491,980578,8248500
3781,21,23,18910,489,980601,3847600
3782,20,24,18890,485,980625,3816100
3783,28,21,18862,492,980646,3775700
3784,16,32,18846,476,980678,3698100
3785,21,27,18825,470,980705,3722300
3786,24,17,18801,477,980722,4047100
3787,22,11,18779,488,980733,3701000
3788,22,28,18757,482,980761,3583000
3789,20,31,18737,471,980792,2961300
3790,21,33,18716,459,980825,2666500
3791,22,26,18694,455,980851,2625600
3792,20,24,18674,451,980875,2581900
3793,25,24,18649,452,980899,2802700
3794,17,34,18632,435,980933,2448000
3795,17,12,18615,440,980945,2443400
3796,20,20,18595,440,980965,2774500
3797,16,20,18579,436,980985,2624300
3798,9,15,18570,430,981000,2949700
3799,22,17,18548,435,981017,2601900
3800,23,18,18525,440,981035,2655900
3801,26,23,18499,443,981058,2619400
3802,19,22,18480,440,981080,3372500
3803,16,18,18464,438,981098,2936600
3804,26,18,18438,446,981116,2570300
3805,23,24,18415,445,981140,2558700
3806,14,32,18401,427,981172,2862400
3807,18,17,18383,428,981189,2684200
3808,16,16,18367,428,981205,2767900
3809,18,23,18349,423,981228,2768100
3810,16,20,18333,419,981248,2605300
3811,22,14,18311,427,981262,2634500
3812,15,17,18296,425,981279,2574200
3813,24,21,18272,428,981300,2627500
3814,22,23,18250,427,981323,3137300
3815,16,28,18234,415,981351,2823000
3816,20,21,18214,414,981372,2688600
3817,23,24,18191,413,981396,3549000
3818,23,19,18168,417,981415,3460500
3819,22,17,18146,422,981432,3561800
3820,17,24,18129,415,981456,3843900
3821,19,23,18110,411,981479,2850700
3822,16,23,18094,404,981502,3255200
3823,13,26,18081,391,981528,3022100
3824,17,14,18064,394,981542,3527000
3825,15,18,18049,391,981560,3499200
3826,15,23,18034,383,981583,3123000
3827,16,18,18018,381,981601,11239400
3828,18,18,18000,381,981619,5471700
3829,15,19,17985,377,981638,3157800
3830,16,24,17969,369,981662,2943100
3831,19,25,17950,363,981687,3541200
3832,14,14,17936,363,981701,2913100
3833,14,21,17922,356,981722,2852800
3834,18,22,17904,352,981744,3638900
3835,20,16,17884,356,981760,2970800
3836,13,24,17871,345,981784,2960300
3837,14,14,17857,345,981798,3069600
3838,15,16,17842,344,981814,3527600
3839,13,14,17829,343,981828,3333400
3840,12,16,17817,339,981844,3178400
3841,8,13,17809,334,981857,3261200
3842,13,13,17796,334,981870,3233200
3843,16,24,17780,326,981894,2780600
3844,17,18,17763,325,981912,2843400
3845,19,25,17744,319,981937,3364300
3846,12,22,17732,309,981959,3633800
3847,11,13,17721,307,981972,3660500
3848,10,11,17711,306,981983,3803800
3849,9,15,17702,300,981998,3826100
3850,13,12,17689,301,982010,3670000
3851,14,20,17675,295,982030,3776300
3852,17,16,17658,296,982046,2813000
3853,21,10,17637,307,982056,2849800
3854,14,14,17623,307,982070,2932300
3855,15,13,17608,309,982083,3381000
3856,23,11,17585,321,982094,3008700
3857,19,14,17566,326,982108,2845500
3858,24,10,17542,340,982118,3605800
3859,10,6,17532,344,982124,3590700
3860,18,17,17514,345,982141,3591400
3861,13,18,17501,340,982159,3404900
3862,15,17,17486,338,982176,3920400
3863,18,21,17468,335,982197,3538800
3864,19,17,17449,337,982214,3856600
3865,25,13,17424,349,982227,3463400
3866,25,14,17399,360,982241,3507800
3867,18,21,17381,357,982262,2813700
3868,14,19,17367,352,982281,19914000
3869,20,18,17347,354,982299,2886900
3870,29,18,17318,365,982317,3099200
3871,17,15,17301,367,982332,3353600
3872,17,23,17284,361,982355,3633500
3873,20,21,17264,360,982376,3304000
3874,15,15,17249,360,982391,3725700
3875,14,14,17235,360,982405,3661600
3876,19,11,17216,368,982416,3346900
3877,18,16,17198,370,982432,3868300
3878,14,22,17184,362,982454,2822400
3879,16,20,17168,358,982474,3053800
3880,17,16,17151,359,982490,3370100
3881,12,14,17139,357,982504,3441600
3882,11,19,17128,349,982523,3331100
3883,10,19,17118,340,982542,3439500
3884,12,21,17106,331,982563,4082000
3885,17,14,17089,334,982577,3705900
3886,21,24,17068,331,982601,2761000
3887,16,9,17052,338,982610,3096700
3888,16,23,17036,331,982633,3076300
3889,16,15,17020,332,982648,2767500
3890,16,17,17004,331,982665,3629800
3891,10,13,16994,328,982678,3635800
3892,12,21,16982,319,982699,3565200
3893,17,9,16965,327,982708,3282900
3894,13,10,16952,330,982718,2679600
3895,10,14,16942,326,982732,2677100
3896,16,13,16926,329,982745,2528500
3897,11,17,16915,323,982762,2507100
3898,17,19,16898,321,982781,2467000
3899,10,14,16888,317,982795,2542200
3900,7,20,16881,304,982815,2485700
3901,13,18,16868,299,982833,2791000
3902,14,19,16854,294,982852,2448800
3903,11,17,16843,288,982869,2454800
3904,6,15,16837,279,982884,2463300
3905,13,10,16824,282,982894,2397800
3906,13,16,16811,279,982910,2509400
3907,17,11,16794,285,982921,2471100
3908,9,16,16785,278,982937,2581600
3909,13,12,16772,279,982949,2445300
3910,13,15,16759,277,982964,2449200
3911,15,20,16744,272,982984,2415900
3912,14,14,16730,272,982998,2404500
3913,17,9,16713,280,983007,2442200
3914,16,12,16697,284,983019,2414300
3915,12,17,16685,279,983036,2397300
3916,14,11,16671,282,983047,2815100
3917,9,14,16662,277,983061,2903400
3918,16,12,16646,281,983073,3466600
3919,13,12,16633,282,983085,3483500
3920,17,11,16616,288,983096,3207800
3921,17,13,16599,292,983109,2456300
3922,24,15,16575,301,983124,2415700
3923,11,10,16564,302,983134,2435600
3924,13,11,16551,304,983145,2427800
3925,9,13,16542,300,983158,2398500
3926,13,16,16529,297,983174,2380000
3927,16,10,16513,303,983184,2372800
3928,14,14,16499,303,983198,2373000
3929,10,16,16489,297,983214,2419800
3930,9,21,16480,285,983235,2390200
3931,14,10,16466,289,983245,2388500
3932,15,10,16451,294,983255,2412200
3933,20,10,16431,304,983265,2402200
3934,12,14,16419,302,983279,2408300
3935,13,18,16406,297,983297,2396200
3936,14,10,16392,301,983307,2376800
3937,6,19,16386,288,983326,2374700
3938,1,18,16385,271,983344,2397000
3939,6,12,16379,265,983356,2385500
3940,10,12,16369,263,983368,2389700
3941,10,12,16359,261,983380,2390600
3942,6,21,16353,246,983401,2699000
3943,7,13,16346,240,983414,2683400
3944,11,12,16335,239,983426,2525000
3945,10,11,16325,238,983437,2405500
3946,9,9,16316,238,983446,2403500
3947,11,7,16305,242,983453,2435100
3948,6,8,16299,240,983461,2536700
3949,10,14,16289,236,983475,2542300
3950,8,10,16281,234,983485,2730600
3951,5,12,16276,227,983497,2686200
3952,11,12,16265,226,983509,2963200
3953,3,10,16262,219,983519,2693000
3954,9,16,16253,212,983535,3501400
3955,8,5,16245,215,983540,3587100
3956,5,9,16240,211,983549,3073100
3957,9,17,16231,203,983566,3078700
3958,14,10,16217,207,983576,2714700
3959,10,13,16207,204,983589,2439900
3960,13,13,16194,204,983602,2432900
3961,15,9,16179,210,983611,2435800
3962,9,7,16170,212,983618,2474000
3963,10,6,16160,216,983624,2409400
3964,10,13,16150,213,983637,2392400
3965,9,5,16141,217,983642,2397500
3966,14,10,16127,221,983652,2447200
3967,9,12,16118,218,983664,2670600
3968,10,12,16108,216,983676,2545100
3969,11,11,16097,216,983687,2502700
3970,11,14,16086,213,983701,2475500
3971,8,17,16078,204,983718,2531400
3972,7,14,16071,197,983732,2414700
3973,5,10,16066,192,983742,2352200
3974,5,11,16061,186,983753,2342100
3975,9,13,16052,182,983766,2346100
3976,5,16,16047,171,983782,2411500
3977,5,9,16042,167,983791,2730500
3978,6,8,16036,165,983799,2434700
3979,6,11,16030,160,983810,2456400
3980,6,7,16024,159,983817,2729400
3981,8,5,16016,162,983822,2371800
3982,6,10,16010,158,983832,2360200
3983,13,11,15997,160,983843,2357900
3984,13,6,15984,167,983849,2651200
3985,6,7,15978,166,983856,2723500
3986,7,10,15971,163,983866,2330600
3987,8,10,15963,161,983876,2335900
3988,7,6,15956,162,983882,2414700
3989,4,8,15952,158,983890,2371100
3990,7,10,15945,155,983900,2390600
3991,8,4,15937,159,983904,2360200
3992,5,5,15932,159,983909,2396600
3993,3,10,15929,152,983919,2422900
3994,1,9,15928,144,983928,2376600
3995,5,10,15923,139,983938,2357800
3996,7,12,15916,134,983950,2392700
3997,9,8,15907,135,983958,2386600
3998,5,6,15902,134,983964,2370800
3999,4,7,15898,131,983971,2367600
4000,3,12,15895,122,983983,2364400
4001,6,10,15889,118,983993,2305100
4002,5,6,15884,117,983999,2319100
4003,11,9,15873,119,984008,2342400
4004,5,6,15868,118,984014,2327400
4005,5,6,15863,117,984020,2337500
4006,4,5,15859,116,984025,6157600
4007,7,3,15852,120,984028,4158000
4008,6,3,15846,123,984031,2916700
4009,3,8,15843,118,984039,2846500
4010,5,2,15838,121,984041,3348200
4011,2,6,15836,117,984047,2885300
4012,3,5,15833,115,984052,3009200
4013,2,5,15831,112,984057,2870600
4014,8,2,15823,118,984059,2863700
4015,2,7,15821,113,984066,2849100
4016,4,3,15817,114,984069,3172600
4017,6,9,15811,111,984078,2855200
4018,6,4,15805,113,984082,2587600
4019,3,2,15802,114,984084,2525300
4020,8,5,15794,117,984089,2544000
4021,6,8,15788,115,984097,3601600
4022,4,4,15784,115,984101,2446800
4023,6,2,15778,119,984103,2426600
4024,5,2,15773,122,984105,2551000
4025,8,2,15765,128,984107,2975400
4026,7,9,15758,126,984116,2776000
4027,7,7,15751,126,984123,2721800
4028,4,8,15747,122,984131,2895500
4029,5,7,15742,120,984138,2803800
4030,4,4,15738,120,984142,2651400
4031,5,4,15733,121,984146,2520100
4032,6,8,15727,119,984154,2686700
4033,5,7,15722,117,984161,2479900
4034,9,8,15713,118,984169,2504700
4035,6,5,15707,119,984174,2460500
4036,5,4,15702,120,984178,2665200
4037,8,8,15694,120,984186,2410100
4038,4,7,15690,117,984193,2368100
4039,3,8,15687,112,984201,2398200
4040,7,10,15680,109,984211,2371900
4041,3,9,15677,103,984220,2344100
4042,7,6,15670,104,984226,2310800
4043,7,6,15663,105,984232,2317100
4044,5,10,15658,100,984242,2289500
4045,4,4,15654,100,984246,2579700
4046,8,4,15646,104,984250,2341500
4047,6,5,15640,105,984255,2334700
4048,6,6,15634,105,984261,2302900
4049,7,3,15627,109,984264,2289800
4050,8,4,15619,113,984268,2706200
4051,11,7,15608,117,984275,2266300
4052,3,7,15605,113,984282,2265700
4053,5,3,15600,115,984285,2244200
4054,5,8,15595,112,984293,2228900
4055,8,5,15587,115,984298,2375100
4056,11,6,15576,120,984304,2300600
4057,4,13,15572,111,984317,2273400
4058,0,6,15572,105,984323,2325800
4059,4,7,15568,102,984330,2413300
4060,5,4,15563,103,984334,2399200
4061,5,8,15558,100,984342,2320500
4062,5,4,15553,101,984346,2278200
4063,2,6,15551,97,984352,2264800
4064,3,6,15548,94,984358,2466600
4065,5,7,15543,92,984365,2284300
4066,3,7,15540,88,984372,2277400
4067,6,4,15534,90,984376,2321100
4068,4,3,15530,91,984379,2427700
4069,2,4,15528,89,984383,3124500
4070,4,4,15524,89,984387,3148700
4071,3,3,15521,89,984390,4005600
4072,3,4,15518,88,984394,2840100
4073,5,3,15513,90,984397,3443100
4074,5,6,15508,89,984403,2895800
4075,3,2,15505,90,984405,2665800
4076,4,2,15501,92,984407,2594800
4077,2,5,15499,89,984412,3739200
4078,8,2,15491,95,984414,3777200
4079,6,4,15485,97,984418,3106000
4080,4,7,15481,94,984425,2522200
4081,3,7,15478,90,984432,2539200
4082,2,3,15476,89,984435,3037600
4083,3,4,15473,88,984439,2535900
4084,5,5,15468,88,984444,2555400
4085,5,6,15463,87,984450,2607300
4086,2,0,15461,89,984450,2546600
4087,2,8,15459,83,984458,2619100
4088,3,4,15456,82,984462,2754600
4089,4,6,15452,80,984468,2640200
4090,4,2,15448,82,984470,3298600
4091,1,2,15447,81,984472,3313700
4092,2,5,15445,78,984477,2894300
4093,1,6,15444,73,984483,4716100
4094,4,4,15440,73,984487,3459900
4095,4,3,15436,74,984490,4927600
4096,1,3,15435,72,984493,3262300
4097,2,2,15433,72,984495,4117300
4098,5,3,15428,74,984498,3846600
4099,4,3,15424,75,984501,3182400
4100,2,3,15422,74,984504,3651700
4101,4,3,15418,75,984507,3656600
4102,2,6,15416,71,984513,3655400
4103,1,4,15415,68,984517,3462300
4104,0,3,15415,65,984520,3026200
4105,1,2,15414,64,984522,3286800
4106,1,3,15413,62,984525,3214900
4107,2,3,15411,61,984528,3259400
4108,0,1,15411,60,984529,14364100
4109,6,1,15405,65,984530,3994200
4110,2,4,15403,63,984534,3862300
4111,3,2,15400,64,984536,4935800
4112,2,6,15398,60,984542,3520000
4113,2,4,15396,58,984546,3442700
4114,1,3,15395,56,984549,3798700
4115,1,3,15394,54,984552,3385000
4116,0,1,15394,53,984553,3465100
4117,3,2,15391,54,984555,3687600
4118,2,2,15389,54,984557,3281700
4119,0,4,15389,50,984561,3704500
4120,2,1,15387,51,984562,2843900
4121,2,4,15385,49,984566,3105200
4122,3,1,15382,51,984567,2717200
4123,3,5,15379,49,984572,2837400
4124,0,3,15379,46,984575,3130700
4125,3,0,15376,49,984575,3061400
4126,3,7,15373,45,984582,3177000
4127,0,0,15373,45,984582,2868800
4128,0,2,15373,43,984584,3302700
4129,1,0,15372,44,984584,3134400
4130,2,2,15370,44,984586,3916300
4131,0,2,15370,42,984588,3133900
4132,1,1,15369,42,984589,2692200
4133,2,1,15367,43,984590,2768500
4134,1,5,15366,39,984595,2782100
4135,3,3,15363,39,984598,2616000
4136,1,2,15362,38,984600,2542500
4137,2,1,15360,39,984601,2559500
4138,2,3,15358,38,984604,2696500
4139,2,0,15356,40,984604,3170200
4140,2,0,15354,42,984604,2944200
4141,1,0,15353,43,984604,3081900
4142,2,1,15351,44,984605,2758700
4143,2,1,15349,45,984606,2872200
4144,3,3,15346,45,984609,2757400
4145,2,0,15344,47,984609,3249600
4146,1,2,15343,46,984611,3253000
4147,2,1,15341,47,984612,2933100
4148,1,7,15340,41,984619,3208500
4149,0,4,15340,37,984623,2507200
4150,1,2,15339,36,984625,2663300
4151,0,1,15339,35,984626,3037200
4152,1,1,15338,35,984627,2896700
4153,1,1,15337,35,984628,2692600
4154,1,1,15336,35,984629,2591300
4155,0,1,15336,34,984630,2532700
4156,0,4,15336,30,984634,2507700
4157,1,1,15335,30,984635,2386000
4158,1,1,15334,30,984636,2410000
4159,1,2,15333,29,984638,2365200
4160,1,3,15332,27,984641,2394300
4161,0,2,15332,25,984643,2413400
4162,0,0,15332,25,984643,2900500
4163,0,1,15332,24,984644,2736800
4164,0,1,15332,23,984645,2445000
4165,0,0,15332,23,984645,2405700
4166,0,0,15332,23,984645,2401700
4167,1,2,15331,22,984647,2438100
4168,0,2,15331,20,984649,2575800
4169,0,0,15331,20,984649,3244200
4170,0,2,15331,18,984651,3294100
4171,0,0,15331,18,984651,2678100
4172,1,1,15330,18,984652,3075100
4173,0,1,15330,17,984653,3049900
4174,1,1,15329,17,984654,2672900
4175,0,3,15329,14,984657,2743400
4176,0,1,15329,13,984658,2775400
4177,1,1,15328,13,984659,2548500
4178,0,0,15328,13,984659,2540800
4179,0,0,15328,13,984659,2525600
4180,0,0,15328,13,984659,2537600
4181,0,2,15328,11,984661,2692500
4182,0,0,15328,11,984661,2487300
4183,0,0,15328,11,984661,2706800
4184,0,0,15328,11,984661,2614600
4185,0,0,15328,11,984661,2549700
4186,0,1,15328,10,984662,3665300
4187,0,0,15328,10,984662,3416700
4188,0,0,15328,10,984662,3508300
4189,0,1,15328,9,984663,3437600
4190,2,0,15326,11,984663,3013900
4191,1,1,15325,11,984664,3497600
4192,0,0,15325,11,984664,2615700
4193,0,0,15325,11,984664,2818500
4194,0,0,15325,11,984664,4051500
4195,0,0,15325,11,984664,3535500
4196,0,0,15325,11,984664,3151900
4197,0,0,15325,11,984664,3033900
4198,1,0,15324,12,984664,3187600
4199,1,0,15323,13,984664,3988400
4200,1,1,15322,13,984665,2591800
4201,0,0,15322,13,984665,2477300
4202,0,0,15322,13,984665,2472500
4203,0,0,15322,13,984665,2539600
4204,0,2,15322,11,984667,2445000
4205,0,2,15322,9,984669,2535500
4206,0,1,15322,8,984670,2400200
4207,0,0,15322,8,984670,2410600
4208,0,0,15322,8,984670,2872600
4209,0,0,15322,8,984670,2527300
4210,0,1,15322,7,984671,2387900
4211,0,0,15322,7,984671,3383200
4212,0,1,15322,6,984672,2505000
4213,0,0,15322,6,984672,2550400
4214,0,1,15322,5,984673,2481400
4215,0,0,15322,5,984673,2546400
4216,0,0,15322,5,984673,2722600
4217,0,1,15322,4,984674,2367000
4218,0,0,15322,4,984674,2434600
4219,0,0,15322,4,984674,2461800
4220,0,1,15322,3,984675,2564400
4221,0,0,15322,3,984675,2657900
4222,0,0,15322,3,984675,2297800
4223,0,0,15322,3,984675,2404300
4224,0,0,15322,3,984675,2300800
4225,0,0,15322,3,984675,2247600
4226,0,0,15322,3,984675,2286600
4227,0,0,15322,3,984675,2273100
4228,0,0,15322,3,984675,2237300
4229,0,0,15322,3,984675,2251100
4230,0,0,15322,3,984675,2371100
4231,0,0,15322,3,984675,2253100
4232,0,0,15322,3,984675,2230800
4233,0,0,15322,3,984675,2310500
4234,0,0,15322,3,984675,2303700
4235,0,0,15322,3,984675,2330100
4236,0,0,15322,3,984675,2269400
4237,0,0,15322,3,984675,2266000
4238,0,0,15322,3,984675,2246100
4239,0,2,15322,1,984677,2243300
4240,0,0,15322,1,984677,2279400
4241,0,0,15322,1,984677,2291800
4242,0,0,15322,1,984677,2283900
4243,0,0,15322,1,984677,2322600
4244,0,0,15322,1,984677,2357800
4245,0,0,15322,1,984677,2405100
4246,0,0,15322,1,984677,2273900
4247,0,0,15322,1,984677,2259600
4248,0,0,15322,1,984677,2279200
4249,0,0,15322,1,984677,2789600
4250,0,0,15322,1,984677,2271200
4251,0,0,15322,1,984677,2267200
4252,0,0,15322,1,984677,2232500
4253,0,0,15322,1,984677,2253200
4254,0,0,15322,1,984677,2338300
4255,0,0,15322,1,984677,2289500
4256,0,0,15322,1,984677,2278900
4257,0,0,15322,1,984677,2274300
4258,0,0,15322,1,984677,2326800
4259,0,0,15322,1,984677,2303600
4260,0,0,15322,1,984677,2254500
4261,0,0,15322,1,984677,2247200
4262,0,0,15322,1,984677,2231300
4263,0,0,15322,1,984677,2468600
4264,0,0,15322,1,984677,2233200
4265,0,0,15322,1,984677,2203800
4266,0,0,15322,1,984677,2227900
4267,0,0,15322,1,984677,2230500
4268,0,0,15322,1,984677,2272100
4269,0,0,15322,1,984677,2258500
4270,0,0,15322,1,984677,2230400
4271,0,0,15322,1,984677,2220900
4272,0,0,15322,1,984677,2242100
4273,0,0,15322,1,984677,2268800
4274,0,0,15322,1,984677,2342300
4275,0,0,15322,1,984677,2298500
4276,0,0,15322,1,984677,2292100
4277,0,0,15322,1,984677,2303000
4278,0,0,15322,1,984677,2287400
4279,0,0,15322,1,984677,2246700
4280,0,0,15322,1,984677,2259000
4281,0,0,15322,1,984677,2272400
4282,0,0,15322,1,984677,2275100
4283,0,0,15322,1,984677,2268800
4284,0,0,15322,1,984677,2239200
4285,0,0,15322,1,984677,2307500
4286,0,0,15322,1,984677,2309100
4287,0,0,15322,1,984677,2386400
4288,0,0,15322,1,984677,2334400
4289,0,1,15322,0,984678,2318800
