Tick,NewlyInfected,NewlyRecovered,TotalSusceptible,TotalInfected,TotalRecovered,StepTimeNanos
0,1,1,999994,5,1,2397400
1,1,0,999993,6,1,2361000
2,0,1,999993,5,2,2240700
3,2,0,999991,7,2,2198400
4,1,0,999990,8,2,2219300
5,2,1,999988,9,3,2508800
6,1,0,999987,10,3,2336000
7,2,3,999985,9,6,2220700
8,2,1,999983,10,7,2219700
9,1,1,999982,10,8,2224200
10,2,0,999980,12,8,2208400
11,3,0,999977,15,8,2222800
12,6,3,999971,18,11,2222000
13,2,1,999969,19,12,2210700
14,2,0,999967,21,12,2206500
15,2,2,999965,21,14,2209200
16,3,0,999962,24,14,2211600
17,5,2,999957,27,16,2209400
18,3,3,999954,27,19,2248500
19,4,1,999950,30,20,2208700
20,0,1,999950,29,21,2199600
21,4,2,999946,31,23,2220800
22,3,2,999943,32,25,2201600
23,1,1,999942,32,26,2206200
24,3,0,999939,35,26,2215200
25,3,0,999936,38,26,2205100
26,6,0,999930,44,26,2207400
27,3,1,999927,46,27,2201900
28,5,3,999922,48,30,2225100
29,3,0,999919,51,30,2223700
30,5,2,999914,54,32,2243900
31,2,0,999912,56,32,2830000
32,3,2,999909,57,34,2213500
33,4,4,999905,57,38,2196500
34,7,1,999898,63,39,2294900
35,2,5,999896,60,44,2635500
36,5,5,999891,60,49,2206000
37,1,5,999890,56,54,2202100
38,4,0,999886,60,54,2206900
39,3,3,999883,60,57,2202100
40,6,2,999877,64,59,2215800
41,10,1,999867,73,60,2222100
42,6,0,999861,79,60,2222100
43,11,4,999850,86,64,2200500
44,10,3,999840,93,67,2220600
45,10,5,999830,98,72,2208700
46,9,5,999821,102,77,2208900
47,7,5,999814,104,82,2206000
48,8,4,999806,108,86,2271900
49,15,8,999791,115,94,2214700
50,9,3,999782,121,97,2223600
51,12,6,999770,127,103,2220300
52,9,5,999761,131,108,2209100
53,8,4,999753,135,112,2248800
54,10,6,999743,139,118,2248700
55,12,7,999731,144,125,2266600
56,12,12,999719,144,137,2274300
57,13,7,999706,150,144,2250200
58,18,2,999688,166,146,2230600
59,7,9,999681,164,155,2221600
60,11,7,999670,168,162,2222900
61,9,3,999661,174,165,2258700
62,11,10,999650,175,175,2260100
63,13,11,999637,177,186,2233800
64,12,6,999625,183,192,2225000
65,16,11,999609,188,203,2218000
66,12,7,999597,193,210,2224500
67,16,12,999581,197,222,2240700
68,15,5,999566,207,227,2677600
69,15,13,999551,209,240,2277300
70,21,13,999530,217,253,2276000
71,17,8,999513,226,261,2244200
72,14,13,999499,227,274,2231300
73,21,8,999478,240,282,2222600
74,25,15,999453,250,297,2540800
75,24,10,999429,264,307,2247400
76,18,15,999411,267,322,2223900
77,15,12,999396,270,334,2234600
78,18,15,999378,273,349,2275400
79,17,9,999361,281,358,2277100
80,22,14,999339,289,372,2330400
81,20,7,999319,302,379,2633400
82,18,19,999301,301,398,2331400
83,18,19,999283,300,417,2277800
84,19,13,999264,306,430,2383200
85,18,12,999246,312,442,2356400
86,26,15,999220,323,457,2455400
87,23,10,999197,336,467,2385400
88,26,14,999171,348,481,2321800
89,28,15,999143,361,496,2282100
90,33,9,999110,385,505,2313700
91,26,14,999084,397,519,2268500
92,21,17,999063,401,536,2336900
93,19,15,999044,405,551,2291300
94,34,23,999010,416,574,2319800
95,24,17,998986,423,591,2286800
96,23,17,998963,429,608,2299700
97,27,15,998936,441,623,2302100
98,32,30,998904,443,653,2292800
99,36,26,998868,453,679,2352700
100,20,27,998848,446,706,2300700
101,30,21,998818,455,727,2302900
102,23,23,998795,455,750,2303000
103,29,23,998766,461,773,2343100
104,22,25,998744,458,798,2307700
105,36,30,998708,464,828,2404000
106,22,17,998686,469,845,2309800
107,25,21,998661,473,866,2329000
108,35,27,998626,481,893,2320600
109,36,25,998590,492,918,2320800
110,37,26,998553,503,944,2377600
111,29,26,998524,506,970,2342900
112,35,31,998489,510,1001,2330300
113,22,29,998467,503,1030,2321500
114,24,24,998443,503,1054,2308600
115,31,27,998412,507,1081,2307600
116,25,30,998387,502,1111,2323100
117,23,21,998364,504,1132,2307400
118,31,27,998333,508,1159,2385800
119,16,18,998317,506,1177,2287500
120,20,28,998297,498,1205,2294300
121,25,30,998272,493,1235,2267800
122,33,29,998239,497,1264,2276600
123,37,25,998202,509,1289,2265200
124,44,32,998158,521,1321,2308800
125,32,30,998126,523,1351,2297400
126,36,26,998090,533,1377,2300000
127,27,33,998063,527,1410,2284300
128,22,40,998041,509,1450,2295800
129,22,29,998019,502,1479,2554700
130,27,20,997992,509,1499,2423900
131,32,37,997960,504,1536,2274000
132,24,24,997936,504,1560,2252100
133,28,24,997908,508,1584,2259100
134,31,27,997877,512,1611,2255800
135,28,26,997849,514,1637,2549200
136,31,15,997818,530,1652,2470600
137,28,30,997790,528,1682,2311600
138,33,30,997757,531,1712,2274200
139,30,22,997727,539,1734,2260300
140,32,41,997695,530,1775,2270700
141,32,23,997663,539,1798,2270200
142,31,29,997632,541,1827,2415900
143,35,28,997597,548,1855,2402300
144,28,23,997569,553,1878,2348900
145,34,25,997535,562,1903,2392600
146,42,24,997493,580,1927,2304400
147,35,33,997458,582,1960,2597800
148,39,28,997419,593,1988,2340100
149,24,30,997395,587,2018,2288100
150,34,26,997361,595,2044,2376700
151,36,27,997325,604,2071,2403200
152,48,21,997277,631,2092,2353200
153,43,34,997234,640,2126,2416200
154,41,34,997193,647,2160,2312000
155,46,23,997147,670,2183,2267500
156,41,31,997106,680,2214,2269800
157,48,32,997058,696,2246,2281400
158,31,38,997027,689,2284,2269800
159,43,34,996984,698,2318,2340400
160,36,38,996948,696,2356,2291700
161,43,34,996905,705,2390,2297500
162,29,34,996876,700,2424,2277700
163,32,27,996844,705,2451,2275300
164,41,30,996803,716,2481,2262400
165,33,30,996770,719,2511,2281700
166,57,27,996713,749,2538,2270400
167,44,40,996669,753,2578,2271500
168,36,40,996633,749,2618,2250200
169,41,43,996592,747,2661,2252400
170,46,39,996546,754,2700,2270700
171,45,32,996501,767,2732,2269500
172,37,47,996464,757,2779,2265400
173,46,40,996418,763,2819,2262000
174,50,45,996368,768,2864,2275700
175,38,41,996330,765,2905,2298600
176,52,35,996278,782,2940,2253600
177,52,52,996226,782,2992,2254200
178,45,36,996181,791,3028,2270400
179,52,37,996129,806,3065,2302800
180,50,43,996079,813,3108,2297600
181,55,34,996024,834,3142,2316700
182,46,42,995978,838,3184,2326900
183,53,36,995925,855,3220,2290300
184,63,39,995862,879,3259,2380500
185,66,46,995796,899,3305,2294900
186,41,38,995755,902,3343,2321500
187,46,34,995709,914,3377,2331500
188,50,44,995659,920,3421,2299900
189,36,50,995623,906,3471,2294200
190,43,40,995580,909,3511,2336400
191,57,39,995523,927,3550,2310900
192,44,40,995479,931,3590,2282600
193,58,56,995421,933,3646,2291000
194,51,46,995370,938,3692,2275600
195,52,49,995318,941,3741,2353400
196,51,33,995267,959,3774,2467000
197,42,63,995225,938,3837,2359700
198,42,50,995183,930,3887,2365100
199,54,42,995129,942,3929,2757500
200,58,40,995071,960,3969,2419900
201,55,39,995016,976,4008,2624600
202,41,47,994975,970,4055,2355500
203,54,63,994921,961,4118,2331600
204,68,52,994853,977,4170,2325200
205,55,55,994798,977,4225,2322300
206,60,45,994738,992,4270,2322500
207,61,44,994677,1009,4314,2374500
208,47,53,994630,1003,4367,2344800
209,57,51,994573,1009,4418,2336300
210,49,59,994524,999,4477,2371600
211,56,64,994468,991,4541,2916600
212,57,57,994411,991,4598,2940900
213,57,38,994354,1010,4636,2467100
214,59,53,994295,1016,4689,2447400
215,62,56,994233,1022,4745,2390400
216,55,63,994178,1014,4808,2371300
217,52,60,994126,1006,4868,2360700
218,53,43,994073,1016,4911,2343500
219,45,51,994028,1010,4962,2340300
220,58,48,993970,1020,5010,2343300
221,55,57,993915,1018,5067,2322800
222,62,51,993853,1029,5118,2323600
223,54,71,993799,1012,5189,2561900
224,52,48,993747,1016,5237,2343600
225,45,51,993702,1010,5288,2329600
226,40,64,993662,986,5352,2327500
227,56,65,993606,977,5417,2320700
228,56,56,993550,977,5473,2308000
229,54,51,993496,980,5524,2326300
230,63,47,993433,996,5571,2298900
231,52,47,993381,1001,5618,2379500
232,52,63,993329,990,5681,2347100
233,57,52,993272,995,5733,2344600
234,55,48,993217,1002,5781,2346100
235,50,72,993167,980,5853,2381100
236,62,54,993105,988,5907,2349400
237,50,53,993055,985,5960,2369800
238,54,50,993001,989,6010,2388900
239,68,55,992933,1002,6065,2360700
240,51,55,992882,998,6120,2341700
241,64,52,992818,1010,6172,2330600
242,60,49,992758,1021,6221,2317800
243,57,50,992701,1028,6271,2696600
244,42,63,992659,1007,6334,2317600
245,49,59,992610,997,6393,2294300
246,57,42,992553,1012,6435,2295500
247,54,50,992499,1016,6485,2296800
248,46,49,992453,1013,6534,2316500
249,65,57,992388,1021,6591,2364800
250,60,52,992328,1029,6643,2343200
251,55,48,992273,1036,6691,2330800
252,44,55,992229,1025,6746,2319500
253,56,46,992173,1035,6792,2321400
254,56,55,992117,1036,6847,2315500
255,55,46,992062,1045,6893,2428800
256,53,52,992009,1046,6945,2360400
257,51,58,991958,1039,7003,2302800
258,48,46,991910,1041,7049,2295700
259,63,51,991847,1053,7100,2308700
260,55,40,991792,1068,7140,2295600
261,62,34,991730,1096,7174,2519600
262,62,60,991668,1098,7234,2591400
263,56,65,991612,1089,7299,2431700
264,43,57,991569,1075,7356,2364100
265,61,65,991508,1071,7421,2355300
266,54,63,991454,1062,7484,2369800
267,58,44,991396,1076,7528,2406600
268,51,64,991345,1063,7592,2379000
269,64,44,991281,1083,7636,2387900
270,48,50,991233,1081,7686,2416300
271,61,59,991172,1083,7745,2394200
272,71,51,991101,1103,7796,2454400
273,63,49,991038,1117,7845,3034300
274,81,45,990957,1153,7890,2818200
275,73,55,990884,1171,7945,2775800
276,76,62,990808,1185,8007,2332300
277,69,51,990739,1203,8058,2328700
278,75,43,990664,1235,8101,2496100
279,79,72,990585,1242,8173,2589400
280,85,66,990500,1261,8239,2460500
281,64,78,990436,1247,8317,2449100
282,78,54,990358,1271,8371,2447800
283,61,47,990297,1285,8418,2371500
284,78,70,990219,1293,8488,2795300
285,92,56,990127,1329,8544,2443500
286,60,59,990067,1330,8603,2346200
287,77,52,989990,1355,8655,2377600
288,100,56,989890,1399,8711,2378300
289,78,69,989812,1408,8780,2390700
290,88,65,989724,1431,8845,2398700
291,73,76,989651,1428,8921,2346100
292,84,74,989567,1438,8995,2339100
293,88,80,989479,1446,9075,2319100
294,91,69,989388,1468,9144,2329300
295,88,64,989300,1492,9208,2581200
296,92,73,989208,1511,9281,2563600
297,95,65,989113,1541,9346,2320500
298,94,69,989019,1566,9415,2335500
299,89,80,988930,1575,9495,2338800
300,78,82,988852,1571,9577,2308100
301,86,64,988766,1593,9641,2316100
302,94,83,988672,1604,9724,2318200
303,91,80,988581,1615,9804,2312900
304,107,71,988474,1651,9875,2329300
305,89,81,988385,1659,9956,2321600
306,94,71,988291,1682,10027,2312400
307,93,100,988198,1675,10127,2311300
308,102,81,988096,1696,10208,2403800
309,97,84,987999,1709,10292,2317600
310,94,68,987905,1735,10360,2322300
311,88,96,987817,1727,10456,2312100
312,107,73,987710,1761,10529,2351000
313,95,97,987615,1759,10626,2390900
314,91,94,987524,1756,10720,2417700
315,98,90,987426,1764,10810,2351100
316,86,70,987340,1780,10880,2339200
317,93,93,987247,1780,10973,2335300
318,96,105,987151,1771,11078,2316600
319,82,91,987069,1762,11169,2310500
320,90,78,986979,1774,11247,2370400
321,89,77,986890,1786,11324,2319800
322,95,106,986795,1775,11430,2327900
323,74,108,986721,1741,11538,2319600
324,101,80,986620,1762,11618,2328400
325,79,72,986541,1769,11690,2322100
326,80,88,986461,1761,11778,2671700
327,74,83,986387,1752,11861,2389700
328,77,81,986310,1748,11942,2338300
329,88,90,986222,1746,12032,2342600
330,103,75,986119,1774,12107,2336300
331,73,92,986046,1755,12199,2350000
332,79,94,985967,1740,12293,2650900
333,95,100,985872,1735,12393,2335400
334,93,78,985779,1750,12471,2337600
335,100,74,985679,1776,12545,2330700
336,81,102,985598,1755,12647,2330500
337,80,72,985518,1763,12719,2365200
338,87,92,985431,1758,12811,2790300
339,70,89,985361,1739,12900,2424300
340,72,80,985289,1731,12980,2390600
341,69,80,985220,1720,13060,2354400
342,76,88,985144,1708,13148,2334800
343,75,86,985069,1697,13234,2342000
344,80,78,984989,1699,13312,2418600
345,101,78,984888,1722,13390,2346600
346,71,85,984817,1708,13475,2359600
347,75,72,984742,1711,13547,2343200
348,85,88,984657,1708,13635,2329500
349,91,89,984566,1710,13724,2329300
350,78,94,984488,1694,13818,2699100
351,90,84,984398,1700,13902,2371300
352,90,91,984308,1699,13993,2400200
353,83,86,984225,1696,14079,2342600
354,93,75,984132,1714,14154,2382400
355,84,99,984048,1699,14253,2411200
356,90,78,983958,1711,14331,2492600
357,95,100,983863,1706,14431,2753500
358,88,92,983775,1702,14523,2334900
359,90,98,983685,1694,14621,2325300
360,100,83,983585,1711,14704,2319800
361,91,73,983494,1729,14777,2336700
362,82,88,983412,1723,14865,2396800
363,104,80,983308,1747,14945,2363900
364,93,72,983215,1768,15017,2406900
365,105,105,983110,1768,15122,2373200
366,106,87,983004,1787,15209,2361200
367,104,85,982900,1806,15294,2350600
368,84,93,982816,1797,15387,2384000
369,88,84,982728,1801,15471,2355400
370,97,87,982631,1811,15558,2340600
371,110,93,982521,1828,15651,2350600
372,84,93,982437,1819,15744,2353000
373,104,65,982333,1858,15809,2351800
374,87,83,982246,1862,15892,2551100
375,93,110,982153,1845,16002,2378700
376,79,92,982074,1832,16094,2417500
377,92,86,981982,1838,16180,2382300
378,87,86,981895,1839,16266,2347300
379,98,86,981797,1851,16352,2349600
380,105,111,981692,1845,16463,2646200
381,100,87,981592,1858,16550,2514500
382,98,100,981494,1856,16650,2488400
383,102,93,981392,1865,16743,2755200
384,102,107,981290,1860,16850,2422800
385,111,92,981179,1879,16942,2405200
386,94,87,981085,1886,17029,2522400
387,92,95,980993,1883,17124,2374800
388,106,95,980887,1894,17219,2389600
389,87,105,980800,1876,17324,2382400
390,94,79,980706,1891,17403,2370900
391,106,79,980600,1918,17482,2389000
392,111,96,980489,1933,17578,2413100
393,99,91,980390,1941,17669,2365400
394,111,88,980279,1964,17757,2356700
395,106,92,980173,1978,17849,2356000
396,98,97,980075,1979,17946,2368800
397,112,97,979963,1994,18043,2537400
398,91,98,979872,1987,18141,2511100
399,115,103,979757,1999,18244,2353700
400,120,98,979637,2021,18342,2361600
401,113,96,979524,2038,18438,2358600
402,108,87,979416,2059,18525,2430200
403,109,80,979307,2088,18605,2534600
404,122,94,979185,2116,18699,2552700
405,114,104,979071,2126,18803,2372700
406,121,115,978950,2132,18918,2360100
407,127,95,978823,2164,19013,2362100
408,108,108,978715,2164,19121,2368000
409,117,100,978598,2181,19221,2373700
410,126,112,978472,2195,19333,2371000
411,135,103,978337,2227,19436,2370400
412,126,127,978211,2226,19563,2365000
413,109,100,978102,2235,19663,2376000
414,115,102,977987,2248,19765,2388000
415,128,134,977859,2242,19899,2614200
416,107,110,977752,2239,20009,2502500
417,108,108,977644,2239,20117,2393000
418,125,101,977519,2263,20218,2385600
419,114,83,977405,2294,20301,2366300
420,127,110,977278,2311,20411,2377900
421,132,114,977146,2329,20525,2613700
422,129,121,977017,2337,20646,2504300
423,135,108,976882,2364,20754,2375900
424,147,138,976735,2373,20892,2387000
425,141,127,976594,2387,21019,2401200
426,127,109,976467,2405,21128,2373300
427,131,127,976336,2409,21255,2408900
428,143,109,976193,2443,21364,2375800
429,115,123,976078,2435,21487,2385300
430,145,118,975933,2462,21605,2378100
431,129,129,975804,2462,21734,2385200
432,122,126,975682,2458,21860,2382500
433,141,114,975541,2485,21974,2440000
434,114,128,975427,2471,22102,2415500
435,131,126,975296,2476,22228,2385900
436,141,117,975155,2500,22345,2369100
437,126,139,975029,2487,22484,2367300
438,138,121,974891,2504,22605,2407400
439,127,123,974764,2508,22728,2428900
440,113,120,974651,2501,22848,2415400
441,147,111,974504,2537,22959,2412400
442,113,134,974391,2516,23093,2391700
443,133,112,974258,2537,23205,2389000
444,136,116,974122,2557,23321,2378400
445,144,112,973978,2589,23433,2667600
446,116,133,973862,2572,23566,2413700
447,130,125,973732,2577,23691,2389900
448,128,130,973604,2575,23821,2373900
449,123,126,973481,2572,23947,2381800
450,127,131,973354,2568,24078,2381300
451,120,137,973234,2551,24215,2407200
452,154,130,973080,2575,24345,2406400
453,135,118,972945,2592,24463,2412000
454,120,110,972825,2602,24573,2426700
455,134,117,972691,2619,24690,2402200
456,147,129,972544,2637,24819,2399100
457,139,119,972405,2657,24938,2811500
458,119,131,972286,2645,25069,2400700
459,137,145,972149,2637,25214,2505000
460,130,138,972019,2629,25352,2442900
461,124,131,971895,2622,25483,2505000
462,130,121,971765,2631,25604,2378400
463,130,130,971635,2631,25734,2718400
464,126,131,971509,2626,25865,2528000
465,133,148,971376,2611,26013,2695700
466,144,130,971232,2625,26143,2593300
467,135,118,971097,2642,26261,2579000
468,139,132,970958,2649,26393,2429800
469,142,138,970816,2653,26531,2427900
470,136,121,970680,2668,26652,2545200
471,130,127,970550,2671,26779,2585900
472,130,155,970420,2646,26934,2524100
473,119,146,970301,2619,27080,2510600
474,127,125,970174,2621,27205,2512300
475,133,126,970041,2628,27331,2453900
476,137,124,969904,2641,27455,2454500
477,129,124,969775,2646,27579,2424900
478,143,130,969632,2659,27709,2425000
479,123,133,969509,2649,27842,2557300
480,114,133,969395,2630,27975,2714800
481,125,146,969270,2609,28121,2414200
482,143,126,969127,2626,28247,2420200
483,121,127,969006,2620,28374,2395500
484,149,120,968857,2649,28494,2406900
485,149,132,968708,2666,28626,2688600
486,124,141,968584,2649,28767,2490800
487,132,127,968452,2654,28894,2440300
488,143,133,968309,2664,29027,2475600
489,132,148,968177,2648,29175,2601200
490,138,136,968039,2650,29311,2651600
491,150,155,967889,2645,29466,2568500
492,157,132,967732,2670,29598,2452700
493,142,126,967590,2686,29724,2436800
494,121,153,967469,2654,29877,2505500
495,141,122,967328,2673,29999,2404300
496,123,137,967205,2659,30136,2407300
497,137,140,967068,2656,30276,2434100
498,148,147,966920,2657,30423,2408200
499,143,121,966777,2679,30544,2456900
500,131,132,966646,2678,30676,2403500
501,132,147,966514,2663,30823,2429900
502,147,157,966367,2653,30980,2785200
503,136,132,966231,2657,31112,2694000
504,134,133,966097,2658,31245,2427300
505,142,144,965955,2656,31389,2404900
506,139,147,965816,2648,31536,2394500
507,137,111,965679,2674,31647,2398200
508,137,133,965542,2678,31780,2408700
509,137,145,965405,2670,31925,2455100
510,127,143,965278,2654,32068,2454400
511,131,139,965147,2646,32207,2445100
512,155,121,964992,2680,32328,2463500
513,159,123,964833,2716,32451,2459100
514,143,135,964690,2724,32586,2684100
515,157,155,964533,2726,32741,2673100
516,140,130,964393,2736,32871,2498400
517,138,132,964255,2742,33003,2445000
518,146,146,964109,2742,33149,2422800
519,139,134,963970,2747,33283,2427500
520,133,125,963837,2755,33408,2791300
521,139,124,963698,2770,33532,2455300
522,145,141,963553,2774,33673,2411000
523,137,156,963416,2755,33829,2390800
524,129,133,963287,2751,33962,2388200
525,138,141,963149,2748,34103,2408400
526,136,131,963013,2753,34234,2487800
527,142,144,962871,2751,34378,2706900
528,139,142,962732,2748,34520,2710600
529,145,144,962587,2749,34664,2931300
530,134,136,962453,2747,34800,2530400
531,142,142,962311,2747,34942,2560700
532,137,128,962174,2756,35070,2531200
533,138,152,962036,2742,35222,2473400
534,146,117,961890,2771,35339,2552000
535,148,152,961742,2767,35491,2571500
536,163,151,961579,2779,35642,2503900
537,147,130,961432,2796,35772,2738500
538,150,140,961282,2806,35912,2538700
539,112,135,961170,2783,36047,2479100
540,159,128,961011,2814,36175,2442600
541,124,136,960887,2802,36311,2425100
542,143,142,960744,2803,36453,2414200
543,148,139,960596,2812,36592,2827700
544,157,146,960439,2823,36738,2441500
545,139,149,960300,2813,36887,2414100
546,149,134,960151,2828,37021,2401100
547,156,137,959995,2847,37158,2408800
548,149,141,959846,2855,37299,2422000
549,144,143,959702,2856,37442,2476000
550,167,140,959535,2883,37582,2418300
551,152,138,959383,2897,37720,2415300
552,151,129,959232,2919,37849,2416800
553,156,149,959076,2926,37998,2412600
554,147,139,958929,2934,38137,2426600
555,153,140,958776,2947,38277,2458400
556,140,172,958636,2915,38449,2469100
557,141,164,958495,2892,38613,2441900
558,145,135,958350,2902,38748,2436600
559,136,147,958214,2891,38895,2414800
560,159,134,958055,2916,39029,2446100
561,182,153,957873,2945,39182,2984100
562,162,136,957711,2971,39318,2473200
563,140,154,957571,2957,39472,2459400
564,154,149,957417,2962,39621,2495800
565,148,149,957269,2961,39770,2451700
566,158,125,957111,2994,39895,2453900
567,148,153,956963,2989,40048,2455700
568,199,153,956764,3035,40201,2436700
569,140,150,956624,3025,40351,2418700
570,158,153,956466,3030,40504,2416400
571,167,158,956299,3039,40662,2424900
572,163,164,956136,3038,40826,2738400
573,140,156,955996,3022,40982,2451600
574,160,143,955836,3039,41125,2421700
575,173,159,955663,3053,41284,2432400
576,168,141,955495,3080,41425,2431800
577,165,158,955330,3087,41583,2417400
578,157,149,955173,3095,41732,2483800
579,139,164,955034,3070,41896,2436400
580,185,164,954849,3091,42060,2429100
581,170,146,954679,3115,42206,2429700
582,148,150,954531,3113,42356,2424300
583,154,158,954377,3109,42514,2437300
584,162,155,954215,3116,42669,2468100
585,158,157,954057,3117,42826,2435600
586,187,156,953870,3148,42982,2455300
587,173,153,953697,3168,43135,2578700
588,156,171,953541,3153,43306,2680100
589,166,163,953375,3156,43469,2909700
590,151,147,953224,3160,43616,2613300
591,185,189,953039,3156,43805,2467000
592,156,154,952883,3158,43959,2427700
593,177,151,952706,3184,44110,2465300
594,165,174,952541,3175,44284,2412300
595,177,167,952364,3185,44451,2489900
596,165,173,952199,3177,44624,2437700
597,155,145,952044,3187,44769,2436700
598,167,159,951877,3195,44928,2829600
599,187,158,951690,3224,45086,2439600
600,185,157,951505,3252,45243,2422400
601,170,156,951335,3266,45399,2513300
602,188,175,951147,3279,45574,2562500
603,156,168,950991,3267,45742,2455800
604,180,148,950811,3299,45890,2437000
605,135,172,950676,3262,46062,2445700
606,169,167,950507,3264,46229,2450300
607,175,170,950332,3269,46399,2549500
608,172,159,950160,3282,46558,2421000
609,160,163,950000,3279,46721,2451700
610,153,173,949847,3259,46894,2428500
611,148,157,949699,3250,47051,2419400
612,176,174,949523,3252,47225,2493500
613,164,146,949359,3270,47371,2496400
614,163,157,949196,3276,47528,2520500
615,170,181,949026,3265,47709,2506700
616,166,135,948860,3296,47844,2517300
617,182,182,948678,3296,48026,2467300
618,176,147,948502,3325,48173,2820100
619,207,164,948295,3368,48337,2481700
620,191,172,948104,3387,48509,2448000
621,198,181,947906,3404,48690,2454200
622,199,181,947707,3422,48871,2431700
623,174,187,947533,3409,49058,2434500
624,178,178,947355,3409,49236,2888100
625,170,162,947185,3417,49398,2452500
626,164,159,947021,3422,49557,2452800
627,192,185,946829,3429,49742,2433600
628,192,178,946637,3443,49920,2427800
629,178,167,946459,3454,50087,2431600
630,162,153,946297,3463,50240,2492400
631,162,164,946135,3461,50404,2474600
632,182,166,945953,3477,50570,2461700
633,183,175,945770,3485,50745,2451300
634,190,179,945580,3496,50924,2469900
635,176,186,945404,3486,51110,2464000
636,180,171,945224,3495,51281,2594900
637,168,187,945056,3476,51468,2646200
638,196,162,944860,3510,51630,2901500
639,185,187,944675,3508,51817,2778700
640,173,169,944502,3512,51986,3207300
641,192,170,944310,3534,52156,3259300
642,202,158,944108,3578,52314,2698200
643,201,175,943907,3604,52489,2632700
644,183,158,943724,3629,52647,2583600
645,171,176,943553,3624,52823,2575200
646,174,176,943379,3622,52999,2594000
647,185,168,943194,3639,53167,2636400
648,180,171,943014,3648,53338,2552200
649,190,203,942824,3635,53541,2544300
650,189,155,942635,3669,53696,2529300
651,188,185,942447,3672,53881,2533000
652,177,164,942270,3685,54045,2544800
653,192,168,942078,3709,54213,2931100
654,187,204,941891,3692,54417,2762800
655,188,212,941703,3668,54629,2908000
656,179,159,941524,3688,54788,2943500
657,186,209,941338,3665,54997,2767400
658,168,176,941170,3657,55173,2718000
659,176,172,940994,3661,55345,2706300
660,174,159,940820,3676,55504,2724700
661,197,152,940623,3721,55656,2583800
662,182,189,940441,3714,55845,2576000
663,193,176,940248,3731,56021,3017100
664,200,193,940048,3738,56214,2585000
665,203,184,939845,3757,56398,2868900
666,184,198,939661,3743,56596,2581800
667,205,191,939456,3757,56787,2530700
668,182,184,939274,3755,56971,2994200
669,177,182,939097,3750,57153,2561700
670,191,166,938906,3775,57319,2519000
671,175,213,938731,3737,57532,2510900
672,201,202,938530,3736,57734,2511700
673,193,172,938337,3757,57906,2504700
674,153,188,938184,3722,58094,2535900
675,196,197,937988,3721,58291,2514400
676,199,191,937789,3729,58482,2501700
677,179,192,937610,3716,58674,2509700
678,176,206,937434,3686,58880,2493700
679,180,192,937254,3674,59072,2495700
680,198,176,937056,3696,59248,2562400
681,180,190,936876,3686,59438,2494300
682,192,171,936684,3707,59609,2499100
683,164,188,936520,3683,59797,2491500
684,191,174,936329,3700,59971,2507900
685,189,196,936140,3693,60167,2557700
686,183,174,935957,3702,60341,2839300
687,196,192,935761,3706,60533,2577800
688,198,207,935563,3697,60740,2528400
689,215,184,935348,3728,60924,2524800
690,218,176,935130,3770,61100,2520000
691,190,185,934940,3775,61285,2542800
692,193,183,934747,3785,61468,2980900
693,209,188,934538,3806,61656,2521100
694,191,192,934347,3805,61848,2504600
695,210,198,934137,3817,62046,2483500
696,181,189,933956,3809,62235,2463900
697,192,170,933764,3831,62405,2506000
698,194,187,933570,3838,62592,2473100
699,183,189,933387,3832,62781,2471600
700,178,180,933209,3830,62961,2455800
701,198,189,933011,3839,63150,2472200
702,179,207,932832,3811,63357,2464300
703,215,210,932617,3816,63567,2471800
704,198,194,932419,3820,63761,2462800
705,181,172,932238,3829,63933,2445800
706,183,205,932055,3807,64138,2462400
707,207,186,931848,3828,64324,2455600
708,200,184,931648,3844,64508,2475800
709,212,184,931436,3872,64692,2501300
710,191,184,931245,3879,64876,2538400
711,214,192,931031,3901,65068,2498400
712,164,197,930867,3868,65265,2492500
713,172,164,930695,3876,65429,2477600
714,192,201,930503,3867,65630,2492200
715,189,198,930314,3858,65828,2831700
716,203,176,930111,3885,66004,2513800
717,186,198,929925,3873,66202,2470200
718,217,227,929708,3863,66429,2483400
719,186,227,929522,3822,66656,2483700
720,209,199,929313,3832,66855,2463200
721,201,178,929112,3855,67033,2539400
722,219,208,928893,3866,67241,2468500
723,198,166,928695,3898,67407,2491100
724,185,192,928510,3891,67599,2486900
725,214,169,928296,3936,67768,2477100
726,225,186,928071,3975,67954,2471500
727,201,202,927870,3974,68156,2520200
728,209,210,927661,3973,68366,2464500
729,220,195,927441,3998,68561,2480600
730,221,197,927220,4022,68758,2457000
731,209,197,927011,4034,68955,2458500
732,208,212,926803,4030,69167,2677900
733,197,194,926606,4033,69361,2565500
734,214,226,926392,4021,69587,2522300
735,198,205,926194,4014,69792,2609700
736,234,196,925960,4052,69988,2596000
737,223,218,925737,4057,70206,2601600
738,208,207,925529,4058,70413,2538000
739,224,218,925305,4064,70631,2581100
740,219,202,925086,4081,70833,2670500
741,226,204,924860,4103,71037,2486700
742,211,183,924649,4131,71220,2477100
743,209,214,924440,4126,71434,2468400
744,199,199,924241,4126,71633,2840500
745,199,196,924042,4129,71829,2477800
746,193,237,923849,4085,72066,2484300
747,210,216,923639,4079,72282,2483000
748,196,212,923443,4063,72494,2456500
749,200,235,923243,4028,72729,2566900
750,218,184,923025,4062,72913,2696700
751,199,192,922826,4069,73105,2557900
752,221,207,922605,4083,73312,2525100
753,204,198,922401,4089,73510,2478200
754,221,219,922180,4091,73729,2479300
755,209,201,921971,4099,73930,2860700
756,198,190,921773,4107,74120,2477900
757,230,198,921543,4139,74318,2478000
758,207,217,921336,4129,74535,2534700
759,204,204,921132,4129,74739,2514500
760,205,201,920927,4133,74940,2521300
761,204,205,920723,4132,75145,2773500
762,212,218,920511,4126,75363,2527200
763,200,195,920311,4131,75558,2515500
764,167,207,920144,4091,75765,2479800
765,221,200,919923,4112,75965,2500700
766,181,224,919742,4069,76189,2501100
767,191,185,919551,4075,76374,2844400
768,220,208,919331,4087,76582,2500000
769,201,216,919130,4072,76798,2496500
770,214,226,918916,4060,77024,2477300
771,222,193,918694,4089,77217,2482100
772,208,192,918486,4105,77409,2708800
773,216,197,918270,4124,77606,2641700
774,197,213,918073,4108,77819,2516600
775,206,184,917867,4130,78003,2489600
776,231,215,917636,4146,78218,2488200
777,230,189,917406,4187,78407,2488900
778,249,202,917157,4234,78609,2778000
779,228,219,916929,4243,78828,2553200
780,230,215,916699,4258,79043,2502900
781,215,188,916484,4285,79231,2493900
782,212,216,916272,4281,79447,2508000
783,208,192,916064,4297,79639,2497800
784,228,228,915836,4297,79867,2973400
785,261,198,915575,4360,80065,2564400
786,215,227,915360,4348,80292,2532800
787,233,254,915127,4327,80546,2509800
788,223,217,914904,4333,80763,2524400
789,211,224,914693,4320,80987,2500700
790,228,229,914465,4319,81216,2534000
791,232,203,914233,4348,81419,2534700
792,247,221,913986,4374,81640,2514000
793,238,208,913748,4404,81848,2494900
794,223,215,913525,4412,82063,2507200
795,228,230,913297,4410,82293,2521500
796,212,222,913085,4400,82515,2490400
797,231,197,912854,4434,82712,2505600
798,216,195,912638,4455,82907,2495100
799,210,204,912428,4461,83111,2511200
800,228,218,912200,4471,83329,2487700
801,254,243,911946,4482,83572,2833000
802,239,245,911707,4476,83817,2534200
803,254,237,911453,4493,84054,2523800
804,237,236,911216,4494,84290,2553800
805,225,258,910991,4461,84548,2509100
806,251,236,910740,4476,84784,2517100
807,228,214,910512,4490,84998,2578400
808,238,214,910274,4514,85212,2534300
809,264,229,910010,4549,85441,2576900
810,232,217,909778,4564,85658,2553300
811,202,219,909576,4547,85877,2523600
812,260,205,909316,4602,86082,2507800
813,230,220,909086,4612,86302,2635500
814,227,244,908859,4595,86546,2614100
815,233,237,908626,4591,86783,2620500
816,219,260,908407,4550,87043,2559500
817,238,224,908169,4564,87267,2555900
818,251,223,907918,4592,87490,2738400
819,219,228,907699,4583,87718,2931600
820,262,250,907437,4595,87968,2555200
821,250,237,907187,4608,88205,2650600
822,228,232,906959,4604,88437,2595200
823,247,218,906712,4633,88655,3003500
824,241,227,906471,4647,88882,2653900
825,223,246,906248,4624,89128,2570400
826,254,199,905994,4679,89327,2551100
827,231,233,905763,4677,89560,2535900
828,226,211,905537,4692,89771,2554300
829,231,297,905306,4626,90068,2553300
830,244,243,905062,4627,90311,2586800
831,241,228,904821,4640,90539,2614800
832,262,226,904559,4676,90765,2621100
833,263,220,904296,4719,90985,2630600
834,263,235,904033,4747,91220,2640600
835,256,220,903777,4783,91440,2652000
836,255,255,903522,4783,91695,2648500
837,236,251,903286,4768,91946,2626500
838,267,249,903019,4786,92195,2607900
839,263,199,902756,4850,92394,2580600
840,230,224,902526,4856,92618,2576900
841,291,240,902235,4907,92858,2681000
842,250,221,901985,4936,93079,2704800
843,276,246,901709,4966,93325,2952700
844,233,225,901476,4974,93550,2858100
845,260,268,901216,4966,93818,3349600
846,252,264,900964,4954,94082,3560100
847,256,250,900708,4960,94332,3038000
848,244,242,900464,4962,94574,2835900
849,249,237,900215,4974,94811,2832500
850,250,233,899965,4991,95044,3086200
851,251,273,899714,4969,95317,2967800
852,253,249,899461,4973,95566,2826800
853,250,268,899211,4955,95834,2790500
854,258,225,898953,4988,96059,2860100
855,257,280,898696,4965,96339,2786600
856,249,236,898447,4978,96575,3284600
857,276,247,898171,5007,96822,3327800
858,251,247,897920,5011,97069,3537200
859,247,238,897673,5020,97307,2970300
860,276,251,897397,5045,97558,3266300
861,239,234,897158,5050,97792,2858300
862,231,257,896927,5024,98049,2784800
863,250,236,896677,5038,98285,2825800
864,256,280,896421,5014,98565,2751900
865,275,262,896146,5027,98827,2718800
866,258,232,895888,5053,99059,3013900
867,268,266,895620,5055,99325,2819100
868,274,254,895346,5075,99579,3372700
869,273,233,895073,5115,99812,2880800
870,239,276,894834,5078,100088,2987200
871,237,265,894597,5050,100353,2786300
872,307,263,894290,5094,100616,2594000
873,280,265,894010,5109,100881,2573900
874,265,261,893745,5113,101142,2602700
875,246,219,893499,5140,101361,2587000
876,263,223,893236,5180,101584,2922400
877,256,242,892980,5194,101826,2720300
878,258,265,892722,5187,102091,2694900
879,249,287,892473,5149,102378,2671400
880,261,267,892212,5143,102645,2636400
881,272,257,891940,5158,102902,2637500
882,281,242,891659,5197,103144,2630300
883,255,252,891404,5200,103396,2614400
884,267,253,891137,5214,103649,2588000
885,258,282,890879,5190,103931,2577600
886,250,274,890629,5166,104205,2575200
887,259,283,890370,5142,104488,2678900
888,291,227,890079,5206,104715,2569900
889,250,269,889829,5187,104984,2565200
890,246,280,889583,5153,105264,2561600
891,282,243,889301,5192,105507,2544000
892,265,281,889036,5176,105788,2559600
893,274,247,888762,5203,106035,3127700
894,274,251,888488,5226,106286,2939300
895,262,263,888226,5225,106549,2960900
896,259,256,887967,5228,106805,2740100
897,240,276,887727,5192,107081,2800400
898,281,235,887446,5238,107316,2909400
899,285,252,887161,5271,107568,2817600
900,261,265,886900,5267,107833,2746000
901,267,266,886633,5268,108099,2836500
902,252,241,886381,5279,108340,2849500
903,230,252,886151,5257,108592,2723600
904,258,275,885893,5240,108867,2693700
905,241,282,885652,5199,109149,2630500
906,272,268,885380,5203,109417,2635500
907,229,294,885151,5138,109711,2597900
908,241,271,884910,5108,109982,2738000
909,262,255,884648,5115,110237,2780200
910,263,245,884385,5133,110482,2635000
911,266,256,884119,5143,110738,2586900
912,270,228,883849,5185,110966,2590200
913,291,281,883558,5195,111247,2584600
914,266,246,883292,5215,111493,2700200
915,260,251,883032,5224,111744,2675300
916,238,277,882794,5185,112021,2639300
917,226,259,882568,5152,112280,2841700
918,262,238,882306,5176,112518,3199900
919,274,276,882032,5174,112794,3015400
920,286,246,881746,5214,113040,3091600
921,258,252,881488,5220,113292,3809100
922,250,265,881238,5205,113557,2788000
923,284,271,880954,5218,113828,2742100
924,273,249,880681,5242,114077,2724400
925,263,263,880418,5242,114340,2654000
926,315,253,880103,5304,114593,2637800
927,243,275,879860,5272,114868,2597200
928,287,241,879573,5318,115109,2577400
929,254,256,879319,5316,115365,2583000
930,286,267,879033,5335,115632,2603200
931,282,245,878751,5372,115877,2603700
932,270,272,878481,5370,116149,2600200
933,286,290,878195,5366,116439,2589900
934,268,282,877927,5352,116721,2613500
935,278,254,877649,5376,116975,2597700
936,262,276,877387,5362,117251,2609200
937,247,259,877140,5350,117510,2651100
938,288,259,876852,5379,117769,2613200
939,286,287,876566,5378,118056,2599200
940,266,265,876300,5379,118321,2591200
941,295,311,876005,5363,118632,2670400
942,273,277,875732,5359,118909,2721600
943,305,262,875427,5402,119171,2611900
944,285,267,875142,5420,119438,2591400
945,271,240,874871,5451,119678,2687700
946,249,274,874622,5426,119952,2871800
947,285,252,874337,5459,120204,3276400
948,290,290,874047,5459,120494,2958700
949,290,288,873757,5461,120782,2761300
950,295,271,873462,5485,121053,2697900
951,288,251,873174,5522,121304,2641800
952,306,253,872868,5575,121557,2742300
953,267,301,872601,5541,121858,3006700
954,290,281,872311,5550,122139,2605500
955,288,253,872023,5585,122392,2605400
956,279,280,871744,5584,122672,2574400
957,275,279,871469,5580,122951,2568100
958,281,304,871188,5557,123255,2577500
959,267,253,870921,5571,123508,2571800
960,274,244,870647,5601,123752,2573200
961,277,298,870370,5580,124050,2571400
962,299,247,870071,5632,124297,2569700
963,264,250,869807,5646,124547,2557500
964,288,289,869519,5645,124836,2709200
965,295,246,869224,5694,125082,2571300
966,313,296,868911,5711,125378,2565800
967,269,267,868642,5713,125645,2566300
968,313,270,868329,5756,125915,2552300
969,277,284,868052,5749,126199,2583000
970,307,301,867745,5755,126500,2588500
971,333,297,867412,5791,126797,2641300
972,309,266,867103,5834,127063,2613900
973,271,295,866832,5810,127358,2583700
974,312,265,866520,5857,127623,2601600
975,297,307,866223,5847,127930,2963100
976,309,293,865914,5863,128223,2610100
977,288,305,865626,5846,128528,2586500
978,290,296,865336,5840,128824,2577000
979,309,271,865027,5878,129095,2580500
980,291,318,864736,5851,129413,2570600
981,289,273,864447,5867,129686,2864000
982,300,299,864147,5868,129985,2592000
983,277,293,863870,5852,130278,2565200
984,294,295,863576,5851,130573,2612900
985,306,267,863270,5890,130840,2575600
986,283,299,862987,5874,131139,3007700
987,264,282,862723,5856,131421,2598500
988,274,293,862449,5837,131714,3242200
989,270,313,862179,5794,132027,2640700
990,297,290,861882,5801,132317,2578600
991,277,312,861605,5766,132629,2604300
992,274,309,861331,5731,132938,3055800
993,285,304,861046,5712,133242,2608500
994,285,292,860761,5705,133534,2608700
995,325,289,860436,5741,133823,2673500
996,281,271,860155,5751,134094,2681800
997,341,311,859814,5781,134405,2689900
998,244,322,859570,5703,134727,2639400
999,278,293,859292,5688,135020,2608500
1000,288,315,859004,5661,135335,2603900
1001,276,277,858728,5660,135612,2610000
1002,272,288,858456,5644,135900,2613400
1003,310,274,858146,5680,136174,2686500
1004,271,293,857875,5658,136467,2669200
1005,282,307,857593,5633,136774,2648000
1006,274,270,857319,5637,137044,2600200
1007,273,252,857046,5658,137296,2604800
1008,256,279,856790,5635,137575,2576600
1009,292,301,856498,5626,137876,2639100
1010,295,254,856203,5667,138130,2598400
1011,262,281,855941,5648,138411,2568000
1012,289,291,855652,5646,138702,2608100
1013,293,306,855359,5633,139008,2925500
1014,296,290,855063,5639,139298,3224700
1015,265,298,854798,5606,139596,2907600
1016,292,273,854506,5625,139869,2605400
1017,291,279,854215,5637,140148,2666100
1018,291,272,853924,5656,140420,2595000
1019,303,298,853621,5661,140718,2628200
1020,279,276,853342,5664,140994,2762600
1021,279,266,853063,5677,141260,2715600
1022,290,286,852773,5681,141546,2666400
1023,285,277,852488,5689,141823,2692300
1024,265,308,852223,5646,142131,2660900
1025,302,276,851921,5672,142407,2662800
1026,281,272,851640,5681,142679,2752000
1027,284,290,851356,5675,142969,3000400
1028,283,274,851073,5684,143243,2719900
1029,285,287,850788,5682,143530,2589000
1030,331,270,850457,5743,143800,2598300
1031,313,287,850144,5769,144087,2967200
1032,302,305,849842,5766,144392,2754700
1033,283,278,849559,5771,144670,2875400
1034,312,291,849247,5792,144961,2733500
1035,296,277,848951,5811,145238,2716400
1036,339,313,848612,5837,145551,2695700
1037,303,293,848309,5847,145844,2799400
1038,288,286,848021,5849,146130,2638000
1039,328,294,847693,5883,146424,3022500
1040,318,260,847375,5941,146684,2659100
1041,319,281,847056,5979,146965,2632000
1042,279,269,846777,5989,147234,2885400
1043,310,257,846467,6042,147491,2629700
1044,293,295,846174,6040,147786,2648800
1045,291,304,845883,6027,148090,2612800
1046,298,307,845585,6018,148397,2607900
1047,293,286,845292,6025,148683,2600800
1048,323,316,844969,6032,148999,2672100
1049,317,311,844652,6038,149310,2638100
1050,315,294,844337,6059,149604,2608200
1051,286,288,844051,6057,149892,2599800
1052,336,301,843715,6092,150193,2595300
1053,307,332,843408,6067,150525,2939600
1054,327,290,843081,6104,150815,2694400
1055,291,297,842790,6098,151112,2675500
1056,336,322,842454,6112,151434,2645800
1057,349,330,842105,6131,151764,2676900
1058,305,287,841800,6149,152051,2691600
1059,347,314,841453,6182,152365,2666400
1060,297,274,841156,6205,152639,2679600
1061,318,280,840838,6243,152919,2641200
1062,311,325,840527,6229,153244,2648900
1063,310,301,840217,6238,153545,2647800
1064,298,334,839919,6202,153879,2914800
1065,344,305,839575,6241,154184,2776800
1066,309,347,839266,6203,154531,2742500
1067,311,313,838955,6201,154844,2684400
1068,298,298,838657,6201,155142,2666000
1069,309,299,838348,6211,155441,2729500
1070,334,320,838014,6225,155761,2777300
1071,337,314,837677,6248,156075,2735200
1072,287,316,837390,6219,156391,2725200
1073,328,312,837062,6235,156703,2728300
1074,308,331,836754,6212,157034,2719700
1075,311,313,836443,6210,157347,2734400
1076,335,313,836108,6232,157660,2678100
1077,330,320,835778,6242,157980,2642500
1078,294,297,835484,6239,158277,2647000
1079,292,328,835192,6203,158605,2648200
1080,326,271,834866,6258,158876,2660600
1081,307,297,834559,6268,159173,2709900
1082,294,318,834265,6244,159491,2673800
1083,329,290,833936,6283,159781,2665300
1084,325,317,833611,6291,160098,2654400
1085,334,318,833277,6307,160416,2628700
1086,300,298,832977,6309,160714,2681700
1087,298,325,832679,6282,161039,2690100
1088,338,271,832341,6349,161310,2671800
1089,330,313,832011,6366,161623,2722600
1090,342,301,831669,6407,161924,2718300
1091,339,322,831330,6424,162246,2725500
1092,331,342,830999,6413,162588,2773800
1093,315,334,830684,6394,162922,2679100
1094,329,302,830355,6421,163224,2678000
1095,341,293,830014,6469,163517,2675500
1096,314,314,829700,6469,163831,2653600
1097,329,325,829371,6473,164156,2645700
1098,330,313,829041,6490,164469,2787200
1099,351,302,828690,6539,164771,2719500
1100,357,321,828333,6575,165092,2689400
1101,328,345,828005,6558,165437,2673900
1102,318,304,827687,6572,165741,2756000
1103,355,348,827332,6579,166089,2747000
1104,309,327,827023,6561,166416,2713600
1105,330,379,826693,6512,166795,2713600
1106,334,313,826359,6533,167108,2715200
1107,326,315,826033,6544,167423,2701900
1108,300,329,825733,6515,167752,2696600
1109,337,280,825396,6572,168032,2801600
1110,361,303,825035,6630,168335,2654200
1111,343,334,824692,6639,168669,2640600
1112,340,326,824352,6653,168995,2640600
1113,365,327,823987,6691,169322,2676500
1114,335,307,823652,6719,169629,2650100
1115,357,306,823295,6770,169935,2680300
1116,312,328,822983,6754,170263,2642900
1117,351,352,822632,6753,170615,2619100
1118,342,346,822290,6749,170961,2609200
1119,353,344,821937,6758,171305,2620400
1120,375,355,821562,6778,171660,2650600
1121,346,346,821216,6778,172006,2605100
1122,309,372,820907,6715,172378,2597600
1123,346,347,820561,6714,172725,2638000
1124,350,350,820211,6714,173075,2624400
1125,350,324,819861,6740,173399,2633700
1126,363,322,819498,6781,173721,3176200
1127,295,347,819203,6729,174068,2630200
1128,373,323,818830,6779,174391,2598300
1129,338,322,818492,6795,174713,2593500
1130,352,327,818140,6820,175040,2609400
1131,339,344,817801,6815,175384,2777600
1132,341,327,817460,6829,175711,3006900
1133,332,322,817128,6839,176033,2641400
1134,377,337,816751,6879,176370,2644000
1135,319,365,816432,6833,176735,2630600
1136,323,315,816109,6841,177050,2636000
1137,360,309,815749,6892,177359,2740600
1138,340,325,815409,6907,177684,2691000
1139,325,337,815084,6895,178021,2661500
1140,337,317,814747,6915,178338,2642700
1141,343,356,814404,6902,178694,2642000
1142,347,356,814057,6893,179050,2614800
1143,340,356,813717,6877,179406,2652000
1144,327,365,813390,6839,179771,2620400
1145,331,319,813059,6851,180090,2624500
1146,303,368,812756,6786,180458,2618100
1147,363,356,812393,6793,180814,2611000
1148,339,335,812054,6797,181149,2599600
1149,348,348,811706,6797,181497,3065900
1150,350,350,811356,6797,181847,2619200
1151,345,385,811011,6757,182232,2624000
1152,351,296,810660,6812,182528,2618200
1153,316,351,810344,6777,182879,2608500
1154,328,361,810016,6744,183240,2706600
1155,367,324,809649,6787,183564,2980800
1156,356,336,809293,6807,183900,2625200
1157,329,364,808964,6772,184264,2612800
1158,366,330,808598,6808,184594,2609800
1159,348,322,808250,6834,184916,2621700
1160,386,353,807864,6867,185269,2931600
1161,387,329,807477,6925,185598,2845500
1162,391,336,807086,6980,185934,2734600
1163,352,368,806734,6964,186302,2711300
1164,332,346,806402,6950,186648,2659500
1165,374,301,806028,7023,186949,2681000
1166,339,368,805689,6994,187317,3137900
1167,385,338,805304,7041,187655,2790400
1168,353,375,804951,7019,188030,2744500
1169,357,367,804594,7009,188397,2704600
1170,348,362,804246,6995,188759,2696800
1171,359,356,803887,6998,189115,2968000
1172,360,383,803527,6975,189498,2772500
1173,347,355,803180,6967,189853,3002400
1174,343,333,802837,6977,190186,2853200
1175,309,379,802528,6907,190565,2787100
1176,384,351,802144,6940,190916,2807500
1177,368,337,801776,6971,191253,3255200
1178,368,362,801408,6977,191615,2805700
1179,363,352,801045,6988,191967,2777100
1180,354,344,800691,6998,192311,2755100
1181,348,345,800343,7001,192656,2719300
1182,346,341,799997,7006,192997,2740700
1183,314,382,799683,6938,193379,2754000
1184,354,374,799329,6918,193753,2750900
1185,330,330,798999,6918,194083,2741000
1186,326,328,798673,6916,194411,2716600
1187,360,330,798313,6946,194741,3046000
1188,387,355,797926,6978,195096,2740700
1189,353,334,797573,6997,195430,2723500
1190,349,337,797224,7009,195767,2762600
1191,386,375,796838,7020,196142,2950200
1192,348,337,796490,7031,196479,3001300
1193,357,360,796133,7028,196839,3719200
1194,384,360,795749,7052,197199,3109200
1195,355,362,795394,7045,197561,3108000
1196,335,357,795059,7023,197918,2944200
1197,385,366,794674,7042,198284,2971600
1198,352,342,794322,7052,198626,2882700
1199,360,337,793962,7075,198963,2975800
1200,368,378,793594,7065,199341,2986200
1201,365,352,793229,7078,199693,2988000
1202,353,326,792876,7105,200019,3112200
1203,368,339,792508,7134,200358,2922900
1204,362,368,792146,7128,200726,2894200
1205,370,395,791776,7103,201121,2917700
1206,337,357,791439,7083,201478,2969800
1207,346,379,791093,7050,201857,2958900
1208,344,375,790749,7019,202232,2993100
1209,319,364,790430,6974,202596,3025500
1210,330,356,790100,6948,202952,3488000
1211,335,317,789765,6966,203269,3336800
1212,310,330,789455,6946,203599,3651100
1213,369,314,789086,7001,203913,3131600
1214,345,366,788741,6980,204279,3095600
1215,338,342,788403,6976,204621,3037900
1216,374,362,788029,6988,204983,3309400
1217,348,337,787681,6999,205320,3203900
1218,351,355,787330,6995,205675,2930200
1219,314,324,787016,6985,205999,2928000
1220,364,328,786652,7021,206327,2941100
1221,357,362,786295,7016,206689,2903000
1222,350,392,785945,6974,207081,3163600
1223,348,351,785597,6971,207432,3023200
1224,350,372,785247,6949,207804,3140900
1225,340,309,784907,6980,208113,3679300
1226,340,332,784567,6988,208445,3463500
1227,351,334,784216,7005,208779,3191300
1228,349,352,783867,7002,209131,3033200
1229,355,350,783512,7007,209481,3008500
1230,361,338,783151,7030,209819,3019200
1231,369,382,782782,7017,210201,3081100
1232,377,359,782405,7035,210560,3376600
1233,380,388,782025,7027,210948,3047000
1234,375,374,781650,7028,211322,3002900
1235,392,329,781258,7091,211651,2866400
1236,360,344,780898,7107,211995,3447200
1237,394,336,780504,7165,212331,2995100
1238,364,364,780140,7165,212695,2878600
1239,412,309,779728,7268,213004,2922100
1240,365,351,779363,7282,213355,2856400
1241,386,370,778977,7298,213725,2927500
1242,380,362,778597,7316,214087,2942400
1243,354,353,778243,7317,214440,2964200
1244,344,332,777899,7329,214772,2960800
1245,361,377,777538,7313,215149,2948900
1246,391,365,777147,7339,215514,3082000
1247,367,372,776780,7334,215886,3096000
1248,400,382,776380,7352,216268,3140300
1249,377,356,776003,7373,216624,3352000
1250,379,375,775624,7377,216999,3047000
1251,358,361,775266,7374,217360,2966600
1252,379,387,774887,7366,217747,3106600
1253,339,343,774548,7362,218090,2929400
1254,371,394,774177,7339,218484,2951800
1255,416,392,773761,7363,218876,3111000
1256,380,376,773381,7367,219252,2924900
1257,386,365,772995,7388,219617,2913400
1258,360,391,772635,7357,220008,2850900
1259,385,370,772250,7372,220378,2872500
1260,393,338,771857,7427,220716,2883300
1261,386,392,771471,7421,221108,2878600
1262,414,359,771057,7476,221467,3253600
1263,426,361,770631,7541,221828,3000500
1264,373,382,770258,7532,222210,2928400
1265,375,361,769883,7546,222571,2929200
1266,388,364,769495,7570,222935,3004600
1267,406,328,769089,7648,223263,3114100
1268,405,394,768684,7659,223657,3598600
1269,426,369,768258,7716,224026,3556500
1270,391,428,767867,7679,224454,4394600
1271,408,393,767459,7694,224847,4139700
1272,379,395,767080,7678,225242,3748800
1273,402,408,766678,7672,225650,4043900
1274,385,412,766293,7645,226062,4001000
1275,401,380,765892,7666,226442,3213100
1276,392,382,765500,7676,226824,3430700
1277,374,369,765126,7681,227193,3257100
1278,377,371,764749,7687,227564,3181200
1279,406,376,764343,7717,227940,2999500
1280,402,389,763941,7730,228329,3122600
1281,401,389,763540,7742,228718,2976500
1282,392,374,763148,7760,229092,2900800
1283,377,412,762771,7725,229504,2858400
1284,364,370,762407,7719,229874,3132500
1285,440,395,761967,7764,230269,2880400
1286,419,360,761548,7823,230629,2859100
1287,419,414,761129,7828,231043,2848200
1288,377,390,760752,7815,231433,2781800
1289,391,382,760361,7824,231815,3016200
1290,397,426,759964,7795,232241,3008800
1291,414,368,759550,7841,232609,2774100
1292,403,384,759147,7860,232993,2726500
1293,398,408,758749,7850,233401,2727400
1294,402,361,758347,7891,233762,2785500
1295,391,371,757956,7911,234133,2848300
1296,380,389,757576,7902,234522,2802100
1297,362,371,757214,7893,234893,2767500
1298,396,391,756818,7898,235284,2713100
1299,404,377,756414,7925,235661,2704200
1300,371,377,756043,7919,236038,2687000
1301,381,403,755662,7897,236441,2761300
1302,360,401,755302,7856,236842,2676900
1303,415,356,754887,7915,237198,2688100
1304,374,395,754513,7894,237593,2722000
1305,424,392,754089,7926,237985,2725000
1306,395,331,753694,7990,238316,3136100
1307,392,391,753302,7991,238707,2891100
1308,377,410,752925,7958,239117,2777800
1309,438,402,752487,7994,239519,2844000
1310,385,383,752102,7996,239902,2857800
1311,377,417,751725,7956,240319,2915900
1312,405,433,751320,7928,240752,3307400
1313,375,407,750945,7896,241159,2960100
1314,381,385,750564,7892,241544,2880700
1315,368,423,750196,7837,241967,2854900
1316,377,382,749819,7832,242349,2851500
1317,413,400,749406,7845,242749,2914100
1318,398,378,749008,7865,243127,2882800
1319,372,401,748636,7836,243528,3055700
1320,369,368,748267,7837,243896,2804300
1321,408,416,747859,7829,244312,2762300
1322,384,410,747475,7803,244722,3027800
1323,379,352,747096,7830,245074,2844900
1324,385,374,746711,7841,245448,2733100
1325,405,383,746306,7863,245831,2772300
1326,418,413,745888,7868,246244,2755800
1327,386,411,745502,7843,246655,2783700
1328,372,419,745130,7796,247074,3656000
1329,386,380,744744,7802,247454,2944700
1330,361,400,744383,7763,247854,2902400
1331,397,405,743986,7755,248259,2849000
1332,391,387,743595,7759,248646,2850000
1333,389,352,743206,7796,248998,3266100
1334,386,382,742820,7800,249380,3278400
1335,399,399,742421,7800,249779,2808500
1336,401,382,742020,7819,250161,2914200
1337,357,435,741663,7741,250596,3150700
1338,373,417,741290,7697,251013,3363100
1339,385,391,740905,7691,251404,3489800
1340,417,385,740488,7723,251789,2786100
1341,388,389,740100,7722,252178,2810500
1342,360,352,739740,7730,252530,2858800
1343,407,403,739333,7734,252933,2904500
1344,415,389,738918,7760,253322,3113400
1345,394,380,738524,7774,253702,3066400
1346,403,399,738121,7778,254101,2794200
1347,367,405,737754,7740,254506,2740700
1348,383,389,737371,7734,254895,2726400
1349,412,346,736959,7800,255241,2814300
1350,405,404,736554,7801,255645,2868600
1351,385,372,736169,7814,256017,2855800
1352,413,407,735756,7820,256424,2816500
1353,427,397,735329,7850,256821,2771800
1354,394,393,734935,7851,257214,2778300
1355,377,393,734558,7835,257607,2727400
1356,400,415,734158,7820,258022,2806800
1357,393,395,733765,7818,258417,2726000
1358,413,364,733352,7867,258781,2716000
1359,393,414,732959,7846,259195,2813900
1360,401,367,732558,7880,259562,2993100
1361,361,401,732197,7840,259963,2711500
1362,375,390,731822,7825,260353,2741400
1363,409,384,731413,7850,260737,2678200
1364,391,415,731022,7826,261152,2679600
1365,339,400,730683,7765,261552,2712900
1366,396,385,730287,7776,261937,2897900
1367,366,406,729921,7736,262343,2805300
1368,417,388,729504,7765,262731,2673800
1369,405,387,729099,7783,263118,2922300
1370,399,362,728700,7820,263480,2823800
1371,408,397,728292,7831,263877,3176700
1372,395,410,727897,7816,264287,2957800
1373,394,427,727503,7783,264714,2988600
1374,429,395,727074,7817,265109,3005100
1375,366,383,726708,7800,265492,2966500
1376,413,399,726295,7814,265891,2980900
1377,408,404,725887,7818,266295,2958600
1378,433,398,725454,7853,266693,2964500
1379,394,424,725060,7823,267117,2966200
1380,402,362,724658,7863,267479,3049400
1381,385,404,724273,7844,267883,2987700
1382,411,390,723862,7865,268273,2994800
1383,394,408,723468,7851,268681,2917900
1384,388,400,723080,7839,269081,2897000
1385,408,362,722672,7885,269443,2962100
1386,401,394,722271,7892,269837,3043200
1387,436,386,721835,7942,270223,3001900
1388,420,389,721415,7973,270612,2953800
1389,416,394,720999,7995,271006,2863800
1390,357,427,720642,7925,271433,2845700
1391,403,369,720239,7959,271802,2866700
1392,403,379,719836,7983,272181,2858300
1393,420,352,719416,8051,272533,2898500
1394,395,414,719021,8032,272947,2822700
1395,433,380,718588,8085,273327,2800100
1396,447,415,718141,8117,273742,2897400
1397,421,407,717720,8131,274149,3007200
1398,382,377,717338,8136,274526,2837000
1399,439,428,716899,8147,274954,2834900
1400,382,428,716517,8101,275382,2788000
1401,415,422,716102,8094,275804,2869500
1402,423,406,715679,8111,276210,2867400
1403,398,417,715281,8092,276627,2858700
1404,433,391,714848,8134,277018,2884700
1405,444,409,714404,8169,277427,2835800
1406,435,402,713969,8202,277829,2799800
1407,403,423,713566,8182,278252,2838500
1408,394,409,713172,8167,278661,2887500
1409,438,421,712734,8184,279082,2841000
1410,435,371,712299,8248,279453,2839000
1411,434,387,711865,8295,279840,2796500
1412,423,428,711442,8290,280268,2798300
1413,423,423,711019,8290,280691,2900400
1414,432,402,710587,8320,281093,3268900
1415,422,415,710165,8327,281508,2814600
1416,447,432,709718,8342,281940,2813900
1417,435,439,709283,8338,282379,2787400
1418,454,376,708829,8416,282755,2802400
1419,437,395,708392,8458,283150,2834300
1420,429,432,707963,8455,283582,2792100
1421,430,398,707533,8487,283980,2759800
1422,440,386,707093,8541,284366,2776100
1423,426,416,706667,8551,284782,2780500
1424,452,457,706215,8546,285239,3095700
1425,436,453,705779,8529,285692,2949500
1426,452,433,705327,8548,286125,2881300
1427,440,424,704887,8564,286549,2842700
1428,413,417,704474,8560,286966,2810100
1429,442,412,704032,8590,287378,2945100
1430,442,444,703590,8588,287822,2838700
1431,400,433,703190,8555,288255,2793200
1432,433,448,702757,8540,288703,2770600
1433,408,394,702349,8554,289097,2756200
1434,399,400,701950,8553,289497,2749800
1435,414,426,701536,8541,289923,2929100
1436,426,413,701110,8554,290336,2794200
1437,427,393,700683,8588,290729,2784000
1438,451,478,700232,8561,291207,2765500
1439,427,430,699805,8558,291637,2756000
1440,452,451,699353,8559,292088,2922900
1441,425,412,698928,8572,292500,2843900
1442,418,435,698510,8555,292935,2745700
1443,455,436,698055,8574,293371,2751100
1444,444,430,697611,8588,293801,2746600
1445,438,441,697173,8585,294242,2737200
1446,417,415,696756,8587,294657,3087400
1447,426,442,696330,8571,295099,2963100
1448,420,370,695910,8621,295469,3020700
1449,419,424,695491,8616,295893,2911800
1450,432,456,695059,8592,296349,2914800
1451,482,419,694577,8655,296768,3141900
1452,451,404,694126,8702,297172,3082900
1453,433,455,693693,8680,297627,3161600
1454,436,428,693257,8688,298055,3285000
1455,407,443,692850,8652,298498,3086000
1456,399,390,692451,8661,298888,3141600
1457,381,438,692070,8604,299326,3264000
1458,418,403,691652,8619,299729,3094800
1459,406,467,691246,8558,300196,3063000
1460,423,431,690823,8550,300627,3375300
1461,410,431,690413,8529,301058,3116600
1462,449,425,689964,8553,301483,2993800
1463,442,441,689522,8554,301924,2972500
1464,423,419,689099,8558,302343,2987600
1465,432,437,688667,8553,302780,3079200
1466,452,441,688215,8564,303221,3106400
1467,469,428,687746,8605,303649,3040700
1468,465,378,687281,8692,304027,3038700
1469,435,430,686846,8697,304457,3017100
1470,454,449,686392,8702,304906,2998500
1471,455,438,685937,8719,305344,2975000
1472,485,398,685452,8806,305742,2945500
1473,437,458,685015,8785,306200,2986700
1474,417,433,684598,8769,306633,2996000
1475,430,456,684168,8743,307089,3164100
1476,407,459,683761,8691,307548,3119900
1477,419,430,683342,8680,307978,2922000
1478,438,439,682904,8679,308417,2895100
1479,433,416,682471,8696,308833,2862100
1480,396,411,682075,8681,309244,2851100
1481,423,456,681652,8648,309700,2877300
1482,443,419,681209,8672,310119,2859800
1483,455,430,680754,8697,310549,2821500
1484,437,464,680317,8670,311013,2799000
1485,449,458,679868,8661,311471,2801500
1486,435,442,679433,8654,311913,2766800
1487,453,437,678980,8670,312350,2822900
1488,457,439,678523,8688,312789,2833000
1489,419,414,678104,8693,313203,2851700
1490,425,464,677679,8654,313667,2967000
1491,453,410,677226,8697,314077,3074200
1492,431,455,676795,8673,314532,3040400
1493,413,423,676382,8663,314955,2960800
1494,400,453,675982,8610,315408,2947400
1495,433,413,675549,8630,315821,2943900
1496,399,439,675150,8590,316260,2920000
1497,421,420,674729,8591,316680,2949800
1498,406,448,674323,8549,317128,3029600
1499,426,395,673897,8580,317523,2979500
1500,468,437,673429,8611,317960,2981300
1501,415,411,673014,8615,318371,2875700
1502,441,460,672573,8596,318831,2829800
1503,460,441,672113,8615,319272,2858600
1504,443,465,671670,8593,319737,2820600
1505,439,431,671231,8601,320168,2797100
1506,390,429,670841,8562,320597,2781900
1507,436,427,670405,8571,321024,2767700
1508,416,409,669989,8578,321433,2812600
1509,450,419,669539,8609,321852,2794200
1510,406,436,669133,8579,322288,2830200
1511,420,434,668713,8565,322722,2793200
1512,441,435,668272,8571,323157,2767800
1513,454,429,667818,8596,323586,2749600
1514,472,419,667346,8649,324005,2961400
1515,450,456,666896,8643,324461,3171000
1516,404,391,666492,8656,324852,2938700
1517,424,442,666068,8638,325294,2973000
1518,445,454,665623,8629,325748,2855800
1519,463,441,665160,8651,326189,3076900
1520,481,434,664679,8698,326623,2799500
1521,446,380,664233,8764,327003,2776000
1522,462,437,663771,8789,327440,2776000
1523,462,451,663309,8800,327891,2760800
1524,478,446,662831,8832,328337,2785800
1525,457,436,662374,8853,328773,2832800
1526,461,441,661913,8873,329214,2803200
1527,468,430,661445,8911,329644,2750600
1528,476,404,660969,8983,330048,2736800
1529,467,495,660502,8955,330543,2740400
1530,492,448,660010,8999,330991,2802800
1531,506,439,659504,9066,331430,3365100
1532,497,442,659007,9121,331872,2795200
1533,507,468,658500,9160,332340,2804000
1534,482,492,658018,9150,332832,2747000
1535,498,473,657520,9175,333305,3100000
1536,435,460,657085,9150,333765,2817300
1537,443,452,656642,9141,334217,2865500
1538,509,463,656133,9187,334680,2869800
1539,488,473,655645,9202,335153,2799500
1540,467,454,655178,9215,335607,2787000
1541,489,500,654689,9204,336107,2782400
1542,449,470,654240,9183,336577,2766000
1543,508,440,653732,9251,337017,2738300
1544,457,450,653275,9258,337467,2703000
1545,456,436,652819,9278,337903,2712300
1546,487,426,652332,9339,338329,2738100
1547,509,462,651823,9386,338791,2779000
1548,428,479,651395,9335,339270,2763300
1549,461,453,650934,9343,339723,2815400
1550,488,458,650446,9373,340181,2752100
1551,470,469,649976,9374,340650,2744400
1552,495,481,649481,9388,341131,2794900
1553,474,468,649007,9394,341599,2728400
1554,481,509,648526,9366,342108,2719000
1555,471,451,648055,9386,342559,2703300
1556,478,466,647577,9398,343025,2701700
1557,479,460,647098,9417,343485,2995300
1558,462,453,646636,9426,343938,2833700
1559,464,446,646172,9444,344384,2732300
1560,445,450,645727,9439,344834,2740600
1561,460,472,645267,9427,345306,2896400
1562,459,438,644808,9448,345744,2805800
1563,457,490,644351,9415,346234,2976700
1564,464,493,643887,9386,346727,3054300
1565,450,480,643437,9356,347207,3094000
1566,438,462,642999,9332,347669,3026900
1567,420,475,642579,9277,348144,3003200
1568,468,421,642111,9324,348565,3332200
1569,433,496,641678,9261,349061,3387600
1570,490,505,641188,9246,349566,2914100
1571,460,459,640728,9247,350025,2729000
1572,450,482,640278,9215,350507,2701300
1573,408,456,639870,9167,350963,2766300
1574,502,470,639368,9199,351433,2710500
1575,482,469,638886,9212,351902,2702400
1576,443,480,638443,9175,352382,2691000
1577,464,454,637979,9185,352836,2694000
1578,481,418,637498,9248,353254,2802500
1579,510,502,636988,9256,353756,3171300
1580,464,401,636524,9319,354157,2915900
1581,459,473,636065,9305,354630,2876100
1582,457,436,635608,9326,355066,2849000
1583,491,445,635117,9372,355511,3057500
1584,448,456,634669,9364,355967,3539200
1585,474,448,634195,9390,356415,3230500
1586,454,464,633741,9380,356879,3016200
1587,448,484,633293,9344,357363,2996300
1588,438,489,632855,9293,357852,2968100
1589,439,459,632416,9273,358311,3316200
1590,472,450,631944,9295,358761,2991400
1591,452,453,631492,9294,359214,2886500
1592,433,449,631059,9278,359663,2841100
1593,444,483,630615,9239,360146,2814300
1594,471,454,630144,9256,360600,3107300
1595,471,433,629673,9294,361033,2796500
1596,465,435,629208,9324,361468,2772500
1597,484,460,628724,9348,361928,2745100
1598,439,428,628285,9359,362356,3218100
1599,469,473,627816,9355,362829,2792600
1600,406,482,627410,9279,363311,2764800
1601,455,474,626955,9260,363785,2737400
1602,454,504,626501,9210,364289,2726300
1603,452,470,626049,9192,364759,2726300
1604,452,445,625597,9199,365204,2707500
1605,480,481,625117,9198,365685,2797800
1606,460,500,624657,9158,366185,2827200
1607,455,493,624202,9120,366678,2829800
1608,439,466,623763,9093,367144,2792700
1609,441,429,623322,9105,367573,2764700
1610,455,456,622867,9104,368029,2743200
1611,436,498,622431,9042,368527,2740600
1612,461,449,621970,9054,368976,2727300
1613,443,451,621527,9046,369427,2697800
1614,429,443,621098,9032,369870,2686000
1615,432,509,620666,8955,370379,2729300
1616,403,450,620263,8908,370829,2718000
1617,456,422,619807,8942,371251,2744800
1618,421,439,619386,8924,371690,2702300
1619,459,433,618927,8950,372123,2687500
1620,449,430,618478,8969,372553,2707600
1621,473,425,618005,9017,372978,2689800
1622,470,438,617535,9049,373416,2719200
1623,459,478,617076,9030,373894,2738700
1624,468,448,616608,9050,374342,2711300
1625,460,460,616148,9050,374802,2699800
1626,434,465,615714,9019,375267,2693100
1627,437,430,615277,9026,375697,2688600
1628,436,465,614841,8997,376162,3148600
1629,444,458,614397,8983,376620,2700700
1630,439,461,613958,8961,377081,2771400
1631,430,446,613528,8945,377527,2830800
1632,447,441,613081,8951,377968,2767100
1633,458,440,612623,8969,378408,3060800
1634,414,465,612209,8918,378873,2966400
1635,405,415,611804,8908,379288,2763200
1636,462,460,611342,8910,379748,2732400
1637,503,440,610839,8973,380188,2706700
1638,442,472,610397,8943,380660,2693200
1639,457,460,609940,8940,381120,2879500
1640,438,474,609502,8904,381594,2715400
1641,410,442,609092,8872,382036,2683400
1642,428,453,608664,8847,382489,2729200
1643,422,402,608242,8867,382891,2680500
1644,453,452,607789,8868,383343,2701800
1645,411,413,607378,8866,383756,2929900
1646,455,461,606923,8860,384217,2711100
1647,458,408,606465,8910,384625,2710600
1648,426,425,606039,8911,385050,2693700
1649,423,449,605616,8885,385499,2671900
1650,390,433,605226,8842,385932,2726600
1651,410,461,604816,8791,386393,2908800
1652,405,414,604411,8782,386807,2884800
1653,395,457,604016,8720,387264,2807700
1654,443,456,603573,8707,387720,2838700
1655,415,442,603158,8680,388162,2895400
1656,438,411,602720,8707,388573,3027600
1657,416,442,602304,8681,389015,2862400
1658,424,453,601880,8652,389468,2845400
1659,436,444,601444,8644,389912,2907400
1660,426,453,601018,8617,390365,3060400
1661,443,446,600575,8614,390811,2884400
1662,457,387,600118,8684,391198,2848400
1663,445,432,599673,8697,391630,2827300
1664,449,406,599224,8740,392036,2813400
1665,436,434,598788,8742,392470,2800100
1666,468,448,598320,8762,392918,2809100
1667,424,404,597896,8782,393322,2785600
1668,425,461,597471,8746,393783,2792500
1669,415,447,597056,8714,394230,2786900
1670,427,455,596629,8686,394685,2802300
1671,459,423,596170,8722,395108,2792700
1672,451,434,595719,8739,395542,3245200
1673,462,426,595257,8775,395968,3013300
1674,442,493,594815,8724,396461,2850000
1675,437,428,594378,8733,396889,2804900
1676,443,451,593935,8725,397340,3030500
1677,439,431,593496,8733,397771,3197800
1678,433,444,593063,8722,398215,2933700
1679,469,432,592594,8759,398647,2938200
1680,450,471,592144,8738,399118,2843600
1681,448,452,591696,8734,399570,2936900
1682,431,426,591265,8739,399996,3189700
1683,434,435,590831,8738,400431,3501500
1684,441,449,590390,8730,400880,3534100
1685,424,423,589966,8731,401303,3484100
1686,419,437,589547,8713,401740,3458100
1687,442,414,589105,8741,402154,3490100
1688,411,497,588694,8655,402651,3375700
1689,448,432,588246,8671,403083,3019100
1690,432,431,587814,8672,403514,2958600
1691,408,422,587406,8658,403936,3018400
1692,433,435,586973,8656,404371,2850800
1693,423,429,586550,8650,404800,2786500
1694,373,421,586177,8602,405221,2783300
1695,429,445,585748,8586,405666,2843400
1696,444,456,585304,8574,406122,3350300
1697,428,423,584876,8579,406545,3302600
1698,450,400,584426,8629,406945,3411000
1699,427,430,583999,8626,407375,3151600
1700,421,410,583578,8637,407785,3179700
1701,403,456,583175,8584,408241,3131200
1702,445,380,582730,8649,408621,3030100
1703,459,407,582271,8701,409028,2989900
1704,430,422,581841,8709,409450,2975200
1705,402,483,581439,8628,409933,2968400
1706,413,441,581026,8600,410374,2900800
1707,391,465,580635,8526,410839,2861700
1708,422,427,580213,8521,411266,2840900
1709,423,439,579790,8505,411705,2870400
1710,439,460,579351,8484,412165,2838600
1711,422,419,578929,8487,412584,3114900
1712,387,424,578542,8450,413008,2891200
1713,446,425,578096,8471,413433,2805000
1714,390,421,577706,8440,413854,2795200
1715,422,386,577284,8476,414240,2747800
1716,407,413,576877,8470,414653,2709700
1717,384,451,576493,8403,415104,2745100
1718,398,440,576095,8361,415544,2718600
1719,400,412,575695,8349,415956,2656700
1720,414,420,575281,8343,416376,2753800
1721,383,427,574898,8299,416803,2894900
1722,404,435,574494,8268,417238,2751100
1723,408,408,574086,8268,417646,2713300
1724,404,448,573682,8224,418094,2678900
1725,429,415,573253,8238,418509,2644600
1726,406,393,572847,8251,418902,2647300
1727,408,440,572439,8219,419342,2629900
1728,366,385,572073,8200,419727,2653800
1729,403,411,571670,8192,420138,2654600
1730,363,397,571307,8158,420535,2634200
1731,371,381,570936,8148,420916,2608900
1732,398,464,570538,8082,421380,2626300
1733,429,384,570109,8127,421764,2624400
1734,417,404,569692,8140,422168,3337600
1735,392,398,569300,8134,422566,2816600
1736,397,406,568903,8125,422972,2774800
1737,437,448,568466,8114,423420,2802400
1738,372,408,568094,8078,423828,2768400
1739,397,433,567697,8042,424261,2912700
1740,398,379,567299,8061,424640,2809900
1741,377,388,566922,8050,425028,2762300
1742,390,410,566532,8030,425438,2698700
1743,388,435,566144,7983,425873,2667600
1744,354,407,565790,7930,426280,2644600
1745,417,389,565373,7958,426669,2961600
1746,384,395,564989,7947,427064,2840000
1747,385,406,564604,7926,427470,2672100
1748,415,411,564189,7930,427881,2602900
1749,375,372,563814,7933,428253,2600100
1750,379,377,563435,7935,428630,2579000
1751,379,405,563056,7909,429035,2636800
1752,415,399,562641,7925,429434,2620800
1753,403,377,562238,7951,429811,2620700
1754,387,408,561851,7930,430219,2594100
1755,360,426,561491,7864,430645,2656200
1756,363,417,561128,7810,431062,2628900
1757,388,337,560740,7861,431399,2659700
1758,395,417,560345,7839,431816,2689300
1759,427,400,559918,7866,432216,2683200
1760,356,416,559562,7806,432632,2734700
1761,370,384,559192,7792,433016,2741800
1762,375,365,558817,7802,433381,2727100
1763,359,382,558458,7779,433763,2718600
1764,344,378,558114,7745,434141,2695400
1765,358,399,557756,7704,434540,2652000
1766,392,391,557364,7705,434931,2644300
1767,387,382,556977,7710,435313,2671200
1768,402,366,556575,7746,435679,2641900
1769,377,390,556198,7733,436069,3023000
1770,378,393,555820,7718,436462,2737100
1771,373,411,555447,7680,436873,2784300
1772,396,358,555051,7718,437231,2746800
1773,379,357,554672,7740,437588,2730100
1774,365,403,554307,7702,437991,2757800
1775,365,411,553942,7656,438402,2693900
1776,383,378,553559,7661,438780,2651900
1777,359,445,553200,7575,439225,2684600
1778,382,428,552818,7529,439653,2665300
1779,401,404,552417,7526,440057,2661800
1780,392,338,552025,7580,440395,2702100
1781,412,396,551613,7596,440791,2675500
1782,406,403,551207,7599,441194,3149700
1783,376,384,550831,7591,441578,3364100
1784,383,366,550448,7608,441944,3285800
1785,384,389,550064,7603,442333,3109000
1786,348,360,549716,7591,442693,2728800
1787,353,374,549363,7570,443067,2730300
1788,385,358,548978,7597,443425,2719300
1789,383,372,548595,7608,443797,2767700
1790,371,380,548224,7599,444177,2929600
1791,410,398,547814,7611,444575,2903900
1792,396,387,547418,7620,444962,2966700
1793,364,406,547054,7578,445368,2694600
1794,367,373,546687,7572,445741,2781200
1795,364,407,546323,7529,446148,2734100
1796,384,365,545939,7548,446513,2696600
1797,403,374,545536,7577,446887,2656400
1798,388,354,545148,7611,447241,2667400
1799,365,394,544783,7582,447635,2648600
1800,355,381,544428,7556,448016,2607800
1801,370,398,544058,7528,448414,2636000
1802,374,381,543684,7521,448795,2673000
1803,435,401,543249,7555,449196,2631900
1804,391,374,542858,7572,449570,2598300
1805,397,350,542461,7619,449920,2609000
1806,401,396,542060,7624,450316,2588200
1807,396,379,541664,7641,450695,2582200
1808,394,398,541270,7637,451093,2705900
1809,348,380,540922,7605,451473,2628100
1810,369,422,540553,7552,451895,2614400
1811,382,385,540171,7549,452280,2708300
1812,372,364,539799,7557,452644,2630700
1813,383,359,539416,7581,453003,2606900
1814,375,364,539041,7592,453367,2729900
1815,367,365,538674,7594,453732,2602400
1816,382,373,538292,7603,454105,2577300
1817,372,400,537920,7575,454505,2582100
1818,376,394,537544,7557,454899,2571500
1819,376,353,537168,7580,455252,2720000
1820,399,404,536769,7575,455656,2741900
1821,379,386,536390,7568,456042,2664900
1822,405,391,535985,7582,456433,2643200
1823,423,373,535562,7632,456806,2623200
1824,384,368,535178,7648,457174,2602000
1825,381,384,534797,7645,457558,2709600
1826,412,346,534385,7711,457904,2608200
1827,367,400,534018,7678,458304,2578500
1828,406,365,533612,7719,458669,2590500
1829,418,384,533194,7753,459053,2558800
1830,409,350,532785,7812,459403,2555400
1831,379,401,532406,7790,459804,2606300
1832,370,390,532036,7770,460194,2570600
1833,379,416,531657,7733,460610,2558700
1834,356,395,531301,7694,461005,2556500
1835,369,407,530932,7656,461412,2578900
1836,377,362,530555,7671,461774,2564800
1837,365,347,530190,7689,462121,2566900
1838,360,393,529830,7656,462514,2564600
1839,386,377,529444,7665,462891,2566200
1840,343,392,529101,7616,463283,2563800
1841,355,393,528746,7578,463676,2555600
1842,357,370,528389,7565,464046,2551300
1843,391,399,527998,7557,464445,2584000
1844,372,406,527626,7523,464851,2588000
1845,374,396,527252,7501,465247,2823700
1846,391,383,526861,7509,465630,2659700
1847,350,392,526511,7467,466022,2621700
1848,366,361,526145,7472,466383,2653600
1849,384,380,525761,7476,466763,2635300
1850,383,391,525378,7468,467154,2628100
1851,376,360,525002,7484,467514,2616000
1852,402,380,524600,7506,467894,2582000
1853,365,373,524235,7498,468267,2627200
1854,410,357,523825,7551,468624,2560100
1855,408,393,523417,7566,469017,2958000
1856,422,369,522995,7619,469386,2756000
1857,382,388,522613,7613,469774,2600900
1858,389,360,522224,7642,470134,2585400
1859,389,407,521835,7624,470541,2585800
1860,421,396,521414,7649,470937,2577100
1861,436,394,520978,7691,471331,2735700
1862,374,422,520604,7643,471753,2725200
1863,383,390,520221,7636,472143,2718200
1864,408,383,519813,7661,472526,2681800
1865,379,391,519434,7649,472917,2696600
1866,352,392,519082,7609,473309,2766400
1867,400,388,518682,7621,473697,3131000
1868,408,406,518274,7623,474103,2711200
1869,394,402,517880,7615,474505,2736200
1870,383,409,517497,7589,474914,2996600
1871,393,388,517104,7594,475302,2923300
1872,406,383,516698,7617,475685,2892600
1873,372,403,516326,7586,476088,2832800
1874,401,364,515925,7623,476452,2780400
1875,400,384,515525,7639,476836,2736000
1876,376,370,515149,7645,477206,2714800
1877,394,372,514755,7667,477578,2679100
1878,354,375,514401,7646,477953,3002900
1879,377,361,514024,7662,478314,2989100
1880,349,374,513675,7637,478688,2940500
1881,367,366,513308,7638,479054,2918000
1882,375,369,512933,7644,479423,3186700
1883,376,391,512557,7629,479814,3046500
1884,391,375,512166,7645,480189,2712300
1885,391,384,511775,7652,480573,2682700
1886,385,439,511390,7598,481012,2711300
1887,356,355,511034,7599,481367,2658800
1888,380,394,510654,7585,481761,2696900
1889,356,371,510298,7570,482132,2674500
1890,393,395,509905,7568,482527,2675100
1891,350,383,509555,7535,482910,2696300
1892,390,373,509165,7552,483283,2714900
1893,359,412,508806,7499,483695,2786500
1894,383,394,508423,7488,484089,2793900
1895,343,397,508080,7434,484486,2869700
1896,402,364,507678,7472,484850,2806600
1897,416,389,507262,7499,485239,2773500
1898,394,400,506868,7493,485639,2753900
1899,414,360,506454,7547,485999,2717300
1900,386,403,506068,7530,486402,2831500
1901,388,410,505680,7508,486812,2768100
1902,396,364,505284,7540,487176,2751800
1903,407,398,504877,7549,487574,2715500
1904,365,392,504512,7522,487966,2745900
1905,389,375,504123,7536,488341,2845600
1906,414,366,503709,7584,488707,2974100
1907,406,378,503303,7612,489085,3663900
1908,409,352,502894,7669,489437,3503800
1909,423,384,502471,7708,489821,3121500
1910,419,366,502052,7761,490187,3541300
1911,440,424,501612,7777,490611,3304300
1912,405,390,501207,7792,491001,3257600
1913,379,379,500828,7792,491380,3453400
1914,389,405,500439,7776,491785,3737400
1915,404,439,500035,7741,492224,3582900
1916,362,376,499673,7727,492600,3393600
1917,369,380,499304,7716,492980,3211700
1918,356,418,498948,7654,493398,3151500
1919,394,365,498554,7683,493763,3209000
1920,347,412,498207,7618,494175,3162400
1921,337,414,497870,7541,494589,3084300
1922,376,358,497494,7559,494947,3041900
1923,358,385,497136,7532,495332,3011900
1924,365,358,496771,7539,495690,3117500
1925,371,392,496400,7518,496082,3027600
1926,349,402,496051,7465,496484,2974800
1927,357,343,495694,7479,496827,2984800
1928,386,354,495308,7511,497181,2944900
1929,356,336,494952,7531,497517,3458700
1930,417,369,494535,7579,497886,3479500
1931,407,404,494128,7582,498290,3573000
1932,394,369,493734,7607,498659,3460100
1933,400,370,493334,7637,499029,3476200
1934,381,357,492953,7661,499386,3762400
1935,388,393,492565,7656,499779,3623100
1936,433,400,492132,7689,500179,3548800
1937,392,397,491740,7684,500576,3537500
1938,391,362,491349,7713,500938,3403000
1939,368,389,490981,7692,501327,3359800
1940,362,381,490619,7673,501708,3284800
1941,389,379,490230,7683,502087,3146900
1942,400,401,489830,7682,502488,3066800
1943,387,387,489443,7682,502875,2971800
1944,376,394,489067,7664,503269,2903900
1945,357,382,488710,7639,503651,2936900
1946,368,376,488342,7631,504027,2900300
1947,409,391,487933,7649,504418,2910200
1948,366,375,487567,7640,504793,2974300
1949,355,348,487212,7647,505141,2889900
1950,367,351,486845,7663,505492,2871200
1951,393,376,486452,7680,505868,2892200
1952,394,381,486058,7693,506249,2840200
1953,382,370,485676,7705,506619,3144100
1954,366,392,485310,7679,507011,2825200
1955,370,357,484940,7692,507368,2855900
1956,354,378,484586,7668,507746,2841500
1957,362,386,484224,7644,508132,2896400
1958,397,381,483827,7660,508513,2925600
1959,363,370,483464,7653,508883,2995400
1960,390,365,483074,7678,509248,3021400
1961,379,391,482695,7666,509639,2866000
1962,380,403,482315,7643,510042,2852100
1963,427,380,481888,7690,510422,2866200
1964,387,435,481501,7642,510857,2875700
1965,393,345,481108,7690,511202,2827100
1966,366,402,480742,7654,511604,2831800
1967,374,379,480368,7649,511983,2814400
1968,377,401,479991,7625,512384,2820200
1969,340,378,479651,7587,512762,2942200
1970,376,367,479275,7596,513129,2864400
1971,373,390,478902,7579,513519,2822400
1972,356,375,478546,7560,513894,2855800
1973,362,346,478184,7576,514240,2842400
1974,348,378,477836,7546,514618,3254000
1975,350,376,477486,7520,514994,3094100
1976,368,373,477118,7515,515367,2912000
1977,369,370,476749,7514,515737,2946300
1978,379,371,476370,7522,516108,2888500
1979,314,360,476056,7476,516468,2955000
1980,351,367,475705,7460,516835,3023900
1981,348,353,475357,7455,517188,2958300
1982,356,371,475001,7440,517559,2983800
1983,371,375,474630,7436,517934,2956900
1984,368,359,474262,7445,518293,3181200
1985,368,403,473894,7410,518696,3106000
1986,363,356,473531,7417,519052,3525800
1987,351,366,473180,7402,519418,3316100
1988,380,349,472800,7433,519767,3099600
1989,336,348,472464,7421,520115,3399400
1990,353,375,472111,7399,520490,3408800
1991,365,364,471746,7400,520854,3373900
1992,364,352,471382,7412,521206,3194900
1993,368,370,471014,7410,521576,3377600
1994,367,389,470647,7388,521965,3569200
1995,355,350,470292,7393,522315,3371600
1996,336,338,469956,7391,522653,3090100
1997,373,363,469583,7401,523016,3402000
1998,388,336,469195,7453,523352,3563300
1999,349,377,468846,7425,523729,3795100
2000,353,392,468493,7386,524121,3443700
2001,343,360,468150,7369,524481,3456800
2002,359,331,467791,7397,524812,3096900
2003,417,395,467374,7419,525207,3311500
2004,406,342,466968,7483,525549,3131000
2005,370,381,466598,7472,525930,3098600
2006,400,347,466198,7525,526277,3036600
2007,376,367,465822,7534,526644,3014000
2008,404,361,465418,7577,527005,3139300
2009,398,402,465020,7573,527407,3054900
2010,416,392,464604,7597,527799,3236900
2011,378,357,464226,7618,528156,3130800
2012,419,365,463807,7672,528521,3376500
2013,379,392,463428,7659,528913,3091300
2014,430,379,462998,7710,529292,3213100
2015,392,397,462606,7705,529689,3142800
2016,403,411,462203,7697,530100,3642300
2017,368,429,461835,7636,530529,3857200
2018,414,394,461421,7656,530923,3196300
2019,392,353,461029,7695,531276,3528900
2020,365,391,460664,7669,531667,3400700
2021,390,428,460274,7631,532095,3340600
2022,337,361,459937,7607,532456,3382100
2023,384,409,459553,7582,532865,3461400
2024,405,394,459148,7593,533259,3199500
2025,378,367,458770,7604,533626,3195000
2026,373,364,458397,7613,533990,3316300
2027,367,365,458030,7615,534355,3638900
2028,392,353,457638,7654,534708,3633300
2029,415,390,457223,7679,535098,3911900
2030,395,347,456828,7727,535445,3509300
2031,376,368,456452,7735,535813,3266700
2032,386,423,456066,7698,536236,3243300
2033,386,382,455680,7702,536618,3252200
2034,407,392,455273,7717,537010,3115700
2035,399,394,454874,7722,537404,3215400
2036,346,376,454528,7692,537780,3080500
2037,406,403,454122,7695,538183,2984700
2038,368,362,453754,7701,538545,3006200
2039,402,379,453352,7724,538924,3128400
2040,359,402,452993,7681,539326,3428300
2041,415,382,452578,7714,539708,3270200
2042,422,409,452156,7727,540117,3284800
2043,391,396,451765,7722,540513,3098600
2044,373,387,451392,7708,540900,3113500
2045,406,394,450986,7720,541294,3240700
2046,383,415,450603,7688,541709,2997100
2047,393,374,450210,7707,542083,3003700
2048,381,359,449829,7729,542442,3013300
2049,411,344,449418,7796,542786,3020800
2050,407,392,449011,7811,543178,3027000
2051,411,385,448600,7837,543563,3117400
2052,363,433,448237,7767,543996,3064000
2053,406,392,447831,7781,544388,3223200
2054,369,378,447462,7772,544766,3069500
2055,379,390,447083,7761,545156,3081700
2056,400,389,446683,7772,545545,3100600
2057,379,404,446304,7747,545949,2959200
2058,379,394,445925,7732,546343,3011600
2059,389,388,445536,7733,546731,2999300
2060,381,391,445155,7723,547122,3026600
2061,369,421,444786,7671,547543,3038300
2062,347,381,444439,7637,547924,3036300
2063,396,396,444043,7637,548320,3032500
2064,405,400,443638,7642,548720,3007400
2065,381,407,443257,7616,549127,3001100
2066,392,383,442865,7625,549510,2980700
2067,386,365,442479,7646,549875,2932600
2068,406,400,442073,7652,550275,2984100
2069,404,377,441669,7679,550652,3221600
2070,414,377,441255,7716,551029,2958300
2071,388,387,440867,7717,551416,2940600
2072,393,397,440474,7713,551813,2969000
2073,403,361,440071,7755,552174,2957000
2074,362,371,439709,7746,552545,3001500
2075,378,382,439331,7742,552927,3563200
2076,370,397,438961,7715,553324,3201100
2077,369,381,438592,7703,553705,3202200
2078,364,414,438228,7653,554119,3244800
2079,374,384,437854,7643,554503,2987700
2080,353,343,437501,7653,554846,3041200
2081,376,365,437125,7664,555211,3032400
2082,384,392,436741,7656,555603,2984600
2083,359,411,436382,7604,556014,3024700
2084,384,366,435998,7622,556380,3320900
2085,394,367,435604,7649,556747,3489100
2086,383,396,435221,7636,557143,3151300
2087,388,379,434833,7645,557522,3020700
2088,384,397,434449,7632,557919,2868800
2089,392,413,434057,7611,558332,2798300
2090,375,370,433682,7616,558702,2815500
2091,356,391,433326,7581,559093,2718300
2092,359,342,432967,7598,559435,2681200
2093,400,412,432567,7586,559847,2659900
2094,377,366,432190,7597,560213,2630500
2095,372,358,431818,7611,560571,2661100
2096,360,367,431458,7604,560938,2630800
2097,381,361,431077,7624,561299,2606100
2098,365,406,430712,7583,561705,2592100
2099,389,380,430323,7592,562085,2587100
2100,403,354,429920,7641,562439,2601200
2101,379,394,429541,7626,562833,2750300
2102,386,349,429155,7663,563182,2856200
2103,403,379,428752,7687,563561,2621100
2104,389,368,428363,7708,563929,2612000
2105,393,425,427970,7676,564354,2567000
2106,381,377,427589,7680,564731,2573200
2107,401,389,427188,7692,565120,2897500
2108,402,342,426786,7752,565462,2920900
2109,399,398,426387,7753,565860,2810200
2110,403,382,425984,7774,566242,2774900
2111,402,394,425582,7782,566636,2723200
2112,373,366,425209,7789,567002,2666500
2113,367,380,424842,7776,567382,3086100
2114,390,366,424452,7800,567748,2681600
2115,397,407,424055,7790,568155,2645100
2116,402,397,423653,7795,568552,2625600
2117,399,357,423254,7837,568909,2617200
2118,401,397,422853,7841,569306,2633800
2119,356,387,422497,7810,569693,2624100
2120,389,392,422108,7807,570085,2597600
2121,400,430,421708,7777,570515,2589400
2122,411,394,421297,7794,570909,2599200
2123,371,395,420926,7770,571304,2586800
2124,371,383,420555,7758,571687,2580800
2125,440,398,420115,7800,572085,2594400
2126,382,408,419733,7774,572493,2578500
2127,401,400,419332,7775,572893,2562000
2128,358,401,418974,7732,573294,2579400
2129,367,386,418607,7713,573680,2573500
2130,407,376,418200,7744,574056,3081500
2131,375,412,417825,7707,574468,2730000
2132,407,383,417418,7731,574851,2712200
2133,391,372,417027,7750,575223,2677700
2134,391,390,416636,7751,575613,2666600
2135,386,362,416250,7775,575975,2647600
2136,373,381,415877,7767,576356,2935800
2137,363,397,415514,7733,576753,2614300
2138,355,412,415159,7676,577165,2583000
2139,359,359,414800,7676,577524,2620500
2140,361,351,414439,7686,577875,2676700
2141,397,368,414042,7715,578243,2649700
2142,413,364,413629,7764,578607,2646900
2143,412,377,413217,7799,578984,2645900
2144,401,386,412816,7814,579370,2663500
2145,384,375,412432,7823,579745,2663800
2146,420,395,412012,7848,580140,2657000
2147,376,358,411636,7866,580498,2655900
2148,388,376,411248,7878,580874,2818200
2149,385,411,410863,7852,581285,2699500
2150,367,414,410496,7805,581699,2647900
2151,388,389,410108,7804,582088,2690500
2152,401,388,409707,7817,582476,2616100
2153,363,406,409344,7774,582882,2625500
2154,409,364,408935,7819,583246,2615500
2155,383,374,408552,7828,583620,2636900
2156,359,399,408193,7788,584019,2628400
2157,402,364,407791,7826,584383,2734900
2158,378,394,407413,7810,584777,2662900
2159,354,415,407059,7749,585192,2734400
2160,353,423,406706,7679,585615,2709300
2161,375,391,406331,7663,586006,2691600
2162,357,369,405974,7651,586375,2670600
2163,404,382,405570,7673,586757,2645900
2164,381,363,405189,7691,587120,2665100
2165,360,378,404829,7673,587498,2853500
2166,411,400,404418,7684,587898,2674200
2167,367,395,404051,7656,588293,2694500
2168,369,385,403682,7640,588678,2644800
2169,364,403,403318,7601,589081,2620700
2170,376,380,402942,7597,589461,2648800
2171,390,360,402552,7627,589821,2769600
2172,375,353,402177,7649,590174,2668800
2173,393,417,401784,7625,590591,2652000
2174,363,426,401421,7562,591017,2650100
2175,382,352,401039,7592,591369,2631600
2176,348,402,400691,7538,591771,2645900
2177,372,377,400319,7533,592148,2680500
2178,365,411,399954,7487,592559,2648200
2179,349,403,399605,7433,592962,2646800
2180,376,381,399229,7428,593343,2598700
2181,370,385,398859,7413,593728,2674000
2182,389,312,398470,7490,594040,2881400
2183,364,403,398106,7451,594443,2786100
2184,390,377,397716,7464,594820,2781600
2185,381,355,397335,7490,595175,2727800
2186,389,389,396946,7490,595564,2691400
2187,361,337,396585,7514,595901,2632100
2188,375,366,396210,7523,596267,2747100
2189,370,369,395840,7524,596636,2697400
2190,389,393,395451,7520,597029,2668000
2191,354,374,395097,7500,597403,2633800
2192,369,406,394728,7463,597809,2604800
2193,352,365,394376,7450,598174,2591500
2194,412,384,393964,7478,598558,2639800
2195,376,376,393588,7478,598934,2594500
2196,370,430,393218,7418,599364,2585800
2197,380,393,392838,7405,599757,2630300
2198,365,393,392473,7377,600150,2627200
2199,346,370,392127,7353,600520,2590400
2200,337,353,391790,7337,600873,2655100
2201,369,370,391421,7336,601243,2598500
2202,377,359,391044,7354,601602,2594800
2203,340,380,390704,7314,601982,2553200
2204,352,351,390352,7315,602333,2562000
2205,344,398,390008,7261,602731,2558000
2206,335,366,389673,7230,603097,2579600
2207,362,364,389311,7228,603461,2676400
2208,349,354,388962,7223,603815,2661200
2209,398,379,388564,7242,604194,2620300
2210,338,356,388226,7224,604550,2609400
2211,369,343,387857,7250,604893,2969600
2212,370,352,387487,7268,605245,2679700
2213,390,401,387097,7257,605646,2618900
2214,395,372,386702,7280,606018,2623700
2215,385,385,386317,7280,606403,2590300
2216,333,381,385984,7232,606784,2553600
2217,352,364,385632,7220,607148,2948400
2218,366,376,385266,7210,607524,2683100
2219,350,368,384916,7192,607892,2571900
2220,378,365,384538,7205,608257,2562500
2221,362,353,384176,7214,608610,2545200
2222,387,371,383789,7230,608981,2546800
2223,357,378,383432,7209,609359,2586200
2224,356,365,383076,7200,609724,2570700
2225,350,356,382726,7194,610080,2620000
2226,373,348,382353,7219,610428,2593900
2227,381,380,381972,7220,610808,2570000
2228,363,364,381609,7219,611172,2555800
2229,385,354,381224,7250,611526,2591600
2230,376,331,380848,7295,611857,2605900
2231,374,373,380474,7296,612230,2651700
2232,368,373,380106,7291,612603,2639600
2233,391,378,379715,7304,612981,2664600
2234,359,357,379356,7306,613338,2624900
2235,387,347,378969,7346,613685,2638600
2236,351,390,378618,7307,614075,2606000
2237,379,360,378239,7326,614435,2658900
2238,390,354,377849,7362,614789,2587500
2239,370,376,377479,7356,615165,2602200
2240,390,386,377089,7360,615551,2621400
2241,401,364,376688,7397,615915,2610700
2242,428,361,376260,7464,616276,2674900
2243,390,358,375870,7496,616634,2644000
2244,384,352,375486,7528,616986,2650600
2245,387,372,375099,7543,617358,2740300
2246,425,374,374674,7594,617732,2664600
2247,375,396,374299,7573,618128,2681500
2248,399,369,373900,7603,618497,2606500
2249,369,375,373531,7597,618872,2606300
2250,357,387,373174,7567,619259,2596100
2251,398,398,372776,7567,619657,2575900
2252,383,386,372393,7564,620043,2574400
2253,417,359,371976,7622,620402,2626100
2254,398,369,371578,7651,620771,2710700
2255,389,342,371189,7698,621113,2599800
2256,385,396,370804,7687,621509,2620300
2257,376,346,370428,7717,621855,2651100
2258,402,366,370026,7753,622221,2784100
2259,432,389,369594,7796,622610,2811400
2260,397,370,369197,7823,622980,2719100
2261,389,421,368808,7791,623401,2675400
2262,357,388,368451,7760,623789,2642300
2263,395,390,368056,7765,624179,2664000
2264,397,403,367659,7759,624582,2651400
2265,348,391,367311,7716,624973,2684900
2266,376,385,366935,7707,625358,2652100
2267,400,386,366535,7721,625744,2641300
2268,368,393,366167,7696,626137,2653300
2269,371,392,365796,7675,626529,2635800
2270,378,400,365418,7653,626929,2679300
2271,369,342,365049,7680,627271,2750100
2272,372,348,364677,7704,627619,2721500
2273,417,415,364260,7706,628034,2676600
2274,381,357,363879,7730,628391,2664900
2275,378,385,363501,7723,628776,2679300
2276,397,384,363104,7736,629160,2868100
2277,390,413,362714,7713,629573,2820700
2278,395,371,362319,7737,629944,2808300
2279,391,359,361928,7769,630303,2817600
2280,403,385,361525,7787,630688,2783600
2281,378,396,361147,7769,631084,2996900
2282,395,422,360752,7742,631506,3401300
2283,375,379,360377,7738,631885,2952100
2284,387,412,359990,7713,632297,2879900
2285,354,345,359636,7722,632642,2820300
2286,364,411,359272,7675,633053,2880100
2287,363,387,358909,7651,633440,2990200
2288,404,358,358505,7697,633798,2972600
2289,417,364,358088,7750,634162,3076000
2290,394,394,357694,7750,634556,2880400
2291,443,373,357251,7820,634929,2822800
2292,394,421,356857,7793,635350,2947600
2293,385,375,356472,7803,635725,2793000
2294,388,384,356084,7807,636109,2733000
2295,396,400,355688,7803,636509,2763900
2296,392,376,355296,7819,636885,2741000
2297,391,398,354905,7812,637283,2750500
2298,401,434,354504,7779,637717,3057100
2299,384,370,354120,7793,638087,3247200
2300,379,379,353741,7793,638466,3158300
2301,379,396,353362,7776,638862,3196200
2302,406,362,352956,7820,639224,3047400
2303,372,395,352584,7797,639619,2970100
2304,352,386,352232,7763,640005,2758600
2305,403,421,351829,7745,640426,2787800
2306,364,387,351465,7722,640813,2746800
2307,376,375,351089,7723,641188,2735100
2308,412,390,350677,7745,641578,2755900
2309,336,375,350341,7706,641953,2785100
2310,375,398,349966,7683,642351,2723800
2311,375,399,349591,7659,642750,2727800
2312,351,331,349240,7679,643081,2669500
2313,374,413,348866,7640,643494,2646900
2314,347,380,348519,7607,643874,2690000
2315,364,406,348155,7565,644280,2654700
2316,347,383,347808,7529,644663,2675300
2317,359,383,347449,7505,645046,2648900
2318,351,367,347098,7489,645413,2656200
2319,372,372,346726,7489,645785,2855800
2320,336,354,346390,7471,646139,2794700
2321,370,400,346020,7441,646539,2702600
2322,336,391,345684,7386,646930,2713300
2323,381,397,345303,7370,647327,2813400
2324,334,379,344969,7325,647706,3418600
2325,361,368,344608,7318,648074,3797100
2326,375,346,344233,7347,648420,2986400
2327,353,372,343880,7328,648792,3071000
2328,306,392,343574,7242,649184,3153000
2329,325,317,343249,7250,649501,3212400
2330,355,357,342894,7248,649858,3316100
2331,339,372,342555,7215,650230,2744400
2332,372,378,342183,7209,650608,2672800
2333,355,327,341828,7237,650935,2638800
2334,336,369,341492,7204,651304,2654000
2335,365,344,341127,7225,651648,2664300
2336,372,334,340755,7263,651982,2691200
2337,314,380,340441,7197,652362,2625500
2338,348,338,340093,7207,652700,2630900
2339,368,371,339725,7204,653071,2611500
2340,352,386,339373,7170,653457,2610600
2341,335,311,339038,7194,653768,2810800
2342,349,340,338689,7203,654108,2755300
2343,331,365,338358,7169,654473,2954200
2344,338,372,338020,7135,654845,2570500
2345,344,350,337676,7129,655195,2570600
2346,322,383,337354,7068,655578,2563500
2347,346,349,337008,7065,655927,2610100
2348,329,348,336679,7046,656275,2573400
2349,350,347,336329,7049,656622,2563100
2350,355,360,335974,7044,656982,2562500
2351,361,331,335613,7074,657313,2565900
2352,341,364,335272,7051,657677,2575500
2353,387,330,334885,7108,658007,2965400
2354,363,349,334522,7122,658356,2711600
2355,371,370,334151,7123,658726,2847200
2356,374,346,333777,7151,659072,2578000
2357,354,350,333423,7155,659422,2550200
2358,336,356,333087,7135,659778,2552600
2359,368,369,332719,7134,660147,3054600
2360,354,358,332365,7130,660505,2573600
2361,385,359,331980,7156,660864,2564800
2362,373,374,331607,7155,661238,2539600
2363,332,338,331275,7149,661576,2539800
2364,364,362,330911,7151,661938,2767200
2365,383,368,330528,7166,662306,2708100
2366,342,342,330186,7166,662648,2564200
2367,344,344,329842,7166,662992,2561600
2368,364,346,329478,7184,663338,2571700
2369,398,382,329080,7200,663720,2559000
2370,375,378,328705,7197,664098,2843500
2371,397,359,328308,7235,664457,2939000
2372,367,339,327941,7263,664796,2665900
2373,369,389,327572,7243,665185,2720800
2374,337,367,327235,7213,665552,2662800
2375,362,339,326873,7236,665891,2617000
2376,344,337,326529,7243,666228,2640100
2377,370,326,326159,7287,666554,2636500
2378,370,381,325789,7276,666935,2701800
2379,355,417,325434,7214,667352,2660400
2380,365,362,325069,7217,667714,2631600
2381,343,360,324726,7200,668074,2619900
2382,346,392,324380,7154,668466,3049700
2383,349,380,324031,7123,668846,2841300
2384,331,342,323700,7112,669188,2614900
2385,363,326,323337,7149,669514,2609200
2386,355,343,322982,7161,669857,2597300
2387,324,379,322658,7106,670236,2586300
2388,358,332,322300,7132,670568,3256900
2389,363,367,321937,7128,670935,3305300
2390,389,368,321548,7149,671303,3275700
2391,361,369,321187,7141,671672,3260200
2392,376,324,320811,7193,671996,2638700
2393,336,360,320475,7169,672356,3104300
2394,377,354,320098,7192,672710,2624400
2395,327,372,319771,7147,673082,2562500
2396,377,341,319394,7183,673423,2570100
2397,338,326,319056,7195,673749,2613200
2398,361,360,318695,7196,674109,2575700
2399,396,373,318299,7219,674482,2594500
2400,368,341,317931,7246,674823,2547200
2401,326,366,317605,7206,675189,2563900
2402,333,353,317272,7186,675542,2674000
2403,333,386,316939,7133,675928,2630300
2404,325,356,316614,7102,676284,2616400
2405,347,376,316267,7073,676660,2595000
2406,355,385,315912,7043,677045,2581200
2407,353,357,315559,7039,677402,2553400
2408,346,340,315213,7045,677742,2573800
2409,324,377,314889,6992,678119,2602100
2410,345,372,314544,6965,678491,2583000
2411,351,393,314193,6923,678884,2603500
2412,322,359,313871,6886,679243,2608000
2413,327,369,313544,6844,679612,2564800
2414,317,343,313227,6818,679955,2541100
2415,325,329,312902,6814,680284,2622700
2416,336,353,312566,6797,680637,2562600
2417,304,320,312262,6781,680957,2583900
2418,335,361,311927,6755,681318,2551200
2419,323,335,311604,6743,681653,2576300
2420,341,331,311263,6753,681984,2551600
2421,352,318,310911,6787,682302,2553500
2422,344,347,310567,6784,682649,2585400
2423,341,340,310226,6785,682989,2633800
2424,350,323,309876,6812,683312,2627500
2425,311,313,309565,6810,683625,2626500
2426,333,344,309232,6799,683969,2629900
2427,346,337,308886,6808,684306,2681800
2428,355,349,308531,6814,684655,2678500
2429,331,348,308200,6797,685003,2786700
2430,324,350,307876,6771,685353,2731000
2431,325,334,307551,6762,685687,2740100
2432,315,316,307236,6761,686003,2688500
2433,348,324,306888,6785,686327,2661000
2434,317,318,306571,6784,686645,2648300
2435,348,309,306223,6823,686954,2703000
2436,342,349,305881,6816,687303,2643400
2437,329,368,305552,6777,687671,2602100
2438,317,373,305235,6721,688044,2601400
2439,357,353,304878,6725,688397,2625700
2440,326,308,304552,6743,688705,2597500
2441,337,324,304215,6756,689029,2638200
2442,356,342,303859,6770,689371,2622400
2443,360,348,303499,6782,689719,2609700
2444,349,352,303150,6779,690071,2586300
2445,335,337,302815,6777,690408,2586700
2446,342,321,302473,6798,690729,2579300
2447,342,326,302131,6814,691055,2691900
2448,343,328,301788,6829,691383,2655500
2449,346,366,301442,6809,691749,2675500
2450,330,308,301112,6831,692057,2678700
2451,334,357,300778,6808,692414,2627900
2452,369,339,300409,6838,692753,2680900
2453,345,321,300064,6862,693074,2768100
2454,345,370,299719,6837,693444,2727800
2455,359,324,299360,6872,693768,2674800
2456,373,321,298987,6924,694089,2642200
2457,338,343,298649,6919,694432,2629200
2458,387,332,298262,6974,694764,2670400
2459,372,343,297890,7003,695107,2776600
2460,356,356,297534,7003,695463,2729700
2461,329,354,297205,6978,695817,2731100
2462,370,398,296835,6950,696215,2707100
2463,337,339,296498,6948,696554,2720800
2464,331,346,296167,6933,696900,2720700
2465,340,365,295827,6908,697265,2711300
2466,333,355,295494,6886,697620,2719100
2467,325,326,295169,6885,697946,2663900
2468,343,325,294826,6903,698271,2612300
2469,339,328,294487,6914,698599,2616800
2470,330,344,294157,6900,698943,2824800
2471,348,359,293809,6889,699302,2940400
2472,348,313,293461,6924,699615,2791700
2473,323,353,293138,6894,699968,2745500
2474,335,355,292803,6874,700323,2690100
2475,335,386,292468,6823,700709,2696700
2476,366,335,292102,6854,701044,2669400
2477,356,357,291746,6853,701401,2722400
2478,294,349,291452,6798,701750,2682200
2479,351,324,291101,6825,702074,2677200
2480,378,362,290723,6841,702436,2644500
2481,344,329,290379,6856,702765,3005200
2482,352,315,290027,6893,703080,2601400
2483,354,390,289673,6857,703470,2596600
2484,340,322,289333,6875,703792,2615700
2485,337,347,288996,6865,704139,2618000
2486,319,301,288677,6883,704440,2618500
2487,358,334,288319,6907,704774,2814300
2488,337,323,287982,6921,705097,2582400
2489,336,349,287646,6908,705446,2577100
2490,338,339,287308,6907,705785,2550500
2491,344,329,286964,6922,706114,2553400
2492,333,378,286631,6877,706492,2567000
2493,349,388,286282,6838,706880,2924500
2494,319,338,285963,6819,707218,2578900
2495,343,368,285620,6794,707586,2569900
2496,318,334,285302,6778,707920,2550600
2497,334,349,284968,6763,708269,2561900
2498,328,321,284640,6770,708590,2568400
2499,317,340,284323,6747,708930,2629800
2500,342,340,283981,6749,709270,2576300
2501,374,337,283607,6786,709607,2614100
2502,329,367,283278,6748,709974,2703000
2503,346,351,282932,6743,710325,2621600
2504,346,347,282586,6742,710672,2595800
2505,343,345,282243,6740,711017,2651900
2506,302,339,281941,6703,711356,2604900
2507,320,335,281621,6688,711691,2566800
2508,334,311,281287,6711,712002,2547600
2509,322,336,280965,6697,712338,2558600
2510,332,308,280633,6721,712646,2569800
2511,304,328,280329,6697,712974,2951400
2512,294,322,280035,6669,713296,2583600
2513,338,327,279697,6680,713623,2560100
2514,316,330,279381,6666,713953,2542400
2515,346,309,279035,6703,714262,2534900
2516,344,321,278691,6726,714583,2567500
2517,324,330,278367,6720,714913,2637800
2518,327,337,278040,6710,715250,2557800
2519,332,355,277708,6687,715605,2614500
2520,294,342,277414,6639,715947,2575200
2521,354,293,277060,6700,716240,2551500
2522,313,331,276747,6682,716571,2575200
2523,325,320,276422,6687,716891,2603600
2524,320,331,276102,6676,717222,2638700
2525,340,348,275762,6668,717570,2680600
2526,353,329,275409,6692,717899,2601100
2527,326,314,275083,6704,718213,2636000
2528,339,322,274744,6721,718535,2685700
2529,331,320,274413,6732,718855,2649000
2530,323,346,274090,6709,719201,2651700
2531,273,335,273817,6647,719536,2632500
2532,323,303,273494,6667,719839,2750700
2533,349,319,273145,6697,720158,2744300
2534,343,336,272802,6704,720494,2877400
2535,353,324,272449,6733,720818,2685400
2536,353,352,272096,6734,721170,2712100
2537,354,356,271742,6732,721526,2628800
2538,315,351,271427,6696,721877,2617200
2539,342,332,271085,6706,722209,2604900
2540,306,322,270779,6690,722531,2696400
2541,328,330,270451,6688,722861,2627200
2542,339,364,270112,6663,723225,2599400
2543,353,323,269759,6693,723548,2617500
2544,329,390,269430,6632,723938,2615100
2545,334,354,269096,6612,724292,2633000
2546,304,361,268792,6555,724653,2624200
2547,312,317,268480,6550,724970,2600100
2548,328,353,268152,6525,725323,2606900
2549,318,309,267834,6534,725632,2572700
2550,316,335,267518,6515,725967,2592700
2551,318,322,267200,6511,726289,2631000
2552,352,317,266848,6546,726606,3014600
2553,337,338,266511,6545,726944,2779600
2554,320,320,266191,6545,727264,2711800
2555,313,335,265878,6523,727599,2665900
2556,302,316,265576,6509,727915,2637600
2557,307,335,265269,6481,728250,2631300
2558,305,335,264964,6451,728585,2628300
2559,305,298,264659,6458,728883,2624200
2560,323,323,264336,6458,729206,2656300
2561,343,317,263993,6484,729523,2602800
2562,318,331,263675,6471,729854,2636200
2563,317,336,263358,6452,730190,2613200
2564,308,342,263050,6418,730532,2603300
2565,313,332,262737,6399,730864,2606600
2566,312,335,262425,6376,731199,2602300
2567,318,330,262107,6364,731529,2583200
2568,336,354,261771,6346,731883,2605000
2569,346,310,261425,6382,732193,2601000
2570,321,315,261104,6388,732508,2953000
2571,309,311,260795,6386,732819,2608400
2572,324,317,260471,6393,733136,2589000
2573,301,339,260170,6355,733475,2574300
2574,343,338,259827,6360,733813,2572200
2575,284,305,259543,6339,734118,2547900
2576,302,316,259241,6325,734434,2691200
2577,332,320,258909,6337,734754,2655700
2578,321,332,258588,6326,735086,2756000
2579,309,343,258279,6292,735429,2712400
2580,317,318,257962,6291,735747,2632500
2581,333,291,257629,6333,736038,2622400
2582,303,312,257326,6324,736350,2655300
2583,311,338,257015,6297,736688,2613700
2584,340,331,256675,6306,737019,2599100
2585,309,283,256366,6332,737302,2596500
2586,328,315,256038,6345,737617,2567500
2587,304,318,255734,6331,737935,2571200
2588,316,303,255418,6344,738238,2570300
2589,325,328,255093,6341,738566,2561700
2590,333,333,254760,6341,738899,2579600
2591,286,306,254474,6321,739205,2588200
2592,300,313,254174,6308,739518,2541000
2593,342,322,253832,6328,739840,2562800
2594,319,305,253513,6342,740145,2641300
2595,304,309,253209,6337,740454,2561000
2596,337,321,252872,6353,740775,2549000
2597,301,332,252571,6322,741107,2591600
2598,351,300,252220,6373,741407,2547300
2599,335,313,251885,6395,741720,2903900
2600,314,336,251571,6373,742056,2645200
2601,299,310,251272,6362,742366,2604800
2602,294,332,250978,6324,742698,2573500
2603,310,298,250668,6336,742996,2617200
2604,300,320,250368,6316,743316,2634700
2605,324,310,250044,6330,743626,2964500
2606,308,311,249736,6327,743937,2603900
2607,296,332,249440,6291,744269,2565300
2608,310,305,249130,6296,744574,2556200
2609,287,301,248843,6282,744875,2552000
2610,335,337,248508,6280,745212,2536000
2611,312,308,248196,6284,745520,2615700
2612,318,336,247878,6266,745856,2555600
2613,301,316,247577,6251,746172,2538600
2614,299,312,247278,6238,746484,2525900
2615,272,279,247006,6231,746763,2527300
2616,312,302,246694,6241,747065,2526900
2617,302,293,246392,6250,747358,2765300
2618,298,303,246094,6245,747661,2648100
2619,289,313,245805,6221,747974,2600000
2620,314,312,245491,6223,748286,2567100
2621,297,301,245194,6219,748587,2552100
2622,313,308,244881,6224,748895,2690000
2623,280,327,244601,6177,749222,3003800
2624,296,321,244305,6152,749543,2656600
2625,293,307,244012,6138,749850,2585500
2626,299,315,243713,6122,750165,2549800
2627,276,319,243437,6079,750484,2546000
2628,300,314,243137,6065,750798,2566800
2629,286,267,242851,6084,751065,2686200
2630,300,291,242551,6093,751356,2613700
2631,291,322,242260,6062,751678,2598300
2632,266,288,241994,6040,751966,2563700
2633,314,293,241680,6061,752259,2549400
2634,298,320,241382,6039,752579,2570200
2635,312,304,241070,6047,752883,2573300
2636,309,302,240761,6054,753185,2532700
2637,328,294,240433,6088,753479,2515500
2638,292,289,240141,6091,753768,2506400
2639,289,302,239852,6078,754070,2511100
2640,285,320,239567,6043,754390,2508200
2641,286,279,239281,6050,754669,2568700
2642,286,312,238995,6024,754981,2567700
2643,307,275,238688,6056,755256,2567600
2644,272,327,238416,6001,755583,2551900
2645,302,306,238114,5997,755889,2559700
2646,290,302,237824,5985,756191,2540800
2647,310,294,237514,6001,756485,2589900
2648,307,295,237207,6013,756780,2602300
2649,275,309,236932,5979,757089,2558100
2650,281,339,236651,5921,757428,2805100
2651,279,330,236372,5870,757758,3237300
2652,283,263,236089,5890,758021,3056300
2653,278,302,235811,5866,758323,3270600
2654,266,299,235545,5833,758622,2867500
2655,279,281,235266,5831,758903,3204900
2656,264,300,235002,5795,759203,2755900
2657,305,329,234697,5771,759532,2698000
2658,281,294,234416,5758,759826,2930300
2659,270,270,234146,5758,760096,2744700
2660,294,307,233852,5745,760403,2777500
2661,280,295,233572,5730,760698,2699400
2662,305,268,233267,5767,760966,2617400
2663,290,312,232977,5745,761278,2717100
2664,272,295,232705,5722,761573,2646300
2665,279,270,232426,5731,761843,2566100
2666,239,279,232187,5691,762122,2530300
2667,263,276,231924,5678,762398,2546100
2668,264,267,231660,5675,762665,2559900
2669,276,269,231384,5682,762934,2795400
2670,260,292,231124,5650,763226,2703400
2671,281,260,230843,5671,763486,2664700
2672,256,268,230587,5659,763754,2620800
2673,283,263,230304,5679,764017,2574400
2674,274,282,230030,5671,764299,2555800
2675,242,289,229788,5624,764588,2893000
2676,270,273,229518,5621,764861,2523500
2677,273,279,229245,5615,765140,2510100
2678,272,263,228973,5624,765403,2535000
2679,279,274,228694,5629,765677,2546400
2680,284,278,228410,5635,765955,2504900
2681,295,257,228115,5673,766212,2526900
2682,289,292,227826,5670,766504,2483800
2683,258,285,227568,5643,766789,2461200
2684,273,266,227295,5650,767055,2465700
2685,265,286,227030,5629,767341,2462500
2686,292,271,226738,5650,767612,2441900
2687,285,306,226453,5629,767918,2467900
2688,252,273,226201,5608,768191,2472200
2689,273,268,225928,5613,768459,2462600
2690,294,245,225634,5662,768704,2437400
2691,274,297,225360,5639,769001,2433400
2692,251,293,225109,5597,769294,2445800
2693,283,273,224826,5607,769567,2458000
2694,276,277,224550,5606,769844,2468700
2695,277,284,224273,5599,770128,2565200
2696,249,301,224024,5547,770429,2594000
2697,261,266,223763,5542,770695,2772800
2698,297,265,223466,5574,770960,2781000
2699,278,299,223188,5553,771259,3315600
2700,278,282,222910,5549,771541,2944100
2701,276,294,222634,5531,771835,2883600
2702,275,271,222359,5535,772106,2784300
2703,272,299,222087,5508,772405,2710100
2704,265,286,221822,5487,772691,2701200
2705,287,257,221535,5517,772948,2746200
2706,260,283,221275,5494,773231,2626900
2707,262,302,221013,5454,773533,2592400
2708,285,288,220728,5451,773821,2543800
2709,302,261,220426,5492,774082,2526300
2710,286,286,220140,5492,774368,2544800
2711,288,299,219852,5481,774667,2871600
2712,278,265,219574,5494,774932,2598300
2713,256,252,219318,5498,775184,2543900
2714,258,267,219060,5489,775451,2559000
2715,252,280,218808,5461,775731,2564600
2716,285,262,218523,5484,775993,2559400
2717,286,293,218237,5477,776286,2928000
2718,254,276,217983,5455,776562,2821500
2719,246,270,217737,5431,776832,2908800
2720,289,281,217448,5439,777113,2733600
2721,257,255,217191,5441,777368,2711100
2722,283,272,216908,5452,777640,2739800
2723,268,268,216640,5452,777908,2642300
2724,270,300,216370,5422,778208,2622400
2725,284,277,216086,5429,778485,2585600
2726,275,272,215811,5432,778757,2583900
2727,280,267,215531,5445,779024,2549400
2728,296,306,215235,5435,779330,2735500
2729,278,249,214957,5464,779579,2874800
2730,261,265,214696,5460,779844,2871200
2731,264,253,214432,5471,780097,2968100
2732,265,270,214167,5466,780367,2558200
2733,273,275,213894,5464,780642,2578500
2734,292,285,213602,5471,780927,2570000
2735,278,303,213324,5446,781230,2536200
2736,289,280,213035,5455,781510,2518700
2737,273,276,212762,5452,781786,2500500
2738,276,313,212486,5415,782099,2501600
2739,253,264,212233,5404,782363,2486200
2740,248,269,211985,5383,782632,2829500
2741,271,285,211714,5369,782917,2832700
2742,277,298,211437,5348,783215,3165200
2743,289,270,211148,5367,783485,2936200
2744,282,249,210866,5400,783734,3076300
2745,263,278,210603,5385,784012,2907800
2746,278,278,210325,5385,784290,3013700
2747,284,257,210041,5412,784547,2808000
2748,269,261,209772,5420,784808,2718300
2749,258,274,209514,5404,785082,2723300
2750,292,244,209222,5452,785326,2840400
2751,269,266,208953,5455,785592,3063700
2752,248,279,208705,5424,785871,3269100
2753,264,285,208441,5403,786156,3219700
2754,280,275,208161,5408,786431,3080700
2755,263,255,207898,5416,786686,2987400
2756,262,275,207636,5403,786961,2714300
2757,250,291,207386,5362,787252,2773800
2758,280,257,207106,5385,787509,2754800
2759,293,252,206813,5426,787761,2731600
2760,268,266,206545,5428,788027,3020900
2761,263,301,206282,5390,788328,3194800
2762,286,270,205996,5406,788598,3312200
2763,267,267,205729,5406,788865,2847000
2764,276,255,205453,5427,789120,2837500
2765,293,263,205160,5457,789383,2814100
2766,269,281,204891,5445,789664,2716300
2767,278,290,204613,5433,789954,2855800
2768,306,277,204307,5462,790231,2956300
2769,263,243,204044,5482,790474,3016600
2770,228,251,203816,5459,790725,2962400
2771,279,281,203537,5457,791006,2682900
2772,260,274,203277,5443,791280,2679700
2773,283,270,202994,5456,791550,2787800
2774,263,228,202731,5491,791778,2995900
2775,279,284,202452,5486,792062,3159400
2776,260,286,202192,5460,792348,2951900
2777,274,274,201918,5460,792622,2806800
2778,266,275,201652,5451,792897,2809900
2779,279,270,201373,5460,793167,2713900
2780,255,302,201118,5413,793469,2645900
2781,248,277,200870,5384,793746,2679600
2782,303,266,200567,5421,794012,2702200
2783,270,273,200297,5418,794285,2641800
2784,269,263,200028,5424,794548,2589600
2785,259,255,199769,5428,794803,2575300
2786,281,232,199488,5477,795035,2573800
2787,276,272,199212,5481,795307,2585000
2788,260,269,198952,5472,795576,2595600
2789,272,260,198680,5484,795836,2597300
2790,263,290,198417,5457,796126,2568000
2791,248,261,198169,5444,796387,2541600
2792,284,263,197885,5465,796650,2525800
2793,299,263,197586,5501,796913,3427100
2794,261,271,197325,5491,797184,3130100
2795,280,263,197045,5508,797447,2623200
2796,272,293,196773,5487,797740,2619900
2797,267,268,196506,5486,798008,2562000
2798,264,275,196242,5475,798283,2816800
2799,255,283,195987,5447,798566,2722000
2800,284,287,195703,5444,798853,2875900
2801,261,287,195442,5418,799140,3074800
2802,266,282,195176,5402,799422,2638500
2803,274,259,194902,5417,799681,2745900
2804,262,262,194640,5417,799943,2791000
2805,257,302,194383,5372,800245,2552000
2806,263,254,194120,5381,800499,2563200
2807,269,265,193851,5385,800764,2515000
2808,253,280,193598,5358,801044,2521700
2809,239,277,193359,5320,801321,2511300
2810,222,277,193137,5265,801598,2552000
2811,231,250,192906,5246,801848,2497000
2812,259,255,192647,5250,802103,2498300
2813,258,263,192389,5245,802366,2931700
2814,258,264,192131,5239,802630,2454500
2815,244,277,191887,5206,802907,2454600
2816,248,267,191639,5187,803174,2493900
2817,255,236,191384,5206,803410,2438600
2818,246,269,191138,5183,803679,2452000
2819,267,269,190871,5181,803948,2459900
2820,258,246,190613,5193,804194,2450200
2821,254,274,190359,5173,804468,2430900
2822,264,251,190095,5186,804719,2555700
2823,224,265,189871,5145,804984,2657400
2824,255,278,189616,5122,805262,2488300
2825,268,255,189348,5135,805517,2566700
2826,265,269,189083,5131,805786,2729400
2827,253,264,188830,5120,806050,2558600
2828,249,267,188581,5102,806317,2531000
2829,229,237,188352,5094,806554,2512700
2830,253,278,188099,5069,806832,2522500
2831,291,230,187808,5130,807062,2488100
2832,248,246,187560,5132,807308,2483100
2833,241,257,187319,5116,807565,2456600
2834,248,265,187071,5099,807830,2438400
2835,251,259,186820,5091,808089,2509100
2836,241,276,186579,5056,808365,2516300
2837,279,260,186300,5075,808625,2457700
2838,263,233,186037,5105,808858,2481600
2839,238,265,185799,5078,809123,2459800
2840,260,255,185539,5083,809378,2476400
2841,250,256,185289,5077,809634,2763000
2842,246,239,185043,5084,809873,2517200
2843,263,253,184780,5094,810126,2533700
2844,276,262,184504,5108,810388,2516000
2845,252,267,184252,5093,810655,2571100
2846,257,279,183995,5071,810934,2554100
2847,243,268,183752,5046,811202,2669000
2848,249,255,183503,5040,811457,2840200
2849,267,253,183236,5054,811710,2893300
2850,232,278,183004,5008,811988,3130000
2851,235,260,182769,4983,812248,2855500
2852,225,238,182544,4970,812486,2439100
2853,245,238,182299,4977,812724,2532400
2854,250,244,182049,4983,812968,2444100
2855,240,236,181809,4987,813204,2500900
2856,244,247,181565,4984,813451,2471700
2857,237,260,181328,4961,813711,2450200
2858,246,245,181082,4962,813956,2486500
2859,256,260,180826,4958,814216,2529300
2860,239,254,180587,4943,814470,2469500
2861,263,264,180324,4942,814734,2525300
2862,256,211,180068,4987,814945,2481800
2863,253,255,179815,4985,815200,2745900
2864,254,249,179561,4990,815449,2867300
2865,244,243,179317,4991,815692,2816300
2866,269,263,179048,4997,815955,2457900
2867,260,259,178788,4998,816214,2449100
2868,241,269,178547,4970,816483,2468000
2869,274,250,178273,4994,816733,2443900
2870,238,268,178035,4964,817001,2451700
2871,258,238,177777,4984,817239,2791000
2872,274,276,177503,4982,817515,2465900
2873,236,257,177267,4961,817772,2454500
2874,218,267,177049,4912,818039,2446300
2875,214,235,176835,4891,818274,2437800
2876,262,254,176573,4899,818528,2564200
2877,298,215,176275,4982,818743,2847200
2878,255,245,176020,4992,818988,2499500
2879,284,297,175736,4979,819285,2431000
2880,244,247,175492,4976,819532,2409200
2881,235,242,175257,4969,819774,2434500
2882,226,250,175031,4945,820024,2446800
2883,259,239,174772,4965,820263,2487900
2884,270,255,174502,4980,820518,2482800
2885,254,236,174248,4998,820754,2500800
2886,253,228,173995,5023,820982,2597000
2887,269,249,173726,5043,821231,2627900
2888,241,255,173485,5029,821486,2669800
2889,263,253,173222,5039,821739,2786200
2890,251,272,172971,5018,822011,2673800
2891,262,230,172709,5050,822241,2661900
2892,260,235,172449,5075,822476,2712600
2893,245,251,172204,5069,822727,2659300
2894,250,252,171954,5067,822979,2730300
2895,233,256,171721,5044,823235,2704400
2896,260,249,171461,5055,823484,2770000
2897,239,251,171222,5043,823735,2704100
2898,251,235,170971,5059,823970,2678300
2899,224,241,170747,5042,824211,2631300
2900,228,265,170519,5005,824476,2774300
2901,255,255,170264,5005,824731,3086000
2902,244,233,170020,5016,824964,2835600
2903,247,272,169773,4991,825236,2769600
2904,249,240,169524,5000,825476,2750700
2905,240,238,169284,5002,825714,2708400
2906,244,253,169040,4993,825967,2746200
2907,279,263,168761,5009,826230,2692500
2908,248,228,168513,5029,826458,2740900
2909,241,264,168272,5006,826722,2696800
2910,244,262,168028,4988,826984,2718900
2911,238,251,167790,4975,827235,2651200
2912,231,269,167559,4937,827504,3155000
2913,233,239,167326,4931,827743,2733600
2914,254,254,167072,4931,827997,2796500
2915,231,243,166841,4919,828240,2699700
2916,247,249,166594,4917,828489,2798400
2917,236,258,166358,4895,828747,2803000
2918,247,263,166111,4879,829010,2697400
2919,259,246,165852,4892,829256,2656500
2920,249,235,165603,4906,829491,2703000
2921,244,265,165359,4885,829756,2680700
2922,243,206,165116,4922,829962,2758200
2923,205,251,164911,4876,830213,3086900
2924,218,218,164693,4876,830431,2815200
2925,234,238,164459,4872,830669,2690600
2926,246,240,164213,4878,830909,2795200
2927,230,230,163983,4878,831139,2718700
2928,234,269,163749,4843,831408,2752900
2929,236,239,163513,4840,831647,2773400
2930,217,228,163296,4829,831875,2746900
2931,219,246,163077,4802,832121,2669800
2932,234,238,162843,4798,832359,2708600
2933,224,257,162619,4765,832616,2670100
2934,224,238,162395,4751,832854,2734300
2935,259,235,162136,4775,833089,2634900
2936,224,236,161912,4763,833325,2720500
2937,222,249,161690,4736,833574,2657900
2938,201,218,161489,4719,833792,2697500
2939,227,224,161262,4722,834016,2625900
2940,228,224,161034,4726,834240,2886400
2941,239,250,160795,4715,834490,2759200
2942,241,211,160554,4745,834701,2706900
2943,224,222,160330,4747,834923,2674300
2944,232,246,160098,4733,835169,2685300
2945,230,264,159868,4699,835433,2688000
2946,230,248,159638,4681,835681,2712300
2947,235,239,159403,4677,835920,2659800
2948,230,222,159173,4685,836142,2669800
2949,239,222,158934,4702,836364,2648700
2950,233,233,158701,4702,836597,2694300
2951,230,235,158471,4697,836832,2720800
2952,275,257,158196,4715,837089,2780200
2953,245,241,157951,4719,837330,2761500
2954,233,248,157718,4704,837578,2769000
2955,227,232,157491,4699,837810,2763400
2956,225,245,157266,4679,838055,2740300
2957,253,229,157013,4703,838284,2763300
2958,237,232,156776,4708,838516,2785400
2959,235,250,156541,4693,838766,2766500
2960,234,235,156307,4692,839001,2733300
2961,250,220,156057,4722,839221,2689700
2962,257,227,155800,4752,839448,2697600
2963,235,232,155565,4755,839680,2899800
2964,247,237,155318,4765,839917,3061500
2965,235,238,155083,4762,840155,2823200
2966,248,228,154835,4782,840383,2867000
2967,257,239,154578,4800,840622,2744600
2968,223,263,154355,4760,840885,3206300
2969,261,234,154094,4787,841119,2884100
2970,259,213,153835,4833,841332,2748700
2971,263,262,153572,4834,841594,3217100
2972,219,236,153353,4817,841830,3089800
2973,247,236,153106,4828,842066,2767100
2974,226,242,152880,4812,842308,2825700
2975,211,261,152669,4762,842569,2715800
2976,257,275,152412,4744,842844,2806900
2977,247,241,152165,4750,843085,2721400
2978,268,253,151897,4765,843338,2705400
2979,247,236,151650,4776,843574,2937200
2980,253,211,151397,4818,843785,2737800
2981,257,250,151140,4825,844035,2673200
2982,243,256,150897,4812,844291,2708100
2983,244,274,150653,4782,844565,2668600
2984,230,258,150423,4754,844823,2690100
2985,235,220,150188,4769,845043,3337100
2986,226,227,149962,4768,845270,2689400
2987,235,222,149727,4781,845492,2634200
2988,212,228,149515,4765,845720,2600500
2989,209,238,149306,4736,845958,2533200
2990,221,250,149085,4707,846208,2616200
2991,236,249,148849,4694,846457,2660100
2992,223,260,148626,4657,846717,2578800
2993,208,247,148418,4618,846964,2609900
2994,234,239,148184,4613,847203,2697200
2995,237,235,147947,4615,847438,2525300
2996,206,233,147741,4588,847671,2650300
2997,236,235,147505,4589,847906,2716100
2998,228,219,147277,4598,848125,2779000
2999,237,227,147040,4608,848352,2894700
3000,232,257,146808,4583,848609,2798000
3001,229,230,146579,4582,848839,2735800
3002,213,200,146366,4595,849039,2877400
3003,219,230,146147,4584,849269,2677500
3004,224,219,145923,4589,849488,2665100
3005,221,204,145702,4606,849692,2647500
3006,215,266,145487,4555,849958,2672400
3007,225,208,145262,4572,850166,2675000
3008,207,212,145055,4567,850378,2726200
3009,217,231,144838,4553,850609,2676300
3010,215,216,144623,4552,850825,2661700
3011,198,241,144425,4509,851066,2643000
3012,218,216,144207,4511,851282,2607200
3013,209,255,143998,4465,851537,2688900
3014,250,245,143748,4470,851782,2723500
3015,226,227,143522,4469,852009,2734600
3016,222,228,143300,4463,852237,2724400
3017,244,226,143056,4481,852463,2743700
3018,258,224,142798,4515,852687,2713100
3019,244,216,142554,4543,852903,3038500
3020,229,211,142325,4561,853114,2993400
3021,247,244,142078,4564,853358,2811600
3022,229,238,141849,4555,853596,2742300
3023,236,237,141613,4554,853833,2813300
3024,227,239,141386,4542,854072,2832400
3025,231,204,141155,4569,854276,3162900
3026,246,224,140909,4591,854500,2923400
3027,214,240,140695,4565,854740,2737900
3028,221,205,140474,4581,854945,2835100
3029,226,234,140248,4573,855179,2688300
3030,228,222,140020,4579,855401,3050500
3031,241,231,139779,4589,855632,3482700
3032,224,233,139555,4580,855865,3007400
3033,234,237,139321,4577,856102,2735000
3034,256,238,139065,4595,856340,2764000
3035,224,237,138841,4582,856577,2788800
3036,235,227,138606,4590,856804,2734900
3037,255,214,138351,4631,857018,2694400
3038,231,212,138120,4650,857230,2718400
3039,246,243,137874,4653,857473,2663300
3040,226,223,137648,4656,857696,2766700
3041,233,239,137415,4650,857935,2738000
3042,239,202,137176,4687,858137,2783900
3043,246,235,136930,4698,858372,2670800
3044,236,260,136694,4674,858632,2748600
3045,242,236,136452,4680,858868,2676400
3046,245,233,136207,4692,859101,2765800
3047,237,192,135970,4737,859293,2649900
3048,265,231,135705,4771,859524,2750600
3049,242,247,135463,4766,859771,2680900
3050,234,212,135229,4788,859983,2720600
3051,225,244,135004,4769,860227,2723400
3052,248,242,134756,4775,860469,2748700
3053,245,250,134511,4770,860719,2659100
3054,242,239,134269,4773,860958,2693100
3055,208,240,134061,4741,861198,2645700
3056,234,221,133827,4754,861419,2646500
3057,216,212,133611,4758,861631,2625800
3058,221,203,133390,4776,861834,2745400
3059,277,241,133113,4812,862075,2699400
3060,244,260,132869,4796,862335,2677200
3061,248,248,132621,4796,862583,2650000
3062,256,242,132365,4810,862825,2684300
3063,249,231,132116,4828,863056,2687200
3064,229,265,131887,4792,863321,2848200
3065,238,273,131649,4757,863594,2665300
3066,218,246,131431,4729,863840,2702900
3067,233,227,131198,4735,864067,2662000
3068,241,211,130957,4765,864278,2636400
3069,229,227,130728,4767,864505,2666400
3070,233,228,130495,4772,864733,2689700
3071,260,231,130235,4801,864964,2692200
3072,239,249,129996,4791,865213,2670700
3073,247,227,129749,4811,865440,2702100
3074,245,263,129504,4793,865703,2649100
3075,232,251,129272,4774,865954,2698900
3076,247,243,129025,4778,866197,2834900
3077,213,226,128812,4765,866423,2655100
3078,218,233,128594,4750,866656,2573500
3079,229,202,128365,4777,866858,2664700
3080,244,240,128121,4781,867098,2546100
3081,218,246,127903,4753,867344,2796300
3082,209,232,127694,4730,867576,2800700
3083,228,254,127466,4704,867830,2600200
3084,210,236,127256,4678,868066,2551400
3085,213,239,127043,4652,868305,2527600
3086,217,239,126826,4630,868544,2481000
3087,187,245,126639,4572,868789,2745100
3088,220,220,126419,4572,869009,2696300
3089,225,230,126194,4567,869239,2466900
3090,226,245,125968,4548,869484,2432500
3091,223,222,125745,4549,869706,2428100
3092,223,245,125522,4527,869951,2400000
3093,220,242,125302,4505,870193,2620500
3094,238,228,125064,4515,870421,2670400
3095,226,225,124838,4516,870646,2496100
3096,226,220,124612,4522,870866,2490500
3097,207,226,124405,4503,871092,2508300
3098,206,215,124199,4494,871307,2475800
3099,236,231,123963,4499,871538,2518700
3100,236,226,123727,4509,871764,2533800
3101,266,224,123461,4551,871988,2464000
3102,228,239,123233,4540,872227,2462000
3103,226,203,123007,4563,872430,2421800
3104,226,234,122781,4555,872664,2416700
3105,249,230,122532,4574,872894,2442400
3106,261,232,122271,4603,873126,2782300
3107,216,216,122055,4603,873342,2408600
3108,225,194,121830,4634,873536,2408000
3109,234,231,121596,4637,873767,2421000
3110,220,236,121376,4621,874003,2409300
3111,228,234,121148,4615,874237,2395800
3112,249,220,120899,4644,874457,2408800
3113,239,216,120660,4667,874673,2428400
3114,218,234,120442,4651,874907,2486200
3115,223,245,120219,4629,875152,2420700
3116,227,232,119992,4624,875384,2423800
3117,240,237,119752,4627,875621,2622100
3118,212,229,119540,4610,875850,2461200
3119,218,220,119322,4608,876070,2434600
3120,234,227,119088,4615,876297,2911700
3121,212,257,118876,4570,876554,2477400
3122,219,224,118657,4565,876778,2464000
3123,219,233,118438,4551,877011,2476000
3124,223,237,118215,4537,877248,2525100
3125,248,223,117967,4562,877471,2518300
3126,224,243,117743,4543,877714,2514200
3127,216,232,117527,4527,877946,2455100
3128,252,218,117275,4561,878164,2447900
3129,223,252,117052,4532,878416,2449800
3130,236,218,116816,4550,878634,2450400
3131,236,204,116580,4582,878838,2823900
3132,215,239,116365,4558,879077,3125600
3133,236,230,116129,4564,879307,3169200
3134,233,228,115896,4569,879535,3186100
3135,246,237,115650,4578,879772,3299200
3136,230,256,115420,4552,880028,3573800
3137,243,229,115177,4566,880257,2558600
3138,239,197,114938,4608,880454,2503100
3139,244,220,114694,4632,880674,2451700
3140,256,223,114438,4665,880897,2422600
3141,224,238,114214,4651,881135,2428400
3142,227,228,113987,4650,881363,2439100
3143,219,215,113768,4654,881578,2450000
3144,244,239,113524,4659,881817,2411500
3145,235,242,113289,4652,882059,2401700
3146,239,217,113050,4674,882276,2399600
3147,252,202,112798,4724,882478,2403800
3148,256,224,112542,4756,882702,2410900
3149,236,203,112306,4789,882905,3019300
3150,225,242,112081,4772,883147,2616700
3151,258,252,111823,4778,883399,2593100
3152,228,232,111595,4774,883631,2572900
3153,230,233,111365,4771,883864,2580700
3154,245,223,111120,4793,884087,2597700
3155,212,238,110908,4767,884325,2643000
3156,245,244,110663,4768,884569,2559800
3157,240,243,110423,4765,884812,2528500
3158,227,264,110196,4728,885076,2521600
3159,255,241,109941,4742,885317,2517400
3160,217,227,109724,4732,885544,2503300
3161,224,236,109500,4720,885780,2758900
3162,220,234,109280,4706,886014,2623300
3163,224,228,109056,4702,886242,2501500
3164,242,227,108814,4717,886469,2470100
3165,217,227,108597,4707,886696,2470100
3166,229,221,108368,4715,886917,2471800
3167,219,216,108149,4718,887133,2606900
3168,227,243,107922,4702,887376,2502600
3169,231,224,107691,4709,887600,2472300
3170,245,206,107446,4748,887806,2475800
3171,220,239,107226,4729,888045,2494900
3172,224,236,107002,4717,888281,2500700
3173,234,232,106768,4719,888513,2562400
3174,237,249,106531,4707,888762,2786800
3175,220,241,106311,4686,889003,2580900
3176,220,224,106091,4682,889227,2567700
3177,232,221,105859,4693,889448,2528000
3178,253,234,105606,4712,889682,2549800
3179,220,226,105386,4706,889908,2550900
3180,229,247,105157,4688,890155,2531200
3181,227,260,104930,4655,890415,2535700
3182,226,222,104704,4659,890637,2521000
3183,220,208,104484,4671,890845,2489800
3184,229,218,104255,4682,891063,2496600
3185,218,231,104037,4669,891294,2543800
3186,214,234,103823,4649,891528,2798100
3187,196,232,103627,4613,891760,2752000
3188,206,227,103421,4592,891987,2853200
3189,209,229,103212,4572,892216,2687000
3190,223,212,102989,4583,892428,2495800
3191,228,244,102761,4567,892672,2504200
3192,233,220,102528,4580,892892,2492600
3193,198,224,102330,4554,893116,2507300
3194,191,225,102139,4520,893341,2538200
3195,194,232,101945,4482,893573,2541000
3196,217,223,101728,4476,893796,2488300
3197,218,226,101510,4468,894022,2496900
3198,222,214,101288,4476,894236,2525400
3199,201,237,101087,4440,894473,2511200
3200,232,216,100855,4456,894689,2508300
3201,219,228,100636,4447,894917,2561000
3202,215,241,100421,4421,895158,2506700
3203,216,208,100205,4429,895366,2534400
3204,218,223,99987,4424,895589,2511300
3205,231,218,99756,4437,895807,2505200
3206,204,213,99552,4428,896020,2494500
3207,223,228,99329,4423,896248,2481100
3208,214,197,99115,4440,896445,2473500
3209,215,200,98900,4455,896645,2469300
3210,196,227,98704,4424,896872,2727900
3211,241,212,98463,4453,897084,2747400
3212,221,209,98242,4465,897293,2964600
3213,208,194,98034,4479,897487,2538900
3214,203,221,97831,4461,897708,2454100
3215,204,215,97627,4450,897923,2636200
3216,198,248,97429,4400,898171,2707400
3217,193,224,97236,4369,898395,2397100
3218,187,231,97049,4325,898626,2395600
3219,222,240,96827,4307,898866,2428000
3220,199,213,96628,4293,899079,2382500
3221,209,241,96419,4261,899320,2407200
3222,226,204,96193,4283,899524,2837100
3223,210,204,95983,4289,899728,2398500
3224,202,187,95781,4304,899915,2389200
3225,222,212,95559,4314,900127,2394600
3226,183,226,95376,4271,900353,2395100
3227,186,226,95190,4231,900579,2424100
3228,200,232,94990,4199,900811,2567000
3229,231,205,94759,4225,901016,2544700
3230,220,202,94539,4243,901218,2507700
3231,191,225,94348,4209,901443,2513900
3232,194,207,94154,4196,901650,2525400
3233,221,203,93933,4214,901853,2535300
3234,202,218,93731,4198,902071,2540900
3235,190,201,93541,4187,902272,2539800
3236,191,191,93350,4187,902463,2523000
3237,199,213,93151,4173,902676,2499800
3238,186,205,92965,4154,902881,2442400
3239,194,209,92771,4139,903090,2448400
3240,188,199,92583,4128,903289,2581000
3241,178,207,92405,4099,903496,2581700
3242,208,205,92197,4102,903701,2414600
3243,171,196,92026,4077,903897,2429200
3244,207,192,91819,4092,904089,2453000
3245,211,212,91608,4091,904301,2424500
3246,194,218,91414,4067,904519,2597900
3247,198,190,91216,4075,904709,2592300
3248,190,216,91026,4049,904925,2633500
3249,193,189,90833,4053,905114,2612000
3250,205,201,90628,4057,905315,2626400
3251,203,197,90425,4063,905512,2626700
3252,209,207,90216,4065,905719,2748700
3253,177,209,90039,4033,905928,3007400
3254,195,198,89844,4030,906126,2648300
3255,184,199,89660,4015,906325,2587200
3256,209,198,89451,4026,906523,2594200
3257,201,209,89250,4018,906732,2607900
3258,175,206,89075,3987,906938,2647600
3259,189,208,88886,3968,907146,2682700
3260,192,194,88694,3966,907340,2634700
3261,197,200,88497,3963,907540,2627600
3262,215,223,88282,3955,907763,2604600
3263,194,188,88088,3961,907951,2624500
3264,183,201,87905,3943,908152,2662500
3265,198,209,87707,3932,908361,2679300
3266,223,204,87484,3951,908565,2612800
3267,175,192,87309,3934,908757,2678500
3268,175,184,87134,3925,908941,2585100
3269,175,217,86959,3883,909158,2637400
3270,202,171,86757,3914,909329,2916000
3271,198,192,86559,3920,909521,2702300
3272,207,194,86352,3933,909715,2642500
3273,203,191,86149,3945,909906,2659500
3274,203,198,85946,3950,910104,2583200
3275,202,207,85744,3945,910311,2652500
3276,204,192,85540,3957,910503,2928300
3277,189,208,85351,3938,910711,2667900
3278,200,201,85151,3937,910912,2649800
3279,173,190,84978,3920,911102,2615200
3280,198,199,84780,3919,911301,2589200
3281,189,181,84591,3927,911482,2822900
3282,206,207,84385,3926,911689,2933500
3283,199,166,84186,3959,911855,2790300
3284,192,171,83994,3980,912026,2685200
3285,190,201,83804,3969,912227,2762900
3286,177,215,83627,3931,912442,2728400
3287,173,211,83454,3893,912653,2846200
3288,175,207,83279,3861,912860,2627600
3289,174,214,83105,3821,913074,2659500
3290,186,184,82919,3823,913258,2590400
3291,177,201,82742,3799,913459,2579400
3292,156,209,82586,3746,913668,2789900
3293,155,181,82431,3720,913849,2886800
3294,185,185,82246,3720,914034,2789800
3295,169,187,82077,3702,914221,2605800
3296,157,175,81920,3684,914396,2574600
3297,185,197,81735,3672,914593,2594500
3298,184,179,81551,3677,914772,2630200
3299,177,170,81374,3684,914942,2593800
3300,153,184,81221,3653,915126,2588200
3301,167,183,81054,3637,915309,2568800
3302,183,201,80871,3619,915510,2660300
3303,172,189,80699,3602,915699,2604700
3304,170,185,80529,3587,915884,3029600
3305,155,200,80374,3542,916084,2624400
3306,151,192,80223,3501,916276,2656000
3307,157,201,80066,3457,916477,2585000
3308,186,196,79880,3447,916673,2570500
3309,175,169,79705,3453,916842,2538500
3310,185,180,79520,3458,917022,2709600
3311,151,171,79369,3438,917193,2641400
3312,194,172,79175,3460,917365,2971200
3313,171,172,79004,3459,917537,2720800
3314,197,164,78807,3492,917701,2628800
3315,173,159,78634,3506,917860,2584500
3316,158,166,78476,3498,918026,2850800
3317,185,184,78291,3499,918210,2583200
3318,165,182,78126,3482,918392,2611400
3319,157,188,77969,3451,918580,2615000
3320,164,180,77805,3435,918760,2601200
3321,181,162,77624,3454,918922,2585500
3322,159,183,77465,3430,919105,2940700
3323,169,172,77296,3427,919277,2636700
3324,161,172,77135,3416,919449,2830800
3325,171,157,76964,3430,919606,2615700
3326,156,186,76808,3400,919792,2612200
3327,184,143,76624,3441,919935,2920400
3328,174,170,76450,3445,920105,2835700
3329,185,172,76265,3458,920277,2595000
3330,166,170,76099,3454,920447,2599100
3331,175,172,75924,3457,920619,2644900
3332,181,187,75743,3451,920806,2655100
3333,178,182,75565,3447,920988,2953000
3334,187,181,75378,3453,921169,2636600
3335,169,152,75209,3470,921321,2630000
3336,176,190,75033,3456,921511,2563200
3337,168,183,74865,3441,921694,2626200
3338,166,186,74699,3421,921880,2570900
3339,171,196,74528,3396,922076,2695000
3340,192,172,74336,3416,922248,2581100
3341,173,194,74163,3395,922442,2725900
3342,153,178,74010,3370,922620,2590100
3343,164,175,73846,3359,922795,2598500
3344,143,168,73703,3334,922963,2518900
3345,143,178,73560,3299,923141,2682900
3346,172,181,73388,3290,923322,2594900
3347,153,149,73235,3294,923471,2552600
3348,176,156,73059,3314,923627,2535900
3349,160,157,72899,3317,923784,2529400
3350,171,162,72728,3326,923946,2588500
3351,163,163,72565,3326,924109,2556600
3352,164,168,72401,3322,924277,2579900
3353,156,164,72245,3314,924441,2566800
3354,175,176,72070,3313,924617,2618000
3355,154,171,71916,3296,924788,2497300
3356,174,183,71742,3287,924971,2491300
3357,149,175,71593,3261,925146,2476700
3358,160,162,71433,3259,925308,2442900
3359,175,163,71258,3271,925471,2411200
3360,138,165,71120,3244,925636,2394000
3361,165,155,70955,3254,925791,2437200
3362,171,161,70784,3264,925952,2544800
3363,162,154,70622,3272,926106,2510400
3364,177,170,70445,3279,926276,2518100
3365,155,165,70290,3269,926441,2620300
3366,176,156,70114,3289,926597,2588400
3367,172,174,69942,3287,926771,2613300
3368,162,155,69780,3294,926926,2569000
3369,182,159,69598,3317,927085,2596600
3370,172,161,69426,3328,927246,2726600
3371,196,171,69230,3353,927417,2611500
3372,185,153,69045,3385,927570,2606800
3373,167,162,68878,3390,927732,2645800
3374,171,160,68707,3401,927892,2599700
3375,169,163,68538,3407,928055,2587300
3376,162,177,68376,3392,928232,2683100
3377,164,181,68212,3375,928413,2640500
3378,160,157,68052,3378,928570,2669300
3379,169,185,67883,3362,928755,2612000
3380,169,150,67714,3381,928905,2649900
3381,180,192,67534,3369,929097,2787300
3382,182,170,67352,3381,929267,2689100
3383,162,181,67190,3362,929448,2658900
3384,172,158,67018,3376,929606,2575300
3385,187,188,66831,3375,929794,2570400
3386,168,189,66663,3354,929983,2611800
3387,152,177,66511,3329,930160,2744000
3388,152,171,66359,3310,930331,2658600
3389,153,159,66206,3304,930490,2558600
3390,169,158,66037,3315,930648,2609800
3391,142,172,65895,3285,930820,2554500
3392,160,170,65735,3275,930990,2562700
3393,165,173,65570,3267,931163,2621800
3394,126,170,65444,3223,931333,3972400
3395,174,162,65270,3235,931495,2941400
3396,145,191,65125,3189,931686,2717400
3397,165,170,64960,3184,931856,2615200
3398,173,150,64787,3207,932006,2707000
3399,129,138,64658,3198,932144,2656200
3400,146,175,64512,3169,932319,2693300
3401,161,150,64351,3180,932469,2614300
3402,151,177,64200,3154,932646,2725200
3403,149,129,64051,3174,932775,3000900
3404,157,129,63894,3202,932904,3586800
3405,149,159,63745,3192,933063,2850300
3406,164,165,63581,3191,933228,2747500
3407,146,176,63435,3161,933404,2692800
3408,167,159,63268,3169,933563,2699200
3409,143,155,63125,3157,933718,3071500
3410,154,146,62971,3165,933864,2881800
3411,157,160,62814,3162,934024,2674400
3412,136,161,62678,3137,934185,2635000
3413,149,177,62529,3109,934362,2787500
3414,158,139,62371,3128,934501,3070500
3415,167,175,62204,3120,934676,2764600
3416,145,152,62059,3113,934828,2695800
3417,150,140,61909,3123,934968,2654400
3418,127,155,61782,3095,935123,2605400
3419,152,143,61630,3104,935266,2571100
3420,133,152,61497,3085,935418,2703000
3421,137,140,61360,3082,935558,2598900
3422,155,153,61205,3084,935711,2640800
3423,157,160,61048,3081,935871,2546000
3424,165,165,60883,3081,936036,2585500
3425,140,168,60743,3053,936204,2549200
3426,136,123,60607,3066,936327,2936600
3427,146,165,60461,3047,936492,2640600
3428,149,149,60312,3047,936641,2625900
3429,136,138,60176,3045,936779,2569200
3430,135,143,60041,3037,936922,2546000
3431,175,148,59866,3064,937070,2580000
3432,148,149,59718,3063,937219,2673000
3433,151,142,59567,3072,937361,2773000
3434,158,145,59409,3085,937506,2668000
3435,141,155,59268,3071,937661,2551100
3436,150,145,59118,3076,937806,2529100
3437,152,130,58966,3098,937936,2557300
3438,156,182,58810,3072,938118,2655300
3439,145,149,58665,3068,938267,2632600
3440,144,153,58521,3059,938420,2562600
3441,142,172,58379,3029,938592,2610200
3442,120,149,58259,3000,938741,2544800
3443,131,149,58128,2982,938890,2572600
3444,125,136,58003,2971,939026,2594600
3445,145,140,57858,2976,939166,2585500
3446,140,149,57718,2967,939315,2519500
3447,125,136,57593,2956,939451,2571600
3448,127,162,57466,2921,939613,2570900
3449,115,133,57351,2903,939746,2566400
3450,145,131,57206,2917,939877,2602100
3451,126,145,57080,2898,940022,2568600
3452,132,148,56948,2882,940170,2572000
3453,123,139,56825,2866,940309,2569200
3454,133,131,56692,2868,940440,2569300
3455,117,127,56575,2858,940567,2521800
3456,143,127,56432,2874,940694,2612200
3457,129,122,56303,2881,940816,2575300
3458,133,151,56170,2863,940967,2544100
3459,127,144,56043,2846,941111,2537600
3460,148,138,55895,2856,941249,2458900
3461,139,142,55756,2853,941391,2491700
3462,127,133,55629,2847,941524,2564700
3463,126,150,55503,2823,941674,2484300
3464,124,134,55379,2813,941808,2423800
3465,123,142,55256,2794,941950,2421200
3466,113,132,55143,2775,942082,2412900
3467,119,131,55024,2763,942213,2389500
3468,105,138,54919,2730,942351,2376500
3469,139,134,54780,2735,942485,2405300
3470,131,157,54649,2709,942642,2354300
3471,143,120,54506,2732,942762,2343500
3472,134,147,54372,2719,942909,2331700
3473,131,135,54241,2715,943044,2319900
3474,109,135,54132,2689,943179,2350500
3475,113,127,54019,2675,943306,2398300
3476,117,135,53902,2657,943441,2337300
3477,116,114,53786,2659,943555,2323700
3478,119,108,53667,2670,943663,2316500
3479,103,128,53564,2645,943791,2333200
3480,112,114,53452,2643,943905,2408700
3481,112,136,53340,2619,944041,2482800
3482,117,123,53223,2613,944164,2420000
3483,124,125,53099,2612,944289,2402300
3484,135,119,52964,2628,944408,2402800
3485,135,111,52829,2652,944519,2364000
3486,121,121,52708,2652,944640,2349900
3487,113,132,52595,2633,944772,2404300
3488,127,141,52468,2619,944913,2744300
3489,133,136,52335,2616,945049,2466000
3490,118,135,52217,2599,945184,2440700
3491,117,148,52100,2568,945332,2393300
3492,116,127,51984,2557,945459,2394700
3493,119,124,51865,2552,945583,2394800
3494,131,130,51734,2553,945713,2400800
3495,101,106,51633,2548,945819,2410100
3496,115,117,51518,2546,945936,2399100
3497,125,123,51393,2548,946059,2376400
3498,118,139,51275,2527,946198,2411200
3499,145,138,51130,2534,946336,2420200
3500,118,127,51012,2525,946463,2912600
3501,112,110,50900,2527,946573,2617800
3502,118,153,50782,2492,946726,2454700
3503,110,129,50672,2473,946855,2459600
3504,107,110,50565,2470,946965,2492200
3505,104,110,50461,2464,947075,2474500
3506,102,92,50359,2474,947167,2493600
3507,123,112,50236,2485,947279,2627600
3508,107,123,50129,2469,947402,2716600
3509,128,117,50001,2480,947519,2529200
3510,141,121,49860,2500,947640,2493000
3511,126,123,49734,2503,947763,2479100
3512,108,135,49626,2476,947898,2467900
3513,118,119,49508,2475,948017,2689300
3514,110,133,49398,2452,948150,3008900
3515,133,136,49265,2449,948286,3090000
3516,114,109,49151,2454,948395,3078900
3517,124,129,49027,2449,948524,3079000
3518,120,135,48907,2434,948659,2696900
3519,119,96,48788,2457,948755,2563900
3520,130,123,48658,2464,948878,2496800
3521,135,121,48523,2478,948999,2477000
3522,128,124,48395,2482,949123,2449900
3523,109,123,48286,2468,949246,2421900
3524,122,133,48164,2457,949379,2465700
3525,129,130,48035,2456,949509,2423100
3526,101,100,47934,2457,949609,2538300
3527,115,132,47819,2440,949741,2455800
3528,126,114,47693,2452,949855,2445600
3529,105,131,47588,2426,949986,2520200
3530,102,135,47486,2393,950121,2517800
3531,116,104,47370,2405,950225,2651800
3532,114,118,47256,2401,950343,2575100
3533,141,120,47115,2422,950463,2595200
3534,129,108,46986,2443,950571,2633900
3535,117,122,46869,2438,950693,2558900
3536,119,133,46750,2424,950826,2581400
3537,126,134,46624,2416,950960,2545700
3538,123,104,46501,2435,951064,2560600
3539,135,129,46366,2441,951193,3086600
3540,121,134,46245,2428,951327,2590400
3541,121,108,46124,2441,951435,2533200
3542,133,114,45991,2460,951549,2573900
3543,129,127,45862,2462,951676,2450800
3544,121,100,45741,2483,951776,2836100
3545,133,133,45608,2483,951909,2429800
3546,128,111,45480,2500,952020,2637700
3547,121,124,45359,2497,952144,2508200
3548,133,109,45226,2521,952253,2552400
3549,117,127,45109,2511,952380,2498000
3550,120,130,44989,2501,952510,2499000
3551,117,121,44872,2497,952631,2446500
3552,125,127,44747,2495,952758,2424000
3553,110,125,44637,2480,952883,2466100
3554,115,131,44522,2464,953014,2489400
3555,110,136,44412,2438,953150,2397300
3556,121,114,44291,2445,953264,2389300
3557,96,124,44195,2417,953388,2387600
3558,107,108,44088,2416,953496,2504600
3559,116,124,43972,2408,953620,2507900
3560,95,118,43877,2385,953738,2551000
3561,106,122,43771,2369,953860,2482600
3562,103,122,43668,2350,953982,2445000
3563,117,114,43551,2353,954096,2432100
3564,107,140,43444,2320,954236,2377800
3565,113,97,43331,2336,954333,2412900
3566,96,99,43235,2333,954432,2854400
3567,113,118,43122,2328,954550,2550300
3568,109,121,43013,2316,954671,2819700
3569,82,118,42931,2280,954789,2483700
3570,115,99,42816,2296,954888,2644600
3571,107,115,42709,2288,955003,2421800
3572,97,97,42612,2288,955100,2599500
3573,98,107,42514,2279,955207,2592700
3574,109,136,42405,2252,955343,2816100
3575,119,126,42286,2245,955469,2470300
3576,100,103,42186,2242,955572,2525900
3577,105,121,42081,2226,955693,2402400
3578,117,108,41964,2235,955801,2461100
3579,109,102,41855,2242,955903,2456100
3580,118,112,41737,2248,956015,2428800
3581,103,112,41634,2239,956127,2418400
3582,103,103,41531,2239,956230,2378800
3583,109,107,41422,2241,956337,2371900
3584,115,117,41307,2239,956454,2382100
3585,114,112,41193,2241,956566,3108500
3586,96,118,41097,2219,956684,2704600
3587,101,109,40996,2211,956793,2547500
3588,104,120,40892,2195,956913,2548000
3589,96,120,40796,2171,957033,2495700
3590,99,109,40697,2161,957142,2538100
3591,124,96,40573,2189,957238,2694400
3592,106,121,40467,2174,957359,2441700
3593,83,90,40384,2167,957449,2448000
3594,88,114,40296,2141,957563,2417000
3595,86,106,40210,2121,957669,2380600
3596,79,92,40131,2108,957761,2369200
3597,101,113,40030,2096,957874,2493200
3598,92,101,39938,2087,957975,2475000
3599,95,102,39843,2080,958077,2479900
3600,104,112,39739,2072,958189,2448800
3601,93,110,39646,2055,958299,2439400
3602,93,102,39553,2046,958401,2444500
3603,96,102,39457,2040,958503,2701500
3604,94,129,39363,2005,958632,2447400
3605,86,96,39277,1995,958728,2425800
3606,81,95,39196,1981,958823,2409400
3607,83,112,39113,1952,958935,2477100
3608,71,96,39042,1927,959031,2679700
3609,83,82,38959,1928,959113,2715600
3610,94,91,38865,1931,959204,2668300
3611,91,101,38774,1921,959305,2505200
3612,89,80,38685,1930,959385,2485100
3613,92,88,38593,1934,959473,2465900
3614,87,100,38506,1921,959573,2430100
3615,74,99,38432,1896,959672,2591700
3616,95,97,38337,1894,959769,2674100
3617,70,89,38267,1875,959858,2521700
3618,94,97,38173,1872,959955,2458200
3619,89,100,38084,1861,960055,2433400
3620,83,90,38001,1854,960145,2461600
3621,80,100,37921,1834,960245,2527100
3622,77,87,37844,1824,960332,2503900
3623,73,105,37771,1792,960437,2484600
3624,71,89,37700,1774,960526,2450000
3625,81,81,37619,1774,960607,2461300
3626,89,92,37530,1771,960699,2521900
3627,84,91,37446,1764,960790,2953500
3628,67,103,37379,1728,960893,2652900
3629,75,68,37304,1735,960961,2582100
3630,67,81,37237,1721,961042,2557600
3631,68,94,37169,1695,961136,2536800
3632,80,79,37089,1696,961215,2550400
3633,86,96,37003,1686,961311,2704100
3634,65,81,36938,1670,961392,2886200
3635,86,75,36852,1681,961467,2516600
3636,96,90,36756,1687,961557,2490600
3637,74,93,36682,1668,961650,2861500
3638,90,101,36592,1657,961751,2650200
3639,97,94,36495,1660,961845,2526900
3640,74,91,36421,1643,961936,2559800
3641,73,71,36348,1645,962007,2483400
3642,74,75,36274,1644,962082,2448200
3643,76,96,36198,1624,962178,2491200
3644,78,80,36120,1622,962258,2407700
3645,78,82,36042,1618,962340,2668800
3646,62,75,35980,1605,962415,2406800
3647,69,81,35911,1593,962496,2387100
3648,85,77,35826,1601,962573,2496200
3649,92,85,35734,1608,962658,2985700
3650,73,77,35661,1604,962735,2418300
3651,75,78,35586,1601,962813,2377900
3652,88,80,35498,1609,962893,2354800
3653,87,85,35411,1611,962978,2353700
3654,83,83,35328,1611,963061,2628500
3655,66,86,35262,1591,963147,2675100
3656,70,61,35192,1600,963208,2910600
3657,74,84,35118,1590,963292,2832500
3658,82,69,35036,1603,963361,2410600
3659,63,61,34973,1605,963422,2342200
3660,75,95,34898,1585,963517,2325100
3661,83,74,34815,1594,963591,2315800
3662,71,83,34744,1582,963674,2309300
3663,82,84,34662,1580,963758,2569900
3664,86,93,34576,1573,963851,2319800
3665,79,70,34497,1582,963921,2420000
3666,80,82,34417,1580,964003,2282700
3667,73,69,34344,1584,964072,2269700
3668,57,79,34287,1562,964151,2312000
3669,81,82,34206,1561,964233,2282700
3670,83,87,34123,1557,964320,2266200
3671,75,71,34048,1561,964391,2278300
3672,74,73,33974,1562,964464,2283700
3673,71,79,33903,1554,964543,2312900
3674,75,90,33828,1539,964633,2307900
3675,73,84,33755,1528,964717,2290300
3676,60,73,33695,1515,964790,2273500
3677,67,83,33628,1499,964873,2303800
3678,72,87,33556,1484,964960,2372700
3679,80,88,33476,1476,965048,2350300
3680,87,77,33389,1486,965125,2320400
3681,72,79,33317,1479,965204,2309900
3682,84,83,33233,1480,965287,2312500
3683,69,86,33164,1463,965373,2862100
3684,72,81,33092,1454,965454,2301200
3685,77,74,33015,1457,965528,2283800
3686,68,64,32947,1461,965592,2299000
3687,73,56,32874,1478,965648,2271500
3688,77,68,32797,1487,965716,2289500
3689,69,72,32728,1484,965788,2263000
3690,65,99,32663,1450,965887,2269100
3691,86,73,32577,1463,965960,2279200
3692,76,73,32501,1466,966033,2263200
3693,61,78,32440,1449,966111,2353200
3694,64,71,32376,1442,966182,2328500
3695,73,67,32303,1448,966249,2306200
3696,69,74,32234,1443,966323,2331200
3697,83,78,32151,1448,966401,2277500
3698,49,68,32102,1429,966469,2281000
3699,65,70,32037,1424,966539,2347400
3700,73,66,31964,1431,966605,2442100
3701,63,68,31901,1426,966673,2369900
3702,67,64,31834,1429,966737,2347300
3703,73,72,31761,1430,966809,2307100
3704,65,60,31696,1435,966869,2294000
3705,69,88,31627,1416,966957,2293500
3706,66,70,31561,1412,967027,2273100
3707,66,79,31495,1399,967106,2508700
3708,71,63,31424,1407,967169,2285600
3709,72,76,31352,1403,967245,2309600
3710,71,70,31281,1404,967315,2268900
3711,81,58,31200,1427,967373,2344000
3712,64,81,31136,1410,967454,2767500
3713,73,69,31063,1414,967523,2306900
3714,73,74,30990,1413,967597,2290900
3715,67,84,30923,1396,967681,2306800
3716,71,71,30852,1396,967752,2289200
3717,69,73,30783,1392,967825,2271000
3718,66,68,30717,1390,967893,2273000
3719,70,69,30647,1391,967962,2301400
3720,62,62,30585,1391,968024,2295200
3721,67,62,30518,1396,968086,2338700
3722,69,60,30449,1405,968146,2330500
3723,94,76,30355,1423,968222,2320200
3724,74,66,30281,1431,968288,2298400
3725,76,73,30205,1434,968361,2306700
3726,80,66,30125,1448,968427,2504100
3727,68,64,30057,1452,968491,2326400
3728,60,76,29997,1436,968567,2331300
3729,78,73,29919,1441,968640,2304300
3730,84,77,29835,1448,968717,2433000
3731,56,67,29779,1437,968784,2437600
3732,67,77,29712,1427,968861,2362100
3733,63,61,29649,1429,968922,2340300
3734,61,59,29588,1431,968981,2320900
3735,65,76,29523,1420,969057,2293300
3736,69,73,29454,1416,969130,2337700
3737,59,55,29395,1420,969185,2327900
3738,61,70,29334,1411,969255,2290800
3739,56,75,29278,1392,969330,2278500
3740,57,65,29221,1384,969395,2286800
3741,55,76,29166,1363,969471,2498000
3742,65,74,29101,1354,969545,2399500
3743,73,63,29028,1364,969608,2357300
3744,69,61,28959,1372,969669,2324500
3745,78,78,28881,1372,969747,2304100
3746,59,69,28822,1362,969816,2537900
3747,65,67,28757,1360,969883,2349800
3748,63,69,28694,1354,969952,2298000
3749,69,68,28625,1355,970020,2286300
3750,66,65,28559,1356,970085,2514100
3751,59,69,28500,1346,970154,2384600
3752,62,66,28438,1342,970220,2341400
3753,58,49,28380,1351,970269,2355700
3754,57,51,28323,1357,970320,2291200
3755,70,76,28253,1351,970396,2342100
3756,59,75,28194,1335,970471,2552100
3757,72,69,28122,1338,970540,2282900
3758,60,71,28062,1327,970611,2262100
3759,75,58,27987,1344,970669,2267200
3760,76,69,27911,1351,970738,2387700
3761,68,71,27843,1348,970809,2379100
3762,66,65,27777,1349,970874,2362900
3763,54,75,27723,1328,970949,2344200
3764,61,65,27662,1324,971014,2451100
3765,64,71,27598,1317,971085,2480300
3766,66,70,27532,1313,971155,2380100
3767,62,64,27470,1311,971219,2359300
3768,60,62,27410,1309,971281,2337900
3769,70,59,27340,1320,971340,2424200
3770,47,68,27293,1299,971408,2457700
3771,62,69,27231,1292,971477,2467700
3772,56,71,27175,1277,971548,2504600
3773,57,53,27118,1281,971601,2493800
3774,39,75,27079,1245,971676,2399500
3775,71,49,27008,1267,971725,2361000
3776,57,66,26951,1258,971791,2323500
3777,65,65,26886,1258,971856,2306300
3778,76,63,26810,1271,971919,2367100
3779,60,62,26750,1269,971981,2306500
3780,65,54,26685,1280,972035,2284600
3781,74,49,26611,1305,972084,2296700
3782,59,76,26552,1288,972160,2320200
3783,73,72,26479,1289,972232,2672200
3784,69,66,26410,1292,972298,2365000
3785,62,54,26348,1300,972352,2566400
3786,61,48,26287,1313,972400,2258700
3787,66,63,26221,1316,972463,2262500
3788,60,60,26161,1316,972523,2291300
3789,50,59,26111,1307,972582,2497300
3790,64,72,26047,1299,972654,2497900
3791,57,59,25990,1297,972713,2457700
3792,43,66,25947,1274,972779,2643700
3793,64,82,25883,1256,972861,2343100
3794,62,60,25821,1258,972921,2306300
3795,64,57,25757,1265,972978,2664700
3796,52,60,25705,1257,973038,2293100
3797,58,63,25647,1252,973101,2378300
3798,74,62,25573,1264,973163,2283900
3799,59,70,25514,1253,973233,2272000
3800,58,65,25456,1246,973298,2268400
3801,62,59,25394,1249,973357,2314100
3802,70,63,25324,1256,973420,2620600
3803,55,75,25269,1236,973495,2280700
3804,47,57,25222,1226,973552,2272000
3805,44,51,25178,1219,973603,2400500
3806,68,63,25110,1224,973666,2422600
3807,45,68,25065,1201,973734,2349400
3808,53,60,25012,1194,973794,2328700
3809,69,63,24943,1200,973857,2302100
3810,60,62,24883,1198,973919,2276300
3811,54,59,24829,1193,973978,2607100
3812,64,69,24765,1188,974047,2362200
3813,52,63,24713,1177,974110,2279000
3814,64,60,24649,1181,974170,2268600
3815,57,44,24592,1194,974214,2268300
3816,67,64,24525,1197,974278,2314300
3817,50,53,24475,1194,974331,2259700
3818,54,66,24421,1182,974397,2265800
3819,45,57,24376,1170,974454,2272700
3820,49,41,24327,1178,974495,2261900
3821,51,72,24276,1157,974567,2368400
3822,53,57,24223,1153,974624,2346900
3823,50,59,24173,1144,974683,2298300
3824,51,64,24122,1131,974747,2290700
3825,52,74,24070,1109,974821,2263400
3826,53,58,24017,1104,974879,2270000
3827,50,45,23967,1109,974924,2279800
3828,48,62,23919,1095,974986,2307700
3829,46,54,23873,1087,975040,2367900
3830,49,56,23824,1080,975096,2427000
3831,45,61,23779,1064,975157,6647000
3832,42,44,23737,1062,975201,5290400
3833,37,48,23700,1051,975249,4282600
3834,40,55,23660,1036,975304,6804800
3835,35,41,23625,1030,975345,3500300
3836,46,43,23579,1033,975388,3366600
3837,57,48,23522,1042,975436,3294800
3838,41,61,23481,1022,975497,3690000
3839,42,42,23439,1022,975539,2798100
3840,30,41,23409,1011,975580,2566400
3841,51,43,23358,1019,975623,2667300
3842,55,61,23303,1013,975684,2648300
3843,48,57,23255,1004,975741,3744000
3844,45,50,23210,999,975791,3609400
3845,48,53,23162,994,975844,3679500
3846,43,51,23119,986,975895,3095800
3847,43,36,23076,993,975931,2642600
3848,51,44,23025,1000,975975,2410600
3849,57,42,22968,1015,976017,2485200
3850,46,44,22922,1017,976061,2506400
3851,55,42,22867,1030,976103,2539200
3852,48,52,22819,1026,976155,2547900
3853,37,56,22782,1007,976211,2439800
3854,56,44,22726,1019,976255,2476100
3855,44,48,22682,1015,976303,2370700
3856,53,71,22629,997,976374,2655100
3857,59,52,22570,1004,976426,2376700
3858,54,60,22516,998,976486,2357400
3859,47,40,22469,1005,976526,2343700
3860,45,50,22424,1000,976576,2425800
3861,46,50,22378,996,976626,2402900
3862,41,66,22337,971,976692,2342900
3863,48,40,22289,979,976732,2318200
3864,41,49,22248,971,976781,2314300
3865,47,56,22201,962,976837,2330000
3866,45,53,22156,954,976890,2355900
3867,47,31,22109,970,976921,2529100
3868,50,41,22059,979,976962,2607400
3869,52,45,22007,986,977007,2484700
3870,50,46,21957,990,977053,2498100
3871,42,47,21915,985,977100,2374200
3872,60,49,21855,996,977149,2390900
3873,50,54,21805,992,977203,2338800
3874,50,49,21755,993,977252,2385000
3875,44,65,21711,972,977317,2395300
3876,59,48,21652,983,977365,2336800
3877,43,56,21609,970,977421,2310700
3878,38,44,21571,964,977465,2331100
3879,49,51,21522,962,977516,2348000
3880,48,38,21474,972,977554,2345500
3881,43,37,21431,978,977591,2343900
3882,37,43,21394,972,977634,2315700
3883,48,48,21346,972,977682,2516600
3884,46,39,21300,979,977721,2603900
3885,57,57,21243,979,977778,2758400
3886,49,43,21194,985,977821,2526400
3887,34,49,21160,970,977870,2464200
3888,42,47,21118,965,977917,2465100
3889,50,50,21068,965,977967,2639800
3890,37,37,21031,965,978004,2422000
3891,48,49,20983,964,978053,2682300
3892,44,50,20939,958,978103,3039100
3893,37,49,20902,946,978152,2389700
3894,41,48,20861,939,978200,2382700
3895,35,48,20826,926,978248,2392600
3896,41,33,20785,934,978281,2352500
3897,31,52,20754,913,978333,2379900
3898,37,47,20717,903,978380,2358500
3899,43,37,20674,909,978417,2361600
3900,24,45,20650,888,978462,2391600
3901,38,31,20612,895,978493,2412300
3902,45,38,20567,902,978531,2361000
3903,38,45,20529,895,978576,2352600
3904,27,49,20502,873,978625,2371900
3905,44,42,20458,875,978667,2373000
3906,38,44,20420,869,978711,2365700
3907,33,38,20387,864,978749,2422100
3908,45,44,20342,865,978793,2463700
3909,30,44,20312,851,978837,2522000
3910,45,43,20267,853,978880,2415700
3911,36,42,20231,847,978922,2375900
3912,36,41,20195,842,978963,2362800
3913,44,30,20151,856,978993,2545600
3914,35,48,20116,843,979041,2392400
3915,39,36,20077,846,979077,2335100
3916,40,39,20037,847,979116,2312000
3917,29,47,20008,829,979163,2320500
3918,33,38,19975,824,979201,2320200
3919,34,47,19941,811,979248,2457300
3920,33,38,19908,806,979286,2286900
3921,33,39,19875,800,979325,2273000
3922,40,39,19835,801,979364,2259300
3923,36,29,19799,808,979393,2261500
3924,42,46,19757,804,979439,2370900
3925,37,42,19720,799,979481,2346500
3926,28,43,19692,784,979524,2358100
3927,38,40,19654,782,979564,2353800
3928,29,50,19625,761,979614,2409400
3929,43,39,19582,765,979653,2405400
3930,44,40,19538,769,979693,2391400
3931,35,38,19503,766,979731,2326000
3932,34,47,19469,753,979778,2312400
3933,38,36,19431,755,979814,2366600
3934,32,37,19399,750,979851,2301300
3935,52,30,19347,772,979881,2284800
3936,44,37,19303,779,979918,2295400
3937,33,39,19270,773,979957,2281800
3938,33,39,19237,767,979996,2309400
3939,39,36,19198,770,980032,2257500
3940,39,43,19159,766,980075,2258100
3941,36,39,19123,763,980114,2266400
3942,36,37,19087,762,980151,2312700
3943,43,36,19044,769,980187,2415800
3944,38,44,19006,763,980231,2288500
3945,41,36,18965,768,980267,2285300
3946,32,29,18933,771,980296,2287200
3947,36,44,18897,763,980340,2626400
3948,35,31,18862,767,980371,2328900
3949,34,47,18828,754,980418,2400500
3950,26,40,18802,740,980458,2294100
3951,24,45,18778,719,980503,2266900
3952,41,37,18737,723,980540,2343100
3953,32,41,18705,714,980581,2336500
3954,29,41,18676,702,980622,2364200
3955,34,35,18642,701,980657,2330000
3956,37,39,18605,699,980696,2605400
3957,49,37,18556,711,980733,2595200
3958,35,44,18521,702,980777,2597400
3959,33,36,18488,699,980813,2835500
3960,30,31,18458,698,980844,2707700
3961,44,40,18414,702,980884,2303200
3962,33,38,18381,697,980922,2310100
3963,29,35,18352,691,980957,2314400
3964,32,43,18320,680,981000,2328400
3965,29,33,18291,676,981033,2559400
3966,43,32,18248,687,981065,2580100
3967,40,42,18208,685,981107,2885100
3968,33,31,18175,687,981138,2611800
3969,36,29,18139,694,981167,2618900
3970,27,42,18112,679,981209,2582300
3971,35,35,18077,679,981244,2664100
3972,36,29,18041,686,981273,2785500
3973,34,38,18007,682,981311,2952500
3974,35,37,17972,680,981348,2586800
3975,33,32,17939,681,981380,2561300
3976,39,28,17900,692,981408,2827000
3977,36,34,17864,694,981442,2593400
3978,17,33,17847,678,981475,2745100
3979,37,37,17810,678,981512,2295800
3980,27,34,17783,671,981546,2302900
3981,32,30,17751,673,981576,2277600
3982,20,35,17731,658,981611,2344000
3983,32,24,17699,666,981635,2283300
3984,21,33,17678,654,981668,2272900
3985,39,44,17639,649,981712,2297500
3986,38,36,17601,651,981748,2339300
3987,28,42,17573,637,981790,2336900
3988,29,25,17544,641,981815,2337900
3989,36,25,17508,652,981840,2286200
3990,25,33,17483,644,981873,2273000
3991,39,32,17444,651,981905,2319100
3992,29,14,17415,666,981919,2295500
3993,45,21,17370,690,981940,2295300
3994,33,45,17337,678,981985,2313100
3995,37,31,17300,684,982016,2309400
3996,34,39,17266,679,982055,2340700
3997,31,36,17235,674,982091,2302000
3998,39,29,17196,684,982120,2473900
3999,40,36,17156,688,982156,2438900
4000,35,31,17121,692,982187,2682600
4001,45,35,17076,702,982222,2419700
4002,42,34,17034,710,982256,2286500
4003,43,34,16991,719,982290,2267100
4004,36,36,16955,719,982326,2272800
4005,33,39,16922,713,982365,2687800
4006,33,33,16889,713,982398,2368300
4007,38,39,16851,712,982437,2322800
4008,30,32,16821,710,982469,2291100
4009,31,35,16790,706,982504,2280500
4010,33,32,16757,707,982536,2250300
4011,39,36,16718,710,982572,2245300
4012,31,32,16687,709,982604,2269600
4013,29,45,16658,693,982649,2256500
4014,31,34,16627,690,982683,2265200
4015,31,39,16596,682,982722,2240800
4016,28,31,16568,679,982753,2233700
4017,36,44,16532,671,982797,2249400
4018,31,37,16501,665,982834,2247200
4019,32,26,16469,671,982860,2421000
4020,25,33,16444,663,982893,2253200
4021,25,26,16419,662,982919,2261000
4022,26,30,16393,658,982949,2243700
4023,24,33,16369,649,982982,2248400
4024,22,43,16347,628,983025,2903700
4025,17,33,16330,612,983058,2292000
4026,16,31,16314,597,983089,2346300
4027,17,39,16297,575,983128,2302300
4028,14,28,16283,561,983156,2518300
4029,18,26,16265,553,983182,2273200
4030,29,31,16236,551,983213,2257000
4031,21,25,16215,547,983238,2251900
4032,19,32,16196,534,983270,2247700
4033,21,25,16175,530,983295,2432200
4034,22,28,16153,524,983323,2268500
4035,19,21,16134,522,983344,2252800
4036,21,25,16113,518,983369,2235500
4037,15,22,16098,511,983391,2238600
4038,19,26,16079,504,983417,2252600
4039,23,17,16056,510,983434,2220800
4040,25,38,16031,497,983472,2247900
4041,28,30,16003,495,983502,2234500
4042,20,29,15983,486,983531,2237400
4043,23,18,15960,491,983549,2518000
4044,22,19,15938,494,983568,2233300
4045,24,16,15914,502,983584,2231800
4046,22,30,15892,494,983614,2251300
4047,28,18,15864,504,983632,2436700
4048,20,27,15844,497,983659,2318600
4049,23,27,15821,493,983686,2281900
4050,24,26,15797,491,983712,2290700
4051,20,33,15777,478,983745,2292800
4052,15,26,15762,467,983771,2390500
4053,22,28,15740,461,983799,2418700
4054,21,23,15719,459,983822,2318400
4055,18,26,15701,451,983848,2325100
4056,10,19,15691,442,983867,2286100
4057,16,25,15675,433,983892,2545600
4058,11,20,15664,424,983912,2336600
4059,12,24,15652,412,983936,2625100
4060,12,18,15640,406,983954,2385300
4061,12,16,15628,402,983970,2921000
4062,20,21,15608,401,983991,2312900
4063,12,22,15596,391,984013,2288000
4064,17,10,15579,398,984023,2272000
4065,8,19,15571,387,984042,2277600
4066,10,24,15561,373,984066,2600500
4067,5,26,15556,352,984092,2275700
4068,18,17,15538,353,984109,2258900
4069,12,27,15526,338,984136,2241200
4070,8,17,15518,329,984153,2223400
4071,12,6,15506,335,984159,2249100
4072,13,19,15493,329,984178,2228200
4073,10,15,15483,324,984193,2233300
4074,3,13,15480,314,984206,2216700
4075,15,23,15465,306,984229,2223500
4076,8,12,15457,302,984241,2583200
4077,8,15,15449,295,984256,2228200
4078,10,13,15439,292,984269,2248900
4079,6,17,15433,281,984286,2225500
4080,11,12,15422,280,984298,2233700
4081,14,10,15408,284,984308,2254500
4082,3,12,15405,275,984320,2218700
4083,7,9,15398,273,984329,2240100
4084,9,21,15389,261,984350,2229400
4085,1,15,15388,247,984365,2231900
4086,5,14,15383,238,984379,2261300
4087,2,14,15381,226,984393,2267400
4088,5,11,15376,220,984404,2235400
4089,3,9,15373,214,984413,2230000
4090,1,13,15372,202,984426,2379300
4091,2,13,15370,191,984439,2211100
4092,2,6,15368,187,984445,2197000
4093,2,9,15366,180,984454,2206600
4094,0,14,15366,166,984468,2209700
4095,3,6,15363,163,984474,2493900
4096,2,5,15361,160,984479,2202600
4097,2,10,15359,152,984489,2211600
4098,2,9,15357,145,984498,2200300
4099,4,7,15353,142,984505,2202900
4100,4,9,15349,137,984514,2438200
4101,2,5,15347,134,984519,2224500
4102,1,6,15346,129,984525,2225700
4103,1,8,15345,122,984533,2222700
4104,3,8,15342,117,984541,2213600
4105,1,6,15341,112,984547,2512600
4106,0,7,15341,105,984554,2233400
4107,1,7,15340,99,984561,2239700
4108,0,3,15340,96,984564,2226200
4109,0,5,15340,91,984569,2259800
4110,1,4,15339,88,984573,2672800
4111,0,9,15339,79,984582,2222100
4112,1,6,15338,74,984588,2225400
4113,2,5,15336,71,984593,2215700
4114,0,3,15336,68,984596,2202400
4115,0,3,15336,65,984599,2275200
4116,0,2,15336,63,984601,2220000
4117,0,7,15336,56,984608,2220100
4118,0,4,15336,52,984612,2246100
4119,2,3,15334,51,984615,2225800
4120,0,0,15334,51,984615,2296800
4121,1,2,15333,50,984617,2319000
4122,0,0,15333,50,984617,2243100
4123,0,4,15333,46,984621,2223200
4124,0,1,15333,45,984622,2254000
4125,0,2,15333,43,984624,2475700
4126,0,2,15333,41,984626,2336200
4127,0,0,15333,41,984626,2259200
4128,0,3,15333,38,984629,2255100
4129,0,0,15333,38,984629,2280500
4130,0,2,15333,36,984631,2285600
4131,1,0,15332,37,984631,2258900
4132,0,1,15332,36,984632,2238700
4133,0,3,15332,33,984635,2237000
4134,0,1,15332,32,984636,2263800
4135,0,2,15332,30,984638,2456000
4136,0,0,15332,30,984638,2326200
4137,0,1,15332,29,984639,2361900
4138,0,0,15332,29,984639,2353400
4139,0,1,15332,28,984640,2420700
4140,0,1,15332,27,984641,2319700
4141,0,1,15332,26,984642,2363100
4142,0,0,15332,26,984642,2462300
4143,0,1,15332,25,984643,2401600
4144,0,3,15332,22,984646,2405500
4145,0,0,15332,22,984646,2387900
4146,0,0,15332,22,984646,2415400
4147,0,0,15332,22,984646,2367100
4148,0,1,15332,21,984647,2388400
4149,0,2,15332,19,984649,2463800
4150,0,1,15332,18,984650,2309800
4151,0,1,15332,17,984651,2379300
4152,0,1,15332,16,984652,2346700
4153,0,1,15332,15,984653,2463000
4154,0,1,15332,14,984654,2525900
4155,0,1,15332,13,984655,2436500
4156,0,0,15332,13,984655,2429100
4157,0,1,15332,12,984656,2854600
4158,0,1,15332,11,984657,2667700
4159,0,1,15332,10,984658,2646500
4160,0,0,15332,10,984658,2601200
4161,0,0,15332,10,984658,2392800
4162,0,1,15332,9,984659,2410300
4163,0,0,15332,9,984659,2410300
4164,0,1,15332,8,984660,2338400
4165,0,1,15332,7,984661,2492900
4166,0,1,15332,6,984662,2355200
4167,0,0,15332,6,984662,2415100
4168,0,0,15332,6,984662,2347200
4169,0,0,15332,6,984662,2417000
4170,0,2,15332,4,984664,2393000
4171,0,0,15332,4,984664,2425300
4172,0,0,15332,4,984664,2379300
4173,0,0,15332,4,984664,2365700
4174,0,0,15332,4,984664,2375600
4175,0,0,15332,4,984664,2397800
4176,0,0,15332,4,984664,2422900
4177,0,1,15332,3,984665,2392300
4178,0,0,15332,3,984665,2379200
4179,0,0,15332,3,984665,2476400
4180,0,0,15332,3,984665,2416300
4181,0,0,15332,3,984665,2359900
4182,0,0,15332,3,984665,2396200
4183,0,0,15332,3,984665,2382700
4184,0,1,15332,2,984666,2422900
4185,0,0,15332,2,984666,2434500
4186,0,1,15332,1,984667,2349100
4187,0,0,15332,1,984667,2377000
4188,0,1,15332,0,984668,2424800
