Tick,NewlyInfected,NewlyRecovered,TotalSusceptible,TotalInfected,TotalRecovered,StepTimeNanos
0,2,0,999993,7,0,2430900
1,2,1,999991,8,1,2356900
2,2,1,999989,9,2,2252300
3,5,0,999984,14,2,2299700
4,2,0,999982,16,2,2339000
5,3,2,999979,17,4,2310500
6,6,1,999973,22,5,2268800
7,4,0,999969,26,5,2258500
8,4,1,999965,29,6,2230900
9,8,1,999957,36,7,2309400
10,7,3,999950,40,10,2427600
11,3,4,999947,39,14,2369000
12,10,1,999937,48,15,2310400
13,8,2,999929,54,17,2315100
14,4,5,999925,53,22,2286200
15,7,4,999918,56,26,2288300
16,6,7,999912,55,33,2309200
17,6,2,999906,59,35,2310400
18,6,2,999900,63,37,2261800
19,9,1,999891,71,38,2274300
20,11,3,999880,79,41,2263200
21,8,4,999872,83,45,2546700
22,10,3,999862,90,48,2306500
23,9,2,999853,97,50,2306500
24,10,2,999843,105,52,2325500
25,7,5,999836,107,57,2279500
26,12,6,999824,113,63,2257700
27,15,2,999809,126,65,2762000
28,12,5,999797,133,70,2474300
29,10,7,999787,136,77,2329300
30,5,7,999782,134,84,2398200
31,10,7,999772,137,91,2359700
32,16,10,999756,143,101,2318300
33,13,7,999743,149,108,2402600
34,13,5,999730,157,113,2401600
35,12,0,999718,169,113,2407200
36,14,9,999704,174,122,2332600
37,17,10,999687,181,132,2328100
38,19,10,999668,190,142,2633100
39,19,10,999649,199,152,2331300
40,23,5,999626,217,157,2286600
41,15,17,999611,215,174,2314600
42,18,12,999593,221,186,2281400
43,17,9,999576,229,195,2317100
44,14,16,999562,227,211,2665700
45,22,21,999540,228,232,2675800
46,17,6,999523,239,238,2271900
47,28,12,999495,255,250,2358700
48,29,17,999466,267,267,2264600
49,26,11,999440,282,278,2473000
50,18,14,999422,286,292,2655200
51,29,12,999393,303,304,2388500
52,26,19,999367,310,323,2421700
53,25,16,999342,319,339,2376800
54,24,19,999318,324,358,2370900
55,21,17,999297,328,375,2358600
56,31,14,999266,345,389,2328600
57,31,19,999235,357,408,2327000
58,24,17,999211,364,425,2365000
59,31,19,999180,376,444,2370200
60,41,17,999139,400,461,2369500
61,49,24,999090,425,485,2407000
62,42,21,999048,446,506,2342700
63,32,28,999016,450,534,2311600
64,37,21,998979,466,555,2307500
65,48,23,998931,491,578,2322600
66,30,26,998901,495,604,2316400
67,44,28,998857,511,632,2343300
68,39,27,998818,523,659,2290500
69,43,30,998775,536,689,2318800
70,46,36,998729,546,725,2305400
71,37,31,998692,552,756,2329800
72,38,28,998654,562,784,2402500
73,34,25,998620,571,809,2476200
74,42,21,998578,592,830,2563900
75,49,27,998529,614,857,2437200
76,37,29,998492,622,886,2361400
77,34,25,998458,631,911,2492100
78,40,35,998418,636,946,2575200
79,43,42,998375,637,988,2751200
80,39,26,998336,650,1014,2435500
81,37,25,998299,662,1039,2458800
82,42,36,998257,668,1075,2394600
83,38,27,998219,679,1102,2764100
84,51,37,998168,693,1139,2365900
85,41,33,998127,701,1172,2393600
86,43,27,998084,717,1199,2350900
87,58,39,998026,736,1238,2362300
88,44,32,997982,748,1270,2619600
89,42,43,997940,747,1313,2834400
90,44,32,997896,759,1345,2497100
91,47,41,997849,765,1386,2528700
92,43,44,997806,764,1430,2437700
93,41,37,997765,768,1467,2515600
94,39,35,997726,772,1502,2505800
95,46,36,997680,782,1538,2366300
96,52,32,997628,802,1570,2372100
97,60,48,997568,814,1618,2340000
98,64,49,997504,829,1667,2315400
99,50,40,997454,839,1707,2918900
100,58,42,997396,855,1749,2369200
101,62,42,997334,875,1791,2349200
102,53,36,997281,892,1827,2357900
103,55,31,997226,916,1858,2312300
104,62,53,997164,925,1911,2398000
105,40,44,997124,921,1955,2475200
106,53,51,997071,923,2006,2426400
107,65,53,997006,935,2059,2432900
108,52,46,996954,941,2105,2352300
109,58,47,996896,952,2152,2358500
110,56,42,996840,966,2194,2471800
111,47,33,996793,980,2227,2360800
112,70,50,996723,1000,2277,2410200
113,60,53,996663,1007,2330,2375300
114,43,52,996620,998,2382,2348200
115,62,43,996558,1017,2425,2329600
116,56,53,996502,1020,2478,2381900
117,60,45,996442,1035,2523,2338200
118,63,52,996379,1046,2575,2351300
119,61,49,996318,1058,2624,2309300
120,70,54,996248,1074,2678,2346900
121,61,48,996187,1087,2726,2324100
122,68,56,996119,1099,2782,2385100
123,64,40,996055,1123,2822,2473400
124,65,46,995990,1142,2868,2710500
125,60,50,995930,1152,2918,2488400
126,50,68,995880,1134,2986,2440700
127,73,61,995807,1146,3047,2501000
128,63,67,995744,1142,3114,2471000
129,54,63,995690,1133,3177,2423100
130,72,64,995618,1141,3241,2397900
131,65,45,995553,1161,3286,2398600
132,71,60,995482,1172,3346,2619000
133,69,60,995413,1181,3406,2609800
134,69,62,995344,1188,3468,2383800
135,62,61,995282,1189,3529,2341600
136,75,59,995207,1205,3588,2394600
137,64,53,995143,1216,3641,2385000
138,76,68,995067,1224,3709,2391200
139,68,55,994999,1237,3764,2360200
140,74,73,994925,1238,3837,2344000
141,67,57,994858,1248,3894,2350100
142,70,66,994788,1252,3960,2352800
143,77,50,994711,1279,4010,2492200
144,53,53,994658,1279,4063,2413500
145,54,62,994604,1271,4125,2389200
146,73,61,994531,1283,4186,2367300
147,63,74,994468,1272,4260,2329400
148,65,62,994403,1275,4322,2464400
149,65,55,994338,1285,4377,2572100
150,69,67,994269,1287,4444,2533800
151,72,64,994197,1295,4508,2479000
152,50,70,994147,1275,4578,2449000
153,62,48,994085,1289,4626,2436800
154,68,62,994017,1295,4688,2800700
155,58,62,993959,1291,4750,2374700
156,60,60,993899,1291,4810,2404500
157,68,63,993831,1296,4873,2370900
158,65,55,993766,1306,4928,2351300
159,71,59,993695,1318,4987,2543500
160,75,68,993620,1325,5055,2796400
161,81,59,993539,1347,5114,2516200
162,77,67,993462,1357,5181,2442800
163,62,71,993400,1348,5252,2444400
164,83,70,993317,1361,5322,2424900
165,71,87,993246,1345,5409,2681500
166,75,67,993171,1353,5476,2486300
167,79,70,993092,1362,5546,2441600
168,77,62,993015,1377,5608,2424600
169,79,66,992936,1390,5674,2395100
170,71,65,992865,1396,5739,2387300
171,76,76,992789,1396,5815,2417900
172,81,65,992708,1412,5880,2362100
173,84,75,992624,1421,5955,2384400
174,102,78,992522,1445,6033,2358900
175,90,78,992432,1457,6111,2386900
176,86,56,992346,1487,6167,2802700
177,98,75,992248,1510,6242,2454600
178,87,72,992161,1525,6314,2432200
179,93,71,992068,1547,6385,2505700
180,97,76,991971,1568,6461,2387000
181,94,88,991877,1574,6549,2426900
182,79,79,991798,1574,6628,2780200
183,92,71,991706,1595,6699,2446300
184,87,78,991619,1604,6777,2453400
185,96,76,991523,1624,6853,2398700
186,96,98,991427,1622,6951,2559700
187,88,83,991339,1627,7034,2852800
188,90,72,991249,1645,7106,2633600
189,110,72,991139,1683,7178,2580300
190,106,92,991033,1697,7270,2591200
191,96,92,990937,1701,7362,2564700
192,105,83,990832,1723,7445,2986600
193,107,89,990725,1741,7534,2981600
194,93,91,990632,1743,7625,2468200
195,101,112,990531,1732,7737,2421800
196,89,71,990442,1750,7808,2423300
197,96,72,990346,1774,7880,2499300
198,104,73,990242,1805,7953,2474500
199,102,95,990140,1812,8048,2496700
200,106,103,990034,1815,8151,2492800
201,96,85,989938,1826,8236,2480000
202,109,93,989829,1842,8329,2479700
203,102,92,989727,1852,8421,2530600
204,121,97,989606,1876,8518,2484700
205,99,105,989507,1870,8623,2448400
206,71,90,989436,1851,8713,2463900
207,96,81,989340,1866,8794,2450200
208,108,100,989232,1874,8894,2493200
209,104,88,989128,1890,8982,2455100
210,87,96,989041,1881,9078,2441700
211,102,91,988939,1892,9169,2447800
212,120,82,988819,1930,9251,2458500
213,108,96,988711,1942,9347,2423800
214,104,107,988607,1939,9454,2468400
215,91,106,988516,1924,9560,2477400
216,107,104,988409,1927,9664,2465400
217,98,102,988311,1923,9766,2439000
218,107,105,988204,1925,9871,2458900
219,97,87,988107,1935,9958,2460200
220,111,111,987996,1935,10069,2546200
221,104,101,987892,1938,10170,2541700
222,102,90,987790,1950,10260,2545200
223,109,98,987681,1961,10358,2534100
224,120,97,987561,1984,10455,2530400
225,121,103,987440,2002,10558,2661800
226,115,91,987325,2026,10649,2645700
227,117,90,987208,2053,10739,2560700
228,107,112,987101,2048,10851,2552900
229,107,90,986994,2065,10941,2520200
230,115,101,986879,2079,11042,2522800
231,104,105,986775,2078,11147,2513800
232,105,111,986670,2072,11258,2519700
233,103,115,986567,2060,11373,2524100
234,111,95,986456,2076,11468,2495700
235,120,97,986336,2099,11565,2431900
236,100,100,986236,2099,11665,2537800
237,128,101,986108,2126,11766,2495600
238,134,111,985974,2149,11877,2461300
239,115,102,985859,2162,11979,2483200
240,104,132,985755,2134,12111,2481000
241,113,95,985642,2152,12206,2467400
242,117,85,985525,2184,12291,2505700
243,107,94,985418,2197,12385,2466200
244,116,108,985302,2205,12493,2565900
245,108,99,985194,2214,12592,2482400
246,124,122,985070,2216,12714,2461000
247,118,110,984952,2224,12824,2450500
248,120,111,984832,2233,12935,2430900
249,88,115,984744,2206,13050,2456500
250,116,112,984628,2210,13162,2415200
251,130,117,984498,2223,13279,2447500
252,135,114,984363,2244,13393,2415200
253,130,124,984233,2250,13517,2670200
254,115,86,984118,2279,13603,2430900
255,140,102,983978,2317,13705,2433900
256,116,100,983862,2333,13805,2391100
257,130,140,983732,2323,13945,2413200
258,111,142,983621,2292,14087,2416500
259,116,107,983505,2301,14194,2417300
260,114,126,983391,2289,14320,2440200
261,136,94,983255,2331,14414,2387600
262,138,138,983117,2331,14552,2392000
263,136,118,982981,2349,14670,2383300
264,127,115,982854,2361,14785,2666300
265,121,137,982733,2345,14922,2411900
266,121,113,982612,2353,15035,2414500
267,127,111,982485,2369,15146,2417800
268,118,127,982367,2360,15273,2430500
269,130,109,982237,2381,15382,2470400
270,117,124,982120,2374,15506,2803700
271,136,121,981984,2389,15627,2900400
272,119,115,981865,2393,15742,2412500
273,137,103,981728,2427,15845,2410700
274,139,104,981589,2462,15949,2402100
275,128,123,981461,2467,16072,2410500
276,123,106,981338,2484,16178,2473700
277,114,138,981224,2460,16316,2531400
278,125,123,981099,2462,16439,2855500
279,151,121,980948,2492,16560,2566100
280,137,113,980811,2516,16673,2714400
281,139,106,980672,2549,16779,2896000
282,131,127,980541,2553,16906,2450900
283,136,141,980405,2548,17047,2452600
284,134,111,980271,2571,17158,2391900
285,128,134,980143,2565,17292,2407900
286,136,130,980007,2571,17422,2443300
287,116,140,979891,2547,17562,2400300
288,132,127,979759,2552,17689,2395200
289,143,125,979616,2570,17814,2418600
290,123,149,979493,2544,17963,2405900
291,129,141,979364,2532,18104,2455400
292,130,116,979234,2546,18220,2619900
293,159,128,979075,2577,18348,2632800
294,129,127,978946,2579,18475,2569200
295,152,113,978794,2618,18588,2525400
296,132,148,978662,2602,18736,2526500
297,154,143,978508,2613,18879,2621500
298,144,129,978364,2628,19008,2525000
299,131,129,978233,2630,19137,2489400
300,142,116,978091,2656,19253,2519200
301,144,135,977947,2665,19388,2718800
302,160,130,977787,2695,19518,2731000
303,140,110,977647,2725,19628,2573500
304,167,132,977480,2760,19760,2633300
305,161,142,977319,2779,19902,2860100
306,144,143,977175,2780,20045,2616100
307,167,140,977008,2807,20185,2607400
308,137,155,976871,2789,20340,2505700
309,139,143,976732,2785,20483,2498100
310,113,135,976619,2763,20618,2472600
311,129,145,976490,2747,20763,2459600
312,133,123,976357,2757,20886,2458400
313,143,135,976214,2765,21021,2537200
314,142,139,976072,2768,21160,2526900
315,129,140,975943,2757,21300,2492100
316,161,124,975782,2794,21424,2505900
317,143,137,975639,2800,21561,2495800
318,133,136,975506,2797,21697,2555200
319,143,132,975363,2808,21829,2458500
320,145,138,975218,2815,21967,2466000
321,144,133,975074,2826,22100,2416400
322,157,127,974917,2856,22227,2436800
323,179,147,974738,2888,22374,2416600
324,152,180,974586,2860,22554,2507200
325,174,157,974412,2877,22711,2456800
326,184,148,974228,2913,22859,2565700
327,186,142,974042,2957,23001,2865900
328,179,147,973863,2989,23148,2658900
329,171,137,973692,3023,23285,2621500
330,155,166,973537,3012,23451,2536700
331,162,145,973375,3029,23596,2496300
332,160,129,973215,3060,23725,2501500
333,166,152,973049,3074,23877,2476500
334,156,159,972893,3071,24036,2512000
335,160,152,972733,3079,24188,2473800
336,161,151,972572,3089,24339,2453400
337,160,150,972412,3099,24489,2439100
338,155,170,972257,3084,24659,2505800
339,164,165,972093,3083,24824,2509600
340,166,155,971927,3094,24979,2601300
341,162,173,971765,3083,25152,2515900
342,161,159,971604,3085,25311,2490000
343,172,144,971432,3113,25455,2505600
344,166,167,971266,3112,25622,2502200
345,178,141,971088,3149,25763,2447500
346,176,161,970912,3164,25924,2805100
347,160,159,970752,3165,26083,2456000
348,155,163,970597,3157,26246,2499400
349,168,137,970429,3188,26383,2438100
350,162,144,970267,3206,26527,2457300
351,160,154,970107,3212,26681,2550000
352,183,155,969924,3240,26836,2506900
353,199,174,969725,3265,27010,2440300
354,169,165,969556,3269,27175,2465600
355,165,162,969391,3272,27337,2438100
356,207,173,969184,3306,27510,2531600
357,181,164,969003,3323,27674,2520100
358,167,153,968836,3337,27827,2489800
359,175,184,968661,3328,28011,2480400
360,163,171,968498,3320,28182,2479000
361,177,167,968321,3330,28349,2501900
362,171,160,968150,3341,28509,2708500
363,167,184,967983,3324,28693,2754000
364,179,155,967804,3348,28848,2551000
365,173,168,967631,3353,29016,2552200
366,179,160,967452,3372,29176,2555500
367,184,182,967268,3374,29358,2993200
368,175,152,967093,3397,29510,2462300
369,178,183,966915,3392,29693,2489500
370,162,165,966753,3389,29858,2462000
371,181,182,966572,3388,30040,2446900
372,194,163,966378,3419,30203,2609600
373,186,180,966192,3425,30383,2557500
374,172,181,966020,3416,30564,2718700
375,176,190,965844,3402,30754,2628000
376,188,165,965656,3425,30919,2647600
377,194,176,965462,3443,31095,2580500
378,172,185,965290,3430,31280,2597700
379,189,167,965101,3452,31447,2540700
380,190,159,964911,3483,31606,2574600
381,199,177,964712,3505,31783,2516200
382,174,172,964538,3507,31955,2466900
383,188,154,964350,3541,32109,2726600
384,182,176,964168,3547,32285,2761400
385,188,186,963980,3549,32471,2552000
386,184,170,963796,3563,32641,2581200
387,189,194,963607,3558,32835,2653800
388,173,172,963434,3559,33007,2508300
389,206,198,963228,3567,33205,2568400
390,194,162,963034,3599,33367,2572800
391,174,182,962860,3591,33549,2608700
392,178,198,962682,3571,33747,2549100
393,174,175,962508,3570,33922,2554300
394,205,189,962303,3586,34111,3059500
395,177,162,962126,3601,34273,2731200
396,184,185,961942,3600,34458,2593300
397,183,188,961759,3595,34646,2598200
398,179,191,961580,3583,34837,2505200
399,195,169,961385,3609,35006,2486900
400,176,166,961209,3619,35172,2512000
401,181,183,961028,3617,35355,2469100
402,200,182,960828,3635,35537,2487900
403,207,183,960621,3659,35720,2585700
404,197,193,960424,3663,35913,2543900
405,175,170,960249,3668,36083,3126700
406,174,178,960075,3664,36261,2546600
407,204,199,959871,3669,36460,2538600
408,179,189,959692,3659,36649,2525000
409,188,207,959504,3640,36856,2609500
410,179,194,959325,3625,37050,2569600
411,212,186,959113,3651,37236,2529300
412,196,176,958917,3671,37412,2528700
413,173,179,958744,3665,37591,2481800
414,185,186,958559,3664,37777,2488500
415,188,183,958371,3669,37960,2465700
416,196,195,958175,3670,38155,2833400
417,226,172,957949,3724,38327,2559900
418,198,170,957751,3752,38497,2526800
419,190,191,957561,3751,38688,2518700
420,197,198,957364,3750,38886,2694500
421,193,178,957171,3765,39064,3341700
422,211,174,956960,3802,39238,2712800
423,191,179,956769,3814,39417,2691700
424,197,189,956572,3822,39606,2943000
425,210,173,956362,3859,39779,2651400
426,203,198,956159,3864,39977,2969800
427,200,185,955959,3879,40162,2549900
428,193,202,955766,3870,40364,2588000
429,217,195,955549,3892,40559,2539800
430,211,205,955338,3898,40764,2544300
431,196,177,955142,3917,40941,2630000
432,206,176,954936,3947,41117,2819600
433,214,180,954722,3981,41297,2691200
434,211,203,954511,3989,41500,2797400
435,222,195,954289,4016,41695,2626800
436,220,207,954069,4029,41902,2770200
437,206,220,953863,4015,42122,2704800
438,195,213,953668,3997,42335,2982400
439,211,211,953457,3997,42546,2569200
440,206,195,953251,4008,42741,2556300
441,216,233,953035,3991,42974,2498600
442,203,175,952832,4019,43149,3202700
443,209,204,952623,4024,43353,2513700
444,201,207,952422,4018,43560,2565600
445,187,220,952235,3985,43780,2491300
446,239,180,951996,4044,43960,2468800
447,208,207,951788,4045,44167,2512900
448,214,217,951574,4042,44384,2541100
449,200,185,951374,4057,44569,2615300
450,198,224,951176,4031,44793,2542900
451,216,181,950960,4066,44974,2531300
452,206,181,950754,4091,45155,2510400
453,204,190,950550,4105,45345,2833700
454,235,223,950315,4117,45568,2965800
455,230,202,950085,4145,45770,2627000
456,224,197,949861,4172,45967,2546500
457,227,197,949634,4202,46164,2550100
458,232,234,949402,4200,46398,2581200
459,218,200,949184,4218,46598,2552100
460,222,219,948962,4221,46817,2517500
461,241,201,948721,4261,47018,2574900
462,240,206,948481,4295,47224,2522400
463,238,225,948243,4308,47449,2532100
464,216,210,948027,4314,47659,2571800
465,239,209,947788,4344,47868,2533000
466,211,218,947577,4337,48086,2498600
467,242,211,947335,4368,48297,2503500
468,218,208,947117,4378,48505,2505000
469,232,223,946885,4387,48728,2564500
470,236,232,946649,4391,48960,2547700
471,227,225,946422,4393,49185,2541800
472,234,207,946188,4420,49392,2521600
473,210,204,945978,4426,49596,2530500
474,208,200,945770,4434,49796,2480000
475,240,234,945530,4440,50030,2923800
476,223,219,945307,4444,50249,2936700
477,217,219,945090,4442,50468,2814700
478,225,217,944865,4450,50685,2720300
479,221,225,944644,4446,50910,2965000
480,237,222,944407,4461,51132,2667300
481,220,218,944187,4463,51350,2603000
482,201,242,943986,4422,51592,2558800
483,231,203,943755,4450,51795,2538100
484,243,225,943512,4468,52020,2542400
485,231,253,943281,4446,52273,2991900
486,210,212,943071,4444,52485,2558700
487,198,259,942873,4383,52744,2481500
488,200,202,942673,4381,52946,2543800
489,252,201,942421,4432,53147,2521300
490,222,218,942199,4436,53365,2537000
491,247,208,941952,4475,53573,2766800
492,218,208,941734,4485,53781,2600800
493,217,221,941517,4481,54002,2586900
494,233,234,941284,4480,54236,2596400
495,238,231,941046,4487,54467,2539200
496,227,237,940819,4477,54704,2587800
497,227,231,940592,4473,54935,2562200
498,256,227,940336,4502,55162,2595900
499,212,230,940124,4484,55392,2668300
500,241,260,939883,4465,55652,2639000
501,244,210,939639,4499,55862,2852100
502,250,205,939389,4544,56067,2514700
503,243,216,939146,4571,56283,2588800
504,258,219,938888,4610,56502,2535300
505,260,212,938628,4658,56714,2518200
506,239,238,938389,4659,56952,2553900
507,233,221,938156,4671,57173,2588800
508,250,235,937906,4686,57408,2560800
509,245,233,937661,4698,57641,2536100
510,243,242,937418,4699,57883,2563300
511,229,244,937189,4684,58127,2519600
512,224,226,936965,4682,58353,2609000
513,232,230,936733,4684,58583,2556000
514,229,236,936504,4677,58819,2536400
515,208,218,936296,4667,59037,2544700
516,231,243,936065,4655,59280,2500200
517,234,224,935831,4665,59504,2535900
518,235,234,935596,4666,59738,2561400
519,238,209,935358,4695,59947,2546500
520,274,207,935084,4762,60154,2556800
521,250,218,934834,4794,60372,2534200
522,235,241,934599,4788,60613,2544700
523,245,242,934354,4791,60855,2709600
524,264,234,934090,4821,61089,2618100
525,243,232,933847,4832,61321,2616600
526,236,201,933611,4867,61522,2560200
527,263,235,933348,4895,61757,2545800
528,244,237,933104,4902,61994,2585900
529,264,240,932840,4926,62234,2575900
530,278,240,932562,4964,62474,2562800
531,249,256,932313,4957,62730,2552600
532,248,255,932065,4950,62985,2540900
533,250,224,931815,4976,63209,2526100
534,256,239,931559,4993,63448,2647200
535,245,247,931314,4991,63695,2636100
536,247,237,931067,5001,63932,2581900
537,270,255,930797,5016,64187,2556200
538,228,250,930569,4994,64437,2538700
539,243,271,930326,4966,64708,2588200
540,240,221,930086,4985,64929,2615300
541,271,259,929815,4997,65188,2606600
542,252,261,929563,4988,65449,2667100
543,269,248,929294,5009,65697,2622100
544,268,253,929026,5024,65950,2688800
545,235,247,928791,5012,66197,2701700
546,242,262,928549,4992,66459,2697800
547,277,270,928272,4999,66729,2674700
548,261,229,928011,5031,66958,2635700
549,236,239,927775,5028,67197,2598200
550,262,240,927513,5050,67437,2647900
551,244,267,927269,5027,67704,2563100
552,297,256,926972,5068,67960,2634200
553,277,293,926695,5052,68253,2561700
554,267,242,926428,5077,68495,2547500
555,252,257,926176,5072,68752,2576000
556,282,263,925894,5091,69015,2652300
557,276,267,925618,5100,69282,2598500
558,263,256,925355,5107,69538,2574300
559,270,264,925085,5113,69802,2552400
560,253,257,924832,5109,70059,2560800
561,278,232,924554,5155,70291,2545500
562,254,256,924300,5153,70547,2572500
563,239,268,924061,5124,70815,2569800
564,270,236,923791,5158,71051,2547200
565,249,266,923542,5141,71317,2539700
566,272,268,923270,5145,71585,2540700
567,244,274,923026,5115,71859,2648100
568,282,244,922744,5153,72103,2587100
569,268,262,922476,5159,72365,2608600
570,248,247,922228,5160,72612,2634100
571,282,253,921946,5189,72865,2614100
572,267,232,921679,5224,73097,2606600
573,270,292,921409,5202,73389,2604800
574,258,245,921151,5215,73634,2593000
575,293,258,920858,5250,73892,2548500
576,247,258,920611,5239,74150,2551400
577,290,259,920321,5270,74409,2573700
578,251,253,920070,5268,74662,2691500
579,247,289,919823,5226,74951,2598600
580,257,256,919566,5227,75207,2716400
581,243,296,919323,5174,75503,2905800
582,243,253,919080,5164,75756,2855300
583,231,245,918849,5150,76001,2942900
584,266,240,918583,5176,76241,2808900
585,262,271,918321,5167,76512,2722500
586,261,251,918060,5177,76763,2660900
587,300,241,917760,5236,77004,2683600
588,257,276,917503,5217,77280,2661800
589,252,280,917251,5189,77560,2625900
590,271,239,916980,5221,77799,2598400
591,253,257,916727,5217,78056,2606500
592,271,264,916456,5224,78320,2726600
593,277,290,916179,5211,78610,2627900
594,243,241,915936,5213,78851,2789600
595,261,259,915675,5215,79110,2722600
596,285,263,915390,5237,79373,2697000
597,278,239,915112,5276,79612,2683300
598,280,254,914832,5302,79866,2765200
599,293,262,914539,5333,80128,2761100
600,280,266,914259,5347,80394,2720600
601,251,271,914008,5327,80665,2715900
602,265,229,913743,5363,80894,2701100
603,279,278,913464,5364,81172,2673700
604,279,262,913185,5381,81434,2750000
605,254,274,912931,5361,81708,2685200
606,285,260,912646,5386,81968,2671700
607,260,269,912386,5377,82237,2675000
608,275,233,912111,5419,82470,2646900
609,257,284,911854,5392,82754,2788900
610,260,296,911594,5356,83050,2756800
611,306,294,911288,5368,83344,2704900
612,288,261,911000,5395,83605,2673400
613,250,256,910750,5389,83861,2682900
614,289,291,910461,5387,84152,2692100
615,277,279,910184,5385,84431,2817100
616,294,260,909890,5419,84691,2758000
617,322,252,909568,5489,84943,2721000
618,311,257,909257,5543,85200,2709500
619,290,270,908967,5563,85470,2689400
620,303,263,908664,5603,85733,2805600
621,299,302,908365,5600,86035,2757700
622,308,294,908057,5614,86329,2726100
623,286,276,907771,5624,86605,2668600
624,328,286,907443,5666,86891,2714500
625,306,262,907137,5710,87153,2873300
626,292,299,906845,5703,87452,2840400
627,293,313,906552,5683,87765,3066900
628,293,292,906259,5684,88057,2952300
629,303,280,905956,5707,88337,2839800
630,298,279,905658,5726,88616,2890800
631,302,275,905356,5753,88891,2772900
632,294,271,905062,5776,89162,2758000
633,319,323,904743,5772,89485,2724000
634,290,280,904453,5782,89765,2730000
635,302,261,904151,5823,90026,2808800
636,320,293,903831,5850,90319,2905200
637,288,270,903543,5868,90589,2867300
638,270,275,903273,5863,90864,2913400
639,266,330,903007,5799,91194,2841600
640,294,288,902713,5805,91482,3032200
641,287,322,902426,5770,91804,3470600
642,276,277,902150,5769,92081,2904500
643,281,291,901869,5759,92372,3055700
644,295,269,901574,5785,92641,3353400
645,291,289,901283,5787,92930,3099100
646,288,285,900995,5790,93215,2996300
647,274,262,900721,5802,93477,2889800
648,284,276,900437,5810,93753,2769600
649,289,271,900148,5828,94024,2734100
650,299,353,899849,5774,94377,2766500
651,286,283,899563,5777,94660,2715300
652,301,278,899262,5800,94938,2687300
653,298,277,898964,5821,95215,2668900
654,320,295,898644,5846,95510,2647700
655,293,292,898351,5847,95802,2756600
656,278,322,898073,5803,96124,2672100
657,316,301,897757,5818,96425,2666600
658,290,299,897467,5809,96724,2662800
659,297,322,897170,5784,97046,2646300
660,294,299,896876,5779,97345,2742600
661,312,301,896564,5790,97646,2716200
662,302,274,896262,5818,97920,2694200
663,318,287,895944,5849,98207,2657700
664,288,278,895656,5859,98485,2601700
665,266,266,895390,5859,98751,2606100
666,279,283,895111,5855,99034,2678600
667,299,297,894812,5857,99331,2621400
668,320,317,894492,5860,99648,2622400
669,305,281,894187,5884,99929,2642900
670,311,288,893876,5907,100217,3007700
671,296,319,893580,5884,100536,2939100
672,289,302,893291,5871,100838,2812200
673,318,284,892973,5905,101122,2785300
674,294,278,892679,5921,101400,2741500
675,284,322,892395,5883,101722,2706700
676,297,315,892098,5865,102037,2701900
677,330,317,891768,5878,102354,2692600
678,338,305,891430,5911,102659,2665200
679,327,306,891103,5932,102965,2643600
680,316,288,890787,5960,103253,2619500
681,323,292,890464,5991,103545,2674300
682,331,285,890133,6037,103830,2760100
683,276,291,889857,6022,104121,2715300
684,289,299,889568,6012,104420,2667300
685,315,296,889253,6031,104716,2644800
686,301,312,888952,6020,105028,2612800
687,322,285,888630,6057,105313,3052000
688,326,283,888304,6100,105596,2668600
689,311,337,887993,6074,105933,2651600
690,329,302,887664,6101,106235,2621800
691,298,281,887366,6118,106516,2594500
692,300,298,887066,6120,106814,2927200
693,331,334,886735,6117,107148,3083300
694,302,339,886433,6080,107487,2711600
695,336,293,886097,6123,107780,2682000
696,321,286,885776,6158,108066,2647200
697,317,297,885459,6178,108363,2663100
698,300,294,885159,6184,108657,2738100
699,339,341,884820,6182,108998,2643100
700,308,312,884512,6178,109310,2634500
701,321,291,884191,6208,109601,2621400
702,317,290,883874,6235,109891,2627500
703,339,330,883535,6244,110221,2781400
704,342,335,883193,6251,110556,2692000
705,325,312,882868,6264,110868,2821000
706,332,340,882536,6256,111208,2742500
707,328,311,882208,6273,111519,2720100
708,326,302,881882,6297,111821,2749900
709,326,308,881556,6315,112129,2720000
710,304,326,881252,6293,112455,2635900
711,303,315,880949,6281,112770,2667600
712,330,296,880619,6315,113066,2612600
713,327,294,880292,6348,113360,2662400
714,312,329,879980,6331,113689,2677100
715,350,308,879630,6373,113997,2660700
716,297,325,879333,6345,114322,2616000
717,283,320,879050,6308,114642,2640000
718,327,316,878723,6319,114958,2622900
719,312,318,878411,6313,115276,2722100
720,330,339,878081,6304,115615,2655600
721,328,327,877753,6305,115942,2664100
722,295,309,877458,6291,116251,2618500
723,337,321,877121,6307,116572,2621200
724,291,353,876830,6245,116925,2817400
725,289,290,876541,6244,117215,2897500
726,298,324,876243,6218,117539,2803400
727,314,319,875929,6213,117858,2700200
728,319,326,875610,6206,118184,2774700
729,340,319,875270,6227,118503,2725700
730,342,327,874928,6242,118830,2744100
731,331,316,874597,6257,119146,2664500
732,336,323,874261,6270,119469,2665500
733,329,336,873932,6263,119805,2636200
734,334,336,873598,6261,120141,2698400
735,343,329,873255,6275,120470,3019600
736,346,299,872909,6322,120769,2887300
737,324,315,872585,6331,121084,2843800
738,332,317,872253,6346,121401,2783600
739,324,332,871929,6338,121733,2745800
740,321,302,871608,6357,122035,2818700
741,344,330,871264,6371,122365,2810600
742,330,345,870934,6356,122710,2795400
743,335,312,870599,6379,123022,2862600
744,335,321,870264,6393,123343,2824000
745,335,294,869929,6434,123637,2877900
746,330,351,869599,6413,123988,2801400
747,378,297,869221,6494,124285,2785200
748,344,310,868877,6528,124595,2776900
749,367,362,868510,6533,124957,2748500
750,370,334,868140,6569,125291,3016900
751,361,352,867779,6578,125643,3105200
752,352,310,867427,6620,125953,2760600
753,340,336,867087,6624,126289,2694400
754,342,338,866745,6628,126627,2696200
755,371,312,866374,6687,126939,2659800
756,352,313,866022,6726,127252,2662400
757,357,296,865665,6787,127548,2628500
758,340,345,865325,6782,127893,2674700
759,368,347,864957,6803,128240,2649200
760,325,313,864632,6815,128553,2659500
761,385,328,864247,6872,128881,2967900
762,364,385,863883,6851,129266,2723900
763,388,337,863495,6902,129603,2665400
764,370,336,863125,6936,129939,2697600
765,368,323,862757,6981,130262,2871200
766,370,332,862387,7019,130594,2941200
767,329,347,862058,7001,130941,2730300
768,381,358,861677,7024,131299,2730700
769,341,349,861336,7016,131648,2732300
770,332,373,861004,6975,132021,2697300
771,339,345,860665,6969,132366,2815200
772,331,356,860334,6944,132722,2912400
773,333,329,860001,6948,133051,2851700
774,344,387,859657,6905,133438,2824700
775,349,358,859308,6896,133796,2794700
776,340,349,858968,6887,134145,2793000
777,333,313,858635,6907,134458,2805700
778,373,332,858262,6948,134790,2763100
779,334,332,857928,6950,135122,2771000
780,362,321,857566,6991,135443,2742500
781,347,341,857219,6997,135784,3196400
782,335,327,856884,7005,136111,2944100
783,334,368,856550,6971,136479,2887900
784,355,341,856195,6985,136820,2854800
785,328,340,855867,6973,137160,2783200
786,311,352,855556,6932,137512,2915000
787,326,349,855230,6909,137861,2831600
788,340,341,854890,6908,138202,2801200
789,356,361,854534,6903,138563,2763700
790,347,340,854187,6910,138903,2694000
791,357,354,853830,6913,139257,2811300
792,346,333,853484,6926,139590,2696500
793,358,374,853126,6910,139964,2725100
794,298,339,852828,6869,140303,2710300
795,311,360,852517,6820,140663,2778400
796,349,358,852168,6811,141021,2710900
797,365,343,851803,6833,141364,3089400
798,353,306,851450,6880,141670,2671300
799,336,333,851114,6883,142003,2703700
800,349,358,850765,6874,142361,2661500
801,338,348,850427,6864,142709,2633200
802,363,342,850064,6885,143051,2683400
803,372,341,849692,6916,143392,2945500
804,359,382,849333,6893,143774,3060500
805,348,376,848985,6865,144150,2928200
806,347,356,848638,6856,144506,2867700
807,344,334,848294,6866,144840,3258400
808,339,349,847955,6856,145189,3122200
809,327,316,847628,6867,145505,2729000
810,360,381,847268,6846,145886,2717800
811,337,321,846931,6862,146207,2625700
812,369,352,846562,6879,146559,2648400
813,342,363,846220,6858,146922,2694700
814,333,322,845887,6869,147244,2664100
815,353,358,845534,6864,147602,2719300
816,371,356,845163,6879,147958,2696100
817,347,361,844816,6865,148319,2756600
818,338,329,844478,6874,148648,2803800
819,371,320,844107,6925,148968,2702500
820,405,367,843702,6963,149335,2690500
821,378,339,843324,7002,149674,2662700
822,367,331,842957,7038,150005,2662700
823,363,369,842594,7032,150374,2949000
824,371,388,842223,7015,150762,2738600
825,370,302,841853,7083,151064,2740300
826,369,345,841484,7107,151409,2688800
827,381,336,841103,7152,151745,2694200
828,389,345,840714,7196,152090,3056900
829,380,353,840334,7223,152443,2824500
830,367,350,839967,7240,152793,2834500
831,360,376,839607,7224,153169,2901700
832,396,354,839211,7266,153523,2779600
833,367,349,838844,7284,153872,2794700
834,370,380,838474,7274,154252,3437500
835,401,354,838073,7321,154606,2740100
836,372,355,837701,7338,154961,2712500
837,384,343,837317,7379,155304,2671700
838,360,340,836957,7399,155644,2727700
839,359,351,836598,7407,155995,3542300
840,390,371,836208,7426,156366,2776000
841,383,382,835825,7427,156748,2762600
842,369,346,835456,7450,157094,2722200
843,365,366,835091,7449,157460,2688200
844,355,371,834736,7433,157831,2760800
845,359,382,834377,7410,158213,2715300
846,351,363,834026,7398,158576,2662900
847,359,360,833667,7397,158936,2665200
848,363,358,833304,7402,159294,2647300
849,336,393,832968,7345,159687,2786200
850,358,368,832610,7335,160055,3096800
851,371,362,832239,7344,160417,2919300
852,354,413,831885,7285,160830,2929500
853,349,354,831536,7280,161184,2817000
854,376,395,831160,7261,161579,2845800
855,399,385,830761,7275,161964,2796900
856,361,365,830400,7271,162329,2745600
857,389,342,830011,7318,162671,2713600
858,358,366,829653,7310,163037,2706800
859,379,374,829274,7315,163411,2687300
860,352,371,828922,7296,163782,3071400
861,367,389,828555,7274,164171,2721700
862,381,387,828174,7268,164558,2810600
863,394,360,827780,7302,164918,2725000
864,393,342,827387,7353,165260,2688600
865,383,380,827004,7356,165640,2781000
866,353,377,826651,7332,166017,2705000
867,375,370,826276,7337,166387,2668400
868,366,381,825910,7322,166768,2665100
869,360,406,825550,7276,167174,2677200
870,373,373,825177,7276,167547,2866000
871,385,361,824792,7300,167908,2711200
872,378,361,824414,7317,168269,2700200
873,386,367,824028,7336,168636,2677900
874,374,350,823654,7360,168986,2668900
875,387,365,823267,7382,169351,2731400
876,398,356,822869,7424,169707,2884600
877,434,356,822435,7502,170063,2950900
878,370,374,822065,7498,170437,3076100
879,425,363,821640,7560,170800,2927800
880,409,370,821231,7599,171170,3145600
881,387,359,820844,7627,171529,3220600
882,390,386,820454,7631,171915,2989400
883,429,401,820025,7659,172316,2889300
884,406,407,819619,7658,172723,2892000
885,386,387,819233,7657,173110,2850200
886,384,357,818849,7684,173467,2819500
887,432,407,818417,7709,173874,2754100
888,375,414,818042,7670,174288,2719300
889,398,385,817644,7683,174673,2689300
890,406,385,817238,7704,175058,2734100
891,388,391,816850,7701,175449,2707900
892,394,408,816456,7687,175857,2708200
893,419,397,816037,7709,176254,2678400
894,404,399,815633,7714,176653,2668500
895,377,405,815256,7686,177058,2666600
896,399,401,814857,7684,177459,2789700
897,418,407,814439,7695,177866,2701200
898,414,371,814025,7738,178237,2738300
899,395,394,813630,7739,178631,2755200
900,393,411,813237,7721,179042,2718500
901,374,363,812863,7732,179405,2746900
902,327,382,812536,7677,179787,2706900
903,373,395,812163,7655,180182,2688800
904,355,359,811808,7651,180541,2775400
905,400,368,811408,7683,180909,2814200
906,382,372,811026,7693,181281,2944200
907,360,398,810666,7655,181679,2822500
908,396,375,810270,7676,182054,2753400
909,415,389,809855,7702,182443,2769900
910,392,385,809463,7709,182828,2732000
911,384,332,809079,7761,183160,2741800
912,396,427,808683,7730,183587,2771800
913,377,388,808306,7719,183975,2755600
914,394,351,807912,7762,184326,2704600
915,376,405,807536,7733,184731,2733800
916,399,407,807137,7725,185138,2803100
917,415,387,806722,7753,185525,2773700
918,425,415,806297,7763,185940,2747600
919,420,404,805877,7779,186344,2725900
920,397,418,805480,7758,186762,2739800
921,429,358,805051,7829,187120,2677600
922,397,401,804654,7825,187521,3050100
923,425,369,804229,7881,187890,2711300
924,405,388,803824,7898,188278,2703900
925,431,357,803393,7972,188635,2689200
926,434,404,802959,8002,189039,2709800
927,401,396,802558,8007,189435,2713800
928,431,410,802127,8028,189845,2789700
929,387,414,801740,8001,190259,2857100
930,424,431,801316,7994,190690,2838500
931,428,403,800888,8019,191093,2762800
932,396,445,800492,7970,191538,2715400
933,420,379,800072,8011,191917,2851600
934,395,387,799677,8019,192304,2904800
935,394,398,799283,8015,192702,2750700
936,408,400,798875,8023,193102,2750800
937,401,405,798474,8019,193507,2871000
938,392,394,798082,8017,193901,3204200
939,386,414,797696,7989,194315,3000000
940,392,385,797304,7996,194700,3017900
941,406,418,796898,7984,195118,3018500
942,445,394,796453,8035,195512,2968700
943,401,386,796052,8050,195898,3014800
944,390,390,795662,8050,196288,3398400
945,414,369,795248,8095,196657,3286800
946,413,405,794835,8103,197062,3322600
947,395,394,794440,8104,197456,3236300
948,404,380,794036,8128,197836,2891700
949,408,393,793628,8143,198229,3334800
950,416,425,793212,8134,198654,3383700
951,398,431,792814,8101,199085,3349600
952,387,403,792427,8085,199488,2992700
953,398,431,792029,8052,199919,2859300
954,410,399,791619,8063,200318,2860600
955,427,379,791192,8111,200697,2817900
956,418,421,790774,8108,201118,2809500
957,375,381,790399,8102,201499,3485600
958,403,441,789996,8064,201940,3406500
959,390,451,789606,8003,202391,2820600
960,443,408,789163,8038,202799,2813200
961,391,388,788772,8041,203187,2823900
962,416,404,788356,8053,203591,3728700
963,430,399,787926,8084,203990,2757100
964,404,425,787522,8063,204415,2780900
965,398,395,787124,8066,204810,2695700
966,421,415,786703,8072,205225,2661700
967,396,396,786307,8072,205621,2787700
968,408,386,785899,8094,206007,3044100
969,412,383,785487,8123,206390,2983700
970,455,395,785032,8183,206785,2956400
971,457,414,784575,8226,207199,2961200
972,419,373,784156,8272,207572,3010700
973,454,446,783702,8280,208018,2937900
974,429,377,783273,8332,208395,2865100
975,427,427,782846,8332,208822,2767800
976,429,410,782417,8351,209232,2820300
977,415,412,782002,8354,209644,3268500
978,429,451,781573,8332,210095,3128400
979,440,449,781133,8323,210544,3379000
980,425,426,780708,8322,210970,3284600
981,437,410,780271,8349,211380,3127700
982,444,409,779827,8384,211789,3542700
983,447,404,779380,8427,212193,3307900
984,436,411,778944,8452,212604,2905600
985,459,415,778485,8496,213019,2893100
986,426,428,778059,8494,213447,2870200
987,446,456,777613,8484,213903,3038500
988,424,441,777189,8467,214344,2881000
989,417,441,776772,8443,214785,2853900
990,445,413,776327,8475,215198,2849300
991,427,420,775900,8482,215618,2872500
992,443,420,775457,8505,216038,3118800
993,418,444,775039,8479,216482,3021800
994,453,401,774586,8531,216883,2954100
995,413,416,774173,8528,217299,2913700
996,440,415,773733,8553,217714,2912100
997,458,454,773275,8557,218168,3020700
998,458,447,772817,8568,218615,2926800
999,430,480,772387,8518,219095,2989200
1000,447,373,771940,8592,219468,2979400
1001,443,496,771497,8539,219964,2943900
1002,442,436,771055,8545,220400,3161700
1003,413,438,770642,8520,220838,3244200
1004,450,393,770192,8577,221231,3106000
1005,477,454,769715,8600,221685,3057500
1006,442,423,769273,8619,222108,3014800
1007,460,446,768813,8633,222554,2977600
1008,468,414,768345,8687,222968,2974100
1009,418,450,767927,8655,223418,2971500
1010,453,427,767474,8681,223845,2914300
1011,435,434,767039,8682,224279,3325000
1012,456,428,766583,8710,224707,2952900
1013,426,457,766157,8679,225164,2921900
1014,481,453,765676,8707,225617,2970000
1015,415,441,765261,8681,226058,2956900
1016,501,374,764760,8808,226432,3228700
1017,474,423,764286,8859,226855,3206000
1018,460,470,763826,8849,227325,2913100
1019,465,427,763361,8887,227752,2870800
1020,462,413,762899,8936,228165,2837700
1021,473,453,762426,8956,228618,3125600
1022,418,460,762008,8914,229078,3343100
1023,472,423,761536,8963,229501,2914300
1024,411,465,761125,8909,229966,2875400
1025,436,474,760689,8871,230440,2904300
1026,451,441,760238,8881,230881,3166600
1027,425,471,759813,8835,231352,3294900
1028,434,461,759379,8808,231813,3036300
1029,430,448,758949,8790,232261,2922700
1030,435,438,758514,8787,232699,2906500
1031,493,457,758021,8823,233156,2888100
1032,413,475,757608,8761,233631,2821600
1033,438,471,757170,8728,234102,2842800
1034,442,450,756728,8720,234552,2912400
1035,440,470,756288,8690,235022,2929600
1036,462,459,755826,8693,235481,2918200
1037,405,424,755421,8674,235905,2865100
1038,402,434,755019,8642,236339,2794900
1039,429,463,754590,8608,236802,2784500
1040,420,452,754170,8576,237254,2769300
1041,445,431,753725,8590,237685,2811400
1042,438,425,753287,8603,238110,2751900
1043,431,441,752856,8593,238551,2777900
1044,427,450,752429,8570,239001,2730700
1045,444,469,751985,8545,239470,2793500
1046,463,440,751522,8568,239910,2705200
1047,464,405,751058,8627,240315,2822300
1048,424,418,750634,8633,240733,2787400
1049,438,432,750196,8639,241165,2757800
1050,441,448,749755,8632,241613,2731100
1051,460,410,749295,8682,242023,2778800
1052,463,453,748832,8692,242476,2778200
1053,447,460,748385,8679,242936,2858600
1054,462,430,747923,8711,243366,2809800
1055,471,424,747452,8758,243790,2785500
1056,457,411,746995,8804,244201,2794400
1057,439,447,746556,8796,244648,2803300
1058,446,436,746110,8806,245084,3060900
1059,392,451,745718,8747,245535,2971100
1060,453,433,745265,8767,245968,3053900
1061,441,438,744824,8770,246406,3229100
1062,414,443,744410,8741,246849,3344300
1063,446,417,743964,8770,247266,3342100
1064,454,458,743510,8766,247724,2884900
1065,395,445,743115,8716,248169,2856000
1066,451,448,742664,8719,248617,2791100
1067,438,471,742226,8686,249088,2766900
1068,464,434,741762,8716,249522,2765200
1069,478,444,741284,8750,249966,2786200
1070,420,448,740864,8722,250414,2725500
1071,459,414,740405,8767,250828,2763400
1072,449,428,739956,8788,251256,2743600
1073,464,486,739492,8766,251742,2844500
1074,452,418,739040,8800,252160,2785900
1075,465,435,738575,8830,252595,2840600
1076,468,454,738107,8844,253049,2821000
1077,460,436,737647,8868,253485,2781600
1078,431,438,737216,8861,253923,2888200
1079,445,410,736771,8896,254333,2968200
1080,463,471,736308,8888,254804,3085700
1081,439,450,735869,8877,255254,3041000
1082,450,449,735419,8878,255703,3001700
1083,472,450,734947,8900,256153,3053700
1084,443,441,734504,8902,256594,2992000
1085,463,460,734041,8905,257054,2964200
1086,467,468,733574,8904,257522,2848200
1087,426,450,733148,8880,257972,2824100
1088,492,471,732656,8901,258443,2842300
1089,419,435,732237,8885,258878,2840500
1090,454,417,731783,8922,259295,2805900
1091,505,461,731278,8966,259756,2818300
1092,415,460,730863,8921,260216,2765100
1093,442,423,730421,8940,260639,2783000
1094,486,431,729935,8995,261070,3082400
1095,449,475,729486,8969,261545,2993700
1096,468,466,729018,8971,262011,2861400
1097,460,452,728558,8979,262463,2857900
1098,462,438,728096,9003,262901,2863100
1099,455,426,727641,9032,263327,2880800
1100,423,446,727218,9009,263773,2859400
1101,449,453,726769,9005,264226,2920200
1102,424,449,726345,8980,264675,2930100
1103,461,415,725884,9026,265090,2933200
1104,488,447,725396,9067,265537,3076800
1105,472,490,724924,9049,266027,2864800
1106,483,468,724441,9064,266495,2858200
1107,462,494,723979,9032,266989,2808500
1108,467,449,723512,9050,267438,2853900
1109,456,456,723056,9050,267894,3130400
1110,482,444,722574,9088,268338,3354800
1111,487,472,722087,9103,268810,2819900
1112,474,453,721613,9124,269263,2851300
1113,476,472,721137,9128,269735,2790500
1114,472,442,720665,9158,270177,3043800
1115,468,449,720197,9177,270626,2858900
1116,473,483,719724,9167,271109,2780300
1117,473,440,719251,9200,271549,2925200
1118,458,478,718793,9180,272027,3256000
1119,512,444,718281,9248,272471,2794700
1120,473,464,717808,9257,272935,2848200
1121,490,452,717318,9295,273387,2822100
1122,459,468,716859,9286,273855,2957300
1123,531,480,716328,9337,274335,2912500
1124,490,498,715838,9329,274833,3003000
1125,512,430,715326,9411,275263,3559100
1126,506,459,714820,9458,275722,2882000
1127,498,494,714322,9462,276216,2851300
1128,495,479,713827,9478,276695,2797700
1129,499,501,713328,9476,277196,2753800
1130,505,452,712823,9529,277648,2917000
1131,478,518,712345,9489,278166,2809300
1132,474,456,711871,9507,278622,2798100
1133,485,493,711386,9499,279115,2761600
1134,507,487,710879,9519,279602,2779400
1135,522,499,710357,9542,280101,2855600
1136,490,479,709867,9553,280580,2810100
1137,515,464,709352,9604,281044,2775100
1138,559,504,708793,9659,281548,2794500
1139,484,466,708309,9677,282014,2760200
1140,453,480,707856,9650,282494,2838100
1141,519,487,707337,9682,282981,2875900
1142,523,483,706814,9722,283464,2826000
1143,525,493,706289,9754,283957,2792400
1144,549,488,705740,9815,284445,2773600
1145,528,490,705212,9853,284935,2860600
1146,494,490,704718,9857,285425,2985700
1147,473,489,704245,9841,285914,2951000
1148,544,480,703701,9905,286394,2899400
1149,509,516,703192,9898,286910,2856400
1150,537,536,702655,9899,287446,2818400
1151,486,514,702169,9871,287960,2926500
1152,492,499,701677,9864,288459,2809300
1153,532,469,701145,9927,288928,2804000
1154,490,480,700655,9937,289408,2789100
1155,490,466,700165,9961,289874,2792700
1156,496,471,699669,9986,290345,2874800
1157,493,513,699176,9966,290858,2822400
1158,484,518,698692,9932,291376,2820900
1159,511,477,698181,9966,291853,2787900
1160,505,495,697676,9976,292348,2784700
1161,516,502,697160,9990,292850,3212600
1162,505,507,696655,9988,293357,3017900
1163,482,445,696173,10025,293802,2922000
1164,494,481,695679,10038,294283,2884200
1165,520,499,695159,10059,294782,2888700
1166,479,521,694680,10017,295303,2930200
1167,498,471,694182,10044,295774,2864700
1168,497,544,693685,9997,296318,2891900
1169,503,498,693182,10002,296816,2944600
1170,501,482,692681,10021,297298,2874800
1171,507,500,692174,10028,297798,2921000
1172,512,516,691662,10024,298314,3254000
1173,506,543,691156,9987,298857,3237300
1174,477,456,690679,10008,299313,2884000
1175,497,518,690182,9987,299831,2902100
1176,479,538,689703,9928,300369,2791200
1177,510,471,689193,9967,300840,2848900
1178,509,508,688684,9968,301348,2819300
1179,528,507,688156,9989,301855,2808100
1180,523,506,687633,10006,302361,2777200
1181,512,458,687121,10060,302819,2823100
1182,491,465,686630,10086,303284,2842300
1183,525,441,686105,10170,303725,2966600
1184,515,487,685590,10198,304212,2841700
1185,524,504,685066,10218,304716,2817700
1186,489,498,684577,10209,305214,2824000
1187,475,533,684102,10151,305747,2936400
1188,497,471,683605,10177,306218,2919300
1189,484,490,683121,10171,306708,2835600
1190,490,546,682631,10115,307254,2889900
1191,517,527,682114,10105,307781,2917800
1192,505,490,681609,10120,308271,2936900
1193,513,516,681096,10117,308787,2918200
1194,509,537,680587,10089,309324,2863400
1195,531,516,680056,10104,309840,2856700
1196,553,512,679503,10145,310352,2844200
1197,512,480,678991,10177,310832,2800800
1198,528,486,678463,10219,311318,3322300
1199,526,490,677937,10255,311808,2900900
1200,546,539,677391,10262,312347,2851800
1201,475,503,676916,10234,312850,2859600
1202,508,520,676408,10222,313370,2806500
1203,539,527,675869,10234,313897,2997000
1204,499,514,675370,10219,314411,2912400
1205,539,516,674831,10242,314927,3317100
1206,534,518,674297,10258,315445,3212800
1207,528,492,673769,10294,315937,3056000
1208,563,521,673206,10336,316458,3124100
1209,529,506,672677,10359,316964,2991500
1210,567,470,672110,10456,317434,2973500
1211,539,500,671571,10495,317934,2977100
1212,510,546,671061,10459,318480,2943900
1213,499,520,670562,10438,319000,3077800
1214,545,500,670017,10483,319500,3028800
1215,528,578,669489,10433,320078,3015700
1216,533,520,668956,10446,320598,2949600
1217,513,485,668443,10474,321083,2936100
1218,527,510,667916,10491,321593,3558400
1219,509,539,667407,10461,322132,3365600
1220,536,496,666871,10501,322628,2851100
1221,509,508,666362,10502,323136,2877300
1222,550,500,665812,10552,323636,2809900
1223,538,526,665274,10564,324162,2884100
1224,564,521,664710,10607,324683,2847900
1225,535,585,664175,10557,325268,2852000
1226,534,530,663641,10561,325798,2803700
1227,513,555,663128,10519,326353,2804600
1228,512,487,662616,10544,326840,2864700
1229,519,550,662097,10513,327390,2824800
1230,550,500,661547,10563,327890,2845300
1231,511,523,661036,10551,328413,2839900
1232,504,527,660532,10528,328940,2836300
1233,516,512,660016,10532,329452,3043300
1234,535,565,659481,10502,330017,3089500
1235,544,535,658937,10511,330552,3056900
1236,545,503,658392,10553,331055,2956700
1237,534,537,657858,10550,331592,2920000
1238,551,534,657307,10567,332126,3100400
1239,562,500,656745,10629,332626,3062500
1240,553,521,656192,10661,333147,3068700
1241,537,569,655655,10629,333716,3020400
1242,503,533,655152,10599,334249,2902100
1243,534,502,654618,10631,334751,2942400
1244,527,511,654091,10647,335262,2962600
1245,531,498,653560,10680,335760,2914300
1246,536,528,653024,10688,336288,2847600
1247,532,483,652492,10737,336771,2845900
1248,557,534,651935,10760,337305,2829000
1249,597,501,651338,10856,337806,2917900
1250,548,519,650790,10885,338325,2858800
1251,540,616,650250,10809,338941,2849300
1252,538,520,649712,10827,339461,2839700
1253,522,541,649190,10808,340002,2823500
1254,530,536,648660,10802,340538,3042600
1255,532,526,648128,10808,341064,3422500
1256,580,554,647548,10834,341618,3333400
1257,536,534,647012,10836,342152,3242700
1258,573,560,646439,10849,342712,3144700
1259,547,561,645892,10835,343273,3193200
1260,516,532,645376,10819,343805,3085200
1261,546,527,644830,10838,344332,3074300
1262,500,540,644330,10798,344872,2980600
1263,511,557,643819,10752,345429,2951800
1264,537,538,643282,10751,345967,2998900
1265,558,533,642724,10776,346500,2978200
1266,576,545,642148,10807,347045,2911800
1267,569,512,641579,10864,347557,2895400
1268,544,517,641035,10891,348074,2862000
1269,540,552,640495,10879,348626,2988200
1270,539,516,639956,10902,349142,2946200
1271,539,571,639417,10870,349713,2873300
1272,548,553,638869,10865,350266,2945100
1273,581,544,638288,10902,350810,2951900
1274,595,544,637693,10953,351354,2970900
1275,544,550,637149,10947,351904,2891900
1276,547,516,636602,10978,352420,2885800
1277,537,541,636065,10974,352961,2963500
1278,565,582,635500,10957,353543,2923200
1279,581,524,634919,11014,354067,3291200
1280,546,593,634373,10967,354660,3398600
1281,559,526,633814,11000,355186,3008600
1282,535,572,633279,10963,355758,2922800
1283,564,541,632715,10986,356299,2877600
1284,495,536,632220,10945,356835,2861700
1285,539,552,631681,10932,357387,2896700
1286,536,537,631145,10931,357924,2881800
1287,532,547,630613,10916,358471,2864300
1288,533,591,630080,10858,359062,2835900
1289,568,519,629512,10907,359581,2836400
1290,527,522,628985,10912,360103,3048400
1291,551,537,628434,10926,360640,2894000
1292,550,541,627884,10935,361181,2852900
1293,571,556,627313,10950,361737,2838800
1294,538,624,626775,10864,362361,2862000
1295,552,546,626223,10870,362907,2920800
1296,548,554,625675,10864,363461,3091100
1297,563,533,625112,10894,363994,3481000
1298,571,531,624541,10934,364525,3417500
1299,559,508,623982,10985,365033,3459200
1300,566,546,623416,11005,365579,11293000
1301,565,564,622851,11006,366143,5763500
1302,588,577,622263,11017,366720,4581000
1303,589,542,621674,11064,367262,12068700
1304,566,559,621108,11071,367821,5251000
1305,553,575,620555,11049,368396,4488900
1306,516,565,620039,11000,368961,3844100
1307,534,568,619505,10966,369529,3640600
1308,542,562,618963,10946,370091,3400200
1309,531,512,618432,10965,370603,4258000
1310,561,520,617871,11006,371123,5099600
1311,570,516,617301,11060,371639,3569000
1312,565,567,616736,11058,372206,3624000
1313,568,517,616168,11109,372723,3413000
1314,577,550,615591,11136,373273,3314500
1315,529,576,615062,11089,373849,3279500
1316,517,567,614545,11039,374416,3457400
1317,590,557,613955,11072,374973,3213300
1318,584,535,613371,11121,375508,3316900
1319,565,569,612806,11117,376077,3335200
1320,593,535,612213,11175,376612,3233600
1321,578,537,611635,11216,377149,3154600
1322,582,584,611053,11214,377733,3087400
1323,608,581,610445,11241,378314,3007700
1324,574,611,609871,11204,378925,3090300
1325,540,524,609331,11220,379449,3010000
1326,570,532,608761,11258,379981,2973700
1327,535,558,608226,11235,380539,2978300
1328,523,544,607703,11214,381083,2917200
1329,558,608,607145,11164,381691,2980900
1330,562,533,606583,11193,382224,2999100
1331,557,547,606026,11203,382771,3014400
1332,469,586,605557,11086,383357,2967000
1333,563,539,604994,11110,383896,2996300
1334,557,538,604437,11129,384434,2966300
1335,550,546,603887,11133,384980,3037800
1336,564,544,603323,11153,385524,2940700
1337,554,549,602769,11158,386073,2941300
1338,525,610,602244,11073,386683,3010300
1339,559,570,601685,11062,387253,2954300
1340,586,543,601099,11105,387796,3623300
1341,517,537,600582,11085,388333,3368800
1342,624,541,599958,11168,388874,3222500
1343,556,529,599402,11195,389403,3115400
1344,553,580,598849,11168,389983,3060700
1345,548,562,598301,11154,390545,3109200
1346,546,551,597755,11149,391096,3037700
1347,552,535,597203,11166,391631,2972400
1348,582,521,596621,11227,392152,2937900
1349,558,531,596063,11254,392683,2908900
1350,567,541,595496,11280,393224,2980900
1351,554,540,594942,11294,393764,2959000
1352,611,546,594331,11359,394310,2895100
1353,603,579,593728,11383,394889,2945800
1354,526,551,593202,11358,395440,3045200
1355,557,568,592645,11347,396008,3094500
1356,555,509,592090,11393,396517,3090900
1357,587,569,591503,11411,397086,3030900
1358,568,566,590935,11413,397652,3128100
1359,586,573,590349,11426,398225,3573200
1360,557,557,589792,11426,398782,3589600
1361,547,571,589245,11402,399353,3261500
1362,557,614,588688,11345,399967,3209400
1363,520,612,588168,11253,400579,3141900
1364,549,573,587619,11229,401152,3144400
1365,562,566,587057,11225,401718,3226100
1366,555,555,586502,11225,402273,3130100
1367,546,570,585956,11201,402843,3101500
1368,577,525,585379,11253,403368,3087500
1369,549,539,584830,11263,403907,3203600
1370,582,542,584248,11303,404449,3089500
1371,572,539,583676,11336,404988,3052200
1372,579,556,583097,11359,405544,3064700
1373,574,583,582523,11350,406127,3044300
1374,601,572,581922,11379,406699,3419600
1375,598,584,581324,11393,407283,3249800
1376,589,562,580735,11420,407845,3223300
1377,572,573,580163,11419,408418,3128400
1378,580,563,579583,11436,408981,3095400
1379,597,574,578986,11459,409555,4212000
1380,662,557,578324,11564,410112,3232800
1381,602,563,577722,11603,410675,3092000
1382,633,604,577089,11632,411279,3078900
1383,564,592,576525,11604,411871,3061300
1384,625,612,575900,11617,412483,3079200
1385,603,556,575297,11664,413039,3072500
1386,592,582,574705,11674,413621,3394100
1387,573,586,574132,11661,414207,3312500
1388,573,556,573559,11678,414763,3375100
1389,565,566,572994,11677,415329,3274700
1390,586,572,572408,11691,415901,3269000
1391,570,604,571838,11657,416505,3151100
1392,597,605,571241,11649,417110,3164700
1393,596,615,570645,11630,417725,3257900
1394,558,596,570087,11592,418321,3182600
1395,597,597,569490,11592,418918,3169000
1396,603,588,568887,11607,419506,3226400
1397,560,544,568327,11623,420050,3279100
1398,605,567,567722,11661,420617,3603000
1399,613,627,567109,11647,421244,3120800
1400,621,622,566488,11646,421866,3057900
1401,620,562,565868,11704,422428,3035100
1402,617,586,565251,11735,423014,3105000
1403,632,630,564619,11737,423644,3175000
1404,576,599,564043,11714,424243,3155300
1405,611,615,563432,11710,424858,3220900
1406,627,633,562805,11704,425491,3303500
1407,576,556,562229,11724,426047,3547100
1408,602,576,561627,11750,426623,3576700
1409,547,594,561080,11703,427217,3389200
1410,615,614,560465,11704,427831,3198300
1411,598,597,559867,11705,428428,3213300
1412,619,561,559248,11763,428989,3204800
1413,619,601,558629,11781,429590,3074700
1414,618,612,558011,11787,430202,3091000
1415,610,599,557401,11798,430801,3109600
1416,618,613,556783,11803,431414,3199800
1417,584,598,556199,11789,432012,3398900
1418,592,565,555607,11816,432577,3314100
1419,615,579,554992,11852,433156,3028200
1420,586,585,554406,11853,433741,3043800
1421,624,578,553782,11899,434319,3030700
1422,598,590,553184,11907,434909,2988200
1423,612,549,552572,11970,435458,3020500
1424,637,580,551935,12027,436038,2978100
1425,631,606,551304,12052,436644,3000900
1426,611,619,550693,12044,437263,2973000
1427,619,625,550074,12038,437888,3113800
1428,611,585,549463,12064,438473,2996400
1429,609,604,548854,12069,439077,2937800
1430,596,604,548258,12061,439681,3150800
1431,621,656,547637,12026,440337,3340500
1432,640,595,546997,12071,440932,3316300
1433,571,616,546426,12026,441548,3459600
1434,634,594,545792,12066,442142,3263500
1435,610,608,545182,12068,442750,3230200
1436,591,578,544591,12081,443328,3216100
1437,627,577,543964,12131,443905,3194200
1438,595,613,543369,12113,444518,3099600
1439,625,595,542744,12143,445113,3057200
1440,624,645,542120,12122,445758,3021600
1441,617,560,541503,12179,446318,3105500
1442,632,660,540871,12151,446978,2979600
1443,665,602,540206,12214,447580,2957300
1444,640,640,539566,12214,448220,2989400
1445,613,622,538953,12205,448842,3133900
1446,640,610,538313,12235,449452,3700500
1447,613,626,537700,12222,450078,3240100
1448,591,617,537109,12196,450695,3142800
1449,615,623,536494,12188,451318,3134500
1450,638,587,535856,12239,451905,3043800
1451,579,630,535277,12188,452535,3077000
1452,664,640,534613,12212,453175,2983200
1453,605,599,534008,12218,453774,2995000
1454,626,595,533382,12249,454369,2966700
1455,611,634,532771,12226,455003,2933000
1456,638,638,532133,12226,455641,3315200
1457,603,588,531530,12241,456229,3014400
1458,605,660,530925,12186,456889,3101600
1459,633,610,530292,12209,457499,3075000
1460,632,601,529660,12240,458100,3024200
1461,643,662,529017,12221,458762,3517900
1462,629,606,528388,12244,459368,3449200
1463,597,633,527791,12208,460001,3065400
1464,636,596,527155,12248,460597,3122000
1465,602,585,526553,12265,461182,3042000
1466,634,574,525919,12325,461756,3789300
1467,582,615,525337,12292,462371,2962800
1468,583,623,524754,12252,462994,2965000
1469,596,600,524158,12248,463594,2938600
1470,591,672,523567,12167,464266,2886300
1471,614,628,522953,12153,464894,3234300
1472,598,575,522355,12176,465469,3309300
1473,641,584,521714,12233,466053,3111200
1474,610,663,521104,12180,466716,3070800
1475,648,584,520456,12244,467300,3028500
1476,593,570,519863,12267,467870,3005500
1477,595,611,519268,12251,468481,2972600
1478,634,636,518634,12249,469117,3068900
1479,637,574,517997,12312,469691,2988000
1480,614,639,517383,12287,470330,3079000
1481,636,649,516747,12274,470979,3179000
1482,623,637,516124,12260,471616,3011100
1483,592,588,515532,12264,472204,3009300
1484,596,633,514936,12227,472837,2928000
1485,614,610,514322,12231,473447,2960100
1486,582,623,513740,12190,474070,3026200
1487,622,630,513118,12182,474700,3022400
1488,599,635,512519,12146,475335,2969700
1489,643,654,511876,12135,475989,2931700
1490,657,639,511219,12153,476628,3182100
1491,623,613,510596,12163,477241,3845400
1492,652,571,509944,12244,477812,3369000
1493,652,641,509292,12255,478453,3099300
1494,588,609,508704,12234,479062,3071900
1495,611,592,508093,12253,479654,3001000
1496,592,590,507501,12255,480244,3059300
1497,620,559,506881,12316,480803,2974300
1498,661,609,506220,12368,481412,2985400
1499,664,641,505556,12391,482053,3019300
1500,631,589,504925,12433,482642,2976800
1501,647,634,504278,12446,483276,3203100
1502,668,619,503610,12495,483895,3162400
1503,650,651,502960,12494,484546,3100400
1504,650,638,502310,12506,485184,3045600
1505,587,619,501723,12474,485803,3000300
1506,651,626,501072,12499,486429,3273500
1507,655,600,500417,12554,487029,3589600
1508,669,657,499748,12566,487686,3295000
1509,674,627,499074,12613,488313,3197700
1510,632,626,498442,12619,488939,3653400
1511,667,657,497775,12629,489596,3364900
1512,634,595,497141,12668,490191,3143500
1513,660,632,496481,12696,490823,3163700
1514,636,658,495845,12674,491481,3127500
1515,622,616,495223,12680,492097,3113100
1516,643,605,494580,12718,492702,3265000
1517,644,608,493936,12754,493310,3462900
1518,628,617,493308,12765,493927,4011000
1519,640,647,492668,12758,494574,3391300
1520,673,661,491995,12770,495235,3303800
1521,634,634,491361,12770,495869,3234800
1522,652,618,490709,12804,496487,3259600
1523,611,649,490098,12766,497136,3173200
1524,683,642,489415,12807,497778,3055900
1525,687,630,488728,12864,498408,3152600
1526,657,619,488071,12902,499027,3130900
1527,671,636,487400,12937,499663,3094500
1528,641,616,486759,12962,500279,3125400
1529,646,630,486113,12978,500909,3200600
1530,688,678,485425,12988,501587,3961800
1531,643,632,484782,12999,502219,3060100
1532,687,627,484095,13059,502846,3031900
1533,706,647,483389,13118,503493,2933200
1534,665,671,482724,13112,504164,2938200
1535,683,647,482041,13148,504811,3330100
1536,650,669,481391,13129,505480,3003200
1537,684,637,480707,13176,506117,3046900
1538,673,633,480034,13216,506750,2988400
1539,666,656,479368,13226,507406,2981700
1540,666,663,478702,13229,508069,3029900
1541,637,671,478065,13195,508740,3092200
1542,616,643,477449,13168,509383,3064400
1543,674,625,476775,13217,510008,3191300
1544,648,636,476127,13229,510644,3174200
1545,656,655,475471,13230,511299,3128200
1546,644,639,474827,13235,511938,3067500
1547,617,667,474210,13185,512605,2986700
1548,627,671,473583,13141,513276,3095800
1549,615,647,472968,13109,513923,3695300
1550,657,700,472311,13066,514623,3428400
1551,646,631,471665,13081,515254,3267300
1552,671,635,470994,13117,515889,3298800
1553,661,660,470333,13118,516549,3164600
1554,703,681,469630,13140,517230,3115900
1555,658,673,468972,13125,517903,3098900
1556,645,633,468327,13137,518536,3043400
1557,649,638,467678,13148,519174,3019200
1558,672,705,467006,13115,519879,3023100
1559,623,654,466383,13084,520533,2964100
1560,641,641,465742,13084,521174,3623900
1561,639,663,465103,13060,521837,3501200
1562,650,654,464453,13056,522491,3161500
1563,663,649,463790,13070,523140,3106500
1564,625,615,463165,13080,523755,3066400
1565,655,654,462510,13081,524409,3208900
1566,638,651,461872,13068,525060,3186000
1567,643,616,461229,13095,525676,3297500
1568,691,626,460538,13160,526302,3098800
1569,657,660,459881,13157,526962,3107100
1570,657,681,459224,13133,527643,3075300
1571,692,679,458532,13146,528322,3004700
1572,657,629,457875,13174,528951,3008400
1573,656,639,457219,13191,529590,2971300
1574,625,691,456594,13125,530281,3013900
1575,620,679,455974,13066,530960,2967200
1576,634,636,455340,13064,531596,3012800
1577,621,614,454719,13071,532210,2994600
1578,622,644,454097,13049,532854,2946000
1579,611,655,453486,13005,533509,2930500
1580,624,647,452862,12982,534156,3045900
1581,585,666,452277,12901,534822,2961500
1582,646,641,451631,12906,535463,3034400
1583,620,654,451011,12872,536117,3043300
1584,633,660,450378,12845,536777,3006600
1585,612,615,449766,12842,537392,3417600
1586,642,641,449124,12843,538033,3151600
1587,626,669,448498,12800,538702,3099600
1588,623,635,447875,12788,539337,3017700
1589,629,647,447246,12770,539984,3021700
1590,575,634,446671,12711,540618,3027800
1591,627,661,446044,12677,541279,2967700
1592,607,604,445437,12680,541883,3210100
1593,602,642,444835,12640,542525,3371400
1594,636,609,444199,12667,543134,3651600
1595,636,660,443563,12643,543794,3496200
1596,690,601,442873,12732,544395,3138200
1597,649,661,442224,12720,545056,3353700
1598,647,661,441577,12706,545717,3315200
1599,620,631,440957,12695,546348,3341200
1600,624,613,440333,12706,546961,3230400
1601,628,620,439705,12714,547581,3228300
1602,637,633,439068,12718,548214,3200200
1603,629,639,438439,12708,548853,3203700
1604,659,660,437780,12707,549513,3923100
1605,613,641,437167,12679,550154,3510700
1606,626,638,436541,12667,550792,3410700
1607,610,664,435931,12613,551456,3441100
1608,620,671,435311,12562,552127,3347400
1609,606,648,434705,12520,552775,3440500
1610,628,645,434077,12503,553420,3427800
1611,624,588,433453,12539,554008,3320100
1612,615,630,432838,12524,554638,3514200
1613,613,608,432225,12529,555246,3706900
1614,612,614,431613,12527,555860,3394900
1615,617,663,430996,12481,556523,3371300
1616,594,580,430402,12495,557103,3513200
1617,625,601,429777,12519,557704,4217300
1618,650,620,429127,12549,558324,3465200
1619,609,686,428518,12472,559010,3328600
1620,636,639,427882,12469,559649,3270500
1621,652,625,427230,12496,560274,3359500
1622,647,617,426583,12526,560891,3674100
1623,656,661,425927,12521,561552,3088600
1624,609,598,425318,12532,562150,3068900
1625,619,612,424699,12539,562762,3176800
1626,575,629,424124,12485,563391,3355400
1627,628,604,423496,12509,563995,3443600
1628,631,660,422865,12480,564655,3053800
1629,624,636,422241,12468,565291,3006400
1630,619,635,421622,12452,565926,2993100
1631,557,596,421065,12413,566522,3326000
1632,577,623,420488,12367,567145,3518200
1633,604,620,419884,12351,567765,2993500
1634,647,540,419237,12458,568305,2937800
1635,583,575,418654,12466,568880,2972100
1636,648,639,418006,12475,569519,3077700
1637,619,667,417387,12427,570186,3126300
1638,596,605,416791,12418,570791,3055800
1639,600,631,416191,12387,571422,2985800
1640,660,650,415531,12397,572072,3012700
1641,632,613,414899,12416,572685,3045100
1642,571,641,414328,12346,573326,3041800
1643,647,579,413681,12414,573905,3015100
1644,653,589,413028,12478,574494,3181300
1645,647,659,412381,12466,575153,3102200
1646,641,622,411740,12485,575775,3196200
1647,590,635,411150,12440,576410,3171400
1648,625,657,410525,12408,577067,3070700
1649,621,586,409904,12443,577653,3028600
1650,610,598,409294,12455,578251,3022700
1651,623,627,408671,12451,578878,3863700
1652,599,611,408072,12439,579489,3147600
1653,634,615,407438,12458,580104,3003200
1654,616,635,406822,12439,580739,2980900
1655,579,637,406243,12381,581376,2958500
1656,613,627,405630,12367,582003,3057200
1657,644,603,404986,12408,582606,2974900
1658,613,629,404373,12392,583235,2998500
1659,598,642,403775,12348,583877,3007400
1660,644,619,403131,12373,584496,4461300
1661,629,606,402502,12396,585102,4071600
1662,612,639,401890,12369,585741,4215800
1663,607,599,401283,12377,586340,4047400
1664,622,607,400661,12392,586947,4409700
1665,572,614,400089,12350,587561,3838700
1666,598,631,399491,12317,588192,3536700
1667,628,611,398863,12334,588803,3541700
1668,595,620,398268,12309,589423,3618100
1669,622,643,397646,12288,590066,3663100
1670,615,595,397031,12308,590661,3725200
1671,640,623,396391,12325,591284,4623800
1672,589,624,395802,12290,591908,4093500
1673,635,640,395167,12285,592548,4622300
1674,605,649,394562,12241,593197,4437400
1675,583,575,393979,12249,593772,3984700
1676,617,631,393362,12235,594403,4224200
1677,657,606,392705,12286,595009,3966300
1678,631,640,392074,12277,595649,3937800
1679,672,657,391402,12292,596306,3635400
1680,634,580,390768,12346,596886,4063100
1681,618,608,390150,12356,597494,3517500
1682,645,602,389505,12399,598096,3539600
1683,600,603,388905,12396,598699,3344000
1684,612,618,388293,12390,599317,3540000
1685,635,589,387658,12436,599906,3301800
1686,638,572,387020,12502,600478,3165900
1687,638,654,386382,12486,601132,3141100
1688,642,638,385740,12490,601770,3102900
1689,654,639,385086,12505,602409,3247500
1690,642,636,384444,12511,603045,3237100
1691,619,618,383825,12512,603663,3140000
1692,603,632,383222,12483,604295,3113900
1693,614,573,382608,12524,604868,3247400
1694,633,655,381975,12502,605523,3530800
1695,626,633,381349,12495,606156,3442200
1696,650,621,380699,12524,606777,3290800
1697,672,615,380027,12581,607392,3304500
1698,644,647,379383,12578,608039,3245700
1699,647,653,378736,12572,608692,3525000
1700,630,622,378106,12580,609314,3613100
1701,632,623,377474,12589,609937,3343000
1702,657,647,376817,12599,610584,3313700
1703,594,649,376223,12544,611233,3302600
1704,619,651,375604,12512,611884,3284400
1705,679,644,374925,12547,612528,3248100
1706,620,613,374305,12554,613141,3234700
1707,629,628,373676,12555,613769,3148500
1708,657,601,373019,12611,614370,3135300
1709,605,644,372414,12572,615014,3232900
1710,603,617,371811,12558,615631,3161800
1711,676,643,371135,12591,616274,3143100
1712,629,672,370506,12548,616946,3078800
1713,629,619,369877,12558,617565,3561000
1714,630,623,369247,12565,618188,3137500
1715,626,604,368621,12587,618792,3284400
1716,601,659,368020,12529,619451,3263200
1717,629,656,367391,12502,620107,3203400
1718,629,615,366762,12516,620722,3542700
1719,587,675,366175,12428,621397,3442500
1720,545,678,365630,12295,622075,3378000
1721,618,587,365012,12326,622662,3433000
1722,581,617,364431,12290,623279,3412700
1723,606,667,363825,12229,623946,3424400
1724,622,605,363203,12246,624551,3415000
1725,578,562,362625,12262,625113,3404900
1726,626,614,361999,12274,625727,3413600
1727,562,628,361437,12208,626355,3382000
1728,609,653,360828,12164,627008,3279700
1729,625,609,360203,12180,627617,3417500
1730,601,637,359602,12144,628254,3297400
1731,657,609,358945,12192,628863,3448600
1732,604,578,358341,12218,629441,3679200
1733,611,567,357730,12262,630008,3271800
1734,629,590,357101,12301,630598,3238400
1735,616,587,356485,12330,631185,3170300
1736,649,577,355836,12402,631762,3283600
1737,627,623,355209,12406,632385,3271700
1738,626,630,354583,12402,633015,3216700
1739,654,584,353929,12472,633599,3232700
1740,635,597,353294,12510,634196,3204700
1741,625,612,352669,12523,634808,3270500
1742,604,617,352065,12510,635425,3192400
1743,599,657,351466,12452,636082,3187800
1744,647,633,350819,12466,636715,4071200
1745,626,630,350193,12462,637345,4281400
1746,636,563,349557,12535,637908,3368300
1747,622,616,348935,12541,638524,3305100
1748,624,641,348311,12524,639165,3246100
1749,595,629,347716,12490,639794,3201000
1750,629,608,347087,12511,640402,3305000
1751,610,650,346477,12471,641052,3240900
1752,639,649,345838,12461,641701,3210300
1753,597,621,345241,12437,642322,3182400
1754,603,610,344638,12430,642932,3290100
1755,595,597,344043,12428,643529,3244700
1756,580,628,343463,12380,644157,3154200
1757,609,631,342854,12358,644788,3187900
1758,635,646,342219,12347,645434,3151400
1759,605,621,341614,12331,646055,3193000
1760,618,660,340996,12289,646715,3312100
1761,620,625,340376,12284,647340,3273000
1762,611,612,339765,12283,647952,3377900
1763,614,590,339151,12307,648542,3389300
1764,614,588,338537,12333,649130,3567900
1765,629,658,337908,12304,649788,3370900
1766,638,589,337270,12353,650377,3389100
1767,659,611,336611,12401,650988,3270900
1768,617,642,335994,12376,651630,3319100
1769,646,612,335348,12410,652242,3648700
1770,613,634,334735,12389,652876,3591600
1771,631,598,334104,12422,653474,3602100
1772,609,593,333495,12438,654067,3501400
1773,644,639,332851,12443,654706,3693900
1774,606,581,332245,12468,655287,3964000
1775,626,610,331619,12484,655897,3472100
1776,626,592,330993,12518,656489,3424600
1777,605,582,330388,12541,657071,3800400
1778,652,617,329736,12576,657688,3804000
1779,660,648,329076,12588,658336,3748500
1780,658,661,328418,12585,658997,3575000
1781,657,644,327761,12598,659641,3844600
1782,621,637,327140,12582,660278,3624300
1783,636,631,326504,12587,660909,3467500
1784,629,684,325875,12532,661593,3622500
1785,608,616,325267,12524,662209,3800100
1786,619,620,324648,12523,662829,3853300
1787,584,641,324064,12466,663470,3871500
1788,587,598,323477,12455,664068,3761700
1789,621,591,322856,12485,664659,4162900
1790,627,632,322229,12480,665291,4944300
1791,614,712,321615,12382,666003,3805000
1792,634,658,320981,12358,666661,3505900
1793,594,625,320387,12327,667286,3792600
1794,610,609,319777,12328,667895,3394300
1795,623,613,319154,12338,668508,3308200
1796,640,600,318514,12378,669108,3272700
1797,609,624,317905,12363,669732,3315200
1798,615,609,317290,12369,670341,3289800
1799,635,635,316655,12369,670976,3433500
1800,608,609,316047,12368,671585,3116700
1801,572,578,315475,12362,672163,3094100
1802,569,623,314906,12308,672786,3142400
1803,610,622,314296,12296,673408,3108700
1804,620,619,313676,12297,674027,3080100
1805,582,665,313094,12214,674692,3095800
1806,585,594,312509,12205,675286,3108900
1807,604,601,311905,12208,675887,3013800
1808,613,585,311292,12236,676472,3588600
1809,608,622,310684,12222,677094,3117900
1810,630,601,310054,12251,677695,2990800
1811,591,605,309463,12237,678300,3038700
1812,620,660,308843,12197,678960,3096100
1813,569,578,308274,12188,679538,3276800
1814,585,631,307689,12142,680169,3442000
1815,626,582,307063,12186,680751,2983500
1816,635,659,306428,12162,681410,2954700
1817,593,602,305835,12153,682012,4304900
1818,623,608,305212,12168,682620,4368600
1819,613,602,304599,12179,683222,3902400
1820,650,606,303949,12223,683828,3664900
1821,613,589,303336,12247,684417,3883000
1822,612,560,302724,12299,684977,3497900
1823,611,629,302113,12281,685606,3684600
1824,568,638,301545,12211,686244,3234400
1825,617,622,300928,12206,686866,3597000
1826,618,636,300310,12188,687502,3520600
1827,593,609,299717,12172,688111,3296600
1828,562,622,299155,12112,688733,3338000
1829,561,630,298594,12043,689363,3253400
1830,584,564,298010,12063,689927,3759500
1831,576,571,297434,12068,690498,3295000
1832,580,602,296854,12046,691100,3334600
1833,625,605,296229,12066,691705,3170600
1834,584,629,295645,12021,692334,3364700
1835,608,598,295037,12031,692932,3879400
1836,631,604,294406,12058,693536,3446400
1837,611,623,293795,12046,694159,3228900
1838,599,559,293196,12086,694718,3125300
1839,610,627,292586,12069,695345,3605100
1840,583,594,292003,12058,695939,3435200
1841,616,573,291387,12101,696512,3090500
1842,615,598,290772,12118,697110,3010200
1843,614,597,290158,12135,697707,2963900
1844,635,595,289523,12175,698302,3521900
1845,628,603,288895,12200,698905,2943400
1846,628,611,288267,12217,699516,3017700
1847,666,646,287601,12237,700162,2928700
1848,681,636,286920,12282,700798,2925200
1849,626,623,286294,12285,701421,2938300
1850,668,581,285626,12372,702002,3012700
1851,622,643,285004,12351,702645,3093600
1852,657,616,284347,12392,703261,2976800
1853,622,576,283725,12438,703837,2968000
1854,660,616,283065,12482,704453,3303800
1855,640,598,282425,12524,705051,3476700
1856,619,623,281806,12520,705674,3253500
1857,629,628,281177,12521,706302,3103600
1858,614,602,280563,12533,706904,3017600
1859,621,625,279942,12529,707529,3386400
1860,644,622,279298,12551,708151,3447700
1861,653,650,278645,12554,708801,3360700
1862,652,599,277993,12607,709400,17276300
1863,610,624,277383,12593,710024,4479700
1864,646,618,276737,12621,710642,4575000
1865,667,622,276070,12666,711264,4913800
1866,688,596,275382,12758,711860,4230200
1867,625,628,274757,12755,712488,3776200
1868,604,621,274153,12738,713109,6995800
1869,621,640,273532,12719,713749,3865800
1870,621,655,272911,12685,714404,3906900
1871,675,660,272236,12700,715064,4194400
1872,620,657,271616,12663,715721,3528200
1873,627,621,270989,12669,716342,3622600
1874,636,686,270353,12619,717028,3691700
1875,620,634,269733,12605,717662,4020700
1876,603,623,269130,12585,718285,4237200
1877,596,617,268534,12564,718902,4619500
1878,607,635,267927,12536,719537,3765100
1879,612,583,267315,12565,720120,3658100
1880,617,647,266698,12535,720767,3655900
1881,589,612,266109,12512,721379,3489800
1882,611,650,265498,12473,722029,3492900
1883,602,614,264896,12461,722643,3626700
1884,648,635,264248,12474,723278,3427700
1885,610,638,263638,12446,723916,3401600
1886,587,584,263051,12449,724500,3322000
1887,641,610,262410,12480,725110,3368200
1888,598,610,261812,12468,725720,3719100
1889,620,623,261192,12465,726343,3467100
1890,621,644,260571,12442,726987,3490200
1891,592,623,259979,12411,727610,3851000
1892,609,610,259370,12410,728220,3371700
1893,615,628,258755,12397,728848,3409400
1894,634,623,258121,12408,729471,3583200
1895,636,589,257485,12455,730060,3808800
1896,608,615,256877,12448,730675,3791100
1897,605,633,256272,12420,731308,3699500
1898,592,652,255680,12360,731960,3593900
1899,664,580,255016,12444,732540,3790200
1900,614,651,254402,12407,733191,3670700
1901,611,632,253791,12386,733823,3414300
1902,622,587,253169,12421,734410,3404800
1903,598,594,252571,12425,735004,3401300
1904,612,628,251959,12409,735632,3591700
1905,593,613,251366,12389,736245,3823900
1906,585,602,250781,12372,736847,3344800
1907,583,611,250198,12344,737458,3289100
1908,629,593,249569,12380,738051,3274200
1909,596,601,248973,12375,738652,3315800
1910,592,577,248381,12390,739229,3281000
1911,624,606,247757,12408,739835,3191300
1912,614,613,247143,12409,740448,3173500
1913,616,612,246527,12413,741060,3696600
1914,605,668,245922,12350,741728,3292100
1915,615,620,245307,12345,742348,3367500
1916,582,598,244725,12329,742946,3212000
1917,590,592,244135,12327,743538,3218900
1918,598,648,243537,12277,744186,3302900
1919,614,603,242923,12288,744789,3164300
1920,607,626,242316,12269,745415,3203500
1921,583,564,241733,12288,745979,3257300
1922,586,640,241147,12234,746619,3171800
1923,597,628,240550,12203,747247,3195600
1924,566,598,239984,12171,747845,4065800
1925,579,632,239405,12118,748477,4060300
1926,590,644,238815,12064,749121,3453200
1927,577,624,238238,12017,749745,3364400
1928,566,605,237672,11978,750350,3282300
1929,587,600,237085,11965,750950,3278200
1930,622,558,236463,12029,751508,3203100
1931,560,547,235903,12042,752055,3130100
1932,608,613,235295,12037,752668,3624300
1933,572,582,234723,12027,753250,3248800
1934,594,598,234129,12023,753848,3302000
1935,594,560,233535,12057,754408,3466100
1936,564,599,232971,12022,755007,3628000
1937,558,602,232413,11978,755609,3589200
1938,558,581,231855,11955,756190,3315600
1939,615,597,231240,11973,756787,3176900
1940,572,600,230668,11945,757387,3130500
1941,594,632,230074,11907,758019,3781700
1942,589,601,229485,11895,758620,3152300
1943,579,577,228906,11897,759197,3122600
1944,577,648,228329,11826,759845,3105300
1945,592,533,227737,11885,760378,3431000
1946,597,596,227140,11886,760974,3375300
1947,562,592,226578,11856,761566,3166000
1948,553,598,226025,11811,762164,3088600
1949,552,558,225473,11805,762722,3059100
1950,589,570,224884,11824,763292,3115700
1951,537,530,224347,11831,763822,3226300
1952,553,547,223794,11837,764369,3174900
1953,570,601,223224,11806,764970,3111600
1954,593,603,222631,11796,765573,3039500
1955,555,591,222076,11760,766164,3175500
1956,563,597,221513,11726,766761,3245700
1957,585,561,220928,11750,767322,3157400
1958,586,589,220342,11747,767911,3053400
1959,559,595,219783,11711,768506,2990800
1960,525,587,219258,11649,769093,3362400
1961,547,589,218711,11607,769682,3185400
1962,551,576,218160,11582,770258,3075700
1963,560,542,217600,11600,770800,3085500
1964,528,607,217072,11521,771407,2980400
1965,532,592,216540,11461,771999,3547800
1966,543,579,215997,11425,772578,3334600
1967,537,558,215460,11404,773136,3479500
1968,572,577,214888,11399,773713,3247100
1969,575,533,214313,11441,774246,3355400
1970,513,619,213800,11335,774865,3366700
1971,523,569,213277,11289,775434,3367500
1972,503,568,212774,11224,776002,3253700
1973,496,598,212278,11122,776600,3166300
1974,515,571,211763,11066,777171,3662300
1975,569,569,211194,11066,777740,3255000
1976,473,521,210721,11018,778261,3117500
1977,527,549,210194,10996,778810,2993500
1978,502,547,209692,10951,779357,3148700
1979,592,536,209100,11007,779893,3533400
1980,487,555,208613,10939,780448,3125700
1981,499,550,208114,10888,780998,3158800
1982,506,558,207608,10836,781556,2973200
1983,454,575,207154,10715,782131,3400100
1984,493,558,206661,10650,782689,3240700
1985,473,548,206188,10575,783237,3108500
1986,475,530,205713,10520,783767,3014900
1987,500,545,205213,10475,784312,3001900
1988,492,537,204721,10430,784849,3008200
1989,484,505,204237,10409,785354,3092600
1990,521,552,203716,10378,785906,3198900
1991,445,516,203271,10307,786422,3023200
1992,502,526,202769,10283,786948,2984900
1993,471,529,202298,10225,787477,2964400
1994,468,536,201830,10157,788013,3312300
1995,500,515,201330,10142,788528,3066200
1996,479,499,200851,10122,789027,3023100
1997,445,479,200406,10088,789506,2925000
1998,493,561,199913,10020,790067,2896800
1999,463,487,199450,9996,790554,3358200
2000,545,523,198905,10018,791077,3514400
2001,496,521,198409,9993,791598,2977900
2002,479,486,197930,9986,792084,2915700
2003,503,480,197427,10009,792564,2842700
2004,519,518,196908,10010,793082,4287500
2005,469,512,196439,9967,793594,3721300
2006,490,471,195949,9986,794065,3394800
2007,493,512,195456,9967,794577,3060500
2008,512,509,194944,9970,795086,3323400
2009,498,479,194446,9989,795565,3290900
2010,508,526,193938,9971,796091,3074500
2011,512,478,193426,10005,796569,3031600
2012,472,497,192954,9980,797066,3007500
2013,496,476,192458,10000,797542,3527700
2014,495,506,191963,9989,798048,3103500
2015,496,493,191467,9992,798541,3021200
2016,519,532,190948,9979,799073,3010200
2017,510,496,190438,9993,799569,2948300
2018,472,475,189966,9990,800044,3494200
2019,495,512,189471,9973,800556,3186800
2020,518,523,188953,9968,801079,3146000
2021,502,468,188451,10002,801547,3082900
2022,503,544,187948,9961,802091,3078400
2023,471,519,187477,9913,802610,3003300
2024,456,483,187021,9886,803093,2960600
2025,471,515,186550,9842,803608,2923500
2026,495,477,186055,9860,804085,2839500
2027,521,476,185534,9905,804561,2830000
2028,475,486,185059,9894,805047,3171600
2029,470,494,184589,9870,805541,3250400
2030,450,506,184139,9814,806047,2944000
2031,457,483,183682,9788,806530,2942800
2032,455,464,183227,9779,806994,2848100
2033,475,491,182752,9763,807485,3528100
2034,466,481,182286,9748,807966,2895900
2035,500,457,181786,9791,808423,2920400
2036,478,485,181308,9784,808908,2839000
2037,470,489,180838,9765,809397,2788200
2038,478,514,180360,9729,809911,3236000
2039,486,511,179874,9704,810422,2891900
2040,489,473,179385,9720,810895,2887900
2041,435,496,178950,9659,811391,2903500
2042,504,485,178446,9678,811876,2899700
2043,489,463,177957,9704,812339,3654900
2044,477,491,177480,9690,812830,2750500
2045,420,479,177060,9631,813309,2896200
2046,457,498,176603,9590,813807,2834200
2047,448,447,176155,9591,814254,2852200
2048,444,477,175711,9558,814731,2902000
2049,461,493,175250,9526,815224,2885300
2050,436,481,174814,9481,815705,2826700
2051,454,467,174360,9468,816172,2788600
2052,454,442,173906,9480,816614,2888000
2053,450,516,173456,9414,817130,2958100
2054,425,459,173031,9380,817589,3172900
2055,425,479,172606,9326,818068,2989800
2056,433,519,172173,9240,818587,2904400
2057,418,485,171755,9173,819072,2887400
2058,450,469,171305,9154,819541,2848100
2059,448,472,170857,9130,820013,3287500
2060,430,429,170427,9131,820442,2981900
2061,451,460,169976,9122,820902,2974900
2062,447,454,169529,9115,821356,2941800
2063,450,427,169079,9138,821783,2950900
2064,430,468,168649,9100,822251,3516400
2065,460,487,168189,9073,822738,3354500
2066,420,420,167769,9073,823158,2967800
2067,470,420,167299,9123,823578,2954700
2068,437,451,166862,9109,824029,2937200
2069,453,463,166409,9099,824492,3062400
2070,428,426,165981,9101,824918,2954500
2071,435,424,165546,9112,825342,2971700
2072,401,445,165145,9068,825787,2990300
2073,382,449,164763,9001,826236,3033500
2074,401,413,164362,8989,826649,3524500
2075,415,464,163947,8940,827113,3349400
2076,401,476,163546,8865,827589,3184800
2077,413,417,163133,8861,828006,3146400
2078,447,437,162686,8871,828443,3150300
2079,408,432,162278,8847,828875,3170600
2080,399,434,161879,8812,829309,3143100
2081,411,446,161468,8777,829755,2952700
2082,401,444,161067,8734,830199,2973800
2083,413,452,160654,8695,830651,2965000
2084,418,436,160236,8677,831087,3322000
2085,365,435,159871,8607,831522,3177400
2086,387,443,159484,8551,831965,3038900
2087,362,418,159122,8495,832383,3046600
2088,391,432,158731,8454,832815,3002400
2089,380,411,158351,8423,833226,3401800
2090,389,400,157962,8412,833626,3101100
2091,396,400,157566,8408,834026,3061300
2092,400,425,157166,8383,834451,3035300
2093,388,436,156778,8335,834887,2963600
2094,340,438,156438,8237,835325,3102600
2095,346,414,156092,8169,835739,3100600
2096,330,427,155762,8072,836166,3039900
2097,353,402,155409,8023,836568,3030700
2098,384,430,155025,7977,836998,2965800
2099,321,409,154704,7889,837407,2957400
2100,326,393,154378,7822,837800,3124500
2101,336,405,154042,7753,838205,3085200
2102,352,393,153690,7712,838598,3058100
2103,348,354,153342,7706,838952,2933400
2104,334,388,153008,7652,839340,3114600
2105,331,407,152677,7576,839747,3038500
2106,347,381,152330,7542,840128,2964200
2107,338,355,151992,7525,840483,3022400
2108,337,363,151655,7499,840846,2999600
2109,351,372,151304,7478,841218,3364800
2110,357,391,150947,7444,841609,3318800
2111,338,373,150609,7409,841982,3146000
2112,315,377,150294,7347,842359,2917300
2113,340,375,149954,7312,842734,2889000
2114,313,336,149641,7289,843070,2828000
2115,334,366,149307,7257,843436,2865500
2116,309,331,148998,7235,843767,2855300
2117,313,349,148685,7199,844116,2876900
2118,329,331,148356,7197,844447,2819900
2119,345,356,148011,7186,844803,2751000
2120,298,383,147713,7101,845186,3472600
2121,341,335,147372,7107,845521,3198200
2122,345,381,147027,7071,845902,2948700
2123,307,392,146720,6986,846294,2843500
2124,349,356,146371,6979,846650,2849400
2125,350,334,146021,6995,846984,3144500
2126,308,348,145713,6955,847332,2909700
2127,321,368,145392,6908,847700,2944900
2128,303,372,145089,6839,848072,2920700
2129,332,370,144757,6801,848442,2887000
2130,317,331,144440,6787,848773,3306700
2131,296,377,144144,6706,849150,3834100
2132,335,334,143809,6707,849484,3372900
2133,324,381,143485,6650,849865,3394100
2134,320,325,143165,6645,850190,3246500
2135,334,330,142831,6649,850520,3607600
2136,309,325,142522,6633,850845,3216300
2137,310,335,142212,6608,851180,3033300
2138,323,369,141889,6562,851549,3033300
2139,284,299,141605,6547,851848,3067500
2140,346,331,141259,6562,852179,3222100
2141,323,325,140936,6560,852504,3126400
2142,357,338,140579,6579,852842,2992800
2143,344,332,140235,6591,853174,2957700
2144,329,330,139906,6590,853504,2926200
2145,334,357,139572,6567,853861,2938200
2146,322,275,139250,6614,854136,3088000
2147,358,297,138892,6675,854433,2964200
2148,338,345,138554,6668,854778,2904800
2149,324,357,138230,6635,855135,2878600
2150,327,338,137903,6624,855473,3045200
2151,353,368,137550,6609,855841,3042600
2152,320,309,137230,6620,856150,2905900
2153,327,346,136903,6601,856496,2881100
2154,320,317,136583,6604,856813,2864900
2155,331,322,136252,6613,857135,3221700
2156,337,309,135915,6641,857444,3056400
2157,325,358,135590,6608,857802,3031600
2158,293,339,135297,6562,858141,3003000
2159,331,348,134966,6545,858489,2863800
2160,301,305,134665,6541,858794,3199500
2161,323,323,134342,6541,859117,3294600
2162,283,299,134059,6525,859416,2984800
2163,322,331,133737,6516,859747,2982400
2164,349,343,133388,6522,860090,2926500
2165,336,346,133052,6512,860436,3009800
2166,321,316,132731,6517,860752,3090400
2167,293,324,132438,6486,861076,3060100
2168,323,354,132115,6455,861430,2953800
2169,303,330,131812,6428,861760,2880600
2170,306,313,131506,6421,862073,2844200
2171,298,302,131208,6417,862375,3201000
2172,310,298,130898,6429,862673,3054900
2173,322,334,130576,6417,863007,3002200
2174,322,326,130254,6413,863333,2985500
2175,302,365,129952,6350,863698,2916900
2176,287,310,129665,6327,864008,3249100
2177,289,309,129376,6307,864317,3024400
2178,301,322,129075,6286,864639,2993000
2179,280,313,128795,6253,864952,2944800
2180,260,288,128535,6225,865240,2859200
2181,329,325,128206,6229,865565,2957700
2182,290,272,127916,6247,865837,2941500
2183,287,316,127629,6218,866153,3059600
2184,288,309,127341,6197,866462,2930200
2185,274,331,127067,6140,866793,2894500
2186,294,272,126773,6162,867065,2901200
2187,292,307,126481,6147,867372,2880900
2188,313,301,126168,6159,867673,2822100
2189,300,325,125868,6134,867998,2782300
2190,293,322,125575,6105,868320,2783400
2191,309,304,125266,6110,868624,2824600
2192,294,285,124972,6119,868909,3054800
2193,285,308,124687,6096,869217,3229900
2194,300,326,124387,6070,869543,2773900
2195,296,346,124091,6020,869889,2808000
2196,274,299,123817,5995,870188,2886400
2197,312,280,123505,6027,870468,3011700
2198,288,317,123217,5998,870785,2844600
2199,287,348,122930,5937,871133,2885600
2200,294,317,122636,5914,871450,2809600
2201,260,294,122376,5880,871744,2804000
2202,299,280,122077,5899,872024,2802900
2203,297,300,121780,5896,872324,2759700
2204,305,295,121475,5906,872619,2748500
2205,317,280,121158,5943,872899,2735800
2206,279,297,120879,5925,873196,2821900
2207,300,265,120579,5960,873461,2906500
2208,306,301,120273,5965,873762,2905100
2209,311,273,119962,6003,874035,2912000
2210,315,306,119647,6012,874341,2956700
2211,303,286,119344,6029,874627,2914500
2212,317,295,119027,6051,874922,2907900
2213,308,307,118719,6052,875229,2940400
2214,290,295,118429,6047,875524,3003100
2215,295,303,118134,6039,875827,2817100
2216,280,300,117854,6019,876127,2863800
2217,310,273,117544,6056,876400,3031300
2218,292,299,117252,6049,876699,2952500
2219,302,313,116950,6038,877012,3281100
2220,263,313,116687,5988,877325,3113700
2221,310,317,116377,5981,877642,2623300
2222,276,297,116101,5960,877939,2911900
2223,293,287,115808,5966,878226,2729900
2224,277,284,115531,5959,878510,2754300
2225,305,313,115226,5951,878823,2673000
2226,301,301,114925,5951,879124,2645100
2227,297,289,114628,5959,879413,2649400
2228,307,294,114321,5972,879707,2632400
2229,329,299,113992,6002,880006,2626800
2230,314,289,113678,6027,880295,2968700
2231,307,295,113371,6039,880590,2772200
2232,300,307,113071,6032,880897,2746600
2233,284,319,112787,5997,881216,2732400
2234,289,306,112498,5980,881522,2686800
2235,323,303,112175,6000,881825,2735300
2236,285,276,111890,6009,882101,2705200
2237,276,304,111614,5981,882405,2645600
2238,288,303,111326,5966,882708,2658700
2239,277,287,111049,5956,882995,2631200
2240,294,306,110755,5944,883301,2605400
2241,302,310,110453,5936,883611,2606300
2242,296,297,110157,5935,883908,2767300
2243,292,295,109865,5932,884203,2704100
2244,296,286,109569,5942,884489,2676400
2245,284,294,109285,5932,884783,2644100
2246,295,307,108990,5920,885090,2627500
2247,270,274,108720,5916,885364,2769900
2248,281,298,108439,5899,885662,2981400
2249,267,293,108172,5873,885955,2611100
2250,278,270,107894,5881,886225,2685100
2251,303,291,107591,5893,886516,2564400
2252,281,308,107310,5866,886824,2566300
2253,284,312,107026,5838,887136,2959600
2254,278,289,106748,5827,887425,2996900
2255,265,297,106483,5795,887722,2996400
2256,286,307,106197,5774,888029,2634800
2257,275,267,105922,5782,888296,2712100
2258,279,289,105643,5772,888585,2631600
2259,264,276,105379,5760,888861,2905400
2260,293,303,105086,5750,889164,2656300
2261,252,290,104834,5712,889454,2703100
2262,319,286,104515,5745,889740,2605100
2263,276,309,104239,5712,890049,2572900
2264,259,279,103980,5692,890328,2607200
2265,271,266,103709,5697,890594,2675500
2266,255,287,103454,5665,890881,2647100
2267,266,299,103188,5632,891180,2680000
2268,252,274,102936,5610,891454,2636800
2269,255,256,102681,5609,891710,2602800
2270,271,279,102410,5601,891989,2755800
2271,281,271,102129,5611,892260,2694400
2272,245,261,101884,5595,892521,2637100
2273,294,274,101590,5615,892795,2610500
2274,308,282,101282,5641,893077,2584200
2275,261,284,101021,5618,893361,2589600
2276,253,290,100768,5581,893651,2711200
2277,270,281,100498,5570,893932,2664700
2278,293,264,100205,5599,894196,2613800
2279,272,290,99933,5581,894486,2706800
2280,305,272,99628,5614,894758,2673200
2281,263,299,99365,5578,895057,2614100
2282,257,285,99108,5550,895342,2866500
2283,262,254,98846,5558,895596,2669400
2284,254,273,98592,5539,895869,2604400
2285,251,303,98341,5487,896172,2587200
2286,270,275,98071,5482,896447,2565500
2287,275,272,97796,5485,896719,2568600
2288,278,254,97518,5509,896973,2706600
2289,278,300,97240,5487,897273,2628800
2290,269,261,96971,5495,897534,2687200
2291,273,268,96698,5500,897802,2663500
2292,288,257,96410,5531,898059,2585800
2293,269,259,96141,5541,898318,2580200
2294,266,262,95875,5545,898580,2960300
2295,267,267,95608,5545,898847,2763600
2296,284,292,95324,5537,899139,2672700
2297,249,290,95075,5496,899429,2649800
2298,253,285,94822,5464,899714,2621700
2299,262,260,94560,5466,899974,2620700
2300,297,288,94263,5475,900262,2706900
2301,283,276,93980,5482,900538,2607600
2302,294,247,93686,5529,900785,2613300
2303,272,265,93414,5536,901050,2599800
2304,283,270,93131,5549,901320,2727100
2305,272,294,92859,5527,901614,2721200
2306,273,239,92586,5561,901853,2702800
2307,263,260,92323,5564,902113,2622100
2308,255,303,92068,5516,902416,2604500
2309,255,266,91813,5505,902682,2578200
2310,279,292,91534,5492,902974,2604600
2311,267,276,91267,5483,903250,2638400
2312,287,279,90980,5491,903529,2688000
2313,297,264,90683,5524,903793,2679900
2314,243,253,90440,5514,904046,2647800
2315,288,297,90152,5505,904343,2613900
2316,267,292,89885,5480,904635,2595600
2317,263,260,89622,5483,904895,3138400
2318,276,227,89346,5532,905122,3107400
2319,278,270,89068,5540,905392,2550200
2320,298,298,88770,5540,905690,2629100
2321,262,295,88508,5507,905985,2559200
2322,263,268,88245,5502,906253,2598200
2323,250,267,87995,5485,906520,2606600
2324,275,254,87720,5506,906774,2594600
2325,261,285,87459,5482,907059,2566900
2326,271,262,87188,5491,907321,2560500
2327,258,265,86930,5484,907586,2551600
2328,274,268,86656,5490,907854,2608400
2329,273,280,86383,5483,908134,2758800
2330,284,259,86099,5508,908393,2731900
2331,265,296,85834,5477,908689,2674200
2332,241,253,85593,5465,908942,2648100
2333,281,254,85312,5492,909196,2632200
2334,261,267,85051,5486,909463,2992400
2335,262,306,84789,5442,909769,3281300
2336,251,284,84538,5409,910053,2679500
2337,272,280,84266,5401,910333,2644800
2338,223,286,84043,5338,910619,2611500
2339,251,258,83792,5331,910877,2590000
2340,233,282,83559,5282,911159,2622600
2341,256,260,83303,5278,911419,2599200
2342,238,270,83065,5246,911689,2615100
2343,244,259,82821,5231,911948,2594400
2344,230,278,82591,5183,912226,2556000
2345,244,291,82347,5136,912517,2560100
2346,203,253,82144,5086,912770,2631800
2347,275,239,81869,5122,913009,2820500
2348,240,255,81629,5107,913264,2655000
2349,265,236,81364,5136,913500,2582600
2350,230,240,81134,5126,913740,2605000
2351,241,243,80893,5124,913983,2601600
2352,242,251,80651,5115,914234,2725900
2353,249,274,80402,5090,914508,2692400
2354,238,257,80164,5071,914765,2754500
2355,246,236,79918,5081,915001,2670700
2356,253,247,79665,5087,915248,2643000
2357,257,210,79408,5134,915458,2644000
2358,264,296,79144,5102,915754,2743500
2359,234,261,78910,5075,916015,2625300
2360,256,224,78654,5107,916239,2653100
2361,225,242,78429,5090,916481,2660400
2362,243,248,78186,5085,916729,2650200
2363,255,259,77931,5081,916988,2653900
2364,276,234,77655,5123,917222,2756900
2365,242,273,77413,5092,917495,2720400
2366,248,250,77165,5090,917745,2675500
2367,259,278,76906,5071,918023,2688700
2368,267,239,76639,5099,918262,2597700
2369,261,255,76378,5105,918517,2725300
2370,281,214,76097,5172,918731,3023600
2371,280,272,75817,5180,919003,2700900
2372,252,239,75565,5193,919242,2760900
2373,281,232,75284,5242,919474,2755000
2374,269,254,75015,5257,919728,2721100
2375,258,261,74757,5254,919989,3138700
2376,278,273,74479,5259,920262,3548600
2377,276,277,74203,5258,920539,3659100
2378,232,257,73971,5233,920796,3700700
2379,273,261,73698,5245,921057,3826200
2380,270,264,73428,5251,921321,2916100
2381,248,255,73180,5244,921576,2759500
2382,259,271,72921,5232,921847,2721300
2383,265,255,72656,5242,922102,2691100
2384,245,274,72411,5213,922376,2676400
2385,234,256,72177,5191,922632,2764600
2386,260,267,71917,5184,922899,2662400
2387,251,256,71666,5179,923155,2664900
2388,221,260,71445,5140,923415,2660700
2389,211,293,71234,5058,923708,2679700
2390,223,257,71011,5024,923965,2996000
2391,227,244,70784,5007,924209,3388900
2392,251,254,70533,5004,924463,3434800
2393,207,253,70326,4958,924716,3431500
2394,245,239,70081,4964,924955,3456400
2395,243,257,69838,4950,925212,2993200
2396,235,239,69603,4946,925451,3539000
2397,249,229,69354,4966,925680,3463600
2398,253,255,69101,4964,925935,3558200
2399,248,244,68853,4968,926179,3631600
2400,238,214,68615,4992,926393,3626400
2401,241,251,68374,4982,926644,3485600
2402,235,247,68139,4970,926891,3460600
2403,238,257,67901,4951,927148,3434000
2404,245,210,67656,4986,927358,3654400
2405,237,270,67419,4953,927628,2807400
2406,263,241,67156,4975,927869,2623200
2407,244,250,66912,4969,928119,2644000
2408,240,268,66672,4941,928387,2637200
2409,243,244,66429,4940,928631,2775200
2410,231,235,66198,4936,928866,3248400
2411,247,235,65951,4948,929101,3438300
2412,220,251,65731,4917,929352,3556800
2413,241,253,65490,4905,929605,3452600
2414,214,242,65276,4877,929847,3355800
2415,215,276,65061,4816,930123,3528400
2416,236,234,64825,4818,930357,3460600
2417,249,252,64576,4815,930609,3331400
2418,240,240,64336,4815,930849,3362100
2419,223,262,64113,4776,931111,3623400
2420,229,253,63884,4752,931364,3563700
2421,211,226,63673,4737,931590,3601200
2422,224,222,63449,4739,931812,3429700
2423,225,222,63224,4742,932034,3174000
2424,211,247,63013,4706,932281,3563400
2425,187,228,62826,4665,932509,3455500
2426,244,219,62582,4690,932728,3479800
2427,227,228,62355,4689,932956,3567700
2428,203,237,62152,4655,933193,3552700
2429,224,212,61928,4667,933405,3302200
2430,191,246,61737,4612,933651,3213500
2431,216,192,61521,4636,933843,3099700
2432,217,259,61304,4594,934102,2906700
2433,227,228,61077,4593,934330,3749600
2434,233,227,60844,4599,934557,4049400
2435,218,241,60626,4576,934798,3733600
2436,226,230,60400,4572,935028,3686100
2437,219,216,60181,4575,935244,2886700
2438,209,211,59972,4573,935455,2803100
2439,189,209,59783,4553,935664,2725700
2440,189,226,59594,4516,935890,2685600
2441,196,239,59398,4473,936129,2713300
2442,195,257,59203,4411,936386,3018800
2443,200,215,59003,4396,936601,2702800
2444,191,218,58812,4369,936819,2655100
2445,203,238,58609,4334,937057,2688800
2446,189,213,58420,4310,937270,2641100
2447,172,210,58248,4272,937480,2688600
2448,192,246,58056,4218,937726,2761500
2449,173,210,57883,4181,937936,2744000
2450,161,217,57722,4125,938153,2649600
2451,165,219,57557,4071,938372,2642000
2452,161,232,57396,4000,938604,2600800
2453,174,177,57222,3997,938781,3165900
2454,174,189,57048,3982,938970,3655700
2455,173,182,56875,3973,939152,3703600
2456,181,186,56694,3968,939338,3397700
2457,157,235,56537,3890,939573,3555100
2458,164,186,56373,3868,939759,3371000
2459,152,176,56221,3844,939935,3297200
2460,162,175,56059,3831,940110,3564600
2461,172,189,55887,3814,940299,3521800
2462,176,215,55711,3775,940514,3060100
2463,172,195,55539,3752,940709,2960900
2464,156,185,55383,3723,940894,2795400
2465,169,199,55214,3693,941093,2796000
2466,169,174,55045,3688,941267,2816500
2467,167,180,54878,3675,941447,2837400
2468,180,179,54698,3676,941626,2932300
2469,157,199,54541,3634,941825,2750800
2470,162,182,54379,3614,942007,2791000
2471,154,170,54225,3598,942177,3214000
2472,158,183,54067,3573,942360,3509900
2473,160,177,53907,3556,942537,3392200
2474,155,177,53752,3534,942714,3727300
2475,151,155,53601,3530,942869,3518900
2476,153,171,53448,3512,943040,3435400
2477,138,170,53310,3480,943210,3243500
2478,142,175,53168,3447,943385,2990000
2479,145,169,53023,3423,943554,2941700
2480,150,180,52873,3393,943734,2834800
2481,137,166,52736,3364,943900,2859700
2482,136,164,52600,3336,944064,3019500
2483,112,202,52488,3246,944266,3848200
2484,142,169,52346,3219,944435,3591200
2485,137,180,52209,3176,944615,3534300
2486,124,138,52085,3162,944753,3434800
2487,138,157,51947,3143,944910,3377900
2488,140,164,51807,3119,945074,3494800
2489,117,149,51690,3087,945223,3480800
2490,105,147,51585,3045,945370,3391300
2491,113,124,51472,3034,945494,3419400
2492,110,150,51362,2994,945644,2775900
2493,112,160,51250,2946,945804,2757900
2494,107,129,51143,2924,945933,2821100
2495,114,152,51029,2886,946085,2759700
2496,108,147,50921,2847,946232,2828000
2497,118,129,50803,2836,946361,3496800
2498,120,138,50683,2818,946499,3505500
2499,101,147,50582,2772,946646,2812900
2500,95,123,50487,2744,946769,2720000
2501,121,152,50366,2713,946921,2700500
2502,117,111,50249,2719,947032,2864900
2503,128,136,50121,2711,947168,2879500
2504,125,142,49996,2694,947310,2778000
2505,107,129,49889,2672,947439,2762400
2506,128,131,49761,2669,947570,2721900
2507,110,121,49651,2658,947691,2748400
2508,94,143,49557,2609,947834,2857300
2509,109,116,49448,2602,947950,2745100
2510,102,125,49346,2579,948075,2895100
2511,99,102,49247,2576,948177,2708500
2512,100,129,49147,2547,948306,2668600
2513,101,121,49046,2527,948427,3474900
2514,110,124,48936,2513,948551,3382300
2515,96,119,48840,2490,948670,3382200
2516,103,119,48737,2474,948789,3289500
2517,106,110,48631,2470,948899,3543500
2518,111,132,48520,2449,949031,2816200
2519,111,103,48409,2457,949134,2667700
2520,99,141,48310,2415,949275,2793800
2521,102,122,48208,2395,949397,2680500
2522,102,111,48106,2386,949508,2648600
2523,94,141,48012,2339,949649,2823000
2524,119,120,47893,2338,949769,2699100
2525,89,125,47804,2302,949894,2738400
2526,123,121,47681,2304,950015,2676700
2527,108,136,47573,2276,950151,2621200
2528,105,103,47468,2278,950254,2632600
2529,94,101,47374,2271,950355,2703200
2530,107,105,47267,2273,950460,2731200
2531,101,117,47166,2257,950577,2741900
2532,97,106,47069,2248,950683,2629700
2533,105,109,46964,2244,950792,2826900
2534,104,113,46860,2235,950905,2957400
2535,99,108,46761,2226,951013,3567800
2536,99,119,46662,2206,951132,3400400
2537,105,107,46557,2204,951239,3349900
2538,94,97,46463,2201,951336,3343100
2539,87,128,46376,2160,951464,2904800
2540,91,99,46285,2152,951563,2623400
2541,91,100,46194,2143,951663,2599900
2542,96,125,46098,2114,951788,2604200
2543,104,108,45994,2110,951896,2556000
2544,99,109,45895,2100,952005,2532200
2545,100,101,45795,2099,952106,3000800
2546,107,109,45688,2097,952215,3342600
2547,79,107,45609,2069,952322,3324000
2548,110,103,45499,2076,952425,3203100
2549,96,110,45403,2062,952535,2642600
2550,88,106,45315,2044,952641,3371900
2551,90,102,45225,2032,952743,4339700
2552,93,122,45132,2003,952865,3896300
2553,86,93,45046,1996,952958,3595500
2554,97,98,44949,1995,953056,3444000
2555,97,96,44852,1996,953152,3629500
2556,110,98,44742,2008,953250,2838700
2557,92,100,44650,2000,953350,2752000
2558,95,101,44555,1994,953451,3038700
2559,100,106,44455,1988,953557,3476000
2560,95,91,44360,1992,953648,3691600
2561,102,123,44258,1971,953771,3680900
2562,93,105,44165,1959,953876,3841000
2563,92,97,44073,1954,953973,3597100
2564,99,107,43974,1946,954080,2775700
2565,81,100,43893,1927,954180,2763600
2566,98,86,43795,1939,954266,2740800
2567,101,81,43694,1959,954347,2628900
2568,95,99,43599,1955,954446,2603900
2569,99,88,43500,1966,954534,2834900
2570,81,90,43419,1957,954624,2654000
2571,84,91,43335,1950,954715,2648400
2572,85,98,43250,1937,954813,2641600
2573,100,77,43150,1960,954890,2595200
2574,87,106,43063,1941,954996,2935400
2575,90,109,42973,1922,955105,2702600
2576,92,86,42881,1928,955191,3224500
2577,100,87,42781,1941,955278,2785300
2578,94,111,42687,1924,955389,2562400
2579,88,89,42599,1923,955478,2554600
2580,83,98,42516,1908,955576,2605700
2581,75,92,42441,1891,955668,2507400
2582,95,90,42346,1896,955758,2540900
2583,88,91,42258,1893,955849,2543100
2584,86,102,42172,1877,955951,2567600
2585,93,76,42079,1894,956027,2540000
2586,72,90,42007,1876,956117,3654300
2587,92,102,41915,1866,956219,3352100
2588,78,92,41837,1852,956311,3097700
2589,89,71,41748,1870,956382,3163100
2590,81,91,41667,1860,956473,3323000
2591,79,99,41588,1840,956572,2716000
2592,97,88,41491,1849,956660,2578700
2593,87,84,41404,1852,956744,2605200
2594,71,86,41333,1837,956830,2538300
2595,75,82,41258,1830,956912,2515000
2596,80,78,41178,1832,956990,2681500
2597,77,72,41101,1837,957062,2606200
2598,86,85,41015,1838,957147,2557700
2599,81,86,40934,1833,957233,2533400
2600,69,104,40865,1798,957337,2575300
2601,78,98,40787,1778,957435,2565400
2602,75,81,40712,1772,957516,3032400
2603,64,77,40648,1759,957593,3269800
2604,89,90,40559,1758,957683,3321900
2605,78,90,40481,1746,957773,3136100
2606,80,86,40401,1740,957859,3144300
2607,83,92,40318,1731,957951,3254100
2608,81,91,40237,1721,958042,2636400
2609,55,80,40182,1696,958122,3222500
2610,80,66,40102,1710,958188,3168200
2611,81,89,40021,1702,958277,3165900
2612,79,80,39942,1701,958357,3210400
2613,73,95,39869,1679,958452,2830700
2614,52,81,39817,1650,958533,2504100
2615,71,81,39746,1640,958614,2454200
2616,83,73,39663,1650,958687,2572800
2617,69,74,39594,1645,958761,2651100
2618,69,91,39525,1623,958852,3139300
2619,82,94,39443,1611,958946,3266200
2620,73,74,39370,1610,959020,3306300
2621,81,80,39289,1611,959100,2423300
2622,95,67,39194,1639,959167,2407500
2623,73,79,39121,1633,959246,2576900
2624,64,88,39057,1609,959334,2595400
2625,84,88,38973,1605,959422,2539400
2626,72,69,38901,1608,959491,2519300
2627,76,94,38825,1590,959585,2493400
2628,80,90,38745,1580,959675,2509400
2629,73,70,38672,1583,959745,2528500
2630,87,70,38585,1600,959815,2479200
2631,83,85,38502,1598,959900,2461900
2632,75,82,38427,1591,959982,2476000
2633,67,77,38360,1581,960059,2450500
2634,73,81,38287,1573,960140,2420300
2635,63,73,38224,1563,960213,2547500
2636,64,76,38160,1551,960289,3087300
2637,82,71,38078,1562,960360,3228000
2638,84,80,37994,1566,960440,3211800
2639,79,87,37915,1558,960527,2949900
2640,89,63,37826,1584,960590,2378000
2641,67,81,37759,1570,960671,2875400
2642,76,75,37683,1571,960746,2717500
2643,80,75,37603,1576,960821,2617800
2644,86,93,37517,1569,960914,2481600
2645,61,80,37456,1550,960994,2542600
2646,69,86,37387,1533,961080,2467100
2647,74,74,37313,1533,961154,3108000
2648,65,77,37248,1521,961231,2477700
2649,76,77,37172,1520,961308,2408000
2650,72,71,37100,1521,961379,2409200
2651,71,73,37029,1519,961452,2382000
2652,74,65,36955,1528,961517,2391200
2653,83,89,36872,1522,961606,2488400
2654,90,83,36782,1529,961689,3098400
2655,82,88,36700,1523,961777,2602300
2656,62,81,36638,1504,961858,2466100
2657,69,82,36569,1491,961940,2447400
2658,81,90,36488,1482,962030,2458900
2659,75,78,36413,1479,962108,2470300
2660,62,72,36351,1469,962180,2451700
2661,79,66,36272,1482,962246,2457300
2662,78,63,36194,1497,962309,2457400
2663,70,66,36124,1501,962375,2446700
2664,60,82,36064,1479,962457,2434900
2665,95,61,35969,1513,962518,2488600
2666,67,60,35902,1520,962578,2483500
2667,84,77,35818,1527,962655,2538500
2668,81,77,35737,1531,962732,2538000
2669,72,68,35665,1535,962800,2546100
2670,81,64,35584,1552,962864,2535100
2671,87,78,35497,1561,962942,2641000
2672,83,83,35414,1561,963025,3343800
2673,77,87,35337,1551,963112,3468500
2674,76,79,35261,1548,963191,3377800
2675,76,67,35185,1557,963258,3203400
2676,77,78,35108,1556,963336,3115100
2677,73,63,35035,1566,963399,2563200
2678,81,90,34954,1557,963489,2512700
2679,67,69,34887,1555,963558,2465200
2680,74,72,34813,1557,963630,2460100
2681,81,87,34732,1551,963717,2456000
2682,78,76,34654,1553,963793,2495700
2683,58,86,34596,1525,963879,2507700
2684,75,92,34521,1508,963971,2601500
2685,70,70,34451,1508,964041,3393200
2686,81,85,34370,1504,964126,2516700
2687,71,70,34299,1505,964196,2499000
2688,64,66,34235,1503,964262,2696300
2689,63,75,34172,1491,964337,3360300
2690,64,64,34108,1491,964401,3444200
2691,70,77,34038,1484,964478,3315000
2692,61,68,33977,1477,964546,3368900
2693,68,74,33909,1471,964620,2691600
2694,56,73,33853,1454,964693,2532200
2695,62,55,33791,1461,964748,2535400
2696,61,71,33730,1451,964819,2512000
2697,71,77,33659,1445,964896,2486000
2698,64,74,33595,1435,964970,2476400
2699,65,86,33530,1414,965056,2543700
2700,56,73,33474,1397,965129,2478300
2701,70,74,33404,1393,965203,2439200
2702,59,73,33345,1379,965276,2436200
2703,51,79,33294,1351,965355,2447100
2704,56,68,33238,1339,965423,2424200
2705,63,63,33175,1339,965486,2503600
2706,61,67,33114,1333,965553,2481100
2707,72,68,33042,1337,965621,2451700
2708,61,62,32981,1336,965683,2421100
2709,52,64,32929,1324,965747,2409300
2710,60,59,32869,1325,965806,2400100
2711,66,71,32803,1320,965877,2631800
2712,53,64,32750,1309,965941,3194300
2713,59,67,32691,1301,966008,3097600
2714,70,66,32621,1305,966074,3104400
2715,54,62,32567,1297,966136,3273700
2716,59,66,32508,1290,966202,3543300
2717,59,60,32449,1289,966262,3235500
2718,68,74,32381,1283,966336,3121000
2719,51,57,32330,1277,966393,3141100
2720,47,52,32283,1272,966445,3117000
2721,57,75,32226,1254,966520,3009000
2722,63,66,32163,1251,966586,2552200
2723,64,54,32099,1261,966640,2551100
2724,55,62,32044,1254,966702,2570000
2725,54,72,31990,1236,966774,2511800
2726,58,80,31932,1214,966854,2516200
2727,51,54,31881,1211,966908,2575100
2728,63,70,31818,1204,966978,2563600
2729,62,53,31756,1213,967031,2498700
2730,58,61,31698,1210,967092,2517300
2731,52,65,31646,1197,967157,2471300
2732,64,50,31582,1211,967207,2446900
2733,60,61,31522,1210,967268,2441100
2734,56,36,31466,1230,967304,2990500
2735,59,58,31407,1231,967362,2413700
2736,67,57,31340,1241,967419,2401200
2737,64,63,31276,1242,967482,2393100
2738,55,81,31221,1216,967563,2391100
2739,52,52,31169,1216,967615,2406600
2740,67,64,31102,1219,967679,2586200
2741,52,70,31050,1201,967749,2534000
2742,62,56,30988,1207,967805,2527400
2743,54,65,30934,1196,967870,2476100
2744,43,52,30891,1187,967922,2480800
2745,49,58,30842,1178,967980,2463300
2746,66,43,30776,1201,968023,2538300
2747,66,65,30710,1202,968088,2535900
2748,58,50,30652,1210,968138,2456600
2749,54,58,30598,1206,968196,2463000
2750,47,62,30551,1191,968258,2481200
2751,57,46,30494,1202,968304,2453100
2752,55,64,30439,1193,968368,2446500
2753,54,48,30385,1199,968416,2881300
2754,50,51,30335,1198,968467,3307700
2755,49,55,30286,1192,968522,3490800
2756,49,52,30237,1189,968574,3023800
2757,56,49,30181,1196,968623,2862600
2758,44,54,30137,1186,968677,2719100
2759,66,49,30071,1203,968726,3185600
2760,62,58,30009,1207,968784,3444200
2761,55,52,29954,1210,968836,3617000
2762,64,74,29890,1200,968910,3101800
2763,56,66,29834,1190,968976,3343500
2764,50,64,29784,1176,969040,3346000
2765,57,55,29727,1178,969095,3350500
2766,59,67,29668,1170,969162,3142600
2767,62,61,29606,1171,969223,3565600
2768,66,52,29540,1185,969275,3220900
2769,60,67,29480,1178,969342,2638300
2770,46,58,29434,1166,969400,2790500
2771,47,58,29387,1155,969458,2851600
2772,50,69,29337,1136,969527,3183900
2773,45,54,29292,1127,969581,2910100
2774,43,52,29249,1118,969633,2605500
2775,55,50,29194,1123,969683,2589800
2776,39,61,29155,1101,969744,2575600
2777,43,50,29112,1094,969794,2622300
2778,38,59,29074,1073,969853,2793600
2779,48,51,29026,1070,969904,3201600
2780,42,54,28984,1058,969958,3134500
2781,57,54,28927,1061,970012,3174800
2782,46,52,28881,1055,970064,3206100
2783,52,58,28829,1049,970122,2976600
2784,49,49,28780,1049,970171,2611800
2785,44,46,28736,1047,970217,2617400
2786,40,60,28696,1027,970277,2561100
2787,46,59,28650,1014,970336,2574600
2788,35,46,28615,1003,970382,2617500
2789,56,47,28559,1012,970429,2629200
2790,49,49,28510,1012,970478,2800000
2791,44,47,28466,1009,970525,2625300
2792,36,52,28430,993,970577,2580500
2793,54,52,28376,995,970629,2596500
2794,45,36,28331,1004,970665,2621300
2795,37,49,28294,992,970714,2584900
2796,47,60,28247,979,970774,2571300
2797,40,53,28207,966,970827,2576400
2798,35,48,28172,953,970875,2558600
2799,40,58,28132,935,970933,2663600
2800,44,41,28088,938,970974,3058200
2801,38,55,28050,921,971029,3067500
2802,33,41,28017,913,971070,3171400
2803,44,50,27973,907,971120,3242500
2804,51,41,27922,917,971161,3392300
2805,48,40,27874,925,971201,3147500
2806,40,54,27834,911,971255,2792300
2807,47,61,27787,897,971316,2556300
2808,46,41,27741,902,971357,2491800
2809,51,61,27690,892,971418,2478200
2810,52,47,27638,897,971465,2645300
2811,36,41,27602,892,971506,3050100
2812,56,43,27546,905,971549,3192300
2813,53,53,27493,905,971602,3233900
2814,43,44,27450,904,971646,3255300
2815,53,41,27397,916,971687,3308800
2816,40,49,27357,907,971736,2627500
2817,56,56,27301,907,971792,2531400
2818,42,44,27259,905,971836,2505400
2819,53,45,27206,913,971881,2470300
2820,55,54,27151,914,971935,2458100
2821,64,47,27087,931,971982,2768700
2822,58,50,27029,939,972032,2453800
2823,53,42,26976,950,972074,2402800
2824,51,36,26925,965,972110,2413300
2825,52,55,26873,962,972165,2362900
2826,51,52,26822,961,972217,2370900
2827,53,37,26769,977,972254,2551000
2828,44,54,26725,967,972308,2812200
2829,39,49,26686,957,972357,2396500
2830,37,43,26649,951,972400,2406700
2831,42,41,26607,952,972441,2393300
2832,50,45,26557,957,972486,2378300
2833,40,61,26517,936,972547,2367900
2834,37,46,26480,927,972593,3068800
2835,57,55,26423,929,972648,3293000
2836,41,37,26382,933,972685,3183500
2837,45,53,26337,925,972738,3294700
2838,44,50,26293,919,972788,3313900
2839,40,59,26253,900,972847,2675400
2840,40,42,26213,898,972889,2496000
2841,50,45,26163,903,972934,2427400
2842,42,55,26121,890,972989,2381000
2843,35,30,26086,895,973019,2385400
2844,30,57,26056,868,973076,2370900
2845,46,42,26010,872,973118,2461500
2846,38,37,25972,873,973155,2402200
2847,35,46,25937,862,973201,2428900
2848,40,38,25897,864,973239,2418700
2849,35,41,25862,858,973280,2500800
2850,41,40,25821,859,973320,2402000
2851,31,41,25790,849,973361,2648900
2852,39,38,25751,850,973399,3099300
2853,34,41,25717,843,973440,3058500
2854,39,41,25678,841,973481,3702300
2855,45,51,25633,835,973532,3352500
2856,44,41,25589,838,973573,3336600
2857,40,46,25549,832,973619,2459400
2858,38,47,25511,823,973666,2399100
2859,48,44,25463,827,973710,2431500
2860,32,57,25431,802,973767,2405800
2861,50,36,25381,816,973803,2393900
2862,48,34,25333,830,973837,2448900
2863,35,45,25298,820,973882,2454000
2864,42,55,25256,807,973937,2584400
2865,43,32,25213,818,973969,2444500
2866,37,38,25176,817,974007,2533500
2867,37,42,25139,812,974049,2504200
2868,37,43,25102,806,974092,2586000
2869,36,37,25066,805,974129,2634300
2870,27,46,25039,786,974175,2493700
2871,27,42,25012,771,974217,2574400
2872,27,34,24985,764,974251,2467300
2873,28,38,24957,754,974289,2466100
2874,36,39,24921,751,974328,2476300
2875,33,30,24888,754,974358,2649100
2876,35,38,24853,751,974396,2578100
2877,26,48,24827,729,974444,2575300
2878,39,32,24788,736,974476,2538800
2879,36,36,24752,736,974512,2582800
2880,35,34,24717,737,974546,2739200
2881,24,39,24693,722,974585,2733900
2882,40,27,24653,735,974612,2582200
2883,27,30,24626,732,974642,2517400
2884,27,40,24599,719,974682,2717900
2885,22,41,24577,700,974723,3254400
2886,30,29,24547,701,974752,3515000
2887,32,40,24515,693,974792,3225200
2888,30,34,24485,689,974826,2799200
2889,26,46,24459,669,974872,2589200
2890,36,40,24423,665,974912,2536700
2891,40,35,24383,670,974947,2596500
2892,33,34,24350,669,974981,3002400
2893,33,38,24317,664,975019,3317000
2894,33,33,24284,664,975052,3132100
2895,23,29,24261,658,975081,3164900
2896,38,31,24223,665,975112,3418600
2897,36,32,24187,669,975144,3164900
2898,33,36,24154,666,975180,3077300
2899,36,39,24118,663,975219,3259600
2900,34,41,24084,656,975260,3194400
2901,29,25,24055,660,975285,3316900
2902,28,32,24027,656,975317,3201700
2903,36,33,23991,659,975350,3171300
2904,39,34,23952,664,975384,3423500
2905,45,30,23907,679,975414,3192700
2906,42,34,23865,687,975448,3251700
2907,40,44,23825,683,975492,2726100
2908,39,32,23786,690,975524,2500800
2909,36,31,23750,695,975555,2581200
2910,39,28,23711,706,975583,2505400
2911,43,43,23668,706,975626,2551400
2912,47,35,23621,718,975661,2949500
2913,38,42,23583,714,975703,3854200
2914,44,31,23539,727,975734,2826000
2915,44,41,23495,730,975775,2610200
2916,44,45,23451,729,975820,2564300
2917,46,41,23405,734,975861,2648400
2918,46,35,23359,745,975896,3467700
2919,47,41,23312,751,975937,3380500
2920,49,29,23263,771,975966,3477600
2921,38,33,23225,776,975999,3610300
2922,39,37,23186,778,976036,3345400
2923,52,31,23134,799,976067,3354500
2924,33,35,23101,797,976102,3206400
2925,44,49,23057,792,976151,3302900
2926,35,29,23022,798,976180,3324200
2927,54,42,22968,810,976222,3101000
2928,41,53,22927,798,976275,3287600
2929,44,44,22883,798,976319,3341800
2930,40,41,22843,797,976360,3272200
2931,47,45,22796,799,976405,3386300
2932,48,32,22748,815,976437,2708800
2933,51,40,22697,826,976477,2504800
2934,44,51,22653,819,976528,2483300
2935,30,48,22623,801,976576,2437700
2936,36,43,22587,794,976619,2426500
2937,32,46,22555,780,976665,2429800
2938,40,39,22515,781,976704,2620500
2939,41,41,22474,781,976745,2555400
2940,33,37,22441,777,976782,2480200
2941,35,31,22406,781,976813,2577900
2942,45,36,22361,790,976849,2458500
2943,51,35,22310,806,976884,2455900
2944,32,40,22278,798,976924,2785800
2945,33,30,22245,801,976954,2509300
2946,34,42,22211,793,976996,2396600
2947,31,47,22180,777,977043,2370300
2948,33,37,22147,773,977080,2416300
2949,33,37,22114,769,977117,2438900
2950,41,31,22073,779,977148,2469800
2951,31,46,22042,764,977194,2493200
2952,45,48,21997,761,977242,2537000
2953,32,35,21965,758,977277,3395000
2954,33,39,21932,752,977316,3144800
2955,42,35,21890,759,977351,3045300
2956,39,37,21851,761,977388,2747800
2957,29,34,21822,756,977422,2648700
2958,37,43,21785,750,977465,2548200
2959,39,41,21746,748,977506,2512800
2960,24,41,21722,731,977547,2518100
2961,22,33,21700,720,977580,2453500
2962,32,53,21668,699,977633,2573600
2963,33,36,21635,696,977669,2543800
2964,36,36,21599,696,977705,2482100
2965,33,40,21566,689,977745,2445900
2966,29,39,21537,679,977784,2413400
2967,27,44,21510,662,977828,2395400
2968,27,28,21483,661,977856,2454300
2969,26,30,21457,657,977886,2538400
2970,33,27,21424,663,977913,2432700
2971,31,28,21393,666,977941,2461800
2972,33,35,21360,664,977976,2439800
2973,29,37,21331,656,978013,2400700
2974,22,26,21309,652,978039,2386000
2975,26,32,21283,646,978071,2543000
2976,31,27,21252,650,978098,2741600
2977,26,32,21226,644,978130,2390200
2978,21,34,21205,631,978164,2383700
2979,23,44,21182,610,978208,2447200
2980,25,28,21157,607,978236,2458000
2981,25,35,21132,597,978271,2720500
2982,32,32,21100,597,978303,3102400
2983,37,28,21063,606,978331,3125200
2984,27,24,21036,609,978355,2931100
2985,30,34,21006,605,978389,2937000
2986,28,40,20978,593,978429,2816800
2987,33,33,20945,593,978462,2429400
2988,27,19,20918,601,978481,2503200
2989,28,36,20890,593,978517,2423100
2990,22,30,20868,585,978547,2414600
2991,36,31,20832,590,978578,2404500
2992,25,28,20807,587,978606,2448700
2993,29,36,20778,580,978642,2489200
2994,31,23,20747,588,978665,3155500
2995,35,21,20712,602,978686,2755500
2996,26,25,20686,603,978711,2946100
2997,30,20,20656,613,978731,2670100
2998,30,37,20626,606,978768,3205900
2999,31,31,20595,606,978799,3143400
3000,30,30,20565,606,978829,3331200
3001,32,26,20533,612,978855,3392800
3002,24,38,20509,598,978893,3334500
3003,22,30,20487,590,978923,3302600
3004,38,25,20449,603,978948,3187400
3005,33,37,20416,599,978985,2653400
3006,29,27,20387,601,979012,2543600
3007,29,28,20358,602,979040,2641100
3008,35,25,20323,612,979065,3405400
3009,30,38,20293,604,979103,2729700
3010,20,33,20273,591,979136,2555200
3011,22,25,20251,588,979161,2708600
3012,26,34,20225,580,979195,2477000
3013,25,31,20200,574,979226,2479500
3014,30,27,20170,577,979253,2495700
3015,21,24,20149,574,979277,2453500
3016,36,32,20113,578,979309,2442000
3017,20,29,20093,569,979338,2408300
3018,26,27,20067,568,979365,2382700
3019,25,33,20042,560,979398,2431800
3020,30,34,20012,556,979432,2548500
3021,30,35,19982,551,979467,2559200
3022,24,39,19958,536,979506,2639000
3023,17,24,19941,529,979530,2510200
3024,21,29,19920,521,979559,2487500
3025,21,25,19899,517,979584,2547900
3026,30,25,19869,522,979609,2913100
3027,25,27,19844,520,979636,2905700
3028,20,24,19824,516,979660,2669600
3029,29,21,19795,524,979681,2540700
3030,27,39,19768,512,979720,2708400
3031,20,18,19748,514,979738,2687500
3032,25,30,19723,509,979768,3210100
3033,26,28,19697,507,979796,3783200
3034,26,26,19671,507,979822,3094800
3035,23,21,19648,509,979843,2544700
3036,22,21,19626,510,979864,2622400
3037,20,24,19606,506,979888,2815800
3038,34,22,19572,518,979910,3246800
3039,30,27,19542,521,979937,3240500
3040,25,24,19517,522,979961,2654200
3041,26,35,19491,513,979996,2593200
3042,29,29,19462,513,980025,2650700
3043,20,33,19442,500,980058,2556100
3044,29,34,19413,495,980092,2537100
3045,23,30,19390,488,980122,3818800
3046,16,27,19374,477,980149,3422800
3047,26,20,19348,483,980169,3111000
3048,23,24,19325,482,980193,2943500
3049,19,19,19306,482,980212,3358200
3050,24,26,19282,480,980238,3597700
3051,30,21,19252,489,980259,3284400
3052,24,28,19228,485,980287,3666500
3053,27,29,19201,483,980316,3126000
3054,20,24,19181,479,980340,3262900
3055,24,22,19157,481,980362,2706600
3056,38,15,19119,504,980377,2635300
3057,20,29,19099,495,980406,2770100
3058,34,23,19065,506,980429,2600800
3059,23,23,19042,506,980452,2575800
3060,18,39,19024,485,980491,2636900
3061,27,21,18997,491,980512,2959900
3062,36,19,18961,508,980531,3023100
3063,24,28,18937,504,980559,2600300
3064,23,27,18914,500,980586,2592300
3065,22,20,18892,502,980606,2629600
3066,24,30,18868,496,980636,2666800
3067,17,26,18851,487,980662,3211600
3068,19,28,18832,478,980690,2939800
3069,27,19,18805,486,980709,2581100
3070,21,24,18784,483,980733,2608500
3071,19,15,18765,487,980748,2603800
3072,23,25,18742,485,980773,2600100
3073,19,21,18723,483,980794,2597600
3074,25,30,18698,478,980824,3097900
3075,26,20,18672,484,980844,2981400
3076,19,29,18653,474,980873,2646700
3077,19,20,18634,473,980893,2533200
3078,22,26,18612,469,980919,2520500
3079,22,27,18590,464,980946,2633900
3080,24,26,18566,462,980972,2472500
3081,23,31,18543,454,981003,2449300
3082,27,24,18516,457,981027,2444700
3083,18,25,18498,450,981052,2446000
3084,23,19,18475,454,981071,2402400
3085,18,21,18457,451,981092,2423100
3086,19,21,18438,449,981113,2689900
3087,22,26,18416,445,981139,2549900
3088,25,16,18391,454,981155,2374500
3089,16,27,18375,443,981182,2339200
3090,21,17,18354,447,981199,2329100
3091,22,24,18332,445,981223,2342600
3092,26,26,18306,445,981249,3115100
3093,20,18,18286,447,981267,3139900
3094,13,21,18273,439,981288,3054200
3095,19,31,18254,427,981319,3171400
3096,21,19,18233,429,981338,3293300
3097,18,16,18215,431,981354,2897200
3098,21,17,18194,435,981371,2507800
3099,24,29,18170,430,981400,2513000
3100,29,20,18141,439,981420,2429600
3101,25,13,18116,451,981433,2398100
3102,22,19,18094,454,981452,2397600
3103,26,24,18068,456,981476,2449900
3104,20,17,18048,459,981493,2476700
3105,13,18,18035,454,981511,2482600
3106,19,23,18016,450,981534,2618900
3107,25,23,17991,452,981557,2923800
3108,15,25,17976,442,981582,3103000
3109,21,24,17955,439,981606,3587800
3110,23,20,17932,442,981626,3165100
3111,18,19,17914,441,981645,3066100
3112,11,29,17903,423,981674,3336200
3113,21,16,17882,428,981690,2480200
3114,16,27,17866,417,981717,2916800
3115,15,19,17851,413,981736,3093700
3116,20,26,17831,407,981762,3045400
3117,17,23,17814,401,981785,2940900
3118,22,18,17792,405,981803,2439400
3119,21,20,17771,406,981823,2560600
3120,13,21,17758,398,981844,2407600
3121,24,14,17734,408,981858,2432800
3122,19,21,17715,406,981879,2410300
3123,13,24,17702,395,981903,2443900
3124,22,22,17680,395,981925,2520700
3125,18,24,17662,389,981949,2887900
3126,20,12,17642,397,981961,2641600
3127,24,15,17618,406,981976,2461600
3128,24,21,17594,409,981997,2412300
3129,20,14,17574,415,982011,2387500
3130,22,29,17552,408,982040,2394900
3131,11,21,17541,398,982061,2474200
3132,16,16,17525,398,982077,2588100
3133,20,21,17505,397,982098,2463100
3134,11,22,17494,386,982120,2395900
3135,23,21,17471,388,982141,2395300
3136,8,23,17463,373,982164,2381100
3137,18,20,17445,371,982184,2436500
3138,21,20,17424,372,982204,2909400
3139,11,17,17413,366,982221,3005300
3140,22,20,17391,368,982241,2966900
3141,17,12,17374,373,982253,2931600
3142,17,13,17357,377,982266,2940200
3143,18,21,17339,374,982287,3043800
3144,18,20,17321,372,982307,2508200
3145,17,25,17304,364,982332,2412800
3146,24,26,17280,362,982358,2412400
3147,14,21,17266,355,982379,2444200
3148,18,18,17248,355,982397,2446200
3149,16,18,17232,353,982415,2423700
3150,16,19,17216,350,982434,2472800
3151,18,15,17198,353,982449,2405300
3152,19,16,17179,356,982465,2456100
3153,20,16,17159,360,982481,2407400
3154,18,21,17141,357,982502,2392000
3155,20,18,17121,359,982520,2372200
3156,16,16,17105,359,982536,2466600
3157,25,12,17080,372,982548,2358500
3158,22,19,17058,375,982567,2354700
3159,12,19,17046,368,982586,2345100
3160,17,26,17029,359,982612,2348900
3161,20,19,17009,360,982631,2331500
3162,20,27,16989,353,982658,2411100
3163,19,21,16970,351,982679,2412200
3164,16,11,16954,356,982690,3072300
3165,11,13,16943,354,982703,3187100
3166,19,15,16924,358,982718,3261600
3167,11,20,16913,349,982738,3143200
3168,17,20,16896,346,982758,2634900
3169,14,18,16882,342,982776,2786100
3170,18,16,16864,344,982792,2705000
3171,13,21,16851,336,982813,2704400
3172,14,15,16837,335,982828,2943900
3173,14,15,16823,334,982843,2763100
3174,13,15,16810,332,982858,2457400
3175,17,13,16793,336,982871,2418000
3176,11,21,16782,326,982892,2383100
3177,17,25,16765,318,982917,2386600
3178,17,17,16748,318,982934,2377300
3179,23,20,16725,321,982954,2439700
3180,14,15,16711,320,982969,2364200
3181,12,23,16699,309,982992,2380400
3182,18,16,16681,311,983008,2378800
3183,14,16,16667,309,983024,2346500
3184,22,22,16645,309,983046,2347300
3185,18,11,16627,316,983057,2372900
3186,13,22,16614,307,983079,2996100
3187,9,14,16605,302,983093,3050200
3188,9,16,16596,295,983109,2970400
3189,13,14,16583,294,983123,2980300
3190,15,15,16568,294,983138,3076500
3191,11,11,16557,294,983149,3013900
3192,18,16,16539,296,983165,2483700
3193,17,15,16522,298,983180,2471300
3194,23,22,16499,299,983202,2846800
3195,14,12,16485,301,983214,3125000
3196,15,18,16470,298,983232,3089600
3197,12,12,16458,298,983244,3032100
3198,13,22,16445,289,983266,3070000
3199,19,14,16426,294,983280,3056600
3200,13,15,16413,292,983295,3155700
3201,11,12,16402,291,983307,3139000
3202,18,13,16384,296,983320,3182900
3203,13,11,16371,298,983331,3297600
3204,12,16,16359,294,983347,3062600
3205,14,15,16345,293,983362,3194200
3206,16,18,16329,291,983380,3068800
3207,12,21,16317,282,983401,2560000
3208,12,10,16305,284,983411,2641400
3209,17,10,16288,291,983421,2479100
3210,18,12,16270,297,983433,2477200
3211,14,7,16256,304,983440,2503900
3212,12,17,16244,299,983457,2467200
3213,22,8,16222,313,983465,2519900
3214,11,12,16211,312,983477,2647600
3215,14,14,16197,312,983491,2606800
3216,22,16,16175,318,983507,2523500
3217,19,17,16156,320,983524,2609500
3218,27,17,16129,330,983541,2572800
3219,11,14,16118,327,983555,2900300
3220,13,13,16105,327,983568,2548500
3221,18,15,16087,330,983583,2575900
3222,12,24,16075,318,983607,2525100
3223,17,17,16058,318,983624,2557100
3224,17,21,16041,314,983645,2482100
3225,14,14,16027,314,983659,2697400
3226,19,17,16008,316,983676,3239800
3227,11,15,15997,312,983691,2980900
3228,22,17,15975,317,983708,3111400
3229,11,15,15964,313,983723,3032900
3230,18,14,15946,317,983737,3160200
3231,16,12,15930,321,983749,3054800
3232,19,17,15911,323,983766,2497300
3233,12,19,15899,316,983785,2679500
3234,11,18,15888,309,983803,3852900
3235,9,27,15879,291,983830,2942000
3236,5,15,15874,281,983845,3935700
3237,15,10,15859,286,983855,3654800
3238,18,13,15841,291,983868,2560900
3239,6,8,15835,289,983876,2674400
3240,10,12,15825,287,983888,2742900
3241,9,10,15816,286,983898,2742700
3242,10,14,15806,282,983912,2734600
3243,11,10,15795,283,983922,3079900
3244,8,9,15787,282,983931,3330000
3245,10,16,15777,276,983947,2984600
3246,11,9,15766,278,983956,2598700
3247,15,17,15751,276,983973,2539100
3248,12,11,15739,277,983984,2698000
3249,10,16,15729,271,984000,2554300
3250,8,10,15721,269,984010,2508900
3251,9,16,15712,262,984026,3044900
3252,5,12,15707,255,984038,3186600
3253,9,11,15698,253,984049,3249900
3254,7,7,15691,253,984056,3080200
3255,8,12,15683,249,984068,3182000
3256,8,17,15675,240,984085,2762600
3257,8,15,15667,233,984100,2441600
3258,8,10,15659,231,984110,2481200
3259,18,13,15641,236,984123,2454300
3260,6,15,15635,227,984138,2537300
3261,5,6,15630,226,984144,3008600
3262,9,14,15621,221,984158,3232100
3263,7,16,15614,212,984174,3064700
3264,11,10,15603,213,984184,3002500
3265,5,11,15598,207,984195,3045500
3266,7,9,15591,205,984204,2904000
3267,6,10,15585,201,984214,2563100
3268,9,12,15576,198,984226,2628800
3269,7,9,15569,196,984235,2670400
3270,8,8,15561,196,984243,2531800
3271,5,11,15556,190,984254,2542300
3272,10,7,15546,193,984261,2616300
3273,8,7,15538,194,984268,2577400
3274,6,9,15532,191,984277,2424700
3275,10,9,15522,192,984286,2392000
3276,12,10,15510,194,984296,2376200
3277,7,15,15503,186,984311,2394800
3278,6,13,15497,179,984324,2335500
3279,3,13,15494,169,984337,2818200
3280,5,8,15489,166,984345,2687100
3281,7,16,15482,157,984361,2590100
3282,8,15,15474,150,984376,2794400
3283,13,8,15461,155,984384,2761600
3284,7,10,15454,152,984394,2748800
3285,10,6,15444,156,984400,3179100
3286,5,7,15439,154,984407,2586700
3287,9,5,15430,158,984412,2551400
3288,7,10,15423,155,984422,2562000
3289,9,8,15414,156,984430,2651600
3290,12,10,15402,158,984440,2974600
3291,5,11,15397,152,984451,2997900
3292,9,11,15388,150,984462,2711200
3293,8,8,15380,150,984470,2706000
3294,6,8,15374,148,984478,2613900
3295,11,5,15363,154,984483,2615300
3296,14,5,15349,163,984488,2711400
3297,5,4,15344,164,984492,2670400
3298,8,12,15336,160,984504,2618500
3299,11,11,15325,160,984515,2604400
3300,9,11,15316,158,984526,2563900
3301,10,10,15306,158,984536,2610300
3302,10,4,15296,164,984540,2678800
3303,6,10,15290,160,984550,2682500
3304,7,10,15283,157,984560,2548200
3305,5,9,15278,153,984569,2595500
3306,7,10,15271,150,984579,2555700
3307,6,5,15265,151,984584,2503300
3308,11,6,15254,156,984590,3033700
3309,9,7,15245,158,984597,3739600
3310,3,4,15242,157,984601,3463500
3311,4,10,15238,151,984611,3075100
3312,6,7,15232,150,984618,3318800
3313,4,10,15228,144,984628,3328600
3314,5,4,15223,145,984632,3295200
3315,9,11,15214,143,984643,3323100
3316,4,5,15210,142,984648,3001900
3317,8,13,15202,137,984661,3168900
3318,3,10,15199,130,984671,2829500
3319,4,13,15195,121,984684,3090000
3320,3,7,15192,117,984691,2755900
3321,6,8,15186,115,984699,3183300
3322,4,4,15182,115,984703,3268800
3323,4,4,15178,115,984707,3302100
3324,8,8,15170,115,984715,3187600
3325,7,10,15163,112,984725,2940800
3326,1,7,15162,106,984732,2997800
3327,5,1,15157,110,984733,3215400
3328,2,4,15155,108,984737,2938700
3329,6,4,15149,110,984741,2566300
3330,1,6,15148,105,984747,2609600
3331,4,9,15144,100,984756,2697700
3332,3,4,15141,99,984760,2787500
3333,5,4,15136,100,984764,2936400
3334,4,10,15132,94,984774,2852400
3335,3,4,15129,93,984778,2687900
3336,4,6,15125,91,984784,2543100
3337,1,6,15124,86,984790,2536800
3338,0,5,15124,81,984795,2525800
3339,3,4,15121,80,984799,2827900
3340,4,4,15117,80,984803,3169700
3341,7,4,15110,83,984807,2796800
3342,3,6,15107,80,984813,2843300
3343,0,2,15107,78,984815,2828300
3344,1,7,15106,72,984822,3401000
3345,6,2,15100,76,984824,3029600
3346,5,2,15095,79,984826,2577900
3347,4,5,15091,78,984831,2826100
3348,4,7,15087,75,984838,2864900
3349,4,5,15083,74,984843,2980200
3350,0,3,15083,71,984846,2550600
3351,3,5,15080,69,984851,2484800
3352,3,4,15077,68,984855,2504600
3353,3,5,15074,66,984860,2500400
3354,2,4,15072,64,984864,2472000
3355,1,3,15071,62,984867,2508100
3356,1,4,15070,59,984871,2477000
3357,5,2,15065,62,984873,2471300
3358,1,7,15064,56,984880,2454200
3359,0,3,15064,53,984883,2441400
3360,3,3,15061,53,984886,2425200
3361,0,2,15061,51,984888,2466600
3362,1,3,15060,49,984891,2782100
3363,4,6,15056,47,984897,2718700
3364,0,2,15056,45,984899,2741200
3365,5,2,15051,48,984901,2732200
3366,2,3,15049,47,984904,2716200
3367,2,3,15047,46,984907,2977000
3368,0,0,15047,46,984907,2576200
3369,3,3,15044,46,984910,2509600
3370,1,2,15043,45,984912,2506800
3371,2,3,15041,44,984915,2499500
3372,3,2,15038,45,984917,2463400
3373,0,4,15038,41,984921,2497100
3374,2,1,15036,42,984922,2506900
3375,1,2,15035,41,984924,2490700
3376,1,1,15034,41,984925,2441100
3377,1,3,15033,39,984928,2470800
3378,3,0,15030,42,984928,2432300
3379,2,0,15028,44,984928,2432900
3380,1,1,15027,44,984929,2773400
3381,1,0,15026,45,984929,2499800
3382,0,0,15026,45,984929,2496700
3383,1,1,15025,45,984930,2440900
3384,2,0,15023,47,984930,2425800
3385,1,4,15022,44,984934,2421100
3386,2,2,15020,44,984936,2494400
3387,1,3,15019,42,984939,2431000
3388,1,3,15018,40,984942,2471100
3389,0,0,15018,40,984942,2741300
3390,0,2,15018,38,984944,2747700
3391,3,4,15015,37,984948,2964900
3392,1,3,15014,35,984951,2677900
3393,0,1,15014,34,984952,2571300
3394,4,2,15010,36,984954,2547700
3395,0,3,15010,33,984957,2414400
3396,1,1,15009,33,984958,2402700
3397,1,5,15008,29,984963,2391900
3398,1,0,15007,30,984963,2486800
3399,1,1,15006,30,984964,2514000
3400,0,2,15006,28,984966,2458100
3401,2,2,15004,28,984968,2495700
3402,2,1,15002,29,984969,2395200
3403,0,0,15002,29,984969,2410300
3404,0,0,15002,29,984969,2411900
3405,0,0,15002,29,984969,2451100
3406,1,0,15001,30,984969,2434900
3407,0,1,15001,29,984970,2439500
3408,0,1,15001,28,984971,2535600
3409,0,0,15001,28,984971,3207600
3410,0,1,15001,27,984972,2808300
3411,0,4,15001,23,984976,3108700
3412,1,2,15000,22,984978,3015500
3413,0,2,15000,20,984980,2549700
3414,0,1,15000,19,984981,2626900
3415,0,1,15000,18,984982,2543200
3416,0,2,15000,16,984984,2580800
3417,0,1,15000,15,984985,2549400
3418,1,1,14999,15,984986,2750800
3419,0,0,14999,15,984986,2553600
3420,0,1,14999,14,984987,2505400
3421,0,1,14999,13,984988,2446900
3422,0,1,14999,12,984989,2523300
3423,0,0,14999,12,984989,2465200
3424,0,1,14999,11,984990,2480700
3425,0,1,14999,10,984991,2405200
3426,0,2,14999,8,984993,2453100
3427,0,1,14999,7,984994,2467600
3428,0,1,14999,6,984995,2537000
3429,0,0,14999,6,984995,2634900
3430,0,0,14999,6,984995,2483500
3431,0,0,14999,6,984995,2509500
3432,0,0,14999,6,984995,2491400
3433,0,0,14999,6,984995,2455700
3434,0,0,14999,6,984995,2449300
3435,0,0,14999,6,984995,2493500
3436,0,0,14999,6,984995,2436800
3437,0,0,14999,6,984995,2453900
3438,0,0,14999,6,984995,2450400
3439,0,0,14999,6,984995,2426600
3440,0,0,14999,6,984995,2415000
3441,0,0,14999,6,984995,2494500
3442,0,0,14999,6,984995,2442800
3443,0,0,14999,6,984995,2413100
3444,0,0,14999,6,984995,2433600
3445,0,0,14999,6,984995,2439800
3446,0,0,14999,6,984995,2420000
3447,0,1,14999,5,984996,2619900
3448,0,0,14999,5,984996,3162000
3449,0,1,14999,4,984997,2685100
3450,0,0,14999,4,984997,2450300
3451,0,0,14999,4,984997,2469500
3452,0,0,14999,4,984997,2499800
3453,0,1,14999,3,984998,2499100
3454,0,0,14999,3,984998,2492200
3455,0,0,14999,3,984998,2428700
3456,0,0,14999,3,984998,2475100
3457,0,0,14999,3,984998,2417800
3458,0,0,14999,3,984998,2446700
3459,0,0,14999,3,984998,2424000
3460,0,1,14999,2,984999,2763200
3461,0,0,14999,2,984999,2488700
3462,0,0,14999,2,984999,2447100
3463,0,0,14999,2,984999,2485100
3464,0,1,14999,1,985000,2450800
3465,0,0,14999,1,985000,2505600
3466,0,0,14999,1,985000,2797500
3467,0,0,14999,1,985000,2449100
3468,0,0,14999,1,985000,2627300
3469,0,0,14999,1,985000,2488900
3470,0,0,14999,1,985000,2541400
3471,0,0,14999,1,985000,2498300
3472,0,0,14999,1,985000,2570900
3473,0,0,14999,1,985000,2531200
3474,0,0,14999,1,985000,2639500
3475,0,0,14999,1,985000,2544700
3476,0,0,14999,1,985000,2556400
3477,0,0,14999,1,985000,2550100
3478,0,0,14999,1,985000,2768800
3479,0,0,14999,1,985000,2561900
3480,0,0,14999,1,985000,2711700
3481,0,0,14999,1,985000,2540700
3482,0,0,14999,1,985000,2539200
3483,0,0,14999,1,985000,2499300
3484,0,0,14999,1,985000,2615800
3485,0,0,14999,1,985000,2667600
3486,0,0,14999,1,985000,2452100
3487,0,0,14999,1,985000,2520500
3488,0,0,14999,1,985000,2517000
3489,0,0,14999,1,985000,2515100
3490,0,0,14999,1,985000,2801400
3491,0,0,14999,1,985000,2615800
3492,0,0,14999,1,985000,2542000
3493,0,0,14999,1,985000,2555600
3494,0,0,14999,1,985000,2649400
3495,0,0,14999,1,985000,2522100
3496,0,0,14999,1,985000,2534300
3497,0,0,14999,1,985000,2512100
3498,0,0,14999,1,985000,2449600
3499,0,1,14999,0,985001,2445800
