Tick,NewlyInfected,NewlyRecovered,TotalSusceptible,TotalInfected,TotalRecovered,StepTimeNanos
0,0,0,999995,5,0,14183900
1,3,0,999992,8,0,13400400
2,4,0,999988,12,0,2202600
3,3,2,999985,13,2,2195500
4,1,0,999984,14,2,2066800
5,4,1,999980,17,3,2019200
6,3,0,999977,20,3,2034100
7,3,2,999974,21,5,2043500
8,2,1,999972,22,6,2049700
9,4,0,999968,26,6,2026800
10,6,3,999962,29,9,2011700
11,9,2,999953,36,11,1987800
12,9,1,999944,44,12,2026900
13,8,3,999936,49,15,2132800
14,7,2,999929,54,17,2070700
15,7,0,999922,61,17,2003400
16,9,3,999913,67,20,2045300
17,14,3,999899,78,23,2015600
18,10,5,999889,83,28,2021000
19,9,5,999880,87,33,2035200
20,7,9,999873,85,42,2056000
21,6,3,999867,88,45,2055100
22,6,6,999861,88,51,2102100
23,10,7,999851,91,58,2077000
24,13,9,999838,95,67,2372100
25,15,4,999823,106,71,2350600
26,8,8,999815,106,79,2346100
27,12,8,999803,110,87,2381600
28,12,7,999791,115,94,2324500
29,12,1,999779,126,95,2314700
30,10,4,999769,132,99,2312900
31,10,8,999759,134,107,2311000
32,13,7,999746,140,114,2288300
33,12,6,999734,146,120,2594100
34,12,6,999722,152,126,2355500
35,20,10,999702,162,136,2337600
36,9,5,999693,166,141,1845400
37,18,13,999675,171,154,1952100
38,17,11,999658,177,165,1978300
39,15,8,999643,184,173,2074100
40,18,10,999625,192,183,2023000
41,17,12,999608,197,195,1980400
42,17,9,999591,205,204,2062700
43,20,17,999571,208,221,2087300
44,21,11,999550,218,232,2065100
45,11,10,999539,219,242,2032500
46,19,16,999520,222,258,2069500
47,18,13,999502,227,271,2047000
48,28,15,999474,240,286,2060100
49,15,7,999459,248,293,2043600
50,23,14,999436,257,307,2372500
51,17,14,999419,260,321,2306600
52,26,8,999393,278,329,2292100
53,27,18,999366,287,347,2661400
54,17,21,999349,283,368,2350500
55,21,13,999328,291,381,2317800
56,35,16,999293,310,397,2316200
57,34,15,999259,329,412,2308400
58,29,14,999230,344,426,2280400
59,34,13,999196,365,439,2348600
60,34,23,999162,376,462,2407400
61,41,25,999121,392,487,2461300
62,38,25,999083,405,512,2377300
63,29,15,999054,419,527,2388500
64,41,20,999013,440,547,2731000
65,36,26,998977,450,573,2373700
66,27,24,998950,453,597,2393300
67,43,14,998907,482,611,2363200
68,36,19,998871,499,630,2401100
69,51,23,998820,527,653,2405200
70,38,15,998782,550,668,2464100
71,31,16,998751,565,684,2657400
72,48,38,998703,575,722,2660800
73,43,27,998660,591,749,2722100
74,38,20,998622,609,769,2530500
75,34,33,998588,610,802,2829000
76,47,43,998541,614,845,2630600
77,40,29,998501,625,874,2704400
78,39,26,998462,638,900,2403400
79,44,22,998418,660,922,2451300
80,54,26,998364,688,948,2397100
81,47,34,998317,701,982,2415700
82,47,25,998270,723,1007,2428200
83,52,37,998218,738,1044,2589200
84,59,33,998159,764,1077,2542000
85,44,38,998115,770,1115,2540100
86,53,43,998062,780,1158,2715500
87,49,41,998013,788,1199,2354700
88,53,37,997960,804,1236,2340500
89,51,33,997909,822,1269,2345100
90,57,48,997852,831,1317,2039200
91,63,32,997789,862,1349,2040800
92,50,47,997739,865,1396,2012600
93,52,56,997687,861,1452,2000100
94,57,37,997630,881,1489,1999400
95,55,44,997575,892,1533,2296500
96,58,29,997517,921,1562,2311800
97,59,47,997458,933,1609,2036600
98,68,50,997390,951,1659,2139000
99,51,38,997339,964,1697,2377100
100,78,41,997261,1001,1738,2731000
101,57,42,997204,1016,1780,2319000
102,64,43,997140,1037,1823,2601800
103,71,51,997069,1057,1874,2414400
104,57,51,997012,1063,1925,2381600
105,68,39,996944,1092,1964,2393000
106,80,42,996864,1130,2006,2420500
107,62,55,996802,1137,2061,2382300
108,61,62,996741,1136,2123,2654800
109,78,63,996663,1151,2186,2618700
110,63,50,996600,1164,2236,2558800
111,73,51,996527,1186,2287,2506400
112,75,54,996452,1207,2341,2255500
113,73,70,996379,1210,2411,2474200
114,64,67,996315,1207,2478,2256800
115,60,63,996255,1204,2541,2147500
116,78,63,996177,1219,2604,2081600
117,75,61,996102,1233,2665,2182200
118,69,56,996033,1246,2721,2317000
119,74,72,995959,1248,2793,2405300
120,78,63,995881,1263,2856,2445200
121,74,59,995807,1278,2915,2266100
122,83,81,995724,1280,2996,2187000
123,68,65,995656,1283,3061,2177900
124,56,61,995600,1278,3122,2144500
125,74,76,995526,1276,3198,2338200
126,67,59,995459,1284,3257,2632400
127,78,56,995381,1306,3313,2500300
128,84,79,995297,1311,3392,2424400
129,58,73,995239,1296,3465,2397200
130,69,64,995170,1301,3529,2381900
131,78,54,995092,1325,3583,2417700
132,76,63,995016,1338,3646,2779900
133,101,54,994915,1385,3700,2425400
134,83,62,994832,1406,3762,2402700
135,76,64,994756,1418,3826,2398000
136,77,67,994679,1428,3893,2427500
137,84,76,994595,1436,3969,2440500
138,83,80,994512,1439,4049,2395100
139,90,67,994422,1462,4116,2390300
140,84,74,994338,1472,4190,2378300
141,72,86,994266,1458,4276,2395300
142,90,76,994176,1472,4352,2415100
143,86,65,994090,1493,4417,2475200
144,81,85,994009,1489,4502,2466300
145,91,71,993918,1509,4573,2450900
146,102,83,993816,1528,4656,2421600
147,73,74,993743,1527,4730,2449300
148,80,84,993663,1523,4814,2418600
149,90,74,993573,1539,4888,2420500
150,90,74,993483,1555,4962,2703300
151,83,84,993400,1554,5046,2581600
152,81,73,993319,1562,5119,2606000
153,79,78,993240,1563,5197,2519300
154,73,66,993167,1570,5263,2530500
155,78,85,993089,1563,5348,2470000
156,88,78,993001,1573,5426,2937200
157,94,85,992907,1582,5511,3059500
158,95,82,992812,1595,5593,2820900
159,92,68,992720,1619,5661,2621400
160,83,74,992637,1628,5735,2978100
161,93,70,992544,1651,5805,2994800
162,83,74,992461,1660,5879,2820400
163,113,89,992348,1684,5968,2645900
164,113,71,992235,1726,6039,2773900
165,87,92,992148,1721,6131,2530000
166,92,89,992056,1724,6220,2760500
167,103,88,991953,1739,6308,2532700
168,101,86,991852,1754,6394,2509300
169,98,89,991754,1763,6483,2494900
170,87,88,991667,1762,6571,2499100
171,104,99,991563,1767,6670,2496500
172,109,100,991454,1776,6770,2484000
173,102,86,991352,1792,6856,2499200
174,114,89,991238,1817,6945,2508200
175,96,91,991142,1822,7036,2565400
176,108,95,991034,1835,7131,2561600
177,92,83,990942,1844,7214,2538600
178,107,102,990835,1849,7316,2562000
179,111,95,990724,1865,7411,2566900
180,112,98,990612,1879,7509,2541100
181,94,98,990518,1875,7607,2561600
182,113,85,990405,1903,7692,2544300
183,105,101,990300,1907,7793,2541900
184,104,113,990196,1898,7906,2527000
185,113,97,990083,1914,8003,2525200
186,108,96,989975,1926,8099,2492900
187,116,81,989859,1961,8180,2761400
188,124,103,989735,1982,8283,2560600
189,108,99,989627,1991,8382,2696100
190,106,114,989521,1983,8496,2521400
191,127,96,989394,2014,8592,2468700
192,103,103,989291,2014,8695,2489400
193,116,102,989175,2028,8797,2710100
194,112,106,989063,2034,8903,2747800
195,125,101,988938,2058,9004,3044500
196,119,95,988819,2082,9099,2502100
197,107,116,988712,2073,9215,2505900
198,121,91,988591,2103,9306,2521800
199,111,101,988480,2113,9407,2727400
200,137,89,988343,2161,9496,2837000
201,133,99,988210,2195,9595,2930500
202,128,106,988082,2217,9701,2661600
203,125,81,987957,2261,9782,2513600
204,122,97,987835,2286,9879,2520200
205,131,115,987704,2302,9994,2645300
206,134,128,987570,2308,10122,2872400
207,109,129,987461,2288,10251,2690000
208,123,112,987338,2299,10363,2599800
209,145,109,987193,2335,10472,2585300
210,138,130,987055,2343,10602,2539300
211,153,113,986902,2383,10715,2736400
212,141,119,986761,2405,10834,2696700
213,121,115,986640,2411,10949,2737700
214,155,113,986485,2453,11062,2559200
215,140,110,986345,2483,11172,2570400
216,151,125,986194,2509,11297,2455500
217,153,116,986041,2546,11413,3000200
218,139,132,985902,2553,11545,2475700
219,133,121,985769,2565,11666,2428800
220,135,125,985634,2575,11791,2429000
221,148,141,985486,2582,11932,2421900
222,137,141,985349,2578,12073,2432400
223,170,128,985179,2620,12201,2803600
224,146,137,985033,2629,12338,2427400
225,149,134,984884,2644,12472,2439600
226,152,101,984732,2695,12573,2417100
227,155,99,984577,2751,12672,2417400
228,145,147,984432,2749,12819,2417700
229,161,135,984271,2775,12954,2446300
230,139,132,984132,2782,13086,2476500
231,140,126,983992,2796,13212,2512100
232,129,140,983863,2785,13352,2452400
233,167,127,983696,2825,13479,2454300
234,147,133,983549,2839,13612,2642900
235,159,139,983390,2859,13751,2543500
236,141,116,983249,2884,13867,2471500
237,148,154,983101,2878,14021,2451600
238,152,162,982949,2868,14183,2429700
239,152,152,982797,2868,14335,2433900
240,128,141,982669,2855,14476,2629200
241,173,133,982496,2895,14609,3035500
242,150,154,982346,2891,14763,2923100
243,139,157,982207,2873,14920,2759300
244,189,133,982018,2929,15053,2725500
245,152,159,981866,2922,15212,2781700
246,150,145,981716,2927,15357,2896100
247,160,160,981556,2927,15517,2987200
248,160,145,981396,2942,15662,3118900
249,165,148,981231,2959,15810,3180700
250,169,159,981062,2969,15969,2898200
251,156,149,980906,2976,16118,2763600
252,161,142,980745,2995,16260,2809200
253,155,150,980590,3000,16410,2876400
254,169,158,980421,3011,16568,2871900
255,152,128,980269,3035,16696,2908400
256,142,164,980127,3013,16860,2985900
257,160,171,979967,3002,17031,2928500
258,154,156,979813,3000,17187,3272500
259,151,152,979662,2999,17339,2811000
260,160,154,979502,3005,17493,3117700
261,173,143,979329,3035,17636,3198500
262,173,132,979156,3076,17768,2965000
263,163,136,978993,3103,17904,2790900
264,171,174,978822,3100,18078,2922800
265,164,143,978658,3121,18221,2737100
266,174,181,978484,3114,18402,2751500
267,175,174,978309,3115,18576,2887500
268,168,143,978141,3140,18719,2959400
269,189,166,977952,3163,18885,2771900
270,183,154,977769,3192,19039,2760400
271,200,171,977569,3221,19210,3318100
272,163,152,977406,3232,19362,2773600
273,177,135,977229,3274,19497,2832400
274,183,159,977046,3298,19656,2616500
275,179,156,976867,3321,19812,2683100
276,168,173,976699,3316,19985,3088500
277,174,152,976525,3338,20137,2912500
278,160,171,976365,3327,20308,2865400
279,164,147,976201,3344,20455,2677200
280,165,154,976036,3355,20609,2569800
281,175,177,975861,3353,20786,2803900
282,186,162,975675,3377,20948,2551000
283,205,171,975470,3411,21119,2525200
284,195,206,975275,3400,21325,2503700
285,179,148,975096,3431,21473,2498100
286,191,188,974905,3434,21661,2471200
287,211,188,974694,3457,21849,2773100
288,186,185,974508,3458,22034,2649800
289,180,169,974328,3469,22203,2484700
290,209,178,974119,3500,22381,2494100
291,197,160,973922,3537,22541,2479200
292,190,189,973732,3538,22730,2478000
293,184,194,973548,3528,22924,2727100
294,213,173,973335,3568,23097,2799100
295,202,179,973133,3591,23276,3285000
296,179,180,972954,3590,23456,2821400
297,186,188,972768,3588,23644,3057700
298,188,195,972580,3581,23839,2898200
299,198,188,972382,3591,24027,2816700
300,211,174,972171,3628,24201,2713600
301,190,183,971981,3635,24384,2713300
302,187,156,971794,3666,24540,2712100
303,202,190,971592,3678,24730,3087400
304,191,185,971401,3684,24915,2799000
305,202,181,971199,3705,25096,2785800
306,184,225,971015,3664,25321,2793000
307,178,167,970837,3675,25488,2872600
308,195,171,970642,3699,25659,2669700
309,165,182,970477,3682,25841,2650100
310,198,194,970279,3686,26035,2977800
311,184,190,970095,3680,26225,2643500
312,196,169,969899,3707,26394,2704100
313,196,172,969703,3731,26566,2668400
314,181,193,969522,3719,26759,2878500
315,223,190,969299,3752,26949,2850600
316,190,178,969109,3764,27127,2773400
317,219,186,968890,3797,27313,2631900
318,208,191,968682,3814,27504,2618400
319,221,173,968461,3862,27677,2602500
320,203,206,968258,3859,27883,3013500
321,222,198,968036,3883,28081,2611800
322,231,195,967805,3919,28276,2567200
323,200,192,967605,3927,28468,2604800
324,215,207,967390,3935,28675,2907600
325,236,192,967154,3979,28867,2534300
326,185,200,966969,3964,29067,2513800
327,212,190,966757,3986,29257,2499500
328,202,188,966555,4000,29445,2529500
329,224,195,966331,4029,29640,2693500
330,217,224,966114,4022,29864,2681500
331,223,217,965891,4028,30081,2648200
332,220,205,965671,4043,30286,2600000
333,230,197,965441,4076,30483,2577200
334,223,199,965218,4100,30682,2599200
335,211,209,965007,4102,30891,2538700
336,207,249,964800,4060,31140,2538200
337,213,214,964587,4059,31354,2699100
338,211,212,964376,4058,31566,2574000
339,204,205,964172,4057,31771,2550700
340,215,221,963957,4051,31992,2554100
341,194,197,963763,4048,32189,2526200
342,211,192,963552,4067,32381,2509000
343,229,184,963323,4112,32565,2530000
344,232,233,963091,4111,32798,2518200
345,226,222,962865,4115,33020,2517700
346,238,192,962627,4161,33212,2573100
347,247,204,962380,4204,33416,2550800
348,226,202,962154,4228,33618,2624000
349,211,225,961943,4214,33843,2651200
350,241,206,961702,4249,34049,2633100
351,228,221,961474,4256,34270,2658800
352,267,198,961207,4325,34468,2611800
353,235,192,960972,4368,34660,2726100
354,204,203,960768,4369,34863,2829200
355,216,237,960552,4348,35100,2918700
356,232,226,960320,4354,35326,2846100
357,265,220,960055,4399,35546,2754200
358,222,250,959833,4371,35796,2785400
359,229,212,959604,4388,36008,2807200
360,258,202,959346,4444,36210,2852500
361,240,240,959106,4444,36450,2805200
362,232,223,958874,4453,36673,2854100
363,227,191,958647,4489,36864,2804300
364,243,243,958404,4489,37107,2757200
365,238,212,958166,4515,37319,2742500
366,257,217,957909,4555,37536,2902600
367,224,169,957685,4610,37705,2841700
368,226,236,957459,4600,37941,2823100
369,254,247,957205,4607,38188,2829800
370,253,236,956952,4624,38424,2755400
371,243,232,956709,4635,38656,2962900
372,232,201,956477,4666,38857,2813700
373,235,257,956242,4644,39114,2818000
374,247,251,955995,4640,39365,2792700
375,259,236,955736,4663,39601,2766700
376,238,225,955498,4676,39826,3157900
377,252,216,955246,4712,40042,3088900
378,245,233,955001,4724,40275,3108500
379,239,248,954762,4715,40523,2839000
380,250,235,954512,4730,40758,2898600
381,257,247,954255,4740,41005,2859900
382,228,239,954027,4729,41244,2846100
383,234,235,953793,4728,41479,2723200
384,243,270,953550,4701,41749,2738900
385,233,244,953317,4690,41993,2726600
386,234,242,953083,4682,42235,2788700
387,252,254,952831,4680,42489,2973400
388,259,232,952572,4707,42721,2814000
389,236,226,952336,4717,42947,2765600
390,244,227,952092,4734,43174,2784500
391,241,222,951851,4753,43396,2796300
392,237,237,951614,4753,43633,2767500
393,248,220,951366,4781,43853,2788600
394,244,243,951122,4782,44096,2782500
395,265,243,950857,4804,44339,2752500
396,250,232,950607,4822,44571,2826600
397,260,234,950347,4848,44805,2865700
398,290,266,950057,4872,45071,2756500
399,257,245,949800,4884,45316,2762700
400,249,243,949551,4890,45559,2786600
401,278,272,949273,4896,45831,2783000
402,247,245,949026,4898,46076,2922600
403,259,247,948767,4910,46323,3071400
404,269,231,948498,4948,46554,2996700
405,238,240,948260,4946,46794,3541900
406,263,245,947997,4964,47039,3121400
407,262,248,947735,4978,47287,3095600
408,273,275,947462,4976,47562,3258000
409,286,267,947176,4995,47829,3106000
410,262,279,946914,4978,48108,2969500
411,268,230,946646,5016,48338,2867000
412,286,286,946360,5016,48624,3292000
413,259,244,946101,5031,48868,2966700
414,263,253,945838,5041,49121,2888600
415,295,268,945543,5068,49389,2963100
416,283,241,945260,5110,49630,2963900
417,296,262,944964,5144,49892,3028100
418,284,267,944680,5161,50159,3033600
419,264,261,944416,5164,50420,3018200
420,276,233,944140,5207,50653,2894100
421,274,288,943866,5193,50941,2879200
422,301,248,943565,5246,51189,2996600
423,298,257,943267,5287,51446,2931600
424,322,291,942945,5318,51737,3096200
425,280,262,942665,5336,51999,3089600
426,291,267,942374,5360,52266,2943000
427,281,233,942093,5408,52499,2985900
428,288,249,941805,5447,52748,2899500
429,328,261,941477,5514,53009,2845000
430,291,292,941186,5513,53301,2872200
431,316,292,940870,5537,53593,2811000
432,289,264,940581,5562,53857,2866800
433,300,280,940281,5582,54137,2820100
434,284,274,939997,5592,54411,2863800
435,267,283,939730,5576,54694,2880900
436,295,264,939435,5607,54958,2883400
437,278,270,939157,5615,55228,2883500
438,298,256,938859,5657,55484,3330800
439,320,265,938539,5712,55749,3149000
440,316,292,938223,5736,56041,2952000
441,309,280,937914,5765,56321,3222300
442,311,261,937603,5815,56582,3008300
443,290,284,937313,5821,56866,3191900
444,285,316,937028,5790,57182,3076500
445,272,295,936756,5767,57477,3073700
446,297,300,936459,5764,57777,3432700
447,275,239,936184,5800,58016,3183700
448,283,269,935901,5814,58285,3128400
449,295,285,935606,5824,58570,3340600
450,298,297,935308,5825,58867,3054800
451,273,274,935035,5824,59141,3427700
452,303,294,934732,5833,59435,3156800
453,326,294,934406,5865,59729,2925400
454,292,301,934114,5856,60030,2816800
455,310,293,933804,5873,60323,3156800
456,321,272,933483,5922,60595,2928900
457,302,311,933181,5913,60906,3205800
458,322,284,932859,5951,61190,2957200
459,303,321,932556,5933,61511,2821800
460,317,303,932239,5947,61814,2892700
461,288,311,931951,5924,62125,2790000
462,309,288,931642,5945,62413,3085500
463,300,272,931342,5973,62685,2787400
464,310,293,931032,5990,62978,2723100
465,325,298,930707,6017,63276,2758500
466,313,292,930394,6038,63568,2879300
467,312,292,930082,6058,63860,2901200
468,309,293,929773,6074,64153,2790300
469,312,312,929461,6074,64465,2741300
470,309,327,929152,6056,64792,2707800
471,287,311,928865,6032,65103,2679800
472,255,269,928610,6018,65372,2680700
473,291,287,928319,6022,65659,2765700
474,305,280,928014,6047,65939,2781800
475,247,302,927767,5992,66241,2870100
476,308,306,927459,5994,66547,2900300
477,293,312,927166,5975,66859,2874400
478,311,305,926855,5981,67164,3072700
479,310,283,926545,6008,67447,3073600
480,312,303,926233,6017,67750,2862400
481,337,302,925896,6052,68052,2930800
482,329,278,925567,6103,68330,2860600
483,320,296,925247,6127,68626,2911500
484,347,309,924900,6165,68935,3209100
485,322,302,924578,6185,69237,3001600
486,313,265,924265,6233,69502,3110700
487,346,317,923919,6262,69819,3127700
488,327,348,923592,6241,70167,2981300
489,298,322,923294,6217,70489,2912300
490,326,315,922968,6228,70804,2946700
491,320,305,922648,6243,71109,2875900
492,289,327,922359,6205,71436,2897800
493,305,285,922054,6225,71721,2829800
494,337,313,921717,6249,72034,3138500
495,318,347,921399,6220,72381,2958700
496,329,292,921070,6257,72673,2998300
497,302,301,920768,6258,72974,2908600
498,309,324,920459,6243,73298,2881900
499,316,320,920143,6239,73618,3296200
500,340,322,919803,6257,73940,2993000
501,298,316,919505,6239,74256,2936600
502,304,317,919201,6226,74573,2898300
503,307,306,918894,6227,74879,2918500
504,297,308,918597,6216,75187,3014500
505,333,309,918264,6240,75496,2945100
506,315,312,917949,6243,75808,3057800
507,336,309,917613,6270,76117,3435700
508,341,322,917272,6289,76439,3027500
509,311,314,916961,6286,76753,2986100
510,322,326,916639,6282,77079,3002100
511,345,295,916294,6332,77374,3022600
512,323,297,915971,6358,77671,2915400
513,303,319,915668,6342,77990,2942900
514,333,291,915335,6384,78281,2973300
515,329,314,915006,6399,78595,2927400
516,312,315,914694,6396,78910,3030400
517,336,307,914358,6425,79217,2898900
518,298,344,914060,6379,79561,2890500
519,338,324,913722,6393,79885,3373000
520,346,328,913376,6411,80213,2933800
521,343,305,913033,6449,80518,2959300
522,300,298,912733,6451,80816,2907100
523,324,328,912409,6447,81144,2928300
524,298,339,912111,6406,81483,3336700
525,311,321,911800,6396,81804,2907300
526,350,314,911450,6432,82118,2963300
527,337,293,911113,6476,82411,2882900
528,334,324,910779,6486,82735,2930600
529,362,331,910417,6517,83066,3299900
530,298,343,910119,6472,83409,3023300
531,361,304,909758,6529,83713,2912800
532,362,357,909396,6534,84070,2907000
533,336,340,909060,6530,84410,2920900
534,341,331,908719,6540,84741,2999800
535,376,331,908343,6585,85072,2923000
536,311,320,908032,6576,85392,2882800
537,323,330,907709,6569,85722,2939300
538,305,330,907404,6544,86052,2933900
539,341,320,907063,6565,86372,3052700
540,352,349,906711,6568,86721,3057300
541,358,351,906353,6575,87072,3188900
542,348,352,906005,6571,87424,2954500
543,349,333,905656,6587,87757,2941900
544,320,266,905336,6641,88023,3046800
545,343,298,904993,6686,88321,2933700
546,330,337,904663,6679,88658,3195700
547,350,319,904313,6710,88977,2990900
548,330,342,903983,6698,89319,2991900
549,333,326,903650,6705,89645,3023600
550,351,364,903299,6692,90009,2980100
551,361,299,902938,6754,90308,2842900
552,359,337,902579,6776,90645,2912900
553,372,359,902207,6789,91004,2862800
554,365,311,901842,6843,91315,2841700
555,374,338,901468,6879,91653,2860100
556,350,358,901118,6871,92011,2954600
557,364,355,900754,6880,92366,3171200
558,364,361,900390,6883,92727,2954300
559,341,318,900049,6906,93045,3096400
560,384,343,899665,6947,93388,3061100
561,371,368,899294,6950,93756,2886400
562,335,359,898959,6926,94115,2837400
563,345,317,898614,6954,94432,3003600
564,347,366,898267,6935,94798,2967500
565,353,362,897914,6926,95160,3390600
566,360,344,897554,6942,95504,2949200
567,330,344,897224,6928,95848,2894000
568,340,363,896884,6905,96211,2893400
569,328,347,896556,6886,96558,2820400
570,367,331,896189,6922,96889,3140000
571,343,298,895846,6967,97187,3261700
572,367,344,895479,6990,97531,2875200
573,362,347,895117,7005,97878,2785900
574,343,355,894774,6993,98233,2772400
575,351,354,894423,6990,98587,3045800
576,316,321,894107,6985,98908,2793500
577,332,367,893775,6950,99275,2767000
578,348,360,893427,6938,99635,2745900
579,340,323,893087,6955,99958,2795800
580,368,326,892719,6997,100284,2854100
581,366,330,892353,7033,100614,2833600
582,331,338,892022,7026,100952,2923900
583,327,356,891695,6997,101308,3252600
584,365,343,891330,7019,101651,3263800
585,340,325,890990,7034,101976,3494200
586,371,341,890619,7064,102317,2969600
587,398,332,890221,7130,102649,2792300
588,379,353,889842,7156,103002,2885200
589,360,343,889482,7173,103345,2985000
590,400,341,889082,7232,103686,3068800
591,369,357,888713,7244,104043,3034300
592,352,354,888361,7242,104397,3111300
593,412,352,887949,7302,104749,3135900
594,371,380,887578,7293,105129,3197900
595,344,362,887234,7275,105491,3339200
596,356,396,886878,7235,105887,3178400
597,369,384,886509,7220,106271,3311500
598,369,323,886140,7266,106594,3139000
599,378,381,885762,7263,106975,3220100
600,342,368,885420,7237,107343,3059400
601,390,359,885030,7268,107702,3045800
602,406,366,884624,7308,108068,3056200
603,409,363,884215,7354,108431,3029500
604,405,368,883810,7391,108799,3122100
605,373,397,883437,7367,109196,3054900
606,404,348,883033,7423,109544,3134800
607,409,366,882624,7466,109910,3130800
608,367,353,882257,7480,110263,3096900
609,429,346,881828,7563,110609,3152400
610,400,385,881428,7578,110994,3016500
611,402,398,881026,7582,111392,3072800
612,414,382,880612,7614,111774,3001700
613,423,392,880189,7645,112166,3223000
614,365,374,879824,7636,112540,3080500
615,426,370,879398,7692,112910,3090300
616,401,394,878997,7699,113304,2964800
617,421,394,878576,7726,113698,2960200
618,397,411,878179,7712,114109,2961100
619,398,362,877781,7748,114471,3046500
620,424,374,877357,7798,114845,3300900
621,431,430,876926,7799,115275,3041000
622,424,408,876502,7815,115683,3096600
623,425,422,876077,7818,116105,3037400
624,414,389,875663,7843,116494,3259600
625,446,361,875217,7928,116855,3000700
626,446,407,874771,7967,117262,3009000
627,437,383,874334,8021,117645,3016400
628,418,409,873916,8030,118054,2953300
629,408,417,873508,8021,118471,3049100
630,419,391,873089,8049,118862,3034000
631,393,391,872696,8051,119253,3085200
632,402,419,872294,8034,119672,3021500
633,413,420,871881,8027,120092,3003200
634,412,416,871469,8023,120508,3013800
635,422,384,871047,8061,120892,2999300
636,418,403,870629,8076,121295,3037500
637,408,413,870221,8071,121708,3006500
638,433,426,869788,8078,122134,3037600
639,423,402,869365,8099,122536,3009600
640,391,387,868974,8103,122923,3154400
641,418,424,868556,8097,123347,3047000
642,415,411,868141,8101,123758,3023000
643,450,377,867691,8174,124135,3003000
644,420,418,867271,8176,124553,3012400
645,412,417,866859,8171,124970,3125200
646,405,441,866454,8135,125411,3120400
647,423,393,866031,8165,125804,3076700
648,415,385,865616,8195,126189,3016400
649,411,415,865205,8191,126604,3043000
650,427,434,864778,8184,127038,3070100
651,418,405,864360,8197,127443,3138200
652,415,430,863945,8182,127873,3181900
653,424,425,863521,8181,128298,3179400
654,443,371,863078,8253,128669,3216900
655,448,415,862630,8286,129084,3192800
656,405,409,862225,8282,129493,3372800
657,427,401,861798,8308,129894,3130700
658,406,427,861392,8287,130321,3059900
659,429,437,860963,8279,130758,3167300
660,420,424,860543,8275,131182,3449300
661,430,427,860113,8278,131609,3242300
662,375,401,859738,8252,132010,3139800
663,416,435,859322,8233,132445,3190900
664,422,420,858900,8235,132865,3068100
665,413,433,858487,8215,133298,3142200
666,417,418,858070,8214,133716,3252600
667,384,382,857686,8216,134098,3094800
668,388,417,857298,8187,134515,3147000
669,409,442,856889,8154,134957,3132700
670,406,405,856483,8155,135362,3163000
671,424,411,856059,8168,135773,3101500
672,440,391,855619,8217,136164,3188600
673,432,394,855187,8255,136558,3213700
674,446,415,854741,8286,136973,3211000
675,452,392,854289,8346,137365,3245700
676,435,429,853854,8352,137794,3196900
677,408,387,853446,8373,138181,3148600
678,437,390,853009,8420,138571,3177200
679,428,410,852581,8438,138981,3129700
680,436,435,852145,8439,139416,3161600
681,417,435,851728,8421,139851,3235400
682,447,425,851281,8443,140276,3188500
683,393,415,850888,8421,140691,3172700
684,448,444,850440,8425,141135,3231100
685,420,416,850020,8429,141551,3140400
686,422,432,849598,8419,141983,3165300
687,426,421,849172,8424,142404,3260800
688,435,417,848737,8442,142821,3124500
689,450,433,848287,8459,143254,3309000
690,445,427,847842,8477,143681,3340400
691,426,440,847416,8463,144121,3173500
692,433,405,846983,8491,144526,3607600
693,433,442,846550,8482,144968,3259300
694,450,385,846100,8547,145353,3537500
695,443,425,845657,8565,145778,3236900
696,438,420,845219,8583,146198,3167900
697,517,427,844702,8673,146625,3215400
698,474,447,844228,8700,147072,3158700
699,489,436,843739,8753,147508,3254500
700,463,419,843276,8797,147927,3180500
701,437,451,842839,8783,148378,3357700
702,454,463,842385,8774,148841,3368800
703,432,426,841953,8780,149267,3150500
704,458,468,841495,8770,149735,3938400
705,436,456,841059,8750,150191,3370700
706,448,415,840611,8783,150606,3025900
707,447,436,840164,8794,151042,3210200
708,444,431,839720,8807,151473,3465500
709,419,431,839301,8795,151904,3412200
710,466,442,838835,8819,152346,3811500
711,430,485,838405,8764,152831,3144600
712,446,450,837959,8760,153281,3804700
713,433,420,837526,8773,153701,3479400
714,479,408,837047,8844,154109,3286200
715,450,480,836597,8814,154589,3260200
716,438,436,836159,8816,155025,3197900
717,449,447,835710,8818,155472,3213600
718,426,444,835284,8800,155916,3138000
719,458,420,834826,8838,156336,3161100
720,478,426,834348,8890,156762,3325300
721,483,476,833865,8897,157238,3213700
722,487,455,833378,8929,157693,3196500
723,436,434,832942,8931,158127,3177600
724,466,439,832476,8958,158566,3190100
725,450,446,832026,8962,159012,3148800
726,433,437,831593,8958,159449,3176500
727,504,447,831089,9015,159896,3693500
728,466,461,830623,9020,160357,3161900
729,488,434,830135,9074,160791,3482500
730,427,451,829708,9050,161242,3145500
731,477,478,829231,9049,161720,3437700
732,476,438,828755,9087,162158,3269900
733,469,481,828286,9075,162639,3428100
734,473,425,827813,9123,163064,3244200
735,470,419,827343,9174,163483,3045100
736,474,440,826869,9208,163923,3383600
737,450,469,826419,9189,164392,2970400
738,495,454,825924,9230,164846,2925900
739,494,461,825430,9263,165307,2898300
740,437,469,824993,9231,165776,2849800
741,466,461,824527,9236,166237,3237200
742,437,456,824090,9217,166693,3149500
743,486,436,823604,9267,167129,2994800
744,460,460,823144,9267,167589,3049000
745,456,482,822688,9241,168071,2870100
746,486,480,822202,9247,168551,3044900
747,449,489,821753,9207,169040,2906300
748,472,474,821281,9205,169514,3016100
749,483,491,820798,9197,170005,2886400
750,445,452,820353,9190,170457,2887900
751,494,493,819859,9191,170950,2904300
752,458,465,819401,9184,171415,2860100
753,514,456,818887,9242,171871,2843300
754,459,480,818428,9221,172351,2812600
755,479,432,817949,9268,172783,3134000
756,480,474,817469,9274,173257,3002400
757,482,419,816987,9337,173676,2865400
758,485,480,816502,9342,174156,2836900
759,505,499,815997,9348,174655,2849100
760,427,475,815570,9300,175130,2858700
761,462,466,815108,9296,175596,2804200
762,511,501,814597,9306,176097,3044700
763,471,433,814126,9344,176530,2821700
764,465,499,813661,9310,177029,2792000
765,492,428,813169,9374,177457,2767800
766,463,480,812706,9357,177937,2908500
767,492,487,812214,9362,178424,3132800
768,484,469,811730,9377,178893,3184600
769,454,463,811276,9368,179356,3372900
770,504,439,810772,9433,179795,3156800
771,446,505,810326,9374,180300,3195500
772,537,477,809789,9434,180777,3314300
773,481,476,809308,9439,181253,3331300
774,477,481,808831,9435,181734,3307100
775,526,456,808305,9505,182190,3278600
776,487,483,807818,9509,182673,3808900
777,501,490,807317,9520,183163,4013200
778,472,481,806845,9511,183644,3647900
779,476,462,806369,9525,184106,3994000
780,544,465,805825,9604,184571,3868200
781,503,479,805322,9628,185050,3650200
782,525,428,804797,9725,185478,3174200
783,520,484,804277,9761,185962,3448600
784,469,516,803808,9714,186478,3478200
785,505,494,803303,9725,186972,3758000
786,533,507,802770,9751,187479,3221300
787,486,492,802284,9745,187971,3076300
788,493,478,801791,9760,188449,3050400
789,520,512,801271,9768,188961,3004200
790,508,446,800763,9830,189407,3650800
791,526,512,800237,9844,189919,3370500
792,514,499,799723,9859,190418,2826200
793,501,492,799222,9868,190910,2819100
794,525,496,798697,9897,191406,2814800
795,499,493,798198,9903,191899,3113500
796,509,528,797689,9884,192427,2856700
797,482,483,797207,9883,192910,2933100
798,511,474,796696,9920,193384,2897200
799,511,508,796185,9923,193892,2857400
800,469,454,795716,9938,194346,3325500
801,473,492,795243,9919,194838,2878800
802,461,533,794782,9847,195371,2830400
803,451,505,794331,9793,195876,2787000
804,475,470,793856,9798,196346,2774400
805,492,469,793364,9821,196815,2854900
806,463,491,792901,9793,197306,3030800
807,486,467,792415,9812,197773,2949500
808,503,498,791912,9817,198271,2815900
809,475,454,791437,9838,198725,2990400
810,473,508,790964,9803,199233,2952800
811,503,485,790461,9821,199718,2845700
812,488,497,789973,9812,200215,2893100
813,482,507,789491,9787,200722,2824800
814,525,513,788966,9799,201235,2829800
815,529,450,788437,9878,201685,2781800
816,531,527,787906,9882,202212,3002600
817,521,477,787385,9926,202689,3494500
818,515,498,786870,9943,203187,3396500
819,498,490,786372,9951,203677,3151900
820,469,492,785903,9928,204169,3373100
821,500,548,785403,9880,204717,3126800
822,493,489,784910,9884,205206,3037600
823,490,505,784420,9869,205711,3174500
824,488,495,783932,9862,206206,3052800
825,491,464,783441,9889,206670,3284800
826,525,496,782916,9918,207166,3137100
827,492,515,782424,9895,207681,2931000
828,487,499,781937,9883,208180,2891600
829,542,499,781395,9926,208679,2901200
830,502,502,780893,9926,209181,3214700
831,519,505,780374,9940,209686,3338800
832,511,485,779863,9966,210171,3233500
833,509,497,779354,9978,210668,3017000
834,555,492,778799,10041,211160,3018500
835,499,473,778300,10067,211633,2970800
836,518,491,777782,10094,212124,2953900
837,518,494,777264,10118,212618,2902800
838,500,475,776764,10143,213093,2873100
839,516,503,776248,10156,213596,3049600
840,507,505,775741,10158,214101,3425200
841,478,512,775263,10124,214613,3307500
842,493,463,774770,10154,215076,3072100
843,536,510,774234,10180,215586,3032600
844,514,481,773720,10213,216067,2965600
845,510,517,773210,10206,216584,2932200
846,545,511,772665,10240,217095,2892100
847,510,518,772155,10232,217613,2858300
848,507,494,771648,10245,218107,3161100
849,515,484,771133,10276,218591,2850900
850,535,498,770598,10313,219089,2821700
851,538,522,770060,10329,219611,2853000
852,470,473,769590,10326,220084,2831700
853,506,514,769084,10318,220598,2850000
854,517,495,768567,10340,221093,2882600
855,533,495,768034,10378,221588,2913600
856,514,550,767520,10342,222138,3150500
857,526,505,766994,10363,222643,3048500
858,511,516,766483,10358,223159,3079400
859,521,522,765962,10357,223681,3347700
860,498,488,765464,10367,224169,3242200
861,478,533,764986,10312,224702,3667900
862,505,465,764481,10352,225167,3342000
863,487,525,763994,10314,225692,3382800
864,507,541,763487,10280,226233,3321800
865,509,522,762978,10267,226755,3312900
866,496,515,762482,10248,227270,3277600
867,510,514,761972,10244,227784,3292500
868,459,491,761513,10212,228275,3267300
869,471,481,761042,10202,228756,3202200
870,479,488,760563,10193,229244,3517500
871,513,488,760050,10218,229732,3279500
872,490,495,759560,10213,230227,3209800
873,487,511,759073,10189,230738,3133700
874,460,516,758613,10133,231254,3506300
875,493,488,758120,10138,231742,3211100
876,506,456,757614,10188,232198,3122100
877,501,518,757113,10171,232716,3017600
878,513,474,756600,10210,233190,3018500
879,504,534,756096,10180,233724,2955100
880,508,488,755588,10200,234212,2908900
881,517,537,755071,10180,234749,2884600
882,479,522,754592,10137,235271,2864700
883,477,515,754115,10099,235786,2904000
884,497,499,753618,10097,236285,2939500
885,437,530,753181,10004,236815,2935400
886,495,523,752686,9976,237338,2859100
887,501,475,752185,10002,237813,2839700
888,490,484,751695,10008,238297,2828300
889,481,525,751214,9964,238822,2860000
890,495,511,750719,9948,239333,3130900
891,501,498,750218,9951,239831,3020700
892,472,505,749746,9918,240336,2882900
893,466,512,749280,9872,240848,2871100
894,508,466,748772,9914,241314,2804100
895,503,501,748269,9916,241815,3067900
896,472,486,747797,9902,242301,3080500
897,483,454,747314,9931,242755,2853400
898,486,530,746828,9887,243285,2828800
899,518,509,746310,9896,243794,2821300
900,492,485,745818,9903,244279,2976300
901,520,500,745298,9923,244779,3017400
902,492,499,744806,9916,245278,2909000
903,536,464,744270,9988,245742,2865600
904,484,501,743786,9971,246243,2858600
905,523,477,743263,10017,246720,2834900
906,488,490,742775,10015,247210,2961600
907,503,514,742272,10004,247724,2994600
908,468,491,741804,9981,248215,3000500
909,480,515,741324,9946,248730,2965300
910,503,477,740821,9972,249207,2953100
911,518,462,740303,10028,249669,3186300
912,503,513,739800,10018,250182,3048700
913,511,507,739289,10022,250689,2923400
914,509,521,738780,10010,251210,2918000
915,536,507,738244,10039,251717,2868400
916,552,515,737692,10076,252232,2910500
917,499,494,737193,10081,252726,2889900
918,492,504,736701,10069,253230,2863200
919,481,488,736220,10062,253718,2797500
920,477,513,735743,10026,254231,2799300
921,494,528,735249,9992,254759,2794000
922,485,494,734764,9983,255253,2839000
923,556,474,734208,10065,255727,2797900
924,506,541,733702,10030,256268,2802600
925,507,478,733195,10059,256746,2765700
926,498,482,732697,10075,257228,2744600
927,488,483,732209,10080,257711,3108500
928,464,513,731745,10031,258224,3118100
929,500,508,731245,10023,258732,3124900
930,516,493,730729,10046,259225,2996600
931,482,548,730247,9980,259773,2943300
932,479,489,729768,9970,260262,3150200
933,519,501,729249,9988,260763,3149500
934,492,501,728757,9979,261264,3052000
935,500,468,728257,10011,261732,2991800
936,500,504,727757,10007,262236,2983600
937,498,507,727259,9998,262743,3186500
938,483,525,726776,9956,263268,3177300
939,459,493,726317,9922,263761,2943300
940,510,504,725807,9928,264265,2936200
941,515,519,725292,9924,264784,2945800
942,481,482,724811,9923,265266,3058700
943,500,481,724311,9942,265747,3022400
944,538,485,723773,9995,266232,2986300
945,513,488,723260,10020,266720,3498900
946,539,487,722721,10072,267207,3318900
947,533,510,722188,10095,267717,4103000
948,515,502,721673,10108,268219,3263200
949,497,505,721176,10100,268724,3430900
950,524,523,720652,10101,269247,3325300
951,535,507,720117,10129,269754,3200300
952,506,514,719611,10121,270268,3469700
953,534,514,719077,10141,270782,3085500
954,521,527,718556,10135,271309,3058000
955,519,499,718037,10155,271808,3002700
956,493,503,717544,10145,272311,3014700
957,463,520,717081,10088,272831,3186300
958,535,507,716546,10116,273338,3084900
959,492,490,716054,10118,273828,3054100
960,490,548,715564,10060,274376,3018700
961,477,484,715087,10053,274860,2960300
962,499,523,714588,10029,275383,3233100
963,507,469,714081,10067,275852,3020100
964,496,503,713585,10060,276355,2965200
965,512,519,713073,10053,276874,2943300
966,504,527,712569,10030,277401,2932400
967,483,495,712086,10018,277896,2993500
968,455,490,711631,9983,278386,3258000
969,517,516,711114,9984,278902,3504400
970,498,524,710616,9958,279426,3244500
971,512,497,710104,9973,279923,3237700
972,466,500,709638,9939,280423,3445900
973,512,485,709126,9966,280908,3856300
974,497,526,708629,9937,281434,3954000
975,478,559,708151,9856,281993,3055400
976,485,502,707666,9839,282495,2982600
977,484,518,707182,9805,283013,2994900
978,501,500,706681,9806,283513,3044500
979,447,496,706234,9757,284009,3082500
980,529,508,705705,9778,284517,3066100
981,499,508,705206,9769,285025,3622200
982,511,468,704695,9812,285493,3620900
983,500,475,704195,9837,285968,3979400
984,524,538,703671,9823,286506,3986100
985,525,454,703146,9894,286960,3100200
986,508,464,702638,9938,287424,3077600
987,490,503,702148,9925,287927,3013700
988,512,490,701636,9947,288417,2932300
989,516,524,701120,9939,288941,2892200
990,540,494,700580,9985,289435,2872000
991,582,490,699998,10077,289925,2958500
992,527,516,699471,10088,290441,2986000
993,487,481,698984,10094,290922,2958000
994,520,484,698464,10130,291406,2909400
995,508,518,697956,10120,291924,2927600
996,526,467,697430,10179,292391,2922300
997,517,476,696913,10220,292867,2878100
998,499,505,696414,10214,293372,2848700
999,516,552,695898,10178,293924,2834000
1000,504,522,695394,10160,294446,2832900
1001,516,522,694878,10154,294968,3120100
1002,496,468,694382,10182,295436,2882500
1003,472,503,693910,10151,295939,2920900
1004,484,487,693426,10148,296426,2851200
1005,484,513,692942,10119,296939,2940400
1006,445,528,692497,10036,297467,2957200
1007,497,482,692000,10051,297949,2950400
1008,519,474,691481,10096,298423,2868900
1009,481,514,691000,10063,298937,2838600
1010,463,527,690537,9999,299464,2849100
1011,496,541,690041,9954,300005,2860900
1012,513,486,689528,9981,300491,3178600
1013,508,518,689020,9971,301009,2889600
1014,511,533,688509,9949,301542,3131000
1015,486,494,688023,9941,302036,3055700
1016,517,496,687506,9962,302532,3219200
1017,463,493,687043,9932,303025,2961500
1018,455,497,686588,9890,303522,2902600
1019,524,511,686064,9903,304033,2869200
1020,507,501,685557,9909,304534,2872900
1021,544,500,685013,9953,305034,2827200
1022,521,492,684492,9982,305526,2833800
1023,510,512,683982,9980,306038,2826800
1024,533,507,683449,10006,306545,2821500
1025,535,489,682914,10052,307034,2789600
1026,494,482,682420,10064,307516,2782000
1027,506,475,681914,10095,307991,2779600
1028,527,504,681387,10118,308495,2838300
1029,534,472,680853,10180,308967,2818100
1030,534,521,680319,10193,309488,2800200
1031,495,518,679824,10170,310006,2832800
1032,515,536,679309,10149,310542,2854000
1033,522,526,678787,10145,311068,2833900
1034,488,507,678299,10126,311575,2932600
1035,483,507,677816,10102,312082,2885000
1036,536,471,677280,10167,312553,2847700
1037,517,484,676763,10200,313037,2914100
1038,558,485,676205,10273,313522,2947800
1039,548,518,675657,10303,314040,2904300
1040,548,509,675109,10342,314549,2888500
1041,525,525,674584,10342,315074,2889900
1042,532,506,674052,10368,315580,2832600
1043,486,530,673566,10324,316110,2852900
1044,487,514,673079,10297,316624,2933600
1045,519,524,672560,10292,317148,3316200
1046,507,480,672053,10319,317628,2897700
1047,516,501,671537,10334,318129,2951900
1048,560,480,670977,10414,318609,2883900
1049,486,522,670491,10378,319131,2954000
1050,530,510,669961,10398,319641,2994800
1051,530,561,669431,10367,320202,3022500
1052,512,494,668919,10385,320696,3034200
1053,537,502,668382,10420,321198,3009200
1054,498,504,667884,10414,321702,3014300
1055,506,544,667378,10376,322246,3053000
1056,484,514,666894,10346,322760,3044200
1057,562,521,666332,10387,323281,3001500
1058,543,530,665789,10400,323811,2954400
1059,562,568,665227,10394,324379,2921400
1060,495,550,664732,10339,324929,2997400
1061,515,488,664217,10366,325417,2955100
1062,532,523,663685,10375,325940,2936600
1063,511,507,663174,10379,326447,2877300
1064,512,505,662662,10386,326952,2882700
1065,523,554,662139,10355,327506,2846900
1066,530,533,661609,10352,328039,2944200
1067,538,565,661071,10325,328604,2864100
1068,545,526,660526,10344,329130,2858800
1069,561,535,659965,10370,329665,2911900
1070,513,524,659452,10359,330189,2938500
1071,581,503,658871,10437,330692,2922000
1072,539,532,658332,10444,331224,2900100
1073,532,498,657800,10478,331722,2845800
1074,538,545,657262,10471,332267,2822700
1075,541,492,656721,10520,332759,2823100
1076,558,528,656163,10550,333287,2828900
1077,575,532,655588,10593,333819,2913400
1078,552,529,655036,10616,334348,2845800
1079,543,513,654493,10646,334861,2911000
1080,561,554,653932,10653,335415,2866400
1081,565,538,653367,10680,335953,2954000
1082,516,541,652851,10655,336494,3052000
1083,523,509,652328,10669,337003,3110000
1084,522,492,651806,10699,337495,3041000
1085,558,529,651248,10728,338024,2980000
1086,553,557,650695,10724,338581,2933500
1087,549,549,650146,10724,339130,3067800
1088,556,499,649590,10781,339629,2919300
1089,549,559,649041,10771,340188,2905000
1090,563,549,648478,10785,340737,2895400
1091,559,521,647919,10823,341258,2970400
1092,560,538,647359,10845,341796,2933300
1093,550,579,646809,10816,342375,3485600
1094,573,544,646236,10845,342919,3063300
1095,591,528,645645,10908,343447,3012900
1096,553,542,645092,10919,343989,3111300
1097,541,508,644551,10952,344497,3220700
1098,571,544,643980,10979,345041,3111200
1099,571,549,643409,11001,345590,3034100
1100,541,534,642868,11008,346124,2951600
1101,544,523,642324,11029,346647,2936700
1102,546,496,641778,11079,347143,3053300
1103,578,566,641200,11091,347709,3972900
1104,552,547,640648,11096,348256,3391000
1105,519,520,640129,11095,348776,3281900
1106,539,569,639590,11065,349345,3274400
1107,563,542,639027,11086,349887,3622300
1108,552,533,638475,11105,350420,3311300
1109,548,538,637927,11115,350958,3465200
1110,549,556,637378,11108,351514,3202500
1111,525,554,636853,11079,352068,3414500
1112,507,587,636346,10999,352655,3459200
1113,542,538,635804,11003,353193,3559200
1114,531,523,635273,11011,353716,3707000
1115,549,570,634724,10990,354286,3833900
1116,583,535,634141,11038,354821,3661800
1117,582,553,633559,11067,355374,3513500
1118,537,571,633022,11033,355945,3591100
1119,537,506,632485,11064,356451,3748800
1120,580,557,631905,11087,357008,3757900
1121,606,547,631299,11146,357555,3558400
1122,587,531,630712,11202,358086,3455600
1123,568,559,630144,11211,358645,3487100
1124,567,568,629577,11210,359213,3432300
1125,565,583,629012,11192,359796,3358400
1126,557,509,628455,11240,360305,3881200
1127,547,530,627908,11257,360835,5532600
1128,561,565,627347,11253,361400,5062300
1129,555,541,626792,11267,361941,4917500
1130,571,552,626221,11286,362493,3650000
1131,549,587,625672,11248,363080,3454200
1132,578,614,625094,11212,363694,3394500
1133,539,565,624555,11186,364259,3207700
1134,556,569,623999,11173,364828,2942100
1135,562,584,623437,11151,365412,3806200
1136,540,552,622897,11139,365964,4662800
1137,588,559,622309,11168,366523,5262000
1138,559,578,621750,11149,367101,4558900
1139,585,553,621165,11181,367654,10092000
1140,535,518,620630,11198,368172,5462600
1141,554,540,620076,11212,368712,4277900
1142,526,558,619550,11180,369270,3662200
1143,626,551,618924,11255,369821,3661300
1144,546,541,618378,11260,370362,3566900
1145,598,552,617780,11306,370914,3800200
1146,528,562,617252,11272,371476,3407200
1147,556,550,616696,11278,372026,3401300
1148,549,571,616147,11256,372597,3275700
1149,623,537,615524,11342,373134,3336000
1150,558,547,614966,11353,373681,3302500
1151,563,577,614403,11339,374258,3444000
1152,595,573,613808,11361,374831,3263300
1153,594,571,613214,11384,375402,3301400
1154,530,604,612684,11310,376006,3514800
1155,561,582,612123,11289,376588,3219300
1156,547,609,611576,11227,377197,3264100
1157,567,585,611009,11209,377782,3181800
1158,543,551,610466,11201,378333,3235000
1159,573,524,609893,11250,378857,3225200
1160,568,563,609325,11255,379420,3214400
1161,546,569,608779,11232,379989,3249300
1162,553,574,608226,11211,380563,3117300
1163,532,562,607694,11181,381125,3186900
1164,495,551,607199,11125,381676,3530200
1165,589,553,606610,11161,382229,3187100
1166,567,576,606043,11152,382805,3431800
1167,552,562,605491,11142,383367,3168600
1168,591,550,604900,11183,383917,3231000
1169,586,556,604314,11213,384473,3137800
1170,585,548,603729,11250,385021,3186500
1171,545,572,603184,11223,385593,3100300
1172,520,541,602664,11202,386134,3114600
1173,556,516,602108,11242,386650,3330700
1174,563,559,601545,11246,387209,3332300
1175,543,565,601002,11224,387774,3404700
1176,550,565,600452,11209,388339,3269000
1177,536,551,599916,11194,388890,3183100
1178,515,570,599401,11139,389460,3248700
1179,548,557,598853,11130,390017,3158800
1180,535,568,598318,11097,390585,3278800
1181,511,614,597807,10994,391199,3113400
1182,515,540,597292,10969,391739,3346000
1183,552,561,596740,10960,392300,3166900
1184,498,514,596242,10944,392814,3069800
1185,495,589,595747,10850,393403,3050200
1186,513,511,595234,10852,393914,2982200
1187,526,548,594708,10830,394462,3027800
1188,496,547,594212,10779,395009,3078600
1189,520,527,593692,10772,395536,3093600
1190,536,539,593156,10769,396075,3053800
1191,507,504,592649,10772,396579,3038000
1192,486,516,592163,10742,397095,3107100
1193,533,515,591630,10760,397610,3147600
1194,495,531,591135,10724,398141,3153100
1195,543,554,590592,10713,398695,3193400
1196,520,546,590072,10687,399241,3353600
1197,508,553,589564,10642,399794,3309000
1198,500,555,589064,10587,400349,3271700
1199,511,516,588553,10582,400865,3238800
1200,553,501,588000,10634,401366,3148600
1201,504,563,587496,10575,401929,3156600
1202,529,520,586967,10584,402449,3569000
1203,481,545,586486,10520,402994,3153700
1204,510,534,585976,10496,403528,3449000
1205,519,543,585457,10472,404071,3033700
1206,500,514,584957,10458,404585,3195500
1207,556,499,584401,10515,405084,3466500
1208,503,487,583898,10531,405571,3367000
1209,490,492,583408,10529,406063,3302100
1210,523,520,582885,10532,406583,3166100
1211,529,517,582356,10544,407100,3539000
1212,500,513,581856,10531,407613,3574500
1213,542,498,581314,10575,408111,3525000
1214,524,543,580790,10556,408654,3576300
1215,523,489,580267,10590,409143,3340800
1216,532,530,579735,10592,409673,3439800
1217,534,556,579201,10570,410229,3673400
1218,489,522,578712,10537,410751,3520700
1219,570,556,578142,10551,411307,3407900
1220,514,522,577628,10543,411829,3736200
1221,524,522,577104,10545,412351,4261600
1222,478,535,576626,10488,412886,3579700
1223,511,505,576115,10494,413391,3371700
1224,482,506,575633,10470,413897,3223400
1225,512,488,575121,10494,414385,3625400
1226,495,490,574626,10499,414875,3314300
1227,534,501,574092,10532,415376,3298500
1228,511,535,573581,10508,415911,3407000
1229,498,558,573083,10448,416469,3194700
1230,493,518,572590,10423,416987,3333800
1231,534,528,572056,10429,417515,3414800
1232,505,513,571551,10421,418028,3512800
1233,511,518,571040,10414,418546,3734900
1234,497,505,570543,10406,419051,3571100
1235,494,499,570049,10401,419550,3670500
1236,538,539,569511,10400,420089,3634600
1237,491,510,569020,10381,420599,3285800
1238,529,529,568491,10381,421128,3504700
1239,517,535,567974,10363,421663,3227000
1240,531,557,567443,10337,422220,3195200
1241,501,516,566942,10322,422736,3352500
1242,567,498,566375,10391,423234,3285900
1243,479,502,565896,10368,423736,3316200
1244,481,515,565415,10334,424251,3185300
1245,474,506,564941,10302,424757,3141500
1246,522,525,564419,10299,425282,3202700
1247,480,529,563939,10250,425811,3165000
1248,485,533,563454,10202,426344,3753500
1249,511,507,562943,10206,426851,3205800
1250,540,539,562403,10207,427390,3243600
1251,497,480,561906,10224,427870,3343900
1252,517,544,561389,10197,428414,3231500
1253,511,507,560878,10201,428921,3228900
1254,531,514,560347,10218,429435,3165000
1255,539,496,559808,10261,429931,3245900
1256,487,520,559321,10228,430451,3559500
1257,471,478,558850,10221,430929,3701400
1258,486,501,558364,10206,431430,3747700
1259,519,459,557845,10266,431889,3221000
1260,494,531,557351,10229,432420,3128100
1261,492,498,556859,10223,432918,3157900
1262,485,541,556374,10167,433459,3307200
1263,503,519,555871,10151,433978,3151000
1264,495,496,555376,10150,434474,3135500
1265,495,489,554881,10156,434963,3153200
1266,498,489,554383,10165,435452,3515000
1267,489,488,553894,10166,435940,3181000
1268,523,524,553371,10165,436464,3114700
1269,481,514,552890,10132,436978,3218700
1270,502,501,552388,10133,437479,3145600
1271,485,498,551903,10120,437977,3380800
1272,515,537,551388,10098,438514,3101100
1273,542,511,550846,10129,439025,3036900
1274,469,509,550377,10089,439534,3015700
1275,479,472,549898,10096,440006,3023500
1276,456,518,549442,10034,440524,3490500
1277,486,502,548956,10018,441026,3165300
1278,485,481,548471,10022,441507,3069800
1279,472,514,547999,9980,442021,3034200
1280,498,502,547501,9976,442523,2992700
1281,498,516,547003,9958,443039,3125800
1282,457,463,546546,9952,443502,3116100
1283,484,485,546062,9951,443987,3079900
1284,491,485,545571,9957,444472,3142700
1285,494,484,545077,9967,444956,3090800
1286,485,459,544592,9993,445415,3408700
1287,481,488,544111,9986,445903,3200400
1288,545,492,543566,10039,446395,3109200
1289,478,525,543088,9992,446920,3039300
1290,515,470,542573,10037,447390,3015000
1291,505,520,542068,10022,447910,3098700
1292,497,526,541571,9993,448436,2988200
1293,495,534,541076,9954,448970,2999700
1294,501,492,540575,9963,449462,2917300
1295,501,460,540074,10004,449922,2923600
1296,498,512,539576,9990,450434,3346500
1297,494,466,539082,10018,450900,3030900
1298,490,505,538592,10003,451405,3086300
1299,503,518,538089,9988,451923,3058300
1300,508,475,537581,10021,452398,3103700
1301,529,512,537052,10038,452910,3054200
1302,511,469,536541,10080,453379,3136400
1303,540,502,536001,10118,453881,3230400
1304,520,489,535481,10149,454370,3134300
1305,540,505,534941,10184,454875,3153200
1306,504,510,534437,10178,455385,3345200
1307,482,529,533955,10131,455914,3351400
1308,510,501,533445,10140,456415,3123200
1309,532,492,532913,10180,456907,3116800
1310,481,548,532432,10113,457455,3094000
1311,498,513,531934,10098,457968,3198700
1312,512,484,531422,10126,458452,3137700
1313,520,518,530902,10128,458970,3094700
1314,533,540,530369,10121,459510,3172300
1315,517,523,529852,10115,460033,3088200
1316,517,559,529335,10073,460592,3333800
1317,540,523,528795,10090,461115,3250500
1318,519,487,528276,10122,461602,3083600
1319,520,521,527756,10121,462123,3295200
1320,540,511,527216,10150,462634,3254400
1321,523,523,526693,10150,463157,3386500
1322,527,484,526166,10193,463641,3191800
1323,535,511,525631,10217,464152,3150500
1324,533,484,525098,10266,464636,3145000
1325,573,505,524525,10334,465141,3105300
1326,500,532,524025,10302,465673,3168800
1327,543,526,523482,10319,466199,3121600
1328,523,506,522959,10336,466705,3166700
1329,519,509,522440,10346,467214,3137500
1330,571,498,521869,10419,467712,3229800
1331,481,484,521388,10416,468196,3306900
1332,520,544,520868,10392,468740,3263500
1333,549,517,520319,10424,469257,3218100
1334,508,549,519811,10383,469806,3167700
1335,558,507,519253,10434,470313,3217500
1336,574,558,518679,10450,470871,3251600
1337,544,514,518135,10480,471385,3153100
1338,553,530,517582,10503,471915,3255500
1339,568,510,517014,10561,472425,3127200
1340,541,545,516473,10557,472970,3333800
1341,517,503,515956,10571,473473,3190000
1342,508,524,515448,10555,473997,3162500
1343,537,542,514911,10550,474539,3161600
1344,531,528,514380,10553,475067,3141900
1345,473,506,513907,10520,475573,3243100
1346,508,521,513399,10507,476094,3113600
1347,541,514,512858,10534,476608,3146300
1348,557,497,512301,10594,477105,3034200
1349,535,522,511766,10607,477627,3136600
1350,495,524,511271,10578,478151,3092200
1351,521,511,510750,10588,478662,2971800
1352,531,513,510219,10606,479175,2977500
1353,515,522,509704,10599,479697,2969100
1354,501,532,509203,10568,480229,3030400
1355,521,582,508682,10507,480811,3161500
1356,510,550,508172,10467,481361,2988300
1357,476,512,507696,10431,481873,2966700
1358,494,526,507202,10399,482399,2975000
1359,526,515,506676,10410,482914,2931800
1360,480,538,506196,10352,483452,3323200
1361,516,549,505680,10319,484001,3112200
1362,514,494,505166,10339,484495,3132700
1363,518,506,504648,10351,485001,3400100
1364,503,498,504145,10356,485499,3169400
1365,533,534,503612,10355,486033,3203400
1366,526,483,503086,10398,486516,2994600
1367,511,525,502575,10384,487041,3018400
1368,543,503,502032,10424,487544,2980400
1369,478,538,501554,10364,488082,3014900
1370,555,490,500999,10429,488572,2988800
1371,494,528,500505,10395,489100,2968600
1372,550,516,499955,10429,489616,2983700
1373,533,508,499422,10454,490124,3329100
1374,488,494,498934,10448,490618,2970300
1375,499,537,498435,10410,491155,3223300
1376,506,564,497929,10352,491719,3008500
1377,542,508,497387,10386,492227,2969900
1378,541,528,496846,10399,492755,2975900
1379,512,490,496334,10421,493245,2982800
1380,485,531,495849,10375,493776,3182400
1381,498,483,495351,10390,494259,3057000
1382,497,500,494854,10387,494759,2990600
1383,502,512,494352,10377,495271,3183900
1384,521,552,493831,10346,495823,3073100
1385,523,494,493308,10375,496317,3078000
1386,547,479,492761,10443,496796,3046800
1387,514,536,492247,10421,497332,3014800
1388,503,521,491744,10403,497853,3000000
1389,507,506,491237,10404,498359,3001900
1390,514,508,490723,10410,498867,3247600
1391,499,520,490224,10389,499387,3071100
1392,512,535,489712,10366,499922,3056900
1393,479,511,489233,10334,500433,3009700
1394,524,545,488709,10313,500978,3149600
1395,507,527,488202,10293,501505,3218600
1396,517,527,487685,10283,502032,3078700
1397,508,540,487177,10251,502572,3012900
1398,487,531,486690,10207,503103,3030500
1399,494,506,486196,10195,503609,3092300
1400,496,517,485700,10174,504126,3033300
1401,521,495,485179,10200,504621,3061800
1402,529,504,484650,10225,505125,3004100
1403,496,480,484154,10241,505605,3044300
1404,492,481,483662,10252,506086,3072400
1405,518,547,483144,10223,506633,3421900
1406,517,521,482627,10219,507154,3884500
1407,505,508,482122,10216,507662,3710600
1408,528,533,481594,10211,508195,3979300
1409,523,519,481071,10215,508714,3238600
1410,506,510,480565,10211,509224,3500600
1411,485,513,480080,10183,509737,3367300
1412,495,522,479585,10156,510259,3101500
1413,511,516,479074,10151,510775,3303600
1414,498,498,478576,10151,511273,3431300
1415,464,499,478112,10116,511772,3332800
1416,481,514,477631,10083,512286,3092300
1417,509,515,477122,10077,512801,3028900
1418,473,483,476649,10067,513284,2962800
1419,461,474,476188,10054,513758,2950500
1420,508,515,475680,10047,514273,3320300
1421,508,534,475172,10021,514807,3345300
1422,486,556,474686,9951,515363,3390900
1423,501,478,474185,9974,515841,3285900
1424,560,465,473625,10069,516306,3902900
1425,528,502,473097,10095,516808,3638900
1426,522,528,472575,10089,517336,3700500
1427,507,522,472068,10074,517858,3430000
1428,492,467,471576,10099,518325,3524900
1429,478,517,471098,10060,518842,3514000
1430,488,508,470610,10040,519350,3345800
1431,483,503,470127,10020,519853,3420200
1432,508,533,469619,9995,520386,3149100
1433,495,499,469124,9991,520885,3273700
1434,493,469,468631,10015,521354,3250900
1435,537,506,468094,10046,521860,4013100
1436,482,471,467612,10057,522331,3495100
1437,483,489,467129,10051,522820,4101200
1438,521,472,466608,10100,523292,3705000
1439,526,503,466082,10123,523795,3111300
1440,544,529,465538,10138,524324,3130100
1441,495,468,465043,10165,524792,3188200
1442,496,520,464547,10141,525312,3172300
1443,518,492,464029,10167,525804,3095800
1444,525,519,463504,10173,526323,3165000
1445,504,526,463000,10151,526849,3130700
1446,538,505,462462,10184,527354,3048400
1447,494,502,461968,10176,527856,3775800
1448,488,517,461480,10147,528373,3449300
1449,493,542,460987,10098,528915,3207300
1450,489,505,460498,10082,529420,3416500
1451,542,512,459956,10112,529932,3279200
1452,521,513,459435,10120,530445,3489500
1453,498,478,458937,10140,530923,3350700
1454,505,536,458432,10109,531459,3318400
1455,472,560,457960,10021,532019,3335300
1456,482,510,457478,9993,532529,3675100
1457,458,527,457020,9924,533056,3441200
1458,506,490,456514,9940,533546,3243300
1459,481,460,456033,9961,534006,3169000
1460,497,515,455536,9943,534521,3240300
1461,495,481,455041,9957,535002,3494500
1462,538,484,454503,10011,535486,3262300
1463,506,520,453997,9997,536006,3180700
1464,496,529,453501,9964,536535,3390200
1465,529,494,452972,9999,537029,3814700
1466,510,492,452462,10017,537521,3594200
1467,513,502,451949,10028,538023,3336200
1468,506,484,451443,10050,538507,3329000
1469,494,508,450949,10036,539015,3196700
1470,470,493,450479,10013,539508,3396600
1471,530,525,449949,10018,540033,3325300
1472,548,472,449401,10094,540505,3256900
1473,504,528,448897,10070,541033,3289700
1474,490,479,448407,10081,541512,3495100
1475,516,481,447891,10116,541993,3504100
1476,491,495,447400,10112,542488,3289600
1477,523,544,446877,10091,543032,3234900
1478,538,504,446339,10125,543536,3314200
1479,536,505,445803,10156,544041,3329200
1480,508,471,445295,10193,544512,3265400
1481,523,529,444772,10187,545041,3307500
1482,482,527,444290,10142,545568,3352900
1483,520,512,443770,10150,546080,4143200
1484,499,468,443271,10181,546548,3763500
1485,522,503,442749,10200,547051,3516500
1486,524,516,442225,10208,547567,3526400
1487,523,491,441702,10240,548058,3317200
1488,530,533,441172,10237,548591,4395800
1489,512,538,440660,10211,549129,4590400
1490,526,506,440134,10231,549635,4469400
1491,566,535,439568,10262,550170,7627100
1492,517,504,439051,10275,550674,6842800
1493,503,525,438548,10253,551199,5806000
1494,507,519,438041,10241,551718,15441200
1495,521,523,437520,10239,552241,5846600
1496,517,524,437003,10232,552765,5863700
1497,517,502,436486,10247,553267,5039100
1498,507,505,435979,10249,553772,4940900
1499,502,491,435477,10260,554263,3848900
1500,524,530,434953,10254,554793,3500600
1501,525,527,434428,10252,555320,3551100
1502,520,507,433908,10265,555827,3498000
1503,498,496,433410,10267,556323,3468600
1504,539,495,432871,10311,556818,3443100
1505,508,527,432363,10292,557345,4387000
1506,497,510,431866,10279,557855,4150700
1507,544,482,431322,10341,558337,3519400
1508,564,555,430758,10350,558892,3446800
1509,534,496,430224,10388,559388,3549300
1510,538,487,429686,10439,559875,3935900
1511,502,526,429184,10415,560401,4245100
1512,568,514,428616,10469,560915,4685200
1513,510,504,428106,10475,561419,3712600
1514,515,513,427591,10477,561932,3503500
1515,528,505,427063,10500,562437,3362800
1516,508,526,426555,10482,562963,3389000
1517,559,547,425996,10494,563510,3463100
1518,489,503,425507,10480,564013,3486600
1519,526,525,424981,10481,564538,3516700
1520,512,531,424469,10462,565069,3292000
1521,530,535,423939,10457,565604,3352800
1522,543,564,423396,10436,566168,3372200
1523,513,504,422883,10445,566672,3341500
1524,495,492,422388,10448,567164,3270200
1525,561,528,421827,10481,567692,3643400
1526,564,589,421263,10456,568281,4257500
1527,532,492,420731,10496,568773,4295900
1528,515,578,420216,10433,569351,4362500
1529,514,522,419702,10425,569873,4350000
1530,548,519,419154,10454,570392,3361600
1531,517,498,418637,10473,570890,3438500
1532,554,518,418083,10509,571408,3217300
1533,493,507,417590,10495,571915,3329300
1534,504,549,417086,10450,572464,3677100
1535,503,509,416583,10444,572973,4670900
1536,528,529,416055,10443,573502,4477300
1537,509,575,415546,10377,574077,3460500
1538,523,528,415023,10372,574605,3626500
1539,523,533,414500,10362,575138,3600300
1540,552,549,413948,10365,575687,3739600
1541,541,507,413407,10399,576194,3538400
1542,554,556,412853,10397,576750,3521500
1543,512,549,412341,10360,577299,3846000
1544,524,503,411817,10381,577802,4582300
1545,514,549,411303,10346,578351,4642300
1546,513,526,410790,10333,578877,3975300
1547,519,513,410271,10339,579390,5722500
1548,572,500,409699,10411,579890,6824200
1549,501,507,409198,10405,580397,4396300
1550,503,518,408695,10390,580915,4151800
1551,515,485,408180,10420,581400,3978200
1552,558,526,407622,10452,581926,6617600
1553,512,505,407110,10459,582431,5557200
1554,537,531,406573,10465,582962,4874200
1555,529,523,406044,10471,583485,4459500
1556,527,530,405517,10468,584015,3810800
1557,571,484,404946,10555,584499,3637200
1558,526,548,404420,10533,585047,3504600
1559,551,518,403869,10566,585565,3857700
1560,500,535,403369,10531,586100,3428100
1561,502,549,402867,10484,586649,3265000
1562,511,507,402356,10488,587156,3274100
1563,502,541,401854,10449,587697,3260800
1564,499,507,401355,10441,588204,3489500
1565,510,532,400845,10419,588736,3231000
1566,501,526,400344,10394,589262,3238300
1567,514,519,399830,10389,589781,3234900
1568,538,513,399292,10414,590294,3221900
1569,520,538,398772,10396,590832,3279600
1570,506,498,398266,10404,591330,3281900
1571,517,545,397749,10376,591875,3310200
1572,501,523,397248,10354,592398,3334900
1573,515,524,396733,10345,592922,3350200
1574,507,498,396226,10354,593420,3438500
1575,503,524,395723,10333,593944,3228700
1576,481,478,395242,10336,594422,3170600
1577,517,528,394725,10325,594950,3231500
1578,526,541,394199,10310,595491,3181500
1579,522,522,393677,10310,596013,3250100
1580,477,539,393200,10248,596552,3210700
1581,512,536,392688,10224,597088,3296600
1582,529,526,392159,10227,597614,3282200
1583,502,506,391657,10223,598120,3259100
1584,517,526,391140,10214,598646,3268000
1585,484,531,390656,10167,599177,3178400
1586,535,503,390121,10199,599680,3272800
1587,547,523,389574,10223,600203,3222200
1588,508,506,389066,10225,600709,3238200
1589,557,566,388509,10216,601275,3273900
1590,487,497,388022,10206,601772,3199100
1591,485,494,387537,10197,602266,3290600
1592,483,503,387054,10177,602769,3288200
1593,499,518,386555,10158,603287,3340100
1594,506,537,386049,10127,603824,3288200
1595,511,513,385538,10125,604337,3240200
1596,490,496,385048,10119,604833,3539800
1597,524,512,384524,10131,605345,3394800
1598,499,475,384025,10155,605820,3236900
1599,491,542,383534,10104,606362,3152100
1600,531,542,383003,10093,606904,3124200
1601,534,544,382469,10083,607448,3199700
1602,519,507,381950,10095,607955,3123700
1603,530,481,381420,10144,608436,3320600
1604,494,459,380926,10179,608895,3109400
1605,501,521,380425,10159,609416,3115300
1606,483,472,379942,10170,609888,3587200
1607,495,489,379447,10176,610377,3435000
1608,483,508,378964,10151,610885,3405100
1609,506,513,378458,10144,611398,3267500
1610,537,545,377921,10136,611943,3229100
1611,494,527,377427,10103,612470,4099800
1612,517,463,376910,10157,612933,3349200
1613,463,545,376447,10075,613478,3359800
1614,521,551,375926,10045,614029,3516800
1615,525,500,375401,10070,614529,3323900
1616,518,495,374883,10093,615024,3444000
1617,512,506,374371,10099,615530,3404500
1618,499,513,373872,10085,616043,3252900
1619,501,514,373371,10072,616557,3488600
1620,498,526,372873,10044,617083,3296500
1621,518,525,372355,10037,617608,3314100
1622,509,474,371846,10072,618082,3243300
1623,504,499,371342,10077,618581,3176600
1624,497,539,370845,10035,619120,3287400
1625,462,511,370383,9986,619631,3252200
1626,492,513,369891,9965,620144,3381900
1627,498,527,369393,9936,620671,3390600
1628,490,516,368903,9910,621187,3306400
1629,502,536,368401,9876,621723,3995200
1630,519,512,367882,9883,622235,3652900
1631,472,474,367410,9881,622709,3544500
1632,517,495,366893,9903,623204,3657200
1633,530,509,366363,9924,623713,3356000
1634,498,475,365865,9947,624188,3314300
1635,492,521,365373,9918,624709,3268800
1636,507,461,364866,9964,625170,3249800
1637,493,508,364373,9949,625678,3332000
1638,476,493,363897,9932,626171,3255700
1639,461,503,363436,9890,626674,3258700
1640,477,484,362959,9883,627158,3194700
1641,486,480,362473,9889,627638,3212800
1642,483,473,361990,9899,628111,3179200
1643,483,517,361507,9865,628628,3172800
1644,506,511,361001,9860,629139,3224900
1645,511,471,360490,9900,629610,3138500
1646,485,476,360005,9909,630086,3227700
1647,520,482,359485,9947,630568,3170500
1648,513,502,358972,9958,631070,3596700
1649,491,494,358481,9955,631564,3327600
1650,525,490,357956,9990,632054,3143100
1651,503,474,357453,10019,632528,3251400
1652,485,491,356968,10013,633019,3226600
1653,494,475,356474,10032,633494,3641400
1654,518,504,355956,10046,633998,3874200
1655,527,507,355429,10066,634505,3996200
1656,516,475,354913,10107,634980,3793900
1657,516,503,354397,10120,635483,3809200
1658,523,467,353874,10176,635950,3471000
1659,489,535,353385,10130,636485,3372100
1660,519,541,352866,10108,637026,4241600
1661,472,478,352394,10102,637504,3943200
1662,498,492,351896,10108,637996,3831400
1663,537,495,351359,10150,638491,3947200
1664,541,518,350818,10173,639009,3608100
1665,473,475,350345,10171,639484,3242900
1666,524,500,349821,10195,639984,3190500
1667,535,510,349286,10220,640494,4050900
1668,580,498,348706,10302,640992,3499600
1669,530,525,348176,10307,641517,3617800
1670,475,512,347701,10270,642029,3312500
1671,543,551,347158,10262,642580,3268300
1672,472,531,346686,10203,643111,3237900
1673,517,499,346169,10221,643610,3262800
1674,510,496,345659,10235,644106,3199300
1675,503,526,345156,10212,644632,3164400
1676,531,480,344625,10263,645112,3149800
1677,540,550,344085,10253,645662,3202800
1678,525,533,343560,10245,646195,3333000
1679,515,515,343045,10245,646710,3641900
1680,519,471,342526,10293,647181,3418900
1681,509,493,342017,10309,647674,3623700
1682,543,492,341474,10360,648166,3451500
1683,509,561,340965,10308,648727,10632300
1684,533,512,340432,10329,649239,5819000
1685,531,482,339901,10378,649721,5441600
1686,548,535,339353,10391,650256,5998000
1687,513,560,338840,10344,650816,5484100
1688,557,523,338283,10378,651339,6238000
1689,497,501,337786,10374,651840,5971400
1690,495,524,337291,10345,652364,4349100
1691,522,523,336769,10344,652887,3596900
1692,508,502,336261,10350,653389,3359300
1693,559,492,335702,10417,653881,3888300
1694,608,527,335094,10498,654408,4392200
1695,560,546,334534,10512,654954,5174100
1696,538,526,333996,10524,655480,3444900
1697,527,547,333469,10504,656027,3544100
1698,525,527,332944,10502,656554,3518700
1699,510,546,332434,10466,657100,3964000
1700,530,524,331904,10472,657624,3529500
1701,523,551,331381,10444,658175,3613900
1702,525,545,330856,10424,658720,3683400
1703,510,497,330346,10437,659217,3420200
1704,509,503,329837,10443,659720,3204400
1705,492,554,329345,10381,660274,3300500
1706,501,493,328844,10389,660767,3357300
1707,496,535,328348,10350,661302,3564600
1708,499,562,327849,10287,661864,3759100
1709,490,506,327359,10271,662370,3319800
1710,486,482,326873,10275,662852,3242900
1711,518,511,326355,10282,663363,3158600
1712,530,499,325825,10313,663862,3218400
1713,486,509,325339,10290,664371,3151400
1714,500,494,324839,10296,664865,3064800
1715,462,532,324377,10226,665397,3053500
1716,503,505,323874,10224,665902,3013400
1717,497,499,323377,10222,666401,3063000
1718,535,476,322842,10281,666877,2987900
1719,555,526,322287,10310,667403,3020800
1720,532,557,321755,10285,667960,3010000
1721,500,509,321255,10276,668469,2968500
1722,506,503,320749,10279,668972,3331100
1723,545,529,320204,10295,669501,2996200
1724,503,516,319701,10282,670017,3058700
1725,502,535,319199,10249,670552,3148800
1726,521,492,318678,10278,671044,3113700
1727,458,528,318220,10208,671572,3391000
1728,536,491,317684,10253,672063,3226400
1729,514,515,317170,10252,672578,3540400
1730,548,542,316622,10258,673120,3210000
1731,506,513,316116,10251,673633,3202700
1732,494,541,315622,10204,674174,3087500
1733,455,510,315167,10149,674684,3030300
1734,541,531,314626,10159,675215,2992800
1735,532,499,314094,10192,675714,2966000
1736,515,562,313579,10145,676276,3006800
1737,510,528,313069,10127,676804,3087400
1738,475,528,312594,10074,677332,2935900
1739,504,523,312090,10055,677855,2900100
1740,459,480,311631,10034,678335,2880200
1741,516,516,311115,10034,678851,2853800
1742,531,496,310584,10069,679347,3188500
1743,488,530,310096,10027,679877,2879200
1744,536,521,309560,10042,680398,3453600
1745,508,542,309052,10008,680940,3074200
1746,512,525,308540,9995,681465,3014500
1747,480,489,308060,9986,681954,3052800
1748,495,514,307565,9967,682468,2969500
1749,540,483,307025,10024,682951,2988600
1750,491,510,306534,10005,683461,2900100
1751,514,514,306020,10005,683975,2919600
1752,541,477,305479,10069,684452,3319100
1753,483,476,304996,10076,684928,3223100
1754,515,521,304481,10070,685449,3148400
1755,515,472,303966,10113,685921,3053500
1756,516,500,303450,10129,686421,3003900
1757,545,506,302905,10168,686927,3094300
1758,493,529,302412,10132,687456,3061800
1759,502,531,301910,10103,687987,2998300
1760,531,462,301379,10172,688449,2956700
1761,514,563,300865,10123,689012,2916000
1762,503,486,300362,10140,689498,2936500
1763,553,481,299809,10212,689979,2901800
1764,532,510,299277,10234,690489,2924200
1765,564,512,298713,10286,691001,2864600
1766,538,533,298175,10291,691534,2894100
1767,550,571,297625,10270,692105,2875100
1768,570,543,297055,10297,692648,3092000
1769,557,481,296498,10373,693129,2893300
1770,547,549,295951,10371,693678,2901800
1771,559,514,295392,10416,694192,2911200
1772,524,544,294868,10396,694736,2891300
1773,528,541,294340,10383,695277,2926700
1774,542,515,293798,10410,695792,2943900
1775,533,531,293265,10412,696323,3175500
1776,524,524,292741,10412,696847,3314000
1777,499,512,292242,10399,697359,2960100
1778,562,544,291680,10417,697903,3497200
1779,566,538,291114,10445,698441,2985100
1780,564,523,290550,10486,698964,2934900
1781,535,543,290015,10478,699507,2925300
1782,526,521,289489,10483,700028,2901200
1783,522,542,288967,10463,700570,3441600
1784,496,573,288471,10386,701143,3088000
1785,528,458,287943,10456,701601,2902900
1786,533,544,287410,10445,702145,2920300
1787,518,497,286892,10466,702642,2918400
1788,549,517,286343,10498,703159,2911700
1789,578,517,285765,10559,703676,3281100
1790,487,515,285278,10531,704191,3057700
1791,522,508,284756,10545,704699,3038900
1792,493,577,284263,10461,705276,2945000
1793,506,543,283757,10424,705819,2950100
1794,506,540,283251,10390,706359,3153400
1795,529,528,282722,10391,706887,2970700
1796,582,550,282140,10423,707437,3014900
1797,495,545,281645,10373,707982,3122100
1798,505,514,281140,10364,708496,3070400
1799,525,536,280615,10353,709032,3444700
1800,501,544,280114,10310,709576,3103600
1801,519,506,279595,10323,710082,2986700
1802,542,522,279053,10343,710604,3010900
1803,522,498,278531,10367,711102,3100700
1804,517,466,278014,10418,711568,3429000
1805,494,507,277520,10405,712075,3202200
1806,510,536,277010,10379,712611,3159300
1807,473,570,276537,10282,713181,3270400
1808,522,509,276015,10295,713690,3182700
1809,488,573,275527,10210,714263,3206900
1810,501,503,275026,10208,714766,2999800
1811,501,522,274525,10187,715288,2958800
1812,508,518,274017,10177,715806,2894600
1813,471,500,273546,10148,716306,2931400
1814,497,479,273049,10166,716785,2923800
1815,515,500,272534,10181,717285,2887000
1816,488,520,272046,10149,717805,2876300
1817,497,487,271549,10159,718292,2861900
1818,512,497,271037,10174,718789,3029700
1819,552,505,270485,10221,719294,3012000
1820,505,523,269980,10203,719817,2970500
1821,532,515,269448,10220,720332,2903000
1822,533,497,268915,10256,720829,2905800
1823,527,476,268388,10307,721305,2932500
1824,551,490,267837,10368,721795,2904700
1825,559,461,267278,10466,722256,2868200
1826,537,505,266741,10498,722761,2886100
1827,521,535,266220,10484,723296,2859100
1828,538,520,265682,10502,723816,2910800
1829,551,493,265131,10560,724309,3043300
1830,558,584,264573,10534,724893,3009800
1831,573,506,264000,10601,725399,2838800
1832,554,512,263446,10643,725911,2861900
1833,533,517,262913,10659,726428,2850200
1834,582,559,262331,10682,726987,2866500
1835,540,547,261791,10675,727534,2914600
1836,574,518,261217,10731,728052,2986300
1837,540,557,260677,10714,728609,3086000
1838,532,486,260145,10760,729095,3184200
1839,530,543,259615,10747,729638,3163000
1840,531,531,259084,10747,730169,3317200
1841,577,520,258507,10804,730689,3253100
1842,563,516,257944,10851,731205,3156400
1843,579,572,257365,10858,731777,3226400
1844,569,518,256796,10909,732295,3177700
1845,527,565,256269,10871,732860,3147900
1846,556,538,255713,10889,733398,3267500
1847,540,572,255173,10857,733970,3255200
1848,531,541,254642,10847,734511,3235400
1849,561,542,254081,10866,735053,3279900
1850,540,513,253541,10893,735566,3551000
1851,563,521,252978,10935,736087,3406500
1852,517,550,252461,10902,736637,3301700
1853,505,570,251956,10837,737207,3217500
1854,555,552,251401,10840,737759,3553700
1855,544,536,250857,10848,738295,3108200
1856,514,574,250343,10788,738869,3246400
1857,545,545,249798,10788,739414,3101500
1858,604,547,249194,10845,739961,3117100
1859,536,535,248658,10846,740496,3156800
1860,537,506,248121,10877,741002,3441900
1861,575,535,247546,10917,741537,3224600
1862,529,534,247017,10912,742071,3219400
1863,535,571,246482,10876,742642,3634800
1864,555,583,245927,10848,743225,3388100
1865,509,492,245418,10865,743717,3197000
1866,518,531,244900,10852,744248,3275800
1867,516,533,244384,10835,744781,3194200
1868,514,520,243870,10829,745301,3286900
1869,528,532,243342,10825,745833,3188500
1870,561,514,242781,10872,746347,3220200
1871,518,514,242263,10876,746861,3168900
1872,527,534,241736,10869,747395,3196200
1873,532,535,241204,10866,747930,3352800
1874,522,576,240682,10812,748506,3246600
1875,553,586,240129,10779,749092,3258200
1876,536,513,239593,10802,749605,3231000
1877,506,551,239087,10757,750156,3221100
1878,500,551,238587,10706,750707,3321800
1879,531,552,238056,10685,751259,3215400
1880,504,532,237552,10657,751791,3192500
1881,544,490,237008,10711,752281,3178800
1882,515,527,236493,10699,752808,3352700
1883,484,562,236009,10621,753370,4320000
1884,541,499,235468,10663,753869,3663200
1885,507,533,234961,10637,754402,3147500
1886,524,558,234437,10603,754960,3484700
1887,548,546,233889,10605,755506,3415900
1888,523,549,233366,10579,756055,3123600
1889,549,544,232817,10584,756599,3047200
1890,538,563,232279,10559,757162,3145900
1891,527,479,231752,10607,757641,3087400
1892,562,537,231190,10632,758178,3309000
1893,572,505,230618,10699,758683,3267000
1894,596,519,230022,10776,759202,3222100
1895,556,570,229466,10762,759772,3168900
1896,580,519,228886,10823,760291,3130400
1897,553,546,228333,10830,760837,3209600
1898,561,552,227772,10839,761389,2976900
1899,535,563,227237,10811,761952,2928100
1900,597,542,226640,10866,762494,3154300
1901,576,524,226064,10918,763018,2955600
1902,604,561,225460,10961,763579,3205700
1903,560,544,224900,10977,764123,3090800
1904,567,540,224333,11004,764663,3042900
1905,526,520,223807,11010,765183,2991300
1906,573,588,223234,10995,765771,3000700
1907,611,567,222623,11039,766338,2986200
1908,552,573,222071,11018,766911,2930600
1909,503,577,221568,10944,767488,2905700
1910,491,559,221077,10876,768047,2871200
1911,557,582,220520,10851,768629,2926400
1912,572,493,219948,10930,769122,2953900
1913,517,577,219431,10870,769699,2902000
1914,560,554,218871,10876,770253,2871200
1915,567,553,218304,10890,770806,2893800
1916,564,582,217740,10872,771388,2858200
1917,564,549,217176,10887,771937,3147300
1918,543,529,216633,10901,772466,3011700
1919,554,505,216079,10950,772971,2967200
1920,530,555,215549,10925,773526,3152300
1921,573,548,214976,10950,774074,3109900
1922,558,547,214418,10961,774621,3062400
1923,567,548,213851,10980,775169,3001500
1924,575,531,213276,11024,775700,3083800
1925,547,530,212729,11041,776230,3005600
1926,539,555,212190,11025,776785,2970500
1927,586,556,211604,11055,777341,2973600
1928,535,534,211069,11056,777875,3195100
1929,558,563,210511,11051,778438,3153800
1930,581,583,209930,11049,779021,3252600
1931,547,531,209383,11065,779552,3180500
1932,576,558,208807,11083,780110,3115900
1933,552,571,208255,11064,780681,3011200
1934,553,509,207702,11108,781190,2990500
1935,538,532,207164,11114,781722,2950500
1936,554,566,206610,11102,782288,2917500
1937,554,567,206056,11089,782855,3173300
1938,569,522,205487,11136,783377,2989600
1939,577,501,204910,11212,783878,2873200
1940,547,543,204363,11216,784421,2863800
1941,545,518,203818,11243,784939,2871300
1942,579,551,203239,11271,785490,2865100
1943,592,538,202647,11325,786028,2975400
1944,549,558,202098,11316,786586,2884600
1945,571,576,201527,11311,787162,2885200
1946,544,622,200983,11233,787784,3047400
1947,537,531,200446,11239,788315,3012300
1948,540,570,199906,11209,788885,3426300
1949,540,568,199366,11181,789453,3017400
1950,504,572,198862,11113,790025,2951100
1951,505,525,198357,11093,790550,2972500
1952,547,589,197810,11051,791139,3021200
1953,514,543,197296,11022,791682,2922500
1954,535,570,196761,10987,792252,2912300
1955,498,549,196263,10936,792801,2933300
1956,542,534,195721,10944,793335,2872400
1957,550,581,195171,10913,793916,2896700
1958,524,555,194647,10882,794471,2914100
1959,533,519,194114,10896,794990,2933300
1960,525,534,193589,10887,795524,2884500
1961,519,545,193070,10861,796069,2910800
1962,543,558,192527,10846,796627,2879300
1963,480,525,192047,10801,797152,2878500
1964,531,534,191516,10798,797686,2910800
1965,515,533,191001,10780,798219,2895900
1966,511,553,190490,10738,798772,2861600
1967,503,562,189987,10679,799334,3014800
1968,505,522,189482,10662,799856,2939800
1969,495,525,188987,10632,800381,3080600
1970,523,539,188464,10616,800920,2990100
1971,535,553,187929,10598,801473,2960900
1972,585,544,187344,10639,802017,2961200
1973,512,554,186832,10597,802571,2887900
1974,513,532,186319,10578,803103,2906400
1975,520,496,185799,10602,803599,2889500
1976,512,506,185287,10608,804105,2911900
1977,501,517,184786,10592,804622,2928400
1978,493,531,184293,10554,805153,2909200
1979,516,559,183777,10511,805712,2944200
1980,504,532,183273,10483,806244,3210000
1981,526,491,182747,10518,806735,3234100
1982,523,520,182224,10521,807255,3163300
1983,544,500,181680,10565,807755,3057800
1984,504,544,181176,10525,808299,3000000
1985,498,558,180678,10465,808857,3145100
1986,489,486,180189,10468,809343,2927700
1987,475,545,179714,10398,809888,2999000
1988,501,533,179213,10366,810421,2926200
1989,478,540,178735,10304,810961,2891300
1990,461,524,178274,10241,811485,3062200
1991,524,504,177750,10261,811989,3321400
1992,528,513,177222,10276,812502,3206000
1993,462,535,176760,10203,813037,3086100
1994,462,512,176298,10153,813549,3090700
1995,455,546,175843,10062,814095,3563000
1996,447,479,175396,10030,814574,3124400
1997,476,449,174920,10057,815023,3086300
1998,449,517,174471,9989,815540,3246300
1999,465,492,174006,9962,816032,3337700
2000,484,531,173522,9915,816563,3260800
2001,480,519,173042,9876,817082,3207900
2002,435,495,172607,9816,817577,3039400
2003,471,507,172136,9780,818084,3019200
2004,462,462,171674,9780,818546,2999600
2005,456,531,171218,9705,819077,3025400
2006,484,476,170734,9713,819553,2962900
2007,468,475,170266,9706,820028,2929200
2008,465,473,169801,9698,820501,2944000
2009,481,494,169320,9685,820995,2917700
2010,440,471,168880,9654,821466,2950600
2011,443,493,168437,9604,821959,2927500
2012,426,457,168011,9573,822416,3004700
2013,444,496,167567,9521,822912,2999800
2014,428,472,167139,9477,823384,3014300
2015,405,508,166734,9374,823892,3319300
2016,441,460,166293,9355,824352,3038200
2017,428,483,165865,9300,824835,2930600
2018,415,477,165450,9238,825312,2907400
2019,415,505,165035,9148,825817,2876100
2020,440,454,164595,9134,826271,3161500
2021,450,470,164145,9114,826741,3018300
2022,443,474,163702,9083,827215,3013400
2023,422,474,163280,9031,827689,3024600
2024,378,470,162902,8939,828159,2944800
2025,409,428,162493,8920,828587,3401200
2026,410,430,162083,8900,829017,2967500
2027,435,457,161648,8878,829474,2951200
2028,368,459,161280,8787,829933,2917300
2029,411,425,160869,8773,830358,3016100
2030,432,434,160437,8771,830792,3363300
2031,428,430,160009,8769,831222,3322400
2032,441,461,159568,8749,831683,3179100
2033,380,446,159188,8683,832129,3117000
2034,363,431,158825,8615,832560,3223300
2035,398,441,158427,8572,833001,3393500
2036,407,421,158020,8558,833422,3327600
2037,423,451,157597,8530,833873,3051200
2038,384,375,157213,8539,834248,2983900
2039,399,436,156814,8502,834684,2980500
2040,405,433,156409,8474,835117,2924600
2041,403,424,156006,8453,835541,2926700
2042,380,439,155626,8394,835980,2905400
2043,397,414,155229,8377,836394,2896900
2044,415,411,154814,8381,836805,2876400
2045,401,438,154413,8344,837243,2954400
2046,368,430,154045,8282,837673,2896800
2047,361,431,153684,8212,838104,2978600
2048,393,382,153291,8223,838486,3048900
2049,408,415,152883,8216,838901,3080500
2050,391,401,152492,8206,839302,3378800
2051,359,423,152133,8142,839725,2846400
2052,360,392,151773,8110,840117,2981700
2053,372,402,151401,8080,840519,2753500
2054,384,382,151017,8082,840901,2763200
2055,380,436,150637,8026,841337,2853400
2056,366,396,150271,7996,841733,2994600
2057,358,393,149913,7961,842126,2868500
2058,386,411,149527,7936,842537,2899200
2059,365,395,149162,7906,842932,3056200
2060,361,416,148801,7851,843348,3108800
2061,350,386,148451,7815,843734,3016100
2062,370,399,148081,7786,844133,2782800
2063,362,400,147719,7748,844533,2742800
2064,360,413,147359,7695,844946,2742100
2065,387,384,146972,7698,845330,2732700
2066,345,407,146627,7636,845737,2989800
2067,351,370,146276,7617,846107,2745000
2068,330,357,145946,7590,846464,2732000
2069,365,357,145581,7598,846821,2739200
2070,375,357,145206,7616,847178,2760200
2071,329,386,144877,7559,847564,2804800
2072,367,373,144510,7553,847937,2838700
2073,389,370,144121,7572,848307,2784400
2074,372,366,143749,7578,848673,2752000
2075,393,355,143356,7616,849028,2737700
2076,356,377,143000,7595,849405,2725800
2077,396,377,142604,7614,849782,3114800
2078,372,361,142232,7625,850143,2864700
2079,369,397,141863,7597,850540,2905500
2080,372,392,141491,7577,850932,2907100
2081,308,371,141183,7514,851303,2855600
2082,343,381,140840,7476,851684,2838000
2083,373,381,140467,7468,852065,2811600
2084,374,414,140093,7428,852479,2797000
2085,350,334,139743,7444,852813,2924200
2086,346,388,139397,7402,853201,3025800
2087,362,379,139035,7385,853580,2978000
2088,327,352,138708,7360,853932,3268600
2089,332,390,138376,7302,854322,2783100
2090,347,357,138029,7292,854679,2688800
2091,375,395,137654,7272,855074,2740600
2092,329,359,137325,7242,855433,2932100
2093,343,339,136982,7246,855772,2767500
2094,335,353,136647,7228,856125,2718600
2095,334,326,136313,7236,856451,2737600
2096,316,341,135997,7211,856792,2699200
2097,330,344,135667,7197,857136,2727700
2098,337,322,135330,7212,857458,2732800
2099,340,354,134990,7198,857812,2985400
2100,377,346,134613,7229,858158,2708100
2101,351,366,134262,7214,858524,2705800
2102,371,372,133891,7213,858896,2716500
2103,328,355,133563,7186,859251,2883200
2104,312,382,133251,7116,859633,2846000
2105,353,387,132898,7082,860020,2810600
2106,332,325,132566,7089,860345,2761600
2107,304,372,132262,7021,860717,2741900
2108,325,350,131937,6996,861067,2731700
2109,327,344,131610,6979,861411,2731000
2110,320,344,131290,6955,861755,2728500
2111,359,306,130931,7008,862061,2712500
2112,330,339,130601,6999,862400,2716300
2113,298,331,130303,6966,862731,2701700
2114,322,358,129981,6930,863089,2742100
2115,312,315,129669,6927,863404,2689000
2116,319,334,129350,6912,863738,2721900
2117,306,362,129044,6856,864100,2690100
2118,311,323,128733,6844,864423,2675400
2119,334,338,128399,6840,864761,2684000
2120,309,345,128090,6804,865106,2992400
2121,310,361,127780,6753,865467,2881600
2122,314,321,127466,6746,865788,2778800
2123,301,343,127165,6704,866131,2751800
2124,330,327,126835,6707,866458,2732000
2125,317,352,126518,6672,866810,2753600
2126,323,312,126195,6683,867122,2716600
2127,289,345,125906,6627,867467,3347900
2128,306,333,125600,6600,867800,2846900
2129,296,346,125304,6550,868146,2804600
2130,337,313,124967,6574,868459,2769100
2131,310,307,124657,6577,868766,2748700
2132,286,335,124371,6528,869101,2762900
2133,284,316,124087,6496,869417,2742400
2134,287,354,123800,6429,869771,2718500
2135,289,292,123511,6426,870063,2714200
2136,267,312,123244,6381,870375,2718400
2137,299,318,122945,6362,870693,2699200
2138,290,325,122655,6327,871018,2744400
2139,294,308,122361,6313,871326,2739800
2140,292,344,122069,6261,871670,2708100
2141,256,300,121813,6217,871970,2729000
2142,288,314,121525,6191,872284,2666400
2143,257,301,121268,6147,872585,2652500
2144,278,303,120990,6122,872888,3037700
2145,273,325,120717,6070,873213,2689600
2146,265,326,120452,6009,873539,2709300
2147,264,282,120188,5991,873821,2655100
2148,289,316,119899,5964,874137,2637900
2149,262,255,119637,5971,874392,2717300
2150,280,314,119357,5937,874706,2670500
2151,271,284,119086,5924,874990,2764800
2152,276,283,118810,5917,875273,2760300
2153,270,299,118540,5888,875572,2709300
2154,272,309,118268,5851,875881,2669500
2155,290,296,117978,5845,876177,2695700
2156,252,296,117726,5801,876473,2662800
2157,271,292,117455,5780,876765,2660100
2158,243,280,117212,5743,877045,2627200
2159,215,299,116997,5659,877344,2670500
2160,248,292,116749,5615,877636,2681700
2161,251,279,116498,5587,877915,2683000
2162,243,284,116255,5546,878199,2638200
2163,252,257,116003,5541,878456,2654100
2164,266,252,115737,5555,878708,2632400
2165,253,278,115484,5530,878986,2638300
2166,254,311,115230,5473,879297,2629300
2167,260,288,114970,5445,879585,2658800
2168,233,283,114737,5395,879868,2691400
2169,246,274,114491,5367,880142,2869600
2170,242,258,114249,5351,880400,2870500
2171,258,259,113991,5350,880659,2812200
2172,264,257,113727,5357,880916,2917400
2173,254,253,113473,5358,881169,2728100
2174,263,259,113210,5362,881428,2698600
2175,240,281,112970,5321,881709,2755400
2176,254,256,112716,5319,881965,2724600
2177,251,241,112465,5329,882206,2685700
2178,259,252,112206,5336,882458,2723800
2179,254,263,111952,5327,882721,2691400
2180,256,273,111696,5310,882994,2640300
2181,243,244,111453,5309,883238,2610000
2182,247,272,111206,5284,883510,2623700
2183,275,283,110931,5276,883793,2661300
2184,236,251,110695,5261,884044,2733400
2185,223,283,110472,5201,884327,2614200
2186,268,268,110204,5201,884595,2612300
2187,217,250,109987,5168,884845,2586300
2188,231,291,109756,5108,885136,2785600
2189,260,245,109496,5123,885381,3066300
2190,239,230,109257,5132,885611,2793500
2191,231,249,109026,5114,885860,2890600
2192,227,253,108799,5088,886113,3031800
2193,226,270,108573,5044,886383,2825100
2194,244,271,108329,5017,886654,2982100
2195,243,246,108086,5014,886900,2941300
2196,240,258,107846,4996,887158,2837000
2197,212,246,107634,4962,887404,2815800
2198,236,233,107398,4965,887637,2728900
2199,249,255,107149,4959,887892,2753100
2200,218,255,106931,4922,888147,2830400
2201,235,243,106696,4914,888390,2758300
2202,250,256,106446,4908,888646,2660200
2203,260,266,106186,4902,888912,2652000
2204,232,234,105954,4900,889146,2612900
2205,221,218,105733,4903,889364,2892400
2206,245,232,105488,4916,889596,2835600
2207,214,239,105274,4891,889835,2627200
2208,232,236,105042,4887,890071,2611700
2209,231,232,104811,4886,890303,2607100
2210,222,246,104589,4862,890549,2567300
2211,213,258,104376,4817,890807,2623200
2212,212,225,104164,4804,891032,2626300
2213,236,228,103928,4812,891260,2579100
2214,209,207,103719,4814,891467,2581900
2215,235,228,103484,4821,891695,2577200
2216,207,245,103277,4783,891940,2618600
2217,232,225,103045,4790,892165,2640500
2218,233,235,102812,4788,892400,2703600
2219,232,247,102580,4773,892647,2643400
2220,229,235,102351,4767,892882,2674800
2221,236,264,102115,4739,893146,2649900
2222,215,226,101900,4728,893372,2672300
2223,238,238,101662,4728,893610,2947100
2224,210,233,101452,4705,893843,2796800
2225,212,246,101240,4671,894089,2685900
2226,203,225,101037,4649,894314,2661400
2227,206,242,100831,4613,894556,2618900
2228,221,249,100610,4585,894805,2608400
2229,186,245,100424,4526,895050,2756600
2230,217,236,100207,4507,895286,3270200
2231,204,205,100003,4506,895491,2828600
2232,202,251,99801,4457,895742,2758500
2233,216,228,99585,4445,895970,2696600
2234,210,219,99375,4436,896189,2737900
2235,223,217,99152,4442,896406,2645000
2236,229,215,98923,4456,896621,2627300
2237,229,229,98694,4456,896850,2610100
2238,215,215,98479,4456,897065,2567600
2239,189,225,98290,4420,897290,2568700
2240,214,213,98076,4421,897503,2640500
2241,200,227,97876,4394,897730,2587200
2242,216,210,97660,4400,897940,2565300
2243,217,207,97443,4410,898147,2566400
2244,206,196,97237,4420,898343,2575000
2245,189,222,97048,4387,898565,2561100
2246,208,230,96840,4365,898795,2578400
2247,212,225,96628,4352,899020,2587500
2248,187,235,96441,4304,899255,2613000
2249,195,222,96246,4277,899477,2704600
2250,212,244,96034,4245,899721,2687600
2251,199,206,95835,4238,899927,2681800
2252,214,208,95621,4244,900135,2870900
2253,195,221,95426,4218,900356,2618600
2254,191,233,95235,4176,900589,2570900
2255,188,186,95047,4178,900775,2548400
2256,214,209,94833,4183,900984,2548300
2257,195,206,94638,4172,901190,2573800
2258,192,188,94446,4176,901378,2556300
2259,235,228,94211,4183,901606,2558500
2260,200,206,94011,4177,901812,2554600
2261,203,236,93808,4144,902048,2546500
2262,174,205,93634,4113,902253,2542500
2263,199,208,93435,4104,902461,2579600
2264,221,204,93214,4121,902665,2613900
2265,222,248,92992,4095,902913,2552000
2266,204,188,92788,4111,903101,2553000
2267,193,195,92595,4109,903296,2561800
2268,191,205,92404,4095,903501,2561000
2269,203,157,92201,4141,903658,2667700
2270,213,212,91988,4142,903870,2860500
2271,201,189,91787,4154,904059,2580500
2272,196,212,91591,4138,904271,2554500
2273,216,220,91375,4134,904491,2556700
2274,211,203,91164,4142,904694,2685200
2275,207,210,90957,4139,904904,2726400
2276,217,221,90740,4135,905125,2643600
2277,201,211,90539,4125,905336,2609300
2278,219,179,90320,4165,905515,2605200
2279,220,203,90100,4182,905718,2620000
2280,182,213,89918,4151,905931,2607800
2281,187,181,89731,4157,906112,2605300
2282,209,229,89522,4137,906341,2689100
2283,202,203,89320,4136,906544,2823000
2284,218,207,89102,4147,906751,2768800
2285,199,227,88903,4119,906978,2724100
2286,210,213,88693,4116,907191,2730400
2287,213,228,88480,4101,907419,2841800
2288,189,210,88291,4080,907629,2525900
2289,224,202,88067,4102,907831,2544800
2290,221,204,87846,4119,908035,2531300
2291,207,225,87639,4101,908260,2566400
2292,213,227,87426,4087,908487,2523000
2293,198,211,87228,4074,908698,2550400
2294,234,223,86994,4085,908921,2544400
2295,199,191,86795,4093,909112,2522500
2296,202,208,86593,4087,909320,2873700
2297,200,205,86393,4082,909525,2541100
2298,233,189,86160,4126,909714,2538700
2299,194,208,85966,4112,909922,2969800
2300,210,235,85756,4087,910157,2663600
2301,195,214,85561,4068,910371,2620600
2302,185,213,85376,4040,910584,2612800
2303,223,204,85153,4059,910788,2562600
2304,228,215,84925,4072,911003,2575400
2305,212,213,84713,4071,911216,2622400
2306,240,192,84473,4119,911408,2588800
2307,224,226,84249,4117,911634,2552700
2308,202,213,84047,4106,911847,2575200
2309,218,213,83829,4111,912060,2539800
2310,211,203,83618,4119,912263,2539200
2311,217,204,83401,4132,912467,2559700
2312,202,201,83199,4133,912668,2537500
2313,214,195,82985,4152,912863,2543500
2314,222,215,82763,4159,913078,2542200
2315,189,217,82574,4131,913295,2523600
2316,222,206,82352,4147,913501,2511300
2317,208,213,82144,4142,913714,2625900
2318,200,207,81944,4135,913921,2610000
2319,182,211,81762,4106,914132,2600400
2320,221,181,81541,4146,914313,2560200
2321,221,208,81320,4159,914521,2568200
2322,216,207,81104,4168,914728,2533600
2323,224,207,80880,4185,914935,2579500
2324,205,222,80675,4168,915157,2542300
2325,220,192,80455,4196,915349,2625200
2326,200,209,80255,4187,915558,2660500
2327,184,213,80071,4158,915771,2597300
2328,208,183,79863,4183,915954,2564900
2329,204,208,79659,4179,916162,2564100
2330,188,213,79471,4154,916375,2562300
2331,206,203,79265,4157,916578,2523900
2332,198,195,79067,4160,916773,2563400
2333,208,191,78859,4177,916964,2528000
2334,217,216,78642,4178,917180,2586200
2335,251,214,78391,4215,917394,2541200
2336,202,218,78189,4199,917612,2564500
2337,209,206,77980,4202,917818,2554600
2338,173,195,77807,4180,918013,2594100
2339,200,209,77607,4171,918222,2568100
2340,204,197,77403,4178,918419,2622100
2341,214,194,77189,4198,918613,2772500
2342,175,207,77014,4166,918820,2517700
2343,189,194,76825,4161,919014,2533500
2344,197,200,76628,4158,919214,2517500
2345,168,221,76460,4105,919435,2528700
2346,197,205,76263,4097,919640,2756200
2347,199,219,76064,4077,919859,2860500
2348,238,208,75826,4107,920067,2563700
2349,196,224,75630,4079,920291,2577600
2350,214,212,75416,4081,920503,2526000
2351,203,209,75213,4075,920712,2678600
2352,188,208,75025,4055,920920,2763700
2353,214,194,74811,4075,921114,2970300
2354,185,199,74626,4061,921313,2900700
2355,191,197,74435,4055,921510,2786700
2356,178,206,74257,4027,921716,2736300
2357,185,192,74072,4020,921908,2716700
2358,200,214,73872,4006,922122,3164900
2359,184,192,73688,3998,922314,2789500
2360,189,201,73499,3986,922515,2730000
2361,185,199,73314,3972,922714,2659400
2362,194,184,73120,3982,922898,2693100
2363,180,210,72940,3952,923108,2771400
2364,211,193,72729,3970,923301,2833000
2365,202,191,72527,3981,923492,2772800
2366,200,200,72327,3981,923692,2654900
2367,186,190,72141,3977,923882,2623700
2368,199,198,71942,3978,924080,2613900
2369,204,198,71738,3984,924278,2793200
2370,187,210,71551,3961,924488,2860800
2371,220,203,71331,3978,924691,2621400
2372,210,198,71121,3990,924889,2573000
2373,186,202,70935,3974,925091,2570100
2374,216,220,70719,3970,925311,2538700
2375,205,192,70514,3983,925503,2677400
2376,195,199,70319,3979,925702,2850000
2377,203,198,70116,3984,925900,2633700
2378,209,216,69907,3977,926116,2594000
2379,179,228,69728,3928,926344,2594000
2380,204,227,69524,3905,926571,2551100
2381,205,189,69319,3921,926760,2839500
2382,199,214,69120,3906,926974,2704000
2383,188,168,68932,3926,927142,2590500
2384,176,172,68756,3930,927314,2560000
2385,169,218,68587,3881,927532,2542800
2386,205,222,68382,3864,927754,2534700
2387,177,204,68205,3837,927958,2545600
2388,198,216,68007,3819,928174,2534300
2389,200,167,67807,3852,928341,2506000
2390,201,185,67606,3868,928526,2531600
2391,188,181,67418,3875,928707,2502200
2392,219,208,67199,3886,928915,2697800
2393,200,194,66999,3892,929109,2792300
2394,186,197,66813,3881,929306,2898900
2395,192,190,66621,3883,929496,2643700
2396,201,201,66420,3883,929697,2634000
2397,170,207,66250,3846,929904,2586400
2398,159,187,66091,3818,930091,2551200
2399,179,218,65912,3779,930309,2622500
2400,187,199,65725,3767,930508,2680000
2401,191,184,65534,3774,930692,2631400
2402,180,179,65354,3775,930871,2637900
2403,179,186,65175,3768,931057,2630000
2404,200,182,64975,3786,931239,2593800
2405,166,181,64809,3771,931420,2879200
2406,187,189,64622,3769,931609,2609400
2407,182,198,64440,3753,931807,2549700
2408,177,187,64263,3743,931994,2510800
2409,179,190,64084,3732,932184,2510600
2410,167,205,63917,3694,932389,2499300
2411,144,175,63773,3663,932564,2817000
2412,179,190,63594,3652,932754,2886400
2413,152,193,63442,3611,932947,2629800
2414,199,188,63243,3622,933135,2665300
2415,167,195,63076,3594,933330,2684600
2416,167,202,62909,3559,933532,2665700
2417,198,202,62711,3555,933734,3116300
2418,175,180,62536,3550,933914,2867400
2419,165,184,62371,3531,934098,2564100
2420,191,170,62180,3552,934268,2503400
2421,176,193,62004,3535,934461,2512300
2422,156,180,61848,3511,934641,2494200
2423,176,182,61672,3505,934823,2792300
2424,178,168,61494,3515,934991,2664000
2425,155,156,61339,3514,935147,2728600
2426,157,181,61182,3490,935328,2677900
2427,152,159,61030,3483,935487,2676000
2428,159,190,60871,3452,935677,2658900
2429,151,183,60720,3420,935860,2621400
2430,160,155,60560,3425,936015,2599300
2431,174,155,60386,3444,936170,2594700
2432,156,185,60230,3415,936355,2600200
2433,182,149,60048,3448,936504,2602100
2434,167,172,59881,3443,936676,2607600
2435,148,179,59733,3412,936855,2589700
2436,141,180,59592,3373,937035,2595700
2437,145,159,59447,3359,937194,2562200
2438,144,171,59303,3332,937365,2573600
2439,149,167,59154,3314,937532,2578400
2440,134,171,59020,3277,937703,2561000
2441,121,164,58899,3234,937867,2561800
2442,148,154,58751,3228,938021,2576800
2443,121,129,58630,3220,938150,2582800
2444,149,157,58481,3212,938307,2585800
2445,143,139,58338,3216,938446,2580800
2446,161,183,58177,3194,938629,2787000
2447,138,168,58039,3164,938797,2582000
2448,157,148,57882,3173,938945,2532900
2449,122,151,57760,3144,939096,2574800
2450,128,168,57632,3104,939264,2607600
2451,146,158,57486,3092,939422,2681600
2452,131,154,57355,3069,939576,2671100
2453,129,128,57226,3070,939704,2624400
2454,109,158,57117,3021,939862,2579500
2455,145,144,56972,3022,940006,2583800
2456,140,160,56832,3002,940166,2555800
2457,147,139,56685,3010,940305,2585200
2458,147,148,56538,3009,940453,2613900
2459,139,158,56399,2990,940611,2670000
2460,131,137,56268,2984,940748,2840000
2461,140,143,56128,2981,940891,2800900
2462,129,149,55999,2961,941040,2701900
2463,126,141,55873,2946,941181,2663000
2464,112,116,55761,2942,941297,2709200
2465,122,157,55639,2907,941454,2632400
2466,112,142,55527,2877,941596,2590800
2467,122,133,55405,2866,941729,2566500
2468,120,156,55285,2830,941885,2568900
2469,109,142,55176,2797,942027,2578700
2470,120,131,55056,2786,942158,2637000
2471,125,145,54931,2766,942303,2587200
2472,124,132,54807,2758,942435,2581800
2473,110,157,54697,2711,942592,2571000
2474,116,129,54581,2698,942721,2544000
2475,119,140,54462,2677,942861,2524100
2476,108,131,54354,2654,942992,2682500
2477,104,125,54250,2633,943117,2764000
2478,99,129,54151,2603,943246,2720400
2479,93,148,54058,2548,943394,2739500
2480,122,108,53936,2562,943502,2702400
2481,124,118,53812,2568,943620,2624500
2482,122,118,53690,2572,943738,2670700
2483,112,144,53578,2540,943882,2587000
2484,96,133,53482,2503,944015,2535800
2485,112,131,53370,2484,944146,2482100
2486,112,130,53258,2466,944276,2475500
2487,128,118,53130,2476,944394,2468200
2488,102,123,53028,2455,944517,2494800
2489,108,131,52920,2432,944648,2510800
2490,99,122,52821,2409,944770,2485700
2491,96,124,52725,2381,944894,2487400
2492,111,128,52614,2364,945022,2463300
2493,106,129,52508,2341,945151,2430700
2494,87,116,52421,2312,945267,2613900
2495,104,108,52317,2308,945375,2577800
2496,98,123,52219,2283,945498,2501500
2497,101,120,52118,2264,945618,2471400
2498,104,129,52014,2239,945747,2475100
2499,91,111,51923,2219,945858,2468800
2500,109,110,51814,2218,945968,2528000
2501,79,113,51735,2184,946081,3456300
2502,97,108,51638,2173,946189,3205100
2503,100,124,51538,2149,946313,3125700
2504,104,107,51434,2146,946420,2618200
2505,83,104,51351,2125,946524,2514000
2506,90,116,51261,2099,946640,3069000
2507,91,105,51170,2085,946745,3139800
2508,87,110,51083,2062,946855,3104400
2509,81,92,51002,2051,946947,3093000
2510,109,104,50893,2056,947051,3099100
2511,87,100,50806,2043,947151,2989100
2512,87,100,50719,2030,947251,2509000
2513,89,112,50630,2007,947363,2616500
2514,91,92,50539,2006,947455,2617700
2515,93,93,50446,2006,947548,2560300
2516,110,105,50336,2011,947653,2593700
2517,84,109,50252,1986,947762,2750800
2518,105,98,50147,1993,947860,2498100
2519,85,96,50062,1982,947956,2489300
2520,82,97,49980,1967,948053,2475100
2521,87,97,49893,1957,948150,2451800
2522,98,94,49795,1961,948244,2429300
2523,93,90,49702,1964,948334,2444000
2524,99,89,49603,1974,948423,2430000
2525,86,85,49517,1975,948508,2434200
2526,89,104,49428,1960,948612,2466600
2527,105,87,49323,1978,948699,2498300
2528,94,101,49229,1971,948800,3061900
2529,88,102,49141,1957,948902,3079100
2530,94,92,49047,1959,948994,2449700
2531,96,82,48951,1973,949076,2406700
2532,95,103,48856,1965,949179,2406800
2533,90,107,48766,1948,949286,2371800
2534,89,94,48677,1943,949380,2385800
2535,87,96,48590,1934,949476,2434200
2536,99,105,48491,1928,949581,2490000
2537,92,101,48399,1919,949682,2535500
2538,94,100,48305,1913,949782,2533100
2539,96,95,48209,1914,949877,2491600
2540,89,78,48120,1925,949955,2597900
2541,99,86,48021,1938,950041,2960500
2542,98,90,47923,1946,950131,2727900
2543,86,93,47837,1939,950224,2465100
2544,109,107,47728,1941,950331,2432400
2545,83,92,47645,1932,950423,2413600
2546,78,110,47567,1900,950533,2469400
2547,78,94,47489,1884,950627,2458000
2548,88,102,47401,1870,950729,2489100
2549,87,88,47314,1869,950817,2427300
2550,98,104,47216,1863,950921,2488700
2551,80,77,47136,1866,950998,2579700
2552,91,108,47045,1849,951106,2537600
2553,80,97,46965,1832,951203,2599600
2554,104,108,46861,1828,951311,2560400
2555,98,92,46763,1834,951403,2482900
2556,89,94,46674,1829,951497,2464900
2557,99,118,46575,1810,951615,2424700
2558,88,69,46487,1829,951684,2410300
2559,71,80,46416,1820,951764,2443000
2560,69,80,46347,1809,951844,2427800
2561,77,78,46270,1808,951922,2419000
2562,77,63,46193,1822,951985,2401100
2563,98,97,46095,1823,952082,2389900
2564,86,104,46009,1805,952186,2379400
2565,87,83,45922,1809,952269,2370200
2566,67,82,45855,1794,952351,2641900
2567,78,85,45777,1787,952436,2808100
2568,81,94,45696,1774,952530,2455300
2569,83,92,45613,1765,952622,2406600
2570,89,91,45524,1763,952713,2423400
2571,75,81,45449,1757,952794,2413400
2572,89,82,45360,1764,952876,2452100
2573,88,83,45272,1769,952959,2844900
2574,94,87,45178,1776,953046,2382700
2575,80,88,45098,1768,953134,2362900
2576,77,91,45021,1754,953225,2345200
2577,85,88,44936,1751,953313,2397000
2578,76,82,44860,1745,953395,2341300
2579,76,77,44784,1744,953472,2431900
2580,84,89,44700,1739,953561,2453000
2581,83,81,44617,1741,953642,2413200
2582,78,105,44539,1714,953747,2471200
2583,66,88,44473,1692,953835,2489100
2584,72,84,44401,1680,953919,2595900
2585,72,95,44329,1657,954014,2589200
2586,86,86,44243,1657,954100,2542200
2587,84,76,44159,1665,954176,2488000
2588,93,84,44066,1674,954260,2467600
2589,64,82,44002,1656,954342,2458400
2590,76,74,43926,1658,954416,2404600
2591,73,82,43853,1649,954498,2410300
2592,75,86,43778,1638,954584,2723500
2593,92,70,43686,1660,954654,2438000
2594,77,80,43609,1657,954734,2410200
2595,91,76,43518,1672,954810,2423700
2596,94,86,43424,1680,954896,2398200
2597,65,75,43359,1670,954971,2600700
2598,96,95,43263,1671,955066,2533600
2599,92,91,43171,1672,955157,2451100
2600,69,87,43102,1654,955244,2424700
2601,71,87,43031,1638,955331,2402600
2602,68,92,42963,1614,955423,2378500
2603,56,78,42907,1592,955501,2375100
2604,73,96,42834,1569,955597,2405000
2605,71,82,42763,1558,955679,2431900
2606,66,68,42697,1556,955747,2490300
2607,70,76,42627,1550,955823,2506400
2608,68,69,42559,1549,955892,2479500
2609,81,89,42478,1541,955981,2447900
2610,79,89,42399,1531,956070,2431300
2611,70,69,42329,1532,956139,2457800
2612,70,70,42259,1532,956209,2424800
2613,85,78,42174,1539,956287,2402000
2614,86,89,42088,1536,956376,2368400
2615,83,98,42005,1521,956474,2385500
2616,65,78,41940,1508,956552,2380100
2617,68,91,41872,1485,956643,2419100
2618,75,72,41797,1488,956715,2374700
2619,76,74,41721,1490,956789,2377600
2620,82,70,41639,1502,956859,2380600
2621,82,90,41557,1494,956949,2366700
2622,78,60,41479,1512,957009,2375200
2623,71,92,41408,1491,957101,2353100
2624,72,83,41336,1480,957184,2497700
2625,72,70,41264,1482,957254,2385200
2626,87,61,41177,1508,957315,2487600
2627,60,76,41117,1492,957391,2466500
2628,75,79,41042,1488,957470,2415200
2629,66,71,40976,1483,957541,2463100
2630,69,75,40907,1477,957616,2825600
2631,74,69,40833,1482,957685,2499800
2632,72,71,40761,1483,957756,2535800
2633,63,66,40698,1480,957822,2488900
2634,79,67,40619,1492,957889,2461100
2635,73,74,40546,1491,957963,2421000
2636,69,85,40477,1475,958048,2401300
2637,69,73,40408,1471,958121,2548100
2638,74,65,40334,1480,958186,2425000
2639,72,85,40262,1467,958271,2368600
2640,72,78,40190,1461,958349,2385900
2641,76,76,40114,1461,958425,2362000
2642,74,57,40040,1478,958482,2348300
2643,74,81,39966,1471,958563,2762200
2644,71,94,39895,1448,958657,2534100
2645,53,74,39842,1427,958731,2382100
2646,61,56,39781,1432,958787,2353900
2647,66,68,39715,1430,958855,2352200
2648,59,73,39656,1416,958928,2345800
2649,69,68,39587,1417,958996,2488600
2650,76,76,39511,1417,959072,2436000
2651,49,63,39462,1403,959135,2360700
2652,72,58,39390,1417,959193,2365300
2653,70,74,39320,1413,959267,2360300
2654,77,78,39243,1412,959345,2362900
2655,70,72,39173,1410,959417,2349400
2656,62,70,39111,1402,959487,2812100
2657,63,71,39048,1394,959558,2389000
2658,69,79,38979,1384,959637,2386600
2659,66,80,38913,1370,959717,2389200
2660,66,73,38847,1363,959790,2462100
2661,58,78,38789,1343,959868,2580200
2662,81,64,38708,1360,959932,2716500
2663,63,63,38645,1360,959995,2531100
2664,57,65,38588,1352,960060,2492700
2665,56,75,38532,1333,960135,2440700
2666,69,61,38463,1341,960196,2419200
2667,67,66,38396,1342,960262,2410100
2668,65,80,38331,1327,960342,2447300
2669,63,70,38268,1320,960412,2387300
2670,68,63,38200,1325,960475,2379200
2671,64,70,38136,1319,960545,2377700
2672,79,59,38057,1339,960604,2361900
2673,56,69,38001,1326,960673,2363200
2674,74,78,37927,1322,960751,2716100
2675,69,73,37858,1318,960824,2387700
2676,69,72,37789,1315,960896,2362900
2677,67,84,37722,1298,960980,2377000
2678,58,59,37664,1297,961039,2356300
2679,66,73,37598,1290,961112,2362200
2680,68,79,37530,1279,961191,2374900
2681,47,53,37483,1273,961244,2397200
2682,64,63,37419,1274,961307,2357500
2683,56,76,37363,1254,961383,2361300
2684,61,53,37302,1262,961436,2346200
2685,60,61,37242,1261,961497,2360500
2686,63,60,37179,1264,961557,2365500
2687,48,66,37131,1246,961623,2422300
2688,55,73,37076,1228,961696,2481600
2689,49,46,37027,1231,961742,2429400
2690,52,64,36975,1219,961806,2402400
2691,65,63,36910,1221,961869,2372400
2692,48,77,36862,1192,961946,2363600
2693,51,64,36811,1179,962010,2381500
2694,50,56,36761,1173,962066,2355500
2695,52,57,36709,1168,962123,2389500
2696,66,56,36643,1178,962179,2357500
2697,50,65,36593,1163,962244,2357000
2698,60,55,36533,1168,962299,2338100
2699,62,51,36471,1179,962350,2376500
2700,63,60,36408,1182,962410,2401900
2701,62,58,36346,1186,962468,2364600
2702,61,66,36285,1181,962534,2424000
2703,65,62,36220,1184,962596,2399600
2704,57,62,36163,1179,962658,2456500
2705,61,63,36102,1177,962721,2510800
2706,58,66,36044,1169,962787,2687100
2707,56,49,35988,1176,962836,2543900
2708,53,47,35935,1182,962883,2459500
2709,60,55,35875,1187,962938,2419900
2710,55,66,35820,1176,963004,2399500
2711,60,66,35760,1170,963070,2413600
2712,53,57,35707,1166,963127,2506000
2713,44,49,35663,1161,963176,2431500
2714,55,68,35608,1148,963244,2421700
2715,46,52,35562,1142,963296,2428300
2716,59,62,35503,1139,963358,2417300
2717,45,61,35458,1123,963419,2375100
2718,46,58,35412,1111,963477,2404500
2719,68,59,35344,1120,963536,2823400
2720,54,62,35290,1112,963598,2508500
2721,55,70,35235,1097,963668,2485900
2722,56,79,35179,1074,963747,2446200
2723,49,59,35130,1064,963806,2409300
2724,58,53,35072,1069,963859,2405600
2725,58,46,35014,1081,963905,2404900
2726,63,58,34951,1086,963963,2363800
2727,62,48,34889,1100,964011,2359600
2728,67,60,34822,1107,964071,2346000
2729,63,65,34759,1105,964136,2356000
2730,67,56,34692,1116,964192,2333700
2731,64,73,34628,1107,964265,2370600
2732,71,66,34557,1112,964331,2349300
2733,57,53,34500,1116,964384,2324700
2734,72,50,34428,1138,964434,2340900
2735,55,52,34373,1141,964486,2320100
2736,71,44,34302,1168,964530,2355400
2737,74,67,34228,1175,964597,2329900
2738,70,51,34158,1194,964648,2415700
2739,59,61,34099,1192,964709,2357500
2740,61,58,34038,1195,964767,2358200
2741,58,62,33980,1191,964829,2360200
2742,42,62,33938,1171,964891,2345400
2743,58,52,33880,1177,964943,2500500
2744,70,56,33810,1191,964999,2607300
2745,59,54,33751,1196,965053,2562900
2746,65,62,33686,1199,965115,2479800
2747,81,50,33605,1230,965165,2503900
2748,67,61,33538,1236,965226,2452000
2749,62,58,33476,1240,965284,2563800
2750,64,55,33412,1249,965339,2601700
2751,62,60,33350,1251,965399,3367600
2752,78,67,33272,1262,965466,2899500
2753,67,65,33205,1264,965531,2663600
2754,59,67,33146,1256,965598,2613300
2755,47,59,33099,1244,965657,2632700
2756,68,56,33031,1256,965713,3024900
2757,62,64,32969,1254,965777,2518500
2758,59,55,32910,1258,965832,2386500
2759,64,66,32846,1256,965898,2383800
2760,77,58,32769,1275,965956,2383500
2761,62,70,32707,1267,966026,2359900
2762,55,67,32652,1255,966093,2595600
2763,56,56,32596,1255,966149,3292500
2764,75,52,32521,1278,966201,2548600
2765,67,61,32454,1284,966262,2467700
2766,59,73,32395,1270,966335,2529600
2767,61,67,32334,1264,966402,2399800
2768,72,50,32262,1286,966452,2435100
2769,63,63,32199,1286,966515,2469000
2770,56,47,32143,1295,966562,2433200
2771,67,64,32076,1298,966626,2429900
2772,52,57,32024,1293,966683,2436800
2773,72,70,31952,1295,966753,2402800
2774,65,74,31887,1286,966827,2386800
2775,53,75,31834,1264,966902,2888500
2776,51,61,31783,1254,966963,2804700
2777,54,65,31729,1243,967028,2530700
2778,44,53,31685,1234,967081,2438300
2779,54,69,31631,1219,967150,2452200
2780,52,64,31579,1207,967214,2359300
2781,50,48,31529,1209,967262,2860800
2782,42,60,31487,1191,967322,2653600
2783,51,54,31436,1188,967376,2450800
2784,59,75,31377,1172,967451,2361100
2785,55,49,31322,1178,967500,2362300
2786,51,50,31271,1179,967550,2392300
2787,65,58,31206,1186,967608,2975900
2788,69,62,31137,1193,967670,2384500
2789,54,55,31083,1192,967725,2420800
2790,62,72,31021,1182,967797,2408400
2791,49,45,30972,1186,967842,2361500
2792,55,63,30917,1178,967905,2344200
2793,59,52,30858,1185,967957,2420500
2794,72,63,30786,1194,968020,2420600
2795,52,68,30734,1178,968088,2474700
2796,61,67,30673,1172,968155,2556400
2797,57,64,30616,1165,968219,2723000
2798,60,48,30556,1177,968267,2533700
2799,52,62,30504,1167,968329,2559200
2800,58,49,30446,1176,968378,2488200
2801,63,53,30383,1186,968431,2487100
2802,55,59,30328,1182,968490,2442800
2803,60,46,30268,1196,968536,2420300
2804,48,54,30220,1190,968590,2385800
2805,60,64,30160,1186,968654,2400200
2806,67,61,30093,1192,968715,2784700
2807,70,58,30023,1204,968773,2382400
2808,56,67,29967,1193,968840,2403200
2809,63,67,29904,1189,968907,2373300
2810,58,62,29846,1185,968969,2368600
2811,57,79,29789,1163,969048,2385200
2812,53,43,29736,1173,969091,2417400
2813,56,70,29680,1159,969161,2374500
2814,49,52,29631,1156,969213,2395000
2815,57,44,29574,1169,969257,2411800
2816,53,70,29521,1152,969327,2380900
2817,60,40,29461,1172,969367,2378200
2818,62,55,29399,1179,969422,2407800
2819,53,58,29346,1174,969480,2419600
2820,56,51,29290,1179,969531,2469200
2821,53,46,29237,1186,969577,2483800
2822,44,58,29193,1172,969635,2539800
2823,52,65,29141,1159,969700,2559600
2824,57,56,29084,1160,969756,2491200
2825,50,56,29034,1154,969812,2967200
2826,44,62,28990,1136,969874,2727900
2827,49,48,28941,1137,969922,2489200
2828,52,62,28889,1127,969984,2413100
2829,44,53,28845,1118,970037,2388900
2830,55,53,28790,1120,970090,2383400
2831,49,63,28741,1106,970153,2497600
2832,48,59,28693,1095,970212,2429600
2833,47,55,28646,1087,970267,2370100
2834,50,66,28596,1071,970333,2365100
2835,44,50,28552,1065,970383,2379700
2836,43,56,28509,1052,970439,2361600
2837,37,54,28472,1035,970493,2405500
2838,45,56,28427,1024,970549,2423900
2839,47,44,28380,1027,970593,2401900
2840,32,66,28348,993,970659,2388200
2841,49,45,28299,997,970704,2344800
2842,39,54,28260,982,970758,2364600
2843,32,39,28228,975,970797,2351700
2844,36,53,28192,958,970850,2436100
2845,35,45,28157,948,970895,2437800
2846,38,62,28119,924,970957,2427800
2847,54,53,28065,925,971010,2408200
2848,38,38,28027,925,971048,2369100
2849,50,54,27977,921,971102,2412400
2850,41,43,27936,919,971145,2433800
2851,44,42,27892,921,971187,2766200
2852,43,45,27849,919,971232,2345900
2853,44,38,27805,925,971270,2466800
2854,40,36,27765,929,971306,2561700
2855,34,39,27731,924,971345,2652300
2856,39,53,27692,910,971398,2514700
2857,39,50,27653,899,971448,2745200
2858,29,43,27624,885,971491,2460300
2859,36,46,27588,875,971537,2451900
2860,39,43,27549,871,971580,2417100
2861,43,34,27506,880,971614,2397300
2862,53,38,27453,895,971652,2405100
2863,32,43,27421,884,971695,2676000
2864,47,58,27374,873,971753,2445600
2865,43,54,27331,862,971807,2383400
2866,38,55,27293,845,971862,2357100
2867,49,55,27244,839,971917,2905000
2868,39,38,27205,840,971955,2386000
2869,50,41,27155,849,971996,2493700
2870,44,36,27111,857,972032,2386400
2871,41,46,27070,852,972078,2419200
2872,38,22,27032,868,972100,2359400
2873,44,43,26988,869,972143,2341700
2874,36,51,26952,854,972194,2370900
2875,40,39,26912,855,972233,2343600
2876,48,40,26864,863,972273,2797600
2877,37,35,26827,865,972308,3048300
2878,36,36,26791,865,972344,2342800
2879,34,35,26757,864,972379,2441500
2880,48,43,26709,869,972422,2415900
2881,41,34,26668,876,972456,2329500
2882,50,45,26618,881,972501,2470600
2883,33,42,26585,872,972543,2398400
2884,25,51,26560,846,972594,2415300
2885,31,51,26529,826,972645,2378900
2886,38,45,26491,819,972690,2374300
2887,35,36,26456,818,972726,2400600
2888,49,40,26407,827,972766,2526600
2889,36,35,26371,828,972801,2464700
2890,27,42,26344,813,972843,2412100
2891,38,44,26306,807,972887,2443000
2892,38,35,26268,810,972922,2451300
2893,35,51,26233,794,972973,2405700
2894,39,36,26194,797,973009,2505100
2895,41,41,26153,797,973050,2539000
2896,29,37,26124,789,973087,2446300
2897,31,45,26093,775,973132,2439600
2898,34,40,26059,769,973172,2415500
2899,43,44,26016,768,973216,2432000
2900,29,40,25987,757,973256,2456100
2901,43,40,25944,760,973296,2463500
2902,32,36,25912,756,973332,2459500
2903,31,32,25881,755,973364,2479400
2904,36,39,25845,752,973403,2498500
2905,47,45,25798,754,973448,2509300
2906,36,40,25762,750,973488,2443800
2907,41,26,25721,765,973514,2542300
2908,40,38,25681,767,973552,2474500
2909,48,42,25633,773,973594,2465000
2910,41,42,25592,772,973636,2456900
2911,26,40,25566,758,973676,2472200
2912,37,37,25529,758,973713,2448700
2913,36,42,25493,752,973755,2472300
2914,32,39,25461,745,973794,2449000
2915,49,46,25412,748,973840,2456700
2916,37,33,25375,752,973873,2424300
2917,37,43,25338,746,973916,2452900
2918,44,35,25294,755,973951,2413100
2919,37,39,25257,753,973990,2450200
2920,44,30,25213,767,974020,2447700
2921,44,35,25169,776,974055,2445800
2922,37,41,25132,772,974096,2421800
2923,37,40,25095,769,974136,2477300
2924,57,44,25038,782,974180,2401900
2925,44,46,24994,780,974226,2448300
2926,44,40,24950,784,974266,3123300
2927,35,39,24915,780,974305,2435500
2928,36,39,24879,777,974344,2456300
2929,42,45,24837,774,974389,2433800
2930,22,35,24815,761,974424,2420900
2931,25,32,24790,754,974456,2458100
2932,36,44,24754,746,974500,2500800
2933,40,50,24714,736,974550,2423700
2934,30,46,24684,720,974596,2409000
2935,40,31,24644,729,974627,2416700
2936,33,41,24611,721,974668,2441100
2937,31,45,24580,707,974713,2405500
2938,34,46,24546,695,974759,2673800
2939,31,41,24515,685,974800,2468800
2940,43,34,24472,694,974834,2372800
2941,35,37,24437,692,974871,2508400
2942,43,35,24394,700,974906,2427700
2943,44,38,24350,706,974944,2378700
2944,33,35,24317,704,974979,2443900
2945,44,33,24273,715,975012,2397400
2946,35,38,24238,712,975050,2404700
2947,34,34,24204,712,975084,2441800
2948,32,42,24172,702,975126,2431200
2949,27,30,24145,699,975156,2414400
2950,37,34,24108,702,975190,2461900
2951,49,34,24059,717,975224,2390800
2952,32,26,24027,723,975250,2409300
2953,33,38,23994,718,975288,2419400
2954,41,27,23953,732,975315,2354000
2955,46,40,23907,738,975355,2369500
2956,39,33,23868,744,975388,2409100
2957,31,43,23837,732,975431,2728400
2958,33,23,23804,742,975454,3054900
2959,31,50,23773,723,975504,2673500
2960,25,35,23748,713,975539,2485400
2961,31,40,23717,704,975579,2513600
2962,26,38,23691,692,975617,2389400
2963,32,24,23659,700,975641,2402900
2964,27,37,23632,690,975678,2381700
2965,41,31,23591,700,975709,2397100
2966,33,38,23558,695,975747,2353700
2967,42,48,23516,689,975795,2354500
2968,34,34,23482,689,975829,2365400
2969,31,30,23451,690,975859,2355100
2970,35,31,23416,694,975890,2395400
2971,28,42,23388,680,975932,2360400
2972,28,41,23360,667,975973,2382200
2973,22,33,23338,656,976006,2470600
2974,20,29,23318,647,976035,2399100
2975,25,33,23293,639,976068,2370800
2976,34,30,23259,643,976098,2455400
2977,27,38,23232,632,976136,2406500
2978,40,23,23192,649,976159,2359900
2979,26,43,23166,632,976202,2683300
2980,29,28,23137,633,976230,2375700
2981,34,31,23103,636,976261,2356500
2982,38,35,23065,639,976296,2386100
2983,29,42,23036,626,976338,2391700
2984,32,28,23004,630,976366,2465500
2985,35,30,22969,635,976396,2396600
2986,24,29,22945,630,976425,2391600
2987,30,36,22915,624,976461,2355100
2988,30,37,22885,617,976498,2360200
2989,25,43,22860,599,976541,2476100
2990,32,27,22828,604,976568,2375800
2991,38,26,22790,616,976594,2360800
2992,39,34,22751,621,976628,2347600
2993,39,26,22712,634,976654,2388100
2994,33,33,22679,634,976687,2346200
2995,28,31,22651,631,976718,2387500
2996,37,25,22614,643,976743,2367000
2997,34,31,22580,646,976774,2364000
2998,30,34,22550,642,976808,2352800
2999,29,33,22521,638,976841,2348600
3000,25,28,22496,635,976869,2345000
3001,33,34,22463,634,976903,2334100
3002,25,37,22438,622,976940,2944200
3003,42,36,22396,628,976976,2658000
3004,25,25,22371,628,977001,2540700
3005,27,41,22344,614,977042,2448600
3006,33,24,22311,623,977066,2426900
3007,34,30,22277,627,977096,2342700
3008,32,28,22245,631,977124,2771500
3009,31,34,22214,628,977158,2418200
3010,30,19,22184,639,977177,2576100
3011,30,34,22154,635,977211,2431000
3012,28,37,22126,626,977248,2439200
3013,25,32,22101,619,977280,2392500
3014,38,26,22063,631,977306,2435900
3015,32,22,22031,641,977328,2430600
3016,29,31,22002,639,977359,2401800
3017,34,27,21968,646,977386,2421900
3018,30,33,21938,643,977419,2376900
3019,26,38,21912,631,977457,2369400
3020,34,22,21878,643,977479,2388300
3021,25,28,21853,640,977507,2478500
3022,25,38,21828,627,977545,2392200
3023,24,35,21804,616,977580,2361500
3024,25,19,21779,622,977599,2344900
3025,30,24,21749,628,977623,2349400
3026,25,30,21724,623,977653,2367500
3027,24,26,21700,621,977679,2401700
3028,28,45,21672,604,977724,2495000
3029,29,35,21643,598,977759,2709400
3030,25,35,21618,588,977794,2473500
3031,26,34,21592,580,977828,2456900
3032,31,28,21561,583,977856,2405200
3033,28,24,21533,587,977880,2411800
3034,34,31,21499,590,977911,2467600
3035,20,33,21479,577,977944,2377200
3036,24,21,21455,580,977965,2382600
3037,25,27,21430,578,977992,2364400
3038,18,25,21412,571,978017,2403400
3039,28,28,21384,571,978045,2437000
3040,25,24,21359,572,978069,2434200
3041,15,24,21344,563,978093,2382600
3042,26,21,21318,568,978114,2379900
3043,33,23,21285,578,978137,2363300
3044,28,28,21257,578,978165,2357500
3045,33,26,21224,585,978191,2349700
3046,29,33,21195,581,978224,2354300
3047,29,22,21166,588,978246,2728800
3048,31,24,21135,595,978270,2407800
3049,33,24,21102,604,978294,2425900
3050,23,35,21079,592,978329,2404900
3051,33,27,21046,598,978356,2366900
3052,27,27,21019,598,978383,2351800
3053,28,36,20991,590,978419,2693300
3054,28,34,20963,584,978453,2360200
3055,25,26,20938,583,978479,2685800
3056,42,36,20896,589,978515,2318100
3057,22,34,20874,577,978549,2403400
3058,32,31,20842,578,978580,2370700
3059,29,32,20813,575,978612,2386900
3060,33,23,20780,585,978635,2352300
3061,30,36,20750,579,978671,2384700
3062,34,21,20716,592,978692,2623600
3063,21,33,20695,580,978725,2436600
3064,33,24,20662,589,978749,2474700
3065,43,26,20619,606,978775,2542200
3066,35,41,20584,600,978816,2588500
3067,33,29,20551,604,978845,2423500
3068,31,20,20520,615,978865,2403500
3069,27,31,20493,611,978896,2373700
3070,29,30,20464,610,978926,2427500
3071,35,30,20429,615,978956,2363400
3072,29,29,20400,615,978985,2400200
3073,31,28,20369,618,979013,2359600
3074,28,31,20341,615,979044,2360700
3075,30,27,20311,618,979071,2358100
3076,24,23,20287,619,979094,2362800
3077,24,40,20263,603,979134,2339900
3078,26,29,20237,600,979163,2331300
3079,18,31,20219,587,979194,2489600
3080,23,33,20196,577,979227,2371900
3081,32,26,20164,583,979253,2368500
3082,23,36,20141,570,979289,2369900
3083,29,35,20112,564,979324,2333200
3084,24,23,20088,565,979347,2337600
3085,25,26,20063,564,979373,2374600
3086,25,29,20038,560,979402,2353300
3087,29,29,20009,560,979431,2337200
3088,31,21,19978,570,979452,2327300
3089,24,19,19954,575,979471,2399600
3090,27,29,19927,573,979500,2317600
3091,22,27,19905,568,979527,2321000
3092,27,21,19878,574,979548,2653100
3093,24,21,19854,577,979569,2363600
3094,25,23,19829,579,979592,2397700
3095,23,35,19806,567,979627,2553900
3096,30,26,19776,571,979653,2722400
3097,31,36,19745,566,979689,2493200
3098,24,21,19721,569,979710,2761200
3099,28,28,19693,569,979738,2437800
3100,30,22,19663,577,979760,2767200
3101,34,32,19629,579,979792,2418900
3102,26,31,19603,574,979823,2422900
3103,19,35,19584,558,979858,2382000
3104,20,37,19564,541,979895,2651000
3105,24,26,19540,539,979921,2383500
3106,21,26,19519,534,979947,2460500
3107,21,24,19498,531,979971,2376300
3108,21,31,19477,521,980002,2376600
3109,25,24,19452,522,980026,2368000
3110,26,31,19426,517,980057,2380200
3111,26,28,19400,515,980085,2492200
3112,21,27,19379,509,980112,2344800
3113,22,25,19357,506,980137,2362200
3114,30,24,19327,512,980161,2317500
3115,18,25,19309,505,980186,2323600
3116,27,33,19282,499,980219,2361200
3117,30,32,19252,497,980251,2375300
3118,21,19,19231,499,980270,2351800
3119,22,18,19209,503,980288,2358400
3120,21,19,19188,505,980307,2387600
3121,21,20,19167,506,980327,2386700
3122,20,28,19147,498,980355,2369600
3123,16,24,19131,490,980379,2382200
3124,20,23,19111,487,980402,2398600
3125,18,25,19093,480,980427,2372800
3126,24,14,19069,490,980441,2333000
3127,26,21,19043,495,980462,2326900
3128,27,22,19016,500,980484,2343600
3129,20,29,18996,491,980513,2324200
3130,23,22,18973,492,980535,2463000
3131,23,29,18950,486,980564,2344700
3132,28,22,18922,492,980586,2323300
3133,26,19,18896,499,980605,2352600
3134,22,14,18874,507,980619,2332100
3135,24,23,18850,508,980642,2323700
3136,21,31,18829,498,980673,2335600
3137,19,23,18810,494,980696,2503900
3138,26,31,18784,489,980727,2700300
3139,17,28,18767,478,980755,2442800
3140,22,20,18745,480,980775,2504400
3141,28,16,18717,492,980791,2453800
3142,20,35,18697,477,980826,2418200
3143,35,25,18662,487,980851,2455000
3144,20,24,18642,483,980875,2382700
3145,21,25,18621,479,980900,2389000
3146,18,22,18603,475,980922,2348300
3147,22,21,18581,476,980943,2324400
3148,12,26,18569,462,980969,2374300
3149,20,17,18549,465,980986,2548500
3150,18,26,18531,457,981012,2513300
3151,26,25,18505,458,981037,2446200
3152,21,16,18484,463,981053,2426700
3153,26,20,18458,469,981073,2454100
3154,19,25,18439,463,981098,2431400
3155,17,17,18422,463,981115,2710500
3156,22,23,18400,462,981138,2471500
3157,18,17,18382,463,981155,2406900
3158,12,20,18370,455,981175,2733300
3159,18,26,18352,447,981201,2486000
3160,23,25,18329,445,981226,2460800
3161,27,18,18302,454,981244,2456500
3162,17,22,18285,449,981266,2433500
3163,22,21,18263,450,981287,2386300
3164,20,15,18243,455,981302,2390600
3165,22,18,18221,459,981320,2366700
3166,16,23,18205,452,981343,2337600
3167,20,30,18185,442,981373,2467300
3168,14,23,18171,433,981396,2723900
3169,14,22,18157,425,981418,2887200
3170,22,23,18135,424,981441,2299900
3171,13,15,18122,422,981456,2416300
3172,16,21,18106,417,981477,2366500
3173,18,21,18088,414,981498,2342600
3174,12,23,18076,403,981521,2381800
3175,16,16,18060,403,981537,2372700
3176,17,18,18043,402,981555,2381900
3177,18,29,18025,391,981584,2382700
3178,11,19,18014,383,981603,2380200
3179,11,24,18003,370,981627,2368000
3180,19,19,17984,370,981646,2374200
3181,13,20,17971,363,981666,2391300
3182,20,13,17951,370,981679,2345300
3183,14,19,17937,365,981698,2330200
3184,15,23,17922,357,981721,2327800
3185,17,22,17905,352,981743,2322100
3186,13,22,17892,343,981765,2328400
3187,12,13,17880,342,981778,2474500
3188,19,14,17861,347,981792,2637900
3189,11,20,17850,338,981812,2418300
3190,17,15,17833,340,981827,2484100
3191,18,17,17815,341,981844,2429500
3192,13,16,17802,338,981860,2388900
3193,20,17,17782,341,981877,2672500
3194,30,16,17752,355,981893,2495800
3195,12,22,17740,345,981915,2324200
3196,10,15,17730,340,981930,2332500
3197,23,16,17707,347,981946,2295300
3198,19,16,17688,350,981962,2327000
3199,22,19,17666,353,981981,2336700
3200,15,20,17651,348,982001,2391000
3201,11,18,17640,341,982019,2325700
3202,21,20,17619,342,982039,2340800
3203,20,23,17599,339,982062,2391400
3204,15,18,17584,336,982080,2366000
3205,22,13,17562,345,982093,2351500
3206,14,18,17548,341,982111,2416600
3207,19,15,17529,345,982126,2363900
3208,21,16,17508,350,982142,2339600
3209,18,22,17490,346,982164,2325100
3210,13,18,17477,341,982182,2366500
3211,9,20,17468,330,982202,2382200
3212,16,18,17452,328,982220,2373900
3213,8,13,17444,323,982233,2684400
3214,16,10,17428,329,982243,2301300
3215,23,17,17405,335,982260,2413900
3216,14,18,17391,331,982278,2364100
3217,14,17,17377,328,982295,2316300
3218,11,19,17366,320,982314,2297000
3219,17,19,17349,318,982333,2396300
3220,18,15,17331,321,982348,2358000
3221,17,16,17314,322,982364,2350000
3222,20,18,17294,324,982382,2362900
3223,12,17,17282,319,982399,2490400
3224,15,17,17267,317,982416,2662600
3225,13,24,17254,306,982440,2455100
3226,12,17,17242,301,982457,2478300
3227,16,18,17226,299,982475,2407100
3228,17,15,17209,301,982490,2388300
3229,20,15,17189,306,982505,2357600
3230,18,20,17171,304,982525,2368700
3231,19,19,17152,304,982544,2432300
3232,24,15,17128,313,982559,2385200
3233,12,16,17116,309,982575,2378500
3234,22,13,17094,318,982588,2363600
3235,20,16,17074,322,982604,2357700
3236,12,17,17062,317,982621,2343700
3237,17,15,17045,319,982636,2350800
3238,17,22,17028,314,982658,2331200
3239,13,20,17015,307,982678,3025200
3240,17,13,16998,311,982691,2948400
3241,18,15,16980,314,982706,2389600
3242,18,21,16962,311,982727,2432700
3243,17,16,16945,312,982743,2420800
3244,11,19,16934,304,982762,2402800
3245,17,13,16917,308,982775,2418600
3246,15,18,16902,305,982793,2377700
3247,16,16,16886,305,982809,2409800
3248,14,15,16872,304,982824,2346800
3249,14,11,16858,307,982835,2357700
3250,10,15,16848,302,982850,2308800
3251,15,14,16833,303,982864,2334200
3252,14,14,16819,303,982878,2381900
3253,21,12,16798,312,982890,2322800
3254,7,15,16791,304,982905,2330500
3255,8,10,16783,302,982915,2334100
3256,14,16,16769,300,982931,2344200
3257,11,12,16758,299,982943,2345900
3258,11,21,16747,289,982964,2695500
3259,15,13,16732,291,982977,2717200
3260,12,13,16720,290,982990,2480500
3261,11,10,16709,291,983000,2468100
3262,13,16,16696,288,983016,2425900
3263,8,15,16688,281,983031,2385600
3264,18,12,16670,287,983043,2411200
3265,6,14,16664,279,983057,2415800
3266,7,17,16657,269,983074,2358600
3267,7,20,16650,256,983094,2374000
3268,12,9,16638,259,983103,2351700
3269,6,16,16632,249,983119,2332600
3270,6,19,16626,236,983138,2321000
3271,4,7,16622,233,983145,2360700
3272,9,14,16613,228,983159,2355500
3273,10,10,16603,228,983169,2342300
3274,7,10,16596,225,983179,2415300
3275,13,13,16583,225,983192,2566300
3276,5,12,16578,218,983204,2451000
3277,10,13,16568,215,983217,2636200
3278,13,17,16555,211,983234,2491200
3279,12,12,16543,211,983246,2403500
3280,5,10,16538,206,983256,2386000
3281,10,9,16528,207,983265,2385600
3282,13,4,16515,216,983269,2347700
3283,14,13,16501,217,983282,2437300
3284,11,7,16490,221,983289,3027300
3285,11,4,16479,228,983293,2361500
3286,7,13,16472,222,983306,2444900
3287,9,5,16463,226,983311,2393900
3288,7,17,16456,216,983328,2314900
3289,11,7,16445,220,983335,2326800
3290,12,12,16433,220,983347,2388400
3291,8,10,16425,218,983357,2318900
3292,6,6,16419,218,983363,2377700
3293,5,12,16414,211,983375,2340900
3294,9,11,16405,209,983386,2365900
3295,10,5,16395,214,983391,2348500
3296,4,11,16391,207,983402,2384300
3297,11,12,16380,206,983414,2358600
3298,6,13,16374,199,983427,2320800
3299,6,8,16368,197,983435,2365500
3300,7,6,16361,198,983441,2323700
3301,5,13,16356,190,983454,2399300
3302,7,15,16349,182,983469,2349100
3303,7,6,16342,183,983475,2378500
3304,8,6,16334,185,983481,2376500
3305,9,12,16325,182,983493,2519900
3306,6,7,16319,181,983500,2415300
3307,10,10,16309,181,983510,2345400
3308,5,16,16304,170,983526,2342300
3309,7,4,16297,173,983530,2346600
3310,5,11,16292,167,983541,2443700
3311,9,5,16283,171,983546,2373200
3312,3,8,16280,166,983554,2373200
3313,6,9,16274,163,983563,2384900
3314,7,10,16267,160,983573,2506900
3315,9,10,16258,159,983583,2708400
3316,6,5,16252,160,983588,2546400
3317,6,12,16246,154,983600,2497000
3318,8,5,16238,157,983605,2404200
3319,5,7,16233,155,983612,2420900
3320,11,4,16222,162,983616,2395700
3321,8,8,16214,162,983624,2375200
3322,10,8,16204,164,983632,2467000
3323,7,7,16197,164,983639,2371900
3324,5,11,16192,158,983650,2365000
3325,7,7,16185,158,983657,2322200
3326,6,4,16179,160,983661,2380500
3327,6,6,16173,160,983667,2353300
3328,9,8,16164,161,983675,2656800
3329,4,10,16160,155,983685,2413500
3330,5,7,16155,153,983692,2922300
3331,2,6,16153,149,983698,2308900
3332,7,6,16146,150,983704,2378200
3333,11,4,16135,157,983708,2328800
3334,5,9,16130,153,983717,2316100
3335,4,5,16126,152,983722,2385800
3336,8,8,16118,152,983730,2330400
3337,4,5,16114,151,983735,2297300
3338,7,7,16107,151,983742,2336500
3339,5,9,16102,147,983751,2307400
3340,6,7,16096,146,983758,2328100
3341,8,9,16088,145,983767,2319300
3342,7,6,16081,146,983773,2529400
3343,8,9,16073,145,983782,2387000
3344,13,6,16060,152,983788,2344900
3345,13,6,16047,159,983794,2333900
3346,8,7,16039,160,983801,2324600
3347,11,10,16028,161,983811,2383700
3348,9,9,16019,161,983820,2403500
3349,6,8,16013,159,983828,2355400
3350,8,13,16005,154,983841,2357100
3351,8,8,15997,154,983849,2432100
3352,9,8,15988,155,983857,2333200
3353,5,4,15983,156,983861,2313500
3354,10,8,15973,158,983869,2300300
3355,11,6,15962,163,983875,2392000
3356,7,10,15955,160,983885,2338100
3357,9,9,15946,160,983894,2340900
3358,5,7,15941,158,983901,2316400
3359,12,15,15929,155,983916,2333900
3360,5,8,15924,152,983924,2311300
3361,4,7,15920,149,983931,2325800
3362,7,6,15913,150,983937,3086100
3363,8,11,15905,147,983948,2409900
3364,7,4,15898,150,983952,2339800
3365,12,5,15886,157,983957,2333600
3366,6,9,15880,154,983966,2327100
3367,5,5,15875,154,983971,2341700
3368,8,6,15867,156,983977,2676500
3369,6,4,15861,158,983981,2452200
3370,8,8,15853,158,983989,2442500
3371,10,5,15843,163,983994,2460900
3372,10,6,15833,167,984000,2404900
3373,7,3,15826,171,984003,2446400
3374,8,9,15818,170,984012,2790500
3375,9,8,15809,171,984020,2489700
3376,10,8,15799,173,984028,2455300
3377,8,9,15791,172,984037,2679200
3378,14,8,15777,178,984045,2511300
3379,16,11,15761,183,984056,2511000
3380,9,10,15752,182,984066,2468800
3381,5,9,15747,178,984075,2419300
3382,9,9,15738,178,984084,2403900
3383,8,14,15730,172,984098,2411100
3384,7,8,15723,171,984106,2474800
3385,7,9,15716,169,984115,2423600
3386,4,8,15712,165,984123,2504100
3387,12,9,15700,168,984132,2648600
3388,8,16,15692,160,984148,2334100
3389,9,5,15683,164,984153,2366000
3390,7,8,15676,163,984161,2356300
3391,3,8,15673,158,984169,2370900
3392,5,9,15668,154,984178,2353900
3393,4,5,15664,153,984183,2436000
3394,2,9,15662,146,984192,2388400
3395,10,7,15652,149,984199,2383800
3396,10,4,15642,155,984203,2375100
3397,8,4,15634,159,984207,2436700
3398,8,8,15626,159,984215,2448900
3399,7,5,15619,161,984220,2444300
3400,5,8,15614,158,984228,2426900
3401,6,5,15608,159,984233,2389000
3402,7,8,15601,158,984241,2395600
3403,10,13,15591,155,984254,2385800
3404,10,7,15581,158,984261,2382200
3405,5,8,15576,155,984269,2368500
3406,10,6,15566,159,984275,2606800
3407,3,13,15563,149,984288,2437500
3408,5,6,15558,148,984294,2426800
3409,11,6,15547,153,984300,2452800
3410,6,4,15541,155,984304,2462300
3411,9,7,15532,157,984311,2509900
3412,6,7,15526,156,984318,2826800
3413,9,13,15517,152,984331,2503200
3414,5,4,15512,153,984335,2589500
3415,9,7,15503,155,984342,2472100
3416,2,16,15501,141,984358,2432300
3417,5,10,15496,136,984368,2385200
3418,4,5,15492,135,984373,2508000
3419,3,9,15489,129,984382,2428200
3420,3,4,15486,128,984386,2412400
3421,5,5,15481,128,984391,2402000
3422,1,8,15480,121,984399,2392500
3423,4,8,15476,117,984407,2376700
3424,1,3,15475,115,984410,2442600
3425,3,3,15472,115,984413,2401900
3426,1,5,15471,111,984418,2413500
3427,4,5,15467,110,984423,2398400
3428,6,5,15461,111,984428,2414400
3429,3,4,15458,110,984432,2386200
3430,3,5,15455,108,984437,2395800
3431,5,6,15450,107,984443,2469500
3432,7,3,15443,111,984446,2415600
3433,4,8,15439,107,984454,2442200
3434,3,8,15436,102,984462,2428900
3435,4,1,15432,105,984463,2385100
3436,1,5,15431,101,984468,2407900
3437,5,9,15426,97,984477,2440400
3438,3,2,15423,98,984479,2424600
3439,0,5,15423,93,984484,2421000
3440,2,4,15421,91,984488,2422400
3441,2,6,15419,87,984494,2391500
3442,1,2,15418,86,984496,2380000
3443,4,5,15414,85,984501,2426900
3444,2,4,15412,83,984505,2362800
3445,6,4,15406,85,984509,2397500
3446,2,8,15404,79,984517,2381900
3447,3,1,15401,81,984518,2332200
3448,4,4,15397,81,984522,2400400
3449,4,5,15393,80,984527,2362900
3450,2,1,15391,81,984528,2628900
3451,5,4,15386,82,984532,2404000
3452,3,5,15383,80,984537,2331200
3453,1,4,15382,77,984541,2435000
3454,4,3,15378,78,984544,2334000
3455,0,5,15378,73,984549,2338400
3456,3,3,15375,73,984552,2305700
3457,0,7,15375,66,984559,2399100
3458,2,6,15373,62,984565,2314700
3459,4,4,15369,62,984569,2340400
3460,3,3,15366,62,984572,2291400
3461,5,7,15361,60,984579,2322900
3462,2,5,15359,57,984584,2316700
3463,2,5,15357,54,984589,2373900
3464,4,1,15353,57,984590,2353600
3465,3,5,15350,55,984595,2459400
3466,1,3,15349,53,984598,2643100
3467,1,1,15348,53,984599,2455300
3468,1,2,15347,52,984601,2400000
3469,5,4,15342,53,984605,2394700
3470,5,2,15337,56,984607,2362700
3471,3,6,15334,53,984613,2382500
3472,1,1,15333,53,984614,2332600
3473,0,1,15333,52,984615,2328000
3474,1,3,15332,50,984618,2333500
3475,2,5,15330,47,984623,2323200
3476,1,3,15329,45,984626,2392900
3477,2,1,15327,46,984627,2356700
3478,0,1,15327,45,984628,2404300
3479,2,3,15325,44,984631,2353200
3480,1,5,15324,40,984636,2357200
3481,0,3,15324,37,984639,2321400
3482,1,3,15323,35,984642,2322300
3483,0,1,15323,34,984643,2412200
3484,0,2,15323,32,984645,2365800
3485,2,1,15321,33,984646,2326900
3486,0,5,15321,28,984651,2314000
3487,1,1,15320,28,984652,2339300
3488,2,1,15318,29,984653,2294600
3489,2,0,15316,31,984653,2352600
3490,1,2,15315,30,984655,2386000
3491,1,1,15314,30,984656,2332300
3492,2,4,15312,28,984660,2331900
3493,0,2,15312,26,984662,2323100
3494,3,1,15309,28,984663,2325800
3495,3,3,15306,28,984666,2297500
3496,1,0,15305,29,984666,2330000
3497,1,2,15304,28,984668,2356100
3498,1,1,15303,28,984669,2390600
3499,1,0,15302,29,984669,2341300
3500,0,1,15302,28,984670,2341000
3501,4,1,15298,31,984671,2462300
3502,0,1,15298,30,984672,2600600
3503,2,4,15296,28,984676,2492600
3504,3,4,15293,27,984680,2447900
3505,1,0,15292,28,984680,2437300
3506,2,1,15290,29,984681,2380000
3507,0,0,15290,29,984681,2360900
3508,1,3,15289,27,984684,2408500
3509,1,2,15288,26,984686,2718700
3510,2,1,15286,27,984687,2328300
3511,0,0,15286,27,984687,2341700
3512,1,2,15285,26,984689,2344600
3513,0,0,15285,26,984689,2357100
3514,3,1,15282,28,984690,2299600
3515,0,1,15282,27,984691,2370000
3516,0,0,15282,27,984691,2353200
3517,1,2,15281,26,984693,2312800
3518,0,0,15281,26,984693,2303500
3519,0,0,15281,26,984693,2283100
3520,1,1,15280,26,984694,2312600
3521,1,3,15279,24,984697,2300900
3522,1,0,15278,25,984697,2368100
3523,0,1,15278,24,984698,2314100
3524,1,0,15277,25,984698,2329200
3525,0,1,15277,24,984699,2316100
3526,0,0,15277,24,984699,2293500
3527,0,1,15277,23,984700,2300900
3528,1,2,15276,22,984702,2302400
3529,0,1,15276,21,984703,2801200
3530,0,0,15276,21,984703,2546300
3531,0,1,15276,20,984704,2350400
3532,0,1,15276,19,984705,2351500
3533,1,0,15275,20,984705,2427500
3534,0,1,15275,19,984706,2355600
3535,0,1,15275,18,984707,2433700
3536,0,0,15275,18,984707,2387100
3537,0,1,15275,17,984708,2365700
3538,0,0,15275,17,984708,2330200
3539,0,1,15275,16,984709,2322500
3540,0,2,15275,14,984711,2321300
3541,0,2,15275,12,984713,2351600
3542,0,1,15275,11,984714,3135300
3543,0,2,15275,9,984716,2275300
3544,0,0,15275,9,984716,2315100
3545,0,0,15275,9,984716,2403000
3546,0,0,15275,9,984716,2294100
3547,0,0,15275,9,984716,2296900
3548,0,1,15275,8,984717,2360500
3549,0,0,15275,8,984717,2424800
3550,0,0,15275,8,984717,2668300
3551,0,0,15275,8,984717,2426500
3552,0,0,15275,8,984717,2402900
3553,0,1,15275,7,984718,2386200
3554,0,0,15275,7,984718,2433300
3555,0,0,15275,7,984718,2379000
3556,0,0,15275,7,984718,2347700
3557,0,0,15275,7,984718,2334900
3558,0,1,15275,6,984719,2329100
3559,0,0,15275,6,984719,2342100
3560,0,0,15275,6,984719,2309900
3561,0,1,15275,5,984720,2412400
3562,0,0,15275,5,984720,2449200
3563,0,0,15275,5,984720,2488300
3564,0,1,15275,4,984721,2412400
3565,0,0,15275,4,984721,2426400
3566,0,0,15275,4,984721,2407000
3567,0,0,15275,4,984721,2409200
3568,0,0,15275,4,984721,2639800
3569,0,0,15275,4,984721,2319700
3570,0,0,15275,4,984721,2378400
3571,0,0,15275,4,984721,2353200
3572,0,0,15275,4,984721,2294700
3573,0,0,15275,4,984721,2425800
3574,0,0,15275,4,984721,2870900
3575,0,0,15275,4,984721,2521700
3576,0,0,15275,4,984721,2370000
3577,0,0,15275,4,984721,2397700
3578,0,1,15275,3,984722,2388500
3579,0,1,15275,2,984723,2334100
3580,0,0,15275,2,984723,2459300
3581,0,0,15275,2,984723,2405400
3582,0,0,15275,2,984723,2386300
3583,0,0,15275,2,984723,2384900
3584,0,0,15275,2,984723,2406800
3585,0,0,15275,2,984723,2346200
3586,0,0,15275,2,984723,2356700
3587,0,0,15275,2,984723,2340600
3588,0,0,15275,2,984723,2336100
3589,0,0,15275,2,984723,2348500
3590,0,0,15275,2,984723,2346600
3591,0,0,15275,2,984723,2380000
3592,0,0,15275,2,984723,2332600
3593,0,1,15275,1,984724,3056600
3594,0,0,15275,1,984724,2426900
3595,0,0,15275,1,984724,2354700
3596,0,0,15275,1,984724,2454800
3597,0,0,15275,1,984724,2269300
3598,0,0,15275,1,984724,2349700
3599,0,0,15275,1,984724,2755500
3600,0,0,15275,1,984724,2436000
3601,0,0,15275,1,984724,2429800
3602,0,0,15275,1,984724,2404900
3603,0,0,15275,1,984724,2376800
3604,0,0,15275,1,984724,2351200
3605,0,0,15275,1,984724,2402200
3606,0,0,15275,1,984724,2335800
3607,0,0,15275,1,984724,2348900
3608,0,0,15275,1,984724,2354300
3609,0,0,15275,1,984724,2311700
3610,0,0,15275,1,984724,2307900
3611,0,0,15275,1,984724,2301800
3612,0,0,15275,1,984724,2388700
3613,0,0,15275,1,984724,2349200
3614,0,0,15275,1,984724,2339000
3615,0,0,15275,1,984724,2326300
3616,0,0,15275,1,984724,2346500
3617,0,0,15275,1,984724,2330600
3618,0,0,15275,1,984724,2357400
3619,0,0,15275,1,984724,2433400
3620,0,0,15275,1,984724,2362100
3621,0,0,15275,1,984724,2387900
3622,0,0,15275,1,984724,2303100
3623,0,0,15275,1,984724,2319700
3624,0,0,15275,1,984724,2325800
3625,0,0,15275,1,984724,2487200
3626,0,0,15275,1,984724,2601100
3627,0,0,15275,1,984724,2315700
3628,0,0,15275,1,984724,2363700
3629,0,1,15275,0,984725,2398400
