Tick,NewlyInfected,NewlyRecovered,TotalSusceptible,TotalInfected,TotalRecovered,StepTimeNanos
0,0,1,999995,4,1,2511500
1,0,0,999995,4,1,2501800
2,2,0,999993,6,1,2443200
3,3,1,999990,8,2,2453700
4,4,0,999986,12,2,2491700
5,3,0,999983,15,2,2540600
6,3,1,999980,17,3,2478700
7,4,0,999976,21,3,2543100
8,3,2,999973,22,5,2524400
9,4,1,999969,25,6,2541100
10,10,0,999959,35,6,2647400
11,2,1,999957,36,7,2488200
12,8,0,999949,44,7,2473500
13,7,0,999942,51,7,2713200
14,10,2,999932,59,9,2558800
15,9,1,999923,67,10,2575200
16,11,0,999912,78,10,2578100
17,7,6,999905,79,16,2610200
18,9,4,999896,84,20,2578300
19,9,4,999887,89,24,2689600
20,9,4,999878,94,28,2626500
21,9,3,999869,100,31,3003600
22,11,7,999858,104,38,3093100
23,8,6,999850,106,44,3053200
24,8,8,999842,106,52,2630800
25,12,7,999830,111,59,3298100
26,11,5,999819,117,64,3245200
27,11,7,999808,121,71,2667800
28,14,7,999794,128,78,2739700
29,6,8,999788,126,86,2753200
30,15,9,999773,132,95,2685100
31,9,5,999764,136,100,2609200
32,9,7,999755,138,107,2588800
33,8,7,999747,139,114,2625900
34,18,8,999729,149,122,2814000
35,11,7,999718,153,129,2517000
36,14,7,999704,160,136,2812000
37,14,8,999690,166,144,2548500
38,13,12,999677,167,156,2608100
39,20,8,999657,179,164,2434500
40,19,7,999638,191,171,2478800
41,18,8,999620,201,179,2437700
42,20,9,999600,212,188,2446900
43,14,13,999586,213,201,2424300
44,19,7,999567,225,208,2408800
45,13,12,999554,226,220,2401000
46,22,9,999532,239,229,2408700
47,23,19,999509,243,248,2393700
48,26,10,999483,259,258,2412800
49,22,11,999461,270,269,2414600
50,24,13,999437,281,282,2538500
51,19,18,999418,282,300,2425900
52,19,12,999399,289,312,2455600
53,37,15,999362,311,327,2443100
54,21,14,999341,318,341,2426900
55,9,20,999332,307,361,2428700
56,30,10,999302,327,371,2393300
57,26,18,999276,335,389,2517400
58,22,19,999254,338,408,2466000
59,21,9,999233,350,417,2391400
60,36,16,999197,370,433,2439600
61,34,17,999163,387,450,2397500
62,30,21,999133,396,471,2481800
63,28,21,999105,403,492,2473100
64,38,16,999067,425,508,2431800
65,33,23,999034,435,531,2369300
66,39,29,998995,445,560,2440400
67,24,21,998971,448,581,2370700
68,25,21,998946,452,602,2425900
69,30,25,998916,457,627,2450600
70,32,23,998884,466,650,2490800
71,38,30,998846,474,680,2653100
72,26,20,998820,480,700,2552400
73,28,32,998792,476,732,2549400
74,32,27,998760,481,759,2689000
75,31,22,998729,490,781,2514900
76,42,23,998687,509,804,2468300
77,37,24,998650,522,828,2415100
78,35,19,998615,538,847,2505300
79,30,25,998585,543,872,2477200
80,38,23,998547,558,895,2493100
81,35,19,998512,574,914,2415600
82,29,34,998483,569,948,2516100
83,32,25,998451,576,973,2467900
84,46,32,998405,590,1005,2526200
85,45,36,998360,599,1041,2511200
86,42,33,998318,608,1074,2503600
87,44,29,998274,623,1103,2494100
88,46,23,998228,646,1126,2455900
89,49,34,998179,661,1160,2470700
90,39,34,998140,666,1194,2571900
91,31,33,998109,664,1227,2465700
92,41,33,998068,672,1260,2437100
93,29,30,998039,671,1290,2414700
94,31,33,998008,669,1323,2463600
95,39,32,997969,676,1355,2432200
96,35,23,997934,688,1378,2611200
97,42,34,997892,696,1412,2468400
98,43,40,997849,699,1452,2516600
99,33,41,997816,691,1493,2445400
100,38,31,997778,698,1524,2414000
101,43,32,997735,709,1556,2344500
102,42,38,997693,713,1594,2684400
103,42,33,997651,722,1627,2349200
104,49,53,997602,718,1680,2354200
105,43,36,997559,725,1716,2310400
106,48,35,997511,738,1751,2315400
107,40,30,997471,748,1781,2329900
108,44,35,997427,757,1816,2406000
109,44,30,997383,771,1846,2308200
110,49,46,997334,774,1892,2291100
111,51,35,997283,790,1927,2296500
112,53,31,997230,812,1958,2301000
113,48,40,997182,820,1998,2335600
114,44,47,997138,817,2045,2846700
115,52,34,997086,835,2079,2331500
116,59,43,997027,851,2122,2404800
117,49,50,996978,850,2172,2331900
118,53,40,996925,863,2212,2265800
119,60,36,996865,887,2248,2250100
120,56,49,996809,894,2297,2601400
121,60,55,996749,899,2352,2272700
122,44,50,996705,893,2402,2271600
123,55,49,996650,899,2451,2258000
124,44,44,996606,899,2495,2244700
125,53,39,996553,913,2534,2248400
126,65,51,996488,927,2585,2315200
127,50,44,996438,933,2629,2265300
128,52,35,996386,950,2664,2280000
129,54,47,996332,957,2711,2258000
130,48,60,996284,945,2771,2267800
131,59,42,996225,962,2813,2249300
132,61,38,996164,985,2851,2711200
133,62,60,996102,987,2911,2396500
134,51,56,996051,982,2967,2397600
135,66,48,995985,1000,3015,2359700
136,56,53,995929,1003,3068,2312200
137,63,62,995866,1004,3130,2325800
138,66,51,995800,1019,3181,2355200
139,61,40,995739,1040,3221,2345300
140,52,40,995687,1052,3261,2320600
141,66,61,995621,1057,3322,2297100
142,76,62,995545,1071,3384,2284000
143,67,60,995478,1078,3444,2269500
144,59,59,995419,1078,3503,2367400
145,60,55,995359,1083,3558,2450700
146,65,51,995294,1097,3609,2393400
147,65,61,995229,1101,3670,2390700
148,48,56,995181,1093,3726,2373700
149,51,60,995130,1084,3786,2406300
150,64,55,995066,1093,3841,2786500
151,65,48,995001,1110,3889,2914700
152,66,55,994935,1121,3944,2457900
153,57,49,994878,1129,3993,2495600
154,71,53,994807,1147,4046,2457800
155,82,49,994725,1180,4095,2410800
156,66,50,994659,1196,4145,2384800
157,69,58,994590,1207,4203,2379700
158,66,66,994524,1207,4269,2353500
159,72,50,994452,1229,4319,2318600
160,90,59,994362,1260,4378,2305200
161,66,55,994296,1271,4433,2652000
162,86,68,994210,1289,4501,2394000
163,76,89,994134,1276,4590,2331300
164,85,63,994049,1298,4653,2299300
165,79,60,993970,1317,4713,2286500
166,84,75,993886,1326,4788,2280100
167,88,66,993798,1348,4854,2539000
168,73,79,993725,1342,4933,2299700
169,77,74,993648,1345,5007,2302800
170,85,69,993563,1361,5076,2278100
171,77,63,993486,1375,5139,2342900
172,89,67,993397,1397,5206,2340400
173,87,85,993310,1399,5291,2331200
174,87,72,993223,1414,5363,2312000
175,84,63,993139,1435,5426,2315000
176,67,68,993072,1434,5494,2290200
177,98,94,992974,1438,5588,2279900
178,97,72,992877,1463,5660,2279000
179,96,71,992781,1488,5731,2299600
180,86,76,992695,1498,5807,2313200
181,94,72,992601,1520,5879,2303100
182,81,72,992520,1529,5951,2299700
183,75,77,992445,1527,6028,2341300
184,70,73,992375,1524,6101,2334600
185,85,78,992290,1531,6179,2446800
186,82,70,992208,1543,6249,2722500
187,98,57,992110,1584,6306,2357300
188,91,77,992019,1598,6383,2334900
189,87,58,991932,1627,6441,2327200
190,89,78,991843,1638,6519,2343300
191,100,91,991743,1647,6610,2356900
192,88,71,991655,1664,6681,2349400
193,84,80,991571,1668,6761,2362000
194,83,86,991488,1665,6847,2328300
195,88,90,991400,1663,6937,2301400
196,84,91,991316,1656,7028,2300100
197,82,92,991234,1646,7120,2361200
198,99,83,991135,1662,7203,2340800
199,92,78,991043,1676,7281,2296900
200,99,72,990944,1703,7353,2285800
201,86,85,990858,1704,7438,2286300
202,98,67,990760,1735,7505,2296800
203,86,98,990674,1723,7603,2534800
204,101,90,990573,1734,7693,2435900
205,94,69,990479,1759,7762,2341500
206,90,92,990389,1757,7854,2328900
207,111,84,990278,1784,7938,2293900
208,106,92,990172,1798,8030,2313100
209,99,94,990073,1803,8124,2363000
210,86,110,989987,1779,8234,2454700
211,88,97,989899,1770,8331,2436600
212,101,84,989798,1787,8415,2464900
213,89,82,989709,1794,8497,2451200
214,107,83,989602,1818,8580,2451700
215,112,94,989490,1836,8674,2453600
216,106,96,989384,1846,8770,2428900
217,101,86,989283,1861,8856,2476400
218,99,97,989184,1863,8953,2460500
219,94,95,989090,1862,9048,2427600
220,110,97,988980,1875,9145,2453500
221,94,108,988886,1861,9253,2519400
222,113,104,988773,1870,9357,2453000
223,104,91,988669,1883,9448,2464100
224,118,92,988551,1909,9540,2421900
225,106,101,988445,1914,9641,2410500
226,104,101,988341,1917,9742,2438100
227,102,89,988239,1930,9831,2419000
228,111,85,988128,1956,9916,2462500
229,105,80,988023,1981,9996,2436100
230,96,106,987927,1971,10102,2457700
231,106,97,987821,1980,10199,2470200
232,121,103,987700,1998,10302,2471500
233,114,113,987586,1999,10415,2486600
234,95,109,987491,1985,10524,2484400
235,105,89,987386,2001,10613,2459800
236,118,89,987268,2030,10702,2455700
237,106,100,987162,2036,10802,2437900
238,109,100,987053,2045,10902,2647400
239,128,98,986925,2075,11000,2461500
240,114,117,986811,2072,11117,2445200
241,93,107,986718,2058,11224,2420500
242,136,100,986582,2094,11324,2411000
243,121,105,986461,2110,11429,2417100
244,115,111,986346,2114,11540,2500800
245,108,103,986238,2119,11643,2436000
246,118,112,986120,2125,11755,2407200
247,134,116,985986,2143,11871,2491400
248,113,113,985873,2143,11984,2453900
249,106,106,985767,2143,12090,2492500
250,101,98,985666,2146,12188,2471400
251,130,118,985536,2158,12306,2454400
252,117,113,985419,2162,12419,2422700
253,117,117,985302,2162,12536,2411100
254,109,102,985193,2169,12638,2432800
255,122,125,985071,2166,12763,2424500
256,114,119,984957,2161,12882,2478000
257,95,117,984862,2139,12999,2463500
258,108,110,984754,2137,13109,2511700
259,114,103,984640,2148,13212,2529900
260,117,104,984523,2161,13316,2514500
261,136,114,984387,2183,13430,2736800
262,131,115,984256,2199,13545,2556200
263,130,102,984126,2227,13647,2538500
264,123,109,984003,2241,13756,2519200
265,123,111,983880,2253,13867,2511400
266,119,129,983761,2243,13996,2544400
267,135,107,983626,2271,14103,2588800
268,130,110,983496,2291,14213,2539600
269,127,114,983369,2304,14327,2496900
270,125,113,983244,2316,14440,2600800
271,112,99,983132,2329,14539,2483000
272,133,113,982999,2349,14652,2650400
273,123,98,982876,2374,14750,2520200
274,125,126,982751,2373,14876,2656600
275,129,101,982622,2401,14977,2512500
276,142,118,982480,2425,15095,3284400
277,130,115,982350,2440,15210,2838500
278,122,132,982228,2430,15342,2969300
279,112,111,982116,2431,15453,2940200
280,142,118,981974,2455,15571,2932600
281,128,118,981846,2465,15689,2952000
282,129,123,981717,2471,15812,2871100
283,132,136,981585,2467,15948,2744300
284,131,136,981454,2462,16084,3159800
285,116,132,981338,2446,16216,2819500
286,124,104,981214,2466,16320,2656600
287,139,122,981075,2483,16442,2654000
288,119,108,980956,2494,16550,2707700
289,143,125,980813,2512,16675,2633800
290,153,127,980660,2538,16802,2794100
291,133,117,980527,2554,16919,2764400
292,147,123,980380,2578,17042,2774900
293,130,137,980250,2571,17179,2868600
294,119,142,980131,2548,17321,2962100
295,117,120,980014,2545,17441,2644000
296,133,125,979881,2553,17566,2632500
297,126,122,979755,2557,17688,2618300
298,158,125,979597,2590,17813,2598800
299,170,144,979427,2616,17957,2617100
300,139,123,979288,2632,18080,2648500
301,135,150,979153,2617,18230,2899700
302,146,125,979007,2638,18355,3000100
303,149,115,978858,2672,18470,2778600
304,134,138,978724,2668,18608,2664600
305,153,151,978571,2670,18759,2696500
306,161,149,978410,2682,18908,2670700
307,136,144,978274,2674,19052,2690200
308,138,130,978136,2682,19182,2706700
309,144,127,977992,2699,19309,2634700
310,126,150,977866,2675,19459,2603400
311,142,139,977724,2678,19598,2648600
312,143,132,977581,2689,19730,2660800
313,137,133,977444,2693,19863,2663000
314,127,145,977317,2675,20008,2671300
315,128,159,977189,2644,20167,2664200
316,153,123,977036,2674,20290,2534600
317,131,103,976905,2702,20393,2557200
318,139,145,976766,2696,20538,2533600
319,140,158,976626,2678,20696,2843400
320,130,147,976496,2661,20843,2621900
321,146,131,976350,2676,20974,2560400
322,152,140,976198,2688,21114,2570600
323,146,117,976052,2717,21231,2534000
324,149,141,975903,2725,21372,2528700
325,150,135,975753,2740,21507,2585100
326,147,123,975606,2764,21630,2570900
327,148,132,975458,2780,21762,2527700
328,163,140,975295,2803,21902,2672000
329,143,144,975152,2802,22046,2739200
330,161,140,974991,2823,22186,2894200
331,155,150,974836,2828,22336,2501800
332,146,150,974690,2824,22486,2487900
333,139,137,974551,2826,22623,2452800
334,167,142,974384,2851,22765,2459700
335,166,135,974218,2882,22900,2700800
336,142,142,974076,2882,23042,2665900
337,149,136,973927,2895,23178,2484500
338,162,149,973765,2908,23327,3106800
339,139,133,973626,2914,23460,2763500
340,143,154,973483,2903,23614,2784500
341,162,141,973321,2924,23755,3036700
342,149,138,973172,2935,23893,2856800
343,157,132,973015,2960,24025,2578600
344,148,154,972867,2954,24179,2555100
345,164,127,972703,2991,24306,2537100
346,156,155,972547,2992,24461,2626000
347,154,119,972393,3027,24580,2529100
348,158,148,972235,3037,24728,2520400
349,162,158,972073,3041,24886,2518700
350,161,127,971912,3075,25013,2517800
351,158,133,971754,3100,25146,2511300
352,184,170,971570,3114,25316,2520900
353,166,156,971404,3124,25472,2506900
354,154,144,971250,3134,25616,2465800
355,179,132,971071,3181,25748,2444900
356,178,144,970893,3215,25892,2450500
357,162,169,970731,3208,26061,2731900
358,167,163,970564,3212,26224,2592700
359,172,149,970392,3235,26373,2463300
360,187,150,970205,3272,26523,2454600
361,167,158,970038,3281,26681,2487300
362,191,136,969847,3336,26817,2501100
363,182,168,969665,3350,26985,2604300
364,186,157,969479,3379,27142,2463100
365,183,179,969296,3383,27321,2472800
366,185,168,969111,3400,27489,2514200
367,170,170,968941,3400,27659,2625100
368,188,180,968753,3408,27839,2571900
369,180,190,968573,3398,28029,2583800
370,186,145,968387,3439,28174,2782800
371,191,171,968196,3459,28345,2705400
372,204,188,967992,3475,28533,2680900
373,174,150,967818,3499,28683,2652900
374,189,161,967629,3527,28844,2900400
375,180,157,967449,3550,29001,2762800
376,169,197,967280,3522,29198,2629000
377,204,174,967076,3552,29372,2597600
378,226,181,966850,3597,29553,2607000
379,210,181,966640,3626,29734,2832600
380,191,179,966449,3638,29913,2530000
381,182,196,966267,3624,30109,2530500
382,212,157,966055,3679,30266,2509000
383,201,221,965854,3659,30487,2463100
384,196,180,965658,3675,30667,2470600
385,182,187,965476,3670,30854,2938400
386,193,184,965283,3679,31038,2473100
387,177,181,965106,3675,31219,2490200
388,204,167,964902,3712,31386,2494300
389,183,186,964719,3709,31572,2534200
390,197,184,964522,3722,31756,2508100
391,165,181,964357,3706,31937,2524700
392,186,174,964171,3718,32111,2481500
393,207,182,963964,3743,32293,2521200
394,162,195,963802,3710,32488,2511200
395,181,191,963621,3700,32679,2552000
396,158,192,963463,3666,32871,2545100
397,181,189,963282,3658,33060,2508700
398,208,171,963074,3695,33231,2472000
399,191,181,962883,3705,33412,2489600
400,189,181,962694,3713,33593,2489300
401,188,226,962506,3675,33819,2487700
402,200,182,962306,3693,34001,2504400
403,194,184,962112,3703,34185,2467700
404,192,192,961920,3703,34377,2477600
405,198,186,961722,3715,34563,2462100
406,181,159,961541,3737,34722,2424200
407,201,191,961340,3747,34913,2474100
408,197,196,961143,3748,35109,2505100
409,179,188,960964,3739,35297,2451700
410,183,184,960781,3738,35481,2442300
411,203,180,960578,3761,35661,2447100
412,186,180,960392,3767,35841,2420500
413,186,203,960206,3750,36044,2465400
414,189,191,960017,3748,36235,2423200
415,206,179,959811,3775,36414,2482400
416,206,172,959605,3809,36586,2457800
417,189,190,959416,3808,36776,2466800
418,189,190,959227,3807,36966,2464400
419,197,210,959030,3794,37176,2727900
420,212,202,958818,3804,37378,2544200
421,233,169,958585,3868,37547,2548600
422,228,185,958357,3911,37732,2574600
423,213,201,958144,3923,37933,2508700
424,208,172,957936,3959,38105,2483200
425,201,195,957735,3965,38300,2606500
426,207,189,957528,3983,38489,2502700
427,189,201,957339,3971,38690,2448900
428,204,221,957135,3954,38911,2441000
429,207,200,956928,3961,39111,2468000
430,190,206,956738,3945,39317,2528700
431,211,190,956527,3966,39507,2673700
432,205,213,956322,3958,39720,2606500
433,242,192,956080,4008,39912,2638800
434,206,192,955874,4022,40104,2601100
435,186,194,955688,4014,40298,2664000
436,203,192,955485,4025,40490,2976800
437,195,206,955290,4014,40696,2679200
438,217,197,955073,4034,40893,2624100
439,219,208,954854,4045,41101,2576500
440,217,223,954637,4039,41324,2634900
441,219,200,954418,4058,41524,2601200
442,195,215,954223,4038,41739,2577300
443,204,212,954019,4030,41951,2567800
444,212,202,953807,4040,42153,2691800
445,211,196,953596,4055,42349,2623000
446,214,201,953382,4068,42550,2689200
447,208,203,953174,4073,42753,3027500
448,185,222,952989,4036,42975,2754300
449,205,201,952784,4040,43176,2647400
450,194,176,952590,4058,43352,2614000
451,206,211,952384,4053,43563,2638400
452,211,198,952173,4066,43761,3204600
453,220,217,951953,4069,43978,2593500
454,212,194,951741,4087,44172,2534500
455,255,205,951486,4137,44377,2892000
456,209,210,951277,4136,44587,2582700
457,232,196,951045,4172,44783,2721700
458,203,183,950842,4192,44966,2684700
459,228,212,950614,4208,45178,2603100
460,253,232,950361,4229,45410,2700600
461,226,199,950135,4256,45609,2575900
462,232,227,949903,4261,45836,2588700
463,241,213,949662,4289,46049,2538100
464,256,183,949406,4362,46232,2611600
465,233,203,949173,4392,46435,2556000
466,245,242,948928,4395,46677,2557800
467,218,213,948710,4400,46890,2879000
468,261,222,948449,4439,47112,2724000
469,238,235,948211,4442,47347,2669800
470,247,249,947964,4440,47596,2633700
471,228,228,947736,4440,47824,2635200
472,228,208,947508,4460,48032,2615500
473,243,220,947265,4483,48252,2741900
474,229,220,947036,4492,48472,3149300
475,222,221,946814,4493,48693,2674100
476,232,209,946582,4516,48902,2700400
477,208,224,946374,4500,49126,2840600
478,238,225,946136,4513,49351,2748300
479,228,224,945908,4517,49575,2677800
480,198,218,945710,4497,49793,2613200
481,238,211,945472,4524,50004,2591700
482,212,199,945260,4537,50203,2553900
483,243,207,945017,4573,50410,2544500
484,217,203,944800,4587,50613,3262500
485,217,243,944583,4561,50856,2709900
486,215,231,944368,4545,51087,2580200
487,249,223,944119,4571,51310,2570300
488,215,218,943904,4568,51528,2546500
489,208,207,943696,4569,51735,2610300
490,217,230,943479,4556,51965,2857500
491,226,221,943253,4561,52186,2605000
492,238,222,943015,4577,52408,2583100
493,244,246,942771,4575,52654,2583700
494,225,220,942546,4580,52874,2590900
495,239,245,942307,4574,53119,2958800
496,230,206,942077,4598,53325,2576300
497,237,223,941840,4612,53548,2552400
498,235,219,941605,4628,53767,2515300
499,206,228,941399,4606,53995,2545100
500,249,212,941150,4643,54207,2778200
501,239,208,940911,4674,54415,2568800
502,243,222,940668,4695,54637,2609500
503,217,232,940451,4680,54869,3059600
504,218,243,940233,4655,55112,2922200
505,228,235,940005,4648,55347,2843500
506,244,247,939761,4645,55594,2941600
507,228,232,939533,4641,55826,2800400
508,216,225,939317,4632,56051,2740100
509,220,240,939097,4612,56291,2726000
510,235,204,938862,4643,56495,2765500
511,224,204,938638,4663,56699,3316800
512,213,232,938425,4644,56931,3013700
513,248,234,938177,4658,57165,2860300
514,218,214,937959,4662,57379,2873600
515,209,245,937750,4626,57624,2838900
516,224,236,937526,4614,57860,2774600
517,251,238,937275,4627,58098,2768000
518,254,232,937021,4649,58330,2750700
519,209,259,936812,4599,58589,2810600
520,234,249,936578,4584,58838,2754300
521,233,200,936345,4617,59038,2837200
522,232,201,936113,4648,59239,3216200
523,239,214,935874,4673,59453,2856200
524,236,237,935638,4672,59690,2936100
525,235,266,935403,4641,59956,2810100
526,234,235,935169,4640,60191,2765100
527,218,228,934951,4630,60419,2768000
528,240,256,934711,4614,60675,2806800
529,247,222,934464,4639,60897,2741400
530,260,225,934204,4674,61122,2692000
531,239,253,933965,4660,61375,2748800
532,241,248,933724,4653,61623,2723800
533,233,247,933491,4639,61870,2712100
534,257,236,933234,4660,62106,2682700
535,261,212,932973,4709,62318,2749400
536,238,244,932735,4703,62562,2749100
537,238,217,932497,4724,62779,2735600
538,230,240,932267,4714,63019,2795600
539,243,211,932024,4746,63230,2725100
540,268,236,931756,4778,63466,2690100
541,265,243,931491,4800,63709,2745200
542,251,242,931240,4809,63951,2816900
543,236,231,931004,4814,64182,2655500
544,244,251,930760,4807,64433,2629100
545,235,229,930525,4813,64662,2646500
546,242,201,930283,4854,64863,2673700
547,264,240,930019,4878,65103,2735600
548,238,253,929781,4863,65356,2667800
549,232,237,929549,4858,65593,2700400
550,221,240,929328,4839,65833,2618800
551,232,240,929096,4831,66073,2601600
552,268,258,928828,4841,66331,2607800
553,229,242,928599,4828,66573,2598900
554,256,244,928343,4840,66817,2553900
555,235,265,928108,4810,67082,2566200
556,236,227,927872,4819,67309,2575600
557,250,215,927622,4854,67524,2553600
558,269,236,927353,4887,67760,2655600
559,267,237,927086,4917,67997,2632400
560,227,263,926859,4881,68260,2663200
561,240,228,926619,4893,68488,2678600
562,241,265,926378,4869,68753,2653100
563,260,221,926118,4908,68974,2682300
564,250,233,925868,4925,69207,2633700
565,266,249,925602,4942,69456,2645600
566,247,276,925355,4913,69732,2611800
567,265,279,925090,4899,70011,2626400
568,269,224,924821,4944,70235,2615000
569,266,249,924555,4961,70484,2655100
570,275,265,924280,4971,70749,2654800
571,255,213,924025,5013,70962,2646300
572,223,257,923802,4979,71219,2647900
573,243,233,923559,4989,71452,2604700
574,259,241,923300,5007,71693,2677700
575,255,263,923045,4999,71956,2817200
576,241,231,922804,5009,72187,2691100
577,270,255,922534,5024,72442,2657500
578,273,269,922261,5028,72711,3339800
579,272,268,921989,5032,72979,3373700
580,282,260,921707,5054,73239,2887900
581,308,247,921399,5115,73486,2903900
582,283,245,921116,5153,73731,2810900
583,275,253,920841,5175,73984,2994200
584,267,256,920574,5186,74240,3015900
585,266,294,920308,5158,74534,3445400
586,258,257,920050,5159,74791,3400200
587,292,278,919758,5173,75069,2928100
588,264,230,919494,5207,75299,3048400
589,287,220,919207,5274,75519,2941200
590,294,277,918913,5291,75796,2853400
591,291,252,918622,5330,76048,2777200
592,309,263,918313,5376,76311,2859100
593,310,285,918003,5401,76596,2789800
594,307,288,917696,5420,76884,2770000
595,296,274,917400,5442,77158,2759500
596,294,262,917106,5474,77420,2715600
597,246,282,916860,5438,77702,2695800
598,265,251,916595,5452,77953,2657200
599,277,271,916318,5458,78224,2663000
600,283,293,916035,5448,78517,2732800
601,289,279,915746,5458,78796,2664800
602,280,243,915466,5495,79039,2653300
603,308,293,915158,5510,79332,2721000
604,305,260,914853,5555,79592,2723400
605,285,291,914568,5549,79883,3032300
606,295,286,914273,5558,80169,2848400
607,306,287,913967,5577,80456,2724600
608,284,259,913683,5602,80715,2810100
609,284,272,913399,5614,80987,3030800
610,267,252,913132,5629,81239,2955300
611,283,268,912849,5644,81507,2809800
612,270,303,912579,5611,81810,2752300
613,283,251,912296,5643,82061,2783500
614,305,301,911991,5647,82362,2735400
615,308,301,911683,5654,82663,2727300
616,270,276,911413,5648,82939,2726300
617,314,284,911099,5678,83223,2695400
618,325,298,910774,5705,83521,2711900
619,293,282,910481,5716,83803,2844800
620,299,270,910182,5745,84073,2921200
621,334,296,909848,5783,84369,2923600
622,312,293,909536,5802,84662,2607600
623,283,317,909253,5768,84979,2625300
624,276,275,908977,5769,85254,2608700
625,324,294,908653,5799,85548,2634600
626,295,283,908358,5811,85831,2908900
627,315,304,908043,5822,86135,2646600
628,309,314,907734,5817,86449,2599300
629,282,279,907452,5820,86728,2584000
630,294,301,907158,5813,87029,2578100
631,313,297,906845,5829,87326,2580500
632,314,321,906531,5822,87647,2614500
633,262,287,906269,5797,87934,2562200
634,299,301,905970,5795,88235,2563900
635,244,293,905726,5746,88528,2554400
636,248,314,905478,5680,88842,2541900
637,296,296,905182,5680,89138,2538600
638,269,292,904913,5657,89430,2544200
639,281,288,904632,5650,89718,2506200
640,300,245,904332,5705,89963,2488400
641,269,301,904063,5673,90264,2515200
642,270,297,903793,5646,90561,2492800
643,306,288,903487,5664,90849,2494700
644,299,301,903188,5662,91150,2527500
645,283,278,902905,5667,91428,2521400
646,300,278,902605,5689,91706,2480000
647,286,272,902319,5703,91978,2478500
648,329,277,901990,5755,92255,2500400
649,283,277,901707,5761,92532,2525500
650,287,310,901420,5738,92842,2591700
651,296,294,901124,5740,93136,2611100
652,286,291,900838,5735,93427,2600100
653,318,281,900520,5772,93708,2581900
654,299,285,900221,5786,93993,2584600
655,286,320,899935,5752,94313,3168700
656,284,309,899651,5727,94622,2661200
657,280,285,899371,5722,94907,2582500
658,271,276,899100,5717,95183,2689200
659,283,294,898817,5706,95477,2665600
660,276,277,898541,5705,95754,2981400
661,290,328,898251,5667,96082,2687800
662,293,265,897958,5695,96347,2698300
663,290,319,897668,5666,96666,2673800
664,299,275,897369,5690,96941,2628700
665,299,290,897070,5699,97231,2627400
666,293,300,896777,5692,97531,3102500
667,284,280,896493,5696,97811,2852400
668,292,291,896201,5697,98102,2816700
669,322,285,895879,5734,98387,2833600
670,311,298,895568,5747,98685,2811700
671,303,304,895265,5746,98989,2866500
672,319,267,894946,5798,99256,2846800
673,310,260,894636,5848,99516,2814900
674,306,307,894330,5847,99823,2775500
675,292,298,894038,5841,100121,2908200
676,264,276,893774,5829,100397,3107600
677,308,271,893466,5866,100668,2813800
678,289,303,893177,5852,100971,2727000
679,298,294,892879,5856,101265,2894300
680,279,282,892600,5853,101547,2755200
681,330,284,892270,5899,101831,3201700
682,308,293,891962,5914,102124,2974900
683,299,278,891663,5935,102402,3198800
684,303,296,891360,5942,102698,3391300
685,331,293,891029,5980,102991,3565700
686,319,320,890710,5979,103311,3132100
687,347,293,890363,6033,103604,3375300
688,306,324,890057,6015,103928,3001100
689,312,293,889745,6034,104221,2981400
690,299,297,889446,6036,104518,3206200
691,306,299,889140,6043,104817,3224200
692,304,312,888836,6035,105129,5097100
693,294,312,888542,6017,105441,4403900
694,311,314,888231,6014,105755,4401900
695,344,326,887887,6032,106081,3922700
696,310,302,887577,6040,106383,3622300
697,334,298,887243,6076,106681,3724200
698,344,304,886899,6116,106985,4002900
699,352,311,886547,6157,107296,4203100
700,306,296,886241,6167,107592,3685200
701,348,302,885893,6213,107894,8393200
702,319,286,885574,6246,108180,3566300
703,349,282,885225,6313,108462,3983800
704,331,287,884894,6357,108749,4033700
705,316,322,884578,6351,109071,3122600
706,323,334,884255,6340,109405,2992500
707,336,313,883919,6363,109718,2971500
708,300,338,883619,6325,110056,2941500
709,337,273,883282,6389,110329,3234500
710,293,316,882989,6366,110645,2909800
711,307,320,882682,6353,110965,3178700
712,318,359,882364,6312,111324,2973300
713,302,305,882062,6309,111629,2742000
714,306,323,881756,6292,111952,2784600
715,316,339,881440,6269,112291,2717900
716,348,320,881092,6297,112611,2699000
717,301,327,880791,6271,112938,2714100
718,309,303,880482,6277,113241,2713900
719,307,327,880175,6257,113568,2780000
720,327,304,879848,6280,113872,2862700
721,314,316,879534,6278,114188,2862600
722,337,315,879197,6300,114503,2820000
723,302,290,878895,6312,114793,2743100
724,303,320,878592,6295,115113,2734200
725,335,289,878257,6341,115402,2694800
726,305,317,877952,6329,115719,2647400
727,308,320,877644,6317,116039,2671400
728,323,332,877321,6308,116371,2629600
729,328,331,876993,6305,116702,2629700
730,322,320,876671,6307,117022,3019900
731,300,326,876371,6281,117348,2823000
732,333,326,876038,6288,117674,2749200
733,327,338,875711,6277,118012,2686400
734,355,304,875356,6328,118316,2645500
735,336,325,875020,6339,118641,2840300
736,346,348,874674,6337,118989,3048000
737,332,292,874342,6377,119281,2813400
738,343,326,873999,6394,119607,2768700
739,313,333,873686,6374,119940,2737600
740,315,318,873371,6371,120258,2752800
741,335,331,873036,6375,120589,2758900
742,334,337,872702,6372,120926,2713200
743,319,328,872383,6363,121254,2675100
744,354,325,872029,6392,121579,2675000
745,337,325,871692,6404,121904,2656200
746,336,327,871356,6413,122231,2688200
747,375,292,870981,6496,122523,2688500
748,336,313,870645,6519,122836,2685000
749,344,309,870301,6554,123145,2660700
750,325,335,869976,6544,123480,2691200
751,349,352,869627,6541,123832,2707300
752,363,299,869264,6605,124131,2676000
753,343,347,868921,6601,124478,2727600
754,326,354,868595,6573,124832,2826500
755,331,353,868264,6551,125185,2771300
756,337,318,867927,6570,125503,2740600
757,333,327,867594,6576,125830,2857800
758,339,294,867255,6621,126124,2757900
759,368,316,866887,6673,126440,2720600
760,370,347,866517,6696,126787,2732000
761,326,330,866191,6692,127117,2720200
762,348,310,865843,6730,127427,2743800
763,345,309,865498,6766,127736,2813800
764,336,331,865162,6771,128067,2788400
765,355,315,864807,6811,128382,2822700
766,343,340,864464,6814,128722,2794500
767,359,338,864105,6835,129060,2816200
768,373,350,863732,6858,129410,2860400
769,361,346,863371,6873,129756,2785000
770,374,341,862997,6906,130097,2755900
771,369,344,862628,6931,130441,3465200
772,374,345,862254,6960,130786,3021400
773,368,360,861886,6968,131146,2985400
774,356,333,861530,6991,131479,2920300
775,347,326,861183,7012,131805,2882200
776,378,345,860805,7045,132150,2833600
777,338,379,860467,7004,132529,2887000
778,368,377,860099,6995,132906,3655100
779,382,349,859717,7028,133255,2967600
780,347,353,859370,7022,133608,2946100
781,362,373,859008,7011,133981,2906700
782,362,343,858646,7030,134324,2850700
783,352,378,858294,7004,134702,3217800
784,354,365,857940,6993,135067,2846500
785,355,328,857585,7020,135395,2826800
786,370,355,857215,7035,135750,3099100
787,355,354,856860,7036,136104,2791400
788,348,352,856512,7032,136456,2850000
789,346,369,856166,7009,136825,2783600
790,344,359,855822,6994,137184,2818100
791,354,343,855468,7005,137527,2776200
792,356,330,855112,7031,137857,2731000
793,359,336,854753,7054,138193,2783100
794,328,357,854425,7025,138550,2771100
795,353,352,854072,7026,138902,2737900
796,320,366,853752,6980,139268,2723100
797,331,336,853421,6975,139604,2804400
798,345,324,853076,6996,139928,2816100
799,329,369,852747,6956,140297,2801500
800,335,320,852412,6971,140617,2857900
801,313,341,852099,6943,140958,2867900
802,353,351,851746,6945,141309,2827100
803,330,354,851416,6921,141663,2855200
804,330,336,851086,6915,141999,2868700
805,329,363,850757,6881,142362,2816400
806,334,348,850423,6867,142710,3264800
807,355,327,850068,6895,143037,3253600
808,345,357,849723,6883,143394,3082700
809,342,350,849381,6875,143744,2951800
810,344,370,849037,6849,144114,3060800
811,336,335,848701,6850,144449,3032900
812,365,364,848336,6851,144813,3483000
813,347,333,847989,6865,145146,3577800
814,379,328,847610,6916,145474,3066600
815,356,360,847254,6912,145834,3139400
816,379,359,846875,6932,146193,3013600
817,355,325,846520,6962,146518,2899500
818,347,347,846173,6962,146865,3103200
819,338,361,845835,6939,147226,3214600
820,363,339,845472,6963,147565,2989100
821,374,360,845098,6977,147925,2905300
822,366,327,844732,7016,148252,3025100
823,392,349,844340,7059,148601,3023100
824,369,350,843971,7078,148951,2869000
825,346,332,843625,7092,149283,2855300
826,359,331,843266,7120,149614,2796700
827,351,343,842915,7128,149957,2769700
828,382,355,842533,7155,150312,2790000
829,348,371,842185,7132,150683,2801600
830,332,336,841853,7128,151019,2781000
831,339,357,841514,7110,151376,2785800
832,352,348,841162,7114,151724,2958500
833,345,363,840817,7096,152087,3167100
834,348,380,840469,7064,152467,3061700
835,365,364,840104,7065,152831,3060600
836,350,348,839754,7067,153179,2949800
837,375,347,839379,7095,153526,3045700
838,348,374,839031,7069,153900,3179300
839,336,367,838695,7038,154267,2899800
840,345,343,838350,7040,154610,2905000
841,365,350,837985,7055,154960,3093300
842,337,380,837648,7012,155340,3244000
843,350,354,837298,7008,155694,2920700
844,329,384,836969,6953,156078,2821000
845,353,348,836616,6958,156426,2774600
846,336,377,836280,6917,156803,2733800
847,329,332,835951,6914,157135,2676500
848,357,325,835594,6946,157460,2739000
849,343,330,835251,6959,157790,2645100
850,406,345,834845,7020,158135,2628900
851,349,380,834496,6989,158515,2595200
852,358,341,834138,7006,158856,2594900
853,372,354,833766,7024,159210,2815400
854,352,356,833414,7020,159566,2652400
855,376,361,833038,7035,159927,2602400
856,349,346,832689,7038,160273,2575900
857,337,321,832352,7054,160594,2600800
858,345,375,832007,7024,160969,2572700
859,376,348,831631,7052,161317,2668400
860,343,351,831288,7044,161668,2585200
861,379,371,830909,7052,162039,2601100
862,394,333,830515,7113,162372,2586100
863,378,354,830137,7137,162726,2667200
864,356,388,829781,7105,163114,2655100
865,355,370,829426,7090,163484,2634000
866,339,335,829087,7094,163819,2650900
867,388,356,828699,7126,164175,2620900
868,381,355,828318,7152,164530,2592700
869,358,364,827960,7146,164894,2601700
870,387,340,827573,7193,165234,2661100
871,374,339,827199,7228,165573,2598300
872,375,345,826824,7258,165918,2565400
873,374,392,826450,7240,166310,2604800
874,384,346,826066,7278,166656,2595300
875,356,353,825710,7281,167009,2697900
876,363,382,825347,7262,167391,2875100
877,383,383,824964,7262,167774,2780000
878,371,350,824593,7283,168124,2784400
879,376,338,824217,7321,168462,2777800
880,400,368,823817,7353,168830,2820000
881,351,360,823466,7344,169190,2985500
882,394,364,823072,7374,169554,2861800
883,397,360,822675,7411,169914,2818600
884,389,350,822286,7450,170264,2783700
885,378,389,821908,7439,170653,2769100
886,423,377,821485,7485,171030,3155700
887,401,364,821084,7522,171394,2963700
888,381,324,820703,7579,171718,2875400
889,384,374,820319,7589,172092,2902400
890,396,369,819923,7616,172461,2887200
891,410,384,819513,7642,172845,2866000
892,381,382,819132,7641,173227,2852800
893,367,373,818765,7635,173600,2812500
894,394,382,818371,7647,173982,2758700
895,396,374,817975,7669,174356,2754500
896,403,382,817572,7690,174738,2929500
897,374,384,817198,7680,175122,2898200
898,389,389,816809,7680,175511,2724800
899,385,379,816424,7686,175890,2730600
900,378,374,816046,7690,176264,2716300
901,381,369,815665,7702,176633,2735300
902,391,405,815274,7688,177038,2734900
903,412,402,814862,7698,177440,2746800
904,388,377,814474,7709,177817,3138400
905,393,398,814081,7704,178215,2807300
906,373,394,813708,7683,178609,2773200
907,382,396,813326,7669,179005,2885800
908,388,354,812938,7703,179359,3094300
909,387,393,812551,7697,179752,2867500
910,374,376,812177,7695,180128,2877400
911,401,381,811776,7715,180509,2818100
912,391,394,811385,7712,180903,2987700
913,386,365,810999,7733,181268,2915700
914,369,383,810630,7719,181651,2755400
915,380,404,810250,7695,182055,2741900
916,367,380,809883,7682,182435,2718100
917,378,372,809505,7688,182807,2690700
918,387,377,809118,7698,183184,2713900
919,395,387,808723,7706,183571,2670300
920,402,399,808321,7709,183970,2681300
921,405,409,807916,7705,184379,2698900
922,377,389,807539,7693,184768,2694200
923,419,389,807120,7723,185157,2736300
924,419,395,806701,7747,185552,2794900
925,394,351,806307,7790,185903,2778300
926,410,361,805897,7839,186264,2765600
927,395,351,805502,7883,186615,2764800
928,401,410,805101,7874,187025,2790500
929,411,412,804690,7873,187437,2760800
930,411,391,804279,7893,187828,2759500
931,406,405,803873,7894,188233,2771900
932,429,398,803444,7925,188631,2792500
933,428,385,803016,7968,189016,2817700
934,398,424,802618,7942,189440,2876500
935,384,398,802234,7928,189838,2861300
936,398,370,801836,7956,190208,2832100
937,399,377,801437,7978,190585,2779800
938,410,387,801027,8001,190972,2783000
939,356,421,800671,7936,191393,2746400
940,420,423,800251,7933,191816,2749300
941,404,365,799847,7972,192181,2760000
942,433,418,799414,7987,192599,2729300
943,416,413,798998,7990,193012,2732900
944,409,399,798589,8000,193411,2704100
945,388,391,798201,7997,193802,2796200
946,417,413,797784,8001,194215,2753500
947,418,390,797366,8029,194605,2732200
948,407,406,796959,8030,195011,3144700
949,395,435,796564,7990,195446,2873100
950,422,386,796142,8026,195832,3079500
951,423,408,795719,8041,196240,2880200
952,413,423,795306,8031,196663,2839200
953,416,387,794890,8060,197050,2955200
954,386,385,794504,8061,197435,2928100
955,414,366,794090,8109,197801,3076400
956,416,356,793674,8169,198157,2962700
957,431,410,793243,8190,198567,2924700
958,418,437,792825,8171,199004,2895100
959,390,383,792435,8178,199387,2867300
960,402,418,792033,8162,199805,3173400
961,424,378,791609,8208,200183,3002600
962,417,421,791192,8204,200604,2823800
963,445,408,790747,8241,201012,2811000
964,397,420,790350,8218,201432,2838000
965,438,381,789912,8275,201813,2944100
966,414,392,789498,8297,202205,3498400
967,450,395,789048,8352,202600,2905800
968,408,387,788640,8373,202987,2864500
969,391,403,788249,8361,203390,3232500
970,406,369,787843,8398,203759,3356900
971,407,402,787436,8403,204161,2858700
972,397,437,787039,8363,204598,2894500
973,433,405,786606,8391,205003,2851900
974,402,422,786204,8371,205425,2828900
975,420,416,785784,8375,205841,3012400
976,391,442,785393,8324,206283,2827700
977,410,380,784983,8354,206663,2826200
978,433,401,784550,8386,207064,2839100
979,397,422,784153,8361,207486,2786800
980,414,441,783739,8334,207927,2922300
981,433,397,783306,8370,208324,2996500
982,415,408,782891,8377,208732,2763700
983,399,435,782492,8341,209167,2761300
984,403,399,782089,8345,209566,2765400
985,443,402,781646,8386,209968,2720400
986,391,420,781255,8357,210388,2744800
987,424,410,780831,8371,210798,2733000
988,410,430,780421,8351,211228,2764200
989,411,456,780010,8306,211684,2746600
990,409,394,779601,8321,212078,2757100
991,414,422,779187,8313,212500,2864400
992,424,411,778763,8326,212911,2795400
993,430,442,778333,8314,213353,2782000
994,422,406,777911,8330,213759,2765200
995,428,418,777483,8340,214177,2772800
996,441,393,777042,8388,214570,2848300
997,455,405,776587,8438,214975,2819100
998,390,426,776197,8402,215401,2907500
999,440,398,775757,8444,215799,2946200
1000,436,415,775321,8465,216214,2912800
1001,419,379,774902,8505,216593,3041100
1002,431,394,774471,8542,216987,2994900
1003,464,460,774007,8546,217447,2953400
1004,433,447,773574,8532,217894,2973600
1005,422,441,773152,8513,218335,2904000
1006,447,429,772705,8531,218764,2966500
1007,421,452,772284,8500,219216,2873700
1008,418,422,771866,8496,219638,2809900
1009,435,443,771431,8488,220081,3793300
1010,437,376,770994,8549,220457,3853000
1011,422,452,770572,8519,220909,3820700
1012,441,432,770131,8528,221341,3542700
1013,398,419,769733,8507,221760,3413300
1014,425,449,769308,8483,222209,3453600
1015,402,440,768906,8445,222649,3904100
1016,382,405,768524,8422,223054,5280800
1017,390,416,768134,8396,223470,4267400
1018,401,444,767733,8353,223914,3481400
1019,422,444,767311,8331,224358,4301900
1020,413,444,766898,8300,224802,3634300
1021,416,413,766482,8303,225215,3274800
1022,405,420,766077,8288,225635,3426000
1023,391,479,765686,8200,226114,3305300
1024,430,444,765256,8186,226558,3180900
1025,439,436,764817,8189,226994,3111400
1026,391,428,764426,8152,227422,3093800
1027,459,382,763967,8229,227804,3354100
1028,403,451,763564,8181,228255,2956800
1029,461,451,763103,8191,228706,2959600
1030,434,401,762669,8224,229107,2930200
1031,379,403,762290,8200,229510,3039600
1032,440,390,761850,8250,229900,3302100
1033,402,424,761448,8228,230324,3147700
1034,408,425,761040,8211,230749,3118500
1035,437,393,760603,8255,231142,3165200
1036,436,433,760167,8258,231575,3186900
1037,429,452,759738,8235,232027,3546600
1038,438,417,759300,8256,232444,3374500
1039,469,404,758831,8321,232848,3539100
1040,441,368,758390,8394,233216,3707000
1041,421,461,757969,8354,233677,3399100
1042,437,466,757532,8325,234143,3248400
1043,447,367,757085,8405,234510,3142300
1044,398,434,756687,8369,234944,3126500
1045,458,455,756229,8372,235399,3383000
1046,441,427,755788,8386,235826,3078300
1047,430,452,755358,8364,236278,2989900
1048,451,410,754907,8405,236688,3003100
1049,462,395,754445,8472,237083,2975300
1050,458,421,753987,8509,237504,2997400
1051,404,405,753583,8508,237909,2920400
1052,444,391,753139,8561,238300,3016500
1053,429,451,752710,8539,238751,2997800
1054,415,475,752295,8479,239226,3030300
1055,462,426,751833,8515,239652,3218600
1056,419,415,751414,8519,240067,3140200
1057,491,459,750923,8551,240526,3113000
1058,447,416,750476,8582,240942,3033500
1059,445,466,750031,8561,241408,3297300
1060,477,437,749554,8601,241845,3082000
1061,444,437,749110,8608,242282,2980800
1062,438,452,748672,8594,242734,3234300
1063,440,433,748232,8601,243167,3124900
1064,440,450,747792,8591,243617,3000300
1065,430,479,747362,8542,244096,3525300
1066,405,456,746957,8491,244552,3171300
1067,415,416,746542,8490,244968,3016500
1068,437,410,746105,8517,245378,2991200
1069,439,428,745666,8528,245806,3462900
1070,441,441,745225,8528,246247,3313600
1071,468,420,744757,8576,246667,3027700
1072,465,412,744292,8629,247079,2972000
1073,446,426,743846,8649,247505,3116200
1074,435,407,743411,8677,247912,3079000
1075,476,436,742935,8717,248348,3053000
1076,468,435,742467,8750,248783,3258100
1077,477,464,741990,8763,249247,3156800
1078,501,420,741489,8844,249667,3026800
1079,476,444,741013,8876,250111,3214500
1080,486,458,740527,8904,250569,3137900
1081,439,450,740088,8893,251019,3199700
1082,448,439,739640,8902,251458,3120200
1083,402,423,739238,8881,251881,3212700
1084,442,441,738796,8882,252322,3263000
1085,442,432,738354,8892,252754,3354800
1086,407,428,737947,8871,253182,3297800
1087,453,443,737494,8881,253625,3199200
1088,408,422,737086,8867,254047,3218200
1089,463,441,736623,8889,254488,3325800
1090,474,460,736149,8903,254948,3278500
1091,462,459,735687,8906,255407,3328600
1092,447,469,735240,8884,255876,3292400
1093,466,462,734774,8888,256338,3258100
1094,456,449,734318,8895,256787,3300500
1095,523,454,733795,8964,257241,3265800
1096,466,431,733329,8999,257672,3389700
1097,433,431,732896,9001,258103,3519800
1098,477,453,732419,9025,258556,3329400
1099,478,472,731941,9031,259028,3295000
1100,488,474,731453,9045,259502,3302400
1101,435,476,731018,9004,259978,3265800
1102,458,451,730560,9011,260429,4124300
1103,452,480,730108,8983,260909,3175600
1104,428,447,729680,8964,261356,3154800
1105,464,439,729216,8989,261795,3052400
1106,463,455,728753,8997,262250,3371500
1107,434,440,728319,8991,262690,3291700
1108,462,470,727857,8983,263160,3024000
1109,458,469,727399,8972,263629,2999200
1110,467,456,726932,8983,264085,3023600
1111,483,439,726449,9027,264524,3026200
1112,448,487,726001,8988,265011,2983500
1113,468,430,725533,9026,265441,2996500
1114,467,432,725066,9061,265873,2952600
1115,479,477,724587,9063,266350,2940200
1116,460,453,724127,9070,266803,3070400
1117,428,431,723699,9067,267234,3066700
1118,462,460,723237,9069,267694,3053500
1119,445,445,722792,9069,268139,3108400
1120,463,440,722329,9092,268579,3132200
1121,467,450,721862,9109,269029,3128700
1122,493,450,721369,9152,269479,3053700
1123,464,452,720905,9164,269931,3064300
1124,456,500,720449,9120,270431,2998000
1125,441,483,720008,9078,270914,2931500
1126,496,444,719512,9130,271358,3263900
1127,479,449,719033,9160,271807,3099000
1128,495,438,718538,9217,272245,3040400
1129,498,492,718040,9223,272737,3059000
1130,466,450,717574,9239,273187,3043100
1131,480,463,717094,9256,273650,3318200
1132,472,469,716622,9259,274119,3526300
1133,461,451,716161,9269,274570,3187000
1134,455,465,715706,9259,275035,3284800
1135,473,440,715233,9292,275475,3298300
1136,466,470,714767,9288,275945,3300000
1137,479,461,714288,9306,276406,3243900
1138,482,523,713806,9265,276929,3250200
1139,487,483,713319,9269,277412,3597800
1140,440,478,712879,9231,277890,4049300
1141,469,456,712410,9244,278346,4983700
1142,472,469,711938,9247,278815,3917100
1143,469,436,711469,9280,279251,3368900
1144,481,463,710988,9298,279714,3970800
1145,473,469,710515,9302,280183,4743600
1146,462,495,710053,9269,280678,3544900
1147,475,458,709578,9286,281136,3325900
1148,436,471,709142,9251,281607,3465000
1149,458,454,708684,9255,282061,3236200
1150,456,484,708228,9227,282545,3663100
1151,473,481,707755,9219,283026,3664200
1152,486,476,707269,9229,283502,4353900
1153,493,517,706776,9205,284019,3956600
1154,470,462,706306,9213,284481,4019000
1155,481,471,705825,9223,284952,3760900
1156,475,490,705350,9208,285442,3967400
1157,461,443,704889,9226,285885,3898100
1158,456,457,704433,9225,286342,3371600
1159,461,468,703972,9218,286810,3698800
1160,495,463,703477,9250,287273,3611900
1161,488,411,702989,9327,287684,3315000
1162,482,493,702507,9316,288177,3176300
1163,459,455,702048,9320,288632,3148900
1164,479,443,701569,9356,289075,3106900
1165,485,449,701084,9392,289524,3124500
1166,474,478,700610,9388,290002,3052400
1167,515,441,700095,9462,290443,3189400
1168,479,452,699616,9489,290895,3002800
1169,523,478,699093,9534,291373,2942500
1170,511,493,698582,9552,291866,2947300
1171,478,482,698104,9548,292348,2894900
1172,519,478,697585,9589,292826,2855500
1173,451,482,697134,9558,293308,2859100
1174,506,510,696628,9554,293818,2992600
1175,495,496,696133,9553,294314,2909600
1176,508,477,695625,9584,294791,2911700
1177,508,513,695117,9579,295304,2914700
1178,505,480,694612,9604,295784,2872800
1179,472,497,694140,9579,296281,2892300
1180,477,452,693663,9604,296733,2859200
1181,461,477,693202,9588,297210,2818900
1182,534,459,692668,9663,297669,2811700
1183,473,497,692195,9639,298166,2825000
1184,473,482,691722,9630,298648,2829300
1185,517,476,691205,9671,299124,2834900
1186,506,485,690699,9692,299609,2821900
1187,482,507,690217,9667,300116,2839000
1188,526,463,689691,9730,300579,2803300
1189,520,491,689171,9759,301070,2850300
1190,495,509,688676,9745,301579,3371500
1191,503,443,688173,9805,302022,3318100
1192,502,491,687671,9816,302513,3230100
1193,542,473,687129,9885,302986,3200400
1194,501,534,686628,9852,303520,3267900
1195,487,504,686141,9835,304024,3567800
1196,495,470,685646,9860,304494,3462200
1197,490,492,685156,9858,304986,3922400
1198,538,522,684618,9874,305508,8673300
1199,512,523,684106,9863,306031,6036300
1200,498,451,683608,9910,306482,5744800
1201,497,474,683111,9933,306956,4330700
1202,496,495,682615,9934,307451,4670000
1203,530,542,682085,9922,307993,8100100
1204,509,501,681576,9930,308494,3756600
1205,500,485,681076,9945,308979,4163000
1206,510,519,680566,9936,309498,4232900
1207,497,449,680069,9984,309947,3955100
1208,507,528,679562,9963,310475,3654500
1209,485,498,679077,9950,310973,3414100
1210,491,481,678586,9960,311454,3373400
1211,474,473,678112,9961,311927,3319600
1212,543,508,677569,9996,312435,3178600
1213,495,489,677074,10002,312924,3097200
1214,504,510,676570,9996,313434,3044000
1215,480,506,676090,9970,313940,3058100
1216,505,515,675585,9960,314455,3165300
1217,507,458,675078,10009,314913,2979600
1218,482,495,674596,9996,315408,2926600
1219,506,523,674090,9979,315931,2957200
1220,496,556,673594,9919,316487,3028400
1221,500,503,673094,9916,316990,3082000
1222,535,520,672559,9931,317510,3079200
1223,491,480,672068,9942,317990,3111200
1224,504,510,671564,9936,318500,3392700
1225,517,469,671047,9984,318969,3484400
1226,499,489,670548,9994,319458,13284700
1227,490,463,670058,10021,319921,5985400
1228,502,523,669556,10000,320444,4618500
1229,481,493,669075,9988,320937,3783000
1230,492,503,668583,9977,321440,4142900
1231,530,514,668053,9993,321954,4349800
1232,523,492,667530,10024,322446,4207400
1233,498,485,667032,10037,322931,5194400
1234,499,519,666533,10017,323450,4290000
1235,495,444,666038,10068,323894,5202900
1236,552,499,665486,10121,324393,5435900
1237,483,475,665003,10129,324868,4238200
1238,525,519,664478,10135,325387,4070400
1239,543,518,663935,10160,325905,3533200
1240,528,558,663407,10130,326463,3433600
1241,509,510,662898,10129,326973,3419400
1242,520,481,662378,10168,327454,3397700
1243,502,513,661876,10157,327967,3220600
1244,483,508,661393,10132,328475,3174000
1245,533,487,660860,10178,328962,3293000
1246,522,568,660338,10132,329530,3168500
1247,482,511,659856,10103,330041,3218700
1248,511,526,659345,10088,330567,3176100
1249,536,498,658809,10126,331065,3105900
1250,503,510,658306,10119,331575,3446000
1251,484,523,657822,10080,332098,3234800
1252,529,495,657293,10114,332593,3198100
1253,496,511,656797,10099,333104,3136500
1254,509,499,656288,10109,333603,3313300
1255,516,537,655772,10088,334140,3213200
1256,564,504,655208,10148,334644,3291000
1257,574,487,654634,10235,335131,3405600
1258,524,491,654110,10268,335622,3212200
1259,486,477,653624,10277,336099,3251000
1260,543,534,653081,10286,336633,3135700
1261,508,522,652573,10272,337155,3095600
1262,544,529,652029,10287,337684,3092500
1263,566,509,651463,10344,338193,3253800
1264,544,530,650919,10358,338723,3278000
1265,548,533,650371,10373,339256,3077200
1266,576,518,649795,10431,339774,3019900
1267,559,498,649236,10492,340272,2987300
1268,587,507,648649,10572,340779,3032200
1269,556,471,648093,10657,341250,3046400
1270,570,537,647523,10690,341787,3018900
1271,547,565,646976,10672,342352,3036400
1272,587,534,646389,10725,342886,3098900
1273,568,537,645821,10756,343423,3093100
1274,541,557,645280,10740,343980,3123300
1275,570,520,644710,10790,344500,3066600
1276,606,554,644104,10842,345054,3035900
1277,547,532,643557,10857,345586,3023900
1278,542,558,643015,10841,346144,3034300
1279,561,584,642454,10818,346728,3022400
1280,580,540,641874,10858,347268,3026300
1281,553,520,641321,10891,347788,3062300
1282,538,544,640783,10885,348332,3067300
1283,574,546,640209,10913,348878,3005800
1284,545,537,639664,10921,349415,3060500
1285,545,570,639119,10896,349985,3049800
1286,557,549,638562,10904,350534,2981200
1287,544,568,638018,10880,351102,2957500
1288,581,522,637437,10939,351624,2999400
1289,555,545,636882,10949,352169,3045900
1290,563,544,636319,10968,352713,3018800
1291,585,564,635734,10989,353277,3030200
1292,512,547,635222,10954,353824,2948800
1293,578,518,634644,11014,354342,2982200
1294,526,568,634118,10972,354910,3069400
1295,576,549,633542,10999,355459,3112100
1296,531,549,633011,10981,356008,3037100
1297,513,574,632498,10920,356582,3007900
1298,535,523,631963,10932,357105,3040100
1299,520,511,631443,10941,357616,3089500
1300,547,543,630896,10945,358159,3043600
1301,566,533,630330,10978,358692,2990000
1302,563,523,629767,11018,359215,2979200
1303,583,582,629184,11019,359797,3015100
1304,583,621,628601,10981,360418,3705000
1305,517,513,628084,10985,360931,3581800
1306,560,576,627524,10969,361507,2990000
1307,531,525,626993,10975,362032,2951800
1308,569,576,626424,10968,362608,3342800
1309,550,510,625874,11008,363118,3014600
1310,537,532,625337,11013,363650,2971000
1311,562,532,624775,11043,364182,2924700
1312,560,514,624215,11089,364696,2918600
1313,547,564,623668,11072,365260,3045100
1314,563,559,623105,11076,365819,3013300
1315,553,537,622552,11092,366356,2998300
1316,546,561,622006,11077,366917,3019300
1317,544,570,621462,11051,367487,2984800
1318,566,563,620896,11054,368050,3299800
1319,565,531,620331,11088,368581,3091800
1320,583,573,619748,11098,369154,2990400
1321,575,568,619173,11105,369722,3018000
1322,566,541,618607,11130,370263,3013400
1323,587,546,618020,11171,370809,3034700
1324,595,546,617425,11220,371355,3267800
1325,582,625,616843,11177,371980,3211800
1326,560,560,616283,11177,372540,3192200
1327,573,592,615710,11158,373132,3132000
1328,553,576,615157,11135,373708,3369300
1329,561,546,614596,11150,374254,3135500
1330,591,567,614005,11174,374821,3089000
1331,582,556,613423,11200,375377,3030000
1332,567,579,612856,11188,375956,3037000
1333,555,557,612301,11186,376513,3371900
1334,549,608,611752,11127,377121,3279400
1335,592,536,611160,11183,377657,3237200
1336,569,588,610591,11164,378245,3512000
1337,572,569,610019,11167,378814,5401800
1338,557,588,609462,11136,379402,6238900
1339,574,608,608888,11102,380010,4728500
1340,551,551,608337,11102,380561,4206800
1341,545,500,607792,11147,381061,3614900
1342,600,544,607192,11203,381605,3401800
1343,570,546,606622,11227,382151,3608400
1344,554,573,606068,11208,382724,3500800
1345,540,607,605528,11141,383331,3444500
1346,564,574,604964,11131,383905,3199500
1347,551,578,604413,11104,384483,3160400
1348,552,526,603861,11130,385009,3176100
1349,558,532,603303,11156,385541,3365700
1350,536,541,602767,11151,386082,3372900
1351,556,585,602211,11122,386667,3535900
1352,578,495,601633,11205,387162,3460000
1353,586,587,601047,11204,387749,3525600
1354,545,569,600502,11180,388318,3307800
1355,569,563,599933,11186,388881,3184500
1356,586,527,599347,11245,389408,3174800
1357,527,546,598820,11226,389954,3097400
1358,575,571,598245,11230,390525,3506100
1359,591,577,597654,11244,391102,3014200
1360,575,518,597079,11301,391620,3042500
1361,573,583,596506,11291,392203,3037900
1362,593,557,595913,11327,392760,3110800
1363,587,541,595326,11373,393301,3151500
1364,548,568,594778,11353,393869,3188000
1365,612,562,594166,11403,394431,3168800
1366,572,530,593594,11445,394961,3164700
1367,592,583,593002,11454,395544,3104400
1368,602,596,592400,11460,396140,3185600
1369,611,562,591789,11509,396702,3200000
1370,648,552,591141,11605,397254,3130200
1371,616,597,590525,11624,397851,3143700
1372,594,587,589931,11631,398438,3117600
1373,647,617,589284,11661,399055,3483100
1374,606,597,588678,11670,399652,3395200
1375,583,568,588095,11685,400220,3255400
1376,610,581,587485,11714,400801,3236700
1377,616,578,586869,11752,401379,3321000
1378,583,618,586286,11717,401997,3663100
1379,604,609,585682,11712,402606,3938900
1380,604,604,585078,11712,403210,7017800
1381,607,586,584471,11733,403796,5178700
1382,611,625,583860,11719,404421,4654400
1383,588,652,583272,11655,405073,3710700
1384,552,593,582720,11614,405666,3627400
1385,580,617,582140,11577,406283,3569800
1386,624,571,581516,11630,406854,4882100
1387,598,596,580918,11632,407450,4144500
1388,618,621,580300,11629,408071,4813900
1389,570,605,579730,11594,408676,3904100
1390,614,600,579116,11608,409276,3505900
1391,622,609,578494,11621,409885,3589300
1392,595,582,577899,11634,410467,3457000
1393,577,549,577322,11662,411016,3486000
1394,597,591,576725,11668,411607,3409500
1395,611,605,576114,11674,412212,3308200
1396,606,573,575508,11707,412785,3436000
1397,582,590,574926,11699,413375,3550500
1398,617,580,574309,11736,413955,3617700
1399,596,561,573713,11771,414516,3442000
1400,617,570,573096,11818,415086,3398500
1401,626,590,572470,11854,415676,3507000
1402,645,586,571825,11913,416262,3307600
1403,547,617,571278,11843,416879,3271600
1404,563,615,570715,11791,417494,3239700
1405,607,573,570108,11825,418067,3426100
1406,556,605,569552,11776,418672,3657600
1407,610,593,568942,11793,419265,3572200
1408,579,599,568363,11773,419864,3510000
1409,584,566,567779,11791,420430,3701000
1410,601,571,567178,11821,421001,3386700
1411,599,612,566579,11808,421613,3268800
1412,614,596,565965,11826,422209,3579600
1413,623,599,565342,11850,422808,3453200
1414,594,610,564748,11834,423418,4030900
1415,610,622,564138,11822,424040,4288300
1416,589,561,563549,11850,424601,3493500
1417,627,623,562922,11854,425224,3545500
1418,624,537,562298,11941,425761,3503200
1419,618,564,561680,11995,426325,3543000
1420,614,556,561066,12053,426881,3895300
1421,588,695,560478,11946,427576,3922400
1422,633,641,559845,11938,428217,3536100
1423,584,598,559261,11924,428815,4056600
1424,582,574,558679,11932,429389,3965200
1425,592,592,558087,11932,429981,4030000
1426,600,572,557487,11960,430553,3760700
1427,632,594,556855,11998,431147,5453100
1428,619,612,556236,12005,431759,5355000
1429,622,552,555614,12075,432311,4708100
1430,641,613,554973,12103,432924,4878700
1431,594,628,554379,12069,433552,5238100
1432,615,658,553764,12026,434210,4697500
1433,644,605,553120,12065,434815,4622700
1434,603,596,552517,12072,435411,3951200
1435,621,589,551896,12104,436000,3717300
1436,631,622,551265,12113,436622,6310600
1437,649,645,550616,12117,437267,10665500
1438,637,604,549979,12150,437871,4823500
1439,587,641,549392,12096,438512,4221000
1440,614,592,548778,12118,439104,4119100
1441,591,610,548187,12099,439714,3895300
1442,610,592,547577,12117,440306,4957400
1443,528,602,547049,12043,440908,4834800
1444,615,590,546434,12068,441498,4336200
1445,592,603,545842,12057,442101,4568500
1446,617,618,545225,12056,442719,3561700
1447,570,592,544655,12034,443311,3598600
1448,619,617,544036,12036,443928,3641900
1449,625,601,543411,12060,444529,3613800
1450,553,565,542858,12048,445094,3661900
1451,620,563,542238,12105,445657,3828100
1452,617,572,541621,12150,446229,6048300
1453,622,649,540999,12123,446878,8036000
1454,630,588,540369,12165,447466,5268800
1455,610,625,539759,12150,448091,5065300
1456,617,565,539142,12202,448656,5011600
1457,629,617,538513,12214,449273,4867800
1458,613,598,537900,12229,449871,3711300
1459,649,559,537251,12319,450430,5210100
1460,626,592,536625,12353,451022,3980800
1461,628,625,535997,12356,451647,3649000
1462,653,655,535344,12354,452302,4008400
1463,620,581,534724,12393,452883,3642100
1464,590,664,534134,12319,453547,3696300
1465,588,621,533546,12286,454168,3584000
1466,593,602,532953,12277,454770,3700900
1467,594,573,532359,12298,455343,3428000
1468,612,595,531747,12315,455938,3300300
1469,632,591,531115,12356,456529,3217700
1470,631,597,530484,12390,457126,3167900
1471,640,674,529844,12356,457800,3735400
1472,619,631,529225,12344,458431,3091100
1473,608,641,528617,12311,459072,2968600
1474,615,576,528002,12350,459648,3069000
1475,594,614,527408,12330,460262,3144600
1476,597,640,526811,12287,460902,3363700
1477,566,620,526245,12233,461522,3794400
1478,605,619,525640,12219,462141,3339000
1479,609,533,525031,12295,462674,3291800
1480,654,606,524377,12343,463280,3465900
1481,594,564,523783,12373,463844,3322700
1482,631,613,523152,12391,464457,3614500
1483,650,612,522502,12429,465069,4278900
1484,631,616,521871,12444,465685,5812800
1485,651,599,521220,12496,466284,4551500
1486,616,663,520604,12449,466947,4527600
1487,636,587,519968,12498,467534,3467000
1488,606,638,519362,12466,468172,3461200
1489,656,612,518706,12510,468784,3430200
1490,633,638,518073,12505,469422,3371900
1491,602,627,517471,12480,470049,3349800
1492,644,667,516827,12457,470716,3530300
1493,638,617,516189,12478,471333,3782500
1494,637,605,515552,12510,471938,3222100
1495,693,651,514859,12552,472589,3624200
1496,666,598,514193,12620,473187,3391400
1497,621,630,513572,12611,473817,3846100
1498,599,616,512973,12594,474433,4258400
1499,663,653,512310,12604,475086,3345800
1500,631,617,511679,12618,475703,3258600
1501,636,621,511043,12633,476324,3531400
1502,641,595,510402,12679,476919,3427400
1503,676,630,509726,12725,477549,3252600
1504,576,613,509150,12688,478162,3256000
1505,600,630,508550,12658,478792,3216300
1506,662,610,507888,12710,479402,3174100
1507,639,656,507249,12693,480058,3182800
1508,630,630,506619,12693,480688,3141000
1509,614,654,506005,12653,481342,3552400
1510,632,634,505373,12651,481976,4171100
1511,672,690,504701,12633,482666,3430300
1512,632,627,504069,12638,483293,3330200
1513,586,651,503483,12573,483944,3466500
1514,635,686,502848,12522,484630,3320300
1515,657,571,502191,12608,485201,3392900
1516,649,653,501542,12604,485854,3447800
1517,647,676,500895,12575,486530,3500400
1518,639,624,500256,12590,487154,3462200
1519,658,634,499598,12614,487788,3528700
1520,646,638,498952,12622,488426,3374600
1521,643,613,498309,12652,489039,3337600
1522,616,624,497693,12644,489663,3284800
1523,575,660,497118,12559,490323,3246500
1524,643,586,496475,12616,490909,3398700
1525,655,656,495820,12615,491565,3301400
1526,632,635,495188,12612,492200,3343600
1527,658,582,494530,12688,492782,3212400
1528,610,616,493920,12682,493398,3290400
1529,619,630,493301,12671,494028,3207900
1530,621,680,492680,12612,494708,3184200
1531,626,620,492054,12618,495328,3110900
1532,657,601,491397,12674,495929,3060500
1533,608,660,490789,12622,496589,3175100
1534,640,568,490149,12694,497157,3328600
1535,657,678,489492,12673,497835,3168600
1536,629,613,488863,12689,498448,3161600
1537,692,629,488171,12752,499077,3129000
1538,651,695,487520,12708,499772,3260600
1539,608,668,486912,12648,500440,3157900
1540,620,636,486292,12632,501076,3080700
1541,621,633,485671,12620,501709,3029100
1542,611,594,485060,12637,502303,3035500
1543,627,621,484433,12643,502924,3531000
1544,639,624,483794,12658,503548,3151400
1545,621,621,483173,12658,504169,3078700
1546,637,623,482536,12672,504792,3039000
1547,627,686,481909,12613,505478,3018200
1548,634,648,481275,12599,506126,3096100
1549,682,657,480593,12624,506783,3061000
1550,676,638,479917,12662,507421,2997500
1551,667,645,479250,12684,508066,2986800
1552,638,643,478612,12679,508709,3064100
1553,702,629,477910,12752,509338,3043200
1554,636,614,477274,12774,509952,3020600
1555,629,659,476645,12744,510611,3105100
1556,662,626,475983,12780,511237,3185500
1557,622,615,475361,12787,511852,3126600
1558,678,678,474683,12787,512530,3781200
1559,624,625,474059,12786,513155,3208300
1560,665,668,473394,12783,513823,3128800
1561,630,642,472764,12771,514465,3106500
1562,686,644,472078,12813,515109,3112200
1563,669,616,471409,12866,515725,3210900
1564,667,652,470742,12881,516377,3122800
1565,648,664,470094,12865,517041,3141100
1566,637,653,469457,12849,517694,3131100
1567,693,667,468764,12875,518361,3097100
1568,636,622,468128,12889,518983,3584300
1569,622,675,467506,12836,519658,3056900
1570,625,626,466881,12835,520284,3120900
1571,622,606,466259,12851,520890,3139700
1572,646,618,465613,12879,521508,3152400
1573,632,648,464981,12863,522156,3172100
1574,666,670,464315,12859,522826,3163200
1575,651,667,463664,12843,523493,3349500
1576,674,718,462990,12799,524211,4522200
1577,650,643,462340,12806,524854,4102700
1578,622,611,461718,12817,525465,3440600
1579,657,668,461061,12806,526133,3505300
1580,650,641,460411,12815,526774,3817200
1581,647,678,459764,12784,527452,3913700
1582,633,630,459131,12787,528082,4099800
1583,655,658,458476,12784,528740,3629700
1584,614,666,457862,12732,529406,4008000
1585,644,618,457218,12758,530024,3616300
1586,626,606,456592,12778,530630,3418700
1587,646,655,455946,12769,531285,3335400
1588,645,692,455301,12722,531977,3209000
1589,607,650,454694,12679,532627,3167900
1590,621,665,454073,12635,533292,3376700
1591,611,656,453462,12590,533948,3174700
1592,596,629,452866,12557,534577,3117700
1593,631,663,452235,12525,535240,3172800
1594,606,643,451629,12488,535883,3263100
1595,626,648,451003,12466,536531,3327700
1596,606,628,450397,12444,537159,3277800
1597,599,637,449798,12406,537796,3219700
1598,603,622,449195,12387,538418,3176200
1599,594,621,448601,12360,539039,3151800
1600,601,633,448000,12328,539672,3176400
1601,585,592,447415,12321,540264,3263700
1602,619,639,446796,12301,540903,3190100
1603,594,652,446202,12243,541555,3176900
1604,578,614,445624,12207,542169,3151300
1605,640,602,444984,12245,542771,3165700
1606,627,574,444357,12298,543345,3176700
1607,649,611,443708,12336,543956,3274200
1608,691,634,443017,12393,544590,3224200
1609,657,610,442360,12440,545200,3338000
1610,641,578,441719,12503,545778,3258400
1611,672,629,441047,12546,546407,3167800
1612,592,636,440455,12502,547043,3131100
1613,660,643,439795,12519,547686,3155200
1614,644,618,439151,12545,548304,3249100
1615,640,637,438511,12548,548941,3156900
1616,646,622,437865,12572,549563,3146000
1617,598,647,437267,12523,550210,3035500
1618,638,626,436629,12535,550836,2985900
1619,654,639,435975,12550,551475,3081000
1620,610,640,435365,12520,552115,3018200
1621,621,639,434744,12502,552754,3005800
1622,606,622,434138,12486,553376,3066200
1623,591,571,433547,12506,553947,3010500
1624,678,597,432869,12587,554544,3071600
1625,588,586,432281,12589,555130,3072300
1626,646,658,431635,12577,555788,3117900
1627,653,658,430982,12572,556446,3098900
1628,655,652,430327,12575,557098,3088200
1629,659,645,429668,12589,557743,3490500
1630,636,652,429032,12573,558395,3085100
1631,636,673,428396,12536,559068,3073900
1632,670,672,427726,12534,559740,3060200
1633,648,675,427078,12507,560415,3106600
1634,656,587,426422,12576,561002,3160300
1635,613,653,425809,12536,561655,3166400
1636,666,633,425143,12569,562288,3157600
1637,641,637,424502,12573,562925,3234300
1638,653,591,423849,12635,563516,3189100
1639,671,658,423178,12648,564174,3413500
1640,606,586,422572,12668,564760,3116900
1641,658,604,421914,12722,565364,3122400
1642,691,650,421223,12763,566014,3067500
1643,658,640,420565,12781,566654,3121800
1644,651,586,419914,12846,567240,3286800
1645,645,644,419269,12847,567884,3124700
1646,675,636,418594,12886,568520,3286400
1647,693,619,417901,12960,569139,3231100
1648,635,659,417266,12936,569798,3418200
1649,661,701,416605,12896,570499,3208900
1650,647,607,415958,12936,571106,3113100
1651,691,680,415267,12947,571786,3078900
1652,665,670,414602,12942,572456,2996100
1653,683,691,413919,12934,573147,3462300
1654,710,651,413209,12993,573798,4151300
1655,623,603,412586,13013,574401,3993500
1656,658,643,411928,13028,575044,4427600
1657,647,650,411281,13025,575694,3792900
1658,621,646,410660,13000,576340,3447700
1659,658,635,410002,13023,576975,3381600
1660,658,658,409344,13023,577633,3244100
1661,629,627,408715,13025,578260,3342700
1662,617,606,408098,13036,578866,3430300
1663,677,702,407421,13011,579568,3247100
1664,644,646,406777,13009,580214,3136700
1665,616,660,406161,12965,580874,3082900
1666,620,651,405541,12934,581525,3103900
1667,633,637,404908,12930,582162,3057100
1668,601,627,404307,12904,582789,3047000
1669,583,661,403724,12826,583450,3027900
1670,633,651,403091,12808,584101,3029100
1671,614,604,402477,12818,584705,3317200
1672,625,622,401852,12821,585327,3221000
1673,620,638,401232,12803,585965,3416600
1674,619,606,400613,12816,586571,3185200
1675,622,592,399991,12846,587163,3282700
1676,597,624,399394,12819,587787,3277400
1677,623,627,398771,12815,588414,3337400
1678,664,637,398107,12842,589051,3276800
1679,623,656,397484,12809,589707,3259800
1680,554,640,396930,12723,590347,3192000
1681,638,646,396292,12715,590993,3241700
1682,638,595,395654,12758,591588,3145600
1683,661,636,394993,12783,592224,3426100
1684,625,674,394368,12734,592898,3166500
1685,639,586,393729,12787,593484,3147100
1686,625,649,393104,12763,594133,3336000
1687,601,634,392503,12730,594767,3225100
1688,587,644,391916,12673,595411,3226600
1689,661,628,391255,12706,596039,3285400
1690,630,605,390625,12731,596644,3271500
1691,596,657,390029,12670,597301,3295200
1692,628,631,389401,12667,597932,3256400
1693,625,611,388776,12681,598543,3278000
1694,585,642,388191,12624,599185,3227700
1695,563,617,387628,12570,599802,3254100
1696,605,660,387023,12515,600462,3207700
1697,609,651,386414,12473,601113,3293600
1698,588,634,385826,12427,601747,3317100
1699,568,595,385258,12400,602342,3271700
1700,606,645,384652,12361,602987,3701500
1701,620,591,384032,12390,603578,3243200
1702,629,560,383403,12459,604138,3221700
1703,608,623,382795,12444,604761,3165500
1704,635,587,382160,12492,605348,3210200
1705,599,635,381561,12456,605983,3156900
1706,625,635,380936,12446,606618,3166100
1707,584,623,380352,12407,607241,3152800
1708,602,637,379750,12372,607878,3112000
1709,617,614,379133,12375,608492,3087300
1710,632,607,378501,12400,609099,3045600
1711,637,595,377864,12442,609694,3067200
1712,647,633,377217,12456,610327,3002800
1713,642,591,376575,12507,610918,2982900
1714,650,613,375925,12544,611531,2987500
1715,630,618,375295,12556,612149,3151600
1716,653,623,374642,12586,612772,3259200
1717,614,613,374028,12587,613385,3203200
1718,651,684,373377,12554,614069,3185000
1719,597,636,372780,12515,614705,3405200
1720,666,597,372114,12584,615302,3609000
1721,615,605,371499,12594,615907,3212500
1722,639,606,370860,12627,616513,3153500
1723,639,642,370221,12624,617155,3126200
1724,647,636,369574,12635,617791,3312800
1725,601,610,368973,12626,618401,3547200
1726,573,598,368400,12601,618999,3341100
1727,644,631,367756,12614,619630,3330600
1728,640,662,367116,12592,620292,3203800
1729,647,632,366469,12607,620924,3534200
1730,623,621,365846,12609,621545,3151700
1731,609,622,365237,12596,622167,3095800
1732,655,638,364582,12613,622805,3079700
1733,640,608,363942,12645,623413,3049500
1734,635,657,363307,12623,624070,3283000
1735,611,593,362696,12641,624663,3050900
1736,620,622,362076,12639,625285,3085400
1737,628,617,361448,12650,625902,3027900
1738,618,641,360830,12627,626543,3087400
1739,618,580,360212,12665,627123,3368600
1740,643,643,359569,12665,627766,3649200
1741,628,613,358941,12680,628379,3449700
1742,604,623,358337,12661,629002,3413400
1743,598,645,357739,12614,629647,3808900
1744,623,663,357116,12574,630310,3511400
1745,588,638,356528,12524,630948,3375900
1746,625,611,355903,12538,631559,3333800
1747,606,574,355297,12570,632133,3311500
1748,642,597,354655,12615,632730,3349600
1749,612,690,354043,12537,633420,3290700
1750,646,623,353397,12560,634043,3344100
1751,626,620,352771,12566,634663,3285300
1752,580,663,352191,12483,635326,3254100
1753,599,612,351592,12470,635938,3285100
1754,627,622,350965,12475,636560,3264900
1755,644,606,350321,12513,637166,3418200
1756,624,653,349697,12484,637819,4578500
1757,629,614,349068,12499,638433,4245100
1758,607,634,348461,12472,639067,3786800
1759,612,623,347849,12461,639690,3718200
1760,627,630,347222,12458,640320,3608500
1761,604,598,346618,12464,640918,4438700
1762,564,658,346054,12370,641576,4648100
1763,585,622,345469,12333,642198,3831600
1764,585,593,344884,12325,642791,3904300
1765,586,602,344298,12309,643393,3851300
1766,595,643,343703,12261,644036,3740800
1767,605,585,343098,12281,644621,3719800
1768,606,632,342492,12255,645253,3616900
1769,626,601,341866,12280,645854,3780000
1770,598,655,341268,12223,646509,3462400
1771,636,598,340632,12261,647107,3623400
1772,616,639,340016,12238,647746,3490100
1773,602,605,339414,12235,648351,3554000
1774,616,614,338798,12237,648965,3559100
1775,640,606,338158,12271,649571,3435800
1776,612,618,337546,12265,650189,3404600
1777,644,638,336902,12271,650827,3490600
1778,633,575,336269,12329,651402,3460300
1779,630,599,335639,12360,652001,3394400
1780,618,603,335021,12375,652604,3505400
1781,597,605,334424,12367,653209,3979500
1782,622,644,333802,12345,653853,3933700
1783,628,624,333174,12349,654477,3841300
1784,558,645,332616,12262,655122,3729400
1785,632,639,331984,12255,655761,3964600
1786,583,602,331401,12236,656363,4411700
1787,590,576,330811,12250,656939,4489400
1788,612,620,330199,12242,657559,3810600
1789,609,643,329590,12208,658202,4091900
1790,575,607,329015,12176,658809,3641000
1791,618,626,328397,12168,659435,3521100
1792,590,617,327807,12141,660052,3479100
1793,560,630,327247,12071,660682,3452000
1794,618,600,326629,12089,661282,3423000
1795,618,598,326011,12109,661880,3279800
1796,620,616,325391,12113,662496,3237500
1797,594,584,324797,12123,663080,3155200
1798,623,584,324174,12162,663664,3075300
1799,592,620,323582,12134,664284,3044400
1800,610,625,322972,12119,664909,3032300
1801,592,565,322380,12146,665474,3165600
1802,572,595,321808,12123,666069,3347100
1803,609,610,321199,12122,666679,3500000
1804,598,576,320601,12144,667255,3583500
1805,584,569,320017,12159,667824,3426900
1806,591,634,319426,12116,668458,3232000
1807,583,630,318843,12069,669088,3125100
1808,626,628,318217,12067,669716,4100900
1809,590,605,317627,12052,670321,3716100
1810,654,584,316973,12122,670905,3760900
1811,563,605,316410,12080,671510,3426400
1812,564,627,315846,12017,672137,3295100
1813,625,599,315221,12043,672736,3509500
1814,607,596,314614,12054,673332,3626600
1815,594,593,314020,12055,673925,4178800
1816,611,628,313409,12038,674553,3890800
1817,616,617,312793,12037,675170,3558200
1818,642,619,312151,12060,675789,3276300
1819,598,628,311553,12030,676417,3242500
1820,629,617,310924,12042,677034,3269700
1821,612,624,310312,12030,677658,3379500
1822,579,594,309733,12015,678252,3235200
1823,591,595,309142,12011,678847,3211200
1824,599,596,308543,12014,679443,3277800
1825,613,604,307930,12023,680047,3553300
1826,605,612,307325,12016,680659,3294600
1827,613,585,306712,12044,681244,3348400
1828,585,605,306127,12024,681849,3325800
1829,629,630,305498,12023,682479,3775000
1830,633,628,304865,12028,683107,4075900
1831,614,556,304251,12086,683663,10811100
1832,629,586,303622,12129,684249,5465800
1833,635,593,302987,12171,684842,5249300
1834,614,644,302373,12141,685486,4888100
1835,625,618,301748,12148,686104,4654000
1836,589,618,301159,12119,686722,3923000
1837,559,613,300600,12065,687335,3868900
1838,589,604,300011,12050,687939,5340100
1839,576,614,299435,12012,688553,4741300
1840,593,629,298842,11976,689182,4238500
1841,608,605,298234,11979,689787,3971500
1842,618,621,297616,11976,690408,3525300
1843,594,560,297022,12010,690968,3767600
1844,628,615,296394,12023,691583,3875900
1845,596,597,295798,12022,692180,3561400
1846,656,592,295142,12086,692772,3576400
1847,646,627,294496,12105,693399,3594300
1848,642,645,293854,12102,694044,3557400
1849,625,606,293229,12121,694650,3632300
1850,630,637,292599,12114,695287,3593400
1851,589,610,292010,12093,695897,3589000
1852,596,592,291414,12097,696489,3662600
1853,569,629,290845,12037,697118,3824600
1854,604,587,290241,12054,697705,3726200
1855,613,614,289628,12053,698319,3525900
1856,609,655,289019,12007,698974,3653500
1857,572,594,288447,11985,699568,3503800
1858,592,625,287855,11952,700193,3667600
1859,588,568,287267,11972,700761,3447200
1860,604,626,286663,11950,701387,3459600
1861,612,585,286051,11977,701972,3365600
1862,595,601,285456,11971,702573,3680400
1863,589,590,284867,11970,703163,3970800
1864,580,586,284287,11964,703749,3598300
1865,596,607,283691,11953,704356,4798300
1866,572,597,283119,11928,704953,4310900
1867,549,561,282570,11916,705514,3322700
1868,615,549,281955,11982,706063,3388900
1869,598,600,281357,11980,706663,3535400
1870,624,594,280733,12010,707257,3338000
1871,593,596,280140,12007,707853,3277100
1872,619,584,279521,12042,708437,3252400
1873,635,605,278886,12072,709042,3581800
1874,582,552,278304,12102,709594,3273500
1875,592,595,277712,12099,710189,3293000
1876,590,629,277122,12060,710818,3293100
1877,626,621,276496,12065,711439,3232600
1878,597,602,275899,12060,712041,3686600
1879,628,614,275271,12074,712655,4046900
1880,578,636,274693,12016,713291,3651300
1881,620,653,274073,11983,713944,5361700
1882,606,583,273467,12006,714527,14305500
1883,609,640,272858,11975,715167,5511300
1884,603,617,272255,11961,715784,5547800
1885,538,589,271717,11910,716373,5329700
1886,594,585,271123,11919,716958,3814300
1887,620,647,270503,11892,717605,7882400
1888,581,595,269922,11878,718200,5276400
1889,573,583,269349,11868,718783,4460900
1890,586,576,268763,11878,719359,4166100
1891,564,621,268199,11821,719980,3978700
1892,595,642,267604,11774,720622,3662700
1893,583,627,267021,11730,721249,3754200
1894,603,574,266418,11759,721823,4439600
1895,569,589,265849,11739,722412,3984500
1896,578,590,265271,11727,723002,3314200
1897,587,566,264684,11748,723568,3162900
1898,562,630,264122,11680,724198,3165300
1899,553,579,263569,11654,724777,3157900
1900,581,579,262988,11656,725356,3204900
1901,602,560,262386,11698,725916,3297100
1902,589,581,261797,11706,726497,3661400
1903,555,575,261242,11686,727072,3531800
1904,573,593,260669,11666,727665,3742100
1905,593,582,260076,11677,728247,3873900
1906,533,601,259543,11609,728848,6415200
1907,545,590,258998,11564,729438,4745300
1908,585,583,258413,11566,730021,4031000
1909,548,562,257865,11552,730583,4368200
1910,535,557,257330,11530,731140,4433100
1911,516,551,256814,11495,731691,4037700
1912,551,637,256263,11409,732328,4070300
1913,522,543,255741,11388,732871,3947900
1914,542,570,255199,11360,733441,3931700
1915,545,553,254654,11352,733994,4216800
1916,548,557,254106,11343,734551,3533900
1917,539,560,253567,11322,735111,4118600
1918,508,557,253059,11273,735668,4207300
1919,537,563,252522,11247,736231,3472300
1920,543,552,251979,11238,736783,3428900
1921,566,548,251413,11256,737331,3465600
1922,553,562,250860,11247,737893,3383900
1923,564,584,250296,11227,738477,3113400
1924,513,558,249783,11182,739035,3102100
1925,586,533,249197,11235,739568,3238200
1926,501,551,248696,11185,740119,3210900
1927,554,579,248142,11160,740698,3159000
1928,580,585,247562,11155,741283,3764600
1929,563,551,246999,11167,741834,3665100
1930,567,573,246432,11161,742407,3815300
1931,530,601,245902,11090,743008,3405100
1932,504,550,245398,11044,743558,3215900
1933,496,514,244902,11026,744072,3165400
1934,569,580,244333,11015,744652,3155800
1935,571,555,243762,11031,745207,3201100
1936,576,561,243186,11046,745768,3099300
1937,517,567,242669,10996,746335,3044500
1938,536,587,242133,10945,746922,2991300
1939,551,573,241582,10923,747495,3006700
1940,513,534,241069,10902,748029,2997000
1941,562,526,240507,10938,748555,2963400
1942,513,594,239994,10857,749149,2950100
1943,541,560,239453,10838,749709,2944700
1944,538,579,238915,10797,750288,3088300
1945,561,535,238354,10823,750823,3141000
1946,488,543,237866,10768,751366,3095100
1947,528,512,237338,10784,751878,3031300
1948,524,525,236814,10783,752403,3027600
1949,558,558,236256,10783,752961,3091300
1950,512,539,235744,10756,753500,3738000
1951,502,521,235242,10737,754021,3255700
1952,548,502,234694,10783,754523,3270700
1953,549,540,234145,10792,755063,3148700
1954,493,547,233652,10738,755610,3240600
1955,538,563,233114,10713,756173,3268800
1956,509,508,232605,10714,756681,3050300
1957,514,490,232091,10738,757171,3416300
1958,509,517,231582,10730,757688,4492000
1959,571,521,231011,10780,758209,3799800
1960,556,504,230455,10832,758713,3416700
1961,513,528,229942,10817,759241,3294200
1962,556,528,229386,10845,759769,3359900
1963,551,515,228835,10881,760284,4217200
1964,513,539,228322,10855,760823,4118900
1965,502,555,227820,10802,761378,3558600
1966,515,536,227305,10781,761914,3439500
1967,542,536,226763,10787,762450,3323900
1968,525,525,226238,10787,762975,3492700
1969,563,529,225675,10821,763504,3256300
1970,530,529,225145,10822,764033,3436900
1971,542,490,224603,10874,764523,3216300
1972,485,539,224118,10820,765062,3130500
1973,520,565,223598,10775,765627,3092400
1974,513,543,223085,10745,766170,3105100
1975,557,519,222528,10783,766689,3225100
1976,555,536,221973,10802,767225,3158900
1977,505,545,221468,10762,767770,3105400
1978,555,525,220913,10792,768295,3118700
1979,518,548,220395,10762,768843,3183900
1980,555,586,219840,10731,769429,3188600
1981,552,541,219288,10742,769970,3150300
1982,553,529,218735,10766,770499,3340400
1983,522,556,218213,10732,771055,3280800
1984,565,560,217648,10737,771615,3115500
1985,560,530,217088,10767,772145,3131300
1986,553,563,216535,10757,772708,3234200
1987,546,526,215989,10777,773234,3366200
1988,530,558,215459,10749,773792,3695400
1989,541,577,214918,10713,774369,3459500
1990,554,531,214364,10736,774900,3219600
1991,498,568,213866,10666,775468,3275700
1992,532,542,213334,10656,776010,3691900
1993,500,566,212834,10590,776576,3203600
1994,539,584,212295,10545,777160,3134000
1995,512,519,211783,10538,777679,3203500
1996,509,546,211274,10501,778225,3215200
1997,547,539,210727,10509,778764,3319900
1998,514,529,210213,10494,779293,3288000
1999,513,542,209700,10465,779835,3184100
2000,507,519,209193,10453,780354,3142800
2001,521,544,208672,10430,780898,3112800
2002,539,510,208133,10459,781408,3077300
2003,476,525,207657,10410,781933,3029000
2004,521,531,207136,10400,782464,2979100
2005,551,501,206585,10450,782965,2964200
2006,503,518,206082,10435,783483,2958600
2007,509,538,205573,10406,784021,3274500
2008,520,527,205053,10399,784548,3052400
2009,475,552,204578,10322,785100,3041200
2010,531,495,204047,10358,785595,3046200
2011,528,509,203519,10377,786104,3033900
2012,459,575,203060,10261,786679,3409700
2013,533,476,202527,10318,787155,3021500
2014,532,527,201995,10323,787682,2966800
2015,500,465,201495,10358,788147,2949600
2016,550,522,200945,10386,788669,3157100
2017,517,501,200428,10402,789170,3010900
2018,548,519,199880,10431,789689,2903700
2019,530,531,199350,10430,790220,2880900
2020,533,518,198817,10445,790738,2884800
2021,485,505,198332,10425,791243,2850700
2022,510,474,197822,10461,791717,3185700
2023,549,544,197273,10466,792261,2953700
2024,541,507,196732,10500,792768,3005400
2025,502,563,196230,10439,793331,2950300
2026,494,491,195736,10442,793822,2930200
2027,486,481,195250,10447,794303,3026300
2028,496,491,194754,10452,794794,3035600
2029,530,493,194224,10489,795287,2906400
2030,501,539,193723,10451,795826,2875300
2031,514,511,193209,10454,796337,2901000
2032,509,512,192700,10451,796849,2902300
2033,501,542,192199,10410,797391,3075600
2034,482,485,191717,10407,797876,2958900
2035,500,494,191217,10413,798370,2923400
2036,487,538,190730,10362,798908,2897300
2037,460,480,190270,10342,799388,2903000
2038,496,515,189774,10323,799903,2904000
2039,477,506,189297,10294,800409,2951000
2040,517,526,188780,10285,800935,2934400
2041,469,549,188311,10205,801484,3046100
2042,470,505,187841,10170,801989,2971100
2043,481,524,187360,10127,802513,2973700
2044,471,515,186889,10083,803028,2958800
2045,466,491,186423,10058,803519,2905200
2046,459,486,185964,10031,804005,2920100
2047,467,495,185497,10003,804500,2939400
2048,468,527,185029,9944,805027,2923100
2049,455,492,184574,9907,805519,2978400
2050,474,480,184100,9901,805999,3002600
2051,478,484,183622,9895,806483,2905500
2052,477,490,183145,9882,806973,2881200
2053,446,498,182699,9830,807471,2905100
2054,463,492,182236,9801,807963,3054200
2055,456,503,181780,9754,808466,3062600
2056,434,522,181346,9666,808988,3024700
2057,448,468,180898,9646,809456,3025300
2058,449,504,180449,9591,809960,3036800
2059,430,467,180019,9554,810427,3307900
2060,456,513,179563,9497,810940,3028400
2061,428,483,179135,9442,811423,2977300
2062,454,475,178681,9421,811898,2925700
2063,482,493,178199,9410,812391,2957100
2064,451,484,177748,9377,812875,3146000
2065,485,471,177263,9391,813346,3109500
2066,434,453,176829,9372,813799,2829000
2067,421,467,176408,9326,814266,2925400
2068,463,448,175945,9341,814714,2906800
2069,468,439,175477,9370,815153,2858500
2070,453,465,175024,9358,815618,3296300
2071,436,470,174588,9324,816088,2839100
2072,455,500,174133,9279,816588,2811600
2073,447,461,173686,9265,817049,2883700
2074,432,446,173254,9251,817495,2964400
2075,453,450,172801,9254,817945,3040700
2076,464,418,172337,9300,818363,3320800
2077,423,449,171914,9274,818812,3713300
2078,409,470,171505,9213,819282,3409700
2079,440,458,171065,9195,819740,3544000
2080,390,447,170675,9138,820187,3455100
2081,418,437,170257,9119,820624,3201500
2082,423,473,169834,9069,821097,3184400
2083,414,459,169420,9024,821556,3105200
2084,435,476,168985,8983,822032,3389600
2085,375,407,168610,8951,822439,3303100
2086,448,459,168162,8940,822898,3107000
2087,425,432,167737,8933,823330,3885600
2088,419,456,167318,8896,823786,3351400
2089,428,458,166890,8866,824244,3582000
2090,409,463,166481,8812,824707,3317800
2091,395,428,166086,8779,825135,3789600
2092,387,430,165699,8736,825565,3681100
2093,421,445,165278,8712,826010,3614100
2094,420,422,164858,8710,826432,3673200
2095,432,459,164426,8683,826891,3974600
2096,410,439,164016,8654,827330,3787700
2097,375,433,163641,8596,827763,3956300
2098,380,409,163261,8567,828172,3732600
2099,433,428,162828,8572,828600,3870300
2100,382,404,162446,8550,829004,3821900
2101,374,416,162072,8508,829420,3621600
2102,356,413,161716,8451,829833,3639900
2103,357,428,161359,8380,830261,3404100
2104,341,433,161018,8288,830694,3905400
2105,352,405,160666,8235,831099,4025200
2106,352,409,160314,8178,831508,3501500
2107,375,449,159939,8104,831957,3390500
2108,378,395,159561,8087,832352,3168600
2109,348,396,159213,8039,832748,3077300
2110,362,361,158851,8040,833109,3105700
2111,380,416,158471,8004,833525,3192500
2112,375,396,158096,7983,833921,2957000
2113,355,410,157741,7928,834331,2966300
2114,336,387,157405,7877,834718,2986900
2115,328,380,157077,7825,835098,3014700
2116,339,374,156738,7790,835472,3090000
2117,351,395,156387,7746,835867,3030400
2118,308,412,156079,7642,836279,3018800
2119,313,397,155766,7558,836676,2993500
2120,335,355,155431,7538,837031,2979100
2121,329,345,155102,7522,837376,3036300
2122,326,366,154776,7482,837742,2979300
2123,342,375,154434,7449,838117,2950000
2124,345,359,154089,7435,838476,2948900
2125,339,363,153750,7411,838839,2922200
2126,320,327,153430,7404,839166,2935200
2127,299,372,153131,7331,839538,2932400
2128,357,367,152774,7321,839905,2909400
2129,324,347,152450,7298,840252,2925800
2130,350,343,152100,7305,840595,2917900
2131,323,347,151777,7281,840942,2929100
2132,340,383,151437,7238,841325,3330300
2133,344,357,151093,7225,841682,2927900
2134,321,367,150772,7179,842049,2878100
2135,330,344,150442,7165,842393,2807400
2136,333,374,150109,7124,842767,2816500
2137,299,353,149810,7070,843120,3331900
2138,311,348,149499,7033,843468,2928700
2139,296,376,149203,6953,843844,2870500
2140,289,358,148914,6884,844202,2781800
2141,321,330,148593,6875,844532,2782200
2142,307,315,148286,6867,844847,2775300
2143,295,328,147991,6834,845175,2737400
2144,294,331,147697,6797,845506,2736100
2145,308,314,147389,6791,845820,2668600
2146,307,322,147082,6776,846142,2630100
2147,300,336,146782,6740,846478,2612600
2148,300,295,146482,6745,846773,3053200
2149,281,340,146201,6686,847113,2663000
2150,312,335,145889,6663,847448,2615500
2151,293,337,145596,6619,847785,2603300
2152,288,340,145308,6567,848125,2587100
2153,309,324,144999,6552,848449,2618500
2154,286,338,144713,6500,848787,2711100
2155,286,346,144427,6440,849133,2903000
2156,295,354,144132,6381,849487,2946000
2157,315,321,143817,6375,849808,2893800
2158,303,286,143514,6392,850094,2938800
2159,301,338,143213,6355,850432,3194300
2160,336,309,142877,6382,850741,3030200
2161,342,331,142535,6393,851072,2943700
2162,309,326,142226,6376,851398,2988700
2163,331,319,141895,6388,851717,2945800
2164,321,315,141574,6394,852032,3037600
2165,322,311,141252,6405,852343,3167700
2166,336,291,140916,6450,852634,3059900
2167,317,346,140599,6421,852980,3078100
2168,311,343,140288,6389,853323,3018300
2169,323,343,139965,6369,853666,3125200
2170,331,316,139634,6384,853982,3125100
2171,312,289,139322,6407,854271,3008000
2172,342,310,138980,6439,854581,2970900
2173,296,322,138684,6413,854903,2951700
2174,312,297,138372,6428,855200,3001200
2175,295,327,138077,6396,855527,2974700
2176,316,324,137761,6388,855851,2930800
2177,273,327,137488,6334,856178,2894200
2178,308,305,137180,6337,856483,2902500
2179,300,286,136880,6351,856769,2894800
2180,290,316,136590,6325,857085,3042500
2181,266,311,136324,6280,857396,3306200
2182,278,318,136046,6240,857714,3266300
2183,297,302,135749,6235,858016,3127800
2184,279,284,135470,6230,858300,3165800
2185,294,324,135176,6200,858624,3623200
2186,290,337,134886,6153,858961,6045600
2187,291,278,134595,6166,859239,3775600
2188,295,296,134300,6165,859535,3165600
2189,301,318,133999,6148,859853,3119000
2190,303,315,133696,6136,860168,3084400
2191,348,339,133348,6145,860507,3218200
2192,342,303,133006,6184,860810,3080200
2193,305,283,132701,6206,861093,3467900
2194,287,304,132414,6189,861397,3015200
2195,300,332,132114,6157,861729,3054400
2196,304,307,131810,6154,862036,3085800
2197,286,296,131524,6144,862332,3037000
2198,315,311,131209,6148,862643,3086400
2199,325,286,130884,6187,862929,3030100
2200,287,317,130597,6157,863246,3048000
2201,293,309,130304,6141,863555,2948500
2202,289,315,130015,6115,863870,3128200
2203,297,291,129718,6121,864161,3168900
2204,277,311,129441,6087,864472,3070100
2205,285,311,129156,6061,864783,3030600
2206,301,334,128855,6028,865117,2984900
2207,307,306,128548,6029,865423,3119900
2208,260,304,128288,5985,865727,3030800
2209,300,336,127988,5949,866063,3056200
2210,287,292,127701,5944,866355,3000200
2211,318,302,127383,5960,866657,3060600
2212,293,276,127090,5977,866933,3092900
2213,283,273,126807,5987,867206,3365500
2214,285,299,126522,5973,867505,3149100
2215,321,289,126201,6005,867794,3180700
2216,275,292,125926,5988,868086,3127600
2217,303,268,125623,6023,868354,3070000
2218,291,292,125332,6022,868646,3219000
2219,301,330,125031,5993,868976,3129700
2220,305,303,124726,5995,869279,2986800
2221,327,314,124399,6008,869593,3223400
2222,309,320,124090,5997,869913,3369200
2223,317,278,123773,6036,870191,3861000
2224,295,307,123478,6024,870498,3001300
2225,272,304,123206,5992,870802,3093800
2226,265,296,122941,5961,871098,3146000
2227,287,292,122654,5956,871390,3306500
2228,310,302,122344,5964,871692,3681500
2229,283,306,122061,5941,871998,3335900
2230,296,319,121765,5918,872317,3330000
2231,270,313,121495,5875,872630,3355500
2232,313,305,121182,5883,872935,3345700
2233,292,301,120890,5874,873236,3378600
2234,280,292,120610,5862,873528,3269100
2235,285,269,120325,5878,873797,3368800
2236,279,302,120046,5855,874099,3237800
2237,292,261,119754,5886,874360,3718300
2238,258,269,119496,5875,874629,3474800
2239,303,315,119193,5863,874944,3113200
2240,321,260,118872,5924,875204,3140000
2241,294,305,118578,5913,875509,3470800
2242,309,307,118269,5915,875816,3238500
2243,284,315,117985,5884,876131,3354300
2244,298,275,117687,5907,876406,3778800
2245,316,311,117371,5912,876717,3517200
2246,285,313,117086,5884,877030,3183800
2247,261,326,116825,5819,877356,3283400
2248,271,305,116554,5785,877661,3621200
2249,278,281,116276,5782,877942,3144700
2250,269,273,116007,5778,878215,3320200
2251,274,307,115733,5745,878522,2955300
2252,282,312,115451,5715,878834,2890500
2253,279,262,115172,5732,879096,3161100
2254,257,287,114915,5702,879383,3038900
2255,267,319,114648,5650,879702,3363000
2256,263,266,114385,5647,879968,3160300
2257,291,286,114094,5652,880254,3310400
2258,288,258,113806,5682,880512,3413800
2259,271,281,113535,5672,880793,3098700
2260,268,295,113267,5645,881088,3167500
2261,279,298,112988,5626,881386,3316700
2262,300,287,112688,5639,881673,3298300
2263,270,276,112418,5633,881949,3224200
2264,278,283,112140,5628,882232,3139600
2265,265,259,111875,5634,882491,3597100
2266,270,302,111605,5602,882793,3100200
2267,294,285,111311,5611,883078,3133000
2268,268,311,111043,5568,883389,3053400
2269,281,263,110762,5586,883652,3105700
2270,265,272,110497,5579,883924,3846200
2271,288,298,110209,5569,884222,3489600
2272,266,304,109943,5531,884526,3268000
2273,248,261,109695,5518,884787,3317000
2274,284,280,109411,5522,885067,3411500
2275,286,268,109125,5540,885335,3383000
2276,295,254,108830,5581,885589,3314600
2277,294,292,108536,5583,885881,3156100
2278,318,276,108218,5625,886157,3065100
2279,314,303,107904,5636,886460,3102500
2280,275,284,107629,5627,886744,3019700
2281,267,273,107362,5621,887017,2991000
2282,308,300,107054,5629,887317,3084100
2283,305,277,106749,5657,887594,3059600
2284,295,264,106454,5688,887858,3245400
2285,285,321,106169,5652,888179,3053300
2286,293,283,105876,5662,888462,2962400
2287,299,255,105577,5706,888717,3053500
2288,274,306,105303,5674,889023,3084000
2289,277,277,105026,5674,889300,3225700
2290,277,263,104749,5688,889563,3069900
2291,303,276,104446,5715,889839,3290000
2292,274,286,104172,5703,890125,3266900
2293,278,270,103894,5711,890395,3492300
2294,287,282,103607,5716,890677,3465400
2295,264,311,103343,5669,890988,3385800
2296,256,299,103087,5626,891287,3256900
2297,254,283,102833,5597,891570,3429700
2298,245,298,102588,5544,891868,3365500
2299,239,273,102349,5510,892141,3155900
2300,270,268,102079,5512,892409,3095100
2301,269,285,101810,5496,892694,3130800
2302,280,290,101530,5486,892984,3093100
2303,248,303,101282,5431,893287,3328400
2304,258,287,101024,5402,893574,3236600
2305,262,265,100762,5399,893839,3134500
2306,269,279,100493,5389,894118,3234300
2307,248,282,100245,5355,894400,3245200
2308,246,284,99999,5317,894684,3650200
2309,275,277,99724,5315,894961,4115000
2310,266,268,99458,5313,895229,4364600
2311,255,262,99203,5306,895491,3903600
2312,254,278,98949,5282,895769,3530700
2313,289,261,98660,5310,896030,3701600
2314,243,264,98417,5289,896294,3603600
2315,245,272,98172,5262,896566,3301900
2316,261,261,97911,5262,896827,4996700
2317,250,271,97661,5241,897098,4830800
2318,255,268,97406,5228,897366,4341500
2319,273,251,97133,5250,897617,3248200
2320,261,282,96872,5229,897899,3868700
2321,272,253,96600,5248,898152,3081400
2322,263,247,96337,5264,898399,3507100
2323,265,260,96072,5269,898659,3886000
2324,262,240,95810,5291,898899,3333200
2325,265,292,95545,5264,899191,3501000
2326,268,248,95277,5284,899439,3303600
2327,301,232,94976,5353,899671,3304300
2328,258,246,94718,5365,899917,3373700
2329,261,289,94457,5337,900206,3094500
2330,278,284,94179,5331,900490,3374900
2331,258,266,93921,5323,900756,3520800
2332,258,309,93663,5272,901065,3112100
2333,248,257,93415,5263,901322,3238200
2334,268,262,93147,5269,901584,3070100
2335,289,278,92858,5280,901862,3018600
2336,250,273,92608,5257,902135,3163300
2337,267,271,92341,5253,902406,2975900
2338,251,267,92090,5237,902673,3014700
2339,276,266,91814,5247,902939,3364000
2340,296,253,91518,5290,903192,3976200
2341,261,239,91257,5312,903431,3300900
2342,259,276,90998,5295,903707,3023600
2343,285,225,90713,5355,903932,3339800
2344,278,296,90435,5337,904228,2827600
2345,285,283,90150,5339,904511,3127100
2346,327,286,89823,5380,904797,2791500
2347,286,297,89537,5369,905094,2757100
2348,271,253,89266,5387,905347,2974800
2349,248,259,89018,5376,905606,3075400
2350,305,276,88713,5405,905882,3193000
2351,262,279,88451,5388,906161,4563300
2352,279,287,88172,5380,906448,4313300
2353,272,292,87900,5360,906740,3089800
2354,268,268,87632,5360,907008,3173600
2355,251,254,87381,5357,907262,3002100
2356,285,292,87096,5350,907554,3079900
2357,261,278,86835,5333,907832,3138000
2358,285,255,86550,5363,908087,3185700
2359,286,269,86264,5380,908356,2941100
2360,248,275,86016,5353,908631,2859300
2361,253,265,85763,5341,908896,2906700
2362,293,266,85470,5368,909162,3143000
2363,282,264,85188,5386,909426,2772300
2364,268,257,84920,5397,909683,2810600
2365,282,282,84638,5397,909965,2981900
2366,282,262,84356,5417,910227,2964200
2367,279,267,84077,5429,910494,3133400
2368,281,286,83796,5424,910780,2908200
2369,300,284,83496,5440,911064,2907700
2370,263,248,83233,5455,911312,2829800
2371,268,291,82965,5432,911603,2805800
2372,259,256,82706,5435,911859,2789400
2373,246,255,82460,5426,912114,3043500
2374,273,258,82187,5441,912372,2818200
2375,260,248,81927,5453,912620,2772300
2376,260,268,81667,5445,912888,2764300
2377,268,284,81399,5429,913172,2726800
2378,251,268,81148,5412,913440,2717800
2379,269,274,80879,5407,913714,2783300
2380,245,270,80634,5382,913984,2711800
2381,279,282,80355,5379,914266,2702300
2382,244,273,80111,5350,914539,2676000
2383,262,280,79849,5332,914819,2694600
2384,261,275,79588,5318,915094,2750200
2385,242,228,79346,5332,915322,2688700
2386,242,273,79104,5301,915595,2643200
2387,273,239,78831,5335,915834,2735700
2388,250,259,78581,5326,916093,2784200
2389,239,248,78342,5317,916341,2753800
2390,211,278,78131,5250,916619,2819900
2391,252,253,77879,5249,916872,2857300
2392,239,251,77640,5237,917123,2731200
2393,246,258,77394,5225,917381,2692700
2394,258,252,77136,5231,917633,2671600
2395,237,276,76899,5192,917909,2673300
2396,252,242,76647,5202,918151,2772900
2397,240,289,76407,5153,918440,2729700
2398,256,289,76151,5120,918729,2715100
2399,226,259,75925,5087,918988,2686300
2400,254,275,75671,5066,919263,2679800
2401,240,282,75431,5024,919545,2724700
2402,265,213,75166,5076,919758,3146700
2403,235,277,74931,5034,920035,2933300
2404,225,240,74706,5019,920275,2879400
2405,239,243,74467,5015,920518,3609500
2406,229,233,74238,5011,920751,3087000
2407,212,225,74026,4998,920976,3781800
2408,202,230,73824,4970,921206,3501600
2409,234,223,73590,4981,921429,2865300
2410,224,246,73366,4959,921675,2912200
2411,252,257,73114,4954,921932,3004800
2412,223,222,72891,4955,922154,2869900
2413,219,256,72672,4918,922410,2898300
2414,215,254,72457,4879,922664,2875700
2415,218,264,72239,4833,922928,2853800
2416,226,227,72013,4832,923155,2919100
2417,225,240,71788,4817,923395,3428600
2418,229,264,71559,4782,923659,3441800
2419,236,248,71323,4770,923907,3421400
2420,225,234,71098,4761,924141,3411100
2421,218,214,70880,4765,924355,3643300
2422,228,244,70652,4749,924599,2794000
2423,204,234,70448,4719,924833,2774100
2424,229,235,70219,4713,925068,2750400
2425,227,233,69992,4707,925301,2727500
2426,193,233,69799,4667,925534,2807600
2427,239,238,69560,4668,925772,2734800
2428,198,225,69362,4641,925997,2765000
2429,223,206,69139,4658,926203,2705000
2430,202,241,68937,4619,926444,2708200
2431,172,231,68765,4560,926675,2699200
2432,205,221,68560,4544,926896,2767900
2433,209,258,68351,4495,927154,2848100
2434,212,229,68139,4478,927383,2772900
2435,205,226,67934,4457,927609,2764500
2436,218,218,67716,4457,927827,2754600
2437,222,241,67494,4438,928068,2732600
2438,193,236,67301,4395,928304,2946400
2439,193,210,67108,4378,928514,2705000
2440,174,219,66934,4333,928733,2703200
2441,181,252,66753,4262,928985,2673900
2442,229,203,66524,4288,929188,2844300
2443,226,200,66298,4314,929388,3089900
2444,190,199,66108,4305,929587,3018300
2445,189,213,65919,4281,929800,2736600
2446,202,210,65717,4273,930010,2723800
2447,172,203,65545,4242,930213,2743200
2448,188,233,65357,4197,930446,2711000
2449,170,195,65187,4172,930641,2833600
2450,152,228,65035,4096,930869,2676100
2451,188,194,64847,4090,931063,2702000
2452,159,190,64688,4059,931253,2660200
2453,175,192,64513,4042,931445,2665600
2454,177,217,64336,4002,931662,2903900
2455,168,207,64168,3963,931869,2821200
2456,167,208,64001,3922,932077,2810500
2457,180,187,63821,3915,932264,2936100
2458,175,197,63646,3893,932461,2815400
2459,178,199,63468,3872,932660,2774700
2460,182,218,63286,3836,932878,2887200
2461,184,213,63102,3807,933091,2755900
2462,180,202,62922,3785,933293,2791500
2463,178,183,62744,3780,933476,2761900
2464,174,183,62570,3771,933659,2770000
2465,176,200,62394,3747,933859,2792300
2466,167,176,62227,3738,934035,2774900
2467,187,169,62040,3756,934204,2755300
2468,180,180,61860,3756,934384,2806500
2469,185,181,61675,3760,934565,2787600
2470,165,175,61510,3750,934740,2774800
2471,188,187,61322,3751,934927,2832200
2472,195,224,61127,3722,935151,2765100
2473,193,193,60934,3722,935344,2753100
2474,171,203,60763,3690,935547,2760600
2475,179,179,60584,3690,935726,2786200
2476,159,170,60425,3679,935896,2914100
2477,182,198,60243,3663,936094,2907900
2478,184,183,60059,3664,936277,2901900
2479,179,188,59880,3655,936465,2892600
2480,171,189,59709,3637,936654,2868600
2481,195,161,59514,3671,936815,2862700
2482,166,181,59348,3656,936996,2889200
2483,173,186,59175,3643,937182,2838500
2484,169,188,59006,3624,937370,2817600
2485,158,167,58848,3615,937537,2762300
2486,190,182,58658,3623,937719,2763200
2487,187,196,58471,3614,937915,3140900
2488,140,184,58331,3570,938099,2913000
2489,151,189,58180,3532,938288,2710100
2490,151,186,58029,3497,938474,2719200
2491,147,162,57882,3482,938636,2707200
2492,164,154,57718,3492,938790,2929200
2493,159,195,57559,3456,938985,2951100
2494,152,178,57407,3430,939163,2766100
2495,165,177,57242,3418,939340,2728200
2496,143,181,57099,3380,939521,2722800
2497,141,161,56958,3360,939682,2754300
2498,159,149,56799,3370,939831,2782000
2499,169,178,56630,3361,940009,2741200
2500,142,196,56488,3307,940205,2733500
2501,165,157,56323,3315,940362,2719200
2502,151,175,56172,3291,940537,2722800
2503,146,145,56026,3292,940682,2686000
2504,133,169,55893,3256,940851,3213500
2505,126,179,55767,3203,941030,2755000
2506,125,153,55642,3175,941183,3068000
2507,134,155,55508,3154,941338,2736600
2508,124,147,55384,3131,941485,2730300
2509,141,132,55243,3140,941617,2863000
2510,133,145,55110,3128,941762,2810300
2511,152,124,54958,3156,941886,2691800
2512,123,165,54835,3114,942051,2700900
2513,135,179,54700,3070,942230,2662800
2514,154,161,54546,3063,942391,2637900
2515,129,153,54417,3039,942544,3025300
2516,140,139,54277,3040,942683,2679200
2517,137,158,54140,3019,942841,2638900
2518,147,174,53993,2992,943015,2821300
2519,141,145,53852,2988,943160,2626100
2520,136,166,53716,2958,943326,2608100
2521,135,142,53581,2951,943468,2662000
2522,119,138,53462,2932,943606,2631200
2523,140,139,53322,2933,943745,2587500
2524,140,112,53182,2961,943857,2582500
2525,132,117,53050,2976,943974,2592200
2526,129,152,52921,2953,944126,2559900
2527,121,143,52800,2931,944269,2592800
2528,128,158,52672,2901,944427,2666700
2529,120,151,52552,2870,944578,2639100
2530,129,130,52423,2869,944708,2631900
2531,127,135,52296,2861,944843,2611400
2532,110,151,52186,2820,944994,2636300
2533,123,116,52063,2827,945110,2609600
2534,139,138,51924,2828,945248,2636000
2535,113,136,51811,2805,945384,2610500
2536,130,136,51681,2799,945520,2830700
2537,105,132,51576,2772,945652,2634200
2538,111,127,51465,2756,945779,2625400
2539,125,152,51340,2729,945931,2645000
2540,121,137,51219,2713,946068,2604300
2541,120,126,51099,2707,946194,2621800
2542,99,138,51000,2668,946332,2674800
2543,109,131,50891,2646,946463,2591300
2544,112,126,50779,2632,946589,2610100
2545,99,120,50680,2611,946709,2644800
2546,109,123,50571,2597,946832,2607600
2547,104,126,50467,2575,946958,2616500
2548,105,126,50362,2554,947084,2739300
2549,112,126,50250,2540,947210,3417000
2550,101,120,50149,2521,947330,2985200
2551,115,127,50034,2509,947457,2818200
2552,98,117,49936,2490,947574,2686200
2553,119,137,49817,2472,947711,2959700
2554,114,118,49703,2468,947829,2982000
2555,108,114,49595,2462,947943,4024000
2556,113,111,49482,2464,948054,3818300
2557,96,117,49386,2443,948171,2874900
2558,83,132,49303,2394,948303,2819400
2559,95,124,49208,2365,948427,2812000
2560,124,109,49084,2380,948536,2832300
2561,113,129,48971,2364,948665,2683600
2562,97,140,48874,2321,948805,2637600
2563,96,105,48778,2312,948910,2837500
2564,100,93,48678,2319,949003,2765500
2565,106,119,48572,2306,949122,2972700
2566,106,125,48466,2287,949247,2631500
2567,85,132,48381,2240,949379,2614200
2568,109,128,48272,2221,949507,2602500
2569,94,122,48178,2193,949629,2568600
2570,68,108,48110,2153,949737,2605800
2571,95,107,48015,2141,949844,2674000
2572,95,104,47920,2132,949948,2684900
2573,91,102,47829,2121,950050,2666600
2574,95,113,47734,2103,950163,2640500
2575,96,114,47638,2085,950277,2684400
2576,91,104,47547,2072,950381,2815000
2577,82,114,47465,2040,950495,3154600
2578,86,114,47379,2012,950609,2891000
2579,104,94,47275,2022,950703,2677400
2580,73,89,47202,2006,950792,2656400
2581,64,111,47138,1959,950903,2683500
2582,78,90,47060,1947,950993,2643200
2583,76,99,46984,1924,951092,2712600
2584,77,97,46907,1904,951189,2624400
2585,76,101,46831,1879,951290,2580800
2586,91,73,46740,1897,951363,2553900
2587,64,105,46676,1856,951468,2555800
2588,83,105,46593,1834,951573,2512400
2589,84,78,46509,1840,951651,2871600
2590,83,99,46426,1824,951750,2585400
2591,68,93,46358,1799,951843,2582000
2592,71,88,46287,1782,951931,2562300
2593,87,87,46200,1782,952018,2560800
2594,102,96,46098,1788,952114,2519600
2595,84,92,46014,1780,952206,2783700
2596,91,80,45923,1791,952286,2443100
2597,92,86,45831,1797,952372,2425100
2598,73,86,45758,1784,952458,2390400
2599,93,87,45665,1790,952545,2374100
2600,80,100,45585,1770,952645,2384100
2601,79,78,45506,1771,952723,2508400
2602,77,90,45429,1758,952813,2877300
2603,101,93,45328,1766,952906,2557500
2604,78,103,45250,1741,953009,2456400
2605,86,81,45164,1746,953090,2459100
2606,76,88,45088,1734,953178,2443400
2607,84,88,45004,1730,953266,2396100
2608,88,86,44916,1732,953352,2717000
2609,90,93,44826,1729,953445,2549300
2610,80,88,44746,1721,953533,2541400
2611,77,84,44669,1714,953617,2554700
2612,74,81,44595,1707,953698,2659900
2613,78,93,44517,1692,953791,2617200
2614,91,95,44426,1688,953886,2734300
2615,91,75,44335,1704,953961,2610900
2616,84,85,44251,1703,954046,2663700
2617,86,76,44165,1713,954122,2601500
2618,62,70,44103,1705,954192,2679300
2619,73,90,44030,1688,954282,2602300
2620,76,101,43954,1663,954383,2674200
2621,67,88,43887,1642,954471,2600100
2622,82,82,43805,1642,954553,2630200
2623,74,95,43731,1621,954648,2605300
2624,53,82,43678,1592,954730,2596500
2625,63,66,43615,1589,954796,2598700
2626,74,85,43541,1578,954881,2989200
2627,70,77,43471,1571,954958,2736400
2628,66,62,43405,1575,955020,2892400
2629,62,63,43343,1574,955083,2719800
2630,70,71,43273,1573,955154,2650200
2631,72,78,43201,1567,955232,2694900
2632,65,76,43136,1556,955308,3160200
2633,64,70,43072,1550,955378,2780600
2634,55,87,43017,1518,955465,2761100
2635,67,75,42950,1510,955540,2674700
2636,67,71,42883,1506,955611,2665900
2637,62,79,42821,1489,955690,2953600
2638,71,88,42750,1472,955778,2720200
2639,74,67,42676,1479,955845,2631700
2640,58,79,42618,1458,955924,2693400
2641,67,72,42551,1453,955996,2644100
2642,62,67,42489,1448,956063,2721000
2643,54,71,42435,1431,956134,2921400
2644,62,56,42373,1437,956190,2815600
2645,54,72,42319,1419,956262,2690500
2646,65,62,42254,1422,956324,2746100
2647,64,59,42190,1427,956383,2673800
2648,73,69,42117,1431,956452,2686300
2649,63,60,42054,1434,956512,3043200
2650,74,71,41980,1437,956583,2885900
2651,66,88,41914,1415,956671,2657200
2652,66,70,41848,1411,956741,2758600
2653,58,91,41790,1378,956832,2716100
2654,57,60,41733,1375,956892,2877200
2655,65,82,41668,1358,956974,2825600
2656,66,95,41602,1329,957069,2869400
2657,62,58,41540,1333,957127,2746700
2658,74,53,41466,1354,957180,2937700
2659,56,78,41410,1332,957258,2765800
2660,57,67,41353,1322,957325,3219000
2661,66,65,41287,1323,957390,3379000
2662,68,68,41219,1323,957458,3081400
2663,66,62,41153,1327,957520,2914800
2664,71,57,41082,1341,957577,2850700
2665,60,68,41022,1333,957645,3056400
2666,50,67,40972,1316,957712,3192900
2667,66,78,40906,1304,957790,2762200
2668,57,65,40849,1296,957855,2606000
2669,68,64,40781,1300,957919,2669000
2670,65,51,40716,1314,957970,2640200
2671,62,53,40654,1323,958023,2957200
2672,73,71,40581,1325,958094,2651000
2673,82,71,40499,1336,958165,2721400
2674,70,81,40429,1325,958246,2626800
2675,73,55,40356,1343,958301,2695300
2676,77,58,40279,1362,958359,2713600
2677,70,59,40209,1373,958418,2699800
2678,58,70,40151,1361,958488,2674200
2679,71,51,40080,1381,958539,2637500
2680,81,78,39999,1384,958617,2658700
2681,72,70,39927,1386,958687,2587900
2682,79,61,39848,1404,958748,2661100
2683,76,75,39772,1405,958823,2629800
2684,64,69,39708,1400,958892,2672200
2685,76,59,39632,1417,958951,2619300
2686,62,66,39570,1413,959017,2629500
2687,63,66,39507,1410,959083,2561300
2688,65,76,39442,1399,959159,2659200
2689,77,71,39365,1405,959230,2680400
2690,59,80,39306,1384,959310,2716000
2691,64,64,39242,1384,959374,2588300
2692,63,54,39179,1393,959428,2683300
2693,71,85,39108,1379,959513,2584800
2694,58,60,39050,1377,959573,2683600
2695,61,65,38989,1373,959638,2609300
2696,58,76,38931,1355,959714,2626300
2697,60,69,38871,1346,959783,2584800
2698,56,68,38815,1334,959851,2641400
2699,60,69,38755,1325,959920,2610000
2700,69,71,38686,1323,959991,2645900
2701,53,54,38633,1322,960045,2625100
2702,75,71,38558,1326,960116,2572700
2703,71,71,38487,1326,960187,2572900
2704,69,54,38418,1341,960241,2584300
2705,62,70,38356,1333,960311,2595400
2706,62,68,38294,1327,960379,2655100
2707,66,68,38228,1325,960447,2630200
2708,66,62,38162,1329,960509,2722000
2709,71,55,38091,1345,960564,2704200
2710,71,78,38020,1338,960642,2611100
2711,71,83,37949,1326,960725,2603600
2712,62,72,37887,1316,960797,2643100
2713,79,72,37808,1323,960869,2659300
2714,58,68,37750,1313,960937,2629100
2715,66,68,37684,1311,961005,2683500
2716,62,73,37622,1300,961078,2621900
2717,57,66,37565,1291,961144,2686200
2718,67,58,37498,1300,961202,2670800
2719,77,61,37421,1316,961263,2767200
2720,64,77,37357,1303,961340,2655400
2721,72,67,37285,1308,961407,2608500
2722,77,60,37208,1325,961467,2551600
2723,65,72,37143,1318,961539,2661900
2724,79,72,37064,1325,961611,2674400
2725,66,61,36998,1330,961672,2588500
2726,61,76,36937,1315,961748,2537400
2727,70,68,36867,1317,961816,2580100
2728,46,67,36821,1296,961883,2601800
2729,59,51,36762,1304,961934,2543800
2730,68,82,36694,1290,962016,2546800
2731,62,58,36632,1294,962074,2609300
2732,53,65,36579,1282,962139,2590700
2733,60,67,36519,1275,962206,2552400
2734,57,54,36462,1278,962260,2520900
2735,65,59,36397,1284,962319,2550600
2736,77,58,36320,1303,962377,2575200
2737,70,67,36250,1306,962444,2523600
2738,64,70,36186,1300,962514,2520800
2739,69,46,36117,1323,962560,2504400
2740,64,72,36053,1315,962632,2481200
2741,68,59,35985,1324,962691,2465700
2742,61,64,35924,1321,962755,2476500
2743,70,64,35854,1327,962819,2574100
2744,58,73,35796,1312,962892,2525500
2745,59,62,35737,1309,962954,2491300
2746,59,63,35678,1305,963017,2484400
2747,60,64,35618,1301,963081,2508500
2748,52,58,35566,1295,963139,2518500
2749,65,60,35501,1300,963199,2674300
2750,63,67,35438,1296,963266,2573600
2751,61,58,35377,1299,963324,2563500
2752,55,53,35322,1301,963377,2501800
2753,70,54,35252,1317,963431,2469800
2754,56,58,35196,1315,963489,2499300
2755,56,73,35140,1298,963562,2491800
2756,52,70,35088,1280,963632,2443600
2757,57,70,35031,1267,963702,2457000
2758,58,51,34973,1274,963753,2447800
2759,56,76,34917,1254,963829,2440600
2760,54,49,34863,1259,963878,2430800
2761,49,65,34814,1243,963943,2447100
2762,58,61,34756,1240,964004,2529100
2763,58,62,34698,1236,964066,2489800
2764,63,52,34635,1247,964118,2461000
2765,62,62,34573,1247,964180,2422200
2766,64,58,34509,1253,964238,2499700
2767,50,72,34459,1231,964310,2483700
2768,58,69,34401,1220,964379,2520600
2769,58,65,34343,1213,964444,2476900
2770,50,68,34293,1195,964512,2539200
2771,55,75,34238,1175,964587,2961600
2772,53,51,34185,1177,964638,2577800
2773,53,58,34132,1172,964696,2482100
2774,56,74,34076,1154,964770,2495400
2775,53,59,34023,1148,964829,2607500
2776,52,58,33971,1142,964887,2568600
2777,52,40,33919,1154,964927,2553600
2778,58,60,33861,1152,964987,2620900
2779,54,53,33807,1153,965040,2566100
2780,55,52,33752,1156,965092,2528400
2781,50,54,33702,1152,965146,2566300
2782,47,70,33655,1129,965216,2515700
2783,41,68,33614,1102,965284,2512200
2784,58,41,33556,1119,965325,2539000
2785,48,48,33508,1119,965373,2546400
2786,47,55,33461,1111,965428,2578300
2787,56,57,33405,1110,965485,2671200
2788,55,67,33350,1098,965552,2569200
2789,51,64,33299,1085,965616,2535800
2790,49,53,33250,1081,965669,2568100
2791,54,58,33196,1077,965727,2494700
2792,61,55,33135,1083,965782,2476600
2793,61,55,33074,1089,965837,2476600
2794,53,59,33021,1083,965896,2540800
2795,56,55,32965,1084,965951,2480600
2796,53,67,32912,1070,966018,2463600
2797,64,56,32848,1078,966074,2496500
2798,47,57,32801,1068,966131,2475400
2799,46,47,32755,1067,966178,2592000
2800,48,50,32707,1065,966228,2706600
2801,42,45,32665,1062,966273,2482000
2802,54,57,32611,1059,966330,2487600
2803,52,56,32559,1055,966386,2580900
2804,46,53,32513,1048,966439,2544000
2805,61,49,32452,1060,966488,2701300
2806,47,46,32405,1061,966534,2616000
2807,49,46,32356,1064,966580,2610400
2808,30,59,32326,1035,966639,2547800
2809,49,44,32277,1040,966683,2541100
2810,48,62,32229,1026,966745,3296200
2811,58,49,32171,1035,966794,2717200
2812,46,59,32125,1022,966853,2677200
2813,49,47,32076,1024,966900,2528700
2814,44,67,32032,1001,966967,2684400
2815,46,45,31986,1002,967012,2652200
2816,38,44,31948,996,967056,3350800
2817,63,45,31885,1014,967101,3816600
2818,47,51,31838,1010,967152,3202800
2819,58,48,31780,1020,967200,2651500
2820,54,51,31726,1023,967251,2700800
2821,37,69,31689,991,967320,2604700
2822,62,55,31627,998,967375,2820800
2823,41,46,31586,993,967421,2541800
2824,54,63,31532,984,967484,2558100
2825,56,45,31476,995,967529,2705500
2826,50,52,31426,993,967581,2652300
2827,53,40,31373,1006,967621,2569200
2828,41,44,31332,1003,967665,2919300
2829,47,57,31285,993,967722,2546600
2830,36,59,31249,970,967781,2841500
2831,49,52,31200,967,967833,2531100
2832,40,44,31160,963,967877,2500700
2833,50,38,31110,975,967915,2556300
2834,55,48,31055,982,967963,2780500
2835,41,51,31014,972,968014,2491000
2836,49,37,30965,984,968051,2483700
2837,53,43,30912,994,968094,2476500
2838,52,34,30860,1012,968128,2479000
2839,54,49,30806,1017,968177,2480500
2840,36,50,30770,1003,968227,2502400
2841,49,43,30721,1009,968270,2428600
2842,36,49,30685,996,968319,2472700
2843,51,57,30634,990,968376,2446900
2844,54,58,30580,986,968434,2476200
2845,52,49,30528,989,968483,2457300
2846,50,50,30478,989,968533,2532100
2847,45,40,30433,994,968573,2470500
2848,49,44,30384,999,968617,2482200
2849,53,62,30331,990,968679,2446200
2850,41,52,30290,979,968731,2438500
2851,44,49,30246,974,968780,2431100
2852,48,41,30198,981,968821,2411800
2853,49,53,30149,977,968874,2536000
2854,38,53,30111,962,968927,2544000
2855,37,45,30074,954,968972,2449600
2856,42,62,30032,934,969034,2434400
2857,42,38,29990,938,969072,2382800
2858,36,50,29954,924,969122,2358200
2859,44,45,29910,923,969167,2370600
2860,49,40,29861,932,969207,2348900
2861,50,46,29811,936,969253,2315100
2862,48,45,29763,939,969298,2314600
2863,35,50,29728,924,969348,2324100
2864,48,50,29680,922,969398,2338200
2865,42,38,29638,926,969436,2340900
2866,46,45,29592,927,969481,2422200
2867,46,42,29546,931,969523,2369500
2868,45,47,29501,929,969570,2339900
2869,48,50,29453,927,969620,2342800
2870,47,42,29406,932,969662,2302000
2871,33,38,29373,927,969700,2322400
2872,43,41,29330,929,969741,2324000
2873,58,54,29272,933,969795,2356500
2874,45,51,29227,927,969846,2316800
2875,42,41,29185,928,969887,2307400
2876,46,65,29139,909,969952,2309000
2877,46,55,29093,900,970007,2278400
2878,46,40,29047,906,970047,2309200
2879,41,42,29006,905,970089,2377700
2880,44,49,28962,900,970138,2337300
2881,47,39,28915,908,970177,2345500
2882,34,40,28881,902,970217,2373000
2883,41,49,28840,894,970266,2328200
2884,42,44,28798,892,970310,2312700
2885,49,41,28749,900,970351,2308600
2886,46,63,28703,883,970414,2664700
2887,38,50,28665,871,970464,2646600
2888,50,51,28615,870,970515,2355300
2889,58,35,28557,893,970550,2334800
2890,51,41,28506,903,970591,2313200
2891,36,44,28470,895,970635,2293700
2892,42,42,28428,895,970677,2307600
2893,43,42,28385,896,970719,2734900
2894,44,45,28341,895,970764,2321400
2895,56,28,28285,923,970792,2287900
2896,48,57,28237,914,970849,2283400
2897,54,52,28183,916,970901,2338500
2898,43,46,28140,913,970947,2363600
2899,54,56,28086,911,971003,2434000
2900,39,51,28047,899,971054,2433000
2901,58,47,27989,910,971101,2448100
2902,47,56,27942,901,971157,2439100
2903,43,41,27899,903,971198,2420500
2904,56,51,27843,908,971249,2446600
2905,43,51,27800,900,971300,2453900
2906,47,31,27753,916,971331,2499800
2907,38,38,27715,916,971369,2398800
2908,42,51,27673,907,971420,2485700
2909,29,37,27644,899,971457,2998300
2910,41,51,27603,889,971508,3210500
2911,32,47,27571,874,971555,2573600
2912,35,38,27536,871,971593,2420900
2913,28,43,27508,856,971636,2370400
2914,40,50,27468,846,971686,2378200
2915,34,28,27434,852,971714,2416800
2916,34,39,27400,847,971753,2426400
2917,35,32,27365,850,971785,2414600
2918,37,51,27328,836,971836,2412600
2919,45,33,27283,848,971869,2439900
2920,52,44,27231,856,971913,2416200
2921,57,43,27174,870,971956,2460200
2922,55,45,27119,880,972001,2554900
2923,48,48,27071,880,972049,2631300
2924,41,51,27030,870,972100,2484700
2925,34,44,26996,860,972144,2476200
2926,61,36,26935,885,972180,2465000
2927,27,51,26908,861,972231,2463800
2928,43,48,26865,856,972279,2482300
2929,39,46,26826,849,972325,2468800
2930,43,50,26783,842,972375,2538700
2931,48,43,26735,847,972418,2484200
2932,37,44,26698,840,972462,2504700
2933,41,41,26657,840,972503,2817800
2934,44,37,26613,847,972540,2831000
2935,49,35,26564,861,972575,2578300
2936,43,44,26521,860,972619,2740000
2937,46,45,26475,861,972664,2693200
2938,48,45,26427,864,972709,2491000
2939,51,36,26376,879,972745,2455300
2940,45,42,26331,882,972787,2446200
2941,42,46,26289,878,972833,2423700
2942,32,46,26257,864,972879,2511100
2943,50,47,26207,867,972926,2467100
2944,39,43,26168,863,972969,2461000
2945,39,54,26129,848,973023,2438800
2946,44,44,26085,848,973067,2459700
2947,49,43,26036,854,973110,2459100
2948,49,41,25987,862,973151,2537000
2949,48,59,25939,851,973210,2974900
2950,37,43,25902,845,973253,2725100
2951,37,40,25865,842,973293,2718600
2952,42,50,25823,834,973343,2746300
2953,40,37,25783,837,973380,2732800
2954,36,34,25747,839,973414,2985400
2955,45,45,25702,839,973459,2508300
2956,38,44,25664,833,973503,2433200
2957,45,37,25619,841,973540,2505800
2958,42,34,25577,849,973574,2464500
2959,41,38,25536,852,973612,2443600
2960,49,40,25487,861,973652,2613500
2961,41,47,25446,855,973699,2660400
2962,42,42,25404,855,973741,2498500
2963,38,43,25366,850,973784,2488800
2964,34,41,25332,843,973825,2571800
2965,31,38,25301,836,973863,2759000
2966,54,38,25247,852,973901,2616300
2967,37,43,25210,846,973944,2740300
2968,53,39,25157,860,973983,2743800
2969,37,45,25120,852,974028,2656900
2970,45,44,25075,853,974072,2696800
2971,35,51,25040,837,974123,3033900
2972,31,38,25009,830,974161,3100400
2973,29,47,24980,812,974208,2653000
2974,46,56,24934,802,974264,2602000
2975,43,48,24891,797,974312,2574800
2976,39,25,24852,811,974337,2504600
2977,41,40,24811,812,974377,2487900
2978,43,39,24768,816,974416,2537300
2979,47,46,24721,817,974462,2441100
2980,50,32,24671,835,974494,2453300
2981,46,44,24625,837,974538,2438100
2982,45,41,24580,841,974579,2433200
2983,44,37,24536,848,974616,2406800
2984,42,50,24494,840,974666,2660100
2985,34,38,24460,836,974704,2475500
2986,39,38,24421,837,974742,2482300
2987,33,47,24388,823,974789,2530400
2988,39,33,24349,829,974822,2478500
2989,33,37,24316,825,974859,2498200
2990,48,31,24268,842,974890,2728600
2991,38,46,24230,834,974936,2577100
2992,38,45,24192,827,974981,2506900
2993,40,43,24152,824,975024,2470900
2994,32,54,24120,802,975078,2476900
2995,32,37,24088,797,975115,2488900
2996,36,37,24052,796,975152,2491000
2997,43,31,24009,808,975183,2451900
2998,33,34,23976,807,975217,2491600
2999,42,48,23934,801,975265,2465300
3000,41,34,23893,808,975299,2451300
3001,39,33,23854,814,975332,2472900
3002,39,29,23815,824,975361,2529300
3003,39,48,23776,815,975409,2498700
3004,37,33,23739,819,975442,2472800
3005,51,47,23688,823,975489,2483300
3006,37,45,23651,815,975534,2507300
3007,37,34,23614,818,975568,2496700
3008,30,35,23584,813,975603,2661200
3009,37,39,23547,811,975642,2465500
3010,31,43,23516,799,975685,2504200
3011,36,39,23480,796,975724,2478700
3012,29,43,23451,782,975767,2523000
3013,39,45,23412,776,975812,2497200
3014,40,36,23372,780,975848,2584900
3015,22,38,23350,764,975886,2531000
3016,38,40,23312,762,975926,2480300
3017,39,46,23273,755,975972,2441800
3018,28,31,23245,752,976003,2434500
3019,33,41,23212,744,976044,2426200
3020,37,35,23175,746,976079,2582300
3021,44,40,23131,750,976119,2574700
3022,40,36,23091,754,976155,2431200
3023,40,42,23051,752,976197,2399200
3024,28,34,23023,746,976231,2393300
3025,31,39,22992,738,976270,2405800
3026,45,46,22947,737,976316,2449200
3027,48,33,22899,752,976349,2764500
3028,41,38,22858,755,976387,2379100
3029,21,45,22837,731,976432,2377700
3030,26,37,22811,720,976469,2357400
3031,27,41,22784,706,976510,2325900
3032,34,30,22750,710,976540,2313100
3033,38,35,22712,713,976575,2738000
3034,35,34,22677,714,976609,2344300
3035,34,40,22643,708,976649,2326100
3036,34,24,22609,718,976673,2305600
3037,33,38,22576,713,976711,2304300
3038,37,31,22539,719,976742,2296200
3039,38,44,22501,713,976786,2382700
3040,25,37,22476,701,976823,2363100
3041,28,29,22448,700,976852,2373100
3042,43,34,22405,709,976886,2360100
3043,42,33,22363,718,976919,2362000
3044,36,31,22327,723,976950,2342600
3045,38,27,22289,734,976977,2329200
3046,51,25,22238,760,977002,2369200
3047,36,37,22202,759,977039,2347100
3048,33,38,22169,754,977077,2323000
3049,40,33,22129,761,977110,2327700
3050,41,43,22088,759,977153,2349400
3051,31,35,22057,755,977188,2356000
3052,27,34,22030,748,977222,2322300
3053,34,30,21996,752,977252,3049700
3054,28,24,21968,756,977276,2558700
3055,44,29,21924,771,977305,2525300
3056,32,46,21892,757,977351,2461500
3057,25,43,21867,739,977394,2431200
3058,34,43,21833,730,977437,2607600
3059,27,40,21806,717,977477,2973900
3060,37,36,21769,718,977513,2437600
3061,36,42,21733,712,977555,2529800
3062,34,37,21699,709,977592,2599600
3063,35,30,21664,714,977622,2730500
3064,28,44,21636,698,977666,2504300
3065,31,31,21605,698,977697,2583400
3066,22,44,21583,676,977741,2447400
3067,29,40,21554,665,977781,2412700
3068,28,39,21526,654,977820,2456900
3069,24,35,21502,643,977855,2413000
3070,25,33,21477,635,977888,2416700
3071,25,40,21452,620,977928,2452500
3072,21,29,21431,612,977957,2390700
3073,34,40,21397,606,977997,2385400
3074,34,37,21363,603,978034,2368400
3075,28,28,21335,603,978062,2397900
3076,23,33,21312,593,978095,2400200
3077,34,18,21278,609,978113,2662900
3078,33,22,21245,620,978135,2378400
3079,23,34,21222,609,978169,2366400
3080,20,38,21202,591,978207,2347100
3081,19,35,21183,575,978242,2354200
3082,28,21,21155,582,978263,2358400
3083,23,30,21132,575,978293,2697000
3084,29,27,21103,577,978320,3272400
3085,15,24,21088,568,978344,2817200
3086,32,37,21056,563,978381,2524400
3087,26,31,21030,558,978412,2559100
3088,26,36,21004,548,978448,2477000
3089,20,30,20984,538,978478,2813800
3090,18,13,20966,543,978491,2615000
3091,25,27,20941,541,978518,2868900
3092,27,20,20914,548,978538,3039100
3093,23,28,20891,543,978566,3065500
3094,28,34,20863,537,978600,2655800
3095,20,29,20843,528,978629,2606800
3096,24,21,20819,531,978650,2565000
3097,17,20,20802,528,978670,2525700
3098,27,22,20775,533,978692,2489900
3099,12,17,20763,528,978709,2488500
3100,22,29,20741,521,978738,2544000
3101,26,20,20715,527,978758,2725300
3102,21,19,20694,529,978777,2421000
3103,29,25,20665,533,978802,2402400
3104,26,22,20639,537,978824,2391600
3105,20,15,20619,542,978839,2390700
3106,23,27,20596,538,978866,2411300
3107,23,28,20573,533,978894,2432300
3108,26,24,20547,535,978918,2416500
3109,26,22,20521,539,978940,2433600
3110,28,25,20493,542,978965,2441100
3111,27,25,20466,544,978990,2403400
3112,30,21,20436,553,979011,2383900
3113,25,22,20411,556,979033,2409800
3114,25,28,20386,553,979061,2375300
3115,28,26,20358,555,979087,2381600
3116,22,24,20336,553,979111,2354100
3117,29,26,20307,556,979137,2330300
3118,27,37,20280,546,979174,2374400
3119,34,27,20246,553,979201,2424400
3120,27,25,20219,555,979226,2393200
3121,27,29,20192,553,979255,2426800
3122,16,25,20176,544,979280,2564300
3123,22,29,20154,537,979309,2396400
3124,16,29,20138,524,979338,2379100
3125,23,34,20115,513,979372,2373100
3126,18,34,20097,497,979406,2353900
3127,23,29,20074,491,979435,2758800
3128,23,26,20051,488,979461,2545000
3129,16,20,20035,484,979481,2411500
3130,18,30,20017,472,979511,2412400
3131,18,29,19999,461,979540,2372300
3132,20,23,19979,458,979563,2326500
3133,23,11,19956,470,979574,2550800
3134,18,28,19938,460,979602,2388900
3135,22,26,19916,456,979628,2440000
3136,21,21,19895,456,979649,2382800
3137,19,20,19876,455,979669,2320800
3138,20,24,19856,451,979693,2297300
3139,22,22,19834,451,979715,2650700
3140,27,24,19807,454,979739,2447800
3141,23,19,19784,458,979758,2606000
3142,17,21,19767,454,979779,2258200
3143,16,25,19751,445,979804,2248400
3144,19,16,19732,448,979820,2245000
3145,18,21,19714,445,979841,2279000
3146,23,34,19691,434,979875,2316600
3147,27,22,19664,439,979897,2310700
3148,23,17,19641,445,979914,2286800
3149,26,14,19615,457,979928,2305500
3150,21,25,19594,453,979953,2349700
3151,22,28,19572,447,979981,2321800
3152,26,26,19546,447,980007,2313800
3153,25,18,19521,454,980025,2292600
3154,23,23,19498,454,980048,2285900
3155,21,19,19477,456,980067,2267500
3156,25,29,19452,452,980096,2279500
3157,21,22,19431,451,980118,2264100
3158,22,17,19409,456,980135,2249800
3159,19,18,19390,457,980153,2475300
3160,13,24,19377,446,980177,2292000
3161,25,23,19352,448,980200,2278500
3162,27,22,19325,453,980222,2250900
3163,18,19,19307,452,980241,2240100
3164,19,24,19288,447,980265,2264400
3165,19,21,19269,445,980286,2251700
3166,21,21,19248,445,980307,2296000
3167,14,20,19234,439,980327,2294500
3168,27,17,19207,449,980344,2336700
3169,25,20,19182,454,980364,3113500
3170,14,20,19168,448,980384,2370900
3171,19,17,19149,450,980401,2394300
3172,21,16,19128,455,980417,2294100
3173,18,21,19110,452,980438,3104100
3174,19,28,19091,443,980466,2949100
3175,26,26,19065,443,980492,2952200
3176,14,26,19051,431,980518,2944500
3177,27,15,19024,443,980533,2985600
3178,20,19,19004,444,980552,3016400
3179,19,18,18985,445,980570,3061700
3180,20,20,18965,445,980590,2910900
3181,17,25,18948,437,980615,2392800
3182,15,26,18933,426,980641,2420200
3183,20,29,18913,417,980670,2410700
3184,24,22,18889,419,980692,2445100
3185,23,25,18866,417,980717,2415200
3186,21,24,18845,414,980741,2388500
3187,19,15,18826,418,980756,2387500
3188,25,22,18801,421,980778,2400700
3189,30,13,18771,438,980791,2387500
3190,20,23,18751,435,980814,2700500
3191,22,25,18729,432,980839,2565200
3192,19,28,18710,423,980867,2355800
3193,28,28,18682,423,980895,2547500
3194,18,22,18664,419,980917,2700700
3195,20,20,18644,419,980937,2334600
3196,25,20,18619,424,980957,2368600
3197,27,16,18592,435,980973,2757100
3198,22,24,18570,433,980997,2351200
3199,32,21,18538,444,981018,2337600
3200,23,19,18515,448,981037,2354100
3201,24,33,18491,439,981070,2359200
3202,29,21,18462,447,981091,2374600
3203,26,22,18436,451,981113,2389500
3204,27,25,18409,453,981138,2392500
3205,23,25,18386,451,981163,2380900
3206,25,33,18361,443,981196,2336900
3207,34,20,18327,457,981216,2322900
3208,25,17,18302,465,981233,2357700
3209,30,22,18272,473,981255,2338000
3210,32,24,18240,481,981279,2522900
3211,24,19,18216,486,981298,2371400
3212,34,19,18182,501,981317,2399900
3213,27,17,18155,511,981334,2351300
3214,24,23,18131,512,981357,2344400
3215,31,27,18100,516,981384,2338400
3216,19,25,18081,510,981409,2644500
3217,27,27,18054,510,981436,2532300
3218,16,19,18038,507,981455,2367200
3219,26,26,18012,507,981481,2344400
3220,15,28,17997,494,981509,2363000
3221,25,23,17972,496,981532,2340400
3222,23,27,17949,492,981559,2358200
3223,25,21,17924,496,981580,2340200
3224,19,24,17905,491,981604,2322900
3225,24,31,17881,484,981635,2311100
3226,17,27,17864,474,981662,2307500
3227,19,26,17845,467,981688,2315300
3228,13,22,17832,458,981710,2331500
3229,24,18,17808,464,981728,2687100
3230,21,19,17787,466,981747,2917400
3231,15,22,17772,459,981769,2689400
3232,21,25,17751,455,981794,2605100
3233,18,18,17733,455,981812,2414300
3234,22,21,17711,456,981833,2587400
3235,11,19,17700,448,981852,2711400
3236,22,25,17678,445,981877,2368900
3237,15,21,17663,439,981898,2352200
3238,25,17,17638,447,981915,2345800
3239,14,23,17624,438,981938,2330100
3240,18,24,17606,432,981962,2338700
3241,20,19,17586,433,981981,2332200
3242,19,10,17567,442,981991,2326500
3243,12,13,17555,441,982004,2304200
3244,16,27,17539,430,982031,2308100
3245,20,22,17519,428,982053,2325700
3246,24,21,17495,431,982074,2371000
3247,17,22,17478,426,982096,2417500
3248,13,24,17465,415,982120,2575700
3249,19,22,17446,412,982142,2756200
3250,20,24,17426,408,982166,2490800
3251,17,13,17409,412,982179,2364200
3252,16,20,17393,408,982199,2307100
3253,15,24,17378,399,982223,2308500
3254,20,18,17358,401,982241,2297600
3255,19,31,17339,389,982272,2376500
3256,17,20,17322,386,982292,2333500
3257,19,21,17303,384,982313,2366000
3258,15,15,17288,384,982328,2333800
3259,14,20,17274,378,982348,2331200
3260,17,18,17257,377,982366,2558100
3261,10,16,17247,371,982382,2457800
3262,22,15,17225,378,982397,2377100
3263,16,21,17209,373,982418,2330700
3264,11,20,17198,364,982438,2337000
3265,26,22,17172,368,982460,2321800
3266,11,17,17161,362,982477,2308200
3267,17,17,17144,362,982494,2401700
3268,12,16,17132,358,982510,2461900
3269,16,20,17116,354,982530,2336500
3270,20,18,17096,356,982548,2325700
3271,11,21,17085,346,982569,2317100
3272,11,14,17074,343,982583,2305100
3273,9,26,17065,326,982609,2338600
3274,10,19,17055,317,982628,2786000
3275,12,20,17043,309,982648,2485700
3276,12,20,17031,301,982668,2341600
3277,16,11,17015,306,982679,2330800
3278,15,11,17000,310,982690,2323800
3279,23,19,16977,314,982709,2311600
3280,16,22,16961,308,982731,2336600
3281,9,11,16952,306,982742,2905400
3282,21,10,16931,317,982752,2626100
3283,17,16,16914,318,982768,2370100
3284,19,12,16895,325,982780,2397600
3285,23,7,16872,341,982787,2370900
3286,12,22,16860,331,982809,2377800
3287,15,20,16845,326,982829,2401800
3288,17,22,16828,321,982851,2385300
3289,18,11,16810,328,982862,2389700
3290,22,16,16788,334,982878,2440200
3291,16,17,16772,333,982895,2383400
3292,13,22,16759,324,982917,2411100
3293,16,20,16743,320,982937,2400600
3294,17,12,16726,325,982949,2397900
3295,12,21,16714,316,982970,2368600
3296,19,15,16695,320,982985,2365400
3297,16,19,16679,317,983004,2342100
3298,23,22,16656,318,983026,2338900
3299,22,18,16634,322,983044,2345700
3300,16,18,16618,320,983062,2664800
3301,19,12,16599,327,983074,2437200
3302,16,11,16583,332,983085,2404300
3303,13,24,16570,321,983109,2411100
3304,17,11,16553,327,983120,2356700
3305,19,21,16534,325,983141,2371700
3306,14,19,16520,320,983160,2486200
3307,12,13,16508,319,983173,2432400
3308,12,16,16496,315,983189,2350700
3309,15,21,16481,309,983210,2324500
3310,17,14,16464,312,983224,2366700
3311,17,11,16447,318,983235,2374000
3312,20,23,16427,315,983258,2419600
3313,14,21,16413,308,983279,2665200
3314,11,19,16402,300,983298,2344000
3315,15,13,16387,302,983311,2336700
3316,12,10,16375,304,983321,2336900
3317,11,21,16364,294,983342,2306500
3318,18,15,16346,297,983357,2326500
3319,9,19,16337,287,983376,2350700
3320,15,9,16322,293,983385,2366400
3321,14,8,16308,299,983393,2360800
3322,16,16,16292,299,983409,2374400
3323,11,17,16281,293,983426,2357200
3324,10,9,16271,294,983435,2350800
3325,16,13,16255,297,983448,2330600
3326,15,8,16240,304,983456,2815700
3327,14,18,16226,300,983474,2646800
3328,8,11,16218,297,983485,2425900
3329,17,12,16201,302,983497,2508200
3330,9,15,16192,296,983512,2349500
3331,17,11,16175,302,983523,2355600
3332,13,12,16162,303,983535,2705500
3333,20,11,16142,312,983546,2349900
3334,11,12,16131,311,983558,2311300
3335,13,21,16118,303,983579,2297300
3336,12,11,16106,304,983590,2907600
3337,10,15,16096,299,983605,3277500
3338,8,17,16088,290,983622,2727900
3339,6,21,16082,275,983643,2957000
3340,9,13,16073,271,983656,2506900
3341,11,16,16062,266,983672,2525800
3342,11,14,16051,263,983686,2445900
3343,9,10,16042,262,983696,2827800
3344,18,16,16024,264,983712,2648900
3345,11,11,16013,264,983723,2808200
3346,15,11,15998,268,983734,3006400
3347,5,14,15993,259,983748,2916300
3348,9,10,15984,258,983758,2484700
3349,11,10,15973,259,983768,2779300
3350,11,10,15962,260,983778,2625000
3351,8,20,15954,248,983798,2580600
3352,10,7,15944,251,983805,2539100
3353,12,11,15932,252,983816,2418600
3354,11,15,15921,248,983831,2598800
3355,11,14,15910,245,983845,2498000
3356,11,13,15899,243,983858,2347800
3357,13,14,15886,242,983872,2319200
3358,10,11,15876,241,983883,2314400
3359,12,7,15864,246,983890,2283400
3360,9,12,15855,243,983902,2279700
3361,11,15,15844,239,983917,2356700
3362,6,7,15838,238,983924,2510100
3363,10,14,15828,234,983938,2526000
3364,8,13,15820,229,983951,2373300
3365,11,13,15809,227,983964,2504600
3366,6,10,15803,223,983974,2328300
3367,9,12,15794,220,983986,2320800
3368,5,17,15789,208,984003,2644400
3369,8,8,15781,208,984011,2597800
3370,3,9,15778,202,984020,2410400
3371,6,9,15772,199,984029,2394200
3372,7,8,15765,198,984037,2450900
3373,13,9,15752,202,984046,2368600
3374,7,12,15745,197,984058,2350000
3375,3,16,15742,184,984074,2441000
3376,9,10,15733,183,984084,2372600
3377,3,9,15730,177,984093,2347200
3378,6,11,15724,172,984104,2327200
3379,9,5,15715,176,984109,2326900
3380,8,10,15707,174,984119,2310100
3381,7,9,15700,172,984128,2489500
3382,9,8,15691,173,984136,2393700
3383,7,10,15684,170,984146,2369000
3384,7,9,15677,168,984155,2324700
3385,7,7,15670,168,984162,2383200
3386,8,6,15662,170,984168,2334900
3387,6,5,15656,171,984173,2714800
3388,7,8,15649,170,984181,3110300
3389,10,10,15639,170,984191,2397400
3390,6,10,15633,166,984201,2451900
3391,13,8,15620,171,984209,2970700
3392,10,7,15610,174,984216,2563700
3393,5,10,15605,169,984226,2562100
3394,5,5,15600,169,984231,2510100
3395,14,10,15586,173,984241,2518700
3396,12,9,15574,176,984250,2481000
3397,7,14,15567,169,984264,2500400
3398,6,8,15561,167,984272,2466300
3399,4,12,15557,159,984284,2553200
3400,7,5,15550,161,984289,2451700
3401,3,9,15547,155,984298,2432900
3402,9,11,15538,153,984309,2448900
3403,7,6,15531,154,984315,2455600
3404,11,13,15520,152,984328,2470400
3405,5,8,15515,149,984336,2461500
3406,7,14,15508,142,984350,2509900
3407,9,9,15499,142,984359,2414100
3408,6,5,15493,143,984364,2438300
3409,9,7,15484,145,984371,2433500
3410,5,6,15479,144,984377,2415600
3411,4,10,15475,138,984387,2434300
3412,5,7,15470,136,984394,2470600
3413,4,4,15466,136,984398,2419600
3414,10,13,15456,133,984411,2447800
3415,5,5,15451,133,984416,2429500
3416,6,8,15445,131,984424,2410600
3417,6,5,15439,132,984429,2398900
3418,6,7,15433,131,984436,2429500
3419,9,6,15424,134,984442,2490400
3420,2,9,15422,127,984451,2397400
3421,7,8,15415,126,984459,2401700
3422,8,7,15407,127,984466,2366600
3423,6,5,15401,128,984471,2361700
3424,9,5,15392,132,984476,2344700
3425,4,8,15388,128,984484,2389800
3426,6,5,15382,129,984489,2326200
3427,7,6,15375,130,984495,2315000
3428,1,7,15374,124,984502,2299100
3429,4,6,15370,122,984508,2307200
3430,6,8,15364,120,984516,2288400
3431,10,9,15354,121,984525,2292700
3432,4,7,15350,118,984532,2322600
3433,2,9,15348,111,984541,2301100
3434,6,4,15342,113,984545,2300800
3435,3,9,15339,107,984554,2302800
3436,4,3,15335,108,984557,2324200
3437,6,3,15329,111,984560,2303100
3438,2,7,15327,106,984567,2287200
3439,4,2,15323,108,984569,2336600
3440,2,3,15321,107,984572,2311900
3441,3,3,15318,107,984575,2310300
3442,6,4,15312,109,984579,2323300
3443,1,5,15311,105,984584,2297400
3444,6,5,15305,106,984589,2307300
3445,3,5,15302,104,984594,2443500
3446,4,3,15298,105,984597,2577500
3447,3,4,15295,104,984601,2383900
3448,2,6,15293,100,984607,2351600
3449,5,5,15288,100,984612,2301400
3450,5,6,15283,99,984618,2279500
3451,6,4,15277,101,984622,2262200
3452,5,4,15272,102,984626,2274000
3453,3,10,15269,95,984636,2251300
3454,3,4,15266,94,984640,2254500
3455,6,6,15260,94,984646,2249900
3456,2,4,15258,92,984650,2392400
3457,2,4,15256,90,984654,2713900
3458,1,1,15255,90,984655,2265400
3459,2,4,15253,88,984659,2330300
3460,2,0,15251,90,984659,2383200
3461,1,4,15250,87,984663,2325200
3462,5,4,15245,88,984667,2312300
3463,1,2,15244,87,984669,2307400
3464,2,8,15242,81,984677,2367600
3465,2,5,15240,78,984682,2652000
3466,0,3,15240,75,984685,2359400
3467,1,0,15239,76,984685,2383900
3468,1,3,15238,74,984688,2429600
3469,2,7,15236,69,984695,2409400
3470,0,5,15236,64,984700,2354000
3471,0,3,15236,61,984703,2560900
3472,0,3,15236,58,984706,2437900
3473,0,1,15236,57,984707,2702500
3474,0,5,15236,52,984712,2588500
3475,0,3,15236,49,984715,4042800
3476,1,4,15235,46,984719,5311200
3477,1,0,15234,47,984719,3556200
3478,0,1,15234,46,984720,3129000
3479,0,0,15234,46,984720,2826800
3480,0,1,15234,45,984721,2458200
3481,0,2,15234,43,984723,2501900
3482,1,0,15233,44,984723,2426000
3483,0,1,15233,43,984724,2457400
3484,0,1,15233,42,984725,2402300
3485,0,5,15233,37,984730,2433900
3486,0,4,15233,33,984734,2394700
3487,0,3,15233,30,984737,2374800
3488,0,0,15233,30,984737,2601000
3489,0,3,15233,27,984740,2340600
3490,1,0,15232,28,984740,2364800
3491,0,2,15232,26,984742,2458400
3492,0,0,15232,26,984742,2493700
3493,0,0,15232,26,984742,2451900
3494,0,1,15232,25,984743,2633600
3495,0,1,15232,24,984744,2713100
3496,0,1,15232,23,984745,2534200
3497,0,1,15232,22,984746,2932400
3498,0,0,15232,22,984746,2498700
3499,0,1,15232,21,984747,2587000
3500,1,2,15231,20,984749,2627000
3501,0,3,15231,17,984752,2358700
3502,0,0,15231,17,984752,2345500
3503,0,2,15231,15,984754,2345700
3504,0,1,15231,14,984755,2299200
3505,0,2,15231,12,984757,2285300
3506,0,1,15231,11,984758,2576000
3507,0,1,15231,10,984759,2634500
3508,0,0,15231,10,984759,2324700
3509,0,0,15231,10,984759,2325900
3510,0,1,15231,9,984760,2328900
3511,0,0,15231,9,984760,2368400
3512,0,1,15231,8,984761,2677400
3513,0,0,15231,8,984761,2396800
3514,0,0,15231,8,984761,2366200
3515,0,0,15231,8,984761,2330400
3516,0,1,15231,7,984762,2322800
3517,0,0,15231,7,984762,2334400
3518,0,0,15231,7,984762,2560800
3519,0,0,15231,7,984762,2623200
3520,0,0,15231,7,984762,2440000
3521,0,0,15231,7,984762,2409300
3522,0,0,15231,7,984762,2417100
3523,0,0,15231,7,984762,2367100
3524,0,1,15231,6,984763,2453400
3525,0,0,15231,6,984763,2403100
3526,0,0,15231,6,984763,2360600
3527,0,1,15231,5,984764,2405200
3528,0,0,15231,5,984764,2491100
3529,0,0,15231,5,984764,2466000
3530,0,0,15231,5,984764,2371200
3531,0,1,15231,4,984765,2460200
3532,0,0,15231,4,984765,2384600
3533,0,0,15231,4,984765,2374700
3534,0,0,15231,4,984765,2355500
3535,0,1,15231,3,984766,2353700
3536,0,0,15231,3,984766,2358000
3537,0,0,15231,3,984766,2348900
3538,0,0,15231,3,984766,2381600
3539,0,1,15231,2,984767,2331900
3540,0,0,15231,2,984767,2303900
3541,0,0,15231,2,984767,2300900
3542,0,0,15231,2,984767,2290700
3543,0,0,15231,2,984767,2294300
3544,0,0,15231,2,984767,2365500
3545,0,0,15231,2,984767,2573200
3546,0,0,15231,2,984767,2303300
3547,0,0,15231,2,984767,2299400
3548,0,0,15231,2,984767,2296500
3549,0,0,15231,2,984767,2290100
3550,0,0,15231,2,984767,2300800
3551,0,1,15231,1,984768,2627300
3552,0,0,15231,1,984768,2431100
3553,0,0,15231,1,984768,2330800
3554,0,0,15231,1,984768,2383400
3555,0,0,15231,1,984768,2351300
3556,0,0,15231,1,984768,2368600
3557,0,0,15231,1,984768,2329600
3558,0,0,15231,1,984768,2324200
3559,0,0,15231,1,984768,2299200
3560,0,0,15231,1,984768,2295400
3561,0,0,15231,1,984768,2297900
3562,0,0,15231,1,984768,2303900
3563,0,0,15231,1,984768,2286000
3564,0,0,15231,1,984768,2308600
3565,0,0,15231,1,984768,2333100
3566,0,0,15231,1,984768,2279500
3567,0,0,15231,1,984768,2292900
3568,0,0,15231,1,984768,2283500
3569,0,0,15231,1,984768,2292000
3570,0,0,15231,1,984768,2274300
3571,0,0,15231,1,984768,2316800
3572,0,0,15231,1,984768,2299700
3573,0,0,15231,1,984768,2464200
3574,0,1,15231,0,984769,3211600
