Tick,NewlyInfected,NewlyRecovered,TotalSusceptible,TotalInfected,TotalRecovered,StepTimeNanos
0,1,0,2249994,6,0,7324100
1,3,0,2249991,9,0,7193800
2,2,1,2249989,10,1,7437100
3,1,1,2249988,10,2,6994600
4,3,0,2249985,13,2,6554200
5,3,0,2249982,16,2,6942700
6,2,1,2249980,17,3,7365500
7,1,0,2249979,18,3,6770200
8,6,1,2249973,23,4,6793200
9,4,0,2249969,27,4,7113800
10,9,1,2249960,35,5,5747300
11,9,2,2249951,42,7,5567300
12,10,1,2249941,51,8,5487300
13,7,2,2249934,56,10,5596100
14,9,2,2249925,63,12,5567200
15,8,1,2249917,70,13,5561200
16,12,3,2249905,79,16,5492200
17,10,2,2249895,87,18,5792400
18,9,1,2249886,95,19,5640300
19,11,6,2249875,100,25,5691600
20,15,5,2249860,110,30,6117300
21,16,5,2249844,121,35,5718100
22,9,2,2249835,128,37,5729500
23,10,4,2249825,134,41,5904900
24,15,9,2249810,140,50,5741900
25,9,9,2249801,140,59,6005000
26,12,10,2249789,142,69,5737800
27,15,12,2249774,145,81,6047200
28,16,12,2249758,149,93,5714000
29,12,7,2249746,154,100,5496100
30,9,13,2249737,150,113,6537100
31,16,5,2249721,161,118,5699900
32,11,11,2249710,161,129,5679400
33,15,10,2249695,166,139,5483000
34,15,11,2249680,170,150,5531000
35,9,3,2249671,176,153,5990200
36,13,5,2249658,184,158,5472700
37,16,2,2249642,198,160,5636600
38,23,12,2249619,209,172,5797100
39,16,16,2249603,209,188,5598900
40,17,13,2249586,213,201,5510600
41,20,12,2249566,221,213,5505400
42,20,15,2249546,226,228,5815200
43,23,12,2249523,237,240,5499700
44,25,13,2249498,249,253,5408200
45,25,11,2249473,263,264,6423900
46,20,13,2249453,270,277,5629500
47,23,12,2249430,281,289,5473600
48,32,14,2249398,299,303,5455400
49,21,13,2249377,307,316,5419600
50,29,12,2249348,324,328,5481800
51,25,16,2249323,333,344,5375200
52,34,22,2249289,345,366,5454900
53,15,18,2249274,342,384,5495800
54,33,19,2249241,356,403,5459100
55,31,12,2249210,375,415,5645700
56,32,23,2249178,384,438,5625600
57,30,13,2249148,401,451,6086200
58,26,22,2249122,405,473,5517100
59,30,26,2249092,409,499,5764900
60,27,16,2249065,420,515,5588400
61,23,27,2249042,416,542,5443500
62,35,19,2249007,432,561,5479400
63,26,24,2248981,434,585,5500700
64,34,8,2248947,460,593,5586400
65,33,27,2248914,466,620,5765200
66,44,19,2248870,491,639,5445900
67,40,23,2248830,508,662,5850300
68,35,33,2248795,510,695,5854900
69,46,31,2248749,525,726,5486700
70,33,18,2248716,540,744,5494300
71,41,24,2248675,557,768,5448300
72,40,25,2248635,572,793,5500300
73,41,26,2248594,587,819,5454400
74,46,21,2248548,612,840,5525100
75,40,29,2248508,623,869,5452900
76,35,24,2248473,634,893,5449500
77,54,29,2248419,659,922,5513500
78,46,39,2248373,666,961,5601600
79,46,31,2248327,681,992,5638500
80,59,43,2248268,697,1035,5575600
81,55,35,2248213,717,1070,5577200
82,60,37,2248153,740,1107,5566800
83,52,30,2248101,762,1137,6347000
84,54,37,2248047,779,1174,5514800
85,43,38,2248004,784,1212,5921800
86,57,44,2247947,797,1256,5901700
87,54,31,2247893,820,1287,5501600
88,48,45,2247845,823,1332,5491600
89,58,37,2247787,844,1369,5486800
90,45,50,2247742,839,1419,5788100
91,62,48,2247680,853,1467,5412600
92,52,57,2247628,848,1524,5473600
93,55,33,2247573,870,1557,5938100
94,47,39,2247526,878,1596,5541100
95,43,53,2247483,868,1649,5570800
96,50,50,2247433,868,1699,5513400
97,56,38,2247377,886,1737,5479800
98,54,43,2247323,897,1780,5672200
99,48,48,2247275,897,1828,5486800
100,42,47,2247233,892,1875,5515100
101,49,47,2247184,894,1922,5485600
102,64,37,2247120,921,1959,5484400
103,50,38,2247070,933,1997,5621800
104,67,43,2247003,957,2040,5488800
105,53,40,2246950,970,2080,5485000
106,60,52,2246890,978,2132,5508900
107,61,50,2246829,989,2182,5462100
108,58,47,2246771,1000,2229,5531200
109,54,51,2246717,1003,2280,5578100
110,55,46,2246662,1012,2326,5487300
111,68,52,2246594,1028,2378,5519600
112,67,59,2246527,1036,2437,5504200
113,58,58,2246469,1036,2495,5647500
114,55,56,2246414,1035,2551,5505900
115,66,34,2246348,1067,2585,5472900
116,63,66,2246285,1064,2651,5858100
117,68,61,2246217,1071,2712,5617400
118,78,52,2246139,1097,2764,5555400
119,74,58,2246065,1113,2822,5532000
120,73,59,2245992,1127,2881,5750600
121,54,58,2245938,1123,2939,5532400
122,64,49,2245874,1138,2988,5522000
123,50,56,2245824,1132,3044,5792000
124,72,46,2245752,1158,3090,5614000
125,77,55,2245675,1180,3145,5795800
126,83,54,2245592,1209,3199,5738500
127,76,57,2245516,1228,3256,5800200
128,77,57,2245439,1248,3313,6437200
129,55,71,2245384,1232,3384,5788800
130,70,64,2245314,1238,3448,5888100
131,81,60,2245233,1259,3508,5767200
132,76,70,2245157,1265,3578,5743100
133,81,49,2245076,1297,3627,5718000
134,90,67,2244986,1320,3694,5804000
135,78,58,2244908,1340,3752,6092900
136,83,77,2244825,1346,3829,5790400
137,94,58,2244731,1382,3887,6032300
138,74,74,2244657,1382,3961,5888300
139,95,79,2244562,1398,4040,5869000
140,83,71,2244479,1410,4111,5864400
141,79,50,2244400,1439,4161,5772600
142,82,66,2244318,1455,4227,6005900
143,103,72,2244215,1486,4299,5922000
144,91,74,2244124,1503,4373,5806400
145,75,74,2244049,1504,4447,5737500
146,93,84,2243956,1513,4531,5844700
147,105,78,2243851,1540,4609,5935200
148,102,79,2243749,1563,4688,5899000
149,121,67,2243628,1617,4755,5771800
150,106,83,2243522,1640,4838,5782400
151,114,79,2243408,1675,4917,5897900
152,91,77,2243317,1689,4994,5897300
153,84,102,2243233,1671,5096,5828200
154,104,67,2243129,1708,5163,6174800
155,83,86,2243046,1705,5249,5867200
156,122,78,2242924,1749,5327,5607500
157,112,102,2242812,1759,5429,5692200
158,105,92,2242707,1772,5521,5727000
159,104,65,2242603,1811,5586,5750800
160,109,98,2242494,1822,5684,5668000
161,110,91,2242384,1841,5775,5591500
162,113,99,2242271,1855,5874,5586800
163,94,91,2242177,1858,5965,5538000
164,107,105,2242070,1860,6070,6020200
165,122,106,2241948,1876,6176,5667200
166,125,90,2241823,1911,6266,6060200
167,119,97,2241704,1933,6363,5785500
168,129,99,2241575,1963,6462,5666200
169,131,92,2241444,2002,6554,5853000
170,110,101,2241334,2011,6655,5564600
171,99,107,2241235,2003,6762,5554400
172,134,97,2241101,2040,6859,5579500
173,116,98,2240985,2058,6957,5523400
174,125,112,2240860,2071,7069,5600500
175,114,110,2240746,2075,7179,5532500
176,132,98,2240614,2109,7277,5570000
177,99,105,2240515,2103,7382,5736200
178,118,118,2240397,2103,7500,5631000
179,112,117,2240285,2098,7617,5813100
180,132,102,2240153,2128,7719,6606200
181,113,104,2240040,2137,7823,5648000
182,116,120,2239924,2133,7943,5747100
183,130,105,2239794,2158,8048,5578600
184,131,102,2239663,2187,8150,5662100
185,112,110,2239551,2189,8260,5607700
186,119,109,2239432,2199,8369,5599600
187,120,103,2239312,2216,8472,5558800
188,107,113,2239205,2210,8585,5536300
189,128,106,2239077,2232,8691,5603100
190,131,109,2238946,2254,8800,5639300
191,118,113,2238828,2259,8913,5738600
192,127,103,2238701,2283,9016,5555300
193,121,104,2238580,2300,9120,5560500
194,120,124,2238460,2296,9244,6025700
195,142,112,2238318,2326,9356,5660000
196,134,111,2238184,2349,9467,5576300
197,147,111,2238037,2385,9578,5568500
198,115,116,2237922,2384,9694,5603600
199,144,124,2237778,2404,9818,5593400
200,127,112,2237651,2419,9930,5573500
201,114,114,2237537,2419,10044,5651400
202,126,142,2237411,2403,10186,5581400
203,128,132,2237283,2399,10318,5635600
204,135,118,2237148,2416,10436,5834200
205,137,124,2237011,2429,10560,5710900
206,136,134,2236875,2431,10694,5625500
207,133,107,2236742,2457,10801,5621900
208,135,120,2236607,2472,10921,5623100
209,142,131,2236465,2483,11052,5649000
210,139,132,2236326,2490,11184,5611800
211,145,147,2236181,2488,11331,5661500
212,163,150,2236018,2501,11481,5676700
213,143,114,2235875,2530,11595,5653700
214,137,141,2235738,2526,11736,6004300
215,163,126,2235575,2563,11862,6955400
216,139,132,2235436,2570,11994,6723200
217,142,121,2235294,2591,12115,6882400
218,139,125,2235155,2605,12240,6820200
219,138,125,2235017,2618,12365,5710300
220,146,113,2234871,2651,12478,5853600
221,170,137,2234701,2684,12615,5715100
222,140,136,2234561,2688,12751,5606400
223,156,131,2234405,2713,12882,5735300
224,130,147,2234275,2696,13029,5627100
225,150,132,2234125,2714,13161,5604900
226,142,131,2233983,2725,13292,5638700
227,175,148,2233808,2752,13440,5689100
228,144,146,2233664,2750,13586,5667000
229,155,147,2233509,2758,13733,5683600
230,138,140,2233371,2756,13873,5988200
231,145,130,2233226,2771,14003,5675900
232,180,144,2233046,2807,14147,5652800
233,177,140,2232869,2844,14287,5730800
234,175,117,2232694,2902,14404,5602800
235,173,148,2232521,2927,14552,5624800
236,162,148,2232359,2941,14700,5665900
237,181,155,2232178,2967,14855,5669700
238,173,152,2232005,2988,15007,6010400
239,188,142,2231817,3034,15149,5598600
240,183,154,2231634,3063,15303,5675100
241,176,140,2231458,3099,15443,6016100
242,185,157,2231273,3127,15600,6118400
243,177,171,2231096,3133,15771,6476200
244,169,139,2230927,3163,15910,6440800
245,155,130,2230772,3188,16040,6229800
246,163,165,2230609,3186,16205,6157800
247,172,161,2230437,3197,16366,6111300
248,194,170,2230243,3221,16536,5798700
249,161,195,2230082,3187,16731,5687500
250,172,157,2229910,3202,16888,6351600
251,175,154,2229735,3223,17042,5675900
252,164,187,2229571,3200,17229,6084000
253,156,174,2229415,3182,17403,5934200
254,187,139,2229228,3230,17542,6042700
255,162,172,2229066,3220,17714,5794400
256,144,165,2228922,3199,17879,5740100
257,180,166,2228742,3213,18045,5786500
258,178,180,2228564,3211,18225,5699700
259,176,129,2228388,3258,18354,5771400
260,178,147,2228210,3289,18501,5814200
261,152,174,2228058,3267,18675,5802400
262,185,150,2227873,3302,18825,6017700
263,183,152,2227690,3333,18977,5859900
264,197,162,2227493,3368,19139,5690200
265,199,174,2227294,3393,19313,5691100
266,159,177,2227135,3375,19490,5729900
267,152,167,2226983,3360,19657,5855200
268,170,150,2226813,3380,19807,5827300
269,179,170,2226634,3389,19977,5912400
270,163,179,2226471,3373,20156,5813900
271,169,165,2226302,3377,20321,5720400
272,177,175,2226125,3379,20496,5855100
273,195,160,2225930,3414,20656,5758000
274,177,163,2225753,3428,20819,5931000
275,193,176,2225560,3445,20995,5885200
276,169,157,2225391,3457,21152,5847500
277,200,158,2225191,3499,21310,5763600
278,195,201,2224996,3493,21511,5699100
279,188,183,2224808,3498,21694,6055700
280,200,158,2224608,3540,21852,5852800
281,178,190,2224430,3528,22042,5817500
282,184,171,2224246,3541,22213,5856000
283,214,181,2224032,3574,22394,5766100
284,205,168,2223827,3611,22562,6308700
285,205,164,2223622,3652,22726,5959900
286,225,214,2223397,3663,22940,6129400
287,187,194,2223210,3656,23134,5961900
288,190,203,2223020,3643,23337,6220200
289,204,180,2222816,3667,23517,5923100
290,182,187,2222634,3662,23704,5863500
291,197,188,2222437,3671,23892,5930000
292,202,178,2222235,3695,24070,5768500
293,216,200,2222019,3711,24270,5790500
294,225,177,2221794,3759,24447,5822300
295,220,188,2221574,3791,24635,5752500
296,215,178,2221359,3828,24813,5783900
297,234,207,2221125,3855,25020,6149000
298,228,195,2220897,3888,25215,6247200
299,208,192,2220689,3904,25407,5801900
300,218,204,2220471,3918,25611,5997700
301,195,211,2220276,3902,25822,5692100
302,230,200,2220046,3932,26022,5724500
303,250,175,2219796,4007,26197,5755700
304,238,189,2219558,4056,26386,5720600
305,232,213,2219326,4075,26599,5824300
306,246,207,2219080,4114,26806,5727200
307,199,208,2218881,4105,27014,5756600
308,199,218,2218682,4086,27232,5770700
309,212,189,2218470,4109,27421,5711500
310,225,199,2218245,4135,27620,5841200
311,232,206,2218013,4161,27826,5746300
312,224,209,2217789,4176,28035,5762800
313,207,216,2217582,4167,28251,5740700
314,223,216,2217359,4174,28467,5696400
315,231,204,2217128,4201,28671,6230900
316,225,213,2216903,4213,28884,6723500
317,201,230,2216702,4184,29114,6596000
318,236,238,2216466,4182,29352,6421300
319,232,198,2216234,4216,29550,6384300
320,230,213,2216004,4233,29763,6021100
321,233,206,2215771,4260,29969,6105700
322,220,218,2215551,4262,30187,6264400
323,229,212,2215322,4279,30399,6104700
324,235,233,2215087,4281,30632,6061200
325,237,208,2214850,4310,30840,5879000
326,207,230,2214643,4287,31070,6452100
327,229,212,2214414,4304,31282,6106700
328,232,220,2214182,4316,31502,6977500
329,223,203,2213959,4336,31705,6074600
330,229,226,2213730,4339,31931,6321900
331,219,240,2213511,4318,32171,6018900
332,249,204,2213262,4363,32375,6195300
333,235,218,2213027,4380,32593,6174400
334,231,222,2212796,4389,32815,7156000
335,210,215,2212586,4384,33030,6567700
336,232,224,2212354,4392,33254,6431800
337,212,200,2212142,4404,33454,6633200
338,244,227,2211898,4421,33681,6401200
339,235,224,2211663,4432,33905,6645000
340,238,210,2211425,4460,34115,6064200
341,260,252,2211165,4468,34367,6080700
342,238,224,2210927,4482,34591,6049200
343,248,215,2210679,4515,34806,6051500
344,252,212,2210427,4555,35018,6749900
345,268,241,2210159,4582,35259,6510500
346,264,210,2209895,4636,35469,6426900
347,253,215,2209642,4674,35684,6227300
348,270,250,2209372,4694,35934,6428400
349,250,242,2209122,4702,36176,6278700
350,235,235,2208887,4702,36411,6282300
351,239,255,2208648,4686,36666,6214100
352,295,232,2208353,4749,36898,6233200
353,270,246,2208083,4773,37144,6253500
354,248,231,2207835,4790,37375,6288000
355,267,265,2207568,4792,37640,6245700
356,291,245,2207277,4838,37885,5969400
357,276,241,2207001,4873,38126,6814300
358,294,266,2206707,4901,38392,6214900
359,261,270,2206446,4892,38662,6567100
360,281,257,2206165,4916,38919,6603600
361,260,253,2205905,4923,39172,6509500
362,256,248,2205649,4931,39420,6565100
363,230,227,2205419,4934,39647,6509600
364,292,264,2205127,4962,39911,6714000
365,233,232,2204894,4963,40143,6293200
366,255,253,2204639,4965,40396,6534400
367,255,249,2204384,4971,40645,6317600
368,254,242,2204130,4983,40887,6608400
369,274,254,2203856,5003,41141,6946100
370,284,250,2203572,5037,41391,6608200
371,270,243,2203302,5064,41634,6578300
372,274,264,2203028,5074,41898,6519500
373,272,252,2202756,5094,42150,6546500
374,238,266,2202518,5066,42416,7199700
375,299,260,2202219,5105,42676,5923300
376,258,253,2201961,5110,42929,5898100
377,277,270,2201684,5117,43199,5989200
378,256,246,2201428,5127,43445,5993800
379,274,248,2201154,5153,43693,6118300
380,279,287,2200875,5145,43980,6805600
381,292,237,2200583,5200,44217,7034600
382,292,267,2200291,5225,44484,6019700
383,284,255,2200007,5254,44739,6123700
384,300,261,2199707,5293,45000,5981200
385,293,246,2199414,5340,45246,6073300
386,301,268,2199113,5373,45514,6585100
387,273,262,2198840,5384,45776,5873300
388,280,250,2198560,5414,46026,7083600
389,290,253,2198270,5451,46279,5876200
390,296,225,2197974,5522,46504,6049700
391,258,280,2197716,5500,46784,6377800
392,287,248,2197429,5539,47032,6320100
393,315,264,2197114,5590,47296,6347100
394,318,257,2196796,5651,47553,6657400
395,297,267,2196499,5681,47820,6583000
396,311,287,2196188,5705,48107,6386500
397,302,290,2195886,5717,48397,6995000
398,271,306,2195615,5682,48703,6122600
399,313,309,2195302,5686,49012,6603600
400,324,270,2194978,5740,49282,6746700
401,289,311,2194689,5718,49593,6591900
402,313,269,2194376,5762,49862,6973400
403,294,294,2194082,5762,50156,6776500
404,309,298,2193773,5773,50454,6535900
405,297,287,2193476,5783,50741,7050600
406,303,274,2193173,5812,51015,6021600
407,318,282,2192855,5848,51297,6049100
408,308,313,2192547,5843,51610,6723700
409,299,283,2192248,5859,51893,6290500
410,318,308,2191930,5869,52201,6822200
411,288,323,2191642,5834,52524,7076700
412,294,286,2191348,5842,52810,6781400
413,299,268,2191049,5873,53078,6447700
414,311,300,2190738,5884,53378,7344000
415,312,307,2190426,5889,53685,7390100
416,322,296,2190104,5915,53981,6963100
417,310,312,2189794,5913,54293,6306800
418,276,311,2189518,5878,54604,6059000
419,263,312,2189255,5829,54916,5976300
420,291,302,2188964,5818,55218,5842500
421,325,301,2188639,5842,55519,5927700
422,300,317,2188339,5825,55836,5806900
423,301,332,2188038,5794,56168,6460100
424,319,298,2187719,5815,56466,5918900
425,327,300,2187392,5842,56766,5825800
426,320,306,2187072,5856,57072,5857400
427,334,301,2186738,5889,57373,5805900
428,312,282,2186426,5919,57655,5950100
429,324,302,2186102,5941,57957,6199600
430,329,287,2185773,5983,58244,5958800
431,322,305,2185451,6000,58549,5873700
432,326,300,2185125,6026,58849,5876400
433,314,292,2184811,6048,59141,6029700
434,305,271,2184506,6082,59412,5852000
435,332,288,2184174,6126,59700,5892800
436,328,323,2183846,6131,60023,5831900
437,299,302,2183547,6128,60325,5831100
438,299,286,2183248,6141,60611,6265900
439,325,318,2182923,6148,60929,5869500
440,334,293,2182589,6189,61222,5997300
441,307,295,2182282,6201,61517,5883500
442,324,279,2181958,6246,61796,5875500
443,326,295,2181632,6277,62091,5917500
444,328,321,2181304,6284,62412,5857500
445,332,301,2180972,6315,62713,5978300
446,341,303,2180631,6353,63016,5860400
447,356,303,2180275,6406,63319,5852100
448,313,297,2179962,6422,63616,5900700
449,324,315,2179638,6431,63931,5938500
450,364,326,2179274,6469,64257,6010000
451,336,354,2178938,6451,64611,5850700
452,333,331,2178605,6453,64942,5919000
453,331,342,2178274,6442,65284,5848600
454,346,298,2177928,6490,65582,5900900
455,334,296,2177594,6528,65878,6009200
456,298,358,2177296,6468,66236,5839500
457,331,305,2176965,6494,66541,6198100
458,328,313,2176637,6509,66854,5927100
459,324,334,2176313,6499,67188,6259800
460,351,343,2175962,6507,67531,5986300
461,363,310,2175599,6560,67841,5948600
462,345,310,2175254,6595,68151,6613200
463,326,332,2174928,6589,68483,6156200
464,365,326,2174563,6628,68809,6056900
465,341,362,2174222,6607,69171,6053900
466,363,330,2173859,6640,69501,5886800
467,335,310,2173524,6665,69811,6001700
468,361,338,2173163,6688,70149,5882000
469,365,328,2172798,6725,70477,5898500
470,318,359,2172480,6684,70836,5961500
471,354,322,2172126,6716,71158,5909800
472,389,322,2171737,6783,71480,5962200
473,384,327,2171353,6840,71807,5888200
474,359,350,2170994,6849,72157,5911800
475,330,345,2170664,6834,72502,5901100
476,338,355,2170326,6817,72857,5936400
477,317,331,2170009,6803,73188,6000200
478,354,342,2169655,6815,73530,5954200
479,354,345,2169301,6824,73875,6412500
480,354,318,2168947,6860,74193,5989300
481,361,346,2168586,6875,74539,6376900
482,340,354,2168246,6861,74893,6050800
483,343,328,2167903,6876,75221,6030700
484,368,309,2167535,6935,75530,6001800
485,326,354,2167209,6907,75884,5970200
486,355,359,2166854,6903,76243,6679900
487,344,347,2166510,6900,76590,5977500
488,331,367,2166179,6864,76957,5922200
489,377,340,2165802,6901,77297,5912600
490,372,329,2165430,6944,77626,5878200
491,366,337,2165064,6973,77963,6046100
492,345,327,2164719,6991,78290,5933100
493,370,374,2164349,6987,78664,6044500
494,379,364,2163970,7002,79028,5870000
495,376,341,2163594,7037,79369,5898400
496,374,355,2163220,7056,79724,5994900
497,352,373,2162868,7035,80097,5901600
498,365,341,2162503,7059,80438,5999400
499,351,333,2162152,7077,80771,6111700
500,380,348,2161772,7109,81119,6497300
501,377,381,2161395,7105,81500,6749400
502,369,370,2161026,7104,81870,6189700
503,383,356,2160643,7131,82226,6692800
504,347,362,2160296,7116,82588,6295300
505,331,335,2159965,7112,82923,7199900
506,390,335,2159575,7167,83258,6222500
507,383,347,2159192,7203,83605,6921400
508,341,365,2158851,7179,83970,6140800
509,373,336,2158478,7216,84306,6318500
510,359,357,2158119,7218,84663,6452700
511,378,323,2157741,7273,84986,6592700
512,421,340,2157320,7354,85326,6491200
513,369,363,2156951,7360,85689,6189400
514,352,375,2156599,7337,86064,7088000
515,387,361,2156212,7363,86425,6386000
516,374,345,2155838,7392,86770,6411700
517,377,360,2155461,7409,87130,6433100
518,411,370,2155050,7450,87500,6231600
519,385,394,2154665,7441,87894,6165900
520,367,395,2154298,7413,88289,6421000
521,375,377,2153923,7411,88666,6273200
522,410,387,2153513,7434,89053,6105500
523,383,388,2153130,7429,89441,6138300
524,379,398,2152751,7410,89839,6112400
525,383,377,2152368,7416,90216,6190100
526,368,367,2152000,7417,90583,6000800
527,391,362,2151609,7446,90945,5986300
528,392,366,2151217,7472,91311,5990700
529,404,379,2150813,7497,91690,5984000
530,400,424,2150413,7473,92114,6139000
531,395,374,2150018,7494,92488,5949800
532,442,389,2149576,7547,92877,5974100
533,379,350,2149197,7576,93227,6079000
534,426,357,2148771,7645,93584,6076300
535,417,366,2148354,7696,93950,6185000
536,438,384,2147916,7750,94334,6129100
537,423,386,2147493,7787,94720,6301000
538,427,379,2147066,7835,95099,6320600
539,399,370,2146667,7864,95469,6060800
540,384,428,2146283,7820,95897,6030700
541,413,374,2145870,7859,96271,5994500
542,427,417,2145443,7869,96688,5969100
543,390,404,2145053,7855,97092,5933800
544,404,418,2144649,7841,97510,6065000
545,456,383,2144193,7914,97893,5970300
546,416,395,2143777,7935,98288,6504400
547,445,379,2143332,8001,98667,6064800
548,418,387,2142914,8032,99054,5973600
549,392,380,2142522,8044,99434,5970500
550,424,423,2142098,8045,99857,6039000
551,431,409,2141667,8067,100266,6102600
552,429,392,2141238,8104,100658,6086200
553,425,410,2140813,8119,101068,6056300
554,409,397,2140404,8131,101465,6189900
555,431,439,2139973,8123,101904,6293200
556,448,392,2139525,8179,102296,6344900
557,442,421,2139083,8200,102717,6095700
558,447,409,2138636,8238,103126,6344400
559,414,426,2138222,8226,103552,6058500
560,387,419,2137835,8194,103971,6131400
561,391,414,2137444,8171,104385,6022800
562,412,416,2137032,8167,104801,6020700
563,405,418,2136627,8154,105219,6049000
564,397,399,2136230,8152,105618,5965700
565,440,394,2135790,8198,106012,6046500
566,430,394,2135360,8234,106406,5964800
567,460,404,2134900,8290,106810,6074800
568,385,409,2134515,8266,107219,6028900
569,410,426,2134105,8250,107645,5964300
570,411,418,2133694,8243,108063,6021800
571,426,416,2133268,8253,108479,6125300
572,453,396,2132815,8310,108875,6099300
573,440,394,2132375,8356,109269,5981700
574,429,445,2131946,8340,109714,6036800
575,440,457,2131506,8323,110171,6042200
576,400,442,2131106,8281,110613,6007500
577,444,415,2130662,8310,111028,6035600
578,465,433,2130197,8342,111461,5976400
579,465,415,2129732,8392,111876,6052200
580,404,449,2129328,8347,112325,6044300
581,438,409,2128890,8376,112734,6161600
582,414,420,2128476,8370,113154,6768200
583,472,440,2128004,8402,113594,6478200
584,433,404,2127571,8431,113998,6706500
585,452,420,2127119,8463,114418,6065600
586,420,447,2126699,8436,114865,6093300
587,451,448,2126248,8439,115313,6067200
588,448,373,2125800,8514,115686,6036100
589,465,437,2125335,8542,116123,6047900
590,464,455,2124871,8551,116578,6071600
591,434,427,2124437,8558,117005,6435700
592,439,440,2123998,8557,117445,6106500
593,457,429,2123541,8585,117874,6061800
594,442,463,2123099,8564,118337,6048600
595,447,437,2122652,8574,118774,6002500
596,464,442,2122188,8596,119216,6174600
597,486,427,2121702,8655,119643,6039300
598,440,452,2121262,8643,120095,6008200
599,435,427,2120827,8651,120522,6025400
600,424,426,2120403,8649,120948,6042200
601,407,428,2119996,8628,121376,6156700
602,476,411,2119520,8693,121787,6022400
603,457,452,2119063,8698,122239,6198200
604,452,418,2118611,8732,122657,6009600
605,465,410,2118146,8787,123067,6028700
606,460,457,2117686,8790,123524,6087100
607,436,431,2117250,8795,123955,6035400
608,450,511,2116800,8734,124466,6112000
609,449,425,2116351,8758,124891,5988000
610,470,411,2115881,8817,125302,6295600
611,469,469,2115412,8817,125771,6116000
612,471,459,2114941,8829,126230,6049000
613,422,442,2114519,8809,126672,6124800
614,482,418,2114037,8873,127090,6046500
615,458,431,2113579,8900,127521,6488000
616,455,467,2113124,8888,127988,6219400
617,496,437,2112628,8947,128425,6195200
618,485,421,2112143,9011,128846,6202500
619,460,431,2111683,9040,129277,6053700
620,448,440,2111235,9048,129717,6138600
621,467,479,2110768,9036,130196,6163900
622,472,428,2110296,9080,130624,6212700
623,452,435,2109844,9097,131059,6056800
624,477,429,2109367,9145,131488,6138100
625,478,445,2108889,9178,131933,6063200
626,498,476,2108391,9200,132409,6083500
627,484,456,2107907,9228,132865,6565000
628,447,478,2107460,9197,133343,6284500
629,469,430,2106991,9236,133773,6660900
630,445,486,2106546,9195,134259,6240800
631,489,461,2106057,9223,134720,6239300
632,474,484,2105583,9213,135204,6193100
633,448,473,2105135,9188,135677,6195000
634,445,480,2104690,9153,136157,6188400
635,476,440,2104214,9189,136597,6194700
636,482,458,2103732,9213,137055,6212900
637,468,446,2103264,9235,137501,6103600
638,513,442,2102751,9306,137943,6083000
639,523,433,2102228,9396,138376,6328300
640,459,481,2101769,9374,138857,6205000
641,471,441,2101298,9404,139298,6227200
642,499,462,2100799,9441,139760,6175000
643,481,504,2100318,9418,140264,6862800
644,423,447,2099895,9394,140711,6200700
645,473,508,2099422,9359,141219,6179600
646,447,465,2098975,9341,141684,6118800
647,452,450,2098523,9343,142134,6088900
648,462,457,2098061,9348,142591,6119800
649,446,479,2097615,9315,143070,6057600
650,451,455,2097164,9311,143525,6178200
651,494,453,2096670,9352,143978,6191100
652,476,490,2096194,9338,144468,6141300
653,439,466,2095755,9311,144934,6169600
654,481,487,2095274,9305,145421,6097700
655,478,493,2094796,9290,145914,6251400
656,465,464,2094331,9291,146378,6121200
657,485,467,2093846,9309,146845,6126500
658,445,475,2093401,9279,147320,6105700
659,487,464,2092914,9302,147784,6192900
660,487,435,2092427,9354,148219,6725600
661,467,498,2091960,9323,148717,6241600
662,464,478,2091496,9309,149195,6265100
663,472,469,2091024,9312,149664,6176800
664,491,490,2090533,9313,150154,6152400
665,446,455,2090087,9304,150609,6341200
666,475,435,2089612,9344,151044,6362100
667,476,453,2089136,9367,151497,6332000
668,453,468,2088683,9352,151965,6707600
669,430,464,2088253,9318,152429,6367300
670,501,470,2087752,9349,152899,6127300
671,482,474,2087270,9357,153373,6346700
672,498,512,2086772,9343,153885,6142900
673,439,481,2086333,9301,154366,6128800
674,469,436,2085864,9334,154802,6113000
675,494,456,2085370,9372,155258,6132300
676,506,476,2084864,9402,155734,6179800
677,524,451,2084340,9475,156185,6101800
678,504,476,2083836,9503,156661,6177500
679,477,470,2083359,9510,157131,6299000
680,531,487,2082828,9554,157618,6330300
681,515,434,2082313,9635,158052,6621800
682,518,519,2081795,9634,158571,6428300
683,559,462,2081236,9731,159033,6710400
684,503,503,2080733,9731,159536,6345800
685,520,442,2080213,9809,159978,6322400
686,577,493,2079636,9893,160471,6332300
687,506,495,2079130,9904,160966,6358800
688,545,489,2078585,9960,161455,6310100
689,539,517,2078046,9982,161972,6327600
690,515,459,2077531,10038,162431,6342900
691,577,511,2076954,10104,162942,6473300
692,533,485,2076421,10152,163427,6324800
693,506,491,2075915,10167,163918,6380200
694,494,508,2075421,10153,164426,6346600
695,524,515,2074897,10162,164941,6396700
696,535,514,2074362,10183,165455,6320400
697,543,557,2073819,10169,166012,7303400
698,539,545,2073280,10163,166557,6328100
699,507,490,2072773,10180,167047,6423900
700,539,518,2072234,10201,167565,6353100
701,526,503,2071708,10224,168068,6463100
702,533,531,2071175,10226,168599,6475200
703,519,507,2070656,10238,169106,6427300
704,520,513,2070136,10245,169619,6357900
705,503,543,2069633,10205,170162,6306300
706,527,533,2069106,10199,170695,6275300
707,498,558,2068608,10139,171253,6140400
708,530,485,2068078,10184,171738,6664900
709,511,492,2067567,10203,172230,9877700
710,507,503,2067060,10207,172733,6686600
711,498,541,2066562,10164,173274,6441000
712,490,494,2066072,10160,173768,6901600
713,497,497,2065575,10160,174265,6335200
714,518,504,2065057,10174,174769,7227100
715,503,509,2064554,10168,175278,6472000
716,538,505,2064016,10201,175783,6263000
717,526,486,2063490,10241,176269,6175200
718,487,484,2063003,10244,176753,6178400
719,530,542,2062473,10232,177295,6315100
720,527,462,2061946,10297,177757,6277600
721,469,517,2061477,10249,178274,6218400
722,493,542,2060984,10200,178816,6168400
723,507,522,2060477,10185,179338,6191100
724,532,484,2059945,10233,179822,6157700
725,490,482,2059455,10241,180304,6189600
726,532,509,2058923,10264,180813,6783800
727,543,525,2058380,10282,181338,6256300
728,541,528,2057839,10295,181866,6146500
729,514,524,2057325,10285,182390,6233300
730,543,518,2056782,10310,182908,6254700
731,506,513,2056276,10303,183421,6209300
732,516,499,2055760,10320,183920,6175500
733,501,526,2055259,10295,184446,6572600
734,505,530,2054754,10270,184976,6149900
735,517,514,2054237,10273,185490,6165100
736,534,481,2053703,10326,185971,6254100
737,511,519,2053192,10318,186490,6143600
738,510,504,2052682,10324,186994,6214500
739,521,537,2052161,10308,187531,6296400
740,550,542,2051611,10316,188073,6904100
741,570,525,2051041,10361,188598,6299100
742,554,508,2050487,10407,189106,6654400
743,516,514,2049971,10409,189620,6401600
744,550,498,2049421,10461,190118,6829100
745,554,496,2048867,10519,190614,6823900
746,560,464,2048307,10615,191078,7015500
747,545,533,2047762,10627,191611,6798000
748,474,546,2047288,10555,192157,7022200
749,519,519,2046769,10555,192676,6853200
750,524,544,2046245,10535,193220,6792600
751,543,528,2045702,10550,193748,6472700
752,498,502,2045204,10546,194250,6467300
753,544,523,2044660,10567,194773,7194300
754,531,513,2044129,10585,195286,6754200
755,516,523,2043613,10578,195809,6404200
756,540,522,2043073,10596,196331,6224700
757,529,537,2042544,10588,196868,6304200
758,536,522,2042008,10602,197390,6298800
759,518,553,2041490,10567,197943,6427800
760,545,504,2040945,10608,198447,6234700
761,533,532,2040412,10609,198979,6172500
762,530,535,2039882,10604,199514,6783200
763,534,514,2039348,10624,200028,6442200
764,572,498,2038776,10698,200526,6515900
765,532,558,2038244,10672,201084,6394000
766,535,515,2037709,10692,201599,6249100
767,531,527,2037178,10696,202126,6330800
768,572,480,2036606,10788,202606,6375900
769,520,528,2036086,10780,203134,6347900
770,562,511,2035524,10831,203645,6292400
771,553,550,2034971,10834,204195,6844000
772,533,566,2034438,10801,204761,6311500
773,517,518,2033921,10800,205279,7003000
774,565,567,2033356,10798,205846,6466200
775,577,523,2032779,10852,206369,6629600
776,540,554,2032239,10838,206923,6389100
777,568,533,2031671,10873,207456,6667000
778,560,526,2031111,10907,207982,7008200
779,558,531,2030553,10934,208513,6482700
780,565,544,2029988,10955,209057,6372800
781,526,536,2029462,10945,209593,6391100
782,578,543,2028884,10980,210136,6396500
783,554,566,2028330,10968,210702,6288400
784,551,556,2027779,10963,211258,6855400
785,565,574,2027214,10954,211832,6722200
786,563,549,2026651,10968,212381,6469700
787,567,521,2026084,11014,212902,6652700
788,542,556,2025542,11000,213458,6286000
789,533,529,2025009,11004,213987,6349700
790,566,542,2024443,11028,214529,6253000
791,608,570,2023835,11066,215099,6196600
792,530,566,2023305,11030,215665,6194600
793,525,531,2022780,11024,216196,6257300
794,524,559,2022256,10989,216755,6226000
795,590,571,2021666,11008,217326,6238200
796,563,528,2021103,11043,217854,6595700
797,555,560,2020548,11038,218414,6317900
798,579,520,2019969,11097,218934,6258900
799,517,570,2019452,11044,219504,6306300
800,560,541,2018892,11063,220045,6341400
801,544,629,2018348,10978,220674,6396100
802,576,560,2017772,10994,221234,6348500
803,516,542,2017256,10968,221776,6567200
804,574,530,2016682,11012,222306,6335800
805,529,586,2016153,10955,222892,6444100
806,556,584,2015597,10927,223476,6398600
807,617,540,2014980,11004,224016,6451400
808,582,525,2014398,11061,224541,6348400
809,538,510,2013860,11089,225051,6348600
810,560,562,2013300,11087,225613,6673000
811,543,533,2012757,11097,226146,6514400
812,547,534,2012210,11110,226680,6681800
813,549,573,2011661,11086,227253,6469100
814,567,502,2011094,11151,227755,7161000
815,565,526,2010529,11190,228281,6497900
816,512,581,2010017,11121,228862,6382600
817,559,543,2009458,11137,229405,6367600
818,559,579,2008899,11117,229984,6360300
819,553,579,2008346,11091,230563,6385200
820,554,587,2007792,11058,231150,6381100
821,552,549,2007240,11061,231699,6525800
822,524,550,2006716,11035,232249,6370700
823,559,524,2006157,11070,232773,6682700
824,612,534,2005545,11148,233307,6339700
825,549,569,2004996,11128,233876,6412400
826,560,536,2004436,11152,234412,6359300
827,562,571,2003874,11143,234983,6351000
828,561,557,2003313,11147,235540,6311700
829,555,493,2002758,11209,236033,6262600
830,560,563,2002198,11206,236596,6328800
831,534,573,2001664,11167,237169,6227600
832,520,547,2001144,11140,237716,6337600
833,548,559,2000596,11129,238275,6232700
834,535,538,2000061,11126,238813,6291400
835,607,596,1999454,11137,239409,6615000
836,576,527,1998878,11186,239936,6383000
837,555,551,1998323,11190,240487,6381700
838,567,578,1997756,11179,241065,6283500
839,579,621,1997177,11137,241686,6350200
840,577,570,1996600,11144,242256,6272900
841,598,566,1996002,11176,242822,6283700
842,567,586,1995435,11157,243408,6923500
843,551,528,1994884,11180,243936,6225000
844,563,559,1994321,11184,244495,6508800
845,609,587,1993712,11206,245082,6356900
846,607,573,1993105,11240,245655,6378600
847,580,605,1992525,11215,246260,6379600
848,547,571,1991978,11191,246831,6307900
849,605,566,1991373,11230,247397,6262900
850,598,555,1990775,11273,247952,6266600
851,547,539,1990228,11281,248491,6481600
852,596,544,1989632,11333,249035,6268300
853,586,589,1989046,11330,249624,6887200
854,582,566,1988464,11346,250190,6442400
855,568,565,1987896,11349,250755,6474500
856,595,575,1987301,11369,251330,6517500
857,596,553,1986705,11412,251883,6906600
858,577,592,1986128,11397,252475,6523000
859,588,613,1985540,11372,253088,6480000
860,613,567,1984927,11418,253655,6563300
861,680,529,1984247,11569,254184,6651400
862,618,555,1983629,11632,254739,7071300
863,596,541,1983033,11687,255280,6614600
864,597,561,1982436,11723,255841,6722100
865,579,589,1981857,11713,256430,6520100
866,592,594,1981265,11711,257024,6516600
867,631,552,1980634,11790,257576,6484700
868,610,576,1980024,11824,258152,6505500
869,592,569,1979432,11847,258721,6565700
870,635,597,1978797,11885,259318,6448400
871,630,630,1978167,11885,259948,6615700
872,658,603,1977509,11940,260551,6504800
873,623,567,1976886,11996,261118,6686700
874,619,633,1976267,11982,261751,7005700
875,649,619,1975618,12012,262370,6556200
876,635,621,1974983,12026,262991,6511300
877,580,606,1974403,12000,263597,6493200
878,657,595,1973746,12062,264192,7195400
879,607,615,1973139,12054,264807,6551800
880,597,591,1972542,12060,265398,7229200
881,636,660,1971906,12036,266058,6331600
882,580,595,1971326,12021,266653,7197500
883,634,617,1970692,12038,267270,6371600
884,603,582,1970089,12059,267852,6755300
885,607,607,1969482,12059,268459,6535300
886,647,601,1968835,12105,269060,6952400
887,620,568,1968215,12157,269628,6665100
888,614,594,1967601,12177,270222,6442400
889,598,607,1967003,12168,270829,6859600
890,643,597,1966360,12214,271426,6379800
891,589,616,1965771,12187,272042,6456800
892,576,602,1965195,12161,272644,6341300
893,663,613,1964532,12211,273257,6510400
894,643,599,1963889,12255,273856,6444700
895,617,583,1963272,12289,274439,6448700
896,631,618,1962641,12302,275057,6470200
897,618,588,1962023,12332,275645,6466800
898,650,629,1961373,12353,276274,6446100
899,607,636,1960766,12324,276910,6479600
900,647,635,1960119,12336,277545,6521300
901,614,663,1959505,12287,278208,6415300
902,614,652,1958891,12249,278860,6528300
903,616,634,1958275,12231,279494,6835600
904,574,599,1957701,12206,280093,6923200
905,625,619,1957076,12212,280712,6843600
906,637,618,1956439,12231,281330,6493700
907,646,665,1955793,12212,281995,6974000
908,600,618,1955193,12194,282613,6561900
909,648,642,1954545,12200,283255,6657900
910,655,601,1953890,12254,283856,6523900
911,690,562,1953200,12382,284418,6425300
912,630,636,1952570,12376,285054,6538900
913,619,653,1951951,12342,285707,6832300
914,616,593,1951335,12365,286300,6591200
915,633,619,1950702,12379,286919,6376300
916,613,600,1950089,12392,287519,6560300
917,590,589,1949499,12393,288108,6392200
918,622,595,1948877,12420,288703,6646600
919,572,598,1948305,12394,289301,6530100
920,652,644,1947653,12402,289945,6545900
921,614,600,1947039,12416,290545,6705600
922,633,639,1946406,12410,291184,6893600
923,686,575,1945720,12521,291759,6535900
924,665,641,1945055,12545,292400,6514100
925,631,638,1944424,12538,293038,6566700
926,606,690,1943818,12454,293728,6490300
927,570,640,1943248,12384,294368,7162400
928,635,588,1942613,12431,294956,6457400
929,642,578,1941971,12495,295534,7258600
930,667,594,1941304,12568,296128,6648700
931,668,619,1940636,12617,296747,7063000
932,628,617,1940008,12628,297364,6962100
933,647,668,1939361,12607,298032,6528700
934,638,645,1938723,12600,298677,6535000
935,668,682,1938055,12586,299359,6450800
936,606,605,1937449,12587,299964,6492900
937,611,620,1936838,12578,300584,6474700
938,624,620,1936214,12582,301204,6568200
939,633,635,1935581,12580,301839,6626800
940,643,608,1934938,12615,302447,6520800
941,661,596,1934277,12680,303043,6567400
942,586,626,1933691,12640,303669,6545700
943,617,613,1933074,12644,304282,6463400
944,627,612,1932447,12659,304894,6530500
945,634,603,1931813,12690,305497,6500100
946,631,652,1931182,12669,306149,6530700
947,642,693,1930540,12618,306842,6549900
948,662,638,1929878,12642,307480,6593100
949,615,655,1929263,12602,308135,6846200
950,577,631,1928686,12548,308766,6619900
951,633,643,1928053,12538,309409,6696300
952,616,632,1927437,12522,310041,7002900
953,655,628,1926782,12549,310669,6717800
954,627,585,1926155,12591,311254,6922000
955,589,614,1925566,12566,311868,7166300
956,650,620,1924916,12596,312488,7141800
957,621,627,1924295,12590,313115,6516600
958,616,606,1923679,12600,313721,6583500
959,672,585,1923007,12687,314306,6515800
960,646,648,1922361,12685,314954,6673100
961,624,610,1921737,12699,315564,6474000
962,653,611,1921084,12741,316175,6455900
963,618,642,1920466,12717,316817,6459700
964,645,631,1919821,12731,317448,6427600
965,647,635,1919174,12743,318083,6484600
966,662,626,1918512,12779,318709,6385000
967,599,626,1917913,12752,319335,6376600
968,634,613,1917279,12773,319948,6375800
969,721,666,1916558,12828,320614,6436400
970,637,615,1915921,12850,321229,6426200
971,640,655,1915281,12835,321884,6357000
972,647,649,1914634,12833,322533,6963600
973,663,666,1913971,12830,323199,6386100
974,651,631,1913320,12850,323830,6393500
975,629,650,1912691,12829,324480,6363100
976,668,651,1912023,12846,325131,6373900
977,638,620,1911385,12864,325751,6407500
978,605,654,1910780,12815,326405,6426500
979,625,670,1910155,12770,327075,6705300
980,679,625,1909476,12824,327700,6440600
981,700,672,1908776,12852,328372,6399900
982,677,642,1908099,12887,329014,6374700
983,651,681,1907448,12857,329695,6378800
984,648,605,1906800,12900,330300,6411800
985,659,621,1906141,12938,330921,6378900
986,638,628,1905503,12948,331549,6446700
987,680,656,1904823,12972,332205,6367600
988,690,625,1904133,13037,332830,6498100
989,679,627,1903454,13089,333457,6532900
990,696,667,1902758,13118,334124,6574700
991,669,626,1902089,13161,334750,6394800
992,664,658,1901425,13167,335408,6404300
993,682,663,1900743,13186,336071,6448200
994,646,655,1900097,13177,336726,6378700
995,650,639,1899447,13188,337365,6543600
996,656,673,1898791,13171,338038,6432800
997,682,686,1898109,13167,338724,6411900
998,672,657,1897437,13182,339381,6427700
999,685,680,1896752,13187,340061,6497600
1000,689,653,1896063,13223,340714,6520500
1001,697,662,1895366,13258,341376,6456300
1002,670,639,1894696,13289,342015,6554200
1003,663,658,1894033,13294,342673,6469500
1004,712,675,1893321,13331,343348,6451300
1005,664,672,1892657,13323,344020,6428400
1006,693,619,1891964,13397,344639,6411200
1007,694,643,1891270,13448,345282,6689200
1008,684,654,1890586,13478,345936,6782400
1009,700,651,1889886,13527,346587,7785900
1010,706,690,1889180,13543,347277,6738900
1011,689,696,1888491,13536,347973,6960100
1012,629,684,1887862,13481,348657,6665300
1013,664,672,1887198,13473,349329,6604800
1014,677,686,1886521,13464,350015,6547300
1015,710,618,1885811,13556,350633,6640100
1016,725,678,1885086,13603,351311,6440500
1017,660,627,1884426,13636,351938,6475100
1018,648,668,1883778,13616,352606,6532900
1019,722,666,1883056,13672,353272,6447500
1020,701,697,1882355,13676,353969,6514800
1021,684,716,1881671,13644,354685,6401700
1022,674,716,1880997,13602,355401,6793900
1023,730,705,1880267,13627,356106,8613500
1024,681,669,1879586,13639,356775,9010500
1025,692,676,1878894,13655,357451,9224000
1026,661,734,1878233,13582,358185,9241000
1027,682,689,1877551,13575,358874,9262600
1028,712,698,1876839,13589,359572,7884100
1029,685,690,1876154,13584,360262,8190500
1030,685,662,1875469,13607,360924,8195900
1031,692,667,1874777,13632,361591,7112000
1032,683,689,1874094,13626,362280,7574300
1033,688,666,1873406,13648,362946,8057100
1034,696,663,1872710,13681,363609,8608700
1035,718,689,1871992,13710,364298,8721600
1036,700,676,1871292,13734,364974,8564400
1037,718,685,1870574,13767,365659,8074100
1038,662,655,1869912,13774,366314,6919600
1039,709,656,1869203,13827,366970,7316000
1040,686,710,1868517,13803,367680,7935700
1041,691,639,1867826,13855,368319,7264000
1042,738,676,1867088,13917,368995,8803400
1043,717,697,1866371,13937,369692,7037300
1044,718,681,1865653,13974,370373,6972300
1045,715,702,1864938,13987,371075,6880800
1046,691,705,1864247,13973,371780,7312800
1047,688,717,1863559,13944,372497,7061500
1048,689,700,1862870,13933,373197,6967700
1049,704,686,1862166,13951,373883,6850600
1050,684,734,1861482,13901,374617,6872000
1051,708,736,1860774,13873,375353,6887800
1052,674,691,1860100,13856,376044,6806600
1053,670,666,1859430,13860,376710,6801900
1054,700,723,1858730,13837,377433,7106800
1055,684,691,1858046,13830,378124,7242200
1056,767,717,1857279,13880,378841,6815400
1057,673,684,1856606,13869,379525,6788500
1058,713,734,1855893,13848,380259,6774200
1059,694,678,1855199,13864,380937,7144200
1060,692,685,1854507,13871,381622,6907800
1061,685,713,1853822,13843,382335,7031200
1062,677,697,1853145,13823,383032,6773500
1063,681,709,1852464,13795,383741,6849900
1064,730,704,1851734,13821,384445,6767200
1065,670,694,1851064,13797,385139,6981400
1066,659,718,1850405,13738,385857,6829300
1067,681,659,1849724,13760,386516,6707800
1068,647,677,1849077,13730,387193,6807800
1069,662,649,1848415,13743,387842,6726300
1070,728,692,1847687,13779,388534,6846300
1071,675,718,1847012,13736,389252,6765600
1072,727,688,1846285,13775,389940,6770800
1073,711,741,1845574,13745,390681,6682300
1074,745,646,1844829,13844,391327,6725800
1075,714,748,1844115,13810,392075,6719100
1076,705,632,1843410,13883,392707,6725500
1077,722,646,1842688,13959,393353,6672400
1078,738,682,1841950,14015,394035,6764100
1079,765,707,1841185,14073,394742,6744100
1080,715,751,1840470,14037,395493,6897700
1081,708,720,1839762,14025,396213,6738400
1082,677,703,1839085,13999,396916,6957400
1083,716,738,1838369,13977,397654,6855400
1084,696,717,1837673,13956,398371,6880200
1085,689,734,1836984,13911,399105,6693400
1086,720,689,1836264,13942,399794,6690100
1087,703,686,1835561,13959,400480,6685900
1088,708,712,1834853,13955,401192,6720300
1089,722,694,1834131,13983,401886,6702900
1090,705,709,1833426,13979,402595,6895100
1091,734,690,1832692,14023,403285,6941700
1092,765,640,1831927,14148,403925,7034600
1093,727,697,1831200,14178,404622,7415200
1094,788,705,1830412,14261,405327,6818800
1095,797,667,1829615,14391,405994,6956500
1096,755,730,1828860,14416,406724,6849600
1097,726,706,1828134,14436,407430,6785200
1098,714,710,1827420,14440,408140,6743200
1099,708,748,1826712,14400,408888,6874100
1100,803,738,1825909,14465,409626,6707800
1101,736,745,1825173,14456,410371,6651100
1102,730,719,1824443,14467,411090,6859800
1103,731,692,1823712,14506,411782,7284100
1104,689,749,1823023,14446,412531,7379500
1105,705,693,1822318,14458,413224,7605000
1106,703,741,1821615,14420,413965,7390900
1107,732,679,1820883,14473,414644,7292000
1108,740,714,1820143,14499,415358,7541200
1109,761,681,1819382,14579,416039,6754300
1110,766,741,1818616,14604,416780,6659500
1111,757,734,1817859,14627,417514,6737100
1112,721,726,1817138,14622,418240,6648600
1113,756,719,1816382,14659,418959,6733400
1114,767,730,1815615,14696,419689,6669000
1115,766,735,1814849,14727,420424,6767200
1116,751,708,1814098,14770,421132,6690500
1117,711,713,1813387,14768,421845,6621200
1118,752,766,1812635,14754,422611,6668400
1119,719,753,1811916,14720,423364,6676900
1120,766,742,1811150,14744,424106,6651400
1121,734,720,1810416,14758,424826,6657500
1122,756,787,1809660,14727,425613,6725100
1123,719,730,1808941,14716,426343,6666600
1124,744,734,1808197,14726,427077,6886300
1125,732,750,1807465,14708,427827,6805600
1126,709,725,1806756,14692,428552,6900700
1127,763,747,1805993,14708,429299,6676100
1128,763,726,1805230,14745,430025,6678400
1129,784,752,1804446,14777,430777,6664000
1130,790,683,1803656,14884,431460,6704600
1131,758,725,1802898,14917,432185,6830700
1132,764,767,1802134,14914,432952,6613600
1133,759,731,1801375,14942,433683,6701300
1134,775,757,1800600,14960,434440,7020600
1135,767,758,1799833,14969,435198,6760200
1136,805,725,1799028,15049,435923,6707800
1137,771,777,1798257,15043,436700,6715000
1138,709,779,1797548,14973,437479,6667100
1139,737,776,1796811,14934,438255,6784000
1140,771,742,1796040,14963,438997,6651700
1141,740,738,1795300,14965,439735,6688000
1142,739,863,1794561,14841,440598,6707400
1143,725,725,1793836,14841,441323,6915200
1144,755,741,1793081,14855,442064,6838300
1145,757,698,1792324,14914,442762,6718700
1146,751,737,1791573,14928,443499,6718700
1147,790,736,1790783,14982,444235,6701600
1148,771,728,1790012,15025,444963,7181200
1149,772,734,1789240,15063,445697,6810900
1150,767,763,1788473,15067,446460,6863400
1151,720,739,1787753,15048,447199,7103900
1152,745,779,1787008,15014,447978,6816000
1153,739,746,1786269,15007,448724,6840500
1154,764,703,1785505,15068,449427,7100800
1155,708,727,1784797,15049,450154,6877500
1156,765,794,1784032,15020,450948,6704500
1157,775,784,1783257,15011,451732,7011500
1158,757,790,1782500,14978,452522,6742700
1159,773,782,1781727,14969,453304,7058300
1160,755,749,1780972,14975,454053,6956900
1161,764,736,1780208,15003,454789,6692500
1162,760,724,1779448,15039,455513,6647200
1163,744,771,1778704,15012,456284,6916300
1164,700,786,1778004,14926,457070,6842700
1165,712,766,1777292,14872,457836,6888000
1166,748,740,1776544,14880,458576,6740400
1167,739,718,1775805,14901,459294,6572400
1168,738,680,1775067,14959,459974,6683500
1169,702,763,1774365,14898,460737,6577700
1170,701,724,1773664,14875,461461,6615800
1171,763,796,1772901,14842,462257,6584100
1172,670,746,1772231,14766,463003,6716400
1173,737,714,1771494,14789,463717,6572000
1174,734,795,1770760,14728,464512,6606400
1175,701,733,1770059,14696,465245,6647900
1176,710,736,1769349,14670,465981,7487800
1177,715,708,1768634,14677,466689,6962100
1178,677,757,1767957,14597,467446,6795300
1179,728,752,1767229,14573,468198,7320400
1180,692,724,1766537,14541,468922,6603500
1181,735,745,1765802,14531,469667,7771800
1182,689,745,1765113,14475,470412,8327900
1183,729,715,1764384,14489,471127,7159800
1184,734,744,1763650,14479,471871,7675100
1185,752,743,1762898,14488,472614,8617100
1186,706,722,1762192,14472,473336,9200800
1187,704,724,1761488,14452,474060,6870300
1188,717,696,1760771,14473,474756,6877800
1189,746,705,1760025,14514,475461,7090300
1190,767,733,1759258,14548,476194,6795600
1191,748,729,1758510,14567,476923,6731700
1192,754,721,1757756,14600,477644,6690500
1193,762,739,1756994,14623,478383,7164500
1194,713,759,1756281,14577,479142,7452400
1195,769,699,1755512,14647,479841,8999600
1196,738,775,1754774,14610,480616,9036200
1197,757,742,1754017,14625,481358,8525600
1198,741,725,1753276,14641,482083,9130900
1199,733,756,1752543,14618,482839,8863300
1200,765,739,1751778,14644,483578,8345400
1201,758,742,1751020,14660,484320,9062800
1202,793,725,1750227,14728,485045,8189800
1203,774,741,1749453,14761,485786,7874700
1204,749,724,1748704,14786,486510,8796700
1205,760,753,1747944,14793,487263,8669700
1206,745,739,1747199,14799,488002,8780900
1207,784,755,1746415,14828,488757,8652300
1208,723,734,1745692,14817,489491,9440600
1209,757,727,1744935,14847,490218,8865900
1210,732,775,1744203,14804,490993,8211900
1211,808,700,1743395,14912,491693,8922100
1212,784,716,1742611,14980,492409,7810500
1213,775,755,1741836,15000,493164,7410700
1214,787,735,1741049,15052,493899,8162000
1215,802,732,1740247,15122,494631,7138900
1216,741,778,1739506,15085,495409,7374500
1217,769,771,1738737,15083,496180,6850000
1218,809,743,1737928,15149,496923,7061900
1219,747,788,1737181,15108,497711,6789600
1220,754,726,1736427,15136,498437,7139300
1221,767,746,1735660,15157,499183,7181800
1222,721,721,1734939,15157,499904,7633400
1223,810,769,1734129,15198,500673,7071200
1224,809,739,1733320,15268,501412,7172300
1225,816,751,1732504,15333,502163,7777500
1226,768,809,1731736,15292,502972,7983200
1227,819,727,1730917,15384,503699,6792900
1228,803,742,1730114,15445,504441,7205200
1229,764,766,1729350,15443,505207,6699300
1230,769,759,1728581,15453,505966,7439600
1231,793,726,1727788,15520,506692,6823900
1232,800,753,1726988,15567,507445,6768100
1233,772,755,1726216,15584,508200,6871300
1234,776,782,1725440,15578,508982,7415300
1235,799,801,1724641,15576,509783,6871300
1236,781,747,1723860,15610,510530,6700800
1237,779,803,1723081,15586,511333,7102200
1238,806,760,1722275,15632,512093,7009800
1239,794,769,1721481,15657,512862,7063400
1240,779,791,1720702,15645,513653,7039800
1241,771,786,1719931,15630,514439,7424500
1242,781,787,1719150,15624,515226,7123700
1243,739,810,1718411,15553,516036,7656900
1244,747,793,1717664,15507,516829,6756100
1245,776,782,1716888,15501,517611,6715300
1246,756,771,1716132,15486,518382,6603500
1247,792,771,1715340,15507,519153,6655100
1248,783,794,1714557,15496,519947,6693200
1249,801,747,1713756,15550,520694,6873500
1250,771,773,1712985,15548,521467,8191600
1251,745,787,1712240,15506,522254,9730600
1252,759,758,1711481,15507,523012,7999500
1253,702,750,1710779,15459,523762,9419800
1254,743,752,1710036,15450,524514,7413900
1255,771,761,1709265,15460,525275,7861800
1256,712,751,1708553,15421,526026,7473300
1257,797,820,1707756,15398,526846,7670300
1258,797,765,1706959,15430,527611,7309100
1259,778,840,1706181,15368,528451,8117800
1260,725,759,1705456,15334,529210,9049800
1261,784,776,1704672,15342,529986,7383500
1262,746,732,1703926,15356,530718,9531200
1263,733,761,1703193,15328,531479,9053400
1264,768,780,1702425,15316,532259,9104900
1265,744,806,1701681,15254,533065,8437000
1266,753,773,1700928,15234,533838,7474700
1267,758,749,1700170,15243,534587,6889800
1268,755,760,1699415,15238,535347,6808300
1269,775,776,1698640,15237,536123,6705500
1270,838,751,1697802,15324,536874,6826300
1271,729,751,1697073,15302,537625,6965800
1272,857,770,1696216,15389,538395,7342700
1273,756,725,1695460,15420,539120,7070900
1274,771,746,1694689,15445,539866,7160800
1275,785,764,1693904,15466,540630,6971400
1276,769,775,1693135,15460,541405,7330700
1277,748,768,1692387,15440,542173,7965400
1278,791,746,1691596,15485,542919,8025700
1279,805,829,1690791,15461,543748,7873200
1280,822,773,1689969,15510,544521,8946900
1281,774,757,1689195,15527,545278,7336200
1282,731,789,1688464,15469,546067,7230200
1283,754,762,1687710,15461,546829,7128200
1284,776,811,1686934,15426,547640,7162500
1285,774,803,1686160,15397,548443,7097600
1286,795,773,1685365,15419,549216,7272300
1287,796,774,1684569,15441,549990,6915000
1288,796,787,1683773,15450,550777,6953200
1289,764,781,1683009,15433,551558,6911100
1290,783,799,1682226,15417,552357,7048500
1291,840,780,1681386,15477,553137,8419700
1292,801,801,1680585,15477,553938,6960700
1293,778,794,1679807,15461,554732,6835200
1294,708,763,1679099,15406,555495,6820700
1295,754,754,1678345,15406,556249,6799300
1296,755,777,1677590,15384,557026,6819800
1297,756,829,1676834,15311,557855,6987600
1298,763,800,1676071,15274,558655,6775600
1299,779,791,1675292,15262,559446,6926900
1300,802,762,1674490,15302,560208,6833500
1301,759,809,1673731,15252,561017,7148400
1302,782,777,1672949,15257,561794,6870800
1303,717,778,1672232,15196,562572,6778700
1304,741,739,1671491,15198,563311,6710400
1305,771,750,1670720,15219,564061,6676200
1306,773,790,1669947,15202,564851,6653900
1307,756,779,1669191,15179,565630,6602800
1308,715,745,1668476,15149,566375,6793600
1309,791,756,1667685,15184,567131,6700600
1310,789,784,1666896,15189,567915,6929500
1311,775,815,1666121,15149,568730,6640000
1312,778,754,1665343,15173,569484,6655900
1313,769,738,1664574,15204,570222,6617000
1314,760,743,1663814,15221,570965,6622100
1315,729,756,1663085,15194,571721,6726100
1316,736,731,1662349,15199,572452,6606200
1317,720,750,1661629,15169,573202,7729700
1318,760,744,1660869,15185,573946,6880900
1319,772,746,1660097,15211,574692,6933000
1320,792,739,1659305,15264,575431,6755100
1321,760,765,1658545,15259,576196,6696200
1322,744,727,1657801,15276,576923,6651200
1323,797,736,1657004,15337,577659,6742600
1324,820,773,1656184,15384,578432,6725000
1325,823,766,1655361,15441,579198,6926600
1326,778,788,1654583,15431,579986,6933900
1327,784,716,1653799,15499,580702,6788800
1328,784,741,1653015,15542,581443,7032400
1329,832,806,1652183,15568,582249,6794800
1330,819,752,1651364,15635,583001,7013700
1331,789,742,1650575,15682,583743,6845600
1332,785,785,1649790,15682,584528,7583300
1333,819,832,1648971,15669,585360,6904200
1334,839,753,1648132,15755,586113,6822400
1335,813,770,1647319,15798,586883,6828200
1336,803,764,1646516,15837,587647,6924800
1337,800,812,1645716,15825,588459,7033600
1338,773,779,1644943,15819,589238,7377200
1339,876,779,1644067,15916,590017,6885600
1340,859,842,1643208,15933,590859,6861800
1341,832,804,1642376,15961,591663,6806100
1342,795,747,1641581,16009,592410,6813700
1343,772,835,1640809,15946,593245,7169500
1344,814,792,1639995,15968,594037,6937500
1345,784,806,1639211,15946,594843,7351200
1346,781,859,1638430,15868,595702,6914200
1347,813,811,1637617,15870,596513,7827900
1348,820,823,1636797,15867,597336,6914500
1349,814,765,1635983,15916,598101,6966700
1350,794,804,1635189,15906,598905,6896700
1351,808,864,1634381,15850,599769,6896600
1352,833,812,1633548,15871,600581,7019600
1353,788,799,1632760,15860,601380,6925400
1354,869,708,1631891,16021,602088,6909000
1355,809,805,1631082,16025,602893,6932900
1356,822,810,1630260,16037,603703,7044000
1357,835,784,1629425,16088,604487,6997800
1358,811,759,1628614,16140,605246,7385700
1359,840,815,1627774,16165,606061,7623500
1360,792,783,1626982,16174,606844,7353600
1361,793,818,1626189,16149,607662,6924100
1362,810,744,1625379,16215,608406,6993700
1363,816,848,1624563,16183,609254,6921200
1364,761,875,1623802,16069,610129,7024900
1365,774,818,1623028,16025,610947,6837500
1366,773,791,1622255,16007,611738,7046800
1367,826,777,1621429,16056,612515,6850400
1368,789,833,1620640,16012,613348,6866300
1369,788,838,1619852,15962,614186,6988300
1370,799,808,1619053,15953,614994,7177600
1371,835,746,1618218,16042,615740,6870600
1372,721,795,1617497,15968,616535,6819200
1373,758,811,1616739,15915,617346,7018300
1374,793,798,1615946,15910,618144,6881000
1375,846,790,1615100,15966,618934,7106700
1376,814,790,1614286,15990,619724,6825300
1377,821,805,1613465,16006,620529,6896900
1378,835,835,1612630,16006,621364,6882900
1379,799,761,1611831,16044,622125,7359700
1380,833,767,1610998,16110,622892,7158800
1381,791,768,1610207,16133,623660,7245800
1382,794,812,1609413,16115,624472,6984400
1383,816,844,1608597,16087,625316,7204400
1384,823,758,1607774,16152,626074,6830500
1385,820,770,1606954,16202,626844,6757400
1386,791,798,1606163,16195,627642,6705600
1387,862,834,1605301,16223,628476,6713700
1388,855,826,1604446,16252,629302,6704800
1389,857,811,1603589,16298,630113,6650200
1390,837,811,1602752,16324,630924,7593100
1391,805,797,1601947,16332,631721,6879400
1392,787,824,1601160,16295,632545,6891300
1393,815,787,1600345,16323,633332,6732800
1394,813,840,1599532,16296,634172,6822200
1395,832,795,1598700,16333,634967,6684200
1396,838,799,1597862,16372,635766,6759400
1397,778,770,1597084,16380,636536,6695200
1398,854,837,1596230,16397,637373,6687200
1399,861,789,1595369,16469,638162,6685700
1400,812,851,1594557,16430,639013,6664500
1401,812,826,1593745,16416,639839,6981400
1402,818,801,1592927,16433,640640,6782900
1403,832,828,1592095,16437,641468,6776000
1404,855,823,1591240,16469,642291,6675400
1405,826,813,1590414,16482,643104,6727000
1406,780,860,1589634,16402,643964,6678200
1407,854,832,1588780,16424,644796,6693500
1408,828,809,1587952,16443,645605,6673300
1409,789,870,1587163,16362,646475,6662000
1410,822,811,1586341,16373,647286,6854100
1411,802,826,1585539,16349,648112,6727700
1412,843,860,1584696,16332,648972,6927000
1413,842,857,1583854,16317,649829,6697800
1414,859,816,1582995,16360,650645,7078500
1415,807,793,1582188,16374,651438,6718800
1416,832,804,1581356,16402,652242,6679500
1417,831,843,1580525,16390,653085,6721200
1418,837,805,1579688,16422,653890,6653000
1419,815,821,1578873,16416,654711,6719200
1420,800,823,1578073,16393,655534,6732300
1421,778,861,1577295,16310,656395,6796200
1422,801,780,1576494,16331,657175,6688100
1423,782,845,1575712,16268,658020,7116900
1424,796,792,1574916,16272,658812,6704100
1425,763,799,1574153,16236,659611,6772400
1426,804,798,1573349,16242,660409,6826800
1427,807,821,1572542,16228,661230,6914700
1428,807,786,1571735,16249,662016,6931700
1429,835,823,1570900,16261,662839,6879600
1430,794,794,1570106,16261,663633,6818500
1431,836,744,1569270,16353,664377,6677500
1432,778,814,1568492,16317,665191,6879200
1433,820,799,1567672,16338,665990,6745200
1434,787,850,1566885,16275,666840,7532800
1435,802,813,1566083,16264,667653,6736100
1436,806,839,1565277,16231,668492,6767000
1437,760,817,1564517,16174,669309,6645300
1438,782,841,1563735,16115,670150,6678700
1439,781,841,1562954,16055,670991,7215000
1440,827,789,1562127,16093,671780,7137600
1441,809,796,1561318,16106,672576,6865800
1442,768,863,1560550,16011,673439,6796600
1443,765,842,1559785,15934,674281,7041000
1444,858,818,1558927,15974,675099,6770400
1445,835,823,1558092,15986,675922,6795800
1446,803,790,1557289,15999,676712,6706600
1447,767,813,1556522,15953,677525,6892900
1448,788,823,1555734,15918,678348,6828200
1449,781,798,1554953,15901,679146,6773300
1450,794,816,1554159,15879,679962,6716900
1451,750,798,1553409,15831,680760,6736000
1452,817,788,1552592,15860,681548,6913300
1453,756,806,1551836,15810,682354,6748700
1454,792,740,1551044,15862,683094,6744100
1455,811,817,1550233,15856,683911,6644300
1456,754,801,1549479,15809,684712,6690600
1457,838,768,1548641,15879,685480,6671500
1458,799,792,1547842,15886,686272,7549200
1459,781,783,1547061,15884,687055,6888300
1460,794,762,1546267,15916,687817,6821600
1461,790,765,1545477,15941,688582,6832900
1462,828,839,1544649,15930,689421,6681000
1463,825,831,1543824,15924,690252,6842000
1464,816,805,1543008,15935,691057,6742300
1465,862,787,1542146,16010,691844,6808800
1466,839,769,1541307,16080,692613,6811900
1467,834,806,1540473,16108,693419,7817900
1468,798,822,1539675,16084,694241,6845900
1469,791,747,1538884,16128,694988,6807300
1470,899,854,1537985,16173,695842,6811300
1471,794,826,1537191,16141,696668,6790500
1472,757,823,1536434,16075,697491,7008700
1473,799,788,1535635,16086,698279,7038200
1474,768,739,1534867,16115,699018,7006100
1475,751,810,1534116,16056,699828,6998800
1476,774,809,1533342,16021,700637,6797500
1477,768,788,1532574,16001,701425,6815400
1478,743,845,1531831,15899,702270,6705900
1479,676,787,1531155,15788,703057,6659300
1480,680,742,1530475,15726,703799,6762000
1481,720,780,1529755,15666,704579,6845700
1482,723,775,1529032,15614,705354,6812200
1483,745,786,1528287,15573,706140,6722600
1484,722,792,1527565,15503,706932,7438300
1485,773,776,1526792,15500,707708,7336300
1486,730,771,1526062,15459,708479,6820900
1487,772,775,1525290,15456,709254,6714500
1488,719,818,1524571,15357,710072,6661400
1489,762,762,1523809,15357,710834,6664400
1490,785,786,1523024,15356,711620,6634000
1491,786,797,1522238,15345,712417,6732900
1492,700,764,1521538,15281,713181,6625300
1493,701,809,1520837,15173,713990,7102000
1494,775,767,1520062,15181,714757,6734600
1495,739,740,1519323,15180,715497,6733300
1496,747,762,1518576,15165,716259,6980400
1497,773,741,1517803,15197,717000,7021400
1498,741,774,1517062,15164,717774,7176700
1499,792,760,1516270,15196,718534,6913000
1500,745,797,1515525,15144,719331,7005000
1501,753,740,1514772,15157,720071,7209000
1502,760,789,1514012,15128,720860,6879000
1503,702,742,1513310,15088,721602,6718500
1504,764,729,1512546,15123,722331,6958500
1505,775,731,1511771,15167,723062,6748600
1506,765,746,1511006,15186,723808,6731600
1507,771,742,1510235,15215,724550,6702000
1508,790,703,1509445,15302,725253,6703000
1509,803,762,1508642,15343,726015,6778300
1510,692,750,1507950,15285,726765,6767500
1511,766,764,1507184,15287,727529,7439000
1512,770,790,1506414,15267,728319,6757700
1513,750,770,1505664,15247,729089,6802100
1514,809,793,1504855,15263,729882,6759200
1515,795,794,1504060,15264,730676,6825200
1516,794,763,1503266,15295,731439,6738000
1517,773,699,1502493,15369,732138,6863700
1518,786,766,1501707,15389,732904,6723800
1519,728,754,1500979,15363,733658,6820800
1520,767,791,1500212,15339,734449,6688800
1521,766,749,1499446,15356,735198,6728500
1522,765,749,1498681,15372,735947,6653200
1523,791,744,1497890,15419,736691,6762500
1524,768,795,1497122,15392,737486,6847300
1525,776,769,1496346,15399,738255,6711800
1526,768,791,1495578,15376,739046,6801100
1527,805,766,1494773,15415,739812,6954700
1528,830,764,1493943,15481,740576,6940100
1529,806,794,1493137,15493,741370,6962800
1530,816,766,1492321,15543,742136,7173300
1531,781,771,1491540,15553,742907,6908100
1532,818,777,1490722,15594,743684,6917000
1533,827,812,1489895,15609,744496,6929800
1534,751,777,1489144,15583,745273,6973000
1535,753,800,1488391,15536,746073,6843000
1536,803,763,1487588,15576,746836,6821400
1537,734,774,1486854,15536,747610,7039800
1538,749,785,1486105,15500,748395,6977400
1539,754,782,1485351,15472,749177,7121100
1540,733,772,1484618,15433,749949,6830800
1541,738,764,1483880,15407,750713,7114500
1542,711,771,1483169,15347,751484,7275900
1543,778,723,1482391,15402,752207,6803100
1544,730,793,1481661,15339,753000,6995400
1545,763,740,1480898,15362,753740,6822400
1546,755,782,1480143,15335,754522,7044600
1547,736,797,1479407,15274,755319,6959600
1548,795,772,1478612,15297,756091,7032000
1549,746,747,1477866,15296,756838,6987800
1550,787,767,1477079,15316,757605,7224300
1551,748,761,1476331,15303,758366,7110700
1552,783,756,1475548,15330,759122,7176400
1553,767,769,1474781,15328,759891,6816400
1554,762,779,1474019,15311,760670,6851200
1555,778,729,1473241,15360,761399,7121500
1556,778,737,1472463,15401,762136,6836100
1557,779,777,1471684,15403,762913,6764200
1558,748,781,1470936,15370,763694,6655400
1559,795,781,1470141,15384,764475,7279800
1560,727,754,1469414,15357,765229,6865600
1561,774,833,1468640,15298,766062,6937700
1562,799,782,1467841,15315,766844,6841800
1563,836,743,1467005,15408,767587,6855800
1564,750,777,1466255,15381,768364,6806100
1565,778,796,1465477,15363,769160,6895900
1566,759,784,1464718,15338,769944,6825900
1567,738,751,1463980,15325,770695,6814900
1568,792,765,1463188,15352,771460,7773200
1569,757,770,1462431,15339,772230,6835400
1570,751,754,1461680,15336,772984,6865300
1571,784,774,1460896,15346,773758,6795200
1572,742,782,1460154,15306,774540,7085300
1573,787,764,1459367,15329,775304,6978400
1574,770,775,1458597,15324,776079,7337000
1575,796,755,1457801,15365,776834,6984000
1576,763,785,1457038,15343,777619,7040500
1577,789,794,1456249,15338,778413,6839600
1578,750,745,1455499,15343,779158,6840100
1579,784,798,1454715,15329,779956,7064500
1580,784,754,1453931,15359,780710,7373100
1581,834,806,1453097,15387,781516,7208400
1582,770,759,1452327,15398,782275,6781300
1583,783,715,1451544,15466,782990,6820300
1584,832,734,1450712,15564,783724,6743400
1585,737,790,1449975,15511,784514,6774600
1586,799,743,1449176,15567,785257,6704100
1587,778,795,1448398,15550,786052,7238600
1588,801,787,1447597,15564,786839,7307100
1589,768,751,1446829,15581,787590,7311900
1590,843,797,1445986,15627,788387,6759200
1591,789,806,1445197,15610,789193,6721300
1592,804,753,1444393,15661,789946,6661000
1593,808,729,1443585,15740,790675,6684300
1594,809,811,1442776,15738,791486,6654500
1595,821,813,1441955,15746,792299,6659200
1596,786,798,1441169,15734,793097,6732400
1597,816,778,1440353,15772,793875,6675200
1598,829,817,1439524,15784,794692,6903500
1599,808,807,1438716,15785,795499,6811800
1600,777,789,1437939,15773,796288,7226200
1601,764,761,1437175,15776,797049,6996000
1602,799,777,1436376,15798,797826,6901600
1603,788,850,1435588,15736,798676,7013400
1604,780,741,1434808,15775,799417,6863100
1605,803,815,1434005,15763,800232,6909900
1606,774,780,1433231,15757,801012,6818400
1607,806,801,1432425,15762,801813,7309600
1608,739,844,1431686,15657,802657,6906400
1609,810,803,1430876,15664,803460,7310500
1610,815,797,1430061,15682,804257,6828200
1611,758,786,1429303,15654,805043,6821200
1612,756,767,1428547,15643,805810,6776100
1613,747,804,1427800,15586,806614,7293300
1614,767,775,1427033,15578,807389,6766300
1615,773,759,1426260,15592,808148,6618300
1616,782,768,1425478,15606,808916,6733300
1617,792,779,1424686,15619,809695,6871000
1618,718,758,1423968,15579,810453,6863400
1619,768,743,1423200,15604,811196,6679600
1620,736,800,1422464,15540,811996,6749500
1621,758,785,1421706,15513,812781,6636600
1622,755,803,1420951,15465,813584,6639000
1623,777,740,1420174,15502,814324,6646600
1624,744,786,1419430,15460,815110,6687700
1625,763,807,1418667,15416,815917,7014500
1626,751,781,1417916,15386,816698,6592400
1627,724,800,1417192,15310,817498,7092200
1628,760,802,1416432,15268,818300,6640300
1629,733,801,1415699,15200,819101,6640700
1630,758,816,1414941,15142,819917,6632000
1631,736,786,1414205,15092,820703,6647300
1632,774,749,1413431,15117,821452,6657000
1633,762,755,1412669,15124,822207,6650700
1634,800,758,1411869,15166,822965,6712500
1635,787,803,1411082,15150,823768,6660800
1636,802,789,1410280,15163,824557,6820700
1637,763,746,1409517,15180,825303,6852300
1638,736,774,1408781,15142,826077,7213300
1639,791,758,1407990,15175,826835,6973000
1640,828,740,1407162,15263,827575,6930700
1641,746,722,1406416,15287,828297,6889500
1642,748,796,1405668,15239,829093,7258400
1643,817,789,1404851,15267,829882,6783500
1644,721,764,1404130,15224,830646,6697800
1645,764,763,1403366,15225,831409,6752300
1646,789,775,1402577,15239,832184,6754600
1647,821,707,1401756,15353,832891,6785900
1648,783,761,1400973,15375,833652,6774200
1649,804,754,1400169,15425,834406,6930000
1650,780,736,1399389,15469,835142,6770400
1651,767,768,1398622,15468,835910,7082200
1652,803,765,1397819,15506,836675,7164400
1653,817,789,1397002,15534,837464,6692800
1654,790,816,1396212,15508,838280,6664500
1655,820,809,1395392,15519,839089,6817900
1656,741,751,1394651,15509,839840,6892500
1657,769,780,1393882,15498,840620,6690100
1658,773,766,1393109,15505,841386,6775000
1659,778,828,1392331,15455,842214,7037000
1660,777,836,1391554,15396,843050,7099600
1661,801,788,1390753,15409,843838,6897800
1662,794,730,1389959,15473,844568,6805400
1663,776,769,1389183,15480,845337,6822400
1664,805,745,1388378,15540,846082,6794700
1665,737,804,1387641,15473,846886,6776200
1666,796,809,1386845,15460,847695,6715600
1667,776,738,1386069,15498,848433,6734100
1668,820,805,1385249,15513,849238,6690500
1669,779,799,1384470,15493,850037,7363300
1670,821,777,1383649,15537,850814,6760600
1671,814,790,1382835,15561,851604,6957000
1672,811,765,1382024,15607,852369,6741200
1673,820,762,1381204,15665,853131,6729700
1674,784,776,1380420,15673,853907,7373400
1675,768,783,1379652,15658,854690,6827100
1676,834,814,1378818,15678,855504,6798200
1677,772,814,1378046,15636,856318,6662500
1678,770,753,1377276,15653,857071,6690100
1679,805,729,1376471,15729,857800,6631700
1680,820,793,1375651,15756,858593,6657700
1681,819,820,1374832,15755,859413,6747500
1682,827,761,1374005,15821,860174,6836300
1683,821,756,1373184,15886,860930,6919200
1684,738,777,1372446,15847,861707,6819400
1685,775,758,1371671,15864,862465,6892300
1686,784,772,1370887,15876,863237,6803800
1687,812,869,1370075,15819,864106,6810200
1688,776,828,1369299,15767,864934,6712000
1689,756,777,1368543,15746,865711,6797500
1690,761,804,1367782,15703,866515,6796800
1691,806,779,1366976,15730,867294,6804200
1692,784,760,1366192,15754,868054,6766400
1693,780,787,1365412,15747,868841,6776500
1694,766,829,1364646,15684,869670,6790400
1695,774,788,1363872,15670,870458,6854300
1696,756,796,1363116,15630,871254,7350300
1697,808,772,1362308,15666,872026,6917300
1698,766,783,1361542,15649,872809,7223600
1699,782,804,1360760,15627,873613,6892200
1700,732,800,1360028,15559,874413,6885200
1701,758,772,1359270,15545,875185,6851600
1702,786,782,1358484,15549,875967,6930200
1703,738,814,1357746,15473,876781,6934900
1704,716,745,1357030,15444,877526,6987300
1705,726,730,1356304,15440,878256,6933200
1706,790,809,1355514,15421,879065,6849500
1707,761,704,1354753,15478,879769,6861400
1708,771,724,1353982,15525,880493,6845800
1709,765,767,1353217,15523,881260,6966400
1710,778,770,1352439,15531,882030,6903300
1711,749,806,1351690,15474,882836,6848700
1712,783,789,1350907,15468,883625,6880500
1713,786,776,1350121,15478,884401,6932700
1714,777,774,1349344,15481,885175,7162900
1715,729,790,1348615,15420,885965,6851300
1716,807,760,1347808,15467,886725,6873300
1717,803,766,1347005,15504,887491,6775500
1718,762,806,1346243,15460,888297,6878200
1719,785,787,1345458,15458,889084,6973300
1720,792,743,1344666,15507,889827,7088300
1721,775,769,1343891,15513,890596,7371600
1722,792,775,1343099,15530,891371,7400800
1723,750,788,1342349,15492,892159,7094300
1724,802,770,1341547,15524,892929,6903200
1725,780,767,1340767,15537,893696,7129800
1726,755,768,1340012,15524,894464,6875700
1727,769,803,1339243,15490,895267,6755700
1728,800,789,1338443,15501,896056,6713500
1729,786,795,1337657,15492,896851,6805700
1730,832,774,1336825,15550,897625,6627100
1731,774,770,1336051,15554,898395,6923700
1732,778,760,1335273,15572,899155,7440300
1733,799,785,1334474,15586,899940,7186500
1734,751,795,1333723,15542,900735,6820200
1735,770,776,1332953,15536,901511,7106700
1736,753,769,1332200,15520,902280,6674800
1737,773,757,1331427,15536,903037,6628200
1738,758,737,1330669,15557,903774,6706000
1739,793,759,1329876,15591,904533,6677700
1740,739,726,1329137,15604,905259,7386700
1741,793,769,1328344,15628,906028,6728100
1742,802,747,1327542,15683,906775,7350700
1743,756,802,1326786,15637,907577,6984700
1744,760,748,1326026,15649,908325,6697700
1745,781,782,1325245,15648,909107,6842400
1746,769,786,1324476,15631,909893,6944000
1747,761,809,1323715,15583,910702,6894300
1748,757,764,1322958,15576,911466,6947900
1749,760,778,1322198,15558,912244,7003000
1750,739,779,1321459,15518,913023,6869800
1751,758,795,1320701,15481,913818,6918800
1752,813,752,1319888,15542,914570,6758600
1753,780,762,1319108,15560,915332,6841100
1754,811,808,1318297,15563,916140,6810800
1755,748,787,1317549,15524,916927,6763300
1756,777,802,1316772,15499,917729,6710400
1757,737,751,1316035,15485,918480,6632200
1758,708,757,1315327,15436,919237,7602200
1759,747,801,1314580,15382,920038,6769000
1760,727,760,1313853,15349,920798,7135000
1761,780,741,1313073,15388,921539,7415800
1762,776,791,1312297,15373,922330,6754700
1763,792,779,1311505,15386,923109,6679900
1764,783,733,1310722,15436,923842,6647500
1765,763,772,1309959,15427,924614,6633600
1766,779,745,1309180,15461,925359,6651200
1767,760,755,1308420,15466,926114,6775500
1768,785,749,1307635,15502,926863,6626300
1769,819,788,1306816,15533,927651,6776200
1770,782,785,1306034,15530,928436,6753000
1771,741,770,1305293,15501,929206,7417600
1772,710,735,1304583,15476,929941,8773100
1773,774,774,1303809,15476,930715,8241000
1774,780,802,1303029,15454,931517,8907500
1775,779,758,1302250,15475,932275,7475700
1776,752,757,1301498,15470,933032,6654600
1777,818,791,1300680,15497,933823,6651500
1778,781,803,1299899,15475,934626,6708500
1779,799,773,1299100,15501,935399,7320500
1780,802,808,1298298,15495,936207,9547500
1781,789,754,1297509,15530,936961,9839500
1782,777,785,1296732,15522,937746,10134800
1783,773,830,1295959,15465,938576,9307100
1784,781,778,1295178,15468,939354,8974000
1785,780,783,1294398,15465,940137,8919800
1786,771,783,1293627,15453,940920,8834600
1787,745,767,1292882,15431,941687,7220900
1788,773,832,1292109,15372,942519,7447200
1789,753,772,1291356,15353,943291,7859000
1790,769,775,1290587,15347,944066,7644600
1791,753,756,1289834,15344,944822,7848600
1792,827,755,1289007,15416,945577,7840500
1793,743,810,1288264,15349,946387,8664500
1794,789,738,1287475,15400,947125,8994000
1795,771,775,1286704,15396,947900,7937700
1796,814,786,1285890,15424,948686,7090200
1797,792,758,1285098,15458,949444,7158200
1798,737,757,1284361,15438,950201,7786300
1799,775,770,1283586,15443,950971,7499600
1800,788,863,1282798,15368,951834,13432700
1801,770,680,1282028,15458,952514,8757800
1802,777,770,1281251,15465,953284,7659200
1803,715,718,1280536,15462,954002,7040600
1804,792,739,1279744,15515,954741,6940500
1805,786,722,1278958,15579,955463,6819500
1806,815,804,1278143,15590,956267,6837800
1807,775,840,1277368,15525,957107,7518900
1808,800,823,1276568,15502,957930,6867300
1809,792,757,1275776,15537,958687,7073800
1810,767,790,1275009,15514,959477,7605100
1811,709,788,1274300,15435,960265,6958800
1812,752,795,1273548,15392,961060,6777600
1813,776,794,1272772,15374,961854,6735800
1814,773,798,1271999,15349,962652,6683100
1815,753,760,1271246,15342,963412,6724000
1816,730,769,1270516,15303,964181,6819200
1817,748,776,1269768,15275,964957,6686300
1818,721,794,1269047,15202,965751,6745400
1819,740,796,1268307,15146,966547,6718200
1820,735,757,1267572,15124,967304,6861200
1821,685,755,1266887,15054,968059,6764100
1822,715,721,1266172,15048,968780,7124900
1823,739,755,1265433,15032,969535,6801400
1824,731,776,1264702,14987,970311,6687900
1825,698,739,1264004,14946,971050,6667500
1826,739,761,1263265,14924,971811,6671800
1827,761,722,1262504,14963,972533,6878500
1828,737,732,1261767,14968,973265,6726400
1829,708,735,1261059,14941,974000,6809100
1830,717,778,1260342,14880,974778,6730100
1831,684,733,1259658,14831,975511,7273000
1832,714,763,1258944,14782,976274,6855600
1833,730,741,1258214,14771,977015,6686800
1834,683,726,1257531,14728,977741,6724000
1835,723,764,1256808,14687,978505,6628600
1836,723,812,1256085,14598,979317,6711100
1837,730,721,1255355,14607,980038,6596400
1838,730,711,1254625,14626,980749,6624600
1839,757,738,1253868,14645,981487,6649600
1840,727,716,1253141,14656,982203,6733100
1841,705,752,1252436,14609,982955,6717200
1842,763,717,1251673,14655,983672,6604000
1843,761,749,1250912,14667,984421,6708100
1844,720,709,1250192,14678,985130,6558700
1845,700,705,1249492,14673,985835,6750000
1846,723,781,1248769,14615,986616,6613300
1847,753,710,1248016,14658,987326,6674000
1848,781,783,1247235,14656,988109,6623300
1849,712,759,1246523,14609,988868,6697000
1850,716,688,1245807,14637,989556,6715300
1851,691,727,1245116,14601,990283,6622100
1852,741,737,1244375,14605,991020,6690500
1853,747,718,1243628,14634,991738,6595600
1854,747,743,1242881,14638,992481,7024900
1855,723,721,1242158,14640,993202,6668400
1856,772,736,1241386,14676,993938,6656800
1857,735,750,1240651,14661,994688,6620900
1858,720,725,1239931,14656,995413,6605800
1859,677,758,1239254,14575,996171,7641200
1860,722,716,1238532,14581,996887,6670300
1861,667,728,1237865,14520,997615,7697400
1862,671,709,1237194,14482,998324,6802800
1863,716,685,1236478,14513,999009,6907400
1864,722,749,1235756,14486,999758,6835900
1865,722,714,1235034,14494,1000472,6996000
1866,733,751,1234301,14476,1001223,6994500
1867,743,715,1233558,14504,1001938,7292400
1868,726,724,1232832,14506,1002662,7312500
1869,714,788,1232118,14432,1003450,6945200
1870,706,773,1231412,14365,1004223,6805700
1871,737,691,1230675,14411,1004914,6764300
1872,705,726,1229970,14390,1005640,6851800
1873,682,772,1229288,14300,1006412,6843100
1874,720,712,1228568,14308,1007124,6855100
1875,699,691,1227869,14316,1007815,6800800
1876,697,667,1227172,14346,1008482,6918100
1877,700,714,1226472,14332,1009196,6815800
1878,750,695,1225722,14387,1009891,6807600
1879,680,723,1225042,14344,1010614,7466300
1880,732,741,1224310,14335,1011355,6852300
1881,700,773,1223610,14262,1012128,6865500
1882,684,756,1222926,14190,1012884,6796500
1883,729,679,1222197,14240,1013563,7167500
1884,693,731,1221504,14202,1014294,7008900
1885,726,729,1220778,14199,1015023,7610600
1886,663,745,1220115,14117,1015768,7031100
1887,746,718,1219369,14145,1016486,7469200
1888,691,693,1218678,14143,1017179,6965500
1889,674,711,1218004,14106,1017890,7131000
1890,728,713,1217276,14121,1018603,6961700
1891,710,726,1216566,14105,1019329,6722000
1892,663,695,1215903,14073,1020024,6809500
1893,721,712,1215182,14082,1020736,6605200
1894,738,743,1214444,14077,1021479,7005600
1895,694,716,1213750,14055,1022195,6533800
1896,664,725,1213086,13994,1022920,6636600
1897,667,717,1212419,13944,1023637,6633300
1898,705,685,1211714,13964,1024322,6590100
1899,692,744,1211022,13912,1025066,6587900
1900,691,703,1210331,13900,1025769,6628500
1901,698,681,1209633,13917,1026450,6790000
1902,649,676,1208984,13890,1027126,6565000
1903,669,655,1208315,13904,1027781,6589800
1904,661,680,1207654,13885,1028461,6553100
1905,699,654,1206955,13930,1029115,6530100
1906,736,663,1206219,14003,1029778,7302500
1907,673,689,1205546,13987,1030467,7313500
1908,661,735,1204885,13913,1031202,6705400
1909,706,723,1204179,13896,1031925,6588500
1910,745,735,1203434,13906,1032660,6661200
1911,722,712,1202712,13916,1033372,6608200
1912,700,690,1202012,13926,1034062,6811700
1913,719,685,1201293,13960,1034747,6647300
1914,686,684,1200607,13962,1035431,6675500
1915,657,705,1199950,13914,1036136,6945900
1916,681,715,1199269,13880,1036851,6701900
1917,675,702,1198594,13853,1037553,7170600
1918,634,685,1197960,13802,1038238,6979400
1919,689,647,1197271,13844,1038885,7148300
1920,725,667,1196546,13902,1039552,6939200
1921,700,651,1195846,13951,1040203,7198500
1922,692,731,1195154,13912,1040934,6899300
1923,724,726,1194430,13910,1041660,7609100
1924,723,670,1193707,13963,1042330,7171100
1925,686,670,1193021,13979,1043000,6994300
1926,698,682,1192323,13995,1043682,6837600
1927,702,742,1191621,13955,1044424,6847100
1928,710,703,1190911,13962,1045127,7057500
1929,699,678,1190212,13983,1045805,6762700
1930,669,705,1189543,13947,1046510,7026100
1931,676,670,1188867,13953,1047180,7381700
1932,732,687,1188135,13998,1047867,7446600
1933,663,761,1187472,13900,1048628,6814400
1934,655,703,1186817,13852,1049331,6820400
1935,687,724,1186130,13815,1050055,6685000
1936,671,701,1185459,13785,1050756,7027200
1937,689,694,1184770,13780,1051450,6699900
1938,704,712,1184066,13772,1052162,6681800
1939,660,724,1183406,13708,1052886,6741400
1940,664,655,1182742,13717,1053541,6659400
1941,675,666,1182067,13726,1054207,6774000
1942,696,633,1181371,13789,1054840,6855400
1943,703,668,1180668,13824,1055508,6675300
1944,718,705,1179950,13837,1056213,6740500
1945,689,725,1179261,13801,1056938,6755500
1946,695,653,1178566,13843,1057591,6811500
1947,693,675,1177873,13861,1058266,6783400
1948,711,645,1177162,13927,1058911,6938100
1949,705,678,1176457,13954,1059589,6650900
1950,673,690,1175784,13937,1060279,6753100
1951,668,688,1175116,13917,1060967,6861700
1952,721,697,1174395,13941,1061664,6637200
1953,725,656,1173670,14010,1062320,6624300
1954,728,628,1172942,14110,1062948,6608400
1955,711,722,1172231,14099,1063670,6767800
1956,706,688,1171525,14117,1064358,6615400
1957,689,673,1170836,14133,1065031,6691500
1958,703,648,1170133,14188,1065679,6628700
1959,672,736,1169461,14124,1066415,6548600
1960,678,681,1168783,14121,1067096,6630600
1961,664,675,1168119,14110,1067771,6549300
1962,703,684,1167416,14129,1068455,6652200
1963,711,687,1166705,14153,1069142,6528000
1964,713,737,1165992,14129,1069879,6692000
1965,681,677,1165311,14133,1070556,6620000
1966,709,697,1164602,14145,1071253,6625900
1967,695,684,1163907,14156,1071937,6642200
1968,697,724,1163210,14129,1072661,6545200
1969,702,658,1162508,14173,1073319,6676400
1970,682,718,1161826,14137,1074037,6588800
1971,695,736,1161131,14096,1074773,6580600
1972,725,697,1160406,14124,1075470,6539200
1973,716,715,1159690,14125,1076185,6558600
1974,699,726,1158991,14098,1076911,6708400
1975,719,729,1158272,14088,1077640,6597000
1976,706,664,1157566,14130,1078304,6690100
1977,733,687,1156833,14176,1078991,6569900
1978,722,723,1156111,14175,1079714,6596900
1979,728,691,1155383,14212,1080405,6563100
1980,715,693,1154668,14234,1081098,6563300
1981,738,714,1153930,14258,1081812,7120700
1982,676,713,1153254,14221,1082525,7246100
1983,717,724,1152537,14214,1083249,6772400
1984,708,697,1151829,14225,1083946,6853100
1985,750,687,1151079,14288,1084633,7044800
1986,715,713,1150364,14290,1085346,6637200
1987,716,700,1149648,14306,1086046,6538300
1988,636,710,1149012,14232,1086756,6513900
1989,685,646,1148327,14271,1087402,6586600
1990,670,703,1147657,14238,1088105,6876800
1991,719,708,1146938,14249,1088813,6568900
1992,659,691,1146279,14217,1089504,6806500
1993,688,744,1145591,14161,1090248,6614500
1994,667,718,1144924,14110,1090966,6627100
1995,708,692,1144216,14126,1091658,6675700
1996,729,660,1143487,14195,1092318,6587500
1997,692,680,1142795,14207,1092998,6569100
1998,703,730,1142092,14180,1093728,6593700
1999,691,713,1141401,14158,1094441,6751200
2000,661,660,1140740,14159,1095101,6580900
2001,681,697,1140059,14143,1095798,6946300
2002,677,733,1139382,14087,1096531,6643800
2003,664,780,1138718,13971,1097311,6988900
2004,652,692,1138066,13931,1098003,6691500
2005,649,690,1137417,13890,1098693,6626200
2006,661,683,1136756,13868,1099376,6635800
2007,669,745,1136087,13792,1100121,6598900
2008,667,707,1135420,13752,1100828,7085500
2009,704,698,1134716,13758,1101526,6733400
2010,669,728,1134047,13699,1102254,7310400
2011,631,715,1133416,13615,1102969,6611800
2012,703,683,1132713,13635,1103652,6589500
2013,700,735,1132013,13600,1104387,6749700
2014,709,710,1131304,13599,1105097,6776100
2015,649,692,1130655,13556,1105789,6853900
2016,683,647,1129972,13592,1106436,6753000
2017,646,707,1129326,13531,1107143,6639900
2018,679,628,1128647,13582,1107771,6579400
2019,645,652,1128002,13575,1108423,6663500
2020,675,670,1127327,13580,1109093,6557100
2021,662,693,1126665,13549,1109786,6515300
2022,699,695,1125966,13553,1110481,6656000
2023,649,682,1125317,13520,1111163,6550400
2024,695,683,1124622,13532,1111846,6855100
2025,684,643,1123938,13573,1112489,6718800
2026,653,674,1123285,13552,1113163,6670500
2027,692,720,1122593,13524,1113883,6560400
2028,654,651,1121939,13527,1114534,6546700
2029,661,639,1121278,13549,1115173,6663300
2030,706,685,1120572,13570,1115858,6591200
2031,728,701,1119844,13597,1116559,6782200
2032,700,711,1119144,13586,1117270,6822200
2033,645,691,1118499,13540,1117961,6899500
2034,695,724,1117804,13511,1118685,6825600
2035,724,688,1117080,13547,1119373,6742700
2036,669,657,1116411,13559,1120030,6818200
2037,672,681,1115739,13550,1120711,6804500
2038,681,709,1115058,13522,1121420,7530400
2039,643,672,1114415,13493,1122092,6819000
2040,671,709,1113744,13455,1122801,7107600
2041,663,665,1113081,13453,1123466,6733200
2042,729,713,1112352,13469,1124179,6785600
2043,709,700,1111643,13478,1124879,6761100
2044,690,617,1110953,13551,1125496,6805400
2045,653,661,1110300,13543,1126157,6811100
2046,680,653,1109620,13570,1126810,6727000
2047,699,668,1108921,13601,1127478,6723000
2048,683,678,1108238,13606,1128156,6735200
2049,683,660,1107555,13629,1128816,7241200
2050,701,696,1106854,13634,1129512,6978800
2051,644,695,1106210,13583,1130207,6723400
2052,696,686,1105514,13593,1130893,6726700
2053,702,721,1104812,13574,1131614,6752100
2054,698,644,1104114,13628,1132258,7106700
2055,661,646,1103453,13643,1132904,6645500
2056,712,670,1102741,13685,1133574,6674400
2057,690,721,1102051,13654,1134295,6728800
2058,643,715,1101408,13582,1135010,7157000
2059,708,730,1100700,13560,1135740,6887400
2060,682,707,1100018,13535,1136447,6738900
2061,666,673,1099352,13528,1137120,6680200
2062,686,634,1098666,13580,1137754,6736800
2063,703,703,1097963,13580,1138457,6727100
2064,686,673,1097277,13593,1139130,6615900
2065,715,701,1096562,13607,1139831,6726200
2066,652,680,1095910,13579,1140511,6736900
2067,728,682,1095182,13625,1141193,6861900
2068,666,664,1094516,13627,1141857,6859400
2069,677,670,1093839,13634,1142527,6969100
2070,694,610,1093145,13718,1143137,7493300
2071,710,723,1092435,13705,1143860,6600800
2072,730,677,1091705,13758,1144537,6627100
2073,643,682,1091062,13719,1145219,6582700
2074,649,683,1090413,13685,1145902,6584100
2075,670,686,1089743,13669,1146588,6574200
2076,644,705,1089099,13608,1147293,6531000
2077,605,660,1088494,13553,1147953,6665100
2078,646,661,1087848,13538,1148614,6711300
2079,626,720,1087222,13444,1149334,6807200
2080,657,640,1086565,13461,1149974,6689800
2081,677,670,1085888,13468,1150644,6672600
2082,654,687,1085234,13435,1151331,6729900
2083,693,676,1084541,13452,1152007,6680700
2084,661,734,1083880,13379,1152741,6763000
2085,689,684,1083191,13384,1153425,6713300
2086,668,679,1082523,13373,1154104,6921600
2087,652,706,1081871,13319,1154810,6645500
2088,623,637,1081248,13305,1155447,6685500
2089,617,692,1080631,13230,1156139,6703300
2090,642,681,1079989,13191,1156820,6669100
2091,635,652,1079354,13174,1157472,6652000
2092,640,642,1078714,13172,1158114,6708800
2093,657,670,1078057,13159,1158784,7239600
2094,659,674,1077398,13144,1159458,6773400
2095,650,649,1076748,13145,1160107,7242100
2096,651,651,1076097,13145,1160758,6829300
2097,646,650,1075451,13141,1161408,6809200
2098,639,720,1074812,13060,1162128,6723100
2099,643,639,1074169,13064,1162767,6717100
2100,665,632,1073504,13097,1163399,6691900
2101,678,682,1072826,13093,1164081,6717800
2102,634,651,1072192,13076,1164732,7401400
2103,699,683,1071493,13092,1165415,6722700
2104,694,679,1070799,13107,1166094,6728000
2105,630,680,1070169,13057,1166774,6655500
2106,670,712,1069499,13015,1167486,6702800
2107,667,633,1068832,13049,1168119,6702000
2108,669,651,1068163,13067,1168770,6679500
2109,662,678,1067501,13051,1169448,6811200
2110,670,609,1066831,13112,1170057,6768300
2111,677,617,1066154,13172,1170674,7037900
2112,683,625,1065471,13230,1171299,6928000
2113,665,663,1064806,13232,1171962,6781000
2114,741,651,1064065,13322,1172613,6813100
2115,663,662,1063402,13323,1173275,6707100
2116,641,677,1062761,13287,1173952,6944900
2117,669,656,1062092,13300,1174608,6639200
2118,671,680,1061421,13291,1175288,6710700
2119,695,693,1060726,13293,1175981,6804000
2120,684,640,1060042,13337,1176621,7334800
2121,618,623,1059424,13332,1177244,6776500
2122,679,671,1058745,13340,1177915,7001200
2123,682,693,1058063,13329,1178608,6632800
2124,716,643,1057347,13402,1179251,6514000
2125,712,643,1056635,13471,1179894,6557700
2126,698,668,1055937,13501,1180562,6508200
2127,618,724,1055319,13395,1181286,6596200
2128,688,672,1054631,13411,1181958,6503700
2129,692,681,1053939,13422,1182639,6616700
2130,659,672,1053280,13409,1183311,6609200
2131,685,685,1052595,13409,1183996,6520500
2132,656,633,1051939,13432,1184629,7049200
2133,722,725,1051217,13429,1185354,6465400
2134,685,675,1050532,13439,1186029,6519400
2135,681,657,1049851,13463,1186686,6507200
2136,665,658,1049186,13470,1187344,6514000
2137,681,681,1048505,13470,1188025,6502300
2138,641,682,1047864,13429,1188707,6484400
2139,662,644,1047202,13447,1189351,6611500
2140,671,675,1046531,13443,1190026,6495100
2141,638,662,1045893,13419,1190688,7192600
2142,574,676,1045319,13317,1191364,6645300
2143,648,711,1044671,13254,1192075,6650400
2144,671,666,1044000,13259,1192741,6536500
2145,631,699,1043369,13191,1193440,6496800
2146,625,695,1042744,13121,1194135,6597200
2147,585,682,1042159,13024,1194817,6503600
2148,650,664,1041509,13010,1195481,6572100
2149,626,642,1040883,12994,1196123,6496300
2150,704,641,1040179,13057,1196764,6546200
2151,636,671,1039543,13022,1197435,6552000
2152,680,638,1038863,13064,1198073,6580900
2153,655,677,1038208,13042,1198750,7231400
2154,631,676,1037577,12997,1199426,6505700
2155,690,668,1036887,13019,1200094,6544200
2156,658,642,1036229,13035,1200736,6507100
2157,623,631,1035606,13027,1201367,6540400
2158,676,671,1034930,13032,1202038,6513600
2159,699,653,1034231,13078,1202691,6509800
2160,646,680,1033585,13044,1203371,6867800
2161,660,624,1032925,13080,1203995,6508700
2162,694,652,1032231,13122,1204647,6636000
2163,670,664,1031561,13128,1205311,6520900
2164,672,656,1030889,13144,1205967,6514500
2165,663,629,1030226,13178,1206596,6730600
2166,632,703,1029594,13107,1207299,6703300
2167,624,641,1028970,13090,1207940,6780200
2168,657,612,1028313,13135,1208552,6747900
2169,658,667,1027655,13126,1209219,6646800
2170,653,683,1027002,13096,1209902,6572600
2171,642,666,1026360,13072,1210568,6576900
2172,682,631,1025678,13123,1211199,7018500
2173,672,659,1025006,13136,1211858,6508300
2174,684,641,1024322,13179,1212499,6547900
2175,625,656,1023697,13148,1213155,6655100
2176,604,658,1023093,13094,1213813,6565700
2177,671,686,1022422,13079,1214499,6575300
2178,653,659,1021769,13073,1215158,6552200
2179,658,652,1021111,13079,1215810,6651400
2180,668,631,1020443,13116,1216441,6656900
2181,666,665,1019777,13117,1217106,6669900
2182,688,668,1019089,13137,1217774,6878500
2183,671,701,1018418,13107,1218475,6876900
2184,686,649,1017732,13144,1219124,6814000
2185,679,674,1017053,13149,1219798,6659600
2186,653,625,1016400,13177,1220423,6712500
2187,673,620,1015727,13230,1221043,6553500
2188,629,688,1015098,13171,1221731,6588900
2189,654,657,1014444,13168,1222388,6542900
2190,639,660,1013805,13147,1223048,6642400
2191,613,664,1013192,13096,1223712,6843600
2192,628,714,1012564,13010,1224426,6551900
2193,620,661,1011944,12969,1225087,6767000
2194,676,641,1011268,13004,1225728,6541800
2195,659,631,1010609,13032,1226359,6559300
2196,663,633,1009946,13062,1226992,6506000
2197,644,595,1009302,13111,1227587,6503700
2198,631,630,1008671,13112,1228217,6801000
2199,650,656,1008021,13106,1228873,6490100
2200,635,645,1007386,13096,1229518,6677800
2201,637,669,1006749,13064,1230187,6609200
2202,611,651,1006138,13024,1230838,6895200
2203,595,640,1005543,12979,1231478,6517400
2204,645,639,1004898,12985,1232117,6440100
2205,612,661,1004286,12936,1232778,6545500
2206,668,660,1003618,12944,1233438,6494700
2207,651,676,1002967,12919,1234114,6622700
2208,670,656,1002297,12933,1234770,6479700
2209,647,641,1001650,12939,1235411,6571300
2210,686,655,1000964,12970,1236066,6596800
2211,652,635,1000312,12987,1236701,6523900
2212,627,627,999685,12987,1237328,6666100
2213,633,632,999052,12988,1237960,6509300
2214,663,630,998389,13021,1238590,6840600
2215,682,615,997707,13088,1239205,6914800
2216,677,646,997030,13119,1239851,7226900
2217,657,656,996373,13120,1240507,7004500
2218,685,698,995688,13107,1241205,7043300
2219,655,657,995033,13105,1241862,6811600
2220,591,650,994442,13046,1242512,6709400
2221,616,632,993826,13030,1243144,6957500
2222,634,654,993192,13010,1243798,6901500
2223,585,671,992607,12924,1244469,6805200
2224,630,639,991977,12915,1245108,6677400
2225,621,653,991356,12883,1245761,6741300
2226,628,666,990728,12845,1246427,6635800
2227,599,598,990129,12846,1247025,6707500
2228,638,611,989491,12873,1247636,6655500
2229,634,657,988857,12850,1248293,6728700
2230,655,655,988202,12850,1248948,6912000
2231,647,640,987555,12857,1249588,6801200
2232,640,610,986915,12887,1250198,7294800
2233,625,598,986290,12914,1250796,7327900
2234,654,649,985636,12919,1251445,7146800
2235,645,635,984991,12929,1252080,6846300
2236,657,677,984334,12909,1252757,6814700
2237,628,673,983706,12864,1253430,6659800
2238,626,665,983080,12825,1254095,6708400
2239,637,670,982443,12792,1254765,6765600
2240,626,642,981817,12776,1255407,6703600
2241,612,634,981205,12754,1256041,6889200
2242,632,595,980573,12791,1256636,6631900
2243,632,650,979941,12773,1257286,6815600
2244,613,647,979328,12739,1257933,6948700
2245,626,647,978702,12718,1258580,6522100
2246,598,630,978104,12686,1259210,6538000
2247,609,636,977495,12659,1259846,6522400
2248,632,655,976863,12636,1260501,6585000
2249,574,647,976289,12563,1261148,6514400
2250,620,623,975669,12560,1261771,6551100
2251,617,631,975052,12546,1262402,6568800
2252,684,624,974368,12606,1263026,6690400
2253,641,604,973727,12643,1263630,6678200
2254,598,651,973129,12590,1264281,6466100
2255,640,623,972489,12607,1264904,6919300
2256,627,657,971862,12577,1265561,6556800
2257,623,645,971239,12555,1266206,6535800
2258,638,624,970601,12569,1266830,6477200
2259,644,635,969957,12578,1267465,6479000
2260,645,660,969312,12563,1268125,6633700
2261,620,632,968692,12551,1268757,6537300
2262,633,626,968059,12558,1269383,6908600
2263,635,648,967424,12545,1270031,6963100
2264,612,620,966812,12537,1270651,6665900
2265,652,615,966160,12574,1271266,6553700
2266,660,625,965500,12609,1271891,6467100
2267,616,631,964884,12594,1272522,6610000
2268,593,617,964291,12570,1273139,6498000
2269,662,608,963629,12624,1273747,6515300
2270,640,629,962989,12635,1274376,6477000
2271,648,628,962341,12655,1275004,6631200
2272,578,642,961763,12591,1275646,6599500
2273,670,647,961093,12614,1276293,6518000
2274,634,659,960459,12589,1276952,6611800
2275,636,675,959823,12550,1277627,6464200
2276,607,593,959216,12564,1278220,6896000
2277,662,647,958554,12579,1278867,6512600
2278,618,641,957936,12556,1279508,6508800
2279,625,563,957311,12618,1280071,6567500
2280,609,625,956702,12602,1280696,6478700
2281,607,666,956095,12543,1281362,7139600
2282,637,652,955458,12528,1282014,6548300
2283,649,586,954809,12591,1282600,6553700
2284,637,645,954172,12583,1283245,6475100
2285,649,606,953523,12626,1283851,6475300
2286,659,623,952864,12662,1284474,6545300
2287,629,634,952235,12657,1285108,6479000
2288,609,627,951626,12639,1285735,6543400
2289,598,634,951028,12603,1286369,6526600
2290,607,609,950421,12601,1286978,6611200
2291,558,618,949863,12541,1287596,6542900
2292,608,601,949255,12548,1288197,6574500
2293,630,613,948625,12565,1288810,6577600
2294,599,620,948026,12544,1289430,6508600
2295,637,606,947389,12575,1290036,6482100
2296,577,648,946812,12504,1290684,6481600
2297,565,618,946247,12451,1291302,6495200
2298,579,606,945668,12424,1291908,7169700
2299,616,587,945052,12453,1292495,6503900
2300,589,567,944463,12475,1293062,6470700
2301,598,670,943865,12403,1293732,6503200
2302,582,633,943283,12352,1294365,6561500
2303,634,616,942649,12370,1294981,6594200
2304,573,611,942076,12332,1295592,6448100
2305,590,621,941486,12301,1296213,6810100
2306,601,658,940885,12244,1296871,6489900
2307,580,563,940305,12261,1297434,6472400
2308,593,633,939712,12221,1298067,6477500
2309,605,598,939107,12228,1298665,6462800
2310,576,620,938531,12184,1299285,6671400
2311,625,643,937906,12166,1299928,6515800
2312,643,573,937263,12236,1300501,6634700
2313,561,631,936702,12166,1301132,6521600
2314,602,561,936100,12207,1301693,6493500
2315,610,630,935490,12187,1302323,7531700
2316,614,599,934876,12202,1302922,6485200
2317,593,617,934283,12178,1303539,6538300
2318,653,606,933630,12225,1304145,6465600
2319,635,579,932995,12281,1304724,6544900
2320,648,578,932347,12351,1305302,6693900
2321,641,596,931706,12396,1305898,6754000
2322,602,591,931104,12407,1306489,6741700
2323,613,637,930491,12383,1307126,6696600
2324,609,660,929882,12332,1307786,6616300
2325,620,606,929262,12346,1308392,6576300
2326,621,594,928641,12373,1308986,6513300
2327,624,606,928017,12391,1309592,6545500
2328,605,622,927412,12374,1310214,6548400
2329,639,653,926773,12360,1310867,6987600
2330,632,621,926141,12371,1311488,6632200
2331,647,620,925494,12398,1312108,6723700
2332,628,597,924866,12429,1312705,6640800
2333,586,606,924280,12409,1313311,6651200
2334,637,664,923643,12382,1313975,6755900
2335,679,630,922964,12431,1314605,6758600
2336,636,651,922328,12416,1315256,6847900
2337,652,615,921676,12453,1315871,6666000
2338,673,641,921003,12485,1316512,6975100
2339,651,586,920352,12550,1317098,6475800
2340,615,594,919737,12571,1317692,6438100
2341,671,660,919066,12582,1318352,6780000
2342,616,631,918450,12567,1318983,6567200
2343,582,613,917868,12536,1319596,7623900
2344,646,629,917222,12553,1320225,6477300
2345,651,645,916571,12559,1320870,6459600
2346,618,586,915953,12591,1321456,6421800
2347,588,632,915365,12547,1322088,6805800
2348,622,620,914743,12549,1322708,6491200
2349,589,623,914154,12515,1323331,6384900
2350,629,665,913525,12479,1323996,6535400
2351,669,624,912856,12524,1324620,6548100
2352,634,593,912222,12565,1325213,6603400
2353,680,649,911542,12596,1325862,6646700
2354,638,623,910904,12611,1326485,6667900
2355,662,581,910242,12692,1327066,6529500
2356,645,678,909597,12659,1327744,6439600
2357,648,604,908949,12703,1328348,7073000
2358,616,646,908333,12673,1328994,6477100
2359,626,666,907707,12633,1329660,6495400
2360,634,613,907073,12654,1330273,6515500
2361,637,665,906436,12626,1330938,6515600
2362,595,627,905841,12594,1331565,6642000
2363,610,631,905231,12573,1332196,6549100
2364,611,643,904620,12541,1332839,6770900
2365,586,620,904034,12507,1333459,6760600
2366,652,607,903382,12552,1334066,6787200
2367,645,603,902737,12594,1334669,6748100
2368,641,646,902096,12589,1335315,7028000
2369,633,635,901463,12587,1335950,6673300
2370,579,619,900884,12547,1336569,6511800
2371,670,683,900214,12534,1337252,6570700
2372,617,622,899597,12529,1337874,6545600
2373,626,609,898971,12546,1338483,6526300
2374,634,629,898337,12551,1339112,6496700
2375,637,608,897700,12580,1339720,6480700
2376,623,616,897077,12587,1340336,6529700
2377,691,608,896386,12670,1340944,6459100
2378,603,608,895783,12665,1341552,6528400
2379,634,641,895149,12658,1342193,6445200
2380,593,648,894556,12603,1342841,6504600
2381,591,627,893965,12567,1343468,6635600
2382,613,629,893352,12551,1344097,6601000
2383,652,650,892700,12553,1344747,6510400
2384,590,597,892110,12546,1345344,6493600
2385,609,623,891501,12532,1345967,6547500
2386,610,617,890891,12525,1346584,6491100
2387,628,623,890263,12530,1347207,6480200
2388,629,614,889634,12545,1347821,6705400
2389,583,664,889051,12464,1348485,6502200
2390,623,649,888428,12438,1349134,6471700
2391,610,619,887818,12429,1349753,6489500
2392,585,568,887233,12446,1350321,6562700
2393,619,644,886614,12421,1350965,7266500
2394,613,653,886001,12381,1351618,6689200
2395,615,596,885386,12400,1352214,7221800
2396,594,639,884792,12355,1352853,6781900
2397,662,610,884130,12407,1353463,6765900
2398,630,645,883500,12392,1354108,6762200
2399,595,602,882905,12385,1354710,6638600
2400,615,607,882290,12393,1355317,6716300
2401,592,594,881698,12391,1355911,6662300
2402,621,652,881077,12360,1356563,6839100
2403,597,626,880480,12331,1357189,6716700
2404,615,555,879865,12391,1357744,6716700
2405,579,641,879286,12329,1358385,6699300
2406,613,617,878673,12325,1359002,6611300
2407,578,651,878095,12252,1359653,6745500
2408,571,640,877524,12183,1360293,6682800
2409,595,625,876929,12153,1360918,6724500
2410,616,642,876313,12127,1361560,6659200
2411,584,624,875729,12087,1362184,6703000
2412,621,607,875108,12101,1362791,6724500
2413,586,610,874522,12077,1363401,6631400
2414,609,565,873913,12121,1363966,6759800
2415,620,632,873293,12109,1364598,6644400
2416,590,618,872703,12081,1365216,7021900
2417,590,587,872113,12084,1365803,6658700
2418,606,620,871507,12070,1366423,6800500
2419,570,584,870937,12056,1367007,6663200
2420,612,609,870325,12059,1367616,6708600
2421,573,633,869752,11999,1368249,6543900
2422,585,563,869167,12021,1368812,6508500
2423,589,584,868578,12026,1369396,7077500
2424,615,596,867963,12045,1369992,6428300
2425,554,616,867409,11983,1370608,6459700
2426,584,640,866825,11927,1371248,6466700
2427,562,585,866263,11904,1371833,6447700
2428,607,559,865656,11952,1372392,6493900
2429,581,635,865075,11898,1373027,6422600
2430,578,587,864497,11889,1373614,6459600
2431,584,571,863913,11902,1374185,6460500
2432,589,610,863324,11881,1374795,6588200
2433,562,588,862762,11855,1375383,6535600
2434,591,638,862171,11808,1376021,6450800
2435,576,577,861595,11807,1376598,7009900
2436,566,635,861029,11738,1377233,6411800
2437,583,604,860446,11717,1377837,6713800
2438,552,588,859894,11681,1378425,7816700
2439,579,616,859315,11644,1379041,6512900
2440,563,580,858752,11627,1379621,6441700
2441,603,605,858149,11625,1380226,6436700
2442,577,564,857572,11638,1380790,7061300
2443,578,588,856994,11628,1381378,6487700
2444,590,543,856404,11675,1381921,6434400
2445,602,631,855802,11646,1382552,6438700
2446,572,599,855230,11619,1383151,6406100
2447,588,548,854642,11659,1383699,6511300
2448,555,596,854087,11618,1384295,6416000
2449,591,597,853496,11612,1384892,6462400
2450,575,589,852921,11598,1385481,6437600
2451,615,542,852306,11671,1386023,6601900
2452,561,567,851745,11665,1386590,6532700
2453,608,576,851137,11697,1387166,6538700
2454,548,586,850589,11659,1387752,6531400
2455,604,591,849985,11672,1388343,6462200
2456,603,571,849382,11704,1388914,7216100
2457,589,611,848793,11682,1389525,6632000
2458,582,563,848211,11701,1390088,6755100
2459,607,598,847604,11710,1390686,6722100
2460,607,559,846997,11758,1391245,6555700
2461,581,591,846416,11748,1391836,6929100
2462,634,578,845782,11804,1392414,6527600
2463,585,630,845197,11759,1393044,6598700
2464,607,564,844590,11802,1393608,6470200
2465,618,584,843972,11836,1394192,6439500
2466,570,616,843402,11790,1394808,6445500
2467,594,574,842808,11810,1395382,6451800
2468,625,584,842183,11851,1395966,6819000
2469,594,624,841589,11821,1396590,6392900
2470,585,581,841004,11825,1397171,6462800
2471,579,648,840425,11756,1397819,6432100
2472,571,591,839854,11736,1398410,6466600
2473,598,574,839256,11760,1398984,6625600
2474,576,612,838680,11724,1399596,6471300
2475,573,570,838107,11727,1400166,6646400
2476,592,583,837515,11736,1400749,7022300
2477,587,576,836928,11747,1401325,7067300
2478,608,600,836320,11755,1401925,7745100
2479,615,604,835705,11766,1402529,7495300
2480,604,641,835101,11729,1403170,7124500
2481,588,557,834513,11760,1403727,7120600
2482,611,568,833902,11803,1404295,6742800
2483,611,606,833291,11808,1404901,6580200
2484,586,565,832705,11829,1405466,6639900
2485,593,572,832112,11850,1406038,6695100
2486,552,548,831560,11854,1406586,6756100
2487,564,574,830996,11844,1407160,7514400
2488,576,553,830420,11867,1407713,6517700
2489,639,577,829781,11929,1408290,6546400
2490,606,604,829175,11931,1408894,6419100
2491,587,592,828588,11926,1409486,6549700
2492,575,586,828013,11915,1410072,6536900
2493,569,557,827444,11927,1410629,6512900
2494,585,590,826859,11922,1411219,6468800
2495,587,566,826272,11943,1411785,6494900
2496,520,617,825752,11846,1412402,6561800
2497,588,574,825164,11860,1412976,6459500
2498,595,615,824569,11840,1413591,6462400
2499,563,594,824006,11809,1414185,6427500
2500,582,561,823424,11830,1414746,6441500
2501,591,626,822833,11795,1415372,6491300
2502,555,597,822278,11753,1415969,6524600
2503,593,651,821685,11695,1416620,6520800
2504,587,605,821098,11677,1417225,6468800
2505,577,586,820521,11668,1417811,6961000
2506,565,620,819956,11613,1418431,6545800
2507,613,590,819343,11636,1419021,6403200
2508,627,536,818716,11727,1419557,6579100
2509,555,573,818161,11709,1420130,6437200
2510,586,572,817575,11723,1420702,6433200
2511,621,589,816954,11755,1421291,6442400
2512,622,531,816332,11846,1421822,6506500
2513,586,617,815746,11815,1422439,7568400
2514,631,624,815115,11822,1423063,7579400
2515,560,616,814555,11766,1423679,7403700
2516,575,582,813980,11759,1424261,7898700
2517,580,608,813400,11731,1424869,7251300
2518,573,591,812827,11713,1425460,6928500
2519,562,579,812265,11696,1426039,6494700
2520,573,572,811692,11697,1426611,6430700
2521,571,561,811121,11707,1427172,6495100
2522,601,565,810520,11743,1427737,6485700
2523,576,653,809944,11666,1428390,6406600
2524,568,585,809376,11649,1428975,6496300
2525,513,553,808863,11609,1429528,6435500
2526,563,517,808300,11655,1430045,6457200
2527,548,604,807752,11599,1430649,6400500
2528,575,614,807177,11560,1431263,6428500
2529,536,578,806641,11518,1431841,6523800
2530,573,605,806068,11486,1432446,6412400
2531,533,627,805535,11392,1433073,6554200
2532,567,574,804968,11385,1433647,6547600
2533,556,539,804412,11402,1434186,6409200
2534,565,568,803847,11399,1434754,7298600
2535,550,591,803297,11358,1435345,6981000
2536,556,565,802741,11349,1435910,6838000
2537,531,573,802210,11307,1436483,6712700
2538,548,586,801662,11269,1437069,6691100
2539,536,541,801126,11264,1437610,6511800
2540,569,519,800557,11314,1438129,6451000
2541,556,571,800001,11299,1438700,6935300
2542,539,574,799462,11264,1439274,7282400
2543,575,613,798887,11226,1439887,6609400
2544,547,554,798340,11219,1440441,6445900
2545,516,559,797824,11176,1441000,6434000
2546,587,572,797237,11191,1441572,6427000
2547,557,548,796680,11200,1442120,6403400
2548,538,573,796142,11165,1442693,6490000
2549,579,529,795563,11215,1443222,6425700
2550,542,546,795021,11211,1443768,6517700
2551,581,538,794440,11254,1444306,6465700
2552,525,557,793915,11222,1444863,6572800
2553,566,561,793349,11227,1445424,6462300
2554,544,555,792805,11216,1445979,6425700
2555,515,606,792290,11125,1446585,6774900
2556,575,515,791715,11185,1447100,6358100
2557,572,564,791143,11193,1447664,6429400
2558,525,569,790618,11149,1448233,6443500
2559,522,590,790096,11081,1448823,6347000
2560,545,588,789551,11038,1449411,6470500
2561,565,576,788986,11027,1449987,6383700
2562,550,555,788436,11022,1450542,6485800
2563,564,559,787872,11027,1451101,6478600
2564,543,561,787329,11009,1451662,6403400
2565,528,497,786801,11040,1452159,6938800
2566,548,533,786253,11055,1452692,6383300
2567,539,559,785714,11035,1453251,6416400
2568,508,534,785206,11009,1453785,6373200
2569,547,585,784659,10971,1454370,6360600
2570,556,552,784103,10975,1454922,6514700
2571,515,510,783588,10980,1455432,6368000
2572,539,520,783049,10999,1455952,6838800
2573,564,531,782485,11032,1456483,6615700
2574,529,582,781956,10979,1457065,6636700
2575,570,527,781386,11022,1457592,6592800
2576,573,547,780813,11048,1458139,6621900
2577,572,524,780241,11096,1458663,7530200
2578,532,591,779709,11037,1459254,6598800
2579,535,588,779174,10984,1459842,6671900
2580,553,581,778621,10956,1460423,6539800
2581,557,547,778064,10966,1460970,6636100
2582,552,534,777512,10984,1461504,6606300
2583,537,572,776975,10949,1462076,6602500
2584,538,554,776437,10933,1462630,7421200
2585,568,547,775869,10954,1463177,6588900
2586,530,560,775339,10924,1463737,6573200
2587,525,516,774814,10933,1464253,6579000
2588,563,524,774251,10972,1464777,6538000
2589,538,581,773713,10929,1465358,6544400
2590,569,561,773144,10937,1465919,6615700
2591,547,580,772597,10904,1466499,6684100
2592,544,516,772053,10932,1467015,6737800
2593,575,541,771478,10966,1467556,6644900
2594,553,548,770925,10971,1468104,6567700
2595,566,589,770359,10948,1468693,6614200
2596,547,523,769812,10972,1469216,6608400
2597,552,523,769260,11001,1469739,6549600
2598,562,530,768698,11033,1470269,6585700
2599,567,557,768131,11043,1470826,6586500
2600,570,541,767561,11072,1471367,6561000
2601,560,569,767001,11063,1471936,6430900
2602,526,531,766475,11058,1472467,6434000
2603,560,566,765915,11052,1473033,7093600
2604,579,527,765336,11104,1473560,6368300
2605,568,589,764768,11083,1474149,6393400
2606,578,579,764190,11082,1474728,6477300
2607,562,565,763628,11079,1475293,6383700
2608,581,541,763047,11119,1475834,6464500
2609,523,567,762524,11075,1476401,6344600
2610,538,555,761986,11058,1476956,6911300
2611,539,559,761447,11038,1477515,6598000
2612,526,528,760921,11036,1478043,6646800
2613,526,549,760395,11013,1478592,6873500
2614,554,552,759841,11015,1479144,6374000
2615,517,546,759324,10986,1479690,6651000
2616,562,537,758762,11011,1480227,6355900
2617,510,530,758252,10991,1480757,6374100
2618,562,578,757690,10975,1481335,6362200
2619,524,520,757166,10979,1481855,6437000
2620,522,557,756644,10944,1482412,6369600
2621,553,497,756091,11000,1482909,6486800
2622,552,589,755539,10963,1483498,6608200
2623,536,590,755003,10909,1484088,6519100
2624,509,500,754494,10918,1484588,6409700
2625,544,528,753950,10934,1485116,6361300
2626,542,561,753408,10915,1485677,6373700
2627,554,567,752854,10902,1486244,6430800
2628,487,562,752367,10827,1486806,6421300
2629,553,536,751814,10844,1487342,6486700
2630,530,548,751284,10826,1487890,6491700
2631,541,548,750743,10819,1488438,6856200
2632,553,564,750190,10808,1489002,6496200
2633,530,563,749660,10775,1489565,6651900
2634,537,546,749123,10766,1490111,7410500
2635,528,536,748595,10758,1490647,6618000
2636,536,519,748059,10775,1491166,7097200
2637,522,532,747537,10765,1491698,6871900
2638,521,539,747016,10747,1492237,6810400
2639,516,535,746500,10728,1492772,6589100
2640,536,519,745964,10745,1493291,6446600
2641,517,533,745447,10729,1493824,7091000
2642,523,506,744924,10746,1494330,6794700
2643,561,517,744363,10790,1494847,7022600
2644,534,551,743829,10773,1495398,6495700
2645,541,529,743288,10785,1495927,6464600
2646,509,533,742779,10761,1496460,6379400
2647,516,553,742263,10724,1497013,6409600
2648,550,569,741713,10705,1497582,6427300
2649,508,563,741205,10650,1498145,6352900
2650,524,551,740681,10623,1498696,6394500
2651,501,568,740180,10556,1499264,6435900
2652,455,539,739725,10472,1499803,6570500
2653,504,534,739221,10442,1500337,7050200
2654,492,483,738729,10451,1500820,6589500
2655,515,525,738214,10441,1501345,6844700
2656,503,564,737711,10380,1501909,6621200
2657,485,513,737226,10352,1502422,6537800
2658,472,536,736754,10288,1502958,6470800
2659,541,498,736213,10331,1503456,6596400
2660,509,547,735704,10293,1504003,6855700
2661,508,566,735196,10235,1504569,7226800
2662,497,519,734699,10213,1505088,6838100
2663,537,522,734162,10228,1505610,6593800
2664,481,522,733681,10187,1506132,6724500
2665,545,492,733136,10240,1506624,6915200
2666,505,522,732631,10223,1507146,7501100
2667,506,498,732125,10231,1507644,7040900
2668,483,521,731642,10193,1508165,7061000
2669,547,514,731095,10226,1508679,6602500
2670,499,539,730596,10186,1509218,6477200
2671,506,460,730090,10232,1509678,6838100
2672,544,521,729546,10255,1510199,6620000
2673,482,488,729064,10249,1510687,7500900
2674,517,503,728547,10263,1511190,7208400
2675,504,521,728043,10246,1511711,7278900
2676,488,545,727555,10189,1512256,6531900
2677,528,489,727027,10228,1512745,6603400
2678,535,487,726492,10276,1513232,6621300
2679,470,480,726022,10266,1513712,6596700
2680,497,456,725525,10307,1514168,6595000
2681,493,515,725032,10285,1514683,6428500
2682,514,500,724518,10299,1515183,6534500
2683,470,477,724048,10292,1515660,6719400
2684,517,546,723531,10263,1516206,6534400
2685,479,480,723052,10262,1516686,6857900
2686,472,529,722580,10205,1517215,7122400
2687,515,519,722065,10201,1517734,7043700
2688,466,472,721599,10195,1518206,8457400
2689,489,525,721110,10159,1518731,8662100
2690,468,532,720642,10095,1519263,8320300
2691,501,508,720141,10088,1519771,6593500
2692,495,509,719646,10074,1520280,6522200
2693,507,539,719139,10042,1520819,6486500
2694,546,489,718593,10099,1521308,6487500
2695,461,504,718132,10056,1521812,6518100
2696,490,512,717642,10034,1522324,6543900
2697,506,499,717136,10041,1522823,6499000
2698,493,526,716643,10008,1523349,6479200
2699,489,515,716154,9982,1523864,6394200
2700,523,494,715631,10011,1524358,6444900
2701,484,490,715147,10005,1524848,6452100
2702,528,478,714619,10055,1525326,6540000
2703,525,534,714094,10046,1525860,6616700
2704,504,508,713590,10042,1526368,6513700
2705,449,518,713141,9973,1526886,6709800
2706,485,489,712656,9969,1527375,6455700
2707,495,487,712161,9977,1527862,6477100
2708,510,465,711651,10022,1528327,6494100
2709,509,528,711142,10003,1528855,6944800
2710,479,529,710663,9953,1529384,6685500
2711,497,475,710166,9975,1529859,6587500
2712,512,497,709654,9990,1530356,6626900
2713,501,519,709153,9972,1530875,6672100
2714,480,476,708673,9976,1531351,6595200
2715,503,486,708170,9993,1531837,6623700
2716,492,524,707678,9961,1532361,6639800
2717,536,483,707142,10014,1532844,6639100
2718,496,496,706646,10014,1533340,6634200
2719,488,474,706158,10028,1533814,6943400
2720,499,544,705659,9983,1534358,6701200
2721,478,527,705181,9934,1534885,6649200
2722,533,482,704648,9985,1535367,6791300
2723,514,494,704134,10005,1535861,6750700
2724,491,507,703643,9989,1536368,6685200
2725,541,500,703102,10030,1536868,6597700
2726,557,520,702545,10067,1537388,6842700
2727,475,513,702070,10029,1537901,6675500
2728,528,540,701542,10017,1538441,6600100
2729,514,486,701028,10045,1538927,6840600
2730,517,467,700511,10095,1539394,6562700
2731,531,498,699980,10128,1539892,6597500
2732,528,500,699452,10156,1540392,6694500
2733,523,484,698929,10195,1540876,6567900
2734,505,524,698424,10176,1541400,7150000
2735,512,508,697912,10180,1541908,6613400
2736,486,464,697426,10202,1542372,7149700
2737,521,534,696905,10189,1542906,6522200
2738,515,474,696390,10230,1543380,6802400
2739,491,519,695899,10202,1543899,6572900
2740,503,519,695396,10186,1544418,6685500
2741,455,515,694941,10126,1544933,6554900
2742,509,505,694432,10130,1545438,6484000
2743,492,496,693940,10126,1545934,6848100
2744,486,496,693454,10116,1546430,6498200
2745,453,539,693001,10030,1546969,6786700
2746,510,500,692491,10040,1547469,6912500
2747,441,470,692050,10011,1547939,6516200
2748,493,480,691557,10024,1548419,6549300
2749,470,461,691087,10033,1548880,6453700
2750,493,496,690594,10030,1549376,6683000
2751,481,485,690113,10026,1549861,6701100
2752,498,507,689615,10017,1550368,6678900
2753,491,534,689124,9974,1550902,6737800
2754,488,497,688636,9965,1551399,6608000
2755,455,498,688181,9922,1551897,6723600
2756,518,489,687663,9951,1552386,6727900
2757,500,472,687163,9979,1552858,6931500
2758,485,507,686678,9957,1553365,6992400
2759,447,499,686231,9905,1553864,6813300
2760,538,533,685693,9910,1554397,6943500
2761,479,475,685214,9914,1554872,6779300
2762,473,516,684741,9871,1555388,7073000
2763,546,511,684195,9906,1555899,6601800
2764,484,514,683711,9876,1556413,6685500
2765,512,478,683199,9910,1556891,6651700
2766,460,466,682739,9904,1557357,7190500
2767,518,498,682221,9924,1557855,6596900
2768,488,490,681733,9922,1558345,6592100
2769,531,462,681202,9991,1558807,6582700
2770,507,514,680695,9984,1559321,6651200
2771,528,496,680167,10016,1559817,6557700
2772,483,501,679684,9998,1560318,6766600
2773,475,475,679209,9998,1560793,7059600
2774,503,537,678706,9964,1561330,6558300
2775,498,533,678208,9929,1561863,6679500
2776,492,469,677716,9952,1562332,6671800
2777,475,471,677241,9956,1562803,6673800
2778,550,484,676691,10022,1563287,6668900
2779,462,477,676229,10007,1563764,6665800
2780,479,514,675750,9972,1564278,6704700
2781,496,501,675254,9967,1564779,6558500
2782,508,515,674746,9960,1565294,6666800
2783,518,487,674228,9991,1565781,6528600
2784,542,485,673686,10048,1566266,6655500
2785,500,500,673186,10048,1566766,6694600
2786,505,475,672681,10078,1567241,6710300
2787,517,520,672164,10075,1567761,6901900
2788,479,509,671685,10045,1568270,6995600
2789,515,491,671170,10069,1568761,6668900
2790,494,512,670676,10051,1569273,6560700
2791,501,499,670175,10053,1569772,6585000
2792,486,509,669689,10030,1570281,6393900
2793,475,532,669214,9973,1570813,6359500
2794,497,554,668717,9916,1571367,6866700
2795,473,500,668244,9889,1571867,6429200
2796,489,478,667755,9900,1572345,6542900
2797,476,449,667279,9927,1572794,6423600
2798,453,493,666826,9887,1573287,7092000
2799,464,528,666362,9823,1573815,6931100
2800,511,460,665851,9874,1574275,6454500
2801,463,465,665388,9872,1574740,6442700
2802,505,489,664883,9888,1575229,6408000
2803,486,515,664397,9859,1575744,6486400
2804,474,481,663923,9852,1576225,6639000
2805,458,464,663465,9846,1576689,6677300
2806,503,485,662962,9864,1577174,6461100
2807,474,483,662488,9855,1577657,6413700
2808,478,501,662010,9832,1578158,7407200
2809,478,553,661532,9757,1578711,6485200
2810,512,474,661020,9795,1579185,6465300
2811,456,454,660564,9797,1579639,6434100
2812,489,474,660075,9812,1580113,6423300
2813,494,483,659581,9823,1580596,6602800
2814,463,504,659118,9782,1581100,6588500
2815,497,457,658621,9822,1581557,6683100
2816,468,522,658153,9768,1582079,6553700
2817,476,463,657677,9781,1582542,6877200
2818,513,481,657164,9813,1583023,6553700
2819,470,484,656694,9799,1583507,6408500
2820,459,493,656235,9765,1584000,6421600
2821,494,490,655741,9769,1584490,6366200
2822,479,424,655262,9824,1584914,6411500
2823,493,506,654769,9811,1585420,6374800
2824,485,495,654284,9801,1585915,6331400
2825,462,465,653822,9798,1586380,6367200
2826,494,485,653328,9807,1586865,6272500
2827,477,491,652851,9793,1587356,6461700
2828,498,462,652353,9829,1587818,6398200
2829,455,491,651898,9793,1588309,6329900
2830,467,496,651431,9764,1588805,6292700
2831,446,468,650985,9742,1589273,6252500
2832,464,473,650521,9733,1589746,6417300
2833,465,489,650056,9709,1590235,6303700
2834,441,489,649615,9661,1590724,6282200
2835,463,489,649152,9635,1591213,6323800
2836,447,478,648705,9604,1591691,6272000
2837,460,494,648245,9570,1592185,6419100
2838,451,524,647794,9497,1592709,6266600
2839,436,474,647358,9459,1593183,6316800
2840,441,466,646917,9434,1593649,6256600
2841,427,506,646490,9355,1594155,6254100
2842,468,449,646022,9374,1594604,6480200
2843,426,481,645596,9319,1595085,6321100
2844,477,470,645119,9326,1595555,6366600
2845,449,443,644670,9332,1595998,6262700
2846,467,420,644203,9379,1596418,6546500
2847,450,499,643753,9330,1596917,6810500
2848,440,454,643313,9316,1597371,6260900
2849,491,439,642822,9368,1597810,7132600
2850,434,480,642388,9322,1598290,6278500
2851,466,481,641922,9307,1598771,6329000
2852,500,458,641422,9349,1599229,6275100
2853,489,454,640933,9384,1599683,6570600
2854,448,472,640485,9360,1600155,6453700
2855,496,516,639989,9340,1600671,6428900
2856,478,418,639511,9400,1601089,7027000
2857,459,466,639052,9393,1601555,6398000
2858,481,470,638571,9404,1602025,6609300
2859,503,480,638068,9427,1602505,6783600
2860,450,531,637618,9346,1603036,6452800
2861,459,428,637159,9377,1603464,6572200
2862,469,511,636690,9335,1603975,6343600
2863,490,468,636200,9357,1604443,6502300
2864,493,465,635707,9385,1604908,6391500
2865,492,527,635215,9350,1605435,6351700
2866,427,521,634788,9256,1605956,6740800
2867,428,449,634360,9235,1606405,6466500
2868,436,458,633924,9213,1606863,6786600
2869,457,438,633467,9232,1607301,6354200
2870,460,438,633007,9254,1607739,6379300
2871,472,461,632535,9265,1608200,6337200
2872,463,450,632072,9278,1608650,6328200
2873,476,443,631596,9311,1609093,6822700
2874,476,486,631120,9301,1609579,6393900
2875,471,465,630649,9307,1610044,6685800
2876,466,478,630183,9295,1610522,6795200
2877,465,472,629718,9288,1610994,6338400
2878,496,445,629222,9339,1611439,6435000
2879,472,469,628750,9342,1611908,6402900
2880,458,426,628292,9374,1612334,6289100
2881,440,484,627852,9330,1612818,6317600
2882,436,469,627416,9297,1613287,6233200
2883,475,463,626941,9309,1613750,6351200
2884,446,437,626495,9318,1614187,6341500
2885,445,472,626050,9291,1614659,6656300
2886,468,476,625582,9283,1615135,6587500
2887,487,455,625095,9315,1615590,6278900
2888,429,478,624666,9266,1616068,6422200
2889,466,474,624200,9258,1616542,6363300
2890,427,424,623773,9261,1616966,6316500
2891,437,485,623336,9213,1617451,6279000
2892,442,438,622894,9217,1617889,6220300
2893,418,474,622476,9161,1618363,7593300
2894,466,462,622010,9165,1618825,8252800
2895,466,435,621544,9196,1619260,7038500
2896,434,467,621110,9163,1619727,6461500
2897,459,474,620651,9148,1620201,6502900
2898,437,472,620214,9113,1620673,6520400
2899,392,447,619822,9058,1621120,6626000
2900,474,448,619348,9084,1621568,8124300
2901,434,473,618914,9045,1622041,8016700
2902,468,429,618446,9084,1622470,7523900
2903,388,461,618058,9011,1622931,8080700
2904,459,457,617599,9013,1623388,6497500
2905,437,454,617162,8996,1623842,6449400
2906,465,435,616697,9026,1624277,6435700
2907,487,441,616210,9072,1624718,6400100
2908,463,433,615747,9102,1625151,6481600
2909,496,483,615251,9115,1625634,6423900
2910,439,428,614812,9126,1626062,6444500
2911,445,441,614367,9130,1626503,6475800
2912,425,480,613942,9075,1626983,6496100
2913,435,413,613507,9097,1627396,6540000
2914,417,470,613090,9044,1627866,6453000
2915,415,472,612675,8987,1628338,6462300
2916,416,450,612259,8953,1628788,6445400
2917,440,470,611819,8923,1629258,6427400
2918,461,471,611358,8913,1629729,6493400
2919,447,459,610911,8901,1630188,6456800
2920,445,457,610466,8889,1630645,6513300
2921,418,436,610048,8871,1631081,6445700
2922,435,480,609613,8826,1631561,6468800
2923,458,423,609155,8861,1631984,7369800
2924,447,455,608708,8853,1632439,6474600
2925,457,427,608251,8883,1632866,6342700
2926,423,440,607828,8866,1633306,6394700
2927,470,475,607358,8861,1633781,6317600
2928,449,434,606909,8876,1634215,6820800
2929,493,457,606416,8912,1634672,6304900
2930,472,419,605944,8965,1635091,7211900
2931,441,446,605503,8960,1635537,6460000
2932,456,436,605047,8980,1635973,6889800
2933,430,420,604617,8990,1636393,6633100
2934,451,438,604166,9003,1636831,6540200
2935,438,470,603728,8971,1637301,6596800
2936,452,467,603276,8956,1637768,6525900
2937,454,451,602822,8959,1638219,6636400
2938,459,485,602363,8933,1638704,6747000
2939,458,462,601905,8929,1639166,6733300
2940,438,439,601467,8928,1639605,6648100
2941,456,443,601011,8941,1640048,6516500
2942,447,446,600564,8942,1640494,6601200
2943,478,450,600086,8970,1640944,6502400
2944,459,424,599627,9005,1641368,6798100
2945,481,449,599146,9037,1641817,6930900
2946,440,459,598706,9018,1642276,6596600
2947,452,468,598254,9002,1642744,6664000
2948,454,438,597800,9018,1643182,6576800
2949,456,419,597344,9055,1643601,6622400
2950,440,461,596904,9034,1644062,6466200
2951,449,459,596455,9024,1644521,6790800
2952,465,408,595990,9081,1644929,6773900
2953,402,460,595588,9023,1645389,6549500
2954,457,458,595131,9022,1645847,6573900
2955,462,478,594669,9006,1646325,6523300
2956,460,450,594209,9016,1646775,6830700
2957,458,465,593751,9009,1647240,6551700
2958,444,460,593307,8993,1647700,6704300
2959,475,474,592832,8994,1648174,6747800
2960,431,434,592401,8991,1648608,6535900
2961,441,442,591960,8990,1649050,6691200
2962,454,474,591506,8970,1649524,6427600
2963,457,448,591049,8979,1649972,6716600
2964,459,431,590590,9007,1650403,6440500
2965,470,422,590120,9055,1650825,6291500
2966,497,423,589623,9129,1651248,6391100
2967,478,431,589145,9176,1651679,6365400
2968,453,463,588692,9166,1652142,6574900
2969,448,463,588244,9151,1652605,6570200
2970,463,491,587781,9123,1653096,6603000
2971,447,465,587334,9105,1653561,6844100
2972,457,459,586877,9103,1654020,6885600
2973,516,526,586361,9093,1654546,6621800
2974,414,555,585947,8952,1655101,6495800
2975,477,478,585470,8951,1655579,6515000
2976,425,449,585045,8927,1656028,6469900
2977,462,463,584583,8926,1656491,6452700
2978,474,447,584109,8953,1656938,6565100
2979,466,493,583643,8926,1657431,6854200
2980,474,485,583169,8915,1657916,6671500
2981,446,413,582723,8948,1658329,6455100
2982,446,438,582277,8956,1658767,6550800
2983,441,427,581836,8970,1659194,6450800
2984,467,471,581369,8966,1659665,6446200
2985,477,436,580892,9007,1660101,6410700
2986,473,459,580419,9021,1660560,6439600
2987,410,459,580009,8972,1661019,6461100
2988,469,436,579540,9005,1661455,6377800
2989,449,484,579091,8970,1661939,6850500
2990,463,468,578628,8965,1662407,6645100
2991,449,443,578179,8971,1662850,6414300
2992,454,447,577725,8978,1663297,6398700
2993,417,419,577308,8976,1663716,6400400
2994,500,456,576808,9020,1664172,6530900
2995,472,435,576336,9057,1664607,6403900
2996,451,508,575885,9000,1665115,6384600
2997,456,454,575429,9002,1665569,6414000
2998,467,453,574962,9016,1666022,6511700
2999,475,450,574487,9041,1666472,6520600
3000,463,458,574024,9046,1666930,6400700
3001,447,453,573577,9040,1667383,6713300
3002,420,451,573157,9009,1667834,6336400
3003,478,459,572679,9028,1668293,6784500
3004,449,471,572230,9006,1668764,6480900
3005,400,451,571830,8955,1669215,6490500
3006,436,432,571394,8959,1669647,6436500
3007,473,424,570921,9008,1670071,6348600
3008,486,424,570435,9070,1670495,7038000
3009,443,442,569992,9071,1670937,6529700
3010,480,439,569512,9112,1671376,6358200
3011,485,457,569027,9140,1671833,6374000
3012,475,432,568552,9183,1672265,6353100
3013,451,445,568101,9189,1672710,6385500
3014,485,475,567616,9199,1673185,6437300
3015,441,469,567175,9171,1673654,6744900
3016,433,487,566742,9117,1674141,6507900
3017,454,400,566288,9171,1674541,6428500
3018,438,455,565850,9154,1674996,7013600
3019,428,475,565422,9107,1675471,6410600
3020,441,408,564981,9140,1675879,6349200
3021,423,445,564558,9118,1676324,6337400
3022,425,405,564133,9138,1676729,6330600
3023,440,474,563693,9104,1677203,6348300
3024,416,431,563277,9089,1677634,6379100
3025,423,467,562854,9045,1678101,6413400
3026,428,444,562426,9029,1678545,6415500
3027,432,467,561994,8994,1679012,6408000
3028,441,428,561553,9007,1679440,6370400
3029,405,426,561148,8986,1679866,6331000
3030,431,464,560717,8953,1680330,6440400
3031,384,425,560333,8912,1680755,6450500
3032,414,451,559919,8875,1681206,6484900
3033,423,453,559496,8845,1681659,6372900
3034,432,475,559064,8802,1682134,6333100
3035,439,466,558625,8775,1682600,6999300
3036,461,462,558164,8774,1683062,6410500
3037,408,440,557756,8742,1683502,6641400
3038,437,416,557319,8763,1683918,6278900
3039,417,459,556902,8721,1684377,6228300
3040,442,437,556460,8726,1684814,6429500
3041,422,416,556038,8732,1685230,6189100
3042,432,437,555606,8727,1685667,6797600
3043,439,414,555167,8752,1686081,6545800
3044,453,441,554714,8764,1686522,6402500
3045,490,447,554224,8807,1686969,6507100
3046,433,434,553791,8806,1687403,6740800
3047,438,417,553353,8827,1687820,6495400
3048,441,415,552912,8853,1688235,6265000
3049,425,463,552487,8815,1688698,6199500
3050,434,456,552053,8793,1689154,6244400
3051,445,432,551608,8806,1689586,6230200
3052,437,405,551171,8838,1689991,6458400
3053,446,452,550725,8832,1690443,6318800
3054,443,468,550282,8807,1690911,6346700
3055,452,432,549830,8827,1691343,6280500
3056,447,444,549383,8830,1691787,8253900
3057,425,410,548958,8845,1692197,7679700
3058,441,442,548517,8844,1692639,8017900
3059,452,461,548065,8835,1693100,6789300
3060,443,422,547622,8856,1693522,6822700
3061,455,402,547167,8909,1693924,7406300
3062,422,442,546745,8889,1694366,6331300
3063,467,438,546278,8918,1694804,6297200
3064,446,430,545832,8934,1695234,6331500
3065,442,418,545390,8958,1695652,6636000
3066,452,461,544938,8949,1696113,6305000
3067,413,451,544525,8911,1696564,6270000
3068,437,430,544088,8918,1696994,6335700
3069,459,460,543629,8917,1697454,6364600
3070,456,413,543173,8960,1697867,6440500
3071,433,444,542740,8949,1698311,6281600
3072,438,460,542302,8927,1698771,6278300
3073,452,442,541850,8937,1699213,6318800
3074,455,463,541395,8929,1699676,6369100
3075,464,452,540931,8941,1700128,6395000
3076,446,424,540485,8963,1700552,6277100
3077,448,482,540037,8929,1701034,6394100
3078,467,418,539570,8978,1701452,7156400
3079,391,477,539179,8892,1701929,6272300
3080,436,434,538743,8894,1702363,6385300
3081,429,419,538314,8904,1702782,6258800
3082,444,468,537870,8880,1703250,6402100
3083,416,422,537454,8874,1703672,6615800
3084,435,417,537019,8892,1704089,6541300
3085,437,407,536582,8922,1704496,6484300
3086,420,455,536162,8887,1704951,6417800
3087,457,434,535705,8910,1705385,6399600
3088,479,473,535226,8916,1705858,6341100
3089,449,448,534777,8917,1706306,6341900
3090,434,458,534343,8893,1706764,6381000
3091,441,447,533902,8887,1707211,6279600
3092,440,455,533462,8872,1707666,6473100
3093,412,469,533050,8815,1708135,6474600
3094,445,442,532605,8818,1708577,6407100
3095,426,455,532179,8789,1709032,6537000
3096,434,461,531745,8762,1709493,6491200
3097,445,450,531300,8757,1709943,6278700
3098,463,396,530837,8824,1710339,6249400
3099,452,430,530385,8846,1710769,6206000
3100,418,463,529967,8801,1711232,6362600
3101,456,474,529511,8783,1711706,6381400
3102,425,416,529086,8792,1712122,6326000
3103,446,451,528640,8787,1712573,6525700
3104,440,449,528200,8778,1713022,6443400
3105,395,432,527805,8741,1713454,6552900
3106,459,461,527346,8739,1713915,6496000
3107,487,449,526859,8777,1714364,6378300
3108,437,445,526422,8769,1714809,6324300
3109,437,429,525985,8777,1715238,6313600
3110,442,468,525543,8751,1715706,6305300
3111,415,418,525128,8748,1716124,6257700
3112,433,458,524695,8723,1716582,6351100
3113,437,455,524258,8705,1717037,6272300
3114,429,414,523829,8720,1717451,6576100
3115,415,461,523414,8674,1717912,6546600
3116,458,441,522956,8691,1718353,6234000
3117,413,452,522543,8652,1718805,6487900
3118,459,417,522084,8694,1719222,6430200
3119,412,420,521672,8686,1719642,6714100
3120,397,440,521275,8643,1720082,6470200
3121,424,451,520851,8616,1720533,6418600
3122,422,447,520429,8591,1720980,6742200
3123,431,437,519998,8585,1721417,6608300
3124,419,451,519579,8553,1721868,6696500
3125,463,441,519116,8575,1722309,6733800
3126,429,412,518687,8592,1722721,7271800
3127,436,408,518251,8620,1723129,6908900
3128,426,473,517825,8573,1723602,6478300
3129,359,437,517466,8495,1724039,6545400
3130,432,427,517034,8500,1724466,6445900
3131,425,420,516609,8505,1724886,6725700
3132,433,436,516176,8502,1725322,6419600
3133,438,407,515738,8533,1725729,6442000
3134,423,384,515315,8572,1726113,6420600
3135,395,442,514920,8525,1726555,6397000
3136,464,415,514456,8574,1726970,6465800
3137,427,464,514029,8537,1727434,6475900
3138,422,395,513607,8564,1727829,6375900
3139,423,423,513184,8564,1728252,6388900
3140,401,440,512783,8525,1728692,6357500
3141,444,418,512339,8551,1729110,6491500
3142,427,445,511912,8533,1729555,6516000
3143,426,472,511486,8487,1730027,6538100
3144,411,408,511075,8490,1730435,6551300
3145,427,410,510648,8507,1730845,6504900
3146,395,434,510253,8468,1731279,6513100
3147,404,453,509849,8419,1731732,6354700
3148,395,448,509454,8366,1732180,6330900
3149,412,408,509042,8370,1732588,6275700
3150,455,423,508587,8402,1733011,8480300
3151,400,425,508187,8377,1733436,7489800
3152,411,413,507776,8375,1733849,6455500
3153,388,450,507388,8313,1734299,6304600
3154,383,428,507005,8268,1734727,6359200
3155,409,399,506596,8278,1735126,6312400
3156,381,421,506215,8238,1735547,6253700
3157,384,424,505831,8198,1735971,6230900
3158,376,393,505455,8181,1736364,6418200
3159,397,419,505058,8159,1736783,6246500
3160,400,372,504658,8187,1737155,6351100
3161,396,407,504262,8176,1737562,6439000
3162,369,437,503893,8108,1737999,6823800
3163,368,429,503525,8047,1738428,6335200
3164,413,404,503112,8056,1738832,6216100
3165,350,391,502762,8015,1739223,6248400
3166,376,402,502386,7989,1739625,6200100
3167,379,419,502007,7949,1740044,6240500
3168,391,398,501616,7942,1740442,6280000
3169,393,396,501223,7939,1740838,6255000
3170,379,384,500844,7934,1741222,6283500
3171,366,415,500478,7885,1741637,6230100
3172,379,364,500099,7900,1742001,6554500
3173,384,368,499715,7916,1742369,6258300
3174,358,373,499357,7901,1742742,6278800
3175,395,406,498962,7890,1743148,6242900
3176,372,385,498590,7877,1743533,6172100
3177,420,402,498170,7895,1743935,6311300
3178,377,411,497793,7861,1744346,6174400
3179,382,394,497411,7849,1744740,6314200
3180,388,393,497023,7844,1745133,6229000
3181,375,423,496648,7796,1745556,6283500
3182,390,379,496258,7807,1745935,6432800
3183,400,374,495858,7833,1746309,6167500
3184,410,386,495448,7857,1746695,6290900
3185,409,372,495039,7894,1747067,6197700
3186,385,385,494654,7894,1747452,6170200
3187,345,369,494309,7870,1747821,6367300
3188,366,380,493943,7856,1748201,6232400
3189,373,415,493570,7814,1748616,6228600
3190,401,392,493169,7823,1749008,6289300
3191,398,425,492771,7796,1749433,6179400
3192,363,392,492408,7767,1749825,6259600
3193,402,399,492006,7770,1750224,6286300
3194,379,387,491627,7762,1750611,6311300
3195,387,396,491240,7753,1751007,6200300
3196,387,391,490853,7749,1751398,6250700
3197,386,377,490467,7758,1751775,6368700
3198,395,391,490072,7762,1752166,6236700
3199,386,398,489686,7750,1752564,6243700
3200,381,372,489305,7759,1752936,6312500
3201,427,382,488878,7804,1753318,6340700
3202,381,360,488497,7825,1753678,6584400
3203,450,415,488047,7860,1754093,6262500
3204,395,401,487652,7854,1754494,6265100
3205,401,373,487251,7882,1754867,6218500
3206,413,382,486838,7913,1755249,6266400
3207,403,401,486435,7915,1755650,6330900
3208,403,398,486032,7920,1756048,6231500
3209,427,369,485605,7978,1756417,6382800
3210,370,405,485235,7943,1756822,6252700
3211,383,410,484852,7916,1757232,6353700
3212,380,393,484472,7903,1757625,6324400
3213,382,386,484090,7899,1758011,6253300
3214,442,397,483648,7944,1758408,6387500
3215,436,387,483212,7993,1758795,6310500
3216,432,431,482780,7994,1759226,6533200
3217,408,440,482372,7962,1759666,6650700
3218,450,386,481922,8026,1760052,6414300
3219,415,388,481507,8053,1760440,7350900
3220,397,390,481110,8060,1760830,6450900
3221,426,394,480684,8092,1761224,7118800
3222,423,404,480261,8111,1761628,6413600
3223,416,428,479845,8099,1762056,6335900
3224,428,398,479417,8129,1762454,6361600
3225,435,394,478982,8170,1762848,6361300
3226,394,416,478588,8148,1763264,7195900
3227,429,411,478159,8166,1763675,6440900
3228,361,355,477798,8172,1764030,6467400
3229,418,430,477380,8160,1764460,6356700
3230,404,440,476976,8124,1764900,6380800
3231,395,393,476581,8126,1765293,6488700
3232,406,417,476175,8115,1765710,6405800
3233,392,377,475783,8130,1766087,6385100
3234,382,418,475401,8094,1766505,6322400
3235,396,393,475005,8097,1766898,6711000
3236,412,402,474593,8107,1767300,6530300
3237,386,407,474207,8086,1767707,6498400
3238,398,402,473809,8082,1768109,6472400
3239,390,365,473419,8107,1768474,6400900
3240,383,421,473036,8069,1768895,6628700
3241,384,419,472652,8034,1769314,6478200
3242,371,407,472281,7998,1769721,6668400
3243,407,402,471874,8003,1770123,6417500
3244,416,372,471458,8047,1770495,6768600
3245,376,408,471082,8015,1770903,6554100
3246,425,389,470657,8051,1771292,6534600
3247,396,388,470261,8059,1771680,6405400
3248,375,402,469886,8032,1772082,6371300
3249,379,391,469507,8020,1772473,6455200
3250,403,384,469104,8039,1772857,6720500
3251,351,416,468753,7974,1773273,6598400
3252,417,426,468336,7965,1773699,6597700
3253,391,427,467945,7929,1774126,6743800
3254,387,399,467558,7917,1774525,6745600
3255,393,375,467165,7935,1774900,6382100
3256,380,353,466785,7962,1775253,6289300
3257,401,432,466384,7931,1775685,6275500
3258,386,374,465998,7943,1776059,6185000
3259,388,400,465610,7931,1776459,6293800
3260,383,416,465227,7898,1776875,6224900
3261,401,389,464826,7910,1777264,6227600
3262,403,400,464423,7913,1777664,7092000
3263,373,451,464050,7835,1778115,6382800
3264,414,405,463636,7844,1778520,6852600
3265,370,397,463266,7817,1778917,6770800
3266,374,417,462892,7774,1779334,6273100
3267,399,371,462493,7802,1779705,6233200
3268,419,410,462074,7811,1780115,6287700
3269,386,419,461688,7778,1780534,6432900
3270,388,374,461300,7792,1780908,6379900
3271,403,376,460897,7819,1781284,6323800
3272,383,377,460514,7825,1781661,6381200
3273,415,388,460099,7852,1782049,6309700
3274,392,410,459707,7834,1782459,6418900
3275,395,391,459312,7838,1782850,6366500
3276,414,389,458898,7863,1783239,6344900
3277,417,386,458481,7894,1783625,6408000
3278,404,424,458077,7874,1784049,6374400
3279,426,388,457651,7912,1784437,6590900
3280,407,409,457244,7910,1784846,6544200
3281,432,394,456812,7948,1785240,6569200
3282,401,441,456411,7908,1785681,6631600
3283,397,392,456014,7913,1786073,6901200
3284,411,385,455603,7939,1786458,6578100
3285,410,372,455193,7977,1786830,6443400
3286,391,362,454802,8006,1787192,6412000
3287,383,401,454419,7988,1787593,6534400
3288,381,407,454038,7962,1788000,6323100
3289,384,377,453654,7969,1788377,6574600
3290,428,394,453226,8003,1788771,6379000
3291,394,397,452832,8000,1789168,7000400
3292,394,384,452438,8010,1789552,6421600
3293,439,417,451999,8032,1789969,6600000
3294,371,389,451628,8014,1790358,6524400
3295,398,411,451230,8001,1790769,7326500
3296,392,391,450838,8002,1791160,6463800
3297,406,402,450432,8006,1791562,6504600
3298,399,416,450033,7989,1791978,6724700
3299,374,445,449659,7918,1792423,6819300
3300,364,368,449295,7914,1792791,7627900
3301,415,341,448880,7988,1793132,6325200
3302,396,402,448484,7982,1793534,6369200
3303,381,406,448103,7957,1793940,6430200
3304,393,385,447710,7965,1794325,6456500
3305,394,411,447316,7948,1794736,6452100
3306,408,423,446908,7933,1795159,6446800
3307,416,405,446492,7944,1795564,6633400
3308,399,425,446093,7918,1795989,6417600
3309,381,413,445712,7886,1796402,6434500
3310,419,383,445293,7922,1796785,6451300
3311,406,387,444887,7941,1797172,6332100
3312,405,389,444482,7957,1797561,6748700
3313,427,429,444055,7955,1797990,6530700
3314,401,412,443654,7944,1798402,6453600
3315,374,399,443280,7919,1798801,6517400
3316,376,403,442904,7892,1799204,6480800
3317,369,416,442535,7845,1799620,6531100
3318,383,369,442152,7859,1799989,6449900
3319,394,388,441758,7865,1800377,6467900
3320,378,380,441380,7863,1800757,6453900
3321,396,377,440984,7882,1801134,6433500
3322,403,363,440581,7922,1801497,6494400
3323,352,385,440229,7889,1801882,6495300
3324,396,385,439833,7900,1802267,6482900
3325,397,437,439436,7860,1802704,6470000
3326,377,378,439059,7859,1803082,6448800
3327,409,419,438650,7849,1803501,6511400
3328,397,394,438253,7852,1803895,6393000
3329,370,372,437883,7850,1804267,6712000
3330,382,379,437501,7853,1804646,6555900
3331,383,360,437118,7876,1805006,6527500
3332,370,423,436748,7823,1805429,6639900
3333,363,396,436385,7790,1805825,6431800
3334,372,418,436013,7744,1806243,6496000
3335,382,428,435631,7698,1806671,6353400
3336,356,376,435275,7678,1807047,6757100
3337,360,393,434915,7645,1807440,6859400
3338,397,360,434518,7682,1807800,6368800
3339,367,388,434151,7661,1808188,6331900
3340,390,379,433761,7672,1808567,6245000
3341,377,390,433384,7659,1808957,6328500
3342,338,375,433046,7622,1809332,6170000
3343,401,387,432645,7636,1809719,6202100
3344,397,348,432248,7685,1810067,6354900
3345,376,376,431872,7685,1810443,6182700
3346,372,397,431500,7660,1810840,6399800
3347,379,378,431121,7661,1811218,6172200
3348,382,371,430739,7672,1811589,6169500
3349,399,396,430340,7675,1811985,6154200
3350,386,388,429954,7673,1812373,6140200
3351,389,380,429565,7682,1812753,6364000
3352,398,404,429167,7676,1813157,6277000
3353,360,414,428807,7622,1813571,6326800
3354,398,382,428409,7638,1813953,6260800
3355,360,399,428049,7599,1814352,6194900
3356,329,341,427720,7587,1814693,6557600
3357,363,365,427357,7585,1815058,6162500
3358,354,398,427003,7541,1815456,6185600
3359,389,379,426614,7551,1815835,6119000
3360,362,373,426252,7540,1816208,6160200
3361,365,372,425887,7533,1816580,6202600
3362,373,344,425514,7562,1816924,6132000
3363,363,372,425151,7553,1817296,6205100
3364,381,358,424770,7576,1817654,6327500
3365,380,405,424390,7551,1818059,6370600
3366,371,383,424019,7539,1818442,6958200
3367,387,387,423632,7539,1818829,6440300
3368,341,359,423291,7521,1819188,6306600
3369,349,385,422942,7485,1819573,6156800
3370,373,370,422569,7488,1819943,6185700
3371,357,397,422212,7448,1820340,6242700
3372,399,377,421813,7470,1820717,6258500
3373,350,379,421463,7441,1821096,6278000
3374,368,352,421095,7457,1821448,6264400
3375,359,369,420736,7447,1821817,6322700
3376,402,363,420334,7486,1822180,6388800
3377,381,375,419953,7492,1822555,6481000
3378,372,395,419581,7469,1822950,6307200
3379,357,399,419224,7427,1823349,6326300
3380,389,387,418835,7429,1823736,6294300
3381,391,382,418444,7438,1824118,6356700
3382,351,341,418093,7448,1824459,6324000
3383,383,350,417710,7481,1824809,6289100
3384,377,359,417333,7499,1825168,6508300
3385,369,399,416964,7469,1825567,6308800
3386,382,342,416582,7509,1825909,7293500
3387,394,411,416188,7492,1826320,6579100
3388,424,382,415764,7534,1826702,6526700
3389,385,361,415379,7558,1827063,6314600
3390,347,371,415032,7534,1827434,6305200
3391,361,392,414671,7503,1827826,6322100
3392,386,353,414285,7536,1828179,6547700
3393,378,381,413907,7533,1828560,7225100
3394,367,356,413540,7544,1828916,6374100
3395,410,380,413130,7574,1829296,6473300
3396,368,396,412762,7546,1829692,6442100
3397,377,394,412385,7529,1830086,6511500
3398,364,404,412021,7489,1830490,6403100
3399,365,381,411656,7473,1830871,6364300
3400,379,361,411277,7491,1831232,6378600
3401,355,386,410922,7460,1831618,6269600
3402,376,384,410546,7452,1832002,6526100
3403,380,373,410166,7459,1832375,6855700
3404,395,367,409771,7487,1832742,6302700
3405,343,383,409428,7447,1833125,6792100
3406,352,393,409076,7406,1833518,6668400
3407,356,362,408720,7400,1833880,6478200
3408,358,379,408362,7379,1834259,6417400
3409,331,371,408031,7339,1834630,6300200
3410,350,387,407681,7302,1835017,6308300
3411,326,363,407355,7265,1835380,6281800
3412,345,343,407010,7267,1835723,6236100
3413,371,362,406639,7276,1836085,6250000
3414,338,348,406301,7266,1836433,6242900
3415,332,336,405969,7262,1836769,6378700
3416,381,358,405588,7285,1837127,6226800
3417,357,390,405231,7252,1837517,7082100
3418,408,344,404823,7316,1837861,6267500
3419,351,338,404472,7329,1838199,6301600
3420,318,352,404154,7295,1838551,6191900
3421,359,363,403795,7291,1838914,6156700
3422,377,364,403418,7304,1839278,6575700
3423,336,398,403082,7242,1839676,6391000
3424,353,379,402729,7216,1840055,6520600
3425,361,359,402368,7218,1840414,6850700
3426,354,355,402014,7217,1840769,6790800
3427,336,358,401678,7195,1841127,6708300
3428,342,382,401336,7155,1841509,6211000
3429,373,350,400963,7178,1841859,6216200
3430,358,359,400605,7177,1842218,6173300
3431,344,356,400261,7165,1842574,6386200
3432,342,343,399919,7164,1842917,6220700
3433,369,349,399550,7184,1843266,6185900
3434,318,347,399232,7155,1843613,6254500
3435,346,349,398886,7152,1843962,6264000
3436,351,356,398535,7147,1844318,6604800
3437,373,380,398162,7140,1844698,7580100
3438,336,361,397826,7115,1845059,7149000
3439,334,359,397492,7090,1845418,6774400
3440,325,370,397167,7045,1845788,6801700
3441,362,346,396805,7061,1846134,7863800
3442,353,342,396452,7072,1846476,8025900
3443,325,370,396127,7027,1846846,6751700
3444,352,340,395775,7039,1847186,6682400
3445,402,337,395373,7104,1847523,6265200
3446,364,345,395009,7123,1847868,6167200
3447,324,353,394685,7094,1848221,6201600
3448,328,345,394357,7077,1848566,6465800
3449,335,356,394022,7056,1848922,6117700
3450,345,350,393677,7051,1849272,6167200
3451,351,365,393326,7037,1849637,6173000
3452,344,363,392982,7018,1850000,6113000
3453,343,346,392639,7015,1850346,6531000
3454,305,353,392334,6967,1850699,6182000
3455,333,305,392001,6995,1851004,6248500
3456,343,355,391658,6983,1851359,6170200
3457,339,315,391319,7007,1851674,6213900
3458,347,337,390972,7017,1852011,6218000
3459,351,322,390621,7046,1852333,6259400
3460,322,345,390299,7023,1852678,6229400
3461,331,344,389968,7010,1853022,6219200
3462,339,363,389629,6986,1853385,6258000
3463,353,331,389276,7008,1853716,6290500
3464,338,360,388938,6986,1854076,6314500
3465,348,358,388590,6976,1854434,6511400
3466,361,337,388229,7000,1854771,6443000
3467,334,346,387895,6988,1855117,6430700
3468,336,370,387559,6954,1855487,6300200
3469,359,355,387200,6958,1855842,6352900
3470,339,325,386861,6972,1856167,6291000
3471,328,343,386533,6957,1856510,6225700
3472,335,339,386198,6953,1856849,6424100
3473,321,326,385877,6948,1857175,6207400
3474,339,355,385538,6932,1857530,6324300
3475,339,350,385199,6921,1857880,6269200
3476,326,331,384873,6916,1858211,6142800
3477,358,352,384515,6922,1858563,6181900
3478,302,334,384213,6890,1858897,6154000
3479,323,327,383890,6886,1859224,6189600
3480,318,329,383572,6875,1859553,6176000
3481,304,329,383268,6850,1859882,6090900
3482,332,349,382936,6833,1860231,6167300
3483,331,311,382605,6853,1860542,6260900
3484,338,330,382267,6861,1860872,6318700
3485,321,347,381946,6835,1861219,6654100
3486,344,364,381602,6815,1861583,6481200
3487,328,364,381274,6779,1861947,6881400
3488,314,328,380960,6765,1862275,6337100
3489,315,341,380645,6739,1862616,6659900
3490,330,347,380315,6722,1862963,6299900
3491,313,313,380002,6722,1863276,6386200
3492,336,349,379666,6709,1863625,6817100
3493,319,334,379347,6694,1863959,6482800
3494,348,340,378999,6702,1864299,6420000
3495,330,319,378669,6713,1864618,6259300
3496,312,344,378357,6681,1864962,6267600
3497,371,313,377986,6739,1865275,6233600
3498,337,339,377649,6737,1865614,6235400
3499,321,352,377328,6706,1865966,6432400
3500,342,302,376986,6746,1866268,6281200
3501,371,334,376615,6783,1866602,6310100
3502,322,328,376293,6777,1866930,6313700
3503,349,368,375944,6758,1867298,6352900
3504,379,362,375565,6775,1867660,6295800
3505,375,315,375190,6835,1867975,6259400
3506,338,343,374852,6830,1868318,6304700
3507,364,365,374488,6829,1868683,6285100
3508,382,356,374106,6855,1869039,6306900
3509,348,311,373758,6892,1869350,6314900
3510,356,298,373402,6950,1869648,6337700
3511,343,386,373059,6907,1870034,6438100
3512,349,323,372710,6933,1870357,6309800
3513,348,361,372362,6920,1870718,6225500
3514,364,334,371998,6950,1871052,6331100
3515,350,363,371648,6937,1871415,6276400
3516,332,354,371316,6915,1871769,6342000
3517,338,332,370978,6921,1872101,6325800
3518,360,347,370618,6934,1872448,6228400
3519,341,343,370277,6932,1872791,6704200
3520,330,338,369947,6924,1873129,6188100
3521,334,320,369613,6938,1873449,6209700
3522,352,363,369261,6927,1873812,6171800
3523,338,351,368923,6914,1874163,6103200
3524,368,316,368555,6966,1874479,6227200
3525,320,352,368235,6934,1874831,6148400
3526,337,347,367898,6924,1875178,6301600
3527,330,355,367568,6899,1875533,6277400
3528,312,347,367256,6864,1875880,6098100
3529,362,357,366894,6869,1876237,6201000
3530,300,365,366594,6804,1876602,6215000
3531,345,334,366249,6815,1876936,6240700
3532,327,319,365922,6823,1877255,6283500
3533,359,328,365563,6854,1877583,6181000
3534,337,331,365226,6860,1877914,6381000
3535,338,330,364888,6868,1878244,6129900
3536,346,353,364542,6861,1878597,6260500
3537,348,312,364194,6897,1878909,6119300
3538,314,314,363880,6897,1879223,6066900
3539,335,329,363545,6903,1879552,6150000
3540,337,362,363208,6878,1879914,6117400
3541,367,338,362841,6907,1880252,6190500
3542,357,325,362484,6939,1880577,6153200
3543,351,364,362133,6926,1880941,6167900
3544,331,324,361802,6933,1881265,6544400
3545,360,350,361442,6943,1881615,6136300
3546,332,364,361110,6911,1881979,6058000
3547,337,368,360773,6880,1882347,6174800
3548,320,330,360453,6870,1882677,6181600
3549,355,352,360098,6873,1883029,6346000
3550,338,307,359760,6904,1883336,6198700
3551,344,328,359416,6920,1883664,6196900
3552,338,331,359078,6927,1883995,6856200
3553,355,343,358723,6939,1884338,6287100
3554,308,346,358415,6901,1884684,6216000
3555,339,348,358076,6892,1885032,6162700
3556,351,354,357725,6889,1885386,6139100
3557,332,356,357393,6865,1885742,6242600
3558,341,352,357052,6854,1886094,6063800
3559,330,339,356722,6845,1886433,6116200
3560,335,337,356387,6843,1886770,6081800
3561,345,323,356042,6865,1887093,6067400
3562,363,357,355679,6871,1887450,6145500
3563,338,355,355341,6854,1887805,6128200
3564,308,333,355033,6829,1888138,6200900
3565,347,329,354686,6847,1888467,6298700
3566,345,351,354341,6841,1888818,6233400
3567,347,324,353994,6864,1889142,6426800
3568,319,361,353675,6822,1889503,6335600
3569,328,339,353347,6811,1889842,6277100
3570,338,341,353009,6808,1890183,6191900
3571,337,365,352672,6780,1890548,6145800
3572,339,315,352333,6804,1890863,6801900
3573,312,315,352021,6801,1891178,6307800
3574,299,359,351722,6741,1891537,6382900
3575,318,329,351404,6730,1891866,6261200
3576,325,336,351079,6719,1892202,6602100
3577,307,332,350772,6694,1892534,6351200
3578,338,328,350434,6704,1892862,6207200
3579,332,341,350102,6695,1893203,6270600
3580,327,324,349775,6698,1893527,6210300
3581,285,322,349490,6661,1893849,6196000
3582,345,358,349145,6648,1894207,6809800
3583,341,325,348804,6664,1894532,6466100
3584,330,305,348474,6689,1894837,6678400
3585,329,330,348145,6688,1895167,6199300
3586,336,330,347809,6694,1895497,6228600
3587,346,326,347463,6714,1895823,6354300
3588,349,347,347114,6716,1896170,6364000
3589,305,362,346809,6659,1896532,7030000
3590,306,355,346503,6610,1896887,6455100
3591,341,334,346162,6617,1897221,6564300
3592,322,359,345840,6580,1897580,6590100
3593,316,356,345524,6540,1897936,6273800
3594,328,341,345196,6527,1898277,6194400
3595,282,305,344914,6504,1898582,6165000
3596,316,341,344598,6479,1898923,6219700
3597,311,308,344287,6482,1899231,6505300
3598,341,303,343946,6520,1899534,6367800
3599,319,338,343627,6501,1899872,6353400
3600,343,320,343284,6524,1900192,6559800
3601,308,342,342976,6490,1900534,6770600
3602,314,315,342662,6489,1900849,6320600
3603,312,330,342350,6471,1901179,6162800
3604,308,319,342042,6460,1901498,6245800
3605,309,326,341733,6443,1901824,6211600
3606,316,323,341417,6436,1902147,6196500
3607,312,330,341105,6418,1902477,6242100
3608,315,322,340790,6411,1902799,6180800
3609,283,319,340507,6375,1903118,6282400
3610,320,346,340187,6349,1903464,6247500
3611,310,335,339877,6324,1903799,6323400
3612,294,334,339583,6284,1904133,6218800
3613,273,311,339310,6246,1904444,6151100
3614,312,306,338998,6252,1904750,6205100
3615,303,291,338695,6264,1905041,6248300
3616,312,311,338383,6265,1905352,6306400
3617,292,308,338091,6249,1905660,6240200
3618,283,291,337808,6241,1905951,6212400
3619,293,273,337515,6261,1906224,6289900
3620,293,331,337222,6223,1906555,6197500
3621,280,320,336942,6183,1906875,6248600
3622,295,321,336647,6157,1907196,6181900
3623,298,342,336349,6113,1907538,6255700
3624,284,294,336065,6103,1907832,6302600
3625,323,289,335742,6137,1908121,6264700
3626,270,297,335472,6110,1908418,6365500
3627,331,311,335141,6130,1908729,6271300
3628,291,312,334850,6109,1909041,6367100
3629,292,293,334558,6108,1909334,6162500
3630,309,272,334249,6145,1909606,6172500
3631,299,307,333950,6137,1909913,6421700
3632,330,309,333620,6158,1910222,6131100
3633,319,341,333301,6136,1910563,6543700
3634,348,325,332953,6159,1910888,6183900
3635,330,318,332623,6171,1911206,6158500
3636,327,332,332296,6166,1911538,6174000
3637,304,274,331992,6196,1911812,7949700
3638,292,318,331700,6170,1912130,6701100
3639,295,297,331405,6168,1912427,6264000
3640,290,295,331115,6163,1912722,6344700
3641,290,298,330825,6155,1913020,6181600
3642,290,311,330535,6134,1913331,6071500
3643,285,305,330250,6114,1913636,6230100
3644,337,302,329913,6149,1913938,6056200
3645,289,296,329624,6142,1914234,6095600
3646,323,292,329301,6173,1914526,6094100
3647,318,322,328983,6169,1914848,6075300
3648,292,290,328691,6171,1915138,6518400
3649,283,305,328408,6149,1915443,6585900
3650,302,311,328106,6140,1915754,6448400
3651,297,308,327809,6129,1916062,6444500
3652,293,302,327516,6120,1916364,6535500
3653,294,294,327222,6120,1916658,6315100
3654,321,318,326901,6123,1916976,6119900
3655,320,311,326581,6132,1917287,6192700
3656,332,291,326249,6173,1917578,6047800
3657,287,338,325962,6122,1917916,6778800
3658,291,329,325671,6084,1918245,6226100
3659,316,296,325355,6104,1918541,6032300
3660,279,295,325076,6088,1918836,6154100
3661,283,310,324793,6061,1919146,6019800
3662,308,283,324485,6086,1919429,6256000
3663,287,308,324198,6065,1919737,6086000
3664,309,290,323889,6084,1920027,6042800
3665,302,316,323587,6070,1920343,6435900
3666,332,309,323255,6093,1920652,6093600
3667,316,336,322939,6073,1920988,6451100
3668,332,295,322607,6110,1921283,6154000
3669,301,297,322306,6114,1921580,6101400
3670,331,293,321975,6152,1921873,6164600
3671,291,287,321684,6156,1922160,6041700
3672,299,319,321385,6136,1922479,6092700
3673,262,289,321123,6109,1922768,6182700
3674,295,282,320828,6122,1923050,6031300
3675,304,301,320524,6125,1923351,6089400
3676,299,281,320225,6143,1923632,6029300
3677,294,330,319931,6107,1923962,6024300
3678,307,296,319624,6118,1924258,6154500
3679,285,318,319339,6085,1924576,6070200
3680,311,306,319028,6090,1924882,6354400
3681,295,327,318733,6058,1925209,6262300
3682,325,321,318408,6062,1925530,6237700
3683,313,306,318095,6069,1925836,6301400
3684,303,306,317792,6066,1926142,6213700
3685,276,291,317516,6051,1926433,6229900
3686,301,296,317215,6056,1926729,6240200
3687,299,303,316916,6052,1927032,6155000
3688,302,303,316614,6051,1927335,6252000
3689,287,285,316327,6053,1927620,6173000
3690,289,305,316038,6037,1927925,6671500
3691,301,280,315737,6058,1928205,6293400
3692,259,337,315478,5980,1928542,6178800
3693,275,317,315203,5938,1928859,6278500
3694,320,316,314883,5942,1929175,6237500
3695,269,293,314614,5918,1929468,6414700
3696,271,278,314343,5911,1929746,6190700
3697,303,276,314040,5938,1930022,6161800
3698,319,291,313721,5966,1930313,6240300
3699,313,305,313408,5974,1930618,6203000
3700,290,293,313118,5971,1930911,6630200
3701,308,281,312810,5998,1931192,6585500
3702,310,277,312500,6031,1931469,6255800
3703,293,278,312207,6046,1931747,6238800
3704,273,318,311934,6001,1932065,6158200
3705,299,344,311635,5956,1932409,6237500
3706,292,320,311343,5928,1932729,6266000
3707,311,319,311032,5920,1933048,6557500
3708,288,279,310744,5929,1933327,6467300
3709,308,286,310436,5951,1933613,6215000
3710,312,293,310124,5970,1933906,7034800
3711,290,278,309834,5982,1934184,6220400
3712,264,325,309570,5921,1934509,6441600
3713,299,304,309271,5916,1934813,6570100
3714,324,310,308947,5930,1935123,6125700
3715,272,280,308675,5922,1935403,6148800
3716,302,270,308373,5954,1935673,6070100
3717,283,311,308090,5926,1935984,6322400
3718,261,283,307829,5904,1936267,6066400
3719,301,292,307528,5913,1936559,6074300
3720,290,304,307238,5899,1936863,6406100
3721,291,335,306947,5855,1937198,6063600
3722,301,285,306646,5871,1937483,6313400
3723,267,274,306379,5864,1937757,6061000
3724,273,284,306106,5853,1938041,6009300
3725,284,299,305822,5838,1938340,6725300
3726,264,291,305558,5811,1938631,6279900
3727,273,288,305285,5796,1938919,6270700
3728,235,289,305050,5742,1939208,6245100
3729,273,270,304777,5745,1939478,6135800
3730,255,303,304522,5697,1939781,6067800
3731,258,291,304264,5664,1940072,6039200
3732,265,274,303999,5655,1940346,7128800
3733,297,325,303702,5627,1940671,6200200
3734,281,278,303421,5630,1940949,6219700
3735,265,279,303156,5616,1941228,6035300
3736,249,265,302907,5600,1941493,6028400
3737,258,258,302649,5600,1941751,6062900
3738,265,271,302384,5594,1942022,5990700
3739,292,278,302092,5608,1942300,6065500
3740,294,305,301798,5597,1942605,6015600
3741,290,302,301508,5585,1942907,5997300
3742,287,247,301221,5625,1943154,6050300
3743,284,304,300937,5605,1943458,6085200
3744,268,272,300669,5601,1943730,6050400
3745,265,284,300404,5582,1944014,6074600
3746,276,292,300128,5566,1944306,5998800
3747,267,278,299861,5555,1944584,6038000
3748,246,259,299615,5542,1944843,5990500
3749,252,261,299363,5533,1945104,6017600
3750,282,271,299081,5544,1945375,6832900
3751,282,274,298799,5552,1945649,6189300
3752,284,262,298515,5574,1945911,6246900
3753,306,309,298209,5571,1946220,6690100
3754,266,271,297943,5566,1946491,6173500
3755,246,308,297697,5504,1946799,6130100
3756,262,276,297435,5490,1947075,6198300
3757,264,263,297171,5491,1947338,6179200
3758,262,265,296909,5488,1947603,6583000
3759,272,304,296637,5456,1947907,6503100
3760,273,289,296364,5440,1948196,6938700
3761,284,267,296080,5457,1948463,6376400
3762,306,277,295774,5486,1948740,6130200
3763,275,277,295499,5484,1949017,6116300
3764,278,279,295221,5483,1949296,6113400
3765,274,271,294947,5486,1949567,6169800
3766,247,287,294700,5446,1949854,6087500
3767,237,259,294463,5424,1950113,6034800
3768,259,286,294204,5397,1950399,6612900
3769,288,281,293916,5404,1950680,6146900
3770,295,261,293621,5438,1950941,6217100
3771,249,270,293372,5417,1951211,6106500
3772,266,250,293106,5433,1951461,6074600
3773,252,265,292854,5420,1951726,6444300
3774,286,240,292568,5466,1951966,6304100
3775,267,276,292301,5457,1952242,6588700
3776,279,264,292022,5472,1952506,6220800
3777,250,274,291772,5448,1952780,6195300
3778,257,245,291515,5460,1953025,6340400
3779,235,283,291280,5412,1953308,6522500
3780,249,259,291031,5402,1953567,6080800
3781,284,280,290747,5406,1953847,5982100
3782,250,254,290497,5402,1954101,5996700
3783,303,294,290194,5411,1954395,6048500
3784,269,238,289925,5442,1954633,5941000
3785,274,293,289651,5423,1954926,6019500
3786,264,276,289387,5411,1955202,6032700
3787,284,274,289103,5421,1955476,6118500
3788,250,260,288853,5411,1955736,6092700
3789,263,246,288590,5428,1955982,5964300
3790,258,294,288332,5392,1956276,5984400
3791,255,298,288077,5349,1956574,6225300
3792,309,293,287768,5365,1956867,5998200
3793,285,275,287483,5375,1957142,6000400
3794,282,292,287201,5365,1957434,5961900
3795,290,279,286911,5376,1957713,5987000
3796,253,275,286658,5354,1957988,6105800
3797,272,246,286386,5380,1958234,6030700
3798,279,248,286107,5411,1958482,6019700
3799,281,279,285826,5413,1958761,5972100
3800,297,247,285529,5463,1959008,6069600
3801,270,286,285259,5447,1959294,6021100
3802,275,250,284984,5472,1959544,6006700
3803,278,271,284706,5479,1959815,5958000
3804,283,275,284423,5487,1960090,6021800
3805,260,269,284163,5478,1960359,5994100
3806,252,306,283911,5424,1960665,6249600
3807,264,282,283647,5406,1960947,6154500
3808,264,264,283383,5406,1961211,5992900
3809,256,274,283127,5388,1961485,6054300
3810,263,275,282864,5376,1961760,6006300
3811,271,289,282593,5358,1962049,6037800
3812,262,295,282331,5325,1962344,6096500
3813,289,263,282042,5351,1962607,6062100
3814,281,258,281761,5374,1962865,6470400
3815,273,261,281488,5386,1963126,6500300
3816,276,262,281212,5400,1963388,6133300
3817,250,292,280962,5358,1963680,6321000
3818,260,264,280702,5354,1963944,6101600
3819,260,256,280442,5358,1964200,6252800
3820,276,285,280166,5349,1964485,6170800
3821,257,267,279909,5339,1964752,6157600
3822,295,286,279614,5348,1965038,6487600
3823,271,295,279343,5324,1965333,6087400
3824,261,258,279082,5327,1965591,6504200
3825,304,252,278778,5379,1965843,6597700
3826,272,288,278506,5363,1966131,6198000
3827,306,262,278200,5407,1966393,6102700
3828,261,287,277939,5381,1966680,6117900
3829,252,289,277687,5344,1966969,6844300
3830,261,281,277426,5324,1967250,6462500
3831,272,283,277154,5313,1967533,6199200
3832,254,263,276900,5304,1967796,6176100
3833,240,235,276660,5309,1968031,6130800
3834,263,260,276397,5312,1968291,6225800
3835,259,262,276138,5309,1968553,6307200
3836,260,268,275878,5301,1968821,6108200
3837,244,267,275634,5278,1969088,6282500
3838,245,274,275389,5249,1969362,6073100
3839,282,259,275107,5272,1969621,6012700
3840,253,258,274854,5267,1969879,6052800
3841,270,252,274584,5285,1970131,6005100
3842,251,277,274333,5259,1970408,6733000
3843,246,272,274087,5233,1970680,6054100
3844,256,253,273831,5236,1970933,6004700
3845,244,267,273587,5213,1971200,5960800
3846,271,287,273316,5197,1971487,5954600
3847,251,248,273065,5200,1971735,6031600
3848,270,244,272795,5226,1971979,5989000
3849,251,253,272544,5224,1972232,6073300
3850,275,225,272269,5274,1972457,5969100
3851,264,248,272005,5290,1972705,6072000
3852,250,249,271755,5291,1972954,6038600
3853,275,290,271480,5276,1973244,6007000
3854,262,275,271218,5263,1973519,6043500
3855,262,296,270956,5229,1973815,6035200
3856,288,248,270668,5269,1974063,5988900
3857,280,275,270388,5274,1974338,6320200
3858,263,271,270125,5266,1974609,6013700
3859,289,248,269836,5307,1974857,5919400
3860,278,268,269558,5317,1975125,6037000
3861,287,289,269271,5315,1975414,5985000
3862,254,234,269017,5335,1975648,6049700
3863,285,267,268732,5353,1975915,5986500
3864,257,276,268475,5334,1976191,5950200
3865,290,279,268185,5345,1976470,6193100
3866,290,260,267895,5375,1976730,6018300
3867,300,267,267595,5408,1976997,6065500
3868,303,277,267292,5434,1977274,6088300
3869,306,289,266986,5451,1977563,6056600
3870,287,278,266699,5460,1977841,6376700
3871,313,263,266386,5510,1978104,6050500
3872,295,280,266091,5525,1978384,6442400
3873,283,276,265808,5532,1978660,6237300
3874,288,276,265520,5544,1978936,6146700
3875,276,291,265244,5529,1979227,6324000
3876,277,270,264967,5536,1979497,6173400
3877,260,232,264707,5564,1979729,6232900
3878,263,290,264444,5537,1980019,6205100
3879,261,286,264183,5512,1980305,6112100
3880,254,264,263929,5502,1980569,6594300
3881,296,291,263633,5507,1980860,6087800
3882,281,273,263352,5515,1981133,6048300
3883,262,278,263090,5499,1981411,6104800
3884,284,282,262806,5501,1981693,6137800
3885,283,258,262523,5526,1981951,6169800
3886,266,272,262257,5520,1982223,6131300
3887,286,280,261971,5526,1982503,6188900
3888,264,243,261707,5547,1982746,6383400
3889,276,259,261431,5564,1983005,6358900
3890,271,273,261160,5562,1983278,6457700
3891,289,264,260871,5587,1983542,6364400
3892,281,284,260590,5584,1983826,6369600
3893,299,276,260291,5607,1984102,6470300
3894,281,271,260010,5617,1984373,6527000
3895,276,257,259734,5636,1984630,7273200
3896,300,265,259434,5671,1984895,6318900
3897,275,292,259159,5654,1985187,6523200
3898,281,270,258878,5665,1985457,6725000
3899,274,267,258604,5672,1985724,6409000
3900,281,294,258323,5659,1986018,6340400
3901,284,303,258039,5640,1986321,6279700
3902,277,303,257762,5614,1986624,6774400
3903,253,265,257509,5602,1986889,6504900
3904,245,286,257264,5561,1987175,6474300
3905,243,274,257021,5530,1987449,6244400
3906,260,285,256761,5505,1987734,6122300
3907,249,299,256512,5455,1988033,6087500
3908,282,270,256230,5467,1988303,6127700
3909,248,270,255982,5445,1988573,6106800
3910,258,276,255724,5427,1988849,6261900
3911,252,275,255472,5404,1989124,6103800
3912,232,272,255240,5364,1989396,6557800
3913,269,252,254971,5381,1989648,6483500
3914,241,289,254730,5333,1989937,6070000
3915,262,271,254468,5324,1990208,6429200
3916,293,257,254175,5360,1990465,5952600
3917,284,272,253891,5372,1990737,6556000
3918,252,266,253639,5358,1991003,6641400
3919,242,273,253397,5327,1991276,6506500
3920,246,245,253151,5328,1991521,6463500
3921,262,262,252889,5328,1991783,6242300
3922,253,276,252636,5305,1992059,6813200
3923,254,255,252382,5304,1992314,6195000
3924,264,256,252118,5312,1992570,6516600
3925,249,279,251869,5282,1992849,6337300
3926,262,278,251607,5266,1993127,6098600
3927,235,268,251372,5233,1993395,6118400
3928,254,242,251118,5245,1993637,6006400
3929,261,273,250857,5233,1993910,6011800
3930,264,270,250593,5227,1994180,6094500
3931,241,298,250352,5170,1994478,5980200
3932,239,245,250113,5164,1994723,6723900
3933,252,272,249861,5144,1994995,6140200
3934,282,238,249579,5188,1995233,6055200
3935,237,260,249342,5165,1995493,5942600
3936,245,250,249097,5160,1995743,5953400
3937,261,252,248836,5169,1995995,6328900
3938,261,265,248575,5165,1996260,6194100
3939,251,246,248324,5170,1996506,6125200
3940,278,267,248046,5181,1996773,5984000
3941,270,212,247776,5239,1996985,5915700
3942,281,238,247495,5282,1997223,6018300
3943,215,246,247280,5251,1997469,5960100
3944,276,263,247004,5264,1997732,5987100
3945,295,242,246709,5317,1997974,6831900
3946,265,234,246444,5348,1998208,6164000
3947,235,260,246209,5323,1998468,6401600
3948,268,289,245941,5302,1998757,6472400
3949,262,269,245679,5295,1999026,6266600
3950,257,277,245422,5275,1999303,6114000
3951,231,268,245191,5238,1999571,6111400
3952,267,266,244924,5239,1999837,6536600
3953,263,253,244661,5249,2000090,8080400
3954,277,294,244384,5232,2000384,8299100
3955,256,279,244128,5209,2000663,6049900
3956,262,274,243866,5197,2000937,6108700
3957,278,240,243588,5235,2001177,6579600
3958,275,245,243313,5265,2001422,6176500
3959,269,273,243044,5261,2001695,6731300
3960,261,242,242783,5280,2001937,6210800
3961,240,270,242543,5250,2002207,6567300
3962,250,258,242293,5242,2002465,6643100
3963,267,258,242026,5251,2002723,6209500
3964,272,252,241754,5271,2002975,6090700
3965,246,243,241508,5274,2003218,6001000
3966,272,265,241236,5281,2003483,6011400
3967,241,277,240995,5245,2003760,6103800
3968,297,281,240698,5261,2004041,5998800
3969,241,261,240457,5241,2004302,5980300
3970,270,279,240187,5232,2004581,5967300
3971,236,261,239951,5207,2004842,5927200
3972,249,264,239702,5192,2005106,6283600
3973,287,258,239415,5221,2005364,5964500
3974,247,257,239168,5211,2005621,6424000
3975,249,290,238919,5170,2005911,6051900
3976,257,270,238662,5157,2006181,5950600
3977,254,283,238408,5128,2006464,6552800
3978,268,271,238140,5125,2006735,5959300
3979,245,298,237895,5072,2007033,6226800
3980,233,255,237662,5050,2007288,6276000
3981,271,243,237391,5078,2007531,6011700
3982,267,260,237124,5085,2007791,6108900
3983,243,254,236881,5074,2008045,5968200
3984,264,271,236617,5067,2008316,6040400
3985,246,228,236371,5085,2008544,6090300
3986,270,261,236101,5094,2008805,6036800
3987,252,268,235849,5078,2009073,6097800
3988,245,255,235604,5068,2009328,6023200
3989,236,206,235368,5098,2009534,6004800
3990,236,266,235132,5068,2009800,6170600
3991,249,242,234883,5075,2010042,6071900
3992,254,254,234629,5075,2010296,6406400
3993,250,237,234379,5088,2010533,6141400
3994,259,260,234120,5087,2010793,5998000
3995,251,234,233869,5104,2011027,6173200
3996,251,275,233618,5080,2011302,5989400
3997,265,237,233353,5108,2011539,6178100
3998,225,280,233128,5053,2011819,6057300
3999,228,264,232900,5017,2012083,6025700
4000,253,258,232647,5012,2012341,6000500
4001,256,273,232391,4995,2012614,6020700
4002,255,255,232136,4995,2012869,6001200
4003,227,234,231909,4988,2013103,5966900
4004,239,267,231670,4960,2013370,5981500
4005,241,267,231429,4934,2013637,6050000
4006,251,222,231178,4963,2013859,6093200
4007,235,272,230943,4926,2014131,6012400
4008,260,231,230683,4955,2014362,6067400
4009,258,227,230425,4986,2014589,6006100
4010,243,240,230182,4989,2014829,5916700
4011,253,260,229929,4982,2015089,6069700
4012,264,270,229665,4976,2015359,6102300
4013,251,234,229414,4993,2015593,6069800
4014,225,278,229189,4940,2015871,5971500
4015,267,260,228922,4947,2016131,5924000
4016,240,230,228682,4957,2016361,6005500
4017,240,230,228442,4967,2016591,5938600
4018,254,253,228188,4968,2016844,5949200
4019,231,245,227957,4954,2017089,5963100
4020,263,275,227694,4942,2017364,5986100
4021,221,234,227473,4929,2017598,6047700
4022,206,251,227267,4884,2017849,5942100
4023,232,253,227035,4863,2018102,6047200
4024,227,250,226808,4840,2018352,6958500
4025,237,238,226571,4839,2018590,5992000
4026,244,248,226327,4835,2018838,6025500
4027,241,249,226086,4827,2019087,5988800
4028,252,239,225834,4840,2019326,6026300
4029,225,242,225609,4823,2019568,6161900
4030,224,256,225385,4791,2019824,6068800
4031,242,242,225143,4791,2020066,6041600
4032,232,273,224911,4750,2020339,6058400
4033,222,245,224689,4727,2020584,6039500
4034,239,218,224450,4748,2020802,6319900
4035,228,247,224222,4729,2021049,6236200
4036,207,234,224015,4702,2021283,6396100
4037,192,208,223823,4686,2021491,6316200
4038,227,236,223596,4677,2021727,6068800
4039,239,241,223357,4675,2021968,6013200
4040,208,227,223149,4656,2022195,5962100
4041,232,241,222917,4647,2022436,6640800
4042,224,235,222693,4636,2022671,6156700
4043,231,228,222462,4639,2022899,6047400
4044,231,247,222231,4623,2023146,6287900
4045,226,247,222005,4602,2023393,6024200
4046,240,222,221765,4620,2023615,6594600
4047,251,224,221514,4647,2023839,5929600
4048,268,243,221246,4672,2024082,5930700
4049,256,234,220990,4694,2024316,7093200
4050,236,223,220754,4707,2024539,6110600
4051,243,235,220511,4715,2024774,6037900
4052,263,262,220248,4716,2025036,6008800
4053,246,221,220002,4741,2025257,5981000
4054,247,238,219755,4750,2025495,6029700
4055,265,226,219490,4789,2025721,5956300
4056,254,252,219236,4791,2025973,6157900
4057,222,221,219014,4792,2026194,6036300
4058,238,224,218776,4806,2026418,6031300
4059,256,239,218520,4823,2026657,6056600
4060,251,234,218269,4840,2026891,5970400
4061,232,255,218037,4817,2027146,6464100
4062,263,232,217774,4848,2027378,6173000
4063,266,249,217508,4865,2027627,6158500
4064,236,219,217272,4882,2027846,6196800
4065,247,260,217025,4869,2028106,6475300
4066,244,264,216781,4849,2028370,5995500
4067,234,227,216547,4856,2028597,6833400
4068,245,246,216302,4855,2028843,6098200
4069,244,255,216058,4844,2029098,6050300
4070,237,252,215821,4829,2029350,6080100
4071,239,228,215582,4840,2029578,6070300
4072,255,233,215327,4862,2029811,6118500
4073,239,223,215088,4878,2030034,6062300
4074,254,266,214834,4866,2030300,6127100
4075,207,243,214627,4830,2030543,6065900
4076,236,254,214391,4812,2030797,6071800
4077,243,243,214148,4812,2031040,6459900
4078,231,249,213917,4794,2031289,6304900
4079,257,268,213660,4783,2031557,6475300
4080,233,220,213427,4796,2031777,6155400
4081,210,217,213217,4789,2031994,6131500
4082,216,220,213001,4785,2032214,6198300
4083,202,248,212799,4739,2032462,6631700
4084,259,241,212540,4757,2032703,6275100
4085,235,236,212305,4756,2032939,6215900
4086,227,244,212078,4739,2033183,6129400
4087,228,244,211850,4723,2033427,6552100
4088,206,216,211644,4713,2033643,6137400
4089,238,229,211406,4722,2033872,6231200
4090,200,250,211206,4672,2034122,7004600
4091,239,229,210967,4682,2034351,6804600
4092,232,248,210735,4666,2034599,6724200
4093,225,211,210510,4680,2034810,7272900
4094,204,225,210306,4659,2035035,6532000
4095,229,226,210077,4662,2035261,6929200
4096,229,239,209848,4652,2035500,6780900
4097,221,235,209627,4638,2035735,6157100
4098,226,256,209401,4608,2035991,6032000
4099,239,242,209162,4605,2036233,6005600
4100,226,228,208936,4603,2036461,5957900
4101,210,252,208726,4561,2036713,6109300
4102,221,220,208505,4562,2036933,6016100
4103,235,220,208270,4577,2037153,5949300
4104,230,225,208040,4582,2037378,6331500
4105,200,202,207840,4580,2037580,6009100
4106,231,232,207609,4579,2037812,6393600
4107,238,220,207371,4597,2038032,5940800
4108,225,216,207146,4606,2038248,6016400
4109,215,270,206931,4551,2038518,6096700
4110,245,222,206686,4574,2038740,5950700
4111,250,208,206436,4616,2038948,6028300
4112,253,215,206183,4654,2039163,5966300
4113,279,244,205904,4689,2039407,5961200
4114,232,250,205672,4671,2039657,6316300
4115,249,246,205423,4674,2039903,6034400
4116,231,267,205192,4638,2040170,6057700
4117,231,249,204961,4620,2040419,6405700
4118,235,258,204726,4597,2040677,6011700
4119,210,225,204516,4582,2040902,6217800
4120,198,228,204318,4552,2041130,5933100
4121,237,203,204081,4586,2041333,5956400
4122,204,217,203877,4573,2041550,5997400
4123,227,223,203650,4577,2041773,5952700
4124,233,235,203417,4575,2042008,6012400
4125,226,209,203191,4592,2042217,5937900
4126,230,219,202961,4603,2042436,6093400
4127,229,202,202732,4630,2042638,6059800
4128,230,217,202502,4643,2042855,5923000
4129,247,226,202255,4664,2043081,5966200
4130,236,230,202019,4670,2043311,6115200
4131,248,204,201771,4714,2043515,5976100
4132,236,246,201535,4704,2043761,5943500
4133,235,233,201300,4706,2043994,5934700
4134,252,233,201048,4725,2044227,5886200
4135,239,212,200809,4752,2044439,5943600
4136,221,242,200588,4731,2044681,5926500
4137,248,234,200340,4745,2044915,5946100
4138,211,253,200129,4703,2045168,5971700
4139,224,224,199905,4703,2045392,5903700
4140,229,257,199676,4675,2045649,5954100
4141,229,224,199447,4680,2045873,5926600
4142,230,238,199217,4672,2046111,5972600
4143,223,218,198994,4677,2046329,6124400
4144,246,236,198748,4687,2046565,5888000
4145,255,220,198493,4722,2046785,6071500
4146,237,257,198256,4702,2047042,6433700
4147,257,235,197999,4724,2047277,5869800
4148,234,243,197765,4715,2047520,5938700
4149,209,217,197556,4707,2047737,5899900
4150,234,238,197322,4703,2047975,5848000
4151,233,232,197089,4704,2048207,5985700
4152,221,257,196868,4668,2048464,5923500
4153,214,235,196654,4647,2048699,5997300
4154,239,229,196415,4657,2048928,5893500
4155,225,235,196190,4647,2049163,5904200
4156,230,225,195960,4652,2049388,5965300
4157,247,240,195713,4659,2049628,5914200
4158,233,251,195480,4641,2049879,5868400
4159,233,260,195247,4614,2050139,6059300
4160,231,254,195016,4591,2050393,5925900
4161,239,232,194777,4598,2050625,5994100
4162,208,226,194569,4580,2050851,5887500
4163,228,235,194341,4573,2051086,5888800
4164,232,248,194109,4557,2051334,5976300
4165,229,214,193880,4572,2051548,5923200
4166,247,233,193633,4586,2051781,5920700
4167,235,231,193398,4590,2052012,6025800
4168,222,228,193176,4584,2052240,5849000
4169,242,220,192934,4606,2052460,6010800
4170,217,224,192717,4599,2052684,5933100
4171,233,222,192484,4610,2052906,5912400
4172,229,218,192255,4621,2053124,6017800
4173,238,251,192017,4608,2053375,5879400
4174,238,237,191779,4609,2053612,5966100
4175,231,230,191548,4610,2053842,5940800
4176,215,206,191333,4619,2054048,5907100
4177,223,238,191110,4604,2054286,5980800
4178,242,240,190868,4606,2054526,5893000
4179,223,222,190645,4607,2054748,5922700
4180,251,222,190394,4636,2054970,6214200
4181,212,215,190182,4633,2055185,5962800
4182,242,252,189940,4623,2055437,6360900
4183,230,228,189710,4625,2055665,5946400
4184,211,242,189499,4594,2055907,5881200
4185,227,218,189272,4603,2056125,5977200
4186,234,225,189038,4612,2056350,5949000
4187,248,220,188790,4640,2056570,6030800
4188,218,240,188572,4618,2056810,5949700
4189,250,252,188322,4616,2057062,5896300
4190,234,256,188088,4594,2057318,5961600
4191,212,219,187876,4587,2057537,5894200
4192,220,236,187656,4571,2057773,5940900
4193,238,203,187418,4606,2057976,6021000
4194,256,234,187162,4628,2058210,5999100
4195,226,238,186936,4616,2058448,5994400
4196,232,254,186704,4594,2058702,6002300
4197,212,214,186492,4592,2058916,6026000
4198,243,262,186249,4573,2059178,6110300
4199,228,211,186021,4590,2059389,6051100
4200,231,240,185790,4581,2059629,6152600
4201,216,222,185574,4575,2059851,6025200
4202,205,241,185369,4539,2060092,5989600
4203,236,211,185133,4564,2060303,6145500
4204,251,233,184882,4582,2060536,5913500
4205,236,234,184646,4584,2060770,5900000
4206,205,201,184441,4588,2060971,6131600
4207,236,212,184205,4612,2061183,5889400
4208,233,261,183972,4584,2061444,6017700
4209,239,250,183733,4573,2061694,5913900
4210,207,251,183526,4529,2061945,5914400
4211,239,233,183287,4535,2062178,6712600
4212,228,210,183059,4553,2062388,5904700
4213,235,224,182824,4564,2062612,5962900
4214,201,243,182623,4522,2062855,6086600
4215,240,228,182383,4534,2063083,6066500
4216,255,233,182128,4556,2063316,6118100
4217,246,207,181882,4595,2063523,6045200
4218,248,215,181634,4628,2063738,5986100
4219,247,216,181387,4659,2063954,6081200
4220,228,214,181159,4673,2064168,5948600
4221,234,238,180925,4669,2064406,6102300
4222,234,234,180691,4669,2064640,6024200
4223,249,234,180442,4684,2064874,5980700
4224,243,227,180199,4700,2065101,6250100
4225,239,217,179960,4722,2065318,5832100
4226,245,223,179715,4744,2065541,5888000
4227,213,237,179502,4720,2065778,5874100
4228,222,233,179280,4709,2066011,5850400
4229,209,225,179071,4693,2066236,6031100
4230,209,239,178862,4663,2066475,5964200
4231,226,254,178636,4635,2066729,6001700
4232,211,229,178425,4617,2066958,5922000
4233,233,220,178192,4630,2067178,5891700
4234,227,258,177965,4599,2067436,5926900
4235,239,255,177726,4583,2067691,5883900
4236,223,237,177503,4569,2067928,5880400
4237,245,201,177258,4613,2068129,6004700
4238,223,237,177035,4599,2068366,5880100
4239,216,237,176819,4578,2068603,5925900
4240,226,250,176593,4554,2068853,5897800
4241,220,236,176373,4538,2069089,5912100
4242,230,210,176143,4558,2069299,6335600
4243,221,213,175922,4566,2069512,5910400
4244,229,237,175693,4558,2069749,5887200
4245,208,241,175485,4525,2069990,6078400
4246,198,207,175287,4516,2070197,6084000
4247,248,201,175039,4563,2070398,6072100
4248,233,255,174806,4541,2070653,6084100
4249,219,196,174587,4564,2070849,6190400
4250,223,243,174364,4544,2071092,6027400
4251,227,215,174137,4556,2071307,5937100
4252,216,239,173921,4533,2071546,5953900
4253,231,218,173690,4546,2071764,6002300
4254,234,253,173456,4527,2072017,5880200
4255,204,233,173252,4498,2072250,6024500
4256,222,234,173030,4486,2072484,6053200
4257,245,229,172785,4502,2072713,6206600
4258,245,211,172540,4536,2072924,6443800
4259,212,225,172328,4523,2073149,6068700
4260,208,218,172120,4513,2073367,6124300
4261,226,218,171894,4521,2073585,5900800
4262,228,239,171666,4510,2073824,5898200
4263,235,265,171431,4480,2074089,5954700
4264,197,239,171234,4438,2074328,5923200
4265,207,223,171027,4422,2074551,5917800
4266,205,229,170822,4398,2074780,5997500
4267,205,219,170617,4384,2074999,6075500
4268,234,214,170383,4404,2075213,6102500
4269,200,215,170183,4389,2075428,6012800
4270,225,220,169958,4394,2075648,6523100
4271,215,218,169743,4391,2075866,6516100
4272,221,219,169522,4393,2076085,5995600
4273,220,192,169302,4421,2076277,6111200
4274,204,216,169098,4409,2076493,6023300
4275,196,245,168902,4360,2076738,6166000
4276,246,204,168656,4402,2076942,6052500
4277,214,230,168442,4386,2077172,5971000
4278,211,221,168231,4376,2077393,6057100
4279,224,211,168007,4389,2077604,5971800
4280,218,225,167789,4382,2077829,6058100
4281,228,222,167561,4388,2078051,6114800
4282,222,206,167339,4404,2078257,6035000
4283,202,238,167137,4368,2078495,6090900
4284,242,252,166895,4358,2078747,6042700
4285,231,222,166664,4367,2078969,6109300
4286,226,212,166438,4381,2079181,6140900
4287,221,212,166217,4390,2079393,6145400
4288,224,249,165993,4365,2079642,6138400
4289,229,206,165764,4388,2079848,6048500
4290,205,210,165559,4383,2080058,6042200
4291,216,196,165343,4403,2080254,6180800
4292,227,179,165116,4451,2080433,6034000
4293,215,212,164901,4454,2080645,6076100
4294,222,227,164679,4449,2080872,6202800
4295,262,212,164417,4499,2081084,6067900
4296,214,229,164203,4484,2081313,6120900
4297,215,216,163988,4483,2081529,5939000
4298,219,217,163769,4485,2081746,6012800
4299,223,222,163546,4486,2081968,5907600
4300,223,237,163323,4472,2082205,5891300
4301,236,230,163087,4478,2082435,6051600
4302,270,220,162817,4528,2082655,5855800
4303,218,219,162599,4527,2082874,5905400
4304,239,220,162360,4546,2083094,5957100
4305,219,230,162141,4535,2083324,5953700
4306,223,233,161918,4525,2083557,5878700
4307,226,241,161692,4510,2083798,5938700
4308,212,210,161480,4512,2084008,5964900
4309,225,234,161255,4503,2084242,5901500
4310,229,222,161026,4510,2084464,5898000
4311,203,241,160823,4472,2084705,5853200
4312,211,215,160612,4468,2084920,5933500
4313,201,244,160411,4425,2085164,5866800
4314,217,224,160194,4418,2085388,5836100
4315,181,194,160013,4405,2085582,6163300
4316,237,210,159776,4432,2085792,5845000
4317,233,217,159543,4448,2086009,5869200
4318,232,219,159311,4461,2086228,5912400
4319,203,224,159108,4440,2086452,5903400
4320,238,215,158870,4463,2086667,6051900
4321,252,218,158618,4497,2086885,5857600
4322,208,205,158410,4500,2087090,5921900
4323,194,222,158216,4472,2087312,5914200
4324,210,233,158006,4449,2087545,5804900
4325,185,227,157821,4407,2087772,5918900
4326,179,211,157642,4375,2087983,5852900
4327,193,196,157449,4372,2088179,5869200
4328,201,199,157248,4374,2088378,6065000
4329,179,231,157069,4322,2088609,5848500
4330,214,215,156855,4321,2088824,5913300
4331,205,210,156650,4316,2089034,5907100
4332,196,232,156454,4280,2089266,5897400
4333,206,204,156248,4282,2089470,6277100
4334,221,195,156027,4308,2089665,5863200
4335,214,210,155813,4312,2089875,5809900
4336,202,214,155611,4300,2090089,5907300
4337,229,210,155382,4319,2090299,5875200
4338,226,205,155156,4340,2090504,5860100
4339,217,212,154939,4345,2090716,5846800
4340,218,225,154721,4338,2090941,5858200
4341,246,202,154475,4382,2091143,5912200
4342,210,230,154265,4362,2091373,5936900
4343,218,213,154047,4367,2091586,5896800
4344,209,203,153838,4373,2091789,5923300
4345,210,233,153628,4350,2092022,5863000
4346,209,254,153419,4305,2092276,5952600
4347,218,207,153201,4316,2092483,5868200
4348,188,191,153013,4313,2092674,5875900
4349,179,222,152834,4270,2092896,6616400
4350,190,220,152644,4240,2093116,5883000
4351,198,234,152446,4204,2093350,6412200
4352,191,200,152255,4195,2093550,6409200
4353,197,199,152058,4193,2093749,5956800
4354,191,232,151867,4152,2093981,6257000
4355,178,190,151689,4140,2094171,5930800
4356,228,218,151461,4150,2094389,5933300
4357,224,213,151237,4161,2094602,5854400
4358,222,190,151015,4193,2094792,5892100
4359,220,210,150795,4203,2095002,6005900
4360,206,212,150589,4197,2095214,5945700
4361,204,213,150385,4188,2095427,5927000
4362,193,231,150192,4150,2095658,6069800
4363,203,202,149989,4151,2095860,6145400
4364,227,185,149762,4193,2096045,6407500
4365,205,202,149557,4196,2096247,6473000
4366,217,191,149340,4222,2096438,5963100
4367,210,221,149130,4211,2096659,5967900
4368,226,232,148904,4205,2096891,5929400
4369,216,216,148688,4205,2097107,5897500
4370,203,207,148485,4201,2097314,5888800
4371,219,199,148266,4221,2097513,5815300
4372,226,198,148040,4249,2097711,5883900
4373,242,221,147798,4270,2097932,5898200
4374,225,244,147573,4251,2098176,5966500
4375,195,226,147378,4220,2098402,5919600
4376,227,188,147151,4259,2098590,5845100
4377,219,229,146932,4249,2098819,5892500
4378,229,228,146703,4250,2099047,5872200
4379,214,197,146489,4267,2099244,5852100
4380,198,208,146291,4257,2099452,6028800
4381,205,204,146086,4258,2099656,5857400
4382,203,210,145883,4251,2099866,6182800
4383,205,206,145678,4250,2100072,6621300
4384,217,210,145461,4257,2100282,6067300
4385,187,216,145274,4228,2100498,6365900
4386,202,226,145072,4204,2100724,6037300
4387,226,228,144846,4202,2100952,5900100
4388,198,204,144648,4196,2101156,5881800
4389,207,221,144441,4182,2101377,5821000
4390,197,200,144244,4179,2101577,6191800
4391,205,196,144039,4188,2101773,6272900
4392,240,194,143799,4234,2101967,6247100
4393,187,219,143612,4202,2102186,5878300
4394,224,202,143388,4224,2102388,5854600
4395,215,210,143173,4229,2102598,5954600
4396,209,219,142964,4219,2102817,5850800
4397,194,209,142770,4204,2103026,6046800
4398,230,213,142540,4221,2103239,5993300
4399,209,201,142331,4229,2103440,5824400
4400,219,211,142112,4237,2103651,5935600
4401,208,207,141904,4238,2103858,5850900
4402,190,197,141714,4231,2104055,5824200
4403,206,206,141508,4231,2104261,6738700
4404,202,215,141306,4218,2104476,5911200
4405,238,207,141068,4249,2104683,5961500
4406,190,211,140878,4228,2104894,5855500
4407,203,198,140675,4233,2105092,5861500
4408,201,211,140474,4223,2105303,6008700
4409,217,225,140257,4215,2105528,5876500
4410,196,226,140061,4185,2105754,5932400
4411,215,222,139846,4178,2105976,5851100
4412,207,228,139639,4157,2106204,5869300
4413,185,191,139454,4151,2106395,6094000
4414,218,199,139236,4170,2106594,6035300
4415,204,221,139032,4153,2106815,6060200
4416,199,210,138833,4142,2107025,6529700
4417,194,202,138639,4134,2107227,6252600
4418,190,206,138449,4118,2107433,6076000
4419,202,206,138247,4114,2107639,5919400
4420,218,184,138029,4148,2107823,5936200
4421,218,228,137811,4138,2108051,5926800
4422,190,196,137621,4132,2108247,5847500
4423,228,191,137393,4169,2108438,5920400
4424,229,194,137164,4204,2108632,5855700
4425,207,235,136957,4176,2108867,5857200
4426,209,233,136748,4152,2109100,6022300
4427,196,186,136552,4162,2109286,6051800
4428,197,183,136355,4176,2109469,6056700
4429,209,173,136146,4212,2109642,5965600
4430,217,184,135929,4245,2109826,6065400
4431,209,208,135720,4246,2110034,5938400
4432,217,186,135503,4277,2110220,5878500
4433,209,217,135294,4269,2110437,5856900
4434,217,211,135077,4275,2110648,6111500
4435,211,214,134866,4272,2110862,5853900
4436,225,208,134641,4289,2111070,5916600
4437,208,193,134433,4304,2111263,5874900
4438,206,212,134227,4298,2111475,5864100
4439,215,200,134012,4313,2111675,5988900
4440,214,210,133798,4317,2111885,5856200
4441,211,200,133587,4328,2112085,5880000
4442,193,214,133394,4307,2112299,6050600
4443,211,186,133183,4332,2112485,5902400
4444,203,228,132980,4307,2112713,5859000
4445,203,235,132777,4275,2112948,5840100
4446,215,196,132562,4294,2113144,5860700
4447,208,227,132354,4275,2113371,5936300
4448,205,201,132149,4279,2113572,5844500
4449,192,218,131957,4253,2113790,5895900
4450,199,225,131758,4227,2114015,5891400
4451,204,197,131554,4234,2114212,5830800
4452,191,222,131363,4203,2114434,5897300
4453,203,209,131160,4197,2114643,5939800
4454,204,256,130956,4145,2114899,5854600
4455,187,222,130769,4110,2115121,5927700
4456,209,226,130560,4093,2115347,5843500
4457,176,196,130384,4073,2115543,5911500
4458,194,210,130190,4057,2115753,5830000
4459,189,216,130001,4030,2115969,5821400
4460,195,193,129806,4032,2116162,6078000
4461,198,188,129608,4042,2116350,5835700
4462,187,184,129421,4045,2116534,5825900
4463,194,233,129227,4006,2116767,6351100
4464,204,171,129023,4039,2116938,5876100
4465,206,209,128817,4036,2117147,5889500
4466,186,200,128631,4022,2117347,5989300
4467,195,195,128436,4022,2117542,6020600
4468,189,217,128247,3994,2117759,6457700
4469,204,175,128043,4023,2117934,6023700
4470,176,167,127867,4032,2118101,6803900
4471,204,201,127663,4035,2118302,6495400
4472,210,182,127453,4063,2118484,6130700
4473,180,218,127273,4025,2118702,6100700
4474,187,222,127086,3990,2118924,5969000
4475,183,199,126903,3974,2119123,6076000
4476,185,177,126718,3982,2119300,6055300
4477,191,205,126527,3968,2119505,5936300
4478,195,188,126332,3975,2119693,6054200
4479,190,193,126142,3972,2119886,5925300
4480,214,189,125928,3997,2120075,6035500
4481,197,203,125731,3991,2120278,6075000
4482,188,190,125543,3989,2120468,5978800
4483,199,203,125344,3985,2120671,6063600
4484,188,197,125156,3976,2120868,6023200
4485,210,198,124946,3988,2121066,6429500
4486,198,188,124748,3998,2121254,6303600
4487,224,197,124524,4025,2121451,6012400
4488,188,188,124336,4025,2121639,6025200
4489,186,206,124150,4005,2121845,6000600
4490,186,174,123964,4017,2122019,5973700
4491,199,182,123765,4034,2122201,5989500
4492,187,180,123578,4041,2122381,6053000
4493,205,197,123373,4049,2122578,6014600
4494,194,193,123179,4050,2122771,6031200
4495,209,205,122970,4054,2122976,5992500
4496,199,218,122771,4035,2123194,6530800
4497,185,187,122586,4033,2123381,6036100
4498,211,174,122375,4070,2123555,5984200
4499,185,214,122190,4041,2123769,6115100
4500,187,220,122003,4008,2123989,5829700
4501,189,201,121814,3996,2124190,6040400
4502,205,217,121609,3984,2124407,6482400
4503,182,204,121427,3962,2124611,5939400
4504,170,178,121257,3954,2124789,6399400
4505,197,197,121060,3954,2124986,6077200
4506,181,193,120879,3942,2125179,5970800
4507,175,179,120704,3938,2125358,5900400
4508,225,194,120479,3969,2125552,5901800
4509,183,187,120296,3965,2125739,5941500
4510,178,200,120118,3943,2125939,5897500
4511,199,189,119919,3953,2126128,5871400
4512,207,185,119712,3975,2126313,5946800
4513,176,183,119536,3968,2126496,5909400
4514,196,217,119340,3947,2126713,5991800
4515,198,203,119142,3942,2126916,5977200
4516,164,199,118978,3907,2127115,5920700
4517,193,176,118785,3924,2127291,5990900
4518,190,196,118595,3918,2127487,5911200
4519,191,194,118404,3915,2127681,6009400
4520,203,205,118201,3913,2127886,5922700
4521,203,191,117998,3925,2128077,5884000
4522,192,205,117806,3912,2128282,5922000
4523,182,197,117624,3897,2128479,5891100
4524,196,207,117428,3886,2128686,5883200
4525,205,180,117223,3911,2128866,5981800
4526,204,210,117019,3905,2129076,5942400
4527,181,218,116838,3868,2129294,6000100
4528,184,182,116654,3870,2129476,6079300
4529,199,207,116455,3862,2129683,6905200
4530,194,184,116261,3872,2129867,6220700
4531,186,202,116075,3856,2130069,5977500
4532,206,211,115869,3851,2130280,6266200
4533,177,175,115692,3853,2130455,5937200
4534,203,176,115489,3880,2130631,5982200
4535,197,215,115292,3862,2130846,6279800
4536,198,194,115094,3866,2131040,5805400
4537,196,190,114898,3872,2131230,5830700
4538,201,215,114697,3858,2131445,5904200
4539,209,176,114488,3891,2131621,5796100
4540,243,167,114245,3967,2131788,5984200
4541,204,203,114041,3968,2131991,5898400
4542,203,203,113838,3968,2132194,5896200
4543,204,211,113634,3961,2132405,6017100
4544,216,196,113418,3981,2132601,5882100
4545,212,183,113206,4010,2132784,6707800
4546,199,188,113007,4021,2132972,5922900
4547,209,215,112798,4015,2133187,6149200
4548,190,197,112608,4008,2133384,5889200
4549,181,203,112427,3986,2133587,5817800
4550,200,201,112227,3985,2133788,5964800
4551,197,232,112030,3950,2134020,6047800
4552,194,204,111836,3940,2134224,6054500
4553,200,211,111636,3929,2134435,6305500
4554,200,205,111436,3924,2134640,5997600
4555,217,173,111219,3968,2134813,6157500
4556,185,206,111034,3947,2135019,6381400
4557,197,210,110837,3934,2135229,5874600
4558,196,211,110641,3919,2135440,6727900
4559,215,212,110426,3922,2135652,5872100
4560,197,192,110229,3927,2135844,6103100
4561,198,178,110031,3947,2136022,5848700
4562,204,202,109827,3949,2136224,5844200
4563,207,199,109620,3957,2136423,5988700
4564,192,195,109428,3954,2136618,5846400
4565,176,197,109252,3933,2136815,5905200
4566,188,200,109064,3921,2137015,5839100
4567,201,198,108863,3924,2137213,5841100
4568,175,171,108688,3928,2137384,5886200
4569,178,196,108510,3910,2137580,5815600
4570,192,203,108318,3899,2137783,5838300
4571,212,172,108106,3939,2137955,5894500
4572,195,204,107911,3930,2138159,5801900
4573,210,174,107701,3966,2138333,5928800
4574,195,201,107506,3960,2138534,5868800
4575,186,195,107320,3951,2138729,5912600
4576,192,197,107128,3946,2138926,6283500
4577,190,188,106938,3948,2139114,6188700
4578,185,174,106753,3959,2139288,5821900
4579,170,210,106583,3919,2139498,5870800
4580,199,192,106384,3926,2139690,6398900
4581,179,199,106205,3906,2139889,5918400
4582,195,207,106010,3894,2140096,5996100
4583,199,194,105811,3899,2140290,5999800
4584,178,202,105633,3875,2140492,6028700
4585,206,195,105427,3886,2140687,6103400
4586,212,205,105215,3893,2140892,6438900
4587,186,169,105029,3910,2141061,5934300
4588,187,195,104842,3902,2141256,5825300
4589,193,211,104649,3884,2141467,5846800
4590,183,194,104466,3873,2141661,5822000
4591,191,199,104275,3865,2141860,5807200
4592,201,198,104074,3868,2142058,5884200
4593,187,199,103887,3856,2142257,5856500
4594,171,175,103716,3852,2142432,6021400
4595,172,215,103544,3809,2142647,6291100
4596,197,198,103347,3808,2142845,5970300
4597,175,196,103172,3787,2143041,5945000
4598,188,185,102984,3790,2143226,5987200
4599,158,187,102826,3761,2143413,5945400
4600,187,188,102639,3760,2143601,6018300
4601,199,200,102440,3759,2143801,5954000
4602,190,175,102250,3774,2143976,5925600
4603,174,193,102076,3755,2144169,5880000
4604,180,205,101896,3730,2144374,5837200
4605,206,187,101690,3749,2144561,5972800
4606,158,187,101532,3720,2144748,5826800
4607,192,192,101340,3720,2144940,5911800
4608,188,176,101152,3732,2145116,6003500
4609,167,202,100985,3697,2145318,5854800
4610,178,190,100807,3685,2145508,5897200
4611,192,196,100615,3681,2145704,5841900
4612,151,210,100464,3622,2145914,5805800
4613,171,186,100293,3607,2146100,5966900
4614,193,173,100100,3627,2146273,5805400
4615,188,181,99912,3634,2146454,5909200
4616,190,213,99722,3611,2146667,5813100
4617,179,187,99543,3603,2146854,5777000
4618,198,185,99345,3616,2147039,5861600
4619,197,165,99148,3648,2147204,5836700
4620,176,179,98972,3645,2147383,5854300
4621,183,181,98789,3647,2147564,5899600
4622,182,195,98607,3634,2147759,5783000
4623,185,175,98422,3644,2147934,5862700
4624,200,170,98222,3674,2148104,5803400
4625,184,181,98038,3677,2148285,5790300
4626,199,180,97839,3696,2148465,5865300
4627,203,194,97636,3705,2148659,5832200
4628,191,200,97445,3696,2148859,5814300
4629,188,206,97257,3678,2149065,6670700
4630,164,184,97093,3658,2149249,5922400
4631,204,186,96889,3676,2149435,5923500
4632,195,190,96694,3681,2149625,5832200
4633,186,161,96508,3706,2149786,5794600
4634,171,215,96337,3662,2150001,5935100
4635,193,187,96144,3668,2150188,5790100
4636,202,193,95942,3677,2150381,5893000
4637,190,180,95752,3687,2150561,6680900
4638,166,174,95586,3679,2150735,6058700
4639,166,192,95420,3653,2150927,6420300
4640,168,165,95252,3656,2151092,6347400
4641,216,184,95036,3688,2151276,6202200
4642,187,178,94849,3697,2151454,6853700
4643,176,170,94673,3703,2151624,6165900
4644,184,157,94489,3730,2151781,6314900
4645,197,172,94292,3755,2151953,6423300
4646,189,191,94103,3753,2152144,5980000
4647,189,173,93914,3769,2152317,6577400
4648,199,179,93715,3789,2152496,5924200
4649,207,191,93508,3805,2152687,6293500
4650,204,186,93304,3823,2152873,5927900
4651,202,184,93102,3841,2153057,5922400
4652,197,193,92905,3845,2153250,5992100
4653,187,194,92718,3838,2153444,5877600
4654,193,191,92525,3840,2153635,6064100
4655,209,187,92316,3862,2153822,6228200
4656,211,177,92105,3896,2153999,5759600
4657,212,189,91893,3919,2154188,6319300
4658,197,183,91696,3933,2154371,6104800
4659,202,220,91494,3915,2154591,5800700
4660,162,185,91332,3892,2154776,5886100
4661,177,216,91155,3853,2154992,5806900
4662,180,199,90975,3834,2155191,5934200
4663,182,183,90793,3833,2155374,6067200
4664,178,195,90615,3816,2155569,5918500
4665,160,210,90455,3766,2155779,6064700
4666,171,205,90284,3732,2155984,5993600
4667,200,188,90084,3744,2156172,6127600
4668,181,184,89903,3741,2156356,6419000
4669,201,207,89702,3735,2156563,6108100
4670,164,193,89538,3706,2156756,6106100
4671,165,171,89373,3700,2156927,5982500
4672,164,213,89209,3651,2157140,6217900
4673,173,196,89036,3628,2157336,6384500
4674,195,188,88841,3635,2157524,6103500
4675,161,178,88680,3618,2157702,6242100
4676,144,206,88536,3556,2157908,5990000
4677,161,166,88375,3551,2158074,5985800
4678,155,179,88220,3527,2158253,6063300
4679,151,174,88069,3504,2158427,5951100
4680,150,146,87919,3508,2158573,6163200
4681,155,171,87764,3492,2158744,6020500
4682,171,181,87593,3482,2158925,5991400
4683,174,177,87419,3479,2159102,6063700
4684,170,164,87249,3485,2159266,5995000
4685,200,173,87049,3512,2159439,6370900
4686,160,166,86889,3506,2159605,6024400
4687,191,158,86698,3539,2159763,6000300
4688,193,172,86505,3560,2159935,5971300
4689,191,168,86314,3583,2160103,5977300
4690,166,175,86148,3574,2160278,5982300
4691,158,208,85990,3524,2160486,6126900
4692,151,188,85839,3487,2160674,6089300
4693,146,188,85693,3445,2160862,6255700
4694,155,164,85538,3436,2161026,7672100
4695,167,184,85371,3419,2161210,8115300
4696,180,176,85191,3423,2161386,7000600
4697,165,172,85026,3416,2161558,6766800
4698,141,193,84885,3364,2161751,6630400
4699,135,154,84750,3345,2161905,6440200
4700,154,155,84596,3344,2162060,7594700
4701,159,180,84437,3323,2162240,6278700
4702,161,165,84276,3319,2162405,6213900
4703,150,157,84126,3312,2162562,6158200
4704,149,174,83977,3287,2162736,6165200
4705,143,173,83834,3257,2162909,6113200
4706,152,159,83682,3250,2163068,5975900
4707,157,161,83525,3246,2163229,7333000
4708,161,161,83364,3246,2163390,8271200
4709,145,122,83219,3269,2163512,8066700
4710,153,164,83066,3258,2163676,6579600
4711,155,162,82911,3251,2163838,6659700
4712,164,152,82747,3263,2163990,6714300
4713,154,177,82593,3240,2164167,6356000
4714,153,142,82440,3251,2164309,6244300
4715,168,169,82272,3250,2164478,6818400
4716,155,153,82117,3252,2164631,6796600
4717,161,166,81956,3247,2164797,6562100
4718,164,147,81792,3264,2164944,6383600
4719,170,164,81622,3270,2165108,6071100
4720,143,171,81479,3242,2165279,5936200
4721,153,171,81326,3224,2165450,5840600
4722,148,160,81178,3212,2165610,5803600
4723,154,176,81024,3190,2165786,6305000
4724,149,163,80875,3176,2165949,5883200
4725,157,176,80718,3157,2166125,5862900
4726,144,161,80574,3140,2166286,5863400
4727,155,185,80419,3110,2166471,5805400
4728,143,147,80276,3106,2166618,6181500
4729,164,160,80112,3110,2166778,6286300
4730,153,155,79959,3108,2166933,5810900
4731,164,162,79795,3110,2167095,5867900
4732,152,175,79643,3087,2167270,6063200
4733,155,177,79488,3065,2167447,5990700
4734,139,160,79349,3044,2167607,5872600
4735,141,150,79208,3035,2167757,5802500
4736,149,179,79059,3005,2167936,6386400
4737,149,158,78910,2996,2168094,6126300
4738,176,129,78734,3043,2168223,5798400
4739,166,178,78568,3031,2168401,5823500
4740,147,144,78421,3034,2168545,5723300
4741,140,130,78281,3044,2168675,5812900
4742,138,145,78143,3037,2168820,5768400
4743,159,163,77984,3033,2168983,5746100
4744,152,165,77832,3020,2169148,5962100
4745,138,138,77694,3020,2169286,5920100
4746,128,150,77566,2998,2169436,5961400
4747,151,160,77415,2989,2169596,6057700
4748,116,131,77299,2974,2169727,6421000
4749,169,150,77130,2993,2169877,6100300
4750,142,150,76988,2985,2170027,5918000
4751,151,142,76837,2994,2170169,5956100
4752,133,159,76704,2968,2170328,5936000
4753,152,176,76552,2944,2170504,5823600
4754,158,147,76394,2955,2170651,6024700
4755,159,152,76235,2962,2170803,5883100
4756,133,151,76102,2944,2170954,5813300
4757,141,165,75961,2920,2171119,5943500
4758,141,143,75820,2918,2171262,6892100
4759,167,131,75653,2954,2171393,6807600
4760,150,146,75503,2958,2171539,5869600
4761,143,180,75360,2921,2171719,5842900
4762,141,148,75219,2914,2171867,5830200
4763,156,149,75063,2921,2172016,5789800
4764,127,147,74936,2901,2172163,7013100
4765,140,143,74796,2898,2172306,6845900
4766,131,111,74665,2918,2172417,5998900
4767,130,154,74535,2894,2172571,6033500
4768,139,130,74396,2903,2172701,5901800
4769,127,135,74269,2895,2172836,5845200
4770,149,132,74120,2912,2172968,5910900
4771,139,144,73981,2907,2173112,5909700
4772,123,147,73858,2883,2173259,5816400
4773,131,166,73727,2848,2173425,5837200
4774,147,142,73580,2853,2173567,5791900
4775,122,143,73458,2832,2173710,6277800
4776,144,133,73314,2843,2173843,5813400
4777,111,126,73203,2828,2173969,5815700
4778,131,145,73072,2814,2174114,5788100
4779,134,150,72938,2798,2174264,5840600
4780,117,151,72821,2764,2174415,5824700
4781,138,149,72683,2753,2174564,5916400
4782,117,117,72566,2753,2174681,5778000
4783,136,152,72430,2737,2174833,6045200
4784,138,139,72292,2736,2174972,5871400
4785,130,154,72162,2712,2175126,5884300
4786,113,116,72049,2709,2175242,5911500
4787,111,139,71938,2681,2175381,5904200
4788,131,122,71807,2690,2175503,6682200
4789,124,138,71683,2676,2175641,6135800
4790,128,127,71555,2677,2175768,5835100
4791,132,137,71423,2672,2175905,6693400
4792,137,108,71286,2701,2176013,5935100
4793,112,121,71174,2692,2176134,6066000
4794,126,142,71048,2676,2176276,5902500
4795,120,141,70928,2655,2176417,6125800
4796,141,142,70787,2654,2176559,6220500
4797,127,136,70660,2645,2176695,5983600
4798,122,128,70538,2639,2176823,5961100
4799,116,127,70422,2628,2176950,5853400
4800,134,141,70288,2621,2177091,5836200
4801,127,115,70161,2633,2177206,5988000
4802,141,147,70020,2627,2177353,5865300
4803,141,146,69879,2622,2177499,5919700
4804,144,129,69735,2637,2177628,5825100
4805,145,150,69590,2632,2177778,5769200
4806,144,131,69446,2645,2177909,6088100
4807,143,140,69303,2648,2178049,5765800
4808,140,128,69163,2660,2178177,5686700
4809,135,150,69028,2645,2178327,5839400
4810,124,125,68904,2644,2178452,5711900
4811,137,124,68767,2657,2178576,5707900
4812,130,110,68637,2677,2178686,5757600
4813,141,143,68496,2675,2178829,5716800
4814,131,157,68365,2649,2178986,5790900
4815,119,120,68246,2648,2179106,5722600
4816,142,135,68104,2655,2179241,5772700
4817,118,115,67986,2658,2179356,5759300
4818,112,116,67874,2654,2179472,5688600
4819,119,139,67755,2634,2179611,5724800
4820,124,124,67631,2634,2179735,5817600
4821,144,126,67487,2652,2179861,5710400
4822,112,127,67375,2637,2179988,5759000
4823,135,129,67240,2643,2180117,5731300
4824,121,122,67119,2642,2180239,5746300
4825,126,126,66993,2642,2180365,5827000
4826,130,129,66863,2643,2180494,5731400
4827,101,153,66762,2591,2180647,5733400
4828,116,112,66646,2595,2180759,5797600
4829,119,123,66527,2591,2180882,5701300
4830,99,133,66428,2557,2181015,5737300
4831,103,123,66325,2537,2181138,5885400
4832,95,124,66230,2508,2181262,5719500
4833,110,121,66120,2497,2181383,5689300
4834,113,115,66007,2495,2181498,5802800
4835,117,135,65890,2477,2181633,5738300
4836,115,125,65775,2467,2181758,5975900
4837,115,133,65660,2449,2181891,6184800
4838,113,136,65547,2426,2182027,5773100
4839,102,118,65445,2410,2182145,5885000
4840,101,123,65344,2388,2182268,5957000
4841,123,129,65221,2382,2182397,5979500
4842,128,109,65093,2401,2182506,6098800
4843,120,108,64973,2413,2182614,6261600
4844,117,127,64856,2403,2182741,6466100
4845,118,110,64738,2411,2182851,6047400
4846,97,126,64641,2382,2182977,5989400
4847,107,116,64534,2373,2183093,6120600
4848,139,116,64395,2396,2183209,5958300
4849,123,120,64272,2399,2183329,6731800
4850,96,113,64176,2382,2183442,5901300
4851,127,109,64049,2400,2183551,5946400
4852,119,121,63930,2398,2183672,6310500
4853,138,127,63792,2409,2183799,6048800
4854,112,113,63680,2408,2183912,6324600
4855,125,106,63555,2427,2184018,6003900
4856,109,115,63446,2421,2184133,6004200
4857,105,111,63341,2415,2184244,6234600
4858,119,116,63222,2418,2184360,6081300
4859,112,98,63110,2432,2184458,6446600
4860,131,118,62979,2445,2184576,6390500
4861,113,115,62866,2443,2184691,6642900
4862,131,117,62735,2457,2184808,7000300
4863,111,118,62624,2450,2184926,7054700
4864,134,114,62490,2470,2185040,6444900
4865,106,138,62384,2438,2185178,6007600
4866,116,104,62268,2450,2185282,6629500
4867,110,135,62158,2425,2185417,6662700
4868,129,128,62029,2426,2185545,6579900
4869,105,118,61924,2413,2185663,6552700
4870,126,129,61798,2410,2185792,6960000
4871,140,110,61658,2440,2185902,6657000
4872,105,149,61553,2396,2186051,6086800
4873,122,111,61431,2407,2186162,6797100
4874,129,104,61302,2432,2186266,6410100
4875,99,129,61203,2402,2186395,6655900
4876,110,105,61093,2407,2186500,6888300
4877,105,124,60988,2388,2186624,6133700
4878,107,119,60881,2376,2186743,6625900
4879,107,125,60774,2358,2186868,6455400
4880,100,110,60674,2348,2186978,6503400
4881,105,123,60569,2330,2187101,6895400
4882,112,104,60457,2338,2187205,6588700
4883,133,135,60324,2336,2187340,6694800
4884,106,113,60218,2329,2187453,6453200
4885,119,102,60099,2346,2187555,6503900
4886,110,119,59989,2337,2187674,7594700
4887,117,112,59872,2342,2187786,6637200
4888,109,109,59763,2342,2187895,6543900
4889,107,115,59656,2334,2188010,5865700
4890,88,109,59568,2313,2188119,7373700
4891,117,115,59451,2315,2188234,6187700
4892,123,114,59328,2324,2188348,5997200
4893,103,138,59225,2289,2188486,6378300
4894,99,122,59126,2266,2188608,5872700
4895,96,103,59030,2259,2188711,6355700
4896,94,124,58936,2229,2188835,5911800
4897,95,115,58841,2209,2188950,5944500
4898,89,101,58752,2197,2189051,6609600
4899,84,106,58668,2175,2189157,5803800
4900,116,97,58552,2194,2189254,6374100
4901,96,118,58456,2172,2189372,6513700
4902,97,121,58359,2148,2189493,6366600
4903,84,107,58275,2125,2189600,6594800
4904,104,105,58171,2124,2189705,6640900
4905,97,82,58074,2139,2189787,6364000
4906,110,110,57964,2139,2189897,6485600
4907,100,119,57864,2120,2190016,6877200
4908,90,102,57774,2108,2190118,5834700
4909,100,85,57674,2123,2190203,6197600
4910,96,97,57578,2122,2190300,7283600
4911,91,95,57487,2118,2190395,6854700
4912,92,86,57395,2124,2190481,6505600
4913,103,110,57292,2117,2190591,6441400
4914,98,96,57194,2119,2190687,6449700
4915,99,115,57095,2103,2190802,6576700
4916,96,114,56999,2085,2190916,5901100
4917,115,100,56884,2100,2191016,5907300
4918,108,103,56776,2105,2191119,5865300
4919,93,126,56683,2072,2191245,5995300
4920,104,93,56579,2083,2191338,6872100
4921,118,109,56461,2092,2191447,6646100
4922,101,116,56360,2077,2191563,6748100
4923,101,120,56259,2058,2191683,6734700
4924,120,85,56139,2093,2191768,6579900
4925,100,109,56039,2084,2191877,6899100
4926,92,96,55947,2080,2191973,6889500
4927,83,98,55864,2065,2192071,5982400
4928,105,109,55759,2061,2192180,6681600
4929,94,97,55665,2058,2192277,6860000
4930,90,96,55575,2052,2192373,5724000
4931,101,113,55474,2040,2192486,6640400
4932,72,90,55402,2022,2192576,6138500
4933,96,73,55306,2045,2192649,5908800
4934,112,97,55194,2060,2192746,6612900
4935,96,103,55098,2053,2192849,6886700
4936,109,89,54989,2073,2192938,6802300
4937,88,105,54901,2056,2193043,7005600
4938,89,99,54812,2046,2193142,6848100
4939,91,96,54721,2041,2193238,6103500
4940,87,114,54634,2014,2193352,5933200
4941,95,114,54539,1995,2193466,6221400
4942,86,106,54453,1975,2193572,6364400
4943,91,94,54362,1972,2193666,6787900
4944,105,110,54257,1967,2193776,6520200
4945,89,105,54168,1951,2193881,7274200
4946,86,102,54082,1935,2193983,7653900
4947,71,69,54011,1937,2194052,7175700
4948,92,92,53919,1937,2194144,6461300
4949,73,120,53846,1890,2194264,6378000
4950,76,74,53770,1892,2194338,6612100
4951,83,106,53687,1869,2194444,7508300
4952,83,84,53604,1868,2194528,7448200
4953,89,87,53515,1870,2194615,6261300
4954,82,80,53433,1872,2194695,6190600
4955,99,95,53334,1876,2194790,5953700
4956,82,101,53252,1857,2194891,5899300
4957,92,97,53160,1852,2194988,5696600
4958,78,94,53082,1836,2195082,5844600
4959,78,87,53004,1827,2195169,5667800
4960,93,85,52911,1835,2195254,5736600
4961,89,93,52822,1831,2195347,5723500
4962,76,94,52746,1813,2195441,5732400
4963,72,89,52674,1796,2195530,5838500
4964,89,84,52585,1801,2195614,5676500
4965,73,85,52512,1789,2195699,5849100
4966,86,103,52426,1772,2195802,6164600
4967,77,97,52349,1752,2195899,5834800
4968,73,95,52276,1730,2195994,5725100
4969,80,86,52196,1724,2196080,5746600
4970,81,102,52115,1703,2196182,5665800
4971,71,79,52044,1695,2196261,6018400
4972,73,69,51971,1699,2196330,5719000
4973,69,87,51902,1681,2196417,5723700
4974,82,83,51820,1680,2196500,5782700
4975,69,86,51751,1663,2196586,5712100
4976,83,85,51668,1661,2196671,6036300
4977,77,69,51591,1669,2196740,5973800
4978,76,69,51515,1676,2196809,5669000
4979,77,66,51438,1687,2196875,5845900
4980,74,77,51364,1684,2196952,5640200
4981,66,96,51298,1654,2197048,5705000
4982,79,85,51219,1648,2197133,5678400
4983,68,75,51151,1641,2197208,5647600
4984,69,90,51082,1620,2197298,5653500
4985,62,78,51020,1604,2197376,5638500
4986,83,72,50937,1615,2197448,5715700
4987,81,71,50856,1625,2197519,5871200
4988,89,91,50767,1623,2197610,5603700
4989,73,86,50694,1610,2197696,6464200
4990,65,86,50629,1589,2197782,6412400
4991,69,82,50560,1576,2197864,5660300
4992,75,67,50485,1584,2197931,6349200
4993,79,68,50406,1595,2197999,5697300
4994,62,74,50344,1583,2198073,5604200
4995,79,77,50265,1585,2198150,6009800
4996,79,76,50186,1588,2198226,5580100
4997,62,69,50124,1581,2198295,5830600
4998,66,84,50058,1563,2198379,5718300
4999,76,89,49982,1550,2198468,5686000
5000,73,59,49909,1564,2198527,5648600
5001,70,90,49839,1544,2198617,5602600
5002,71,84,49768,1531,2198701,5740500
5003,65,69,49703,1527,2198770,5627900
5004,79,85,49624,1521,2198855,5632100
5005,69,89,49555,1501,2198944,5586300
5006,58,72,49497,1487,2199016,5656500
5007,60,81,49437,1466,2199097,5694100
5008,76,88,49361,1454,2199185,5746100
5009,62,74,49299,1442,2199259,5770900
5010,62,78,49237,1426,2199337,5612000
5011,60,62,49177,1424,2199399,5635800
5012,55,65,49122,1414,2199464,5595000
5013,70,77,49052,1407,2199541,5602400
5014,52,68,49000,1391,2199609,5644300
5015,60,68,48940,1383,2199677,5720300
5016,66,68,48874,1381,2199745,5586000
5017,54,60,48820,1375,2199805,6403200
5018,63,52,48757,1386,2199857,5746000
5019,62,73,48695,1375,2199930,5990600
5020,58,64,48637,1369,2199994,5822000
5021,57,55,48580,1371,2200049,5653100
5022,68,72,48512,1367,2200121,5709800
5023,72,72,48440,1367,2200193,5660600
5024,56,70,48384,1353,2200263,5618800
5025,76,78,48308,1351,2200341,5733900
5026,70,69,48238,1352,2200410,5623200
5027,78,75,48160,1355,2200485,5600800
5028,55,80,48105,1330,2200565,5661200
5029,51,77,48054,1304,2200642,5603000
5030,61,57,47993,1308,2200699,5620500
5031,68,78,47925,1298,2200777,5577000
5032,54,64,47871,1288,2200841,5601400
5033,46,65,47825,1269,2200906,5606400
5034,48,64,47777,1253,2200970,5616500
5035,55,78,47722,1230,2201048,5535600
5036,48,62,47674,1216,2201110,5629200
5037,45,58,47629,1203,2201168,5601100
5038,55,57,47574,1201,2201225,5571500
5039,45,66,47529,1180,2201291,5654700
5040,54,51,47475,1183,2201342,5605800
5041,49,65,47426,1167,2201407,5600600
5042,51,67,47375,1151,2201474,6298900
5043,47,58,47328,1140,2201532,5776100
5044,47,52,47281,1135,2201584,6113600
5045,59,49,47222,1145,2201633,6151800
5046,41,59,47181,1127,2201692,5667200
5047,35,62,47146,1100,2201754,6250800
5048,52,48,47094,1104,2201802,5868800
5049,58,52,47036,1110,2201854,6005200
5050,41,51,46995,1100,2201905,5917900
5051,60,55,46935,1105,2201960,5812100
5052,42,53,46893,1094,2202013,5705100
5053,52,46,46841,1100,2202059,5669800
5054,57,50,46784,1107,2202109,5627800
5055,57,51,46727,1113,2202160,5939200
5056,40,52,46687,1101,2202212,5621000
5057,60,51,46627,1110,2202263,5765900
5058,44,48,46583,1106,2202311,5602800
5059,55,58,46528,1103,2202369,5625900
5060,47,64,46481,1086,2202433,6093200
5061,56,58,46425,1084,2202491,5579100
5062,52,56,46373,1080,2202547,5587000
5063,53,41,46320,1092,2202588,5693300
5064,47,42,46273,1097,2202630,5619600
5065,49,53,46224,1093,2202683,5642600
5066,41,64,46183,1070,2202747,5796700
5067,44,46,46139,1068,2202793,5844900
5068,51,54,46088,1065,2202847,5733000
5069,36,54,46052,1047,2202901,5722900
5070,46,56,46006,1037,2202957,5751900
5071,61,50,45945,1048,2203007,5805700
5072,42,50,45903,1040,2203057,5747000
5073,54,49,45849,1045,2203106,5743300
5074,55,56,45794,1044,2203162,5880700
5075,38,52,45756,1030,2203214,5962700
5076,54,51,45702,1033,2203265,6103500
5077,56,41,45646,1048,2203306,6573600
5078,51,46,45595,1053,2203352,6287000
5079,64,54,45531,1063,2203406,5958100
5080,55,45,45476,1073,2203451,6011700
5081,60,56,45416,1077,2203507,6087500
5082,58,60,45358,1075,2203567,6029700
5083,53,47,45305,1081,2203614,5662500
5084,57,53,45248,1085,2203667,6291100
5085,49,50,45199,1084,2203717,6213100
5086,41,50,45158,1075,2203767,5691900
5087,45,66,45113,1054,2203833,5714100
5088,43,54,45070,1043,2203887,5651800
5089,51,39,45019,1055,2203926,5658300
5090,49,41,44970,1063,2203967,5785300
5091,59,65,44911,1057,2204032,5728200
5092,56,44,44855,1069,2204076,5785900
5093,51,62,44804,1058,2204138,5884800
5094,42,58,44762,1042,2204196,5705600
5095,61,52,44701,1051,2204248,6271400
5096,62,75,44639,1038,2204323,5850200
5097,62,45,44577,1055,2204368,5720800
5098,66,50,44511,1071,2204418,6079300
5099,56,66,44455,1061,2204484,5818000
5100,61,53,44394,1069,2204537,5952900
5101,43,56,44351,1056,2204593,5926000
5102,51,53,44300,1054,2204646,5761600
5103,47,60,44253,1041,2204706,5699300
5104,52,61,44201,1032,2204767,5893200
5105,47,47,44154,1032,2204814,6010600
5106,62,53,44092,1041,2204867,6081100
5107,42,59,44050,1024,2204926,6120900
5108,44,48,44006,1020,2204974,5782400
5109,55,47,43951,1028,2205021,6139800
5110,50,60,43901,1018,2205081,5759800
5111,55,55,43846,1018,2205136,5945000
5112,45,42,43801,1021,2205178,5708500
5113,36,57,43765,1000,2205235,5725400
5114,47,44,43718,1003,2205279,5635400
5115,61,46,43657,1018,2205325,5667200
5116,52,56,43605,1014,2205381,5707300
5117,53,52,43552,1015,2205433,5600100
5118,34,53,43518,996,2205486,5663300
5119,44,58,43474,982,2205544,5678200
5120,41,55,43433,968,2205599,5598000
5121,43,49,43390,962,2205648,5627400
5122,50,44,43340,968,2205692,6246200
5123,51,51,43289,968,2205743,6001400
5124,32,36,43257,964,2205779,5724100
5125,39,50,43218,953,2205829,5576400
5126,37,51,43181,939,2205880,5779200
5127,34,42,43147,931,2205922,6177800
5128,38,36,43109,933,2205958,5620500
5129,43,53,43066,923,2206011,5683300
5130,48,42,43018,929,2206053,5790900
5131,46,41,42972,934,2206094,5636500
5132,36,36,42936,934,2206130,5729400
5133,34,47,42902,921,2206177,5557400
5134,54,42,42848,933,2206219,5794000
5135,31,39,42817,925,2206258,6285100
5136,49,48,42768,926,2206306,5696500
5137,38,35,42730,929,2206341,5640600
5138,36,50,42694,915,2206391,5563900
5139,55,43,42639,927,2206434,5607600
5140,43,45,42596,925,2206479,5681200
5141,41,56,42555,910,2206535,5571700
5142,38,44,42517,904,2206579,5619800
5143,42,40,42475,906,2206619,5678800
5144,44,52,42431,898,2206671,5629100
5145,49,54,42382,893,2206725,5615400
5146,41,43,42341,891,2206768,5661700
5147,42,38,42299,895,2206806,5670700
5148,39,44,42260,890,2206850,6121800
5149,53,30,42207,913,2206880,5696800
5150,37,44,42170,906,2206924,5636900
5151,38,44,42132,900,2206968,6095400
5152,40,35,42092,905,2207003,5979900
5153,38,38,42054,905,2207041,5693600
5154,48,49,42006,904,2207090,5580800
5155,50,48,41956,906,2207138,5559900
5156,42,45,41914,903,2207183,5600200
5157,38,48,41876,893,2207231,5818700
5158,55,39,41821,909,2207270,5702900
5159,37,49,41784,897,2207319,5858100
5160,33,56,41751,874,2207375,5877100
5161,41,45,41710,870,2207420,5598200
5162,35,53,41675,852,2207473,5559300
5163,43,32,41632,863,2207505,5537300
5164,40,37,41592,866,2207542,5557500
5165,26,46,41566,846,2207588,5575100
5166,33,49,41533,830,2207637,5510300
5167,35,51,41498,814,2207688,5761600
5168,38,46,41460,806,2207734,5563600
5169,43,47,41417,802,2207781,5525200
5170,35,29,41382,808,2207810,5657200
5171,35,49,41347,794,2207859,5538800
5172,49,47,41298,796,2207906,5552800
5173,42,45,41256,793,2207951,5592500
5174,40,49,41216,784,2208000,5522900
5175,35,45,41181,774,2208045,5493200
5176,44,37,41137,781,2208082,5595800
5177,37,44,41100,774,2208126,5491800
5178,38,35,41062,777,2208161,5540400
5179,30,40,41032,767,2208201,5525600
5180,38,38,40994,767,2208239,5472500
5181,31,34,40963,764,2208273,5588400
5182,43,24,40920,783,2208297,5576800
5183,30,33,40890,780,2208330,5525500
5184,40,50,40850,770,2208380,5629000
5185,31,38,40819,763,2208418,5582800
5186,47,40,40772,770,2208458,5512700
5187,43,44,40729,769,2208502,5649600
5188,36,38,40693,767,2208540,5608200
5189,33,35,40660,765,2208575,5618800
5190,38,32,40622,771,2208607,6568600
5191,42,40,40580,773,2208647,5679100
5192,36,41,40544,768,2208688,6058800
5193,42,44,40502,766,2208732,5620500
5194,34,33,40468,767,2208765,5533200
5195,37,26,40431,778,2208791,5771800
5196,36,35,40395,779,2208826,5550500
5197,29,37,40366,771,2208863,5628300
5198,35,40,40331,766,2208903,5656000
5199,24,27,40307,763,2208930,5487300
5200,24,46,40283,741,2208976,5523700
5201,27,37,40256,731,2209013,5554800
5202,34,44,40222,721,2209057,5477500
5203,34,35,40188,720,2209092,5561400
5204,37,37,40151,720,2209129,5523900
5205,34,40,40117,714,2209169,5541400
5206,27,35,40090,706,2209204,5576100
5207,28,35,40062,699,2209239,5500200
5208,24,29,40038,694,2209268,5484700
5209,27,29,40011,692,2209297,5564100
5210,33,31,39978,694,2209328,5488000
5211,34,42,39944,686,2209370,5488900
5212,27,43,39917,670,2209413,6069900
5213,34,40,39883,664,2209453,5499200
5214,38,24,39845,678,2209477,5487600
5215,26,36,39819,668,2209513,5549600
5216,33,31,39786,670,2209544,5473500
5217,26,25,39760,671,2209569,5600900
5218,35,41,39725,665,2209610,5517400
5219,31,33,39694,663,2209643,5500600
5220,28,32,39666,659,2209675,5906900
5221,32,30,39634,661,2209705,5498600
5222,26,27,39608,660,2209732,5541400
5223,23,27,39585,656,2209759,5594900
5224,20,33,39565,643,2209792,5644500
5225,33,35,39532,641,2209827,5629400
5226,24,21,39508,644,2209848,5677700
5227,18,35,39490,627,2209883,5641200
5228,26,37,39464,616,2209920,5668600
5229,19,28,39445,607,2209948,5587200
5230,23,34,39422,596,2209982,5477800
5231,22,22,39400,596,2210004,6053000
5232,21,23,39379,594,2210027,5666200
5233,20,27,39359,587,2210054,5469600
5234,19,25,39340,581,2210079,5600000
5235,25,28,39315,578,2210107,5494300
5236,18,26,39297,570,2210133,5466600
5237,22,34,39275,558,2210167,5547900
5238,17,30,39258,545,2210197,5474300
5239,22,30,39236,537,2210227,5436500
5240,21,27,39215,531,2210254,6326300
5241,21,27,39194,525,2210281,5533500
5242,19,26,39175,518,2210307,5543400
5243,18,27,39157,509,2210334,5492200
5244,21,20,39136,510,2210354,5480600
5245,26,28,39110,508,2210382,5524800
5246,24,33,39086,499,2210415,5451300
5247,28,26,39058,501,2210441,5554700
5248,19,24,39039,496,2210465,5868200
5249,31,34,39008,493,2210499,5550500
5250,24,27,38984,490,2210526,5555000
5251,29,31,38955,488,2210557,5969500
5252,19,22,38936,485,2210579,5572300
5253,29,21,38907,493,2210600,5788200
5254,24,25,38883,492,2210625,7152100
5255,32,22,38851,502,2210647,6352600
5256,22,16,38829,508,2210663,6233700
5257,29,25,38800,512,2210688,6647600
5258,29,34,38771,507,2210722,6019700
5259,29,23,38742,513,2210745,5836000
5260,21,21,38721,513,2210766,5539100
5261,24,25,38697,512,2210791,5853300
5262,19,20,38678,511,2210811,5622600
5263,27,23,38651,515,2210834,5614900
5264,27,28,38624,514,2210862,5604600
5265,26,21,38598,519,2210883,5536200
5266,36,22,38562,533,2210905,5793000
5267,30,25,38532,538,2210930,5568300
5268,30,29,38502,539,2210959,5560100
5269,26,30,38476,535,2210989,5686900
5270,31,25,38445,541,2211014,5574300
5271,31,24,38414,548,2211038,5591900
5272,30,35,38384,543,2211073,5893000
5273,27,27,38357,543,2211100,5614400
5274,28,30,38329,541,2211130,5576500
5275,31,19,38298,553,2211149,5644500
5276,17,29,38281,541,2211178,5991600
5277,21,34,38260,528,2211212,5655000
5278,23,22,38237,529,2211234,5667800
5279,27,26,38210,530,2211260,5694700
5280,15,28,38195,517,2211288,6568500
5281,27,17,38168,527,2211305,6425800
5282,21,21,38147,527,2211326,5807000
5283,27,27,38120,527,2211353,5968200
5284,23,23,38097,527,2211376,5715600
5285,16,25,38081,518,2211401,5703400
5286,25,29,38056,514,2211430,5669600
5287,22,24,38034,512,2211454,5643700
5288,21,32,38013,501,2211486,5859700
5289,21,20,37992,502,2211506,5925500
5290,28,23,37964,507,2211529,5880300
5291,24,28,37940,503,2211557,5814700
5292,19,26,37921,496,2211583,5847200
5293,29,24,37892,501,2211607,5683800
5294,30,24,37862,507,2211631,5650600
5295,26,32,37836,501,2211663,5627200
5296,25,27,37811,499,2211690,5688900
5297,19,28,37792,490,2211718,5635500
5298,36,32,37756,494,2211750,5656200
5299,22,34,37734,482,2211784,5750200
5300,18,15,37716,485,2211799,5689900
5301,19,23,37697,481,2211822,6037500
5302,16,21,37681,476,2211843,5978700
5303,23,18,37658,481,2211861,5687900
5304,27,24,37631,484,2211885,6050800
5305,20,36,37611,468,2211921,5717200
5306,21,22,37590,467,2211943,5561700
5307,16,26,37574,457,2211969,5663200
5308,24,22,37550,459,2211991,5567700
5309,20,24,37530,455,2212015,5590000
5310,30,16,37500,469,2212031,5530100
5311,17,41,37483,445,2212072,5470700
5312,18,19,37465,444,2212091,5500700
5313,18,21,37447,441,2212112,5455300
5314,17,30,37430,428,2212142,5455200
5315,33,20,37397,441,2212162,5485700
5316,23,14,37374,450,2212176,5485400
5317,35,23,37339,462,2212199,5447600
5318,25,27,37314,460,2212226,5828400
5319,26,23,37288,463,2212249,5518300
5320,25,21,37263,467,2212270,5460800
5321,18,17,37245,468,2212287,6311500
5322,19,25,37226,462,2212312,5689900
5323,23,24,37203,461,2212336,5745300
5324,17,20,37186,458,2212356,5726400
5325,22,19,37164,461,2212375,5515900
5326,23,21,37141,463,2212396,5496400
5327,31,19,37110,475,2212415,5832500
5328,18,29,37092,464,2212444,5450700
5329,24,22,37068,466,2212466,5536100
5330,22,18,37046,470,2212484,5480100
5331,21,21,37025,470,2212505,5453600
5332,17,25,37008,462,2212530,6274600
5333,18,16,36990,464,2212546,5763100
5334,23,16,36967,471,2212562,5560100
5335,23,25,36944,469,2212587,6401100
5336,21,24,36923,466,2212611,5479500
5337,18,32,36905,452,2212643,5524800
5338,26,31,36879,447,2212674,5456200
5339,24,18,36855,453,2212692,5468400
5340,18,33,36837,438,2212725,5473500
5341,21,21,36816,438,2212746,5469500
5342,23,20,36793,441,2212766,5490400
5343,17,22,36776,436,2212788,5483800
5344,18,15,36758,439,2212803,5449400
5345,16,26,36742,429,2212829,5465800
5346,24,25,36718,428,2212854,5943000
5347,20,25,36698,423,2212879,5498400
5348,25,21,36673,427,2212900,5460100
5349,14,25,36659,416,2212925,5704500
5350,24,22,36635,418,2212947,5485600
5351,23,16,36612,425,2212963,5488600
5352,22,27,36590,420,2212990,5424100
5353,25,23,36565,422,2213013,5466700
5354,20,20,36545,422,2213033,5484000
5355,31,21,36514,432,2213054,5467600
5356,18,14,36496,436,2213068,5451800
5357,17,21,36479,432,2213089,5838000
5358,29,16,36450,445,2213105,6007600
5359,26,21,36424,450,2213126,5544000
5360,17,18,36407,449,2213144,6064400
5361,18,24,36389,443,2213168,5732200
5362,15,21,36374,437,2213189,5451900
5363,24,18,36350,443,2213207,6227800
5364,21,18,36329,446,2213225,5682700
5365,12,28,36317,430,2213253,5995400
5366,18,20,36299,428,2213273,6358700
5367,13,17,36286,424,2213290,5559900
5368,21,28,36265,417,2213318,5597000
5369,13,29,36252,401,2213347,5636300
5370,19,14,36233,406,2213361,5560900
5371,27,23,36206,410,2213384,5999000
5372,16,18,36190,408,2213402,5791000
5373,19,25,36171,402,2213427,5739700
5374,18,17,36153,403,2213444,6179600
5375,13,27,36140,389,2213471,5569900
5376,15,26,36125,378,2213497,6257500
5377,15,21,36110,372,2213518,5634300
5378,16,18,36094,370,2213536,5474800
5379,21,20,36073,371,2213556,5627100
5380,20,23,36053,368,2213579,5533300
5381,17,13,36036,372,2213592,5531800
5382,15,14,36021,373,2213606,5608500
5383,20,16,36001,377,2213622,5505500
5384,18,13,35983,382,2213635,5593100
5385,9,23,35974,368,2213658,6278700
5386,19,18,35955,369,2213676,5636800
5387,15,18,35940,366,2213694,5501200
5388,15,19,35925,362,2213713,5499600
5389,23,16,35902,369,2213729,5474900
5390,17,20,35885,366,2213749,5529900
5391,14,17,35871,363,2213766,5494200
5392,16,15,35855,364,2213781,5587300
5393,15,18,35840,361,2213799,5581300
5394,10,24,35830,347,2213823,5721700
5395,14,23,35816,338,2213846,5477600
5396,13,16,35803,335,2213862,6322300
5397,15,19,35788,331,2213881,5622400
5398,13,20,35775,324,2213901,5682500
5399,17,21,35758,320,2213922,5680500
5400,21,18,35737,323,2213940,5717500
5401,15,17,35722,321,2213957,5686600
5402,15,15,35707,321,2213972,5646300
5403,16,20,35691,317,2213992,5530700
5404,14,14,35677,317,2214006,5822800
5405,15,15,35662,317,2214021,5537200
5406,23,18,35639,322,2214039,5649200
5407,12,12,35627,322,2214051,5483100
5408,17,23,35610,316,2214074,5545400
5409,16,16,35594,316,2214090,5842900
5410,18,19,35576,315,2214109,5473000
5411,10,12,35566,313,2214121,5474000
5412,19,16,35547,316,2214137,5673200
5413,14,13,35533,317,2214150,5514400
5414,15,21,35518,311,2214171,5502000
5415,18,13,35500,316,2214184,5887400
5416,18,22,35482,312,2214206,5701100
5417,17,11,35465,318,2214217,5514100
5418,21,17,35444,322,2214234,5533500
5419,16,15,35428,323,2214249,5511100
5420,28,16,35400,335,2214265,5741700
5421,16,22,35384,329,2214287,5474300
5422,12,13,35372,328,2214300,5581400
5423,22,16,35350,334,2214316,5526000
5424,17,21,35333,330,2214337,5480500
5425,18,16,35315,332,2214353,5478500
5426,15,26,35300,321,2214379,5718600
5427,14,15,35286,320,2214394,5720400
5428,15,19,35271,316,2214413,5593700
5429,19,23,35252,312,2214436,5718500
5430,13,11,35239,314,2214447,5615300
5431,12,23,35227,303,2214470,5740100
5432,14,17,35213,300,2214487,6133000
5433,20,7,35193,313,2214494,6084900
5434,15,12,35178,316,2214506,6017300
5435,16,16,35162,316,2214522,5562100
5436,17,22,35145,311,2214544,5518300
5437,18,13,35127,316,2214557,5587500
5438,15,21,35112,310,2214578,5521800
5439,16,15,35096,311,2214593,5565300
5440,17,14,35079,314,2214607,5552100
5441,17,21,35062,310,2214628,5511400
5442,15,13,35047,312,2214641,5530300
5443,15,12,35032,315,2214653,5541000
5444,23,17,35009,321,2214670,5534300
5445,17,13,34992,325,2214683,5595700
5446,16,25,34976,316,2214708,5513700
5447,11,15,34965,312,2214723,5541200
5448,18,10,34947,320,2214733,5931400
5449,8,11,34939,317,2214744,5566700
5450,14,11,34925,320,2214755,5536300
5451,16,13,34909,323,2214768,5526200
5452,12,16,34897,319,2214784,5536200
5453,14,11,34883,322,2214795,5665200
5454,9,25,34874,306,2214820,5536300
5455,11,15,34863,302,2214835,5498700
5456,11,15,34852,298,2214850,5559100
5457,11,21,34841,288,2214871,5506500
5458,23,17,34818,294,2214888,5499700
5459,10,9,34808,295,2214897,5818200
5460,16,14,34792,297,2214911,5567300
5461,18,13,34774,302,2214924,5501900
5462,7,14,34767,295,2214938,5530700
5463,10,18,34757,287,2214956,5534700
5464,8,15,34749,280,2214971,5771300
5465,6,15,34743,271,2214986,5590700
5466,9,23,34734,257,2215009,5519300
5467,8,16,34726,249,2215025,5534000
5468,11,15,34715,245,2215040,5504600
5469,7,17,34708,235,2215057,5486000
5470,9,7,34699,237,2215064,5611200
5471,8,18,34691,227,2215082,5618400
5472,12,16,34679,223,2215098,5649200
5473,9,8,34670,224,2215106,5679800
5474,9,13,34661,220,2215119,5570100
5475,12,13,34649,219,2215132,5643900
5476,10,7,34639,222,2215139,5485300
5477,11,11,34628,222,2215150,5457900
5478,10,12,34618,220,2215162,5545400
5479,13,10,34605,223,2215172,5465300
5480,8,9,34597,222,2215181,5481000
5481,9,13,34588,218,2215194,6240900
5482,11,8,34577,221,2215202,5487000
5483,9,11,34568,219,2215213,5651600
5484,10,8,34558,221,2215221,5813100
5485,16,12,34542,225,2215233,5436400
5486,10,16,34532,219,2215249,5485300
5487,10,15,34522,214,2215264,5479400
5488,13,11,34509,216,2215275,5500400
5489,11,12,34498,215,2215287,5656900
5490,9,12,34489,212,2215299,5617600
5491,10,10,34479,212,2215309,5596100
5492,7,10,34472,209,2215319,5653300
5493,10,14,34462,205,2215333,5614800
5494,13,7,34449,211,2215340,5801000
5495,8,9,34441,210,2215349,6157100
5496,5,18,34436,197,2215367,5732700
5497,9,9,34427,197,2215376,5704500
5498,3,7,34424,193,2215383,5713300
5499,9,8,34415,194,2215391,5966200
5500,7,5,34408,196,2215396,5687300
5501,3,10,34405,189,2215406,5665600
5502,8,9,34397,188,2215415,6017400
5503,8,12,34389,184,2215427,5749200
5504,3,9,34386,178,2215436,5771800
5505,3,11,34383,170,2215447,5767300
5506,9,9,34374,170,2215456,6129800
5507,8,14,34366,164,2215470,5699000
5508,6,6,34360,164,2215476,5912500
5509,6,4,34354,166,2215480,5742100
5510,6,5,34348,167,2215485,5811400
5511,4,13,34344,158,2215498,5741500
5512,8,4,34336,162,2215502,5738800
5513,6,5,34330,163,2215507,5599800
5514,7,7,34323,163,2215514,5726500
5515,5,8,34318,160,2215522,5624800
5516,5,5,34313,160,2215527,5578900
5517,2,5,34311,157,2215532,5736700
5518,10,5,34301,162,2215537,5647300
5519,3,8,34298,157,2215545,5648100
5520,9,8,34289,158,2215553,5660500
5521,13,7,34276,164,2215560,5565000
5522,5,9,34271,160,2215569,5924000
5523,3,9,34268,154,2215578,5564200
5524,5,4,34263,155,2215582,5435800
5525,6,7,34257,154,2215589,5587300
5526,9,7,34248,156,2215596,5439600
5527,4,7,34244,153,2215603,5424000
5528,5,10,34239,148,2215613,5506900
5529,12,2,34227,158,2215615,5420200
5530,7,10,34220,155,2215625,5521600
5531,6,10,34214,151,2215635,5593400
5532,12,7,34202,156,2215642,5494200
5533,3,4,34199,155,2215646,5534300
5534,9,8,34190,156,2215654,5471300
5535,11,10,34179,157,2215664,5465300
5536,6,9,34173,154,2215673,5689500
5537,5,9,34168,150,2215682,5420200
5538,7,7,34161,150,2215689,5405400
5539,7,2,34154,155,2215691,5548000
5540,5,8,34149,152,2215699,5416200
5541,7,9,34142,150,2215708,5494300
5542,11,10,34131,151,2215718,5642400
5543,10,7,34121,154,2215725,5521800
5544,9,4,34112,159,2215729,5549700
5545,12,3,34100,168,2215732,5581100
5546,8,10,34092,166,2215742,5528800
5547,7,9,34085,164,2215751,5766300
5548,7,12,34078,159,2215763,5977800
5549,9,5,34069,163,2215768,5604100
5550,5,5,34064,163,2215773,5583800
5551,9,6,34055,166,2215779,5530100
5552,8,9,34047,165,2215788,5467200
5553,3,8,34044,160,2215796,5545900
5554,6,2,34038,164,2215798,5398200
5555,5,6,34033,163,2215804,5471400
5556,8,6,34025,165,2215810,6111200
5557,2,11,34023,156,2215821,5538900
5558,7,8,34016,155,2215829,5578700
5559,2,8,34014,149,2215837,5906600
5560,2,5,34012,146,2215842,5506700
5561,3,5,34009,144,2215847,5488400
5562,2,9,34007,137,2215856,5457600
5563,5,4,34002,138,2215860,5425200
5564,5,8,33997,135,2215868,5449300
5565,3,8,33994,130,2215876,5460800
5566,5,4,33989,131,2215880,5422400
5567,4,5,33985,130,2215885,5584200
5568,6,4,33979,132,2215889,5515900
5569,6,9,33973,129,2215898,5532100
5570,5,9,33968,125,2215907,5560700
5571,3,3,33965,125,2215910,5481500
5572,4,11,33961,118,2215921,5472000
5573,5,6,33956,117,2215927,5533900
5574,2,4,33954,115,2215931,5415600
5575,6,5,33948,116,2215936,5525400
5576,9,6,33939,119,2215942,5483500
5577,5,7,33934,117,2215949,5482700
5578,6,5,33928,118,2215954,5626200
5579,7,6,33921,119,2215960,5703000
5580,1,5,33920,115,2215965,5628400
5581,1,7,33919,109,2215972,5672100
5582,2,7,33917,104,2215979,5678700
5583,2,1,33915,105,2215980,5555800
5584,3,6,33912,102,2215986,5574500
5585,2,3,33910,101,2215989,5483900
5586,1,6,33909,96,2215995,5493700
5587,5,6,33904,95,2216001,5523500
5588,5,4,33899,96,2216005,5450600
5589,4,8,33895,92,2216013,5663300
5590,3,1,33892,94,2216014,5619400
5591,1,5,33891,90,2216019,5441600
5592,9,2,33882,97,2216021,5541500
5593,2,2,33880,97,2216023,5457900
5594,3,3,33877,97,2216026,5525100
5595,2,5,33875,94,2216031,5471400
5596,4,5,33871,93,2216036,5423100
5597,5,6,33866,92,2216042,5450300
5598,4,5,33862,91,2216047,5497200
5599,3,5,33859,89,2216052,5434800
5600,7,4,33852,92,2216056,5424100
5601,3,6,33849,89,2216062,5825000
5602,4,4,33845,89,2216066,5506700
5603,2,4,33843,87,2216070,5403800
5604,3,10,33840,80,2216080,6068000
5605,1,2,33839,79,2216082,5639300
5606,5,1,33834,83,2216083,5676000
5607,4,5,33830,82,2216088,5759700
5608,1,5,33829,78,2216093,5700200
5609,4,7,33825,75,2216100,6176500
5610,2,1,33823,76,2216101,5568300
5611,1,2,33822,75,2216103,5506200
5612,9,5,33813,79,2216108,5483700
5613,1,4,33812,76,2216112,5461800
5614,3,6,33809,73,2216118,5452500
5615,2,6,33807,69,2216124,5457300
5616,2,5,33805,66,2216129,5445900
5617,3,7,33802,62,2216136,5432200
5618,2,8,33800,56,2216144,5532500
5619,1,6,33799,51,2216150,5439100
5620,0,1,33799,50,2216151,5422200
5621,0,3,33799,47,2216154,5530100
5622,1,0,33798,48,2216154,5485300
5623,1,3,33797,46,2216157,5408100
5624,2,1,33795,47,2216158,5915500
5625,3,0,33792,50,2216158,5565600
5626,4,2,33788,52,2216160,5534700
5627,2,5,33786,49,2216165,5442400
5628,3,3,33783,49,2216168,5410500
5629,0,1,33783,48,2216169,5968100
5630,2,3,33781,47,2216172,5927800
5631,3,3,33778,47,2216175,5657000
5632,2,4,33776,45,2216179,6013000
5633,0,3,33776,42,2216182,5590500
5634,1,1,33775,42,2216183,5432700
5635,1,1,33774,42,2216184,5798200
5636,3,1,33771,44,2216185,5508000
5637,3,1,33768,46,2216186,5491000
5638,2,2,33766,46,2216188,5425200
5639,1,2,33765,45,2216190,5464200
5640,4,2,33761,47,2216192,5858600
5641,3,2,33758,48,2216194,5742900
5642,4,3,33754,49,2216197,5594700
5643,1,1,33753,49,2216198,5950500
5644,1,2,33752,48,2216200,5649600
5645,1,0,33751,49,2216200,5531500
5646,4,3,33747,50,2216203,5621600
5647,1,2,33746,49,2216205,5508200
5648,2,3,33744,48,2216208,5528600
5649,3,5,33741,46,2216213,5621100
5650,4,3,33737,47,2216216,5553600
5651,1,1,33736,47,2216217,5953100
5652,0,3,33736,44,2216220,5495600
5653,0,3,33736,41,2216223,5629000
5654,3,0,33733,44,2216223,6249500
5655,3,3,33730,44,2216226,5771600
5656,0,0,33730,44,2216226,5665100
5657,1,2,33729,43,2216228,6094900
5658,1,2,33728,42,2216230,5614700
5659,0,3,33728,39,2216233,5594700
5660,0,2,33728,37,2216235,5495700
5661,1,1,33727,37,2216236,5463200
5662,0,2,33727,35,2216238,6068300
5663,0,1,33727,34,2216239,5874100
5664,0,2,33727,32,2216241,5979400
5665,0,1,33727,31,2216242,5830900
5666,0,1,33727,30,2216243,6489900
5667,0,2,33727,28,2216245,5897100
5668,0,1,33727,27,2216246,6440600
5669,0,1,33727,26,2216247,5811000
5670,0,0,33727,26,2216247,5753600
5671,1,0,33726,27,2216247,5454000
5672,1,1,33725,27,2216248,5502600
5673,0,1,33725,26,2216249,5550900
5674,1,0,33724,27,2216249,5564800
5675,0,0,33724,27,2216249,5419800
5676,0,1,33724,26,2216250,5595100
5677,0,2,33724,24,2216252,5475400
5678,0,1,33724,23,2216253,5444700
5679,0,2,33724,21,2216255,5579800
5680,0,2,33724,19,2216257,5492600
5681,0,1,33724,18,2216258,5490600
5682,0,2,33724,16,2216260,5481700
5683,0,1,33724,15,2216261,5494100
5684,0,2,33724,13,2216263,5694700
5685,0,2,33724,11,2216265,7606300
5686,0,1,33724,10,2216266,7273300
5687,0,0,33724,10,2216266,7136000
5688,0,0,33724,10,2216266,7502500
5689,0,2,33724,8,2216268,7401300
5690,0,0,33724,8,2216268,7320900
5691,0,0,33724,8,2216268,7666500
5692,0,1,33724,7,2216269,6213000
5693,0,0,33724,7,2216269,6540600
5694,0,1,33724,6,2216270,7305400
5695,0,0,33724,6,2216270,7739900
5696,0,2,33724,4,2216272,7249200
5697,0,1,33724,3,2216273,6638300
5698,0,0,33724,3,2216273,6811400
5699,0,0,33724,3,2216273,6535700
5700,0,0,33724,3,2216273,7574300
5701,0,0,33724,3,2216273,7110200
5702,0,0,33724,3,2216273,7282000
5703,0,0,33724,3,2216273,7879000
5704,0,0,33724,3,2216273,7299000
5705,0,2,33724,1,2216275,7996000
5706,0,0,33724,1,2216275,8773500
5707,0,0,33724,1,2216275,6740200
5708,0,0,33724,1,2216275,6118000
5709,0,0,33724,1,2216275,5926400
5710,0,0,33724,1,2216275,5853200
5711,0,0,33724,1,2216275,5802100
5712,0,0,33724,1,2216275,5912100
5713,0,0,33724,1,2216275,5958700
5714,0,0,33724,1,2216275,5943300
5715,0,0,33724,1,2216275,5943500
5716,0,0,33724,1,2216275,7077000
5717,0,0,33724,1,2216275,6093500
5718,0,0,33724,1,2216275,7784100
5719,0,1,33724,0,2216276,7005200
