Tick,NewlyInfected,NewlyRecovered,TotalSusceptible,TotalInfected,TotalRecovered,StepTimeNanos
0,1,0,2249994,6,0,6014500
1,3,0,2249991,9,0,5833000
2,2,1,2249989,10,1,5748000
3,1,1,2249988,10,2,6610100
4,3,0,2249985,13,2,5844900
5,3,0,2249982,16,2,6039500
6,2,1,2249980,17,3,6368400
7,1,0,2249979,18,3,9617000
8,6,1,2249973,23,4,7083100
9,4,0,2249969,27,4,6653300
10,9,1,2249960,35,5,6550400
11,9,2,2249951,42,7,6299200
12,10,1,2249941,51,8,5963000
13,7,2,2249934,56,10,6591500
14,9,2,2249925,63,12,7066300
15,8,1,2249917,70,13,5900500
16,12,3,2249905,79,16,6359600
17,10,2,2249895,87,18,6654800
18,9,1,2249886,95,19,7765900
19,11,6,2249875,100,25,7211400
20,15,5,2249860,110,30,6728800
21,16,5,2249844,121,35,6134100
22,9,2,2249835,128,37,5932300
23,10,4,2249825,134,41,5603000
24,15,9,2249810,140,50,6543300
25,9,9,2249801,140,59,5591300
26,12,10,2249789,142,69,5723800
27,15,12,2249774,145,81,5616000
28,16,12,2249758,149,93,5628000
29,12,7,2249746,154,100,6178100
30,9,13,2249737,150,113,5652100
31,16,5,2249721,161,118,5827400
32,11,11,2249710,161,129,5859200
33,15,10,2249695,166,139,5727000
34,15,11,2249680,170,150,5618900
35,9,3,2249671,176,153,5601800
36,13,5,2249658,184,158,5876800
37,16,2,2249642,198,160,5573600
38,23,12,2249619,209,172,5596900
39,16,16,2249603,209,188,5931700
40,17,13,2249586,213,201,5755500
41,20,12,2249566,221,213,6591400
42,20,15,2249546,226,228,6260200
43,23,12,2249523,237,240,5997600
44,25,13,2249498,249,253,6391200
45,25,11,2249473,263,264,7030100
46,20,13,2249453,270,277,6356800
47,23,12,2249430,281,289,6313100
48,32,14,2249398,299,303,6224100
49,21,13,2249377,307,316,5623900
50,29,12,2249348,324,328,5556300
51,25,16,2249323,333,344,5974000
52,34,22,2249289,345,366,6178200
53,15,18,2249274,342,384,5600300
54,33,19,2249241,356,403,5689800
55,31,12,2249210,375,415,5543900
56,32,23,2249178,384,438,5572400
57,30,13,2249148,401,451,5669100
58,26,22,2249122,405,473,5778300
59,30,26,2249092,409,499,5659500
60,27,16,2249065,420,515,5668500
61,23,27,2249042,416,542,5678600
62,35,19,2249007,432,561,5628300
63,26,24,2248981,434,585,5591700
64,34,8,2248947,460,593,5645500
65,33,27,2248914,466,620,5606400
66,44,19,2248870,491,639,5570300
67,40,23,2248830,508,662,5749500
68,35,33,2248795,510,695,5770200
69,46,31,2248749,525,726,5796100
70,33,18,2248716,540,744,5625200
71,41,24,2248675,557,768,5542000
72,40,25,2248635,572,793,5615900
73,41,26,2248594,587,819,5619200
74,46,21,2248548,612,840,5722600
75,40,29,2248508,623,869,5739300
76,35,24,2248473,634,893,5970800
77,54,29,2248419,659,922,5566400
78,46,39,2248373,666,961,5628000
79,46,31,2248327,681,992,5675300
80,59,43,2248268,697,1035,5632600
81,55,35,2248213,717,1070,5667900
82,60,37,2248153,740,1107,5734200
83,52,30,2248101,762,1137,5645500
84,54,37,2248047,779,1174,5736000
85,43,38,2248004,784,1212,5604700
86,57,44,2247947,797,1256,5662400
87,54,31,2247893,820,1287,5782700
88,48,45,2247845,823,1332,6168200
89,58,37,2247787,844,1369,6170700
90,45,50,2247742,839,1419,5910900
91,62,48,2247680,853,1467,5886300
92,52,57,2247628,848,1524,5659100
93,55,33,2247573,870,1557,5918200
94,47,39,2247526,878,1596,5767900
95,43,53,2247483,868,1649,5650100
96,50,50,2247433,868,1699,5775400
97,56,38,2247377,886,1737,5622200
98,54,43,2247323,897,1780,5654500
99,48,48,2247275,897,1828,5638300
100,42,47,2247233,892,1875,5674400
101,49,47,2247184,894,1922,5763100
102,64,37,2247120,921,1959,10483300
103,50,38,2247070,933,1997,6675700
104,67,43,2247003,957,2040,5776000
105,53,40,2246950,970,2080,6293500
106,60,52,2246890,978,2132,6104000
107,61,50,2246829,989,2182,5761900
108,58,47,2246771,1000,2229,5597800
109,54,51,2246717,1003,2280,5592600
110,55,46,2246662,1012,2326,5516300
111,68,52,2246594,1028,2378,5587500
112,67,59,2246527,1036,2437,5543000
113,58,58,2246469,1036,2495,5569900
114,55,56,2246414,1035,2551,5507000
115,66,34,2246348,1067,2585,5552200
116,63,66,2246285,1064,2651,5539300
117,68,61,2246217,1071,2712,5556600
118,78,52,2246139,1097,2764,5567000
119,74,58,2246065,1113,2822,5590100
120,73,59,2245992,1127,2881,5655500
121,54,58,2245938,1123,2939,5634600
122,64,49,2245874,1138,2988,5729100
123,50,56,2245824,1132,3044,5669200
124,72,46,2245752,1158,3090,5682100
125,77,55,2245675,1180,3145,5572800
126,83,54,2245592,1209,3199,5689200
127,76,57,2245516,1228,3256,5679600
128,77,57,2245439,1248,3313,5591300
129,55,71,2245384,1232,3384,5600900
130,70,64,2245314,1238,3448,5583200
131,81,60,2245233,1259,3508,5565300
132,76,70,2245157,1265,3578,5586200
133,81,49,2245076,1297,3627,5575700
134,90,67,2244986,1320,3694,5512000
135,78,58,2244908,1340,3752,5541700
136,83,77,2244825,1346,3829,5543400
137,94,58,2244731,1382,3887,5779500
138,74,74,2244657,1382,3961,5599200
139,95,79,2244562,1398,4040,5868500
140,83,71,2244479,1410,4111,5866700
141,79,50,2244400,1439,4161,5677700
142,82,66,2244318,1455,4227,5832200
143,103,72,2244215,1486,4299,5726900
144,91,74,2244124,1503,4373,5643200
145,75,74,2244049,1504,4447,5653000
146,93,84,2243956,1513,4531,5582300
147,105,78,2243851,1540,4609,5649600
148,102,79,2243749,1563,4688,5596100
149,121,67,2243628,1617,4755,5627700
150,106,83,2243522,1640,4838,5682500
151,114,79,2243408,1675,4917,5570300
152,91,77,2243317,1689,4994,6238600
153,84,102,2243233,1671,5096,5604000
154,104,67,2243129,1708,5163,5704000
155,83,86,2243046,1705,5249,5589900
156,122,78,2242924,1749,5327,5553400
157,112,102,2242812,1759,5429,5657100
158,105,92,2242707,1772,5521,5728800
159,104,65,2242603,1811,5586,5645000
160,109,98,2242494,1822,5684,5516300
161,110,91,2242384,1841,5775,5675900
162,113,99,2242271,1855,5874,5564200
163,94,91,2242177,1858,5965,5518000
164,107,105,2242070,1860,6070,5678400
165,122,106,2241948,1876,6176,5593900
166,125,90,2241823,1911,6266,5560600
167,119,97,2241704,1933,6363,5561300
168,129,99,2241575,1963,6462,5567300
169,131,92,2241444,2002,6554,5924000
170,110,101,2241334,2011,6655,5743200
171,99,107,2241235,2003,6762,6078400
172,134,97,2241101,2040,6859,5764700
173,116,98,2240985,2058,6957,5757600
174,125,112,2240860,2071,7069,6359100
175,114,110,2240746,2075,7179,5967200
176,132,98,2240614,2109,7277,5921400
177,99,105,2240515,2103,7382,5819500
178,118,118,2240397,2103,7500,6055100
179,112,117,2240285,2098,7617,6129300
180,132,102,2240153,2128,7719,5712600
181,113,104,2240040,2137,7823,5807700
182,116,120,2239924,2133,7943,5640000
183,130,105,2239794,2158,8048,6063400
184,131,102,2239663,2187,8150,5794500
185,112,110,2239551,2189,8260,5796300
186,119,109,2239432,2199,8369,5774900
187,120,103,2239312,2216,8472,5657100
188,107,113,2239205,2210,8585,6052200
189,128,106,2239077,2232,8691,5761400
190,131,109,2238946,2254,8800,5757600
191,118,113,2238828,2259,8913,5945600
192,127,103,2238701,2283,9016,5785300
193,121,104,2238580,2300,9120,6099100
194,120,124,2238460,2296,9244,6143500
195,142,112,2238318,2326,9356,5787800
196,134,111,2238184,2349,9467,5816500
197,147,111,2238037,2385,9578,5809600
198,115,116,2237922,2384,9694,6085400
199,144,124,2237778,2404,9818,5855400
200,127,112,2237651,2419,9930,6360700
201,114,114,2237537,2419,10044,5892900
202,126,142,2237411,2403,10186,5730000
203,128,132,2237283,2399,10318,6551100
204,135,118,2237148,2416,10436,5580000
205,137,124,2237011,2429,10560,5573300
206,136,134,2236875,2431,10694,5658700
207,133,107,2236742,2457,10801,5607600
208,135,120,2236607,2472,10921,5555300
209,142,131,2236465,2483,11052,5575900
210,139,132,2236326,2490,11184,5637300
211,145,147,2236181,2488,11331,5623100
212,163,150,2236018,2501,11481,5538700
213,143,114,2235875,2530,11595,5744300
214,137,141,2235738,2526,11736,5620600
215,163,126,2235575,2563,11862,5568400
216,139,132,2235436,2570,11994,5586900
217,142,121,2235294,2591,12115,5595900
218,139,125,2235155,2605,12240,5632800
219,138,125,2235017,2618,12365,5568800
220,146,113,2234871,2651,12478,5605500
221,170,137,2234701,2684,12615,5542000
222,140,136,2234561,2688,12751,5553800
223,156,131,2234405,2713,12882,5630900
224,130,147,2234275,2696,13029,5593000
225,150,132,2234125,2714,13161,5593900
226,142,131,2233983,2725,13292,5660400
227,175,148,2233808,2752,13440,5689200
228,144,146,2233664,2750,13586,5802400
229,155,147,2233509,2758,13733,5658100
230,138,140,2233371,2756,13873,6077200
231,145,130,2233226,2771,14003,5626300
232,180,144,2233046,2807,14147,5636200
233,177,140,2232869,2844,14287,5632200
234,175,117,2232694,2902,14404,5577000
235,173,148,2232521,2927,14552,5624900
236,162,148,2232359,2941,14700,5578100
237,181,155,2232178,2967,14855,5595700
238,173,152,2232005,2988,15007,5739600
239,188,142,2231817,3034,15149,5629100
240,183,154,2231634,3063,15303,5679100
241,176,140,2231458,3099,15443,5624500
242,185,157,2231273,3127,15600,5599000
243,177,171,2231096,3133,15771,6163800
244,169,139,2230927,3163,15910,5668800
245,155,130,2230772,3188,16040,5692400
246,163,165,2230609,3186,16205,5598300
247,172,161,2230437,3197,16366,5595300
248,194,170,2230243,3221,16536,5600600
249,161,195,2230082,3187,16731,5658600
250,172,157,2229910,3202,16888,6333100
251,175,154,2229735,3223,17042,5830100
252,164,187,2229571,3200,17229,5947500
253,156,174,2229415,3182,17403,5919200
254,187,139,2229228,3230,17542,5903800
255,162,172,2229066,3220,17714,6250300
256,144,165,2228922,3199,17879,5674900
257,180,166,2228742,3213,18045,6263500
258,178,180,2228564,3211,18225,5640800
259,176,129,2228388,3258,18354,6020800
260,178,147,2228210,3289,18501,5964900
261,152,174,2228058,3267,18675,5684800
262,185,150,2227873,3302,18825,5877000
263,183,152,2227690,3333,18977,5681000
264,197,162,2227493,3368,19139,5652100
265,199,174,2227294,3393,19313,5647800
266,159,177,2227135,3375,19490,5629600
267,152,167,2226983,3360,19657,5717200
268,170,150,2226813,3380,19807,5745500
269,179,170,2226634,3389,19977,6009700
270,163,179,2226471,3373,20156,5672000
271,169,165,2226302,3377,20321,5655800
272,177,175,2226125,3379,20496,5676400
273,195,160,2225930,3414,20656,5625200
274,177,163,2225753,3428,20819,5650100
275,193,176,2225560,3445,20995,5638600
276,169,157,2225391,3457,21152,5609500
277,200,158,2225191,3499,21310,5657400
278,195,201,2224996,3493,21511,5662700
279,188,183,2224808,3498,21694,5706200
280,200,158,2224608,3540,21852,5730900
281,178,190,2224430,3528,22042,5679100
282,184,171,2224246,3541,22213,5665600
283,214,181,2224032,3574,22394,5662500
284,205,168,2223827,3611,22562,5847300
285,205,164,2223622,3652,22726,5682300
286,225,214,2223397,3663,22940,5666100
287,187,194,2223210,3656,23134,5694900
288,190,203,2223020,3643,23337,5612100
289,204,180,2222816,3667,23517,5685300
290,182,187,2222634,3662,23704,5711900
291,197,188,2222437,3671,23892,5726100
292,202,178,2222235,3695,24070,5731000
293,216,200,2222019,3711,24270,5630000
294,225,177,2221794,3759,24447,5631700
295,220,188,2221574,3791,24635,5663100
296,215,178,2221359,3828,24813,5781700
297,234,207,2221125,3855,25020,5818100
298,228,195,2220897,3888,25215,5694200
299,208,192,2220689,3904,25407,5808400
300,218,204,2220471,3918,25611,5745800
301,195,211,2220276,3902,25822,6067700
302,230,200,2220046,3932,26022,5829000
303,250,175,2219796,4007,26197,5805300
304,238,189,2219558,4056,26386,6201900
305,232,213,2219326,4075,26599,5875100
306,246,207,2219080,4114,26806,5907900
307,199,208,2218881,4105,27014,5843500
308,199,218,2218682,4086,27232,5731900
309,212,189,2218470,4109,27421,6279800
310,225,199,2218245,4135,27620,5834000
311,232,206,2218013,4161,27826,5908700
312,224,209,2217789,4176,28035,5819400
313,207,216,2217582,4167,28251,5810300
314,223,216,2217359,4174,28467,5805100
315,231,204,2217128,4201,28671,5765100
316,225,213,2216903,4213,28884,5875400
317,201,230,2216702,4184,29114,5831400
318,236,238,2216466,4182,29352,5942400
319,232,198,2216234,4216,29550,5856100
320,230,213,2216004,4233,29763,5934700
321,233,206,2215771,4260,29969,5799400
322,220,218,2215551,4262,30187,5841400
323,229,212,2215322,4279,30399,5858300
324,235,233,2215087,4281,30632,5896100
325,237,208,2214850,4310,30840,6015200
326,207,230,2214643,4287,31070,5810800
327,229,212,2214414,4304,31282,5779200
328,232,220,2214182,4316,31502,6216700
329,223,203,2213959,4336,31705,5878600
330,229,226,2213730,4339,31931,6289300
331,219,240,2213511,4318,32171,6083500
332,249,204,2213262,4363,32375,5973200
333,235,218,2213027,4380,32593,6119900
334,231,222,2212796,4389,32815,6026400
335,210,215,2212586,4384,33030,6604600
336,232,224,2212354,4392,33254,6106900
337,212,200,2212142,4404,33454,6046100
338,244,227,2211898,4421,33681,6039700
339,235,224,2211663,4432,33905,6349300
340,238,210,2211425,4460,34115,5934500
341,260,252,2211165,4468,34367,6152500
342,238,224,2210927,4482,34591,5921700
343,248,215,2210679,4515,34806,5850600
344,252,212,2210427,4555,35018,5853100
345,268,241,2210159,4582,35259,5844700
346,264,210,2209895,4636,35469,5934600
347,253,215,2209642,4674,35684,6187800
348,270,250,2209372,4694,35934,6052900
349,250,242,2209122,4702,36176,6084500
350,235,235,2208887,4702,36411,6010600
351,239,255,2208648,4686,36666,6014600
352,295,232,2208353,4749,36898,5990300
353,270,246,2208083,4773,37144,5995400
354,248,231,2207835,4790,37375,6520500
355,267,265,2207568,4792,37640,6132800
356,291,245,2207277,4838,37885,6212300
357,276,241,2207001,4873,38126,6069300
358,294,266,2206707,4901,38392,6058100
359,261,270,2206446,4892,38662,6386800
360,281,257,2206165,4916,38919,6289100
361,260,253,2205905,4923,39172,6779800
362,256,248,2205649,4931,39420,6117100
363,230,227,2205419,4934,39647,6664300
364,292,264,2205127,4962,39911,6000400
365,233,232,2204894,4963,40143,5931600
366,255,253,2204639,4965,40396,6196300
367,255,249,2204384,4971,40645,5896400
368,254,242,2204130,4983,40887,5921200
369,274,254,2203856,5003,41141,5923500
370,284,250,2203572,5037,41391,6028400
371,270,243,2203302,5064,41634,5863100
372,274,264,2203028,5074,41898,5873800
373,272,252,2202756,5094,42150,6027500
374,238,266,2202518,5066,42416,5967500
375,299,260,2202219,5105,42676,6462500
376,258,253,2201961,5110,42929,6035700
377,277,270,2201684,5117,43199,6283100
378,256,246,2201428,5127,43445,6280300
379,274,248,2201154,5153,43693,5967000
380,279,287,2200875,5145,43980,5945000
381,292,237,2200583,5200,44217,5913900
382,292,267,2200291,5225,44484,6037400
383,284,255,2200007,5254,44739,5962400
384,300,261,2199707,5293,45000,6016200
385,293,246,2199414,5340,45246,5985200
386,301,268,2199113,5373,45514,5961300
387,273,262,2198840,5384,45776,6013200
388,280,250,2198560,5414,46026,5999400
389,290,253,2198270,5451,46279,5867700
390,296,225,2197974,5522,46504,5803500
391,258,280,2197716,5500,46784,5841900
392,287,248,2197429,5539,47032,5724200
393,315,264,2197114,5590,47296,5840900
394,318,257,2196796,5651,47553,5858500
395,297,267,2196499,5681,47820,5778700
396,311,287,2196188,5705,48107,5818200
397,302,290,2195886,5717,48397,5884800
398,271,306,2195615,5682,48703,5866100
399,313,309,2195302,5686,49012,5872000
400,324,270,2194978,5740,49282,5790500
401,289,311,2194689,5718,49593,5795800
402,313,269,2194376,5762,49862,5817000
403,294,294,2194082,5762,50156,5811500
404,309,298,2193773,5773,50454,5948800
405,297,287,2193476,5783,50741,5839600
406,303,274,2193173,5812,51015,6246300
407,318,282,2192855,5848,51297,6032400
408,308,313,2192547,5843,51610,5829800
409,299,283,2192248,5859,51893,5991100
410,318,308,2191930,5869,52201,6001900
411,288,323,2191642,5834,52524,5952100
412,294,286,2191348,5842,52810,5978900
413,299,268,2191049,5873,53078,5907200
414,311,300,2190738,5884,53378,6115700
415,312,307,2190426,5889,53685,5814800
416,322,296,2190104,5915,53981,5847800
417,310,312,2189794,5913,54293,5796600
418,276,311,2189518,5878,54604,5780900
419,263,312,2189255,5829,54916,5875000
420,291,302,2188964,5818,55218,5764500
421,325,301,2188639,5842,55519,5825100
422,300,317,2188339,5825,55836,5840100
423,301,332,2188038,5794,56168,5814500
424,319,298,2187719,5815,56466,5932700
425,327,300,2187392,5842,56766,5826900
426,320,306,2187072,5856,57072,5932400
427,334,301,2186738,5889,57373,5795300
428,312,282,2186426,5919,57655,5794900
429,324,302,2186102,5941,57957,5925300
430,329,287,2185773,5983,58244,5855000
431,322,305,2185451,6000,58549,5982800
432,326,300,2185125,6026,58849,5868900
433,314,292,2184811,6048,59141,6104600
434,305,271,2184506,6082,59412,5866600
435,332,288,2184174,6126,59700,5957300
436,328,323,2183846,6131,60023,6018500
437,299,302,2183547,6128,60325,5799600
438,299,286,2183248,6141,60611,5976500
439,325,318,2182923,6148,60929,5786200
440,334,293,2182589,6189,61222,6002000
441,307,295,2182282,6201,61517,5868000
442,324,279,2181958,6246,61796,5849200
443,326,295,2181632,6277,62091,6040600
444,328,321,2181304,6284,62412,5828900
445,332,301,2180972,6315,62713,5900900
446,341,303,2180631,6353,63016,5865300
447,356,303,2180275,6406,63319,5881200
448,313,297,2179962,6422,63616,6348700
449,324,315,2179638,6431,63931,6087700
450,364,326,2179274,6469,64257,6136400
451,336,354,2178938,6451,64611,5899400
452,333,331,2178605,6453,64942,5925100
453,331,342,2178274,6442,65284,6066800
454,346,298,2177928,6490,65582,5996000
455,334,296,2177594,6528,65878,6006100
456,298,358,2177296,6468,66236,6042800
457,331,305,2176965,6494,66541,5978200
458,328,313,2176637,6509,66854,6291800
459,324,334,2176313,6499,67188,5959500
460,351,343,2175962,6507,67531,6320300
461,363,310,2175599,6560,67841,5850300
462,345,310,2175254,6595,68151,5835900
463,326,332,2174928,6589,68483,5961800
464,365,326,2174563,6628,68809,5887400
465,341,362,2174222,6607,69171,6005900
466,363,330,2173859,6640,69501,5878700
467,335,310,2173524,6665,69811,5868400
468,361,338,2173163,6688,70149,5888600
469,365,328,2172798,6725,70477,5865900
470,318,359,2172480,6684,70836,5911900
471,354,322,2172126,6716,71158,5834500
472,389,322,2171737,6783,71480,5987700
473,384,327,2171353,6840,71807,5871800
474,359,350,2170994,6849,72157,6080100
475,330,345,2170664,6834,72502,6428200
476,338,355,2170326,6817,72857,6004800
477,317,331,2170009,6803,73188,6105700
478,354,342,2169655,6815,73530,5859200
479,354,345,2169301,6824,73875,6861300
480,354,318,2168947,6860,74193,5907600
481,361,346,2168586,6875,74539,6179600
482,340,354,2168246,6861,74893,6007000
483,343,328,2167903,6876,75221,5861100
484,368,309,2167535,6935,75530,6000800
485,326,354,2167209,6907,75884,5860000
486,355,359,2166854,6903,76243,6005000
487,344,347,2166510,6900,76590,6115100
488,331,367,2166179,6864,76957,6630400
489,377,340,2165802,6901,77297,6311500
490,372,329,2165430,6944,77626,6101900
491,366,337,2165064,6973,77963,6781100
492,345,327,2164719,6991,78290,5978600
493,370,374,2164349,6987,78664,5977500
494,379,364,2163970,7002,79028,5902600
495,376,341,2163594,7037,79369,6065200
496,374,355,2163220,7056,79724,6182100
497,352,373,2162868,7035,80097,5991200
498,365,341,2162503,7059,80438,6056800
499,351,333,2162152,7077,80771,5990100
500,380,348,2161772,7109,81119,6312700
501,377,381,2161395,7105,81500,6362100
502,369,370,2161026,7104,81870,5962000
503,383,356,2160643,7131,82226,6004800
504,347,362,2160296,7116,82588,5992800
505,331,335,2159965,7112,82923,6120700
506,390,335,2159575,7167,83258,6250900
507,383,347,2159192,7203,83605,6425100
508,341,365,2158851,7179,83970,6092300
509,373,336,2158478,7216,84306,6025100
510,359,357,2158119,7218,84663,6159300
511,378,323,2157741,7273,84986,6084400
512,421,340,2157320,7354,85326,6496700
513,369,363,2156951,7360,85689,6019500
514,352,375,2156599,7337,86064,6302300
515,387,361,2156212,7363,86425,6156100
516,374,345,2155838,7392,86770,6009000
517,377,360,2155461,7409,87130,6065700
518,411,370,2155050,7450,87500,5980500
519,385,394,2154665,7441,87894,6207200
520,367,395,2154298,7413,88289,6229300
521,375,377,2153923,7411,88666,6332500
522,410,387,2153513,7434,89053,6245300
523,383,388,2153130,7429,89441,6035300
524,379,398,2152751,7410,89839,5982000
525,383,377,2152368,7416,90216,5958000
526,368,367,2152000,7417,90583,6049300
527,391,362,2151609,7446,90945,6127600
528,392,366,2151217,7472,91311,6214800
529,404,379,2150813,7497,91690,6080900
530,400,424,2150413,7473,92114,5924400
531,395,374,2150018,7494,92488,6033300
532,442,389,2149576,7547,92877,5956900
533,379,350,2149197,7576,93227,5998600
534,426,357,2148771,7645,93584,6013500
535,417,366,2148354,7696,93950,5947400
536,438,384,2147916,7750,94334,6010600
537,423,386,2147493,7787,94720,6001700
538,427,379,2147066,7835,95099,7195100
539,399,370,2146667,7864,95469,6037200
540,384,428,2146283,7820,95897,6160200
541,413,374,2145870,7859,96271,5985800
542,427,417,2145443,7869,96688,5941100
543,390,404,2145053,7855,97092,6282800
544,404,418,2144649,7841,97510,6178600
545,456,383,2144193,7914,97893,6229500
546,416,395,2143777,7935,98288,6289200
547,445,379,2143332,8001,98667,6632200
548,418,387,2142914,8032,99054,6444200
549,392,380,2142522,8044,99434,6247000
550,424,423,2142098,8045,99857,6128400
551,431,409,2141667,8067,100266,6113600
552,429,392,2141238,8104,100658,7088400
553,425,410,2140813,8119,101068,6202100
554,409,397,2140404,8131,101465,6252000
555,431,439,2139973,8123,101904,6185700
556,448,392,2139525,8179,102296,6347700
557,442,421,2139083,8200,102717,6173300
558,447,409,2138636,8238,103126,6202700
559,414,426,2138222,8226,103552,6153900
560,387,419,2137835,8194,103971,6175100
561,391,414,2137444,8171,104385,6451000
562,412,416,2137032,8167,104801,6103500
563,405,418,2136627,8154,105219,6642500
564,397,399,2136230,8152,105618,6436900
565,440,394,2135790,8198,106012,6626600
566,430,394,2135360,8234,106406,6276400
567,460,404,2134900,8290,106810,6656700
568,385,409,2134515,8266,107219,6650200
569,410,426,2134105,8250,107645,6227100
570,411,418,2133694,8243,108063,7051900
571,426,416,2133268,8253,108479,6575700
572,453,396,2132815,8310,108875,6240700
573,440,394,2132375,8356,109269,6128000
574,429,445,2131946,8340,109714,6076100
575,440,457,2131506,8323,110171,6033200
576,400,442,2131106,8281,110613,6081600
577,444,415,2130662,8310,111028,6046300
578,465,433,2130197,8342,111461,6007300
579,465,415,2129732,8392,111876,6061800
580,404,449,2129328,8347,112325,6022500
581,438,409,2128890,8376,112734,6003600
582,414,420,2128476,8370,113154,6008700
583,472,440,2128004,8402,113594,5973400
584,433,404,2127571,8431,113998,6164100
585,452,420,2127119,8463,114418,6102400
586,420,447,2126699,8436,114865,6153800
587,451,448,2126248,8439,115313,6202400
588,448,373,2125800,8514,115686,6360100
589,465,437,2125335,8542,116123,6480000
590,464,455,2124871,8551,116578,6006800
591,434,427,2124437,8558,117005,6253100
592,439,440,2123998,8557,117445,6174600
593,457,429,2123541,8585,117874,6103500
594,442,463,2123099,8564,118337,6112600
595,447,437,2122652,8574,118774,6106600
596,464,442,2122188,8596,119216,6180800
597,486,427,2121702,8655,119643,6058500
598,440,452,2121262,8643,120095,6431700
599,435,427,2120827,8651,120522,6092200
600,424,426,2120403,8649,120948,6035900
601,407,428,2119996,8628,121376,6090100
602,476,411,2119520,8693,121787,6074700
603,457,452,2119063,8698,122239,6201800
604,452,418,2118611,8732,122657,6394400
605,465,410,2118146,8787,123067,6299100
606,460,457,2117686,8790,123524,6186900
607,436,431,2117250,8795,123955,6576200
608,450,511,2116800,8734,124466,6318100
609,449,425,2116351,8758,124891,6170200
610,470,411,2115881,8817,125302,6091100
611,469,469,2115412,8817,125771,6140200
612,471,459,2114941,8829,126230,6088600
613,422,442,2114519,8809,126672,6054900
614,482,418,2114037,8873,127090,6105800
615,458,431,2113579,8900,127521,6190800
616,455,467,2113124,8888,127988,6142000
617,496,437,2112628,8947,128425,6754100
618,485,421,2112143,9011,128846,6464800
619,460,431,2111683,9040,129277,6095300
620,448,440,2111235,9048,129717,6040200
621,467,479,2110768,9036,130196,6123400
622,472,428,2110296,9080,130624,6052800
623,452,435,2109844,9097,131059,6016300
624,477,429,2109367,9145,131488,6099600
625,478,445,2108889,9178,131933,6144800
626,498,476,2108391,9200,132409,6137200
627,484,456,2107907,9228,132865,6085800
628,447,478,2107460,9197,133343,6081300
629,469,430,2106991,9236,133773,6122000
630,445,486,2106546,9195,134259,6058000
631,489,461,2106057,9223,134720,6177800
632,474,484,2105583,9213,135204,6065900
633,448,473,2105135,9188,135677,6052400
634,445,480,2104690,9153,136157,6104600
635,476,440,2104214,9189,136597,6044900
636,482,458,2103732,9213,137055,6167600
637,468,446,2103264,9235,137501,6074900
638,513,442,2102751,9306,137943,6152700
639,523,433,2102228,9396,138376,6286400
640,459,481,2101769,9374,138857,6260300
641,471,441,2101298,9404,139298,6294300
642,499,462,2100799,9441,139760,6163100
643,481,504,2100318,9418,140264,6229700
644,423,447,2099895,9394,140711,6044500
645,473,508,2099422,9359,141219,6109000
646,447,465,2098975,9341,141684,6207200
647,452,450,2098523,9343,142134,6101900
648,462,457,2098061,9348,142591,6205900
649,446,479,2097615,9315,143070,6084000
650,451,455,2097164,9311,143525,6886500
651,494,453,2096670,9352,143978,6202700
652,476,490,2096194,9338,144468,6940100
653,439,466,2095755,9311,144934,6126200
654,481,487,2095274,9305,145421,6061800
655,478,493,2094796,9290,145914,6168500
656,465,464,2094331,9291,146378,6202900
657,485,467,2093846,9309,146845,6882600
658,445,475,2093401,9279,147320,6274500
659,487,464,2092914,9302,147784,6568000
660,487,435,2092427,9354,148219,6358100
661,467,498,2091960,9323,148717,6786800
662,464,478,2091496,9309,149195,6164600
663,472,469,2091024,9312,149664,6096200
664,491,490,2090533,9313,150154,6158900
665,446,455,2090087,9304,150609,6107400
666,475,435,2089612,9344,151044,6183500
667,476,453,2089136,9367,151497,6136300
668,453,468,2088683,9352,151965,6121100
669,430,464,2088253,9318,152429,6059000
670,501,470,2087752,9349,152899,6128300
671,482,474,2087270,9357,153373,6173300
672,498,512,2086772,9343,153885,6042100
673,439,481,2086333,9301,154366,6056200
674,469,436,2085864,9334,154802,6066500
675,494,456,2085370,9372,155258,6082500
676,506,476,2084864,9402,155734,7001500
677,524,451,2084340,9475,156185,6203600
678,504,476,2083836,9503,156661,6890700
679,477,470,2083359,9510,157131,6229200
680,531,487,2082828,9554,157618,6373700
681,515,434,2082313,9635,158052,6247900
682,518,519,2081795,9634,158571,6179300
683,559,462,2081236,9731,159033,6192200
684,503,503,2080733,9731,159536,6137200
685,520,442,2080213,9809,159978,6176100
686,577,493,2079636,9893,160471,6191300
687,506,495,2079130,9904,160966,6715900
688,545,489,2078585,9960,161455,6306600
689,539,517,2078046,9982,161972,6157100
690,515,459,2077531,10038,162431,6162900
691,577,511,2076954,10104,162942,6125800
692,533,485,2076421,10152,163427,6669300
693,506,491,2075915,10167,163918,6190500
694,494,508,2075421,10153,164426,6122200
695,524,515,2074897,10162,164941,6220300
696,535,514,2074362,10183,165455,6177100
697,543,557,2073819,10169,166012,6627100
698,539,545,2073280,10163,166557,6112200
699,507,490,2072773,10180,167047,6226400
700,539,518,2072234,10201,167565,6130500
701,526,503,2071708,10224,168068,6128200
702,533,531,2071175,10226,168599,6150800
703,519,507,2070656,10238,169106,6084500
704,520,513,2070136,10245,169619,6487600
705,503,543,2069633,10205,170162,6265800
706,527,533,2069106,10199,170695,6778400
707,498,558,2068608,10139,171253,6225000
708,530,485,2068078,10184,171738,6764700
709,511,492,2067567,10203,172230,6276300
710,507,503,2067060,10207,172733,6672900
711,498,541,2066562,10164,173274,6244500
712,490,494,2066072,10160,173768,6215000
713,497,497,2065575,10160,174265,6240500
714,518,504,2065057,10174,174769,6124900
715,503,509,2064554,10168,175278,6239600
716,538,505,2064016,10201,175783,6258400
717,526,486,2063490,10241,176269,6200600
718,487,484,2063003,10244,176753,6254100
719,530,542,2062473,10232,177295,6211900
720,527,462,2061946,10297,177757,6380100
721,469,517,2061477,10249,178274,6373000
722,493,542,2060984,10200,178816,6548600
723,507,522,2060477,10185,179338,6437500
724,532,484,2059945,10233,179822,6460300
725,490,482,2059455,10241,180304,6450100
726,532,509,2058923,10264,180813,6659100
727,543,525,2058380,10282,181338,6406100
728,541,528,2057839,10295,181866,6413700
729,514,524,2057325,10285,182390,6445700
730,543,518,2056782,10310,182908,6363800
731,506,513,2056276,10303,183421,6699000
732,516,499,2055760,10320,183920,6418100
733,501,526,2055259,10295,184446,6406900
734,505,530,2054754,10270,184976,6334600
735,517,514,2054237,10273,185490,6462800
736,534,481,2053703,10326,185971,6405400
737,511,519,2053192,10318,186490,6407500
738,510,504,2052682,10324,186994,6532200
739,521,537,2052161,10308,187531,6787500
740,550,542,2051611,10316,188073,6462500
741,570,525,2051041,10361,188598,6410100
742,554,508,2050487,10407,189106,6456300
743,516,514,2049971,10409,189620,6378800
744,550,498,2049421,10461,190118,6452600
745,554,496,2048867,10519,190614,6378900
746,560,464,2048307,10615,191078,6368800
747,545,533,2047762,10627,191611,6581200
748,474,546,2047288,10555,192157,6435700
749,519,519,2046769,10555,192676,6524200
750,524,544,2046245,10535,193220,6338300
751,543,528,2045702,10550,193748,6298800
752,498,502,2045204,10546,194250,6308500
753,544,523,2044660,10567,194773,6318600
754,531,513,2044129,10585,195286,6403100
755,516,523,2043613,10578,195809,6501800
756,540,522,2043073,10596,196331,6492500
757,529,537,2042544,10588,196868,6383600
758,536,522,2042008,10602,197390,6473800
759,518,553,2041490,10567,197943,6292100
760,545,504,2040945,10608,198447,6262500
761,533,532,2040412,10609,198979,6209200
762,530,535,2039882,10604,199514,6176500
763,534,514,2039348,10624,200028,6230100
764,572,498,2038776,10698,200526,6252000
765,532,558,2038244,10672,201084,6257900
766,535,515,2037709,10692,201599,6213100
767,531,527,2037178,10696,202126,6241300
768,572,480,2036606,10788,202606,6218200
769,520,528,2036086,10780,203134,6192000
770,562,511,2035524,10831,203645,6387300
771,553,550,2034971,10834,204195,6177400
772,533,566,2034438,10801,204761,6225500
773,517,518,2033921,10800,205279,6182900
774,565,567,2033356,10798,205846,6733400
775,577,523,2032779,10852,206369,6667800
776,540,554,2032239,10838,206923,6196400
777,568,533,2031671,10873,207456,6221600
778,560,526,2031111,10907,207982,6173900
779,558,531,2030553,10934,208513,6737000
780,565,544,2029988,10955,209057,6194900
781,526,536,2029462,10945,209593,6333000
782,578,543,2028884,10980,210136,6501700
783,554,566,2028330,10968,210702,6499500
784,551,556,2027779,10963,211258,7522300
785,565,574,2027214,10954,211832,6556100
786,563,549,2026651,10968,212381,6344600
787,567,521,2026084,11014,212902,6282600
788,542,556,2025542,11000,213458,6693300
789,533,529,2025009,11004,213987,6372500
790,566,542,2024443,11028,214529,6508500
791,608,570,2023835,11066,215099,6325600
792,530,566,2023305,11030,215665,6617700
793,525,531,2022780,11024,216196,6533600
794,524,559,2022256,10989,216755,6384700
795,590,571,2021666,11008,217326,6279000
796,563,528,2021103,11043,217854,6214900
797,555,560,2020548,11038,218414,6548800
798,579,520,2019969,11097,218934,6276000
799,517,570,2019452,11044,219504,6233900
800,560,541,2018892,11063,220045,6198800
801,544,629,2018348,10978,220674,6279900
802,576,560,2017772,10994,221234,6200700
803,516,542,2017256,10968,221776,6269800
804,574,530,2016682,11012,222306,6559600
805,529,586,2016153,10955,222892,6646800
806,556,584,2015597,10927,223476,6930400
807,617,540,2014980,11004,224016,6676500
808,582,525,2014398,11061,224541,6800900
809,538,510,2013860,11089,225051,6383000
810,560,562,2013300,11087,225613,6277300
811,543,533,2012757,11097,226146,6226800
812,547,534,2012210,11110,226680,6156300
813,549,573,2011661,11086,227253,6376600
814,567,502,2011094,11151,227755,6333100
815,565,526,2010529,11190,228281,7126000
816,512,581,2010017,11121,228862,6326600
817,559,543,2009458,11137,229405,6678100
818,559,579,2008899,11117,229984,6402600
819,553,579,2008346,11091,230563,6301800
820,554,587,2007792,11058,231150,6310500
821,552,549,2007240,11061,231699,6219200
822,524,550,2006716,11035,232249,6361100
823,559,524,2006157,11070,232773,6364500
824,612,534,2005545,11148,233307,6367900
825,549,569,2004996,11128,233876,6321700
826,560,536,2004436,11152,234412,6255200
827,562,571,2003874,11143,234983,7023800
828,561,557,2003313,11147,235540,6211600
829,555,493,2002758,11209,236033,6350300
830,560,563,2002198,11206,236596,6237200
831,534,573,2001664,11167,237169,6247000
832,520,547,2001144,11140,237716,6335600
833,548,559,2000596,11129,238275,6328400
834,535,538,2000061,11126,238813,6304500
835,607,596,1999454,11137,239409,6274700
836,576,527,1998878,11186,239936,6368300
837,555,551,1998323,11190,240487,6209300
838,567,578,1997756,11179,241065,6325200
839,579,621,1997177,11137,241686,6242900
840,577,570,1996600,11144,242256,6228100
841,598,566,1996002,11176,242822,6671700
842,567,586,1995435,11157,243408,6425000
843,551,528,1994884,11180,243936,6744800
844,563,559,1994321,11184,244495,6296500
845,609,587,1993712,11206,245082,6332300
846,607,573,1993105,11240,245655,6239200
847,580,605,1992525,11215,246260,6288100
848,547,571,1991978,11191,246831,6246100
849,605,566,1991373,11230,247397,6233400
850,598,555,1990775,11273,247952,7341700
851,547,539,1990228,11281,248491,6383000
852,596,544,1989632,11333,249035,6389600
853,586,589,1989046,11330,249624,6351700
854,582,566,1988464,11346,250190,6799000
855,568,565,1987896,11349,250755,6372400
856,595,575,1987301,11369,251330,6330900
857,596,553,1986705,11412,251883,7030000
858,577,592,1986128,11397,252475,6314300
859,588,613,1985540,11372,253088,6337300
860,613,567,1984927,11418,253655,6274400
861,680,529,1984247,11569,254184,6298800
862,618,555,1983629,11632,254739,6321300
863,596,541,1983033,11687,255280,6296100
864,597,561,1982436,11723,255841,6350900
865,579,589,1981857,11713,256430,6258100
866,592,594,1981265,11711,257024,6322900
867,631,552,1980634,11790,257576,6305800
868,610,576,1980024,11824,258152,6287300
869,592,569,1979432,11847,258721,6294800
870,635,597,1978797,11885,259318,6369600
871,630,630,1978167,11885,259948,6708800
872,658,603,1977509,11940,260551,6553400
873,623,567,1976886,11996,261118,6695700
874,619,633,1976267,11982,261751,6504900
875,649,619,1975618,12012,262370,6467400
876,635,621,1974983,12026,262991,6312900
877,580,606,1974403,12000,263597,6324200
878,657,595,1973746,12062,264192,6281200
879,607,615,1973139,12054,264807,6279000
880,597,591,1972542,12060,265398,6510800
881,636,660,1971906,12036,266058,6336000
882,580,595,1971326,12021,266653,6593300
883,634,617,1970692,12038,267270,6440300
884,603,582,1970089,12059,267852,6613700
885,607,607,1969482,12059,268459,6388400
886,647,601,1968835,12105,269060,6453900
887,620,568,1968215,12157,269628,6341400
888,614,594,1967601,12177,270222,6306800
889,598,607,1967003,12168,270829,6335800
890,643,597,1966360,12214,271426,6286700
891,589,616,1965771,12187,272042,6452200
892,576,602,1965195,12161,272644,6388100
893,663,613,1964532,12211,273257,6362900
894,643,599,1963889,12255,273856,6319000
895,617,583,1963272,12289,274439,6589600
896,631,618,1962641,12302,275057,6357400
897,618,588,1962023,12332,275645,6454500
898,650,629,1961373,12353,276274,6958900
899,607,636,1960766,12324,276910,6697100
900,647,635,1960119,12336,277545,6753100
901,614,663,1959505,12287,278208,6687800
902,614,652,1958891,12249,278860,6702500
903,616,634,1958275,12231,279494,6648800
904,574,599,1957701,12206,280093,6614400
905,625,619,1957076,12212,280712,6521600
906,637,618,1956439,12231,281330,6504800
907,646,665,1955793,12212,281995,6592100
908,600,618,1955193,12194,282613,6542600
909,648,642,1954545,12200,283255,7158400
910,655,601,1953890,12254,283856,6526500
911,690,562,1953200,12382,284418,6894300
912,630,636,1952570,12376,285054,6690900
913,619,653,1951951,12342,285707,6590800
914,616,593,1951335,12365,286300,6584700
915,633,619,1950702,12379,286919,6537500
916,613,600,1950089,12392,287519,7055300
917,590,589,1949499,12393,288108,6874000
918,622,595,1948877,12420,288703,6644600
919,572,598,1948305,12394,289301,6596000
920,652,644,1947653,12402,289945,7175700
921,614,600,1947039,12416,290545,6508900
922,633,639,1946406,12410,291184,6612000
923,686,575,1945720,12521,291759,6526300
924,665,641,1945055,12545,292400,6392200
925,631,638,1944424,12538,293038,6354500
926,606,690,1943818,12454,293728,6334700
927,570,640,1943248,12384,294368,6478800
928,635,588,1942613,12431,294956,6356700
929,642,578,1941971,12495,295534,6386900
930,667,594,1941304,12568,296128,6397600
931,668,619,1940636,12617,296747,6340000
932,628,617,1940008,12628,297364,6365100
933,647,668,1939361,12607,298032,7097200
934,638,645,1938723,12600,298677,7510000
935,668,682,1938055,12586,299359,7073100
936,606,605,1937449,12587,299964,6662100
937,611,620,1936838,12578,300584,6458400
938,624,620,1936214,12582,301204,6824900
939,633,635,1935581,12580,301839,6572900
940,643,608,1934938,12615,302447,6840400
941,661,596,1934277,12680,303043,6633200
942,586,626,1933691,12640,303669,6724800
943,617,613,1933074,12644,304282,6687000
944,627,612,1932447,12659,304894,6386600
945,634,603,1931813,12690,305497,6340500
946,631,652,1931182,12669,306149,6307100
947,642,693,1930540,12618,306842,6413700
948,662,638,1929878,12642,307480,6455000
949,615,655,1929263,12602,308135,6444700
950,577,631,1928686,12548,308766,6644600
951,633,643,1928053,12538,309409,6652300
952,616,632,1927437,12522,310041,6558700
953,655,628,1926782,12549,310669,6934000
954,627,585,1926155,12591,311254,6669800
955,589,614,1925566,12566,311868,6447800
956,650,620,1924916,12596,312488,6892400
957,621,627,1924295,12590,313115,6410800
958,616,606,1923679,12600,313721,6458200
959,672,585,1923007,12687,314306,6388000
960,646,648,1922361,12685,314954,6542700
961,624,610,1921737,12699,315564,6662600
962,653,611,1921084,12741,316175,6502200
963,618,642,1920466,12717,316817,6652400
964,645,631,1919821,12731,317448,6401700
965,647,635,1919174,12743,318083,6571000
966,662,626,1918512,12779,318709,6366600
967,599,626,1917913,12752,319335,6360100
968,634,613,1917279,12773,319948,6491600
969,721,666,1916558,12828,320614,6503300
970,637,615,1915921,12850,321229,6573900
971,640,655,1915281,12835,321884,6365200
972,647,649,1914634,12833,322533,7481800
973,663,666,1913971,12830,323199,6429300
974,651,631,1913320,12850,323830,6866800
975,629,650,1912691,12829,324480,6369000
976,668,651,1912023,12846,325131,6325500
977,638,620,1911385,12864,325751,6430200
978,605,654,1910780,12815,326405,6518800
979,625,670,1910155,12770,327075,6462400
980,679,625,1909476,12824,327700,6385600
981,700,672,1908776,12852,328372,6892700
982,677,642,1908099,12887,329014,6339600
983,651,681,1907448,12857,329695,6402300
984,648,605,1906800,12900,330300,6374500
985,659,621,1906141,12938,330921,6324900
986,638,628,1905503,12948,331549,6378600
987,680,656,1904823,12972,332205,6546500
988,690,625,1904133,13037,332830,6553700
989,679,627,1903454,13089,333457,6417900
990,696,667,1902758,13118,334124,7270300
991,669,626,1902089,13161,334750,6351800
992,664,658,1901425,13167,335408,6434700
993,682,663,1900743,13186,336071,6332700
994,646,655,1900097,13177,336726,6396400
995,650,639,1899447,13188,337365,6348300
996,656,673,1898791,13171,338038,6386900
997,682,686,1898109,13167,338724,6588300
998,672,657,1897437,13182,339381,6460800
999,685,680,1896752,13187,340061,6516600
1000,689,653,1896063,13223,340714,6408000
1001,697,662,1895366,13258,341376,6458100
1002,670,639,1894696,13289,342015,6360200
1003,663,658,1894033,13294,342673,6382400
1004,712,675,1893321,13331,343348,6402400
1005,664,672,1892657,13323,344020,6340400
1006,693,619,1891964,13397,344639,7093100
1007,694,643,1891270,13448,345282,6464600
1008,684,654,1890586,13478,345936,6583100
1009,700,651,1889886,13527,346587,6387600
1010,706,690,1889180,13543,347277,6481400
1011,689,696,1888491,13536,347973,6408800
1012,629,684,1887862,13481,348657,6640100
1013,664,672,1887198,13473,349329,6784600
1014,677,686,1886521,13464,350015,6483200
1015,710,618,1885811,13556,350633,6381300
1016,725,678,1885086,13603,351311,6434400
1017,660,627,1884426,13636,351938,6498400
1018,648,668,1883778,13616,352606,6429200
1019,722,666,1883056,13672,353272,6543500
1020,701,697,1882355,13676,353969,6751800
1021,684,716,1881671,13644,354685,6782200
1022,674,716,1880997,13602,355401,6798900
1023,730,705,1880267,13627,356106,6691900
1024,681,669,1879586,13639,356775,6669500
1025,692,676,1878894,13655,357451,6552300
1026,661,734,1878233,13582,358185,6701000
1027,682,689,1877551,13575,358874,6599900
1028,712,698,1876839,13589,359572,7061000
1029,685,690,1876154,13584,360262,6852900
1030,685,662,1875469,13607,360924,6537400
1031,692,667,1874777,13632,361591,6594200
1032,683,689,1874094,13626,362280,6566200
1033,688,666,1873406,13648,362946,6714400
1034,696,663,1872710,13681,363609,6586600
1035,718,689,1871992,13710,364298,7057200
1036,700,676,1871292,13734,364974,6604000
1037,718,685,1870574,13767,365659,7280200
1038,662,655,1869912,13774,366314,6603200
1039,709,656,1869203,13827,366970,6654000
1040,686,710,1868517,13803,367680,6604600
1041,691,639,1867826,13855,368319,6988800
1042,738,676,1867088,13917,368995,6615500
1043,717,697,1866371,13937,369692,6557400
1044,718,681,1865653,13974,370373,6627800
1045,715,702,1864938,13987,371075,6588600
1046,691,705,1864247,13973,371780,6866800
1047,688,717,1863559,13944,372497,6556300
1048,689,700,1862870,13933,373197,7178300
1049,704,686,1862166,13951,373883,6609900
1050,684,734,1861482,13901,374617,6510700
1051,708,736,1860774,13873,375353,6862800
1052,674,691,1860100,13856,376044,7604600
1053,670,666,1859430,13860,376710,6724400
1054,700,723,1858730,13837,377433,6690900
1055,684,691,1858046,13830,378124,6640500
1056,767,717,1857279,13880,378841,6635200
1057,673,684,1856606,13869,379525,6698700
1058,713,734,1855893,13848,380259,6676700
1059,694,678,1855199,13864,380937,6835900
1060,692,685,1854507,13871,381622,6641600
1061,685,713,1853822,13843,382335,6747400
1062,677,697,1853145,13823,383032,6641000
1063,681,709,1852464,13795,383741,6788600
1064,730,704,1851734,13821,384445,6756000
1065,670,694,1851064,13797,385139,6665900
1066,659,718,1850405,13738,385857,6617800
1067,681,659,1849724,13760,386516,6622600
1068,647,677,1849077,13730,387193,6621500
1069,662,649,1848415,13743,387842,6661400
1070,728,692,1847687,13779,388534,6961600
1071,675,718,1847012,13736,389252,6740900
1072,727,688,1846285,13775,389940,6834800
1073,711,741,1845574,13745,390681,6753100
1074,745,646,1844829,13844,391327,6734500
1075,714,748,1844115,13810,392075,6690100
1076,705,632,1843410,13883,392707,7154500
1077,722,646,1842688,13959,393353,6705400
1078,738,682,1841950,14015,394035,6691400
1079,765,707,1841185,14073,394742,6745800
1080,715,751,1840470,14037,395493,6861500
1081,708,720,1839762,14025,396213,6929800
1082,677,703,1839085,13999,396916,6953800
1083,716,738,1838369,13977,397654,6837100
1084,696,717,1837673,13956,398371,6747400
1085,689,734,1836984,13911,399105,6779200
1086,720,689,1836264,13942,399794,6759300
1087,703,686,1835561,13959,400480,6812000
1088,708,712,1834853,13955,401192,6803300
1089,722,694,1834131,13983,401886,6867800
1090,705,709,1833426,13979,402595,6880900
1091,734,690,1832692,14023,403285,6845000
1092,765,640,1831927,14148,403925,7034200
1093,727,697,1831200,14178,404622,6949700
1094,788,705,1830412,14261,405327,7174600
1095,797,667,1829615,14391,405994,7132500
1096,755,730,1828860,14416,406724,7164400
1097,726,706,1828134,14436,407430,6669000
1098,714,710,1827420,14440,408140,6862300
1099,708,748,1826712,14400,408888,7031600
1100,803,738,1825909,14465,409626,6567400
1101,736,745,1825173,14456,410371,6570200
1102,730,719,1824443,14467,411090,6570200
1103,731,692,1823712,14506,411782,6743900
1104,689,749,1823023,14446,412531,6585300
1105,705,693,1822318,14458,413224,6707700
1106,703,741,1821615,14420,413965,6560700
1107,732,679,1820883,14473,414644,6599200
1108,740,714,1820143,14499,415358,6559200
1109,761,681,1819382,14579,416039,6621200
1110,766,741,1818616,14604,416780,6675800
1111,757,734,1817859,14627,417514,6908800
1112,721,726,1817138,14622,418240,6673200
1113,756,719,1816382,14659,418959,6524400
1114,767,730,1815615,14696,419689,6601300
1115,766,735,1814849,14727,420424,6560400
1116,751,708,1814098,14770,421132,6535100
1117,711,713,1813387,14768,421845,6528400
1118,752,766,1812635,14754,422611,6590400
1119,719,753,1811916,14720,423364,6599200
1120,766,742,1811150,14744,424106,6642700
1121,734,720,1810416,14758,424826,7217000
1122,756,787,1809660,14727,425613,6568800
1123,719,730,1808941,14716,426343,6598200
1124,744,734,1808197,14726,427077,6524300
1125,732,750,1807465,14708,427827,6569500
1126,709,725,1806756,14692,428552,6500000
1127,763,747,1805993,14708,429299,6930900
1128,763,726,1805230,14745,430025,6622300
1129,784,752,1804446,14777,430777,7083000
1130,790,683,1803656,14884,431460,6691500
1131,758,725,1802898,14917,432185,6515500
1132,764,767,1802134,14914,432952,6556500
1133,759,731,1801375,14942,433683,6488300
1134,775,757,1800600,14960,434440,6577400
1135,767,758,1799833,14969,435198,6683400
1136,805,725,1799028,15049,435923,6572600
1137,771,777,1798257,15043,436700,6558200
1138,709,779,1797548,14973,437479,6616500
1139,737,776,1796811,14934,438255,6674100
1140,771,742,1796040,14963,438997,6658500
1141,740,738,1795300,14965,439735,6870300
1142,739,863,1794561,14841,440598,6652100
1143,725,725,1793836,14841,441323,6629100
1144,755,741,1793081,14855,442064,6578000
1145,757,698,1792324,14914,442762,6568500
1146,751,737,1791573,14928,443499,6569800
1147,790,736,1790783,14982,444235,6537800
1148,771,728,1790012,15025,444963,6673400
1149,772,734,1789240,15063,445697,6613000
1150,767,763,1788473,15067,446460,7338000
1151,720,739,1787753,15048,447199,6537100
1152,745,779,1787008,15014,447978,7305600
1153,739,746,1786269,15007,448724,6551700
1154,764,703,1785505,15068,449427,6494100
1155,708,727,1784797,15049,450154,6521900
1156,765,794,1784032,15020,450948,6846200
1157,775,784,1783257,15011,451732,7017600
1158,757,790,1782500,14978,452522,6656800
1159,773,782,1781727,14969,453304,6649500
1160,755,749,1780972,14975,454053,6537500
1161,764,736,1780208,15003,454789,6579000
1162,760,724,1779448,15039,455513,6534400
1163,744,771,1778704,15012,456284,6991300
1164,700,786,1778004,14926,457070,6558700
1165,712,766,1777292,14872,457836,6614000
1166,748,740,1776544,14880,458576,6803200
1167,739,718,1775805,14901,459294,6870800
1168,738,680,1775067,14959,459974,6832700
1169,702,763,1774365,14898,460737,6780400
1170,701,724,1773664,14875,461461,6701600
1171,763,796,1772901,14842,462257,6575100
1172,670,746,1772231,14766,463003,6643400
1173,737,714,1771494,14789,463717,6552800
1174,734,795,1770760,14728,464512,6643500
1175,701,733,1770059,14696,465245,6597000
1176,710,736,1769349,14670,465981,6585800
1177,715,708,1768634,14677,466689,6719400
1178,677,757,1767957,14597,467446,6576400
1179,728,752,1767229,14573,468198,6704200
1180,692,724,1766537,14541,468922,6543800
1181,735,745,1765802,14531,469667,6868700
1182,689,745,1765113,14475,470412,6701200
1183,729,715,1764384,14489,471127,7284300
1184,734,744,1763650,14479,471871,6732600
1185,752,743,1762898,14488,472614,6706200
1186,706,722,1762192,14472,473336,6807500
1187,704,724,1761488,14452,474060,6697400
1188,717,696,1760771,14473,474756,6761900
1189,746,705,1760025,14514,475461,6700500
1190,767,733,1759258,14548,476194,6691200
1191,748,729,1758510,14567,476923,6559800
1192,754,721,1757756,14600,477644,6614500
1193,762,739,1756994,14623,478383,6562300
1194,713,759,1756281,14577,479142,6501000
1195,769,699,1755512,14647,479841,7038300
1196,738,775,1754774,14610,480616,6572600
1197,757,742,1754017,14625,481358,6911300
1198,741,725,1753276,14641,482083,6670800
1199,733,756,1752543,14618,482839,6643900
1200,765,739,1751778,14644,483578,6587400
1201,758,742,1751020,14660,484320,7094300
1202,793,725,1750227,14728,485045,7003200
1203,774,741,1749453,14761,485786,6680000
1204,749,724,1748704,14786,486510,6570600
1205,760,753,1747944,14793,487263,6680800
1206,745,739,1747199,14799,488002,6677800
1207,784,755,1746415,14828,488757,6536000
1208,723,734,1745692,14817,489491,6590300
1209,757,727,1744935,14847,490218,6571300
1210,732,775,1744203,14804,490993,6963200
1211,808,700,1743395,14912,491693,6563900
1212,784,716,1742611,14980,492409,6629400
1213,775,755,1741836,15000,493164,6544500
1214,787,735,1741049,15052,493899,6567400
1215,802,732,1740247,15122,494631,6745100
1216,741,778,1739506,15085,495409,6604200
1217,769,771,1738737,15083,496180,6730500
1218,809,743,1737928,15149,496923,6590700
1219,747,788,1737181,15108,497711,7086900
1220,754,726,1736427,15136,498437,6917600
1221,767,746,1735660,15157,499183,7241600
1222,721,721,1734939,15157,499904,6823700
1223,810,769,1734129,15198,500673,6865400
1224,809,739,1733320,15268,501412,6917100
1225,816,751,1732504,15333,502163,6702800
1226,768,809,1731736,15292,502972,6654900
1227,819,727,1730917,15384,503699,6603800
1228,803,742,1730114,15445,504441,6685600
1229,764,766,1729350,15443,505207,6723700
1230,769,759,1728581,15453,505966,6674500
1231,793,726,1727788,15520,506692,6627200
1232,800,753,1726988,15567,507445,7049100
1233,772,755,1726216,15584,508200,6934500
1234,776,782,1725440,15578,508982,7197600
1235,799,801,1724641,15576,509783,7992600
1236,781,747,1723860,15610,510530,8165600
1237,779,803,1723081,15586,511333,7983100
1238,806,760,1722275,15632,512093,8421000
1239,794,769,1721481,15657,512862,6920600
1240,779,791,1720702,15645,513653,6805900
1241,771,786,1719931,15630,514439,6888800
1242,781,787,1719150,15624,515226,7041700
1243,739,810,1718411,15553,516036,6880500
1244,747,793,1717664,15507,516829,7123400
1245,776,782,1716888,15501,517611,7283700
1246,756,771,1716132,15486,518382,7148200
1247,792,771,1715340,15507,519153,7530900
1248,783,794,1714557,15496,519947,6930600
1249,801,747,1713756,15550,520694,6837800
1250,771,773,1712985,15548,521467,6829600
1251,745,787,1712240,15506,522254,6949600
1252,759,758,1711481,15507,523012,6895100
1253,702,750,1710779,15459,523762,7242300
1254,743,752,1710036,15450,524514,6766600
1255,771,761,1709265,15460,525275,6863200
1256,712,751,1708553,15421,526026,6782900
1257,797,820,1707756,15398,526846,6918100
1258,797,765,1706959,15430,527611,6779800
1259,778,840,1706181,15368,528451,6844100
1260,725,759,1705456,15334,529210,6877600
1261,784,776,1704672,15342,529986,6970500
1262,746,732,1703926,15356,530718,7199500
1263,733,761,1703193,15328,531479,6821600
1264,768,780,1702425,15316,532259,6841800
1265,744,806,1701681,15254,533065,6763500
1266,753,773,1700928,15234,533838,7592900
1267,758,749,1700170,15243,534587,6644000
1268,755,760,1699415,15238,535347,7496000
1269,775,776,1698640,15237,536123,6648000
1270,838,751,1697802,15324,536874,6789600
1271,729,751,1697073,15302,537625,6636500
1272,857,770,1696216,15389,538395,6711400
1273,756,725,1695460,15420,539120,6599300
1274,771,746,1694689,15445,539866,6617800
1275,785,764,1693904,15466,540630,6650600
1276,769,775,1693135,15460,541405,6621800
1277,748,768,1692387,15440,542173,6678200
1278,791,746,1691596,15485,542919,6624000
1279,805,829,1690791,15461,543748,6848800
1280,822,773,1689969,15510,544521,6663100
1281,774,757,1689195,15527,545278,6715000
1282,731,789,1688464,15469,546067,6617600
1283,754,762,1687710,15461,546829,6639600
1284,776,811,1686934,15426,547640,6729800
1285,774,803,1686160,15397,548443,6616000
1286,795,773,1685365,15419,549216,7045800
1287,796,774,1684569,15441,549990,6737900
1288,796,787,1683773,15450,550777,7526100
1289,764,781,1683009,15433,551558,6876700
1290,783,799,1682226,15417,552357,6758200
1291,840,780,1681386,15477,553137,6669200
1292,801,801,1680585,15477,553938,6645000
1293,778,794,1679807,15461,554732,6628100
1294,708,763,1679099,15406,555495,6700100
1295,754,754,1678345,15406,556249,6767800
1296,755,777,1677590,15384,557026,6651400
1297,756,829,1676834,15311,557855,6811900
1298,763,800,1676071,15274,558655,6812700
1299,779,791,1675292,15262,559446,7116100
1300,802,762,1674490,15302,560208,6751200
1301,759,809,1673731,15252,561017,6971900
1302,782,777,1672949,15257,561794,6881900
1303,717,778,1672232,15196,562572,6781900
1304,741,739,1671491,15198,563311,6666600
1305,771,750,1670720,15219,564061,6702500
1306,773,790,1669947,15202,564851,6694200
1307,756,779,1669191,15179,565630,6717100
1308,715,745,1668476,15149,566375,6711500
1309,791,756,1667685,15184,567131,6704600
1310,789,784,1666896,15189,567915,6849400
1311,775,815,1666121,15149,568730,6832400
1312,778,754,1665343,15173,569484,6945600
1313,769,738,1664574,15204,570222,6841600
1314,760,743,1663814,15221,570965,7002800
1315,729,756,1663085,15194,571721,6695600
1316,736,731,1662349,15199,572452,6679000
1317,720,750,1661629,15169,573202,6745700
1318,760,744,1660869,15185,573946,6646600
1319,772,746,1660097,15211,574692,7610000
1320,792,739,1659305,15264,575431,6709400
1321,760,765,1658545,15259,576196,7186500
1322,744,727,1657801,15276,576923,6845200
1323,797,736,1657004,15337,577659,7469600
1324,820,773,1656184,15384,578432,6706700
1325,823,766,1655361,15441,579198,6892500
1326,778,788,1654583,15431,579986,6828000
1327,784,716,1653799,15499,580702,7438600
1328,784,741,1653015,15542,581443,6790700
1329,832,806,1652183,15568,582249,6767900
1330,819,752,1651364,15635,583001,6679200
1331,789,742,1650575,15682,583743,6604600
1332,785,785,1649790,15682,584528,7087500
1333,819,832,1648971,15669,585360,6696000
1334,839,753,1648132,15755,586113,7609400
1335,813,770,1647319,15798,586883,6783200
1336,803,764,1646516,15837,587647,6792300
1337,800,812,1645716,15825,588459,6704000
1338,773,779,1644943,15819,589238,7042500
1339,876,779,1644067,15916,590017,6670500
1340,859,842,1643208,15933,590859,6703500
1341,832,804,1642376,15961,591663,7015700
1342,795,747,1641581,16009,592410,6762900
1343,772,835,1640809,15946,593245,6962300
1344,814,792,1639995,15968,594037,6691100
1345,784,806,1639211,15946,594843,6740900
1346,781,859,1638430,15868,595702,6789900
1347,813,811,1637617,15870,596513,6699400
1348,820,823,1636797,15867,597336,6651500
1349,814,765,1635983,15916,598101,7015500
1350,794,804,1635189,15906,598905,7262700
1351,808,864,1634381,15850,599769,6743100
1352,833,812,1633548,15871,600581,7523300
1353,788,799,1632760,15860,601380,6643700
1354,869,708,1631891,16021,602088,7674800
1355,809,805,1631082,16025,602893,6718400
1356,822,810,1630260,16037,603703,6708200
1357,835,784,1629425,16088,604487,6602300
1358,811,759,1628614,16140,605246,6989100
1359,840,815,1627774,16165,606061,7065900
1360,792,783,1626982,16174,606844,6686500
1361,793,818,1626189,16149,607662,6651500
1362,810,744,1625379,16215,608406,6631300
1363,816,848,1624563,16183,609254,6966200
1364,761,875,1623802,16069,610129,8240800
1365,774,818,1623028,16025,610947,6979400
1366,773,791,1622255,16007,611738,6773500
1367,826,777,1621429,16056,612515,6992100
1368,789,833,1620640,16012,613348,6625200
1369,788,838,1619852,15962,614186,7153900
1370,799,808,1619053,15953,614994,6766600
1371,835,746,1618218,16042,615740,6813400
1372,721,795,1617497,15968,616535,6738200
1373,758,811,1616739,15915,617346,6756800
1374,793,798,1615946,15910,618144,6880800
1375,846,790,1615100,15966,618934,6993800
1376,814,790,1614286,15990,619724,6842500
1377,821,805,1613465,16006,620529,7200200
1378,835,835,1612630,16006,621364,6893200
1379,799,761,1611831,16044,622125,6756100
1380,833,767,1610998,16110,622892,6758800
1381,791,768,1610207,16133,623660,6674700
1382,794,812,1609413,16115,624472,6826900
1383,816,844,1608597,16087,625316,6720500
1384,823,758,1607774,16152,626074,7506400
1385,820,770,1606954,16202,626844,6891700
1386,791,798,1606163,16195,627642,6756500
1387,862,834,1605301,16223,628476,6691500
1388,855,826,1604446,16252,629302,6681800
1389,857,811,1603589,16298,630113,7243700
1390,837,811,1602752,16324,630924,6695800
1391,805,797,1601947,16332,631721,6836100
1392,787,824,1601160,16295,632545,6839700
1393,815,787,1600345,16323,633332,7452200
1394,813,840,1599532,16296,634172,6803900
1395,832,795,1598700,16333,634967,6851100
1396,838,799,1597862,16372,635766,6700900
1397,778,770,1597084,16380,636536,7017300
1398,854,837,1596230,16397,637373,7159900
1399,861,789,1595369,16469,638162,6741300
1400,812,851,1594557,16430,639013,7248300
1401,812,826,1593745,16416,639839,6827300
1402,818,801,1592927,16433,640640,7304700
1403,832,828,1592095,16437,641468,6711100
1404,855,823,1591240,16469,642291,6800100
1405,826,813,1590414,16482,643104,6739200
1406,780,860,1589634,16402,643964,6740800
1407,854,832,1588780,16424,644796,6922600
1408,828,809,1587952,16443,645605,7020400
1409,789,870,1587163,16362,646475,7479400
1410,822,811,1586341,16373,647286,7081000
1411,802,826,1585539,16349,648112,6909100
1412,843,860,1584696,16332,648972,6845300
1413,842,857,1583854,16317,649829,7026200
1414,859,816,1582995,16360,650645,6843700
1415,807,793,1582188,16374,651438,6912900
1416,832,804,1581356,16402,652242,6807800
1417,831,843,1580525,16390,653085,6933500
1418,837,805,1579688,16422,653890,6849800
1419,815,821,1578873,16416,654711,6983200
1420,800,823,1578073,16393,655534,6951100
1421,778,861,1577295,16310,656395,7281500
1422,801,780,1576494,16331,657175,7099200
1423,782,845,1575712,16268,658020,6913200
1424,796,792,1574916,16272,658812,6872000
1425,763,799,1574153,16236,659611,6820900
1426,804,798,1573349,16242,660409,7710100
1427,807,821,1572542,16228,661230,6964500
1428,807,786,1571735,16249,662016,7054100
1429,835,823,1570900,16261,662839,6917100
1430,794,794,1570106,16261,663633,7194600
1431,836,744,1569270,16353,664377,6854400
1432,778,814,1568492,16317,665191,6946000
1433,820,799,1567672,16338,665990,6655600
1434,787,850,1566885,16275,666840,7163800
1435,802,813,1566083,16264,667653,6989900
1436,806,839,1565277,16231,668492,6720000
1437,760,817,1564517,16174,669309,6683100
1438,782,841,1563735,16115,670150,6748200
1439,781,841,1562954,16055,670991,6783400
1440,827,789,1562127,16093,671780,6723200
1441,809,796,1561318,16106,672576,6785800
1442,768,863,1560550,16011,673439,6747500
1443,765,842,1559785,15934,674281,6683200
1444,858,818,1558927,15974,675099,6693400
1445,835,823,1558092,15986,675922,6708400
1446,803,790,1557289,15999,676712,6980700
1447,767,813,1556522,15953,677525,6951200
1448,788,823,1555734,15918,678348,6864500
1449,781,798,1554953,15901,679146,6803900
1450,794,816,1554159,15879,679962,7108200
1451,750,798,1553409,15831,680760,6688000
1452,817,788,1552592,15860,681548,7374000
1453,756,806,1551836,15810,682354,6653900
1454,792,740,1551044,15862,683094,6675700
1455,811,817,1550233,15856,683911,6939800
1456,754,801,1549479,15809,684712,6996400
1457,838,768,1548641,15879,685480,7175500
1458,799,792,1547842,15886,686272,6800600
1459,781,783,1547061,15884,687055,6795900
1460,794,762,1546267,15916,687817,6700500
1461,790,765,1545477,15941,688582,6806700
1462,828,839,1544649,15930,689421,6772500
1463,825,831,1543824,15924,690252,6901100
1464,816,805,1543008,15935,691057,6782500
1465,862,787,1542146,16010,691844,6884100
1466,839,769,1541307,16080,692613,6844100
1467,834,806,1540473,16108,693419,6840300
1468,798,822,1539675,16084,694241,6883100
1469,791,747,1538884,16128,694988,6733200
1470,899,854,1537985,16173,695842,6824600
1471,794,826,1537191,16141,696668,6649900
1472,757,823,1536434,16075,697491,6769000
1473,799,788,1535635,16086,698279,6655300
1474,768,739,1534867,16115,699018,6723700
1475,751,810,1534116,16056,699828,6823100
1476,774,809,1533342,16021,700637,6792700
1477,768,788,1532574,16001,701425,6722900
1478,743,845,1531831,15899,702270,6699000
1479,676,787,1531155,15788,703057,7781500
1480,680,742,1530475,15726,703799,6661300
1481,720,780,1529755,15666,704579,6694900
1482,723,775,1529032,15614,705354,6593700
1483,745,786,1528287,15573,706140,6673200
1484,722,792,1527565,15503,706932,6641100
1485,773,776,1526792,15500,707708,6813500
1486,730,771,1526062,15459,708479,7061100
1487,772,775,1525290,15456,709254,6851400
1488,719,818,1524571,15357,710072,6721700
1489,762,762,1523809,15357,710834,6715700
1490,785,786,1523024,15356,711620,6816100
1491,786,797,1522238,15345,712417,6653400
1492,700,764,1521538,15281,713181,7263000
1493,701,809,1520837,15173,713990,6997900
1494,775,767,1520062,15181,714757,6965500
1495,739,740,1519323,15180,715497,6782000
1496,747,762,1518576,15165,716259,6752400
1497,773,741,1517803,15197,717000,6791500
1498,741,774,1517062,15164,717774,6683200
1499,792,760,1516270,15196,718534,7432800
1500,745,797,1515525,15144,719331,6724800
1501,753,740,1514772,15157,720071,6712300
1502,760,789,1514012,15128,720860,6629200
1503,702,742,1513310,15088,721602,7518700
1504,764,729,1512546,15123,722331,7530400
1505,775,731,1511771,15167,723062,7011500
1506,765,746,1511006,15186,723808,6830200
1507,771,742,1510235,15215,724550,6698900
1508,790,703,1509445,15302,725253,6701800
1509,803,762,1508642,15343,726015,6599000
1510,692,750,1507950,15285,726765,6777100
1511,766,764,1507184,15287,727529,6626600
1512,770,790,1506414,15267,728319,6758100
1513,750,770,1505664,15247,729089,6794600
1514,809,793,1504855,15263,729882,7290400
1515,795,794,1504060,15264,730676,7177500
1516,794,763,1503266,15295,731439,7689400
1517,773,699,1502493,15369,732138,7089900
1518,786,766,1501707,15389,732904,8077300
1519,728,754,1500979,15363,733658,7293700
1520,767,791,1500212,15339,734449,8041000
1521,766,749,1499446,15356,735198,6642300
1522,765,749,1498681,15372,735947,6737700
1523,791,744,1497890,15419,736691,6654600
1524,768,795,1497122,15392,737486,6662000
1525,776,769,1496346,15399,738255,7113200
1526,768,791,1495578,15376,739046,6700400
1527,805,766,1494773,15415,739812,6775400
1528,830,764,1493943,15481,740576,6670600
1529,806,794,1493137,15493,741370,7666600
1530,816,766,1492321,15543,742136,6695000
1531,781,771,1491540,15553,742907,6700400
1532,818,777,1490722,15594,743684,6779200
1533,827,812,1489895,15609,744496,7210500
1534,751,777,1489144,15583,745273,6763200
1535,753,800,1488391,15536,746073,6693900
1536,803,763,1487588,15576,746836,6709400
1537,734,774,1486854,15536,747610,6659200
1538,749,785,1486105,15500,748395,6784500
1539,754,782,1485351,15472,749177,6648100
1540,733,772,1484618,15433,749949,6680200
1541,738,764,1483880,15407,750713,6722200
1542,711,771,1483169,15347,751484,7050500
1543,778,723,1482391,15402,752207,6668400
1544,730,793,1481661,15339,753000,6602000
1545,763,740,1480898,15362,753740,6729800
1546,755,782,1480143,15335,754522,6640200
1547,736,797,1479407,15274,755319,6685500
1548,795,772,1478612,15297,756091,6647100
1549,746,747,1477866,15296,756838,6631500
1550,787,767,1477079,15316,757605,6667800
1551,748,761,1476331,15303,758366,6793300
1552,783,756,1475548,15330,759122,6849900
1553,767,769,1474781,15328,759891,6654700
1554,762,779,1474019,15311,760670,7278300
1555,778,729,1473241,15360,761399,6716300
1556,778,737,1472463,15401,762136,7900600
1557,779,777,1471684,15403,762913,6680200
1558,748,781,1470936,15370,763694,6605900
1559,795,781,1470141,15384,764475,6660100
1560,727,754,1469414,15357,765229,7041400
1561,774,833,1468640,15298,766062,6727100
1562,799,782,1467841,15315,766844,6638500
1563,836,743,1467005,15408,767587,7012600
1564,750,777,1466255,15381,768364,6607000
1565,778,796,1465477,15363,769160,6755600
1566,759,784,1464718,15338,769944,6684600
1567,738,751,1463980,15325,770695,6708600
1568,792,765,1463188,15352,771460,6640100
1569,757,770,1462431,15339,772230,6692400
1570,751,754,1461680,15336,772984,6788800
1571,784,774,1460896,15346,773758,6769900
1572,742,782,1460154,15306,774540,7283400
1573,787,764,1459367,15329,775304,6661600
1574,770,775,1458597,15324,776079,6920400
1575,796,755,1457801,15365,776834,6874600
1576,763,785,1457038,15343,777619,6928000
1577,789,794,1456249,15338,778413,6859600
1578,750,745,1455499,15343,779158,7604600
1579,784,798,1454715,15329,779956,6983500
1580,784,754,1453931,15359,780710,6935300
1581,834,806,1453097,15387,781516,6826300
1582,770,759,1452327,15398,782275,6932700
1583,783,715,1451544,15466,782990,6873100
1584,832,734,1450712,15564,783724,6867300
1585,737,790,1449975,15511,784514,7198100
1586,799,743,1449176,15567,785257,6902700
1587,778,795,1448398,15550,786052,7577200
1588,801,787,1447597,15564,786839,7074800
1589,768,751,1446829,15581,787590,6979000
1590,843,797,1445986,15627,788387,6880000
1591,789,806,1445197,15610,789193,6874300
1592,804,753,1444393,15661,789946,6798800
1593,808,729,1443585,15740,790675,7109000
1594,809,811,1442776,15738,791486,6945900
1595,821,813,1441955,15746,792299,7377600
1596,786,798,1441169,15734,793097,6913900
1597,816,778,1440353,15772,793875,6946800
1598,829,817,1439524,15784,794692,6970000
1599,808,807,1438716,15785,795499,6877500
1600,777,789,1437939,15773,796288,7708200
1601,764,761,1437175,15776,797049,6939900
1602,799,777,1436376,15798,797826,8460400
1603,788,850,1435588,15736,798676,7045400
1604,780,741,1434808,15775,799417,7266000
1605,803,815,1434005,15763,800232,6870700
1606,774,780,1433231,15757,801012,7185700
1607,806,801,1432425,15762,801813,6987200
1608,739,844,1431686,15657,802657,7340800
1609,810,803,1430876,15664,803460,6756700
1610,815,797,1430061,15682,804257,6769500
1611,758,786,1429303,15654,805043,6879800
1612,756,767,1428547,15643,805810,6724400
1613,747,804,1427800,15586,806614,8292400
1614,767,775,1427033,15578,807389,8701100
1615,773,759,1426260,15592,808148,6785300
1616,782,768,1425478,15606,808916,6679800
1617,792,779,1424686,15619,809695,6960800
1618,718,758,1423968,15579,810453,6666900
1619,768,743,1423200,15604,811196,6754500
1620,736,800,1422464,15540,811996,6709500
1621,758,785,1421706,15513,812781,6741300
1622,755,803,1420951,15465,813584,6763500
1623,777,740,1420174,15502,814324,6738900
1624,744,786,1419430,15460,815110,6832100
1625,763,807,1418667,15416,815917,6801100
1626,751,781,1417916,15386,816698,7517500
1627,724,800,1417192,15310,817498,6898400
1628,760,802,1416432,15268,818300,6852500
1629,733,801,1415699,15200,819101,6683000
1630,758,816,1414941,15142,819917,7072000
1631,736,786,1414205,15092,820703,6847400
1632,774,749,1413431,15117,821452,7096800
1633,762,755,1412669,15124,822207,7703000
1634,800,758,1411869,15166,822965,8218300
1635,787,803,1411082,15150,823768,7099700
1636,802,789,1410280,15163,824557,7274600
1637,763,746,1409517,15180,825303,6886500
1638,736,774,1408781,15142,826077,7022500
1639,791,758,1407990,15175,826835,7142400
1640,828,740,1407162,15263,827575,6914500
1641,746,722,1406416,15287,828297,7285300
1642,748,796,1405668,15239,829093,7066200
1643,817,789,1404851,15267,829882,7680200
1644,721,764,1404130,15224,830646,7215100
1645,764,763,1403366,15225,831409,7210200
1646,789,775,1402577,15239,832184,7356200
1647,821,707,1401756,15353,832891,8428600
1648,783,761,1400973,15375,833652,8571800
1649,804,754,1400169,15425,834406,8448900
1650,780,736,1399389,15469,835142,8319800
1651,767,768,1398622,15468,835910,7188000
1652,803,765,1397819,15506,836675,7008400
1653,817,789,1397002,15534,837464,7949500
1654,790,816,1396212,15508,838280,8410200
1655,820,809,1395392,15519,839089,8293000
1656,741,751,1394651,15509,839840,7903900
1657,769,780,1393882,15498,840620,8367000
1658,773,766,1393109,15505,841386,8444600
1659,778,828,1392331,15455,842214,8304100
1660,777,836,1391554,15396,843050,8409800
1661,801,788,1390753,15409,843838,8330700
1662,794,730,1389959,15473,844568,7927200
1663,776,769,1389183,15480,845337,6840700
1664,805,745,1388378,15540,846082,6838200
1665,737,804,1387641,15473,846886,6839500
1666,796,809,1386845,15460,847695,7265100
1667,776,738,1386069,15498,848433,8089200
1668,820,805,1385249,15513,849238,8155100
1669,779,799,1384470,15493,850037,7972600
1670,821,777,1383649,15537,850814,8108700
1671,814,790,1382835,15561,851604,8171000
1672,811,765,1382024,15607,852369,8184800
1673,820,762,1381204,15665,853131,8141700
1674,784,776,1380420,15673,853907,8986600
1675,768,783,1379652,15658,854690,8058700
1676,834,814,1378818,15678,855504,8827200
1677,772,814,1378046,15636,856318,9088700
1678,770,753,1377276,15653,857071,8115000
1679,805,729,1376471,15729,857800,8440400
1680,820,793,1375651,15756,858593,8476700
1681,819,820,1374832,15755,859413,9132900
1682,827,761,1374005,15821,860174,9009500
1683,821,756,1373184,15886,860930,7429000
1684,738,777,1372446,15847,861707,7160200
1685,775,758,1371671,15864,862465,7183600
1686,784,772,1370887,15876,863237,7103400
1687,812,869,1370075,15819,864106,7171400
1688,776,828,1369299,15767,864934,7303100
1689,756,777,1368543,15746,865711,7387300
1690,761,804,1367782,15703,866515,7260800
1691,806,779,1366976,15730,867294,7460400
1692,784,760,1366192,15754,868054,7458800
1693,780,787,1365412,15747,868841,7136500
1694,766,829,1364646,15684,869670,8178900
1695,774,788,1363872,15670,870458,9156500
1696,756,796,1363116,15630,871254,6828400
1697,808,772,1362308,15666,872026,6888400
1698,766,783,1361542,15649,872809,6840700
1699,782,804,1360760,15627,873613,6943300
1700,732,800,1360028,15559,874413,6771400
1701,758,772,1359270,15545,875185,7260300
1702,786,782,1358484,15549,875967,6731300
1703,738,814,1357746,15473,876781,6791800
1704,716,745,1357030,15444,877526,7184600
1705,726,730,1356304,15440,878256,6708500
1706,790,809,1355514,15421,879065,6811300
1707,761,704,1354753,15478,879769,6684100
1708,771,724,1353982,15525,880493,6696300
1709,765,767,1353217,15523,881260,6688900
1710,778,770,1352439,15531,882030,7002800
1711,749,806,1351690,15474,882836,6983600
1712,783,789,1350907,15468,883625,6665900
1713,786,776,1350121,15478,884401,6861400
1714,777,774,1349344,15481,885175,6702500
1715,729,790,1348615,15420,885965,6961400
1716,807,760,1347808,15467,886725,6713800
1717,803,766,1347005,15504,887491,6804300
1718,762,806,1346243,15460,888297,6667500
1719,785,787,1345458,15458,889084,7366600
1720,792,743,1344666,15507,889827,6777500
1721,775,769,1343891,15513,890596,6739400
1722,792,775,1343099,15530,891371,6670900
1723,750,788,1342349,15492,892159,6628700
1724,802,770,1341547,15524,892929,6709300
1725,780,767,1340767,15537,893696,7180700
1726,755,768,1340012,15524,894464,6852400
1727,769,803,1339243,15490,895267,6717800
1728,800,789,1338443,15501,896056,7617700
1729,786,795,1337657,15492,896851,6789800
1730,832,774,1336825,15550,897625,7452300
1731,774,770,1336051,15554,898395,6734600
1732,778,760,1335273,15572,899155,6677800
1733,799,785,1334474,15586,899940,6777700
1734,751,795,1333723,15542,900735,6837000
1735,770,776,1332953,15536,901511,7512300
1736,753,769,1332200,15520,902280,6965600
1737,773,757,1331427,15536,903037,7404400
1738,758,737,1330669,15557,903774,7191300
1739,793,759,1329876,15591,904533,7425200
1740,739,726,1329137,15604,905259,7118000
1741,793,769,1328344,15628,906028,7597800
1742,802,747,1327542,15683,906775,7047100
1743,756,802,1326786,15637,907577,7074600
1744,760,748,1326026,15649,908325,6847200
1745,781,782,1325245,15648,909107,6896300
1746,769,786,1324476,15631,909893,6808100
1747,761,809,1323715,15583,910702,6805900
1748,757,764,1322958,15576,911466,6931100
1749,760,778,1322198,15558,912244,6891300
1750,739,779,1321459,15518,913023,7195000
1751,758,795,1320701,15481,913818,6949600
1752,813,752,1319888,15542,914570,7226300
1753,780,762,1319108,15560,915332,7225800
1754,811,808,1318297,15563,916140,6973900
1755,748,787,1317549,15524,916927,6899000
1756,777,802,1316772,15499,917729,6869800
1757,737,751,1316035,15485,918480,7690500
1758,708,757,1315327,15436,919237,6947800
1759,747,801,1314580,15382,920038,6858600
1760,727,760,1313853,15349,920798,6677100
1761,780,741,1313073,15388,921539,7009800
1762,776,791,1312297,15373,922330,6883700
1763,792,779,1311505,15386,923109,6750200
1764,783,733,1310722,15436,923842,6658500
1765,763,772,1309959,15427,924614,6616900
1766,779,745,1309180,15461,925359,6752900
1767,760,755,1308420,15466,926114,6683800
1768,785,749,1307635,15502,926863,6773000
1769,819,788,1306816,15533,927651,6694600
1770,782,785,1306034,15530,928436,6675300
1771,741,770,1305293,15501,929206,6637600
1772,710,735,1304583,15476,929941,6744200
1773,774,774,1303809,15476,930715,6649400
1774,780,802,1303029,15454,931517,6611900
1775,779,758,1302250,15475,932275,6716700
1776,752,757,1301498,15470,933032,6633000
1777,818,791,1300680,15497,933823,6901500
1778,781,803,1299899,15475,934626,6889800
1779,799,773,1299100,15501,935399,6993800
1780,802,808,1298298,15495,936207,6830300
1781,789,754,1297509,15530,936961,7379500
1782,777,785,1296732,15522,937746,7009100
1783,773,830,1295959,15465,938576,7589200
1784,781,778,1295178,15468,939354,6834600
1785,780,783,1294398,15465,940137,6752900
1786,771,783,1293627,15453,940920,6709700
1787,745,767,1292882,15431,941687,6701600
1788,773,832,1292109,15372,942519,6928500
1789,753,772,1291356,15353,943291,6897900
1790,769,775,1290587,15347,944066,6978600
1791,753,756,1289834,15344,944822,7076600
1792,827,755,1289007,15416,945577,6866100
1793,743,810,1288264,15349,946387,6736000
1794,789,738,1287475,15400,947125,6869000
1795,771,775,1286704,15396,947900,7016200
1796,814,786,1285890,15424,948686,6769900
1797,792,758,1285098,15458,949444,7005600
1798,737,757,1284361,15438,950201,6800100
1799,775,770,1283586,15443,950971,6763000
1800,788,863,1282798,15368,951834,6730900
1801,770,680,1282028,15458,952514,6968500
1802,777,770,1281251,15465,953284,6689400
1803,715,718,1280536,15462,954002,6648500
1804,792,739,1279744,15515,954741,6659800
1805,786,722,1278958,15579,955463,6658700
1806,815,804,1278143,15590,956267,6927500
1807,775,840,1277368,15525,957107,6877200
1808,800,823,1276568,15502,957930,6926000
1809,792,757,1275776,15537,958687,6695700
1810,767,790,1275009,15514,959477,6697600
1811,709,788,1274300,15435,960265,6660000
1812,752,795,1273548,15392,961060,6682200
1813,776,794,1272772,15374,961854,6681300
1814,773,798,1271999,15349,962652,6618700
1815,753,760,1271246,15342,963412,7438200
1816,730,769,1270516,15303,964181,6733300
1817,748,776,1269768,15275,964957,6962900
1818,721,794,1269047,15202,965751,6673400
1819,740,796,1268307,15146,966547,7389200
1820,735,757,1267572,15124,967304,6667000
1821,685,755,1266887,15054,968059,6657000
1822,715,721,1266172,15048,968780,6659700
1823,739,755,1265433,15032,969535,6592400
1824,731,776,1264702,14987,970311,6800900
1825,698,739,1264004,14946,971050,6726700
1826,739,761,1263265,14924,971811,6765900
1827,761,722,1262504,14963,972533,6625100
1828,737,732,1261767,14968,973265,6708000
1829,708,735,1261059,14941,974000,6604900
1830,717,778,1260342,14880,974778,6605000
1831,684,733,1259658,14831,975511,6718900
1832,714,763,1258944,14782,976274,6569700
1833,730,741,1258214,14771,977015,6636200
1834,683,726,1257531,14728,977741,6611800
1835,723,764,1256808,14687,978505,6836500
1836,723,812,1256085,14598,979317,6650100
1837,730,721,1255355,14607,980038,6640600
1838,730,711,1254625,14626,980749,6716800
1839,757,738,1253868,14645,981487,6613300
1840,727,716,1253141,14656,982203,7071500
1841,705,752,1252436,14609,982955,6581300
1842,763,717,1251673,14655,983672,6591700
1843,761,749,1250912,14667,984421,6617900
1844,720,709,1250192,14678,985130,6621200
1845,700,705,1249492,14673,985835,6769300
1846,723,781,1248769,14615,986616,6649600
1847,753,710,1248016,14658,987326,7329900
1848,781,783,1247235,14656,988109,6793800
1849,712,759,1246523,14609,988868,6621000
1850,716,688,1245807,14637,989556,6636900
1851,691,727,1245116,14601,990283,6616500
1852,741,737,1244375,14605,991020,6633200
1853,747,718,1243628,14634,991738,6670800
1854,747,743,1242881,14638,992481,6778700
1855,723,721,1242158,14640,993202,6679800
1856,772,736,1241386,14676,993938,6654900
1857,735,750,1240651,14661,994688,6635800
1858,720,725,1239931,14656,995413,6641600
1859,677,758,1239254,14575,996171,6631700
1860,722,716,1238532,14581,996887,6559700
1861,667,728,1237865,14520,997615,6683300
1862,671,709,1237194,14482,998324,6591100
1863,716,685,1236478,14513,999009,6582800
1864,722,749,1235756,14486,999758,6674600
1865,722,714,1235034,14494,1000472,6673600
1866,733,751,1234301,14476,1001223,6657900
1867,743,715,1233558,14504,1001938,6576500
1868,726,724,1232832,14506,1002662,6759000
1869,714,788,1232118,14432,1003450,6557500
1870,706,773,1231412,14365,1004223,6574400
1871,737,691,1230675,14411,1004914,6586500
1872,705,726,1229970,14390,1005640,6856500
1873,682,772,1229288,14300,1006412,7171400
1874,720,712,1228568,14308,1007124,6715000
1875,699,691,1227869,14316,1007815,6756200
1876,697,667,1227172,14346,1008482,6611900
1877,700,714,1226472,14332,1009196,6720600
1878,750,695,1225722,14387,1009891,6659900
1879,680,723,1225042,14344,1010614,6971200
1880,732,741,1224310,14335,1011355,7036000
1881,700,773,1223610,14262,1012128,6720300
1882,684,756,1222926,14190,1012884,7059900
1883,729,679,1222197,14240,1013563,6733000
1884,693,731,1221504,14202,1014294,7067300
1885,726,729,1220778,14199,1015023,6729300
1886,663,745,1220115,14117,1015768,6766600
1887,746,718,1219369,14145,1016486,6895000
1888,691,693,1218678,14143,1017179,6947900
1889,674,711,1218004,14106,1017890,6772800
1890,728,713,1217276,14121,1018603,6690600
1891,710,726,1216566,14105,1019329,6713700
1892,663,695,1215903,14073,1020024,6634500
1893,721,712,1215182,14082,1020736,6675500
1894,738,743,1214444,14077,1021479,6677400
1895,694,716,1213750,14055,1022195,6608500
1896,664,725,1213086,13994,1022920,6629400
1897,667,717,1212419,13944,1023637,7320800
1898,705,685,1211714,13964,1024322,6652300
1899,692,744,1211022,13912,1025066,6636800
1900,691,703,1210331,13900,1025769,6717000
1901,698,681,1209633,13917,1026450,6573000
1902,649,676,1208984,13890,1027126,6950900
1903,669,655,1208315,13904,1027781,7088400
1904,661,680,1207654,13885,1028461,6633300
1905,699,654,1206955,13930,1029115,6597500
1906,736,663,1206219,14003,1029778,6566900
1907,673,689,1205546,13987,1030467,6696700
1908,661,735,1204885,13913,1031202,6738800
1909,706,723,1204179,13896,1031925,6791500
1910,745,735,1203434,13906,1032660,6763300
1911,722,712,1202712,13916,1033372,6867700
1912,700,690,1202012,13926,1034062,6792000
1913,719,685,1201293,13960,1034747,6857600
1914,686,684,1200607,13962,1035431,6848300
1915,657,705,1199950,13914,1036136,6710700
1916,681,715,1199269,13880,1036851,6850200
1917,675,702,1198594,13853,1037553,6714000
1918,634,685,1197960,13802,1038238,6754900
1919,689,647,1197271,13844,1038885,6764800
1920,725,667,1196546,13902,1039552,6895700
1921,700,651,1195846,13951,1040203,7002400
1922,692,731,1195154,13912,1040934,6827200
1923,724,726,1194430,13910,1041660,7299100
1924,723,670,1193707,13963,1042330,6926000
1925,686,670,1193021,13979,1043000,7012200
1926,698,682,1192323,13995,1043682,6965400
1927,702,742,1191621,13955,1044424,6799500
1928,710,703,1190911,13962,1045127,6717700
1929,699,678,1190212,13983,1045805,6885800
1930,669,705,1189543,13947,1046510,6744900
1931,676,670,1188867,13953,1047180,6753100
1932,732,687,1188135,13998,1047867,7364600
1933,663,761,1187472,13900,1048628,6793300
1934,655,703,1186817,13852,1049331,7061200
1935,687,724,1186130,13815,1050055,6801200
1936,671,701,1185459,13785,1050756,6939000
1937,689,694,1184770,13780,1051450,6926700
1938,704,712,1184066,13772,1052162,7074800
1939,660,724,1183406,13708,1052886,6618500
1940,664,655,1182742,13717,1053541,6581000
1941,675,666,1182067,13726,1054207,6523300
1942,696,633,1181371,13789,1054840,6618500
1943,703,668,1180668,13824,1055508,6620300
1944,718,705,1179950,13837,1056213,6511700
1945,689,725,1179261,13801,1056938,6606300
1946,695,653,1178566,13843,1057591,6522700
1947,693,675,1177873,13861,1058266,6592900
1948,711,645,1177162,13927,1058911,6565200
1949,705,678,1176457,13954,1059589,6528100
1950,673,690,1175784,13937,1060279,6611100
1951,668,688,1175116,13917,1060967,6597000
1952,721,697,1174395,13941,1061664,6624900
1953,725,656,1173670,14010,1062320,6739000
1954,728,628,1172942,14110,1062948,6560700
1955,711,722,1172231,14099,1063670,6673000
1956,706,688,1171525,14117,1064358,6580300
1957,689,673,1170836,14133,1065031,6606500
1958,703,648,1170133,14188,1065679,6558300
1959,672,736,1169461,14124,1066415,6549900
1960,678,681,1168783,14121,1067096,6588900
1961,664,675,1168119,14110,1067771,6503800
1962,703,684,1167416,14129,1068455,6686900
1963,711,687,1166705,14153,1069142,6654300
1964,713,737,1165992,14129,1069879,6958900
1965,681,677,1165311,14133,1070556,6628800
1966,709,697,1164602,14145,1071253,6619100
1967,695,684,1163907,14156,1071937,6586100
1968,697,724,1163210,14129,1072661,6509200
1969,702,658,1162508,14173,1073319,6833700
1970,682,718,1161826,14137,1074037,6524800
1971,695,736,1161131,14096,1074773,6601400
1972,725,697,1160406,14124,1075470,6676500
1973,716,715,1159690,14125,1076185,6772700
1974,699,726,1158991,14098,1076911,6992300
1975,719,729,1158272,14088,1077640,6563900
1976,706,664,1157566,14130,1078304,6746900
1977,733,687,1156833,14176,1078991,6600200
1978,722,723,1156111,14175,1079714,6641600
1979,728,691,1155383,14212,1080405,6539200
1980,715,693,1154668,14234,1081098,6580200
1981,738,714,1153930,14258,1081812,6575000
1982,676,713,1153254,14221,1082525,6579400
1983,717,724,1152537,14214,1083249,6708900
1984,708,697,1151829,14225,1083946,6592900
1985,750,687,1151079,14288,1084633,6732300
1986,715,713,1150364,14290,1085346,6598200
1987,716,700,1149648,14306,1086046,6681000
1988,636,710,1149012,14232,1086756,6543800
1989,685,646,1148327,14271,1087402,6550800
1990,670,703,1147657,14238,1088105,7424300
1991,719,708,1146938,14249,1088813,6544600
1992,659,691,1146279,14217,1089504,7722300
1993,688,744,1145591,14161,1090248,6597800
1994,667,718,1144924,14110,1090966,6600900
1995,708,692,1144216,14126,1091658,6536100
1996,729,660,1143487,14195,1092318,6559600
1997,692,680,1142795,14207,1092998,6591800
1998,703,730,1142092,14180,1093728,6532600
1999,691,713,1141401,14158,1094441,6577100
2000,661,660,1140740,14159,1095101,6525400
2001,681,697,1140059,14143,1095798,6573000
2002,677,733,1139382,14087,1096531,6591600
2003,664,780,1138718,13971,1097311,6674400
2004,652,692,1138066,13931,1098003,6567400
2005,649,690,1137417,13890,1098693,6578100
2006,661,683,1136756,13868,1099376,7066000
2007,669,745,1136087,13792,1100121,6575600
2008,667,707,1135420,13752,1100828,6578300
2009,704,698,1134716,13758,1101526,6591600
2010,669,728,1134047,13699,1102254,6552000
2011,631,715,1133416,13615,1102969,6622400
2012,703,683,1132713,13635,1103652,6613400
2013,700,735,1132013,13600,1104387,6731800
2014,709,710,1131304,13599,1105097,6588200
2015,649,692,1130655,13556,1105789,6586000
2016,683,647,1129972,13592,1106436,6585900
2017,646,707,1129326,13531,1107143,6510000
2018,679,628,1128647,13582,1107771,6996100
2019,645,652,1128002,13575,1108423,6506700
2020,675,670,1127327,13580,1109093,6656100
2021,662,693,1126665,13549,1109786,6626300
2022,699,695,1125966,13553,1110481,6659600
2023,649,682,1125317,13520,1111163,6609900
2024,695,683,1124622,13532,1111846,6548200
2025,684,643,1123938,13573,1112489,6594500
2026,653,674,1123285,13552,1113163,6516100
2027,692,720,1122593,13524,1113883,7327900
2028,654,651,1121939,13527,1114534,6726900
2029,661,639,1121278,13549,1115173,6673600
2030,706,685,1120572,13570,1115858,6703900
2031,728,701,1119844,13597,1116559,6690900
2032,700,711,1119144,13586,1117270,6840900
2033,645,691,1118499,13540,1117961,6677900
2034,695,724,1117804,13511,1118685,6693200
2035,724,688,1117080,13547,1119373,6605500
2036,669,657,1116411,13559,1120030,6667800
2037,672,681,1115739,13550,1120711,6546500
2038,681,709,1115058,13522,1121420,6536200
2039,643,672,1114415,13493,1122092,6720800
2040,671,709,1113744,13455,1122801,6722500
2041,663,665,1113081,13453,1123466,6837700
2042,729,713,1112352,13469,1124179,6777100
2043,709,700,1111643,13478,1124879,6713800
2044,690,617,1110953,13551,1125496,6592700
2045,653,661,1110300,13543,1126157,6568000
2046,680,653,1109620,13570,1126810,6919800
2047,699,668,1108921,13601,1127478,6678100
2048,683,678,1108238,13606,1128156,6629300
2049,683,660,1107555,13629,1128816,6581100
2050,701,696,1106854,13634,1129512,6822900
2051,644,695,1106210,13583,1130207,7073900
2052,696,686,1105514,13593,1130893,7101700
2053,702,721,1104812,13574,1131614,6819800
2054,698,644,1104114,13628,1132258,6501800
2055,661,646,1103453,13643,1132904,6577200
2056,712,670,1102741,13685,1133574,6490000
2057,690,721,1102051,13654,1134295,7832300
2058,643,715,1101408,13582,1135010,6587700
2059,708,730,1100700,13560,1135740,6583300
2060,682,707,1100018,13535,1136447,6540800
2061,666,673,1099352,13528,1137120,6630700
2062,686,634,1098666,13580,1137754,6551500
2063,703,703,1097963,13580,1138457,6511500
2064,686,673,1097277,13593,1139130,6575700
2065,715,701,1096562,13607,1139831,6521700
2066,652,680,1095910,13579,1140511,7049900
2067,728,682,1095182,13625,1141193,6863100
2068,666,664,1094516,13627,1141857,6575200
2069,677,670,1093839,13634,1142527,6713200
2070,694,610,1093145,13718,1143137,6559300
2071,710,723,1092435,13705,1143860,7216800
2072,730,677,1091705,13758,1144537,6735700
2073,643,682,1091062,13719,1145219,6702200
2074,649,683,1090413,13685,1145902,6665300
2075,670,686,1089743,13669,1146588,6539500
2076,644,705,1089099,13608,1147293,6618800
2077,605,660,1088494,13553,1147953,6535400
2078,646,661,1087848,13538,1148614,6633600
2079,626,720,1087222,13444,1149334,6661100
2080,657,640,1086565,13461,1149974,6933200
2081,677,670,1085888,13468,1150644,6651600
2082,654,687,1085234,13435,1151331,6808200
2083,693,676,1084541,13452,1152007,6986900
2084,661,734,1083880,13379,1152741,6764600
2085,689,684,1083191,13384,1153425,7224400
2086,668,679,1082523,13373,1154104,7101500
2087,652,706,1081871,13319,1154810,7246000
2088,623,637,1081248,13305,1155447,6867700
2089,617,692,1080631,13230,1156139,6727000
2090,642,681,1079989,13191,1156820,6733400
2091,635,652,1079354,13174,1157472,6755700
2092,640,642,1078714,13172,1158114,6780300
2093,657,670,1078057,13159,1158784,6695500
2094,659,674,1077398,13144,1159458,6768900
2095,650,649,1076748,13145,1160107,6653900
2096,651,651,1076097,13145,1160758,7064400
2097,646,650,1075451,13141,1161408,6678200
2098,639,720,1074812,13060,1162128,6678700
2099,643,639,1074169,13064,1162767,6648500
2100,665,632,1073504,13097,1163399,6800100
2101,678,682,1072826,13093,1164081,7238100
2102,634,651,1072192,13076,1164732,6767300
2103,699,683,1071493,13092,1165415,6799100
2104,694,679,1070799,13107,1166094,6691200
2105,630,680,1070169,13057,1166774,7249000
2106,670,712,1069499,13015,1167486,7253300
2107,667,633,1068832,13049,1168119,6777900
2108,669,651,1068163,13067,1168770,6728700
2109,662,678,1067501,13051,1169448,6766600
2110,670,609,1066831,13112,1170057,6854000
2111,677,617,1066154,13172,1170674,7096000
2112,683,625,1065471,13230,1171299,6971100
2113,665,663,1064806,13232,1171962,6622500
2114,741,651,1064065,13322,1172613,6629000
2115,663,662,1063402,13323,1173275,6559200
2116,641,677,1062761,13287,1173952,6593700
2117,669,656,1062092,13300,1174608,6517800
2118,671,680,1061421,13291,1175288,6519300
2119,695,693,1060726,13293,1175981,6589000
2120,684,640,1060042,13337,1176621,6584300
2121,618,623,1059424,13332,1177244,6635400
2122,679,671,1058745,13340,1177915,6577400
2123,682,693,1058063,13329,1178608,6535600
2124,716,643,1057347,13402,1179251,6534500
2125,712,643,1056635,13471,1179894,6492500
2126,698,668,1055937,13501,1180562,6626500
2127,618,724,1055319,13395,1181286,6498900
2128,688,672,1054631,13411,1181958,6493000
2129,692,681,1053939,13422,1182639,6540600
2130,659,672,1053280,13409,1183311,6572600
2131,685,685,1052595,13409,1183996,6715800
2132,656,633,1051939,13432,1184629,6575500
2133,722,725,1051217,13429,1185354,6599300
2134,685,675,1050532,13439,1186029,6541900
2135,681,657,1049851,13463,1186686,6556600
2136,665,658,1049186,13470,1187344,6535100
2137,681,681,1048505,13470,1188025,6469100
2138,641,682,1047864,13429,1188707,6651300
2139,662,644,1047202,13447,1189351,6513800
2140,671,675,1046531,13443,1190026,7029200
2141,638,662,1045893,13419,1190688,6619000
2142,574,676,1045319,13317,1191364,6569700
2143,648,711,1044671,13254,1192075,6585200
2144,671,666,1044000,13259,1192741,6538100
2145,631,699,1043369,13191,1193440,7265600
2146,625,695,1042744,13121,1194135,6559100
2147,585,682,1042159,13024,1194817,6568400
2148,650,664,1041509,13010,1195481,6476200
2149,626,642,1040883,12994,1196123,6453200
2150,704,641,1040179,13057,1196764,6834900
2151,636,671,1039543,13022,1197435,6590500
2152,680,638,1038863,13064,1198073,7213700
2153,655,677,1038208,13042,1198750,6546300
2154,631,676,1037577,12997,1199426,6515900
2155,690,668,1036887,13019,1200094,6503800
2156,658,642,1036229,13035,1200736,6489900
2157,623,631,1035606,13027,1201367,7760100
2158,676,671,1034930,13032,1202038,6536300
2159,699,653,1034231,13078,1202691,6606600
2160,646,680,1033585,13044,1203371,6548100
2161,660,624,1032925,13080,1203995,6645600
2162,694,652,1032231,13122,1204647,6546500
2163,670,664,1031561,13128,1205311,6548900
2164,672,656,1030889,13144,1205967,6498100
2165,663,629,1030226,13178,1206596,6637000
2166,632,703,1029594,13107,1207299,6585400
2167,624,641,1028970,13090,1207940,6468400
2168,657,612,1028313,13135,1208552,7142700
2169,658,667,1027655,13126,1209219,6532600
2170,653,683,1027002,13096,1209902,7006000
2171,642,666,1026360,13072,1210568,6984100
2172,682,631,1025678,13123,1211199,6489900
2173,672,659,1025006,13136,1211858,6539300
2174,684,641,1024322,13179,1212499,6531100
2175,625,656,1023697,13148,1213155,6565400
2176,604,658,1023093,13094,1213813,6643700
2177,671,686,1022422,13079,1214499,6648500
2178,653,659,1021769,13073,1215158,6691000
2179,658,652,1021111,13079,1215810,6596000
2180,668,631,1020443,13116,1216441,6892100
2181,666,665,1019777,13117,1217106,6948500
2182,688,668,1019089,13137,1217774,6801700
2183,671,701,1018418,13107,1218475,6668600
2184,686,649,1017732,13144,1219124,6659600
2185,679,674,1017053,13149,1219798,6613500
2186,653,625,1016400,13177,1220423,6492700
2187,673,620,1015727,13230,1221043,6665700
2188,629,688,1015098,13171,1221731,6565200
2189,654,657,1014444,13168,1222388,7023200
2190,639,660,1013805,13147,1223048,6898700
2191,613,664,1013192,13096,1223712,6532200
2192,628,714,1012564,13010,1224426,6725700
2193,620,661,1011944,12969,1225087,6723600
2194,676,641,1011268,13004,1225728,6783600
2195,659,631,1010609,13032,1226359,6720300
2196,663,633,1009946,13062,1226992,7396300
2197,644,595,1009302,13111,1227587,6595300
2198,631,630,1008671,13112,1228217,6540400
2199,650,656,1008021,13106,1228873,6599900
2200,635,645,1007386,13096,1229518,6590000
2201,637,669,1006749,13064,1230187,6595500
2202,611,651,1006138,13024,1230838,6478300
2203,595,640,1005543,12979,1231478,7003500
2204,645,639,1004898,12985,1232117,6634400
2205,612,661,1004286,12936,1232778,6633500
2206,668,660,1003618,12944,1233438,6614100
2207,651,676,1002967,12919,1234114,6522700
2208,670,656,1002297,12933,1234770,6913500
2209,647,641,1001650,12939,1235411,6662900
2210,686,655,1000964,12970,1236066,6675400
2211,652,635,1000312,12987,1236701,6556800
2212,627,627,999685,12987,1237328,6504100
2213,633,632,999052,12988,1237960,6620700
2214,663,630,998389,13021,1238590,6532100
2215,682,615,997707,13088,1239205,6593500
2216,677,646,997030,13119,1239851,6508200
2217,657,656,996373,13120,1240507,6564300
2218,685,698,995688,13107,1241205,6469900
2219,655,657,995033,13105,1241862,6553400
2220,591,650,994442,13046,1242512,7045300
2221,616,632,993826,13030,1243144,6684100
2222,634,654,993192,13010,1243798,7251500
2223,585,671,992607,12924,1244469,6678700
2224,630,639,991977,12915,1245108,6887200
2225,621,653,991356,12883,1245761,6666500
2226,628,666,990728,12845,1246427,6591500
2227,599,598,990129,12846,1247025,6513300
2228,638,611,989491,12873,1247636,6470900
2229,634,657,988857,12850,1248293,6648700
2230,655,655,988202,12850,1248948,7100300
2231,647,640,987555,12857,1249588,7329200
2232,640,610,986915,12887,1250198,7635900
2233,625,598,986290,12914,1250796,7543900
2234,654,649,985636,12919,1251445,6840700
2235,645,635,984991,12929,1252080,7359400
2236,657,677,984334,12909,1252757,7402100
2237,628,673,983706,12864,1253430,6631100
2238,626,665,983080,12825,1254095,6511400
2239,637,670,982443,12792,1254765,6590600
2240,626,642,981817,12776,1255407,6646200
2241,612,634,981205,12754,1256041,6513300
2242,632,595,980573,12791,1256636,7220200
2243,632,650,979941,12773,1257286,6532300
2244,613,647,979328,12739,1257933,6490000
2245,626,647,978702,12718,1258580,6480900
2246,598,630,978104,12686,1259210,6430000
2247,609,636,977495,12659,1259846,6540100
2248,632,655,976863,12636,1260501,6491800
2249,574,647,976289,12563,1261148,6567200
2250,620,623,975669,12560,1261771,6658000
2251,617,631,975052,12546,1262402,6508100
2252,684,624,974368,12606,1263026,6820200
2253,641,604,973727,12643,1263630,6445200
2254,598,651,973129,12590,1264281,6532700
2255,640,623,972489,12607,1264904,6460900
2256,627,657,971862,12577,1265561,6636600
2257,623,645,971239,12555,1266206,8041100
2258,638,624,970601,12569,1266830,6488000
2259,644,635,969957,12578,1267465,7543800
2260,645,660,969312,12563,1268125,6600700
2261,620,632,968692,12551,1268757,7314100
2262,633,626,968059,12558,1269383,6537300
2263,635,648,967424,12545,1270031,6527200
2264,612,620,966812,12537,1270651,6647200
2265,652,615,966160,12574,1271266,6663800
2266,660,625,965500,12609,1271891,6723800
2267,616,631,964884,12594,1272522,6663700
2268,593,617,964291,12570,1273139,6784800
2269,662,608,963629,12624,1273747,6759700
2270,640,629,962989,12635,1274376,6909700
2271,648,628,962341,12655,1275004,6806300
2272,578,642,961763,12591,1275646,6718700
2273,670,647,961093,12614,1276293,6700600
2274,634,659,960459,12589,1276952,6690300
2275,636,675,959823,12550,1277627,6684400
2276,607,593,959216,12564,1278220,6708200
2277,662,647,958554,12579,1278867,6663500
2278,618,641,957936,12556,1279508,6676800
2279,625,563,957311,12618,1280071,6910400
2280,609,625,956702,12602,1280696,6691800
2281,607,666,956095,12543,1281362,6675100
2282,637,652,955458,12528,1282014,6745900
2283,649,586,954809,12591,1282600,6637100
2284,637,645,954172,12583,1283245,6672200
2285,649,606,953523,12626,1283851,6691000
2286,659,623,952864,12662,1284474,6673100
2287,629,634,952235,12657,1285108,6647200
2288,609,627,951626,12639,1285735,6718500
2289,598,634,951028,12603,1286369,7559800
2290,607,609,950421,12601,1286978,6823300
2291,558,618,949863,12541,1287596,6652800
2292,608,601,949255,12548,1288197,6513000
2293,630,613,948625,12565,1288810,6923900
2294,599,620,948026,12544,1289430,6605400
2295,637,606,947389,12575,1290036,6801300
2296,577,648,946812,12504,1290684,6640900
2297,565,618,946247,12451,1291302,6461400
2298,579,606,945668,12424,1291908,6629100
2299,616,587,945052,12453,1292495,6558100
2300,589,567,944463,12475,1293062,6540400
2301,598,670,943865,12403,1293732,6648700
2302,582,633,943283,12352,1294365,6540000
2303,634,616,942649,12370,1294981,6620300
2304,573,611,942076,12332,1295592,6449800
2305,590,621,941486,12301,1296213,6546900
2306,601,658,940885,12244,1296871,6517200
2307,580,563,940305,12261,1297434,6628900
2308,593,633,939712,12221,1298067,7353300
2309,605,598,939107,12228,1298665,6777000
2310,576,620,938531,12184,1299285,6712700
2311,625,643,937906,12166,1299928,6523700
2312,643,573,937263,12236,1300501,6611900
2313,561,631,936702,12166,1301132,6478500
2314,602,561,936100,12207,1301693,6468500
2315,610,630,935490,12187,1302323,6479600
2316,614,599,934876,12202,1302922,6436800
2317,593,617,934283,12178,1303539,6759400
2318,653,606,933630,12225,1304145,6490000
2319,635,579,932995,12281,1304724,6589900
2320,648,578,932347,12351,1305302,6471300
2321,641,596,931706,12396,1305898,6501600
2322,602,591,931104,12407,1306489,6653600
2323,613,637,930491,12383,1307126,6475900
2324,609,660,929882,12332,1307786,6616200
2325,620,606,929262,12346,1308392,6575800
2326,621,594,928641,12373,1308986,6629600
2327,624,606,928017,12391,1309592,6585800
2328,605,622,927412,12374,1310214,6622200
2329,639,653,926773,12360,1310867,6697700
2330,632,621,926141,12371,1311488,6572900
2331,647,620,925494,12398,1312108,6808300
2332,628,597,924866,12429,1312705,6615000
2333,586,606,924280,12409,1313311,6593400
2334,637,664,923643,12382,1313975,6474900
2335,679,630,922964,12431,1314605,6840800
2336,636,651,922328,12416,1315256,7017300
2337,652,615,921676,12453,1315871,6486700
2338,673,641,921003,12485,1316512,6704500
2339,651,586,920352,12550,1317098,6835400
2340,615,594,919737,12571,1317692,6801500
2341,671,660,919066,12582,1318352,6589800
2342,616,631,918450,12567,1318983,6584400
2343,582,613,917868,12536,1319596,6522600
2344,646,629,917222,12553,1320225,6554200
2345,651,645,916571,12559,1320870,6764900
2346,618,586,915953,12591,1321456,6846700
2347,588,632,915365,12547,1322088,7571000
2348,622,620,914743,12549,1322708,6781200
2349,589,623,914154,12515,1323331,6699000
2350,629,665,913525,12479,1323996,6523800
2351,669,624,912856,12524,1324620,6508200
2352,634,593,912222,12565,1325213,6474500
2353,680,649,911542,12596,1325862,6469700
2354,638,623,910904,12611,1326485,6908700
2355,662,581,910242,12692,1327066,6475800
2356,645,678,909597,12659,1327744,6488500
2357,648,604,908949,12703,1328348,6487200
2358,616,646,908333,12673,1328994,6502800
2359,626,666,907707,12633,1329660,6597800
2360,634,613,907073,12654,1330273,6555000
2361,637,665,906436,12626,1330938,6607500
2362,595,627,905841,12594,1331565,6689500
2363,610,631,905231,12573,1332196,7264400
2364,611,643,904620,12541,1332839,6827100
2365,586,620,904034,12507,1333459,6743600
2366,652,607,903382,12552,1334066,6955700
2367,645,603,902737,12594,1334669,6445600
2368,641,646,902096,12589,1335315,6526800
2369,633,635,901463,12587,1335950,6569700
2370,579,619,900884,12547,1336569,6508600
2371,670,683,900214,12534,1337252,6484900
2372,617,622,899597,12529,1337874,6549300
2373,626,609,898971,12546,1338483,6670500
2374,634,629,898337,12551,1339112,6650900
2375,637,608,897700,12580,1339720,6729900
2376,623,616,897077,12587,1340336,6625900
2377,691,608,896386,12670,1340944,6533300
2378,603,608,895783,12665,1341552,6568200
2379,634,641,895149,12658,1342193,6595900
2380,593,648,894556,12603,1342841,6584600
2381,591,627,893965,12567,1343468,6488800
2382,613,629,893352,12551,1344097,6521000
2383,652,650,892700,12553,1344747,6455200
2384,590,597,892110,12546,1345344,6510700
2385,609,623,891501,12532,1345967,6799000
2386,610,617,890891,12525,1346584,7177400
2387,628,623,890263,12530,1347207,6836500
2388,629,614,889634,12545,1347821,6682100
2389,583,664,889051,12464,1348485,7025300
2390,623,649,888428,12438,1349134,6581200
2391,610,619,887818,12429,1349753,6546100
2392,585,568,887233,12446,1350321,6510300
2393,619,644,886614,12421,1350965,6502800
2394,613,653,886001,12381,1351618,6847500
2395,615,596,885386,12400,1352214,6403100
2396,594,639,884792,12355,1352853,6566800
2397,662,610,884130,12407,1353463,6507600
2398,630,645,883500,12392,1354108,6503100
2399,595,602,882905,12385,1354710,6717600
2400,615,607,882290,12393,1355317,6545200
2401,592,594,881698,12391,1355911,6950700
2402,621,652,881077,12360,1356563,6516000
2403,597,626,880480,12331,1357189,6608100
2404,615,555,879865,12391,1357744,6477900
2405,579,641,879286,12329,1358385,6472900
2406,613,617,878673,12325,1359002,6501700
2407,578,651,878095,12252,1359653,6471400
2408,571,640,877524,12183,1360293,6458800
2409,595,625,876929,12153,1360918,7071800
2410,616,642,876313,12127,1361560,6627300
2411,584,624,875729,12087,1362184,6766900
2412,621,607,875108,12101,1362791,6504700
2413,586,610,874522,12077,1363401,6526200
2414,609,565,873913,12121,1363966,6475900
2415,620,632,873293,12109,1364598,6454300
2416,590,618,872703,12081,1365216,6536200
2417,590,587,872113,12084,1365803,6436400
2418,606,620,871507,12070,1366423,6532100
2419,570,584,870937,12056,1367007,6562500
2420,612,609,870325,12059,1367616,6546200
2421,573,633,869752,11999,1368249,6530300
2422,585,563,869167,12021,1368812,6471800
2423,589,584,868578,12026,1369396,6708400
2424,615,596,867963,12045,1369992,6426500
2425,554,616,867409,11983,1370608,6516400
2426,584,640,866825,11927,1371248,6414300
2427,562,585,866263,11904,1371833,6456200
2428,607,559,865656,11952,1372392,6477500
2429,581,635,865075,11898,1373027,6484200
2430,578,587,864497,11889,1373614,6612400
2431,584,571,863913,11902,1374185,6451900
2432,589,610,863324,11881,1374795,6476200
2433,562,588,862762,11855,1375383,6425900
2434,591,638,862171,11808,1376021,6428000
2435,576,577,861595,11807,1376598,6890800
2436,566,635,861029,11738,1377233,6565600
2437,583,604,860446,11717,1377837,6605300
2438,552,588,859894,11681,1378425,6472800
2439,579,616,859315,11644,1379041,7256500
2440,563,580,858752,11627,1379621,6617200
2441,603,605,858149,11625,1380226,6410400
2442,577,564,857572,11638,1380790,6618800
2443,578,588,856994,11628,1381378,6601800
2444,590,543,856404,11675,1381921,7487000
2445,602,631,855802,11646,1382552,6659900
2446,572,599,855230,11619,1383151,6833500
2447,588,548,854642,11659,1383699,6643800
2448,555,596,854087,11618,1384295,6665100
2449,591,597,853496,11612,1384892,6884200
2450,575,589,852921,11598,1385481,6666800
2451,615,542,852306,11671,1386023,7197100
2452,561,567,851745,11665,1386590,6676000
2453,608,576,851137,11697,1387166,6634100
2454,548,586,850589,11659,1387752,6615200
2455,604,591,849985,11672,1388343,6667300
2456,603,571,849382,11704,1388914,6694600
2457,589,611,848793,11682,1389525,6626000
2458,582,563,848211,11701,1390088,6757100
2459,607,598,847604,11710,1390686,6967600
2460,607,559,846997,11758,1391245,7035800
2461,581,591,846416,11748,1391836,6730500
2462,634,578,845782,11804,1392414,6602700
2463,585,630,845197,11759,1393044,6730300
2464,607,564,844590,11802,1393608,6638800
2465,618,584,843972,11836,1394192,6640300
2466,570,616,843402,11790,1394808,6610300
2467,594,574,842808,11810,1395382,6655500
2468,625,584,842183,11851,1395966,6636900
2469,594,624,841589,11821,1396590,6788300
2470,585,581,841004,11825,1397171,7339800
2471,579,648,840425,11756,1397819,6594300
2472,571,591,839854,11736,1398410,6503100
2473,598,574,839256,11760,1398984,6392500
2474,576,612,838680,11724,1399596,6563500
2475,573,570,838107,11727,1400166,7034100
2476,592,583,837515,11736,1400749,6509300
2477,587,576,836928,11747,1401325,6640700
2478,608,600,836320,11755,1401925,6501100
2479,615,604,835705,11766,1402529,6711000
2480,604,641,835101,11729,1403170,6537900
2481,588,557,834513,11760,1403727,6565200
2482,611,568,833902,11803,1404295,6523800
2483,611,606,833291,11808,1404901,6757400
2484,586,565,832705,11829,1405466,6582200
2485,593,572,832112,11850,1406038,6502100
2486,552,548,831560,11854,1406586,6495900
2487,564,574,830996,11844,1407160,6444300
2488,576,553,830420,11867,1407713,6502600
2489,639,577,829781,11929,1408290,6592100
2490,606,604,829175,11931,1408894,6430100
2491,587,592,828588,11926,1409486,7113700
2492,575,586,828013,11915,1410072,6567000
2493,569,557,827444,11927,1410629,6469900
2494,585,590,826859,11922,1411219,7518600
2495,587,566,826272,11943,1411785,7626500
2496,520,617,825752,11846,1412402,6684100
2497,588,574,825164,11860,1412976,6417500
2498,595,615,824569,11840,1413591,6530800
2499,563,594,824006,11809,1414185,6504400
2500,582,561,823424,11830,1414746,6636800
2501,591,626,822833,11795,1415372,6641300
2502,555,597,822278,11753,1415969,7118000
2503,593,651,821685,11695,1416620,7188400
2504,587,605,821098,11677,1417225,6618400
2505,577,586,820521,11668,1417811,6494000
2506,565,620,819956,11613,1418431,6454100
2507,613,590,819343,11636,1419021,6461600
2508,627,536,818716,11727,1419557,6814100
2509,555,573,818161,11709,1420130,6672000
2510,586,572,817575,11723,1420702,6514500
2511,621,589,816954,11755,1421291,6506300
2512,622,531,816332,11846,1421822,6557300
2513,586,617,815746,11815,1422439,6424300
2514,631,624,815115,11822,1423063,6523800
2515,560,616,814555,11766,1423679,6440700
2516,575,582,813980,11759,1424261,6556800
2517,580,608,813400,11731,1424869,7023200
2518,573,591,812827,11713,1425460,6486200
2519,562,579,812265,11696,1426039,6732500
2520,573,572,811692,11697,1426611,6517400
2521,571,561,811121,11707,1427172,6469800
2522,601,565,810520,11743,1427737,6434300
2523,576,653,809944,11666,1428390,6392200
2524,568,585,809376,11649,1428975,7196700
2525,513,553,808863,11609,1429528,6566300
2526,563,517,808300,11655,1430045,6635800
2527,548,604,807752,11599,1430649,6555700
2528,575,614,807177,11560,1431263,6456900
2529,536,578,806641,11518,1431841,6512400
2530,573,605,806068,11486,1432446,6500100
2531,533,627,805535,11392,1433073,6944200
2532,567,574,804968,11385,1433647,6419700
2533,556,539,804412,11402,1434186,7183600
2534,565,568,803847,11399,1434754,6686000
2535,550,591,803297,11358,1435345,7005000
2536,556,565,802741,11349,1435910,6708400
2537,531,573,802210,11307,1436483,6763700
2538,548,586,801662,11269,1437069,6929200
2539,536,541,801126,11264,1437610,6556200
2540,569,519,800557,11314,1438129,7042900
2541,556,571,800001,11299,1438700,6431300
2542,539,574,799462,11264,1439274,6518000
2543,575,613,798887,11226,1439887,6377900
2544,547,554,798340,11219,1440441,6499300
2545,516,559,797824,11176,1441000,6921600
2546,587,572,797237,11191,1441572,6364000
2547,557,548,796680,11200,1442120,6491600
2548,538,573,796142,11165,1442693,6426900
2549,579,529,795563,11215,1443222,7149000
2550,542,546,795021,11211,1443768,6615200
2551,581,538,794440,11254,1444306,6406600
2552,525,557,793915,11222,1444863,7401400
2553,566,561,793349,11227,1445424,6437400
2554,544,555,792805,11216,1445979,6459700
2555,515,606,792290,11125,1446585,6327900
2556,575,515,791715,11185,1447100,6382500
2557,572,564,791143,11193,1447664,6404700
2558,525,569,790618,11149,1448233,6378000
2559,522,590,790096,11081,1448823,6506500
2560,545,588,789551,11038,1449411,6453700
2561,565,576,788986,11027,1449987,6897900
2562,550,555,788436,11022,1450542,6546800
2563,564,559,787872,11027,1451101,6505400
2564,543,561,787329,11009,1451662,6778900
2565,528,497,786801,11040,1452159,6382000
2566,548,533,786253,11055,1452692,6410600
2567,539,559,785714,11035,1453251,6461300
2568,508,534,785206,11009,1453785,6455800
2569,547,585,784659,10971,1454370,6623200
2570,556,552,784103,10975,1454922,6435000
2571,515,510,783588,10980,1455432,6510700
2572,539,520,783049,10999,1455952,6411100
2573,564,531,782485,11032,1456483,6410100
2574,529,582,781956,10979,1457065,6408500
2575,570,527,781386,11022,1457592,6379100
2576,573,547,780813,11048,1458139,6392500
2577,572,524,780241,11096,1458663,6378800
2578,532,591,779709,11037,1459254,6497200
2579,535,588,779174,10984,1459842,6421800
2580,553,581,778621,10956,1460423,6570100
2581,557,547,778064,10966,1460970,6406300
2582,552,534,777512,10984,1461504,6375000
2583,537,572,776975,10949,1462076,6515500
2584,538,554,776437,10933,1462630,6359400
2585,568,547,775869,10954,1463177,6469600
2586,530,560,775339,10924,1463737,6435500
2587,525,516,774814,10933,1464253,6381500
2588,563,524,774251,10972,1464777,6682900
2589,538,581,773713,10929,1465358,6411900
2590,569,561,773144,10937,1465919,6793100
2591,547,580,772597,10904,1466499,6488400
2592,544,516,772053,10932,1467015,6441800
2593,575,541,771478,10966,1467556,6390000
2594,553,548,770925,10971,1468104,6379600
2595,566,589,770359,10948,1468693,6468800
2596,547,523,769812,10972,1469216,6335900
2597,552,523,769260,11001,1469739,6407900
2598,562,530,768698,11033,1470269,6372500
2599,567,557,768131,11043,1470826,6363800
2600,570,541,767561,11072,1471367,6765400
2601,560,569,767001,11063,1471936,6436800
2602,526,531,766475,11058,1472467,6490000
2603,560,566,765915,11052,1473033,6413800
2604,579,527,765336,11104,1473560,6506500
2605,568,589,764768,11083,1474149,7002000
2606,578,579,764190,11082,1474728,6373300
2607,562,565,763628,11079,1475293,6423700
2608,581,541,763047,11119,1475834,6333900
2609,523,567,762524,11075,1476401,6633700
2610,538,555,761986,11058,1476956,6495400
2611,539,559,761447,11038,1477515,6445400
2612,526,528,760921,11036,1478043,6437000
2613,526,549,760395,11013,1478592,6341400
2614,554,552,759841,11015,1479144,6455800
2615,517,546,759324,10986,1479690,6381300
2616,562,537,758762,11011,1480227,6334400
2617,510,530,758252,10991,1480757,7231200
2618,562,578,757690,10975,1481335,6562700
2619,524,520,757166,10979,1481855,6437700
2620,522,557,756644,10944,1482412,6472800
2621,553,497,756091,11000,1482909,6484100
2622,552,589,755539,10963,1483498,6512400
2623,536,590,755003,10909,1484088,6561000
2624,509,500,754494,10918,1484588,6598000
2625,544,528,753950,10934,1485116,6588800
2626,542,561,753408,10915,1485677,6781100
2627,554,567,752854,10902,1486244,6683200
2628,487,562,752367,10827,1486806,6928800
2629,553,536,751814,10844,1487342,6994300
2630,530,548,751284,10826,1487890,6682500
2631,541,548,750743,10819,1488438,6770400
2632,553,564,750190,10808,1489002,6690900
2633,530,563,749660,10775,1489565,6702600
2634,537,546,749123,10766,1490111,6653000
2635,528,536,748595,10758,1490647,6573800
2636,536,519,748059,10775,1491166,6627500
2637,522,532,747537,10765,1491698,6796800
2638,521,539,747016,10747,1492237,6701400
2639,516,535,746500,10728,1492772,6555700
2640,536,519,745964,10745,1493291,6615000
2641,517,533,745447,10729,1493824,6606500
2642,523,506,744924,10746,1494330,6652800
2643,561,517,744363,10790,1494847,6597300
2644,534,551,743829,10773,1495398,6553000
2645,541,529,743288,10785,1495927,6676300
2646,509,533,742779,10761,1496460,6546100
2647,516,553,742263,10724,1497013,6642000
2648,550,569,741713,10705,1497582,6579400
2649,508,563,741205,10650,1498145,6871600
2650,524,551,740681,10623,1498696,6918900
2651,501,568,740180,10556,1499264,6384100
2652,455,539,739725,10472,1499803,6478100
2653,504,534,739221,10442,1500337,6374400
2654,492,483,738729,10451,1500820,6352500
2655,515,525,738214,10441,1501345,6358300
2656,503,564,737711,10380,1501909,6353000
2657,485,513,737226,10352,1502422,7188700
2658,472,536,736754,10288,1502958,6526800
2659,541,498,736213,10331,1503456,6652400
2660,509,547,735704,10293,1504003,6582200
2661,508,566,735196,10235,1504569,6831200
2662,497,519,734699,10213,1505088,6430100
2663,537,522,734162,10228,1505610,6312000
2664,481,522,733681,10187,1506132,6421100
2665,545,492,733136,10240,1506624,6324900
2666,505,522,732631,10223,1507146,6709900
2667,506,498,732125,10231,1507644,6822400
2668,483,521,731642,10193,1508165,6396600
2669,547,514,731095,10226,1508679,7116500
2670,499,539,730596,10186,1509218,6374400
2671,506,460,730090,10232,1509678,6436600
2672,544,521,729546,10255,1510199,6361500
2673,482,488,729064,10249,1510687,6368100
2674,517,503,728547,10263,1511190,6324900
2675,504,521,728043,10246,1511711,6332600
2676,488,545,727555,10189,1512256,6533600
2677,528,489,727027,10228,1512745,6524300
2678,535,487,726492,10276,1513232,6533800
2679,470,480,726022,10266,1513712,6505900
2680,497,456,725525,10307,1514168,6414500
2681,493,515,725032,10285,1514683,6614000
2682,514,500,724518,10299,1515183,6424700
2683,470,477,724048,10292,1515660,6770200
2684,517,546,723531,10263,1516206,6583500
2685,479,480,723052,10262,1516686,6377300
2686,472,529,722580,10205,1517215,6600200
2687,515,519,722065,10201,1517734,6551200
2688,466,472,721599,10195,1518206,6632600
2689,489,525,721110,10159,1518731,6728100
2690,468,532,720642,10095,1519263,6532500
2691,501,508,720141,10088,1519771,6489100
2692,495,509,719646,10074,1520280,6354300
2693,507,539,719139,10042,1520819,6461200
2694,546,489,718593,10099,1521308,6313700
2695,461,504,718132,10056,1521812,6330400
2696,490,512,717642,10034,1522324,6337700
2697,506,499,717136,10041,1522823,6284200
2698,493,526,716643,10008,1523349,6555700
2699,489,515,716154,9982,1523864,6280900
2700,523,494,715631,10011,1524358,6313600
2701,484,490,715147,10005,1524848,6290100
2702,528,478,714619,10055,1525326,6380900
2703,525,534,714094,10046,1525860,6565400
2704,504,508,713590,10042,1526368,6328100
2705,449,518,713141,9973,1526886,6340600
2706,485,489,712656,9969,1527375,6272200
2707,495,487,712161,9977,1527862,6346300
2708,510,465,711651,10022,1528327,6417600
2709,509,528,711142,10003,1528855,6275800
2710,479,529,710663,9953,1529384,6321200
2711,497,475,710166,9975,1529859,6276400
2712,512,497,709654,9990,1530356,6410800
2713,501,519,709153,9972,1530875,6439200
2714,480,476,708673,9976,1531351,6339700
2715,503,486,708170,9993,1531837,6375000
2716,492,524,707678,9961,1532361,6289900
2717,536,483,707142,10014,1532844,6263700
2718,496,496,706646,10014,1533340,6361600
2719,488,474,706158,10028,1533814,6308300
2720,499,544,705659,9983,1534358,6694700
2721,478,527,705181,9934,1534885,6944200
2722,533,482,704648,9985,1535367,6363200
2723,514,494,704134,10005,1535861,6421700
2724,491,507,703643,9989,1536368,6346200
2725,541,500,703102,10030,1536868,6352000
2726,557,520,702545,10067,1537388,6299700
2727,475,513,702070,10029,1537901,6432400
2728,528,540,701542,10017,1538441,6698000
2729,514,486,701028,10045,1538927,6255500
2730,517,467,700511,10095,1539394,6483000
2731,531,498,699980,10128,1539892,6313200
2732,528,500,699452,10156,1540392,7059300
2733,523,484,698929,10195,1540876,6454800
2734,505,524,698424,10176,1541400,6353700
2735,512,508,697912,10180,1541908,6406100
2736,486,464,697426,10202,1542372,6306900
2737,521,534,696905,10189,1542906,6326600
2738,515,474,696390,10230,1543380,6321000
2739,491,519,695899,10202,1543899,6268900
2740,503,519,695396,10186,1544418,6457900
2741,455,515,694941,10126,1544933,6304400
2742,509,505,694432,10130,1545438,6335200
2743,492,496,693940,10126,1545934,6357200
2744,486,496,693454,10116,1546430,6428700
2745,453,539,693001,10030,1546969,6320400
2746,510,500,692491,10040,1547469,6310600
2747,441,470,692050,10011,1547939,6381500
2748,493,480,691557,10024,1548419,6249200
2749,470,461,691087,10033,1548880,6338900
2750,493,496,690594,10030,1549376,6257100
2751,481,485,690113,10026,1549861,6272100
2752,498,507,689615,10017,1550368,6357800
2753,491,534,689124,9974,1550902,6261900
2754,488,497,688636,9965,1551399,7062400
2755,455,498,688181,9922,1551897,6601600
2756,518,489,687663,9951,1552386,6365400
2757,500,472,687163,9979,1552858,6276900
2758,485,507,686678,9957,1553365,6308500
2759,447,499,686231,9905,1553864,6296200
2760,538,533,685693,9910,1554397,6264900
2761,479,475,685214,9914,1554872,6931800
2762,473,516,684741,9871,1555388,6254500
2763,546,511,684195,9906,1555899,6335800
2764,484,514,683711,9876,1556413,6455600
2765,512,478,683199,9910,1556891,6323700
2766,460,466,682739,9904,1557357,6333900
2767,518,498,682221,9924,1557855,6267900
2768,488,490,681733,9922,1558345,6309600
2769,531,462,681202,9991,1558807,6273700
2770,507,514,680695,9984,1559321,6261300
2771,528,496,680167,10016,1559817,6339800
2772,483,501,679684,9998,1560318,6407700
2773,475,475,679209,9998,1560793,6502800
2774,503,537,678706,9964,1561330,6367500
2775,498,533,678208,9929,1561863,6776800
2776,492,469,677716,9952,1562332,6296800
2777,475,471,677241,9956,1562803,6311700
2778,550,484,676691,10022,1563287,6404500
2779,462,477,676229,10007,1563764,6318600
2780,479,514,675750,9972,1564278,6572400
2781,496,501,675254,9967,1564779,6385400
2782,508,515,674746,9960,1565294,6393900
2783,518,487,674228,9991,1565781,6882600
2784,542,485,673686,10048,1566266,6481900
2785,500,500,673186,10048,1566766,6484700
2786,505,475,672681,10078,1567241,6443800
2787,517,520,672164,10075,1567761,6466000
2788,479,509,671685,10045,1568270,7222000
2789,515,491,671170,10069,1568761,6414500
2790,494,512,670676,10051,1569273,6521400
2791,501,499,670175,10053,1569772,6310700
2792,486,509,669689,10030,1570281,6785400
2793,475,532,669214,9973,1570813,6604700
2794,497,554,668717,9916,1571367,6363400
2795,473,500,668244,9889,1571867,6476300
2796,489,478,667755,9900,1572345,6374100
2797,476,449,667279,9927,1572794,6697000
2798,453,493,666826,9887,1573287,6646400
2799,464,528,666362,9823,1573815,6452300
2800,511,460,665851,9874,1574275,6474400
2801,463,465,665388,9872,1574740,6465900
2802,505,489,664883,9888,1575229,6809300
2803,486,515,664397,9859,1575744,6668100
2804,474,481,663923,9852,1576225,6505900
2805,458,464,663465,9846,1576689,6891200
2806,503,485,662962,9864,1577174,6617800
2807,474,483,662488,9855,1577657,6908900
2808,478,501,662010,9832,1578158,6619600
2809,478,553,661532,9757,1578711,6623800
2810,512,474,661020,9795,1579185,6942300
2811,456,454,660564,9797,1579639,6803800
2812,489,474,660075,9812,1580113,6605600
2813,494,483,659581,9823,1580596,6597400
2814,463,504,659118,9782,1581100,6615700
2815,497,457,658621,9822,1581557,6610400
2816,468,522,658153,9768,1582079,6682300
2817,476,463,657677,9781,1582542,6734800
2818,513,481,657164,9813,1583023,6733900
2819,470,484,656694,9799,1583507,6752100
2820,459,493,656235,9765,1584000,7319700
2821,494,490,655741,9769,1584490,6818600
2822,479,424,655262,9824,1584914,6777400
2823,493,506,654769,9811,1585420,6875200
2824,485,495,654284,9801,1585915,6608400
2825,462,465,653822,9798,1586380,6559400
2826,494,485,653328,9807,1586865,6507900
2827,477,491,652851,9793,1587356,6539100
2828,498,462,652353,9829,1587818,6490500
2829,455,491,651898,9793,1588309,6619900
2830,467,496,651431,9764,1588805,6605600
2831,446,468,650985,9742,1589273,6690500
2832,464,473,650521,9733,1589746,6633800
2833,465,489,650056,9709,1590235,6657900
2834,441,489,649615,9661,1590724,6439300
2835,463,489,649152,9635,1591213,6328900
2836,447,478,648705,9604,1591691,6291100
2837,460,494,648245,9570,1592185,6343900
2838,451,524,647794,9497,1592709,6302600
2839,436,474,647358,9459,1593183,6308700
2840,441,466,646917,9434,1593649,6528900
2841,427,506,646490,9355,1594155,6550100
2842,468,449,646022,9374,1594604,6575000
2843,426,481,645596,9319,1595085,6628400
2844,477,470,645119,9326,1595555,6522800
2845,449,443,644670,9332,1595998,6500200
2846,467,420,644203,9379,1596418,6372400
2847,450,499,643753,9330,1596917,6416600
2848,440,454,643313,9316,1597371,6301000
2849,491,439,642822,9368,1597810,6311500
2850,434,480,642388,9322,1598290,6397900
2851,466,481,641922,9307,1598771,6381500
2852,500,458,641422,9349,1599229,6622500
2853,489,454,640933,9384,1599683,6447800
2854,448,472,640485,9360,1600155,6686500
2855,496,516,639989,9340,1600671,6945000
2856,478,418,639511,9400,1601089,6675800
2857,459,466,639052,9393,1601555,6499200
2858,481,470,638571,9404,1602025,6437300
2859,503,480,638068,9427,1602505,6569600
2860,450,531,637618,9346,1603036,6375500
2861,459,428,637159,9377,1603464,6358200
2862,469,511,636690,9335,1603975,6393600
2863,490,468,636200,9357,1604443,6516500
2864,493,465,635707,9385,1604908,6319100
2865,492,527,635215,9350,1605435,6328000
2866,427,521,634788,9256,1605956,6438700
2867,428,449,634360,9235,1606405,6329900
2868,436,458,633924,9213,1606863,6495900
2869,457,438,633467,9232,1607301,6487400
2870,460,438,633007,9254,1607739,6473200
2871,472,461,632535,9265,1608200,6906100
2872,463,450,632072,9278,1608650,6373700
2873,476,443,631596,9311,1609093,6431700
2874,476,486,631120,9301,1609579,6443000
2875,471,465,630649,9307,1610044,6459700
2876,466,478,630183,9295,1610522,6547800
2877,465,472,629718,9288,1610994,6445900
2878,496,445,629222,9339,1611439,6432000
2879,472,469,628750,9342,1611908,6384700
2880,458,426,628292,9374,1612334,6526900
2881,440,484,627852,9330,1612818,6787200
2882,436,469,627416,9297,1613287,6514900
2883,475,463,626941,9309,1613750,6828600
2884,446,437,626495,9318,1614187,6387600
2885,445,472,626050,9291,1614659,6487700
2886,468,476,625582,9283,1615135,6521800
2887,487,455,625095,9315,1615590,6510900
2888,429,478,624666,9266,1616068,6824100
2889,466,474,624200,9258,1616542,6460100
2890,427,424,623773,9261,1616966,6407000
2891,437,485,623336,9213,1617451,6497200
2892,442,438,622894,9217,1617889,6413500
2893,418,474,622476,9161,1618363,6400700
2894,466,462,622010,9165,1618825,6320800
2895,466,435,621544,9196,1619260,6304900
2896,434,467,621110,9163,1619727,6323600
2897,459,474,620651,9148,1620201,6308400
2898,437,472,620214,9113,1620673,6274800
2899,392,447,619822,9058,1621120,6194000
2900,474,448,619348,9084,1621568,6264400
2901,434,473,618914,9045,1622041,6244400
2902,468,429,618446,9084,1622470,6448900
2903,388,461,618058,9011,1622931,6683500
2904,459,457,617599,9013,1623388,6199600
2905,437,454,617162,8996,1623842,6353300
2906,465,435,616697,9026,1624277,6252000
2907,487,441,616210,9072,1624718,6364600
2908,463,433,615747,9102,1625151,6286600
2909,496,483,615251,9115,1625634,6246300
2910,439,428,614812,9126,1626062,6412300
2911,445,441,614367,9130,1626503,6257700
2912,425,480,613942,9075,1626983,6302500
2913,435,413,613507,9097,1627396,6253100
2914,417,470,613090,9044,1627866,6213200
2915,415,472,612675,8987,1628338,6370100
2916,416,450,612259,8953,1628788,6231100
2917,440,470,611819,8923,1629258,6569300
2918,461,471,611358,8913,1629729,6648700
2919,447,459,610911,8901,1630188,6313700
2920,445,457,610466,8889,1630645,6303400
2921,418,436,610048,8871,1631081,6225200
2922,435,480,609613,8826,1631561,6398600
2923,458,423,609155,8861,1631984,6247000
2924,447,455,608708,8853,1632439,6284800
2925,457,427,608251,8883,1632866,6277600
2926,423,440,607828,8866,1633306,6230200
2927,470,475,607358,8861,1633781,6316800
2928,449,434,606909,8876,1634215,6341500
2929,493,457,606416,8912,1634672,6326700
2930,472,419,605944,8965,1635091,6300200
2931,441,446,605503,8960,1635537,6260600
2932,456,436,605047,8980,1635973,6293100
2933,430,420,604617,8990,1636393,6245200
2934,451,438,604166,9003,1636831,6348500
2935,438,470,603728,8971,1637301,6339100
2936,452,467,603276,8956,1637768,6327500
2937,454,451,602822,8959,1638219,6454500
2938,459,485,602363,8933,1638704,6443700
2939,458,462,601905,8929,1639166,6475800
2940,438,439,601467,8928,1639605,6361300
2941,456,443,601011,8941,1640048,6338400
2942,447,446,600564,8942,1640494,6362200
2943,478,450,600086,8970,1640944,6293400
2944,459,424,599627,9005,1641368,6306600
2945,481,449,599146,9037,1641817,6246500
2946,440,459,598706,9018,1642276,6239700
2947,452,468,598254,9002,1642744,6313400
2948,454,438,597800,9018,1643182,6290200
2949,456,419,597344,9055,1643601,6387000
2950,440,461,596904,9034,1644062,6296000
2951,449,459,596455,9024,1644521,6331300
2952,465,408,595990,9081,1644929,6516200
2953,402,460,595588,9023,1645389,6365000
2954,457,458,595131,9022,1645847,6407500
2955,462,478,594669,9006,1646325,6470400
2956,460,450,594209,9016,1646775,6612700
2957,458,465,593751,9009,1647240,7246200
2958,444,460,593307,8993,1647700,6488900
2959,475,474,592832,8994,1648174,6500700
2960,431,434,592401,8991,1648608,6420200
2961,441,442,591960,8990,1649050,6602300
2962,454,474,591506,8970,1649524,6632000
2963,457,448,591049,8979,1649972,6436400
2964,459,431,590590,9007,1650403,6500900
2965,470,422,590120,9055,1650825,6429700
2966,497,423,589623,9129,1651248,6962600
2967,478,431,589145,9176,1651679,6575200
2968,453,463,588692,9166,1652142,6577300
2969,448,463,588244,9151,1652605,6514600
2970,463,491,587781,9123,1653096,6716100
2971,447,465,587334,9105,1653561,6521300
2972,457,459,586877,9103,1654020,6588700
2973,516,526,586361,9093,1654546,6678600
2974,414,555,585947,8952,1655101,6543600
2975,477,478,585470,8951,1655579,7037200
2976,425,449,585045,8927,1656028,6934700
2977,462,463,584583,8926,1656491,6759200
2978,474,447,584109,8953,1656938,6731700
2979,466,493,583643,8926,1657431,6660600
2980,474,485,583169,8915,1657916,7076300
2981,446,413,582723,8948,1658329,6398800
2982,446,438,582277,8956,1658767,6953200
2983,441,427,581836,8970,1659194,6340200
2984,467,471,581369,8966,1659665,6305900
2985,477,436,580892,9007,1660101,6228200
2986,473,459,580419,9021,1660560,6236800
2987,410,459,580009,8972,1661019,6705400
2988,469,436,579540,9005,1661455,6393100
2989,449,484,579091,8970,1661939,7099900
2990,463,468,578628,8965,1662407,6778300
2991,449,443,578179,8971,1662850,6698500
2992,454,447,577725,8978,1663297,6491000
2993,417,419,577308,8976,1663716,6509800
2994,500,456,576808,9020,1664172,7295000
2995,472,435,576336,9057,1664607,7265000
2996,451,508,575885,9000,1665115,7318400
2997,456,454,575429,9002,1665569,7071500
2998,467,453,574962,9016,1666022,6941500
2999,475,450,574487,9041,1666472,6758500
3000,463,458,574024,9046,1666930,6577500
3001,447,453,573577,9040,1667383,6437900
3002,420,451,573157,9009,1667834,6556800
3003,478,459,572679,9028,1668293,6469700
3004,449,471,572230,9006,1668764,6436100
3005,400,451,571830,8955,1669215,6451300
3006,436,432,571394,8959,1669647,6411700
3007,473,424,570921,9008,1670071,6439900
3008,486,424,570435,9070,1670495,6526600
3009,443,442,569992,9071,1670937,6671200
3010,480,439,569512,9112,1671376,6899300
3011,485,457,569027,9140,1671833,6611200
3012,475,432,568552,9183,1672265,6751400
3013,451,445,568101,9189,1672710,6582800
3014,485,475,567616,9199,1673185,6545900
3015,441,469,567175,9171,1673654,6569300
3016,433,487,566742,9117,1674141,6612500
3017,454,400,566288,9171,1674541,7070400
3018,438,455,565850,9154,1674996,6458800
3019,428,475,565422,9107,1675471,6990800
3020,441,408,564981,9140,1675879,6602000
3021,423,445,564558,9118,1676324,6330300
3022,425,405,564133,9138,1676729,6401500
3023,440,474,563693,9104,1677203,6311300
3024,416,431,563277,9089,1677634,6298100
3025,423,467,562854,9045,1678101,6343400
3026,428,444,562426,9029,1678545,6329000
3027,432,467,561994,8994,1679012,6376000
3028,441,428,561553,9007,1679440,6347400
3029,405,426,561148,8986,1679866,6414700
3030,431,464,560717,8953,1680330,6577900
3031,384,425,560333,8912,1680755,6424300
3032,414,451,559919,8875,1681206,6452600
3033,423,453,559496,8845,1681659,6424100
3034,432,475,559064,8802,1682134,6446800
3035,439,466,558625,8775,1682600,6328600
3036,461,462,558164,8774,1683062,6291600
3037,408,440,557756,8742,1683502,6360500
3038,437,416,557319,8763,1683918,6242400
3039,417,459,556902,8721,1684377,7022700
3040,442,437,556460,8726,1684814,6371300
3041,422,416,556038,8732,1685230,6620800
3042,432,437,555606,8727,1685667,6706600
3043,439,414,555167,8752,1686081,6367300
3044,453,441,554714,8764,1686522,6383900
3045,490,447,554224,8807,1686969,6557100
3046,433,434,553791,8806,1687403,6917500
3047,438,417,553353,8827,1687820,6478000
3048,441,415,552912,8853,1688235,6347700
3049,425,463,552487,8815,1688698,6334300
3050,434,456,552053,8793,1689154,6361300
3051,445,432,551608,8806,1689586,6689400
3052,437,405,551171,8838,1689991,6389400
3053,446,452,550725,8832,1690443,6470100
3054,443,468,550282,8807,1690911,6337000
3055,452,432,549830,8827,1691343,6269200
3056,447,444,549383,8830,1691787,6301500
3057,425,410,548958,8845,1692197,6366200
3058,441,442,548517,8844,1692639,6295600
3059,452,461,548065,8835,1693100,6249000
3060,443,422,547622,8856,1693522,6300200
3061,455,402,547167,8909,1693924,6524700
3062,422,442,546745,8889,1694366,6346100
3063,467,438,546278,8918,1694804,6799000
3064,446,430,545832,8934,1695234,6458700
3065,442,418,545390,8958,1695652,6306000
3066,452,461,544938,8949,1696113,6422000
3067,413,451,544525,8911,1696564,6344900
3068,437,430,544088,8918,1696994,6327100
3069,459,460,543629,8917,1697454,6302600
3070,456,413,543173,8960,1697867,6261300
3071,433,444,542740,8949,1698311,6422900
3072,438,460,542302,8927,1698771,6350500
3073,452,442,541850,8937,1699213,6348600
3074,455,463,541395,8929,1699676,6301800
3075,464,452,540931,8941,1700128,6259300
3076,446,424,540485,8963,1700552,7800800
3077,448,482,540037,8929,1701034,6640800
3078,467,418,539570,8978,1701452,6733300
3079,391,477,539179,8892,1701929,6488300
3080,436,434,538743,8894,1702363,6419700
3081,429,419,538314,8904,1702782,6330600
3082,444,468,537870,8880,1703250,6299800
3083,416,422,537454,8874,1703672,6921800
3084,435,417,537019,8892,1704089,6354800
3085,437,407,536582,8922,1704496,6699100
3086,420,455,536162,8887,1704951,6525500
3087,457,434,535705,8910,1705385,6573000
3088,479,473,535226,8916,1705858,6674300
3089,449,448,534777,8917,1706306,6607000
3090,434,458,534343,8893,1706764,6733400
3091,441,447,533902,8887,1707211,6620800
3092,440,455,533462,8872,1707666,6858000
3093,412,469,533050,8815,1708135,6874100
3094,445,442,532605,8818,1708577,6891900
3095,426,455,532179,8789,1709032,7338500
3096,434,461,531745,8762,1709493,6695300
3097,445,450,531300,8757,1709943,6597200
3098,463,396,530837,8824,1710339,6721900
3099,452,430,530385,8846,1710769,6957200
3100,418,463,529967,8801,1711232,6574400
3101,456,474,529511,8783,1711706,6834700
3102,425,416,529086,8792,1712122,6527900
3103,446,451,528640,8787,1712573,6877800
3104,440,449,528200,8778,1713022,6550100
3105,395,432,527805,8741,1713454,6681900
3106,459,461,527346,8739,1713915,6698400
3107,487,449,526859,8777,1714364,6565800
3108,437,445,526422,8769,1714809,6842200
3109,437,429,525985,8777,1715238,6449500
3110,442,468,525543,8751,1715706,6637400
3111,415,418,525128,8748,1716124,6439300
3112,433,458,524695,8723,1716582,6484300
3113,437,455,524258,8705,1717037,6520100
3114,429,414,523829,8720,1717451,6397000
3115,415,461,523414,8674,1717912,6688800
3116,458,441,522956,8691,1718353,6430400
3117,413,452,522543,8652,1718805,6532300
3118,459,417,522084,8694,1719222,6454200
3119,412,420,521672,8686,1719642,6518600
3120,397,440,521275,8643,1720082,6509700
3121,424,451,520851,8616,1720533,6512900
3122,422,447,520429,8591,1720980,6802900
3123,431,437,519998,8585,1721417,6580400
3124,419,451,519579,8553,1721868,6604900
3125,463,441,519116,8575,1722309,6556700
3126,429,412,518687,8592,1722721,6607500
3127,436,408,518251,8620,1723129,6681800
3128,426,473,517825,8573,1723602,6586000
3129,359,437,517466,8495,1724039,6640700
3130,432,427,517034,8500,1724466,6568100
3131,425,420,516609,8505,1724886,6574000
3132,433,436,516176,8502,1725322,6729200
3133,438,407,515738,8533,1725729,6817000
3134,423,384,515315,8572,1726113,6867700
3135,395,442,514920,8525,1726555,8269300
3136,464,415,514456,8574,1726970,6897700
3137,427,464,514029,8537,1727434,6508200
3138,422,395,513607,8564,1727829,6742500
3139,423,423,513184,8564,1728252,6502900
3140,401,440,512783,8525,1728692,6541400
3141,444,418,512339,8551,1729110,6685000
3142,427,445,511912,8533,1729555,6635500
3143,426,472,511486,8487,1730027,6632200
3144,411,408,511075,8490,1730435,6491700
3145,427,410,510648,8507,1730845,6489000
3146,395,434,510253,8468,1731279,6615700
3147,404,453,509849,8419,1731732,6559000
3148,395,448,509454,8366,1732180,6552500
3149,412,408,509042,8370,1732588,6482200
3150,455,423,508587,8402,1733011,6838700
3151,400,425,508187,8377,1733436,6441300
3152,411,413,507776,8375,1733849,6415700
3153,388,450,507388,8313,1734299,6373500
3154,383,428,507005,8268,1734727,6390500
3155,409,399,506596,8278,1735126,6721000
3156,381,421,506215,8238,1735547,6332300
3157,384,424,505831,8198,1735971,6677200
3158,376,393,505455,8181,1736364,6405500
3159,397,419,505058,8159,1736783,6294300
3160,400,372,504658,8187,1737155,6376000
3161,396,407,504262,8176,1737562,6314100
3162,369,437,503893,8108,1737999,6524100
3163,368,429,503525,8047,1738428,6312400
3164,413,404,503112,8056,1738832,6799100
3165,350,391,502762,8015,1739223,6355000
3166,376,402,502386,7989,1739625,6287600
3167,379,419,502007,7949,1740044,6338900
3168,391,398,501616,7942,1740442,6184400
3169,393,396,501223,7939,1740838,6338000
3170,379,384,500844,7934,1741222,6268400
3171,366,415,500478,7885,1741637,6256700
3172,379,364,500099,7900,1742001,6532600
3173,384,368,499715,7916,1742369,6745800
3174,358,373,499357,7901,1742742,6455300
3175,395,406,498962,7890,1743148,6390700
3176,372,385,498590,7877,1743533,6583000
3177,420,402,498170,7895,1743935,6583000
3178,377,411,497793,7861,1744346,6454500
3179,382,394,497411,7849,1744740,6432700
3180,388,393,497023,7844,1745133,6490400
3181,375,423,496648,7796,1745556,6352500
3182,390,379,496258,7807,1745935,6392200
3183,400,374,495858,7833,1746309,6423700
3184,410,386,495448,7857,1746695,6672400
3185,409,372,495039,7894,1747067,6482500
3186,385,385,494654,7894,1747452,6450000
3187,345,369,494309,7870,1747821,6490700
3188,366,380,493943,7856,1748201,6713900
3189,373,415,493570,7814,1748616,6645100
3190,401,392,493169,7823,1749008,6504400
3191,398,425,492771,7796,1749433,7013600
3192,363,392,492408,7767,1749825,6896700
3193,402,399,492006,7770,1750224,6884700
3194,379,387,491627,7762,1750611,6903200
3195,387,396,491240,7753,1751007,6731500
3196,387,391,490853,7749,1751398,6863500
3197,386,377,490467,7758,1751775,6485200
3198,395,391,490072,7762,1752166,6728100
3199,386,398,489686,7750,1752564,6506400
3200,381,372,489305,7759,1752936,6534400
3201,427,382,488878,7804,1753318,6584500
3202,381,360,488497,7825,1753678,6398100
3203,450,415,488047,7860,1754093,6679100
3204,395,401,487652,7854,1754494,6318200
3205,401,373,487251,7882,1754867,6267400
3206,413,382,486838,7913,1755249,6333000
3207,403,401,486435,7915,1755650,6267800
3208,403,398,486032,7920,1756048,6460600
3209,427,369,485605,7978,1756417,6220600
3210,370,405,485235,7943,1756822,6215500
3211,383,410,484852,7916,1757232,6154600
3212,380,393,484472,7903,1757625,6226300
3213,382,386,484090,7899,1758011,7012400
3214,442,397,483648,7944,1758408,6260000
3215,436,387,483212,7993,1758795,6828700
3216,432,431,482780,7994,1759226,6354900
3217,408,440,482372,7962,1759666,6500600
3218,450,386,481922,8026,1760052,6749900
3219,415,388,481507,8053,1760440,6423600
3220,397,390,481110,8060,1760830,6462000
3221,426,394,480684,8092,1761224,6346300
3222,423,404,480261,8111,1761628,6422000
3223,416,428,479845,8099,1762056,6844100
3224,428,398,479417,8129,1762454,6487900
3225,435,394,478982,8170,1762848,6450500
3226,394,416,478588,8148,1763264,6331900
3227,429,411,478159,8166,1763675,6884000
3228,361,355,477798,8172,1764030,6364800
3229,418,430,477380,8160,1764460,6276800
3230,404,440,476976,8124,1764900,6192600
3231,395,393,476581,8126,1765293,6200600
3232,406,417,476175,8115,1765710,7419300
3233,392,377,475783,8130,1766087,6333000
3234,382,418,475401,8094,1766505,6220200
3235,396,393,475005,8097,1766898,6182000
3236,412,402,474593,8107,1767300,6164800
3237,386,407,474207,8086,1767707,6321900
3238,398,402,473809,8082,1768109,6527900
3239,390,365,473419,8107,1768474,6361400
3240,383,421,473036,8069,1768895,6297800
3241,384,419,472652,8034,1769314,6261900
3242,371,407,472281,7998,1769721,6914500
3243,407,402,471874,8003,1770123,6508300
3244,416,372,471458,8047,1770495,6320600
3245,376,408,471082,8015,1770903,6291300
3246,425,389,470657,8051,1771292,6239100
3247,396,388,470261,8059,1771680,6341800
3248,375,402,469886,8032,1772082,6217500
3249,379,391,469507,8020,1772473,6153500
3250,403,384,469104,8039,1772857,6164100
3251,351,416,468753,7974,1773273,6274600
3252,417,426,468336,7965,1773699,6348000
3253,391,427,467945,7929,1774126,6289300
3254,387,399,467558,7917,1774525,6542300
3255,393,375,467165,7935,1774900,6304600
3256,380,353,466785,7962,1775253,6299800
3257,401,432,466384,7931,1775685,6437500
3258,386,374,465998,7943,1776059,6282500
3259,388,400,465610,7931,1776459,6422100
3260,383,416,465227,7898,1776875,6340300
3261,401,389,464826,7910,1777264,6806800
3262,403,400,464423,7913,1777664,6768400
3263,373,451,464050,7835,1778115,6361200
3264,414,405,463636,7844,1778520,6471400
3265,370,397,463266,7817,1778917,6268900
3266,374,417,462892,7774,1779334,6346700
3267,399,371,462493,7802,1779705,6251500
3268,419,410,462074,7811,1780115,6200900
3269,386,419,461688,7778,1780534,6989100
3270,388,374,461300,7792,1780908,6246200
3271,403,376,460897,7819,1781284,6885100
3272,383,377,460514,7825,1781661,6302900
3273,415,388,460099,7852,1782049,6227600
3274,392,410,459707,7834,1782459,6232400
3275,395,391,459312,7838,1782850,6214600
3276,414,389,458898,7863,1783239,6243600
3277,417,386,458481,7894,1783625,6163400
3278,404,424,458077,7874,1784049,6178400
3279,426,388,457651,7912,1784437,6265800
3280,407,409,457244,7910,1784846,6229800
3281,432,394,456812,7948,1785240,6238800
3282,401,441,456411,7908,1785681,6158400
3283,397,392,456014,7913,1786073,6138200
3284,411,385,455603,7939,1786458,6270400
3285,410,372,455193,7977,1786830,6198700
3286,391,362,454802,8006,1787192,6194100
3287,383,401,454419,7988,1787593,6268900
3288,381,407,454038,7962,1788000,6237600
3289,384,377,453654,7969,1788377,6850000
3290,428,394,453226,8003,1788771,6318400
3291,394,397,452832,8000,1789168,6291400
3292,394,384,452438,8010,1789552,6462100
3293,439,417,451999,8032,1789969,6439300
3294,371,389,451628,8014,1790358,6353100
3295,398,411,451230,8001,1790769,6432100
3296,392,391,450838,8002,1791160,6435300
3297,406,402,450432,8006,1791562,6389400
3298,399,416,450033,7989,1791978,6425600
3299,374,445,449659,7918,1792423,6340700
3300,364,368,449295,7914,1792791,6214900
3301,415,341,448880,7988,1793132,6880100
3302,396,402,448484,7982,1793534,6456300
3303,381,406,448103,7957,1793940,7559200
3304,393,385,447710,7965,1794325,6787500
3305,394,411,447316,7948,1794736,6792400
3306,408,423,446908,7933,1795159,6707900
3307,416,405,446492,7944,1795564,6358400
3308,399,425,446093,7918,1795989,6613000
3309,381,413,445712,7886,1796402,6396100
3310,419,383,445293,7922,1796785,6842000
3311,406,387,444887,7941,1797172,6317300
3312,405,389,444482,7957,1797561,6178200
3313,427,429,444055,7955,1797990,6745700
3314,401,412,443654,7944,1798402,6186900
3315,374,399,443280,7919,1798801,6269600
3316,376,403,442904,7892,1799204,6245300
3317,369,416,442535,7845,1799620,6410200
3318,383,369,442152,7859,1799989,6245800
3319,394,388,441758,7865,1800377,6310600
3320,378,380,441380,7863,1800757,6958400
3321,396,377,440984,7882,1801134,6194700
3322,403,363,440581,7922,1801497,7122700
3323,352,385,440229,7889,1801882,6338500
3324,396,385,439833,7900,1802267,6256200
3325,397,437,439436,7860,1802704,6206000
3326,377,378,439059,7859,1803082,6218800
3327,409,419,438650,7849,1803501,6697800
3328,397,394,438253,7852,1803895,6924700
3329,370,372,437883,7850,1804267,6803000
3330,382,379,437501,7853,1804646,6965100
3331,383,360,437118,7876,1805006,6318900
3332,370,423,436748,7823,1805429,6487400
3333,363,396,436385,7790,1805825,6266200
3334,372,418,436013,7744,1806243,6253100
3335,382,428,435631,7698,1806671,6309500
3336,356,376,435275,7678,1807047,6301500
3337,360,393,434915,7645,1807440,6384100
3338,397,360,434518,7682,1807800,6324800
3339,367,388,434151,7661,1808188,6439500
3340,390,379,433761,7672,1808567,6425500
3341,377,390,433384,7659,1808957,6387300
3342,338,375,433046,7622,1809332,6276700
3343,401,387,432645,7636,1809719,6433500
3344,397,348,432248,7685,1810067,6278800
3345,376,376,431872,7685,1810443,6174700
3346,372,397,431500,7660,1810840,6563000
3347,379,378,431121,7661,1811218,6648600
3348,382,371,430739,7672,1811589,6358800
3349,399,396,430340,7675,1811985,6354000
3350,386,388,429954,7673,1812373,6196000
3351,389,380,429565,7682,1812753,6940300
3352,398,404,429167,7676,1813157,6337800
3353,360,414,428807,7622,1813571,6129800
3354,398,382,428409,7638,1813953,6221500
3355,360,399,428049,7599,1814352,6143400
3356,329,341,427720,7587,1814693,6151400
3357,363,365,427357,7585,1815058,6191800
3358,354,398,427003,7541,1815456,6201800
3359,389,379,426614,7551,1815835,6654700
3360,362,373,426252,7540,1816208,6409300
3361,365,372,425887,7533,1816580,6382300
3362,373,344,425514,7562,1816924,6458600
3363,363,372,425151,7553,1817296,6549800
3364,381,358,424770,7576,1817654,6980900
3365,380,405,424390,7551,1818059,6281400
3366,371,383,424019,7539,1818442,6360000
3367,387,387,423632,7539,1818829,6453400
3368,341,359,423291,7521,1819188,7164800
3369,349,385,422942,7485,1819573,6443000
3370,373,370,422569,7488,1819943,6321600
3371,357,397,422212,7448,1820340,6394800
3372,399,377,421813,7470,1820717,6336000
3373,350,379,421463,7441,1821096,6577600
3374,368,352,421095,7457,1821448,6816200
3375,359,369,420736,7447,1821817,6367400
3376,402,363,420334,7486,1822180,6395900
3377,381,375,419953,7492,1822555,6437100
3378,372,395,419581,7469,1822950,6587000
3379,357,399,419224,7427,1823349,6366100
3380,389,387,418835,7429,1823736,6441100
3381,391,382,418444,7438,1824118,6374100
3382,351,341,418093,7448,1824459,6371400
3383,383,350,417710,7481,1824809,6702100
3384,377,359,417333,7499,1825168,6373100
3385,369,399,416964,7469,1825567,6390800
3386,382,342,416582,7509,1825909,6408800
3387,394,411,416188,7492,1826320,6443600
3388,424,382,415764,7534,1826702,7035600
3389,385,361,415379,7558,1827063,6354300
3390,347,371,415032,7534,1827434,6737000
3391,361,392,414671,7503,1827826,6168400
3392,386,353,414285,7536,1828179,6243500
3393,378,381,413907,7533,1828560,6189700
3394,367,356,413540,7544,1828916,6197800
3395,410,380,413130,7574,1829296,6252100
3396,368,396,412762,7546,1829692,6228100
3397,377,394,412385,7529,1830086,6242000
3398,364,404,412021,7489,1830490,6309600
3399,365,381,411656,7473,1830871,6268000
3400,379,361,411277,7491,1831232,6614200
3401,355,386,410922,7460,1831618,6294000
3402,376,384,410546,7452,1832002,6253400
3403,380,373,410166,7459,1832375,6307300
3404,395,367,409771,7487,1832742,6193300
3405,343,383,409428,7447,1833125,6151100
3406,352,393,409076,7406,1833518,6146400
3407,356,362,408720,7400,1833880,6123800
3408,358,379,408362,7379,1834259,7033000
3409,331,371,408031,7339,1834630,6245600
3410,350,387,407681,7302,1835017,6266200
3411,326,363,407355,7265,1835380,6263200
3412,345,343,407010,7267,1835723,6117100
3413,371,362,406639,7276,1836085,6241100
3414,338,348,406301,7266,1836433,6060500
3415,332,336,405969,7262,1836769,6689300
3416,381,358,405588,7285,1837127,6747200
3417,357,390,405231,7252,1837517,6104300
3418,408,344,404823,7316,1837861,7076800
3419,351,338,404472,7329,1838199,6151800
3420,318,352,404154,7295,1838551,6188200
3421,359,363,403795,7291,1838914,6189000
3422,377,364,403418,7304,1839278,6101000
3423,336,398,403082,7242,1839676,6243400
3424,353,379,402729,7216,1840055,6098400
3425,361,359,402368,7218,1840414,6156200
3426,354,355,402014,7217,1840769,6112400
3427,336,358,401678,7195,1841127,6149300
3428,342,382,401336,7155,1841509,6255700
3429,373,350,400963,7178,1841859,6158400
3430,358,359,400605,7177,1842218,6192100
3431,344,356,400261,7165,1842574,6196800
3432,342,343,399919,7164,1842917,6142300
3433,369,349,399550,7184,1843266,6187400
3434,318,347,399232,7155,1843613,6134000
3435,346,349,398886,7152,1843962,6459400
3436,351,356,398535,7147,1844318,6102700
3437,373,380,398162,7140,1844698,6122000
3438,336,361,397826,7115,1845059,6874500
3439,334,359,397492,7090,1845418,6099000
3440,325,370,397167,7045,1845788,6153100
3441,362,346,396805,7061,1846134,6167200
3442,353,342,396452,7072,1846476,6198300
3443,325,370,396127,7027,1846846,6179600
3444,352,340,395775,7039,1847186,6074600
3445,402,337,395373,7104,1847523,6214900
3446,364,345,395009,7123,1847868,6175800
3447,324,353,394685,7094,1848221,6158100
3448,328,345,394357,7077,1848566,6997300
3449,335,356,394022,7056,1848922,6205000
3450,345,350,393677,7051,1849272,6368700
3451,351,365,393326,7037,1849637,6863000
3452,344,363,392982,7018,1850000,6302100
3453,343,346,392639,7015,1850346,6377700
3454,305,353,392334,6967,1850699,6531800
3455,333,305,392001,6995,1851004,6559200
3456,343,355,391658,6983,1851359,6532700
3457,339,315,391319,7007,1851674,6366500
3458,347,337,390972,7017,1852011,6265200
3459,351,322,390621,7046,1852333,6225100
3460,322,345,390299,7023,1852678,6670600
3461,331,344,389968,7010,1853022,6362600
3462,339,363,389629,6986,1853385,6567700
3463,353,331,389276,7008,1853716,6463700
3464,338,360,388938,6986,1854076,6591700
3465,348,358,388590,6976,1854434,6294700
3466,361,337,388229,7000,1854771,6277500
3467,334,346,387895,6988,1855117,6802600
3468,336,370,387559,6954,1855487,6364300
3469,359,355,387200,6958,1855842,6101800
3470,339,325,386861,6972,1856167,6215700
3471,328,343,386533,6957,1856510,6079300
3472,335,339,386198,6953,1856849,6134600
3473,321,326,385877,6948,1857175,6320200
3474,339,355,385538,6932,1857530,6181100
3475,339,350,385199,6921,1857880,6224600
3476,326,331,384873,6916,1858211,6261700
3477,358,352,384515,6922,1858563,6489600
3478,302,334,384213,6890,1858897,6240200
3479,323,327,383890,6886,1859224,6107500
3480,318,329,383572,6875,1859553,6229100
3481,304,329,383268,6850,1859882,6124700
3482,332,349,382936,6833,1860231,6396500
3483,331,311,382605,6853,1860542,6782100
3484,338,330,382267,6861,1860872,6319600
3485,321,347,381946,6835,1861219,6237300
3486,344,364,381602,6815,1861583,6088800
3487,328,364,381274,6779,1861947,6450000
3488,314,328,380960,6765,1862275,6144500
3489,315,341,380645,6739,1862616,6096800
3490,330,347,380315,6722,1862963,6168900
3491,313,313,380002,6722,1863276,6088000
3492,336,349,379666,6709,1863625,6133600
3493,319,334,379347,6694,1863959,6062300
3494,348,340,378999,6702,1864299,6161700
3495,330,319,378669,6713,1864618,6176300
3496,312,344,378357,6681,1864962,6090600
3497,371,313,377986,6739,1865275,6140300
3498,337,339,377649,6737,1865614,6480300
3499,321,352,377328,6706,1865966,6214000
3500,342,302,376986,6746,1866268,6193400
3501,371,334,376615,6783,1866602,6140200
3502,322,328,376293,6777,1866930,6084300
3503,349,368,375944,6758,1867298,6158600
3504,379,362,375565,6775,1867660,6141000
3505,375,315,375190,6835,1867975,6182600
3506,338,343,374852,6830,1868318,6288700
3507,364,365,374488,6829,1868683,6095500
3508,382,356,374106,6855,1869039,6475900
3509,348,311,373758,6892,1869350,6048800
3510,356,298,373402,6950,1869648,6286600
3511,343,386,373059,6907,1870034,6213400
3512,349,323,372710,6933,1870357,6151900
3513,348,361,372362,6920,1870718,6192600
3514,364,334,371998,6950,1871052,6130500
3515,350,363,371648,6937,1871415,6438100
3516,332,354,371316,6915,1871769,6638700
3517,338,332,370978,6921,1872101,6211000
3518,360,347,370618,6934,1872448,6912300
3519,341,343,370277,6932,1872791,6334800
3520,330,338,369947,6924,1873129,6871300
3521,334,320,369613,6938,1873449,6583200
3522,352,363,369261,6927,1873812,6105000
3523,338,351,368923,6914,1874163,6940500
3524,368,316,368555,6966,1874479,6183600
3525,320,352,368235,6934,1874831,6153700
3526,337,347,367898,6924,1875178,6097000
3527,330,355,367568,6899,1875533,6112600
3528,312,347,367256,6864,1875880,6277200
3529,362,357,366894,6869,1876237,6077000
3530,300,365,366594,6804,1876602,6081300
3531,345,334,366249,6815,1876936,6057300
3532,327,319,365922,6823,1877255,6079700
3533,359,328,365563,6854,1877583,6427600
3534,337,331,365226,6860,1877914,6110500
3535,338,330,364888,6868,1878244,6109300
3536,346,353,364542,6861,1878597,6081600
3537,348,312,364194,6897,1878909,6195700
3538,314,314,363880,6897,1879223,6534600
3539,335,329,363545,6903,1879552,6246900
3540,337,362,363208,6878,1879914,6103600
3541,367,338,362841,6907,1880252,6068000
3542,357,325,362484,6939,1880577,6116400
3543,351,364,362133,6926,1880941,6493000
3544,331,324,361802,6933,1881265,6093200
3545,360,350,361442,6943,1881615,6169700
3546,332,364,361110,6911,1881979,6158500
3547,337,368,360773,6880,1882347,6169600
3548,320,330,360453,6870,1882677,6695500
3549,355,352,360098,6873,1883029,6682500
3550,338,307,359760,6904,1883336,6354400
3551,344,328,359416,6920,1883664,6277700
3552,338,331,359078,6927,1883995,6285200
3553,355,343,358723,6939,1884338,6939200
3554,308,346,358415,6901,1884684,6359900
3555,339,348,358076,6892,1885032,6947900
3556,351,354,357725,6889,1885386,6679400
3557,332,356,357393,6865,1885742,6538300
3558,341,352,357052,6854,1886094,6617300
3559,330,339,356722,6845,1886433,6380800
3560,335,337,356387,6843,1886770,6697900
3561,345,323,356042,6865,1887093,6524000
3562,363,357,355679,6871,1887450,6284900
3563,338,355,355341,6854,1887805,6342200
3564,308,333,355033,6829,1888138,6232300
3565,347,329,354686,6847,1888467,6565900
3566,345,351,354341,6841,1888818,6216600
3567,347,324,353994,6864,1889142,6675100
3568,319,361,353675,6822,1889503,6343100
3569,328,339,353347,6811,1889842,6242600
3570,338,341,353009,6808,1890183,6353700
3571,337,365,352672,6780,1890548,6265400
3572,339,315,352333,6804,1890863,6264100
3573,312,315,352021,6801,1891178,6238000
3574,299,359,351722,6741,1891537,6228000
3575,318,329,351404,6730,1891866,6382700
3576,325,336,351079,6719,1892202,6261000
3577,307,332,350772,6694,1892534,6622000
3578,338,328,350434,6704,1892862,6218000
3579,332,341,350102,6695,1893203,6087200
3580,327,324,349775,6698,1893527,6169200
3581,285,322,349490,6661,1893849,6109600
3582,345,358,349145,6648,1894207,6540500
3583,341,325,348804,6664,1894532,6593300
3584,330,305,348474,6689,1894837,6084100
3585,329,330,348145,6688,1895167,6167100
3586,336,330,347809,6694,1895497,6065300
3587,346,326,347463,6714,1895823,6421400
3588,349,347,347114,6716,1896170,6119200
3589,305,362,346809,6659,1896532,6142200
3590,306,355,346503,6610,1896887,6191900
3591,341,334,346162,6617,1897221,6077900
3592,322,359,345840,6580,1897580,6167600
3593,316,356,345524,6540,1897936,6113900
3594,328,341,345196,6527,1898277,6540200
3595,282,305,344914,6504,1898582,6718700
3596,316,341,344598,6479,1898923,6519000
3597,311,308,344287,6482,1899231,7490300
3598,341,303,343946,6520,1899534,8442000
3599,319,338,343627,6501,1899872,7567100
3600,343,320,343284,6524,1900192,6257100
3601,308,342,342976,6490,1900534,6204500
3602,314,315,342662,6489,1900849,6372000
3603,312,330,342350,6471,1901179,7628800
3604,308,319,342042,6460,1901498,9065400
3605,309,326,341733,6443,1901824,8983600
3606,316,323,341417,6436,1902147,8895300
3607,312,330,341105,6418,1902477,9071600
3608,315,322,340790,6411,1902799,8838700
3609,283,319,340507,6375,1903118,8393300
3610,320,346,340187,6349,1903464,7998400
3611,310,335,339877,6324,1903799,8577700
3612,294,334,339583,6284,1904133,8867400
3613,273,311,339310,6246,1904444,8593400
3614,312,306,338998,6252,1904750,7831700
3615,303,291,338695,6264,1905041,8589800
3616,312,311,338383,6265,1905352,8177800
3617,292,308,338091,6249,1905660,8522700
3618,283,291,337808,6241,1905951,9322500
3619,293,273,337515,6261,1906224,7085800
3620,293,331,337222,6223,1906555,6546600
3621,280,320,336942,6183,1906875,6348800
3622,295,321,336647,6157,1907196,6925100
3623,298,342,336349,6113,1907538,8054700
3624,284,294,336065,6103,1907832,7077700
3625,323,289,335742,6137,1908121,7791000
3626,270,297,335472,6110,1908418,9202700
3627,331,311,335141,6130,1908729,8611700
3628,291,312,334850,6109,1909041,7258600
3629,292,293,334558,6108,1909334,7564300
3630,309,272,334249,6145,1909606,9207400
3631,299,307,333950,6137,1909913,7321900
3632,330,309,333620,6158,1910222,6805900
3633,319,341,333301,6136,1910563,6332100
3634,348,325,332953,6159,1910888,6438800
3635,330,318,332623,6171,1911206,6996600
3636,327,332,332296,6166,1911538,7116500
3637,304,274,331992,6196,1911812,6928400
3638,292,318,331700,6170,1912130,6404300
3639,295,297,331405,6168,1912427,6352200
3640,290,295,331115,6163,1912722,6232400
3641,290,298,330825,6155,1913020,6242800
3642,290,311,330535,6134,1913331,6279600
3643,285,305,330250,6114,1913636,6258100
3644,337,302,329913,6149,1913938,6402200
3645,289,296,329624,6142,1914234,6211600
3646,323,292,329301,6173,1914526,6252800
3647,318,322,328983,6169,1914848,6353900
3648,292,290,328691,6171,1915138,6298700
3649,283,305,328408,6149,1915443,6288100
3650,302,311,328106,6140,1915754,6327300
3651,297,308,327809,6129,1916062,6301800
3652,293,302,327516,6120,1916364,6379000
3653,294,294,327222,6120,1916658,6254500
3654,321,318,326901,6123,1916976,6319900
3655,320,311,326581,6132,1917287,6330500
3656,332,291,326249,6173,1917578,6414800
3657,287,338,325962,6122,1917916,6437400
3658,291,329,325671,6084,1918245,6455600
3659,316,296,325355,6104,1918541,6389500
3660,279,295,325076,6088,1918836,6366000
3661,283,310,324793,6061,1919146,6686900
3662,308,283,324485,6086,1919429,7141800
3663,287,308,324198,6065,1919737,6634500
3664,309,290,323889,6084,1920027,6522200
3665,302,316,323587,6070,1920343,6375100
3666,332,309,323255,6093,1920652,6642400
3667,316,336,322939,6073,1920988,6638200
3668,332,295,322607,6110,1921283,6401800
3669,301,297,322306,6114,1921580,6448200
3670,331,293,321975,6152,1921873,6301300
3671,291,287,321684,6156,1922160,6572300
3672,299,319,321385,6136,1922479,6409200
3673,262,289,321123,6109,1922768,6491900
3674,295,282,320828,6122,1923050,6533600
3675,304,301,320524,6125,1923351,6597200
3676,299,281,320225,6143,1923632,6581900
3677,294,330,319931,6107,1923962,6368700
3678,307,296,319624,6118,1924258,6429900
3679,285,318,319339,6085,1924576,6442800
3680,311,306,319028,6090,1924882,6503000
3681,295,327,318733,6058,1925209,6466900
3682,325,321,318408,6062,1925530,6387300
3683,313,306,318095,6069,1925836,6654900
3684,303,306,317792,6066,1926142,6450400
3685,276,291,317516,6051,1926433,6687500
3686,301,296,317215,6056,1926729,6638900
3687,299,303,316916,6052,1927032,6917600
3688,302,303,316614,6051,1927335,8720500
3689,287,285,316327,6053,1927620,7542100
3690,289,305,316038,6037,1927925,7080100
3691,301,280,315737,6058,1928205,7211400
3692,259,337,315478,5980,1928542,7087100
3693,275,317,315203,5938,1928859,6752000
3694,320,316,314883,5942,1929175,7155100
3695,269,293,314614,5918,1929468,6486900
3696,271,278,314343,5911,1929746,6523700
3697,303,276,314040,5938,1930022,6711100
3698,319,291,313721,5966,1930313,6415500
3699,313,305,313408,5974,1930618,6509100
3700,290,293,313118,5971,1930911,6957100
3701,308,281,312810,5998,1931192,7950700
3702,310,277,312500,6031,1931469,6939100
3703,293,278,312207,6046,1931747,7280400
3704,273,318,311934,6001,1932065,7250100
3705,299,344,311635,5956,1932409,7212200
3706,292,320,311343,5928,1932729,6662700
3707,311,319,311032,5920,1933048,7394700
3708,288,279,310744,5929,1933327,7345600
3709,308,286,310436,5951,1933613,6880600
3710,312,293,310124,5970,1933906,7281400
3711,290,278,309834,5982,1934184,7184000
3712,264,325,309570,5921,1934509,7147800
3713,299,304,309271,5916,1934813,7249600
3714,324,310,308947,5930,1935123,7493200
3715,272,280,308675,5922,1935403,7233600
3716,302,270,308373,5954,1935673,7411200
3717,283,311,308090,5926,1935984,7040100
3718,261,283,307829,5904,1936267,7012300
3719,301,292,307528,5913,1936559,7195600
3720,290,304,307238,5899,1936863,7318300
3721,291,335,306947,5855,1937198,7123600
3722,301,285,306646,5871,1937483,6383200
3723,267,274,306379,5864,1937757,7126800
3724,273,284,306106,5853,1938041,7209100
3725,284,299,305822,5838,1938340,7068100
3726,264,291,305558,5811,1938631,6824300
3727,273,288,305285,5796,1938919,7342600
3728,235,289,305050,5742,1939208,6957500
3729,273,270,304777,5745,1939478,7193900
3730,255,303,304522,5697,1939781,7298400
3731,258,291,304264,5664,1940072,7001600
3732,265,274,303999,5655,1940346,7272100
3733,297,325,303702,5627,1940671,7152200
3734,281,278,303421,5630,1940949,6381700
3735,265,279,303156,5616,1941228,7057500
3736,249,265,302907,5600,1941493,7230000
3737,258,258,302649,5600,1941751,6646900
3738,265,271,302384,5594,1942022,7346000
3739,292,278,302092,5608,1942300,7915300
3740,294,305,301798,5597,1942605,7835800
3741,290,302,301508,5585,1942907,7184300
3742,287,247,301221,5625,1943154,7184400
3743,284,304,300937,5605,1943458,7270200
3744,268,272,300669,5601,1943730,7363800
3745,265,284,300404,5582,1944014,7279800
3746,276,292,300128,5566,1944306,7422000
3747,267,278,299861,5555,1944584,6955000
3748,246,259,299615,5542,1944843,6999500
3749,252,261,299363,5533,1945104,7398700
3750,282,271,299081,5544,1945375,7099300
3751,282,274,298799,5552,1945649,7388200
3752,284,262,298515,5574,1945911,6651400
3753,306,309,298209,5571,1946220,6815600
3754,266,271,297943,5566,1946491,7232700
3755,246,308,297697,5504,1946799,7503500
3756,262,276,297435,5490,1947075,7443400
3757,264,263,297171,5491,1947338,7317700
3758,262,265,296909,5488,1947603,7547500
3759,272,304,296637,5456,1947907,7330400
3760,273,289,296364,5440,1948196,7461900
3761,284,267,296080,5457,1948463,7163200
3762,306,277,295774,5486,1948740,6779900
3763,275,277,295499,5484,1949017,7131100
3764,278,279,295221,5483,1949296,7316300
3765,274,271,294947,5486,1949567,6818500
3766,247,287,294700,5446,1949854,7248400
3767,237,259,294463,5424,1950113,7082200
3768,259,286,294204,5397,1950399,7343600
3769,288,281,293916,5404,1950680,6952900
3770,295,261,293621,5438,1950941,7301800
3771,249,270,293372,5417,1951211,7037700
3772,266,250,293106,5433,1951461,7178500
3773,252,265,292854,5420,1951726,7088500
3774,286,240,292568,5466,1951966,6846400
3775,267,276,292301,5457,1952242,6794300
3776,279,264,292022,5472,1952506,7508400
3777,250,274,291772,5448,1952780,6863800
3778,257,245,291515,5460,1953025,6700200
3779,235,283,291280,5412,1953308,7745700
3780,249,259,291031,5402,1953567,6932700
3781,284,280,290747,5406,1953847,6530600
3782,250,254,290497,5402,1954101,7245500
3783,303,294,290194,5411,1954395,7429900
3784,269,238,289925,5442,1954633,6472700
3785,274,293,289651,5423,1954926,6479600
3786,264,276,289387,5411,1955202,7157300
3787,284,274,289103,5421,1955476,7194500
3788,250,260,288853,5411,1955736,6988200
3789,263,246,288590,5428,1955982,7246000
3790,258,294,288332,5392,1956276,8138600
3791,255,298,288077,5349,1956574,7122200
3792,309,293,287768,5365,1956867,7647600
3793,285,275,287483,5375,1957142,6936900
3794,282,292,287201,5365,1957434,6772500
3795,290,279,286911,5376,1957713,7389900
3796,253,275,286658,5354,1957988,8031500
3797,272,246,286386,5380,1958234,7372400
3798,279,248,286107,5411,1958482,6331500
3799,281,279,285826,5413,1958761,6404500
3800,297,247,285529,5463,1959008,6041800
3801,270,286,285259,5447,1959294,6578400
3802,275,250,284984,5472,1959544,6241000
3803,278,271,284706,5479,1959815,6404600
3804,283,275,284423,5487,1960090,6623600
3805,260,269,284163,5478,1960359,6074100
3806,252,306,283911,5424,1960665,6072800
3807,264,282,283647,5406,1960947,6130000
3808,264,264,283383,5406,1961211,6295200
3809,256,274,283127,5388,1961485,6104000
3810,263,275,282864,5376,1961760,5985400
3811,271,289,282593,5358,1962049,6044400
3812,262,295,282331,5325,1962344,5962300
3813,289,263,282042,5351,1962607,5953700
3814,281,258,281761,5374,1962865,6008700
3815,273,261,281488,5386,1963126,5942100
3816,276,262,281212,5400,1963388,6039600
3817,250,292,280962,5358,1963680,6028500
3818,260,264,280702,5354,1963944,6012900
3819,260,256,280442,5358,1964200,6307300
3820,276,285,280166,5349,1964485,5987200
3821,257,267,279909,5339,1964752,6073800
3822,295,286,279614,5348,1965038,5988500
3823,271,295,279343,5324,1965333,6009600
3824,261,258,279082,5327,1965591,6367800
3825,304,252,278778,5379,1965843,6044000
3826,272,288,278506,5363,1966131,5997800
3827,306,262,278200,5407,1966393,5991900
3828,261,287,277939,5381,1966680,6080800
3829,252,289,277687,5344,1966969,6285200
3830,261,281,277426,5324,1967250,6097000
3831,272,283,277154,5313,1967533,5967900
3832,254,263,276900,5304,1967796,6070300
3833,240,235,276660,5309,1968031,6047500
3834,263,260,276397,5312,1968291,6026000
3835,259,262,276138,5309,1968553,6116900
3836,260,268,275878,5301,1968821,6109600
3837,244,267,275634,5278,1969088,6233700
3838,245,274,275389,5249,1969362,6125700
3839,282,259,275107,5272,1969621,6492800
3840,253,258,274854,5267,1969879,6226100
3841,270,252,274584,5285,1970131,6076500
3842,251,277,274333,5259,1970408,6661900
3843,246,272,274087,5233,1970680,6267400
3844,256,253,273831,5236,1970933,6404500
3845,244,267,273587,5213,1971200,6414900
3846,271,287,273316,5197,1971487,6101500
3847,251,248,273065,5200,1971735,6193000
3848,270,244,272795,5226,1971979,6172400
3849,251,253,272544,5224,1972232,6600300
3850,275,225,272269,5274,1972457,6263400
3851,264,248,272005,5290,1972705,6292800
3852,250,249,271755,5291,1972954,6119200
3853,275,290,271480,5276,1973244,6196700
3854,262,275,271218,5263,1973519,6189300
3855,262,296,270956,5229,1973815,6184900
3856,288,248,270668,5269,1974063,6105600
3857,280,275,270388,5274,1974338,6426800
3858,263,271,270125,5266,1974609,6029400
3859,289,248,269836,5307,1974857,6144100
3860,278,268,269558,5317,1975125,6128900
3861,287,289,269271,5315,1975414,6038000
3862,254,234,269017,5335,1975648,6268300
3863,285,267,268732,5353,1975915,6013700
3864,257,276,268475,5334,1976191,6068300
3865,290,279,268185,5345,1976470,6011100
3866,290,260,267895,5375,1976730,5986600
3867,300,267,267595,5408,1976997,6796100
3868,303,277,267292,5434,1977274,6055000
3869,306,289,266986,5451,1977563,6559400
3870,287,278,266699,5460,1977841,6021900
3871,313,263,266386,5510,1978104,6017800
3872,295,280,266091,5525,1978384,6090000
3873,283,276,265808,5532,1978660,5949200
3874,288,276,265520,5544,1978936,6441300
3875,276,291,265244,5529,1979227,6396400
3876,277,270,264967,5536,1979497,5976400
3877,260,232,264707,5564,1979729,6061000
3878,263,290,264444,5537,1980019,5999900
3879,261,286,264183,5512,1980305,6072700
3880,254,264,263929,5502,1980569,6504200
3881,296,291,263633,5507,1980860,6060000
3882,281,273,263352,5515,1981133,6144200
3883,262,278,263090,5499,1981411,6086300
3884,284,282,262806,5501,1981693,6059800
3885,283,258,262523,5526,1981951,6095500
3886,266,272,262257,5520,1982223,6085800
3887,286,280,261971,5526,1982503,6466100
3888,264,243,261707,5547,1982746,6440300
3889,276,259,261431,5564,1983005,6367800
3890,271,273,261160,5562,1983278,6895900
3891,289,264,260871,5587,1983542,6354700
3892,281,284,260590,5584,1983826,6209700
3893,299,276,260291,5607,1984102,6142900
3894,281,271,260010,5617,1984373,6068700
3895,276,257,259734,5636,1984630,6093400
3896,300,265,259434,5671,1984895,6197300
3897,275,292,259159,5654,1985187,6214600
3898,281,270,258878,5665,1985457,6255400
3899,274,267,258604,5672,1985724,6178300
3900,281,294,258323,5659,1986018,6186000
3901,284,303,258039,5640,1986321,6247600
3902,277,303,257762,5614,1986624,6249800
3903,253,265,257509,5602,1986889,6311200
3904,245,286,257264,5561,1987175,6292800
3905,243,274,257021,5530,1987449,6330000
3906,260,285,256761,5505,1987734,6580800
3907,249,299,256512,5455,1988033,6603100
3908,282,270,256230,5467,1988303,6395600
3909,248,270,255982,5445,1988573,6448500
3910,258,276,255724,5427,1988849,6403300
3911,252,275,255472,5404,1989124,6286400
3912,232,272,255240,5364,1989396,6851500
3913,269,252,254971,5381,1989648,6550200
3914,241,289,254730,5333,1989937,6687800
3915,262,271,254468,5324,1990208,6928300
3916,293,257,254175,5360,1990465,6746600
3917,284,272,253891,5372,1990737,7132100
3918,252,266,253639,5358,1991003,6533200
3919,242,273,253397,5327,1991276,6606900
3920,246,245,253151,5328,1991521,6276900
3921,262,262,252889,5328,1991783,6587200
3922,253,276,252636,5305,1992059,6351900
3923,254,255,252382,5304,1992314,6476700
3924,264,256,252118,5312,1992570,6486800
3925,249,279,251869,5282,1992849,6374600
3926,262,278,251607,5266,1993127,6554800
3927,235,268,251372,5233,1993395,6416800
3928,254,242,251118,5245,1993637,6528200
3929,261,273,250857,5233,1993910,6519400
3930,264,270,250593,5227,1994180,6449300
3931,241,298,250352,5170,1994478,6495500
3932,239,245,250113,5164,1994723,6364600
3933,252,272,249861,5144,1994995,6407700
3934,282,238,249579,5188,1995233,6352800
3935,237,260,249342,5165,1995493,6453700
3936,245,250,249097,5160,1995743,6334300
3937,261,252,248836,5169,1995995,6358100
3938,261,265,248575,5165,1996260,6373700
3939,251,246,248324,5170,1996506,6379400
3940,278,267,248046,5181,1996773,6611200
3941,270,212,247776,5239,1996985,6355600
3942,281,238,247495,5282,1997223,6407000
3943,215,246,247280,5251,1997469,6260300
3944,276,263,247004,5264,1997732,6550300
3945,295,242,246709,5317,1997974,6519000
3946,265,234,246444,5348,1998208,6307300
3947,235,260,246209,5323,1998468,6400400
3948,268,289,245941,5302,1998757,6165600
3949,262,269,245679,5295,1999026,6172400
3950,257,277,245422,5275,1999303,6421000
3951,231,268,245191,5238,1999571,6278100
3952,267,266,244924,5239,1999837,6292000
3953,263,253,244661,5249,2000090,6095700
3954,277,294,244384,5232,2000384,6152800
3955,256,279,244128,5209,2000663,6159300
3956,262,274,243866,5197,2000937,6354000
3957,278,240,243588,5235,2001177,6784500
3958,275,245,243313,5265,2001422,6158800
3959,269,273,243044,5261,2001695,6002800
3960,261,242,242783,5280,2001937,6313900
3961,240,270,242543,5250,2002207,6013400
3962,250,258,242293,5242,2002465,6407400
3963,267,258,242026,5251,2002723,5985000
3964,272,252,241754,5271,2002975,5928600
3965,246,243,241508,5274,2003218,6222600
3966,272,265,241236,5281,2003483,6030500
3967,241,277,240995,5245,2003760,6041600
3968,297,281,240698,5261,2004041,5978200
3969,241,261,240457,5241,2004302,5953200
3970,270,279,240187,5232,2004581,6078000
3971,236,261,239951,5207,2004842,6013500
3972,249,264,239702,5192,2005106,5973900
3973,287,258,239415,5221,2005364,5968800
3974,247,257,239168,5211,2005621,5919200
3975,249,290,238919,5170,2005911,6058300
3976,257,270,238662,5157,2006181,6071700
3977,254,283,238408,5128,2006464,6105200
3978,268,271,238140,5125,2006735,6254600
3979,245,298,237895,5072,2007033,5923000
3980,233,255,237662,5050,2007288,6023800
3981,271,243,237391,5078,2007531,5982600
3982,267,260,237124,5085,2007791,5882400
3983,243,254,236881,5074,2008045,6116300
3984,264,271,236617,5067,2008316,5912000
3985,246,228,236371,5085,2008544,6001600
3986,270,261,236101,5094,2008805,5957800
3987,252,268,235849,5078,2009073,5923200
3988,245,255,235604,5068,2009328,6062300
3989,236,206,235368,5098,2009534,5985600
3990,236,266,235132,5068,2009800,5920100
3991,249,242,234883,5075,2010042,6024600
3992,254,254,234629,5075,2010296,5884800
3993,250,237,234379,5088,2010533,6001300
3994,259,260,234120,5087,2010793,5940400
3995,251,234,233869,5104,2011027,5902200
3996,251,275,233618,5080,2011302,5957600
3997,265,237,233353,5108,2011539,5938100
3998,225,280,233128,5053,2011819,6006300
3999,228,264,232900,5017,2012083,5974500
4000,253,258,232647,5012,2012341,6023600
4001,256,273,232391,4995,2012614,6860400
4002,255,255,232136,4995,2012869,5931900
4003,227,234,231909,4988,2013103,5946100
4004,239,267,231670,4960,2013370,6034600
4005,241,267,231429,4934,2013637,5978700
4006,251,222,231178,4963,2013859,6625800
4007,235,272,230943,4926,2014131,6425400
4008,260,231,230683,4955,2014362,6033500
4009,258,227,230425,4986,2014589,6068400
4010,243,240,230182,4989,2014829,6071300
4011,253,260,229929,4982,2015089,6559000
4012,264,270,229665,4976,2015359,6043500
4013,251,234,229414,4993,2015593,6028100
4014,225,278,229189,4940,2015871,6075400
4015,267,260,228922,4947,2016131,5974500
4016,240,230,228682,4957,2016361,6738300
4017,240,230,228442,4967,2016591,5989100
4018,254,253,228188,4968,2016844,5931600
4019,231,245,227957,4954,2017089,6398900
4020,263,275,227694,4942,2017364,6108100
4021,221,234,227473,4929,2017598,6018200
4022,206,251,227267,4884,2017849,5959900
4023,232,253,227035,4863,2018102,5932800
4024,227,250,226808,4840,2018352,5982800
4025,237,238,226571,4839,2018590,6084000
4026,244,248,226327,4835,2018838,6064100
4027,241,249,226086,4827,2019087,6094100
4028,252,239,225834,4840,2019326,6126100
4029,225,242,225609,4823,2019568,6258600
4030,224,256,225385,4791,2019824,6384000
4031,242,242,225143,4791,2020066,6271400
4032,232,273,224911,4750,2020339,6377000
4033,222,245,224689,4727,2020584,6161800
4034,239,218,224450,4748,2020802,6917100
4035,228,247,224222,4729,2021049,6814200
4036,207,234,224015,4702,2021283,6445200
4037,192,208,223823,4686,2021491,6441000
4038,227,236,223596,4677,2021727,6230700
4039,239,241,223357,4675,2021968,6251900
4040,208,227,223149,4656,2022195,6281200
4041,232,241,222917,4647,2022436,6333900
4042,224,235,222693,4636,2022671,6556100
4043,231,228,222462,4639,2022899,6205200
4044,231,247,222231,4623,2023146,6354500
4045,226,247,222005,4602,2023393,6117300
4046,240,222,221765,4620,2023615,6108800
4047,251,224,221514,4647,2023839,6375000
4048,268,243,221246,4672,2024082,6044300
4049,256,234,220990,4694,2024316,6443200
4050,236,223,220754,4707,2024539,6012700
4051,243,235,220511,4715,2024774,6037600
4052,263,262,220248,4716,2025036,6215400
4053,246,221,220002,4741,2025257,6053300
4054,247,238,219755,4750,2025495,6082900
4055,265,226,219490,4789,2025721,6002700
4056,254,252,219236,4791,2025973,6000600
4057,222,221,219014,4792,2026194,5983100
4058,238,224,218776,4806,2026418,5980800
4059,256,239,218520,4823,2026657,6243000
4060,251,234,218269,4840,2026891,5969900
4061,232,255,218037,4817,2027146,6022000
4062,263,232,217774,4848,2027378,6019300
4063,266,249,217508,4865,2027627,6053700
4064,236,219,217272,4882,2027846,6420200
4065,247,260,217025,4869,2028106,6026600
4066,244,264,216781,4849,2028370,6029000
4067,234,227,216547,4856,2028597,6014000
4068,245,246,216302,4855,2028843,6022500
4069,244,255,216058,4844,2029098,6284700
4070,237,252,215821,4829,2029350,6549100
4071,239,228,215582,4840,2029578,6056400
4072,255,233,215327,4862,2029811,6261700
4073,239,223,215088,4878,2030034,6400600
4074,254,266,214834,4866,2030300,6566400
4075,207,243,214627,4830,2030543,6685300
4076,236,254,214391,4812,2030797,6620800
4077,243,243,214148,4812,2031040,6425900
4078,231,249,213917,4794,2031289,6171800
4079,257,268,213660,4783,2031557,6466700
4080,233,220,213427,4796,2031777,6753400
4081,210,217,213217,4789,2031994,6325000
4082,216,220,213001,4785,2032214,6337700
4083,202,248,212799,4739,2032462,6104200
4084,259,241,212540,4757,2032703,6233900
4085,235,236,212305,4756,2032939,6361100
4086,227,244,212078,4739,2033183,6049600
4087,228,244,211850,4723,2033427,6025400
4088,206,216,211644,4713,2033643,6039500
4089,238,229,211406,4722,2033872,6053900
4090,200,250,211206,4672,2034122,5987900
4091,239,229,210967,4682,2034351,5966400
4092,232,248,210735,4666,2034599,5935800
4093,225,211,210510,4680,2034810,5979700
4094,204,225,210306,4659,2035035,6026800
4095,229,226,210077,4662,2035261,6234900
4096,229,239,209848,4652,2035500,6135800
4097,221,235,209627,4638,2035735,6137500
4098,226,256,209401,4608,2035991,6107300
4099,239,242,209162,4605,2036233,6050300
4100,226,228,208936,4603,2036461,6063900
4101,210,252,208726,4561,2036713,5923600
4102,221,220,208505,4562,2036933,6010300
4103,235,220,208270,4577,2037153,5874600
4104,230,225,208040,4582,2037378,6086200
4105,200,202,207840,4580,2037580,6495000
4106,231,232,207609,4579,2037812,6021800
4107,238,220,207371,4597,2038032,6334900
4108,225,216,207146,4606,2038248,6395900
4109,215,270,206931,4551,2038518,5997800
4110,245,222,206686,4574,2038740,6166800
4111,250,208,206436,4616,2038948,6029100
4112,253,215,206183,4654,2039163,6382200
4113,279,244,205904,4689,2039407,6063400
4114,232,250,205672,4671,2039657,6013600
4115,249,246,205423,4674,2039903,6650900
4116,231,267,205192,4638,2040170,6229700
4117,231,249,204961,4620,2040419,6971900
4118,235,258,204726,4597,2040677,6544900
4119,210,225,204516,4582,2040902,6497900
4120,198,228,204318,4552,2041130,6562200
4121,237,203,204081,4586,2041333,6191500
4122,204,217,203877,4573,2041550,6172700
4123,227,223,203650,4577,2041773,6092000
4124,233,235,203417,4575,2042008,6169900
4125,226,209,203191,4592,2042217,6186700
4126,230,219,202961,4603,2042436,6134600
4127,229,202,202732,4630,2042638,6195400
4128,230,217,202502,4643,2042855,6452900
4129,247,226,202255,4664,2043081,6175200
4130,236,230,202019,4670,2043311,6093000
4131,248,204,201771,4714,2043515,6474500
4132,236,246,201535,4704,2043761,6488000
4133,235,233,201300,4706,2043994,6248000
4134,252,233,201048,4725,2044227,6841100
4135,239,212,200809,4752,2044439,7462100
4136,221,242,200588,4731,2044681,7150000
4137,248,234,200340,4745,2044915,6651400
4138,211,253,200129,4703,2045168,7135400
4139,224,224,199905,4703,2045392,6754800
4140,229,257,199676,4675,2045649,6689000
4141,229,224,199447,4680,2045873,6890600
4142,230,238,199217,4672,2046111,6757800
4143,223,218,198994,4677,2046329,6392800
4144,246,236,198748,4687,2046565,6346200
4145,255,220,198493,4722,2046785,6380700
4146,237,257,198256,4702,2047042,6370400
4147,257,235,197999,4724,2047277,6293900
4148,234,243,197765,4715,2047520,6187500
4149,209,217,197556,4707,2047737,6074100
4150,234,238,197322,4703,2047975,6102300
4151,233,232,197089,4704,2048207,6239300
4152,221,257,196868,4668,2048464,6023900
4153,214,235,196654,4647,2048699,6051400
4154,239,229,196415,4657,2048928,6062900
4155,225,235,196190,4647,2049163,6067600
4156,230,225,195960,4652,2049388,6316300
4157,247,240,195713,4659,2049628,6085300
4158,233,251,195480,4641,2049879,6473100
4159,233,260,195247,4614,2050139,6102000
4160,231,254,195016,4591,2050393,6145600
4161,239,232,194777,4598,2050625,6781300
4162,208,226,194569,4580,2050851,6142400
4163,228,235,194341,4573,2051086,6077900
4164,232,248,194109,4557,2051334,6190000
4165,229,214,193880,4572,2051548,6104700
4166,247,233,193633,4586,2051781,6162100
4167,235,231,193398,4590,2052012,6143900
4168,222,228,193176,4584,2052240,6153900
4169,242,220,192934,4606,2052460,6232500
4170,217,224,192717,4599,2052684,6140000
4171,233,222,192484,4610,2052906,6180400
4172,229,218,192255,4621,2053124,6159500
4173,238,251,192017,4608,2053375,6364900
4174,238,237,191779,4609,2053612,6123300
4175,231,230,191548,4610,2053842,6041700
4176,215,206,191333,4619,2054048,6073800
4177,223,238,191110,4604,2054286,6046800
4178,242,240,190868,4606,2054526,6529100
4179,223,222,190645,4607,2054748,6049100
4180,251,222,190394,4636,2054970,6050700
4181,212,215,190182,4633,2055185,6081000
4182,242,252,189940,4623,2055437,6040800
4183,230,228,189710,4625,2055665,6011200
4184,211,242,189499,4594,2055907,6114400
4185,227,218,189272,4603,2056125,6021400
4186,234,225,189038,4612,2056350,6125100
4187,248,220,188790,4640,2056570,6100400
4188,218,240,188572,4618,2056810,6117200
4189,250,252,188322,4616,2057062,6103800
4190,234,256,188088,4594,2057318,6092600
4191,212,219,187876,4587,2057537,6137000
4192,220,236,187656,4571,2057773,6057100
4193,238,203,187418,4606,2057976,6078500
4194,256,234,187162,4628,2058210,6009200
4195,226,238,186936,4616,2058448,6010600
4196,232,254,186704,4594,2058702,6031300
4197,212,214,186492,4592,2058916,5931300
4198,243,262,186249,4573,2059178,5962300
4199,228,211,186021,4590,2059389,6283100
4200,231,240,185790,4581,2059629,5925900
4201,216,222,185574,4575,2059851,5935100
4202,205,241,185369,4539,2060092,5943000
4203,236,211,185133,4564,2060303,5905400
4204,251,233,184882,4582,2060536,6030800
4205,236,234,184646,4584,2060770,5920100
4206,205,201,184441,4588,2060971,5902800
4207,236,212,184205,4612,2061183,5914100
4208,233,261,183972,4584,2061444,5907900
4209,239,250,183733,4573,2061694,6394400
4210,207,251,183526,4529,2061945,5947000
4211,239,233,183287,4535,2062178,5950700
4212,228,210,183059,4553,2062388,5936200
4213,235,224,182824,4564,2062612,6020300
4214,201,243,182623,4522,2062855,6037300
4215,240,228,182383,4534,2063083,5919100
4216,255,233,182128,4556,2063316,5893100
4217,246,207,181882,4595,2063523,5966400
4218,248,215,181634,4628,2063738,5921000
4219,247,216,181387,4659,2063954,5944300
4220,228,214,181159,4673,2064168,6030300
4221,234,238,180925,4669,2064406,5946100
4222,234,234,180691,4669,2064640,6791300
4223,249,234,180442,4684,2064874,5966000
4224,243,227,180199,4700,2065101,6000600
4225,239,217,179960,4722,2065318,5914200
4226,245,223,179715,4744,2065541,5967600
4227,213,237,179502,4720,2065778,6240700
4228,222,233,179280,4709,2066011,6356200
4229,209,225,179071,4693,2066236,5866400
4230,209,239,178862,4663,2066475,6242700
4231,226,254,178636,4635,2066729,5890800
4232,211,229,178425,4617,2066958,5980200
4233,233,220,178192,4630,2067178,6031800
4234,227,258,177965,4599,2067436,6073800
4235,239,255,177726,4583,2067691,6319100
4236,223,237,177503,4569,2067928,6271400
4237,245,201,177258,4613,2068129,6384400
4238,223,237,177035,4599,2068366,6202600
4239,216,237,176819,4578,2068603,6140800
4240,226,250,176593,4554,2068853,6191100
4241,220,236,176373,4538,2069089,5887300
4242,230,210,176143,4558,2069299,6341000
4243,221,213,175922,4566,2069512,5961000
4244,229,237,175693,4558,2069749,5849300
4245,208,241,175485,4525,2069990,5959100
4246,198,207,175287,4516,2070197,5987500
4247,248,201,175039,4563,2070398,6015500
4248,233,255,174806,4541,2070653,5972000
4249,219,196,174587,4564,2070849,5886700
4250,223,243,174364,4544,2071092,6240900
4251,227,215,174137,4556,2071307,6017900
4252,216,239,173921,4533,2071546,5892200
4253,231,218,173690,4546,2071764,5972800
4254,234,253,173456,4527,2072017,5873100
4255,204,233,173252,4498,2072250,5947900
4256,222,234,173030,4486,2072484,6273200
4257,245,229,172785,4502,2072713,5918700
4258,245,211,172540,4536,2072924,5956400
4259,212,225,172328,4523,2073149,5871100
4260,208,218,172120,4513,2073367,5852000
4261,226,218,171894,4521,2073585,5965400
4262,228,239,171666,4510,2073824,6077800
4263,235,265,171431,4480,2074089,6104800
4264,197,239,171234,4438,2074328,6067800
4265,207,223,171027,4422,2074551,6037500
4266,205,229,170822,4398,2074780,5978700
4267,205,219,170617,4384,2074999,5860500
4268,234,214,170383,4404,2075213,6015100
4269,200,215,170183,4389,2075428,5985400
4270,225,220,169958,4394,2075648,5915100
4271,215,218,169743,4391,2075866,6205700
4272,221,219,169522,4393,2076085,5859200
4273,220,192,169302,4421,2076277,5919700
4274,204,216,169098,4409,2076493,5899200
4275,196,245,168902,4360,2076738,5900100
4276,246,204,168656,4402,2076942,5852700
4277,214,230,168442,4386,2077172,6013800
4278,211,221,168231,4376,2077393,5900700
4279,224,211,168007,4389,2077604,5957000
4280,218,225,167789,4382,2077829,5929900
4281,228,222,167561,4388,2078051,5891400
4282,222,206,167339,4404,2078257,6174700
4283,202,238,167137,4368,2078495,5916500
4284,242,252,166895,4358,2078747,5907200
4285,231,222,166664,4367,2078969,5911700
4286,226,212,166438,4381,2079181,5853300
4287,221,212,166217,4390,2079393,5922700
4288,224,249,165993,4365,2079642,5909200
4289,229,206,165764,4388,2079848,5809800
4290,205,210,165559,4383,2080058,6171700
4291,216,196,165343,4403,2080254,5877200
4292,227,179,165116,4451,2080433,6292100
4293,215,212,164901,4454,2080645,5970500
4294,222,227,164679,4449,2080872,5856000
4295,262,212,164417,4499,2081084,6094100
4296,214,229,164203,4484,2081313,5909200
4297,215,216,163988,4483,2081529,5834100
4298,219,217,163769,4485,2081746,5863900
4299,223,222,163546,4486,2081968,5815900
4300,223,237,163323,4472,2082205,5986800
4301,236,230,163087,4478,2082435,5876900
4302,270,220,162817,4528,2082655,5918200
4303,218,219,162599,4527,2082874,5975900
4304,239,220,162360,4546,2083094,5870600
4305,219,230,162141,4535,2083324,5928000
4306,223,233,161918,4525,2083557,5844800
4307,226,241,161692,4510,2083798,5853200
4308,212,210,161480,4512,2084008,5995600
4309,225,234,161255,4503,2084242,5845600
4310,229,222,161026,4510,2084464,5944700
4311,203,241,160823,4472,2084705,6011700
4312,211,215,160612,4468,2084920,6027200
4313,201,244,160411,4425,2085164,6217100
4314,217,224,160194,4418,2085388,6030300
4315,181,194,160013,4405,2085582,6145500
4316,237,210,159776,4432,2085792,6083200
4317,233,217,159543,4448,2086009,6007100
4318,232,219,159311,4461,2086228,6100100
4319,203,224,159108,4440,2086452,5990200
4320,238,215,158870,4463,2086667,6068500
4321,252,218,158618,4497,2086885,6099700
4322,208,205,158410,4500,2087090,6027500
4323,194,222,158216,4472,2087312,6145800
4324,210,233,158006,4449,2087545,6051800
4325,185,227,157821,4407,2087772,6061400
4326,179,211,157642,4375,2087983,6080200
4327,193,196,157449,4372,2088179,6019500
4328,201,199,157248,4374,2088378,6083600
4329,179,231,157069,4322,2088609,6066000
4330,214,215,156855,4321,2088824,6124500
4331,205,210,156650,4316,2089034,6641900
4332,196,232,156454,4280,2089266,6053300
4333,206,204,156248,4282,2089470,6159400
4334,221,195,156027,4308,2089665,6144900
4335,214,210,155813,4312,2089875,6109500
4336,202,214,155611,4300,2090089,6197900
4337,229,210,155382,4319,2090299,6159300
4338,226,205,155156,4340,2090504,6164000
4339,217,212,154939,4345,2090716,6098400
4340,218,225,154721,4338,2090941,6158900
4341,246,202,154475,4382,2091143,6919000
4342,210,230,154265,4362,2091373,6026500
4343,218,213,154047,4367,2091586,5914900
4344,209,203,153838,4373,2091789,6681300
4345,210,233,153628,4350,2092022,5916900
4346,209,254,153419,4305,2092276,5949400
4347,218,207,153201,4316,2092483,5863900
4348,188,191,153013,4313,2092674,5844200
4349,179,222,152834,4270,2092896,6011100
4350,190,220,152644,4240,2093116,5880400
4351,198,234,152446,4204,2093350,5925500
4352,191,200,152255,4195,2093550,5925700
4353,197,199,152058,4193,2093749,5863800
4354,191,232,151867,4152,2093981,5872600
4355,178,190,151689,4140,2094171,5861700
4356,228,218,151461,4150,2094389,5854000
4357,224,213,151237,4161,2094602,6017300
4358,222,190,151015,4193,2094792,5884400
4359,220,210,150795,4203,2095002,6163600
4360,206,212,150589,4197,2095214,5859400
4361,204,213,150385,4188,2095427,5835800
4362,193,231,150192,4150,2095658,5920600
4363,203,202,149989,4151,2095860,5851800
4364,227,185,149762,4193,2096045,5804500
4365,205,202,149557,4196,2096247,5947400
4366,217,191,149340,4222,2096438,5829000
4367,210,221,149130,4211,2096659,5951800
4368,226,232,148904,4205,2096891,6002800
4369,216,216,148688,4205,2097107,5869500
4370,203,207,148485,4201,2097314,5919400
4371,219,199,148266,4221,2097513,5851600
4372,226,198,148040,4249,2097711,6401100
4373,242,221,147798,4270,2097932,6121800
4374,225,244,147573,4251,2098176,5871300
4375,195,226,147378,4220,2098402,6071500
4376,227,188,147151,4259,2098590,6008100
4377,219,229,146932,4249,2098819,5989600
4378,229,228,146703,4250,2099047,5887500
4379,214,197,146489,4267,2099244,5911500
4380,198,208,146291,4257,2099452,5915600
4381,205,204,146086,4258,2099656,5863500
4382,203,210,145883,4251,2099866,5813700
4383,205,206,145678,4250,2100072,5886500
4384,217,210,145461,4257,2100282,5838500
4385,187,216,145274,4228,2100498,5907700
4386,202,226,145072,4204,2100724,5884700
4387,226,228,144846,4202,2100952,5824100
4388,198,204,144648,4196,2101156,5909300
4389,207,221,144441,4182,2101377,5803600
4390,197,200,144244,4179,2101577,5904700
4391,205,196,144039,4188,2101773,6366900
4392,240,194,143799,4234,2101967,5830900
4393,187,219,143612,4202,2102186,5924000
4394,224,202,143388,4224,2102388,5971000
4395,215,210,143173,4229,2102598,5894800
4396,209,219,142964,4219,2102817,5924400
4397,194,209,142770,4204,2103026,5839900
4398,230,213,142540,4221,2103239,5881000
4399,209,201,142331,4229,2103440,6406900
4400,219,211,142112,4237,2103651,6065800
4401,208,207,141904,4238,2103858,6100500
4402,190,197,141714,4231,2104055,5977800
4403,206,206,141508,4231,2104261,6397500
4404,202,215,141306,4218,2104476,6109900
4405,238,207,141068,4249,2104683,6093700
4406,190,211,140878,4228,2104894,6673000
4407,203,198,140675,4233,2105092,6005200
4408,201,211,140474,4223,2105303,5853100
4409,217,225,140257,4215,2105528,5994000
4410,196,226,140061,4185,2105754,5973900
4411,215,222,139846,4178,2105976,5934200
4412,207,228,139639,4157,2106204,5876200
4413,185,191,139454,4151,2106395,5928500
4414,218,199,139236,4170,2106594,5917100
4415,204,221,139032,4153,2106815,5843200
4416,199,210,138833,4142,2107025,5814000
4417,194,202,138639,4134,2107227,6211900
4418,190,206,138449,4118,2107433,6313200
4419,202,206,138247,4114,2107639,6468100
4420,218,184,138029,4148,2107823,6081700
4421,218,228,137811,4138,2108051,5948700
4422,190,196,137621,4132,2108247,5909100
4423,228,191,137393,4169,2108438,5862400
4424,229,194,137164,4204,2108632,5889900
4425,207,235,136957,4176,2108867,5865000
4426,209,233,136748,4152,2109100,5835900
4427,196,186,136552,4162,2109286,5892500
4428,197,183,136355,4176,2109469,5863600
4429,209,173,136146,4212,2109642,5877600
4430,217,184,135929,4245,2109826,5859700
4431,209,208,135720,4246,2110034,6138900
4432,217,186,135503,4277,2110220,5972200
4433,209,217,135294,4269,2110437,6040700
4434,217,211,135077,4275,2110648,6023600
4435,211,214,134866,4272,2110862,6139700
4436,225,208,134641,4289,2111070,6296300
4437,208,193,134433,4304,2111263,6426100
4438,206,212,134227,4298,2111475,6011000
4439,215,200,134012,4313,2111675,5875000
4440,214,210,133798,4317,2111885,5947000
4441,211,200,133587,4328,2112085,5832300
4442,193,214,133394,4307,2112299,5857600
4443,211,186,133183,4332,2112485,5887400
4444,203,228,132980,4307,2112713,5833000
4445,203,235,132777,4275,2112948,5937800
4446,215,196,132562,4294,2113144,5926900
4447,208,227,132354,4275,2113371,5907700
4448,205,201,132149,4279,2113572,6441000
4449,192,218,131957,4253,2113790,5865400
4450,199,225,131758,4227,2114015,6174200
4451,204,197,131554,4234,2114212,6508200
4452,191,222,131363,4203,2114434,5905900
4453,203,209,131160,4197,2114643,5938200
4454,204,256,130956,4145,2114899,5803200
4455,187,222,130769,4110,2115121,5826000
4456,209,226,130560,4093,2115347,5821000
4457,176,196,130384,4073,2115543,5902300
4458,194,210,130190,4057,2115753,5933900
4459,189,216,130001,4030,2115969,5846300
4460,195,193,129806,4032,2116162,5895800
4461,198,188,129608,4042,2116350,5887800
4462,187,184,129421,4045,2116534,5816700
4463,194,233,129227,4006,2116767,5817000
4464,204,171,129023,4039,2116938,6595000
4465,206,209,128817,4036,2117147,5845300
4466,186,200,128631,4022,2117347,5812000
4467,195,195,128436,4022,2117542,5793400
4468,189,217,128247,3994,2117759,5906900
4469,204,175,128043,4023,2117934,5987800
4470,176,167,127867,4032,2118101,5859300
4471,204,201,127663,4035,2118302,5849100
4472,210,182,127453,4063,2118484,5819700
4473,180,218,127273,4025,2118702,5844600
4474,187,222,127086,3990,2118924,5840800
4475,183,199,126903,3974,2119123,5859700
4476,185,177,126718,3982,2119300,5798000
4477,191,205,126527,3968,2119505,6092400
4478,195,188,126332,3975,2119693,6066100
4479,190,193,126142,3972,2119886,5951200
4480,214,189,125928,3997,2120075,5871200
4481,197,203,125731,3991,2120278,5849300
4482,188,190,125543,3989,2120468,6380300
4483,199,203,125344,3985,2120671,6810800
4484,188,197,125156,3976,2120868,6131400
4485,210,198,124946,3988,2121066,5985300
4486,198,188,124748,3998,2121254,5901600
4487,224,197,124524,4025,2121451,6047200
4488,188,188,124336,4025,2121639,5916200
4489,186,206,124150,4005,2121845,5822500
4490,186,174,123964,4017,2122019,6560800
4491,199,182,123765,4034,2122201,5855500
4492,187,180,123578,4041,2122381,5862700
4493,205,197,123373,4049,2122578,5815100
4494,194,193,123179,4050,2122771,5809700
4495,209,205,122970,4054,2122976,5949700
4496,199,218,122771,4035,2123194,5926300
4497,185,187,122586,4033,2123381,5903700
4498,211,174,122375,4070,2123555,6021100
4499,185,214,122190,4041,2123769,5900500
4500,187,220,122003,4008,2123989,5951400
4501,189,201,121814,3996,2124190,5966500
4502,205,217,121609,3984,2124407,5907900
4503,182,204,121427,3962,2124611,5981400
4504,170,178,121257,3954,2124789,5874300
4505,197,197,121060,3954,2124986,5935800
4506,181,193,120879,3942,2125179,5961000
4507,175,179,120704,3938,2125358,5796500
4508,225,194,120479,3969,2125552,5865700
4509,183,187,120296,3965,2125739,5943600
4510,178,200,120118,3943,2125939,6031500
4511,199,189,119919,3953,2126128,6317600
4512,207,185,119712,3975,2126313,6045200
4513,176,183,119536,3968,2126496,6814100
4514,196,217,119340,3947,2126713,6042500
4515,198,203,119142,3942,2126916,5959100
4516,164,199,118978,3907,2127115,5966300
4517,193,176,118785,3924,2127291,5949500
4518,190,196,118595,3918,2127487,6002100
4519,191,194,118404,3915,2127681,5954600
4520,203,205,118201,3913,2127886,6001600
4521,203,191,117998,3925,2128077,6361600
4522,192,205,117806,3912,2128282,6027200
4523,182,197,117624,3897,2128479,6043800
4524,196,207,117428,3886,2128686,5995300
4525,205,180,117223,3911,2128866,6001800
4526,204,210,117019,3905,2129076,6025500
4527,181,218,116838,3868,2129294,5999700
4528,184,182,116654,3870,2129476,5990000
4529,199,207,116455,3862,2129683,5955900
4530,194,184,116261,3872,2129867,5973600
4531,186,202,116075,3856,2130069,6029500
4532,206,211,115869,3851,2130280,5996400
4533,177,175,115692,3853,2130455,5989700
4534,203,176,115489,3880,2130631,6084000
4535,197,215,115292,3862,2130846,6210700
4536,198,194,115094,3866,2131040,6517000
4537,196,190,114898,3872,2131230,6400900
4538,201,215,114697,3858,2131445,6018800
4539,209,176,114488,3891,2131621,5930600
4540,243,167,114245,3967,2131788,5852900
4541,204,203,114041,3968,2131991,6337600
4542,203,203,113838,3968,2132194,5902600
4543,204,211,113634,3961,2132405,5832900
4544,216,196,113418,3981,2132601,6472900
4545,212,183,113206,4010,2132784,6063000
4546,199,188,113007,4021,2132972,5925500
4547,209,215,112798,4015,2133187,6855400
4548,190,197,112608,4008,2133384,6363500
4549,181,203,112427,3986,2133587,5931300
4550,200,201,112227,3985,2133788,5833300
4551,197,232,112030,3950,2134020,5854600
4552,194,204,111836,3940,2134224,5912900
4553,200,211,111636,3929,2134435,5835300
4554,200,205,111436,3924,2134640,5839700
4555,217,173,111219,3968,2134813,5809900
4556,185,206,111034,3947,2135019,5847400
4557,197,210,110837,3934,2135229,5984500
4558,196,211,110641,3919,2135440,5883500
4559,215,212,110426,3922,2135652,5832700
4560,197,192,110229,3927,2135844,5975600
4561,198,178,110031,3947,2136022,5989600
4562,204,202,109827,3949,2136224,6072100
4563,207,199,109620,3957,2136423,5992200
4564,192,195,109428,3954,2136618,5869200
4565,176,197,109252,3933,2136815,6812300
4566,188,200,109064,3921,2137015,6958300
4567,201,198,108863,3924,2137213,6656500
4568,175,171,108688,3928,2137384,6329600
4569,178,196,108510,3910,2137580,7927900
4570,192,203,108318,3899,2137783,7317900
4571,212,172,108106,3939,2137955,5930200
4572,195,204,107911,3930,2138159,5956400
4573,210,174,107701,3966,2138333,5975200
4574,195,201,107506,3960,2138534,6621700
4575,186,195,107320,3951,2138729,5986300
4576,192,197,107128,3946,2138926,5834300
4577,190,188,106938,3948,2139114,5862000
4578,185,174,106753,3959,2139288,5882400
4579,170,210,106583,3919,2139498,6783300
4580,199,192,106384,3926,2139690,5857200
4581,179,199,106205,3906,2139889,5814000
4582,195,207,106010,3894,2140096,6719800
4583,199,194,105811,3899,2140290,5981800
4584,178,202,105633,3875,2140492,6257000
4585,206,195,105427,3886,2140687,6021800
4586,212,205,105215,3893,2140892,5878700
4587,186,169,105029,3910,2141061,6060200
4588,187,195,104842,3902,2141256,5879100
4589,193,211,104649,3884,2141467,5898800
4590,183,194,104466,3873,2141661,5806100
4591,191,199,104275,3865,2141860,5858800
4592,201,198,104074,3868,2142058,5867200
4593,187,199,103887,3856,2142257,5801400
4594,171,175,103716,3852,2142432,5792500
4595,172,215,103544,3809,2142647,5862600
4596,197,198,103347,3808,2142845,5846900
4597,175,196,103172,3787,2143041,5792100
4598,188,185,102984,3790,2143226,5908100
4599,158,187,102826,3761,2143413,5799400
4600,187,188,102639,3760,2143601,5939800
4601,199,200,102440,3759,2143801,5852400
4602,190,175,102250,3774,2143976,5834600
4603,174,193,102076,3755,2144169,6536500
4604,180,205,101896,3730,2144374,5960300
4605,206,187,101690,3749,2144561,6751500
4606,158,187,101532,3720,2144748,6023600
4607,192,192,101340,3720,2144940,5894700
4608,188,176,101152,3732,2145116,6536200
4609,167,202,100985,3697,2145318,5836500
4610,178,190,100807,3685,2145508,5815000
4611,192,196,100615,3681,2145704,5927500
4612,151,210,100464,3622,2145914,5819300
4613,171,186,100293,3607,2146100,5981500
4614,193,173,100100,3627,2146273,5783300
4615,188,181,99912,3634,2146454,5795800
4616,190,213,99722,3611,2146667,6035700
4617,179,187,99543,3603,2146854,5785100
4618,198,185,99345,3616,2147039,5806800
4619,197,165,99148,3648,2147204,5785300
4620,176,179,98972,3645,2147383,5805700
4621,183,181,98789,3647,2147564,5911700
4622,182,195,98607,3634,2147759,5828500
4623,185,175,98422,3644,2147934,5898800
4624,200,170,98222,3674,2148104,5824500
4625,184,181,98038,3677,2148285,5803900
4626,199,180,97839,3696,2148465,5827000
4627,203,194,97636,3705,2148659,5812700
4628,191,200,97445,3696,2148859,5767300
4629,188,206,97257,3678,2149065,5876600
4630,164,184,97093,3658,2149249,5776200
4631,204,186,96889,3676,2149435,5781000
4632,195,190,96694,3681,2149625,5867300
4633,186,161,96508,3706,2149786,5887000
4634,171,215,96337,3662,2150001,6096400
4635,193,187,96144,3668,2150188,5807100
4636,202,193,95942,3677,2150381,5766400
4637,190,180,95752,3687,2150561,5888600
4638,166,174,95586,3679,2150735,5784200
4639,166,192,95420,3653,2150927,5834800
4640,168,165,95252,3656,2151092,5891500
4641,216,184,95036,3688,2151276,5800100
4642,187,178,94849,3697,2151454,5822100
4643,176,170,94673,3703,2151624,5782100
4644,184,157,94489,3730,2151781,5814200
4645,197,172,94292,3755,2151953,5833400
4646,189,191,94103,3753,2152144,6043800
4647,189,173,93914,3769,2152317,5882600
4648,199,179,93715,3789,2152496,5972100
4649,207,191,93508,3805,2152687,5856700
4650,204,186,93304,3823,2152873,5822700
4651,202,184,93102,3841,2153057,5848200
4652,197,193,92905,3845,2153250,5801900
4653,187,194,92718,3838,2153444,5931900
4654,193,191,92525,3840,2153635,5959300
4655,209,187,92316,3862,2153822,6103100
4656,211,177,92105,3896,2153999,5912600
4657,212,189,91893,3919,2154188,5839600
4658,197,183,91696,3933,2154371,5841100
4659,202,220,91494,3915,2154591,5815500
4660,162,185,91332,3892,2154776,5812700
4661,177,216,91155,3853,2154992,5826700
4662,180,199,90975,3834,2155191,5836000
4663,182,183,90793,3833,2155374,5900500
4664,178,195,90615,3816,2155569,6045200
4665,160,210,90455,3766,2155779,5920200
4666,171,205,90284,3732,2155984,5954200
4667,200,188,90084,3744,2156172,5937100
4668,181,184,89903,3741,2156356,5910800
4669,201,207,89702,3735,2156563,5974800
4670,164,193,89538,3706,2156756,5888400
4671,165,171,89373,3700,2156927,5863000
4672,164,213,89209,3651,2157140,6590900
4673,173,196,89036,3628,2157336,5793300
4674,195,188,88841,3635,2157524,5817500
4675,161,178,88680,3618,2157702,5795700
4676,144,206,88536,3556,2157908,5791500
4677,161,166,88375,3551,2158074,5911300
4678,155,179,88220,3527,2158253,5808800
4679,151,174,88069,3504,2158427,5869400
4680,150,146,87919,3508,2158573,5903900
4681,155,171,87764,3492,2158744,5818200
4682,171,181,87593,3482,2158925,5823100
4683,174,177,87419,3479,2159102,5774200
4684,170,164,87249,3485,2159266,5771100
4685,200,173,87049,3512,2159439,6192200
4686,160,166,86889,3506,2159605,5828100
4687,191,158,86698,3539,2159763,5761700
4688,193,172,86505,3560,2159935,5928500
4689,191,168,86314,3583,2160103,6204300
4690,166,175,86148,3574,2160278,5916900
4691,158,208,85990,3524,2160486,5845500
4692,151,188,85839,3487,2160674,5793200
4693,146,188,85693,3445,2160862,5863100
4694,155,164,85538,3436,2161026,5775500
4695,167,184,85371,3419,2161210,5870100
4696,180,176,85191,3423,2161386,5789800
4697,165,172,85026,3416,2161558,5743600
4698,141,193,84885,3364,2161751,6119800
4699,135,154,84750,3345,2161905,5860400
4700,154,155,84596,3344,2162060,5841400
4701,159,180,84437,3323,2162240,5842900
4702,161,165,84276,3319,2162405,5803400
4703,150,157,84126,3312,2162562,5827100
4704,149,174,83977,3287,2162736,5739000
4705,143,173,83834,3257,2162909,5798300
4706,152,159,83682,3250,2163068,5914400
4707,157,161,83525,3246,2163229,5767500
4708,161,161,83364,3246,2163390,5982700
4709,145,122,83219,3269,2163512,6667200
4710,153,164,83066,3258,2163676,5915800
4711,155,162,82911,3251,2163838,6147700
4712,164,152,82747,3263,2163990,6145200
4713,154,177,82593,3240,2164167,5957100
4714,153,142,82440,3251,2164309,5934300
4715,168,169,82272,3250,2164478,6101000
4716,155,153,82117,3252,2164631,6471400
4717,161,166,81956,3247,2164797,6032200
4718,164,147,81792,3264,2164944,5934000
4719,170,164,81622,3270,2165108,6289100
4720,143,171,81479,3242,2165279,5918500
4721,153,171,81326,3224,2165450,6447000
4722,148,160,81178,3212,2165610,6122800
4723,154,176,81024,3190,2165786,5993000
4724,149,163,80875,3176,2165949,6455900
4725,157,176,80718,3157,2166125,5934900
4726,144,161,80574,3140,2166286,5981700
4727,155,185,80419,3110,2166471,5899400
4728,143,147,80276,3106,2166618,5905400
4729,164,160,80112,3110,2166778,6704300
4730,153,155,79959,3108,2166933,6134300
4731,164,162,79795,3110,2167095,6358300
4732,152,175,79643,3087,2167270,6089600
4733,155,177,79488,3065,2167447,6115500
4734,139,160,79349,3044,2167607,7010000
4735,141,150,79208,3035,2167757,6235700
4736,149,179,79059,3005,2167936,6194900
4737,149,158,78910,2996,2168094,6000900
4738,176,129,78734,3043,2168223,5897200
4739,166,178,78568,3031,2168401,6303400
4740,147,144,78421,3034,2168545,5867000
4741,140,130,78281,3044,2168675,6180300
4742,138,145,78143,3037,2168820,5995200
4743,159,163,77984,3033,2168983,5915700
4744,152,165,77832,3020,2169148,6003000
4745,138,138,77694,3020,2169286,5908500
4746,128,150,77566,2998,2169436,5875100
4747,151,160,77415,2989,2169596,5807000
4748,116,131,77299,2974,2169727,5782600
4749,169,150,77130,2993,2169877,6403300
4750,142,150,76988,2985,2170027,5840700
4751,151,142,76837,2994,2170169,5731100
4752,133,159,76704,2968,2170328,5793300
4753,152,176,76552,2944,2170504,5798000
4754,158,147,76394,2955,2170651,5758600
4755,159,152,76235,2962,2170803,5748800
4756,133,151,76102,2944,2170954,5765500
4757,141,165,75961,2920,2171119,5821300
4758,141,143,75820,2918,2171262,5765000
4759,167,131,75653,2954,2171393,5719400
4760,150,146,75503,2958,2171539,6150500
4761,143,180,75360,2921,2171719,5789900
4762,141,148,75219,2914,2171867,5714700
4763,156,149,75063,2921,2172016,5705000
4764,127,147,74936,2901,2172163,5683900
4765,140,143,74796,2898,2172306,5778600
4766,131,111,74665,2918,2172417,5723600
4767,130,154,74535,2894,2172571,5761500
4768,139,130,74396,2903,2172701,6552100
4769,127,135,74269,2895,2172836,5830100
4770,149,132,74120,2912,2172968,5770900
4771,139,144,73981,2907,2173112,5828900
4772,123,147,73858,2883,2173259,5681900
4773,131,166,73727,2848,2173425,5809500
4774,147,142,73580,2853,2173567,5724800
4775,122,143,73458,2832,2173710,5765300
4776,144,133,73314,2843,2173843,5893300
4777,111,126,73203,2828,2173969,5934100
4778,131,145,73072,2814,2174114,6229000
4779,134,150,72938,2798,2174264,5983000
4780,117,151,72821,2764,2174415,5949400
4781,138,149,72683,2753,2174564,6138100
4782,117,117,72566,2753,2174681,6228500
4783,136,152,72430,2737,2174833,5776800
4784,138,139,72292,2736,2174972,5741200
4785,130,154,72162,2712,2175126,5753500
4786,113,116,72049,2709,2175242,5696000
4787,111,139,71938,2681,2175381,5793700
4788,131,122,71807,2690,2175503,5792600
4789,124,138,71683,2676,2175641,5709300
4790,128,127,71555,2677,2175768,5931500
4791,132,137,71423,2672,2175905,5763700
4792,137,108,71286,2701,2176013,6063200
4793,112,121,71174,2692,2176134,6160300
4794,126,142,71048,2676,2176276,5667900
4795,120,141,70928,2655,2176417,6027100
4796,141,142,70787,2654,2176559,6082400
4797,127,136,70660,2645,2176695,5709800
4798,122,128,70538,2639,2176823,5840600
4799,116,127,70422,2628,2176950,5715300
4800,134,141,70288,2621,2177091,5705500
4801,127,115,70161,2633,2177206,5719900
4802,141,147,70020,2627,2177353,5707000
4803,141,146,69879,2622,2177499,5807100
4804,144,129,69735,2637,2177628,5732800
4805,145,150,69590,2632,2177778,5680800
4806,144,131,69446,2645,2177909,5862200
4807,143,140,69303,2648,2178049,5709100
4808,140,128,69163,2660,2178177,5665900
4809,135,150,69028,2645,2178327,5874600
4810,124,125,68904,2644,2178452,5650900
4811,137,124,68767,2657,2178576,5841300
4812,130,110,68637,2677,2178686,5664800
4813,141,143,68496,2675,2178829,5706200
4814,131,157,68365,2649,2178986,5824000
4815,119,120,68246,2648,2179106,5715100
4816,142,135,68104,2655,2179241,5803000
4817,118,115,67986,2658,2179356,5766300
4818,112,116,67874,2654,2179472,5672600
4819,119,139,67755,2634,2179611,5705900
4820,124,124,67631,2634,2179735,5836000
4821,144,126,67487,2652,2179861,5707200
4822,112,127,67375,2637,2179988,5710900
4823,135,129,67240,2643,2180117,5716400
4824,121,122,67119,2642,2180239,5709500
4825,126,126,66993,2642,2180365,6126700
4826,130,129,66863,2643,2180494,5781700
4827,101,153,66762,2591,2180647,5706600
4828,116,112,66646,2595,2180759,5776000
4829,119,123,66527,2591,2180882,5702400
4830,99,133,66428,2557,2181015,5720700
4831,103,123,66325,2537,2181138,5781100
4832,95,124,66230,2508,2181262,5752700
4833,110,121,66120,2497,2181383,6109000
4834,113,115,66007,2495,2181498,5941600
4835,117,135,65890,2477,2181633,5758900
4836,115,125,65775,2467,2181758,6072300
4837,115,133,65660,2449,2181891,5895400
4838,113,136,65547,2426,2182027,5827600
4839,102,118,65445,2410,2182145,5741100
4840,101,123,65344,2388,2182268,5767800
4841,123,129,65221,2382,2182397,5809500
4842,128,109,65093,2401,2182506,5666500
4843,120,108,64973,2413,2182614,5665400
4844,117,127,64856,2403,2182741,5760800
4845,118,110,64738,2411,2182851,5695800
4846,97,126,64641,2382,2182977,5717500
4847,107,116,64534,2373,2183093,5686500
4848,139,116,64395,2396,2183209,5708900
4849,123,120,64272,2399,2183329,5731200
4850,96,113,64176,2382,2183442,5694100
4851,127,109,64049,2400,2183551,5671100
4852,119,121,63930,2398,2183672,6665300
4853,138,127,63792,2409,2183799,5856300
4854,112,113,63680,2408,2183912,5759700
4855,125,106,63555,2427,2184018,5679400
4856,109,115,63446,2421,2184133,5667600
4857,105,111,63341,2415,2184244,5675100
4858,119,116,63222,2418,2184360,5685000
4859,112,98,63110,2432,2184458,5663600
4860,131,118,62979,2445,2184576,6251700
4861,113,115,62866,2443,2184691,5720000
4862,131,117,62735,2457,2184808,5668200
4863,111,118,62624,2450,2184926,5821900
4864,134,114,62490,2470,2185040,5683100
4865,106,138,62384,2438,2185178,5701400
4866,116,104,62268,2450,2185282,5708300
4867,110,135,62158,2425,2185417,5660700
4868,129,128,62029,2426,2185545,5746600
4869,105,118,61924,2413,2185663,5642200
4870,126,129,61798,2410,2185792,5965800
4871,140,110,61658,2440,2185902,5955500
4872,105,149,61553,2396,2186051,5661500
4873,122,111,61431,2407,2186162,5952800
4874,129,104,61302,2432,2186266,5739900
4875,99,129,61203,2402,2186395,5646700
4876,110,105,61093,2407,2186500,5849700
4877,105,124,60988,2388,2186624,5652700
4878,107,119,60881,2376,2186743,5680200
4879,107,125,60774,2358,2186868,5973700
4880,100,110,60674,2348,2186978,5666900
4881,105,123,60569,2330,2187101,5666300
4882,112,104,60457,2338,2187205,6436800
4883,133,135,60324,2336,2187340,5736300
4884,106,113,60218,2329,2187453,5684300
4885,119,102,60099,2346,2187555,5631300
4886,110,119,59989,2337,2187674,5645900
4887,117,112,59872,2342,2187786,5663900
4888,109,109,59763,2342,2187895,5638900
4889,107,115,59656,2334,2188010,5664900
4890,88,109,59568,2313,2188119,5675900
4891,117,115,59451,2315,2188234,5620300
4892,123,114,59328,2324,2188348,5640000
4893,103,138,59225,2289,2188486,5750600
4894,99,122,59126,2266,2188608,5706600
4895,96,103,59030,2259,2188711,5703800
4896,94,124,58936,2229,2188835,5634100
4897,95,115,58841,2209,2188950,5732300
4898,89,101,58752,2197,2189051,6568500
4899,84,106,58668,2175,2189157,5841500
4900,116,97,58552,2194,2189254,5632800
4901,96,118,58456,2172,2189372,6547200
4902,97,121,58359,2148,2189493,5723200
4903,84,107,58275,2125,2189600,5647600
4904,104,105,58171,2124,2189705,5816800
4905,97,82,58074,2139,2189787,5805100
4906,110,110,57964,2139,2189897,5953800
4907,100,119,57864,2120,2190016,5885000
4908,90,102,57774,2108,2190118,5940000
4909,100,85,57674,2123,2190203,5792800
4910,96,97,57578,2122,2190300,5723200
4911,91,95,57487,2118,2190395,7329100
4912,92,86,57395,2124,2190481,8012200
4913,103,110,57292,2117,2190591,7616400
4914,98,96,57194,2119,2190687,7505200
4915,99,115,57095,2103,2190802,7087500
4916,96,114,56999,2085,2190916,7089300
4917,115,100,56884,2100,2191016,7330900
4918,108,103,56776,2105,2191119,7318900
4919,93,126,56683,2072,2191245,7464300
4920,104,93,56579,2083,2191338,8488600
4921,118,109,56461,2092,2191447,6201200
4922,101,116,56360,2077,2191563,6585200
4923,101,120,56259,2058,2191683,7288400
4924,120,85,56139,2093,2191768,6805400
4925,100,109,56039,2084,2191877,5886700
4926,92,96,55947,2080,2191973,5927600
4927,83,98,55864,2065,2192071,6037700
4928,105,109,55759,2061,2192180,5760400
4929,94,97,55665,2058,2192277,6083100
4930,90,96,55575,2052,2192373,5763700
4931,101,113,55474,2040,2192486,5818400
4932,72,90,55402,2022,2192576,6526900
4933,96,73,55306,2045,2192649,7022500
4934,112,97,55194,2060,2192746,7265200
4935,96,103,55098,2053,2192849,7802700
4936,109,89,54989,2073,2192938,6112000
4937,88,105,54901,2056,2193043,5858900
4938,89,99,54812,2046,2193142,5821700
4939,91,96,54721,2041,2193238,6537000
4940,87,114,54634,2014,2193352,7290100
4941,95,114,54539,1995,2193466,7253500
4942,86,106,54453,1975,2193572,7380100
4943,91,94,54362,1972,2193666,7816600
4944,105,110,54257,1967,2193776,5608900
4945,89,105,54168,1951,2193881,5612700
4946,86,102,54082,1935,2193983,5721600
4947,71,69,54011,1937,2194052,5646400
4948,92,92,53919,1937,2194144,5697800
4949,73,120,53846,1890,2194264,5999700
4950,76,74,53770,1892,2194338,5862800
4951,83,106,53687,1869,2194444,6160700
4952,83,84,53604,1868,2194528,6841300
4953,89,87,53515,1870,2194615,7374300
4954,82,80,53433,1872,2194695,7382700
4955,99,95,53334,1876,2194790,7499500
4956,82,101,53252,1857,2194891,6010700
4957,92,97,53160,1852,2194988,5632500
4958,78,94,53082,1836,2195082,5934900
4959,78,87,53004,1827,2195169,5681300
4960,93,85,52911,1835,2195254,5607100
4961,89,93,52822,1831,2195347,5655000
4962,76,94,52746,1813,2195441,5659400
4963,72,89,52674,1796,2195530,5558700
4964,89,84,52585,1801,2195614,5684200
4965,73,85,52512,1789,2195699,5670100
4966,86,103,52426,1772,2195802,5664200
4967,77,97,52349,1752,2195899,5761800
4968,73,95,52276,1730,2195994,5726200
4969,80,86,52196,1724,2196080,5618200
4970,81,102,52115,1703,2196182,6880100
4971,71,79,52044,1695,2196261,7284400
4972,73,69,51971,1699,2196330,7099600
4973,69,87,51902,1681,2196417,7031300
4974,82,83,51820,1680,2196500,6852300
4975,69,86,51751,1663,2196586,6044400
4976,83,85,51668,1661,2196671,7235700
4977,77,69,51591,1669,2196740,7306000
4978,76,69,51515,1676,2196809,8135600
4979,77,66,51438,1687,2196875,5679300
4980,74,77,51364,1684,2196952,5587100
4981,66,96,51298,1654,2197048,5671700
4982,79,85,51219,1648,2197133,5573400
4983,68,75,51151,1641,2197208,5597700
4984,69,90,51082,1620,2197298,5690300
4985,62,78,51020,1604,2197376,5592500
4986,83,72,50937,1615,2197448,5595300
4987,81,71,50856,1625,2197519,5666700
4988,89,91,50767,1623,2197610,5639000
4989,73,86,50694,1610,2197696,5692100
4990,65,86,50629,1589,2197782,5815800
4991,69,82,50560,1576,2197864,5571700
4992,75,67,50485,1584,2197931,5623400
4993,79,68,50406,1595,2197999,5536600
4994,62,74,50344,1583,2198073,5606900
4995,79,77,50265,1585,2198150,5689700
4996,79,76,50186,1588,2198226,5649700
4997,62,69,50124,1581,2198295,5672500
4998,66,84,50058,1563,2198379,5727300
4999,76,89,49982,1550,2198468,5705000
5000,73,59,49909,1564,2198527,5636400
5001,70,90,49839,1544,2198617,5855900
5002,71,84,49768,1531,2198701,5669900
5003,65,69,49703,1527,2198770,5685900
5004,79,85,49624,1521,2198855,5640200
5005,69,89,49555,1501,2198944,5683800
5006,58,72,49497,1487,2199016,5728200
5007,60,81,49437,1466,2199097,5631200
5008,76,88,49361,1454,2199185,5611100
5009,62,74,49299,1442,2199259,5685700
5010,62,78,49237,1426,2199337,5621800
5011,60,62,49177,1424,2199399,5880100
5012,55,65,49122,1414,2199464,5708600
5013,70,77,49052,1407,2199541,5619500
5014,52,68,49000,1391,2199609,5604100
5015,60,68,48940,1383,2199677,5594000
5016,66,68,48874,1381,2199745,5548700
5017,54,60,48820,1375,2199805,5560700
5018,63,52,48757,1386,2199857,5576800
5019,62,73,48695,1375,2199930,5546300
5020,58,64,48637,1369,2199994,5560100
5021,57,55,48580,1371,2200049,5545400
5022,68,72,48512,1367,2200121,5635700
5023,72,72,48440,1367,2200193,5615700
5024,56,70,48384,1353,2200263,5604400
5025,76,78,48308,1351,2200341,5553100
5026,70,69,48238,1352,2200410,5784500
5027,78,75,48160,1355,2200485,5543400
5028,55,80,48105,1330,2200565,5516300
5029,51,77,48054,1304,2200642,6446400
5030,61,57,47993,1308,2200699,5501000
5031,68,78,47925,1298,2200777,6109700
5032,54,64,47871,1288,2200841,5706400
5033,46,65,47825,1269,2200906,5590700
5034,48,64,47777,1253,2200970,6653100
5035,55,78,47722,1230,2201048,5580700
5036,48,62,47674,1216,2201110,5636900
5037,45,58,47629,1203,2201168,6188900
5038,55,57,47574,1201,2201225,5567200
5039,45,66,47529,1180,2201291,5989600
5040,54,51,47475,1183,2201342,5982100
5041,49,65,47426,1167,2201407,5624100
5042,51,67,47375,1151,2201474,5607700
5043,47,58,47328,1140,2201532,5522900
5044,47,52,47281,1135,2201584,5528500
5045,59,49,47222,1145,2201633,5602900
5046,41,59,47181,1127,2201692,5664100
5047,35,62,47146,1100,2201754,5850400
5048,52,48,47094,1104,2201802,5595700
5049,58,52,47036,1110,2201854,5543400
5050,41,51,46995,1100,2201905,5564200
5051,60,55,46935,1105,2201960,5529700
5052,42,53,46893,1094,2202013,5533300
5053,52,46,46841,1100,2202059,5529500
5054,57,50,46784,1107,2202109,5498800
5055,57,51,46727,1113,2202160,5544700
5056,40,52,46687,1101,2202212,5697000
5057,60,51,46627,1110,2202263,5543500
5058,44,48,46583,1106,2202311,5538100
5059,55,58,46528,1103,2202369,6608800
5060,47,64,46481,1086,2202433,5651500
5061,56,58,46425,1084,2202491,5576600
5062,52,56,46373,1080,2202547,5499500
5063,53,41,46320,1092,2202588,5524100
5064,47,42,46273,1097,2202630,5574100
5065,49,53,46224,1093,2202683,5503200
5066,41,64,46183,1070,2202747,5540900
5067,44,46,46139,1068,2202793,5618100
5068,51,54,46088,1065,2202847,5953200
5069,36,54,46052,1047,2202901,5700400
5070,46,56,46006,1037,2202957,6148400
5071,61,50,45945,1048,2203007,5929800
5072,42,50,45903,1040,2203057,5963600
5073,54,49,45849,1045,2203106,5578900
5074,55,56,45794,1044,2203162,5502400
5075,38,52,45756,1030,2203214,5538100
5076,54,51,45702,1033,2203265,5535500
5077,56,41,45646,1048,2203306,5557500
5078,51,46,45595,1053,2203352,5779300
5079,64,54,45531,1063,2203406,5557100
5080,55,45,45476,1073,2203451,5468200
5081,60,56,45416,1077,2203507,5710500
5082,58,60,45358,1075,2203567,5684900
5083,53,47,45305,1081,2203614,5757400
5084,57,53,45248,1085,2203667,5856300
5085,49,50,45199,1084,2203717,5662200
5086,41,50,45158,1075,2203767,5600400
5087,45,66,45113,1054,2203833,5941800
5088,43,54,45070,1043,2203887,5510400
5089,51,39,45019,1055,2203926,5609300
5090,49,41,44970,1063,2203967,5515900
5091,59,65,44911,1057,2204032,5499100
5092,56,44,44855,1069,2204076,5579600
5093,51,62,44804,1058,2204138,5497400
5094,42,58,44762,1042,2204196,5561000
5095,61,52,44701,1051,2204248,5726100
5096,62,75,44639,1038,2204323,5509200
5097,62,45,44577,1055,2204368,5794500
5098,66,50,44511,1071,2204418,5541200
5099,56,66,44455,1061,2204484,5533100
5100,61,53,44394,1069,2204537,5608700
5101,43,56,44351,1056,2204593,5521700
5102,51,53,44300,1054,2204646,5517100
5103,47,60,44253,1041,2204706,5619700
5104,52,61,44201,1032,2204767,5521600
5105,47,47,44154,1032,2204814,5539500
5106,62,53,44092,1041,2204867,5619600
5107,42,59,44050,1024,2204926,5519900
5108,44,48,44006,1020,2204974,5522300
5109,55,47,43951,1028,2205021,5538900
5110,50,60,43901,1018,2205081,5511400
5111,55,55,43846,1018,2205136,5658400
5112,45,42,43801,1021,2205178,5709000
5113,36,57,43765,1000,2205235,5534000
5114,47,44,43718,1003,2205279,5626600
5115,61,46,43657,1018,2205325,5459900
5116,52,56,43605,1014,2205381,5570100
5117,53,52,43552,1015,2205433,6263900
5118,34,53,43518,996,2205486,5729400
5119,44,58,43474,982,2205544,5702600
5120,41,55,43433,968,2205599,5678500
5121,43,49,43390,962,2205648,5680600
5122,50,44,43340,968,2205692,5727200
5123,51,51,43289,968,2205743,6282400
5124,32,36,43257,964,2205779,5737500
5125,39,50,43218,953,2205829,5649300
5126,37,51,43181,939,2205880,5658800
5127,34,42,43147,931,2205922,5646100
5128,38,36,43109,933,2205958,6012300
5129,43,53,43066,923,2206011,5763700
5130,48,42,43018,929,2206053,5853600
5131,46,41,42972,934,2206094,5783400
5132,36,36,42936,934,2206130,5752400
5133,34,47,42902,921,2206177,6026300
5134,54,42,42848,933,2206219,6053700
5135,31,39,42817,925,2206258,5748600
5136,49,48,42768,926,2206306,5898300
5137,38,35,42730,929,2206341,5631200
5138,36,50,42694,915,2206391,5664800
5139,55,43,42639,927,2206434,5616500
5140,43,45,42596,925,2206479,5693000
5141,41,56,42555,910,2206535,5786000
5142,38,44,42517,904,2206579,5693400
5143,42,40,42475,906,2206619,5648900
5144,44,52,42431,898,2206671,6210100
5145,49,54,42382,893,2206725,5692000
5146,41,43,42341,891,2206768,5818400
5147,42,38,42299,895,2206806,6132000
5148,39,44,42260,890,2206850,5618900
5149,53,30,42207,913,2206880,5999300
5150,37,44,42170,906,2206924,5904400
5151,38,44,42132,900,2206968,5583200
5152,40,35,42092,905,2207003,5796200
5153,38,38,42054,905,2207041,5494700
5154,48,49,42006,904,2207090,5490300
5155,50,48,41956,906,2207138,5651200
5156,42,45,41914,903,2207183,5448700
5157,38,48,41876,893,2207231,5530000
5158,55,39,41821,909,2207270,5445100
5159,37,49,41784,897,2207319,5462600
5160,33,56,41751,874,2207375,5521600
5161,41,45,41710,870,2207420,5457500
5162,35,53,41675,852,2207473,5419900
5163,43,32,41632,863,2207505,5518000
5164,40,37,41592,866,2207542,5495600
5165,26,46,41566,846,2207588,5510400
5166,33,49,41533,830,2207637,5575900
5167,35,51,41498,814,2207688,5576700
5168,38,46,41460,806,2207734,5908600
5169,43,47,41417,802,2207781,5856300
5170,35,29,41382,808,2207810,5461100
5171,35,49,41347,794,2207859,5494800
5172,49,47,41298,796,2207906,5537500
5173,42,45,41256,793,2207951,5514000
5174,40,49,41216,784,2208000,5889200
5175,35,45,41181,774,2208045,5745200
5176,44,37,41137,781,2208082,5508100
5177,37,44,41100,774,2208126,5644400
5178,38,35,41062,777,2208161,5538500
5179,30,40,41032,767,2208201,5548200
5180,38,38,40994,767,2208239,6289100
5181,31,34,40963,764,2208273,5840200
5182,43,24,40920,783,2208297,5489200
5183,30,33,40890,780,2208330,5554300
5184,40,50,40850,770,2208380,5507700
5185,31,38,40819,763,2208418,5584800
5186,47,40,40772,770,2208458,5432100
5187,43,44,40729,769,2208502,5463300
5188,36,38,40693,767,2208540,5859700
5189,33,35,40660,765,2208575,5748700
5190,38,32,40622,771,2208607,5646100
5191,42,40,40580,773,2208647,5892600
5192,36,41,40544,768,2208688,5503500
5193,42,44,40502,766,2208732,5466600
5194,34,33,40468,767,2208765,6133800
5195,37,26,40431,778,2208791,5868100
5196,36,35,40395,779,2208826,6036900
5197,29,37,40366,771,2208863,5579000
5198,35,40,40331,766,2208903,5455500
5199,24,27,40307,763,2208930,5478600
5200,24,46,40283,741,2208976,5531300
5201,27,37,40256,731,2209013,5469100
5202,34,44,40222,721,2209057,5525500
5203,34,35,40188,720,2209092,5504500
5204,37,37,40151,720,2209129,5456100
5205,34,40,40117,714,2209169,5517400
5206,27,35,40090,706,2209204,5455100
5207,28,35,40062,699,2209239,5804800
5208,24,29,40038,694,2209268,6047100
5209,27,29,40011,692,2209297,5812000
5210,33,31,39978,694,2209328,5468000
5211,34,42,39944,686,2209370,6178500
5212,27,43,39917,670,2209413,5580500
5213,34,40,39883,664,2209453,6015800
5214,38,24,39845,678,2209477,5641400
5215,26,36,39819,668,2209513,6199500
5216,33,31,39786,670,2209544,6299000
5217,26,25,39760,671,2209569,5562300
5218,35,41,39725,665,2209610,5998400
5219,31,33,39694,663,2209643,5864200
5220,28,32,39666,659,2209675,5521900
5221,32,30,39634,661,2209705,6060200
5222,26,27,39608,660,2209732,5460300
5223,23,27,39585,656,2209759,5499800
5224,20,33,39565,643,2209792,6170400
5225,33,35,39532,641,2209827,5491000
5226,24,21,39508,644,2209848,5410400
5227,18,35,39490,627,2209883,6016800
5228,26,37,39464,616,2209920,5611300
5229,19,28,39445,607,2209948,5512000
5230,23,34,39422,596,2209982,5419400
5231,22,22,39400,596,2210004,5478400
5232,21,23,39379,594,2210027,5848600
5233,20,27,39359,587,2210054,5575200
5234,19,25,39340,581,2210079,5471900
5235,25,28,39315,578,2210107,5513900
5236,18,26,39297,570,2210133,5448000
5237,22,34,39275,558,2210167,5432100
5238,17,30,39258,545,2210197,5546200
5239,22,30,39236,537,2210227,5419300
5240,21,27,39215,531,2210254,5580900
5241,21,27,39194,525,2210281,5607400
5242,19,26,39175,518,2210307,5474500
5243,18,27,39157,509,2210334,5408500
5244,21,20,39136,510,2210354,5515300
5245,26,28,39110,508,2210382,5460600
5246,24,33,39086,499,2210415,5475500
5247,28,26,39058,501,2210441,5663200
5248,19,24,39039,496,2210465,5626000
5249,31,34,39008,493,2210499,5679600
5250,24,27,38984,490,2210526,5589400
5251,29,31,38955,488,2210557,5490200
5252,19,22,38936,485,2210579,6099700
5253,29,21,38907,493,2210600,5544000
5254,24,25,38883,492,2210625,5473600
5255,32,22,38851,502,2210647,6174500
5256,22,16,38829,508,2210663,5509500
5257,29,25,38800,512,2210688,5856500
5258,29,34,38771,507,2210722,6034800
5259,29,23,38742,513,2210745,5765800
5260,21,21,38721,513,2210766,5861600
5261,24,25,38697,512,2210791,5670700
5262,19,20,38678,511,2210811,5480700
5263,27,23,38651,515,2210834,5519200
5264,27,28,38624,514,2210862,5452400
5265,26,21,38598,519,2210883,5451800
5266,36,22,38562,533,2210905,5615800
5267,30,25,38532,538,2210930,5431700
5268,30,29,38502,539,2210959,5436700
5269,26,30,38476,535,2210989,5532900
5270,31,25,38445,541,2211014,5452000
5271,31,24,38414,548,2211038,5459200
5272,30,35,38384,543,2211073,5680700
5273,27,27,38357,543,2211100,5474000
5274,28,30,38329,541,2211130,5827900
5275,31,19,38298,553,2211149,5583200
5276,17,29,38281,541,2211178,5447700
5277,21,34,38260,528,2211212,5489300
5278,23,22,38237,529,2211234,5441000
5279,27,26,38210,530,2211260,5426100
5280,15,28,38195,517,2211288,5530800
5281,27,17,38168,527,2211305,5437500
5282,21,21,38147,527,2211326,5409000
5283,27,27,38120,527,2211353,5548800
5284,23,23,38097,527,2211376,5484800
5285,16,25,38081,518,2211401,5477200
5286,25,29,38056,514,2211430,5524500
5287,22,24,38034,512,2211454,5419300
5288,21,32,38013,501,2211486,5449700
5289,21,20,37992,502,2211506,5381200
5290,28,23,37964,507,2211529,5415700
5291,24,28,37940,503,2211557,5457600
5292,19,26,37921,496,2211583,5435200
5293,29,24,37892,501,2211607,5399600
5294,30,24,37862,507,2211631,5639500
5295,26,32,37836,501,2211663,5517100
5296,25,27,37811,499,2211690,5446200
5297,19,28,37792,490,2211718,5493100
5298,36,32,37756,494,2211750,5450500
5299,22,34,37734,482,2211784,5462600
5300,18,15,37716,485,2211799,5583600
5301,19,23,37697,481,2211822,5421700
5302,16,21,37681,476,2211843,5439700
5303,23,18,37658,481,2211861,5524700
5304,27,24,37631,484,2211885,5430300
5305,20,36,37611,468,2211921,5472500
5306,21,22,37590,467,2211943,5502500
5307,16,26,37574,457,2211969,5478600
5308,24,22,37550,459,2211991,5507100
5309,20,24,37530,455,2212015,5482200
5310,30,16,37500,469,2212031,5486700
5311,17,41,37483,445,2212072,5858500
5312,18,19,37465,444,2212091,5667600
5313,18,21,37447,441,2212112,5605400
5314,17,30,37430,428,2212142,5574000
5315,33,20,37397,441,2212162,5563700
5316,23,14,37374,450,2212176,5527400
5317,35,23,37339,462,2212199,5857600
5318,25,27,37314,460,2212226,5475900
5319,26,23,37288,463,2212249,5482800
5320,25,21,37263,467,2212270,5524700
5321,18,17,37245,468,2212287,5435000
5322,19,25,37226,462,2212312,5465600
5323,23,24,37203,461,2212336,6152900
5324,17,20,37186,458,2212356,5511100
5325,22,19,37164,461,2212375,5550400
5326,23,21,37141,463,2212396,5483800
5327,31,19,37110,475,2212415,5391200
5328,18,29,37092,464,2212444,5458400
5329,24,22,37068,466,2212466,5412700
5330,22,18,37046,470,2212484,5427300
5331,21,21,37025,470,2212505,5585000
5332,17,25,37008,462,2212530,5625300
5333,18,16,36990,464,2212546,5641900
5334,23,16,36967,471,2212562,5618000
5335,23,25,36944,469,2212587,5576600
5336,21,24,36923,466,2212611,5588900
5337,18,32,36905,452,2212643,5587800
5338,26,31,36879,447,2212674,5544200
5339,24,18,36855,453,2212692,5645100
5340,18,33,36837,438,2212725,5545700
5341,21,21,36816,438,2212746,5631800
5342,23,20,36793,441,2212766,5667200
5343,17,22,36776,436,2212788,5630900
5344,18,15,36758,439,2212803,5610800
5345,16,26,36742,429,2212829,5743600
5346,24,25,36718,428,2212854,5608800
5347,20,25,36698,423,2212879,5821700
5348,25,21,36673,427,2212900,5586000
5349,14,25,36659,416,2212925,5587300
5350,24,22,36635,418,2212947,5638100
5351,23,16,36612,425,2212963,5662800
5352,22,27,36590,420,2212990,5655700
5353,25,23,36565,422,2213013,5754800
5354,20,20,36545,422,2213033,5678600
5355,31,21,36514,432,2213054,5663900
5356,18,14,36496,436,2213068,5793200
5357,17,21,36479,432,2213089,5622700
5358,29,16,36450,445,2213105,5696100
5359,26,21,36424,450,2213126,5685200
5360,17,18,36407,449,2213144,5615300
5361,18,24,36389,443,2213168,5643600
5362,15,21,36374,437,2213189,5539000
5363,24,18,36350,443,2213207,5565900
5364,21,18,36329,446,2213225,5611200
5365,12,28,36317,430,2213253,5438800
5366,18,20,36299,428,2213273,5510900
5367,13,17,36286,424,2213290,5549200
5368,21,28,36265,417,2213318,5434700
5369,13,29,36252,401,2213347,5455800
5370,19,14,36233,406,2213361,6458300
5371,27,23,36206,410,2213384,5517300
5372,16,18,36190,408,2213402,5533800
5373,19,25,36171,402,2213427,5446800
5374,18,17,36153,403,2213444,5449300
5375,13,27,36140,389,2213471,5453300
5376,15,26,36125,378,2213497,5417600
5377,15,21,36110,372,2213518,5433700
5378,16,18,36094,370,2213536,5500500
5379,21,20,36073,371,2213556,5482400
5380,20,23,36053,368,2213579,5465600
5381,17,13,36036,372,2213592,5812800
5382,15,14,36021,373,2213606,5890700
5383,20,16,36001,377,2213622,5455800
5384,18,13,35983,382,2213635,5522600
5385,9,23,35974,368,2213658,5454500
5386,19,18,35955,369,2213676,5399500
5387,15,18,35940,366,2213694,5531200
5388,15,19,35925,362,2213713,5379000
5389,23,16,35902,369,2213729,5608700
5390,17,20,35885,366,2213749,5671300
5391,14,17,35871,363,2213766,5520900
5392,16,15,35855,364,2213781,5834500
5393,15,18,35840,361,2213799,5836600
5394,10,24,35830,347,2213823,5471200
5395,14,23,35816,338,2213846,5464200
5396,13,16,35803,335,2213862,5444100
5397,15,19,35788,331,2213881,5415200
5398,13,20,35775,324,2213901,5910500
5399,17,21,35758,320,2213922,5896100
5400,21,18,35737,323,2213940,5469500
5401,15,17,35722,321,2213957,6167100
5402,15,15,35707,321,2213972,5470600
5403,16,20,35691,317,2213992,5582000
5404,14,14,35677,317,2214006,5555600
5405,15,15,35662,317,2214021,5440000
5406,23,18,35639,322,2214039,5451200
5407,12,12,35627,322,2214051,5409100
5408,17,23,35610,316,2214074,5365500
5409,16,16,35594,316,2214090,5494900
5410,18,19,35576,315,2214109,5430600
5411,10,12,35566,313,2214121,5382800
5412,19,16,35547,316,2214137,6261500
5413,14,13,35533,317,2214150,5474000
5414,15,21,35518,311,2214171,5488000
5415,18,13,35500,316,2214184,5547600
5416,18,22,35482,312,2214206,5465300
5417,17,11,35465,318,2214217,5470000
5418,21,17,35444,322,2214234,5600400
5419,16,15,35428,323,2214249,5577600
5420,28,16,35400,335,2214265,5553800
5421,16,22,35384,329,2214287,5557900
5422,12,13,35372,328,2214300,5532300
5423,22,16,35350,334,2214316,5503400
5424,17,21,35333,330,2214337,5400200
5425,18,16,35315,332,2214353,5462900
5426,15,26,35300,321,2214379,5463100
5427,14,15,35286,320,2214394,5437600
5428,15,19,35271,316,2214413,5517600
5429,19,23,35252,312,2214436,5516500
5430,13,11,35239,314,2214447,5601100
5431,12,23,35227,303,2214470,5584500
5432,14,17,35213,300,2214487,5589400
5433,20,7,35193,313,2214494,5640900
5434,15,12,35178,316,2214506,5878400
5435,16,16,35162,316,2214522,5599800
5436,17,22,35145,311,2214544,5471100
5437,18,13,35127,316,2214557,5529900
5438,15,21,35112,310,2214578,6034500
5439,16,15,35096,311,2214593,5738000
5440,17,14,35079,314,2214607,6009100
5441,17,21,35062,310,2214628,5954800
5442,15,13,35047,312,2214641,5523500
5443,15,12,35032,315,2214653,5516100
5444,23,17,35009,321,2214670,5438000
5445,17,13,34992,325,2214683,5604800
5446,16,25,34976,316,2214708,5915500
5447,11,15,34965,312,2214723,5399500
5448,18,10,34947,320,2214733,5512500
5449,8,11,34939,317,2214744,5446800
5450,14,11,34925,320,2214755,5438700
5451,16,13,34909,323,2214768,5516500
5452,12,16,34897,319,2214784,5454900
5453,14,11,34883,322,2214795,5525900
5454,9,25,34874,306,2214820,5833400
5455,11,15,34863,302,2214835,5478500
5456,11,15,34852,298,2214850,5377900
5457,11,21,34841,288,2214871,5520300
5458,23,17,34818,294,2214888,5402100
5459,10,9,34808,295,2214897,5443800
5460,16,14,34792,297,2214911,5452700
5461,18,13,34774,302,2214924,5412200
5462,7,14,34767,295,2214938,5404600
5463,10,18,34757,287,2214956,5556300
5464,8,15,34749,280,2214971,5419800
5465,6,15,34743,271,2214986,5370400
5466,9,23,34734,257,2215009,5713900
5467,8,16,34726,249,2215025,5405500
5468,11,15,34715,245,2215040,5449700
5469,7,17,34708,235,2215057,5507600
5470,9,7,34699,237,2215064,5393500
5471,8,18,34691,227,2215082,5393200
5472,12,16,34679,223,2215098,5410300
5473,9,8,34670,224,2215106,5361900
5474,9,13,34661,220,2215119,5476900
5475,12,13,34649,219,2215132,5456300
5476,10,7,34639,222,2215139,5421000
5477,11,11,34628,222,2215150,5451800
5478,10,12,34618,220,2215162,5426500
5479,13,10,34605,223,2215172,5426900
5480,8,9,34597,222,2215181,5440000
5481,9,13,34588,218,2215194,5429900
5482,11,8,34577,221,2215202,5407500
5483,9,11,34568,219,2215213,5519200
5484,10,8,34558,221,2215221,5791700
5485,16,12,34542,225,2215233,5454900
5486,10,16,34532,219,2215249,5738600
5487,10,15,34522,214,2215264,5437000
5488,13,11,34509,216,2215275,5434000
5489,11,12,34498,215,2215287,5442800
5490,9,12,34489,212,2215299,5415500
5491,10,10,34479,212,2215309,5403600
5492,7,10,34472,209,2215319,5398100
5493,10,14,34462,205,2215333,5448200
5494,13,7,34449,211,2215340,5757400
5495,8,9,34441,210,2215349,5864200
5496,5,18,34436,197,2215367,5461400
5497,9,9,34427,197,2215376,5468700
5498,3,7,34424,193,2215383,5578100
5499,9,8,34415,194,2215391,5545400
5500,7,5,34408,196,2215396,5771000
5501,3,10,34405,189,2215406,5570000
5502,8,9,34397,188,2215415,5545500
5503,8,12,34389,184,2215427,5636600
5504,3,9,34386,178,2215436,5427700
5505,3,11,34383,170,2215447,5402900
5506,9,9,34374,170,2215456,5463400
5507,8,14,34366,164,2215470,5380300
5508,6,6,34360,164,2215476,5454100
5509,6,4,34354,166,2215480,5420000
5510,6,5,34348,167,2215485,5404400
5511,4,13,34344,158,2215498,5474700
5512,8,4,34336,162,2215502,5426500
5513,6,5,34330,163,2215507,5401200
5514,7,7,34323,163,2215514,5492200
5515,5,8,34318,160,2215522,5460500
5516,5,5,34313,160,2215527,5451700
5517,2,5,34311,157,2215532,5713600
5518,10,5,34301,162,2215537,5410800
5519,3,8,34298,157,2215545,5404900
5520,9,8,34289,158,2215553,5471200
5521,13,7,34276,164,2215560,5408300
5522,5,9,34271,160,2215569,5421100
5523,3,9,34268,154,2215578,5484000
5524,5,4,34263,155,2215582,5403300
5525,6,7,34257,154,2215589,5445500
5526,9,7,34248,156,2215596,5462800
5527,4,7,34244,153,2215603,5399000
5528,5,10,34239,148,2215613,5461900
5529,12,2,34227,158,2215615,5442900
5530,7,10,34220,155,2215625,5511600
5531,6,10,34214,151,2215635,5520800
5532,12,7,34202,156,2215642,5519200
5533,3,4,34199,155,2215646,5506900
5534,9,8,34190,156,2215654,5551300
5535,11,10,34179,157,2215664,5545900
5536,6,9,34173,154,2215673,5483700
5537,5,9,34168,150,2215682,6438000
5538,7,7,34161,150,2215689,5515400
5539,7,2,34154,155,2215691,5482700
5540,5,8,34149,152,2215699,5475200
5541,7,9,34142,150,2215708,5409500
5542,11,10,34131,151,2215718,5460100
5543,10,7,34121,154,2215725,5388500
5544,9,4,34112,159,2215729,5378900
5545,12,3,34100,168,2215732,5418900
5546,8,10,34092,166,2215742,5530300
5547,7,9,34085,164,2215751,5584900
5548,7,12,34078,159,2215763,5592400
5549,9,5,34069,163,2215768,5534700
5550,5,5,34064,163,2215773,5518300
5551,9,6,34055,166,2215779,5594800
5552,8,9,34047,165,2215788,5541500
5553,3,8,34044,160,2215796,5514000
5554,6,2,34038,164,2215798,5588500
5555,5,6,34033,163,2215804,5550100
5556,8,6,34025,165,2215810,5522700
5557,2,11,34023,156,2215821,5834000
5558,7,8,34016,155,2215829,5570300
5559,2,8,34014,149,2215837,5570600
5560,2,5,34012,146,2215842,5593100
5561,3,5,34009,144,2215847,5675600
5562,2,9,34007,137,2215856,5602100
5563,5,4,34002,138,2215860,5561600
5564,5,8,33997,135,2215868,5550600
5565,3,8,33994,130,2215876,5537500
5566,5,4,33989,131,2215880,5587100
5567,4,5,33985,130,2215885,5518500
5568,6,4,33979,132,2215889,5580000
5569,6,9,33973,129,2215898,5655700
5570,5,9,33968,125,2215907,5561500
5571,3,3,33965,125,2215910,5787800
5572,4,11,33961,118,2215921,5586800
5573,5,6,33956,117,2215927,5971900
5574,2,4,33954,115,2215931,5730000
5575,6,5,33948,116,2215936,5672800
5576,9,6,33939,119,2215942,5949500
5577,5,7,33934,117,2215949,5567800
5578,6,5,33928,118,2215954,5544600
5579,7,6,33921,119,2215960,5685900
5580,1,5,33920,115,2215965,5423600
5581,1,7,33919,109,2215972,5619300
5582,2,7,33917,104,2215979,5509600
5583,2,1,33915,105,2215980,5438700
5584,3,6,33912,102,2215986,5436400
5585,2,3,33910,101,2215989,5402100
5586,1,6,33909,96,2215995,5369700
5587,5,6,33904,95,2216001,5452600
5588,5,4,33899,96,2216005,5394800
5589,4,8,33895,92,2216013,5425400
5590,3,1,33892,94,2216014,5422400
5591,1,5,33891,90,2216019,5391200
5592,9,2,33882,97,2216021,5422000
5593,2,2,33880,97,2216023,5725200
5594,3,3,33877,97,2216026,5480300
5595,2,5,33875,94,2216031,5400300
5596,4,5,33871,93,2216036,5648900
5597,5,6,33866,92,2216042,5962100
5598,4,5,33862,91,2216047,5404900
5599,3,5,33859,89,2216052,5421800
5600,7,4,33852,92,2216056,5360000
5601,3,6,33849,89,2216062,5389800
5602,4,4,33845,89,2216066,5414300
5603,2,4,33843,87,2216070,5370700
5604,3,10,33840,80,2216080,5440500
5605,1,2,33839,79,2216082,5384100
5606,5,1,33834,83,2216083,5363200
5607,4,5,33830,82,2216088,5489300
5608,1,5,33829,78,2216093,5409000
5609,4,7,33825,75,2216100,5445000
5610,2,1,33823,76,2216101,5549200
5611,1,2,33822,75,2216103,5581600
5612,9,5,33813,79,2216108,5557700
5613,1,4,33812,76,2216112,5617500
5614,3,6,33809,73,2216118,5764700
5615,2,6,33807,69,2216124,5850900
5616,2,5,33805,66,2216129,5574400
5617,3,7,33802,62,2216136,5428600
5618,2,8,33800,56,2216144,5520800
5619,1,6,33799,51,2216150,5599900
5620,0,1,33799,50,2216151,5657400
5621,0,3,33799,47,2216154,5554700
5622,1,0,33798,48,2216154,5530400
5623,1,3,33797,46,2216157,5500200
5624,2,1,33795,47,2216158,5408500
5625,3,0,33792,50,2216158,5435300
5626,4,2,33788,52,2216160,5373700
5627,2,5,33786,49,2216165,6071900
5628,3,3,33783,49,2216168,5456200
5629,0,1,33783,48,2216169,5390200
5630,2,3,33781,47,2216172,5493200
5631,3,3,33778,47,2216175,5475200
5632,2,4,33776,45,2216179,5458300
5633,0,3,33776,42,2216182,5416100
5634,1,1,33775,42,2216183,5415900
5635,1,1,33774,42,2216184,5385700
5636,3,1,33771,44,2216185,5630200
5637,3,1,33768,46,2216186,5565000
5638,2,2,33766,46,2216188,6180400
5639,1,2,33765,45,2216190,5464000
5640,4,2,33761,47,2216192,5344700
5641,3,2,33758,48,2216194,5457800
5642,4,3,33754,49,2216197,5408400
5643,1,1,33753,49,2216198,5458100
5644,1,2,33752,48,2216200,5413400
5645,1,0,33751,49,2216200,5421000
5646,4,3,33747,50,2216203,5414200
5647,1,2,33746,49,2216205,5434800
5648,2,3,33744,48,2216208,5364000
5649,3,5,33741,46,2216213,5465500
5650,4,3,33737,47,2216216,5544400
5651,1,1,33736,47,2216217,5677900
5652,0,3,33736,44,2216220,5526300
5653,0,3,33736,41,2216223,5423500
5654,3,0,33733,44,2216223,5401400
5655,3,3,33730,44,2216226,5437300
5656,0,0,33730,44,2216226,5414500
5657,1,2,33729,43,2216228,5396800
5658,1,2,33728,42,2216230,5429900
5659,0,3,33728,39,2216233,5357800
5660,0,2,33728,37,2216235,5369700
5661,1,1,33727,37,2216236,5473600
5662,0,2,33727,35,2216238,5421300
5663,0,1,33727,34,2216239,5393900
5664,0,2,33727,32,2216241,5454500
5665,0,1,33727,31,2216242,5424400
5666,0,1,33727,30,2216243,5478400
5667,0,2,33727,28,2216245,5431300
5668,0,1,33727,27,2216246,5526100
5669,0,1,33727,26,2216247,5438600
5670,0,0,33727,26,2216247,5445300
5671,1,0,33726,27,2216247,5410900
5672,1,1,33725,27,2216248,5397700
5673,0,1,33725,26,2216249,5475100
5674,1,0,33724,27,2216249,5413400
5675,0,0,33724,27,2216249,5385600
5676,0,1,33724,26,2216250,5929400
5677,0,2,33724,24,2216252,5440000
5678,0,1,33724,23,2216253,5473600
5679,0,2,33724,21,2216255,5373400
5680,0,2,33724,19,2216257,5413700
5681,0,1,33724,18,2216258,5412300
5682,0,2,33724,16,2216260,5388000
5683,0,1,33724,15,2216261,5424700
5684,0,2,33724,13,2216263,5411200
5685,0,2,33724,11,2216265,5504100
5686,0,1,33724,10,2216266,5566700
5687,0,0,33724,10,2216266,6035700
5688,0,0,33724,10,2216266,5583700
5689,0,2,33724,8,2216268,5518600
5690,0,0,33724,8,2216268,5631400
5691,0,0,33724,8,2216268,5448200
5692,0,1,33724,7,2216269,5429700
5693,0,0,33724,7,2216269,5941900
5694,0,1,33724,6,2216270,5443000
5695,0,0,33724,6,2216270,5445200
5696,0,2,33724,4,2216272,5460400
5697,0,1,33724,3,2216273,5354600
5698,0,0,33724,3,2216273,5511300
5699,0,0,33724,3,2216273,5490700
5700,0,0,33724,3,2216273,5660800
5701,0,0,33724,3,2216273,5391500
5702,0,0,33724,3,2216273,5403800
5703,0,0,33724,3,2216273,5408500
5704,0,0,33724,3,2216273,5810200
5705,0,2,33724,1,2216275,6000700
5706,0,0,33724,1,2216275,5426600
5707,0,0,33724,1,2216275,5435200
5708,0,0,33724,1,2216275,5391200
5709,0,0,33724,1,2216275,5395100
5710,0,0,33724,1,2216275,5561600
5711,0,0,33724,1,2216275,5462300
5712,0,0,33724,1,2216275,5466400
5713,0,0,33724,1,2216275,6565900
5714,0,0,33724,1,2216275,5546400
5715,0,0,33724,1,2216275,5536500
5716,0,0,33724,1,2216275,5505500
5717,0,0,33724,1,2216275,5468800
5718,0,0,33724,1,2216275,5523400
5719,0,1,33724,0,2216276,5448100
