Tick,NewlyInfected,NewlyRecovered,TotalSusceptible,TotalInfected,TotalRecovered,StepTimeNanos
0,1,0,2249994,6,0,18840500
1,3,0,2249991,9,0,19243400
2,2,1,2249989,10,1,5406300
3,1,1,2249988,10,2,5683500
4,3,0,2249985,13,2,6218100
5,3,0,2249982,16,2,5668600
6,2,1,2249980,17,3,5603700
7,1,0,2249979,18,3,5652000
8,6,1,2249973,23,4,5519100
9,4,0,2249969,27,4,5972300
10,9,1,2249960,35,5,5760600
11,9,2,2249951,42,7,5752700
12,10,1,2249941,51,8,5550900
13,7,2,2249934,56,10,5982200
14,9,2,2249925,63,12,5905900
15,8,1,2249917,70,13,5742500
16,12,3,2249905,79,16,5854100
17,10,2,2249895,87,18,5594500
18,9,1,2249886,95,19,5596800
19,11,6,2249875,100,25,5797100
20,15,5,2249860,110,30,5639900
21,16,5,2249844,121,35,5594200
22,9,2,2249835,128,37,5555200
23,10,4,2249825,134,41,5761500
24,15,9,2249810,140,50,5800100
25,9,9,2249801,140,59,5752800
26,12,10,2249789,142,69,6221900
27,15,12,2249774,145,81,6041800
28,16,12,2249758,149,93,5679200
29,12,7,2249746,154,100,5856500
30,9,13,2249737,150,113,5739700
31,16,5,2249721,161,118,5587000
32,11,11,2249710,161,129,5636800
33,15,10,2249695,166,139,5600700
34,15,11,2249680,170,150,5931300
35,9,3,2249671,176,153,5573900
36,13,5,2249658,184,158,5617200
37,16,2,2249642,198,160,5642600
38,23,12,2249619,209,172,5564200
39,16,16,2249603,209,188,5708600
40,17,13,2249586,213,201,5587000
41,20,12,2249566,221,213,5734400
42,20,15,2249546,226,228,5873700
43,23,12,2249523,237,240,5586200
44,25,13,2249498,249,253,5722000
45,25,11,2249473,263,264,5607300
46,20,13,2249453,270,277,6211300
47,23,12,2249430,281,289,5572900
48,32,14,2249398,299,303,5589100
49,21,13,2249377,307,316,5701300
50,29,12,2249348,324,328,5892300
51,25,16,2249323,333,344,5704700
52,34,22,2249289,345,366,4957200
53,15,18,2249274,342,384,4993800
54,33,19,2249241,356,403,5091400
55,31,12,2249210,375,415,4938400
56,32,23,2249178,384,438,5147500
57,30,13,2249148,401,451,5124800
58,26,22,2249122,405,473,5102900
59,30,26,2249092,409,499,6470400
60,27,16,2249065,420,515,7014600
61,23,27,2249042,416,542,6843300
62,35,19,2249007,432,561,5948400
63,26,24,2248981,434,585,5966100
64,34,8,2248947,460,593,6236800
65,33,27,2248914,466,620,6183300
66,44,19,2248870,491,639,5955800
67,40,23,2248830,508,662,6785600
68,35,33,2248795,510,695,5998100
69,46,31,2248749,525,726,5885800
70,33,18,2248716,540,744,5905900
71,41,24,2248675,557,768,6181700
72,40,25,2248635,572,793,6649800
73,41,26,2248594,587,819,6635500
74,46,21,2248548,612,840,6756200
75,40,29,2248508,623,869,5715100
76,35,24,2248473,634,893,5999500
77,54,29,2248419,659,922,5845500
78,46,39,2248373,666,961,5803400
79,46,31,2248327,681,992,5837300
80,59,43,2248268,697,1035,5775500
81,55,35,2248213,717,1070,5863800
82,60,37,2248153,740,1107,5768300
83,52,30,2248101,762,1137,5825000
84,54,37,2248047,779,1174,5872900
85,43,38,2248004,784,1212,5777700
86,57,44,2247947,797,1256,6120400
87,54,31,2247893,820,1287,5914400
88,48,45,2247845,823,1332,5770100
89,58,37,2247787,844,1369,5921000
90,45,50,2247742,839,1419,5712100
91,62,48,2247680,853,1467,5745100
92,52,57,2247628,848,1524,5729900
93,55,33,2247573,870,1557,6352300
94,47,39,2247526,878,1596,5672000
95,43,53,2247483,868,1649,6008500
96,50,50,2247433,868,1699,5618000
97,56,38,2247377,886,1737,5614700
98,54,43,2247323,897,1780,6226600
99,48,48,2247275,897,1828,5687400
100,42,47,2247233,892,1875,6257500
101,49,47,2247184,894,1922,5678500
102,64,37,2247120,921,1959,5694200
103,50,38,2247070,933,1997,5752000
104,67,43,2247003,957,2040,6120000
105,53,40,2246950,970,2080,5649900
106,60,52,2246890,978,2132,5987800
107,61,50,2246829,989,2182,6336400
108,58,47,2246771,1000,2229,8235100
109,54,51,2246717,1003,2280,15389500
110,55,46,2246662,1012,2326,6561200
111,68,52,2246594,1028,2378,6958200
112,67,59,2246527,1036,2437,10764500
113,58,58,2246469,1036,2495,9311400
114,55,56,2246414,1035,2551,8973000
115,66,34,2246348,1067,2585,7289800
116,63,66,2246285,1064,2651,7361200
117,68,61,2246217,1071,2712,6053000
118,78,52,2246139,1097,2764,6565500
119,74,58,2246065,1113,2822,6374000
120,73,59,2245992,1127,2881,6415900
121,54,58,2245938,1123,2939,6129100
122,64,49,2245874,1138,2988,6548400
123,50,56,2245824,1132,3044,6119300
124,72,46,2245752,1158,3090,6638000
125,77,55,2245675,1180,3145,6209200
126,83,54,2245592,1209,3199,6062100
127,76,57,2245516,1228,3256,6440100
128,77,57,2245439,1248,3313,5783300
129,55,71,2245384,1232,3384,5949800
130,70,64,2245314,1238,3448,5831200
131,81,60,2245233,1259,3508,6068700
132,76,70,2245157,1265,3578,5697000
133,81,49,2245076,1297,3627,5886700
134,90,67,2244986,1320,3694,6080500
135,78,58,2244908,1340,3752,5710700
136,83,77,2244825,1346,3829,6147500
137,94,58,2244731,1382,3887,5693200
138,74,74,2244657,1382,3961,5676400
139,95,79,2244562,1398,4040,6033600
140,83,71,2244479,1410,4111,5826400
141,79,50,2244400,1439,4161,5850800
142,82,66,2244318,1455,4227,5852900
143,103,72,2244215,1486,4299,5805600
144,91,74,2244124,1503,4373,5770000
145,75,74,2244049,1504,4447,5923200
146,93,84,2243956,1513,4531,5820400
147,105,78,2243851,1540,4609,5716600
148,102,79,2243749,1563,4688,6063500
149,121,67,2243628,1617,4755,5983100
150,106,83,2243522,1640,4838,6007400
151,114,79,2243408,1675,4917,5791300
152,91,77,2243317,1689,4994,5780300
153,84,102,2243233,1671,5096,5797200
154,104,67,2243129,1708,5163,5756700
155,83,86,2243046,1705,5249,6043600
156,122,78,2242924,1749,5327,5702800
157,112,102,2242812,1759,5429,5741600
158,105,92,2242707,1772,5521,5713300
159,104,65,2242603,1811,5586,5688000
160,109,98,2242494,1822,5684,5847900
161,110,91,2242384,1841,5775,5713800
162,113,99,2242271,1855,5874,5729800
163,94,91,2242177,1858,5965,5703300
164,107,105,2242070,1860,6070,5746900
165,122,106,2241948,1876,6176,5840700
166,125,90,2241823,1911,6266,6067600
167,119,97,2241704,1933,6363,5785700
168,129,99,2241575,1963,6462,5851100
169,131,92,2241444,2002,6554,6087600
170,110,101,2241334,2011,6655,5966700
171,99,107,2241235,2003,6762,6065600
172,134,97,2241101,2040,6859,5567500
173,116,98,2240985,2058,6957,5701500
174,125,112,2240860,2071,7069,5553100
175,114,110,2240746,2075,7179,5094100
176,132,98,2240614,2109,7277,5145100
177,99,105,2240515,2103,7382,5198200
178,118,118,2240397,2103,7500,5213800
179,112,117,2240285,2098,7617,5720100
180,132,102,2240153,2128,7719,5922300
181,113,104,2240040,2137,7823,6117300
182,116,120,2239924,2133,7943,6073900
183,130,105,2239794,2158,8048,6120200
184,131,102,2239663,2187,8150,6667700
185,112,110,2239551,2189,8260,6505700
186,119,109,2239432,2199,8369,5996000
187,120,103,2239312,2216,8472,6098600
188,107,113,2239205,2210,8585,6099400
189,128,106,2239077,2232,8691,6025000
190,131,109,2238946,2254,8800,6267800
191,118,113,2238828,2259,8913,6152300
192,127,103,2238701,2283,9016,6395600
193,121,104,2238580,2300,9120,6401200
194,120,124,2238460,2296,9244,6315500
195,142,112,2238318,2326,9356,6463000
196,134,111,2238184,2349,9467,6412400
197,147,111,2238037,2385,9578,6599500
198,115,116,2237922,2384,9694,6252900
199,144,124,2237778,2404,9818,6572100
200,127,112,2237651,2419,9930,6018000
201,114,114,2237537,2419,10044,5986900
202,126,142,2237411,2403,10186,6261400
203,128,132,2237283,2399,10318,6454900
204,135,118,2237148,2416,10436,6565900
205,137,124,2237011,2429,10560,6360800
206,136,134,2236875,2431,10694,6458500
207,133,107,2236742,2457,10801,6352300
208,135,120,2236607,2472,10921,5968000
209,142,131,2236465,2483,11052,6134400
210,139,132,2236326,2490,11184,6118800
211,145,147,2236181,2488,11331,5840500
212,163,150,2236018,2501,11481,6122600
213,143,114,2235875,2530,11595,6126700
214,137,141,2235738,2526,11736,5938300
215,163,126,2235575,2563,11862,6205300
216,139,132,2235436,2570,11994,6107300
217,142,121,2235294,2591,12115,6076000
218,139,125,2235155,2605,12240,6624200
219,138,125,2235017,2618,12365,6121000
220,146,113,2234871,2651,12478,5736100
221,170,137,2234701,2684,12615,6603100
222,140,136,2234561,2688,12751,5835200
223,156,131,2234405,2713,12882,5780700
224,130,147,2234275,2696,13029,5955900
225,150,132,2234125,2714,13161,5790600
226,142,131,2233983,2725,13292,5857200
227,175,148,2233808,2752,13440,6595000
228,144,146,2233664,2750,13586,6225500
229,155,147,2233509,2758,13733,5901400
230,138,140,2233371,2756,13873,6664300
231,145,130,2233226,2771,14003,6133800
232,180,144,2233046,2807,14147,5808400
233,177,140,2232869,2844,14287,5957200
234,175,117,2232694,2902,14404,6449400
235,173,148,2232521,2927,14552,6480400
236,162,148,2232359,2941,14700,6648400
237,181,155,2232178,2967,14855,6146600
238,173,152,2232005,2988,15007,6396200
239,188,142,2231817,3034,15149,6259000
240,183,154,2231634,3063,15303,6498100
241,176,140,2231458,3099,15443,6791300
242,185,157,2231273,3127,15600,6219600
243,177,171,2231096,3133,15771,5924900
244,169,139,2230927,3163,15910,6096100
245,155,130,2230772,3188,16040,5970200
246,163,165,2230609,3186,16205,6000700
247,172,161,2230437,3197,16366,5989800
248,194,170,2230243,3221,16536,6018400
249,161,195,2230082,3187,16731,6425600
250,172,157,2229910,3202,16888,6590900
251,175,154,2229735,3223,17042,7372900
252,164,187,2229571,3200,17229,7259200
253,156,174,2229415,3182,17403,6478900
254,187,139,2229228,3230,17542,6520800
255,162,172,2229066,3220,17714,6506800
256,144,165,2228922,3199,17879,6287000
257,180,166,2228742,3213,18045,6116100
258,178,180,2228564,3211,18225,6182100
259,176,129,2228388,3258,18354,6388600
260,178,147,2228210,3289,18501,6051500
261,152,174,2228058,3267,18675,6337400
262,185,150,2227873,3302,18825,6111300
263,183,152,2227690,3333,18977,6158600
264,197,162,2227493,3368,19139,5956600
265,199,174,2227294,3393,19313,5946900
266,159,177,2227135,3375,19490,6016600
267,152,167,2226983,3360,19657,6109500
268,170,150,2226813,3380,19807,6190100
269,179,170,2226634,3389,19977,6106300
270,163,179,2226471,3373,20156,6153100
271,169,165,2226302,3377,20321,6441200
272,177,175,2226125,3379,20496,6495200
273,195,160,2225930,3414,20656,7739300
274,177,163,2225753,3428,20819,6490000
275,193,176,2225560,3445,20995,6515300
276,169,157,2225391,3457,21152,7394600
277,200,158,2225191,3499,21310,6333400
278,195,201,2224996,3493,21511,6627800
279,188,183,2224808,3498,21694,6362600
280,200,158,2224608,3540,21852,6057100
281,178,190,2224430,3528,22042,6159400
282,184,171,2224246,3541,22213,6046600
283,214,181,2224032,3574,22394,6168500
284,205,168,2223827,3611,22562,6021000
285,205,164,2223622,3652,22726,6822500
286,225,214,2223397,3663,22940,5900700
287,187,194,2223210,3656,23134,6081700
288,190,203,2223020,3643,23337,6253700
289,204,180,2222816,3667,23517,6359700
290,182,187,2222634,3662,23704,6328000
291,197,188,2222437,3671,23892,6185600
292,202,178,2222235,3695,24070,6642400
293,216,200,2222019,3711,24270,6263200
294,225,177,2221794,3759,24447,6524600
295,220,188,2221574,3791,24635,6253000
296,215,178,2221359,3828,24813,6441800
297,234,207,2221125,3855,25020,6242400
298,228,195,2220897,3888,25215,6393500
299,208,192,2220689,3904,25407,6139700
300,218,204,2220471,3918,25611,6276500
301,195,211,2220276,3902,25822,6355800
302,230,200,2220046,3932,26022,6141300
303,250,175,2219796,4007,26197,6367000
304,238,189,2219558,4056,26386,6601200
305,232,213,2219326,4075,26599,6267500
306,246,207,2219080,4114,26806,7453600
307,199,208,2218881,4105,27014,7469100
308,199,218,2218682,4086,27232,6404900
309,212,189,2218470,4109,27421,6295900
310,225,199,2218245,4135,27620,5952000
311,232,206,2218013,4161,27826,6165800
312,224,209,2217789,4176,28035,6597100
313,207,216,2217582,4167,28251,6987100
314,223,216,2217359,4174,28467,7708300
315,231,204,2217128,4201,28671,9149200
316,225,213,2216903,4213,28884,7546800
317,201,230,2216702,4184,29114,6882900
318,236,238,2216466,4182,29352,6919500
319,232,198,2216234,4216,29550,6509300
320,230,213,2216004,4233,29763,6578600
321,233,206,2215771,4260,29969,6466800
322,220,218,2215551,4262,30187,6417000
323,229,212,2215322,4279,30399,6472800
324,235,233,2215087,4281,30632,8062300
325,237,208,2214850,4310,30840,25836900
326,207,230,2214643,4287,31070,8699100
327,229,212,2214414,4304,31282,7459900
328,232,220,2214182,4316,31502,8176800
329,223,203,2213959,4336,31705,7090300
330,229,226,2213730,4339,31931,6974400
331,219,240,2213511,4318,32171,6248300
332,249,204,2213262,4363,32375,6496000
333,235,218,2213027,4380,32593,5977900
334,231,222,2212796,4389,32815,6115000
335,210,215,2212586,4384,33030,11328800
336,232,224,2212354,4392,33254,11711700
337,212,200,2212142,4404,33454,9441900
338,244,227,2211898,4421,33681,7238800
339,235,224,2211663,4432,33905,10621500
340,238,210,2211425,4460,34115,7657500
341,260,252,2211165,4468,34367,9039900
342,238,224,2210927,4482,34591,7953300
343,248,215,2210679,4515,34806,6444600
344,252,212,2210427,4555,35018,6513400
345,268,241,2210159,4582,35259,6528700
346,264,210,2209895,4636,35469,6849400
347,253,215,2209642,4674,35684,8075500
348,270,250,2209372,4694,35934,6573600
349,250,242,2209122,4702,36176,6274100
350,235,235,2208887,4702,36411,7054400
351,239,255,2208648,4686,36666,6439800
352,295,232,2208353,4749,36898,6324900
353,270,246,2208083,4773,37144,6066000
354,248,231,2207835,4790,37375,6344000
355,267,265,2207568,4792,37640,6015800
356,291,245,2207277,4838,37885,6000900
357,276,241,2207001,4873,38126,6257800
358,294,266,2206707,4901,38392,5973500
359,261,270,2206446,4892,38662,6301400
360,281,257,2206165,4916,38919,6073800
361,260,253,2205905,4923,39172,5952800
362,256,248,2205649,4931,39420,6361000
363,230,227,2205419,4934,39647,5977300
364,292,264,2205127,4962,39911,6040300
365,233,232,2204894,4963,40143,6261800
366,255,253,2204639,4965,40396,6903900
367,255,249,2204384,4971,40645,6508800
368,254,242,2204130,4983,40887,6599300
369,274,254,2203856,5003,41141,6260000
370,284,250,2203572,5037,41391,6640200
371,270,243,2203302,5064,41634,6185000
372,274,264,2203028,5074,41898,6221500
373,272,252,2202756,5094,42150,6346600
374,238,266,2202518,5066,42416,6245300
375,299,260,2202219,5105,42676,7019300
376,258,253,2201961,5110,42929,6390800
377,277,270,2201684,5117,43199,6349200
378,256,246,2201428,5127,43445,6241600
379,274,248,2201154,5153,43693,6246900
380,279,287,2200875,5145,43980,6295300
381,292,237,2200583,5200,44217,6345600
382,292,267,2200291,5225,44484,6277900
383,284,255,2200007,5254,44739,6235800
384,300,261,2199707,5293,45000,6529800
385,293,246,2199414,5340,45246,6176100
386,301,268,2199113,5373,45514,6507700
387,273,262,2198840,5384,45776,6267800
388,280,250,2198560,5414,46026,6557500
389,290,253,2198270,5451,46279,6251800
390,296,225,2197974,5522,46504,6524400
391,258,280,2197716,5500,46784,6292100
392,287,248,2197429,5539,47032,6149400
393,315,264,2197114,5590,47296,6223500
394,318,257,2196796,5651,47553,6226400
395,297,267,2196499,5681,47820,6492500
396,311,287,2196188,5705,48107,6571500
397,302,290,2195886,5717,48397,6486800
398,271,306,2195615,5682,48703,6520500
399,313,309,2195302,5686,49012,6763700
400,324,270,2194978,5740,49282,6681300
401,289,311,2194689,5718,49593,6872800
402,313,269,2194376,5762,49862,6693000
403,294,294,2194082,5762,50156,7138600
404,309,298,2193773,5773,50454,6585500
405,297,287,2193476,5783,50741,6516700
406,303,274,2193173,5812,51015,6455200
407,318,282,2192855,5848,51297,6505500
408,308,313,2192547,5843,51610,6904100
409,299,283,2192248,5859,51893,6558000
410,318,308,2191930,5869,52201,6721500
411,288,323,2191642,5834,52524,6465600
412,294,286,2191348,5842,52810,6599000
413,299,268,2191049,5873,53078,6298500
414,311,300,2190738,5884,53378,6560400
415,312,307,2190426,5889,53685,6578300
416,322,296,2190104,5915,53981,6793800
417,310,312,2189794,5913,54293,6348100
418,276,311,2189518,5878,54604,6380300
419,263,312,2189255,5829,54916,6864000
420,291,302,2188964,5818,55218,6582400
421,325,301,2188639,5842,55519,6143500
422,300,317,2188339,5825,55836,6161000
423,301,332,2188038,5794,56168,6283200
424,319,298,2187719,5815,56466,6396500
425,327,300,2187392,5842,56766,6339800
426,320,306,2187072,5856,57072,6174900
427,334,301,2186738,5889,57373,6034200
428,312,282,2186426,5919,57655,6006700
429,324,302,2186102,5941,57957,6066900
430,329,287,2185773,5983,58244,6058400
431,322,305,2185451,6000,58549,6016400
432,326,300,2185125,6026,58849,6148800
433,314,292,2184811,6048,59141,6093200
434,305,271,2184506,6082,59412,6090600
435,332,288,2184174,6126,59700,6064300
436,328,323,2183846,6131,60023,6092700
437,299,302,2183547,6128,60325,6055400
438,299,286,2183248,6141,60611,6073600
439,325,318,2182923,6148,60929,6214200
440,334,293,2182589,6189,61222,6060900
441,307,295,2182282,6201,61517,6111700
442,324,279,2181958,6246,61796,6018800
443,326,295,2181632,6277,62091,6418700
444,328,321,2181304,6284,62412,6091700
445,332,301,2180972,6315,62713,6029200
446,341,303,2180631,6353,63016,6314500
447,356,303,2180275,6406,63319,6349300
448,313,297,2179962,6422,63616,7113400
449,324,315,2179638,6431,63931,6961000
450,364,326,2179274,6469,64257,6709600
451,336,354,2178938,6451,64611,6491600
452,333,331,2178605,6453,64942,6515200
453,331,342,2178274,6442,65284,6427300
454,346,298,2177928,6490,65582,6776500
455,334,296,2177594,6528,65878,6349100
456,298,358,2177296,6468,66236,6467700
457,331,305,2176965,6494,66541,6411900
458,328,313,2176637,6509,66854,7106200
459,324,334,2176313,6499,67188,6973300
460,351,343,2175962,6507,67531,6643100
461,363,310,2175599,6560,67841,6689800
462,345,310,2175254,6595,68151,6611500
463,326,332,2174928,6589,68483,7579200
464,365,326,2174563,6628,68809,6568800
465,341,362,2174222,6607,69171,6375400
466,363,330,2173859,6640,69501,6501100
467,335,310,2173524,6665,69811,6643200
468,361,338,2173163,6688,70149,6521100
469,365,328,2172798,6725,70477,6887200
470,318,359,2172480,6684,70836,6544300
471,354,322,2172126,6716,71158,6563200
472,389,322,2171737,6783,71480,6685000
473,384,327,2171353,6840,71807,6741500
474,359,350,2170994,6849,72157,6613500
475,330,345,2170664,6834,72502,6733000
476,338,355,2170326,6817,72857,6645600
477,317,331,2170009,6803,73188,6578900
478,354,342,2169655,6815,73530,6529000
479,354,345,2169301,6824,73875,6575500
480,354,318,2168947,6860,74193,6719700
481,361,346,2168586,6875,74539,6968100
482,340,354,2168246,6861,74893,7493300
483,343,328,2167903,6876,75221,6870500
484,368,309,2167535,6935,75530,7033800
485,326,354,2167209,6907,75884,6749400
486,355,359,2166854,6903,76243,7458900
487,344,347,2166510,6900,76590,7384100
488,331,367,2166179,6864,76957,7341700
489,377,340,2165802,6901,77297,6532100
490,372,329,2165430,6944,77626,6827300
491,366,337,2165064,6973,77963,6628600
492,345,327,2164719,6991,78290,6850100
493,370,374,2164349,6987,78664,6607700
494,379,364,2163970,7002,79028,6604200
495,376,341,2163594,7037,79369,6581900
496,374,355,2163220,7056,79724,6659100
497,352,373,2162868,7035,80097,7298100
498,365,341,2162503,7059,80438,6558300
499,351,333,2162152,7077,80771,6548800
500,380,348,2161772,7109,81119,6727500
501,377,381,2161395,7105,81500,8184500
502,369,370,2161026,7104,81870,6571800
503,383,356,2160643,7131,82226,6368500
504,347,362,2160296,7116,82588,6277200
505,331,335,2159965,7112,82923,6314400
506,390,335,2159575,7167,83258,6381400
507,383,347,2159192,7203,83605,6524300
508,341,365,2158851,7179,83970,6495700
509,373,336,2158478,7216,84306,6809500
510,359,357,2158119,7218,84663,6780100
511,378,323,2157741,7273,84986,6888400
512,421,340,2157320,7354,85326,6876500
513,369,363,2156951,7360,85689,7571700
514,352,375,2156599,7337,86064,6763300
515,387,361,2156212,7363,86425,6599600
516,374,345,2155838,7392,86770,6501100
517,377,360,2155461,7409,87130,6555600
518,411,370,2155050,7450,87500,6417400
519,385,394,2154665,7441,87894,6783800
520,367,395,2154298,7413,88289,8577800
521,375,377,2153923,7411,88666,7943900
522,410,387,2153513,7434,89053,6445200
523,383,388,2153130,7429,89441,6614500
524,379,398,2152751,7410,89839,6465600
525,383,377,2152368,7416,90216,6447100
526,368,367,2152000,7417,90583,6368400
527,391,362,2151609,7446,90945,6686000
528,392,366,2151217,7472,91311,8074700
529,404,379,2150813,7497,91690,6471800
530,400,424,2150413,7473,92114,6595900
531,395,374,2150018,7494,92488,8277900
532,442,389,2149576,7547,92877,6574500
533,379,350,2149197,7576,93227,8555100
534,426,357,2148771,7645,93584,9632200
535,417,366,2148354,7696,93950,8385400
536,438,384,2147916,7750,94334,10209700
537,423,386,2147493,7787,94720,8181700
538,427,379,2147066,7835,95099,7866700
539,399,370,2146667,7864,95469,14054400
540,384,428,2146283,7820,95897,6573500
541,413,374,2145870,7859,96271,6699800
542,427,417,2145443,7869,96688,6616500
543,390,404,2145053,7855,97092,6741500
544,404,418,2144649,7841,97510,6324400
545,456,383,2144193,7914,97893,6478600
546,416,395,2143777,7935,98288,7171200
547,445,379,2143332,8001,98667,6885600
548,418,387,2142914,8032,99054,7877600
549,392,380,2142522,8044,99434,8183300
550,424,423,2142098,8045,99857,6402000
551,431,409,2141667,8067,100266,6708400
552,429,392,2141238,8104,100658,6215900
553,425,410,2140813,8119,101068,6202100
554,409,397,2140404,8131,101465,6352400
555,431,439,2139973,8123,101904,6197700
556,448,392,2139525,8179,102296,6325100
557,442,421,2139083,8200,102717,6199100
558,447,409,2138636,8238,103126,6276400
559,414,426,2138222,8226,103552,6235100
560,387,419,2137835,8194,103971,6196800
561,391,414,2137444,8171,104385,6321000
562,412,416,2137032,8167,104801,6394000
563,405,418,2136627,8154,105219,6477700
564,397,399,2136230,8152,105618,6336700
565,440,394,2135790,8198,106012,6554100
566,430,394,2135360,8234,106406,6458000
567,460,404,2134900,8290,106810,6809200
568,385,409,2134515,8266,107219,6678000
569,410,426,2134105,8250,107645,6790200
570,411,418,2133694,8243,108063,6844800
571,426,416,2133268,8253,108479,6907900
572,453,396,2132815,8310,108875,6766300
573,440,394,2132375,8356,109269,6820300
574,429,445,2131946,8340,109714,6988000
575,440,457,2131506,8323,110171,6692100
576,400,442,2131106,8281,110613,6984700
577,444,415,2130662,8310,111028,6714300
578,465,433,2130197,8342,111461,6766600
579,465,415,2129732,8392,111876,6963300
580,404,449,2129328,8347,112325,7449700
581,438,409,2128890,8376,112734,7298400
582,414,420,2128476,8370,113154,7833000
583,472,440,2128004,8402,113594,7690500
584,433,404,2127571,8431,113998,7643100
585,452,420,2127119,8463,114418,7710100
586,420,447,2126699,8436,114865,7206100
587,451,448,2126248,8439,115313,6745400
588,448,373,2125800,8514,115686,6957700
589,465,437,2125335,8542,116123,7441600
590,464,455,2124871,8551,116578,6801100
591,434,427,2124437,8558,117005,6593300
592,439,440,2123998,8557,117445,6533800
593,457,429,2123541,8585,117874,6488700
594,442,463,2123099,8564,118337,6774800
595,447,437,2122652,8574,118774,6528100
596,464,442,2122188,8596,119216,6575000
597,486,427,2121702,8655,119643,6584000
598,440,452,2121262,8643,120095,6946400
599,435,427,2120827,8651,120522,6830600
600,424,426,2120403,8649,120948,6716000
601,407,428,2119996,8628,121376,6624400
602,476,411,2119520,8693,121787,6700000
603,457,452,2119063,8698,122239,6575700
604,452,418,2118611,8732,122657,6703900
605,465,410,2118146,8787,123067,6718000
606,460,457,2117686,8790,123524,6663900
607,436,431,2117250,8795,123955,6743400
608,450,511,2116800,8734,124466,6698100
609,449,425,2116351,8758,124891,6622100
610,470,411,2115881,8817,125302,6570100
611,469,469,2115412,8817,125771,7278400
612,471,459,2114941,8829,126230,6705700
613,422,442,2114519,8809,126672,7261300
614,482,418,2114037,8873,127090,7337200
615,458,431,2113579,8900,127521,8200800
616,455,467,2113124,8888,127988,7205900
617,496,437,2112628,8947,128425,6531400
618,485,421,2112143,9011,128846,6473400
619,460,431,2111683,9040,129277,6873800
620,448,440,2111235,9048,129717,6490900
621,467,479,2110768,9036,130196,6851100
622,472,428,2110296,9080,130624,6628100
623,452,435,2109844,9097,131059,6549500
624,477,429,2109367,9145,131488,6618100
625,478,445,2108889,9178,131933,7047600
626,498,476,2108391,9200,132409,6554000
627,484,456,2107907,9228,132865,6413300
628,447,478,2107460,9197,133343,6480300
629,469,430,2106991,9236,133773,6692600
630,445,486,2106546,9195,134259,6734400
631,489,461,2106057,9223,134720,6796300
632,474,484,2105583,9213,135204,7718600
633,448,473,2105135,9188,135677,8176100
634,445,480,2104690,9153,136157,6598200
635,476,440,2104214,9189,136597,6448300
636,482,458,2103732,9213,137055,6380500
637,468,446,2103264,9235,137501,6318500
638,513,442,2102751,9306,137943,6376400
639,523,433,2102228,9396,138376,6341900
640,459,481,2101769,9374,138857,6348900
641,471,441,2101298,9404,139298,6484800
642,499,462,2100799,9441,139760,7080200
643,481,504,2100318,9418,140264,6709400
644,423,447,2099895,9394,140711,6609800
645,473,508,2099422,9359,141219,6604200
646,447,465,2098975,9341,141684,6303700
647,452,450,2098523,9343,142134,6625400
648,462,457,2098061,9348,142591,6334900
649,446,479,2097615,9315,143070,6463700
650,451,455,2097164,9311,143525,6332800
651,494,453,2096670,9352,143978,6377100
652,476,490,2096194,9338,144468,6347900
653,439,466,2095755,9311,144934,6494700
654,481,487,2095274,9305,145421,6512700
655,478,493,2094796,9290,145914,6362800
656,465,464,2094331,9291,146378,6489400
657,485,467,2093846,9309,146845,6446600
658,445,475,2093401,9279,147320,6414400
659,487,464,2092914,9302,147784,6351300
660,487,435,2092427,9354,148219,6503700
661,467,498,2091960,9323,148717,6333700
662,464,478,2091496,9309,149195,6575700
663,472,469,2091024,9312,149664,6394200
664,491,490,2090533,9313,150154,6384900
665,446,455,2090087,9304,150609,6381800
666,475,435,2089612,9344,151044,6370600
667,476,453,2089136,9367,151497,6448200
668,453,468,2088683,9352,151965,6344100
669,430,464,2088253,9318,152429,7472700
670,501,470,2087752,9349,152899,6661000
671,482,474,2087270,9357,153373,7051700
672,498,512,2086772,9343,153885,6862300
673,439,481,2086333,9301,154366,7081300
674,469,436,2085864,9334,154802,6622600
675,494,456,2085370,9372,155258,7163400
676,506,476,2084864,9402,155734,6880300
677,524,451,2084340,9475,156185,6928300
678,504,476,2083836,9503,156661,8073900
679,477,470,2083359,9510,157131,7856400
680,531,487,2082828,9554,157618,6980200
681,515,434,2082313,9635,158052,7333300
682,518,519,2081795,9634,158571,7773600
683,559,462,2081236,9731,159033,7469800
684,503,503,2080733,9731,159536,7388000
685,520,442,2080213,9809,159978,7496000
686,577,493,2079636,9893,160471,7073200
687,506,495,2079130,9904,160966,7364300
688,545,489,2078585,9960,161455,6764500
689,539,517,2078046,9982,161972,7003600
690,515,459,2077531,10038,162431,6842100
691,577,511,2076954,10104,162942,6876700
692,533,485,2076421,10152,163427,6674300
693,506,491,2075915,10167,163918,6687800
694,494,508,2075421,10153,164426,6591700
695,524,515,2074897,10162,164941,8780900
696,535,514,2074362,10183,165455,7768100
697,543,557,2073819,10169,166012,7410200
698,539,545,2073280,10163,166557,7682300
699,507,490,2072773,10180,167047,7314200
700,539,518,2072234,10201,167565,6791200
701,526,503,2071708,10224,168068,6762900
702,533,531,2071175,10226,168599,6740200
703,519,507,2070656,10238,169106,6733000
704,520,513,2070136,10245,169619,7007500
705,503,543,2069633,10205,170162,6796700
706,527,533,2069106,10199,170695,6487100
707,498,558,2068608,10139,171253,6428500
708,530,485,2068078,10184,171738,6421300
709,511,492,2067567,10203,172230,6986400
710,507,503,2067060,10207,172733,6468000
711,498,541,2066562,10164,173274,6431100
712,490,494,2066072,10160,173768,6418600
713,497,497,2065575,10160,174265,6349100
714,518,504,2065057,10174,174769,6776800
715,503,509,2064554,10168,175278,6593900
716,538,505,2064016,10201,175783,7452600
717,526,486,2063490,10241,176269,7614300
718,487,484,2063003,10244,176753,7126900
719,530,542,2062473,10232,177295,6440600
720,527,462,2061946,10297,177757,6423500
721,469,517,2061477,10249,178274,6387200
722,493,542,2060984,10200,178816,6756200
723,507,522,2060477,10185,179338,6410300
724,532,484,2059945,10233,179822,6432700
725,490,482,2059455,10241,180304,6518500
726,532,509,2058923,10264,180813,6534500
727,543,525,2058380,10282,181338,6702000
728,541,528,2057839,10295,181866,6579600
729,514,524,2057325,10285,182390,7277500
730,543,518,2056782,10310,182908,7010100
731,506,513,2056276,10303,183421,7548100
732,516,499,2055760,10320,183920,6594700
733,501,526,2055259,10295,184446,7057900
734,505,530,2054754,10270,184976,7272000
735,517,514,2054237,10273,185490,8098900
736,534,481,2053703,10326,185971,6979800
737,511,519,2053192,10318,186490,7292300
738,510,504,2052682,10324,186994,7501400
739,521,537,2052161,10308,187531,7249400
740,550,542,2051611,10316,188073,7127400
741,570,525,2051041,10361,188598,7221100
742,554,508,2050487,10407,189106,7241800
743,516,514,2049971,10409,189620,7088600
744,550,498,2049421,10461,190118,7144100
745,554,496,2048867,10519,190614,7552500
746,560,464,2048307,10615,191078,7823500
747,545,533,2047762,10627,191611,6973600
748,474,546,2047288,10555,192157,7159400
749,519,519,2046769,10555,192676,7532800
750,524,544,2046245,10535,193220,7899300
751,543,528,2045702,10550,193748,7501500
752,498,502,2045204,10546,194250,7328500
753,544,523,2044660,10567,194773,7209200
754,531,513,2044129,10585,195286,36035500
755,516,523,2043613,10578,195809,7542300
756,540,522,2043073,10596,196331,7279400
757,529,537,2042544,10588,196868,7671500
758,536,522,2042008,10602,197390,7120600
759,518,553,2041490,10567,197943,7149200
760,545,504,2040945,10608,198447,7089200
761,533,532,2040412,10609,198979,7465400
762,530,535,2039882,10604,199514,7445700
763,534,514,2039348,10624,200028,7148900
764,572,498,2038776,10698,200526,7008600
765,532,558,2038244,10672,201084,7266700
766,535,515,2037709,10692,201599,6962800
767,531,527,2037178,10696,202126,6847200
768,572,480,2036606,10788,202606,6866700
769,520,528,2036086,10780,203134,6829100
770,562,511,2035524,10831,203645,6772700
771,553,550,2034971,10834,204195,6912000
772,533,566,2034438,10801,204761,6927400
773,517,518,2033921,10800,205279,7007300
774,565,567,2033356,10798,205846,6831400
775,577,523,2032779,10852,206369,7078800
776,540,554,2032239,10838,206923,6826000
777,568,533,2031671,10873,207456,6845100
778,560,526,2031111,10907,207982,6723900
779,558,531,2030553,10934,208513,6866400
780,565,544,2029988,10955,209057,6784100
781,526,536,2029462,10945,209593,6896800
782,578,543,2028884,10980,210136,6965300
783,554,566,2028330,10968,210702,6796600
784,551,556,2027779,10963,211258,6785900
785,565,574,2027214,10954,211832,6812500
786,563,549,2026651,10968,212381,6857900
787,567,521,2026084,11014,212902,6776600
788,542,556,2025542,11000,213458,7131200
789,533,529,2025009,11004,213987,6968100
790,566,542,2024443,11028,214529,6920600
791,608,570,2023835,11066,215099,6943500
792,530,566,2023305,11030,215665,6979100
793,525,531,2022780,11024,216196,7395500
794,524,559,2022256,10989,216755,7581100
795,590,571,2021666,11008,217326,7431500
796,563,528,2021103,11043,217854,7242600
797,555,560,2020548,11038,218414,7228000
798,579,520,2019969,11097,218934,7355700
799,517,570,2019452,11044,219504,7438300
800,560,541,2018892,11063,220045,7428600
801,544,629,2018348,10978,220674,7255300
802,576,560,2017772,10994,221234,7436700
803,516,542,2017256,10968,221776,7253700
804,574,530,2016682,11012,222306,7374000
805,529,586,2016153,10955,222892,7202700
806,556,584,2015597,10927,223476,7474000
807,617,540,2014980,11004,224016,7432600
808,582,525,2014398,11061,224541,7619500
809,538,510,2013860,11089,225051,7391500
810,560,562,2013300,11087,225613,7495600
811,543,533,2012757,11097,226146,7220500
812,547,534,2012210,11110,226680,7422500
813,549,573,2011661,11086,227253,7244900
814,567,502,2011094,11151,227755,7565900
815,565,526,2010529,11190,228281,7653500
816,512,581,2010017,11121,228862,7788000
817,559,543,2009458,11137,229405,7617700
818,559,579,2008899,11117,229984,9179400
819,553,579,2008346,11091,230563,7748000
820,554,587,2007792,11058,231150,7500800
821,552,549,2007240,11061,231699,7204900
822,524,550,2006716,11035,232249,7291900
823,559,524,2006157,11070,232773,7185800
824,612,534,2005545,11148,233307,7121400
825,549,569,2004996,11128,233876,7533100
826,560,536,2004436,11152,234412,7123400
827,562,571,2003874,11143,234983,6876000
828,561,557,2003313,11147,235540,6929900
829,555,493,2002758,11209,236033,6778100
830,560,563,2002198,11206,236596,7062500
831,534,573,2001664,11167,237169,6735400
832,520,547,2001144,11140,237716,6949500
833,548,559,2000596,11129,238275,7236400
834,535,538,2000061,11126,238813,7197400
835,607,596,1999454,11137,239409,7429700
836,576,527,1998878,11186,239936,7751900
837,555,551,1998323,11190,240487,7649100
838,567,578,1997756,11179,241065,7981700
839,579,621,1997177,11137,241686,7415700
840,577,570,1996600,11144,242256,8253600
841,598,566,1996002,11176,242822,8052200
842,567,586,1995435,11157,243408,8060900
843,551,528,1994884,11180,243936,8652000
844,563,559,1994321,11184,244495,7541400
845,609,587,1993712,11206,245082,7471100
846,607,573,1993105,11240,245655,7369900
847,580,605,1992525,11215,246260,8234200
848,547,571,1991978,11191,246831,8259400
849,605,566,1991373,11230,247397,7757800
850,598,555,1990775,11273,247952,7885400
851,547,539,1990228,11281,248491,7297200
852,596,544,1989632,11333,249035,7302300
853,586,589,1989046,11330,249624,7271700
854,582,566,1988464,11346,250190,7503900
855,568,565,1987896,11349,250755,7217600
856,595,575,1987301,11369,251330,7919200
857,596,553,1986705,11412,251883,7555600
858,577,592,1986128,11397,252475,7862500
859,588,613,1985540,11372,253088,7508900
860,613,567,1984927,11418,253655,7699500
861,680,529,1984247,11569,254184,7674100
862,618,555,1983629,11632,254739,7446600
863,596,541,1983033,11687,255280,7250500
864,597,561,1982436,11723,255841,7477300
865,579,589,1981857,11713,256430,7603600
866,592,594,1981265,11711,257024,7375000
867,631,552,1980634,11790,257576,7170600
868,610,576,1980024,11824,258152,7219500
869,592,569,1979432,11847,258721,6900700
870,635,597,1978797,11885,259318,6970100
871,630,630,1978167,11885,259948,6961300
872,658,603,1977509,11940,260551,7091400
873,623,567,1976886,11996,261118,7322800
874,619,633,1976267,11982,261751,7390200
875,649,619,1975618,12012,262370,7327800
876,635,621,1974983,12026,262991,7174400
877,580,606,1974403,12000,263597,7124600
878,657,595,1973746,12062,264192,7555000
879,607,615,1973139,12054,264807,7969700
880,597,591,1972542,12060,265398,7509400
881,636,660,1971906,12036,266058,7170100
882,580,595,1971326,12021,266653,7238500
883,634,617,1970692,12038,267270,7212400
884,603,582,1970089,12059,267852,7417400
885,607,607,1969482,12059,268459,7218600
886,647,601,1968835,12105,269060,7638000
887,620,568,1968215,12157,269628,7181500
888,614,594,1967601,12177,270222,7263200
889,598,607,1967003,12168,270829,6979300
890,643,597,1966360,12214,271426,7394100
891,589,616,1965771,12187,272042,7324000
892,576,602,1965195,12161,272644,7607000
893,663,613,1964532,12211,273257,7046500
894,643,599,1963889,12255,273856,7621200
895,617,583,1963272,12289,274439,7578200
896,631,618,1962641,12302,275057,7828300
897,618,588,1962023,12332,275645,7885100
898,650,629,1961373,12353,276274,7861400
899,607,636,1960766,12324,276910,7726700
900,647,635,1960119,12336,277545,7832300
901,614,663,1959505,12287,278208,8002000
902,614,652,1958891,12249,278860,7806000
903,616,634,1958275,12231,279494,7738200
904,574,599,1957701,12206,280093,8539700
905,625,619,1957076,12212,280712,8693200
906,637,618,1956439,12231,281330,7679800
907,646,665,1955793,12212,281995,7493400
908,600,618,1955193,12194,282613,7274600
909,648,642,1954545,12200,283255,7464100
910,655,601,1953890,12254,283856,7313100
911,690,562,1953200,12382,284418,7412100
912,630,636,1952570,12376,285054,7264600
913,619,653,1951951,12342,285707,7485500
914,616,593,1951335,12365,286300,7275300
915,633,619,1950702,12379,286919,7351500
916,613,600,1950089,12392,287519,7385400
917,590,589,1949499,12393,288108,7343300
918,622,595,1948877,12420,288703,7401100
919,572,598,1948305,12394,289301,7385200
920,652,644,1947653,12402,289945,7288500
921,614,600,1947039,12416,290545,7350200
922,633,639,1946406,12410,291184,7362200
923,686,575,1945720,12521,291759,7472800
924,665,641,1945055,12545,292400,8237600
925,631,638,1944424,12538,293038,8643500
926,606,690,1943818,12454,293728,7503900
927,570,640,1943248,12384,294368,7556000
928,635,588,1942613,12431,294956,7727500
929,642,578,1941971,12495,295534,7278000
930,667,594,1941304,12568,296128,7173500
931,668,619,1940636,12617,296747,7208200
932,628,617,1940008,12628,297364,7430500
933,647,668,1939361,12607,298032,7015200
934,638,645,1938723,12600,298677,7332500
935,668,682,1938055,12586,299359,6964000
936,606,605,1937449,12587,299964,6893400
937,611,620,1936838,12578,300584,7030300
938,624,620,1936214,12582,301204,7065100
939,633,635,1935581,12580,301839,6943400
940,643,608,1934938,12615,302447,6904500
941,661,596,1934277,12680,303043,7179100
942,586,626,1933691,12640,303669,6990400
943,617,613,1933074,12644,304282,6991900
944,627,612,1932447,12659,304894,7048400
945,634,603,1931813,12690,305497,7148900
946,631,652,1931182,12669,306149,6870400
947,642,693,1930540,12618,306842,7192200
948,662,638,1929878,12642,307480,6891800
949,615,655,1929263,12602,308135,6982700
950,577,631,1928686,12548,308766,7248400
951,633,643,1928053,12538,309409,7653600
952,616,632,1927437,12522,310041,7648500
953,655,628,1926782,12549,310669,7515900
954,627,585,1926155,12591,311254,7394300
955,589,614,1925566,12566,311868,7654400
956,650,620,1924916,12596,312488,7692100
957,621,627,1924295,12590,313115,7656200
958,616,606,1923679,12600,313721,7049800
959,672,585,1923007,12687,314306,7301100
960,646,648,1922361,12685,314954,6929000
961,624,610,1921737,12699,315564,7109800
962,653,611,1921084,12741,316175,7145500
963,618,642,1920466,12717,316817,7786500
964,645,631,1919821,12731,317448,7211900
965,647,635,1919174,12743,318083,7289700
966,662,626,1918512,12779,318709,7141700
967,599,626,1917913,12752,319335,7790300
968,634,613,1917279,12773,319948,7500900
969,721,666,1916558,12828,320614,7126900
970,637,615,1915921,12850,321229,6983800
971,640,655,1915281,12835,321884,7321500
972,647,649,1914634,12833,322533,6977200
973,663,666,1913971,12830,323199,7001900
974,651,631,1913320,12850,323830,6991600
975,629,650,1912691,12829,324480,7152600
976,668,651,1912023,12846,325131,7147800
977,638,620,1911385,12864,325751,7500500
978,605,654,1910780,12815,326405,6952200
979,625,670,1910155,12770,327075,6983000
980,679,625,1909476,12824,327700,7025000
981,700,672,1908776,12852,328372,6980200
982,677,642,1908099,12887,329014,6943800
983,651,681,1907448,12857,329695,6950100
984,648,605,1906800,12900,330300,7371400
985,659,621,1906141,12938,330921,7008400
986,638,628,1905503,12948,331549,7237300
987,680,656,1904823,12972,332205,7085600
988,690,625,1904133,13037,332830,7332900
989,679,627,1903454,13089,333457,7096300
990,696,667,1902758,13118,334124,7426600
991,669,626,1902089,13161,334750,7199700
992,664,658,1901425,13167,335408,7280200
993,682,663,1900743,13186,336071,7349600
994,646,655,1900097,13177,336726,7140200
995,650,639,1899447,13188,337365,7089600
996,656,673,1898791,13171,338038,7438500
997,682,686,1898109,13167,338724,7175100
998,672,657,1897437,13182,339381,7484000
999,685,680,1896752,13187,340061,7302300
1000,689,653,1896063,13223,340714,7382800
1001,697,662,1895366,13258,341376,7637600
1002,670,639,1894696,13289,342015,7591800
1003,663,658,1894033,13294,342673,7366300
1004,712,675,1893321,13331,343348,7530800
1005,664,672,1892657,13323,344020,7373500
1006,693,619,1891964,13397,344639,7253600
1007,694,643,1891270,13448,345282,7139200
1008,684,654,1890586,13478,345936,7407500
1009,700,651,1889886,13527,346587,7155200
1010,706,690,1889180,13543,347277,7226500
1011,689,696,1888491,13536,347973,7092400
1012,629,684,1887862,13481,348657,7213900
1013,664,672,1887198,13473,349329,7068100
1014,677,686,1886521,13464,350015,7146300
1015,710,618,1885811,13556,350633,7316300
1016,725,678,1885086,13603,351311,7167300
1017,660,627,1884426,13636,351938,7309600
1018,648,668,1883778,13616,352606,7338900
1019,722,666,1883056,13672,353272,7299800
1020,701,697,1882355,13676,353969,7412200
1021,684,716,1881671,13644,354685,7377100
1022,674,716,1880997,13602,355401,7632400
1023,730,705,1880267,13627,356106,7353400
1024,681,669,1879586,13639,356775,7225400
1025,692,676,1878894,13655,357451,7393200
1026,661,734,1878233,13582,358185,7170300
1027,682,689,1877551,13575,358874,7318800
1028,712,698,1876839,13589,359572,7156000
1029,685,690,1876154,13584,360262,7183700
1030,685,662,1875469,13607,360924,7485600
1031,692,667,1874777,13632,361591,7473000
1032,683,689,1874094,13626,362280,7369900
1033,688,666,1873406,13648,362946,7127400
1034,696,663,1872710,13681,363609,7176100
1035,718,689,1871992,13710,364298,6997500
1036,700,676,1871292,13734,364974,7609500
1037,718,685,1870574,13767,365659,7321300
1038,662,655,1869912,13774,366314,7321600
1039,709,656,1869203,13827,366970,7200800
1040,686,710,1868517,13803,367680,7465300
1041,691,639,1867826,13855,368319,7243500
1042,738,676,1867088,13917,368995,7370000
1043,717,697,1866371,13937,369692,7855900
1044,718,681,1865653,13974,370373,7639000
1045,715,702,1864938,13987,371075,7258700
1046,691,705,1864247,13973,371780,7587400
1047,688,717,1863559,13944,372497,7643000
1048,689,700,1862870,13933,373197,7398600
1049,704,686,1862166,13951,373883,7301000
1050,684,734,1861482,13901,374617,7817000
1051,708,736,1860774,13873,375353,7553400
1052,674,691,1860100,13856,376044,7529900
1053,670,666,1859430,13860,376710,7339200
1054,700,723,1858730,13837,377433,7652200
1055,684,691,1858046,13830,378124,7384500
1056,767,717,1857279,13880,378841,7429900
1057,673,684,1856606,13869,379525,7275300
1058,713,734,1855893,13848,380259,7685100
1059,694,678,1855199,13864,380937,7342500
1060,692,685,1854507,13871,381622,7405800
1061,685,713,1853822,13843,382335,8009800
1062,677,697,1853145,13823,383032,7312700
1063,681,709,1852464,13795,383741,7110800
1064,730,704,1851734,13821,384445,7315200
1065,670,694,1851064,13797,385139,7423700
1066,659,718,1850405,13738,385857,7553100
1067,681,659,1849724,13760,386516,7326500
1068,647,677,1849077,13730,387193,7259400
1069,662,649,1848415,13743,387842,7736600
1070,728,692,1847687,13779,388534,7554600
1071,675,718,1847012,13736,389252,7203300
1072,727,688,1846285,13775,389940,7121400
1073,711,741,1845574,13745,390681,7259900
1074,745,646,1844829,13844,391327,7633800
1075,714,748,1844115,13810,392075,7129100
1076,705,632,1843410,13883,392707,7428900
1077,722,646,1842688,13959,393353,7422000
1078,738,682,1841950,14015,394035,7445100
1079,765,707,1841185,14073,394742,7181000
1080,715,751,1840470,14037,395493,7094700
1081,708,720,1839762,14025,396213,7103900
1082,677,703,1839085,13999,396916,7128500
1083,716,738,1838369,13977,397654,7107400
1084,696,717,1837673,13956,398371,7290500
1085,689,734,1836984,13911,399105,7669100
1086,720,689,1836264,13942,399794,7387500
1087,703,686,1835561,13959,400480,7330600
1088,708,712,1834853,13955,401192,7168800
1089,722,694,1834131,13983,401886,7215900
1090,705,709,1833426,13979,402595,7178800
1091,734,690,1832692,14023,403285,7896600
1092,765,640,1831927,14148,403925,7573500
1093,727,697,1831200,14178,404622,7629200
1094,788,705,1830412,14261,405327,7353400
1095,797,667,1829615,14391,405994,8187200
1096,755,730,1828860,14416,406724,8286400
1097,726,706,1828134,14436,407430,8426300
1098,714,710,1827420,14440,408140,7929100
1099,708,748,1826712,14400,408888,7874500
1100,803,738,1825909,14465,409626,14023200
1101,736,745,1825173,14456,410371,17490100
1102,730,719,1824443,14467,411090,8484200
1103,731,692,1823712,14506,411782,8343300
1104,689,749,1823023,14446,412531,8599000
1105,705,693,1822318,14458,413224,8171200
1106,703,741,1821615,14420,413965,8093900
1107,732,679,1820883,14473,414644,7758100
1108,740,714,1820143,14499,415358,7758000
1109,761,681,1819382,14579,416039,8324900
1110,766,741,1818616,14604,416780,8240900
1111,757,734,1817859,14627,417514,7987600
1112,721,726,1817138,14622,418240,7917800
1113,756,719,1816382,14659,418959,14365900
1114,767,730,1815615,14696,419689,11065100
1115,766,735,1814849,14727,420424,9915200
1116,751,708,1814098,14770,421132,10077100
1117,711,713,1813387,14768,421845,7880900
1118,752,766,1812635,14754,422611,10171500
1119,719,753,1811916,14720,423364,9916500
1120,766,742,1811150,14744,424106,8454200
1121,734,720,1810416,14758,424826,7835300
1122,756,787,1809660,14727,425613,8998800
1123,719,730,1808941,14716,426343,8873000
1124,744,734,1808197,14726,427077,7876700
1125,732,750,1807465,14708,427827,7616900
1126,709,725,1806756,14692,428552,7466300
1127,763,747,1805993,14708,429299,7326800
1128,763,726,1805230,14745,430025,7122000
1129,784,752,1804446,14777,430777,7165800
1130,790,683,1803656,14884,431460,7319500
1131,758,725,1802898,14917,432185,7653400
1132,764,767,1802134,14914,432952,7158600
1133,759,731,1801375,14942,433683,7620500
1134,775,757,1800600,14960,434440,7205500
1135,767,758,1799833,14969,435198,7784100
1136,805,725,1799028,15049,435923,7389800
1137,771,777,1798257,15043,436700,7746600
1138,709,779,1797548,14973,437479,7283000
1139,737,776,1796811,14934,438255,7706900
1140,771,742,1796040,14963,438997,7265400
1141,740,738,1795300,14965,439735,7251400
1142,739,863,1794561,14841,440598,7263100
1143,725,725,1793836,14841,441323,7453200
1144,755,741,1793081,14855,442064,7266900
1145,757,698,1792324,14914,442762,7600400
1146,751,737,1791573,14928,443499,7294000
1147,790,736,1790783,14982,444235,7624900
1148,771,728,1790012,15025,444963,7371600
1149,772,734,1789240,15063,445697,7672200
1150,767,763,1788473,15067,446460,8188700
1151,720,739,1787753,15048,447199,7729600
1152,745,779,1787008,15014,447978,7290000
1153,739,746,1786269,15007,448724,7408300
1154,764,703,1785505,15068,449427,7524800
1155,708,727,1784797,15049,450154,7798800
1156,765,794,1784032,15020,450948,8470700
1157,775,784,1783257,15011,451732,7844100
1158,757,790,1782500,14978,452522,7422800
1159,773,782,1781727,14969,453304,7418000
1160,755,749,1780972,14975,454053,7609800
1161,764,736,1780208,15003,454789,7437600
1162,760,724,1779448,15039,455513,7275500
1163,744,771,1778704,15012,456284,7386800
1164,700,786,1778004,14926,457070,7427700
1165,712,766,1777292,14872,457836,7317400
1166,748,740,1776544,14880,458576,7191200
1167,739,718,1775805,14901,459294,7156300
1168,738,680,1775067,14959,459974,7298200
1169,702,763,1774365,14898,460737,7253800
1170,701,724,1773664,14875,461461,7449800
1171,763,796,1772901,14842,462257,7328400
1172,670,746,1772231,14766,463003,7249400
1173,737,714,1771494,14789,463717,7357200
1174,734,795,1770760,14728,464512,7388200
1175,701,733,1770059,14696,465245,7217100
1176,710,736,1769349,14670,465981,7566400
1177,715,708,1768634,14677,466689,7192300
1178,677,757,1767957,14597,467446,7479500
1179,728,752,1767229,14573,468198,7299600
1180,692,724,1766537,14541,468922,7233800
1181,735,745,1765802,14531,469667,7451100
1182,689,745,1765113,14475,470412,7310700
1183,729,715,1764384,14489,471127,7554600
1184,734,744,1763650,14479,471871,7622900
1185,752,743,1762898,14488,472614,7488400
1186,706,722,1762192,14472,473336,8051800
1187,704,724,1761488,14452,474060,7944800
1188,717,696,1760771,14473,474756,7782200
1189,746,705,1760025,14514,475461,7611200
1190,767,733,1759258,14548,476194,7669800
1191,748,729,1758510,14567,476923,7548700
1192,754,721,1757756,14600,477644,7453900
1193,762,739,1756994,14623,478383,7428300
1194,713,759,1756281,14577,479142,7450200
1195,769,699,1755512,14647,479841,7428300
1196,738,775,1754774,14610,480616,7627100
1197,757,742,1754017,14625,481358,7839900
1198,741,725,1753276,14641,482083,8592800
1199,733,756,1752543,14618,482839,7431000
1200,765,739,1751778,14644,483578,7595900
1201,758,742,1751020,14660,484320,7297200
1202,793,725,1750227,14728,485045,7303600
1203,774,741,1749453,14761,485786,7225300
1204,749,724,1748704,14786,486510,7689900
1205,760,753,1747944,14793,487263,7333500
1206,745,739,1747199,14799,488002,7411700
1207,784,755,1746415,14828,488757,7236400
1208,723,734,1745692,14817,489491,7207400
1209,757,727,1744935,14847,490218,7160800
1210,732,775,1744203,14804,490993,7405400
1211,808,700,1743395,14912,491693,7117100
1212,784,716,1742611,14980,492409,7620200
1213,775,755,1741836,15000,493164,7165100
1214,787,735,1741049,15052,493899,7292200
1215,802,732,1740247,15122,494631,7660800
1216,741,778,1739506,15085,495409,7859600
1217,769,771,1738737,15083,496180,7435600
1218,809,743,1737928,15149,496923,8480400
1219,747,788,1737181,15108,497711,7401000
1220,754,726,1736427,15136,498437,8504900
1221,767,746,1735660,15157,499183,8415700
1222,721,721,1734939,15157,499904,9911000
1223,810,769,1734129,15198,500673,9912600
1224,809,739,1733320,15268,501412,7548800
1225,816,751,1732504,15333,502163,7746900
1226,768,809,1731736,15292,502972,7289300
1227,819,727,1730917,15384,503699,7465500
1228,803,742,1730114,15445,504441,7586400
1229,764,766,1729350,15443,505207,7468200
1230,769,759,1728581,15453,505966,7332100
1231,793,726,1727788,15520,506692,7656100
1232,800,753,1726988,15567,507445,7484700
1233,772,755,1726216,15584,508200,7693900
1234,776,782,1725440,15578,508982,7386700
1235,799,801,1724641,15576,509783,7440100
1236,781,747,1723860,15610,510530,7676400
1237,779,803,1723081,15586,511333,7930700
1238,806,760,1722275,15632,512093,7508300
1239,794,769,1721481,15657,512862,7676300
1240,779,791,1720702,15645,513653,7804000
1241,771,786,1719931,15630,514439,8088500
1242,781,787,1719150,15624,515226,7425200
1243,739,810,1718411,15553,516036,8042300
1244,747,793,1717664,15507,516829,8368800
1245,776,782,1716888,15501,517611,7630800
1246,756,771,1716132,15486,518382,8459300
1247,792,771,1715340,15507,519153,8331900
1248,783,794,1714557,15496,519947,8398700
1249,801,747,1713756,15550,520694,8757100
1250,771,773,1712985,15548,521467,9390600
1251,745,787,1712240,15506,522254,8691000
1252,759,758,1711481,15507,523012,8287000
1253,702,750,1710779,15459,523762,8261500
1254,743,752,1710036,15450,524514,8719700
1255,771,761,1709265,15460,525275,8291800
1256,712,751,1708553,15421,526026,7738000
1257,797,820,1707756,15398,526846,8230200
1258,797,765,1706959,15430,527611,8029300
1259,778,840,1706181,15368,528451,7993800
1260,725,759,1705456,15334,529210,8285000
1261,784,776,1704672,15342,529986,8104600
1262,746,732,1703926,15356,530718,7932200
1263,733,761,1703193,15328,531479,7857100
1264,768,780,1702425,15316,532259,7754500
1265,744,806,1701681,15254,533065,7689500
1266,753,773,1700928,15234,533838,8253600
1267,758,749,1700170,15243,534587,7954200
1268,755,760,1699415,15238,535347,9325300
1269,775,776,1698640,15237,536123,8173700
1270,838,751,1697802,15324,536874,8062200
1271,729,751,1697073,15302,537625,8445100
1272,857,770,1696216,15389,538395,8025600
1273,756,725,1695460,15420,539120,8915500
1274,771,746,1694689,15445,539866,8127400
1275,785,764,1693904,15466,540630,8162600
1276,769,775,1693135,15460,541405,8171100
1277,748,768,1692387,15440,542173,8838000
1278,791,746,1691596,15485,542919,10049600
1279,805,829,1690791,15461,543748,8190400
1280,822,773,1689969,15510,544521,8011000
1281,774,757,1689195,15527,545278,7857400
1282,731,789,1688464,15469,546067,8533400
1283,754,762,1687710,15461,546829,10046000
1284,776,811,1686934,15426,547640,9050400
1285,774,803,1686160,15397,548443,9426100
1286,795,773,1685365,15419,549216,10454300
1287,796,774,1684569,15441,549990,8921300
1288,796,787,1683773,15450,550777,8138300
1289,764,781,1683009,15433,551558,7810500
1290,783,799,1682226,15417,552357,8177100
1291,840,780,1681386,15477,553137,7811300
1292,801,801,1680585,15477,553938,8133200
1293,778,794,1679807,15461,554732,8972300
1294,708,763,1679099,15406,555495,10261000
1295,754,754,1678345,15406,556249,26256000
1296,755,777,1677590,15384,557026,8439900
1297,756,829,1676834,15311,557855,9548900
1298,763,800,1676071,15274,558655,8626000
1299,779,791,1675292,15262,559446,8692500
1300,802,762,1674490,15302,560208,8023500
1301,759,809,1673731,15252,561017,7694200
1302,782,777,1672949,15257,561794,9902700
1303,717,778,1672232,15196,562572,9666300
1304,741,739,1671491,15198,563311,7669700
1305,771,750,1670720,15219,564061,9792800
1306,773,790,1669947,15202,564851,7587000
1307,756,779,1669191,15179,565630,7398300
1308,715,745,1668476,15149,566375,7178800
1309,791,756,1667685,15184,567131,7138500
1310,789,784,1666896,15189,567915,7412900
1311,775,815,1666121,15149,568730,7240900
1312,778,754,1665343,15173,569484,7149400
1313,769,738,1664574,15204,570222,7707400
1314,760,743,1663814,15221,570965,7694300
1315,729,756,1663085,15194,571721,7498200
1316,736,731,1662349,15199,572452,7608400
1317,720,750,1661629,15169,573202,7270900
1318,760,744,1660869,15185,573946,7201500
1319,772,746,1660097,15211,574692,7191700
1320,792,739,1659305,15264,575431,7315000
1321,760,765,1658545,15259,576196,7301700
1322,744,727,1657801,15276,576923,7812200
1323,797,736,1657004,15337,577659,8007100
1324,820,773,1656184,15384,578432,8794600
1325,823,766,1655361,15441,579198,8795700
1326,778,788,1654583,15431,579986,8302100
1327,784,716,1653799,15499,580702,7872300
1328,784,741,1653015,15542,581443,8570000
1329,832,806,1652183,15568,582249,8820600
1330,819,752,1651364,15635,583001,9778100
1331,789,742,1650575,15682,583743,9372200
1332,785,785,1649790,15682,584528,8163600
1333,819,832,1648971,15669,585360,8825200
1334,839,753,1648132,15755,586113,8068600
1335,813,770,1647319,15798,586883,8050000
1336,803,764,1646516,15837,587647,8369300
1337,800,812,1645716,15825,588459,9276000
1338,773,779,1644943,15819,589238,9382200
1339,876,779,1644067,15916,590017,8883400
1340,859,842,1643208,15933,590859,8724100
1341,832,804,1642376,15961,591663,8675000
1342,795,747,1641581,16009,592410,7885200
1343,772,835,1640809,15946,593245,8310900
1344,814,792,1639995,15968,594037,7959900
1345,784,806,1639211,15946,594843,7962100
1346,781,859,1638430,15868,595702,7774700
1347,813,811,1637617,15870,596513,8515000
1348,820,823,1636797,15867,597336,8184900
1349,814,765,1635983,15916,598101,7818500
1350,794,804,1635189,15906,598905,7473300
1351,808,864,1634381,15850,599769,7781800
1352,833,812,1633548,15871,600581,7375700
1353,788,799,1632760,15860,601380,7572100
1354,869,708,1631891,16021,602088,7284200
1355,809,805,1631082,16025,602893,7481400
1356,822,810,1630260,16037,603703,7156000
1357,835,784,1629425,16088,604487,7386700
1358,811,759,1628614,16140,605246,7538500
1359,840,815,1627774,16165,606061,9548900
1360,792,783,1626982,16174,606844,8740800
1361,793,818,1626189,16149,607662,8324700
1362,810,744,1625379,16215,608406,8559000
1363,816,848,1624563,16183,609254,8844800
1364,761,875,1623802,16069,610129,8729500
1365,774,818,1623028,16025,610947,8449200
1366,773,791,1622255,16007,611738,8327300
1367,826,777,1621429,16056,612515,8184300
1368,789,833,1620640,16012,613348,7890000
1369,788,838,1619852,15962,614186,7916500
1370,799,808,1619053,15953,614994,7810600
1371,835,746,1618218,16042,615740,7879900
1372,721,795,1617497,15968,616535,7731100
1373,758,811,1616739,15915,617346,8026100
1374,793,798,1615946,15910,618144,7667700
1375,846,790,1615100,15966,618934,8143900
1376,814,790,1614286,15990,619724,8012600
1377,821,805,1613465,16006,620529,7710900
1378,835,835,1612630,16006,621364,8056700
1379,799,761,1611831,16044,622125,7705900
1380,833,767,1610998,16110,622892,7751800
1381,791,768,1610207,16133,623660,7716500
1382,794,812,1609413,16115,624472,8134400
1383,816,844,1608597,16087,625316,7954300
1384,823,758,1607774,16152,626074,7715900
1385,820,770,1606954,16202,626844,7759800
1386,791,798,1606163,16195,627642,7500500
1387,862,834,1605301,16223,628476,7284500
1388,855,826,1604446,16252,629302,7269800
1389,857,811,1603589,16298,630113,7225900
1390,837,811,1602752,16324,630924,7605900
1391,805,797,1601947,16332,631721,7541000
1392,787,824,1601160,16295,632545,8229700
1393,815,787,1600345,16323,633332,7832900
1394,813,840,1599532,16296,634172,8580100
1395,832,795,1598700,16333,634967,7933200
1396,838,799,1597862,16372,635766,8028500
1397,778,770,1597084,16380,636536,7759500
1398,854,837,1596230,16397,637373,8374500
1399,861,789,1595369,16469,638162,8104700
1400,812,851,1594557,16430,639013,7895300
1401,812,826,1593745,16416,639839,7976600
1402,818,801,1592927,16433,640640,7935600
1403,832,828,1592095,16437,641468,7895100
1404,855,823,1591240,16469,642291,7744400
1405,826,813,1590414,16482,643104,7790200
1406,780,860,1589634,16402,643964,7702800
1407,854,832,1588780,16424,644796,7707400
1408,828,809,1587952,16443,645605,7748300
1409,789,870,1587163,16362,646475,8019800
1410,822,811,1586341,16373,647286,7621700
1411,802,826,1585539,16349,648112,8042400
1412,843,860,1584696,16332,648972,7744000
1413,842,857,1583854,16317,649829,7756500
1414,859,816,1582995,16360,650645,7686500
1415,807,793,1582188,16374,651438,7950300
1416,832,804,1581356,16402,652242,7824600
1417,831,843,1580525,16390,653085,7898300
1418,837,805,1579688,16422,653890,7816700
1419,815,821,1578873,16416,654711,7740200
1420,800,823,1578073,16393,655534,7690800
1421,778,861,1577295,16310,656395,7673900
1422,801,780,1576494,16331,657175,7976700
1423,782,845,1575712,16268,658020,7670000
1424,796,792,1574916,16272,658812,7376100
1425,763,799,1574153,16236,659611,7395000
1426,804,798,1573349,16242,660409,7633100
1427,807,821,1572542,16228,661230,7628500
1428,807,786,1571735,16249,662016,7454000
1429,835,823,1570900,16261,662839,7271500
1430,794,794,1570106,16261,663633,7606900
1431,836,744,1569270,16353,664377,7170700
1432,778,814,1568492,16317,665191,7235500
1433,820,799,1567672,16338,665990,7287400
1434,787,850,1566885,16275,666840,7411700
1435,802,813,1566083,16264,667653,7306300
1436,806,839,1565277,16231,668492,7316300
1437,760,817,1564517,16174,669309,7612300
1438,782,841,1563735,16115,670150,7142600
1439,781,841,1562954,16055,670991,7230000
1440,827,789,1562127,16093,671780,7191900
1441,809,796,1561318,16106,672576,7436900
1442,768,863,1560550,16011,673439,7335100
1443,765,842,1559785,15934,674281,7751900
1444,858,818,1558927,15974,675099,7166700
1445,835,823,1558092,15986,675922,7261800
1446,803,790,1557289,15999,676712,7103800
1447,767,813,1556522,15953,677525,7189800
1448,788,823,1555734,15918,678348,7106000
1449,781,798,1554953,15901,679146,7265400
1450,794,816,1554159,15879,679962,7285200
1451,750,798,1553409,15831,680760,7873200
1452,817,788,1552592,15860,681548,7258900
1453,756,806,1551836,15810,682354,7436000
1454,792,740,1551044,15862,683094,7603300
1455,811,817,1550233,15856,683911,7968500
1456,754,801,1549479,15809,684712,8146800
1457,838,768,1548641,15879,685480,7646300
1458,799,792,1547842,15886,686272,7310100
1459,781,783,1547061,15884,687055,7347300
1460,794,762,1546267,15916,687817,7899200
1461,790,765,1545477,15941,688582,7296900
1462,828,839,1544649,15930,689421,7230100
1463,825,831,1543824,15924,690252,7785000
1464,816,805,1543008,15935,691057,7329000
1465,862,787,1542146,16010,691844,7520800
1466,839,769,1541307,16080,692613,7438000
1467,834,806,1540473,16108,693419,7834900
1468,798,822,1539675,16084,694241,7568500
1469,791,747,1538884,16128,694988,7669100
1470,899,854,1537985,16173,695842,7427600
1471,794,826,1537191,16141,696668,7761200
1472,757,823,1536434,16075,697491,7408300
1473,799,788,1535635,16086,698279,7340000
1474,768,739,1534867,16115,699018,7423000
1475,751,810,1534116,16056,699828,7783000
1476,774,809,1533342,16021,700637,7505200
1477,768,788,1532574,16001,701425,7717200
1478,743,845,1531831,15899,702270,7463400
1479,676,787,1531155,15788,703057,8327800
1480,680,742,1530475,15726,703799,7629800
1481,720,780,1529755,15666,704579,7589200
1482,723,775,1529032,15614,705354,7782200
1483,745,786,1528287,15573,706140,7931300
1484,722,792,1527565,15503,706932,7641600
1485,773,776,1526792,15500,707708,8167600
1486,730,771,1526062,15459,708479,7695700
1487,772,775,1525290,15456,709254,8310600
1488,719,818,1524571,15357,710072,8339600
1489,762,762,1523809,15357,710834,7875400
1490,785,786,1523024,15356,711620,7470600
1491,786,797,1522238,15345,712417,7705700
1492,700,764,1521538,15281,713181,7756600
1493,701,809,1520837,15173,713990,7581400
1494,775,767,1520062,15181,714757,7845300
1495,739,740,1519323,15180,715497,7933700
1496,747,762,1518576,15165,716259,8037900
1497,773,741,1517803,15197,717000,7591800
1498,741,774,1517062,15164,717774,7835500
1499,792,760,1516270,15196,718534,7197600
1500,745,797,1515525,15144,719331,7219500
1501,753,740,1514772,15157,720071,7597500
1502,760,789,1514012,15128,720860,7543300
1503,702,742,1513310,15088,721602,7248300
1504,764,729,1512546,15123,722331,7514200
1505,775,731,1511771,15167,723062,7108000
1506,765,746,1511006,15186,723808,7405100
1507,771,742,1510235,15215,724550,7385700
1508,790,703,1509445,15302,725253,8267200
1509,803,762,1508642,15343,726015,8200300
1510,692,750,1507950,15285,726765,8137100
1511,766,764,1507184,15287,727529,7849100
1512,770,790,1506414,15267,728319,8102500
1513,750,770,1505664,15247,729089,7761300
1514,809,793,1504855,15263,729882,7804000
1515,795,794,1504060,15264,730676,7706500
1516,794,763,1503266,15295,731439,7726900
1517,773,699,1502493,15369,732138,7689100
1518,786,766,1501707,15389,732904,7699800
1519,728,754,1500979,15363,733658,7658900
1520,767,791,1500212,15339,734449,7974500
1521,766,749,1499446,15356,735198,7647800
1522,765,749,1498681,15372,735947,7721700
1523,791,744,1497890,15419,736691,7856000
1524,768,795,1497122,15392,737486,8075700
1525,776,769,1496346,15399,738255,7668600
1526,768,791,1495578,15376,739046,7875600
1527,805,766,1494773,15415,739812,7826800
1528,830,764,1493943,15481,740576,7991900
1529,806,794,1493137,15493,741370,7725100
1530,816,766,1492321,15543,742136,7738200
1531,781,771,1491540,15553,742907,7749200
1532,818,777,1490722,15594,743684,7748200
1533,827,812,1489895,15609,744496,7955200
1534,751,777,1489144,15583,745273,7936800
1535,753,800,1488391,15536,746073,7709700
1536,803,763,1487588,15576,746836,7635000
1537,734,774,1486854,15536,747610,8009000
1538,749,785,1486105,15500,748395,7762500
1539,754,782,1485351,15472,749177,8020100
1540,733,772,1484618,15433,749949,7678300
1541,738,764,1483880,15407,750713,8422000
1542,711,771,1483169,15347,751484,7743700
1543,778,723,1482391,15402,752207,8188000
1544,730,793,1481661,15339,753000,7251100
1545,763,740,1480898,15362,753740,7476600
1546,755,782,1480143,15335,754522,7211100
1547,736,797,1479407,15274,755319,7480800
1548,795,772,1478612,15297,756091,7166300
1549,746,747,1477866,15296,756838,7202300
1550,787,767,1477079,15316,757605,7170200
1551,748,761,1476331,15303,758366,7349700
1552,783,756,1475548,15330,759122,7244800
1553,767,769,1474781,15328,759891,7630100
1554,762,779,1474019,15311,760670,7362700
1555,778,729,1473241,15360,761399,7250500
1556,778,737,1472463,15401,762136,7225000
1557,779,777,1471684,15403,762913,7703000
1558,748,781,1470936,15370,763694,7074100
1559,795,781,1470141,15384,764475,7157500
1560,727,754,1469414,15357,765229,7365500
1561,774,833,1468640,15298,766062,7602700
1562,799,782,1467841,15315,766844,7212100
1563,836,743,1467005,15408,767587,7311500
1564,750,777,1466255,15381,768364,7232500
1565,778,796,1465477,15363,769160,7202100
1566,759,784,1464718,15338,769944,7258000
1567,738,751,1463980,15325,770695,7327200
1568,792,765,1463188,15352,771460,7246300
1569,757,770,1462431,15339,772230,7715800
1570,751,754,1461680,15336,772984,7424800
1571,784,774,1460896,15346,773758,7133200
1572,742,782,1460154,15306,774540,7437100
1573,787,764,1459367,15329,775304,7301400
1574,770,775,1458597,15324,776079,7283900
1575,796,755,1457801,15365,776834,7143500
1576,763,785,1457038,15343,777619,7379500
1577,789,794,1456249,15338,778413,7144000
1578,750,745,1455499,15343,779158,7399100
1579,784,798,1454715,15329,779956,7181800
1580,784,754,1453931,15359,780710,7797200
1581,834,806,1453097,15387,781516,7599000
1582,770,759,1452327,15398,782275,8079900
1583,783,715,1451544,15466,782990,7772300
1584,832,734,1450712,15564,783724,7599200
1585,737,790,1449975,15511,784514,7061800
1586,799,743,1449176,15567,785257,7339400
1587,778,795,1448398,15550,786052,7403300
1588,801,787,1447597,15564,786839,7357000
1589,768,751,1446829,15581,787590,7214800
1590,843,797,1445986,15627,788387,7339100
1591,789,806,1445197,15610,789193,7238800
1592,804,753,1444393,15661,789946,7285500
1593,808,729,1443585,15740,790675,7381400
1594,809,811,1442776,15738,791486,7456300
1595,821,813,1441955,15746,792299,7469500
1596,786,798,1441169,15734,793097,7393200
1597,816,778,1440353,15772,793875,7612200
1598,829,817,1439524,15784,794692,7709300
1599,808,807,1438716,15785,795499,7650200
1600,777,789,1437939,15773,796288,7715800
1601,764,761,1437175,15776,797049,7212100
1602,799,777,1436376,15798,797826,7247100
1603,788,850,1435588,15736,798676,7251800
1604,780,741,1434808,15775,799417,7330900
1605,803,815,1434005,15763,800232,7170500
1606,774,780,1433231,15757,801012,7282900
1607,806,801,1432425,15762,801813,7345400
1608,739,844,1431686,15657,802657,7222200
1609,810,803,1430876,15664,803460,7467500
1610,815,797,1430061,15682,804257,8507400
1611,758,786,1429303,15654,805043,7436700
1612,756,767,1428547,15643,805810,7916100
1613,747,804,1427800,15586,806614,7541300
1614,767,775,1427033,15578,807389,8061100
1615,773,759,1426260,15592,808148,7250800
1616,782,768,1425478,15606,808916,8404100
1617,792,779,1424686,15619,809695,7441000
1618,718,758,1423968,15579,810453,7386400
1619,768,743,1423200,15604,811196,7390100
1620,736,800,1422464,15540,811996,8360000
1621,758,785,1421706,15513,812781,9120200
1622,755,803,1420951,15465,813584,7409100
1623,777,740,1420174,15502,814324,7331400
1624,744,786,1419430,15460,815110,7481400
1625,763,807,1418667,15416,815917,7149200
1626,751,781,1417916,15386,816698,8054400
1627,724,800,1417192,15310,817498,7324500
1628,760,802,1416432,15268,818300,8077300
1629,733,801,1415699,15200,819101,7601000
1630,758,816,1414941,15142,819917,7682100
1631,736,786,1414205,15092,820703,7363300
1632,774,749,1413431,15117,821452,7555200
1633,762,755,1412669,15124,822207,7584800
1634,800,758,1411869,15166,822965,7546400
1635,787,803,1411082,15150,823768,7478000
1636,802,789,1410280,15163,824557,8472400
1637,763,746,1409517,15180,825303,7567800
1638,736,774,1408781,15142,826077,8129800
1639,791,758,1407990,15175,826835,7498500
1640,828,740,1407162,15263,827575,7973300
1641,746,722,1406416,15287,828297,7498900
1642,748,796,1405668,15239,829093,7569600
1643,817,789,1404851,15267,829882,7411100
1644,721,764,1404130,15224,830646,8130900
1645,764,763,1403366,15225,831409,7577600
1646,789,775,1402577,15239,832184,7577200
1647,821,707,1401756,15353,832891,7831200
1648,783,761,1400973,15375,833652,7975000
1649,804,754,1400169,15425,834406,7923900
1650,780,736,1399389,15469,835142,7156100
1651,767,768,1398622,15468,835910,7130600
1652,803,765,1397819,15506,836675,7472000
1653,817,789,1397002,15534,837464,7344300
1654,790,816,1396212,15508,838280,7432800
1655,820,809,1395392,15519,839089,7442300
1656,741,751,1394651,15509,839840,7338000
1657,769,780,1393882,15498,840620,7300200
1658,773,766,1393109,15505,841386,7526900
1659,778,828,1392331,15455,842214,7188900
1660,777,836,1391554,15396,843050,7319400
1661,801,788,1390753,15409,843838,7130900
1662,794,730,1389959,15473,844568,7537100
1663,776,769,1389183,15480,845337,7565700
1664,805,745,1388378,15540,846082,7496200
1665,737,804,1387641,15473,846886,7179400
1666,796,809,1386845,15460,847695,7239400
1667,776,738,1386069,15498,848433,7185400
1668,820,805,1385249,15513,849238,7521900
1669,779,799,1384470,15493,850037,7314100
1670,821,777,1383649,15537,850814,7510600
1671,814,790,1382835,15561,851604,7377600
1672,811,765,1382024,15607,852369,7568000
1673,820,762,1381204,15665,853131,7339400
1674,784,776,1380420,15673,853907,7798400
1675,768,783,1379652,15658,854690,7190800
1676,834,814,1378818,15678,855504,7466300
1677,772,814,1378046,15636,856318,7210600
1678,770,753,1377276,15653,857071,7833900
1679,805,729,1376471,15729,857800,7223700
1680,820,793,1375651,15756,858593,7504400
1681,819,820,1374832,15755,859413,7304400
1682,827,761,1374005,15821,860174,7749100
1683,821,756,1373184,15886,860930,7176000
1684,738,777,1372446,15847,861707,7229900
1685,775,758,1371671,15864,862465,7323700
1686,784,772,1370887,15876,863237,7157400
1687,812,869,1370075,15819,864106,7627000
1688,776,828,1369299,15767,864934,7268500
1689,756,777,1368543,15746,865711,7295400
1690,761,804,1367782,15703,866515,7390300
1691,806,779,1366976,15730,867294,7350000
1692,784,760,1366192,15754,868054,7261900
1693,780,787,1365412,15747,868841,7356000
1694,766,829,1364646,15684,869670,7215100
1695,774,788,1363872,15670,870458,7331000
1696,756,796,1363116,15630,871254,7258700
1697,808,772,1362308,15666,872026,7775000
1698,766,783,1361542,15649,872809,7244000
1699,782,804,1360760,15627,873613,7543500
1700,732,800,1360028,15559,874413,7219600
1701,758,772,1359270,15545,875185,7361200
1702,786,782,1358484,15549,875967,7182500
1703,738,814,1357746,15473,876781,7585200
1704,716,745,1357030,15444,877526,7194100
1705,726,730,1356304,15440,878256,7753900
1706,790,809,1355514,15421,879065,7112300
1707,761,704,1354753,15478,879769,7953000
1708,771,724,1353982,15525,880493,7302500
1709,765,767,1353217,15523,881260,7577600
1710,778,770,1352439,15531,882030,7206300
1711,749,806,1351690,15474,882836,7415900
1712,783,789,1350907,15468,883625,7506500
1713,786,776,1350121,15478,884401,8264700
1714,777,774,1349344,15481,885175,8092700
1715,729,790,1348615,15420,885965,7533600
1716,807,760,1347808,15467,886725,7293700
1717,803,766,1347005,15504,887491,7600300
1718,762,806,1346243,15460,888297,7130200
1719,785,787,1345458,15458,889084,7059900
1720,792,743,1344666,15507,889827,7457100
1721,775,769,1343891,15513,890596,7188400
1722,792,775,1343099,15530,891371,7168700
1723,750,788,1342349,15492,892159,7227800
1724,802,770,1341547,15524,892929,7271800
1725,780,767,1340767,15537,893696,7504700
1726,755,768,1340012,15524,894464,7259600
1727,769,803,1339243,15490,895267,7173900
1728,800,789,1338443,15501,896056,7183000
1729,786,795,1337657,15492,896851,7110200
1730,832,774,1336825,15550,897625,7439200
1731,774,770,1336051,15554,898395,7535300
1732,778,760,1335273,15572,899155,7827200
1733,799,785,1334474,15586,899940,7557600
1734,751,795,1333723,15542,900735,7571900
1735,770,776,1332953,15536,901511,7209100
1736,753,769,1332200,15520,902280,7281600
1737,773,757,1331427,15536,903037,7127700
1738,758,737,1330669,15557,903774,7519500
1739,793,759,1329876,15591,904533,7347500
1740,739,726,1329137,15604,905259,7562000
1741,793,769,1328344,15628,906028,7396500
1742,802,747,1327542,15683,906775,7610200
1743,756,802,1326786,15637,907577,7391700
1744,760,748,1326026,15649,908325,8377600
1745,781,782,1325245,15648,909107,8686200
1746,769,786,1324476,15631,909893,7950000
1747,761,809,1323715,15583,910702,7152600
1748,757,764,1322958,15576,911466,7861900
1749,760,778,1322198,15558,912244,7325200
1750,739,779,1321459,15518,913023,7844200
1751,758,795,1320701,15481,913818,7436900
1752,813,752,1319888,15542,914570,7728600
1753,780,762,1319108,15560,915332,7413700
1754,811,808,1318297,15563,916140,7298700
1755,748,787,1317549,15524,916927,7194400
1756,777,802,1316772,15499,917729,7584000
1757,737,751,1316035,15485,918480,7232800
1758,708,757,1315327,15436,919237,7390300
1759,747,801,1314580,15382,920038,7476100
1760,727,760,1313853,15349,920798,7352800
1761,780,741,1313073,15388,921539,7301100
1762,776,791,1312297,15373,922330,7529000
1763,792,779,1311505,15386,923109,7167100
1764,783,733,1310722,15436,923842,7587300
1765,763,772,1309959,15427,924614,7216200
1766,779,745,1309180,15461,925359,7486200
1767,760,755,1308420,15466,926114,7231300
1768,785,749,1307635,15502,926863,7459100
1769,819,788,1306816,15533,927651,7382900
1770,782,785,1306034,15530,928436,7806900
1771,741,770,1305293,15501,929206,7108000
1772,710,735,1304583,15476,929941,7307500
1773,774,774,1303809,15476,930715,7165100
1774,780,802,1303029,15454,931517,7635800
1775,779,758,1302250,15475,932275,7352700
1776,752,757,1301498,15470,933032,7452000
1777,818,791,1300680,15497,933823,7431700
1778,781,803,1299899,15475,934626,7261600
1779,799,773,1299100,15501,935399,7618200
1780,802,808,1298298,15495,936207,7173900
1781,789,754,1297509,15530,936961,7639300
1782,777,785,1296732,15522,937746,7113500
1783,773,830,1295959,15465,938576,7997600
1784,781,778,1295178,15468,939354,7687500
1785,780,783,1294398,15465,940137,7770800
1786,771,783,1293627,15453,940920,7590200
1787,745,767,1292882,15431,941687,7744000
1788,773,832,1292109,15372,942519,7587400
1789,753,772,1291356,15353,943291,7550700
1790,769,775,1290587,15347,944066,7382100
1791,753,756,1289834,15344,944822,7496700
1792,827,755,1289007,15416,945577,7330600
1793,743,810,1288264,15349,946387,7337300
1794,789,738,1287475,15400,947125,7447100
1795,771,775,1286704,15396,947900,7472200
1796,814,786,1285890,15424,948686,7334000
1797,792,758,1285098,15458,949444,7620200
1798,737,757,1284361,15438,950201,7868900
1799,775,770,1283586,15443,950971,8059700
1800,788,863,1282798,15368,951834,7373300
1801,770,680,1282028,15458,952514,7561600
1802,777,770,1281251,15465,953284,7378500
1803,715,718,1280536,15462,954002,8255100
1804,792,739,1279744,15515,954741,7734100
1805,786,722,1278958,15579,955463,7740600
1806,815,804,1278143,15590,956267,7379300
1807,775,840,1277368,15525,957107,7405400
1808,800,823,1276568,15502,957930,7412100
1809,792,757,1275776,15537,958687,7151600
1810,767,790,1275009,15514,959477,7161300
1811,709,788,1274300,15435,960265,7743300
1812,752,795,1273548,15392,961060,7432100
1813,776,794,1272772,15374,961854,7657600
1814,773,798,1271999,15349,962652,7111000
1815,753,760,1271246,15342,963412,7575600
1816,730,769,1270516,15303,964181,7074700
1817,748,776,1269768,15275,964957,7458500
1818,721,794,1269047,15202,965751,7325600
1819,740,796,1268307,15146,966547,7190300
1820,735,757,1267572,15124,967304,7479600
1821,685,755,1266887,15054,968059,7585000
1822,715,721,1266172,15048,968780,7498100
1823,739,755,1265433,15032,969535,7819500
1824,731,776,1264702,14987,970311,8371700
1825,698,739,1264004,14946,971050,7929800
1826,739,761,1263265,14924,971811,9426000
1827,761,722,1262504,14963,972533,8305600
1828,737,732,1261767,14968,973265,7506500
1829,708,735,1261059,14941,974000,7850300
1830,717,778,1260342,14880,974778,7195800
1831,684,733,1259658,14831,975511,7628000
1832,714,763,1258944,14782,976274,7207600
1833,730,741,1258214,14771,977015,7110900
1834,683,726,1257531,14728,977741,7146500
1835,723,764,1256808,14687,978505,7527600
1836,723,812,1256085,14598,979317,7612800
1837,730,721,1255355,14607,980038,7545900
1838,730,711,1254625,14626,980749,7343400
1839,757,738,1253868,14645,981487,7696200
1840,727,716,1253141,14656,982203,7241000
1841,705,752,1252436,14609,982955,7262500
1842,763,717,1251673,14655,983672,7631900
1843,761,749,1250912,14667,984421,7981100
1844,720,709,1250192,14678,985130,7704900
1845,700,705,1249492,14673,985835,7957200
1846,723,781,1248769,14615,986616,8563500
1847,753,710,1248016,14658,987326,8032300
1848,781,783,1247235,14656,988109,8438800
1849,712,759,1246523,14609,988868,7440200
1850,716,688,1245807,14637,989556,7626200
1851,691,727,1245116,14601,990283,8066400
1852,741,737,1244375,14605,991020,8068200
1853,747,718,1243628,14634,991738,7604600
1854,747,743,1242881,14638,992481,7420000
1855,723,721,1242158,14640,993202,7371400
1856,772,736,1241386,14676,993938,7488800
1857,735,750,1240651,14661,994688,7350000
1858,720,725,1239931,14656,995413,7307700
1859,677,758,1239254,14575,996171,7325000
1860,722,716,1238532,14581,996887,7357400
1861,667,728,1237865,14520,997615,7492300
1862,671,709,1237194,14482,998324,7098900
1863,716,685,1236478,14513,999009,7522400
1864,722,749,1235756,14486,999758,7594000
1865,722,714,1235034,14494,1000472,7549700
1866,733,751,1234301,14476,1001223,7387800
1867,743,715,1233558,14504,1001938,7239900
1868,726,724,1232832,14506,1002662,7215500
1869,714,788,1232118,14432,1003450,7312500
1870,706,773,1231412,14365,1004223,7451800
1871,737,691,1230675,14411,1004914,7424300
1872,705,726,1229970,14390,1005640,7310700
1873,682,772,1229288,14300,1006412,7315100
1874,720,712,1228568,14308,1007124,7187400
1875,699,691,1227869,14316,1007815,7639900
1876,697,667,1227172,14346,1008482,7323600
1877,700,714,1226472,14332,1009196,7337300
1878,750,695,1225722,14387,1009891,7167700
1879,680,723,1225042,14344,1010614,7165300
1880,732,741,1224310,14335,1011355,7454500
1881,700,773,1223610,14262,1012128,7992700
1882,684,756,1222926,14190,1012884,7420600
1883,729,679,1222197,14240,1013563,7549500
1884,693,731,1221504,14202,1014294,7391900
1885,726,729,1220778,14199,1015023,7248100
1886,663,745,1220115,14117,1015768,7158300
1887,746,718,1219369,14145,1016486,7198800
1888,691,693,1218678,14143,1017179,7150200
1889,674,711,1218004,14106,1017890,7489100
1890,728,713,1217276,14121,1018603,7501800
1891,710,726,1216566,14105,1019329,7306200
1892,663,695,1215903,14073,1020024,7407200
1893,721,712,1215182,14082,1020736,7103900
1894,738,743,1214444,14077,1021479,7398500
1895,694,716,1213750,14055,1022195,7055500
1896,664,725,1213086,13994,1022920,7135300
1897,667,717,1212419,13944,1023637,7650100
1898,705,685,1211714,13964,1024322,7438900
1899,692,744,1211022,13912,1025066,7269800
1900,691,703,1210331,13900,1025769,7508800
1901,698,681,1209633,13917,1026450,7162200
1902,649,676,1208984,13890,1027126,7518500
1903,669,655,1208315,13904,1027781,7281100
1904,661,680,1207654,13885,1028461,7269000
1905,699,654,1206955,13930,1029115,7351200
1906,736,663,1206219,14003,1029778,7698300
1907,673,689,1205546,13987,1030467,7292300
1908,661,735,1204885,13913,1031202,7636200
1909,706,723,1204179,13896,1031925,7191300
1910,745,735,1203434,13906,1032660,7583500
1911,722,712,1202712,13916,1033372,7313600
1912,700,690,1202012,13926,1034062,7752700
1913,719,685,1201293,13960,1034747,7162900
1914,686,684,1200607,13962,1035431,7846900
1915,657,705,1199950,13914,1036136,7445300
1916,681,715,1199269,13880,1036851,7415600
1917,675,702,1198594,13853,1037553,7282500
1918,634,685,1197960,13802,1038238,7477600
1919,689,647,1197271,13844,1038885,7360100
1920,725,667,1196546,13902,1039552,7481800
1921,700,651,1195846,13951,1040203,7393600
1922,692,731,1195154,13912,1040934,7630600
1923,724,726,1194430,13910,1041660,7586300
1924,723,670,1193707,13963,1042330,7192000
1925,686,670,1193021,13979,1043000,7261700
1926,698,682,1192323,13995,1043682,8092000
1927,702,742,1191621,13955,1044424,7255900
1928,710,703,1190911,13962,1045127,7286100
1929,699,678,1190212,13983,1045805,7234900
1930,669,705,1189543,13947,1046510,7079700
1931,676,670,1188867,13953,1047180,7160800
1932,732,687,1188135,13998,1047867,7260700
1933,663,761,1187472,13900,1048628,7620200
1934,655,703,1186817,13852,1049331,7305500
1935,687,724,1186130,13815,1050055,7141500
1936,671,701,1185459,13785,1050756,7070800
1937,689,694,1184770,13780,1051450,7604600
1938,704,712,1184066,13772,1052162,7212400
1939,660,724,1183406,13708,1052886,6985900
1940,664,655,1182742,13717,1053541,8049600
1941,675,666,1182067,13726,1054207,7346100
1942,696,633,1181371,13789,1054840,7461900
1943,703,668,1180668,13824,1055508,7432000
1944,718,705,1179950,13837,1056213,7495700
1945,689,725,1179261,13801,1056938,7343800
1946,695,653,1178566,13843,1057591,7403400
1947,693,675,1177873,13861,1058266,7354700
1948,711,645,1177162,13927,1058911,7377100
1949,705,678,1176457,13954,1059589,7357200
1950,673,690,1175784,13937,1060279,7403800
1951,668,688,1175116,13917,1060967,7432700
1952,721,697,1174395,13941,1061664,7559800
1953,725,656,1173670,14010,1062320,7436800
1954,728,628,1172942,14110,1062948,7420400
1955,711,722,1172231,14099,1063670,7353100
1956,706,688,1171525,14117,1064358,7455100
1957,689,673,1170836,14133,1065031,7465600
1958,703,648,1170133,14188,1065679,7385700
1959,672,736,1169461,14124,1066415,7456800
1960,678,681,1168783,14121,1067096,7594300
1961,664,675,1168119,14110,1067771,7521200
1962,703,684,1167416,14129,1068455,7370700
1963,711,687,1166705,14153,1069142,7462900
1964,713,737,1165992,14129,1069879,7232000
1965,681,677,1165311,14133,1070556,7088600
1966,709,697,1164602,14145,1071253,7142800
1967,695,684,1163907,14156,1071937,7201200
1968,697,724,1163210,14129,1072661,7090200
1969,702,658,1162508,14173,1073319,7304000
1970,682,718,1161826,14137,1074037,7204400
1971,695,736,1161131,14096,1074773,7110700
1972,725,697,1160406,14124,1075470,7145600
1973,716,715,1159690,14125,1076185,7211900
1974,699,726,1158991,14098,1076911,7226100
1975,719,729,1158272,14088,1077640,7225800
1976,706,664,1157566,14130,1078304,7672200
1977,733,687,1156833,14176,1078991,7860600
1978,722,723,1156111,14175,1079714,8675700
1979,728,691,1155383,14212,1080405,9065100
1980,715,693,1154668,14234,1081098,7864100
1981,738,714,1153930,14258,1081812,8116000
1982,676,713,1153254,14221,1082525,7736900
1983,717,724,1152537,14214,1083249,7752600
1984,708,697,1151829,14225,1083946,8171700
1985,750,687,1151079,14288,1084633,7995900
1986,715,713,1150364,14290,1085346,9136800
1987,716,700,1149648,14306,1086046,8923900
1988,636,710,1149012,14232,1086756,8943600
1989,685,646,1148327,14271,1087402,7921900
1990,670,703,1147657,14238,1088105,8013800
1991,719,708,1146938,14249,1088813,9679900
1992,659,691,1146279,14217,1089504,9805100
1993,688,744,1145591,14161,1090248,8652100
1994,667,718,1144924,14110,1090966,9014000
1995,708,692,1144216,14126,1091658,9017900
1996,729,660,1143487,14195,1092318,7443100
1997,692,680,1142795,14207,1092998,8122900
1998,703,730,1142092,14180,1093728,8819700
1999,691,713,1141401,14158,1094441,8411500
2000,661,660,1140740,14159,1095101,8671100
2001,681,697,1140059,14143,1095798,8544100
2002,677,733,1139382,14087,1096531,8037500
2003,664,780,1138718,13971,1097311,8376100
2004,652,692,1138066,13931,1098003,7695700
2005,649,690,1137417,13890,1098693,7729900
2006,661,683,1136756,13868,1099376,7817700
2007,669,745,1136087,13792,1100121,7333800
2008,667,707,1135420,13752,1100828,7594700
2009,704,698,1134716,13758,1101526,7717000
2010,669,728,1134047,13699,1102254,7719100
2011,631,715,1133416,13615,1102969,7600200
2012,703,683,1132713,13635,1103652,7680800
2013,700,735,1132013,13600,1104387,7552000
2014,709,710,1131304,13599,1105097,7328400
2015,649,692,1130655,13556,1105789,7481700
2016,683,647,1129972,13592,1106436,7403500
2017,646,707,1129326,13531,1107143,7219200
2018,679,628,1128647,13582,1107771,8008800
2019,645,652,1128002,13575,1108423,7544700
2020,675,670,1127327,13580,1109093,7501100
2021,662,693,1126665,13549,1109786,7647900
2022,699,695,1125966,13553,1110481,7736800
2023,649,682,1125317,13520,1111163,7674400
2024,695,683,1124622,13532,1111846,8183100
2025,684,643,1123938,13573,1112489,7850800
2026,653,674,1123285,13552,1113163,7378600
2027,692,720,1122593,13524,1113883,7521000
2028,654,651,1121939,13527,1114534,7554900
2029,661,639,1121278,13549,1115173,7804100
2030,706,685,1120572,13570,1115858,7737100
2031,728,701,1119844,13597,1116559,7343300
2032,700,711,1119144,13586,1117270,7479400
2033,645,691,1118499,13540,1117961,7340700
2034,695,724,1117804,13511,1118685,7367100
2035,724,688,1117080,13547,1119373,7486100
2036,669,657,1116411,13559,1120030,7417000
2037,672,681,1115739,13550,1120711,7139200
2038,681,709,1115058,13522,1121420,7086700
2039,643,672,1114415,13493,1122092,7641600
2040,671,709,1113744,13455,1122801,8247500
2041,663,665,1113081,13453,1123466,7252000
2042,729,713,1112352,13469,1124179,7087100
2043,709,700,1111643,13478,1124879,7447000
2044,690,617,1110953,13551,1125496,7176500
2045,653,661,1110300,13543,1126157,7265700
2046,680,653,1109620,13570,1126810,7354900
2047,699,668,1108921,13601,1127478,8431200
2048,683,678,1108238,13606,1128156,7467200
2049,683,660,1107555,13629,1128816,7259700
2050,701,696,1106854,13634,1129512,7153700
2051,644,695,1106210,13583,1130207,7356100
2052,696,686,1105514,13593,1130893,7369900
2053,702,721,1104812,13574,1131614,7241700
2054,698,644,1104114,13628,1132258,7179400
2055,661,646,1103453,13643,1132904,7242600
2056,712,670,1102741,13685,1133574,7203000
2057,690,721,1102051,13654,1134295,7078100
2058,643,715,1101408,13582,1135010,7209900
2059,708,730,1100700,13560,1135740,7087300
2060,682,707,1100018,13535,1136447,7529900
2061,666,673,1099352,13528,1137120,7286800
2062,686,634,1098666,13580,1137754,7739900
2063,703,703,1097963,13580,1138457,7431000
2064,686,673,1097277,13593,1139130,7483200
2065,715,701,1096562,13607,1139831,7178400
2066,652,680,1095910,13579,1140511,7363200
2067,728,682,1095182,13625,1141193,7151300
2068,666,664,1094516,13627,1141857,7577600
2069,677,670,1093839,13634,1142527,7401400
2070,694,610,1093145,13718,1143137,7453500
2071,710,723,1092435,13705,1143860,7577500
2072,730,677,1091705,13758,1144537,7832500
2073,643,682,1091062,13719,1145219,7214400
2074,649,683,1090413,13685,1145902,7300300
2075,670,686,1089743,13669,1146588,7557300
2076,644,705,1089099,13608,1147293,7382200
2077,605,660,1088494,13553,1147953,7569800
2078,646,661,1087848,13538,1148614,7550200
2079,626,720,1087222,13444,1149334,7424900
2080,657,640,1086565,13461,1149974,7442000
2081,677,670,1085888,13468,1150644,7967700
2082,654,687,1085234,13435,1151331,7507800
2083,693,676,1084541,13452,1152007,7639600
2084,661,734,1083880,13379,1152741,7708500
2085,689,684,1083191,13384,1153425,7607600
2086,668,679,1082523,13373,1154104,7820500
2087,652,706,1081871,13319,1154810,7318600
2088,623,637,1081248,13305,1155447,7202000
2089,617,692,1080631,13230,1156139,7305900
2090,642,681,1079989,13191,1156820,7540200
2091,635,652,1079354,13174,1157472,7856400
2092,640,642,1078714,13172,1158114,7999500
2093,657,670,1078057,13159,1158784,10012200
2094,659,674,1077398,13144,1159458,8328300
2095,650,649,1076748,13145,1160107,9682300
2096,651,651,1076097,13145,1160758,9988300
2097,646,650,1075451,13141,1161408,10222100
2098,639,720,1074812,13060,1162128,9275900
2099,643,639,1074169,13064,1162767,7984300
2100,665,632,1073504,13097,1163399,7625100
2101,678,682,1072826,13093,1164081,8182800
2102,634,651,1072192,13076,1164732,8560500
2103,699,683,1071493,13092,1165415,8988100
2104,694,679,1070799,13107,1166094,10361800
2105,630,680,1070169,13057,1166774,9816100
2106,670,712,1069499,13015,1167486,8867000
2107,667,633,1068832,13049,1168119,8739600
2108,669,651,1068163,13067,1168770,7901200
2109,662,678,1067501,13051,1169448,7484800
2110,670,609,1066831,13112,1170057,7892500
2111,677,617,1066154,13172,1170674,7761200
2112,683,625,1065471,13230,1171299,8025500
2113,665,663,1064806,13232,1171962,7598300
2114,741,651,1064065,13322,1172613,7869200
2115,663,662,1063402,13323,1173275,7479600
2116,641,677,1062761,13287,1173952,7876500
2117,669,656,1062092,13300,1174608,7365200
2118,671,680,1061421,13291,1175288,7216700
2119,695,693,1060726,13293,1175981,7059700
2120,684,640,1060042,13337,1176621,7033000
2121,618,623,1059424,13332,1177244,7237500
2122,679,671,1058745,13340,1177915,7155400
2123,682,693,1058063,13329,1178608,7165100
2124,716,643,1057347,13402,1179251,7039700
2125,712,643,1056635,13471,1179894,7132700
2126,698,668,1055937,13501,1180562,7074300
2127,618,724,1055319,13395,1181286,7579000
2128,688,672,1054631,13411,1181958,7345200
2129,692,681,1053939,13422,1182639,7735600
2130,659,672,1053280,13409,1183311,7524000
2131,685,685,1052595,13409,1183996,7344900
2132,656,633,1051939,13432,1184629,7191100
2133,722,725,1051217,13429,1185354,7215400
2134,685,675,1050532,13439,1186029,7491500
2135,681,657,1049851,13463,1186686,7546900
2136,665,658,1049186,13470,1187344,7593500
2137,681,681,1048505,13470,1188025,7300200
2138,641,682,1047864,13429,1188707,7165900
2139,662,644,1047202,13447,1189351,7336700
2140,671,675,1046531,13443,1190026,7439800
2141,638,662,1045893,13419,1190688,7086600
2142,574,676,1045319,13317,1191364,7306700
2143,648,711,1044671,13254,1192075,7304500
2144,671,666,1044000,13259,1192741,7376100
2145,631,699,1043369,13191,1193440,7183000
2146,625,695,1042744,13121,1194135,7181200
2147,585,682,1042159,13024,1194817,7256900
2148,650,664,1041509,13010,1195481,7897600
2149,626,642,1040883,12994,1196123,7290300
2150,704,641,1040179,13057,1196764,7420400
2151,636,671,1039543,13022,1197435,7255700
2152,680,638,1038863,13064,1198073,7638200
2153,655,677,1038208,13042,1198750,7116800
2154,631,676,1037577,12997,1199426,7000400
2155,690,668,1036887,13019,1200094,6959400
2156,658,642,1036229,13035,1200736,6973700
2157,623,631,1035606,13027,1201367,7165400
2158,676,671,1034930,13032,1202038,7250800
2159,699,653,1034231,13078,1202691,7347800
2160,646,680,1033585,13044,1203371,7167500
2161,660,624,1032925,13080,1203995,7434800
2162,694,652,1032231,13122,1204647,7227500
2163,670,664,1031561,13128,1205311,7463300
2164,672,656,1030889,13144,1205967,7180200
2165,663,629,1030226,13178,1206596,7165400
2166,632,703,1029594,13107,1207299,7370000
2167,624,641,1028970,13090,1207940,7352600
2168,657,612,1028313,13135,1208552,7237100
2169,658,667,1027655,13126,1209219,7147100
2170,653,683,1027002,13096,1209902,7315700
2171,642,666,1026360,13072,1210568,7158300
2172,682,631,1025678,13123,1211199,7616200
2173,672,659,1025006,13136,1211858,7144400
2174,684,641,1024322,13179,1212499,7232500
2175,625,656,1023697,13148,1213155,7187000
2176,604,658,1023093,13094,1213813,7573200
2177,671,686,1022422,13079,1214499,7349300
2178,653,659,1021769,13073,1215158,7329500
2179,658,652,1021111,13079,1215810,7390900
2180,668,631,1020443,13116,1216441,7101100
2181,666,665,1019777,13117,1217106,7647300
2182,688,668,1019089,13137,1217774,7324900
2183,671,701,1018418,13107,1218475,7354500
2184,686,649,1017732,13144,1219124,7299900
2185,679,674,1017053,13149,1219798,7423900
2186,653,625,1016400,13177,1220423,7385300
2187,673,620,1015727,13230,1221043,7423100
2188,629,688,1015098,13171,1221731,7652100
2189,654,657,1014444,13168,1222388,8387300
2190,639,660,1013805,13147,1223048,7612700
2191,613,664,1013192,13096,1223712,8127000
2192,628,714,1012564,13010,1224426,8550700
2193,620,661,1011944,12969,1225087,7856200
2194,676,641,1011268,13004,1225728,7705700
2195,659,631,1010609,13032,1226359,7733300
2196,663,633,1009946,13062,1226992,7523700
2197,644,595,1009302,13111,1227587,7423900
2198,631,630,1008671,13112,1228217,7464400
2199,650,656,1008021,13106,1228873,8193000
2200,635,645,1007386,13096,1229518,7776400
2201,637,669,1006749,13064,1230187,7603000
2202,611,651,1006138,13024,1230838,7290400
2203,595,640,1005543,12979,1231478,7232700
2204,645,639,1004898,12985,1232117,7443700
2205,612,661,1004286,12936,1232778,7504600
2206,668,660,1003618,12944,1233438,7234400
2207,651,676,1002967,12919,1234114,7337000
2208,670,656,1002297,12933,1234770,7242500
2209,647,641,1001650,12939,1235411,7206300
2210,686,655,1000964,12970,1236066,7382500
2211,652,635,1000312,12987,1236701,7305100
2212,627,627,999685,12987,1237328,7294800
2213,633,632,999052,12988,1237960,7413100
2214,663,630,998389,13021,1238590,7707700
2215,682,615,997707,13088,1239205,7214600
2216,677,646,997030,13119,1239851,7143400
2217,657,656,996373,13120,1240507,7066600
2218,685,698,995688,13107,1241205,7135700
2219,655,657,995033,13105,1241862,7260900
2220,591,650,994442,13046,1242512,7310300
2221,616,632,993826,13030,1243144,7333400
2222,634,654,993192,13010,1243798,7500100
2223,585,671,992607,12924,1244469,7206400
2224,630,639,991977,12915,1245108,7253100
2225,621,653,991356,12883,1245761,7209400
2226,628,666,990728,12845,1246427,7680000
2227,599,598,990129,12846,1247025,7487400
2228,638,611,989491,12873,1247636,7547800
2229,634,657,988857,12850,1248293,7701900
2230,655,655,988202,12850,1248948,7577900
2231,647,640,987555,12857,1249588,7827900
2232,640,610,986915,12887,1250198,8060300
2233,625,598,986290,12914,1250796,7755400
2234,654,649,985636,12919,1251445,7937500
2235,645,635,984991,12929,1252080,21680000
2236,657,677,984334,12909,1252757,11043700
2237,628,673,983706,12864,1253430,7881000
2238,626,665,983080,12825,1254095,8452000
2239,637,670,982443,12792,1254765,7382100
2240,626,642,981817,12776,1255407,7561700
2241,612,634,981205,12754,1256041,7463100
2242,632,595,980573,12791,1256636,7640400
2243,632,650,979941,12773,1257286,7290200
2244,613,647,979328,12739,1257933,7516200
2245,626,647,978702,12718,1258580,7338100
2246,598,630,978104,12686,1259210,7211000
2247,609,636,977495,12659,1259846,7465400
2248,632,655,976863,12636,1260501,7065900
2249,574,647,976289,12563,1261148,7164500
2250,620,623,975669,12560,1261771,7173000
2251,617,631,975052,12546,1262402,7594200
2252,684,624,974368,12606,1263026,7393000
2253,641,604,973727,12643,1263630,7643400
2254,598,651,973129,12590,1264281,7479400
2255,640,623,972489,12607,1264904,7645200
2256,627,657,971862,12577,1265561,7339000
2257,623,645,971239,12555,1266206,7354700
2258,638,624,970601,12569,1266830,7309500
2259,644,635,969957,12578,1267465,8630000
2260,645,660,969312,12563,1268125,8378800
2261,620,632,968692,12551,1268757,7535800
2262,633,626,968059,12558,1269383,7688700
2263,635,648,967424,12545,1270031,8371900
2264,612,620,966812,12537,1270651,7648100
2265,652,615,966160,12574,1271266,7548900
2266,660,625,965500,12609,1271891,7552800
2267,616,631,964884,12594,1272522,7838400
2268,593,617,964291,12570,1273139,7312000
2269,662,608,963629,12624,1273747,7628500
2270,640,629,962989,12635,1274376,7625300
2271,648,628,962341,12655,1275004,8102700
2272,578,642,961763,12591,1275646,7541400
2273,670,647,961093,12614,1276293,7495600
2274,634,659,960459,12589,1276952,7514100
2275,636,675,959823,12550,1277627,7502000
2276,607,593,959216,12564,1278220,7464500
2277,662,647,958554,12579,1278867,7665800
2278,618,641,957936,12556,1279508,7224300
2279,625,563,957311,12618,1280071,7166100
2280,609,625,956702,12602,1280696,7849800
2281,607,666,956095,12543,1281362,7154100
2282,637,652,955458,12528,1282014,7473800
2283,649,586,954809,12591,1282600,7083800
2284,637,645,954172,12583,1283245,7313100
2285,649,606,953523,12626,1283851,7104700
2286,659,623,952864,12662,1284474,7965900
2287,629,634,952235,12657,1285108,7507900
2288,609,627,951626,12639,1285735,7786600
2289,598,634,951028,12603,1286369,7086000
2290,607,609,950421,12601,1286978,7487800
2291,558,618,949863,12541,1287596,7284200
2292,608,601,949255,12548,1288197,7561500
2293,630,613,948625,12565,1288810,7658900
2294,599,620,948026,12544,1289430,7678300
2295,637,606,947389,12575,1290036,7273500
2296,577,648,946812,12504,1290684,7263300
2297,565,618,946247,12451,1291302,7519100
2298,579,606,945668,12424,1291908,7242700
2299,616,587,945052,12453,1292495,7167900
2300,589,567,944463,12475,1293062,7131400
2301,598,670,943865,12403,1293732,7886300
2302,582,633,943283,12352,1294365,7275300
2303,634,616,942649,12370,1294981,7142400
2304,573,611,942076,12332,1295592,7047800
2305,590,621,941486,12301,1296213,7377800
2306,601,658,940885,12244,1296871,7243500
2307,580,563,940305,12261,1297434,7496800
2308,593,633,939712,12221,1298067,7141300
2309,605,598,939107,12228,1298665,7238100
2310,576,620,938531,12184,1299285,7119800
2311,625,643,937906,12166,1299928,7815300
2312,643,573,937263,12236,1300501,7995900
2313,561,631,936702,12166,1301132,8415900
2314,602,561,936100,12207,1301693,8794800
2315,610,630,935490,12187,1302323,7754100
2316,614,599,934876,12202,1302922,7674300
2317,593,617,934283,12178,1303539,7181700
2318,653,606,933630,12225,1304145,7318800
2319,635,579,932995,12281,1304724,7798300
2320,648,578,932347,12351,1305302,7210900
2321,641,596,931706,12396,1305898,7444400
2322,602,591,931104,12407,1306489,7420800
2323,613,637,930491,12383,1307126,7415000
2324,609,660,929882,12332,1307786,7424600
2325,620,606,929262,12346,1308392,7843700
2326,621,594,928641,12373,1308986,7567900
2327,624,606,928017,12391,1309592,7892800
2328,605,622,927412,12374,1310214,7191800
2329,639,653,926773,12360,1310867,7137700
2330,632,621,926141,12371,1311488,7218200
2331,647,620,925494,12398,1312108,7117800
2332,628,597,924866,12429,1312705,7720100
2333,586,606,924280,12409,1313311,7488000
2334,637,664,923643,12382,1313975,7559200
2335,679,630,922964,12431,1314605,7116100
2336,636,651,922328,12416,1315256,7640100
2337,652,615,921676,12453,1315871,7032400
2338,673,641,921003,12485,1316512,7343600
2339,651,586,920352,12550,1317098,7144000
2340,615,594,919737,12571,1317692,7238100
2341,671,660,919066,12582,1318352,7118400
2342,616,631,918450,12567,1318983,7502300
2343,582,613,917868,12536,1319596,7155800
2344,646,629,917222,12553,1320225,7374400
2345,651,645,916571,12559,1320870,7136700
2346,618,586,915953,12591,1321456,7125400
2347,588,632,915365,12547,1322088,7226400
2348,622,620,914743,12549,1322708,7080400
2349,589,623,914154,12515,1323331,7343600
2350,629,665,913525,12479,1323996,7068900
2351,669,624,912856,12524,1324620,7427800
2352,634,593,912222,12565,1325213,7170800
2353,680,649,911542,12596,1325862,7354900
2354,638,623,910904,12611,1326485,7304600
2355,662,581,910242,12692,1327066,7416600
2356,645,678,909597,12659,1327744,7176200
2357,648,604,908949,12703,1328348,7456700
2358,616,646,908333,12673,1328994,7431200
2359,626,666,907707,12633,1329660,7377800
2360,634,613,907073,12654,1330273,7687500
2361,637,665,906436,12626,1330938,7741500
2362,595,627,905841,12594,1331565,8594300
2363,610,631,905231,12573,1332196,7834200
2364,611,643,904620,12541,1332839,8001900
2365,586,620,904034,12507,1333459,8671900
2366,652,607,903382,12552,1334066,8705100
2367,645,603,902737,12594,1334669,9124000
2368,641,646,902096,12589,1335315,9226300
2369,633,635,901463,12587,1335950,8402900
2370,579,619,900884,12547,1336569,7541800
2371,670,683,900214,12534,1337252,7638300
2372,617,622,899597,12529,1337874,7396800
2373,626,609,898971,12546,1338483,7310600
2374,634,629,898337,12551,1339112,7334700
2375,637,608,897700,12580,1339720,7868300
2376,623,616,897077,12587,1340336,7885600
2377,691,608,896386,12670,1340944,8479300
2378,603,608,895783,12665,1341552,7933900
2379,634,641,895149,12658,1342193,7200400
2380,593,648,894556,12603,1342841,7006400
2381,591,627,893965,12567,1343468,7209600
2382,613,629,893352,12551,1344097,7001400
2383,652,650,892700,12553,1344747,7338600
2384,590,597,892110,12546,1345344,6991600
2385,609,623,891501,12532,1345967,7184700
2386,610,617,890891,12525,1346584,7194300
2387,628,623,890263,12530,1347207,7420500
2388,629,614,889634,12545,1347821,6999800
2389,583,664,889051,12464,1348485,7106600
2390,623,649,888428,12438,1349134,7146900
2391,610,619,887818,12429,1349753,7047500
2392,585,568,887233,12446,1350321,7391300
2393,619,644,886614,12421,1350965,7204900
2394,613,653,886001,12381,1351618,7255800
2395,615,596,885386,12400,1352214,7535500
2396,594,639,884792,12355,1352853,8155600
2397,662,610,884130,12407,1353463,8346000
2398,630,645,883500,12392,1354108,7984100
2399,595,602,882905,12385,1354710,8301400
2400,615,607,882290,12393,1355317,8322100
2401,592,594,881698,12391,1355911,7191800
2402,621,652,881077,12360,1356563,7316000
2403,597,626,880480,12331,1357189,7283200
2404,615,555,879865,12391,1357744,7458700
2405,579,641,879286,12329,1358385,7196500
2406,613,617,878673,12325,1359002,7510600
2407,578,651,878095,12252,1359653,7336100
2408,571,640,877524,12183,1360293,7508000
2409,595,625,876929,12153,1360918,7640200
2410,616,642,876313,12127,1361560,7566100
2411,584,624,875729,12087,1362184,7417900
2412,621,607,875108,12101,1362791,7586900
2413,586,610,874522,12077,1363401,7426000
2414,609,565,873913,12121,1363966,7399500
2415,620,632,873293,12109,1364598,7288700
2416,590,618,872703,12081,1365216,7269900
2417,590,587,872113,12084,1365803,7469400
2418,606,620,871507,12070,1366423,7238000
2419,570,584,870937,12056,1367007,7283100
2420,612,609,870325,12059,1367616,7232500
2421,573,633,869752,11999,1368249,7532700
2422,585,563,869167,12021,1368812,7262000
2423,589,584,868578,12026,1369396,7272700
2424,615,596,867963,12045,1369992,7219700
2425,554,616,867409,11983,1370608,7284200
2426,584,640,866825,11927,1371248,7277200
2427,562,585,866263,11904,1371833,7985800
2428,607,559,865656,11952,1372392,7294400
2429,581,635,865075,11898,1373027,7221100
2430,578,587,864497,11889,1373614,7453000
2431,584,571,863913,11902,1374185,7498600
2432,589,610,863324,11881,1374795,7294500
2433,562,588,862762,11855,1375383,7425500
2434,591,638,862171,11808,1376021,7417700
2435,576,577,861595,11807,1376598,7495100
2436,566,635,861029,11738,1377233,8009900
2437,583,604,860446,11717,1377837,7607500
2438,552,588,859894,11681,1378425,7402100
2439,579,616,859315,11644,1379041,7197300
2440,563,580,858752,11627,1379621,7237900
2441,603,605,858149,11625,1380226,7013300
2442,577,564,857572,11638,1380790,7094200
2443,578,588,856994,11628,1381378,7003600
2444,590,543,856404,11675,1381921,7099400
2445,602,631,855802,11646,1382552,6973200
2446,572,599,855230,11619,1383151,6964100
2447,588,548,854642,11659,1383699,7028000
2448,555,596,854087,11618,1384295,7938100
2449,591,597,853496,11612,1384892,9328200
2450,575,589,852921,11598,1385481,8548900
2451,615,542,852306,11671,1386023,7043100
2452,561,567,851745,11665,1386590,7527800
2453,608,576,851137,11697,1387166,7057800
2454,548,586,850589,11659,1387752,7162700
2455,604,591,849985,11672,1388343,7097400
2456,603,571,849382,11704,1388914,7082000
2457,589,611,848793,11682,1389525,7450200
2458,582,563,848211,11701,1390088,7093900
2459,607,598,847604,11710,1390686,7238200
2460,607,559,846997,11758,1391245,6981000
2461,581,591,846416,11748,1391836,7020900
2462,634,578,845782,11804,1392414,6922000
2463,585,630,845197,11759,1393044,7450600
2464,607,564,844590,11802,1393608,6932900
2465,618,584,843972,11836,1394192,7423500
2466,570,616,843402,11790,1394808,7012800
2467,594,574,842808,11810,1395382,7499600
2468,625,584,842183,11851,1395966,7201700
2469,594,624,841589,11821,1396590,6987000
2470,585,581,841004,11825,1397171,7369800
2471,579,648,840425,11756,1397819,6998500
2472,571,591,839854,11736,1398410,7024800
2473,598,574,839256,11760,1398984,6984500
2474,576,612,838680,11724,1399596,7040000
2475,573,570,838107,11727,1400166,7031100
2476,592,583,837515,11736,1400749,7442500
2477,587,576,836928,11747,1401325,7046700
2478,608,600,836320,11755,1401925,7281900
2479,615,604,835705,11766,1402529,7095700
2480,604,641,835101,11729,1403170,7394900
2481,588,557,834513,11760,1403727,7393000
2482,611,568,833902,11803,1404295,6909000
2483,611,606,833291,11808,1404901,7386300
2484,586,565,832705,11829,1405466,7114500
2485,593,572,832112,11850,1406038,7426600
2486,552,548,831560,11854,1406586,7012700
2487,564,574,830996,11844,1407160,7421100
2488,576,553,830420,11867,1407713,7019300
2489,639,577,829781,11929,1408290,7032100
2490,606,604,829175,11931,1408894,6983800
2491,587,592,828588,11926,1409486,7277100
2492,575,586,828013,11915,1410072,7389300
2493,569,557,827444,11927,1410629,7211200
2494,585,590,826859,11922,1411219,7129100
2495,587,566,826272,11943,1411785,7089000
2496,520,617,825752,11846,1412402,7733900
2497,588,574,825164,11860,1412976,7457700
2498,595,615,824569,11840,1413591,7247400
2499,563,594,824006,11809,1414185,7077300
2500,582,561,823424,11830,1414746,7385800
2501,591,626,822833,11795,1415372,7036200
2502,555,597,822278,11753,1415969,7523500
2503,593,651,821685,11695,1416620,7370900
2504,587,605,821098,11677,1417225,7639400
2505,577,586,820521,11668,1417811,7239600
2506,565,620,819956,11613,1418431,7590200
2507,613,590,819343,11636,1419021,7382700
2508,627,536,818716,11727,1419557,7133300
2509,555,573,818161,11709,1420130,7053100
2510,586,572,817575,11723,1420702,7056200
2511,621,589,816954,11755,1421291,6989000
2512,622,531,816332,11846,1421822,7049500
2513,586,617,815746,11815,1422439,7214200
2514,631,624,815115,11822,1423063,6995900
2515,560,616,814555,11766,1423679,7241400
2516,575,582,813980,11759,1424261,6918500
2517,580,608,813400,11731,1424869,6918200
2518,573,591,812827,11713,1425460,6904600
2519,562,579,812265,11696,1426039,7476300
2520,573,572,811692,11697,1426611,7058800
2521,571,561,811121,11707,1427172,7036500
2522,601,565,810520,11743,1427737,7253000
2523,576,653,809944,11666,1428390,7152800
2524,568,585,809376,11649,1428975,7230300
2525,513,553,808863,11609,1429528,7087300
2526,563,517,808300,11655,1430045,7049600
2527,548,604,807752,11599,1430649,7053000
2528,575,614,807177,11560,1431263,7158300
2529,536,578,806641,11518,1431841,7212700
2530,573,605,806068,11486,1432446,7191800
2531,533,627,805535,11392,1433073,7318600
2532,567,574,804968,11385,1433647,7290200
2533,556,539,804412,11402,1434186,7244000
2534,565,568,803847,11399,1434754,7167400
2535,550,591,803297,11358,1435345,7281200
2536,556,565,802741,11349,1435910,7146600
2537,531,573,802210,11307,1436483,7249300
2538,548,586,801662,11269,1437069,7040500
2539,536,541,801126,11264,1437610,7117900
2540,569,519,800557,11314,1438129,7062900
2541,556,571,800001,11299,1438700,7233600
2542,539,574,799462,11264,1439274,7076600
2543,575,613,798887,11226,1439887,7272200
2544,547,554,798340,11219,1440441,7232800
2545,516,559,797824,11176,1441000,7105400
2546,587,572,797237,11191,1441572,7317700
2547,557,548,796680,11200,1442120,7455900
2548,538,573,796142,11165,1442693,7562500
2549,579,529,795563,11215,1443222,7424400
2550,542,546,795021,11211,1443768,7545600
2551,581,538,794440,11254,1444306,7374600
2552,525,557,793915,11222,1444863,7280800
2553,566,561,793349,11227,1445424,7114400
2554,544,555,792805,11216,1445979,7125500
2555,515,606,792290,11125,1446585,7047900
2556,575,515,791715,11185,1447100,7110100
2557,572,564,791143,11193,1447664,7035600
2558,525,569,790618,11149,1448233,7311700
2559,522,590,790096,11081,1448823,7086200
2560,545,588,789551,11038,1449411,7042700
2561,565,576,788986,11027,1449987,6930800
2562,550,555,788436,11022,1450542,6891900
2563,564,559,787872,11027,1451101,7310500
2564,543,561,787329,11009,1451662,7032900
2565,528,497,786801,11040,1452159,7060400
2566,548,533,786253,11055,1452692,7009000
2567,539,559,785714,11035,1453251,7317500
2568,508,534,785206,11009,1453785,6951500
2569,547,585,784659,10971,1454370,7706400
2570,556,552,784103,10975,1454922,7012500
2571,515,510,783588,10980,1455432,7662500
2572,539,520,783049,10999,1455952,6947600
2573,564,531,782485,11032,1456483,6946300
2574,529,582,781956,10979,1457065,6964200
2575,570,527,781386,11022,1457592,6897700
2576,573,547,780813,11048,1458139,7265200
2577,572,524,780241,11096,1458663,7259800
2578,532,591,779709,11037,1459254,7801500
2579,535,588,779174,10984,1459842,7403300
2580,553,581,778621,10956,1460423,7612200
2581,557,547,778064,10966,1460970,7117700
2582,552,534,777512,10984,1461504,7474900
2583,537,572,776975,10949,1462076,7877100
2584,538,554,776437,10933,1462630,7639100
2585,568,547,775869,10954,1463177,7235500
2586,530,560,775339,10924,1463737,7803200
2587,525,516,774814,10933,1464253,7966000
2588,563,524,774251,10972,1464777,7369700
2589,538,581,773713,10929,1465358,7135000
2590,569,561,773144,10937,1465919,7221000
2591,547,580,772597,10904,1466499,7121200
2592,544,516,772053,10932,1467015,7217100
2593,575,541,771478,10966,1467556,7433600
2594,553,548,770925,10971,1468104,7252100
2595,566,589,770359,10948,1468693,7564600
2596,547,523,769812,10972,1469216,7266600
2597,552,523,769260,11001,1469739,7558100
2598,562,530,768698,11033,1470269,7112400
2599,567,557,768131,11043,1470826,7200600
2600,570,541,767561,11072,1471367,7075400
2601,560,569,767001,11063,1471936,7213600
2602,526,531,766475,11058,1472467,7095000
2603,560,566,765915,11052,1473033,7086600
2604,579,527,765336,11104,1473560,6915900
2605,568,589,764768,11083,1474149,7095000
2606,578,579,764190,11082,1474728,7016100
2607,562,565,763628,11079,1475293,6915100
2608,581,541,763047,11119,1475834,7114400
2609,523,567,762524,11075,1476401,6880400
2610,538,555,761986,11058,1476956,7067500
2611,539,559,761447,11038,1477515,6887200
2612,526,528,760921,11036,1478043,7107800
2613,526,549,760395,11013,1478592,6933700
2614,554,552,759841,11015,1479144,7384700
2615,517,546,759324,10986,1479690,7155200
2616,562,537,758762,11011,1480227,6991300
2617,510,530,758252,10991,1480757,6891400
2618,562,578,757690,10975,1481335,6893400
2619,524,520,757166,10979,1481855,7197900
2620,522,557,756644,10944,1482412,6944200
2621,553,497,756091,11000,1482909,7048200
2622,552,589,755539,10963,1483498,6992100
2623,536,590,755003,10909,1484088,7055500
2624,509,500,754494,10918,1484588,7146500
2625,544,528,753950,10934,1485116,7177100
2626,542,561,753408,10915,1485677,7033900
2627,554,567,752854,10902,1486244,7067600
2628,487,562,752367,10827,1486806,7029700
2629,553,536,751814,10844,1487342,7003500
2630,530,548,751284,10826,1487890,7358900
2631,541,548,750743,10819,1488438,7086600
2632,553,564,750190,10808,1489002,7323400
2633,530,563,749660,10775,1489565,7053400
2634,537,546,749123,10766,1490111,7501000
2635,528,536,748595,10758,1490647,7971200
2636,536,519,748059,10775,1491166,7314900
2637,522,532,747537,10765,1491698,7065700
2638,521,539,747016,10747,1492237,7004400
2639,516,535,746500,10728,1492772,6986800
2640,536,519,745964,10745,1493291,7216100
2641,517,533,745447,10729,1493824,6956600
2642,523,506,744924,10746,1494330,7296700
2643,561,517,744363,10790,1494847,7721400
2644,534,551,743829,10773,1495398,7298500
2645,541,529,743288,10785,1495927,7478400
2646,509,533,742779,10761,1496460,7295600
2647,516,553,742263,10724,1497013,7649700
2648,550,569,741713,10705,1497582,7045600
2649,508,563,741205,10650,1498145,7310800
2650,524,551,740681,10623,1498696,6949800
2651,501,568,740180,10556,1499264,7208200
2652,455,539,739725,10472,1499803,7120400
2653,504,534,739221,10442,1500337,7384700
2654,492,483,738729,10451,1500820,7013800
2655,515,525,738214,10441,1501345,7343700
2656,503,564,737711,10380,1501909,7010700
2657,485,513,737226,10352,1502422,7045800
2658,472,536,736754,10288,1502958,7006200
2659,541,498,736213,10331,1503456,6951800
2660,509,547,735704,10293,1504003,7569900
2661,508,566,735196,10235,1504569,7294600
2662,497,519,734699,10213,1505088,7218900
2663,537,522,734162,10228,1505610,7045300
2664,481,522,733681,10187,1506132,7352300
2665,545,492,733136,10240,1506624,7008900
2666,505,522,732631,10223,1507146,8035000
2667,506,498,732125,10231,1507644,7317300
2668,483,521,731642,10193,1508165,7145800
2669,547,514,731095,10226,1508679,7120600
2670,499,539,730596,10186,1509218,7348200
2671,506,460,730090,10232,1509678,7142600
2672,544,521,729546,10255,1510199,7356000
2673,482,488,729064,10249,1510687,7022800
2674,517,503,728547,10263,1511190,6970500
2675,504,521,728043,10246,1511711,7405700
2676,488,545,727555,10189,1512256,7079600
2677,528,489,727027,10228,1512745,6964900
2678,535,487,726492,10276,1513232,6894500
2679,470,480,726022,10266,1513712,7054300
2680,497,456,725525,10307,1514168,6906900
2681,493,515,725032,10285,1514683,6890200
2682,514,500,724518,10299,1515183,6862100
2683,470,477,724048,10292,1515660,7094100
2684,517,546,723531,10263,1516206,7167500
2685,479,480,723052,10262,1516686,7031700
2686,472,529,722580,10205,1517215,7298500
2687,515,519,722065,10201,1517734,7257400
2688,466,472,721599,10195,1518206,7518000
2689,489,525,721110,10159,1518731,7151500
2690,468,532,720642,10095,1519263,6981700
2691,501,508,720141,10088,1519771,7007300
2692,495,509,719646,10074,1520280,7011200
2693,507,539,719139,10042,1520819,7099400
2694,546,489,718593,10099,1521308,7230500
2695,461,504,718132,10056,1521812,7125900
2696,490,512,717642,10034,1522324,7270300
2697,506,499,717136,10041,1522823,7046600
2698,493,526,716643,10008,1523349,7149700
2699,489,515,716154,9982,1523864,6952200
2700,523,494,715631,10011,1524358,6976000
2701,484,490,715147,10005,1524848,7033500
2702,528,478,714619,10055,1525326,7010800
2703,525,534,714094,10046,1525860,7031800
2704,504,508,713590,10042,1526368,6997300
2705,449,518,713141,9973,1526886,7384800
2706,485,489,712656,9969,1527375,6895400
2707,495,487,712161,9977,1527862,7282300
2708,510,465,711651,10022,1528327,7491800
2709,509,528,711142,10003,1528855,7019200
2710,479,529,710663,9953,1529384,6958500
2711,497,475,710166,9975,1529859,6856300
2712,512,497,709654,9990,1530356,7405300
2713,501,519,709153,9972,1530875,6896800
2714,480,476,708673,9976,1531351,7473400
2715,503,486,708170,9993,1531837,6966800
2716,492,524,707678,9961,1532361,7628700
2717,536,483,707142,10014,1532844,7057800
2718,496,496,706646,10014,1533340,7147300
2719,488,474,706158,10028,1533814,7438700
2720,499,544,705659,9983,1534358,7321500
2721,478,527,705181,9934,1534885,7014700
2722,533,482,704648,9985,1535367,7010700
2723,514,494,704134,10005,1535861,7040700
2724,491,507,703643,9989,1536368,6978600
2725,541,500,703102,10030,1536868,7074200
2726,557,520,702545,10067,1537388,7082200
2727,475,513,702070,10029,1537901,7001400
2728,528,540,701542,10017,1538441,6922100
2729,514,486,701028,10045,1538927,6983200
2730,517,467,700511,10095,1539394,7079800
2731,531,498,699980,10128,1539892,7175300
2732,528,500,699452,10156,1540392,7252400
2733,523,484,698929,10195,1540876,6982100
2734,505,524,698424,10176,1541400,7318800
2735,512,508,697912,10180,1541908,7066300
2736,486,464,697426,10202,1542372,6950100
2737,521,534,696905,10189,1542906,6992800
2738,515,474,696390,10230,1543380,7216500
2739,491,519,695899,10202,1543899,6927800
2740,503,519,695396,10186,1544418,7365700
2741,455,515,694941,10126,1544933,6898300
2742,509,505,694432,10130,1545438,7041900
2743,492,496,693940,10126,1545934,7147100
2744,486,496,693454,10116,1546430,7498000
2745,453,539,693001,10030,1546969,7384600
2746,510,500,692491,10040,1547469,7050600
2747,441,470,692050,10011,1547939,7036200
2748,493,480,691557,10024,1548419,7367700
2749,470,461,691087,10033,1548880,7218000
2750,493,496,690594,10030,1549376,7120800
2751,481,485,690113,10026,1549861,7256200
2752,498,507,689615,10017,1550368,7105700
2753,491,534,689124,9974,1550902,7547600
2754,488,497,688636,9965,1551399,7262400
2755,455,498,688181,9922,1551897,7105100
2756,518,489,687663,9951,1552386,7150700
2757,500,472,687163,9979,1552858,7473000
2758,485,507,686678,9957,1553365,7483900
2759,447,499,686231,9905,1553864,7594300
2760,538,533,685693,9910,1554397,7662500
2761,479,475,685214,9914,1554872,7112700
2762,473,516,684741,9871,1555388,7164600
2763,546,511,684195,9906,1555899,7201300
2764,484,514,683711,9876,1556413,8060700
2765,512,478,683199,9910,1556891,7542900
2766,460,466,682739,9904,1557357,7460800
2767,518,498,682221,9924,1557855,7118000
2768,488,490,681733,9922,1558345,7303300
2769,531,462,681202,9991,1558807,7127100
2770,507,514,680695,9984,1559321,7410300
2771,528,496,680167,10016,1559817,6858000
2772,483,501,679684,9998,1560318,7383100
2773,475,475,679209,9998,1560793,7086900
2774,503,537,678706,9964,1561330,7659500
2775,498,533,678208,9929,1561863,7122900
2776,492,469,677716,9952,1562332,7024100
2777,475,471,677241,9956,1562803,6969100
2778,550,484,676691,10022,1563287,6982700
2779,462,477,676229,10007,1563764,7129300
2780,479,514,675750,9972,1564278,6848200
2781,496,501,675254,9967,1564779,7045500
2782,508,515,674746,9960,1565294,6925500
2783,518,487,674228,9991,1565781,7419300
2784,542,485,673686,10048,1566266,7236900
2785,500,500,673186,10048,1566766,7631000
2786,505,475,672681,10078,1567241,7976600
2787,517,520,672164,10075,1567761,7864700
2788,479,509,671685,10045,1568270,7333400
2789,515,491,671170,10069,1568761,7452200
2790,494,512,670676,10051,1569273,7154000
2791,501,499,670175,10053,1569772,7354100
2792,486,509,669689,10030,1570281,7470000
2793,475,532,669214,9973,1570813,7499200
2794,497,554,668717,9916,1571367,7358500
2795,473,500,668244,9889,1571867,7067200
2796,489,478,667755,9900,1572345,7281600
2797,476,449,667279,9927,1572794,6898000
2798,453,493,666826,9887,1573287,7383000
2799,464,528,666362,9823,1573815,7196100
2800,511,460,665851,9874,1574275,7362600
2801,463,465,665388,9872,1574740,6984400
2802,505,489,664883,9888,1575229,7430900
2803,486,515,664397,9859,1575744,6829100
2804,474,481,663923,9852,1576225,7443600
2805,458,464,663465,9846,1576689,7177100
2806,503,485,662962,9864,1577174,7329300
2807,474,483,662488,9855,1577657,7063500
2808,478,501,662010,9832,1578158,7549900
2809,478,553,661532,9757,1578711,8001000
2810,512,474,661020,9795,1579185,7335800
2811,456,454,660564,9797,1579639,7119700
2812,489,474,660075,9812,1580113,7071200
2813,494,483,659581,9823,1580596,7427100
2814,463,504,659118,9782,1581100,7037800
2815,497,457,658621,9822,1581557,6993600
2816,468,522,658153,9768,1582079,6944600
2817,476,463,657677,9781,1582542,7181400
2818,513,481,657164,9813,1583023,7081800
2819,470,484,656694,9799,1583507,7016700
2820,459,493,656235,9765,1584000,7023000
2821,494,490,655741,9769,1584490,7044700
2822,479,424,655262,9824,1584914,7039200
2823,493,506,654769,9811,1585420,6957600
2824,485,495,654284,9801,1585915,7259900
2825,462,465,653822,9798,1586380,6988800
2826,494,485,653328,9807,1586865,7189400
2827,477,491,652851,9793,1587356,7370400
2828,498,462,652353,9829,1587818,7632100
2829,455,491,651898,9793,1588309,7135400
2830,467,496,651431,9764,1588805,7024900
2831,446,468,650985,9742,1589273,6968700
2832,464,473,650521,9733,1589746,7319500
2833,465,489,650056,9709,1590235,6986600
2834,441,489,649615,9661,1590724,7306100
2835,463,489,649152,9635,1591213,7426600
2836,447,478,648705,9604,1591691,7361600
2837,460,494,648245,9570,1592185,7290800
2838,451,524,647794,9497,1592709,7197600
2839,436,474,647358,9459,1593183,7056500
2840,441,466,646917,9434,1593649,6938200
2841,427,506,646490,9355,1594155,7742000
2842,468,449,646022,9374,1594604,7027000
2843,426,481,645596,9319,1595085,7405500
2844,477,470,645119,9326,1595555,6829500
2845,449,443,644670,9332,1595998,7282200
2846,467,420,644203,9379,1596418,7023400
2847,450,499,643753,9330,1596917,7015900
2848,440,454,643313,9316,1597371,7003400
2849,491,439,642822,9368,1597810,6939800
2850,434,480,642388,9322,1598290,7310500
2851,466,481,641922,9307,1598771,6824100
2852,500,458,641422,9349,1599229,7514900
2853,489,454,640933,9384,1599683,6777100
2854,448,472,640485,9360,1600155,6883500
2855,496,516,639989,9340,1600671,7315300
2856,478,418,639511,9400,1601089,6918100
2857,459,466,639052,9393,1601555,6817200
2858,481,470,638571,9404,1602025,6818000
2859,503,480,638068,9427,1602505,7168500
2860,450,531,637618,9346,1603036,7252400
2861,459,428,637159,9377,1603464,7013800
2862,469,511,636690,9335,1603975,7011300
2863,490,468,636200,9357,1604443,6998000
2864,493,465,635707,9385,1604908,7122100
2865,492,527,635215,9350,1605435,7130400
2866,427,521,634788,9256,1605956,7012600
2867,428,449,634360,9235,1606405,6942300
2868,436,458,633924,9213,1606863,7075400
2869,457,438,633467,9232,1607301,6945600
2870,460,438,633007,9254,1607739,7435700
2871,472,461,632535,9265,1608200,6981500
2872,463,450,632072,9278,1608650,6932000
2873,476,443,631596,9311,1609093,7299500
2874,476,486,631120,9301,1609579,7447500
2875,471,465,630649,9307,1610044,6978500
2876,466,478,630183,9295,1610522,6887900
2877,465,472,629718,9288,1610994,6933500
2878,496,445,629222,9339,1611439,6876700
2879,472,469,628750,9342,1611908,6875700
2880,458,426,628292,9374,1612334,6785700
2881,440,484,627852,9330,1612818,7031800
2882,436,469,627416,9297,1613287,6828400
2883,475,463,626941,9309,1613750,7462600
2884,446,437,626495,9318,1614187,7116800
2885,445,472,626050,9291,1614659,7049800
2886,468,476,625582,9283,1615135,6944500
2887,487,455,625095,9315,1615590,7341500
2888,429,478,624666,9266,1616068,6862300
2889,466,474,624200,9258,1616542,6887000
2890,427,424,623773,9261,1616966,6958000
2891,437,485,623336,9213,1617451,6816100
2892,442,438,622894,9217,1617889,7184900
2893,418,474,622476,9161,1618363,6982900
2894,466,462,622010,9165,1618825,7164600
2895,466,435,621544,9196,1619260,6934400
2896,434,467,621110,9163,1619727,7374300
2897,459,474,620651,9148,1620201,6829900
2898,437,472,620214,9113,1620673,6882400
2899,392,447,619822,9058,1621120,6852700
2900,474,448,619348,9084,1621568,6795800
2901,434,473,618914,9045,1622041,7165700
2902,468,429,618446,9084,1622470,7080400
2903,388,461,618058,9011,1622931,7111200
2904,459,457,617599,9013,1623388,6954700
2905,437,454,617162,8996,1623842,7033600
2906,465,435,616697,9026,1624277,6967700
2907,487,441,616210,9072,1624718,7148200
2908,463,433,615747,9102,1625151,6854500
2909,496,483,615251,9115,1625634,6823600
2910,439,428,614812,9126,1626062,7570300
2911,445,441,614367,9130,1626503,7225900
2912,425,480,613942,9075,1626983,7422200
2913,435,413,613507,9097,1627396,7665600
2914,417,470,613090,9044,1627866,7434500
2915,415,472,612675,8987,1628338,7262200
2916,416,450,612259,8953,1628788,7377000
2917,440,470,611819,8923,1629258,7037000
2918,461,471,611358,8913,1629729,7118800
2919,447,459,610911,8901,1630188,7100600
2920,445,457,610466,8889,1630645,7111100
2921,418,436,610048,8871,1631081,7225600
2922,435,480,609613,8826,1631561,7335900
2923,458,423,609155,8861,1631984,7473500
2924,447,455,608708,8853,1632439,7435100
2925,457,427,608251,8883,1632866,8485900
2926,423,440,607828,8866,1633306,7774400
2927,470,475,607358,8861,1633781,7192300
2928,449,434,606909,8876,1634215,7223100
2929,493,457,606416,8912,1634672,7479700
2930,472,419,605944,8965,1635091,7700800
2931,441,446,605503,8960,1635537,7312400
2932,456,436,605047,8980,1635973,7019500
2933,430,420,604617,8990,1636393,7101200
2934,451,438,604166,9003,1636831,7040300
2935,438,470,603728,8971,1637301,7563100
2936,452,467,603276,8956,1637768,7478400
2937,454,451,602822,8959,1638219,7070200
2938,459,485,602363,8933,1638704,6834600
2939,458,462,601905,8929,1639166,7011600
2940,438,439,601467,8928,1639605,6860200
2941,456,443,601011,8941,1640048,6797400
2942,447,446,600564,8942,1640494,6862800
2943,478,450,600086,8970,1640944,6765700
2944,459,424,599627,9005,1641368,7197600
2945,481,449,599146,9037,1641817,7021600
2946,440,459,598706,9018,1642276,6995900
2947,452,468,598254,9002,1642744,6936800
2948,454,438,597800,9018,1643182,7176900
2949,456,419,597344,9055,1643601,7066200
2950,440,461,596904,9034,1644062,7063200
2951,449,459,596455,9024,1644521,7129800
2952,465,408,595990,9081,1644929,7069500
2953,402,460,595588,9023,1645389,7108200
2954,457,458,595131,9022,1645847,7047000
2955,462,478,594669,9006,1646325,7192100
2956,460,450,594209,9016,1646775,6825500
2957,458,465,593751,9009,1647240,7354800
2958,444,460,593307,8993,1647700,7066000
2959,475,474,592832,8994,1648174,7248300
2960,431,434,592401,8991,1648608,7100900
2961,441,442,591960,8990,1649050,6942300
2962,454,474,591506,8970,1649524,6986200
2963,457,448,591049,8979,1649972,6963600
2964,459,431,590590,9007,1650403,6990600
2965,470,422,590120,9055,1650825,6960500
2966,497,423,589623,9129,1651248,7034700
2967,478,431,589145,9176,1651679,7472200
2968,453,463,588692,9166,1652142,7307100
2969,448,463,588244,9151,1652605,7223800
2970,463,491,587781,9123,1653096,7104300
2971,447,465,587334,9105,1653561,7229600
2972,457,459,586877,9103,1654020,6857600
2973,516,526,586361,9093,1654546,7100900
2974,414,555,585947,8952,1655101,6911700
2975,477,478,585470,8951,1655579,7223800
2976,425,449,585045,8927,1656028,7137700
2977,462,463,584583,8926,1656491,7348400
2978,474,447,584109,8953,1656938,6927900
2979,466,493,583643,8926,1657431,6994400
2980,474,485,583169,8915,1657916,7143400
2981,446,413,582723,8948,1658329,7239000
2982,446,438,582277,8956,1658767,7465300
2983,441,427,581836,8970,1659194,7086200
2984,467,471,581369,8966,1659665,7108900
2985,477,436,580892,9007,1660101,7019700
2986,473,459,580419,9021,1660560,7344700
2987,410,459,580009,8972,1661019,6963100
2988,469,436,579540,9005,1661455,7343500
2989,449,484,579091,8970,1661939,7090900
2990,463,468,578628,8965,1662407,7250800
2991,449,443,578179,8971,1662850,6945200
2992,454,447,577725,8978,1663297,7017800
2993,417,419,577308,8976,1663716,7065000
2994,500,456,576808,9020,1664172,6912700
2995,472,435,576336,9057,1664607,7167200
2996,451,508,575885,9000,1665115,6997700
2997,456,454,575429,9002,1665569,6986400
2998,467,453,574962,9016,1666022,6891300
2999,475,450,574487,9041,1666472,6900900
3000,463,458,574024,9046,1666930,6858200
3001,447,453,573577,9040,1667383,6872700
3002,420,451,573157,9009,1667834,6854500
3003,478,459,572679,9028,1668293,6774100
3004,449,471,572230,9006,1668764,6986300
3005,400,451,571830,8955,1669215,6947400
3006,436,432,571394,8959,1669647,7226600
3007,473,424,570921,9008,1670071,6959500
3008,486,424,570435,9070,1670495,7347000
3009,443,442,569992,9071,1670937,6845000
3010,480,439,569512,9112,1671376,6886500
3011,485,457,569027,9140,1671833,6898000
3012,475,432,568552,9183,1672265,6823200
3013,451,445,568101,9189,1672710,7079700
3014,485,475,567616,9199,1673185,6978900
3015,441,469,567175,9171,1673654,6948800
3016,433,487,566742,9117,1674141,6882000
3017,454,400,566288,9171,1674541,6889200
3018,438,455,565850,9154,1674996,6976400
3019,428,475,565422,9107,1675471,6997400
3020,441,408,564981,9140,1675879,6999200
3021,423,445,564558,9118,1676324,6818400
3022,425,405,564133,9138,1676729,7221400
3023,440,474,563693,9104,1677203,6956600
3024,416,431,563277,9089,1677634,7256800
3025,423,467,562854,9045,1678101,6992800
3026,428,444,562426,9029,1678545,6982000
3027,432,467,561994,8994,1679012,6917800
3028,441,428,561553,9007,1679440,6961000
3029,405,426,561148,8986,1679866,6955200
3030,431,464,560717,8953,1680330,7190900
3031,384,425,560333,8912,1680755,6917500
3032,414,451,559919,8875,1681206,6844700
3033,423,453,559496,8845,1681659,7121400
3034,432,475,559064,8802,1682134,6874600
3035,439,466,558625,8775,1682600,7224800
3036,461,462,558164,8774,1683062,6913300
3037,408,440,557756,8742,1683502,7251000
3038,437,416,557319,8763,1683918,6804600
3039,417,459,556902,8721,1684377,6885700
3040,442,437,556460,8726,1684814,6794000
3041,422,416,556038,8732,1685230,6877100
3042,432,437,555606,8727,1685667,7164800
3043,439,414,555167,8752,1686081,7074700
3044,453,441,554714,8764,1686522,7189400
3045,490,447,554224,8807,1686969,6986000
3046,433,434,553791,8806,1687403,7153900
3047,438,417,553353,8827,1687820,6826200
3048,441,415,552912,8853,1688235,6896200
3049,425,463,552487,8815,1688698,6896000
3050,434,456,552053,8793,1689154,6923000
3051,445,432,551608,8806,1689586,6821400
3052,437,405,551171,8838,1689991,6894800
3053,446,452,550725,8832,1690443,7102700
3054,443,468,550282,8807,1690911,7143000
3055,452,432,549830,8827,1691343,6935600
3056,447,444,549383,8830,1691787,6839800
3057,425,410,548958,8845,1692197,7299500
3058,441,442,548517,8844,1692639,6922700
3059,452,461,548065,8835,1693100,6988700
3060,443,422,547622,8856,1693522,6925900
3061,455,402,547167,8909,1693924,6986000
3062,422,442,546745,8889,1694366,7668700
3063,467,438,546278,8918,1694804,6772500
3064,446,430,545832,8934,1695234,7707300
3065,442,418,545390,8958,1695652,7253400
3066,452,461,544938,8949,1696113,8125500
3067,413,451,544525,8911,1696564,7679500
3068,437,430,544088,8918,1696994,7345300
3069,459,460,543629,8917,1697454,6843100
3070,456,413,543173,8960,1697867,7242500
3071,433,444,542740,8949,1698311,7074600
3072,438,460,542302,8927,1698771,7255600
3073,452,442,541850,8937,1699213,6963300
3074,455,463,541395,8929,1699676,7155800
3075,464,452,540931,8941,1700128,6909700
3076,446,424,540485,8963,1700552,6760400
3077,448,482,540037,8929,1701034,6924200
3078,467,418,539570,8978,1701452,6858600
3079,391,477,539179,8892,1701929,6994200
3080,436,434,538743,8894,1702363,7234100
3081,429,419,538314,8904,1702782,7462000
3082,444,468,537870,8880,1703250,7181300
3083,416,422,537454,8874,1703672,7341500
3084,435,417,537019,8892,1704089,7109300
3085,437,407,536582,8922,1704496,7142000
3086,420,455,536162,8887,1704951,7179100
3087,457,434,535705,8910,1705385,7187100
3088,479,473,535226,8916,1705858,7262700
3089,449,448,534777,8917,1706306,7292700
3090,434,458,534343,8893,1706764,7259600
3091,441,447,533902,8887,1707211,7197900
3092,440,455,533462,8872,1707666,7265700
3093,412,469,533050,8815,1708135,7234000
3094,445,442,532605,8818,1708577,7231000
3095,426,455,532179,8789,1709032,7097900
3096,434,461,531745,8762,1709493,7383100
3097,445,450,531300,8757,1709943,7063700
3098,463,396,530837,8824,1710339,7196000
3099,452,430,530385,8846,1710769,7493400
3100,418,463,529967,8801,1711232,7086200
3101,456,474,529511,8783,1711706,7205900
3102,425,416,529086,8792,1712122,7023100
3103,446,451,528640,8787,1712573,7308600
3104,440,449,528200,8778,1713022,7037200
3105,395,432,527805,8741,1713454,7102300
3106,459,461,527346,8739,1713915,6838800
3107,487,449,526859,8777,1714364,7092800
3108,437,445,526422,8769,1714809,7253800
3109,437,429,525985,8777,1715238,7057400
3110,442,468,525543,8751,1715706,9132800
3111,415,418,525128,8748,1716124,8052900
3112,433,458,524695,8723,1716582,6979000
3113,437,455,524258,8705,1717037,6798400
3114,429,414,523829,8720,1717451,7216000
3115,415,461,523414,8674,1717912,6856200
3116,458,441,522956,8691,1718353,7281900
3117,413,452,522543,8652,1718805,7263500
3118,459,417,522084,8694,1719222,7300500
3119,412,420,521672,8686,1719642,6760800
3120,397,440,521275,8643,1720082,6776600
3121,424,451,520851,8616,1720533,7166400
3122,422,447,520429,8591,1720980,6811200
3123,431,437,519998,8585,1721417,7346100
3124,419,451,519579,8553,1721868,6762300
3125,463,441,519116,8575,1722309,6981500
3126,429,412,518687,8592,1722721,7097500
3127,436,408,518251,8620,1723129,7231800
3128,426,473,517825,8573,1723602,7010400
3129,359,437,517466,8495,1724039,7318300
3130,432,427,517034,8500,1724466,7136600
3131,425,420,516609,8505,1724886,6863300
3132,433,436,516176,8502,1725322,6865400
3133,438,407,515738,8533,1725729,6817700
3134,423,384,515315,8572,1726113,6861100
3135,395,442,514920,8525,1726555,6880200
3136,464,415,514456,8574,1726970,7089900
3137,427,464,514029,8537,1727434,6897100
3138,422,395,513607,8564,1727829,6896600
3139,423,423,513184,8564,1728252,6812300
3140,401,440,512783,8525,1728692,6900200
3141,444,418,512339,8551,1729110,6845300
3142,427,445,511912,8533,1729555,6812000
3143,426,472,511486,8487,1730027,6975900
3144,411,408,511075,8490,1730435,6823100
3145,427,410,510648,8507,1730845,7046000
3146,395,434,510253,8468,1731279,6857100
3147,404,453,509849,8419,1731732,6898600
3148,395,448,509454,8366,1732180,6807100
3149,412,408,509042,8370,1732588,6885300
3150,455,423,508587,8402,1733011,7310000
3151,400,425,508187,8377,1733436,6752000
3152,411,413,507776,8375,1733849,6859900
3153,388,450,507388,8313,1734299,6769500
3154,383,428,507005,8268,1734727,7173400
3155,409,399,506596,8278,1735126,6993500
3156,381,421,506215,8238,1735547,6885200
3157,384,424,505831,8198,1735971,6911900
3158,376,393,505455,8181,1736364,6942700
3159,397,419,505058,8159,1736783,7259100
3160,400,372,504658,8187,1737155,7104300
3161,396,407,504262,8176,1737562,7001500
3162,369,437,503893,8108,1737999,6932100
3163,368,429,503525,8047,1738428,6942700
3164,413,404,503112,8056,1738832,7022600
3165,350,391,502762,8015,1739223,7004600
3166,376,402,502386,7989,1739625,6984600
3167,379,419,502007,7949,1740044,7143900
3168,391,398,501616,7942,1740442,7489200
3169,393,396,501223,7939,1740838,6823200
3170,379,384,500844,7934,1741222,6851300
3171,366,415,500478,7885,1741637,6856200
3172,379,364,500099,7900,1742001,7075700
3173,384,368,499715,7916,1742369,7021000
3174,358,373,499357,7901,1742742,7418000
3175,395,406,498962,7890,1743148,7464300
3176,372,385,498590,7877,1743533,6930700
3177,420,402,498170,7895,1743935,6962400
3178,377,411,497793,7861,1744346,7146000
3179,382,394,497411,7849,1744740,6965600
3180,388,393,497023,7844,1745133,6922700
3181,375,423,496648,7796,1745556,7052000
3182,390,379,496258,7807,1745935,6848000
3183,400,374,495858,7833,1746309,7002900
3184,410,386,495448,7857,1746695,6804800
3185,409,372,495039,7894,1747067,7183600
3186,385,385,494654,7894,1747452,6843800
3187,345,369,494309,7870,1747821,6795200
3188,366,380,493943,7856,1748201,6847400
3189,373,415,493570,7814,1748616,6889400
3190,401,392,493169,7823,1749008,6860100
3191,398,425,492771,7796,1749433,6951800
3192,363,392,492408,7767,1749825,7363500
3193,402,399,492006,7770,1750224,6983800
3194,379,387,491627,7762,1750611,6979200
3195,387,396,491240,7753,1751007,7138600
3196,387,391,490853,7749,1751398,7004000
3197,386,377,490467,7758,1751775,7019200
3198,395,391,490072,7762,1752166,6926300
3199,386,398,489686,7750,1752564,6965600
3200,381,372,489305,7759,1752936,6884300
3201,427,382,488878,7804,1753318,7180300
3202,381,360,488497,7825,1753678,7078800
3203,450,415,488047,7860,1754093,7202400
3204,395,401,487652,7854,1754494,7262400
3205,401,373,487251,7882,1754867,7282600
3206,413,382,486838,7913,1755249,7188300
3207,403,401,486435,7915,1755650,7541100
3208,403,398,486032,7920,1756048,6885900
3209,427,369,485605,7978,1756417,6887100
3210,370,405,485235,7943,1756822,7109300
3211,383,410,484852,7916,1757232,6882900
3212,380,393,484472,7903,1757625,7602400
3213,382,386,484090,7899,1758011,7132700
3214,442,397,483648,7944,1758408,7193200
3215,436,387,483212,7993,1758795,6773700
3216,432,431,482780,7994,1759226,7078000
3217,408,440,482372,7962,1759666,6835500
3218,450,386,481922,8026,1760052,6874500
3219,415,388,481507,8053,1760440,7195100
3220,397,390,481110,8060,1760830,6746900
3221,426,394,480684,8092,1761224,7249200
3222,423,404,480261,8111,1761628,6894400
3223,416,428,479845,8099,1762056,7013800
3224,428,398,479417,8129,1762454,6857200
3225,435,394,478982,8170,1762848,7153300
3226,394,416,478588,8148,1763264,6880300
3227,429,411,478159,8166,1763675,7108600
3228,361,355,477798,8172,1764030,7155100
3229,418,430,477380,8160,1764460,6874900
3230,404,440,476976,8124,1764900,7114800
3231,395,393,476581,8126,1765293,7382200
3232,406,417,476175,8115,1765710,7131500
3233,392,377,475783,8130,1766087,7003500
3234,382,418,475401,8094,1766505,7710000
3235,396,393,475005,8097,1766898,7530300
3236,412,402,474593,8107,1767300,6865800
3237,386,407,474207,8086,1767707,6828500
3238,398,402,473809,8082,1768109,7315500
3239,390,365,473419,8107,1768474,6939900
3240,383,421,473036,8069,1768895,7169900
3241,384,419,472652,8034,1769314,6956300
3242,371,407,472281,7998,1769721,6857300
3243,407,402,471874,8003,1770123,7163700
3244,416,372,471458,8047,1770495,6722400
3245,376,408,471082,8015,1770903,7282100
3246,425,389,470657,8051,1771292,6739400
3247,396,388,470261,8059,1771680,6845200
3248,375,402,469886,8032,1772082,7134000
3249,379,391,469507,8020,1772473,7360300
3250,403,384,469104,8039,1772857,7385900
3251,351,416,468753,7974,1773273,7234700
3252,417,426,468336,7965,1773699,8061500
3253,391,427,467945,7929,1774126,7154400
3254,387,399,467558,7917,1774525,7754000
3255,393,375,467165,7935,1774900,7209800
3256,380,353,466785,7962,1775253,7285400
3257,401,432,466384,7931,1775685,7384400
3258,386,374,465998,7943,1776059,7662700
3259,388,400,465610,7931,1776459,7034200
3260,383,416,465227,7898,1776875,6970500
3261,401,389,464826,7910,1777264,7005500
3262,403,400,464423,7913,1777664,7010900
3263,373,451,464050,7835,1778115,7203100
3264,414,405,463636,7844,1778520,6925100
3265,370,397,463266,7817,1778917,7001000
3266,374,417,462892,7774,1779334,6870800
3267,399,371,462493,7802,1779705,7041800
3268,419,410,462074,7811,1780115,7113900
3269,386,419,461688,7778,1780534,7105900
3270,388,374,461300,7792,1780908,7027500
3271,403,376,460897,7819,1781284,7077500
3272,383,377,460514,7825,1781661,7255600
3273,415,388,460099,7852,1782049,7245900
3274,392,410,459707,7834,1782459,6988600
3275,395,391,459312,7838,1782850,6962200
3276,414,389,458898,7863,1783239,6871300
3277,417,386,458481,7894,1783625,6985200
3278,404,424,458077,7874,1784049,6928700
3279,426,388,457651,7912,1784437,6904100
3280,407,409,457244,7910,1784846,7106400
3281,432,394,456812,7948,1785240,7034200
3282,401,441,456411,7908,1785681,6808400
3283,397,392,456014,7913,1786073,6763500
3284,411,385,455603,7939,1786458,6783400
3285,410,372,455193,7977,1786830,6821900
3286,391,362,454802,8006,1787192,6838300
3287,383,401,454419,7988,1787593,7050800
3288,381,407,454038,7962,1788000,6813000
3289,384,377,453654,7969,1788377,7367100
3290,428,394,453226,8003,1788771,7194600
3291,394,397,452832,8000,1789168,6991800
3292,394,384,452438,8010,1789552,7177200
3293,439,417,451999,8032,1789969,7213500
3294,371,389,451628,8014,1790358,7154900
3295,398,411,451230,8001,1790769,7588400
3296,392,391,450838,8002,1791160,7391200
3297,406,402,450432,8006,1791562,7219500
3298,399,416,450033,7989,1791978,7211500
3299,374,445,449659,7918,1792423,7107100
3300,364,368,449295,7914,1792791,7132400
3301,415,341,448880,7988,1793132,7330600
3302,396,402,448484,7982,1793534,7328800
3303,381,406,448103,7957,1793940,7271500
3304,393,385,447710,7965,1794325,7542400
3305,394,411,447316,7948,1794736,7644400
3306,408,423,446908,7933,1795159,7892100
3307,416,405,446492,7944,1795564,7325000
3308,399,425,446093,7918,1795989,7084700
3309,381,413,445712,7886,1796402,7027700
3310,419,383,445293,7922,1796785,7108700
3311,406,387,444887,7941,1797172,7425500
3312,405,389,444482,7957,1797561,7169500
3313,427,429,444055,7955,1797990,7003400
3314,401,412,443654,7944,1798402,7038700
3315,374,399,443280,7919,1798801,7167300
3316,376,403,442904,7892,1799204,7021000
3317,369,416,442535,7845,1799620,7216100
3318,383,369,442152,7859,1799989,7155500
3319,394,388,441758,7865,1800377,7263300
3320,378,380,441380,7863,1800757,7231600
3321,396,377,440984,7882,1801134,7283000
3322,403,363,440581,7922,1801497,7130300
3323,352,385,440229,7889,1801882,7184300
3324,396,385,439833,7900,1802267,7117800
3325,397,437,439436,7860,1802704,7198500
3326,377,378,439059,7859,1803082,7354600
3327,409,419,438650,7849,1803501,7104200
3328,397,394,438253,7852,1803895,7232600
3329,370,372,437883,7850,1804267,7232900
3330,382,379,437501,7853,1804646,7406600
3331,383,360,437118,7876,1805006,7025100
3332,370,423,436748,7823,1805429,7587800
3333,363,396,436385,7790,1805825,7754900
3334,372,418,436013,7744,1806243,8138200
3335,382,428,435631,7698,1806671,7253600
3336,356,376,435275,7678,1807047,7228800
3337,360,393,434915,7645,1807440,6866300
3338,397,360,434518,7682,1807800,7140700
3339,367,388,434151,7661,1808188,7016200
3340,390,379,433761,7672,1808567,6857300
3341,377,390,433384,7659,1808957,6820800
3342,338,375,433046,7622,1809332,6905200
3343,401,387,432645,7636,1809719,7461400
3344,397,348,432248,7685,1810067,6998400
3345,376,376,431872,7685,1810443,7947500
3346,372,397,431500,7660,1810840,7377600
3347,379,378,431121,7661,1811218,6968500
3348,382,371,430739,7672,1811589,6899000
3349,399,396,430340,7675,1811985,7459400
3350,386,388,429954,7673,1812373,6967600
3351,389,380,429565,7682,1812753,7562000
3352,398,404,429167,7676,1813157,7174600
3353,360,414,428807,7622,1813571,7234500
3354,398,382,428409,7638,1813953,6896900
3355,360,399,428049,7599,1814352,6817200
3356,329,341,427720,7587,1814693,12570800
3357,363,365,427357,7585,1815058,8648400
3358,354,398,427003,7541,1815456,7784900
3359,389,379,426614,7551,1815835,8233200
3360,362,373,426252,7540,1816208,7303200
3361,365,372,425887,7533,1816580,6934300
3362,373,344,425514,7562,1816924,6867600
3363,363,372,425151,7553,1817296,7102700
3364,381,358,424770,7576,1817654,6924000
3365,380,405,424390,7551,1818059,7073400
3366,371,383,424019,7539,1818442,7126200
3367,387,387,423632,7539,1818829,7125800
3368,341,359,423291,7521,1819188,7191100
3369,349,385,422942,7485,1819573,7123700
3370,373,370,422569,7488,1819943,7342300
3371,357,397,422212,7448,1820340,7330800
3372,399,377,421813,7470,1820717,7147100
3373,350,379,421463,7441,1821096,6949700
3374,368,352,421095,7457,1821448,6916900
3375,359,369,420736,7447,1821817,6843400
3376,402,363,420334,7486,1822180,7329400
3377,381,375,419953,7492,1822555,7332800
3378,372,395,419581,7469,1822950,7480200
3379,357,399,419224,7427,1823349,7161500
3380,389,387,418835,7429,1823736,6793400
3381,391,382,418444,7438,1824118,6911900
3382,351,341,418093,7448,1824459,6800700
3383,383,350,417710,7481,1824809,6982600
3384,377,359,417333,7499,1825168,6970600
3385,369,399,416964,7469,1825567,7170400
3386,382,342,416582,7509,1825909,6868900
3387,394,411,416188,7492,1826320,7083800
3388,424,382,415764,7534,1826702,7035500
3389,385,361,415379,7558,1827063,6985900
3390,347,371,415032,7534,1827434,7535300
3391,361,392,414671,7503,1827826,7165400
3392,386,353,414285,7536,1828179,7302200
3393,378,381,413907,7533,1828560,7017800
3394,367,356,413540,7544,1828916,6954100
3395,410,380,413130,7574,1829296,6835100
3396,368,396,412762,7546,1829692,7299600
3397,377,394,412385,7529,1830086,7283700
3398,364,404,412021,7489,1830490,7186200
3399,365,381,411656,7473,1830871,6890100
3400,379,361,411277,7491,1831232,6829700
3401,355,386,410922,7460,1831618,6846400
3402,376,384,410546,7452,1832002,6883500
3403,380,373,410166,7459,1832375,7229600
3404,395,367,409771,7487,1832742,6951200
3405,343,383,409428,7447,1833125,7007400
3406,352,393,409076,7406,1833518,6598500
3407,356,362,408720,7400,1833880,7110200
3408,358,379,408362,7379,1834259,6815700
3409,331,371,408031,7339,1834630,6917600
3410,350,387,407681,7302,1835017,6850800
3411,326,363,407355,7265,1835380,6952000
3412,345,343,407010,7267,1835723,7036300
3413,371,362,406639,7276,1836085,6941300
3414,338,348,406301,7266,1836433,7489200
3415,332,336,405969,7262,1836769,7220600
3416,381,358,405588,7285,1837127,7292200
3417,357,390,405231,7252,1837517,7092300
3418,408,344,404823,7316,1837861,7455100
3419,351,338,404472,7329,1838199,7114600
3420,318,352,404154,7295,1838551,7271800
3421,359,363,403795,7291,1838914,7382000
3422,377,364,403418,7304,1839278,7591300
3423,336,398,403082,7242,1839676,6957000
3424,353,379,402729,7216,1840055,6936100
3425,361,359,402368,7218,1840414,7263300
3426,354,355,402014,7217,1840769,7056000
3427,336,358,401678,7195,1841127,7191000
3428,342,382,401336,7155,1841509,7089100
3429,373,350,400963,7178,1841859,7247400
3430,358,359,400605,7177,1842218,6988300
3431,344,356,400261,7165,1842574,6961900
3432,342,343,399919,7164,1842917,7344600
3433,369,349,399550,7184,1843266,7428700
3434,318,347,399232,7155,1843613,7328400
3435,346,349,398886,7152,1843962,7057100
3436,351,356,398535,7147,1844318,7336300
3437,373,380,398162,7140,1844698,7040700
3438,336,361,397826,7115,1845059,7193200
3439,334,359,397492,7090,1845418,6926900
3440,325,370,397167,7045,1845788,7243000
3441,362,346,396805,7061,1846134,7342100
3442,353,342,396452,7072,1846476,7167300
3443,325,370,396127,7027,1846846,6805100
3444,352,340,395775,7039,1847186,7226500
3445,402,337,395373,7104,1847523,12860300
3446,364,345,395009,7123,1847868,9828000
3447,324,353,394685,7094,1848221,6873600
3448,328,345,394357,7077,1848566,6849600
3449,335,356,394022,7056,1848922,6672900
3450,345,350,393677,7051,1849272,6751700
3451,351,365,393326,7037,1849637,6683100
3452,344,363,392982,7018,1850000,6906100
3453,343,346,392639,7015,1850346,6784100
3454,305,353,392334,6967,1850699,6848000
3455,333,305,392001,6995,1851004,7877800
3456,343,355,391658,6983,1851359,9256400
3457,339,315,391319,7007,1851674,8976900
3458,347,337,390972,7017,1852011,7671100
3459,351,322,390621,7046,1852333,6800100
3460,322,345,390299,7023,1852678,6798900
3461,331,344,389968,7010,1853022,6939800
3462,339,363,389629,6986,1853385,7186600
3463,353,331,389276,7008,1853716,7281900
3464,338,360,388938,6986,1854076,6723300
3465,348,358,388590,6976,1854434,7035400
3466,361,337,388229,7000,1854771,6734800
3467,334,346,387895,6988,1855117,6778600
3468,336,370,387559,6954,1855487,6799300
3469,359,355,387200,6958,1855842,6813900
3470,339,325,386861,6972,1856167,6875100
3471,328,343,386533,6957,1856510,6798100
3472,335,339,386198,6953,1856849,6839300
3473,321,326,385877,6948,1857175,7043200
3474,339,355,385538,6932,1857530,7558600
3475,339,350,385199,6921,1857880,6852200
3476,326,331,384873,6916,1858211,6791900
3477,358,352,384515,6922,1858563,6813400
3478,302,334,384213,6890,1858897,7134100
3479,323,327,383890,6886,1859224,6786000
3480,318,329,383572,6875,1859553,6958500
3481,304,329,383268,6850,1859882,7197300
3482,332,349,382936,6833,1860231,6926200
3483,331,311,382605,6853,1860542,7123600
3484,338,330,382267,6861,1860872,7306300
3485,321,347,381946,6835,1861219,7104600
3486,344,364,381602,6815,1861583,6775300
3487,328,364,381274,6779,1861947,6924200
3488,314,328,380960,6765,1862275,8313500
3489,315,341,380645,6739,1862616,7999200
3490,330,347,380315,6722,1862963,7605400
3491,313,313,380002,6722,1863276,7347600
3492,336,349,379666,6709,1863625,7469600
3493,319,334,379347,6694,1863959,7429000
3494,348,340,378999,6702,1864299,7252400
3495,330,319,378669,6713,1864618,7274600
3496,312,344,378357,6681,1864962,7377000
3497,371,313,377986,6739,1865275,7196500
3498,337,339,377649,6737,1865614,7113300
3499,321,352,377328,6706,1865966,7709500
3500,342,302,376986,6746,1866268,7867300
3501,371,334,376615,6783,1866602,7166100
3502,322,328,376293,6777,1866930,7433500
3503,349,368,375944,6758,1867298,7526800
3504,379,362,375565,6775,1867660,7403400
3505,375,315,375190,6835,1867975,7155200
3506,338,343,374852,6830,1868318,7406200
3507,364,365,374488,6829,1868683,7390200
3508,382,356,374106,6855,1869039,7604500
3509,348,311,373758,6892,1869350,7332300
3510,356,298,373402,6950,1869648,7523600
3511,343,386,373059,6907,1870034,7296600
3512,349,323,372710,6933,1870357,7327000
3513,348,361,372362,6920,1870718,7303400
3514,364,334,371998,6950,1871052,8264000
3515,350,363,371648,6937,1871415,7083100
3516,332,354,371316,6915,1871769,7195000
3517,338,332,370978,6921,1872101,7051000
3518,360,347,370618,6934,1872448,7571700
3519,341,343,370277,6932,1872791,7042000
3520,330,338,369947,6924,1873129,7514200
3521,334,320,369613,6938,1873449,7102500
3522,352,363,369261,6927,1873812,7212500
3523,338,351,368923,6914,1874163,7616100
3524,368,316,368555,6966,1874479,7734800
3525,320,352,368235,6934,1874831,7473300
3526,337,347,367898,6924,1875178,7086100
3527,330,355,367568,6899,1875533,7030900
3528,312,347,367256,6864,1875880,7059700
3529,362,357,366894,6869,1876237,7940100
3530,300,365,366594,6804,1876602,9018300
3531,345,334,366249,6815,1876936,7485200
3532,327,319,365922,6823,1877255,7282400
3533,359,328,365563,6854,1877583,7717400
3534,337,331,365226,6860,1877914,7354700
3535,338,330,364888,6868,1878244,7558300
3536,346,353,364542,6861,1878597,7197300
3537,348,312,364194,6897,1878909,7654400
3538,314,314,363880,6897,1879223,7175100
3539,335,329,363545,6903,1879552,7317300
3540,337,362,363208,6878,1879914,7037700
3541,367,338,362841,6907,1880252,7074700
3542,357,325,362484,6939,1880577,7321100
3543,351,364,362133,6926,1880941,7150100
3544,331,324,361802,6933,1881265,7179900
3545,360,350,361442,6943,1881615,7009600
3546,332,364,361110,6911,1881979,7601900
3547,337,368,360773,6880,1882347,7153700
3548,320,330,360453,6870,1882677,7512800
3549,355,352,360098,6873,1883029,7078900
3550,338,307,359760,6904,1883336,7201500
3551,344,328,359416,6920,1883664,7204500
3552,338,331,359078,6927,1883995,7161600
3553,355,343,358723,6939,1884338,7288500
3554,308,346,358415,6901,1884684,7123200
3555,339,348,358076,6892,1885032,7497800
3556,351,354,357725,6889,1885386,7298300
3557,332,356,357393,6865,1885742,7656000
3558,341,352,357052,6854,1886094,7395600
3559,330,339,356722,6845,1886433,7141700
3560,335,337,356387,6843,1886770,7088300
3561,345,323,356042,6865,1887093,7265700
3562,363,357,355679,6871,1887450,7103000
3563,338,355,355341,6854,1887805,7242500
3564,308,333,355033,6829,1888138,7174200
3565,347,329,354686,6847,1888467,7222100
3566,345,351,354341,6841,1888818,7154000
3567,347,324,353994,6864,1889142,7165100
3568,319,361,353675,6822,1889503,7174900
3569,328,339,353347,6811,1889842,7086300
3570,338,341,353009,6808,1890183,7091300
3571,337,365,352672,6780,1890548,7179200
3572,339,315,352333,6804,1890863,7155500
3573,312,315,352021,6801,1891178,7081200
3574,299,359,351722,6741,1891537,7619800
3575,318,329,351404,6730,1891866,7170200
3576,325,336,351079,6719,1892202,7000000
3577,307,332,350772,6694,1892534,6880800
3578,338,328,350434,6704,1892862,7459100
3579,332,341,350102,6695,1893203,7838900
3580,327,324,349775,6698,1893527,7305200
3581,285,322,349490,6661,1893849,6999800
3582,345,358,349145,6648,1894207,7982800
3583,341,325,348804,6664,1894532,7437400
3584,330,305,348474,6689,1894837,7168900
3585,329,330,348145,6688,1895167,7151700
3586,336,330,347809,6694,1895497,6999800
3587,346,326,347463,6714,1895823,7427200
3588,349,347,347114,6716,1896170,7032700
3589,305,362,346809,6659,1896532,7013600
3590,306,355,346503,6610,1896887,6779200
3591,341,334,346162,6617,1897221,6942500
3592,322,359,345840,6580,1897580,6878700
3593,316,356,345524,6540,1897936,7056400
3594,328,341,345196,6527,1898277,6962400
3595,282,305,344914,6504,1898582,6804700
3596,316,341,344598,6479,1898923,6930900
3597,311,308,344287,6482,1899231,6830800
3598,341,303,343946,6520,1899534,6998000
3599,319,338,343627,6501,1899872,7008300
3600,343,320,343284,6524,1900192,7397100
3601,308,342,342976,6490,1900534,7042100
3602,314,315,342662,6489,1900849,7032200
3603,312,330,342350,6471,1901179,6856400
3604,308,319,342042,6460,1901498,6902500
3605,309,326,341733,6443,1901824,6896600
3606,316,323,341417,6436,1902147,6701500
3607,312,330,341105,6418,1902477,6993600
3608,315,322,340790,6411,1902799,6755900
3609,283,319,340507,6375,1903118,6764300
3610,320,346,340187,6349,1903464,6740800
3611,310,335,339877,6324,1903799,7395200
3612,294,334,339583,6284,1904133,6927500
3613,273,311,339310,6246,1904444,6678900
3614,312,306,338998,6252,1904750,6990000
3615,303,291,338695,6264,1905041,6711600
3616,312,311,338383,6265,1905352,6682200
3617,292,308,338091,6249,1905660,6731600
3618,283,291,337808,6241,1905951,6813700
3619,293,273,337515,6261,1906224,6676700
3620,293,331,337222,6223,1906555,7125100
3621,280,320,336942,6183,1906875,7070000
3622,295,321,336647,6157,1907196,6911000
3623,298,342,336349,6113,1907538,7272000
3624,284,294,336065,6103,1907832,7346300
3625,323,289,335742,6137,1908121,6968600
3626,270,297,335472,6110,1908418,6694300
3627,331,311,335141,6130,1908729,7173000
3628,291,312,334850,6109,1909041,6786900
3629,292,293,334558,6108,1909334,6692200
3630,309,272,334249,6145,1909606,6675000
3631,299,307,333950,6137,1909913,6577400
3632,330,309,333620,6158,1910222,6942200
3633,319,341,333301,6136,1910563,6724900
3634,348,325,332953,6159,1910888,6728700
3635,330,318,332623,6171,1911206,6684500
3636,327,332,332296,6166,1911538,7167100
3637,304,274,331992,6196,1911812,6732100
3638,292,318,331700,6170,1912130,6693600
3639,295,297,331405,6168,1912427,6693700
3640,290,295,331115,6163,1912722,6585800
3641,290,298,330825,6155,1913020,7193000
3642,290,311,330535,6134,1913331,6592000
3643,285,305,330250,6114,1913636,6697900
3644,337,302,329913,6149,1913938,7164300
3645,289,296,329624,6142,1914234,6809500
3646,323,292,329301,6173,1914526,6819400
3647,318,322,328983,6169,1914848,6963900
3648,292,290,328691,6171,1915138,6967900
3649,283,305,328408,6149,1915443,6986200
3650,302,311,328106,6140,1915754,6962100
3651,297,308,327809,6129,1916062,6857800
3652,293,302,327516,6120,1916364,7200700
3653,294,294,327222,6120,1916658,6955700
3654,321,318,326901,6123,1916976,7096400
3655,320,311,326581,6132,1917287,7012100
3656,332,291,326249,6173,1917578,6904400
3657,287,338,325962,6122,1917916,6959300
3658,291,329,325671,6084,1918245,6742900
3659,316,296,325355,6104,1918541,6784300
3660,279,295,325076,6088,1918836,6676700
3661,283,310,324793,6061,1919146,6666900
3662,308,283,324485,6086,1919429,6628600
3663,287,308,324198,6065,1919737,6623600
3664,309,290,323889,6084,1920027,6942000
3665,302,316,323587,6070,1920343,6667600
3666,332,309,323255,6093,1920652,6839300
3667,316,336,322939,6073,1920988,6666100
3668,332,295,322607,6110,1921283,6678200
3669,301,297,322306,6114,1921580,6697300
3670,331,293,321975,6152,1921873,6593700
3671,291,287,321684,6156,1922160,6971700
3672,299,319,321385,6136,1922479,6887600
3673,262,289,321123,6109,1922768,7178500
3674,295,282,320828,6122,1923050,6797400
3675,304,301,320524,6125,1923351,6685500
3676,299,281,320225,6143,1923632,6747400
3677,294,330,319931,6107,1923962,6598100
3678,307,296,319624,6118,1924258,6629900
3679,285,318,319339,6085,1924576,6556700
3680,311,306,319028,6090,1924882,6846800
3681,295,327,318733,6058,1925209,6727100
3682,325,321,318408,6062,1925530,6952800
3683,313,306,318095,6069,1925836,6866500
3684,303,306,317792,6066,1926142,6676200
3685,276,291,317516,6051,1926433,6831400
3686,301,296,317215,6056,1926729,6881700
3687,299,303,316916,6052,1927032,7015200
3688,302,303,316614,6051,1927335,6836600
3689,287,285,316327,6053,1927620,7280800
3690,289,305,316038,6037,1927925,6734100
3691,301,280,315737,6058,1928205,6972200
3692,259,337,315478,5980,1928542,6721600
3693,275,317,315203,5938,1928859,6731000
3694,320,316,314883,5942,1929175,6796200
3695,269,293,314614,5918,1929468,6785300
3696,271,278,314343,5911,1929746,6946100
3697,303,276,314040,5938,1930022,6765400
3698,319,291,313721,5966,1930313,6859800
3699,313,305,313408,5974,1930618,7619600
3700,290,293,313118,5971,1930911,7119500
3701,308,281,312810,5998,1931192,6653800
3702,310,277,312500,6031,1931469,6674700
3703,293,278,312207,6046,1931747,7128100
3704,273,318,311934,6001,1932065,6903000
3705,299,344,311635,5956,1932409,7389500
3706,292,320,311343,5928,1932729,6942900
3707,311,319,311032,5920,1933048,6781100
3708,288,279,310744,5929,1933327,6748000
3709,308,286,310436,5951,1933613,6966000
3710,312,293,310124,5970,1933906,6758500
3711,290,278,309834,5982,1934184,6777800
3712,264,325,309570,5921,1934509,6686300
3713,299,304,309271,5916,1934813,6795900
3714,324,310,308947,5930,1935123,6758900
3715,272,280,308675,5922,1935403,6981400
3716,302,270,308373,5954,1935673,6923600
3717,283,311,308090,5926,1935984,6639700
3718,261,283,307829,5904,1936267,6736400
3719,301,292,307528,5913,1936559,6629500
3720,290,304,307238,5899,1936863,6667500
3721,291,335,306947,5855,1937198,6803500
3722,301,285,306646,5871,1937483,6670700
3723,267,274,306379,5864,1937757,6632400
3724,273,284,306106,5853,1938041,6627200
3725,284,299,305822,5838,1938340,6909100
3726,264,291,305558,5811,1938631,6638400
3727,273,288,305285,5796,1938919,7071800
3728,235,289,305050,5742,1939208,7281100
3729,273,270,304777,5745,1939478,6658700
3730,255,303,304522,5697,1939781,6556400
3731,258,291,304264,5664,1940072,6571200
3732,265,274,303999,5655,1940346,6645000
3733,297,325,303702,5627,1940671,7033800
3734,281,278,303421,5630,1940949,7116200
3735,265,279,303156,5616,1941228,6732400
3736,249,265,302907,5600,1941493,6799000
3737,258,258,302649,5600,1941751,6960000
3738,265,271,302384,5594,1942022,6604700
3739,292,278,302092,5608,1942300,6721000
3740,294,305,301798,5597,1942605,6688500
3741,290,302,301508,5585,1942907,6718700
3742,287,247,301221,5625,1943154,6596300
3743,284,304,300937,5605,1943458,6536700
3744,268,272,300669,5601,1943730,6853900
3745,265,284,300404,5582,1944014,6661300
3746,276,292,300128,5566,1944306,6668700
3747,267,278,299861,5555,1944584,6612200
3748,246,259,299615,5542,1944843,6645100
3749,252,261,299363,5533,1945104,6631100
3750,282,271,299081,5544,1945375,6579100
3751,282,274,298799,5552,1945649,6692500
3752,284,262,298515,5574,1945911,6540500
3753,306,309,298209,5571,1946220,7046500
3754,266,271,297943,5566,1946491,6995100
3755,246,308,297697,5504,1946799,6905000
3756,262,276,297435,5490,1947075,6868800
3757,264,263,297171,5491,1947338,6939300
3758,262,265,296909,5488,1947603,6853300
3759,272,304,296637,5456,1947907,6754500
3760,273,289,296364,5440,1948196,6826200
3761,284,267,296080,5457,1948463,6694800
3762,306,277,295774,5486,1948740,7150900
3763,275,277,295499,5484,1949017,6874300
3764,278,279,295221,5483,1949296,7567700
3765,274,271,294947,5486,1949567,6714900
3766,247,287,294700,5446,1949854,7150000
3767,237,259,294463,5424,1950113,6837500
3768,259,286,294204,5397,1950399,6776000
3769,288,281,293916,5404,1950680,7276400
3770,295,261,293621,5438,1950941,6944300
3771,249,270,293372,5417,1951211,7462600
3772,266,250,293106,5433,1951461,7393000
3773,252,265,292854,5420,1951726,7233300
3774,286,240,292568,5466,1951966,6778100
3775,267,276,292301,5457,1952242,7392300
3776,279,264,292022,5472,1952506,7036500
3777,250,274,291772,5448,1952780,7175900
3778,257,245,291515,5460,1953025,7033500
3779,235,283,291280,5412,1953308,7097200
3780,249,259,291031,5402,1953567,6746900
3781,284,280,290747,5406,1953847,6698100
3782,250,254,290497,5402,1954101,6714400
3783,303,294,290194,5411,1954395,6715300
3784,269,238,289925,5442,1954633,7062100
3785,274,293,289651,5423,1954926,6519800
3786,264,276,289387,5411,1955202,6549600
3787,284,274,289103,5421,1955476,6516700
3788,250,260,288853,5411,1955736,6515500
3789,263,246,288590,5428,1955982,6697000
3790,258,294,288332,5392,1956276,6692300
3791,255,298,288077,5349,1956574,6690000
3792,309,293,287768,5365,1956867,6778300
3793,285,275,287483,5375,1957142,7296600
3794,282,292,287201,5365,1957434,6735900
3795,290,279,286911,5376,1957713,6849500
3796,253,275,286658,5354,1957988,7020900
3797,272,246,286386,5380,1958234,6736800
3798,279,248,286107,5411,1958482,6760800
3799,281,279,285826,5413,1958761,6696400
3800,297,247,285529,5463,1959008,7144400
3801,270,286,285259,5447,1959294,6691200
3802,275,250,284984,5472,1959544,6810400
3803,278,271,284706,5479,1959815,6698000
3804,283,275,284423,5487,1960090,6616300
3805,260,269,284163,5478,1960359,6628300
3806,252,306,283911,5424,1960665,6589100
3807,264,282,283647,5406,1960947,6619400
3808,264,264,283383,5406,1961211,6590200
3809,256,274,283127,5388,1961485,6545500
3810,263,275,282864,5376,1961760,6587900
3811,271,289,282593,5358,1962049,6739100
3812,262,295,282331,5325,1962344,6778200
3813,289,263,282042,5351,1962607,6673800
3814,281,258,281761,5374,1962865,7032800
3815,273,261,281488,5386,1963126,6546700
3816,276,262,281212,5400,1963388,6564500
3817,250,292,280962,5358,1963680,6913800
3818,260,264,280702,5354,1963944,6561000
3819,260,256,280442,5358,1964200,6590200
3820,276,285,280166,5349,1964485,6783600
3821,257,267,279909,5339,1964752,7095200
3822,295,286,279614,5348,1965038,7213700
3823,271,295,279343,5324,1965333,6798600
3824,261,258,279082,5327,1965591,6878200
3825,304,252,278778,5379,1965843,6856100
3826,272,288,278506,5363,1966131,6773500
3827,306,262,278200,5407,1966393,6651500
3828,261,287,277939,5381,1966680,7009800
3829,252,289,277687,5344,1966969,6627200
3830,261,281,277426,5324,1967250,6638400
3831,272,283,277154,5313,1967533,6643700
3832,254,263,276900,5304,1967796,6741400
3833,240,235,276660,5309,1968031,6971200
3834,263,260,276397,5312,1968291,6537000
3835,259,262,276138,5309,1968553,7239700
3836,260,268,275878,5301,1968821,6868600
3837,244,267,275634,5278,1969088,6713300
3838,245,274,275389,5249,1969362,6598600
3839,282,259,275107,5272,1969621,6624200
3840,253,258,274854,5267,1969879,7061600
3841,270,252,274584,5285,1970131,6558800
3842,251,277,274333,5259,1970408,6754700
3843,246,272,274087,5233,1970680,6578700
3844,256,253,273831,5236,1970933,6743500
3845,244,267,273587,5213,1971200,6659800
3846,271,287,273316,5197,1971487,6568100
3847,251,248,273065,5200,1971735,6749700
3848,270,244,272795,5226,1971979,6612200
3849,251,253,272544,5224,1972232,6606500
3850,275,225,272269,5274,1972457,6505100
3851,264,248,272005,5290,1972705,6621600
3852,250,249,271755,5291,1972954,6725100
3853,275,290,271480,5276,1973244,6534700
3854,262,275,271218,5263,1973519,6764500
3855,262,296,270956,5229,1973815,6835600
3856,288,248,270668,5269,1974063,6864400
3857,280,275,270388,5274,1974338,6819300
3858,263,271,270125,5266,1974609,6622100
3859,289,248,269836,5307,1974857,6575200
3860,278,268,269558,5317,1975125,6563500
3861,287,289,269271,5315,1975414,7028000
3862,254,234,269017,5335,1975648,6782100
3863,285,267,268732,5353,1975915,6783500
3864,257,276,268475,5334,1976191,6640800
3865,290,279,268185,5345,1976470,7102800
3866,290,260,267895,5375,1976730,6585800
3867,300,267,267595,5408,1976997,6576200
3868,303,277,267292,5434,1977274,6807700
3869,306,289,266986,5451,1977563,6609000
3870,287,278,266699,5460,1977841,6660300
3871,313,263,266386,5510,1978104,6693700
3872,295,280,266091,5525,1978384,6994700
3873,283,276,265808,5532,1978660,6577800
3874,288,276,265520,5544,1978936,6811100
3875,276,291,265244,5529,1979227,7190000
3876,277,270,264967,5536,1979497,6956600
3877,260,232,264707,5564,1979729,6751700
3878,263,290,264444,5537,1980019,6562400
3879,261,286,264183,5512,1980305,6947000
3880,254,264,263929,5502,1980569,6495400
3881,296,291,263633,5507,1980860,6706700
3882,281,273,263352,5515,1981133,6676100
3883,262,278,263090,5499,1981411,6597500
3884,284,282,262806,5501,1981693,6783300
3885,283,258,262523,5526,1981951,6557500
3886,266,272,262257,5520,1982223,6585300
3887,286,280,261971,5526,1982503,6596800
3888,264,243,261707,5547,1982746,7548500
3889,276,259,261431,5564,1983005,7194700
3890,271,273,261160,5562,1983278,6477300
3891,289,264,260871,5587,1983542,7584500
3892,281,284,260590,5584,1983826,7050700
3893,299,276,260291,5607,1984102,7381300
3894,281,271,260010,5617,1984373,6518700
3895,276,257,259734,5636,1984630,6610600
3896,300,265,259434,5671,1984895,6590800
3897,275,292,259159,5654,1985187,6613600
3898,281,270,258878,5665,1985457,6559800
3899,274,267,258604,5672,1985724,6478900
3900,281,294,258323,5659,1986018,6930800
3901,284,303,258039,5640,1986321,6652500
3902,277,303,257762,5614,1986624,6536400
3903,253,265,257509,5602,1986889,6923800
3904,245,286,257264,5561,1987175,7006900
3905,243,274,257021,5530,1987449,6579600
3906,260,285,256761,5505,1987734,6494500
3907,249,299,256512,5455,1988033,6654500
3908,282,270,256230,5467,1988303,6479500
3909,248,270,255982,5445,1988573,6628100
3910,258,276,255724,5427,1988849,6607200
3911,252,275,255472,5404,1989124,7094500
3912,232,272,255240,5364,1989396,6934100
3913,269,252,254971,5381,1989648,6721100
3914,241,289,254730,5333,1989937,6640700
3915,262,271,254468,5324,1990208,6515500
3916,293,257,254175,5360,1990465,6663800
3917,284,272,253891,5372,1990737,6851600
3918,252,266,253639,5358,1991003,6978900
3919,242,273,253397,5327,1991276,7452200
3920,246,245,253151,5328,1991521,7329800
3921,262,262,252889,5328,1991783,6646000
3922,253,276,252636,5305,1992059,6548200
3923,254,255,252382,5304,1992314,6909200
3924,264,256,252118,5312,1992570,6528500
3925,249,279,251869,5282,1992849,6999200
3926,262,278,251607,5266,1993127,7965700
3927,235,268,251372,5233,1993395,6767100
3928,254,242,251118,5245,1993637,6683100
3929,261,273,250857,5233,1993910,6449400
3930,264,270,250593,5227,1994180,7413400
3931,241,298,250352,5170,1994478,7404900
3932,239,245,250113,5164,1994723,6811000
3933,252,272,249861,5144,1994995,6768900
3934,282,238,249579,5188,1995233,6971300
3935,237,260,249342,5165,1995493,6733600
3936,245,250,249097,5160,1995743,7057100
3937,261,252,248836,5169,1995995,6812900
3938,261,265,248575,5165,1996260,6795600
3939,251,246,248324,5170,1996506,6958700
3940,278,267,248046,5181,1996773,7006200
3941,270,212,247776,5239,1996985,7623700
3942,281,238,247495,5282,1997223,8014000
3943,215,246,247280,5251,1997469,8105400
3944,276,263,247004,5264,1997732,7895700
3945,295,242,246709,5317,1997974,7007600
3946,265,234,246444,5348,1998208,6826600
3947,235,260,246209,5323,1998468,7180600
3948,268,289,245941,5302,1998757,7189600
3949,262,269,245679,5295,1999026,7045700
3950,257,277,245422,5275,1999303,6657300
3951,231,268,245191,5238,1999571,6698000
3952,267,266,244924,5239,1999837,6763000
3953,263,253,244661,5249,2000090,6690300
3954,277,294,244384,5232,2000384,6686500
3955,256,279,244128,5209,2000663,6695300
3956,262,274,243866,5197,2000937,6714100
3957,278,240,243588,5235,2001177,6760300
3958,275,245,243313,5265,2001422,6763400
3959,269,273,243044,5261,2001695,6944900
3960,261,242,242783,5280,2001937,6542200
3961,240,270,242543,5250,2002207,6795300
3962,250,258,242293,5242,2002465,6636100
3963,267,258,242026,5251,2002723,6890800
3964,272,252,241754,5271,2002975,6802700
3965,246,243,241508,5274,2003218,6502600
3966,272,265,241236,5281,2003483,7108100
3967,241,277,240995,5245,2003760,6744900
3968,297,281,240698,5261,2004041,7444800
3969,241,261,240457,5241,2004302,6897500
3970,270,279,240187,5232,2004581,7140400
3971,236,261,239951,5207,2004842,6493400
3972,249,264,239702,5192,2005106,6554200
3973,287,258,239415,5221,2005364,6735400
3974,247,257,239168,5211,2005621,6508400
3975,249,290,238919,5170,2005911,6586400
3976,257,270,238662,5157,2006181,6592800
3977,254,283,238408,5128,2006464,6756400
3978,268,271,238140,5125,2006735,6896700
3979,245,298,237895,5072,2007033,6623900
3980,233,255,237662,5050,2007288,6612600
3981,271,243,237391,5078,2007531,6530000
3982,267,260,237124,5085,2007791,6642400
3983,243,254,236881,5074,2008045,6505100
3984,264,271,236617,5067,2008316,6756600
3985,246,228,236371,5085,2008544,6613000
3986,270,261,236101,5094,2008805,6475700
3987,252,268,235849,5078,2009073,6807400
3988,245,255,235604,5068,2009328,6667100
3989,236,206,235368,5098,2009534,6805500
3990,236,266,235132,5068,2009800,6516400
3991,249,242,234883,5075,2010042,6589900
3992,254,254,234629,5075,2010296,6537800
3993,250,237,234379,5088,2010533,6473400
3994,259,260,234120,5087,2010793,6555500
3995,251,234,233869,5104,2011027,6498000
3996,251,275,233618,5080,2011302,6542700
3997,265,237,233353,5108,2011539,6508000
3998,225,280,233128,5053,2011819,6586700
3999,228,264,232900,5017,2012083,6666900
4000,253,258,232647,5012,2012341,6517600
4001,256,273,232391,4995,2012614,6548200
4002,255,255,232136,4995,2012869,6531100
4003,227,234,231909,4988,2013103,6901700
4004,239,267,231670,4960,2013370,6739900
4005,241,267,231429,4934,2013637,6532000
4006,251,222,231178,4963,2013859,6797100
4007,235,272,230943,4926,2014131,6792800
4008,260,231,230683,4955,2014362,7794800
4009,258,227,230425,4986,2014589,7413800
4010,243,240,230182,4989,2014829,7123100
4011,253,260,229929,4982,2015089,7113300
4012,264,270,229665,4976,2015359,6529100
4013,251,234,229414,4993,2015593,6565200
4014,225,278,229189,4940,2015871,6597300
4015,267,260,228922,4947,2016131,6545600
4016,240,230,228682,4957,2016361,6478400
4017,240,230,228442,4967,2016591,6605000
4018,254,253,228188,4968,2016844,6600000
4019,231,245,227957,4954,2017089,6572700
4020,263,275,227694,4942,2017364,6498900
4021,221,234,227473,4929,2017598,6474900
4022,206,251,227267,4884,2017849,6813300
4023,232,253,227035,4863,2018102,6721400
4024,227,250,226808,4840,2018352,6609500
4025,237,238,226571,4839,2018590,6452000
4026,244,248,226327,4835,2018838,6484100
4027,241,249,226086,4827,2019087,6935300
4028,252,239,225834,4840,2019326,6600400
4029,225,242,225609,4823,2019568,6625300
4030,224,256,225385,4791,2019824,6531300
4031,242,242,225143,4791,2020066,6496300
4032,232,273,224911,4750,2020339,6469900
4033,222,245,224689,4727,2020584,6430100
4034,239,218,224450,4748,2020802,6720000
4035,228,247,224222,4729,2021049,6507100
4036,207,234,224015,4702,2021283,6575900
4037,192,208,223823,4686,2021491,6549400
4038,227,236,223596,4677,2021727,6515200
4039,239,241,223357,4675,2021968,6712900
4040,208,227,223149,4656,2022195,6627300
4041,232,241,222917,4647,2022436,6507400
4042,224,235,222693,4636,2022671,6495500
4043,231,228,222462,4639,2022899,6505300
4044,231,247,222231,4623,2023146,6590300
4045,226,247,222005,4602,2023393,6469400
4046,240,222,221765,4620,2023615,6575500
4047,251,224,221514,4647,2023839,6572900
4048,268,243,221246,4672,2024082,6738700
4049,256,234,220990,4694,2024316,6770700
4050,236,223,220754,4707,2024539,6613800
4051,243,235,220511,4715,2024774,6985100
4052,263,262,220248,4716,2025036,6566400
4053,246,221,220002,4741,2025257,6559000
4054,247,238,219755,4750,2025495,6579600
4055,265,226,219490,4789,2025721,6727400
4056,254,252,219236,4791,2025973,6612700
4057,222,221,219014,4792,2026194,6702700
4058,238,224,218776,4806,2026418,6794600
4059,256,239,218520,4823,2026657,6834000
4060,251,234,218269,4840,2026891,6827600
4061,232,255,218037,4817,2027146,6566900
4062,263,232,217774,4848,2027378,6818600
4063,266,249,217508,4865,2027627,6587900
4064,236,219,217272,4882,2027846,6717000
4065,247,260,217025,4869,2028106,8080600
4066,244,264,216781,4849,2028370,7426300
4067,234,227,216547,4856,2028597,7114400
4068,245,246,216302,4855,2028843,7118700
4069,244,255,216058,4844,2029098,7470700
4070,237,252,215821,4829,2029350,6665300
4071,239,228,215582,4840,2029578,6592900
4072,255,233,215327,4862,2029811,6550800
4073,239,223,215088,4878,2030034,6538900
4074,254,266,214834,4866,2030300,6511100
4075,207,243,214627,4830,2030543,6527400
4076,236,254,214391,4812,2030797,6745300
4077,243,243,214148,4812,2031040,6598800
4078,231,249,213917,4794,2031289,6824800
4079,257,268,213660,4783,2031557,6570400
4080,233,220,213427,4796,2031777,6711300
4081,210,217,213217,4789,2031994,7126600
4082,216,220,213001,4785,2032214,6734200
4083,202,248,212799,4739,2032462,6845100
4084,259,241,212540,4757,2032703,6765300
4085,235,236,212305,4756,2032939,6656500
4086,227,244,212078,4739,2033183,6631300
4087,228,244,211850,4723,2033427,6680200
4088,206,216,211644,4713,2033643,6722800
4089,238,229,211406,4722,2033872,6728000
4090,200,250,211206,4672,2034122,6741000
4091,239,229,210967,4682,2034351,6711100
4092,232,248,210735,4666,2034599,6793000
4093,225,211,210510,4680,2034810,6710300
4094,204,225,210306,4659,2035035,7010800
4095,229,226,210077,4662,2035261,6641300
4096,229,239,209848,4652,2035500,6770100
4097,221,235,209627,4638,2035735,7105900
4098,226,256,209401,4608,2035991,6812400
4099,239,242,209162,4605,2036233,6730300
4100,226,228,208936,4603,2036461,6654500
4101,210,252,208726,4561,2036713,6730500
4102,221,220,208505,4562,2036933,6616200
4103,235,220,208270,4577,2037153,6683800
4104,230,225,208040,4582,2037378,6640500
4105,200,202,207840,4580,2037580,6659700
4106,231,232,207609,4579,2037812,6797400
4107,238,220,207371,4597,2038032,6804700
4108,225,216,207146,4606,2038248,6795800
4109,215,270,206931,4551,2038518,6842800
4110,245,222,206686,4574,2038740,7356000
4111,250,208,206436,4616,2038948,7290100
4112,253,215,206183,4654,2039163,6877600
4113,279,244,205904,4689,2039407,6780400
4114,232,250,205672,4671,2039657,6700400
4115,249,246,205423,4674,2039903,8452900
4116,231,267,205192,4638,2040170,8860900
4117,231,249,204961,4620,2040419,7540200
4118,235,258,204726,4597,2040677,7080400
4119,210,225,204516,4582,2040902,7108300
4120,198,228,204318,4552,2041130,7616500
4121,237,203,204081,4586,2041333,6882200
4122,204,217,203877,4573,2041550,6691400
4123,227,223,203650,4577,2041773,6718900
4124,233,235,203417,4575,2042008,6632400
4125,226,209,203191,4592,2042217,6851500
4126,230,219,202961,4603,2042436,6812700
4127,229,202,202732,4630,2042638,6693600
4128,230,217,202502,4643,2042855,6574800
4129,247,226,202255,4664,2043081,6597600
4130,236,230,202019,4670,2043311,7053500
4131,248,204,201771,4714,2043515,6715500
4132,236,246,201535,4704,2043761,6864700
4133,235,233,201300,4706,2043994,7250900
4134,252,233,201048,4725,2044227,7635300
4135,239,212,200809,4752,2044439,6749600
4136,221,242,200588,4731,2044681,6678600
4137,248,234,200340,4745,2044915,6616800
4138,211,253,200129,4703,2045168,6458800
4139,224,224,199905,4703,2045392,6500200
4140,229,257,199676,4675,2045649,6489100
4141,229,224,199447,4680,2045873,6732700
4142,230,238,199217,4672,2046111,6526100
4143,223,218,198994,4677,2046329,6530000
4144,246,236,198748,4687,2046565,6821500
4145,255,220,198493,4722,2046785,7067300
4146,237,257,198256,4702,2047042,6812400
4147,257,235,197999,4724,2047277,6505000
4148,234,243,197765,4715,2047520,6762000
4149,209,217,197556,4707,2047737,6595400
4150,234,238,197322,4703,2047975,6498700
4151,233,232,197089,4704,2048207,6884400
4152,221,257,196868,4668,2048464,6584400
4153,214,235,196654,4647,2048699,6767600
4154,239,229,196415,4657,2048928,6504100
4155,225,235,196190,4647,2049163,7063100
4156,230,225,195960,4652,2049388,6731200
4157,247,240,195713,4659,2049628,6658000
4158,233,251,195480,4641,2049879,7091400
4159,233,260,195247,4614,2050139,6704800
4160,231,254,195016,4591,2050393,6829200
4161,239,232,194777,4598,2050625,6641100
4162,208,226,194569,4580,2050851,6495000
4163,228,235,194341,4573,2051086,6544900
4164,232,248,194109,4557,2051334,6437800
4165,229,214,193880,4572,2051548,6662600
4166,247,233,193633,4586,2051781,6602800
4167,235,231,193398,4590,2052012,6900700
4168,222,228,193176,4584,2052240,6494400
4169,242,220,192934,4606,2052460,6516800
4170,217,224,192717,4599,2052684,6891000
4171,233,222,192484,4610,2052906,6700600
4172,229,218,192255,4621,2053124,6770100
4173,238,251,192017,4608,2053375,6472300
4174,238,237,191779,4609,2053612,7063000
4175,231,230,191548,4610,2053842,6544600
4176,215,206,191333,4619,2054048,7102900
4177,223,238,191110,4604,2054286,6803100
4178,242,240,190868,4606,2054526,6841400
4179,223,222,190645,4607,2054748,6709800
4180,251,222,190394,4636,2054970,6437700
4181,212,215,190182,4633,2055185,6521700
4182,242,252,189940,4623,2055437,6543500
4183,230,228,189710,4625,2055665,6785700
4184,211,242,189499,4594,2055907,6420700
4185,227,218,189272,4603,2056125,6767400
4186,234,225,189038,4612,2056350,6892700
4187,248,220,188790,4640,2056570,6716000
4188,218,240,188572,4618,2056810,6659500
4189,250,252,188322,4616,2057062,6436100
4190,234,256,188088,4594,2057318,7028800
4191,212,219,187876,4587,2057537,6598000
4192,220,236,187656,4571,2057773,6589500
4193,238,203,187418,4606,2057976,6711200
4194,256,234,187162,4628,2058210,6520600
4195,226,238,186936,4616,2058448,6852500
4196,232,254,186704,4594,2058702,6558700
4197,212,214,186492,4592,2058916,6538900
4198,243,262,186249,4573,2059178,6452900
4199,228,211,186021,4590,2059389,6710800
4200,231,240,185790,4581,2059629,6540800
4201,216,222,185574,4575,2059851,6454100
4202,205,241,185369,4539,2060092,6838200
4203,236,211,185133,4564,2060303,6467100
4204,251,233,184882,4582,2060536,6739600
4205,236,234,184646,4584,2060770,6602600
4206,205,201,184441,4588,2060971,6516700
4207,236,212,184205,4612,2061183,6587400
4208,233,261,183972,4584,2061444,6454300
4209,239,250,183733,4573,2061694,6716200
4210,207,251,183526,4529,2061945,6606100
4211,239,233,183287,4535,2062178,6786700
4212,228,210,183059,4553,2062388,6901900
4213,235,224,182824,4564,2062612,6672800
4214,201,243,182623,4522,2062855,6863100
4215,240,228,182383,4534,2063083,7535800
4216,255,233,182128,4556,2063316,7248200
4217,246,207,181882,4595,2063523,6765800
4218,248,215,181634,4628,2063738,6910900
4219,247,216,181387,4659,2063954,6692500
4220,228,214,181159,4673,2064168,6720900
4221,234,238,180925,4669,2064406,6539400
4222,234,234,180691,4669,2064640,6573100
4223,249,234,180442,4684,2064874,6838800
4224,243,227,180199,4700,2065101,6596100
4225,239,217,179960,4722,2065318,6833500
4226,245,223,179715,4744,2065541,6672400
4227,213,237,179502,4720,2065778,6653400
4228,222,233,179280,4709,2066011,6619100
4229,209,225,179071,4693,2066236,6537700
4230,209,239,178862,4663,2066475,6601900
4231,226,254,178636,4635,2066729,6694800
4232,211,229,178425,4617,2066958,6695300
4233,233,220,178192,4630,2067178,6853500
4234,227,258,177965,4599,2067436,7386700
4235,239,255,177726,4583,2067691,6816700
4236,223,237,177503,4569,2067928,7233900
4237,245,201,177258,4613,2068129,6585600
4238,223,237,177035,4599,2068366,6534700
4239,216,237,176819,4578,2068603,6877500
4240,226,250,176593,4554,2068853,6742500
4241,220,236,176373,4538,2069089,7065900
4242,230,210,176143,4558,2069299,6477000
4243,221,213,175922,4566,2069512,6622500
4244,229,237,175693,4558,2069749,6960100
4245,208,241,175485,4525,2069990,7092700
4246,198,207,175287,4516,2070197,6604000
4247,248,201,175039,4563,2070398,6503600
4248,233,255,174806,4541,2070653,6466200
4249,219,196,174587,4564,2070849,6697600
4250,223,243,174364,4544,2071092,6486500
4251,227,215,174137,4556,2071307,6531300
4252,216,239,173921,4533,2071546,6536100
4253,231,218,173690,4546,2071764,6831500
4254,234,253,173456,4527,2072017,6567700
4255,204,233,173252,4498,2072250,6628000
4256,222,234,173030,4486,2072484,6504200
4257,245,229,172785,4502,2072713,6824900
4258,245,211,172540,4536,2072924,6589700
4259,212,225,172328,4523,2073149,6645900
4260,208,218,172120,4513,2073367,6684700
4261,226,218,171894,4521,2073585,6544600
4262,228,239,171666,4510,2073824,6664200
4263,235,265,171431,4480,2074089,6609900
4264,197,239,171234,4438,2074328,7465300
4265,207,223,171027,4422,2074551,8636600
4266,205,229,170822,4398,2074780,7994900
4267,205,219,170617,4384,2074999,6793200
4268,234,214,170383,4404,2075213,6866200
4269,200,215,170183,4389,2075428,6645000
4270,225,220,169958,4394,2075648,6580100
4271,215,218,169743,4391,2075866,6479000
4272,221,219,169522,4393,2076085,6425400
4273,220,192,169302,4421,2076277,6890500
4274,204,216,169098,4409,2076493,6634300
4275,196,245,168902,4360,2076738,6590100
4276,246,204,168656,4402,2076942,6851700
4277,214,230,168442,4386,2077172,6539100
4278,211,221,168231,4376,2077393,6773600
4279,224,211,168007,4389,2077604,6569800
4280,218,225,167789,4382,2077829,6833800
4281,228,222,167561,4388,2078051,6619800
4282,222,206,167339,4404,2078257,6526500
4283,202,238,167137,4368,2078495,6609900
4284,242,252,166895,4358,2078747,6621300
4285,231,222,166664,4367,2078969,6726400
4286,226,212,166438,4381,2079181,6783600
4287,221,212,166217,4390,2079393,6880700
4288,224,249,165993,4365,2079642,6707900
4289,229,206,165764,4388,2079848,6766600
4290,205,210,165559,4383,2080058,7147100
4291,216,196,165343,4403,2080254,6610800
4292,227,179,165116,4451,2080433,6992100
4293,215,212,164901,4454,2080645,6703500
4294,222,227,164679,4449,2080872,7093700
4295,262,212,164417,4499,2081084,6634100
4296,214,229,164203,4484,2081313,6794100
4297,215,216,163988,4483,2081529,6694100
4298,219,217,163769,4485,2081746,6639500
4299,223,222,163546,4486,2081968,7454300
4300,223,237,163323,4472,2082205,7242500
4301,236,230,163087,4478,2082435,7098900
4302,270,220,162817,4528,2082655,6711300
4303,218,219,162599,4527,2082874,7293000
4304,239,220,162360,4546,2083094,6798500
4305,219,230,162141,4535,2083324,6778900
4306,223,233,161918,4525,2083557,7261500
4307,226,241,161692,4510,2083798,7068800
4308,212,210,161480,4512,2084008,7126000
4309,225,234,161255,4503,2084242,6670400
4310,229,222,161026,4510,2084464,7053900
4311,203,241,160823,4472,2084705,7095900
4312,211,215,160612,4468,2084920,7463000
4313,201,244,160411,4425,2085164,6910200
4314,217,224,160194,4418,2085388,6729100
4315,181,194,160013,4405,2085582,6831200
4316,237,210,159776,4432,2085792,6426600
4317,233,217,159543,4448,2086009,6494800
4318,232,219,159311,4461,2086228,6886700
4319,203,224,159108,4440,2086452,6691200
4320,238,215,158870,4463,2086667,6570700
4321,252,218,158618,4497,2086885,6606500
4322,208,205,158410,4500,2087090,6631100
4323,194,222,158216,4472,2087312,6576500
4324,210,233,158006,4449,2087545,6903900
4325,185,227,157821,4407,2087772,6496300
4326,179,211,157642,4375,2087983,6702400
4327,193,196,157449,4372,2088179,6436300
4328,201,199,157248,4374,2088378,6613000
4329,179,231,157069,4322,2088609,7120000
4330,214,215,156855,4321,2088824,6470000
4331,205,210,156650,4316,2089034,6527800
4332,196,232,156454,4280,2089266,6460800
4333,206,204,156248,4282,2089470,7332600
4334,221,195,156027,4308,2089665,7134700
4335,214,210,155813,4312,2089875,6591500
4336,202,214,155611,4300,2090089,6436600
4337,229,210,155382,4319,2090299,6436900
4338,226,205,155156,4340,2090504,6452700
4339,217,212,154939,4345,2090716,6396500
4340,218,225,154721,4338,2090941,6478800
4341,246,202,154475,4382,2091143,6402500
4342,210,230,154265,4362,2091373,6553900
4343,218,213,154047,4367,2091586,6626400
4344,209,203,153838,4373,2091789,6439800
4345,210,233,153628,4350,2092022,6465100
4346,209,254,153419,4305,2092276,6437000
4347,218,207,153201,4316,2092483,6506800
4348,188,191,153013,4313,2092674,6606400
4349,179,222,152834,4270,2092896,7273300
4350,190,220,152644,4240,2093116,6470600
4351,198,234,152446,4204,2093350,6446900
4352,191,200,152255,4195,2093550,6471300
4353,197,199,152058,4193,2093749,6537800
4354,191,232,151867,4152,2093981,6728800
4355,178,190,151689,4140,2094171,6376200
4356,228,218,151461,4150,2094389,6693400
4357,224,213,151237,4161,2094602,6590200
4358,222,190,151015,4193,2094792,6452000
4359,220,210,150795,4203,2095002,6894100
4360,206,212,150589,4197,2095214,6560400
4361,204,213,150385,4188,2095427,6682200
4362,193,231,150192,4150,2095658,6705500
4363,203,202,149989,4151,2095860,6915500
4364,227,185,149762,4193,2096045,7014500
4365,205,202,149557,4196,2096247,6469000
4366,217,191,149340,4222,2096438,7061200
4367,210,221,149130,4211,2096659,6441200
4368,226,232,148904,4205,2096891,6769600
4369,216,216,148688,4205,2097107,6424300
4370,203,207,148485,4201,2097314,6482600
4371,219,199,148266,4221,2097513,6428700
4372,226,198,148040,4249,2097711,6455500
4373,242,221,147798,4270,2097932,7057800
4374,225,244,147573,4251,2098176,6442200
4375,195,226,147378,4220,2098402,6414900
4376,227,188,147151,4259,2098590,6385300
4377,219,229,146932,4249,2098819,6870000
4378,229,228,146703,4250,2099047,6596100
4379,214,197,146489,4267,2099244,6437800
4380,198,208,146291,4257,2099452,7054400
4381,205,204,146086,4258,2099656,6454500
4382,203,210,145883,4251,2099866,6536900
4383,205,206,145678,4250,2100072,6882100
4384,217,210,145461,4257,2100282,7140500
4385,187,216,145274,4228,2100498,7876500
4386,202,226,145072,4204,2100724,8061000
4387,226,228,144846,4202,2100952,6677400
4388,198,204,144648,4196,2101156,6526400
4389,207,221,144441,4182,2101377,6472600
4390,197,200,144244,4179,2101577,6630500
4391,205,196,144039,4188,2101773,6468200
4392,240,194,143799,4234,2101967,6618000
4393,187,219,143612,4202,2102186,7322900
4394,224,202,143388,4224,2102388,6730700
4395,215,210,143173,4229,2102598,6454000
4396,209,219,142964,4219,2102817,6681300
4397,194,209,142770,4204,2103026,6466700
4398,230,213,142540,4221,2103239,7132600
4399,209,201,142331,4229,2103440,6560800
4400,219,211,142112,4237,2103651,6666300
4401,208,207,141904,4238,2103858,6462100
4402,190,197,141714,4231,2104055,6739600
4403,206,206,141508,4231,2104261,6503800
4404,202,215,141306,4218,2104476,6415800
4405,238,207,141068,4249,2104683,6757000
4406,190,211,140878,4228,2104894,6515900
4407,203,198,140675,4233,2105092,6748800
4408,201,211,140474,4223,2105303,6541300
4409,217,225,140257,4215,2105528,6472300
4410,196,226,140061,4185,2105754,6500500
4411,215,222,139846,4178,2105976,6400400
4412,207,228,139639,4157,2106204,6615400
4413,185,191,139454,4151,2106395,6459100
4414,218,199,139236,4170,2106594,6458000
4415,204,221,139032,4153,2106815,6903500
4416,199,210,138833,4142,2107025,6700900
4417,194,202,138639,4134,2107227,6850100
4418,190,206,138449,4118,2107433,6692700
4419,202,206,138247,4114,2107639,6561000
4420,218,184,138029,4148,2107823,6568900
4421,218,228,137811,4138,2108051,6568900
4422,190,196,137621,4132,2108247,6776500
4423,228,191,137393,4169,2108438,6475200
4424,229,194,137164,4204,2108632,6742500
4425,207,235,136957,4176,2108867,6468100
4426,209,233,136748,4152,2109100,7170300
4427,196,186,136552,4162,2109286,6440200
4428,197,183,136355,4176,2109469,6409000
4429,209,173,136146,4212,2109642,6735900
4430,217,184,135929,4245,2109826,6389500
4431,209,208,135720,4246,2110034,6882800
4432,217,186,135503,4277,2110220,6508400
4433,209,217,135294,4269,2110437,6503200
4434,217,211,135077,4275,2110648,6387300
4435,211,214,134866,4272,2110862,6339400
4436,225,208,134641,4289,2111070,6975900
4437,208,193,134433,4304,2111263,6513600
4438,206,212,134227,4298,2111475,6773500
4439,215,200,134012,4313,2111675,6714000
4440,214,210,133798,4317,2111885,6763100
4441,211,200,133587,4328,2112085,6709900
4442,193,214,133394,4307,2112299,6801900
4443,211,186,133183,4332,2112485,6947500
4444,203,228,132980,4307,2112713,6958700
4445,203,235,132777,4275,2112948,7032500
4446,215,196,132562,4294,2113144,7035100
4447,208,227,132354,4275,2113371,7509300
4448,205,201,132149,4279,2113572,7388600
4449,192,218,131957,4253,2113790,8210300
4450,199,225,131758,4227,2114015,7211900
4451,204,197,131554,4234,2114212,6799800
4452,191,222,131363,4203,2114434,6663000
4453,203,209,131160,4197,2114643,6753400
4454,204,256,130956,4145,2114899,6785500
4455,187,222,130769,4110,2115121,6718900
4456,209,226,130560,4093,2115347,6888100
4457,176,196,130384,4073,2115543,6719300
4458,194,210,130190,4057,2115753,6898800
4459,189,216,130001,4030,2115969,6623400
4460,195,193,129806,4032,2116162,6678700
4461,198,188,129608,4042,2116350,6790000
4462,187,184,129421,4045,2116534,6604800
4463,194,233,129227,4006,2116767,7010200
4464,204,171,129023,4039,2116938,6541100
4465,206,209,128817,4036,2117147,6648100
4466,186,200,128631,4022,2117347,6523400
4467,195,195,128436,4022,2117542,6682000
4468,189,217,128247,3994,2117759,7117700
4469,204,175,128043,4023,2117934,6776500
4470,176,167,127867,4032,2118101,6753600
4471,204,201,127663,4035,2118302,6708400
4472,210,182,127453,4063,2118484,7101300
4473,180,218,127273,4025,2118702,6611800
4474,187,222,127086,3990,2118924,6625100
4475,183,199,126903,3974,2119123,6609600
4476,185,177,126718,3982,2119300,6551300
4477,191,205,126527,3968,2119505,6641200
4478,195,188,126332,3975,2119693,6592400
4479,190,193,126142,3972,2119886,6674100
4480,214,189,125928,3997,2120075,6611400
4481,197,203,125731,3991,2120278,6720500
4482,188,190,125543,3989,2120468,7285300
4483,199,203,125344,3985,2120671,7657200
4484,188,197,125156,3976,2120868,6845500
4485,210,198,124946,3988,2121066,6570300
4486,198,188,124748,3998,2121254,6645200
4487,224,197,124524,4025,2121451,6653800
4488,188,188,124336,4025,2121639,6549800
4489,186,206,124150,4005,2121845,6589200
4490,186,174,123964,4017,2122019,6533200
4491,199,182,123765,4034,2122201,6692200
4492,187,180,123578,4041,2122381,6605000
4493,205,197,123373,4049,2122578,6567900
4494,194,193,123179,4050,2122771,6584900
4495,209,205,122970,4054,2122976,6505700
4496,199,218,122771,4035,2123194,6369200
4497,185,187,122586,4033,2123381,6484500
4498,211,174,122375,4070,2123555,6866900
4499,185,214,122190,4041,2123769,6391000
4500,187,220,122003,4008,2123989,6457000
4501,189,201,121814,3996,2124190,6574800
4502,205,217,121609,3984,2124407,6549100
4503,182,204,121427,3962,2124611,6497400
4504,170,178,121257,3954,2124789,6448900
4505,197,197,121060,3954,2124986,6506400
4506,181,193,120879,3942,2125179,6424000
4507,175,179,120704,3938,2125358,6890400
4508,225,194,120479,3969,2125552,6865400
4509,183,187,120296,3965,2125739,6593000
4510,178,200,120118,3943,2125939,7323700
4511,199,189,119919,3953,2126128,7171000
4512,207,185,119712,3975,2126313,7213000
4513,176,183,119536,3968,2126496,6541100
4514,196,217,119340,3947,2126713,6998200
4515,198,203,119142,3942,2126916,6564500
4516,164,199,118978,3907,2127115,6843700
4517,193,176,118785,3924,2127291,6786300
4518,190,196,118595,3918,2127487,6657800
4519,191,194,118404,3915,2127681,6594300
4520,203,205,118201,3913,2127886,6489300
4521,203,191,117998,3925,2128077,6851100
4522,192,205,117806,3912,2128282,6739400
4523,182,197,117624,3897,2128479,6564700
4524,196,207,117428,3886,2128686,6527400
4525,205,180,117223,3911,2128866,6584700
4526,204,210,117019,3905,2129076,6564300
4527,181,218,116838,3868,2129294,6562700
4528,184,182,116654,3870,2129476,6727600
4529,199,207,116455,3862,2129683,6666700
4530,194,184,116261,3872,2129867,7878500
4531,186,202,116075,3856,2130069,6965700
4532,206,211,115869,3851,2130280,6726700
4533,177,175,115692,3853,2130455,6616800
4534,203,176,115489,3880,2130631,6624900
4535,197,215,115292,3862,2130846,8060800
4536,198,194,115094,3866,2131040,7107900
4537,196,190,114898,3872,2131230,6602300
4538,201,215,114697,3858,2131445,6490000
4539,209,176,114488,3891,2131621,6995800
4540,243,167,114245,3967,2131788,6511800
4541,204,203,114041,3968,2131991,6749700
4542,203,203,113838,3968,2132194,6746200
4543,204,211,113634,3961,2132405,6464800
4544,216,196,113418,3981,2132601,6964800
4545,212,183,113206,4010,2132784,6443900
4546,199,188,113007,4021,2132972,6733900
4547,209,215,112798,4015,2133187,6383000
4548,190,197,112608,4008,2133384,6392400
4549,181,203,112427,3986,2133587,6346800
4550,200,201,112227,3985,2133788,6588200
4551,197,232,112030,3950,2134020,6839000
4552,194,204,111836,3940,2134224,6518000
4553,200,211,111636,3929,2134435,6484600
4554,200,205,111436,3924,2134640,6466000
4555,217,173,111219,3968,2134813,6504600
4556,185,206,111034,3947,2135019,6650200
4557,197,210,110837,3934,2135229,6421000
4558,196,211,110641,3919,2135440,6836600
4559,215,212,110426,3922,2135652,6372700
4560,197,192,110229,3927,2135844,6428600
4561,198,178,110031,3947,2136022,6532400
4562,204,202,109827,3949,2136224,6352900
4563,207,199,109620,3957,2136423,6604000
4564,192,195,109428,3954,2136618,6411900
4565,176,197,109252,3933,2136815,6757700
4566,188,200,109064,3921,2137015,6676700
4567,201,198,108863,3924,2137213,6961100
4568,175,171,108688,3928,2137384,6827000
4569,178,196,108510,3910,2137580,6394400
4570,192,203,108318,3899,2137783,6981100
4571,212,172,108106,3939,2137955,6521400
4572,195,204,107911,3930,2138159,6916600
4573,210,174,107701,3966,2138333,6457400
4574,195,201,107506,3960,2138534,6731200
4575,186,195,107320,3951,2138729,6480400
4576,192,197,107128,3946,2138926,6397800
4577,190,188,106938,3948,2139114,6481300
4578,185,174,106753,3959,2139288,6379300
4579,170,210,106583,3919,2139498,6792200
4580,199,192,106384,3926,2139690,6487700
4581,179,199,106205,3906,2139889,6608200
4582,195,207,106010,3894,2140096,6807800
4583,199,194,105811,3899,2140290,6481100
4584,178,202,105633,3875,2140492,6806800
4585,206,195,105427,3886,2140687,6520100
4586,212,205,105215,3893,2140892,6652900
4587,186,169,105029,3910,2141061,6468800
4588,187,195,104842,3902,2141256,6444100
4589,193,211,104649,3884,2141467,6519900
4590,183,194,104466,3873,2141661,6420300
4591,191,199,104275,3865,2141860,6590400
4592,201,198,104074,3868,2142058,6468000
4593,187,199,103887,3856,2142257,6399800
4594,171,175,103716,3852,2142432,6448500
4595,172,215,103544,3809,2142647,6404400
4596,197,198,103347,3808,2142845,6516300
4597,175,196,103172,3787,2143041,6497900
4598,188,185,102984,3790,2143226,7003900
4599,158,187,102826,3761,2143413,6470500
4600,187,188,102639,3760,2143601,6454500
4601,199,200,102440,3759,2143801,6694600
4602,190,175,102250,3774,2143976,6593400
4603,174,193,102076,3755,2144169,6818400
4604,180,205,101896,3730,2144374,6406500
4605,206,187,101690,3749,2144561,6557500
4606,158,187,101532,3720,2144748,6439100
4607,192,192,101340,3720,2144940,6398900
4608,188,176,101152,3732,2145116,6456500
4609,167,202,100985,3697,2145318,6376400
4610,178,190,100807,3685,2145508,6422200
4611,192,196,100615,3681,2145704,6451700
4612,151,210,100464,3622,2145914,6505000
4613,171,186,100293,3607,2146100,6609000
4614,193,173,100100,3627,2146273,6385300
4615,188,181,99912,3634,2146454,6506100
4616,190,213,99722,3611,2146667,6434100
4617,179,187,99543,3603,2146854,6297800
4618,198,185,99345,3616,2147039,6841900
4619,197,165,99148,3648,2147204,6595300
4620,176,179,98972,3645,2147383,6457900
4621,183,181,98789,3647,2147564,6402000
4622,182,195,98607,3634,2147759,6984600
4623,185,175,98422,3644,2147934,6695100
4624,200,170,98222,3674,2148104,6851600
4625,184,181,98038,3677,2148285,6652000
4626,199,180,97839,3696,2148465,6456900
4627,203,194,97636,3705,2148659,6637500
4628,191,200,97445,3696,2148859,6345800
4629,188,206,97257,3678,2149065,6381100
4630,164,184,97093,3658,2149249,6349500
4631,204,186,96889,3676,2149435,6414300
4632,195,190,96694,3681,2149625,6703800
4633,186,161,96508,3706,2149786,6494000
4634,171,215,96337,3662,2150001,7312400
4635,193,187,96144,3668,2150188,6424600
4636,202,193,95942,3677,2150381,6381500
4637,190,180,95752,3687,2150561,6347700
4638,166,174,95586,3679,2150735,6342000
4639,166,192,95420,3653,2150927,6741500
4640,168,165,95252,3656,2151092,6433400
4641,216,184,95036,3688,2151276,6718500
4642,187,178,94849,3697,2151454,6517900
4643,176,170,94673,3703,2151624,6507800
4644,184,157,94489,3730,2151781,6439200
4645,197,172,94292,3755,2151953,6532500
4646,189,191,94103,3753,2152144,6601900
4647,189,173,93914,3769,2152317,6621100
4648,199,179,93715,3789,2152496,6868500
4649,207,191,93508,3805,2152687,7082300
4650,204,186,93304,3823,2152873,7013900
4651,202,184,93102,3841,2153057,6666100
4652,197,193,92905,3845,2153250,6728400
4653,187,194,92718,3838,2153444,6792400
4654,193,191,92525,3840,2153635,6646500
4655,209,187,92316,3862,2153822,6664700
4656,211,177,92105,3896,2153999,6597600
4657,212,189,91893,3919,2154188,6645200
4658,197,183,91696,3933,2154371,6642800
4659,202,220,91494,3915,2154591,6697800
4660,162,185,91332,3892,2154776,7856000
4661,177,216,91155,3853,2154992,7914500
4662,180,199,90975,3834,2155191,8150800
4663,182,183,90793,3833,2155374,7033200
4664,178,195,90615,3816,2155569,7646400
4665,160,210,90455,3766,2155779,6837200
4666,171,205,90284,3732,2155984,6920300
4667,200,188,90084,3744,2156172,6817200
4668,181,184,89903,3741,2156356,6921900
4669,201,207,89702,3735,2156563,6655900
4670,164,193,89538,3706,2156756,6957100
4671,165,171,89373,3700,2156927,7241800
4672,164,213,89209,3651,2157140,7233900
4673,173,196,89036,3628,2157336,7206300
4674,195,188,88841,3635,2157524,7107600
4675,161,178,88680,3618,2157702,7045500
4676,144,206,88536,3556,2157908,6937000
4677,161,166,88375,3551,2158074,7306700
4678,155,179,88220,3527,2158253,6977800
4679,151,174,88069,3504,2158427,7189500
4680,150,146,87919,3508,2158573,6900000
4681,155,171,87764,3492,2158744,7707600
4682,171,181,87593,3482,2158925,6637500
4683,174,177,87419,3479,2159102,6563200
4684,170,164,87249,3485,2159266,6638200
4685,200,173,87049,3512,2159439,6640100
4686,160,166,86889,3506,2159605,6627900
4687,191,158,86698,3539,2159763,6432700
4688,193,172,86505,3560,2159935,6748600
4689,191,168,86314,3583,2160103,6484700
4690,166,175,86148,3574,2160278,6445300
4691,158,208,85990,3524,2160486,6818600
4692,151,188,85839,3487,2160674,6521300
4693,146,188,85693,3445,2160862,6802100
4694,155,164,85538,3436,2161026,6397100
4695,167,184,85371,3419,2161210,6607800
4696,180,176,85191,3423,2161386,6697100
4697,165,172,85026,3416,2161558,6311700
4698,141,193,84885,3364,2161751,6337800
4699,135,154,84750,3345,2161905,6341200
4700,154,155,84596,3344,2162060,6510800
4701,159,180,84437,3323,2162240,6354900
4702,161,165,84276,3319,2162405,6334500
4703,150,157,84126,3312,2162562,6354600
4704,149,174,83977,3287,2162736,6299700
4705,143,173,83834,3257,2162909,6634400
4706,152,159,83682,3250,2163068,6327300
4707,157,161,83525,3246,2163229,6448400
4708,161,161,83364,3246,2163390,6350200
4709,145,122,83219,3269,2163512,6265200
4710,153,164,83066,3258,2163676,6542400
4711,155,162,82911,3251,2163838,6506600
4712,164,152,82747,3263,2163990,6500400
4713,154,177,82593,3240,2164167,6393800
4714,153,142,82440,3251,2164309,6403800
4715,168,169,82272,3250,2164478,6532300
4716,155,153,82117,3252,2164631,6418700
4717,161,166,81956,3247,2164797,6513900
4718,164,147,81792,3264,2164944,6596400
4719,170,164,81622,3270,2165108,6800200
4720,143,171,81479,3242,2165279,8394700
4721,153,171,81326,3224,2165450,6793800
4722,148,160,81178,3212,2165610,6581700
4723,154,176,81024,3190,2165786,6474600
4724,149,163,80875,3176,2165949,6496600
4725,157,176,80718,3157,2166125,6457700
4726,144,161,80574,3140,2166286,6581000
4727,155,185,80419,3110,2166471,6518700
4728,143,147,80276,3106,2166618,6400400
4729,164,160,80112,3110,2166778,6392700
4730,153,155,79959,3108,2166933,6396500
4731,164,162,79795,3110,2167095,6566600
4732,152,175,79643,3087,2167270,6417800
4733,155,177,79488,3065,2167447,6407400
4734,139,160,79349,3044,2167607,6535200
4735,141,150,79208,3035,2167757,6774200
4736,149,179,79059,3005,2167936,6996500
4737,149,158,78910,2996,2168094,6604200
4738,176,129,78734,3043,2168223,6759600
4739,166,178,78568,3031,2168401,6478700
4740,147,144,78421,3034,2168545,6433800
4741,140,130,78281,3044,2168675,6706200
4742,138,145,78143,3037,2168820,6366100
4743,159,163,77984,3033,2168983,6653600
4744,152,165,77832,3020,2169148,6620300
4745,138,138,77694,3020,2169286,6643300
4746,128,150,77566,2998,2169436,6860800
4747,151,160,77415,2989,2169596,6673300
4748,116,131,77299,2974,2169727,6649300
4749,169,150,77130,2993,2169877,6346800
4750,142,150,76988,2985,2170027,6471100
4751,151,142,76837,2994,2170169,6522200
4752,133,159,76704,2968,2170328,6508500
4753,152,176,76552,2944,2170504,6532600
4754,158,147,76394,2955,2170651,6669800
4755,159,152,76235,2962,2170803,7161900
4756,133,151,76102,2944,2170954,6908400
4757,141,165,75961,2920,2171119,6789700
4758,141,143,75820,2918,2171262,6640600
4759,167,131,75653,2954,2171393,6497400
4760,150,146,75503,2958,2171539,6563600
4761,143,180,75360,2921,2171719,6513300
4762,141,148,75219,2914,2171867,6687700
4763,156,149,75063,2921,2172016,6366100
4764,127,147,74936,2901,2172163,6837000
4765,140,143,74796,2898,2172306,6684000
4766,131,111,74665,2918,2172417,6438100
4767,130,154,74535,2894,2172571,7024800
4768,139,130,74396,2903,2172701,6814500
4769,127,135,74269,2895,2172836,6810300
4770,149,132,74120,2912,2172968,6463000
4771,139,144,73981,2907,2173112,6667500
4772,123,147,73858,2883,2173259,6723900
4773,131,166,73727,2848,2173425,6457600
4774,147,142,73580,2853,2173567,6593500
4775,122,143,73458,2832,2173710,6427700
4776,144,133,73314,2843,2173843,6493100
4777,111,126,73203,2828,2173969,6705300
4778,131,145,73072,2814,2174114,6741000
4779,134,150,72938,2798,2174264,6699600
4780,117,151,72821,2764,2174415,6582800
4781,138,149,72683,2753,2174564,6622500
4782,117,117,72566,2753,2174681,6486600
4783,136,152,72430,2737,2174833,6523600
4784,138,139,72292,2736,2174972,6491600
4785,130,154,72162,2712,2175126,6570900
4786,113,116,72049,2709,2175242,6450200
4787,111,139,71938,2681,2175381,6440300
4788,131,122,71807,2690,2175503,6466200
4789,124,138,71683,2676,2175641,6386800
4790,128,127,71555,2677,2175768,6319900
4791,132,137,71423,2672,2175905,6392100
4792,137,108,71286,2701,2176013,6311900
4793,112,121,71174,2692,2176134,6460900
4794,126,142,71048,2676,2176276,6240700
4795,120,141,70928,2655,2176417,6197700
4796,141,142,70787,2654,2176559,6287000
4797,127,136,70660,2645,2176695,6306200
4798,122,128,70538,2639,2176823,6339300
4799,116,127,70422,2628,2176950,6344900
4800,134,141,70288,2621,2177091,6335300
4801,127,115,70161,2633,2177206,6621300
4802,141,147,70020,2627,2177353,6508500
4803,141,146,69879,2622,2177499,6426600
4804,144,129,69735,2637,2177628,6326700
4805,145,150,69590,2632,2177778,6364300
4806,144,131,69446,2645,2177909,6397800
4807,143,140,69303,2648,2178049,6386400
4808,140,128,69163,2660,2178177,6675200
4809,135,150,69028,2645,2178327,6387200
4810,124,125,68904,2644,2178452,6453800
4811,137,124,68767,2657,2178576,6630900
4812,130,110,68637,2677,2178686,6541500
4813,141,143,68496,2675,2178829,6867800
4814,131,157,68365,2649,2178986,6631200
4815,119,120,68246,2648,2179106,7213900
4816,142,135,68104,2655,2179241,6866000
4817,118,115,67986,2658,2179356,7132800
4818,112,116,67874,2654,2179472,6646100
4819,119,139,67755,2634,2179611,6681400
4820,124,124,67631,2634,2179735,6405900
4821,144,126,67487,2652,2179861,6349000
4822,112,127,67375,2637,2179988,6582700
4823,135,129,67240,2643,2180117,6323600
4824,121,122,67119,2642,2180239,6374700
4825,126,126,66993,2642,2180365,6348200
4826,130,129,66863,2643,2180494,6334100
4827,101,153,66762,2591,2180647,6457900
4828,116,112,66646,2595,2180759,6540000
4829,119,123,66527,2591,2180882,6489500
4830,99,133,66428,2557,2181015,6494100
4831,103,123,66325,2537,2181138,6652400
4832,95,124,66230,2508,2181262,6919200
4833,110,121,66120,2497,2181383,6648200
4834,113,115,66007,2495,2181498,6741700
4835,117,135,65890,2477,2181633,6605800
4836,115,125,65775,2467,2181758,6776800
4837,115,133,65660,2449,2181891,6580900
4838,113,136,65547,2426,2182027,6463100
4839,102,118,65445,2410,2182145,6641500
4840,101,123,65344,2388,2182268,6458400
4841,123,129,65221,2382,2182397,6668300
4842,128,109,65093,2401,2182506,6627100
4843,120,108,64973,2413,2182614,6592700
4844,117,127,64856,2403,2182741,6466900
4845,118,110,64738,2411,2182851,6503100
4846,97,126,64641,2382,2182977,6690500
4847,107,116,64534,2373,2183093,6489300
4848,139,116,64395,2396,2183209,6706000
4849,123,120,64272,2399,2183329,6567300
4850,96,113,64176,2382,2183442,6931500
4851,127,109,64049,2400,2183551,6997000
4852,119,121,63930,2398,2183672,6690900
4853,138,127,63792,2409,2183799,6838800
4854,112,113,63680,2408,2183912,6573600
4855,125,106,63555,2427,2184018,6509000
4856,109,115,63446,2421,2184133,6429000
4857,105,111,63341,2415,2184244,6728900
4858,119,116,63222,2418,2184360,6721200
4859,112,98,63110,2432,2184458,6433100
4860,131,118,62979,2445,2184576,6329900
4861,113,115,62866,2443,2184691,6241200
4862,131,117,62735,2457,2184808,7197500
4863,111,118,62624,2450,2184926,6592700
4864,134,114,62490,2470,2185040,6929300
4865,106,138,62384,2438,2185178,6268900
4866,116,104,62268,2450,2185282,6261900
4867,110,135,62158,2425,2185417,6284200
4868,129,128,62029,2426,2185545,6541600
4869,105,118,61924,2413,2185663,6427900
4870,126,129,61798,2410,2185792,6467200
4871,140,110,61658,2440,2185902,6567000
4872,105,149,61553,2396,2186051,6641000
4873,122,111,61431,2407,2186162,6512200
4874,129,104,61302,2432,2186266,6645700
4875,99,129,61203,2402,2186395,6140600
4876,110,105,61093,2407,2186500,6162300
4877,105,124,60988,2388,2186624,6140600
4878,107,119,60881,2376,2186743,6484300
4879,107,125,60774,2358,2186868,6673700
4880,100,110,60674,2348,2186978,6273200
4881,105,123,60569,2330,2187101,6605800
4882,112,104,60457,2338,2187205,6230900
4883,133,135,60324,2336,2187340,6369800
4884,106,113,60218,2329,2187453,6169500
4885,119,102,60099,2346,2187555,6167200
4886,110,119,59989,2337,2187674,6244300
4887,117,112,59872,2342,2187786,6177200
4888,109,109,59763,2342,2187895,6295400
4889,107,115,59656,2334,2188010,6230700
4890,88,109,59568,2313,2188119,6116400
4891,117,115,59451,2315,2188234,6396300
4892,123,114,59328,2324,2188348,6281600
4893,103,138,59225,2289,2188486,6516800
4894,99,122,59126,2266,2188608,6413200
4895,96,103,59030,2259,2188711,6214300
4896,94,124,58936,2229,2188835,6712600
4897,95,115,58841,2209,2188950,6441000
4898,89,101,58752,2197,2189051,6833200
4899,84,106,58668,2175,2189157,6414500
4900,116,97,58552,2194,2189254,6344000
4901,96,118,58456,2172,2189372,6357900
4902,97,121,58359,2148,2189493,6272400
4903,84,107,58275,2125,2189600,6631700
4904,104,105,58171,2124,2189705,6331600
4905,97,82,58074,2139,2189787,6275800
4906,110,110,57964,2139,2189897,6260100
4907,100,119,57864,2120,2190016,6148100
4908,90,102,57774,2108,2190118,6530700
4909,100,85,57674,2123,2190203,6224400
4910,96,97,57578,2122,2190300,6330600
4911,91,95,57487,2118,2190395,6473600
4912,92,86,57395,2124,2190481,6098600
4913,103,110,57292,2117,2190591,6220600
4914,98,96,57194,2119,2190687,6316100
4915,99,115,57095,2103,2190802,6243300
4916,96,114,56999,2085,2190916,6662000
4917,115,100,56884,2100,2191016,6272800
4918,108,103,56776,2105,2191119,6316900
4919,93,126,56683,2072,2191245,6258300
4920,104,93,56579,2083,2191338,6176400
4921,118,109,56461,2092,2191447,6371300
4922,101,116,56360,2077,2191563,6236300
4923,101,120,56259,2058,2191683,6975400
4924,120,85,56139,2093,2191768,6188700
4925,100,109,56039,2084,2191877,6454100
4926,92,96,55947,2080,2191973,6292100
4927,83,98,55864,2065,2192071,6240300
4928,105,109,55759,2061,2192180,6297700
4929,94,97,55665,2058,2192277,6291700
4930,90,96,55575,2052,2192373,6301700
4931,101,113,55474,2040,2192486,6235500
4932,72,90,55402,2022,2192576,6257100
4933,96,73,55306,2045,2192649,6323900
4934,112,97,55194,2060,2192746,6257400
4935,96,103,55098,2053,2192849,6447900
4936,109,89,54989,2073,2192938,6519600
4937,88,105,54901,2056,2193043,6564300
4938,89,99,54812,2046,2193142,6626300
4939,91,96,54721,2041,2193238,6481600
4940,87,114,54634,2014,2193352,6359300
4941,95,114,54539,1995,2193466,6248300
4942,86,106,54453,1975,2193572,6241100
4943,91,94,54362,1972,2193666,6491000
4944,105,110,54257,1967,2193776,6127300
4945,89,105,54168,1951,2193881,6296200
4946,86,102,54082,1935,2193983,6286500
4947,71,69,54011,1937,2194052,6226300
4948,92,92,53919,1937,2194144,6303700
4949,73,120,53846,1890,2194264,6128700
4950,76,74,53770,1892,2194338,6169000
4951,83,106,53687,1869,2194444,6240700
4952,83,84,53604,1868,2194528,6160600
4953,89,87,53515,1870,2194615,6745400
4954,82,80,53433,1872,2194695,6186800
4955,99,95,53334,1876,2194790,6190700
4956,82,101,53252,1857,2194891,6280400
4957,92,97,53160,1852,2194988,6195900
4958,78,94,53082,1836,2195082,6254400
4959,78,87,53004,1827,2195169,6102400
4960,93,85,52911,1835,2195254,6338800
4961,89,93,52822,1831,2195347,6229000
4962,76,94,52746,1813,2195441,6188500
4963,72,89,52674,1796,2195530,6265100
4964,89,84,52585,1801,2195614,6151100
4965,73,85,52512,1789,2195699,6287300
4966,86,103,52426,1772,2195802,6289500
4967,77,97,52349,1752,2195899,6489700
4968,73,95,52276,1730,2195994,6552700
4969,80,86,52196,1724,2196080,6382400
4970,81,102,52115,1703,2196182,7058300
4971,71,79,52044,1695,2196261,6551900
4972,73,69,51971,1699,2196330,6622000
4973,69,87,51902,1681,2196417,6653600
4974,82,83,51820,1680,2196500,6738600
4975,69,86,51751,1663,2196586,6392100
4976,83,85,51668,1661,2196671,6174100
4977,77,69,51591,1669,2196740,6326700
4978,76,69,51515,1676,2196809,6242600
4979,77,66,51438,1687,2196875,6310000
4980,74,77,51364,1684,2196952,6475300
4981,66,96,51298,1654,2197048,6111900
4982,79,85,51219,1648,2197133,6250600
4983,68,75,51151,1641,2197208,6181900
4984,69,90,51082,1620,2197298,6244200
4985,62,78,51020,1604,2197376,6356400
4986,83,72,50937,1615,2197448,6158300
4987,81,71,50856,1625,2197519,6429800
4988,89,91,50767,1623,2197610,6414900
4989,73,86,50694,1610,2197696,6423600
4990,65,86,50629,1589,2197782,6524800
4991,69,82,50560,1576,2197864,6233700
4992,75,67,50485,1584,2197931,6804900
4993,79,68,50406,1595,2197999,6068600
4994,62,74,50344,1583,2198073,6685600
4995,79,77,50265,1585,2198150,6194800
4996,79,76,50186,1588,2198226,6081700
4997,62,69,50124,1581,2198295,6137000
4998,66,84,50058,1563,2198379,6248400
4999,76,89,49982,1550,2198468,6175600
5000,73,59,49909,1564,2198527,6190600
5001,70,90,49839,1544,2198617,6102300
5002,71,84,49768,1531,2198701,6113100
5003,65,69,49703,1527,2198770,6070200
5004,79,85,49624,1521,2198855,6044800
5005,69,89,49555,1501,2198944,6433400
5006,58,72,49497,1487,2199016,6098000
5007,60,81,49437,1466,2199097,6157300
5008,76,88,49361,1454,2199185,6177900
5009,62,74,49299,1442,2199259,6262200
5010,62,78,49237,1426,2199337,6234300
5011,60,62,49177,1424,2199399,6123300
5012,55,65,49122,1414,2199464,6126900
5013,70,77,49052,1407,2199541,6094700
5014,52,68,49000,1391,2199609,6102500
5015,60,68,48940,1383,2199677,6211300
5016,66,68,48874,1381,2199745,6069200
5017,54,60,48820,1375,2199805,6037100
5018,63,52,48757,1386,2199857,6409700
5019,62,73,48695,1375,2199930,6480200
5020,58,64,48637,1369,2199994,6474400
5021,57,55,48580,1371,2200049,6282200
5022,68,72,48512,1367,2200121,6642300
5023,72,72,48440,1367,2200193,6527900
5024,56,70,48384,1353,2200263,6930900
5025,76,78,48308,1351,2200341,6382900
5026,70,69,48238,1352,2200410,6235000
5027,78,75,48160,1355,2200485,6794300
5028,55,80,48105,1330,2200565,6434400
5029,51,77,48054,1304,2200642,6699500
5030,61,57,47993,1308,2200699,6565800
5031,68,78,47925,1298,2200777,6424000
5032,54,64,47871,1288,2200841,6257800
5033,46,65,47825,1269,2200906,6276700
5034,48,64,47777,1253,2200970,6564100
5035,55,78,47722,1230,2201048,6281100
5036,48,62,47674,1216,2201110,6290900
5037,45,58,47629,1203,2201168,6321600
5038,55,57,47574,1201,2201225,6306900
5039,45,66,47529,1180,2201291,6535700
5040,54,51,47475,1183,2201342,6590100
5041,49,65,47426,1167,2201407,6673300
5042,51,67,47375,1151,2201474,6245600
5043,47,58,47328,1140,2201532,6258100
5044,47,52,47281,1135,2201584,6653100
5045,59,49,47222,1145,2201633,6442900
5046,41,59,47181,1127,2201692,6296700
5047,35,62,47146,1100,2201754,6202000
5048,52,48,47094,1104,2201802,6245500
5049,58,52,47036,1110,2201854,6252500
5050,41,51,46995,1100,2201905,6173500
5051,60,55,46935,1105,2201960,6371700
5052,42,53,46893,1094,2202013,6050500
5053,52,46,46841,1100,2202059,6065900
5054,57,50,46784,1107,2202109,6646400
5055,57,51,46727,1113,2202160,6267700
5056,40,52,46687,1101,2202212,6313500
5057,60,51,46627,1110,2202263,6321200
5058,44,48,46583,1106,2202311,6107000
5059,55,58,46528,1103,2202369,6431700
5060,47,64,46481,1086,2202433,6059700
5061,56,58,46425,1084,2202491,6476900
5062,52,56,46373,1080,2202547,6257500
5063,53,41,46320,1092,2202588,6152100
5064,47,42,46273,1097,2202630,6562800
5065,49,53,46224,1093,2202683,6043500
5066,41,64,46183,1070,2202747,6079800
5067,44,46,46139,1068,2202793,6064800
5068,51,54,46088,1065,2202847,6023900
5069,36,54,46052,1047,2202901,6178100
5070,46,56,46006,1037,2202957,6027900
5071,61,50,45945,1048,2203007,6122400
5072,42,50,45903,1040,2203057,6233800
5073,54,49,45849,1045,2203106,6042200
5074,55,56,45794,1044,2203162,6458600
5075,38,52,45756,1030,2203214,5996600
5076,54,51,45702,1033,2203265,5979900
5077,56,41,45646,1048,2203306,6090800
5078,51,46,45595,1053,2203352,5986400
5079,64,54,45531,1063,2203406,6545600
5080,55,45,45476,1073,2203451,6184000
5081,60,56,45416,1077,2203507,6158100
5082,58,60,45358,1075,2203567,6398700
5083,53,47,45305,1081,2203614,6097000
5084,57,53,45248,1085,2203667,6344100
5085,49,50,45199,1084,2203717,6039500
5086,41,50,45158,1075,2203767,6027100
5087,45,66,45113,1054,2203833,6104200
5088,43,54,45070,1043,2203887,6029100
5089,51,39,45019,1055,2203926,6167400
5090,49,41,44970,1063,2203967,6268200
5091,59,65,44911,1057,2204032,5991300
5092,56,44,44855,1069,2204076,6031900
5093,51,62,44804,1058,2204138,6083000
5094,42,58,44762,1042,2204196,6151500
5095,61,52,44701,1051,2204248,6061000
5096,62,75,44639,1038,2204323,6043700
5097,62,45,44577,1055,2204368,6056900
5098,66,50,44511,1071,2204418,6046600
5099,56,66,44455,1061,2204484,5998100
5100,61,53,44394,1069,2204537,6524500
5101,43,56,44351,1056,2204593,6326900
5102,51,53,44300,1054,2204646,6668400
5103,47,60,44253,1041,2204706,6227000
5104,52,61,44201,1032,2204767,6268400
5105,47,47,44154,1032,2204814,6123200
5106,62,53,44092,1041,2204867,6085100
5107,42,59,44050,1024,2204926,6015200
5108,44,48,44006,1020,2204974,6106800
5109,55,47,43951,1028,2205021,6078300
5110,50,60,43901,1018,2205081,6061100
5111,55,55,43846,1018,2205136,6058400
5112,45,42,43801,1021,2205178,6365500
5113,36,57,43765,1000,2205235,7635400
5114,47,44,43718,1003,2205279,6159900
5115,61,46,43657,1018,2205325,6143900
5116,52,56,43605,1014,2205381,6190700
5117,53,52,43552,1015,2205433,6124300
5118,34,53,43518,996,2205486,6051600
5119,44,58,43474,982,2205544,6234100
5120,41,55,43433,968,2205599,6056400
5121,43,49,43390,962,2205648,5984500
5122,50,44,43340,968,2205692,6086400
5123,51,51,43289,968,2205743,6092900
5124,32,36,43257,964,2205779,6030400
5125,39,50,43218,953,2205829,6156800
5126,37,51,43181,939,2205880,6284600
5127,34,42,43147,931,2205922,6589200
5128,38,36,43109,933,2205958,6030400
5129,43,53,43066,923,2206011,5991700
5130,48,42,43018,929,2206053,6366000
5131,46,41,42972,934,2206094,6209500
5132,36,36,42936,934,2206130,6379900
5133,34,47,42902,921,2206177,6281500
5134,54,42,42848,933,2206219,6741300
5135,31,39,42817,925,2206258,6350000
5136,49,48,42768,926,2206306,6093100
5137,38,35,42730,929,2206341,6798300
5138,36,50,42694,915,2206391,6069800
5139,55,43,42639,927,2206434,6195400
5140,43,45,42596,925,2206479,6003000
5141,41,56,42555,910,2206535,5990400
5142,38,44,42517,904,2206579,6442900
5143,42,40,42475,906,2206619,6171100
5144,44,52,42431,898,2206671,6408300
5145,49,54,42382,893,2206725,6167300
5146,41,43,42341,891,2206768,6134400
5147,42,38,42299,895,2206806,6297700
5148,39,44,42260,890,2206850,6130100
5149,53,30,42207,913,2206880,6378800
5150,37,44,42170,906,2206924,6544400
5151,38,44,42132,900,2206968,6472200
5152,40,35,42092,905,2207003,6314700
5153,38,38,42054,905,2207041,6113800
5154,48,49,42006,904,2207090,6439100
5155,50,48,41956,906,2207138,6282400
5156,42,45,41914,903,2207183,6023000
5157,38,48,41876,893,2207231,6794300
5158,55,39,41821,909,2207270,6232000
5159,37,49,41784,897,2207319,6069100
5160,33,56,41751,874,2207375,6109200
5161,41,45,41710,870,2207420,6011700
5162,35,53,41675,852,2207473,6064500
5163,43,32,41632,863,2207505,6036800
5164,40,37,41592,866,2207542,6236900
5165,26,46,41566,846,2207588,6069600
5166,33,49,41533,830,2207637,5994700
5167,35,51,41498,814,2207688,6133300
5168,38,46,41460,806,2207734,6142500
5169,43,47,41417,802,2207781,6127700
5170,35,29,41382,808,2207810,6072500
5171,35,49,41347,794,2207859,6023500
5172,49,47,41298,796,2207906,6083800
5173,42,45,41256,793,2207951,5980700
5174,40,49,41216,784,2208000,5980200
5175,35,45,41181,774,2208045,5988800
5176,44,37,41137,781,2208082,5992800
5177,37,44,41100,774,2208126,6073400
5178,38,35,41062,777,2208161,6002700
5179,30,40,41032,767,2208201,6084200
5180,38,38,40994,767,2208239,6161200
5181,31,34,40963,764,2208273,5964300
5182,43,24,40920,783,2208297,6410900
5183,30,33,40890,780,2208330,6018500
5184,40,50,40850,770,2208380,6062400
5185,31,38,40819,763,2208418,6186600
5186,47,40,40772,770,2208458,5899100
5187,43,44,40729,769,2208502,6081900
5188,36,38,40693,767,2208540,5983200
5189,33,35,40660,765,2208575,5944500
5190,38,32,40622,771,2208607,6560400
5191,42,40,40580,773,2208647,6271500
5192,36,41,40544,768,2208688,6397100
5193,42,44,40502,766,2208732,6201700
5194,34,33,40468,767,2208765,6175800
5195,37,26,40431,778,2208791,6547400
5196,36,35,40395,779,2208826,5991800
5197,29,37,40366,771,2208863,6322000
5198,35,40,40331,766,2208903,6032800
5199,24,27,40307,763,2208930,5995600
5200,24,46,40283,741,2208976,6103100
5201,27,37,40256,731,2209013,6088900
5202,34,44,40222,721,2209057,6076800
5203,34,35,40188,720,2209092,6039400
5204,37,37,40151,720,2209129,5948200
5205,34,40,40117,714,2209169,6454200
5206,27,35,40090,706,2209204,5958900
5207,28,35,40062,699,2209239,6019500
5208,24,29,40038,694,2209268,5966700
5209,27,29,40011,692,2209297,6002200
5210,33,31,39978,694,2209328,6389600
5211,34,42,39944,686,2209370,6037200
5212,27,43,39917,670,2209413,6253200
5213,34,40,39883,664,2209453,6211900
5214,38,24,39845,678,2209477,6219800
5215,26,36,39819,668,2209513,6292300
5216,33,31,39786,670,2209544,6175400
5217,26,25,39760,671,2209569,6329400
5218,35,41,39725,665,2209610,6227400
5219,31,33,39694,663,2209643,6281700
5220,28,32,39666,659,2209675,6445200
5221,32,30,39634,661,2209705,6137300
5222,26,27,39608,660,2209732,6687500
5223,23,27,39585,656,2209759,6203500
5224,20,33,39565,643,2209792,6179400
5225,33,35,39532,641,2209827,7050500
5226,24,21,39508,644,2209848,6207500
5227,18,35,39490,627,2209883,6170200
5228,26,37,39464,616,2209920,6126500
5229,19,28,39445,607,2209948,6172000
5230,23,34,39422,596,2209982,6757900
5231,22,22,39400,596,2210004,6415100
5232,21,23,39379,594,2210027,6731500
5233,20,27,39359,587,2210054,6332500
5234,19,25,39340,581,2210079,6141200
5235,25,28,39315,578,2210107,6174600
5236,18,26,39297,570,2210133,6182200
5237,22,34,39275,558,2210167,6155900
5238,17,30,39258,545,2210197,6256000
5239,22,30,39236,537,2210227,6194400
5240,21,27,39215,531,2210254,6659100
5241,21,27,39194,525,2210281,6586800
5242,19,26,39175,518,2210307,6210800
5243,18,27,39157,509,2210334,6321100
5244,21,20,39136,510,2210354,6011900
5245,26,28,39110,508,2210382,5959700
5246,24,33,39086,499,2210415,5928200
5247,28,26,39058,501,2210441,5968800
5248,19,24,39039,496,2210465,5958900
5249,31,34,39008,493,2210499,5950300
5250,24,27,38984,490,2210526,5956000
5251,29,31,38955,488,2210557,5931600
5252,19,22,38936,485,2210579,6008800
5253,29,21,38907,493,2210600,5975500
5254,24,25,38883,492,2210625,5992700
5255,32,22,38851,502,2210647,6416500
5256,22,16,38829,508,2210663,5989700
5257,29,25,38800,512,2210688,6021600
5258,29,34,38771,507,2210722,5984700
5259,29,23,38742,513,2210745,5952900
5260,21,21,38721,513,2210766,6400100
5261,24,25,38697,512,2210791,5953300
5262,19,20,38678,511,2210811,5994000
5263,27,23,38651,515,2210834,5923500
5264,27,28,38624,514,2210862,5920100
5265,26,21,38598,519,2210883,6438700
5266,36,22,38562,533,2210905,6296500
5267,30,25,38532,538,2210930,6255300
5268,30,29,38502,539,2210959,6176200
5269,26,30,38476,535,2210989,6143900
5270,31,25,38445,541,2211014,6092400
5271,31,24,38414,548,2211038,5961900
5272,30,35,38384,543,2211073,6230100
5273,27,27,38357,543,2211100,6116800
5274,28,30,38329,541,2211130,5932200
5275,31,19,38298,553,2211149,6480900
5276,17,29,38281,541,2211178,5987700
5277,21,34,38260,528,2211212,5999600
5278,23,22,38237,529,2211234,6238500
5279,27,26,38210,530,2211260,5948100
5280,15,28,38195,517,2211288,6534900
5281,27,17,38168,527,2211305,5927000
5282,21,21,38147,527,2211326,5961100
5283,27,27,38120,527,2211353,6182300
5284,23,23,38097,527,2211376,5948300
5285,16,25,38081,518,2211401,6103000
5286,25,29,38056,514,2211430,6047800
5287,22,24,38034,512,2211454,6125600
5288,21,32,38013,501,2211486,6134100
5289,21,20,37992,502,2211506,5995200
5290,28,23,37964,507,2211529,6250400
5291,24,28,37940,503,2211557,6808200
5292,19,26,37921,496,2211583,6414000
5293,29,24,37892,501,2211607,6922900
5294,30,24,37862,507,2211631,6164300
5295,26,32,37836,501,2211663,6869300
5296,25,27,37811,499,2211690,6304200
5297,19,28,37792,490,2211718,6226800
5298,36,32,37756,494,2211750,6732400
5299,22,34,37734,482,2211784,6201600
5300,18,15,37716,485,2211799,6447800
5301,19,23,37697,481,2211822,6086500
5302,16,21,37681,476,2211843,6134500
5303,23,18,37658,481,2211861,6090000
5304,27,24,37631,484,2211885,6103100
5305,20,36,37611,468,2211921,6855900
5306,21,22,37590,467,2211943,6233500
5307,16,26,37574,457,2211969,6246900
5308,24,22,37550,459,2211991,6535800
5309,20,24,37530,455,2212015,6289700
5310,30,16,37500,469,2212031,7156200
5311,17,41,37483,445,2212072,6777400
5312,18,19,37465,444,2212091,6970800
5313,18,21,37447,441,2212112,6219000
5314,17,30,37430,428,2212142,6329000
5315,33,20,37397,441,2212162,6241400
5316,23,14,37374,450,2212176,6222300
5317,35,23,37339,462,2212199,6499900
5318,25,27,37314,460,2212226,6189500
5319,26,23,37288,463,2212249,6164600
5320,25,21,37263,467,2212270,6414600
5321,18,17,37245,468,2212287,6166000
5322,19,25,37226,462,2212312,6364600
5323,23,24,37203,461,2212336,6125500
5324,17,20,37186,458,2212356,6121700
5325,22,19,37164,461,2212375,6256300
5326,23,21,37141,463,2212396,6197800
5327,31,19,37110,475,2212415,6925300
5328,18,29,37092,464,2212444,6497300
5329,24,22,37068,466,2212466,6900100
5330,22,18,37046,470,2212484,6149500
5331,21,21,37025,470,2212505,6165600
5332,17,25,37008,462,2212530,6328500
5333,18,16,36990,464,2212546,6086700
5334,23,16,36967,471,2212562,6314000
5335,23,25,36944,469,2212587,6122900
5336,21,24,36923,466,2212611,6046800
5337,18,32,36905,452,2212643,6554700
5338,26,31,36879,447,2212674,5973400
5339,24,18,36855,453,2212692,6444500
5340,18,33,36837,438,2212725,6016300
5341,21,21,36816,438,2212746,5889100
5342,23,20,36793,441,2212766,6013200
5343,17,22,36776,436,2212788,5874400
5344,18,15,36758,439,2212803,6250400
5345,16,26,36742,429,2212829,6217400
5346,24,25,36718,428,2212854,6021300
5347,20,25,36698,423,2212879,6079000
5348,25,21,36673,427,2212900,6005700
5349,14,25,36659,416,2212925,6056800
5350,24,22,36635,418,2212947,6250300
5351,23,16,36612,425,2212963,6142000
5352,22,27,36590,420,2212990,6129000
5353,25,23,36565,422,2213013,6303000
5354,20,20,36545,422,2213033,6424600
5355,31,21,36514,432,2213054,6596000
5356,18,14,36496,436,2213068,6531700
5357,17,21,36479,432,2213089,6521200
5358,29,16,36450,445,2213105,6361200
5359,26,21,36424,450,2213126,6269200
5360,17,18,36407,449,2213144,6234800
5361,18,24,36389,443,2213168,6276800
5362,15,21,36374,437,2213189,6329200
5363,24,18,36350,443,2213207,6476200
5364,21,18,36329,446,2213225,6388600
5365,12,28,36317,430,2213253,6439000
5366,18,20,36299,428,2213273,6181600
5367,13,17,36286,424,2213290,6560400
5368,21,28,36265,417,2213318,6215500
5369,13,29,36252,401,2213347,6448300
5370,19,14,36233,406,2213361,6258900
5371,27,23,36206,410,2213384,6282500
5372,16,18,36190,408,2213402,6959400
5373,19,25,36171,402,2213427,6813500
5374,18,17,36153,403,2213444,6679900
5375,13,27,36140,389,2213471,6316000
5376,15,26,36125,378,2213497,6178500
5377,15,21,36110,372,2213518,6131500
5378,16,18,36094,370,2213536,6113100
5379,21,20,36073,371,2213556,6488400
5380,20,23,36053,368,2213579,6129100
5381,17,13,36036,372,2213592,6440300
5382,15,14,36021,373,2213606,6083700
5383,20,16,36001,377,2213622,6055700
5384,18,13,35983,382,2213635,6303500
5385,9,23,35974,368,2213658,6190400
5386,19,18,35955,369,2213676,6254400
5387,15,18,35940,366,2213694,5961700
5388,15,19,35925,362,2213713,5986600
5389,23,16,35902,369,2213729,6054300
5390,17,20,35885,366,2213749,5988300
5391,14,17,35871,363,2213766,6010800
5392,16,15,35855,364,2213781,6130300
5393,15,18,35840,361,2213799,6109200
5394,10,24,35830,347,2213823,6351600
5395,14,23,35816,338,2213846,5958200
5396,13,16,35803,335,2213862,6000600
5397,15,19,35788,331,2213881,6067800
5398,13,20,35775,324,2213901,5942300
5399,17,21,35758,320,2213922,6045300
5400,21,18,35737,323,2213940,5928100
5401,15,17,35722,321,2213957,6137600
5402,15,15,35707,321,2213972,6128000
5403,16,20,35691,317,2213992,6086400
5404,14,14,35677,317,2214006,6258200
5405,15,15,35662,317,2214021,6230700
5406,23,18,35639,322,2214039,6295800
5407,12,12,35627,322,2214051,6248600
5408,17,23,35610,316,2214074,6215900
5409,16,16,35594,316,2214090,6269700
5410,18,19,35576,315,2214109,6160600
5411,10,12,35566,313,2214121,6294700
5412,19,16,35547,316,2214137,6187600
5413,14,13,35533,317,2214150,6195900
5414,15,21,35518,311,2214171,6599800
5415,18,13,35500,316,2214184,6077400
5416,18,22,35482,312,2214206,6078000
5417,17,11,35465,318,2214217,6282900
5418,21,17,35444,322,2214234,6118800
5419,16,15,35428,323,2214249,6205400
5420,28,16,35400,335,2214265,6137600
5421,16,22,35384,329,2214287,6712500
5422,12,13,35372,328,2214300,6481500
5423,22,16,35350,334,2214316,6140000
5424,17,21,35333,330,2214337,6203100
5425,18,16,35315,332,2214353,6250400
5426,15,26,35300,321,2214379,6686600
5427,14,15,35286,320,2214394,6150600
5428,15,19,35271,316,2214413,6362400
5429,19,23,35252,312,2214436,6288400
5430,13,11,35239,314,2214447,6149700
5431,12,23,35227,303,2214470,6873600
5432,14,17,35213,300,2214487,6627500
5433,20,7,35193,313,2214494,6756500
5434,15,12,35178,316,2214506,6955200
5435,16,16,35162,316,2214522,6794500
5436,17,22,35145,311,2214544,6026400
5437,18,13,35127,316,2214557,5929300
5438,15,21,35112,310,2214578,5986900
5439,16,15,35096,311,2214593,5933700
5440,17,14,35079,314,2214607,6004500
5441,17,21,35062,310,2214628,6068500
5442,15,13,35047,312,2214641,5973400
5443,15,12,35032,315,2214653,6266300
5444,23,17,35009,321,2214670,5888600
5445,17,13,34992,325,2214683,5942400
5446,16,25,34976,316,2214708,6475300
5447,11,15,34965,312,2214723,5993400
5448,18,10,34947,320,2214733,6308000
5449,8,11,34939,317,2214744,6217700
5450,14,11,34925,320,2214755,6083300
5451,16,13,34909,323,2214768,6252400
5452,12,16,34897,319,2214784,6609100
5453,14,11,34883,322,2214795,6185700
5454,9,25,34874,306,2214820,6064300
5455,11,15,34863,302,2214835,6022000
5456,11,15,34852,298,2214850,6339500
5457,11,21,34841,288,2214871,6014300
5458,23,17,34818,294,2214888,6556800
5459,10,9,34808,295,2214897,6066100
5460,16,14,34792,297,2214911,5916800
5461,18,13,34774,302,2214924,6202800
5462,7,14,34767,295,2214938,5971700
5463,10,18,34757,287,2214956,6420700
5464,8,15,34749,280,2214971,6109300
5465,6,15,34743,271,2214986,6052800
5466,9,23,34734,257,2215009,6305600
5467,8,16,34726,249,2215025,6216500
5468,11,15,34715,245,2215040,6420100
5469,7,17,34708,235,2215057,6058300
5470,9,7,34699,237,2215064,6017100
5471,8,18,34691,227,2215082,6394700
5472,12,16,34679,223,2215098,6083300
5473,9,8,34670,224,2215106,6016100
5474,9,13,34661,220,2215119,5971600
5475,12,13,34649,219,2215132,5963500
5476,10,7,34639,222,2215139,6175400
5477,11,11,34628,222,2215150,5942200
5478,10,12,34618,220,2215162,6108800
5479,13,10,34605,223,2215172,6307000
5480,8,9,34597,222,2215181,5955300
5481,9,13,34588,218,2215194,6109600
5482,11,8,34577,221,2215202,5959900
5483,9,11,34568,219,2215213,5988600
5484,10,8,34558,221,2215221,6343100
5485,16,12,34542,225,2215233,5951500
5486,10,16,34532,219,2215249,6137500
5487,10,15,34522,214,2215264,6178700
5488,13,11,34509,216,2215275,6009300
5489,11,12,34498,215,2215287,6136200
5490,9,12,34489,212,2215299,6019700
5491,10,10,34479,212,2215309,6075500
5492,7,10,34472,209,2215319,5932400
5493,10,14,34462,205,2215333,5920200
5494,13,7,34449,211,2215340,6256000
5495,8,9,34441,210,2215349,5973500
5496,5,18,34436,197,2215367,5954200
5497,9,9,34427,197,2215376,6037500
5498,3,7,34424,193,2215383,5949300
5499,9,8,34415,194,2215391,5928300
5500,7,5,34408,196,2215396,6059700
5501,3,10,34405,189,2215406,6002500
5502,8,9,34397,188,2215415,6343600
5503,8,12,34389,184,2215427,5929000
5504,3,9,34386,178,2215436,5858200
5505,3,11,34383,170,2215447,6334200
5506,9,9,34374,170,2215456,5959100
5507,8,14,34366,164,2215470,5929400
5508,6,6,34360,164,2215476,5966800
5509,6,4,34354,166,2215480,5880000
5510,6,5,34348,167,2215485,6238100
5511,4,13,34344,158,2215498,6068500
5512,8,4,34336,162,2215502,5958800
5513,6,5,34330,163,2215507,5989700
5514,7,7,34323,163,2215514,5930600
5515,5,8,34318,160,2215522,6326100
5516,5,5,34313,160,2215527,6260800
5517,2,5,34311,157,2215532,6261800
5518,10,5,34301,162,2215537,6207500
5519,3,8,34298,157,2215545,6071200
5520,9,8,34289,158,2215553,6048300
5521,13,7,34276,164,2215560,5938600
5522,5,9,34271,160,2215569,6050900
5523,3,9,34268,154,2215578,6073300
5524,5,4,34263,155,2215582,5907400
5525,6,7,34257,154,2215589,5975400
5526,9,7,34248,156,2215596,5941200
5527,4,7,34244,153,2215603,5960100
5528,5,10,34239,148,2215613,6547400
5529,12,2,34227,158,2215615,5924000
5530,7,10,34220,155,2215625,5863900
5531,6,10,34214,151,2215635,6472700
5532,12,7,34202,156,2215642,5876600
5533,3,4,34199,155,2215646,6097000
5534,9,8,34190,156,2215654,5995200
5535,11,10,34179,157,2215664,5876300
5536,6,9,34173,154,2215673,6015300
5537,5,9,34168,150,2215682,5920300
5538,7,7,34161,150,2215689,6068600
5539,7,2,34154,155,2215691,6407900
5540,5,8,34149,152,2215699,6202100
5541,7,9,34142,150,2215708,6452400
5542,11,10,34131,151,2215718,6211300
5543,10,7,34121,154,2215725,6151300
5544,9,4,34112,159,2215729,6209100
5545,12,3,34100,168,2215732,6170300
5546,8,10,34092,166,2215742,6280200
5547,7,9,34085,164,2215751,6144800
5548,7,12,34078,159,2215763,6056800
5549,9,5,34069,163,2215768,6258800
5550,5,5,34064,163,2215773,6139500
5551,9,6,34055,166,2215779,6125800
5552,8,9,34047,165,2215788,6113500
5553,3,8,34044,160,2215796,6095300
5554,6,2,34038,164,2215798,6091600
5555,5,6,34033,163,2215804,6154000
5556,8,6,34025,165,2215810,6439600
5557,2,11,34023,156,2215821,6238200
5558,7,8,34016,155,2215829,6316500
5559,2,8,34014,149,2215837,6441400
5560,2,5,34012,146,2215842,6061300
5561,3,5,34009,144,2215847,6650800
5562,2,9,34007,137,2215856,6424500
5563,5,4,34002,138,2215860,6203500
5564,5,8,33997,135,2215868,6212400
5565,3,8,33994,130,2215876,6143100
5566,5,4,33989,131,2215880,6173300
5567,4,5,33985,130,2215885,6141400
5568,6,4,33979,132,2215889,6078000
5569,6,9,33973,129,2215898,6101800
5570,5,9,33968,125,2215907,6070000
5571,3,3,33965,125,2215910,6141600
5572,4,11,33961,118,2215921,6128900
5573,5,6,33956,117,2215927,6127100
5574,2,4,33954,115,2215931,6503500
5575,6,5,33948,116,2215936,6044800
5576,9,6,33939,119,2215942,6079600
5577,5,7,33934,117,2215949,6177500
5578,6,5,33928,118,2215954,6099600
5579,7,6,33921,119,2215960,6459800
5580,1,5,33920,115,2215965,6134000
5581,1,7,33919,109,2215972,6279200
5582,2,7,33917,104,2215979,6258800
5583,2,1,33915,105,2215980,5933300
5584,3,6,33912,102,2215986,6304600
5585,2,3,33910,101,2215989,6156100
5586,1,6,33909,96,2215995,5945000
5587,5,6,33904,95,2216001,5989000
5588,5,4,33899,96,2216005,5898200
5589,4,8,33895,92,2216013,6319700
5590,3,1,33892,94,2216014,5983900
5591,1,5,33891,90,2216019,5936600
5592,9,2,33882,97,2216021,6277400
5593,2,2,33880,97,2216023,5904400
5594,3,3,33877,97,2216026,6129200
5595,2,5,33875,94,2216031,6090700
5596,4,5,33871,93,2216036,5887300
5597,5,6,33866,92,2216042,6459300
5598,4,5,33862,91,2216047,6057800
5599,3,5,33859,89,2216052,5930200
5600,7,4,33852,92,2216056,6166600
5601,3,6,33849,89,2216062,6291000
5602,4,4,33845,89,2216066,6391600
5603,2,4,33843,87,2216070,6299400
5604,3,10,33840,80,2216080,6275600
5605,1,2,33839,79,2216082,6494300
5606,5,1,33834,83,2216083,6155600
5607,4,5,33830,82,2216088,6158600
5608,1,5,33829,78,2216093,6211400
5609,4,7,33825,75,2216100,6177100
5610,2,1,33823,76,2216101,6199800
5611,1,2,33822,75,2216103,6077900
5612,9,5,33813,79,2216108,6324800
5613,1,4,33812,76,2216112,6382900
5614,3,6,33809,73,2216118,6186000
5615,2,6,33807,69,2216124,6969000
5616,2,5,33805,66,2216129,6816400
5617,3,7,33802,62,2216136,6378100
5618,2,8,33800,56,2216144,6082200
5619,1,6,33799,51,2216150,6338600
5620,0,1,33799,50,2216151,6776300
5621,0,3,33799,47,2216154,6039500
5622,1,0,33798,48,2216154,6064900
5623,1,3,33797,46,2216157,6061600
5624,2,1,33795,47,2216158,6302400
5625,3,0,33792,50,2216158,6204100
5626,4,2,33788,52,2216160,6271800
5627,2,5,33786,49,2216165,6656300
5628,3,3,33783,49,2216168,6775300
5629,0,1,33783,48,2216169,7041400
5630,2,3,33781,47,2216172,6321000
5631,3,3,33778,47,2216175,7010600
5632,2,4,33776,45,2216179,7612600
5633,0,3,33776,42,2216182,7607500
5634,1,1,33775,42,2216183,6310600
5635,1,1,33774,42,2216184,6062800
5636,3,1,33771,44,2216185,6157800
5637,3,1,33768,46,2216186,6041300
5638,2,2,33766,46,2216188,6276200
5639,1,2,33765,45,2216190,6149100
5640,4,2,33761,47,2216192,6093200
5641,3,2,33758,48,2216194,6097400
5642,4,3,33754,49,2216197,6080200
5643,1,1,33753,49,2216198,6120800
5644,1,2,33752,48,2216200,6082600
5645,1,0,33751,49,2216200,6003300
5646,4,3,33747,50,2216203,6152400
5647,1,2,33746,49,2216205,6018000
5648,2,3,33744,48,2216208,6047400
5649,3,5,33741,46,2216213,6525000
5650,4,3,33737,47,2216216,6274800
5651,1,1,33736,47,2216217,6176300
5652,0,3,33736,44,2216220,6188600
5653,0,3,33736,41,2216223,6096600
5654,3,0,33733,44,2216223,6117800
5655,3,3,33730,44,2216226,6015100
5656,0,0,33730,44,2216226,6076500
5657,1,2,33729,43,2216228,6066600
5658,1,2,33728,42,2216230,6100000
5659,0,3,33728,39,2216233,6283300
5660,0,2,33728,37,2216235,6131800
5661,1,1,33727,37,2216236,6416300
5662,0,2,33727,35,2216238,6157300
5663,0,1,33727,34,2216239,6069100
5664,0,2,33727,32,2216241,6162400
5665,0,1,33727,31,2216242,6096400
5666,0,1,33727,30,2216243,6312600
5667,0,2,33727,28,2216245,6111800
5668,0,1,33727,27,2216246,6049100
5669,0,1,33727,26,2216247,6128300
5670,0,0,33727,26,2216247,6103100
5671,1,0,33726,27,2216247,6110300
5672,1,1,33725,27,2216248,6006600
5673,0,1,33725,26,2216249,5952200
5674,1,0,33724,27,2216249,6049200
5675,0,0,33724,27,2216249,5960600
5676,0,1,33724,26,2216250,5907900
5677,0,2,33724,24,2216252,6343100
5678,0,1,33724,23,2216253,6177000
5679,0,2,33724,21,2216255,6874000
5680,0,2,33724,19,2216257,7145700
5681,0,1,33724,18,2216258,6567000
5682,0,2,33724,16,2216260,6104900
5683,0,1,33724,15,2216261,6140400
5684,0,2,33724,13,2216263,6180300
5685,0,2,33724,11,2216265,6180700
5686,0,1,33724,10,2216266,6587900
5687,0,0,33724,10,2216266,6108900
5688,0,0,33724,10,2216266,6204600
5689,0,2,33724,8,2216268,6087800
5690,0,0,33724,8,2216268,5989500
5691,0,0,33724,8,2216268,6344300
5692,0,1,33724,7,2216269,5899600
5693,0,0,33724,7,2216269,5983400
5694,0,1,33724,6,2216270,6199400
5695,0,0,33724,6,2216270,5881700
5696,0,2,33724,4,2216272,6296500
5697,0,1,33724,3,2216273,5870900
5698,0,0,33724,3,2216273,5902400
5699,0,0,33724,3,2216273,6249400
5700,0,0,33724,3,2216273,5877800
5701,0,0,33724,3,2216273,6331400
5702,0,0,33724,3,2216273,6300800
5703,0,0,33724,3,2216273,5908900
5704,0,0,33724,3,2216273,6168000
5705,0,2,33724,1,2216275,5909900
5706,0,0,33724,1,2216275,6040100
5707,0,0,33724,1,2216275,6017600
5708,0,0,33724,1,2216275,6033400
5709,0,0,33724,1,2216275,5988800
5710,0,0,33724,1,2216275,5867200
5711,0,0,33724,1,2216275,5919100
5712,0,0,33724,1,2216275,6033700
5713,0,0,33724,1,2216275,5879900
5714,0,0,33724,1,2216275,6380100
5715,0,0,33724,1,2216275,6201700
5716,0,0,33724,1,2216275,5928000
5717,0,0,33724,1,2216275,5922000
5718,0,0,33724,1,2216275,5868400
5719,0,1,33724,0,2216276,5868200
