Tick,NewlyInfected,NewlyRecovered,TotalSusceptible,TotalInfected,TotalRecovered,StepTimeNanos
0,1,0,2249994,6,0,5259800
1,3,0,2249991,9,0,5377100
2,2,1,2249989,10,1,5207400
3,1,1,2249988,10,2,5277100
4,3,0,2249985,13,2,5267400
5,3,0,2249982,16,2,5197600
6,2,1,2249980,17,3,5229700
7,1,0,2249979,18,3,5472300
8,6,1,2249973,23,4,5257100
9,4,0,2249969,27,4,5534400
10,9,1,2249960,35,5,5260400
11,9,2,2249951,42,7,5244900
12,10,1,2249941,51,8,5252300
13,7,2,2249934,56,10,5241000
14,9,2,2249925,63,12,5336100
15,8,1,2249917,70,13,5286900
16,12,3,2249905,79,16,5315600
17,10,2,2249895,87,18,5357000
18,9,1,2249886,95,19,5273100
19,11,6,2249875,100,25,5254000
20,15,5,2249860,110,30,5682300
21,16,5,2249844,121,35,5294000
22,9,2,2249835,128,37,5289200
23,10,4,2249825,134,41,5323500
24,15,9,2249810,140,50,5287800
25,9,9,2249801,140,59,5835600
26,12,10,2249789,142,69,5349600
27,15,12,2249774,145,81,5836200
28,16,12,2249758,149,93,5350800
29,12,7,2249746,154,100,5319800
30,9,13,2249737,150,113,5487000
31,16,5,2249721,161,118,5507700
32,11,11,2249710,161,129,5461200
33,15,10,2249695,166,139,5376700
34,15,11,2249680,170,150,5514100
35,9,3,2249671,176,153,5419500
36,13,5,2249658,184,158,6017000
37,16,2,2249642,198,160,5334500
38,23,12,2249619,209,172,5369700
39,16,16,2249603,209,188,5799800
40,17,13,2249586,213,201,5435000
41,20,12,2249566,221,213,5593100
42,20,15,2249546,226,228,5425600
43,23,12,2249523,237,240,5436400
44,25,13,2249498,249,253,5927600
45,25,11,2249473,263,264,5549500
46,20,13,2249453,270,277,5623400
47,23,12,2249430,281,289,5578700
48,32,14,2249398,299,303,5444000
49,21,13,2249377,307,316,5446900
50,29,12,2249348,324,328,5441600
51,25,16,2249323,333,344,5778200
52,34,22,2249289,345,366,5515200
53,15,18,2249274,342,384,5923800
54,33,19,2249241,356,403,5725600
55,31,12,2249210,375,415,5564100
56,32,23,2249178,384,438,5748800
57,30,13,2249148,401,451,5523200
58,26,22,2249122,405,473,5370500
59,30,26,2249092,409,499,5403500
60,27,16,2249065,420,515,5309900
61,23,27,2249042,416,542,5300000
62,35,19,2249007,432,561,5372800
63,26,24,2248981,434,585,5305400
64,34,8,2248947,460,593,5690700
65,33,27,2248914,466,620,5451500
66,44,19,2248870,491,639,5432900
67,40,23,2248830,508,662,5446600
68,35,33,2248795,510,695,5501600
69,46,31,2248749,525,726,5959600
70,33,18,2248716,540,744,5354200
71,41,24,2248675,557,768,5403700
72,40,25,2248635,572,793,5912400
73,41,26,2248594,587,819,5541000
74,46,21,2248548,612,840,5528800
75,40,29,2248508,623,869,5478300
76,35,24,2248473,634,893,5483600
77,54,29,2248419,659,922,5733400
78,46,39,2248373,666,961,5625400
79,46,31,2248327,681,992,5495900
80,59,43,2248268,697,1035,5495600
81,55,35,2248213,717,1070,5464600
82,60,37,2248153,740,1107,5711400
83,52,30,2248101,762,1137,5521500
84,54,37,2248047,779,1174,6061400
85,43,38,2248004,784,1212,5590000
86,57,44,2247947,797,1256,5474600
87,54,31,2247893,820,1287,5936600
88,48,45,2247845,823,1332,5738000
89,58,37,2247787,844,1369,5620400
90,45,50,2247742,839,1419,5881300
91,62,48,2247680,853,1467,5800100
92,52,57,2247628,848,1524,5887800
93,55,33,2247573,870,1557,5478300
94,47,39,2247526,878,1596,5464400
95,43,53,2247483,868,1649,5498300
96,50,50,2247433,868,1699,5493200
97,56,38,2247377,886,1737,5889200
98,54,43,2247323,897,1780,5776800
99,48,48,2247275,897,1828,5602500
100,42,47,2247233,892,1875,5538300
101,49,47,2247184,894,1922,5516300
102,64,37,2247120,921,1959,5683100
103,50,38,2247070,933,1997,5478600
104,67,43,2247003,957,2040,5416700
105,53,40,2246950,970,2080,5342600
106,60,52,2246890,978,2132,5332500
107,61,50,2246829,989,2182,5360300
108,58,47,2246771,1000,2229,5330500
109,54,51,2246717,1003,2280,5336800
110,55,46,2246662,1012,2326,5387300
111,68,52,2246594,1028,2378,5418200
112,67,59,2246527,1036,2437,5396600
113,58,58,2246469,1036,2495,5339900
114,55,56,2246414,1035,2551,5348200
115,66,34,2246348,1067,2585,5444500
116,63,66,2246285,1064,2651,5381800
117,68,61,2246217,1071,2712,5386700
118,78,52,2246139,1097,2764,5513700
119,74,58,2246065,1113,2822,5551800
120,73,59,2245992,1127,2881,5583400
121,54,58,2245938,1123,2939,5527400
122,64,49,2245874,1138,2988,5516000
123,50,56,2245824,1132,3044,5375200
124,72,46,2245752,1158,3090,5381600
125,77,55,2245675,1180,3145,5732200
126,83,54,2245592,1209,3199,5394300
127,76,57,2245516,1228,3256,5381600
128,77,57,2245439,1248,3313,5437600
129,55,71,2245384,1232,3384,5465200
130,70,64,2245314,1238,3448,5987500
131,81,60,2245233,1259,3508,5344900
132,76,70,2245157,1265,3578,5381700
133,81,49,2245076,1297,3627,5430500
134,90,67,2244986,1320,3694,5408000
135,78,58,2244908,1340,3752,5957700
136,83,77,2244825,1346,3829,5383100
137,94,58,2244731,1382,3887,5375500
138,74,74,2244657,1382,3961,5419900
139,95,79,2244562,1398,4040,5415400
140,83,71,2244479,1410,4111,5403600
141,79,50,2244400,1439,4161,5427900
142,82,66,2244318,1455,4227,5430900
143,103,72,2244215,1486,4299,5491700
144,91,74,2244124,1503,4373,5499200
145,75,74,2244049,1504,4447,5424900
146,93,84,2243956,1513,4531,5476000
147,105,78,2243851,1540,4609,5441000
148,102,79,2243749,1563,4688,5460800
149,121,67,2243628,1617,4755,5398900
150,106,83,2243522,1640,4838,5395300
151,114,79,2243408,1675,4917,5622500
152,91,77,2243317,1689,4994,5435700
153,84,102,2243233,1671,5096,5446300
154,104,67,2243129,1708,5163,5459600
155,83,86,2243046,1705,5249,5521100
156,122,78,2242924,1749,5327,5531500
157,112,102,2242812,1759,5429,5460600
158,105,92,2242707,1772,5521,5778700
159,104,65,2242603,1811,5586,5415200
160,109,98,2242494,1822,5684,5395500
161,110,91,2242384,1841,5775,5888500
162,113,99,2242271,1855,5874,5449600
163,94,91,2242177,1858,5965,5495700
164,107,105,2242070,1860,6070,5508700
165,122,106,2241948,1876,6176,5496200
166,125,90,2241823,1911,6266,5625500
167,119,97,2241704,1933,6363,5527600
168,129,99,2241575,1963,6462,5489800
169,131,92,2241444,2002,6554,5566400
170,110,101,2241334,2011,6655,5476800
171,99,107,2241235,2003,6762,5756200
172,134,97,2241101,2040,6859,5462600
173,116,98,2240985,2058,6957,5477400
174,125,112,2240860,2071,7069,5534500
175,114,110,2240746,2075,7179,5470900
176,132,98,2240614,2109,7277,5502600
177,99,105,2240515,2103,7382,5574000
178,118,118,2240397,2103,7500,5474300
179,112,117,2240285,2098,7617,5632200
180,132,102,2240153,2128,7719,5517900
181,113,104,2240040,2137,7823,5490600
182,116,120,2239924,2133,7943,5455000
183,130,105,2239794,2158,8048,5444600
184,131,102,2239663,2187,8150,6168000
185,112,110,2239551,2189,8260,5431400
186,119,109,2239432,2199,8369,5634700
187,120,103,2239312,2216,8472,5495000
188,107,113,2239205,2210,8585,5578800
189,128,106,2239077,2232,8691,5971100
190,131,109,2238946,2254,8800,5486400
191,118,113,2238828,2259,8913,5782500
192,127,103,2238701,2283,9016,5481300
193,121,104,2238580,2300,9120,5485500
194,120,124,2238460,2296,9244,5900900
195,142,112,2238318,2326,9356,5443800
196,134,111,2238184,2349,9467,5717500
197,147,111,2238037,2385,9578,5454600
198,115,116,2237922,2384,9694,5567100
199,144,124,2237778,2404,9818,5920700
200,127,112,2237651,2419,9930,5476500
201,114,114,2237537,2419,10044,5522000
202,126,142,2237411,2403,10186,5454300
203,128,132,2237283,2399,10318,5443600
204,135,118,2237148,2416,10436,5503500
205,137,124,2237011,2429,10560,5452700
206,136,134,2236875,2431,10694,5447600
207,133,107,2236742,2457,10801,5557700
208,135,120,2236607,2472,10921,5455700
209,142,131,2236465,2483,11052,5542100
210,139,132,2236326,2490,11184,5536100
211,145,147,2236181,2488,11331,5486600
212,163,150,2236018,2501,11481,6059300
213,143,114,2235875,2530,11595,5834300
214,137,141,2235738,2526,11736,5923600
215,163,126,2235575,2563,11862,6118500
216,139,132,2235436,2570,11994,6124500
217,142,121,2235294,2591,12115,5627500
218,139,125,2235155,2605,12240,5524700
219,138,125,2235017,2618,12365,5931200
220,146,113,2234871,2651,12478,5498500
221,170,137,2234701,2684,12615,5445400
222,140,136,2234561,2688,12751,5534600
223,156,131,2234405,2713,12882,5535700
224,130,147,2234275,2696,13029,6272100
225,150,132,2234125,2714,13161,5508500
226,142,131,2233983,2725,13292,5460900
227,175,148,2233808,2752,13440,5838900
228,144,146,2233664,2750,13586,5643600
229,155,147,2233509,2758,13733,5876400
230,138,140,2233371,2756,13873,5657500
231,145,130,2233226,2771,14003,5621700
232,180,144,2233046,2807,14147,5599400
233,177,140,2232869,2844,14287,5595200
234,175,117,2232694,2902,14404,6105900
235,173,148,2232521,2927,14552,6590300
236,162,148,2232359,2941,14700,5667900
237,181,155,2232178,2967,14855,5537700
238,173,152,2232005,2988,15007,5497100
239,188,142,2231817,3034,15149,5655300
240,183,154,2231634,3063,15303,5516400
241,176,140,2231458,3099,15443,5765600
242,185,157,2231273,3127,15600,5554100
243,177,171,2231096,3133,15771,5531500
244,169,139,2230927,3163,15910,5859300
245,155,130,2230772,3188,16040,5527300
246,163,165,2230609,3186,16205,5551200
247,172,161,2230437,3197,16366,5516700
248,194,170,2230243,3221,16536,5486700
249,161,195,2230082,3187,16731,5825200
250,172,157,2229910,3202,16888,5524300
251,175,154,2229735,3223,17042,5613400
252,164,187,2229571,3200,17229,5640600
253,156,174,2229415,3182,17403,5554700
254,187,139,2229228,3230,17542,6390100
255,162,172,2229066,3220,17714,5553100
256,144,165,2228922,3199,17879,5570000
257,180,166,2228742,3213,18045,5533800
258,178,180,2228564,3211,18225,5563000
259,176,129,2228388,3258,18354,5647400
260,178,147,2228210,3289,18501,5602000
261,152,174,2228058,3267,18675,5537300
262,185,150,2227873,3302,18825,5610000
263,183,152,2227690,3333,18977,5633100
264,197,162,2227493,3368,19139,5949600
265,199,174,2227294,3393,19313,5545800
266,159,177,2227135,3375,19490,5871000
267,152,167,2226983,3360,19657,5595900
268,170,150,2226813,3380,19807,5657400
269,179,170,2226634,3389,19977,5835900
270,163,179,2226471,3373,20156,5810600
271,169,165,2226302,3377,20321,6217100
272,177,175,2226125,3379,20496,5851500
273,195,160,2225930,3414,20656,5880200
274,177,163,2225753,3428,20819,5843200
275,193,176,2225560,3445,20995,5757100
276,169,157,2225391,3457,21152,5962600
277,200,158,2225191,3499,21310,5894400
278,195,201,2224996,3493,21511,5776500
279,188,183,2224808,3498,21694,5729300
280,200,158,2224608,3540,21852,5682600
281,178,190,2224430,3528,22042,5755100
282,184,171,2224246,3541,22213,5864700
283,214,181,2224032,3574,22394,5981700
284,205,168,2223827,3611,22562,6353400
285,205,164,2223622,3652,22726,5811200
286,225,214,2223397,3663,22940,6234100
287,187,194,2223210,3656,23134,6040400
288,190,203,2223020,3643,23337,6295100
289,204,180,2222816,3667,23517,5701800
290,182,187,2222634,3662,23704,5747300
291,197,188,2222437,3671,23892,5749400
292,202,178,2222235,3695,24070,5702100
293,216,200,2222019,3711,24270,5844200
294,225,177,2221794,3759,24447,5919200
295,220,188,2221574,3791,24635,5892600
296,215,178,2221359,3828,24813,5804900
297,234,207,2221125,3855,25020,5752100
298,228,195,2220897,3888,25215,6487900
299,208,192,2220689,3904,25407,6443900
300,218,204,2220471,3918,25611,5748600
301,195,211,2220276,3902,25822,5651500
302,230,200,2220046,3932,26022,6259400
303,250,175,2219796,4007,26197,5573900
304,238,189,2219558,4056,26386,5926800
305,232,213,2219326,4075,26599,5695700
306,246,207,2219080,4114,26806,5609800
307,199,208,2218881,4105,27014,5686000
308,199,218,2218682,4086,27232,5606600
309,212,189,2218470,4109,27421,5580400
310,225,199,2218245,4135,27620,5633900
311,232,206,2218013,4161,27826,5633000
312,224,209,2217789,4176,28035,5949500
313,207,216,2217582,4167,28251,5635000
314,223,216,2217359,4174,28467,6584700
315,231,204,2217128,4201,28671,5824700
316,225,213,2216903,4213,28884,5638800
317,201,230,2216702,4184,29114,6057200
318,236,238,2216466,4182,29352,5623000
319,232,198,2216234,4216,29550,5692200
320,230,213,2216004,4233,29763,5612600
321,233,206,2215771,4260,29969,5653900
322,220,218,2215551,4262,30187,5669700
323,229,212,2215322,4279,30399,5595600
324,235,233,2215087,4281,30632,5707100
325,237,208,2214850,4310,30840,5679000
326,207,230,2214643,4287,31070,5652400
327,229,212,2214414,4304,31282,5731000
328,232,220,2214182,4316,31502,5619500
329,223,203,2213959,4336,31705,5642900
330,229,226,2213730,4339,31931,5645900
331,219,240,2213511,4318,32171,5647100
332,249,204,2213262,4363,32375,5658000
333,235,218,2213027,4380,32593,5622400
334,231,222,2212796,4389,32815,5636400
335,210,215,2212586,4384,33030,5725400
336,232,224,2212354,4392,33254,5746500
337,212,200,2212142,4404,33454,5699200
338,244,227,2211898,4421,33681,5677200
339,235,224,2211663,4432,33905,5633900
340,238,210,2211425,4460,34115,5819600
341,260,252,2211165,4468,34367,5663600
342,238,224,2210927,4482,34591,5707900
343,248,215,2210679,4515,34806,5652800
344,252,212,2210427,4555,35018,5613600
345,268,241,2210159,4582,35259,5670400
346,264,210,2209895,4636,35469,5709100
347,253,215,2209642,4674,35684,5761000
348,270,250,2209372,4694,35934,5699200
349,250,242,2209122,4702,36176,5774400
350,235,235,2208887,4702,36411,6000100
351,239,255,2208648,4686,36666,5638900
352,295,232,2208353,4749,36898,6010500
353,270,246,2208083,4773,37144,5729800
354,248,231,2207835,4790,37375,5733700
355,267,265,2207568,4792,37640,5722800
356,291,245,2207277,4838,37885,5690400
357,276,241,2207001,4873,38126,6325300
358,294,266,2206707,4901,38392,5693600
359,261,270,2206446,4892,38662,5997500
360,281,257,2206165,4916,38919,5813800
361,260,253,2205905,4923,39172,5782100
362,256,248,2205649,4931,39420,5786700
363,230,227,2205419,4934,39647,5642900
364,292,264,2205127,4962,39911,5774900
365,233,232,2204894,4963,40143,5708000
366,255,253,2204639,4965,40396,5686700
367,255,249,2204384,4971,40645,5984800
368,254,242,2204130,4983,40887,5712200
369,274,254,2203856,5003,41141,6172000
370,284,250,2203572,5037,41391,5726900
371,270,243,2203302,5064,41634,5632000
372,274,264,2203028,5074,41898,6477000
373,272,252,2202756,5094,42150,5832500
374,238,266,2202518,5066,42416,5835200
375,299,260,2202219,5105,42676,5871500
376,258,253,2201961,5110,42929,6549700
377,277,270,2201684,5117,43199,6142300
378,256,246,2201428,5127,43445,5986400
379,274,248,2201154,5153,43693,5961500
380,279,287,2200875,5145,43980,5917600
381,292,237,2200583,5200,44217,6156300
382,292,267,2200291,5225,44484,5719300
383,284,255,2200007,5254,44739,5735800
384,300,261,2199707,5293,45000,5816500
385,293,246,2199414,5340,45246,5797900
386,301,268,2199113,5373,45514,5802800
387,273,262,2198840,5384,45776,5837400
388,280,250,2198560,5414,46026,5865300
389,290,253,2198270,5451,46279,6845000
390,296,225,2197974,5522,46504,7179600
391,258,280,2197716,5500,46784,5829800
392,287,248,2197429,5539,47032,5818400
393,315,264,2197114,5590,47296,6364400
394,318,257,2196796,5651,47553,5690200
395,297,267,2196499,5681,47820,5657800
396,311,287,2196188,5705,48107,5929000
397,302,290,2195886,5717,48397,5748000
398,271,306,2195615,5682,48703,5898800
399,313,309,2195302,5686,49012,5808100
400,324,270,2194978,5740,49282,6028600
401,289,311,2194689,5718,49593,5789500
402,313,269,2194376,5762,49862,5755600
403,294,294,2194082,5762,50156,5795900
404,309,298,2193773,5773,50454,5775100
405,297,287,2193476,5783,50741,5904300
406,303,274,2193173,5812,51015,5838500
407,318,282,2192855,5848,51297,5673500
408,308,313,2192547,5843,51610,5780800
409,299,283,2192248,5859,51893,5766700
410,318,308,2191930,5869,52201,5906500
411,288,323,2191642,5834,52524,5840900
412,294,286,2191348,5842,52810,5764000
413,299,268,2191049,5873,53078,5859900
414,311,300,2190738,5884,53378,5738900
415,312,307,2190426,5889,53685,5776800
416,322,296,2190104,5915,53981,5767200
417,310,312,2189794,5913,54293,5744700
418,276,311,2189518,5878,54604,5865900
419,263,312,2189255,5829,54916,5786200
420,291,302,2188964,5818,55218,5874500
421,325,301,2188639,5842,55519,5810800
422,300,317,2188339,5825,55836,5738700
423,301,332,2188038,5794,56168,6350500
424,319,298,2187719,5815,56466,5689600
425,327,300,2187392,5842,56766,5975500
426,320,306,2187072,5856,57072,5877000
427,334,301,2186738,5889,57373,5703500
428,312,282,2186426,5919,57655,6169200
429,324,302,2186102,5941,57957,5800800
430,329,287,2185773,5983,58244,6403000
431,322,305,2185451,6000,58549,5905900
432,326,300,2185125,6026,58849,5801800
433,314,292,2184811,6048,59141,5752200
434,305,271,2184506,6082,59412,5727800
435,332,288,2184174,6126,59700,5777700
436,328,323,2183846,6131,60023,5748200
437,299,302,2183547,6128,60325,5746400
438,299,286,2183248,6141,60611,5959500
439,325,318,2182923,6148,60929,5792400
440,334,293,2182589,6189,61222,5981100
441,307,295,2182282,6201,61517,6036200
442,324,279,2181958,6246,61796,6033000
443,326,295,2181632,6277,62091,6992500
444,328,321,2181304,6284,62412,6997900
445,332,301,2180972,6315,62713,6294100
446,341,303,2180631,6353,63016,5801000
447,356,303,2180275,6406,63319,5834800
448,313,297,2179962,6422,63616,5767200
449,324,315,2179638,6431,63931,6022200
450,364,326,2179274,6469,64257,5959100
451,336,354,2178938,6451,64611,5836800
452,333,331,2178605,6453,64942,5908500
453,331,342,2178274,6442,65284,5810800
454,346,298,2177928,6490,65582,5889300
455,334,296,2177594,6528,65878,5839400
456,298,358,2177296,6468,66236,5774700
457,331,305,2176965,6494,66541,5999600
458,328,313,2176637,6509,66854,6021000
459,324,334,2176313,6499,67188,6649600
460,351,343,2175962,6507,67531,6373000
461,363,310,2175599,6560,67841,6322000
462,345,310,2175254,6595,68151,6140600
463,326,332,2174928,6589,68483,6056700
464,365,326,2174563,6628,68809,6317400
465,341,362,2174222,6607,69171,5942800
466,363,330,2173859,6640,69501,6307500
467,335,310,2173524,6665,69811,5885400
468,361,338,2173163,6688,70149,5910400
469,365,328,2172798,6725,70477,6296700
470,318,359,2172480,6684,70836,6269200
471,354,322,2172126,6716,71158,6577900
472,389,322,2171737,6783,71480,5908300
473,384,327,2171353,6840,71807,5943100
474,359,350,2170994,6849,72157,5955700
475,330,345,2170664,6834,72502,6262100
476,338,355,2170326,6817,72857,6050000
477,317,331,2170009,6803,73188,6065700
478,354,342,2169655,6815,73530,6078000
479,354,345,2169301,6824,73875,5985300
480,354,318,2168947,6860,74193,6037400
481,361,346,2168586,6875,74539,6340300
482,340,354,2168246,6861,74893,5946200
483,343,328,2167903,6876,75221,5970100
484,368,309,2167535,6935,75530,5968300
485,326,354,2167209,6907,75884,5971900
486,355,359,2166854,6903,76243,5907700
487,344,347,2166510,6900,76590,5847300
488,331,367,2166179,6864,76957,6019800
489,377,340,2165802,6901,77297,5852100
490,372,329,2165430,6944,77626,6434000
491,366,337,2165064,6973,77963,5878900
492,345,327,2164719,6991,78290,5850500
493,370,374,2164349,6987,78664,5827100
494,379,364,2163970,7002,79028,5795000
495,376,341,2163594,7037,79369,5880100
496,374,355,2163220,7056,79724,5810800
497,352,373,2162868,7035,80097,5789600
498,365,341,2162503,7059,80438,5825200
499,351,333,2162152,7077,80771,5801000
500,380,348,2161772,7109,81119,6135700
501,377,381,2161395,7105,81500,5941100
502,369,370,2161026,7104,81870,6360100
503,383,356,2160643,7131,82226,6036500
504,347,362,2160296,7116,82588,5855300
505,331,335,2159965,7112,82923,6013900
506,390,335,2159575,7167,83258,5826200
507,383,347,2159192,7203,83605,6319200
508,341,365,2158851,7179,83970,5887200
509,373,336,2158478,7216,84306,6317800
510,359,357,2158119,7218,84663,5856700
511,378,323,2157741,7273,84986,5876400
512,421,340,2157320,7354,85326,5897900
513,369,363,2156951,7360,85689,5824100
514,352,375,2156599,7337,86064,6418800
515,387,361,2156212,7363,86425,5867900
516,374,345,2155838,7392,86770,5849900
517,377,360,2155461,7409,87130,5892400
518,411,370,2155050,7450,87500,5843500
519,385,394,2154665,7441,87894,6516600
520,367,395,2154298,7413,88289,5793600
521,375,377,2153923,7411,88666,5905200
522,410,387,2153513,7434,89053,5899300
523,383,388,2153130,7429,89441,5871100
524,379,398,2152751,7410,89839,5901300
525,383,377,2152368,7416,90216,5829300
526,368,367,2152000,7417,90583,5919300
527,391,362,2151609,7446,90945,6124100
528,392,366,2151217,7472,91311,6064000
529,404,379,2150813,7497,91690,6266900
530,400,424,2150413,7473,92114,6397900
531,395,374,2150018,7494,92488,6103700
532,442,389,2149576,7547,92877,5953400
533,379,350,2149197,7576,93227,5954900
534,426,357,2148771,7645,93584,5972400
535,417,366,2148354,7696,93950,5943000
536,438,384,2147916,7750,94334,6013700
537,423,386,2147493,7787,94720,6102600
538,427,379,2147066,7835,95099,6166500
539,399,370,2146667,7864,95469,6173700
540,384,428,2146283,7820,95897,6102200
541,413,374,2145870,7859,96271,6145900
542,427,417,2145443,7869,96688,6073800
543,390,404,2145053,7855,97092,6049600
544,404,418,2144649,7841,97510,6053400
545,456,383,2144193,7914,97893,5989000
546,416,395,2143777,7935,98288,6387900
547,445,379,2143332,8001,98667,6336100
548,418,387,2142914,8032,99054,5940900
549,392,380,2142522,8044,99434,5937100
550,424,423,2142098,8045,99857,6110000
551,431,409,2141667,8067,100266,5912000
552,429,392,2141238,8104,100658,6027500
553,425,410,2140813,8119,101068,6055200
554,409,397,2140404,8131,101465,5946900
555,431,439,2139973,8123,101904,6360100
556,448,392,2139525,8179,102296,5928800
557,442,421,2139083,8200,102717,5864100
558,447,409,2138636,8238,103126,6385300
559,414,426,2138222,8226,103552,5938100
560,387,419,2137835,8194,103971,5930200
561,391,414,2137444,8171,104385,5965000
562,412,416,2137032,8167,104801,6060700
563,405,418,2136627,8154,105219,6167200
564,397,399,2136230,8152,105618,5937500
565,440,394,2135790,8198,106012,5981700
566,430,394,2135360,8234,106406,5880500
567,460,404,2134900,8290,106810,6280700
568,385,409,2134515,8266,107219,5984300
569,410,426,2134105,8250,107645,5932400
570,411,418,2133694,8243,108063,5984200
571,426,416,2133268,8253,108479,5909100
572,453,396,2132815,8310,108875,6043600
573,440,394,2132375,8356,109269,5989900
574,429,445,2131946,8340,109714,6070800
575,440,457,2131506,8323,110171,6150600
576,400,442,2131106,8281,110613,5921700
577,444,415,2130662,8310,111028,5984700
578,465,433,2130197,8342,111461,5929200
579,465,415,2129732,8392,111876,5931900
580,404,449,2129328,8347,112325,5898500
581,438,409,2128890,8376,112734,5906700
582,414,420,2128476,8370,113154,5991600
583,472,440,2128004,8402,113594,6015600
584,433,404,2127571,8431,113998,6390700
585,452,420,2127119,8463,114418,5974500
586,420,447,2126699,8436,114865,6047000
587,451,448,2126248,8439,115313,5980700
588,448,373,2125800,8514,115686,5939700
589,465,437,2125335,8542,116123,6012200
590,464,455,2124871,8551,116578,5929900
591,434,427,2124437,8558,117005,6027700
592,439,440,2123998,8557,117445,6037300
593,457,429,2123541,8585,117874,6055800
594,442,463,2123099,8564,118337,6186800
595,447,437,2122652,8574,118774,6225100
596,464,442,2122188,8596,119216,6245000
597,486,427,2121702,8655,119643,6161100
598,440,452,2121262,8643,120095,6042100
599,435,427,2120827,8651,120522,5989500
600,424,426,2120403,8649,120948,5974000
601,407,428,2119996,8628,121376,6070000
602,476,411,2119520,8693,121787,6006100
603,457,452,2119063,8698,122239,6107300
604,452,418,2118611,8732,122657,6105900
605,465,410,2118146,8787,123067,6008500
606,460,457,2117686,8790,123524,6045100
607,436,431,2117250,8795,123955,6042700
608,450,511,2116800,8734,124466,6201400
609,449,425,2116351,8758,124891,5996600
610,470,411,2115881,8817,125302,5956500
611,469,469,2115412,8817,125771,6040600
612,471,459,2114941,8829,126230,6041900
613,422,442,2114519,8809,126672,6410500
614,482,418,2114037,8873,127090,6094000
615,458,431,2113579,8900,127521,6101300
616,455,467,2113124,8888,127988,6079700
617,496,437,2112628,8947,128425,6042000
618,485,421,2112143,9011,128846,6475300
619,460,431,2111683,9040,129277,6158900
620,448,440,2111235,9048,129717,6116100
621,467,479,2110768,9036,130196,6555800
622,472,428,2110296,9080,130624,6102600
623,452,435,2109844,9097,131059,6332200
624,477,429,2109367,9145,131488,6045700
625,478,445,2108889,9178,131933,6115300
626,498,476,2108391,9200,132409,5992100
627,484,456,2107907,9228,132865,6224600
628,447,478,2107460,9197,133343,6012200
629,469,430,2106991,9236,133773,5973500
630,445,486,2106546,9195,134259,6050800
631,489,461,2106057,9223,134720,5975300
632,474,484,2105583,9213,135204,6028400
633,448,473,2105135,9188,135677,6034700
634,445,480,2104690,9153,136157,6069300
635,476,440,2104214,9189,136597,6144300
636,482,458,2103732,9213,137055,6049300
637,468,446,2103264,9235,137501,6300900
638,513,442,2102751,9306,137943,6058200
639,523,433,2102228,9396,138376,6068900
640,459,481,2101769,9374,138857,6031700
641,471,441,2101298,9404,139298,6204800
642,499,462,2100799,9441,139760,6572700
643,481,504,2100318,9418,140264,6256000
644,423,447,2099895,9394,140711,6468400
645,473,508,2099422,9359,141219,6235600
646,447,465,2098975,9341,141684,6466200
647,452,450,2098523,9343,142134,6385000
648,462,457,2098061,9348,142591,6691000
649,446,479,2097615,9315,143070,6169700
650,451,455,2097164,9311,143525,6170600
651,494,453,2096670,9352,143978,6462700
652,476,490,2096194,9338,144468,6549500
653,439,466,2095755,9311,144934,6302600
654,481,487,2095274,9305,145421,6244800
655,478,493,2094796,9290,145914,6227500
656,465,464,2094331,9291,146378,6260400
657,485,467,2093846,9309,146845,6211900
658,445,475,2093401,9279,147320,6458200
659,487,464,2092914,9302,147784,6161000
660,487,435,2092427,9354,148219,6256800
661,467,498,2091960,9323,148717,6319900
662,464,478,2091496,9309,149195,6535500
663,472,469,2091024,9312,149664,6326100
664,491,490,2090533,9313,150154,6304700
665,446,455,2090087,9304,150609,6276200
666,475,435,2089612,9344,151044,6212700
667,476,453,2089136,9367,151497,6330400
668,453,468,2088683,9352,151965,6200100
669,430,464,2088253,9318,152429,6189100
670,501,470,2087752,9349,152899,6077100
671,482,474,2087270,9357,153373,6044900
672,498,512,2086772,9343,153885,6034600
673,439,481,2086333,9301,154366,6082800
674,469,436,2085864,9334,154802,6147500
675,494,456,2085370,9372,155258,6046300
676,506,476,2084864,9402,155734,6101800
677,524,451,2084340,9475,156185,6034900
678,504,476,2083836,9503,156661,6030600
679,477,470,2083359,9510,157131,6106400
680,531,487,2082828,9554,157618,6030000
681,515,434,2082313,9635,158052,6469500
682,518,519,2081795,9634,158571,6376000
683,559,462,2081236,9731,159033,6387900
684,503,503,2080733,9731,159536,6499600
685,520,442,2080213,9809,159978,6601400
686,577,493,2079636,9893,160471,6236700
687,506,495,2079130,9904,160966,6158800
688,545,489,2078585,9960,161455,6519300
689,539,517,2078046,9982,161972,6057500
690,515,459,2077531,10038,162431,6147200
691,577,511,2076954,10104,162942,6193900
692,533,485,2076421,10152,163427,6184700
693,506,491,2075915,10167,163918,6364600
694,494,508,2075421,10153,164426,6437000
695,524,515,2074897,10162,164941,6514100
696,535,514,2074362,10183,165455,6353000
697,543,557,2073819,10169,166012,6266800
698,539,545,2073280,10163,166557,6405600
699,507,490,2072773,10180,167047,6358600
700,539,518,2072234,10201,167565,6253100
701,526,503,2071708,10224,168068,6124800
702,533,531,2071175,10226,168599,6363800
703,519,507,2070656,10238,169106,6705600
704,520,513,2070136,10245,169619,6522900
705,503,543,2069633,10205,170162,6432500
706,527,533,2069106,10199,170695,6103700
707,498,558,2068608,10139,171253,6077000
708,530,485,2068078,10184,171738,6049700
709,511,492,2067567,10203,172230,6376700
710,507,503,2067060,10207,172733,6129800
711,498,541,2066562,10164,173274,6351800
712,490,494,2066072,10160,173768,6123000
713,497,497,2065575,10160,174265,6195000
714,518,504,2065057,10174,174769,6160800
715,503,509,2064554,10168,175278,6135300
716,538,505,2064016,10201,175783,6236600
717,526,486,2063490,10241,176269,6122900
718,487,484,2063003,10244,176753,6416100
719,530,542,2062473,10232,177295,6104500
720,527,462,2061946,10297,177757,6472400
721,469,517,2061477,10249,178274,6134100
722,493,542,2060984,10200,178816,6126100
723,507,522,2060477,10185,179338,6253100
724,532,484,2059945,10233,179822,6196300
725,490,482,2059455,10241,180304,6199900
726,532,509,2058923,10264,180813,6138200
727,543,525,2058380,10282,181338,6184300
728,541,528,2057839,10295,181866,6181200
729,514,524,2057325,10285,182390,6247200
730,543,518,2056782,10310,182908,6166000
731,506,513,2056276,10303,183421,6100300
732,516,499,2055760,10320,183920,6180500
733,501,526,2055259,10295,184446,6263900
734,505,530,2054754,10270,184976,6684000
735,517,514,2054237,10273,185490,6203100
736,534,481,2053703,10326,185971,6134000
737,511,519,2053192,10318,186490,6178400
738,510,504,2052682,10324,186994,6060000
739,521,537,2052161,10308,187531,6526800
740,550,542,2051611,10316,188073,6120000
741,570,525,2051041,10361,188598,6103400
742,554,508,2050487,10407,189106,6153000
743,516,514,2049971,10409,189620,6192800
744,550,498,2049421,10461,190118,6452500
745,554,496,2048867,10519,190614,6200000
746,560,464,2048307,10615,191078,6220000
747,545,533,2047762,10627,191611,6298900
748,474,546,2047288,10555,192157,6541800
749,519,519,2046769,10555,192676,6359000
750,524,544,2046245,10535,193220,6189000
751,543,528,2045702,10550,193748,6464300
752,498,502,2045204,10546,194250,6104800
753,544,523,2044660,10567,194773,6208800
754,531,513,2044129,10585,195286,6163000
755,516,523,2043613,10578,195809,6183800
756,540,522,2043073,10596,196331,6147800
757,529,537,2042544,10588,196868,6119700
758,536,522,2042008,10602,197390,6161300
759,518,553,2041490,10567,197943,6107700
760,545,504,2040945,10608,198447,6155800
761,533,532,2040412,10609,198979,6133500
762,530,535,2039882,10604,199514,6776000
763,534,514,2039348,10624,200028,6537400
764,572,498,2038776,10698,200526,6218100
765,532,558,2038244,10672,201084,6417400
766,535,515,2037709,10692,201599,6270000
767,531,527,2037178,10696,202126,6202800
768,572,480,2036606,10788,202606,6160400
769,520,528,2036086,10780,203134,6191800
770,562,511,2035524,10831,203645,6188100
771,553,550,2034971,10834,204195,6178200
772,533,566,2034438,10801,204761,6725700
773,517,518,2033921,10800,205279,6261500
774,565,567,2033356,10798,205846,6291100
775,577,523,2032779,10852,206369,6267600
776,540,554,2032239,10838,206923,6438100
777,568,533,2031671,10873,207456,6175800
778,560,526,2031111,10907,207982,6136500
779,558,531,2030553,10934,208513,6540600
780,565,544,2029988,10955,209057,6179500
781,526,536,2029462,10945,209593,6213100
782,578,543,2028884,10980,210136,6187100
783,554,566,2028330,10968,210702,6259300
784,551,556,2027779,10963,211258,6284500
785,565,574,2027214,10954,211832,6225700
786,563,549,2026651,10968,212381,6298500
787,567,521,2026084,11014,212902,6179100
788,542,556,2025542,11000,213458,6220000
789,533,529,2025009,11004,213987,6188700
790,566,542,2024443,11028,214529,6144800
791,608,570,2023835,11066,215099,6178700
792,530,566,2023305,11030,215665,6125600
793,525,531,2022780,11024,216196,6623300
794,524,559,2022256,10989,216755,6225300
795,590,571,2021666,11008,217326,6653600
796,563,528,2021103,11043,217854,6196900
797,555,560,2020548,11038,218414,6169900
798,579,520,2019969,11097,218934,6227300
799,517,570,2019452,11044,219504,6174900
800,560,541,2018892,11063,220045,6280900
801,544,629,2018348,10978,220674,6147200
802,576,560,2017772,10994,221234,6241700
803,516,542,2017256,10968,221776,6274700
804,574,530,2016682,11012,222306,6236300
805,529,586,2016153,10955,222892,6281600
806,556,584,2015597,10927,223476,6171700
807,617,540,2014980,11004,224016,6256800
808,582,525,2014398,11061,224541,6228400
809,538,510,2013860,11089,225051,6168300
810,560,562,2013300,11087,225613,6244100
811,543,533,2012757,11097,226146,6397200
812,547,534,2012210,11110,226680,6742300
813,549,573,2011661,11086,227253,6306500
814,567,502,2011094,11151,227755,6602800
815,565,526,2010529,11190,228281,6241000
816,512,581,2010017,11121,228862,6547500
817,559,543,2009458,11137,229405,6373900
818,559,579,2008899,11117,229984,6291000
819,553,579,2008346,11091,230563,6211500
820,554,587,2007792,11058,231150,6189900
821,552,549,2007240,11061,231699,6503000
822,524,550,2006716,11035,232249,6501600
823,559,524,2006157,11070,232773,7010600
824,612,534,2005545,11148,233307,6943800
825,549,569,2004996,11128,233876,6764500
826,560,536,2004436,11152,234412,6793400
827,562,571,2003874,11143,234983,6630000
828,561,557,2003313,11147,235540,6443900
829,555,493,2002758,11209,236033,6320600
830,560,563,2002198,11206,236596,6829100
831,534,573,2001664,11167,237169,6605700
832,520,547,2001144,11140,237716,6808800
833,548,559,2000596,11129,238275,7094700
834,535,538,2000061,11126,238813,6904300
835,607,596,1999454,11137,239409,6599700
836,576,527,1998878,11186,239936,6551700
837,555,551,1998323,11190,240487,6498500
838,567,578,1997756,11179,241065,7110100
839,579,621,1997177,11137,241686,6600500
840,577,570,1996600,11144,242256,6420600
841,598,566,1996002,11176,242822,6549900
842,567,586,1995435,11157,243408,6592600
843,551,528,1994884,11180,243936,6847400
844,563,559,1994321,11184,244495,6741900
845,609,587,1993712,11206,245082,6925400
846,607,573,1993105,11240,245655,7300600
847,580,605,1992525,11215,246260,6579500
848,547,571,1991978,11191,246831,6521500
849,605,566,1991373,11230,247397,6475800
850,598,555,1990775,11273,247952,6332200
851,547,539,1990228,11281,248491,6592200
852,596,544,1989632,11333,249035,6490000
853,586,589,1989046,11330,249624,6388900
854,582,566,1988464,11346,250190,6231000
855,568,565,1987896,11349,250755,6218900
856,595,575,1987301,11369,251330,6192100
857,596,553,1986705,11412,251883,6166000
858,577,592,1986128,11397,252475,6518700
859,588,613,1985540,11372,253088,6196600
860,613,567,1984927,11418,253655,6214900
861,680,529,1984247,11569,254184,6602100
862,618,555,1983629,11632,254739,6307600
863,596,541,1983033,11687,255280,6250000
864,597,561,1982436,11723,255841,6244300
865,579,589,1981857,11713,256430,6273200
866,592,594,1981265,11711,257024,6243900
867,631,552,1980634,11790,257576,6283100
868,610,576,1980024,11824,258152,6251400
869,592,569,1979432,11847,258721,6207000
870,635,597,1978797,11885,259318,6590100
871,630,630,1978167,11885,259948,6284200
872,658,603,1977509,11940,260551,6275800
873,623,567,1976886,11996,261118,6237600
874,619,633,1976267,11982,261751,6221200
875,649,619,1975618,12012,262370,6651100
876,635,621,1974983,12026,262991,6303200
877,580,606,1974403,12000,263597,6265800
878,657,595,1973746,12062,264192,6293800
879,607,615,1973139,12054,264807,6257000
880,597,591,1972542,12060,265398,6324000
881,636,660,1971906,12036,266058,6346900
882,580,595,1971326,12021,266653,6444500
883,634,617,1970692,12038,267270,6332800
884,603,582,1970089,12059,267852,6318900
885,607,607,1969482,12059,268459,6283700
886,647,601,1968835,12105,269060,6262500
887,620,568,1968215,12157,269628,6331700
888,614,594,1967601,12177,270222,6296300
889,598,607,1967003,12168,270829,6480900
890,643,597,1966360,12214,271426,6293100
891,589,616,1965771,12187,272042,6340500
892,576,602,1965195,12161,272644,6269900
893,663,613,1964532,12211,273257,6620200
894,643,599,1963889,12255,273856,6367500
895,617,583,1963272,12289,274439,6271000
896,631,618,1962641,12302,275057,6686900
897,618,588,1962023,12332,275645,6430300
898,650,629,1961373,12353,276274,6496000
899,607,636,1960766,12324,276910,6392000
900,647,635,1960119,12336,277545,6385100
901,614,663,1959505,12287,278208,6328400
902,614,652,1958891,12249,278860,6673900
903,616,634,1958275,12231,279494,6325800
904,574,599,1957701,12206,280093,6298300
905,625,619,1957076,12212,280712,7264200
906,637,618,1956439,12231,281330,6167700
907,646,665,1955793,12212,281995,6425500
908,600,618,1955193,12194,282613,6239100
909,648,642,1954545,12200,283255,6370100
910,655,601,1953890,12254,283856,6392300
911,690,562,1953200,12382,284418,6310300
912,630,636,1952570,12376,285054,6674700
913,619,653,1951951,12342,285707,6410300
914,616,593,1951335,12365,286300,6385400
915,633,619,1950702,12379,286919,6296600
916,613,600,1950089,12392,287519,6371800
917,590,589,1949499,12393,288108,6456500
918,622,595,1948877,12420,288703,6489200
919,572,598,1948305,12394,289301,6363800
920,652,644,1947653,12402,289945,6421900
921,614,600,1947039,12416,290545,6420900
922,633,639,1946406,12410,291184,6323100
923,686,575,1945720,12521,291759,6381200
924,665,641,1945055,12545,292400,6287700
925,631,638,1944424,12538,293038,6371900
926,606,690,1943818,12454,293728,6338700
927,570,640,1943248,12384,294368,6319400
928,635,588,1942613,12431,294956,6360100
929,642,578,1941971,12495,295534,6325400
930,667,594,1941304,12568,296128,6494100
931,668,619,1940636,12617,296747,6331400
932,628,617,1940008,12628,297364,6361400
933,647,668,1939361,12607,298032,6301800
934,638,645,1938723,12600,298677,6330600
935,668,682,1938055,12586,299359,6320400
936,606,605,1937449,12587,299964,6309000
937,611,620,1936838,12578,300584,6360200
938,624,620,1936214,12582,301204,6311100
939,633,635,1935581,12580,301839,6334200
940,643,608,1934938,12615,302447,6387500
941,661,596,1934277,12680,303043,6397300
942,586,626,1933691,12640,303669,6498500
943,617,613,1933074,12644,304282,6305000
944,627,612,1932447,12659,304894,6364400
945,634,603,1931813,12690,305497,6276900
946,631,652,1931182,12669,306149,6308400
947,642,693,1930540,12618,306842,6327500
948,662,638,1929878,12642,307480,6351800
949,615,655,1929263,12602,308135,6607000
950,577,631,1928686,12548,308766,6369500
951,633,643,1928053,12538,309409,6367600
952,616,632,1927437,12522,310041,6273900
953,655,628,1926782,12549,310669,6819800
954,627,585,1926155,12591,311254,6359300
955,589,614,1925566,12566,311868,6297600
956,650,620,1924916,12596,312488,6552000
957,621,627,1924295,12590,313115,6248900
958,616,606,1923679,12600,313721,6614300
959,672,585,1923007,12687,314306,6425100
960,646,648,1922361,12685,314954,6818300
961,624,610,1921737,12699,315564,6326200
962,653,611,1921084,12741,316175,6328600
963,618,642,1920466,12717,316817,6336100
964,645,631,1919821,12731,317448,6287600
965,647,635,1919174,12743,318083,6362500
966,662,626,1918512,12779,318709,6288400
967,599,626,1917913,12752,319335,6308700
968,634,613,1917279,12773,319948,6281800
969,721,666,1916558,12828,320614,6391700
970,637,615,1915921,12850,321229,6377600
971,640,655,1915281,12835,321884,6317400
972,647,649,1914634,12833,322533,6371500
973,663,666,1913971,12830,323199,6310000
974,651,631,1913320,12850,323830,6678000
975,629,650,1912691,12829,324480,6349800
976,668,651,1912023,12846,325131,6334600
977,638,620,1911385,12864,325751,6651000
978,605,654,1910780,12815,326405,6608300
979,625,670,1910155,12770,327075,6993300
980,679,625,1909476,12824,327700,6844900
981,700,672,1908776,12852,328372,6844900
982,677,642,1908099,12887,329014,6410500
983,651,681,1907448,12857,329695,6373200
984,648,605,1906800,12900,330300,6351100
985,659,621,1906141,12938,330921,6432900
986,638,628,1905503,12948,331549,6470300
987,680,656,1904823,12972,332205,6393500
988,690,625,1904133,13037,332830,6494300
989,679,627,1903454,13089,333457,6503000
990,696,667,1902758,13118,334124,6855400
991,669,626,1902089,13161,334750,7639100
992,664,658,1901425,13167,335408,7936900
993,682,663,1900743,13186,336071,6662000
994,646,655,1900097,13177,336726,6326800
995,650,639,1899447,13188,337365,6352700
996,656,673,1898791,13171,338038,6320100
997,682,686,1898109,13167,338724,6877200
998,672,657,1897437,13182,339381,6851600
999,685,680,1896752,13187,340061,6757100
1000,689,653,1896063,13223,340714,6620100
1001,697,662,1895366,13258,341376,6954600
1002,670,639,1894696,13289,342015,6643500
1003,663,658,1894033,13294,342673,6936800
1004,712,675,1893321,13331,343348,6717000
1005,664,672,1892657,13323,344020,6544600
1006,693,619,1891964,13397,344639,6610200
1007,694,643,1891270,13448,345282,6628900
1008,684,654,1890586,13478,345936,6643100
1009,700,651,1889886,13527,346587,6575400
1010,706,690,1889180,13543,347277,6697600
1011,689,696,1888491,13536,347973,6543700
1012,629,684,1887862,13481,348657,6529000
1013,664,672,1887198,13473,349329,6533900
1014,677,686,1886521,13464,350015,6492300
1015,710,618,1885811,13556,350633,6530200
1016,725,678,1885086,13603,351311,6486000
1017,660,627,1884426,13636,351938,6701500
1018,648,668,1883778,13616,352606,6574600
1019,722,666,1883056,13672,353272,6603700
1020,701,697,1882355,13676,353969,6629300
1021,684,716,1881671,13644,354685,6640600
1022,674,716,1880997,13602,355401,7220800
1023,730,705,1880267,13627,356106,6664100
1024,681,669,1879586,13639,356775,6528300
1025,692,676,1878894,13655,357451,6439500
1026,661,734,1878233,13582,358185,6530800
1027,682,689,1877551,13575,358874,6487200
1028,712,698,1876839,13589,359572,6896400
1029,685,690,1876154,13584,360262,6415700
1030,685,662,1875469,13607,360924,6382900
1031,692,667,1874777,13632,361591,6343700
1032,683,689,1874094,13626,362280,6332500
1033,688,666,1873406,13648,362946,6404700
1034,696,663,1872710,13681,363609,6341400
1035,718,689,1871992,13710,364298,6637000
1036,700,676,1871292,13734,364974,6461500
1037,718,685,1870574,13767,365659,6752900
1038,662,655,1869912,13774,366314,6531600
1039,709,656,1869203,13827,366970,6603400
1040,686,710,1868517,13803,367680,6479000
1041,691,639,1867826,13855,368319,6712000
1042,738,676,1867088,13917,368995,7541600
1043,717,697,1866371,13937,369692,7851400
1044,718,681,1865653,13974,370373,7418600
1045,715,702,1864938,13987,371075,7095900
1046,691,705,1864247,13973,371780,6614100
1047,688,717,1863559,13944,372497,6425800
1048,689,700,1862870,13933,373197,7022600
1049,704,686,1862166,13951,373883,6425300
1050,684,734,1861482,13901,374617,6387600
1051,708,736,1860774,13873,375353,6415900
1052,674,691,1860100,13856,376044,6368100
1053,670,666,1859430,13860,376710,6465200
1054,700,723,1858730,13837,377433,6431800
1055,684,691,1858046,13830,378124,6550700
1056,767,717,1857279,13880,378841,6474700
1057,673,684,1856606,13869,379525,6514300
1058,713,734,1855893,13848,380259,6439000
1059,694,678,1855199,13864,380937,6454900
1060,692,685,1854507,13871,381622,6463200
1061,685,713,1853822,13843,382335,6392500
1062,677,697,1853145,13823,383032,6410500
1063,681,709,1852464,13795,383741,6370000
1064,730,704,1851734,13821,384445,6564600
1065,670,694,1851064,13797,385139,6701700
1066,659,718,1850405,13738,385857,6388300
1067,681,659,1849724,13760,386516,6405300
1068,647,677,1849077,13730,387193,6533600
1069,662,649,1848415,13743,387842,6629800
1070,728,692,1847687,13779,388534,6374800
1071,675,718,1847012,13736,389252,6395200
1072,727,688,1846285,13775,389940,6391800
1073,711,741,1845574,13745,390681,6351900
1074,745,646,1844829,13844,391327,6487600
1075,714,748,1844115,13810,392075,6537300
1076,705,632,1843410,13883,392707,6765700
1077,722,646,1842688,13959,393353,6651200
1078,738,682,1841950,14015,394035,6475500
1079,765,707,1841185,14073,394742,6424900
1080,715,751,1840470,14037,395493,6489000
1081,708,720,1839762,14025,396213,6441600
1082,677,703,1839085,13999,396916,6427700
1083,716,738,1838369,13977,397654,6516200
1084,696,717,1837673,13956,398371,6552900
1085,689,734,1836984,13911,399105,6883800
1086,720,689,1836264,13942,399794,6413600
1087,703,686,1835561,13959,400480,6425800
1088,708,712,1834853,13955,401192,6394500
1089,722,694,1834131,13983,401886,6412100
1090,705,709,1833426,13979,402595,6415600
1091,734,690,1832692,14023,403285,6388300
1092,765,640,1831927,14148,403925,6412300
1093,727,697,1831200,14178,404622,6403200
1094,788,705,1830412,14261,405327,6522700
1095,797,667,1829615,14391,405994,6524300
1096,755,730,1828860,14416,406724,6691600
1097,726,706,1828134,14436,407430,6465400
1098,714,710,1827420,14440,408140,6414100
1099,708,748,1826712,14400,408888,6499200
1100,803,738,1825909,14465,409626,6433600
1101,736,745,1825173,14456,410371,6472100
1102,730,719,1824443,14467,411090,6437500
1103,731,692,1823712,14506,411782,6443200
1104,689,749,1823023,14446,412531,6598300
1105,705,693,1822318,14458,413224,6778300
1106,703,741,1821615,14420,413965,6931100
1107,732,679,1820883,14473,414644,6455800
1108,740,714,1820143,14499,415358,6979800
1109,761,681,1819382,14579,416039,6414100
1110,766,741,1818616,14604,416780,6500500
1111,757,734,1817859,14627,417514,6722700
1112,721,726,1817138,14622,418240,6487500
1113,756,719,1816382,14659,418959,6488400
1114,767,730,1815615,14696,419689,6563900
1115,766,735,1814849,14727,420424,6522000
1116,751,708,1814098,14770,421132,6594700
1117,711,713,1813387,14768,421845,6732000
1118,752,766,1812635,14754,422611,6504900
1119,719,753,1811916,14720,423364,6543300
1120,766,742,1811150,14744,424106,6475200
1121,734,720,1810416,14758,424826,6721800
1122,756,787,1809660,14727,425613,6509500
1123,719,730,1808941,14716,426343,6880400
1124,744,734,1808197,14726,427077,6798300
1125,732,750,1807465,14708,427827,6742100
1126,709,725,1806756,14692,428552,6847500
1127,763,747,1805993,14708,429299,7089700
1128,763,726,1805230,14745,430025,6753900
1129,784,752,1804446,14777,430777,6597400
1130,790,683,1803656,14884,431460,6629900
1131,758,725,1802898,14917,432185,6543100
1132,764,767,1802134,14914,432952,6634800
1133,759,731,1801375,14942,433683,6633900
1134,775,757,1800600,14960,434440,6582300
1135,767,758,1799833,14969,435198,6594800
1136,805,725,1799028,15049,435923,6572000
1137,771,777,1798257,15043,436700,6808300
1138,709,779,1797548,14973,437479,6548900
1139,737,776,1796811,14934,438255,6464100
1140,771,742,1796040,14963,438997,6475000
1141,740,738,1795300,14965,439735,6433800
1142,739,863,1794561,14841,440598,6882000
1143,725,725,1793836,14841,441323,6559400
1144,755,741,1793081,14855,442064,6886400
1145,757,698,1792324,14914,442762,6531200
1146,751,737,1791573,14928,443499,6523200
1147,790,736,1790783,14982,444235,6760400
1148,771,728,1790012,15025,444963,6959600
1149,772,734,1789240,15063,445697,6824400
1150,767,763,1788473,15067,446460,6645800
1151,720,739,1787753,15048,447199,6715500
1152,745,779,1787008,15014,447978,6660700
1153,739,746,1786269,15007,448724,6839600
1154,764,703,1785505,15068,449427,6492300
1155,708,727,1784797,15049,450154,6727500
1156,765,794,1784032,15020,450948,6547500
1157,775,784,1783257,15011,451732,6557100
1158,757,790,1782500,14978,452522,6554500
1159,773,782,1781727,14969,453304,6542000
1160,755,749,1780972,14975,454053,6750600
1161,764,736,1780208,15003,454789,6584800
1162,760,724,1779448,15039,455513,6581500
1163,744,771,1778704,15012,456284,6624000
1164,700,786,1778004,14926,457070,6567400
1165,712,766,1777292,14872,457836,6482700
1166,748,740,1776544,14880,458576,6492700
1167,739,718,1775805,14901,459294,6478100
1168,738,680,1775067,14959,459974,6470200
1169,702,763,1774365,14898,460737,6667900
1170,701,724,1773664,14875,461461,6473800
1171,763,796,1772901,14842,462257,7326700
1172,670,746,1772231,14766,463003,6719700
1173,737,714,1771494,14789,463717,7073100
1174,734,795,1770760,14728,464512,6712300
1175,701,733,1770059,14696,465245,6786700
1176,710,736,1769349,14670,465981,6834700
1177,715,708,1768634,14677,466689,6688900
1178,677,757,1767957,14597,467446,6649300
1179,728,752,1767229,14573,468198,6687200
1180,692,724,1766537,14541,468922,7117800
1181,735,745,1765802,14531,469667,6731200
1182,689,745,1765113,14475,470412,6715800
1183,729,715,1764384,14489,471127,6700300
1184,734,744,1763650,14479,471871,6679500
1185,752,743,1762898,14488,472614,6767400
1186,706,722,1762192,14472,473336,6751800
1187,704,724,1761488,14452,474060,6870000
1188,717,696,1760771,14473,474756,7002700
1189,746,705,1760025,14514,475461,6905900
1190,767,733,1759258,14548,476194,6801600
1191,748,729,1758510,14567,476923,6677900
1192,754,721,1757756,14600,477644,6652400
1193,762,739,1756994,14623,478383,6696900
1194,713,759,1756281,14577,479142,6746400
1195,769,699,1755512,14647,479841,6712500
1196,738,775,1754774,14610,480616,6752100
1197,757,742,1754017,14625,481358,6713100
1198,741,725,1753276,14641,482083,6627200
1199,733,756,1752543,14618,482839,6600900
1200,765,739,1751778,14644,483578,6975300
1201,758,742,1751020,14660,484320,6713300
1202,793,725,1750227,14728,485045,7325800
1203,774,741,1749453,14761,485786,7314100
1204,749,724,1748704,14786,486510,7157800
1205,760,753,1747944,14793,487263,6755500
1206,745,739,1747199,14799,488002,6876600
1207,784,755,1746415,14828,488757,7128500
1208,723,734,1745692,14817,489491,7419600
1209,757,727,1744935,14847,490218,7312800
1210,732,775,1744203,14804,490993,6872100
1211,808,700,1743395,14912,491693,6915600
1212,784,716,1742611,14980,492409,7052200
1213,775,755,1741836,15000,493164,6904100
1214,787,735,1741049,15052,493899,6856000
1215,802,732,1740247,15122,494631,7058200
1216,741,778,1739506,15085,495409,6844100
1217,769,771,1738737,15083,496180,6919900
1218,809,743,1737928,15149,496923,6742300
1219,747,788,1737181,15108,497711,7248500
1220,754,726,1736427,15136,498437,6890900
1221,767,746,1735660,15157,499183,7791000
1222,721,721,1734939,15157,499904,7332600
1223,810,769,1734129,15198,500673,7551400
1224,809,739,1733320,15268,501412,6817900
1225,816,751,1732504,15333,502163,7425600
1226,768,809,1731736,15292,502972,6867700
1227,819,727,1730917,15384,503699,6963000
1228,803,742,1730114,15445,504441,6743000
1229,764,766,1729350,15443,505207,7165400
1230,769,759,1728581,15453,505966,6816100
1231,793,726,1727788,15520,506692,6839600
1232,800,753,1726988,15567,507445,6732500
1233,772,755,1726216,15584,508200,6886800
1234,776,782,1725440,15578,508982,6916700
1235,799,801,1724641,15576,509783,6771400
1236,781,747,1723860,15610,510530,6836700
1237,779,803,1723081,15586,511333,6850700
1238,806,760,1722275,15632,512093,8634600
1239,794,769,1721481,15657,512862,7082300
1240,779,791,1720702,15645,513653,7010600
1241,771,786,1719931,15630,514439,6973600
1242,781,787,1719150,15624,515226,7585200
1243,739,810,1718411,15553,516036,6903000
1244,747,793,1717664,15507,516829,7285000
1245,776,782,1716888,15501,517611,6911400
1246,756,771,1716132,15486,518382,7308500
1247,792,771,1715340,15507,519153,7225700
1248,783,794,1714557,15496,519947,7395900
1249,801,747,1713756,15550,520694,6761000
1250,771,773,1712985,15548,521467,6748700
1251,745,787,1712240,15506,522254,6755900
1252,759,758,1711481,15507,523012,6718700
1253,702,750,1710779,15459,523762,7044700
1254,743,752,1710036,15450,524514,6837900
1255,771,761,1709265,15460,525275,7304100
1256,712,751,1708553,15421,526026,7261300
1257,797,820,1707756,15398,526846,7417500
1258,797,765,1706959,15430,527611,8038700
1259,778,840,1706181,15368,528451,7073200
1260,725,759,1705456,15334,529210,6647000
1261,784,776,1704672,15342,529986,6632300
1262,746,732,1703926,15356,530718,6602600
1263,733,761,1703193,15328,531479,6735900
1264,768,780,1702425,15316,532259,6812300
1265,744,806,1701681,15254,533065,6916200
1266,753,773,1700928,15234,533838,7079000
1267,758,749,1700170,15243,534587,7334900
1268,755,760,1699415,15238,535347,6959600
1269,775,776,1698640,15237,536123,6804400
1270,838,751,1697802,15324,536874,7145000
1271,729,751,1697073,15302,537625,6948100
1272,857,770,1696216,15389,538395,7635500
1273,756,725,1695460,15420,539120,8541900
1274,771,746,1694689,15445,539866,7001700
1275,785,764,1693904,15466,540630,6787900
1276,769,775,1693135,15460,541405,6857400
1277,748,768,1692387,15440,542173,7021200
1278,791,746,1691596,15485,542919,7062500
1279,805,829,1690791,15461,543748,6611800
1280,822,773,1689969,15510,544521,6640800
1281,774,757,1689195,15527,545278,6674300
1282,731,789,1688464,15469,546067,6878100
1283,754,762,1687710,15461,546829,6644100
1284,776,811,1686934,15426,547640,6576300
1285,774,803,1686160,15397,548443,6760700
1286,795,773,1685365,15419,549216,6566100
1287,796,774,1684569,15441,549990,7022200
1288,796,787,1683773,15450,550777,6561600
1289,764,781,1683009,15433,551558,6587400
1290,783,799,1682226,15417,552357,6867200
1291,840,780,1681386,15477,553137,7147400
1292,801,801,1680585,15477,553938,6874200
1293,778,794,1679807,15461,554732,6767100
1294,708,763,1679099,15406,555495,6616200
1295,754,754,1678345,15406,556249,6633200
1296,755,777,1677590,15384,557026,6721200
1297,756,829,1676834,15311,557855,6595100
1298,763,800,1676071,15274,558655,6663700
1299,779,791,1675292,15262,559446,6597100
1300,802,762,1674490,15302,560208,6783400
1301,759,809,1673731,15252,561017,6618000
1302,782,777,1672949,15257,561794,6913300
1303,717,778,1672232,15196,562572,6549100
1304,741,739,1671491,15198,563311,6509600
1305,771,750,1670720,15219,564061,6638100
1306,773,790,1669947,15202,564851,6545700
1307,756,779,1669191,15179,565630,6542700
1308,715,745,1668476,15149,566375,6549900
1309,791,756,1667685,15184,567131,6586100
1310,789,784,1666896,15189,567915,6638900
1311,775,815,1666121,15149,568730,6870900
1312,778,754,1665343,15173,569484,6650900
1313,769,738,1664574,15204,570222,6561600
1314,760,743,1663814,15221,570965,6864500
1315,729,756,1663085,15194,571721,6471900
1316,736,731,1662349,15199,572452,6725400
1317,720,750,1661629,15169,573202,6524100
1318,760,744,1660869,15185,573946,6853400
1319,772,746,1660097,15211,574692,6648400
1320,792,739,1659305,15264,575431,6811800
1321,760,765,1658545,15259,576196,6622700
1322,744,727,1657801,15276,576923,6570000
1323,797,736,1657004,15337,577659,6856400
1324,820,773,1656184,15384,578432,6500800
1325,823,766,1655361,15441,579198,6662300
1326,778,788,1654583,15431,579986,6568800
1327,784,716,1653799,15499,580702,6680700
1328,784,741,1653015,15542,581443,6913900
1329,832,806,1652183,15568,582249,7867100
1330,819,752,1651364,15635,583001,6769100
1331,789,742,1650575,15682,583743,7396500
1332,785,785,1649790,15682,584528,6664100
1333,819,832,1648971,15669,585360,6615400
1334,839,753,1648132,15755,586113,6511100
1335,813,770,1647319,15798,586883,6540600
1336,803,764,1646516,15837,587647,6742400
1337,800,812,1645716,15825,588459,6541600
1338,773,779,1644943,15819,589238,7115900
1339,876,779,1644067,15916,590017,6923000
1340,859,842,1643208,15933,590859,7163600
1341,832,804,1642376,15961,591663,6921500
1342,795,747,1641581,16009,592410,6819900
1343,772,835,1640809,15946,593245,6901900
1344,814,792,1639995,15968,594037,6899300
1345,784,806,1639211,15946,594843,7732700
1346,781,859,1638430,15868,595702,7433900
1347,813,811,1637617,15870,596513,7262300
1348,820,823,1636797,15867,597336,6914500
1349,814,765,1635983,15916,598101,6857700
1350,794,804,1635189,15906,598905,6737900
1351,808,864,1634381,15850,599769,6938400
1352,833,812,1633548,15871,600581,7044600
1353,788,799,1632760,15860,601380,6854000
1354,869,708,1631891,16021,602088,6775700
1355,809,805,1631082,16025,602893,7177000
1356,822,810,1630260,16037,603703,7358400
1357,835,784,1629425,16088,604487,6838100
1358,811,759,1628614,16140,605246,6786200
1359,840,815,1627774,16165,606061,6744400
1360,792,783,1626982,16174,606844,7404700
1361,793,818,1626189,16149,607662,6749800
1362,810,744,1625379,16215,608406,6934100
1363,816,848,1624563,16183,609254,6753700
1364,761,875,1623802,16069,610129,7136800
1365,774,818,1623028,16025,610947,6712300
1366,773,791,1622255,16007,611738,6764400
1367,826,777,1621429,16056,612515,6596000
1368,789,833,1620640,16012,613348,6604300
1369,788,838,1619852,15962,614186,6596200
1370,799,808,1619053,15953,614994,6720200
1371,835,746,1618218,16042,615740,6654200
1372,721,795,1617497,15968,616535,6567700
1373,758,811,1616739,15915,617346,7027900
1374,793,798,1615946,15910,618144,6640400
1375,846,790,1615100,15966,618934,7085800
1376,814,790,1614286,15990,619724,6665500
1377,821,805,1613465,16006,620529,7114100
1378,835,835,1612630,16006,621364,6609300
1379,799,761,1611831,16044,622125,7341000
1380,833,767,1610998,16110,622892,6685600
1381,791,768,1610207,16133,623660,6589200
1382,794,812,1609413,16115,624472,6628700
1383,816,844,1608597,16087,625316,6635700
1384,823,758,1607774,16152,626074,6777200
1385,820,770,1606954,16202,626844,6737100
1386,791,798,1606163,16195,627642,7065100
1387,862,834,1605301,16223,628476,6600000
1388,855,826,1604446,16252,629302,7135100
1389,857,811,1603589,16298,630113,6568200
1390,837,811,1602752,16324,630924,6566700
1391,805,797,1601947,16332,631721,6697600
1392,787,824,1601160,16295,632545,6565700
1393,815,787,1600345,16323,633332,6923600
1394,813,840,1599532,16296,634172,6792400
1395,832,795,1598700,16333,634967,7035500
1396,838,799,1597862,16372,635766,6608000
1397,778,770,1597084,16380,636536,6893100
1398,854,837,1596230,16397,637373,6620700
1399,861,789,1595369,16469,638162,7180300
1400,812,851,1594557,16430,639013,6674300
1401,812,826,1593745,16416,639839,6595100
1402,818,801,1592927,16433,640640,6769000
1403,832,828,1592095,16437,641468,6653000
1404,855,823,1591240,16469,642291,6999600
1405,826,813,1590414,16482,643104,6680400
1406,780,860,1589634,16402,643964,7140600
1407,854,832,1588780,16424,644796,6916300
1408,828,809,1587952,16443,645605,7158600
1409,789,870,1587163,16362,646475,6897400
1410,822,811,1586341,16373,647286,7064000
1411,802,826,1585539,16349,648112,6870000
1412,843,860,1584696,16332,648972,6994300
1413,842,857,1583854,16317,649829,6782500
1414,859,816,1582995,16360,650645,6788600
1415,807,793,1582188,16374,651438,6798200
1416,832,804,1581356,16402,652242,6671900
1417,831,843,1580525,16390,653085,6739700
1418,837,805,1579688,16422,653890,6707400
1419,815,821,1578873,16416,654711,6904200
1420,800,823,1578073,16393,655534,6599800
1421,778,861,1577295,16310,656395,6738900
1422,801,780,1576494,16331,657175,6919500
1423,782,845,1575712,16268,658020,6673200
1424,796,792,1574916,16272,658812,6868100
1425,763,799,1574153,16236,659611,6645800
1426,804,798,1573349,16242,660409,7001000
1427,807,821,1572542,16228,661230,6602100
1428,807,786,1571735,16249,662016,6976600
1429,835,823,1570900,16261,662839,7098100
1430,794,794,1570106,16261,663633,6592500
1431,836,744,1569270,16353,664377,6624500
1432,778,814,1568492,16317,665191,6734500
1433,820,799,1567672,16338,665990,6928000
1434,787,850,1566885,16275,666840,6606900
1435,802,813,1566083,16264,667653,6779200
1436,806,839,1565277,16231,668492,6861100
1437,760,817,1564517,16174,669309,6949600
1438,782,841,1563735,16115,670150,6854400
1439,781,841,1562954,16055,670991,7090000
1440,827,789,1562127,16093,671780,6623400
1441,809,796,1561318,16106,672576,6884400
1442,768,863,1560550,16011,673439,7238500
1443,765,842,1559785,15934,674281,6895200
1444,858,818,1558927,15974,675099,6755500
1445,835,823,1558092,15986,675922,6623800
1446,803,790,1557289,15999,676712,6667700
1447,767,813,1556522,15953,677525,6652700
1448,788,823,1555734,15918,678348,6741200
1449,781,798,1554953,15901,679146,6550800
1450,794,816,1554159,15879,679962,6896600
1451,750,798,1553409,15831,680760,6719300
1452,817,788,1552592,15860,681548,6716800
1453,756,806,1551836,15810,682354,6635100
1454,792,740,1551044,15862,683094,6628500
1455,811,817,1550233,15856,683911,7303500
1456,754,801,1549479,15809,684712,6713800
1457,838,768,1548641,15879,685480,7043500
1458,799,792,1547842,15886,686272,6717100
1459,781,783,1547061,15884,687055,6854300
1460,794,762,1546267,15916,687817,6690900
1461,790,765,1545477,15941,688582,7008800
1462,828,839,1544649,15930,689421,6734300
1463,825,831,1543824,15924,690252,6641900
1464,816,805,1543008,15935,691057,6601300
1465,862,787,1542146,16010,691844,6601100
1466,839,769,1541307,16080,692613,6913800
1467,834,806,1540473,16108,693419,6586100
1468,798,822,1539675,16084,694241,6650800
1469,791,747,1538884,16128,694988,6639700
1470,899,854,1537985,16173,695842,6735600
1471,794,826,1537191,16141,696668,6900600
1472,757,823,1536434,16075,697491,7028600
1473,799,788,1535635,16086,698279,6844800
1474,768,739,1534867,16115,699018,6689700
1475,751,810,1534116,16056,699828,7005100
1476,774,809,1533342,16021,700637,6559800
1477,768,788,1532574,16001,701425,6609100
1478,743,845,1531831,15899,702270,6622200
1479,676,787,1531155,15788,703057,6907100
1480,680,742,1530475,15726,703799,6712200
1481,720,780,1529755,15666,704579,7063200
1482,723,775,1529032,15614,705354,6661200
1483,745,786,1528287,15573,706140,6896400
1484,722,792,1527565,15503,706932,7150500
1485,773,776,1526792,15500,707708,6527800
1486,730,771,1526062,15459,708479,7035800
1487,772,775,1525290,15456,709254,6611800
1488,719,818,1524571,15357,710072,6818600
1489,762,762,1523809,15357,710834,6973000
1490,785,786,1523024,15356,711620,7032200
1491,786,797,1522238,15345,712417,6545600
1492,700,764,1521538,15281,713181,6540400
1493,701,809,1520837,15173,713990,6869100
1494,775,767,1520062,15181,714757,6557800
1495,739,740,1519323,15180,715497,6969000
1496,747,762,1518576,15165,716259,6634400
1497,773,741,1517803,15197,717000,7623800
1498,741,774,1517062,15164,717774,7185800
1499,792,760,1516270,15196,718534,6699500
1500,745,797,1515525,15144,719331,6619700
1501,753,740,1514772,15157,720071,7343100
1502,760,789,1514012,15128,720860,6589400
1503,702,742,1513310,15088,721602,6776800
1504,764,729,1512546,15123,722331,6568500
1505,775,731,1511771,15167,723062,6565000
1506,765,746,1511006,15186,723808,6901100
1507,771,742,1510235,15215,724550,6826800
1508,790,703,1509445,15302,725253,6757400
1509,803,762,1508642,15343,726015,6934100
1510,692,750,1507950,15285,726765,6874000
1511,766,764,1507184,15287,727529,6839700
1512,770,790,1506414,15267,728319,7050700
1513,750,770,1505664,15247,729089,7153100
1514,809,793,1504855,15263,729882,7882300
1515,795,794,1504060,15264,730676,6935000
1516,794,763,1503266,15295,731439,6856800
1517,773,699,1502493,15369,732138,6857800
1518,786,766,1501707,15389,732904,6778900
1519,728,754,1500979,15363,733658,6860300
1520,767,791,1500212,15339,734449,6751800
1521,766,749,1499446,15356,735198,6791200
1522,765,749,1498681,15372,735947,6740900
1523,791,744,1497890,15419,736691,6807700
1524,768,795,1497122,15392,737486,6903900
1525,776,769,1496346,15399,738255,6966500
1526,768,791,1495578,15376,739046,6944300
1527,805,766,1494773,15415,739812,6806500
1528,830,764,1493943,15481,740576,7314700
1529,806,794,1493137,15493,741370,6703600
1530,816,766,1492321,15543,742136,7071100
1531,781,771,1491540,15553,742907,6716300
1532,818,777,1490722,15594,743684,6948200
1533,827,812,1489895,15609,744496,7205200
1534,751,777,1489144,15583,745273,7708200
1535,753,800,1488391,15536,746073,6786700
1536,803,763,1487588,15576,746836,6967300
1537,734,774,1486854,15536,747610,6756700
1538,749,785,1486105,15500,748395,6614400
1539,754,782,1485351,15472,749177,6719500
1540,733,772,1484618,15433,749949,6589200
1541,738,764,1483880,15407,750713,6994700
1542,711,771,1483169,15347,751484,6579800
1543,778,723,1482391,15402,752207,6587200
1544,730,793,1481661,15339,753000,6573300
1545,763,740,1480898,15362,753740,6674000
1546,755,782,1480143,15335,754522,6639200
1547,736,797,1479407,15274,755319,6607500
1548,795,772,1478612,15297,756091,6895400
1549,746,747,1477866,15296,756838,6797900
1550,787,767,1477079,15316,757605,7267300
1551,748,761,1476331,15303,758366,7314300
1552,783,756,1475548,15330,759122,7152700
1553,767,769,1474781,15328,759891,6951300
1554,762,779,1474019,15311,760670,6950700
1555,778,729,1473241,15360,761399,6803800
1556,778,737,1472463,15401,762136,7248800
1557,779,777,1471684,15403,762913,7753000
1558,748,781,1470936,15370,763694,6679400
1559,795,781,1470141,15384,764475,6653300
1560,727,754,1469414,15357,765229,6878000
1561,774,833,1468640,15298,766062,7035000
1562,799,782,1467841,15315,766844,6646400
1563,836,743,1467005,15408,767587,6796800
1564,750,777,1466255,15381,768364,6675500
1565,778,796,1465477,15363,769160,6730800
1566,759,784,1464718,15338,769944,6613500
1567,738,751,1463980,15325,770695,6957600
1568,792,765,1463188,15352,771460,6594000
1569,757,770,1462431,15339,772230,6612600
1570,751,754,1461680,15336,772984,6608300
1571,784,774,1460896,15346,773758,6954900
1572,742,782,1460154,15306,774540,6997900
1573,787,764,1459367,15329,775304,6637600
1574,770,775,1458597,15324,776079,6746000
1575,796,755,1457801,15365,776834,6605300
1576,763,785,1457038,15343,777619,6615200
1577,789,794,1456249,15338,778413,6585200
1578,750,745,1455499,15343,779158,6532200
1579,784,798,1454715,15329,779956,6598800
1580,784,754,1453931,15359,780710,6692700
1581,834,806,1453097,15387,781516,6791800
1582,770,759,1452327,15398,782275,6750400
1583,783,715,1451544,15466,782990,6842200
1584,832,734,1450712,15564,783724,6801100
1585,737,790,1449975,15511,784514,6972800
1586,799,743,1449176,15567,785257,6720200
1587,778,795,1448398,15550,786052,6631000
1588,801,787,1447597,15564,786839,7108800
1589,768,751,1446829,15581,787590,6556200
1590,843,797,1445986,15627,788387,6663400
1591,789,806,1445197,15610,789193,6531900
1592,804,753,1444393,15661,789946,6599600
1593,808,729,1443585,15740,790675,6682900
1594,809,811,1442776,15738,791486,7113700
1595,821,813,1441955,15746,792299,6651600
1596,786,798,1441169,15734,793097,6606700
1597,816,778,1440353,15772,793875,6848900
1598,829,817,1439524,15784,794692,6549100
1599,808,807,1438716,15785,795499,7004100
1600,777,789,1437939,15773,796288,6637300
1601,764,761,1437175,15776,797049,6605400
1602,799,777,1436376,15798,797826,6628900
1603,788,850,1435588,15736,798676,6915400
1604,780,741,1434808,15775,799417,6670200
1605,803,815,1434005,15763,800232,6665000
1606,774,780,1433231,15757,801012,6684200
1607,806,801,1432425,15762,801813,6605800
1608,739,844,1431686,15657,802657,7088700
1609,810,803,1430876,15664,803460,6588900
1610,815,797,1430061,15682,804257,6620600
1611,758,786,1429303,15654,805043,6655100
1612,756,767,1428547,15643,805810,6679600
1613,747,804,1427800,15586,806614,6832600
1614,767,775,1427033,15578,807389,6770800
1615,773,759,1426260,15592,808148,6807700
1616,782,768,1425478,15606,808916,6742100
1617,792,779,1424686,15619,809695,6645200
1618,718,758,1423968,15579,810453,6968300
1619,768,743,1423200,15604,811196,8415900
1620,736,800,1422464,15540,811996,7865800
1621,758,785,1421706,15513,812781,8715300
1622,755,803,1420951,15465,813584,7576000
1623,777,740,1420174,15502,814324,7233500
1624,744,786,1419430,15460,815110,7186700
1625,763,807,1418667,15416,815917,8928200
1626,751,781,1417916,15386,816698,8990100
1627,724,800,1417192,15310,817498,7497400
1628,760,802,1416432,15268,818300,7053500
1629,733,801,1415699,15200,819101,7253000
1630,758,816,1414941,15142,819917,6825700
1631,736,786,1414205,15092,820703,7004900
1632,774,749,1413431,15117,821452,6799400
1633,762,755,1412669,15124,822207,6824900
1634,800,758,1411869,15166,822965,6879500
1635,787,803,1411082,15150,823768,6700200
1636,802,789,1410280,15163,824557,6956600
1637,763,746,1409517,15180,825303,6694700
1638,736,774,1408781,15142,826077,7068200
1639,791,758,1407990,15175,826835,6800000
1640,828,740,1407162,15263,827575,7185300
1641,746,722,1406416,15287,828297,6861400
1642,748,796,1405668,15239,829093,7138800
1643,817,789,1404851,15267,829882,6819500
1644,721,764,1404130,15224,830646,6668600
1645,764,763,1403366,15225,831409,6956100
1646,789,775,1402577,15239,832184,6644800
1647,821,707,1401756,15353,832891,6710100
1648,783,761,1400973,15375,833652,6876200
1649,804,754,1400169,15425,834406,7041200
1650,780,736,1399389,15469,835142,6769000
1651,767,768,1398622,15468,835910,6717400
1652,803,765,1397819,15506,836675,6653200
1653,817,789,1397002,15534,837464,6698900
1654,790,816,1396212,15508,838280,6764900
1655,820,809,1395392,15519,839089,6689100
1656,741,751,1394651,15509,839840,7187000
1657,769,780,1393882,15498,840620,6759600
1658,773,766,1393109,15505,841386,7295600
1659,778,828,1392331,15455,842214,6747700
1660,777,836,1391554,15396,843050,6766500
1661,801,788,1390753,15409,843838,6715200
1662,794,730,1389959,15473,844568,6706400
1663,776,769,1389183,15480,845337,6758900
1664,805,745,1388378,15540,846082,6854200
1665,737,804,1387641,15473,846886,7183500
1666,796,809,1386845,15460,847695,6759600
1667,776,738,1386069,15498,848433,7091900
1668,820,805,1385249,15513,849238,6864800
1669,779,799,1384470,15493,850037,7336200
1670,821,777,1383649,15537,850814,7145100
1671,814,790,1382835,15561,851604,7254000
1672,811,765,1382024,15607,852369,7511100
1673,820,762,1381204,15665,853131,7536700
1674,784,776,1380420,15673,853907,7347700
1675,768,783,1379652,15658,854690,6815800
1676,834,814,1378818,15678,855504,6843100
1677,772,814,1378046,15636,856318,6761500
1678,770,753,1377276,15653,857071,7124700
1679,805,729,1376471,15729,857800,7169100
1680,820,793,1375651,15756,858593,6895500
1681,819,820,1374832,15755,859413,6964500
1682,827,761,1374005,15821,860174,7115200
1683,821,756,1373184,15886,860930,6785500
1684,738,777,1372446,15847,861707,6797000
1685,775,758,1371671,15864,862465,6825100
1686,784,772,1370887,15876,863237,6913700
1687,812,869,1370075,15819,864106,6847800
1688,776,828,1369299,15767,864934,6804700
1689,756,777,1368543,15746,865711,7626100
1690,761,804,1367782,15703,866515,7190900
1691,806,779,1366976,15730,867294,7329600
1692,784,760,1366192,15754,868054,7092400
1693,780,787,1365412,15747,868841,7429000
1694,766,829,1364646,15684,869670,7126100
1695,774,788,1363872,15670,870458,7691900
1696,756,796,1363116,15630,871254,6998100
1697,808,772,1362308,15666,872026,7372000
1698,766,783,1361542,15649,872809,6855800
1699,782,804,1360760,15627,873613,6873200
1700,732,800,1360028,15559,874413,7057800
1701,758,772,1359270,15545,875185,6874100
1702,786,782,1358484,15549,875967,7202800
1703,738,814,1357746,15473,876781,7341000
1704,716,745,1357030,15444,877526,7254200
1705,726,730,1356304,15440,878256,6838200
1706,790,809,1355514,15421,879065,7042700
1707,761,704,1354753,15478,879769,6623900
1708,771,724,1353982,15525,880493,6641500
1709,765,767,1353217,15523,881260,6564800
1710,778,770,1352439,15531,882030,6632900
1711,749,806,1351690,15474,882836,6576600
1712,783,789,1350907,15468,883625,6565900
1713,786,776,1350121,15478,884401,6900000
1714,777,774,1349344,15481,885175,6724000
1715,729,790,1348615,15420,885965,6970600
1716,807,760,1347808,15467,886725,6636700
1717,803,766,1347005,15504,887491,6833000
1718,762,806,1346243,15460,888297,6640500
1719,785,787,1345458,15458,889084,7077500
1720,792,743,1344666,15507,889827,6702600
1721,775,769,1343891,15513,890596,6543100
1722,792,775,1343099,15530,891371,6661700
1723,750,788,1342349,15492,892159,6622300
1724,802,770,1341547,15524,892929,6908600
1725,780,767,1340767,15537,893696,6906800
1726,755,768,1340012,15524,894464,6676300
1727,769,803,1339243,15490,895267,6822200
1728,800,789,1338443,15501,896056,7068600
1729,786,795,1337657,15492,896851,6866000
1730,832,774,1336825,15550,897625,6760200
1731,774,770,1336051,15554,898395,6674600
1732,778,760,1335273,15572,899155,6591800
1733,799,785,1334474,15586,899940,6889300
1734,751,795,1333723,15542,900735,6696300
1735,770,776,1332953,15536,901511,6999800
1736,753,769,1332200,15520,902280,6597100
1737,773,757,1331427,15536,903037,6989600
1738,758,737,1330669,15557,903774,6619000
1739,793,759,1329876,15591,904533,6855700
1740,739,726,1329137,15604,905259,7022100
1741,793,769,1328344,15628,906028,6807200
1742,802,747,1327542,15683,906775,7022000
1743,756,802,1326786,15637,907577,7382100
1744,760,748,1326026,15649,908325,6833800
1745,781,782,1325245,15648,909107,6831100
1746,769,786,1324476,15631,909893,7043300
1747,761,809,1323715,15583,910702,6737600
1748,757,764,1322958,15576,911466,7563400
1749,760,778,1322198,15558,912244,6607200
1750,739,779,1321459,15518,913023,6856100
1751,758,795,1320701,15481,913818,6672200
1752,813,752,1319888,15542,914570,6703300
1753,780,762,1319108,15560,915332,7609500
1754,811,808,1318297,15563,916140,6711200
1755,748,787,1317549,15524,916927,6934000
1756,777,802,1316772,15499,917729,6814200
1757,737,751,1316035,15485,918480,7269300
1758,708,757,1315327,15436,919237,6875500
1759,747,801,1314580,15382,920038,6976400
1760,727,760,1313853,15349,920798,6646900
1761,780,741,1313073,15388,921539,6895400
1762,776,791,1312297,15373,922330,6804700
1763,792,779,1311505,15386,923109,6994200
1764,783,733,1310722,15436,923842,6912100
1765,763,772,1309959,15427,924614,6640000
1766,779,745,1309180,15461,925359,6848000
1767,760,755,1308420,15466,926114,6662600
1768,785,749,1307635,15502,926863,6957200
1769,819,788,1306816,15533,927651,6600400
1770,782,785,1306034,15530,928436,6733600
1771,741,770,1305293,15501,929206,6834200
1772,710,735,1304583,15476,929941,6699800
1773,774,774,1303809,15476,930715,6701000
1774,780,802,1303029,15454,931517,6628900
1775,779,758,1302250,15475,932275,7062300
1776,752,757,1301498,15470,933032,6635400
1777,818,791,1300680,15497,933823,6618500
1778,781,803,1299899,15475,934626,6632000
1779,799,773,1299100,15501,935399,6647100
1780,802,808,1298298,15495,936207,6591800
1781,789,754,1297509,15530,936961,6661000
1782,777,785,1296732,15522,937746,7144000
1783,773,830,1295959,15465,938576,6595900
1784,781,778,1295178,15468,939354,6618100
1785,780,783,1294398,15465,940137,6710200
1786,771,783,1293627,15453,940920,7147200
1787,745,767,1292882,15431,941687,6594300
1788,773,832,1292109,15372,942519,6749300
1789,753,772,1291356,15353,943291,6710900
1790,769,775,1290587,15347,944066,6598000
1791,753,756,1289834,15344,944822,7769700
1792,827,755,1289007,15416,945577,6756500
1793,743,810,1288264,15349,946387,6704300
1794,789,738,1287475,15400,947125,6567800
1795,771,775,1286704,15396,947900,7111900
1796,814,786,1285890,15424,948686,6593500
1797,792,758,1285098,15458,949444,6566200
1798,737,757,1284361,15438,950201,6727700
1799,775,770,1283586,15443,950971,6572900
1800,788,863,1282798,15368,951834,6958300
1801,770,680,1282028,15458,952514,6692400
1802,777,770,1281251,15465,953284,7104900
1803,715,718,1280536,15462,954002,6586700
1804,792,739,1279744,15515,954741,6761500
1805,786,722,1278958,15579,955463,6640900
1806,815,804,1278143,15590,956267,6591200
1807,775,840,1277368,15525,957107,6666600
1808,800,823,1276568,15502,957930,6591400
1809,792,757,1275776,15537,958687,6961700
1810,767,790,1275009,15514,959477,6657400
1811,709,788,1274300,15435,960265,6697500
1812,752,795,1273548,15392,961060,6595500
1813,776,794,1272772,15374,961854,6649800
1814,773,798,1271999,15349,962652,6602100
1815,753,760,1271246,15342,963412,6547300
1816,730,769,1270516,15303,964181,6662700
1817,748,776,1269768,15275,964957,6550900
1818,721,794,1269047,15202,965751,6579100
1819,740,796,1268307,15146,966547,6544500
1820,735,757,1267572,15124,967304,6982500
1821,685,755,1266887,15054,968059,6680200
1822,715,721,1266172,15048,968780,6600700
1823,739,755,1265433,15032,969535,6846300
1824,731,776,1264702,14987,970311,6570800
1825,698,739,1264004,14946,971050,6604500
1826,739,761,1263265,14924,971811,6529200
1827,761,722,1262504,14963,972533,6570500
1828,737,732,1261767,14968,973265,6565400
1829,708,735,1261059,14941,974000,6576700
1830,717,778,1260342,14880,974778,6697400
1831,684,733,1259658,14831,975511,6616000
1832,714,763,1258944,14782,976274,6979300
1833,730,741,1258214,14771,977015,6622300
1834,683,726,1257531,14728,977741,6909200
1835,723,764,1256808,14687,978505,6805200
1836,723,812,1256085,14598,979317,7207500
1837,730,721,1255355,14607,980038,7152000
1838,730,711,1254625,14626,980749,7474100
1839,757,738,1253868,14645,981487,7993000
1840,727,716,1253141,14656,982203,7873100
1841,705,752,1252436,14609,982955,7850100
1842,763,717,1251673,14655,983672,6719900
1843,761,749,1250912,14667,984421,6679100
1844,720,709,1250192,14678,985130,6817300
1845,700,705,1249492,14673,985835,6643300
1846,723,781,1248769,14615,986616,6561100
1847,753,710,1248016,14658,987326,6804000
1848,781,783,1247235,14656,988109,6568900
1849,712,759,1246523,14609,988868,6677100
1850,716,688,1245807,14637,989556,6620300
1851,691,727,1245116,14601,990283,6562000
1852,741,737,1244375,14605,991020,6702900
1853,747,718,1243628,14634,991738,6717700
1854,747,743,1242881,14638,992481,7111500
1855,723,721,1242158,14640,993202,7500800
1856,772,736,1241386,14676,993938,7289400
1857,735,750,1240651,14661,994688,6746800
1858,720,725,1239931,14656,995413,6787700
1859,677,758,1239254,14575,996171,6774200
1860,722,716,1238532,14581,996887,6952900
1861,667,728,1237865,14520,997615,6825500
1862,671,709,1237194,14482,998324,6747200
1863,716,685,1236478,14513,999009,6817200
1864,722,749,1235756,14486,999758,6727400
1865,722,714,1235034,14494,1000472,6814400
1866,733,751,1234301,14476,1001223,6755900
1867,743,715,1233558,14504,1001938,6827800
1868,726,724,1232832,14506,1002662,7426500
1869,714,788,1232118,14432,1003450,7359600
1870,706,773,1231412,14365,1004223,6742100
1871,737,691,1230675,14411,1004914,6693100
1872,705,726,1229970,14390,1005640,6723700
1873,682,772,1229288,14300,1006412,6679700
1874,720,712,1228568,14308,1007124,7252200
1875,699,691,1227869,14316,1007815,6886800
1876,697,667,1227172,14346,1008482,6944000
1877,700,714,1226472,14332,1009196,6954000
1878,750,695,1225722,14387,1009891,6931900
1879,680,723,1225042,14344,1010614,6753900
1880,732,741,1224310,14335,1011355,6821000
1881,700,773,1223610,14262,1012128,6594400
1882,684,756,1222926,14190,1012884,6526900
1883,729,679,1222197,14240,1013563,6947500
1884,693,731,1221504,14202,1014294,6558600
1885,726,729,1220778,14199,1015023,6522500
1886,663,745,1220115,14117,1015768,6483400
1887,746,718,1219369,14145,1016486,6581300
1888,691,693,1218678,14143,1017179,6936800
1889,674,711,1218004,14106,1017890,6570400
1890,728,713,1217276,14121,1018603,6620800
1891,710,726,1216566,14105,1019329,6531800
1892,663,695,1215903,14073,1020024,6579400
1893,721,712,1215182,14082,1020736,6566800
1894,738,743,1214444,14077,1021479,6538700
1895,694,716,1213750,14055,1022195,6816300
1896,664,725,1213086,13994,1022920,6513100
1897,667,717,1212419,13944,1023637,6587200
1898,705,685,1211714,13964,1024322,6576800
1899,692,744,1211022,13912,1025066,6669300
1900,691,703,1210331,13900,1025769,6778900
1901,698,681,1209633,13917,1026450,6567200
1902,649,676,1208984,13890,1027126,6987600
1903,669,655,1208315,13904,1027781,6641500
1904,661,680,1207654,13885,1028461,6676100
1905,699,654,1206955,13930,1029115,6634800
1906,736,663,1206219,14003,1029778,6541500
1907,673,689,1205546,13987,1030467,6704300
1908,661,735,1204885,13913,1031202,6656600
1909,706,723,1204179,13896,1031925,6647700
1910,745,735,1203434,13906,1032660,6571000
1911,722,712,1202712,13916,1033372,6616900
1912,700,690,1202012,13926,1034062,6600800
1913,719,685,1201293,13960,1034747,6752600
1914,686,684,1200607,13962,1035431,6708500
1915,657,705,1199950,13914,1036136,6541700
1916,681,715,1199269,13880,1036851,6639400
1917,675,702,1198594,13853,1037553,6647700
1918,634,685,1197960,13802,1038238,6703500
1919,689,647,1197271,13844,1038885,6499800
1920,725,667,1196546,13902,1039552,6735200
1921,700,651,1195846,13951,1040203,6517000
1922,692,731,1195154,13912,1040934,6505700
1923,724,726,1194430,13910,1041660,6666500
1924,723,670,1193707,13963,1042330,6529800
1925,686,670,1193021,13979,1043000,6598200
1926,698,682,1192323,13995,1043682,6543100
1927,702,742,1191621,13955,1044424,7210100
1928,710,703,1190911,13962,1045127,6721000
1929,699,678,1190212,13983,1045805,6450000
1930,669,705,1189543,13947,1046510,7171200
1931,676,670,1188867,13953,1047180,6532700
1932,732,687,1188135,13998,1047867,7022400
1933,663,761,1187472,13900,1048628,6516900
1934,655,703,1186817,13852,1049331,6638000
1935,687,724,1186130,13815,1050055,6598400
1936,671,701,1185459,13785,1050756,6561300
1937,689,694,1184770,13780,1051450,6612700
1938,704,712,1184066,13772,1052162,6546800
1939,660,724,1183406,13708,1052886,6838600
1940,664,655,1182742,13717,1053541,6479300
1941,675,666,1182067,13726,1054207,7229900
1942,696,633,1181371,13789,1054840,6526000
1943,703,668,1180668,13824,1055508,6509100
1944,718,705,1179950,13837,1056213,6705800
1945,689,725,1179261,13801,1056938,6569800
1946,695,653,1178566,13843,1057591,6962500
1947,693,675,1177873,13861,1058266,6671000
1948,711,645,1177162,13927,1058911,6588500
1949,705,678,1176457,13954,1059589,6580600
1950,673,690,1175784,13937,1060279,6599500
1951,668,688,1175116,13917,1060967,6862200
1952,721,697,1174395,13941,1061664,6423000
1953,725,656,1173670,14010,1062320,6784800
1954,728,628,1172942,14110,1062948,6540400
1955,711,722,1172231,14099,1063670,7033400
1956,706,688,1171525,14117,1064358,6620500
1957,689,673,1170836,14133,1065031,7005100
1958,703,648,1170133,14188,1065679,6634300
1959,672,736,1169461,14124,1066415,6815300
1960,678,681,1168783,14121,1067096,6845500
1961,664,675,1168119,14110,1067771,6544300
1962,703,684,1167416,14129,1068455,6700500
1963,711,687,1166705,14153,1069142,6499300
1964,713,737,1165992,14129,1069879,6798600
1965,681,677,1165311,14133,1070556,6550400
1966,709,697,1164602,14145,1071253,6558800
1967,695,684,1163907,14156,1071937,6837400
1968,697,724,1163210,14129,1072661,6490500
1969,702,658,1162508,14173,1073319,7111100
1970,682,718,1161826,14137,1074037,6557000
1971,695,736,1161131,14096,1074773,7074200
1972,725,697,1160406,14124,1075470,6516600
1973,716,715,1159690,14125,1076185,6481900
1974,699,726,1158991,14098,1076911,6523100
1975,719,729,1158272,14088,1077640,6509200
1976,706,664,1157566,14130,1078304,7284600
1977,733,687,1156833,14176,1078991,6956600
1978,722,723,1156111,14175,1079714,6970000
1979,728,691,1155383,14212,1080405,6517900
1980,715,693,1154668,14234,1081098,6574100
1981,738,714,1153930,14258,1081812,6805600
1982,676,713,1153254,14221,1082525,6851100
1983,717,724,1152537,14214,1083249,7118000
1984,708,697,1151829,14225,1083946,6937200
1985,750,687,1151079,14288,1084633,7850800
1986,715,713,1150364,14290,1085346,6768000
1987,716,700,1149648,14306,1086046,6788300
1988,636,710,1149012,14232,1086756,6610100
1989,685,646,1148327,14271,1087402,7278400
1990,670,703,1147657,14238,1088105,7697600
1991,719,708,1146938,14249,1088813,7544700
1992,659,691,1146279,14217,1089504,6512800
1993,688,744,1145591,14161,1090248,6508900
1994,667,718,1144924,14110,1090966,6500800
1995,708,692,1144216,14126,1091658,6564700
1996,729,660,1143487,14195,1092318,6603500
1997,692,680,1142795,14207,1092998,6480100
1998,703,730,1142092,14180,1093728,6951800
1999,691,713,1141401,14158,1094441,6561100
2000,661,660,1140740,14159,1095101,6697400
2001,681,697,1140059,14143,1095798,7002000
2002,677,733,1139382,14087,1096531,6847600
2003,664,780,1138718,13971,1097311,6770100
2004,652,692,1138066,13931,1098003,6731000
2005,649,690,1137417,13890,1098693,7078600
2006,661,683,1136756,13868,1099376,6503600
2007,669,745,1136087,13792,1100121,6685700
2008,667,707,1135420,13752,1100828,6475000
2009,704,698,1134716,13758,1101526,6451100
2010,669,728,1134047,13699,1102254,8739600
2011,631,715,1133416,13615,1102969,6522100
2012,703,683,1132713,13635,1103652,7186100
2013,700,735,1132013,13600,1104387,6511400
2014,709,710,1131304,13599,1105097,6743000
2015,649,692,1130655,13556,1105789,6551700
2016,683,647,1129972,13592,1106436,6699000
2017,646,707,1129326,13531,1107143,6664000
2018,679,628,1128647,13582,1107771,6596800
2019,645,652,1128002,13575,1108423,6746200
2020,675,670,1127327,13580,1109093,6419800
2021,662,693,1126665,13549,1109786,6718800
2022,699,695,1125966,13553,1110481,6453400
2023,649,682,1125317,13520,1111163,6992700
2024,695,683,1124622,13532,1111846,6467500
2025,684,643,1123938,13573,1112489,7420000
2026,653,674,1123285,13552,1113163,6823700
2027,692,720,1122593,13524,1113883,6492200
2028,654,651,1121939,13527,1114534,6753600
2029,661,639,1121278,13549,1115173,6647400
2030,706,685,1120572,13570,1115858,7175400
2031,728,701,1119844,13597,1116559,6638700
2032,700,711,1119144,13586,1117270,7051400
2033,645,691,1118499,13540,1117961,6808200
2034,695,724,1117804,13511,1118685,6856800
2035,724,688,1117080,13547,1119373,6772100
2036,669,657,1116411,13559,1120030,6718500
2037,672,681,1115739,13550,1120711,7260000
2038,681,709,1115058,13522,1121420,7064100
2039,643,672,1114415,13493,1122092,7276800
2040,671,709,1113744,13455,1122801,6641800
2041,663,665,1113081,13453,1123466,7117800
2042,729,713,1112352,13469,1124179,6702000
2043,709,700,1111643,13478,1124879,6607800
2044,690,617,1110953,13551,1125496,6799900
2045,653,661,1110300,13543,1126157,6956000
2046,680,653,1109620,13570,1126810,6795800
2047,699,668,1108921,13601,1127478,6673200
2048,683,678,1108238,13606,1128156,6842800
2049,683,660,1107555,13629,1128816,7217100
2050,701,696,1106854,13634,1129512,6663100
2051,644,695,1106210,13583,1130207,6774200
2052,696,686,1105514,13593,1130893,6842900
2053,702,721,1104812,13574,1131614,6869400
2054,698,644,1104114,13628,1132258,6969300
2055,661,646,1103453,13643,1132904,6837300
2056,712,670,1102741,13685,1133574,6682400
2057,690,721,1102051,13654,1134295,6696300
2058,643,715,1101408,13582,1135010,6615800
2059,708,730,1100700,13560,1135740,6473500
2060,682,707,1100018,13535,1136447,6552300
2061,666,673,1099352,13528,1137120,6469000
2062,686,634,1098666,13580,1137754,6439700
2063,703,703,1097963,13580,1138457,6515300
2064,686,673,1097277,13593,1139130,6607200
2065,715,701,1096562,13607,1139831,6976800
2066,652,680,1095910,13579,1140511,6404900
2067,728,682,1095182,13625,1141193,6875000
2068,666,664,1094516,13627,1141857,6900800
2069,677,670,1093839,13634,1142527,6559900
2070,694,610,1093145,13718,1143137,6541200
2071,710,723,1092435,13705,1143860,6538500
2072,730,677,1091705,13758,1144537,6508300
2073,643,682,1091062,13719,1145219,6522000
2074,649,683,1090413,13685,1145902,6670200
2075,670,686,1089743,13669,1146588,6550000
2076,644,705,1089099,13608,1147293,6623000
2077,605,660,1088494,13553,1147953,6509200
2078,646,661,1087848,13538,1148614,6488100
2079,626,720,1087222,13444,1149334,6846700
2080,657,640,1086565,13461,1149974,6527500
2081,677,670,1085888,13468,1150644,6516300
2082,654,687,1085234,13435,1151331,6488100
2083,693,676,1084541,13452,1152007,6496700
2084,661,734,1083880,13379,1152741,6811700
2085,689,684,1083191,13384,1153425,6483600
2086,668,679,1082523,13373,1154104,6452700
2087,652,706,1081871,13319,1154810,6446200
2088,623,637,1081248,13305,1155447,7294900
2089,617,692,1080631,13230,1156139,6522100
2090,642,681,1079989,13191,1156820,6430400
2091,635,652,1079354,13174,1157472,6503100
2092,640,642,1078714,13172,1158114,6454200
2093,657,670,1078057,13159,1158784,7128800
2094,659,674,1077398,13144,1159458,6731000
2095,650,649,1076748,13145,1160107,6651500
2096,651,651,1076097,13145,1160758,6503500
2097,646,650,1075451,13141,1161408,6477000
2098,639,720,1074812,13060,1162128,6970000
2099,643,639,1074169,13064,1162767,6476800
2100,665,632,1073504,13097,1163399,6504800
2101,678,682,1072826,13093,1164081,6475200
2102,634,651,1072192,13076,1164732,6654700
2103,699,683,1071493,13092,1165415,6700700
2104,694,679,1070799,13107,1166094,6588500
2105,630,680,1070169,13057,1166774,6550800
2106,670,712,1069499,13015,1167486,6475600
2107,667,633,1068832,13049,1168119,6779400
2108,669,651,1068163,13067,1168770,6471900
2109,662,678,1067501,13051,1169448,6438700
2110,670,609,1066831,13112,1170057,6427700
2111,677,617,1066154,13172,1170674,6396100
2112,683,625,1065471,13230,1171299,6590700
2113,665,663,1064806,13232,1171962,6531700
2114,741,651,1064065,13322,1172613,6646000
2115,663,662,1063402,13323,1173275,6630100
2116,641,677,1062761,13287,1173952,6509800
2117,669,656,1062092,13300,1174608,7040100
2118,671,680,1061421,13291,1175288,6507200
2119,695,693,1060726,13293,1175981,6444600
2120,684,640,1060042,13337,1176621,6447700
2121,618,623,1059424,13332,1177244,6407000
2122,679,671,1058745,13340,1177915,6936700
2123,682,693,1058063,13329,1178608,6500600
2124,716,643,1057347,13402,1179251,6890600
2125,712,643,1056635,13471,1179894,6465400
2126,698,668,1055937,13501,1180562,6454600
2127,618,724,1055319,13395,1181286,6776400
2128,688,672,1054631,13411,1181958,6474500
2129,692,681,1053939,13422,1182639,6938900
2130,659,672,1053280,13409,1183311,6870500
2131,685,685,1052595,13409,1183996,6774400
2132,656,633,1051939,13432,1184629,6660500
2133,722,725,1051217,13429,1185354,7000100
2134,685,675,1050532,13439,1186029,6984300
2135,681,657,1049851,13463,1186686,6627100
2136,665,658,1049186,13470,1187344,6992500
2137,681,681,1048505,13470,1188025,6586600
2138,641,682,1047864,13429,1188707,7371100
2139,662,644,1047202,13447,1189351,7685600
2140,671,675,1046531,13443,1190026,6672900
2141,638,662,1045893,13419,1190688,6445000
2142,574,676,1045319,13317,1191364,6415900
2143,648,711,1044671,13254,1192075,6805400
2144,671,666,1044000,13259,1192741,6549500
2145,631,699,1043369,13191,1193440,6744400
2146,625,695,1042744,13121,1194135,6455200
2147,585,682,1042159,13024,1194817,6896400
2148,650,664,1041509,13010,1195481,6488800
2149,626,642,1040883,12994,1196123,6473200
2150,704,641,1040179,13057,1196764,6508500
2151,636,671,1039543,13022,1197435,6485400
2152,680,638,1038863,13064,1198073,7155400
2153,655,677,1038208,13042,1198750,6496400
2154,631,676,1037577,12997,1199426,6911500
2155,690,668,1036887,13019,1200094,6544500
2156,658,642,1036229,13035,1200736,6490500
2157,623,631,1035606,13027,1201367,6954600
2158,676,671,1034930,13032,1202038,6406500
2159,699,653,1034231,13078,1202691,6554300
2160,646,680,1033585,13044,1203371,6768400
2161,660,624,1032925,13080,1203995,6768900
2162,694,652,1032231,13122,1204647,6583300
2163,670,664,1031561,13128,1205311,6511700
2164,672,656,1030889,13144,1205967,6532600
2165,663,629,1030226,13178,1206596,6458900
2166,632,703,1029594,13107,1207299,6511300
2167,624,641,1028970,13090,1207940,6450000
2168,657,612,1028313,13135,1208552,6789100
2169,658,667,1027655,13126,1209219,6552600
2170,653,683,1027002,13096,1209902,6486500
2171,642,666,1026360,13072,1210568,6828900
2172,682,631,1025678,13123,1211199,6446600
2173,672,659,1025006,13136,1211858,6642500
2174,684,641,1024322,13179,1212499,6620100
2175,625,656,1023697,13148,1213155,6845100
2176,604,658,1023093,13094,1213813,6450600
2177,671,686,1022422,13079,1214499,6405100
2178,653,659,1021769,13073,1215158,6544000
2179,658,652,1021111,13079,1215810,6420800
2180,668,631,1020443,13116,1216441,6767000
2181,666,665,1019777,13117,1217106,6530500
2182,688,668,1019089,13137,1217774,6915700
2183,671,701,1018418,13107,1218475,6463200
2184,686,649,1017732,13144,1219124,6736600
2185,679,674,1017053,13149,1219798,6657500
2186,653,625,1016400,13177,1220423,6636700
2187,673,620,1015727,13230,1221043,6884800
2188,629,688,1015098,13171,1221731,6658500
2189,654,657,1014444,13168,1222388,6523000
2190,639,660,1013805,13147,1223048,6516600
2191,613,664,1013192,13096,1223712,6470500
2192,628,714,1012564,13010,1224426,6538400
2193,620,661,1011944,12969,1225087,6461100
2194,676,641,1011268,13004,1225728,6697100
2195,659,631,1010609,13032,1226359,6478800
2196,663,633,1009946,13062,1226992,6924100
2197,644,595,1009302,13111,1227587,6589100
2198,631,630,1008671,13112,1228217,6451000
2199,650,656,1008021,13106,1228873,6737300
2200,635,645,1007386,13096,1229518,6822200
2201,637,669,1006749,13064,1230187,6621100
2202,611,651,1006138,13024,1230838,6652700
2203,595,640,1005543,12979,1231478,6745100
2204,645,639,1004898,12985,1232117,6755400
2205,612,661,1004286,12936,1232778,6701000
2206,668,660,1003618,12944,1233438,7181200
2207,651,676,1002967,12919,1234114,6599800
2208,670,656,1002297,12933,1234770,7341400
2209,647,641,1001650,12939,1235411,6556300
2210,686,655,1000964,12970,1236066,6803300
2211,652,635,1000312,12987,1236701,6651200
2212,627,627,999685,12987,1237328,6611300
2213,633,632,999052,12988,1237960,6679900
2214,663,630,998389,13021,1238590,6708200
2215,682,615,997707,13088,1239205,6850500
2216,677,646,997030,13119,1239851,6675900
2217,657,656,996373,13120,1240507,6708300
2218,685,698,995688,13107,1241205,6642200
2219,655,657,995033,13105,1241862,6639500
2220,591,650,994442,13046,1242512,6712900
2221,616,632,993826,13030,1243144,6669900
2222,634,654,993192,13010,1243798,6673100
2223,585,671,992607,12924,1244469,6672400
2224,630,639,991977,12915,1245108,7085600
2225,621,653,991356,12883,1245761,6689000
2226,628,666,990728,12845,1246427,6647600
2227,599,598,990129,12846,1247025,6683000
2228,638,611,989491,12873,1247636,6965100
2229,634,657,988857,12850,1248293,6734100
2230,655,655,988202,12850,1248948,6788600
2231,647,640,987555,12857,1249588,6803600
2232,640,610,986915,12887,1250198,7105200
2233,625,598,986290,12914,1250796,7518300
2234,654,649,985636,12919,1251445,6798800
2235,645,635,984991,12929,1252080,6543600
2236,657,677,984334,12909,1252757,6926900
2237,628,673,983706,12864,1253430,7237600
2238,626,665,983080,12825,1254095,7271400
2239,637,670,982443,12792,1254765,6561800
2240,626,642,981817,12776,1255407,6747200
2241,612,634,981205,12754,1256041,6601700
2242,632,595,980573,12791,1256636,6418200
2243,632,650,979941,12773,1257286,6670200
2244,613,647,979328,12739,1257933,6490900
2245,626,647,978702,12718,1258580,6886500
2246,598,630,978104,12686,1259210,6432200
2247,609,636,977495,12659,1259846,6687100
2248,632,655,976863,12636,1260501,6437700
2249,574,647,976289,12563,1261148,6417000
2250,620,623,975669,12560,1261771,6674200
2251,617,631,975052,12546,1262402,6492300
2252,684,624,974368,12606,1263026,6541300
2253,641,604,973727,12643,1263630,6537800
2254,598,651,973129,12590,1264281,6533700
2255,640,623,972489,12607,1264904,6467200
2256,627,657,971862,12577,1265561,6408900
2257,623,645,971239,12555,1266206,6491900
2258,638,624,970601,12569,1266830,6391700
2259,644,635,969957,12578,1267465,6663900
2260,645,660,969312,12563,1268125,6502300
2261,620,632,968692,12551,1268757,6468100
2262,633,626,968059,12558,1269383,7721800
2263,635,648,967424,12545,1270031,7530400
2264,612,620,966812,12537,1270651,7670700
2265,652,615,966160,12574,1271266,7028000
2266,660,625,965500,12609,1271891,7014400
2267,616,631,964884,12594,1272522,6655400
2268,593,617,964291,12570,1273139,6723200
2269,662,608,963629,12624,1273747,6630800
2270,640,629,962989,12635,1274376,6733400
2271,648,628,962341,12655,1275004,6871200
2272,578,642,961763,12591,1275646,6858200
2273,670,647,961093,12614,1276293,6969200
2274,634,659,960459,12589,1276952,6779900
2275,636,675,959823,12550,1277627,7354000
2276,607,593,959216,12564,1278220,7263800
2277,662,647,958554,12579,1278867,6916900
2278,618,641,957936,12556,1279508,6994800
2279,625,563,957311,12618,1280071,6727100
2280,609,625,956702,12602,1280696,7811000
2281,607,666,956095,12543,1281362,7210300
2282,637,652,955458,12528,1282014,7370200
2283,649,586,954809,12591,1282600,7684700
2284,637,645,954172,12583,1283245,7184700
2285,649,606,953523,12626,1283851,7690100
2286,659,623,952864,12662,1284474,7497600
2287,629,634,952235,12657,1285108,7571900
2288,609,627,951626,12639,1285735,7025000
2289,598,634,951028,12603,1286369,6940600
2290,607,609,950421,12601,1286978,6783200
2291,558,618,949863,12541,1287596,6749700
2292,608,601,949255,12548,1288197,7170600
2293,630,613,948625,12565,1288810,6690500
2294,599,620,948026,12544,1289430,6752600
2295,637,606,947389,12575,1290036,6687400
2296,577,648,946812,12504,1290684,6709900
2297,565,618,946247,12451,1291302,6970100
2298,579,606,945668,12424,1291908,6735000
2299,616,587,945052,12453,1292495,7124300
2300,589,567,944463,12475,1293062,6690800
2301,598,670,943865,12403,1293732,6850600
2302,582,633,943283,12352,1294365,6727700
2303,634,616,942649,12370,1294981,7050400
2304,573,611,942076,12332,1295592,6872700
2305,590,621,941486,12301,1296213,6736700
2306,601,658,940885,12244,1296871,6857800
2307,580,563,940305,12261,1297434,6773500
2308,593,633,939712,12221,1298067,7244600
2309,605,598,939107,12228,1298665,6692400
2310,576,620,938531,12184,1299285,6815700
2311,625,643,937906,12166,1299928,7045500
2312,643,573,937263,12236,1300501,7043300
2313,561,631,936702,12166,1301132,6793000
2314,602,561,936100,12207,1301693,6753900
2315,610,630,935490,12187,1302323,7012000
2316,614,599,934876,12202,1302922,6733100
2317,593,617,934283,12178,1303539,7059000
2318,653,606,933630,12225,1304145,6744300
2319,635,579,932995,12281,1304724,6843100
2320,648,578,932347,12351,1305302,7874800
2321,641,596,931706,12396,1305898,8153100
2322,602,591,931104,12407,1306489,6970200
2323,613,637,930491,12383,1307126,6716400
2324,609,660,929882,12332,1307786,7208000
2325,620,606,929262,12346,1308392,6771300
2326,621,594,928641,12373,1308986,6990100
2327,624,606,928017,12391,1309592,6749000
2328,605,622,927412,12374,1310214,7053900
2329,639,653,926773,12360,1310867,6779800
2330,632,621,926141,12371,1311488,7092700
2331,647,620,925494,12398,1312108,6715900
2332,628,597,924866,12429,1312705,6685000
2333,586,606,924280,12409,1313311,6741000
2334,637,664,923643,12382,1313975,6743800
2335,679,630,922964,12431,1314605,6948800
2336,636,651,922328,12416,1315256,6680800
2337,652,615,921676,12453,1315871,6748200
2338,673,641,921003,12485,1316512,6759800
2339,651,586,920352,12550,1317098,7015500
2340,615,594,919737,12571,1317692,6920000
2341,671,660,919066,12582,1318352,6771300
2342,616,631,918450,12567,1318983,6768300
2343,582,613,917868,12536,1319596,6749100
2344,646,629,917222,12553,1320225,7049700
2345,651,645,916571,12559,1320870,7002600
2346,618,586,915953,12591,1321456,6855900
2347,588,632,915365,12547,1322088,6918800
2348,622,620,914743,12549,1322708,6966400
2349,589,623,914154,12515,1323331,7149300
2350,629,665,913525,12479,1323996,6980600
2351,669,624,912856,12524,1324620,7005700
2352,634,593,912222,12565,1325213,6830300
2353,680,649,911542,12596,1325862,6982600
2354,638,623,910904,12611,1326485,6646700
2355,662,581,910242,12692,1327066,6982200
2356,645,678,909597,12659,1327744,7045400
2357,648,604,908949,12703,1328348,7301100
2358,616,646,908333,12673,1328994,7008400
2359,626,666,907707,12633,1329660,6941500
2360,634,613,907073,12654,1330273,7061300
2361,637,665,906436,12626,1330938,6606900
2362,595,627,905841,12594,1331565,6808100
2363,610,631,905231,12573,1332196,6944200
2364,611,643,904620,12541,1332839,6962300
2365,586,620,904034,12507,1333459,6442600
2366,652,607,903382,12552,1334066,6445100
2367,645,603,902737,12594,1334669,6429200
2368,641,646,902096,12589,1335315,6458700
2369,633,635,901463,12587,1335950,7064900
2370,579,619,900884,12547,1336569,6436200
2371,670,683,900214,12534,1337252,6484400
2372,617,622,899597,12529,1337874,6423900
2373,626,609,898971,12546,1338483,6394800
2374,634,629,898337,12551,1339112,6712100
2375,637,608,897700,12580,1339720,6370300
2376,623,616,897077,12587,1340336,6450800
2377,691,608,896386,12670,1340944,6410600
2378,603,608,895783,12665,1341552,6675000
2379,634,641,895149,12658,1342193,6698700
2380,593,648,894556,12603,1342841,6519100
2381,591,627,893965,12567,1343468,6839200
2382,613,629,893352,12551,1344097,6386500
2383,652,650,892700,12553,1344747,6421100
2384,590,597,892110,12546,1345344,6352800
2385,609,623,891501,12532,1345967,6408500
2386,610,617,890891,12525,1346584,6625100
2387,628,623,890263,12530,1347207,6628400
2388,629,614,889634,12545,1347821,6658800
2389,583,664,889051,12464,1348485,6721400
2390,623,649,888428,12438,1349134,6672900
2391,610,619,887818,12429,1349753,6600800
2392,585,568,887233,12446,1350321,6667600
2393,619,644,886614,12421,1350965,6608900
2394,613,653,886001,12381,1351618,6640100
2395,615,596,885386,12400,1352214,7034900
2396,594,639,884792,12355,1352853,6667600
2397,662,610,884130,12407,1353463,6684500
2398,630,645,883500,12392,1354108,6655300
2399,595,602,882905,12385,1354710,6741000
2400,615,607,882290,12393,1355317,7221700
2401,592,594,881698,12391,1355911,6635300
2402,621,652,881077,12360,1356563,6725300
2403,597,626,880480,12331,1357189,6671300
2404,615,555,879865,12391,1357744,7132700
2405,579,641,879286,12329,1358385,6599400
2406,613,617,878673,12325,1359002,6629500
2407,578,651,878095,12252,1359653,6647600
2408,571,640,877524,12183,1360293,6654000
2409,595,625,876929,12153,1360918,6908000
2410,616,642,876313,12127,1361560,6618700
2411,584,624,875729,12087,1362184,6635300
2412,621,607,875108,12101,1362791,6593300
2413,586,610,874522,12077,1363401,6587600
2414,609,565,873913,12121,1363966,7003300
2415,620,632,873293,12109,1364598,6281100
2416,590,618,872703,12081,1365216,6396800
2417,590,587,872113,12084,1365803,6666300
2418,606,620,871507,12070,1366423,6612100
2419,570,584,870937,12056,1367007,6504200
2420,612,609,870325,12059,1367616,6428500
2421,573,633,869752,11999,1368249,6700400
2422,585,563,869167,12021,1368812,6391100
2423,589,584,868578,12026,1369396,6441200
2424,615,596,867963,12045,1369992,6412500
2425,554,616,867409,11983,1370608,6611900
2426,584,640,866825,11927,1371248,6548400
2427,562,585,866263,11904,1371833,6493500
2428,607,559,865656,11952,1372392,7426100
2429,581,635,865075,11898,1373027,7727500
2430,578,587,864497,11889,1373614,7991900
2431,584,571,863913,11902,1374185,6849800
2432,589,610,863324,11881,1374795,7546700
2433,562,588,862762,11855,1375383,7848100
2434,591,638,862171,11808,1376021,7327800
2435,576,577,861595,11807,1376598,6515500
2436,566,635,861029,11738,1377233,6555400
2437,583,604,860446,11717,1377837,6520100
2438,552,588,859894,11681,1378425,6635000
2439,579,616,859315,11644,1379041,6740600
2440,563,580,858752,11627,1379621,6507800
2441,603,605,858149,11625,1380226,6906000
2442,577,564,857572,11638,1380790,6451100
2443,578,588,856994,11628,1381378,6724400
2444,590,543,856404,11675,1381921,6484700
2445,602,631,855802,11646,1382552,6670600
2446,572,599,855230,11619,1383151,6515600
2447,588,548,854642,11659,1383699,6476100
2448,555,596,854087,11618,1384295,6800800
2449,591,597,853496,11612,1384892,6543700
2450,575,589,852921,11598,1385481,6458300
2451,615,542,852306,11671,1386023,6792400
2452,561,567,851745,11665,1386590,6477800
2453,608,576,851137,11697,1387166,7075800
2454,548,586,850589,11659,1387752,6396100
2455,604,591,849985,11672,1388343,6857200
2456,603,571,849382,11704,1388914,7374600
2457,589,611,848793,11682,1389525,7466900
2458,582,563,848211,11701,1390088,6727700
2459,607,598,847604,11710,1390686,6403900
2460,607,559,846997,11758,1391245,6701100
2461,581,591,846416,11748,1391836,6413800
2462,634,578,845782,11804,1392414,6456900
2463,585,630,845197,11759,1393044,6358200
2464,607,564,844590,11802,1393608,6331200
2465,618,584,843972,11836,1394192,6387100
2466,570,616,843402,11790,1394808,6335500
2467,594,574,842808,11810,1395382,6752900
2468,625,584,842183,11851,1395966,6452700
2469,594,624,841589,11821,1396590,6604700
2470,585,581,841004,11825,1397171,6963800
2471,579,648,840425,11756,1397819,6417100
2472,571,591,839854,11736,1398410,6519400
2473,598,574,839256,11760,1398984,6391600
2474,576,612,838680,11724,1399596,6444700
2475,573,570,838107,11727,1400166,6388800
2476,592,583,837515,11736,1400749,6338200
2477,587,576,836928,11747,1401325,6659400
2478,608,600,836320,11755,1401925,6446900
2479,615,604,835705,11766,1402529,6709500
2480,604,641,835101,11729,1403170,6392700
2481,588,557,834513,11760,1403727,6451200
2482,611,568,833902,11803,1404295,6601800
2483,611,606,833291,11808,1404901,6459400
2484,586,565,832705,11829,1405466,6457600
2485,593,572,832112,11850,1406038,6363400
2486,552,548,831560,11854,1406586,6736700
2487,564,574,830996,11844,1407160,6362400
2488,576,553,830420,11867,1407713,6414300
2489,639,577,829781,11929,1408290,6511600
2490,606,604,829175,11931,1408894,6389300
2491,587,592,828588,11926,1409486,6630300
2492,575,586,828013,11915,1410072,6572200
2493,569,557,827444,11927,1410629,6614700
2494,585,590,826859,11922,1411219,6641900
2495,587,566,826272,11943,1411785,6593400
2496,520,617,825752,11846,1412402,6488200
2497,588,574,825164,11860,1412976,6600700
2498,595,615,824569,11840,1413591,6644300
2499,563,594,824006,11809,1414185,6728900
2500,582,561,823424,11830,1414746,6586700
2501,591,626,822833,11795,1415372,6752800
2502,555,597,822278,11753,1415969,6398400
2503,593,651,821685,11695,1416620,6474200
2504,587,605,821098,11677,1417225,6394200
2505,577,586,820521,11668,1417811,6414500
2506,565,620,819956,11613,1418431,6409000
2507,613,590,819343,11636,1419021,6325800
2508,627,536,818716,11727,1419557,6403800
2509,555,573,818161,11709,1420130,6468700
2510,586,572,817575,11723,1420702,6396400
2511,621,589,816954,11755,1421291,6450000
2512,622,531,816332,11846,1421822,6510500
2513,586,617,815746,11815,1422439,6579600
2514,631,624,815115,11822,1423063,6445100
2515,560,616,814555,11766,1423679,6600600
2516,575,582,813980,11759,1424261,6342800
2517,580,608,813400,11731,1424869,6440200
2518,573,591,812827,11713,1425460,6370200
2519,562,579,812265,11696,1426039,6748400
2520,573,572,811692,11697,1426611,6525000
2521,571,561,811121,11707,1427172,6408200
2522,601,565,810520,11743,1427737,6435100
2523,576,653,809944,11666,1428390,6391200
2524,568,585,809376,11649,1428975,6435200
2525,513,553,808863,11609,1429528,6374100
2526,563,517,808300,11655,1430045,6381100
2527,548,604,807752,11599,1430649,6740000
2528,575,614,807177,11560,1431263,6325900
2529,536,578,806641,11518,1431841,6429100
2530,573,605,806068,11486,1432446,6423400
2531,533,627,805535,11392,1433073,6787000
2532,567,574,804968,11385,1433647,6515600
2533,556,539,804412,11402,1434186,6343300
2534,565,568,803847,11399,1434754,6477500
2535,550,591,803297,11358,1435345,6356800
2536,556,565,802741,11349,1435910,6735000
2537,531,573,802210,11307,1436483,6387100
2538,548,586,801662,11269,1437069,6364900
2539,536,541,801126,11264,1437610,6861100
2540,569,519,800557,11314,1438129,6484400
2541,556,571,800001,11299,1438700,6715200
2542,539,574,799462,11264,1439274,6351100
2543,575,613,798887,11226,1439887,6412500
2544,547,554,798340,11219,1440441,6710800
2545,516,559,797824,11176,1441000,6325500
2546,587,572,797237,11191,1441572,6664000
2547,557,548,796680,11200,1442120,6306300
2548,538,573,796142,11165,1442693,6505800
2549,579,529,795563,11215,1443222,6343800
2550,542,546,795021,11211,1443768,6417400
2551,581,538,794440,11254,1444306,6570200
2552,525,557,793915,11222,1444863,6483100
2553,566,561,793349,11227,1445424,6542300
2554,544,555,792805,11216,1445979,6506100
2555,515,606,792290,11125,1446585,6477000
2556,575,515,791715,11185,1447100,6442000
2557,572,564,791143,11193,1447664,6463800
2558,525,569,790618,11149,1448233,6472100
2559,522,590,790096,11081,1448823,6439000
2560,545,588,789551,11038,1449411,6518000
2561,565,576,788986,11027,1449987,6506700
2562,550,555,788436,11022,1450542,6446800
2563,564,559,787872,11027,1451101,6634000
2564,543,561,787329,11009,1451662,6446000
2565,528,497,786801,11040,1452159,6732900
2566,548,533,786253,11055,1452692,6473800
2567,539,559,785714,11035,1453251,7030700
2568,508,534,785206,11009,1453785,6618900
2569,547,585,784659,10971,1454370,7293800
2570,556,552,784103,10975,1454922,6628300
2571,515,510,783588,10980,1455432,6622400
2572,539,520,783049,10999,1455952,6809800
2573,564,531,782485,11032,1456483,6577400
2574,529,582,781956,10979,1457065,7107900
2575,570,527,781386,11022,1457592,6581000
2576,573,547,780813,11048,1458139,6676100
2577,572,524,780241,11096,1458663,6894400
2578,532,591,779709,11037,1459254,8366300
2579,535,588,779174,10984,1459842,6769900
2580,553,581,778621,10956,1460423,7012600
2581,557,547,778064,10966,1460970,7341300
2582,552,534,777512,10984,1461504,6946700
2583,537,572,776975,10949,1462076,6921500
2584,538,554,776437,10933,1462630,7425400
2585,568,547,775869,10954,1463177,7070500
2586,530,560,775339,10924,1463737,6626900
2587,525,516,774814,10933,1464253,6623900
2588,563,524,774251,10972,1464777,6512600
2589,538,581,773713,10929,1465358,6639900
2590,569,561,773144,10937,1465919,6566100
2591,547,580,772597,10904,1466499,6539400
2592,544,516,772053,10932,1467015,6569200
2593,575,541,771478,10966,1467556,6543500
2594,553,548,770925,10971,1468104,6558200
2595,566,589,770359,10948,1468693,6543100
2596,547,523,769812,10972,1469216,6577300
2597,552,523,769260,11001,1469739,7001800
2598,562,530,768698,11033,1470269,6353300
2599,567,557,768131,11043,1470826,6604800
2600,570,541,767561,11072,1471367,6421400
2601,560,569,767001,11063,1471936,6963600
2602,526,531,766475,11058,1472467,6678600
2603,560,566,765915,11052,1473033,6383400
2604,579,527,765336,11104,1473560,6333800
2605,568,589,764768,11083,1474149,6280000
2606,578,579,764190,11082,1474728,6391000
2607,562,565,763628,11079,1475293,6308900
2608,581,541,763047,11119,1475834,6588800
2609,523,567,762524,11075,1476401,6387500
2610,538,555,761986,11058,1476956,6451400
2611,539,559,761447,11038,1477515,6626900
2612,526,528,760921,11036,1478043,6322400
2613,526,549,760395,11013,1478592,6729700
2614,554,552,759841,11015,1479144,6461500
2615,517,546,759324,10986,1479690,6325800
2616,562,537,758762,11011,1480227,6596200
2617,510,530,758252,10991,1480757,6286900
2618,562,578,757690,10975,1481335,6356500
2619,524,520,757166,10979,1481855,6300800
2620,522,557,756644,10944,1482412,6393100
2621,553,497,756091,11000,1482909,6372800
2622,552,589,755539,10963,1483498,6306500
2623,536,590,755003,10909,1484088,6445700
2624,509,500,754494,10918,1484588,6298000
2625,544,528,753950,10934,1485116,6336400
2626,542,561,753408,10915,1485677,6424500
2627,554,567,752854,10902,1486244,6301500
2628,487,562,752367,10827,1486806,6388600
2629,553,536,751814,10844,1487342,6312800
2630,530,548,751284,10826,1487890,6672800
2631,541,548,750743,10819,1488438,6421000
2632,553,564,750190,10808,1489002,6277600
2633,530,563,749660,10775,1489565,6785600
2634,537,546,749123,10766,1490111,6317400
2635,528,536,748595,10758,1490647,6628700
2636,536,519,748059,10775,1491166,6280900
2637,522,532,747537,10765,1491698,6525500
2638,521,539,747016,10747,1492237,6438700
2639,516,535,746500,10728,1492772,6341300
2640,536,519,745964,10745,1493291,6847400
2641,517,533,745447,10729,1493824,6441700
2642,523,506,744924,10746,1494330,6321400
2643,561,517,744363,10790,1494847,6554200
2644,534,551,743829,10773,1495398,6242800
2645,541,529,743288,10785,1495927,6703200
2646,509,533,742779,10761,1496460,6308600
2647,516,553,742263,10724,1497013,6351300
2648,550,569,741713,10705,1497582,6375900
2649,508,563,741205,10650,1498145,6492300
2650,524,551,740681,10623,1498696,8476100
2651,501,568,740180,10556,1499264,8522300
2652,455,539,739725,10472,1499803,7288800
2653,504,534,739221,10442,1500337,6727100
2654,492,483,738729,10451,1500820,6431200
2655,515,525,738214,10441,1501345,6448100
2656,503,564,737711,10380,1501909,6787100
2657,485,513,737226,10352,1502422,6319800
2658,472,536,736754,10288,1502958,6337600
2659,541,498,736213,10331,1503456,6317900
2660,509,547,735704,10293,1504003,6277100
2661,508,566,735196,10235,1504569,6487500
2662,497,519,734699,10213,1505088,6302800
2663,537,522,734162,10228,1505610,6528300
2664,481,522,733681,10187,1506132,6399800
2665,545,492,733136,10240,1506624,6313000
2666,505,522,732631,10223,1507146,6576200
2667,506,498,732125,10231,1507644,6335800
2668,483,521,731642,10193,1508165,6320900
2669,547,514,731095,10226,1508679,6302100
2670,499,539,730596,10186,1509218,6270400
2671,506,460,730090,10232,1509678,6393700
2672,544,521,729546,10255,1510199,6364300
2673,482,488,729064,10249,1510687,6336500
2674,517,503,728547,10263,1511190,6269600
2675,504,521,728043,10246,1511711,6370000
2676,488,545,727555,10189,1512256,6413000
2677,528,489,727027,10228,1512745,6267800
2678,535,487,726492,10276,1513232,6343000
2679,470,480,726022,10266,1513712,6252100
2680,497,456,725525,10307,1514168,6286000
2681,493,515,725032,10285,1514683,6278300
2682,514,500,724518,10299,1515183,6375300
2683,470,477,724048,10292,1515660,6565600
2684,517,546,723531,10263,1516206,6263900
2685,479,480,723052,10262,1516686,6472100
2686,472,529,722580,10205,1517215,6303500
2687,515,519,722065,10201,1517734,6289200
2688,466,472,721599,10195,1518206,6326100
2689,489,525,721110,10159,1518731,6289100
2690,468,532,720642,10095,1519263,6320300
2691,501,508,720141,10088,1519771,6279100
2692,495,509,719646,10074,1520280,6378500
2693,507,539,719139,10042,1520819,6404500
2694,546,489,718593,10099,1521308,6355000
2695,461,504,718132,10056,1521812,6342300
2696,490,512,717642,10034,1522324,6256800
2697,506,499,717136,10041,1522823,6260500
2698,493,526,716643,10008,1523349,7150800
2699,489,515,716154,9982,1523864,6640000
2700,523,494,715631,10011,1524358,6946100
2701,484,490,715147,10005,1524848,7081200
2702,528,478,714619,10055,1525326,7098200
2703,525,534,714094,10046,1525860,6691300
2704,504,508,713590,10042,1526368,6549400
2705,449,518,713141,9973,1526886,6526100
2706,485,489,712656,9969,1527375,6498900
2707,495,487,712161,9977,1527862,6585200
2708,510,465,711651,10022,1528327,6421000
2709,509,528,711142,10003,1528855,6434400
2710,479,529,710663,9953,1529384,6301400
2711,497,475,710166,9975,1529859,6264800
2712,512,497,709654,9990,1530356,6372900
2713,501,519,709153,9972,1530875,6310100
2714,480,476,708673,9976,1531351,6285600
2715,503,486,708170,9993,1531837,6298900
2716,492,524,707678,9961,1532361,6446800
2717,536,483,707142,10014,1532844,6710300
2718,496,496,706646,10014,1533340,6244300
2719,488,474,706158,10028,1533814,6347900
2720,499,544,705659,9983,1534358,6259200
2721,478,527,705181,9934,1534885,6365600
2722,533,482,704648,9985,1535367,6333600
2723,514,494,704134,10005,1535861,6384400
2724,491,507,703643,9989,1536368,6625100
2725,541,500,703102,10030,1536868,6324800
2726,557,520,702545,10067,1537388,6288400
2727,475,513,702070,10029,1537901,6303100
2728,528,540,701542,10017,1538441,6244400
2729,514,486,701028,10045,1538927,6352600
2730,517,467,700511,10095,1539394,6452800
2731,531,498,699980,10128,1539892,6466600
2732,528,500,699452,10156,1540392,6401500
2733,523,484,698929,10195,1540876,6644600
2734,505,524,698424,10176,1541400,6571300
2735,512,508,697912,10180,1541908,6316000
2736,486,464,697426,10202,1542372,6688800
2737,521,534,696905,10189,1542906,6655600
2738,515,474,696390,10230,1543380,6831300
2739,491,519,695899,10202,1543899,6491200
2740,503,519,695396,10186,1544418,6586700
2741,455,515,694941,10126,1544933,7475000
2742,509,505,694432,10130,1545438,7429600
2743,492,496,693940,10126,1545934,6511700
2744,486,496,693454,10116,1546430,6320800
2745,453,539,693001,10030,1546969,6700500
2746,510,500,692491,10040,1547469,6379900
2747,441,470,692050,10011,1547939,6620600
2748,493,480,691557,10024,1548419,6263100
2749,470,461,691087,10033,1548880,6206800
2750,493,496,690594,10030,1549376,6651700
2751,481,485,690113,10026,1549861,6473500
2752,498,507,689615,10017,1550368,6707500
2753,491,534,689124,9974,1550902,6438400
2754,488,497,688636,9965,1551399,6422700
2755,455,498,688181,9922,1551897,6713100
2756,518,489,687663,9951,1552386,6379500
2757,500,472,687163,9979,1552858,6588300
2758,485,507,686678,9957,1553365,6471800
2759,447,499,686231,9905,1553864,6430100
2760,538,533,685693,9910,1554397,6413500
2761,479,475,685214,9914,1554872,6409700
2762,473,516,684741,9871,1555388,6436200
2763,546,511,684195,9906,1555899,6516800
2764,484,514,683711,9876,1556413,6797200
2765,512,478,683199,9910,1556891,6427500
2766,460,466,682739,9904,1557357,6458000
2767,518,498,682221,9924,1557855,6574600
2768,488,490,681733,9922,1558345,6399200
2769,531,462,681202,9991,1558807,6568000
2770,507,514,680695,9984,1559321,6494800
2771,528,496,680167,10016,1559817,6342200
2772,483,501,679684,9998,1560318,6465200
2773,475,475,679209,9998,1560793,6395400
2774,503,537,678706,9964,1561330,6758900
2775,498,533,678208,9929,1561863,6418400
2776,492,469,677716,9952,1562332,6828800
2777,475,471,677241,9956,1562803,6442700
2778,550,484,676691,10022,1563287,6423700
2779,462,477,676229,10007,1563764,6551800
2780,479,514,675750,9972,1564278,6349400
2781,496,501,675254,9967,1564779,6672200
2782,508,515,674746,9960,1565294,6275200
2783,518,487,674228,9991,1565781,6663800
2784,542,485,673686,10048,1566266,6358700
2785,500,500,673186,10048,1566766,6303000
2786,505,475,672681,10078,1567241,6555000
2787,517,520,672164,10075,1567761,6244000
2788,479,509,671685,10045,1568270,6537900
2789,515,491,671170,10069,1568761,6303500
2790,494,512,670676,10051,1569273,6210300
2791,501,499,670175,10053,1569772,6360200
2792,486,509,669689,10030,1570281,6255000
2793,475,532,669214,9973,1570813,6297300
2794,497,554,668717,9916,1571367,6328900
2795,473,500,668244,9889,1571867,6387600
2796,489,478,667755,9900,1572345,6358600
2797,476,449,667279,9927,1572794,6255100
2798,453,493,666826,9887,1573287,6487100
2799,464,528,666362,9823,1573815,6262900
2800,511,460,665851,9874,1574275,6298300
2801,463,465,665388,9872,1574740,6271600
2802,505,489,664883,9888,1575229,6224600
2803,486,515,664397,9859,1575744,6617900
2804,474,481,663923,9852,1576225,6274700
2805,458,464,663465,9846,1576689,6356400
2806,503,485,662962,9864,1577174,6487000
2807,474,483,662488,9855,1577657,6527300
2808,478,501,662010,9832,1578158,6687500
2809,478,553,661532,9757,1578711,6623800
2810,512,474,661020,9795,1579185,6688500
2811,456,454,660564,9797,1579639,6468200
2812,489,474,660075,9812,1580113,6927900
2813,494,483,659581,9823,1580596,6449100
2814,463,504,659118,9782,1581100,6387000
2815,497,457,658621,9822,1581557,6366100
2816,468,522,658153,9768,1582079,6302900
2817,476,463,657677,9781,1582542,6466100
2818,513,481,657164,9813,1583023,6232400
2819,470,484,656694,9799,1583507,6407100
2820,459,493,656235,9765,1584000,6442400
2821,494,490,655741,9769,1584490,6189400
2822,479,424,655262,9824,1584914,6976900
2823,493,506,654769,9811,1585420,6364400
2824,485,495,654284,9801,1585915,6577900
2825,462,465,653822,9798,1586380,6487700
2826,494,485,653328,9807,1586865,6390100
2827,477,491,652851,9793,1587356,6613200
2828,498,462,652353,9829,1587818,6238600
2829,455,491,651898,9793,1588309,6219800
2830,467,496,651431,9764,1588805,6193800
2831,446,468,650985,9742,1589273,6294300
2832,464,473,650521,9733,1589746,6426500
2833,465,489,650056,9709,1590235,6224800
2834,441,489,649615,9661,1590724,6460400
2835,463,489,649152,9635,1591213,6206500
2836,447,478,648705,9604,1591691,6312700
2837,460,494,648245,9570,1592185,6260400
2838,451,524,647794,9497,1592709,6191100
2839,436,474,647358,9459,1593183,6489200
2840,441,466,646917,9434,1593649,6276900
2841,427,506,646490,9355,1594155,6257100
2842,468,449,646022,9374,1594604,6247200
2843,426,481,645596,9319,1595085,6234800
2844,477,470,645119,9326,1595555,6396800
2845,449,443,644670,9332,1595998,6329500
2846,467,420,644203,9379,1596418,6411300
2847,450,499,643753,9330,1596917,6420500
2848,440,454,643313,9316,1597371,6276500
2849,491,439,642822,9368,1597810,6299600
2850,434,480,642388,9322,1598290,6283600
2851,466,481,641922,9307,1598771,6288500
2852,500,458,641422,9349,1599229,6233700
2853,489,454,640933,9384,1599683,6631000
2854,448,472,640485,9360,1600155,6248400
2855,496,516,639989,9340,1600671,6225400
2856,478,418,639511,9400,1601089,6512600
2857,459,466,639052,9393,1601555,6298300
2858,481,470,638571,9404,1602025,6568400
2859,503,480,638068,9427,1602505,6251100
2860,450,531,637618,9346,1603036,6168400
2861,459,428,637159,9377,1603464,6249700
2862,469,511,636690,9335,1603975,6174400
2863,490,468,636200,9357,1604443,6571200
2864,493,465,635707,9385,1604908,6268800
2865,492,527,635215,9350,1605435,6234600
2866,427,521,634788,9256,1605956,6261900
2867,428,449,634360,9235,1606405,6203900
2868,436,458,633924,9213,1606863,6345400
2869,457,438,633467,9232,1607301,6305900
2870,460,438,633007,9254,1607739,6217500
2871,472,461,632535,9265,1608200,6323200
2872,463,450,632072,9278,1608650,6241600
2873,476,443,631596,9311,1609093,6288800
2874,476,486,631120,9301,1609579,6262900
2875,471,465,630649,9307,1610044,6240500
2876,466,478,630183,9295,1610522,6552100
2877,465,472,629718,9288,1610994,6184200
2878,496,445,629222,9339,1611439,6363000
2879,472,469,628750,9342,1611908,6263200
2880,458,426,628292,9374,1612334,6221900
2881,440,484,627852,9330,1612818,6495100
2882,436,469,627416,9297,1613287,6239900
2883,475,463,626941,9309,1613750,6278600
2884,446,437,626495,9318,1614187,6219400
2885,445,472,626050,9291,1614659,6332700
2886,468,476,625582,9283,1615135,6703700
2887,487,455,625095,9315,1615590,6329900
2888,429,478,624666,9266,1616068,6391000
2889,466,474,624200,9258,1616542,6352600
2890,427,424,623773,9261,1616966,6335800
2891,437,485,623336,9213,1617451,6283500
2892,442,438,622894,9217,1617889,6279100
2893,418,474,622476,9161,1618363,6504100
2894,466,462,622010,9165,1618825,6397400
2895,466,435,621544,9196,1619260,6590400
2896,434,467,621110,9163,1619727,6761800
2897,459,474,620651,9148,1620201,6571900
2898,437,472,620214,9113,1620673,6494300
2899,392,447,619822,9058,1621120,6278000
2900,474,448,619348,9084,1621568,6595100
2901,434,473,618914,9045,1622041,6275800
2902,468,429,618446,9084,1622470,6968500
2903,388,461,618058,9011,1622931,6268600
2904,459,457,617599,9013,1623388,6172200
2905,437,454,617162,8996,1623842,6216200
2906,465,435,616697,9026,1624277,6150800
2907,487,441,616210,9072,1624718,6317200
2908,463,433,615747,9102,1625151,6212700
2909,496,483,615251,9115,1625634,6234500
2910,439,428,614812,9126,1626062,6673900
2911,445,441,614367,9130,1626503,6277100
2912,425,480,613942,9075,1626983,6219600
2913,435,413,613507,9097,1627396,6237100
2914,417,470,613090,9044,1627866,6170100
2915,415,472,612675,8987,1628338,6515400
2916,416,450,612259,8953,1628788,6150100
2917,440,470,611819,8923,1629258,6164600
2918,461,471,611358,8913,1629729,6220200
2919,447,459,610911,8901,1630188,6203200
2920,445,457,610466,8889,1630645,6283300
2921,418,436,610048,8871,1631081,6226800
2922,435,480,609613,8826,1631561,6707900
2923,458,423,609155,8861,1631984,6223200
2924,447,455,608708,8853,1632439,6226500
2925,457,427,608251,8883,1632866,6216400
2926,423,440,607828,8866,1633306,6186600
2927,470,475,607358,8861,1633781,6243200
2928,449,434,606909,8876,1634215,6253700
2929,493,457,606416,8912,1634672,6241800
2930,472,419,605944,8965,1635091,6229200
2931,441,446,605503,8960,1635537,6280400
2932,456,436,605047,8980,1635973,6297400
2933,430,420,604617,8990,1636393,6234800
2934,451,438,604166,9003,1636831,6384300
2935,438,470,603728,8971,1637301,6328200
2936,452,467,603276,8956,1637768,6147700
2937,454,451,602822,8959,1638219,6626700
2938,459,485,602363,8933,1638704,6359900
2939,458,462,601905,8929,1639166,6444500
2940,438,439,601467,8928,1639605,6365400
2941,456,443,601011,8941,1640048,6374300
2942,447,446,600564,8942,1640494,6466100
2943,478,450,600086,8970,1640944,6361600
2944,459,424,599627,9005,1641368,6405800
2945,481,449,599146,9037,1641817,6414700
2946,440,459,598706,9018,1642276,6392200
2947,452,468,598254,9002,1642744,6558500
2948,454,438,597800,9018,1643182,6306100
2949,456,419,597344,9055,1643601,6351500
2950,440,461,596904,9034,1644062,6315600
2951,449,459,596455,9024,1644521,6576500
2952,465,408,595990,9081,1644929,6550000
2953,402,460,595588,9023,1645389,6472300
2954,457,458,595131,9022,1645847,6860200
2955,462,478,594669,9006,1646325,6327400
2956,460,450,594209,9016,1646775,6378400
2957,458,465,593751,9009,1647240,6406700
2958,444,460,593307,8993,1647700,6336900
2959,475,474,592832,8994,1648174,6401600
2960,431,434,592401,8991,1648608,6365400
2961,441,442,591960,8990,1649050,6787300
2962,454,474,591506,8970,1649524,6430300
2963,457,448,591049,8979,1649972,6508400
2964,459,431,590590,9007,1650403,6571700
2965,470,422,590120,9055,1650825,6687000
2966,497,423,589623,9129,1651248,6929700
2967,478,431,589145,9176,1651679,6470900
2968,453,463,588692,9166,1652142,6492900
2969,448,463,588244,9151,1652605,6225800
2970,463,491,587781,9123,1653096,6234500
2971,447,465,587334,9105,1653561,6183400
2972,457,459,586877,9103,1654020,6250600
2973,516,526,586361,9093,1654546,6355000
2974,414,555,585947,8952,1655101,6394900
2975,477,478,585470,8951,1655579,6364700
2976,425,449,585045,8927,1656028,6375300
2977,462,463,584583,8926,1656491,6316300
2978,474,447,584109,8953,1656938,6236400
2979,466,493,583643,8926,1657431,6192600
2980,474,485,583169,8915,1657916,6217900
2981,446,413,582723,8948,1658329,6249000
2982,446,438,582277,8956,1658767,6209000
2983,441,427,581836,8970,1659194,6712600
2984,467,471,581369,8966,1659665,6298200
2985,477,436,580892,9007,1660101,6517100
2986,473,459,580419,9021,1660560,6196200
2987,410,459,580009,8972,1661019,6160400
2988,469,436,579540,9005,1661455,6524300
2989,449,484,579091,8970,1661939,6190600
2990,463,468,578628,8965,1662407,6482500
2991,449,443,578179,8971,1662850,6201800
2992,454,447,577725,8978,1663297,6130600
2993,417,419,577308,8976,1663716,6627400
2994,500,456,576808,9020,1664172,6693900
2995,472,435,576336,9057,1664607,6979600
2996,451,508,575885,9000,1665115,6235400
2997,456,454,575429,9002,1665569,6208600
2998,467,453,574962,9016,1666022,6198900
2999,475,450,574487,9041,1666472,6218100
3000,463,458,574024,9046,1666930,6282100
3001,447,453,573577,9040,1667383,6187200
3002,420,451,573157,9009,1667834,6453400
3003,478,459,572679,9028,1668293,6218400
3004,449,471,572230,9006,1668764,6246200
3005,400,451,571830,8955,1669215,6410600
3006,436,432,571394,8959,1669647,6143200
3007,473,424,570921,9008,1670071,6496600
3008,486,424,570435,9070,1670495,6243300
3009,443,442,569992,9071,1670937,6173800
3010,480,439,569512,9112,1671376,6250300
3011,485,457,569027,9140,1671833,6179300
3012,475,432,568552,9183,1672265,6718000
3013,451,445,568101,9189,1672710,6250100
3014,485,475,567616,9199,1673185,6331500
3015,441,469,567175,9171,1673654,6616000
3016,433,487,566742,9117,1674141,6226300
3017,454,400,566288,9171,1674541,6285400
3018,438,455,565850,9154,1674996,6223500
3019,428,475,565422,9107,1675471,6194900
3020,441,408,564981,9140,1675879,6239400
3021,423,445,564558,9118,1676324,6200500
3022,425,405,564133,9138,1676729,6248000
3023,440,474,563693,9104,1677203,6235000
3024,416,431,563277,9089,1677634,6210400
3025,423,467,562854,9045,1678101,6670800
3026,428,444,562426,9029,1678545,6308400
3027,432,467,561994,8994,1679012,6241800
3028,441,428,561553,9007,1679440,6212600
3029,405,426,561148,8986,1679866,6230400
3030,431,464,560717,8953,1680330,6285400
3031,384,425,560333,8912,1680755,6246700
3032,414,451,559919,8875,1681206,6275600
3033,423,453,559496,8845,1681659,6216600
3034,432,475,559064,8802,1682134,6200300
3035,439,466,558625,8775,1682600,6590100
3036,461,462,558164,8774,1683062,6214600
3037,408,440,557756,8742,1683502,6233900
3038,437,416,557319,8763,1683918,6148700
3039,417,459,556902,8721,1684377,6156100
3040,442,437,556460,8726,1684814,6524200
3041,422,416,556038,8732,1685230,6206700
3042,432,437,555606,8727,1685667,6748800
3043,439,414,555167,8752,1686081,6469000
3044,453,441,554714,8764,1686522,6226500
3045,490,447,554224,8807,1686969,6657300
3046,433,434,553791,8806,1687403,6326000
3047,438,417,553353,8827,1687820,6350700
3048,441,415,552912,8853,1688235,6285500
3049,425,463,552487,8815,1688698,6225500
3050,434,456,552053,8793,1689154,6317500
3051,445,432,551608,8806,1689586,6213100
3052,437,405,551171,8838,1689991,6203900
3053,446,452,550725,8832,1690443,6477600
3054,443,468,550282,8807,1690911,6556800
3055,452,432,549830,8827,1691343,6782700
3056,447,444,549383,8830,1691787,6813700
3057,425,410,548958,8845,1692197,6509400
3058,441,442,548517,8844,1692639,6270800
3059,452,461,548065,8835,1693100,6280900
3060,443,422,547622,8856,1693522,6238000
3061,455,402,547167,8909,1693924,6181000
3062,422,442,546745,8889,1694366,6609000
3063,467,438,546278,8918,1694804,6196900
3064,446,430,545832,8934,1695234,6268200
3065,442,418,545390,8958,1695652,6223200
3066,452,461,544938,8949,1696113,6202500
3067,413,451,544525,8911,1696564,6567400
3068,437,430,544088,8918,1696994,6281200
3069,459,460,543629,8917,1697454,6214000
3070,456,413,543173,8960,1697867,6427200
3071,433,444,542740,8949,1698311,6148700
3072,438,460,542302,8927,1698771,6203300
3073,452,442,541850,8937,1699213,6145600
3074,455,463,541395,8929,1699676,6176300
3075,464,452,540931,8941,1700128,6188400
3076,446,424,540485,8963,1700552,6162200
3077,448,482,540037,8929,1701034,6513600
3078,467,418,539570,8978,1701452,6274000
3079,391,477,539179,8892,1701929,6549000
3080,436,434,538743,8894,1702363,6201300
3081,429,419,538314,8904,1702782,6120600
3082,444,468,537870,8880,1703250,6175500
3083,416,422,537454,8874,1703672,6147700
3084,435,417,537019,8892,1704089,6157600
3085,437,407,536582,8922,1704496,6134000
3086,420,455,536162,8887,1704951,6117000
3087,457,434,535705,8910,1705385,6747300
3088,479,473,535226,8916,1705858,6345200
3089,449,448,534777,8917,1706306,6456800
3090,434,458,534343,8893,1706764,6268200
3091,441,447,533902,8887,1707211,6221000
3092,440,455,533462,8872,1707666,6201800
3093,412,469,533050,8815,1708135,6235400
3094,445,442,532605,8818,1708577,6560700
3095,426,455,532179,8789,1709032,6128500
3096,434,461,531745,8762,1709493,6284900
3097,445,450,531300,8757,1709943,6470100
3098,463,396,530837,8824,1710339,6234000
3099,452,430,530385,8846,1710769,6600000
3100,418,463,529967,8801,1711232,6184500
3101,456,474,529511,8783,1711706,6731200
3102,425,416,529086,8792,1712122,6292100
3103,446,451,528640,8787,1712573,6101100
3104,440,449,528200,8778,1713022,6147600
3105,395,432,527805,8741,1713454,6132100
3106,459,461,527346,8739,1713915,7068800
3107,487,449,526859,8777,1714364,6286900
3108,437,445,526422,8769,1714809,6243000
3109,437,429,525985,8777,1715238,6539000
3110,442,468,525543,8751,1715706,6338800
3111,415,418,525128,8748,1716124,6500500
3112,433,458,524695,8723,1716582,6128900
3113,437,455,524258,8705,1717037,6138800
3114,429,414,523829,8720,1717451,6225300
3115,415,461,523414,8674,1717912,6135600
3116,458,441,522956,8691,1718353,6406600
3117,413,452,522543,8652,1718805,6195300
3118,459,417,522084,8694,1719222,6222800
3119,412,420,521672,8686,1719642,6237500
3120,397,440,521275,8643,1720082,6281300
3121,424,451,520851,8616,1720533,6327900
3122,422,447,520429,8591,1720980,6275100
3123,431,437,519998,8585,1721417,6368900
3124,419,451,519579,8553,1721868,6629800
3125,463,441,519116,8575,1722309,6372000
3126,429,412,518687,8592,1722721,6847000
3127,436,408,518251,8620,1723129,6567800
3128,426,473,517825,8573,1723602,6564100
3129,359,437,517466,8495,1724039,6329400
3130,432,427,517034,8500,1724466,6453900
3131,425,420,516609,8505,1724886,6400400
3132,433,436,516176,8502,1725322,6333300
3133,438,407,515738,8533,1725729,6549300
3134,423,384,515315,8572,1726113,6697900
3135,395,442,514920,8525,1726555,6985000
3136,464,415,514456,8574,1726970,6464000
3137,427,464,514029,8537,1727434,6370500
3138,422,395,513607,8564,1727829,7194500
3139,423,423,513184,8564,1728252,7116700
3140,401,440,512783,8525,1728692,7476500
3141,444,418,512339,8551,1729110,6401500
3142,427,445,511912,8533,1729555,6433600
3143,426,472,511486,8487,1730027,6376700
3144,411,408,511075,8490,1730435,6332100
3145,427,410,510648,8507,1730845,6413500
3146,395,434,510253,8468,1731279,6333100
3147,404,453,509849,8419,1731732,6628600
3148,395,448,509454,8366,1732180,6744100
3149,412,408,509042,8370,1732588,7531800
3150,455,423,508587,8402,1733011,6378700
3151,400,425,508187,8377,1733436,6424700
3152,411,413,507776,8375,1733849,7185900
3153,388,450,507388,8313,1734299,6754500
3154,383,428,507005,8268,1734727,6804400
3155,409,399,506596,8278,1735126,6263900
3156,381,421,506215,8238,1735547,6793100
3157,384,424,505831,8198,1735971,6338000
3158,376,393,505455,8181,1736364,6373200
3159,397,419,505058,8159,1736783,6126400
3160,400,372,504658,8187,1737155,6219300
3161,396,407,504262,8176,1737562,6276500
3162,369,437,503893,8108,1737999,6180000
3163,368,429,503525,8047,1738428,6357300
3164,413,404,503112,8056,1738832,6280100
3165,350,391,502762,8015,1739223,6058700
3166,376,402,502386,7989,1739625,6351200
3167,379,419,502007,7949,1740044,6115500
3168,391,398,501616,7942,1740442,6125000
3169,393,396,501223,7939,1740838,6136600
3170,379,384,500844,7934,1741222,6131700
3171,366,415,500478,7885,1741637,6207900
3172,379,364,500099,7900,1742001,6153200
3173,384,368,499715,7916,1742369,6121300
3174,358,373,499357,7901,1742742,6165500
3175,395,406,498962,7890,1743148,6109600
3176,372,385,498590,7877,1743533,6106100
3177,420,402,498170,7895,1743935,6100000
3178,377,411,497793,7861,1744346,6077600
3179,382,394,497411,7849,1744740,6388400
3180,388,393,497023,7844,1745133,6085300
3181,375,423,496648,7796,1745556,6609700
3182,390,379,496258,7807,1745935,6313900
3183,400,374,495858,7833,1746309,6143600
3184,410,386,495448,7857,1746695,6199500
3185,409,372,495039,7894,1747067,6139700
3186,385,385,494654,7894,1747452,6128800
3187,345,369,494309,7870,1747821,6609700
3188,366,380,493943,7856,1748201,6086700
3189,373,415,493570,7814,1748616,6466100
3190,401,392,493169,7823,1749008,6129900
3191,398,425,492771,7796,1749433,6521800
3192,363,392,492408,7767,1749825,6276300
3193,402,399,492006,7770,1750224,6173100
3194,379,387,491627,7762,1750611,6517900
3195,387,396,491240,7753,1751007,6120000
3196,387,391,490853,7749,1751398,6505000
3197,386,377,490467,7758,1751775,6198900
3198,395,391,490072,7762,1752166,6101900
3199,386,398,489686,7750,1752564,6241100
3200,381,372,489305,7759,1752936,6258800
3201,427,382,488878,7804,1753318,6261500
3202,381,360,488497,7825,1753678,6262100
3203,450,415,488047,7860,1754093,6312500
3204,395,401,487652,7854,1754494,6253000
3205,401,373,487251,7882,1754867,6238400
3206,413,382,486838,7913,1755249,6750900
3207,403,401,486435,7915,1755650,6658500
3208,403,398,486032,7920,1756048,6191800
3209,427,369,485605,7978,1756417,6121200
3210,370,405,485235,7943,1756822,6141600
3211,383,410,484852,7916,1757232,6665900
3212,380,393,484472,7903,1757625,6790500
3213,382,386,484090,7899,1758011,6407600
3214,442,397,483648,7944,1758408,6690300
3215,436,387,483212,7993,1758795,6191300
3216,432,431,482780,7994,1759226,6601600
3217,408,440,482372,7962,1759666,6189200
3218,450,386,481922,8026,1760052,6484700
3219,415,388,481507,8053,1760440,6194500
3220,397,390,481110,8060,1760830,6203200
3221,426,394,480684,8092,1761224,6508800
3222,423,404,480261,8111,1761628,6191900
3223,416,428,479845,8099,1762056,6154600
3224,428,398,479417,8129,1762454,6249100
3225,435,394,478982,8170,1762848,6129900
3226,394,416,478588,8148,1763264,6465000
3227,429,411,478159,8166,1763675,6208200
3228,361,355,477798,8172,1764030,6147100
3229,418,430,477380,8160,1764460,6177300
3230,404,440,476976,8124,1764900,6116400
3231,395,393,476581,8126,1765293,6531500
3232,406,417,476175,8115,1765710,6396800
3233,392,377,475783,8130,1766087,6142400
3234,382,418,475401,8094,1766505,6179900
3235,396,393,475005,8097,1766898,6131500
3236,412,402,474593,8107,1767300,6182800
3237,386,407,474207,8086,1767707,6100900
3238,398,402,473809,8082,1768109,6435700
3239,390,365,473419,8107,1768474,6245400
3240,383,421,473036,8069,1768895,6126600
3241,384,419,472652,8034,1769314,6487100
3242,371,407,472281,7998,1769721,6456800
3243,407,402,471874,8003,1770123,6532000
3244,416,372,471458,8047,1770495,6151900
3245,376,408,471082,8015,1770903,6205600
3246,425,389,470657,8051,1771292,6473700
3247,396,388,470261,8059,1771680,6156600
3248,375,402,469886,8032,1772082,6200800
3249,379,391,469507,8020,1772473,6130000
3250,403,384,469104,8039,1772857,6109000
3251,351,416,468753,7974,1773273,6147600
3252,417,426,468336,7965,1773699,6092800
3253,391,427,467945,7929,1774126,6312000
3254,387,399,467558,7917,1774525,6290500
3255,393,375,467165,7935,1774900,6156200
3256,380,353,466785,7962,1775253,6363000
3257,401,432,466384,7931,1775685,6202000
3258,386,374,465998,7943,1776059,6502400
3259,388,400,465610,7931,1776459,6223900
3260,383,416,465227,7898,1776875,6093700
3261,401,389,464826,7910,1777264,6083500
3262,403,400,464423,7913,1777664,6061100
3263,373,451,464050,7835,1778115,6302000
3264,414,405,463636,7844,1778520,6100900
3265,370,397,463266,7817,1778917,6084800
3266,374,417,462892,7774,1779334,6498100
3267,399,371,462493,7802,1779705,6247600
3268,419,410,462074,7811,1780115,6215700
3269,386,419,461688,7778,1780534,6166500
3270,388,374,461300,7792,1780908,6186100
3271,403,376,460897,7819,1781284,6223800
3272,383,377,460514,7825,1781661,6191300
3273,415,388,460099,7852,1782049,6162400
3274,392,410,459707,7834,1782459,6160200
3275,395,391,459312,7838,1782850,6152900
3276,414,389,458898,7863,1783239,6750500
3277,417,386,458481,7894,1783625,6219900
3278,404,424,458077,7874,1784049,6146500
3279,426,388,457651,7912,1784437,6198900
3280,407,409,457244,7910,1784846,6123400
3281,432,394,456812,7948,1785240,6491800
3282,401,441,456411,7908,1785681,6177900
3283,397,392,456014,7913,1786073,6519600
3284,411,385,455603,7939,1786458,6394300
3285,410,372,455193,7977,1786830,6325800
3286,391,362,454802,8006,1787192,6382600
3287,383,401,454419,7988,1787593,6277000
3288,381,407,454038,7962,1788000,6288500
3289,384,377,453654,7969,1788377,6191300
3290,428,394,453226,8003,1788771,6164300
3291,394,397,452832,8000,1789168,6192400
3292,394,384,452438,8010,1789552,6116600
3293,439,417,451999,8032,1789969,6151800
3294,371,389,451628,8014,1790358,6152700
3295,398,411,451230,8001,1790769,6113600
3296,392,391,450838,8002,1791160,6194200
3297,406,402,450432,8006,1791562,6140500
3298,399,416,450033,7989,1791978,6166900
3299,374,445,449659,7918,1792423,6394100
3300,364,368,449295,7914,1792791,6354000
3301,415,341,448880,7988,1793132,6730300
3302,396,402,448484,7982,1793534,6346800
3303,381,406,448103,7957,1793940,6439000
3304,393,385,447710,7965,1794325,6275600
3305,394,411,447316,7948,1794736,6171300
3306,408,423,446908,7933,1795159,6482100
3307,416,405,446492,7944,1795564,6133000
3308,399,425,446093,7918,1795989,6117000
3309,381,413,445712,7886,1796402,6148300
3310,419,383,445293,7922,1796785,6201800
3311,406,387,444887,7941,1797172,6168400
3312,405,389,444482,7957,1797561,6139500
3313,427,429,444055,7955,1797990,6499500
3314,401,412,443654,7944,1798402,6464800
3315,374,399,443280,7919,1798801,6320000
3316,376,403,442904,7892,1799204,6125300
3317,369,416,442535,7845,1799620,6042700
3318,383,369,442152,7859,1799989,6351900
3319,394,388,441758,7865,1800377,6409000
3320,378,380,441380,7863,1800757,6435500
3321,396,377,440984,7882,1801134,6542800
3322,403,363,440581,7922,1801497,6365800
3323,352,385,440229,7889,1801882,6403100
3324,396,385,439833,7900,1802267,6317200
3325,397,437,439436,7860,1802704,6284000
3326,377,378,439059,7859,1803082,6317000
3327,409,419,438650,7849,1803501,6260900
3328,397,394,438253,7852,1803895,6373400
3329,370,372,437883,7850,1804267,6262900
3330,382,379,437501,7853,1804646,6312700
3331,383,360,437118,7876,1805006,6359600
3332,370,423,436748,7823,1805429,6341100
3333,363,396,436385,7790,1805825,6494200
3334,372,418,436013,7744,1806243,6310800
3335,382,428,435631,7698,1806671,6295400
3336,356,376,435275,7678,1807047,6521500
3337,360,393,434915,7645,1807440,6303200
3338,397,360,434518,7682,1807800,6289100
3339,367,388,434151,7661,1808188,6294300
3340,390,379,433761,7672,1808567,6275900
3341,377,390,433384,7659,1808957,6826100
3342,338,375,433046,7622,1809332,7038100
3343,401,387,432645,7636,1809719,6549200
3344,397,348,432248,7685,1810067,6326500
3345,376,376,431872,7685,1810443,6362900
3346,372,397,431500,7660,1810840,6736300
3347,379,378,431121,7661,1811218,6998800
3348,382,371,430739,7672,1811589,7107400
3349,399,396,430340,7675,1811985,6935400
3350,386,388,429954,7673,1812373,6530400
3351,389,380,429565,7682,1812753,6247300
3352,398,404,429167,7676,1813157,6511900
3353,360,414,428807,7622,1813571,6208800
3354,398,382,428409,7638,1813953,6108100
3355,360,399,428049,7599,1814352,6228000
3356,329,341,427720,7587,1814693,6086500
3357,363,365,427357,7585,1815058,6368300
3358,354,398,427003,7541,1815456,6323100
3359,389,379,426614,7551,1815835,6802400
3360,362,373,426252,7540,1816208,6306900
3361,365,372,425887,7533,1816580,6246700
3362,373,344,425514,7562,1816924,6465400
3363,363,372,425151,7553,1817296,6257700
3364,381,358,424770,7576,1817654,6702200
3365,380,405,424390,7551,1818059,6228400
3366,371,383,424019,7539,1818442,6166300
3367,387,387,423632,7539,1818829,6111900
3368,341,359,423291,7521,1819188,6083500
3369,349,385,422942,7485,1819573,6190000
3370,373,370,422569,7488,1819943,6726900
3371,357,397,422212,7448,1820340,6368800
3372,399,377,421813,7470,1820717,6793800
3373,350,379,421463,7441,1821096,6433000
3374,368,352,421095,7457,1821448,6329600
3375,359,369,420736,7447,1821817,6475800
3376,402,363,420334,7486,1822180,6227900
3377,381,375,419953,7492,1822555,6405600
3378,372,395,419581,7469,1822950,6150500
3379,357,399,419224,7427,1823349,6160900
3380,389,387,418835,7429,1823736,6116900
3381,391,382,418444,7438,1824118,6128400
3382,351,341,418093,7448,1824459,6284900
3383,383,350,417710,7481,1824809,6207200
3384,377,359,417333,7499,1825168,6113100
3385,369,399,416964,7469,1825567,6183500
3386,382,342,416582,7509,1825909,6113500
3387,394,411,416188,7492,1826320,6135200
3388,424,382,415764,7534,1826702,6146600
3389,385,361,415379,7558,1827063,6101100
3390,347,371,415032,7534,1827434,6122800
3391,361,392,414671,7503,1827826,6076800
3392,386,353,414285,7536,1828179,6171500
3393,378,381,413907,7533,1828560,6267400
3394,367,356,413540,7544,1828916,6122400
3395,410,380,413130,7574,1829296,6223300
3396,368,396,412762,7546,1829692,6111500
3397,377,394,412385,7529,1830086,6134500
3398,364,404,412021,7489,1830490,6123200
3399,365,381,411656,7473,1830871,6110800
3400,379,361,411277,7491,1831232,6148400
3401,355,386,410922,7460,1831618,6074300
3402,376,384,410546,7452,1832002,6085700
3403,380,373,410166,7459,1832375,6148600
3404,395,367,409771,7487,1832742,6214300
3405,343,383,409428,7447,1833125,6882700
3406,352,393,409076,7406,1833518,6055800
3407,356,362,408720,7400,1833880,6352200
3408,358,379,408362,7379,1834259,6141000
3409,331,371,408031,7339,1834630,6079100
3410,350,387,407681,7302,1835017,6206900
3411,326,363,407355,7265,1835380,6103000
3412,345,343,407010,7267,1835723,6371700
3413,371,362,406639,7276,1836085,6057200
3414,338,348,406301,7266,1836433,6130200
3415,332,336,405969,7262,1836769,6453500
3416,381,358,405588,7285,1837127,6129300
3417,357,390,405231,7252,1837517,6161900
3418,408,344,404823,7316,1837861,6083300
3419,351,338,404472,7329,1838199,6064800
3420,318,352,404154,7295,1838551,6762300
3421,359,363,403795,7291,1838914,6230800
3422,377,364,403418,7304,1839278,6066300
3423,336,398,403082,7242,1839676,6046800
3424,353,379,402729,7216,1840055,6075900
3425,361,359,402368,7218,1840414,6524500
3426,354,355,402014,7217,1840769,6154800
3427,336,358,401678,7195,1841127,6146900
3428,342,382,401336,7155,1841509,6110400
3429,373,350,400963,7178,1841859,6124700
3430,358,359,400605,7177,1842218,6215000
3431,344,356,400261,7165,1842574,6100900
3432,342,343,399919,7164,1842917,6685600
3433,369,349,399550,7184,1843266,6052100
3434,318,347,399232,7155,1843613,6076000
3435,346,349,398886,7152,1843962,6073000
3436,351,356,398535,7147,1844318,6147000
3437,373,380,398162,7140,1844698,6222700
3438,336,361,397826,7115,1845059,6098600
3439,334,359,397492,7090,1845418,6175300
3440,325,370,397167,7045,1845788,6832500
3441,362,346,396805,7061,1846134,6611200
3442,353,342,396452,7072,1846476,6203200
3443,325,370,396127,7027,1846846,6269200
3444,352,340,395775,7039,1847186,6254200
3445,402,337,395373,7104,1847523,6247100
3446,364,345,395009,7123,1847868,6297800
3447,324,353,394685,7094,1848221,6179600
3448,328,345,394357,7077,1848566,6130900
3449,335,356,394022,7056,1848922,6391200
3450,345,350,393677,7051,1849272,6181600
3451,351,365,393326,7037,1849637,6152500
3452,344,363,392982,7018,1850000,6238900
3453,343,346,392639,7015,1850346,6027700
3454,305,353,392334,6967,1850699,6083500
3455,333,305,392001,6995,1851004,6184700
3456,343,355,391658,6983,1851359,6100600
3457,339,315,391319,7007,1851674,6322800
3458,347,337,390972,7017,1852011,6098400
3459,351,322,390621,7046,1852333,6052500
3460,322,345,390299,7023,1852678,6037800
3461,331,344,389968,7010,1853022,6035200
3462,339,363,389629,6986,1853385,6556200
3463,353,331,389276,7008,1853716,6220900
3464,338,360,388938,6986,1854076,6908500
3465,348,358,388590,6976,1854434,6227300
3466,361,337,388229,7000,1854771,6290900
3467,334,346,387895,6988,1855117,6747200
3468,336,370,387559,6954,1855487,6109100
3469,359,355,387200,6958,1855842,6312300
3470,339,325,386861,6972,1856167,6028000
3471,328,343,386533,6957,1856510,6536000
3472,335,339,386198,6953,1856849,6370400
3473,321,326,385877,6948,1857175,6103000
3474,339,355,385538,6932,1857530,6254400
3475,339,350,385199,6921,1857880,6028500
3476,326,331,384873,6916,1858211,6423900
3477,358,352,384515,6922,1858563,6119300
3478,302,334,384213,6890,1858897,6130400
3479,323,327,383890,6886,1859224,6234000
3480,318,329,383572,6875,1859553,6148400
3481,304,329,383268,6850,1859882,6436700
3482,332,349,382936,6833,1860231,6097500
3483,331,311,382605,6853,1860542,6026400
3484,338,330,382267,6861,1860872,6084300
3485,321,347,381946,6835,1861219,6025300
3486,344,364,381602,6815,1861583,6471500
3487,328,364,381274,6779,1861947,6105800
3488,314,328,380960,6765,1862275,6063300
3489,315,341,380645,6739,1862616,6397200
3490,330,347,380315,6722,1862963,6089300
3491,313,313,380002,6722,1863276,6331000
3492,336,349,379666,6709,1863625,6114800
3493,319,334,379347,6694,1863959,6078400
3494,348,340,378999,6702,1864299,6117300
3495,330,319,378669,6713,1864618,6038400
3496,312,344,378357,6681,1864962,6376400
3497,371,313,377986,6739,1865275,6074300
3498,337,339,377649,6737,1865614,6031800
3499,321,352,377328,6706,1865966,6432500
3500,342,302,376986,6746,1866268,6146400
3501,371,334,376615,6783,1866602,6173100
3502,322,328,376293,6777,1866930,6082000
3503,349,368,375944,6758,1867298,6055100
3504,379,362,375565,6775,1867660,6196700
3505,375,315,375190,6835,1867975,6069200
3506,338,343,374852,6830,1868318,6196900
3507,364,365,374488,6829,1868683,6046500
3508,382,356,374106,6855,1869039,6037400
3509,348,311,373758,6892,1869350,6128000
3510,356,298,373402,6950,1869648,6102300
3511,343,386,373059,6907,1870034,6280100
3512,349,323,372710,6933,1870357,6414800
3513,348,361,372362,6920,1870718,6236900
3514,364,334,371998,6950,1871052,6334400
3515,350,363,371648,6937,1871415,6251000
3516,332,354,371316,6915,1871769,6503400
3517,338,332,370978,6921,1872101,6389500
3518,360,347,370618,6934,1872448,6325500
3519,341,343,370277,6932,1872791,6442900
3520,330,338,369947,6924,1873129,6394100
3521,334,320,369613,6938,1873449,6715800
3522,352,363,369261,6927,1873812,6428400
3523,338,351,368923,6914,1874163,6369200
3524,368,316,368555,6966,1874479,6403300
3525,320,352,368235,6934,1874831,6303200
3526,337,347,367898,6924,1875178,6299600
3527,330,355,367568,6899,1875533,6215800
3528,312,347,367256,6864,1875880,6253800
3529,362,357,366894,6869,1876237,6588600
3530,300,365,366594,6804,1876602,6212300
3531,345,334,366249,6815,1876936,6471200
3532,327,319,365922,6823,1877255,6507900
3533,359,328,365563,6854,1877583,6357100
3534,337,331,365226,6860,1877914,6826900
3535,338,330,364888,6868,1878244,6777100
3536,346,353,364542,6861,1878597,7016300
3537,348,312,364194,6897,1878909,6278400
3538,314,314,363880,6897,1879223,6206600
3539,335,329,363545,6903,1879552,6564900
3540,337,362,363208,6878,1879914,6233500
3541,367,338,362841,6907,1880252,6943600
3542,357,325,362484,6939,1880577,6812900
3543,351,364,362133,6926,1880941,6098900
3544,331,324,361802,6933,1881265,6048700
3545,360,350,361442,6943,1881615,6011800
3546,332,364,361110,6911,1881979,6106600
3547,337,368,360773,6880,1882347,5997600
3548,320,330,360453,6870,1882677,6008600
3549,355,352,360098,6873,1883029,6058500
3550,338,307,359760,6904,1883336,5992000
3551,344,328,359416,6920,1883664,6357600
3552,338,331,359078,6927,1883995,6106900
3553,355,343,358723,6939,1884338,6193000
3554,308,346,358415,6901,1884684,6094900
3555,339,348,358076,6892,1885032,6094500
3556,351,354,357725,6889,1885386,6151100
3557,332,356,357393,6865,1885742,6031400
3558,341,352,357052,6854,1886094,6280900
3559,330,339,356722,6845,1886433,6129900
3560,335,337,356387,6843,1886770,6025200
3561,345,323,356042,6865,1887093,6458600
3562,363,357,355679,6871,1887450,6022100
3563,338,355,355341,6854,1887805,6672000
3564,308,333,355033,6829,1888138,6359000
3565,347,329,354686,6847,1888467,6024200
3566,345,351,354341,6841,1888818,6039200
3567,347,324,353994,6864,1889142,5988200
3568,319,361,353675,6822,1889503,6402900
3569,328,339,353347,6811,1889842,6272200
3570,338,341,353009,6808,1890183,6049300
3571,337,365,352672,6780,1890548,6121400
3572,339,315,352333,6804,1890863,6023700
3573,312,315,352021,6801,1891178,6105000
3574,299,359,351722,6741,1891537,6136000
3575,318,329,351404,6730,1891866,6109100
3576,325,336,351079,6719,1892202,6584500
3577,307,332,350772,6694,1892534,6040200
3578,338,328,350434,6704,1892862,6073500
3579,332,341,350102,6695,1893203,6011200
3580,327,324,349775,6698,1893527,5998700
3581,285,322,349490,6661,1893849,5998100
3582,345,358,349145,6648,1894207,5979700
3583,341,325,348804,6664,1894532,5994000
3584,330,305,348474,6689,1894837,6079300
3585,329,330,348145,6688,1895167,6079000
3586,336,330,347809,6694,1895497,6467200
3587,346,326,347463,6714,1895823,6134100
3588,349,347,347114,6716,1896170,6057800
3589,305,362,346809,6659,1896532,6113700
3590,306,355,346503,6610,1896887,6066700
3591,341,334,346162,6617,1897221,6082600
3592,322,359,345840,6580,1897580,6014400
3593,316,356,345524,6540,1897936,6012600
3594,328,341,345196,6527,1898277,6140300
3595,282,305,344914,6504,1898582,6066400
3596,316,341,344598,6479,1898923,6078100
3597,311,308,344287,6482,1899231,6150100
3598,341,303,343946,6520,1899534,6087900
3599,319,338,343627,6501,1899872,6558200
3600,343,320,343284,6524,1900192,6114000
3601,308,342,342976,6490,1900534,6124800
3602,314,315,342662,6489,1900849,6444300
3603,312,330,342350,6471,1901179,6068800
3604,308,319,342042,6460,1901498,6171700
3605,309,326,341733,6443,1901824,6242500
3606,316,323,341417,6436,1902147,6286500
3607,312,330,341105,6418,1902477,6337700
3608,315,322,340790,6411,1902799,6146900
3609,283,319,340507,6375,1903118,6155300
3610,320,346,340187,6349,1903464,6070000
3611,310,335,339877,6324,1903799,6070800
3612,294,334,339583,6284,1904133,6091000
3613,273,311,339310,6246,1904444,6008400
3614,312,306,338998,6252,1904750,6020600
3615,303,291,338695,6264,1905041,6035100
3616,312,311,338383,6265,1905352,6002600
3617,292,308,338091,6249,1905660,6818700
3618,283,291,337808,6241,1905951,6059200
3619,293,273,337515,6261,1906224,6354800
3620,293,331,337222,6223,1906555,6011400
3621,280,320,336942,6183,1906875,6015900
3622,295,321,336647,6157,1907196,6109000
3623,298,342,336349,6113,1907538,6005200
3624,284,294,336065,6103,1907832,6329500
3625,323,289,335742,6137,1908121,6008200
3626,270,297,335472,6110,1908418,5992200
3627,331,311,335141,6130,1908729,6173700
3628,291,312,334850,6109,1909041,6242900
3629,292,293,334558,6108,1909334,6234000
3630,309,272,334249,6145,1909606,6207800
3631,299,307,333950,6137,1909913,6144500
3632,330,309,333620,6158,1910222,6074300
3633,319,341,333301,6136,1910563,6007300
3634,348,325,332953,6159,1910888,6019200
3635,330,318,332623,6171,1911206,5971400
3636,327,332,332296,6166,1911538,5961300
3637,304,274,331992,6196,1911812,6042900
3638,292,318,331700,6170,1912130,5990900
3639,295,297,331405,6168,1912427,6061900
3640,290,295,331115,6163,1912722,6074800
3641,290,298,330825,6155,1913020,6006300
3642,290,311,330535,6134,1913331,5996000
3643,285,305,330250,6114,1913636,6020600
3644,337,302,329913,6149,1913938,5985400
3645,289,296,329624,6142,1914234,6374500
3646,323,292,329301,6173,1914526,6048300
3647,318,322,328983,6169,1914848,6025100
3648,292,290,328691,6171,1915138,6322000
3649,283,305,328408,6149,1915443,5981600
3650,302,311,328106,6140,1915754,6554500
3651,297,308,327809,6129,1916062,6612700
3652,293,302,327516,6120,1916364,6155600
3653,294,294,327222,6120,1916658,5971600
3654,321,318,326901,6123,1916976,6301000
3655,320,311,326581,6132,1917287,6480000
3656,332,291,326249,6173,1917578,6037500
3657,287,338,325962,6122,1917916,6054000
3658,291,329,325671,6084,1918245,6027300
3659,316,296,325355,6104,1918541,5993800
3660,279,295,325076,6088,1918836,6065400
3661,283,310,324793,6061,1919146,6054200
3662,308,283,324485,6086,1919429,6050500
3663,287,308,324198,6065,1919737,5973500
3664,309,290,323889,6084,1920027,6037100
3665,302,316,323587,6070,1920343,6064400
3666,332,309,323255,6093,1920652,5974200
3667,316,336,322939,6073,1920988,6111400
3668,332,295,322607,6110,1921283,6034800
3669,301,297,322306,6114,1921580,5978000
3670,331,293,321975,6152,1921873,6439400
3671,291,287,321684,6156,1922160,5997000
3672,299,319,321385,6136,1922479,6058200
3673,262,289,321123,6109,1922768,6493300
3674,295,282,320828,6122,1923050,6011100
3675,304,301,320524,6125,1923351,6560000
3676,299,281,320225,6143,1923632,5994900
3677,294,330,319931,6107,1923962,5993100
3678,307,296,319624,6118,1924258,6338600
3679,285,318,319339,6085,1924576,6017500
3680,311,306,319028,6090,1924882,6800500
3681,295,327,318733,6058,1925209,6221000
3682,325,321,318408,6062,1925530,6220300
3683,313,306,318095,6069,1925836,6309900
3684,303,306,317792,6066,1926142,6186500
3685,276,291,317516,6051,1926433,6484800
3686,301,296,317215,6056,1926729,6071900
3687,299,303,316916,6052,1927032,6032600
3688,302,303,316614,6051,1927335,6091100
3689,287,285,316327,6053,1927620,5939500
3690,289,305,316038,6037,1927925,6356500
3691,301,280,315737,6058,1928205,6123000
3692,259,337,315478,5980,1928542,5982300
3693,275,317,315203,5938,1928859,6608600
3694,320,316,314883,5942,1929175,6954400
3695,269,293,314614,5918,1929468,7052500
3696,271,278,314343,5911,1929746,6192100
3697,303,276,314040,5938,1930022,6812300
3698,319,291,313721,5966,1930313,6441300
3699,313,305,313408,5974,1930618,5932600
3700,290,293,313118,5971,1930911,6112500
3701,308,281,312810,5998,1931192,6312700
3702,310,277,312500,6031,1931469,5953400
3703,293,278,312207,6046,1931747,6680600
3704,273,318,311934,6001,1932065,6574300
3705,299,344,311635,5956,1932409,6051200
3706,292,320,311343,5928,1932729,6521100
3707,311,319,311032,5920,1933048,6143800
3708,288,279,310744,5929,1933327,6543500
3709,308,286,310436,5951,1933613,6293900
3710,312,293,310124,5970,1933906,6198700
3711,290,278,309834,5982,1934184,6145900
3712,264,325,309570,5921,1934509,6159700
3713,299,304,309271,5916,1934813,6389100
3714,324,310,308947,5930,1935123,6181700
3715,272,280,308675,5922,1935403,6213800
3716,302,270,308373,5954,1935673,6168000
3717,283,311,308090,5926,1935984,6145800
3718,261,283,307829,5904,1936267,6515100
3719,301,292,307528,5913,1936559,6070800
3720,290,304,307238,5899,1936863,6101800
3721,291,335,306947,5855,1937198,6364900
3722,301,285,306646,5871,1937483,6120200
3723,267,274,306379,5864,1937757,6272800
3724,273,284,306106,5853,1938041,6128000
3725,284,299,305822,5838,1938340,6262700
3726,264,291,305558,5811,1938631,6207600
3727,273,288,305285,5796,1938919,6133700
3728,235,289,305050,5742,1939208,6188000
3729,273,270,304777,5745,1939478,6128600
3730,255,303,304522,5697,1939781,6579900
3731,258,291,304264,5664,1940072,6116000
3732,265,274,303999,5655,1940346,6344800
3733,297,325,303702,5627,1940671,6104800
3734,281,278,303421,5630,1940949,6112500
3735,265,279,303156,5616,1941228,6492800
3736,249,265,302907,5600,1941493,6200200
3737,258,258,302649,5600,1941751,6286500
3738,265,271,302384,5594,1942022,6007400
3739,292,278,302092,5608,1942300,5970000
3740,294,305,301798,5597,1942605,6223900
3741,290,302,301508,5585,1942907,5952000
3742,287,247,301221,5625,1943154,5924900
3743,284,304,300937,5605,1943458,5956200
3744,268,272,300669,5601,1943730,5909600
3745,265,284,300404,5582,1944014,6032300
3746,276,292,300128,5566,1944306,6338800
3747,267,278,299861,5555,1944584,6036800
3748,246,259,299615,5542,1944843,6319600
3749,252,261,299363,5533,1945104,5961200
3750,282,271,299081,5544,1945375,5973200
3751,282,274,298799,5552,1945649,6339100
3752,284,262,298515,5574,1945911,5864100
3753,306,309,298209,5571,1946220,6288800
3754,266,271,297943,5566,1946491,5946300
3755,246,308,297697,5504,1946799,5979400
3756,262,276,297435,5490,1947075,6640800
3757,264,263,297171,5491,1947338,5997300
3758,262,265,296909,5488,1947603,6018700
3759,272,304,296637,5456,1947907,6026100
3760,273,289,296364,5440,1948196,5975000
3761,284,267,296080,5457,1948463,5977200
3762,306,277,295774,5486,1948740,5974700
3763,275,277,295499,5484,1949017,5943800
3764,278,279,295221,5483,1949296,6613700
3765,274,271,294947,5486,1949567,6015700
3766,247,287,294700,5446,1949854,6286400
3767,237,259,294463,5424,1950113,6152500
3768,259,286,294204,5397,1950399,6169300
3769,288,281,293916,5404,1950680,6185700
3770,295,261,293621,5438,1950941,6115900
3771,249,270,293372,5417,1951211,6127900
3772,266,250,293106,5433,1951461,5940300
3773,252,265,292854,5420,1951726,5895700
3774,286,240,292568,5466,1951966,5963700
3775,267,276,292301,5457,1952242,5933200
3776,279,264,292022,5472,1952506,5951100
3777,250,274,291772,5448,1952780,5906400
3778,257,245,291515,5460,1953025,5893700
3779,235,283,291280,5412,1953308,6022000
3780,249,259,291031,5402,1953567,5978800
3781,284,280,290747,5406,1953847,5955800
3782,250,254,290497,5402,1954101,6019100
3783,303,294,290194,5411,1954395,5906200
3784,269,238,289925,5442,1954633,6243200
3785,274,293,289651,5423,1954926,6066700
3786,264,276,289387,5411,1955202,5935300
3787,284,274,289103,5421,1955476,5991300
3788,250,260,288853,5411,1955736,5921100
3789,263,246,288590,5428,1955982,5942700
3790,258,294,288332,5392,1956276,6037000
3791,255,298,288077,5349,1956574,6043600
3792,309,293,287768,5365,1956867,6069300
3793,285,275,287483,5375,1957142,5964500
3794,282,292,287201,5365,1957434,6048600
3795,290,279,286911,5376,1957713,6304300
3796,253,275,286658,5354,1957988,6078200
3797,272,246,286386,5380,1958234,6596900
3798,279,248,286107,5411,1958482,6583800
3799,281,279,285826,5413,1958761,6762100
3800,297,247,285529,5463,1959008,5989900
3801,270,286,285259,5447,1959294,6032800
3802,275,250,284984,5472,1959544,6005700
3803,278,271,284706,5479,1959815,5916000
3804,283,275,284423,5487,1960090,5928400
3805,260,269,284163,5478,1960359,5941000
3806,252,306,283911,5424,1960665,5888700
3807,264,282,283647,5406,1960947,5952100
3808,264,264,283383,5406,1961211,5905500
3809,256,274,283127,5388,1961485,5872800
3810,263,275,282864,5376,1961760,6334500
3811,271,289,282593,5358,1962049,5939100
3812,262,295,282331,5325,1962344,6312500
3813,289,263,282042,5351,1962607,6086200
3814,281,258,281761,5374,1962865,5996200
3815,273,261,281488,5386,1963126,6231000
3816,276,262,281212,5400,1963388,5928300
3817,250,292,280962,5358,1963680,5953100
3818,260,264,280702,5354,1963944,5913200
3819,260,256,280442,5358,1964200,5872600
3820,276,285,280166,5349,1964485,6306000
3821,257,267,279909,5339,1964752,5935000
3822,295,286,279614,5348,1965038,5921800
3823,271,295,279343,5324,1965333,6060300
3824,261,258,279082,5327,1965591,6049200
3825,304,252,278778,5379,1965843,5996600
3826,272,288,278506,5363,1966131,5934500
3827,306,262,278200,5407,1966393,5936400
3828,261,287,277939,5381,1966680,6003100
3829,252,289,277687,5344,1966969,5941100
3830,261,281,277426,5324,1967250,5968700
3831,272,283,277154,5313,1967533,5955700
3832,254,263,276900,5304,1967796,5944000
3833,240,235,276660,5309,1968031,6024900
3834,263,260,276397,5312,1968291,6021900
3835,259,262,276138,5309,1968553,6006600
3836,260,268,275878,5301,1968821,6135800
3837,244,267,275634,5278,1969088,5964100
3838,245,274,275389,5249,1969362,6364900
3839,282,259,275107,5272,1969621,5944500
3840,253,258,274854,5267,1969879,5868300
3841,270,252,274584,5285,1970131,6207700
3842,251,277,274333,5259,1970408,6035900
3843,246,272,274087,5233,1970680,6129700
3844,256,253,273831,5236,1970933,6029200
3845,244,267,273587,5213,1971200,6049100
3846,271,287,273316,5197,1971487,7091300
3847,251,248,273065,5200,1971735,7267900
3848,270,244,272795,5226,1971979,6516100
3849,251,253,272544,5224,1972232,6162700
3850,275,225,272269,5274,1972457,6042500
3851,264,248,272005,5290,1972705,6041900
3852,250,249,271755,5291,1972954,5907500
3853,275,290,271480,5276,1973244,5928200
3854,262,275,271218,5263,1973519,7150400
3855,262,296,270956,5229,1973815,7054200
3856,288,248,270668,5269,1974063,6624500
3857,280,275,270388,5274,1974338,6784700
3858,263,271,270125,5266,1974609,7136900
3859,289,248,269836,5307,1974857,6108000
3860,278,268,269558,5317,1975125,6105800
3861,287,289,269271,5315,1975414,6547500
3862,254,234,269017,5335,1975648,5958500
3863,285,267,268732,5353,1975915,6254500
3864,257,276,268475,5334,1976191,5927500
3865,290,279,268185,5345,1976470,5989300
3866,290,260,267895,5375,1976730,6062100
3867,300,267,267595,5408,1976997,5977900
3868,303,277,267292,5434,1977274,5979100
3869,306,289,266986,5451,1977563,5974200
3870,287,278,266699,5460,1977841,5980900
3871,313,263,266386,5510,1978104,5971300
3872,295,280,266091,5525,1978384,5930300
3873,283,276,265808,5532,1978660,5945600
3874,288,276,265520,5544,1978936,5953400
3875,276,291,265244,5529,1979227,5949300
3876,277,270,264967,5536,1979497,5963300
3877,260,232,264707,5564,1979729,6281800
3878,263,290,264444,5537,1980019,5964600
3879,261,286,264183,5512,1980305,6402600
3880,254,264,263929,5502,1980569,5942000
3881,296,291,263633,5507,1980860,5959900
3882,281,273,263352,5515,1981133,6161100
3883,262,278,263090,5499,1981411,5941400
3884,284,282,262806,5501,1981693,5962300
3885,283,258,262523,5526,1981951,5964000
3886,266,272,262257,5520,1982223,5905200
3887,286,280,261971,5526,1982503,5977600
3888,264,243,261707,5547,1982746,6027700
3889,276,259,261431,5564,1983005,6068000
3890,271,273,261160,5562,1983278,5994200
3891,289,264,260871,5587,1983542,5952900
3892,281,284,260590,5584,1983826,6314900
3893,299,276,260291,5607,1984102,5916900
3894,281,271,260010,5617,1984373,5899600
3895,276,257,259734,5636,1984630,6269200
3896,300,265,259434,5671,1984895,5857300
3897,275,292,259159,5654,1985187,5940900
3898,281,270,258878,5665,1985457,5913900
3899,274,267,258604,5672,1985724,6134600
3900,281,294,258323,5659,1986018,6704400
3901,284,303,258039,5640,1986321,6138700
3902,277,303,257762,5614,1986624,6172100
3903,253,265,257509,5602,1986889,6156300
3904,245,286,257264,5561,1987175,6261600
3905,243,274,257021,5530,1987449,6203100
3906,260,285,256761,5505,1987734,6097400
3907,249,299,256512,5455,1988033,6362900
3908,282,270,256230,5467,1988303,6091200
3909,248,270,255982,5445,1988573,6083800
3910,258,276,255724,5427,1988849,6380200
3911,252,275,255472,5404,1989124,6105400
3912,232,272,255240,5364,1989396,6143600
3913,269,252,254971,5381,1989648,6073100
3914,241,289,254730,5333,1989937,6098100
3915,262,271,254468,5324,1990208,6153800
3916,293,257,254175,5360,1990465,6020800
3917,284,272,253891,5372,1990737,6011500
3918,252,266,253639,5358,1991003,6358300
3919,242,273,253397,5327,1991276,6012400
3920,246,245,253151,5328,1991521,6269500
3921,262,262,252889,5328,1991783,6134400
3922,253,276,252636,5305,1992059,6129100
3923,254,255,252382,5304,1992314,6381600
3924,264,256,252118,5312,1992570,6041900
3925,249,279,251869,5282,1992849,6414000
3926,262,278,251607,5266,1993127,6539000
3927,235,268,251372,5233,1993395,6378400
3928,254,242,251118,5245,1993637,6386600
3929,261,273,250857,5233,1993910,6039000
3930,264,270,250593,5227,1994180,6157600
3931,241,298,250352,5170,1994478,6275400
3932,239,245,250113,5164,1994723,6223800
3933,252,272,249861,5144,1994995,6332600
3934,282,238,249579,5188,1995233,6093200
3935,237,260,249342,5165,1995493,5979900
3936,245,250,249097,5160,1995743,5894100
3937,261,252,248836,5169,1995995,5885600
3938,261,265,248575,5165,1996260,6277300
3939,251,246,248324,5170,1996506,5882200
3940,278,267,248046,5181,1996773,5961800
3941,270,212,247776,5239,1996985,5965100
3942,281,238,247495,5282,1997223,5885000
3943,215,246,247280,5251,1997469,6076400
3944,276,263,247004,5264,1997732,5972000
3945,295,242,246709,5317,1997974,6114600
3946,265,234,246444,5348,1998208,6344900
3947,235,260,246209,5323,1998468,5867000
3948,268,289,245941,5302,1998757,6025900
3949,262,269,245679,5295,1999026,5864300
3950,257,277,245422,5275,1999303,5847000
3951,231,268,245191,5238,1999571,6370700
3952,267,266,244924,5239,1999837,5915400
3953,263,253,244661,5249,2000090,5901300
3954,277,294,244384,5232,2000384,6079300
3955,256,279,244128,5209,2000663,5922000
3956,262,274,243866,5197,2000937,6111200
3957,278,240,243588,5235,2001177,5861000
3958,275,245,243313,5265,2001422,5867700
3959,269,273,243044,5261,2001695,5855600
3960,261,242,242783,5280,2001937,5858000
3961,240,270,242543,5250,2002207,5917600
3962,250,258,242293,5242,2002465,5865400
3963,267,258,242026,5251,2002723,5874600
3964,272,252,241754,5271,2002975,6401100
3965,246,243,241508,5274,2003218,6204700
3966,272,265,241236,5281,2003483,6311800
3967,241,277,240995,5245,2003760,6046700
3968,297,281,240698,5261,2004041,6016900
3969,241,261,240457,5241,2004302,6329300
3970,270,279,240187,5232,2004581,5955100
3971,236,261,239951,5207,2004842,6281400
3972,249,264,239702,5192,2005106,5863600
3973,287,258,239415,5221,2005364,5879800
3974,247,257,239168,5211,2005621,6243100
3975,249,290,238919,5170,2005911,5931600
3976,257,270,238662,5157,2006181,6415000
3977,254,283,238408,5128,2006464,5901100
3978,268,271,238140,5125,2006735,5892400
3979,245,298,237895,5072,2007033,6168500
3980,233,255,237662,5050,2007288,5865100
3981,271,243,237391,5078,2007531,6417000
3982,267,260,237124,5085,2007791,5891400
3983,243,254,236881,5074,2008045,5828600
3984,264,271,236617,5067,2008316,6091000
3985,246,228,236371,5085,2008544,5898400
3986,270,261,236101,5094,2008805,5915100
3987,252,268,235849,5078,2009073,5992300
3988,245,255,235604,5068,2009328,5949700
3989,236,206,235368,5098,2009534,5925100
3990,236,266,235132,5068,2009800,5949500
3991,249,242,234883,5075,2010042,5927300
3992,254,254,234629,5075,2010296,6268600
3993,250,237,234379,5088,2010533,5876900
3994,259,260,234120,5087,2010793,5840200
3995,251,234,233869,5104,2011027,5907400
3996,251,275,233618,5080,2011302,5869700
3997,265,237,233353,5108,2011539,5908500
3998,225,280,233128,5053,2011819,5929200
3999,228,264,232900,5017,2012083,5879500
4000,253,258,232647,5012,2012341,5916000
4001,256,273,232391,4995,2012614,5848200
4002,255,255,232136,4995,2012869,5852600
4003,227,234,231909,4988,2013103,5982100
4004,239,267,231670,4960,2013370,5842500
4005,241,267,231429,4934,2013637,5953100
4006,251,222,231178,4963,2013859,5962800
4007,235,272,230943,4926,2014131,5926200
4008,260,231,230683,4955,2014362,6636100
4009,258,227,230425,4986,2014589,6016800
4010,243,240,230182,4989,2014829,6738100
4011,253,260,229929,4982,2015089,6568300
4012,264,270,229665,4976,2015359,5970500
4013,251,234,229414,4993,2015593,6062400
4014,225,278,229189,4940,2015871,5978200
4015,267,260,228922,4947,2016131,5939800
4016,240,230,228682,4957,2016361,5908600
4017,240,230,228442,4967,2016591,5844100
4018,254,253,228188,4968,2016844,6111000
4019,231,245,227957,4954,2017089,6087500
4020,263,275,227694,4942,2017364,6282400
4021,221,234,227473,4929,2017598,6288600
4022,206,251,227267,4884,2017849,5929500
4023,232,253,227035,4863,2018102,6408100
4024,227,250,226808,4840,2018352,5988200
4025,237,238,226571,4839,2018590,6298500
4026,244,248,226327,4835,2018838,5945100
4027,241,249,226086,4827,2019087,5860600
4028,252,239,225834,4840,2019326,5912500
4029,225,242,225609,4823,2019568,5853700
4030,224,256,225385,4791,2019824,5873200
4031,242,242,225143,4791,2020066,5934100
4032,232,273,224911,4750,2020339,5877700
4033,222,245,224689,4727,2020584,5928000
4034,239,218,224450,4748,2020802,5832300
4035,228,247,224222,4729,2021049,5855700
4036,207,234,224015,4702,2021283,5906600
4037,192,208,223823,4686,2021491,5813300
4038,227,236,223596,4677,2021727,5852200
4039,239,241,223357,4675,2021968,5808900
4040,208,227,223149,4656,2022195,5831200
4041,232,241,222917,4647,2022436,5953700
4042,224,235,222693,4636,2022671,5899000
4043,231,228,222462,4639,2022899,5889500
4044,231,247,222231,4623,2023146,6186200
4045,226,247,222005,4602,2023393,5869000
4046,240,222,221765,4620,2023615,5890500
4047,251,224,221514,4647,2023839,5828500
4048,268,243,221246,4672,2024082,5811000
4049,256,234,220990,4694,2024316,6304600
4050,236,223,220754,4707,2024539,5859900
4051,243,235,220511,4715,2024774,5844700
4052,263,262,220248,4716,2025036,6063500
4053,246,221,220002,4741,2025257,5878800
4054,247,238,219755,4750,2025495,5958700
4055,265,226,219490,4789,2025721,5898900
4056,254,252,219236,4791,2025973,5847800
4057,222,221,219014,4792,2026194,6436000
4058,238,224,218776,4806,2026418,5809500
4059,256,239,218520,4823,2026657,5991600
4060,251,234,218269,4840,2026891,6100300
4061,232,255,218037,4817,2027146,5894700
4062,263,232,217774,4848,2027378,5886300
4063,266,249,217508,4865,2027627,5857400
4064,236,219,217272,4882,2027846,5883300
4065,247,260,217025,4869,2028106,6067700
4066,244,264,216781,4849,2028370,5962300
4067,234,227,216547,4856,2028597,6086000
4068,245,246,216302,4855,2028843,5888700
4069,244,255,216058,4844,2029098,5852500
4070,237,252,215821,4829,2029350,6251400
4071,239,228,215582,4840,2029578,5899800
4072,255,233,215327,4862,2029811,5860800
4073,239,223,215088,4878,2030034,5847200
4074,254,266,214834,4866,2030300,5851900
4075,207,243,214627,4830,2030543,6288200
4076,236,254,214391,4812,2030797,5950800
4077,243,243,214148,4812,2031040,5872200
4078,231,249,213917,4794,2031289,5924200
4079,257,268,213660,4783,2031557,5834400
4080,233,220,213427,4796,2031777,5852900
4081,210,217,213217,4789,2031994,5840000
4082,216,220,213001,4785,2032214,5813200
4083,202,248,212799,4739,2032462,6167800
4084,259,241,212540,4757,2032703,5865900
4085,235,236,212305,4756,2032939,5856500
4086,227,244,212078,4739,2033183,6468900
4087,228,244,211850,4723,2033427,5942900
4088,206,216,211644,4713,2033643,6148300
4089,238,229,211406,4722,2033872,5988500
4090,200,250,211206,4672,2034122,5817800
4091,239,229,210967,4682,2034351,5934700
4092,232,248,210735,4666,2034599,5925800
4093,225,211,210510,4680,2034810,5842200
4094,204,225,210306,4659,2035035,5983500
4095,229,226,210077,4662,2035261,5835900
4096,229,239,209848,4652,2035500,5874600
4097,221,235,209627,4638,2035735,5880000
4098,226,256,209401,4608,2035991,5922000
4099,239,242,209162,4605,2036233,5998200
4100,226,228,208936,4603,2036461,6228100
4101,210,252,208726,4561,2036713,6386400
4102,221,220,208505,4562,2036933,6331000
4103,235,220,208270,4577,2037153,6144200
4104,230,225,208040,4582,2037378,6241700
4105,200,202,207840,4580,2037580,6010500
4106,231,232,207609,4579,2037812,5973800
4107,238,220,207371,4597,2038032,6005100
4108,225,216,207146,4606,2038248,6197200
4109,215,270,206931,4551,2038518,6120500
4110,245,222,206686,4574,2038740,6025800
4111,250,208,206436,4616,2038948,6035800
4112,253,215,206183,4654,2039163,6012100
4113,279,244,205904,4689,2039407,6086300
4114,232,250,205672,4671,2039657,6053500
4115,249,246,205423,4674,2039903,6000300
4116,231,267,205192,4638,2040170,6103500
4117,231,249,204961,4620,2040419,5955700
4118,235,258,204726,4597,2040677,6071000
4119,210,225,204516,4582,2040902,6334100
4120,198,228,204318,4552,2041130,6188200
4121,237,203,204081,4586,2041333,6089700
4122,204,217,203877,4573,2041550,6117000
4123,227,223,203650,4577,2041773,6404400
4124,233,235,203417,4575,2042008,6219600
4125,226,209,203191,4592,2042217,5968800
4126,230,219,202961,4603,2042436,5991100
4127,229,202,202732,4630,2042638,6024400
4128,230,217,202502,4643,2042855,5972200
4129,247,226,202255,4664,2043081,6001200
4130,236,230,202019,4670,2043311,6024900
4131,248,204,201771,4714,2043515,5902000
4132,236,246,201535,4704,2043761,6296100
4133,235,233,201300,4706,2043994,5911800
4134,252,233,201048,4725,2044227,5868500
4135,239,212,200809,4752,2044439,6134700
4136,221,242,200588,4731,2044681,6028500
4137,248,234,200340,4745,2044915,6436300
4138,211,253,200129,4703,2045168,6054400
4139,224,224,199905,4703,2045392,5926200
4140,229,257,199676,4675,2045649,5987400
4141,229,224,199447,4680,2045873,5900800
4142,230,238,199217,4672,2046111,6143100
4143,223,218,198994,4677,2046329,5911100
4144,246,236,198748,4687,2046565,5874900
4145,255,220,198493,4722,2046785,5893300
4146,237,257,198256,4702,2047042,5872800
4147,257,235,197999,4724,2047277,5831900
4148,234,243,197765,4715,2047520,6195600
4149,209,217,197556,4707,2047737,5851200
4150,234,238,197322,4703,2047975,6191700
4151,233,232,197089,4704,2048207,6014400
4152,221,257,196868,4668,2048464,5814400
4153,214,235,196654,4647,2048699,5924500
4154,239,229,196415,4657,2048928,5879300
4155,225,235,196190,4647,2049163,5839600
4156,230,225,195960,4652,2049388,5877300
4157,247,240,195713,4659,2049628,5817100
4158,233,251,195480,4641,2049879,5919300
4159,233,260,195247,4614,2050139,6056300
4160,231,254,195016,4591,2050393,5856400
4161,239,232,194777,4598,2050625,5855500
4162,208,226,194569,4580,2050851,5844300
4163,228,235,194341,4573,2051086,5864400
4164,232,248,194109,4557,2051334,6001100
4165,229,214,193880,4572,2051548,5898900
4166,247,233,193633,4586,2051781,6275900
4167,235,231,193398,4590,2052012,5915300
4168,222,228,193176,4584,2052240,5811000
4169,242,220,192934,4606,2052460,5898500
4170,217,224,192717,4599,2052684,5815200
4171,233,222,192484,4610,2052906,5814100
4172,229,218,192255,4621,2053124,6031800
4173,238,251,192017,4608,2053375,5940600
4174,238,237,191779,4609,2053612,6350300
4175,231,230,191548,4610,2053842,6146200
4176,215,206,191333,4619,2054048,5976500
4177,223,238,191110,4604,2054286,6453800
4178,242,240,190868,4606,2054526,5942200
4179,223,222,190645,4607,2054748,6397500
4180,251,222,190394,4636,2054970,5957100
4181,212,215,190182,4633,2055185,5935500
4182,242,252,189940,4623,2055437,6445700
4183,230,228,189710,4625,2055665,5945800
4184,211,242,189499,4594,2055907,6319600
4185,227,218,189272,4603,2056125,5829400
4186,234,225,189038,4612,2056350,5880000
4187,248,220,188790,4640,2056570,6184900
4188,218,240,188572,4618,2056810,6051400
4189,250,252,188322,4616,2057062,6136000
4190,234,256,188088,4594,2057318,6150800
4191,212,219,187876,4587,2057537,6268700
4192,220,236,187656,4571,2057773,6027300
4193,238,203,187418,4606,2057976,5894600
4194,256,234,187162,4628,2058210,5905600
4195,226,238,186936,4616,2058448,5860000
4196,232,254,186704,4594,2058702,5877500
4197,212,214,186492,4592,2058916,5967300
4198,243,262,186249,4573,2059178,5936400
4199,228,211,186021,4590,2059389,5874800
4200,231,240,185790,4581,2059629,5906100
4201,216,222,185574,4575,2059851,5886900
4202,205,241,185369,4539,2060092,5908800
4203,236,211,185133,4564,2060303,5939400
4204,251,233,184882,4582,2060536,5838800
4205,236,234,184646,4584,2060770,5860400
4206,205,201,184441,4588,2060971,5882100
4207,236,212,184205,4612,2061183,5822800
4208,233,261,183972,4584,2061444,5982200
4209,239,250,183733,4573,2061694,5954200
4210,207,251,183526,4529,2061945,6213600
4211,239,233,183287,4535,2062178,5858700
4212,228,210,183059,4553,2062388,5802100
4213,235,224,182824,4564,2062612,5867900
4214,201,243,182623,4522,2062855,5812600
4215,240,228,182383,4534,2063083,5801700
4216,255,233,182128,4556,2063316,5848700
4217,246,207,181882,4595,2063523,5784400
4218,248,215,181634,4628,2063738,6101200
4219,247,216,181387,4659,2063954,5860800
4220,228,214,181159,4673,2064168,5906900
4221,234,238,180925,4669,2064406,5936900
4222,234,234,180691,4669,2064640,5871000
4223,249,234,180442,4684,2064874,5885600
4224,243,227,180199,4700,2065101,6316300
4225,239,217,179960,4722,2065318,6172000
4226,245,223,179715,4744,2065541,5943500
4227,213,237,179502,4720,2065778,5868500
4228,222,233,179280,4709,2066011,5890500
4229,209,225,179071,4693,2066236,5848700
4230,209,239,178862,4663,2066475,5840200
4231,226,254,178636,4635,2066729,5976200
4232,211,229,178425,4617,2066958,5888200
4233,233,220,178192,4630,2067178,5885600
4234,227,258,177965,4599,2067436,5979700
4235,239,255,177726,4583,2067691,5903300
4236,223,237,177503,4569,2067928,5871700
4237,245,201,177258,4613,2068129,6144400
4238,223,237,177035,4599,2068366,5753600
4239,216,237,176819,4578,2068603,5793900
4240,226,250,176593,4554,2068853,5801300
4241,220,236,176373,4538,2069089,6125600
4242,230,210,176143,4558,2069299,6422400
4243,221,213,175922,4566,2069512,5876400
4244,229,237,175693,4558,2069749,5970300
4245,208,241,175485,4525,2069990,5977700
4246,198,207,175287,4516,2070197,5871800
4247,248,201,175039,4563,2070398,5859900
4248,233,255,174806,4541,2070653,5839200
4249,219,196,174587,4564,2070849,5854400
4250,223,243,174364,4544,2071092,6215600
4251,227,215,174137,4556,2071307,5798500
4252,216,239,173921,4533,2071546,5812000
4253,231,218,173690,4546,2071764,5827100
4254,234,253,173456,4527,2072017,5914900
4255,204,233,173252,4498,2072250,5897700
4256,222,234,173030,4486,2072484,5796500
4257,245,229,172785,4502,2072713,5789600
4258,245,211,172540,4536,2072924,5859300
4259,212,225,172328,4523,2073149,5829300
4260,208,218,172120,4513,2073367,6068300
4261,226,218,171894,4521,2073585,6095200
4262,228,239,171666,4510,2073824,5829500
4263,235,265,171431,4480,2074089,5844600
4264,197,239,171234,4438,2074328,5827400
4265,207,223,171027,4422,2074551,5873000
4266,205,229,170822,4398,2074780,6391400
4267,205,219,170617,4384,2074999,5797200
4268,234,214,170383,4404,2075213,5811200
4269,200,215,170183,4389,2075428,6335100
4270,225,220,169958,4394,2075648,6008100
4271,215,218,169743,4391,2075866,6252700
4272,221,219,169522,4393,2076085,5940800
4273,220,192,169302,4421,2076277,6337900
4274,204,216,169098,4409,2076493,5880000
4275,196,245,168902,4360,2076738,5854100
4276,246,204,168656,4402,2076942,5960500
4277,214,230,168442,4386,2077172,5883200
4278,211,221,168231,4376,2077393,6156200
4279,224,211,168007,4389,2077604,6005100
4280,218,225,167789,4382,2077829,5824600
4281,228,222,167561,4388,2078051,5872500
4282,222,206,167339,4404,2078257,5828500
4283,202,238,167137,4368,2078495,6017800
4284,242,252,166895,4358,2078747,5816600
4285,231,222,166664,4367,2078969,6146300
4286,226,212,166438,4381,2079181,5881600
4287,221,212,166217,4390,2079393,5886900
4288,224,249,165993,4365,2079642,6182200
4289,229,206,165764,4388,2079848,6212300
4290,205,210,165559,4383,2080058,6195400
4291,216,196,165343,4403,2080254,6784700
4292,227,179,165116,4451,2080433,5809200
4293,215,212,164901,4454,2080645,5924900
4294,222,227,164679,4449,2080872,5845800
4295,262,212,164417,4499,2081084,5818200
4296,214,229,164203,4484,2081313,6204300
4297,215,216,163988,4483,2081529,5808700
4298,219,217,163769,4485,2081746,5842400
4299,223,222,163546,4486,2081968,6302300
4300,223,237,163323,4472,2082205,6043800
4301,236,230,163087,4478,2082435,6025300
4302,270,220,162817,4528,2082655,5989500
4303,218,219,162599,4527,2082874,6006100
4304,239,220,162360,4546,2083094,6084100
4305,219,230,162141,4535,2083324,5999500
4306,223,233,161918,4525,2083557,6453500
4307,226,241,161692,4510,2083798,6611300
4308,212,210,161480,4512,2084008,6842500
4309,225,234,161255,4503,2084242,6778700
4310,229,222,161026,4510,2084464,6126000
4311,203,241,160823,4472,2084705,6680000
4312,211,215,160612,4468,2084920,6017500
4313,201,244,160411,4425,2085164,5934000
4314,217,224,160194,4418,2085388,6286600
4315,181,194,160013,4405,2085582,5965300
4316,237,210,159776,4432,2085792,6074600
4317,233,217,159543,4448,2086009,5977000
4318,232,219,159311,4461,2086228,6031700
4319,203,224,159108,4440,2086452,6095100
4320,238,215,158870,4463,2086667,6064900
4321,252,218,158618,4497,2086885,6738400
4322,208,205,158410,4500,2087090,6070900
4323,194,222,158216,4472,2087312,6159400
4324,210,233,158006,4449,2087545,6027700
4325,185,227,157821,4407,2087772,5952600
4326,179,211,157642,4375,2087983,6370300
4327,193,196,157449,4372,2088179,6418700
4328,201,199,157248,4374,2088378,5953700
4329,179,231,157069,4322,2088609,6519900
4330,214,215,156855,4321,2088824,6313100
4331,205,210,156650,4316,2089034,6284400
4332,196,232,156454,4280,2089266,6192400
4333,206,204,156248,4282,2089470,5827200
4334,221,195,156027,4308,2089665,5853500
4335,214,210,155813,4312,2089875,5844900
4336,202,214,155611,4300,2090089,5808700
4337,229,210,155382,4319,2090299,5844700
4338,226,205,155156,4340,2090504,5924900
4339,217,212,154939,4345,2090716,5993200
4340,218,225,154721,4338,2090941,6054700
4341,246,202,154475,4382,2091143,6022900
4342,210,230,154265,4362,2091373,6057200
4343,218,213,154047,4367,2091586,5977700
4344,209,203,153838,4373,2091789,6039600
4345,210,233,153628,4350,2092022,5919400
4346,209,254,153419,4305,2092276,5884000
4347,218,207,153201,4316,2092483,6162800
4348,188,191,153013,4313,2092674,5766100
4349,179,222,152834,4270,2092896,5801300
4350,190,220,152644,4240,2093116,5767000
4351,198,234,152446,4204,2093350,5750200
4352,191,200,152255,4195,2093550,6246500
4353,197,199,152058,4193,2093749,5899200
4354,191,232,151867,4152,2093981,5868700
4355,178,190,151689,4140,2094171,6070900
4356,228,218,151461,4150,2094389,5963600
4357,224,213,151237,4161,2094602,6310300
4358,222,190,151015,4193,2094792,5960600
4359,220,210,150795,4203,2095002,6116000
4360,206,212,150589,4197,2095214,6626800
4361,204,213,150385,4188,2095427,5815300
4362,193,231,150192,4150,2095658,6012600
4363,203,202,149989,4151,2095860,6011900
4364,227,185,149762,4193,2096045,5917000
4365,205,202,149557,4196,2096247,5968600
4366,217,191,149340,4222,2096438,5810200
4367,210,221,149130,4211,2096659,5800200
4368,226,232,148904,4205,2096891,6157900
4369,216,216,148688,4205,2097107,5769000
4370,203,207,148485,4201,2097314,6193200
4371,219,199,148266,4221,2097513,6007200
4372,226,198,148040,4249,2097711,5841800
4373,242,221,147798,4270,2097932,6137200
4374,225,244,147573,4251,2098176,5781700
4375,195,226,147378,4220,2098402,6185600
4376,227,188,147151,4259,2098590,5976500
4377,219,229,146932,4249,2098819,5834400
4378,229,228,146703,4250,2099047,5850200
4379,214,197,146489,4267,2099244,5827500
4380,198,208,146291,4257,2099452,5827700
4381,205,204,146086,4258,2099656,5905300
4382,203,210,145883,4251,2099866,5829200
4383,205,206,145678,4250,2100072,5830200
4384,217,210,145461,4257,2100282,5842300
4385,187,216,145274,4228,2100498,5804500
4386,202,226,145072,4204,2100724,5894100
4387,226,228,144846,4202,2100952,5868800
4388,198,204,144648,4196,2101156,5838300
4389,207,221,144441,4182,2101377,5883200
4390,197,200,144244,4179,2101577,5822300
4391,205,196,144039,4188,2101773,5835200
4392,240,194,143799,4234,2101967,5883000
4393,187,219,143612,4202,2102186,5829100
4394,224,202,143388,4224,2102388,5806600
4395,215,210,143173,4229,2102598,5997900
4396,209,219,142964,4219,2102817,5945000
4397,194,209,142770,4204,2103026,5963700
4398,230,213,142540,4221,2103239,5921000
4399,209,201,142331,4229,2103440,5805200
4400,219,211,142112,4237,2103651,6262700
4401,208,207,141904,4238,2103858,6083500
4402,190,197,141714,4231,2104055,6048700
4403,206,206,141508,4231,2104261,5860100
4404,202,215,141306,4218,2104476,5813300
4405,238,207,141068,4249,2104683,6247400
4406,190,211,140878,4228,2104894,5791900
4407,203,198,140675,4233,2105092,5738900
4408,201,211,140474,4223,2105303,6185300
4409,217,225,140257,4215,2105528,5897600
4410,196,226,140061,4185,2105754,5922900
4411,215,222,139846,4178,2105976,5852500
4412,207,228,139639,4157,2106204,5806000
4413,185,191,139454,4151,2106395,5896100
4414,218,199,139236,4170,2106594,5800600
4415,204,221,139032,4153,2106815,5756900
4416,199,210,138833,4142,2107025,5899900
4417,194,202,138639,4134,2107227,5772600
4418,190,206,138449,4118,2107433,5877700
4419,202,206,138247,4114,2107639,5797100
4420,218,184,138029,4148,2107823,5856500
4421,218,228,137811,4138,2108051,5945700
4422,190,196,137621,4132,2108247,5846500
4423,228,191,137393,4169,2108438,5825600
4424,229,194,137164,4204,2108632,5832300
4425,207,235,136957,4176,2108867,5796000
4426,209,233,136748,4152,2109100,6316500
4427,196,186,136552,4162,2109286,5873600
4428,197,183,136355,4176,2109469,5785200
4429,209,173,136146,4212,2109642,6322400
4430,217,184,135929,4245,2109826,5792300
4431,209,208,135720,4246,2110034,5957700
4432,217,186,135503,4277,2110220,5859900
4433,209,217,135294,4269,2110437,5843800
4434,217,211,135077,4275,2110648,5886200
4435,211,214,134866,4272,2110862,5839900
4436,225,208,134641,4289,2111070,5821600
4437,208,193,134433,4304,2111263,6266700
4438,206,212,134227,4298,2111475,5966200
4439,215,200,134012,4313,2111675,6092500
4440,214,210,133798,4317,2111885,5968300
4441,211,200,133587,4328,2112085,5922000
4442,193,214,133394,4307,2112299,5861800
4443,211,186,133183,4332,2112485,5891500
4444,203,228,132980,4307,2112713,5807000
4445,203,235,132777,4275,2112948,6644100
4446,215,196,132562,4294,2113144,5896000
4447,208,227,132354,4275,2113371,6187100
4448,205,201,132149,4279,2113572,5845200
4449,192,218,131957,4253,2113790,5740600
4450,199,225,131758,4227,2114015,5814600
4451,204,197,131554,4234,2114212,5779200
4452,191,222,131363,4203,2114434,5771500
4453,203,209,131160,4197,2114643,6072700
4454,204,256,130956,4145,2114899,5893500
4455,187,222,130769,4110,2115121,5823000
4456,209,226,130560,4093,2115347,5809400
4457,176,196,130384,4073,2115543,5792600
4458,194,210,130190,4057,2115753,5821800
4459,189,216,130001,4030,2115969,5811000
4460,195,193,129806,4032,2116162,5787500
4461,198,188,129608,4042,2116350,6974400
4462,187,184,129421,4045,2116534,5835200
4463,194,233,129227,4006,2116767,5825000
4464,204,171,129023,4039,2116938,5830500
4465,206,209,128817,4036,2117147,5863900
4466,186,200,128631,4022,2117347,5912100
4467,195,195,128436,4022,2117542,5797500
4468,189,217,128247,3994,2117759,5828900
4469,204,175,128043,4023,2117934,5817100
4470,176,167,127867,4032,2118101,5816100
4471,204,201,127663,4035,2118302,5860900
4472,210,182,127453,4063,2118484,5817700
4473,180,218,127273,4025,2118702,5746300
4474,187,222,127086,3990,2118924,5918600
4475,183,199,126903,3974,2119123,5811400
4476,185,177,126718,3982,2119300,5868400
4477,191,205,126527,3968,2119505,5854400
4478,195,188,126332,3975,2119693,5842300
4479,190,193,126142,3972,2119886,5888600
4480,214,189,125928,3997,2120075,5964900
4481,197,203,125731,3991,2120278,5961600
4482,188,190,125543,3989,2120468,6056000
4483,199,203,125344,3985,2120671,5953700
4484,188,197,125156,3976,2120868,5919800
4485,210,198,124946,3988,2121066,6469800
4486,198,188,124748,3998,2121254,7229100
4487,224,197,124524,4025,2121451,5965000
4488,188,188,124336,4025,2121639,5821800
4489,186,206,124150,4005,2121845,5863900
4490,186,174,123964,4017,2122019,5820100
4491,199,182,123765,4034,2122201,5787900
4492,187,180,123578,4041,2122381,5842600
4493,205,197,123373,4049,2122578,5786200
4494,194,193,123179,4050,2122771,5801300
4495,209,205,122970,4054,2122976,6308500
4496,199,218,122771,4035,2123194,5770700
4497,185,187,122586,4033,2123381,5833900
4498,211,174,122375,4070,2123555,5833400
4499,185,214,122190,4041,2123769,5861500
4500,187,220,122003,4008,2123989,5944200
4501,189,201,121814,3996,2124190,5911600
4502,205,217,121609,3984,2124407,5920200
4503,182,204,121427,3962,2124611,6900200
4504,170,178,121257,3954,2124789,6431600
4505,197,197,121060,3954,2124986,6663500
4506,181,193,120879,3942,2125179,6082800
4507,175,179,120704,3938,2125358,6136800
4508,225,194,120479,3969,2125552,7557800
4509,183,187,120296,3965,2125739,7441700
4510,178,200,120118,3943,2125939,6131700
4511,199,189,119919,3953,2126128,6030300
4512,207,185,119712,3975,2126313,6211400
4513,176,183,119536,3968,2126496,6055700
4514,196,217,119340,3947,2126713,6028200
4515,198,203,119142,3942,2126916,6134800
4516,164,199,118978,3907,2127115,5946100
4517,193,176,118785,3924,2127291,6065900
4518,190,196,118595,3918,2127487,6559100
4519,191,194,118404,3915,2127681,6667900
4520,203,205,118201,3913,2127886,6342000
4521,203,191,117998,3925,2128077,6112400
4522,192,205,117806,3912,2128282,6174000
4523,182,197,117624,3897,2128479,6616200
4524,196,207,117428,3886,2128686,6235000
4525,205,180,117223,3911,2128866,6197500
4526,204,210,117019,3905,2129076,5956700
4527,181,218,116838,3868,2129294,5933700
4528,184,182,116654,3870,2129476,5943500
4529,199,207,116455,3862,2129683,5954100
4530,194,184,116261,3872,2129867,6684400
4531,186,202,116075,3856,2130069,6166800
4532,206,211,115869,3851,2130280,6018200
4533,177,175,115692,3853,2130455,5974300
4534,203,176,115489,3880,2130631,5770500
4535,197,215,115292,3862,2130846,5850700
4536,198,194,115094,3866,2131040,5774300
4537,196,190,114898,3872,2131230,5876700
4538,201,215,114697,3858,2131445,5836500
4539,209,176,114488,3891,2131621,5766900
4540,243,167,114245,3967,2131788,5834000
4541,204,203,114041,3968,2131991,5836600
4542,203,203,113838,3968,2132194,5854900
4543,204,211,113634,3961,2132405,6252300
4544,216,196,113418,3981,2132601,5785200
4545,212,183,113206,4010,2132784,5750100
4546,199,188,113007,4021,2132972,6229600
4547,209,215,112798,4015,2133187,6085400
4548,190,197,112608,4008,2133384,5815500
4549,181,203,112427,3986,2133587,5760600
4550,200,201,112227,3985,2133788,5754800
4551,197,232,112030,3950,2134020,5800300
4552,194,204,111836,3940,2134224,5789900
4553,200,211,111636,3929,2134435,5846000
4554,200,205,111436,3924,2134640,6157700
4555,217,173,111219,3968,2134813,5764800
4556,185,206,111034,3947,2135019,6263800
4557,197,210,110837,3934,2135229,5914600
4558,196,211,110641,3919,2135440,5799000
4559,215,212,110426,3922,2135652,5832200
4560,197,192,110229,3927,2135844,5781000
4561,198,178,110031,3947,2136022,5825700
4562,204,202,109827,3949,2136224,5848500
4563,207,199,109620,3957,2136423,5796700
4564,192,195,109428,3954,2136618,6153200
4565,176,197,109252,3933,2136815,5910500
4566,188,200,109064,3921,2137015,5800300
4567,201,198,108863,3924,2137213,5836900
4568,175,171,108688,3928,2137384,5758300
4569,178,196,108510,3910,2137580,5738000
4570,192,203,108318,3899,2137783,6022200
4571,212,172,108106,3939,2137955,5798300
4572,195,204,107911,3930,2138159,5975200
4573,210,174,107701,3966,2138333,5972100
4574,195,201,107506,3960,2138534,5738200
4575,186,195,107320,3951,2138729,5865200
4576,192,197,107128,3946,2138926,5849500
4577,190,188,106938,3948,2139114,5762600
4578,185,174,106753,3959,2139288,5880700
4579,170,210,106583,3919,2139498,5785200
4580,199,192,106384,3926,2139690,6026900
4581,179,199,106205,3906,2139889,5829900
4582,195,207,106010,3894,2140096,5765300
4583,199,194,105811,3899,2140290,6162300
4584,178,202,105633,3875,2140492,5778800
4585,206,195,105427,3886,2140687,5716600
4586,212,205,105215,3893,2140892,6342200
4587,186,169,105029,3910,2141061,5829600
4588,187,195,104842,3902,2141256,5857400
4589,193,211,104649,3884,2141467,5772800
4590,183,194,104466,3873,2141661,5753800
4591,191,199,104275,3865,2141860,6132300
4592,201,198,104074,3868,2142058,5790500
4593,187,199,103887,3856,2142257,5848000
4594,171,175,103716,3852,2142432,5901300
4595,172,215,103544,3809,2142647,5810600
4596,197,198,103347,3808,2142845,5834100
4597,175,196,103172,3787,2143041,5850000
4598,188,185,102984,3790,2143226,5833800
4599,158,187,102826,3761,2143413,6157900
4600,187,188,102639,3760,2143601,5725200
4601,199,200,102440,3759,2143801,5741200
4602,190,175,102250,3774,2143976,6560200
4603,174,193,102076,3755,2144169,5803800
4604,180,205,101896,3730,2144374,5847300
4605,206,187,101690,3749,2144561,5972300
4606,158,187,101532,3720,2144748,5938400
4607,192,192,101340,3720,2144940,6020800
4608,188,176,101152,3732,2145116,5931400
4609,167,202,100985,3697,2145318,6009900
4610,178,190,100807,3685,2145508,6004300
4611,192,196,100615,3681,2145704,5779000
4612,151,210,100464,3622,2145914,5789100
4613,171,186,100293,3607,2146100,5730400
4614,193,173,100100,3627,2146273,5751700
4615,188,181,99912,3634,2146454,5811600
4616,190,213,99722,3611,2146667,5747300
4617,179,187,99543,3603,2146854,5734300
4618,198,185,99345,3616,2147039,6028200
4619,197,165,99148,3648,2147204,5751500
4620,176,179,98972,3645,2147383,6197000
4621,183,181,98789,3647,2147564,5952900
4622,182,195,98607,3634,2147759,5913300
4623,185,175,98422,3644,2147934,6067100
4624,200,170,98222,3674,2148104,5817900
4625,184,181,98038,3677,2148285,5754900
4626,199,180,97839,3696,2148465,5797400
4627,203,194,97636,3705,2148659,5773400
4628,191,200,97445,3696,2148859,5835300
4629,188,206,97257,3678,2149065,5787500
4630,164,184,97093,3658,2149249,5747900
4631,204,186,96889,3676,2149435,5849800
4632,195,190,96694,3681,2149625,5906400
4633,186,161,96508,3706,2149786,5809800
4634,171,215,96337,3662,2150001,6301700
4635,193,187,96144,3668,2150188,5760600
4636,202,193,95942,3677,2150381,5762200
4637,190,180,95752,3687,2150561,5745500
4638,166,174,95586,3679,2150735,5708600
4639,166,192,95420,3653,2150927,5994400
4640,168,165,95252,3656,2151092,5709400
4641,216,184,95036,3688,2151276,5711700
4642,187,178,94849,3697,2151454,6237800
4643,176,170,94673,3703,2151624,5938400
4644,184,157,94489,3730,2151781,6018900
4645,197,172,94292,3755,2151953,6025700
4646,189,191,94103,3753,2152144,5745900
4647,189,173,93914,3769,2152317,5786000
4648,199,179,93715,3789,2152496,5745000
4649,207,191,93508,3805,2152687,5725700
4650,204,186,93304,3823,2152873,5841900
4651,202,184,93102,3841,2153057,5740800
4652,197,193,92905,3845,2153250,5807500
4653,187,194,92718,3838,2153444,5897300
4654,193,191,92525,3840,2153635,5934600
4655,209,187,92316,3862,2153822,6230300
4656,211,177,92105,3896,2153999,5999500
4657,212,189,91893,3919,2154188,5910600
4658,197,183,91696,3933,2154371,5829600
4659,202,220,91494,3915,2154591,5795000
4660,162,185,91332,3892,2154776,5856400
4661,177,216,91155,3853,2154992,5780100
4662,180,199,90975,3834,2155191,5775800
4663,182,183,90793,3833,2155374,5798800
4664,178,195,90615,3816,2155569,5769400
4665,160,210,90455,3766,2155779,5801300
4666,171,205,90284,3732,2155984,5871300
4667,200,188,90084,3744,2156172,5831600
4668,181,184,89903,3741,2156356,5829700
4669,201,207,89702,3735,2156563,5821700
4670,164,193,89538,3706,2156756,5795000
4671,165,171,89373,3700,2156927,5821300
4672,164,213,89209,3651,2157140,5774300
4673,173,196,89036,3628,2157336,5812500
4674,195,188,88841,3635,2157524,5892600
4675,161,178,88680,3618,2157702,5868000
4676,144,206,88536,3556,2157908,5893000
4677,161,166,88375,3551,2158074,5918200
4678,155,179,88220,3527,2158253,5925400
4679,151,174,88069,3504,2158427,6802700
4680,150,146,87919,3508,2158573,7179100
4681,155,171,87764,3492,2158744,7305900
4682,171,181,87593,3482,2158925,5931100
4683,174,177,87419,3479,2159102,5774500
4684,170,164,87249,3485,2159266,5813900
4685,200,173,87049,3512,2159439,5768000
4686,160,166,86889,3506,2159605,5781400
4687,191,158,86698,3539,2159763,5784100
4688,193,172,86505,3560,2159935,5803000
4689,191,168,86314,3583,2160103,5846600
4690,166,175,86148,3574,2160278,5777100
4691,158,208,85990,3524,2160486,5777400
4692,151,188,85839,3487,2160674,5950300
4693,146,188,85693,3445,2160862,5947400
4694,155,164,85538,3436,2161026,6410000
4695,167,184,85371,3419,2161210,5993000
4696,180,176,85191,3423,2161386,6278800
4697,165,172,85026,3416,2161558,5969600
4698,141,193,84885,3364,2161751,5901900
4699,135,154,84750,3345,2161905,6072300
4700,154,155,84596,3344,2162060,6095400
4701,159,180,84437,3323,2162240,5754800
4702,161,165,84276,3319,2162405,5867200
4703,150,157,84126,3312,2162562,5958900
4704,149,174,83977,3287,2162736,5912500
4705,143,173,83834,3257,2162909,6258400
4706,152,159,83682,3250,2163068,5992100
4707,157,161,83525,3246,2163229,6179400
4708,161,161,83364,3246,2163390,5947000
4709,145,122,83219,3269,2163512,5883500
4710,153,164,83066,3258,2163676,6925000
4711,155,162,82911,3251,2163838,5880000
4712,164,152,82747,3263,2163990,5898600
4713,154,177,82593,3240,2164167,5843900
4714,153,142,82440,3251,2164309,5828600
4715,168,169,82272,3250,2164478,5893300
4716,155,153,82117,3252,2164631,5870800
4717,161,166,81956,3247,2164797,5860300
4718,164,147,81792,3264,2164944,6137800
4719,170,164,81622,3270,2165108,5895400
4720,143,171,81479,3242,2165279,5856500
4721,153,171,81326,3224,2165450,6110800
4722,148,160,81178,3212,2165610,5928500
4723,154,176,81024,3190,2165786,6320600
4724,149,163,80875,3176,2165949,5795000
4725,157,176,80718,3157,2166125,5844200
4726,144,161,80574,3140,2166286,6438700
4727,155,185,80419,3110,2166471,5856100
4728,143,147,80276,3106,2166618,6155800
4729,164,160,80112,3110,2166778,6153500
4730,153,155,79959,3108,2166933,5860300
4731,164,162,79795,3110,2167095,6129500
4732,152,175,79643,3087,2167270,5881700
4733,155,177,79488,3065,2167447,6268600
4734,139,160,79349,3044,2167607,6014200
4735,141,150,79208,3035,2167757,5804000
4736,149,179,79059,3005,2167936,6256200
4737,149,158,78910,2996,2168094,6467800
4738,176,129,78734,3043,2168223,5783900
4739,166,178,78568,3031,2168401,5704700
4740,147,144,78421,3034,2168545,5708900
4741,140,130,78281,3044,2168675,6238200
4742,138,145,78143,3037,2168820,5673900
4743,159,163,77984,3033,2168983,5697500
4744,152,165,77832,3020,2169148,6274400
4745,138,138,77694,3020,2169286,5781100
4746,128,150,77566,2998,2169436,6133700
4747,151,160,77415,2989,2169596,5693500
4748,116,131,77299,2974,2169727,5684600
4749,169,150,77130,2993,2169877,6048000
4750,142,150,76988,2985,2170027,5795500
4751,151,142,76837,2994,2170169,5789300
4752,133,159,76704,2968,2170328,5949400
4753,152,176,76552,2944,2170504,5685500
4754,158,147,76394,2955,2170651,6082500
4755,159,152,76235,2962,2170803,5755200
4756,133,151,76102,2944,2170954,5743400
4757,141,165,75961,2920,2171119,6220700
4758,141,143,75820,2918,2171262,5710000
4759,167,131,75653,2954,2171393,6184100
4760,150,146,75503,2958,2171539,5851100
4761,143,180,75360,2921,2171719,5714400
4762,141,148,75219,2914,2171867,6310400
4763,156,149,75063,2921,2172016,5871300
4764,127,147,74936,2901,2172163,6059600
4765,140,143,74796,2898,2172306,5856800
4766,131,111,74665,2918,2172417,5751700
4767,130,154,74535,2894,2172571,5835700
4768,139,130,74396,2903,2172701,5767000
4769,127,135,74269,2895,2172836,5701400
4770,149,132,74120,2912,2172968,5756500
4771,139,144,73981,2907,2173112,5701400
4772,123,147,73858,2883,2173259,5671700
4773,131,166,73727,2848,2173425,5918600
4774,147,142,73580,2853,2173567,5847800
4775,122,143,73458,2832,2173710,6189000
4776,144,133,73314,2843,2173843,5829500
4777,111,126,73203,2828,2173969,5791300
4778,131,145,73072,2814,2174114,5924000
4779,134,150,72938,2798,2174264,5703100
4780,117,151,72821,2764,2174415,5728600
4781,138,149,72683,2753,2174564,5716300
4782,117,117,72566,2753,2174681,5679200
4783,136,152,72430,2737,2174833,6147800
4784,138,139,72292,2736,2174972,5688600
4785,130,154,72162,2712,2175126,5639300
4786,113,116,72049,2709,2175242,5719300
4787,111,139,71938,2681,2175381,5620900
4788,131,122,71807,2690,2175503,6204100
4789,124,138,71683,2676,2175641,5862000
4790,128,127,71555,2677,2175768,5994900
4791,132,137,71423,2672,2175905,5721100
4792,137,108,71286,2701,2176013,5991500
4793,112,121,71174,2692,2176134,5667700
4794,126,142,71048,2676,2176276,5774700
4795,120,141,70928,2655,2176417,5648700
4796,141,142,70787,2654,2176559,5758700
4797,127,136,70660,2645,2176695,5653600
4798,122,128,70538,2639,2176823,5656000
4799,116,127,70422,2628,2176950,5696100
4800,134,141,70288,2621,2177091,5678500
4801,127,115,70161,2633,2177206,5773100
4802,141,147,70020,2627,2177353,5769500
4803,141,146,69879,2622,2177499,5680900
4804,144,129,69735,2637,2177628,5835700
4805,145,150,69590,2632,2177778,5828400
4806,144,131,69446,2645,2177909,5629600
4807,143,140,69303,2648,2178049,5694900
4808,140,128,69163,2660,2178177,5626500
4809,135,150,69028,2645,2178327,5608500
4810,124,125,68904,2644,2178452,5945900
4811,137,124,68767,2657,2178576,5665000
4812,130,110,68637,2677,2178686,5744300
4813,141,143,68496,2675,2178829,6044000
4814,131,157,68365,2649,2178986,5682400
4815,119,120,68246,2648,2179106,5749900
4816,142,135,68104,2655,2179241,5817200
4817,118,115,67986,2658,2179356,5673800
4818,112,116,67874,2654,2179472,5701600
4819,119,139,67755,2634,2179611,5678100
4820,124,124,67631,2634,2179735,5676000
4821,144,126,67487,2652,2179861,6029000
4822,112,127,67375,2637,2179988,5665900
4823,135,129,67240,2643,2180117,5669200
4824,121,122,67119,2642,2180239,5887400
4825,126,126,66993,2642,2180365,5775000
4826,130,129,66863,2643,2180494,5699500
4827,101,153,66762,2591,2180647,5668400
4828,116,112,66646,2595,2180759,5616700
4829,119,123,66527,2591,2180882,6010200
4830,99,133,66428,2557,2181015,5893000
4831,103,123,66325,2537,2181138,5864100
4832,95,124,66230,2508,2181262,5832600
4833,110,121,66120,2497,2181383,5788900
4834,113,115,66007,2495,2181498,5736700
4835,117,135,65890,2477,2181633,5736800
4836,115,125,65775,2467,2181758,5689800
4837,115,133,65660,2449,2181891,5781500
4838,113,136,65547,2426,2182027,5668800
4839,102,118,65445,2410,2182145,5646400
4840,101,123,65344,2388,2182268,5913400
4841,123,129,65221,2382,2182397,5644700
4842,128,109,65093,2401,2182506,6024000
4843,120,108,64973,2413,2182614,5938400
4844,117,127,64856,2403,2182741,5689800
4845,118,110,64738,2411,2182851,6305100
4846,97,126,64641,2382,2182977,5993400
4847,107,116,64534,2373,2183093,6188100
4848,139,116,64395,2396,2183209,6389500
4849,123,120,64272,2399,2183329,5841400
4850,96,113,64176,2382,2183442,6023600
4851,127,109,64049,2400,2183551,5730500
4852,119,121,63930,2398,2183672,5715200
4853,138,127,63792,2409,2183799,6180200
4854,112,113,63680,2408,2183912,5660400
4855,125,106,63555,2427,2184018,5630800
4856,109,115,63446,2421,2184133,5750600
4857,105,111,63341,2415,2184244,5622100
4858,119,116,63222,2418,2184360,5945200
4859,112,98,63110,2432,2184458,5757600
4860,131,118,62979,2445,2184576,5627700
4861,113,115,62866,2443,2184691,5692200
4862,131,117,62735,2457,2184808,5800300
4863,111,118,62624,2450,2184926,5763300
4864,134,114,62490,2470,2185040,5871800
4865,106,138,62384,2438,2185178,5897400
4866,116,104,62268,2450,2185282,6028600
4867,110,135,62158,2425,2185417,5653900
4868,129,128,62029,2426,2185545,5568800
4869,105,118,61924,2413,2185663,5627100
4870,126,129,61798,2410,2185792,5889100
4871,140,110,61658,2440,2185902,5670600
4872,105,149,61553,2396,2186051,5949200
4873,122,111,61431,2407,2186162,5639600
4874,129,104,61302,2432,2186266,5744800
4875,99,129,61203,2402,2186395,5860100
4876,110,105,61093,2407,2186500,5590700
4877,105,124,60988,2388,2186624,5587800
4878,107,119,60881,2376,2186743,5572000
4879,107,125,60774,2358,2186868,5579700
4880,100,110,60674,2348,2186978,6080000
4881,105,123,60569,2330,2187101,5836400
4882,112,104,60457,2338,2187205,5691500
4883,133,135,60324,2336,2187340,5571500
4884,106,113,60218,2329,2187453,5588000
4885,119,102,60099,2346,2187555,5585200
4886,110,119,59989,2337,2187674,5571500
4887,117,112,59872,2342,2187786,5582100
4888,109,109,59763,2342,2187895,5608100
4889,107,115,59656,2334,2188010,5584100
4890,88,109,59568,2313,2188119,5580300
4891,117,115,59451,2315,2188234,5628600
4892,123,114,59328,2324,2188348,5560500
4893,103,138,59225,2289,2188486,5604400
4894,99,122,59126,2266,2188608,5662800
4895,96,103,59030,2259,2188711,5587400
4896,94,124,58936,2229,2188835,5595300
4897,95,115,58841,2209,2188950,5569300
4898,89,101,58752,2197,2189051,5577700
4899,84,106,58668,2175,2189157,5571900
4900,116,97,58552,2194,2189254,5580400
4901,96,118,58456,2172,2189372,5552500
4902,97,121,58359,2148,2189493,5595600
4903,84,107,58275,2125,2189600,5569700
4904,104,105,58171,2124,2189705,5576800
4905,97,82,58074,2139,2189787,5665400
4906,110,110,57964,2139,2189897,5616300
4907,100,119,57864,2120,2190016,5599600
4908,90,102,57774,2108,2190118,6065500
4909,100,85,57674,2123,2190203,5823800
4910,96,97,57578,2122,2190300,5877400
4911,91,95,57487,2118,2190395,5916700
4912,92,86,57395,2124,2190481,5841000
4913,103,110,57292,2117,2190591,5816700
4914,98,96,57194,2119,2190687,5738800
4915,99,115,57095,2103,2190802,5719400
4916,96,114,56999,2085,2190916,6190500
4917,115,100,56884,2100,2191016,5770500
4918,108,103,56776,2105,2191119,5750700
4919,93,126,56683,2072,2191245,5854200
4920,104,93,56579,2083,2191338,5726400
4921,118,109,56461,2092,2191447,6157300
4922,101,116,56360,2077,2191563,5760600
4923,101,120,56259,2058,2191683,5777400
4924,120,85,56139,2093,2191768,6164600
4925,100,109,56039,2084,2191877,5721800
4926,92,96,55947,2080,2191973,5716400
4927,83,98,55864,2065,2192071,6184200
4928,105,109,55759,2061,2192180,6351100
4929,94,97,55665,2058,2192277,6581000
4930,90,96,55575,2052,2192373,5694200
4931,101,113,55474,2040,2192486,5716400
4932,72,90,55402,2022,2192576,5802500
4933,96,73,55306,2045,2192649,5702100
4934,112,97,55194,2060,2192746,5736000
4935,96,103,55098,2053,2192849,6390800
4936,109,89,54989,2073,2192938,6291100
4937,88,105,54901,2056,2193043,6455000
4938,89,99,54812,2046,2193142,5725300
4939,91,96,54721,2041,2193238,5818500
4940,87,114,54634,2014,2193352,5709500
4941,95,114,54539,1995,2193466,5778200
4942,86,106,54453,1975,2193572,5949400
4943,91,94,54362,1972,2193666,5587200
4944,105,110,54257,1967,2193776,5607400
4945,89,105,54168,1951,2193881,6127900
4946,86,102,54082,1935,2193983,5702100
4947,71,69,54011,1937,2194052,5683300
4948,92,92,53919,1937,2194144,6504800
4949,73,120,53846,1890,2194264,5775900
4950,76,74,53770,1892,2194338,6022800
4951,83,106,53687,1869,2194444,5597000
4952,83,84,53604,1868,2194528,5544900
4953,89,87,53515,1870,2194615,5835600
4954,82,80,53433,1872,2194695,5594100
4955,99,95,53334,1876,2194790,5544700
4956,82,101,53252,1857,2194891,5616200
4957,92,97,53160,1852,2194988,5568000
4958,78,94,53082,1836,2195082,5612300
4959,78,87,53004,1827,2195169,5584700
4960,93,85,52911,1835,2195254,5545700
4961,89,93,52822,1831,2195347,5837800
4962,76,94,52746,1813,2195441,5612200
4963,72,89,52674,1796,2195530,5563100
4964,89,84,52585,1801,2195614,5915600
4965,73,85,52512,1789,2195699,5608700
4966,86,103,52426,1772,2195802,5535100
4967,77,97,52349,1752,2195899,5644000
4968,73,95,52276,1730,2195994,5522200
4969,80,86,52196,1724,2196080,5574300
4970,81,102,52115,1703,2196182,5557000
4971,71,79,52044,1695,2196261,5529100
4972,73,69,51971,1699,2196330,5562200
4973,69,87,51902,1681,2196417,5575100
4974,82,83,51820,1680,2196500,5594100
4975,69,86,51751,1663,2196586,5933600
4976,83,85,51668,1661,2196671,5531000
4977,77,69,51591,1669,2196740,5511300
4978,76,69,51515,1676,2196809,5888300
4979,77,66,51438,1687,2196875,5554500
4980,74,77,51364,1684,2196952,5561200
4981,66,96,51298,1654,2197048,5552200
4982,79,85,51219,1648,2197133,5509400
4983,68,75,51151,1641,2197208,6030300
4984,69,90,51082,1620,2197298,5527100
4985,62,78,51020,1604,2197376,5503500
4986,83,72,50937,1615,2197448,5654900
4987,81,71,50856,1625,2197519,5525300
4988,89,91,50767,1623,2197610,5540900
4989,73,86,50694,1610,2197696,6088400
4990,65,86,50629,1589,2197782,5493700
4991,69,82,50560,1576,2197864,5524800
4992,75,67,50485,1584,2197931,5506100
4993,79,68,50406,1595,2197999,5474300
4994,62,74,50344,1583,2198073,6018200
4995,79,77,50265,1585,2198150,5532400
4996,79,76,50186,1588,2198226,5450700
4997,62,69,50124,1581,2198295,5509000
4998,66,84,50058,1563,2198379,5573800
4999,76,89,49982,1550,2198468,5519600
5000,73,59,49909,1564,2198527,6730000
5001,70,90,49839,1544,2198617,5485700
5002,71,84,49768,1531,2198701,5477800
5003,65,69,49703,1527,2198770,5468300
5004,79,85,49624,1521,2198855,5478600
5005,69,89,49555,1501,2198944,6256700
5006,58,72,49497,1487,2199016,6612500
5007,60,81,49437,1466,2199097,5496000
5008,76,88,49361,1454,2199185,5550500
5009,62,74,49299,1442,2199259,5773600
5010,62,78,49237,1426,2199337,5745900
5011,60,62,49177,1424,2199399,6124000
5012,55,65,49122,1414,2199464,5647100
5013,70,77,49052,1407,2199541,5535400
5014,52,68,49000,1391,2199609,5472100
5015,60,68,48940,1383,2199677,5499200
5016,66,68,48874,1381,2199745,5810900
5017,54,60,48820,1375,2199805,5576100
5018,63,52,48757,1386,2199857,5589300
5019,62,73,48695,1375,2199930,5934600
5020,58,64,48637,1369,2199994,5585200
5021,57,55,48580,1371,2200049,5622600
5022,68,72,48512,1367,2200121,6228000
5023,72,72,48440,1367,2200193,5973900
5024,56,70,48384,1353,2200263,6090800
5025,76,78,48308,1351,2200341,5628100
5026,70,69,48238,1352,2200410,5511900
5027,78,75,48160,1355,2200485,5443600
5028,55,80,48105,1330,2200565,5804400
5029,51,77,48054,1304,2200642,5537300
5030,61,57,47993,1308,2200699,5500200
5031,68,78,47925,1298,2200777,5489700
5032,54,64,47871,1288,2200841,5570500
5033,46,65,47825,1269,2200906,5486600
5034,48,64,47777,1253,2200970,5446200
5035,55,78,47722,1230,2201048,5917600
5036,48,62,47674,1216,2201110,5666000
5037,45,58,47629,1203,2201168,5722800
5038,55,57,47574,1201,2201225,5611100
5039,45,66,47529,1180,2201291,5837300
5040,54,51,47475,1183,2201342,5843300
5041,49,65,47426,1167,2201407,5516800
5042,51,67,47375,1151,2201474,5480000
5043,47,58,47328,1140,2201532,5858900
5044,47,52,47281,1135,2201584,5539100
5045,59,49,47222,1145,2201633,5514100
5046,41,59,47181,1127,2201692,5737200
5047,35,62,47146,1100,2201754,5464100
5048,52,48,47094,1104,2201802,5451900
5049,58,52,47036,1110,2201854,5568900
5050,41,51,46995,1100,2201905,5436400
5051,60,55,46935,1105,2201960,5550200
5052,42,53,46893,1094,2202013,5478300
5053,52,46,46841,1100,2202059,5486100
5054,57,50,46784,1107,2202109,5684600
5055,57,51,46727,1113,2202160,5521200
5056,40,52,46687,1101,2202212,5550400
5057,60,51,46627,1110,2202263,5945200
5058,44,48,46583,1106,2202311,5447000
5059,55,58,46528,1103,2202369,5440700
5060,47,64,46481,1086,2202433,5820700
5061,56,58,46425,1084,2202491,5455300
5062,52,56,46373,1080,2202547,5503800
5063,53,41,46320,1092,2202588,5505600
5064,47,42,46273,1097,2202630,5429200
5065,49,53,46224,1093,2202683,5476900
5066,41,64,46183,1070,2202747,5753400
5067,44,46,46139,1068,2202793,5467600
5068,51,54,46088,1065,2202847,5935400
5069,36,54,46052,1047,2202901,5569800
5070,46,56,46006,1037,2202957,5530200
5071,61,50,45945,1048,2203007,5473300
5072,42,50,45903,1040,2203057,5470400
5073,54,49,45849,1045,2203106,5445100
5074,55,56,45794,1044,2203162,5823700
5075,38,52,45756,1030,2203214,5416200
5076,54,51,45702,1033,2203265,5404600
5077,56,41,45646,1048,2203306,5462900
5078,51,46,45595,1053,2203352,5436700
5079,64,54,45531,1063,2203406,5447400
5080,55,45,45476,1073,2203451,5809200
5081,60,56,45416,1077,2203507,5510500
5082,58,60,45358,1075,2203567,5478900
5083,53,47,45305,1081,2203614,5473900
5084,57,53,45248,1085,2203667,5445700
5085,49,50,45199,1084,2203717,5670900
5086,41,50,45158,1075,2203767,5793400
5087,45,66,45113,1054,2203833,5447900
5088,43,54,45070,1043,2203887,5471600
5089,51,39,45019,1055,2203926,5463100
5090,49,41,44970,1063,2203967,5393000
5091,59,65,44911,1057,2204032,5873000
5092,56,44,44855,1069,2204076,5751000
5093,51,62,44804,1058,2204138,5453300
5094,42,58,44762,1042,2204196,5507800
5095,61,52,44701,1051,2204248,5408700
5096,62,75,44639,1038,2204323,5432000
5097,62,45,44577,1055,2204368,5518700
5098,66,50,44511,1071,2204418,5465100
5099,56,66,44455,1061,2204484,5460900
5100,61,53,44394,1069,2204537,5474800
5101,43,56,44351,1056,2204593,5427000
5102,51,53,44300,1054,2204646,5392400
5103,47,60,44253,1041,2204706,5557500
5104,52,61,44201,1032,2204767,5468800
5105,47,47,44154,1032,2204814,5620300
5106,62,53,44092,1041,2204867,5734600
5107,42,59,44050,1024,2204926,5449200
5108,44,48,44006,1020,2204974,5559300
5109,55,47,43951,1028,2205021,5441800
5110,50,60,43901,1018,2205081,5445100
5111,55,55,43846,1018,2205136,5532700
5112,45,42,43801,1021,2205178,5475500
5113,36,57,43765,1000,2205235,5435600
5114,47,44,43718,1003,2205279,5748700
5115,61,46,43657,1018,2205325,5441500
5116,52,56,43605,1014,2205381,5501600
5117,53,52,43552,1015,2205433,5915800
5118,34,53,43518,996,2205486,5456400
5119,44,58,43474,982,2205544,5462100
5120,41,55,43433,968,2205599,6001600
5121,43,49,43390,962,2205648,5877300
5122,50,44,43340,968,2205692,5840200
5123,51,51,43289,968,2205743,5807600
5124,32,36,43257,964,2205779,5814000
5125,39,50,43218,953,2205829,6216600
5126,37,51,43181,939,2205880,5827000
5127,34,42,43147,931,2205922,5656100
5128,38,36,43109,933,2205958,5692700
5129,43,53,43066,923,2206011,5709700
5130,48,42,43018,929,2206053,5602200
5131,46,41,42972,934,2206094,5553500
5132,36,36,42936,934,2206130,5911300
5133,34,47,42902,921,2206177,5824700
5134,54,42,42848,933,2206219,6385700
5135,31,39,42817,925,2206258,6324000
5136,49,48,42768,926,2206306,5718700
5137,38,35,42730,929,2206341,5551000
5138,36,50,42694,915,2206391,5664200
5139,55,43,42639,927,2206434,5788200
5140,43,45,42596,925,2206479,5732200
5141,41,56,42555,910,2206535,6129000
5142,38,44,42517,904,2206579,5646400
5143,42,40,42475,906,2206619,5633400
5144,44,52,42431,898,2206671,5677400
5145,49,54,42382,893,2206725,5614600
5146,41,43,42341,891,2206768,6062700
5147,42,38,42299,895,2206806,6617100
5148,39,44,42260,890,2206850,5643100
5149,53,30,42207,913,2206880,5640500
5150,37,44,42170,906,2206924,5708800
5151,38,44,42132,900,2206968,5735800
5152,40,35,42092,905,2207003,5621400
5153,38,38,42054,905,2207041,5533400
5154,48,49,42006,904,2207090,6451500
5155,50,48,41956,906,2207138,5461900
5156,42,45,41914,903,2207183,5410400
5157,38,48,41876,893,2207231,5986600
5158,55,39,41821,909,2207270,5413500
5159,37,49,41784,897,2207319,5392900
5160,33,56,41751,874,2207375,5740100
5161,41,45,41710,870,2207420,5458700
5162,35,53,41675,852,2207473,5479200
5163,43,32,41632,863,2207505,5526200
5164,40,37,41592,866,2207542,5432000
5165,26,46,41566,846,2207588,5434400
5166,33,49,41533,830,2207637,5498000
5167,35,51,41498,814,2207688,5426600
5168,38,46,41460,806,2207734,5406400
5169,43,47,41417,802,2207781,5497600
5170,35,29,41382,808,2207810,5431100
5171,35,49,41347,794,2207859,5436500
5172,49,47,41298,796,2207906,5420300
5173,42,45,41256,793,2207951,5414600
5174,40,49,41216,784,2208000,5874400
5175,35,45,41181,774,2208045,5462100
5176,44,37,41137,781,2208082,5399100
5177,37,44,41100,774,2208126,5479800
5178,38,35,41062,777,2208161,5408400
5179,30,40,41032,767,2208201,5384500
5180,38,38,40994,767,2208239,5476600
5181,31,34,40963,764,2208273,5409200
5182,43,24,40920,783,2208297,5388600
5183,30,33,40890,780,2208330,5389600
5184,40,50,40850,770,2208380,5382200
5185,31,38,40819,763,2208418,5408800
5186,47,40,40772,770,2208458,5470700
5187,43,44,40729,769,2208502,5430000
5188,36,38,40693,767,2208540,5475300
5189,33,35,40660,765,2208575,5389000
5190,38,32,40622,771,2208607,5378600
5191,42,40,40580,773,2208647,5474500
5192,36,41,40544,768,2208688,5597400
5193,42,44,40502,766,2208732,5610900
5194,34,33,40468,767,2208765,5960700
5195,37,26,40431,778,2208791,6185600
5196,36,35,40395,779,2208826,5614800
5197,29,37,40366,771,2208863,5511700
5198,35,40,40331,766,2208903,5503900
5199,24,27,40307,763,2208930,5695200
5200,24,46,40283,741,2208976,5478000
5201,27,37,40256,731,2209013,5519300
5202,34,44,40222,721,2209057,5558900
5203,34,35,40188,720,2209092,5495100
5204,37,37,40151,720,2209129,5476000
5205,34,40,40117,714,2209169,5399900
5206,27,35,40090,706,2209204,5372000
5207,28,35,40062,699,2209239,5371600
5208,24,29,40038,694,2209268,5657200
5209,27,29,40011,692,2209297,5417700
5210,33,31,39978,694,2209328,5789600
5211,34,42,39944,686,2209370,5488800
5212,27,43,39917,670,2209413,5402000
5213,34,40,39883,664,2209453,5409100
5214,38,24,39845,678,2209477,5382800
5215,26,36,39819,668,2209513,5386000
5216,33,31,39786,670,2209544,6314900
5217,26,25,39760,671,2209569,6363500
5218,35,41,39725,665,2209610,6363600
5219,31,33,39694,663,2209643,5690200
5220,28,32,39666,659,2209675,5692600
5221,32,30,39634,661,2209705,5809000
5222,26,27,39608,660,2209732,5406700
5223,23,27,39585,656,2209759,5397200
5224,20,33,39565,643,2209792,6247200
5225,33,35,39532,641,2209827,5420000
5226,24,21,39508,644,2209848,5397200
5227,18,35,39490,627,2209883,5666200
5228,26,37,39464,616,2209920,5387300
5229,19,28,39445,607,2209948,5397300
5230,23,34,39422,596,2209982,5375200
5231,22,22,39400,596,2210004,5352400
5232,21,23,39379,594,2210027,5370300
5233,20,27,39359,587,2210054,5436100
5234,19,25,39340,581,2210079,5406700
5235,25,28,39315,578,2210107,5470200
5236,18,26,39297,570,2210133,5382900
5237,22,34,39275,558,2210167,5375700
5238,17,30,39258,545,2210197,5379900
5239,22,30,39236,537,2210227,5357700
5240,21,27,39215,531,2210254,5346700
5241,21,27,39194,525,2210281,5368300
5242,19,26,39175,518,2210307,5374800
5243,18,27,39157,509,2210334,5337700
5244,21,20,39136,510,2210354,5377900
5245,26,28,39110,508,2210382,5378100
5246,24,33,39086,499,2210415,5403900
5247,28,26,39058,501,2210441,5492500
5248,19,24,39039,496,2210465,5397600
5249,31,34,39008,493,2210499,5482100
5250,24,27,38984,490,2210526,5589700
5251,29,31,38955,488,2210557,5384800
5252,19,22,38936,485,2210579,5825300
5253,29,21,38907,493,2210600,5409100
5254,24,25,38883,492,2210625,5360000
5255,32,22,38851,502,2210647,5398700
5256,22,16,38829,508,2210663,5351700
5257,29,25,38800,512,2210688,5360800
5258,29,34,38771,507,2210722,6079800
5259,29,23,38742,513,2210745,5475200
5260,21,21,38721,513,2210766,5417700
5261,24,25,38697,512,2210791,5487200
5262,19,20,38678,511,2210811,5399600
5263,27,23,38651,515,2210834,5361800
5264,27,28,38624,514,2210862,5962600
5265,26,21,38598,519,2210883,5634700
5266,36,22,38562,533,2210905,5511400
5267,30,25,38532,538,2210930,5398900
5268,30,29,38502,539,2210959,5366600
5269,26,30,38476,535,2210989,5437300
5270,31,25,38445,541,2211014,5466300
5271,31,24,38414,548,2211038,5474400
5272,30,35,38384,543,2211073,5739000
5273,27,27,38357,543,2211100,5378300
5274,28,30,38329,541,2211130,5373300
5275,31,19,38298,553,2211149,5506800
5276,17,29,38281,541,2211178,5392200
5277,21,34,38260,528,2211212,5417400
5278,23,22,38237,529,2211234,5468000
5279,27,26,38210,530,2211260,5432200
5280,15,28,38195,517,2211288,5421000
5281,27,17,38168,527,2211305,5409200
5282,21,21,38147,527,2211326,5407600
5283,27,27,38120,527,2211353,5568800
5284,23,23,38097,527,2211376,5680000
5285,16,25,38081,518,2211401,5358300
5286,25,29,38056,514,2211430,5601000
5287,22,24,38034,512,2211454,5529100
5288,21,32,38013,501,2211486,5426900
5289,21,20,37992,502,2211506,5385300
5290,28,23,37964,507,2211529,5427500
5291,24,28,37940,503,2211557,5462200
5292,19,26,37921,496,2211583,5638700
5293,29,24,37892,501,2211607,5382500
5294,30,24,37862,507,2211631,5383600
5295,26,32,37836,501,2211663,5550800
5296,25,27,37811,499,2211690,5407700
5297,19,28,37792,490,2211718,5381900
5298,36,32,37756,494,2211750,5414400
5299,22,34,37734,482,2211784,5374600
5300,18,15,37716,485,2211799,5376600
5301,19,23,37697,481,2211822,5746400
5302,16,21,37681,476,2211843,5421800
5303,23,18,37658,481,2211861,5410400
5304,27,24,37631,484,2211885,5520400
5305,20,36,37611,468,2211921,5572600
5306,21,22,37590,467,2211943,5652600
5307,16,26,37574,457,2211969,5635000
5308,24,22,37550,459,2211991,5540600
5309,20,24,37530,455,2212015,5457600
5310,30,16,37500,469,2212031,5380800
5311,17,41,37483,445,2212072,5393200
5312,18,19,37465,444,2212091,5704400
5313,18,21,37447,441,2212112,5380200
5314,17,30,37430,428,2212142,5359200
5315,33,20,37397,441,2212162,5783000
5316,23,14,37374,450,2212176,5402000
5317,35,23,37339,462,2212199,5396800
5318,25,27,37314,460,2212226,5859300
5319,26,23,37288,463,2212249,5394600
5320,25,21,37263,467,2212270,5368900
5321,18,17,37245,468,2212287,5633000
5322,19,25,37226,462,2212312,5395900
5323,23,24,37203,461,2212336,5362900
5324,17,20,37186,458,2212356,5455400
5325,22,19,37164,461,2212375,5375900
5326,23,21,37141,463,2212396,5404300
5327,31,19,37110,475,2212415,5427900
5328,18,29,37092,464,2212444,5383100
5329,24,22,37068,466,2212466,5432200
5330,22,18,37046,470,2212484,5373100
5331,21,21,37025,470,2212505,5410700
5332,17,25,37008,462,2212530,6026900
5333,18,16,36990,464,2212546,5451300
5334,23,16,36967,471,2212562,5310900
5335,23,25,36944,469,2212587,5629200
5336,21,24,36923,466,2212611,5337300
5337,18,32,36905,452,2212643,5345400
5338,26,31,36879,447,2212674,5709800
5339,24,18,36855,453,2212692,5536400
5340,18,33,36837,438,2212725,5540600
5341,21,21,36816,438,2212746,5598200
5342,23,20,36793,441,2212766,5525300
5343,17,22,36776,436,2212788,5995400
5344,18,15,36758,439,2212803,5823800
5345,16,26,36742,429,2212829,5490100
5346,24,25,36718,428,2212854,5985500
5347,20,25,36698,423,2212879,5749100
5348,25,21,36673,427,2212900,5555400
5349,14,25,36659,416,2212925,5560400
5350,24,22,36635,418,2212947,5521300
5351,23,16,36612,425,2212963,5581100
5352,22,27,36590,420,2212990,5608200
5353,25,23,36565,422,2213013,5564400
5354,20,20,36545,422,2213033,5549900
5355,31,21,36514,432,2213054,5877300
5356,18,14,36496,436,2213068,5508600
5357,17,21,36479,432,2213089,5513400
5358,29,16,36450,445,2213105,5480800
5359,26,21,36424,450,2213126,5493100
5360,17,18,36407,449,2213144,5510100
5361,18,24,36389,443,2213168,5483100
5362,15,21,36374,437,2213189,5479200
5363,24,18,36350,443,2213207,6086300
5364,21,18,36329,446,2213225,5910900
5365,12,28,36317,430,2213253,5489600
5366,18,20,36299,428,2213273,5996500
5367,13,17,36286,424,2213290,5531300
5368,21,28,36265,417,2213318,5536800
5369,13,29,36252,401,2213347,5672800
5370,19,14,36233,406,2213361,5806900
5371,27,23,36206,410,2213384,5537100
5372,16,18,36190,408,2213402,5612700
5373,19,25,36171,402,2213427,5351500
5374,18,17,36153,403,2213444,5523000
5375,13,27,36140,389,2213471,5604400
5376,15,26,36125,378,2213497,5485000
5377,15,21,36110,372,2213518,5690000
5378,16,18,36094,370,2213536,5451000
5379,21,20,36073,371,2213556,5518100
5380,20,23,36053,368,2213579,5586700
5381,17,13,36036,372,2213592,5636700
5382,15,14,36021,373,2213606,5562200
5383,20,16,36001,377,2213622,5564500
5384,18,13,35983,382,2213635,5586200
5385,9,23,35974,368,2213658,5474900
5386,19,18,35955,369,2213676,5403800
5387,15,18,35940,366,2213694,5361500
5388,15,19,35925,362,2213713,5417300
5389,23,16,35902,369,2213729,5362300
5390,17,20,35885,366,2213749,5339000
5391,14,17,35871,363,2213766,5759200
5392,16,15,35855,364,2213781,5543300
5393,15,18,35840,361,2213799,5676000
5394,10,24,35830,347,2213823,5884600
5395,14,23,35816,338,2213846,5349100
5396,13,16,35803,335,2213862,5498200
5397,15,19,35788,331,2213881,5528400
5398,13,20,35775,324,2213901,5532600
5399,17,21,35758,320,2213922,6074700
5400,21,18,35737,323,2213940,6579800
5401,15,17,35722,321,2213957,5894700
5402,15,15,35707,321,2213972,5851400
5403,16,20,35691,317,2213992,5380900
5404,14,14,35677,317,2214006,5854500
5405,15,15,35662,317,2214021,5542500
5406,23,18,35639,322,2214039,5378100
5407,12,12,35627,322,2214051,6015500
5408,17,23,35610,316,2214074,5335100
5409,16,16,35594,316,2214090,5336500
5410,18,19,35576,315,2214109,5863500
5411,10,12,35566,313,2214121,5346900
5412,19,16,35547,316,2214137,5375100
5413,14,13,35533,317,2214150,5646700
5414,15,21,35518,311,2214171,5372500
5415,18,13,35500,316,2214184,5450200
5416,18,22,35482,312,2214206,5346700
5417,17,11,35465,318,2214217,5340000
5418,21,17,35444,322,2214234,5370000
5419,16,15,35428,323,2214249,5337200
5420,28,16,35400,335,2214265,5340400
5421,16,22,35384,329,2214287,5414500
5422,12,13,35372,328,2214300,5346900
5423,22,16,35350,334,2214316,5375200
5424,17,21,35333,330,2214337,5804900
5425,18,16,35315,332,2214353,5325300
5426,15,26,35300,321,2214379,5365100
5427,14,15,35286,320,2214394,6104000
5428,15,19,35271,316,2214413,5324900
5429,19,23,35252,312,2214436,5318100
5430,13,11,35239,314,2214447,5359200
5431,12,23,35227,303,2214470,5347600
5432,14,17,35213,300,2214487,5322400
5433,20,7,35193,313,2214494,5854700
5434,15,12,35178,316,2214506,5344800
5435,16,16,35162,316,2214522,5310600
5436,17,22,35145,311,2214544,5666700
5437,18,13,35127,316,2214557,5402800
5438,15,21,35112,310,2214578,5502100
5439,16,15,35096,311,2214593,5616500
5440,17,14,35079,314,2214607,5359900
5441,17,21,35062,310,2214628,5378600
5442,15,13,35047,312,2214641,5356100
5443,15,12,35032,315,2214653,5346000
5444,23,17,35009,321,2214670,5709800
5445,17,13,34992,325,2214683,5438800
5446,16,25,34976,316,2214708,5374900
5447,11,15,34965,312,2214723,5371600
5448,18,10,34947,320,2214733,5350000
5449,8,11,34939,317,2214744,5378100
5450,14,11,34925,320,2214755,5570600
5451,16,13,34909,323,2214768,5419000
5452,12,16,34897,319,2214784,5396700
5453,14,11,34883,322,2214795,5445800
5454,9,25,34874,306,2214820,5388100
5455,11,15,34863,302,2214835,5366800
5456,11,15,34852,298,2214850,5380200
5457,11,21,34841,288,2214871,5361300
5458,23,17,34818,294,2214888,5373500
5459,10,9,34808,295,2214897,5379600
5460,16,14,34792,297,2214911,5362100
5461,18,13,34774,302,2214924,5380300
5462,7,14,34767,295,2214938,5401000
5463,10,18,34757,287,2214956,5418200
5464,8,15,34749,280,2214971,5510900
5465,6,15,34743,271,2214986,5440600
5466,9,23,34734,257,2215009,5364400
5467,8,16,34726,249,2215025,5645500
5468,11,15,34715,245,2215040,5311500
5469,7,17,34708,235,2215057,5342600
5470,9,7,34699,237,2215064,5351600
5471,8,18,34691,227,2215082,5315700
5472,12,16,34679,223,2215098,5367200
5473,9,8,34670,224,2215106,5386900
5474,9,13,34661,220,2215119,5476500
5475,12,13,34649,219,2215132,5750300
5476,10,7,34639,222,2215139,5556900
5477,11,11,34628,222,2215150,5386000
5478,10,12,34618,220,2215162,5443600
5479,13,10,34605,223,2215172,5363100
5480,8,9,34597,222,2215181,5374000
5481,9,13,34588,218,2215194,5402800
5482,11,8,34577,221,2215202,5350000
5483,9,11,34568,219,2215213,5342000
5484,10,8,34558,221,2215221,5493600
5485,16,12,34542,225,2215233,5361700
5486,10,16,34532,219,2215249,5353500
5487,10,15,34522,214,2215264,5565600
5488,13,11,34509,216,2215275,5602400
5489,11,12,34498,215,2215287,5722300
5490,9,12,34489,212,2215299,5556700
5491,10,10,34479,212,2215309,5524000
5492,7,10,34472,209,2215319,5854100
5493,10,14,34462,205,2215333,5308300
5494,13,7,34449,211,2215340,5292400
5495,8,9,34441,210,2215349,5633300
5496,5,18,34436,197,2215367,5372500
5497,9,9,34427,197,2215376,5333600
5498,3,7,34424,193,2215383,5439700
5499,9,8,34415,194,2215391,5337300
5500,7,5,34408,196,2215396,5478700
5501,3,10,34405,189,2215406,5415000
5502,8,9,34397,188,2215415,5353400
5503,8,12,34389,184,2215427,5412700
5504,3,9,34386,178,2215436,5406500
5505,3,11,34383,170,2215447,5360300
5506,9,9,34374,170,2215456,5357300
5507,8,14,34366,164,2215470,5436200
5508,6,6,34360,164,2215476,5343900
5509,6,4,34354,166,2215480,5351500
5510,6,5,34348,167,2215485,5488000
5511,4,13,34344,158,2215498,5403700
5512,8,4,34336,162,2215502,5393400
5513,6,5,34330,163,2215507,5776000
5514,7,7,34323,163,2215514,5279200
5515,5,8,34318,160,2215522,5943200
5516,5,5,34313,160,2215527,5383200
5517,2,5,34311,157,2215532,5313100
5518,10,5,34301,162,2215537,5796500
5519,3,8,34298,157,2215545,5337500
5520,9,8,34289,158,2215553,5391500
5521,13,7,34276,164,2215560,5400400
5522,5,9,34271,160,2215569,5386200
5523,3,9,34268,154,2215578,5325400
5524,5,4,34263,155,2215582,5647800
5525,6,7,34257,154,2215589,5566700
5526,9,7,34248,156,2215596,5357500
5527,4,7,34244,153,2215603,6111600
5528,5,10,34239,148,2215613,5335900
5529,12,2,34227,158,2215615,5321900
5530,7,10,34220,155,2215625,5673300
5531,6,10,34214,151,2215635,5364200
5532,12,7,34202,156,2215642,5360000
5533,3,4,34199,155,2215646,5420000
5534,9,8,34190,156,2215654,5357500
5535,11,10,34179,157,2215664,5380600
5536,6,9,34173,154,2215673,5416000
5537,5,9,34168,150,2215682,5447400
5538,7,7,34161,150,2215689,5404900
5539,7,2,34154,155,2215691,5416400
5540,5,8,34149,152,2215699,5348200
5541,7,9,34142,150,2215708,5652900
5542,11,10,34131,151,2215718,5419900
5543,10,7,34121,154,2215725,5313900
5544,9,4,34112,159,2215729,5349500
5545,12,3,34100,168,2215732,5311900
5546,8,10,34092,166,2215742,5306800
5547,7,9,34085,164,2215751,5340600
5548,7,12,34078,159,2215763,5314100
5549,9,5,34069,163,2215768,5371200
5550,5,5,34064,163,2215773,5373500
5551,9,6,34055,166,2215779,5337400
5552,8,9,34047,165,2215788,5315000
5553,3,8,34044,160,2215796,5370800
5554,6,2,34038,164,2215798,5319300
5555,5,6,34033,163,2215804,5340200
5556,8,6,34025,165,2215810,5455000
5557,2,11,34023,156,2215821,5876100
5558,7,8,34016,155,2215829,5574700
5559,2,8,34014,149,2215837,6024600
5560,2,5,34012,146,2215842,5600300
5561,3,5,34009,144,2215847,5702400
5562,2,9,34007,137,2215856,5583000
5563,5,4,34002,138,2215860,5517700
5564,5,8,33997,135,2215868,5571500
5565,3,8,33994,130,2215876,5569200
5566,5,4,33989,131,2215880,5575600
5567,4,5,33985,130,2215885,5618200
5568,6,4,33979,132,2215889,5561300
5569,6,9,33973,129,2215898,5699300
5570,5,9,33968,125,2215907,5571400
5571,3,3,33965,125,2215910,5502300
5572,4,11,33961,118,2215921,5538500
5573,5,6,33956,117,2215927,5626300
5574,2,4,33954,115,2215931,5506500
5575,6,5,33948,116,2215936,5812800
5576,9,6,33939,119,2215942,6055400
5577,5,7,33934,117,2215949,6035900
5578,6,5,33928,118,2215954,6079500
5579,7,6,33921,119,2215960,5674500
5580,1,5,33920,115,2215965,5643800
5581,1,7,33919,109,2215972,5937400
5582,2,7,33917,104,2215979,6011000
5583,2,1,33915,105,2215980,5605600
5584,3,6,33912,102,2215986,5660100
5585,2,3,33910,101,2215989,5558500
5586,1,6,33909,96,2215995,5624400
5587,5,6,33904,95,2216001,5538900
5588,5,4,33899,96,2216005,5646500
5589,4,8,33895,92,2216013,5685200
5590,3,1,33892,94,2216014,5692800
5591,1,5,33891,90,2216019,5563600
5592,9,2,33882,97,2216021,5549300
5593,2,2,33880,97,2216023,5387700
5594,3,3,33877,97,2216026,5870700
5595,2,5,33875,94,2216031,5329400
5596,4,5,33871,93,2216036,5375800
5597,5,6,33866,92,2216042,5662700
5598,4,5,33862,91,2216047,5385300
5599,3,5,33859,89,2216052,5338600
5600,7,4,33852,92,2216056,5368600
5601,3,6,33849,89,2216062,5352900
5602,4,4,33845,89,2216066,5327000
5603,2,4,33843,87,2216070,5389000
5604,3,10,33840,80,2216080,5320400
5605,1,2,33839,79,2216082,5349900
5606,5,1,33834,83,2216083,5384600
5607,4,5,33830,82,2216088,5343300
5608,1,5,33829,78,2216093,5436900
5609,4,7,33825,75,2216100,5596000
5610,2,1,33823,76,2216101,5318800
5611,1,2,33822,75,2216103,5318700
5612,9,5,33813,79,2216108,5318100
5613,1,4,33812,76,2216112,5283200
5614,3,6,33809,73,2216118,5701000
5615,2,6,33807,69,2216124,5329700
5616,2,5,33805,66,2216129,5333300
5617,3,7,33802,62,2216136,5746200
5618,2,8,33800,56,2216144,5326800
5619,1,6,33799,51,2216150,5385600
5620,0,1,33799,50,2216151,6014400
5621,0,3,33799,47,2216154,5375500
5622,1,0,33798,48,2216154,5532800
5623,1,3,33797,46,2216157,5392400
5624,2,1,33795,47,2216158,5323800
5625,3,0,33792,50,2216158,5429800
5626,4,2,33788,52,2216160,5350200
5627,2,5,33786,49,2216165,5346300
5628,3,3,33783,49,2216168,5522600
5629,0,1,33783,48,2216169,5735100
5630,2,3,33781,47,2216172,5515400
5631,3,3,33778,47,2216175,5771000
5632,2,4,33776,45,2216179,5891500
5633,0,3,33776,42,2216182,5473300
5634,1,1,33775,42,2216183,5526500
5635,1,1,33774,42,2216184,5378500
5636,3,1,33771,44,2216185,5589300
5637,3,1,33768,46,2216186,5458100
5638,2,2,33766,46,2216188,5376100
5639,1,2,33765,45,2216190,5416700
5640,4,2,33761,47,2216192,5369500
5641,3,2,33758,48,2216194,5401100
5642,4,3,33754,49,2216197,5484500
5643,1,1,33753,49,2216198,5419300
5644,1,2,33752,48,2216200,5437400
5645,1,0,33751,49,2216200,5885900
5646,4,3,33747,50,2216203,5468200
5647,1,2,33746,49,2216205,5433400
5648,2,3,33744,48,2216208,5678700
5649,3,5,33741,46,2216213,5369900
5650,4,3,33737,47,2216216,5674800
5651,1,1,33736,47,2216217,5455300
5652,0,3,33736,44,2216220,5400800
5653,0,3,33736,41,2216223,5674100
5654,3,0,33733,44,2216223,5839100
5655,3,3,33730,44,2216226,5951100
5656,0,0,33730,44,2216226,5450000
5657,1,2,33729,43,2216228,5378400
5658,1,2,33728,42,2216230,5367000
5659,0,3,33728,39,2216233,5741400
5660,0,2,33728,37,2216235,5340400
5661,1,1,33727,37,2216236,5369200
5662,0,2,33727,35,2216238,5565500
5663,0,1,33727,34,2216239,5343100
5664,0,2,33727,32,2216241,5295300
5665,0,1,33727,31,2216242,5344300
5666,0,1,33727,30,2216243,5308200
5667,0,2,33727,28,2216245,5297900
5668,0,1,33727,27,2216246,5893200
5669,0,1,33727,26,2216247,5410900
5670,0,0,33727,26,2216247,5392000
5671,1,0,33726,27,2216247,5555900
5672,1,1,33725,27,2216248,5538100
5673,0,1,33725,26,2216249,5726100
5674,1,0,33724,27,2216249,5686100
5675,0,0,33724,27,2216249,5471000
5676,0,1,33724,26,2216250,5816100
5677,0,2,33724,24,2216252,5286100
5678,0,1,33724,23,2216253,5270000
5679,0,2,33724,21,2216255,5870200
5680,0,2,33724,19,2216257,5297400
5681,0,1,33724,18,2216258,5319100
5682,0,2,33724,16,2216260,5574000
5683,0,1,33724,15,2216261,5733900
5684,0,2,33724,13,2216263,5493200
5685,0,2,33724,11,2216265,5340800
5686,0,1,33724,10,2216266,5353000
5687,0,0,33724,10,2216266,5652800
5688,0,0,33724,10,2216266,5427100
5689,0,2,33724,8,2216268,5384100
5690,0,0,33724,8,2216268,5345200
5691,0,0,33724,8,2216268,5701900
5692,0,1,33724,7,2216269,5305100
5693,0,0,33724,7,2216269,5372300
5694,0,1,33724,6,2216270,5398000
5695,0,0,33724,6,2216270,5314600
5696,0,2,33724,4,2216272,5834500
5697,0,1,33724,3,2216273,5345000
5698,0,0,33724,3,2216273,5327900
5699,0,0,33724,3,2216273,5360800
5700,0,0,33724,3,2216273,5332400
5701,0,0,33724,3,2216273,5331200
5702,0,0,33724,3,2216273,5355100
5703,0,0,33724,3,2216273,5348400
5704,0,0,33724,3,2216273,5305900
5705,0,2,33724,1,2216275,5782400
5706,0,0,33724,1,2216275,5385000
5707,0,0,33724,1,2216275,5368000
5708,0,0,33724,1,2216275,5571200
5709,0,0,33724,1,2216275,5332500
5710,0,0,33724,1,2216275,5348700
5711,0,0,33724,1,2216275,5432500
5712,0,0,33724,1,2216275,5353300
5713,0,0,33724,1,2216275,5317300
5714,0,0,33724,1,2216275,5399400
5715,0,0,33724,1,2216275,5330100
5716,0,0,33724,1,2216275,5351600
5717,0,0,33724,1,2216275,5407200
5718,0,0,33724,1,2216275,5408800
5719,0,1,33724,0,2216276,5614900
