Tick,NewlyInfected,NewlyRecovered,TotalSusceptible,TotalInfected,TotalRecovered,StepTimeNanos
0,5,0,999990,10,0,12211200
1,5,0,999985,15,0,2461200
2,1,2,999984,14,2,12190600
3,2,0,999982,16,2,4034400
4,3,0,999979,19,2,2110700
5,4,0,999975,23,2,1980300
6,7,1,999968,29,3,2141400
7,5,0,999963,34,3,2031300
8,4,1,999959,37,4,1987800
9,5,1,999954,41,5,2012000
10,7,1,999947,47,6,2815300
11,8,4,999939,51,10,3158100
12,4,1,999935,54,11,3150600
13,5,2,999930,57,13,2531600
14,9,2,999921,64,15,2455600
15,7,3,999914,68,18,2588600
16,5,3,999909,70,21,2382700
17,8,2,999901,76,23,2238300
18,14,2,999887,88,25,2229000
19,8,3,999879,93,28,2223200
20,5,9,999874,89,37,2232200
21,4,3,999870,90,40,2223100
22,8,5,999862,93,45,2269600
23,6,8,999856,91,53,2235400
24,13,7,999843,97,60,2230900
25,13,5,999830,105,65,2222500
26,16,6,999814,115,71,2219800
27,9,3,999805,121,74,2248500
28,13,7,999792,127,81,2228000
29,10,7,999782,130,88,2266700
30,18,5,999764,143,93,2267800
31,15,6,999749,152,99,2248200
32,17,11,999732,158,110,2325200
33,16,12,999716,162,122,2573600
34,16,11,999700,167,133,2351900
35,17,4,999683,180,137,2610100
36,20,12,999663,188,149,2447200
37,14,10,999649,192,159,2243500
38,19,11,999630,200,170,2246900
39,12,9,999618,203,179,2240700
40,21,7,999597,217,186,2243800
41,13,18,999584,212,204,2231600
42,24,15,999560,221,219,2402500
43,18,10,999542,229,229,2231500
44,14,9,999528,234,238,2243400
45,22,9,999506,247,247,2235200
46,16,9,999490,254,256,2245500
47,16,13,999474,257,269,2233800
48,23,14,999451,266,283,2411500
49,25,17,999426,274,300,2528900
50,26,13,999400,287,313,2346900
51,29,14,999371,302,327,2407500
52,22,15,999349,309,342,2335500
53,26,14,999323,321,356,2328800
54,22,16,999301,327,372,2299600
55,26,13,999275,340,385,2340400
56,31,17,999244,354,402,2295400
57,33,16,999211,371,418,2308700
58,27,20,999184,378,438,2298700
59,32,24,999152,386,462,2320000
60,25,15,999127,396,477,2338200
61,27,18,999100,405,495,2395400
62,23,23,999077,405,518,2701300
63,29,17,999048,417,535,2308600
64,36,22,999012,431,557,2362400
65,38,24,998974,445,581,2397300
66,35,28,998939,452,609,2330600
67,31,21,998908,462,630,2353400
68,31,19,998877,474,649,2454100
69,35,16,998842,493,665,2458300
70,37,26,998805,504,691,2594500
71,29,24,998776,509,715,2611900
72,35,29,998741,515,744,2621300
73,37,35,998704,517,779,2818300
74,49,21,998655,545,800,2676700
75,40,41,998615,544,841,2468600
76,31,21,998584,554,862,2410900
77,36,22,998548,568,884,2440400
78,48,32,998500,584,916,2474400
79,34,30,998466,588,946,2388800
80,39,24,998427,603,970,2513000
81,51,32,998376,622,1002,2573800
82,45,33,998331,634,1035,2564500
83,46,36,998285,644,1071,2630100
84,48,32,998237,660,1103,2713700
85,55,29,998182,686,1132,2936400
86,45,41,998137,690,1173,2644500
87,55,34,998082,711,1207,2821400
88,53,43,998029,721,1250,3198400
89,46,35,997983,732,1285,2783400
90,58,33,997925,757,1318,2845200
91,54,44,997871,767,1362,2670200
92,53,37,997818,783,1399,2525500
93,51,42,997767,792,1441,2514000
94,57,39,997710,810,1480,2665300
95,54,46,997656,818,1526,2585100
96,49,38,997607,829,1564,2469000
97,60,47,997547,842,1611,2860300
98,45,38,997502,849,1649,2359300
99,54,43,997448,860,1692,2423300
100,55,40,997393,875,1732,2279100
101,52,42,997341,885,1774,2406700
102,43,46,997298,882,1820,2328500
103,65,44,997233,903,1864,2608700
104,51,38,997182,916,1902,2557100
105,77,54,997105,939,1956,2398300
106,57,43,997048,953,1999,2361300
107,62,45,996986,970,2044,2340200
108,65,54,996921,981,2098,2335500
109,68,41,996853,1008,2139,2355400
110,71,53,996782,1026,2192,2386200
111,57,47,996725,1036,2239,2578200
112,76,61,996649,1051,2300,2475400
113,76,62,996573,1065,2362,2371900
114,58,53,996515,1070,2415,2365200
115,67,53,996448,1084,2468,2351800
116,86,57,996362,1113,2525,2372600
117,75,47,996287,1141,2572,2341900
118,79,58,996208,1162,2630,2643400
119,76,58,996132,1180,2688,2374400
120,60,65,996072,1175,2753,2285300
121,74,52,995998,1197,2805,2292300
122,55,66,995943,1186,2871,2318200
123,59,65,995884,1180,2936,2284700
124,69,63,995815,1186,2999,2282700
125,68,69,995747,1185,3068,2275800
126,75,56,995672,1204,3124,2279500
127,75,65,995597,1214,3189,2332400
128,87,56,995510,1245,3245,2311000
129,70,58,995440,1257,3303,2598500
130,85,54,995355,1288,3357,2331900
131,85,53,995270,1320,3410,2326700
132,81,63,995189,1338,3473,2315000
133,69,66,995120,1341,3539,2341900
134,92,68,995028,1365,3607,2307000
135,95,58,994933,1402,3665,2348100
136,74,68,994859,1408,3733,2315800
137,106,66,994753,1448,3799,2321700
138,82,73,994671,1457,3872,2323500
139,92,63,994579,1486,3935,2338000
140,76,73,994503,1489,4008,2400700
141,92,89,994411,1492,4097,2348000
142,85,54,994326,1523,4151,2712100
143,91,74,994235,1540,4225,2743300
144,79,79,994156,1540,4304,2716600
145,83,76,994073,1547,4380,2626400
146,88,75,993985,1560,4455,2992900
147,97,84,993888,1573,4539,2502800
148,103,82,993785,1594,4621,2425900
149,98,83,993687,1609,4704,2328300
150,99,75,993588,1633,4779,2330300
151,85,87,993503,1631,4866,2297400
152,84,75,993419,1640,4941,2299900
153,100,81,993319,1659,5022,2299200
154,89,68,993230,1680,5090,2514100
155,113,80,993117,1713,5170,2413200
156,122,85,992995,1750,5255,2314800
157,105,84,992890,1771,5339,2330700
158,111,84,992779,1798,5423,2304600
159,113,98,992666,1813,5521,2320900
160,94,90,992572,1817,5611,2308100
161,106,70,992466,1853,5681,2371500
162,102,93,992364,1862,5774,2314100
163,101,90,992263,1873,5864,2311500
164,101,91,992162,1883,5955,2317400
165,103,81,992059,1905,6036,2320800
166,101,86,991958,1920,6122,2328600
167,111,88,991847,1943,6210,2385300
168,105,96,991742,1952,6306,2346100
169,106,113,991636,1945,6419,2347100
170,109,93,991527,1961,6512,2330200
171,94,110,991433,1945,6622,2324000
172,103,96,991330,1952,6718,2318900
173,120,117,991210,1955,6835,2323500
174,107,89,991103,1973,6924,2363900
175,98,92,991005,1979,7016,2333300
176,98,104,990907,1973,7120,2314400
177,102,102,990805,1973,7222,2307900
178,108,83,990697,1998,7305,2321600
179,102,90,990595,2010,7395,2393300
180,137,102,990458,2045,7497,2378200
181,112,115,990346,2042,7612,2131200
182,111,109,990235,2044,7721,2156200
183,99,99,990136,2044,7820,2035400
184,138,99,989998,2083,7919,2008200
185,108,88,989890,2103,8007,2006400
186,129,117,989761,2115,8124,2055000
187,144,90,989617,2169,8214,2043400
188,119,119,989498,2169,8333,2014400
189,120,116,989378,2173,8449,2042400
190,109,104,989269,2178,8553,1986100
191,126,100,989143,2204,8653,2073800
192,117,111,989026,2210,8764,2036700
193,143,108,988883,2245,8872,2029900
194,127,104,988756,2268,8976,2086300
195,149,119,988607,2298,9095,2056500
196,119,119,988488,2298,9214,2441300
197,118,111,988370,2305,9325,2396000
198,116,118,988254,2303,9443,2421900
199,145,113,988109,2335,9556,2364200
200,119,123,987990,2331,9679,2356800
201,146,124,987844,2353,9803,2378300
202,143,122,987701,2374,9925,2362800
203,117,102,987584,2389,10027,2359500
204,137,120,987447,2406,10147,2345000
205,138,117,987309,2427,10264,2345000
206,140,141,987169,2426,10405,2353500
207,144,113,987025,2457,10518,2371500
208,137,126,986888,2468,10644,2345200
209,109,130,986779,2447,10774,2362900
210,150,137,986629,2460,10911,2714500
211,141,134,986488,2467,11045,2400300
212,129,125,986359,2471,11170,2399800
213,140,120,986219,2491,11290,2377200
214,150,108,986069,2533,11398,2384000
215,136,141,985933,2528,11539,2349000
216,139,121,985794,2546,11660,2381400
217,135,118,985659,2563,11778,2361500
218,152,114,985507,2601,11892,2354700
219,122,144,985385,2579,12036,2351900
220,151,144,985234,2586,12180,1854000
221,143,112,985091,2617,12292,9330700
222,137,132,984954,2622,12424,12309400
223,139,137,984815,2624,12561,2775300
224,151,124,984664,2651,12685,2652400
225,142,137,984522,2656,12822,2637700
226,150,135,984372,2671,12957,2636200
227,157,122,984215,2706,13079,2618600
228,119,146,984096,2679,13225,2648700
229,133,121,983963,2691,13346,2671900
230,142,131,983821,2702,13477,2431300
231,139,126,983682,2715,13603,2418200
232,145,114,983537,2746,13717,2369300
233,132,117,983405,2761,13834,2415700
234,139,131,983266,2769,13965,2374500
235,162,114,983104,2817,14079,2406200
236,165,121,982939,2861,14200,2375500
237,154,126,982785,2889,14326,2388300
238,158,133,982627,2914,14459,2371900
239,160,139,982467,2935,14598,2384600
240,167,169,982300,2933,14767,2373100
241,172,147,982128,2958,14914,2366100
242,167,155,981961,2970,15069,2409500
243,139,151,981822,2958,15220,2399500
244,151,133,981671,2976,15353,2387000
245,167,168,981504,2975,15521,2405400
246,153,139,981351,2989,15660,2439000
247,140,148,981211,2981,15808,2396600
248,143,153,981068,2971,15961,2416300
249,164,147,980904,2988,16108,2387100
250,146,142,980758,2992,16250,2387400
251,160,153,980598,2999,16403,2371700
252,145,153,980453,2991,16556,2372300
253,162,157,980291,2996,16713,2373100
254,177,140,980114,3033,16853,2413700
255,146,149,979968,3030,17002,2545900
256,147,153,979821,3024,17155,2511000
257,164,158,979657,3030,17313,2533100
258,180,156,979477,3054,17469,2844400
259,149,149,979328,3054,17618,2528600
260,174,175,979154,3053,17793,2490500
261,172,157,978982,3068,17950,2758200
262,151,169,978831,3050,18119,2429100
263,173,122,978658,3101,18241,2414600
264,153,153,978505,3101,18394,2412400
265,179,134,978326,3146,18528,2382600
266,152,183,978174,3115,18711,2385100
267,170,151,978004,3134,18862,2411200
268,159,149,977845,3144,19011,2421200
269,184,169,977661,3159,19180,2421800
270,182,142,977479,3199,19322,2546700
271,184,156,977295,3227,19478,2546900
272,213,169,977082,3271,19647,3066300
273,176,175,976906,3272,19822,2630400
274,183,164,976723,3291,19986,2493200
275,171,148,976552,3314,20134,2447700
276,177,178,976375,3313,20312,2474500
277,158,170,976217,3301,20482,2426200
278,166,167,976051,3300,20649,2416800
279,165,146,975886,3319,20795,2423600
280,164,127,975722,3356,20922,2532500
281,196,146,975526,3406,21068,2436400
282,185,171,975341,3420,21239,2425300
283,187,157,975154,3450,21396,2413900
284,179,165,974975,3464,21561,2404400
285,171,184,974804,3451,21745,16448800
286,180,174,974624,3457,21919,2622500
287,152,184,974472,3425,22103,2640300
288,199,180,974273,3444,22283,2719500
289,181,175,974092,3450,22458,2566400
290,189,176,973903,3463,22634,2545900
291,175,171,973728,3467,22805,2522200
292,146,183,973582,3430,22988,2491400
293,160,152,973422,3438,23140,2838900
294,180,158,973242,3460,23298,2508400
295,172,184,973070,3448,23482,2662400
296,173,172,972897,3449,23654,2526500
297,178,180,972719,3447,23834,2498700
298,194,177,972525,3464,24011,2490400
299,186,173,972339,3477,24184,2523800
300,188,168,972151,3497,24352,2508500
301,175,154,971976,3518,24506,2500700
302,168,169,971808,3517,24675,2497800
303,186,182,971622,3521,24857,2488800
304,199,182,971423,3538,25039,2506700
305,177,180,971246,3535,25219,2682000
306,170,182,971076,3523,25401,2732800
307,169,188,970907,3504,25589,2504700
308,177,195,970730,3486,25784,2493600
309,175,172,970555,3489,25956,2504900
310,177,153,970378,3513,26109,2496800
311,196,188,970182,3521,26297,2501400
312,200,187,969982,3534,26484,2533200
313,206,189,969776,3551,26673,2527000
314,192,188,969584,3555,26861,2496700
315,179,191,969405,3543,27052,2496300
316,186,144,969219,3585,27196,2486300
317,203,200,969016,3588,27396,2512100
318,160,194,968856,3554,27590,2954500
319,185,185,968671,3554,27775,2591500
320,173,169,968498,3558,27944,2495900
321,198,174,968300,3582,28118,2519500
322,199,174,968101,3607,28292,2498700
323,202,185,967899,3624,28477,2537400
324,193,194,967706,3623,28671,2826300
325,192,186,967514,3629,28857,2510900
326,192,161,967322,3660,29018,2487900
327,173,183,967149,3650,29201,2499300
328,187,194,966962,3643,29395,2489200
329,187,156,966775,3674,29551,2482600
330,181,181,966594,3674,29732,2535900
331,195,205,966399,3664,29937,2700000
332,194,204,966205,3654,30141,2611000
333,198,187,966007,3665,30328,2651100
334,205,199,965802,3671,30527,2633200
335,196,178,965606,3689,30705,2891700
336,189,179,965417,3699,30884,2611600
337,205,173,965212,3731,31057,2575700
338,253,193,964959,3791,31250,2532700
339,232,200,964727,3823,31450,2507800
340,212,173,964515,3862,31623,2515400
341,206,189,964309,3879,31812,2523800
342,211,175,964098,3915,31987,2544600
343,179,182,963919,3912,32169,2537200
344,210,189,963709,3933,32358,2560400
345,244,207,963465,3970,32565,2621000
346,212,226,963253,3956,32791,2541000
347,214,180,963039,3990,32971,2555200
348,210,191,962829,4009,33162,2584000
349,220,189,962609,4040,33351,2580900
350,224,205,962385,4059,33556,2548800
351,226,223,962159,4062,33779,2554200
352,221,202,961938,4081,33981,2534700
353,202,215,961736,4068,34196,2527800
354,218,204,961518,4082,34400,2563300
355,199,204,961319,4077,34604,2526800
356,192,212,961127,4057,34816,2522200
357,205,211,960922,4051,35027,2518100
358,204,208,960718,4047,35235,2501600
359,234,204,960484,4077,35439,2510500
360,199,199,960285,4077,35638,2538500
361,198,210,960087,4065,35848,2585000
362,195,208,959892,4052,36056,2574000
363,212,198,959680,4066,36254,2525200
364,231,209,959449,4088,36463,2557100
365,196,210,959253,4074,36673,2590400
366,206,241,959047,4039,36914,2865300
367,207,215,958840,4031,37129,2602000
368,214,199,958626,4046,37328,2530700
369,207,213,958419,4040,37541,2551400
370,193,206,958226,4027,37747,2541900
371,221,192,958005,4056,37939,2615200
372,231,212,957774,4075,38151,2611200
373,202,181,957572,4096,38332,2584500
374,231,193,957341,4134,38525,2546300
375,225,221,957116,4138,38746,2529500
376,201,207,956915,4132,38953,2550500
377,230,203,956685,4159,39156,2530600
378,218,212,956467,4165,39368,2763700
379,254,212,956213,4207,39580,2699500
380,208,213,956005,4202,39793,2587500
381,218,206,955787,4214,39999,2558200
382,233,178,955554,4269,40177,2537400
383,222,205,955332,4286,40382,2543900
384,228,215,955104,4299,40597,2569600
385,234,233,954870,4300,40830,2582500
386,234,216,954636,4318,41046,2542100
387,221,217,954415,4322,41263,2541400
388,219,221,954196,4320,41484,2543200
389,247,208,953949,4359,41692,2537900
390,228,192,953721,4395,41884,2536300
391,234,199,953487,4430,42083,2608600
392,252,205,953235,4477,42288,2544400
393,252,237,952983,4492,42525,2550600
394,263,251,952720,4504,42776,2542500
395,227,234,952493,4497,43010,2584800
396,219,221,952274,4495,43231,2572900
397,213,226,952061,4482,43457,2701000
398,237,238,951824,4481,43695,2601500
399,265,232,951559,4514,43927,2592600
400,259,224,951300,4549,44151,2565900
401,259,240,951041,4568,44391,2551100
402,237,186,950804,4619,44577,2576400
403,234,247,950570,4606,44824,2608600
404,250,230,950320,4626,45054,2568700
405,242,247,950078,4621,45301,2560100
406,245,229,949833,4637,45530,2551500
407,244,233,949589,4648,45763,2554300
408,236,208,949353,4676,45971,2553100
409,229,223,949124,4682,46194,2611500
410,226,223,948898,4685,46417,2626000
411,266,201,948632,4750,46618,2645800
412,263,231,948369,4782,46849,2661400
413,270,261,948099,4791,47110,2664600
414,245,225,947854,4811,47335,2539200
415,254,226,947600,4839,47561,3260000
416,279,269,947321,4849,47830,6951600
417,256,243,947065,4862,48073,6917700
418,237,271,946828,4828,48344,5573700
419,226,247,946602,4807,48591,3010400
420,238,264,946364,4781,48855,2904400
421,242,263,946122,4760,49118,2875400
422,245,241,945877,4764,49359,2922300
423,235,241,945642,4758,49600,2852800
424,227,251,945415,4734,49851,2838400
425,243,229,945172,4748,50080,2857200
426,225,243,944947,4730,50323,2582700
427,241,239,944706,4732,50562,2582200
428,243,227,944463,4748,50789,2580500
429,244,240,944219,4752,51029,2537200
430,250,243,943969,4759,51272,2542000
431,224,251,943745,4732,51523,2568600
432,248,231,943497,4749,51754,2541500
433,241,232,943256,4758,51986,2564200
434,247,241,943009,4764,52227,2600500
435,249,223,942760,4790,52450,2546700
436,256,256,942504,4790,52706,2563800
437,240,239,942264,4791,52945,2567100
438,248,243,942016,4796,53188,2538900
439,258,238,941758,4816,53426,2723300
440,225,246,941533,4795,53672,2837000
441,256,228,941277,4823,53900,2619600
442,254,219,941023,4858,54119,2631800
443,271,269,940752,4860,54388,2668900
444,251,247,940501,4864,54635,2730700
445,256,239,940245,4881,54874,2841200
446,257,263,939988,4875,55137,2691300
447,250,246,939738,4879,55383,2609300
448,224,234,939514,4869,55617,2559200
449,249,234,939265,4884,55851,2544200
450,259,232,939006,4911,56083,2562100
451,244,231,938762,4924,56314,2558400
452,266,245,938496,4945,56559,2567900
453,254,261,938242,4938,56820,3097100
454,289,231,937953,4996,57051,2778600
455,274,269,937679,5001,57320,2744900
456,244,237,937435,5008,57557,2652000
457,250,240,937185,5018,57797,2621100
458,270,237,936915,5051,58034,2618500
459,262,220,936653,5093,58254,2586400
460,264,249,936389,5108,58503,2608100
461,270,244,936119,5134,58747,2567500
462,291,248,935828,5177,58995,2650800
463,274,248,935554,5203,59243,2626500
464,253,283,935301,5173,59526,2615300
465,253,248,935048,5178,59774,2576200
466,269,270,934779,5177,60044,2631700
467,256,255,934523,5178,60299,2645700
468,278,267,934245,5189,60566,2937200
469,255,254,933990,5190,60820,2814400
470,264,257,933726,5197,61077,2779300
471,266,266,933460,5197,61343,2700600
472,262,245,933198,5214,61588,2753700
473,304,268,932894,5250,61856,2844200
474,266,258,932628,5258,62114,2702100
475,281,278,932347,5261,62392,2613400
476,300,252,932047,5309,62644,2637900
477,299,294,931748,5314,62938,3068100
478,277,281,931471,5310,63219,2797100
479,255,264,931216,5301,63483,3025600
480,241,259,930975,5283,63742,2634000
481,262,279,930713,5266,64021,2545400
482,284,268,930429,5282,64289,2543300
483,253,272,930176,5263,64561,2543700
484,289,248,929887,5304,64809,2555700
485,286,272,929601,5318,65081,2620300
486,313,289,929288,5342,65370,2554700
487,274,243,929014,5373,65613,2569700
488,275,288,928739,5360,65901,2582700
489,304,265,928435,5399,66166,3044100
490,283,257,928152,5425,66423,2743300
491,268,296,927884,5397,66719,2666400
492,306,270,927578,5433,66989,2647200
493,291,254,927287,5470,67243,2642600
494,278,292,927009,5456,67535,2613200
495,292,237,926717,5511,67772,2585400
496,274,264,926443,5521,68036,2601600
497,273,302,926170,5492,68338,2763300
498,321,270,925849,5543,68608,2723000
499,300,280,925549,5563,68888,2864400
500,310,271,925239,5602,69159,3194400
501,312,283,924927,5631,69442,2679600
502,309,277,924618,5663,69719,3235000
503,313,262,924305,5714,69981,2723700
504,303,290,924002,5727,70271,2739000
505,304,285,923698,5746,70556,2689800
506,304,301,923394,5749,70857,2849200
507,298,303,923096,5744,71160,3021300
508,287,270,922809,5761,71430,2918300
509,317,287,922492,5791,71717,2758900
510,303,298,922189,5796,72015,2694100
511,289,296,921900,5789,72311,2708900
512,289,310,921611,5768,72621,2701100
513,293,254,921318,5807,72875,2734000
514,279,291,921039,5795,73166,2743800
515,298,286,920741,5807,73452,2713400
516,268,305,920473,5770,73757,2760800
517,305,293,920168,5782,74050,2790800
518,311,325,919857,5768,74375,2719500
519,289,293,919568,5764,74668,3365000
520,298,272,919270,5790,74940,2758500
521,308,273,918962,5825,75213,2717900
522,276,306,918686,5795,75519,2709100
523,280,290,918406,5785,75809,3188900
524,311,291,918095,5805,76100,2945100
525,304,315,917791,5794,76415,2853200
526,279,297,917512,5776,76712,2619300
527,286,312,917226,5750,77024,2645400
528,265,284,916961,5731,77308,2631100
529,312,306,916649,5737,77614,2662000
530,257,308,916392,5686,77922,2717500
531,270,271,916122,5685,78193,2700500
532,279,296,915843,5668,78489,2686100
533,275,311,915568,5632,78800,2648900
534,294,301,915274,5625,79101,2672700
535,291,287,914983,5629,79388,2964700
536,275,252,914708,5652,79640,2745200
537,268,309,914440,5611,79949,2676200
538,308,241,914132,5678,80190,2742100
539,311,286,913821,5703,80476,2705300
540,278,309,913543,5672,80785,2726600
541,318,281,913225,5709,81066,2823900
542,297,280,912928,5726,81346,2764400
543,270,284,912658,5712,81630,2666400
544,338,317,912320,5733,81947,2644900
545,267,265,912053,5735,82212,2654700
546,294,270,911759,5759,82482,2829900
547,302,320,911457,5741,82802,3243900
548,305,256,911152,5790,83058,3040700
549,300,276,910852,5814,83334,2837700
550,300,288,910552,5826,83622,2761900
551,307,284,910245,5849,83906,2749800
552,306,287,909939,5868,84193,2809400
553,299,295,909640,5872,84488,2738100
554,327,296,909313,5903,84784,2715400
555,305,286,909008,5922,85070,2693500
556,329,301,908679,5950,85371,2702200
557,305,325,908374,5930,85696,2693500
558,316,284,908058,5962,85980,2705800
559,316,273,907742,6005,86253,2646300
560,335,303,907407,6037,86556,2631800
561,325,293,907082,6069,86849,2623700
562,314,304,906768,6079,87153,2631000
563,341,332,906427,6088,87485,2640700
564,348,312,906079,6124,87797,2727500
565,343,283,905736,6184,88080,2633300
566,326,287,905410,6223,88367,2636200
567,359,309,905051,6273,88676,2632300
568,313,292,904738,6294,88968,2618900
569,325,323,904413,6296,89291,2627600
570,347,333,904066,6310,89624,2658900
571,375,331,903691,6354,89955,2630300
572,368,305,903323,6417,90260,2608700
573,347,342,902976,6422,90602,2724500
574,376,271,902600,6527,90873,2713500
575,358,324,902242,6561,91197,2742600
576,351,327,901891,6585,91524,2730400
577,349,329,901542,6605,91853,2712600
578,327,308,901215,6624,92161,2723100
579,353,333,900862,6644,92494,2712300
580,341,311,900521,6674,92805,2754600
581,311,319,900210,6666,93124,2725900
582,335,334,899875,6667,93458,2685600
583,334,350,899541,6651,93808,2642800
584,350,332,899191,6669,94140,2652700
585,330,331,898861,6668,94471,2620600
586,317,337,898544,6648,94808,2661000
587,317,343,898227,6622,95151,2684900
588,343,339,897884,6626,95490,2659700
589,358,323,897526,6661,95813,2724700
590,358,336,897168,6683,96149,2687100
591,349,316,896819,6716,96465,2663300
592,331,336,896488,6711,96801,2643300
593,329,324,896159,6716,97125,2733500
594,342,344,895817,6714,97469,2673600
595,357,330,895460,6741,97799,2655700
596,355,338,895105,6758,98137,2693400
597,317,340,894788,6735,98477,2759400
598,340,344,894448,6731,98821,2693100
599,326,371,894122,6686,99192,2675900
600,344,342,893778,6688,99534,2673300
601,330,346,893448,6672,99880,2880300
602,335,351,893113,6656,100231,2957500
603,352,315,892761,6693,100546,3058800
604,309,326,892452,6676,100872,2889000
605,344,308,892108,6712,101180,2717800
606,343,349,891765,6706,101529,2669300
607,334,343,891431,6697,101872,2671700
608,329,321,891102,6705,102193,2662100
609,349,356,890753,6698,102549,2662700
610,357,323,890396,6732,102872,2856000
611,367,373,890029,6726,103245,2678800
612,319,334,889710,6711,103579,2681000
613,358,331,889352,6738,103910,2762200
614,374,346,888978,6766,104256,2692000
615,330,330,888648,6766,104586,2700100
616,338,353,888310,6751,104939,2698800
617,370,322,887940,6799,105261,2671800
618,392,324,887548,6867,105585,2677700
619,337,361,887211,6843,105946,2668900
620,360,333,886851,6870,106279,2657300
621,353,323,886498,6900,106602,2701500
622,376,331,886122,6945,106933,2680200
623,372,357,885750,6960,107290,2662500
624,363,317,885387,7006,107607,2652500
625,385,370,885002,7021,107977,2654300
626,346,336,884656,7031,108313,2668000
627,343,375,884313,6999,108688,2672000
628,353,375,883960,6977,109063,2671700
629,330,307,883630,7000,109370,2657700
630,338,360,883292,6978,109730,2698300
631,366,382,882926,6962,110112,2658400
632,354,368,882572,6948,110480,2660300
633,323,338,882249,6933,110818,3163300
634,349,344,881900,6938,111162,2861400
635,373,351,881527,6960,111513,2838000
636,361,340,881166,6981,111853,2946100
637,355,347,880811,6989,112200,2933800
638,347,342,880464,6994,112542,3008900
639,341,348,880123,6987,112890,2862400
640,361,354,879762,6994,113244,2809700
641,376,368,879386,7002,113612,2743700
642,366,362,879020,7006,113974,2723800
643,345,337,878675,7014,114311,2700100
644,374,327,878301,7061,114638,3125900
645,377,357,877924,7081,114995,2665500
646,350,363,877574,7068,115358,2714900
647,338,361,877236,7045,115719,2643600
648,345,344,876891,7046,116063,2635300
649,345,338,876546,7053,116401,2676700
650,347,333,876199,7067,116734,2663800
651,364,329,875835,7102,117063,2774800
652,349,356,875486,7095,117419,3032900
653,389,358,875097,7126,117777,2945300
654,350,355,874747,7121,118132,2780200
655,377,369,874370,7129,118501,3052800
656,382,374,873988,7137,118875,2749400
657,374,351,873614,7160,119226,2683400
658,346,364,873268,7142,119590,2674100
659,403,347,872865,7198,119937,2695500
660,381,367,872484,7212,120304,2676800
661,357,386,872127,7183,120690,2771400
662,378,348,871749,7213,121038,2698200
663,377,371,871372,7219,121409,2674400
664,354,394,871018,7179,121803,2661900
665,340,337,870678,7182,122140,2653400
666,372,375,870306,7179,122515,2759600
667,352,347,869954,7184,122862,3510600
668,382,332,869572,7234,123194,3600400
669,357,360,869215,7231,123554,2890400
670,353,382,868862,7202,123936,2697600
671,348,344,868514,7206,124280,2699000
672,384,360,868130,7230,124640,2720300
673,335,387,867795,7178,125027,2677700
674,377,377,867418,7178,125404,2665800
675,384,372,867034,7190,125776,2662100
676,378,334,866656,7234,126110,2669800
677,387,374,866269,7247,126484,2683400
678,390,350,865879,7287,126834,2828200
679,395,355,865484,7327,127189,2713500
680,358,357,865126,7328,127546,2766600
681,386,368,864740,7346,127914,2700800
682,365,331,864375,7380,128245,2681000
683,387,376,863988,7391,128621,2765000
684,387,377,863601,7401,128998,2713300
685,356,360,863245,7397,129358,2723700
686,401,380,862844,7418,129738,2707300
687,369,359,862475,7428,130097,2704200
688,412,364,862063,7476,130461,2672300
689,398,357,861665,7517,130818,3006500
690,422,401,861243,7538,131219,2722300
691,386,386,860857,7538,131605,2714800
692,419,368,860438,7589,131973,2702400
693,388,374,860050,7603,132347,2698900
694,386,403,859664,7586,132750,2690100
695,388,390,859276,7584,133140,2837100
696,407,358,858869,7633,133498,2734600
697,371,428,858498,7576,133926,2703600
698,398,405,858100,7569,134331,2729700
699,389,358,857711,7600,134689,2692300
700,373,373,857338,7600,135062,2785400
701,388,394,856950,7594,135456,3344600
702,380,382,856570,7592,135838,3338200
703,376,389,856194,7579,136227,3348300
704,364,400,855830,7543,136627,3470500
705,418,378,855412,7583,137005,3770900
706,408,396,855004,7595,137401,2890900
707,385,373,854619,7607,137774,2817700
708,386,359,854233,7634,138133,2788800
709,396,384,853837,7646,138517,2752900
710,368,380,853469,7634,138897,2741800
711,377,392,853092,7619,139289,2732900
712,395,394,852697,7620,139683,2720100
713,389,397,852308,7612,140080,2691800
714,401,376,851907,7637,140456,2686900
715,421,352,851486,7706,140808,2691000
716,405,376,851081,7735,141184,2699300
717,390,367,850691,7758,141551,2720100
718,374,399,850317,7733,141950,2688000
719,404,351,849913,7786,142301,2690400
720,393,391,849520,7788,142692,2700000
721,441,373,849079,7856,143065,2681000
722,418,379,848661,7895,143444,2719600
723,391,429,848270,7857,143873,2702500
724,405,371,847865,7891,144244,2678500
725,419,394,847446,7916,144638,2675900
726,404,427,847042,7893,145065,2733800
727,397,410,846645,7880,145475,2681500
728,429,416,846216,7893,145891,3100900
729,437,362,845779,7968,146253,3357100
730,416,393,845363,7991,146646,2774900
731,389,422,844974,7958,147068,2735300
732,413,398,844561,7973,147466,2771700
733,424,393,844137,8004,147859,3072800
734,411,392,843726,8023,148251,2737400
735,438,403,843288,8058,148654,2709800
736,412,394,842876,8076,149048,2729700
737,406,396,842470,8086,149444,2708800
738,432,394,842038,8124,149838,2717100
739,439,393,841599,8170,150231,2780700
740,406,381,841193,8195,150612,2728900
741,383,400,840810,8178,151012,2703300
742,403,386,840407,8195,151398,2710400
743,405,440,840002,8160,151838,2713400
744,373,390,839629,8143,152228,2759300
745,428,399,839201,8172,152627,2781000
746,381,442,838820,8111,153069,2726700
747,436,399,838384,8148,153468,2710400
748,399,426,837985,8121,153894,2728800
749,429,407,837556,8143,154301,2709700
750,427,411,837129,8159,154712,3006500
751,417,398,836712,8178,155110,2767200
752,434,385,836278,8227,155495,2709200
753,376,388,835902,8215,155883,2711100
754,414,421,835488,8208,156304,2766800
755,426,405,835062,8229,156709,2811900
756,396,398,834666,8227,157107,3205900
757,429,402,834237,8254,157509,2974300
758,387,404,833850,8237,157913,2898300
759,451,402,833399,8286,158315,2770000
760,433,393,832966,8326,158708,2824200
761,422,405,832544,8343,159113,3203500
762,437,400,832107,8380,159513,2799100
763,431,397,831676,8414,159910,2731700
764,427,427,831249,8414,160337,2725200
765,454,409,830795,8459,160746,2734700
766,432,431,830363,8460,161177,2720300
767,424,452,829939,8432,161629,3091200
768,437,437,829502,8432,162066,2751300
769,403,413,829099,8422,162479,2775500
770,421,394,828678,8449,162873,2735700
771,447,406,828231,8490,163279,2712000
772,461,410,827770,8541,163689,2758600
773,420,405,827350,8556,164094,2741700
774,417,398,826933,8575,164492,2732800
775,467,437,826466,8605,164929,2723400
776,427,446,826039,8586,165375,2721700
777,460,475,825579,8571,165850,2717100
778,448,435,825131,8584,166285,2808500
779,424,455,824707,8553,166740,2937400
780,433,396,824274,8590,167136,2879000
781,400,453,823874,8537,167589,2863800
782,406,456,823468,8487,168045,2849300
783,429,444,823039,8472,168489,2872300
784,416,418,822623,8470,168907,2847700
785,429,404,822194,8495,169311,2823300
786,429,408,821765,8516,169719,2791300
787,382,395,821383,8503,170114,2742000
788,418,416,820965,8505,170530,2745100
789,405,398,820560,8512,170928,3075200
790,444,427,820116,8529,171355,2946300
791,422,418,819694,8533,171773,2731400
792,423,446,819271,8510,172219,2738100
793,407,448,818864,8469,172667,2840900
794,423,409,818441,8483,173076,2751100
795,424,380,818017,8527,173456,3093200
796,426,429,817591,8524,173885,2726800
797,402,427,817189,8499,174312,2723800
798,411,412,816778,8498,174724,2740600
799,422,413,816356,8507,175137,2856200
800,432,425,815924,8514,175562,3155200
801,427,403,815497,8538,175965,2863800
802,445,407,815052,8576,176372,2797300
803,396,453,814656,8519,176825,2796900
804,442,424,814214,8537,177249,2792000
805,479,446,813735,8570,177695,2838700
806,441,442,813294,8569,178137,3042800
807,477,412,812817,8634,178549,2773700
808,464,464,812353,8634,179013,2749300
809,440,500,811913,8574,179513,2732000
810,412,391,811501,8595,179904,2728500
811,474,423,811027,8646,180327,2767000
812,435,478,810592,8603,180805,2727300
813,414,424,810178,8593,181229,2710200
814,441,400,809737,8634,181629,2758400
815,441,402,809296,8673,182031,2960800
816,449,434,808847,8688,182465,3052700
817,436,439,808411,8685,182904,3547500
818,432,412,807979,8705,183316,2864600
819,448,397,807531,8756,183713,2834800
820,416,400,807115,8772,184113,2787700
821,447,427,806668,8792,184540,2858200
822,443,419,806225,8816,184959,3218200
823,459,438,805766,8837,185397,2942600
824,437,464,805329,8810,185861,2836800
825,441,453,804888,8798,186314,2778400
826,438,426,804450,8810,186740,2834200
827,458,435,803992,8833,187175,2988700
828,440,474,803552,8799,187649,3009900
829,463,419,803089,8843,188068,2896500
830,448,447,802641,8844,188515,2848700
831,430,449,802211,8825,188964,2853500
832,448,445,801763,8828,189409,3218700
833,406,452,801357,8782,189861,2836800
834,409,401,800948,8790,190262,2841000
835,435,469,800513,8756,190731,2992700
836,409,421,800104,8744,191152,3043500
837,430,398,799674,8776,191550,2865100
838,452,469,799222,8759,192019,2840400
839,460,429,798762,8790,192448,2766100
840,453,439,798309,8804,192887,2767900
841,425,463,797884,8766,193350,2751000
842,425,423,797459,8768,193773,2887500
843,432,415,797027,8785,194188,3043000
844,452,432,796575,8805,194620,2773200
845,466,429,796109,8842,195049,2755600
846,424,429,795685,8837,195478,2745300
847,437,415,795248,8859,195893,2738300
848,439,434,794809,8864,196327,3064500
849,461,443,794348,8882,196770,2860100
850,432,412,793916,8902,197182,2776800
851,415,427,793501,8890,197609,2775600
852,440,429,793061,8901,198038,2795700
853,468,478,792593,8891,198516,2779800
854,446,437,792147,8900,198953,2874000
855,443,480,791704,8863,199433,2777900
856,398,438,791306,8823,199871,2783100
857,435,411,790871,8847,200282,2772600
858,415,443,790456,8819,200725,2762200
859,426,459,790030,8786,201184,2760900
860,468,423,789562,8831,201607,2761600
861,438,418,789124,8851,202025,2746800
862,410,443,788714,8818,202468,2737900
863,434,430,788280,8822,202898,2891400
864,400,423,787880,8799,203321,2913200
865,416,428,787464,8787,203749,2863800
866,441,416,787023,8812,204165,2787900
867,440,426,786583,8826,204591,2796500
868,425,465,786158,8786,205056,2794400
869,414,441,785744,8759,205497,2799900
870,438,414,785306,8783,205911,3104700
871,463,459,784843,8787,206370,2893900
872,450,473,784393,8764,206843,2815300
873,435,418,783958,8781,207261,2874000
874,451,422,783507,8810,207683,2822200
875,440,416,783067,8834,208099,2958200
876,433,469,782634,8798,208568,3483800
877,423,457,782211,8764,209025,3310500
878,453,457,781758,8760,209482,3327400
879,418,439,781340,8739,209921,3344600
880,463,469,780877,8733,210390,3072400
881,462,420,780415,8775,210810,2770900
882,414,439,780001,8750,211249,2733100
883,419,397,779582,8772,211646,2757300
884,393,456,779189,8709,212102,2730200
885,424,435,778765,8698,212537,2732900
886,425,472,778340,8651,213009,2838300
887,428,434,777912,8645,213443,2842800
888,423,419,777489,8649,213862,2839800
889,446,413,777043,8682,214275,2803700
890,480,412,776563,8750,214687,2787200
891,424,437,776139,8737,215124,2855900
892,401,436,775738,8702,215560,2816200
893,459,461,775279,8700,216021,2905000
894,458,420,774821,8738,216441,3311400
895,428,438,774393,8728,216879,3418500
896,445,473,773948,8700,217352,2886100
897,422,422,773526,8700,217774,2839600
898,452,441,773074,8711,218215,2765900
899,444,427,772630,8728,218642,2762700
900,432,421,772198,8739,219063,2752700
901,430,437,771768,8732,219500,2754300
902,421,462,771347,8691,219962,3403400
903,451,453,770896,8689,220415,2775300
904,407,398,770489,8698,220813,2776500
905,436,411,770053,8723,221224,2763100
906,476,443,769577,8756,221667,2744800
907,424,446,769153,8734,222113,3173800
908,436,438,768717,8732,222551,2900200
909,453,438,768264,8747,222989,2759300
910,470,458,767794,8759,223447,2750000
911,457,429,767337,8787,223876,2762200
912,415,489,766922,8713,224365,2859600
913,440,446,766482,8707,224811,3346400
914,470,412,766012,8765,225223,2792300
915,427,421,765585,8771,225644,2779700
916,474,439,765111,8806,226083,2740000
917,453,425,764658,8834,226508,2786200
918,414,464,764244,8784,226972,2994400
919,462,422,763782,8824,227394,2978500
920,455,471,763327,8808,227865,2967300
921,418,443,762909,8783,228308,2917900
922,449,456,762460,8776,228764,2904100
923,460,425,762000,8811,229189,2900200
924,429,452,761571,8788,229641,2935000
925,451,448,761120,8791,230089,2885600
926,428,469,760692,8750,230558,2847000
927,459,420,760233,8789,230978,2851900
928,456,421,759777,8824,231399,2837500
929,384,438,759393,8770,231837,2863000
930,434,435,758959,8769,232272,2873500
931,456,453,758503,8772,232725,2831700
932,444,421,758059,8795,233146,2815400
933,452,387,757607,8860,233533,2818100
934,425,408,757182,8877,233941,2841300
935,437,436,756745,8878,234377,2870400
936,413,411,756332,8880,234788,2819900
937,439,447,755893,8872,235235,2826300
938,432,441,755461,8863,235676,2818800
939,452,421,755009,8894,236097,2818400
940,411,471,754598,8834,236568,2925500
941,434,445,754164,8823,237013,2867400
942,435,448,753729,8810,237461,2864000
943,424,455,753305,8779,237916,2845500
944,436,474,752869,8741,238390,2820300
945,454,434,752415,8761,238824,2821500
946,418,435,751997,8744,239259,3309100
947,429,442,751568,8731,239701,3390100
948,439,425,751129,8745,240126,3042700
949,421,472,750708,8694,240598,2963500
950,446,443,750262,8697,241041,2937900
951,451,431,749811,8717,241472,2915800
952,461,459,749350,8719,241931,2865000
953,427,408,748923,8738,242339,2858700
954,431,469,748492,8700,242808,2837100
955,439,446,748053,8693,243254,2831400
956,446,447,747607,8692,243701,2969500
957,499,418,747108,8773,244119,3099200
958,496,417,746612,8852,244536,3220400
959,455,434,746157,8873,244970,2818200
960,506,455,745651,8924,245425,2825600
961,460,455,745191,8929,245880,2979200
962,462,485,744729,8906,246365,2895300
963,463,423,744266,8946,246788,2871500
964,461,429,743805,8978,247217,2934300
965,443,438,743362,8983,247655,2853400
966,444,477,742918,8950,248132,2885300
967,446,424,742472,8972,248556,2848000
968,455,429,742017,8998,248985,2832400
969,416,480,741601,8934,249465,2816100
970,439,445,741162,8928,249910,2835600
971,468,465,740694,8931,250375,2856700
972,457,455,740237,8933,250830,3026300
973,456,450,739781,8939,251280,3018700
974,438,486,739343,8891,251766,3088400
975,422,428,738921,8885,252194,3032700
976,444,421,738477,8908,252615,3086300
977,431,463,738046,8876,253078,7351200
978,451,385,737595,8942,253463,7162900
979,410,445,737185,8907,253908,7689200
980,444,437,736741,8914,254345,3215000
981,435,414,736306,8935,254759,3233500
982,434,413,735872,8956,255172,3859800
983,495,479,735377,8972,255651,4687200
984,436,433,734941,8975,256084,3542000
985,437,429,734504,8983,256513,3447100
986,448,451,734056,8980,256964,3036600
987,488,445,733568,9023,257409,3267500
988,446,456,733122,9013,257865,2906500
989,460,462,732662,9011,258327,2941900
990,456,458,732206,9009,258785,3258000
991,446,430,731760,9025,259215,3299100
992,466,474,731294,9017,259689,3327600
993,419,412,730875,9024,260101,3187100
994,428,431,730447,9021,260532,2826300
995,418,429,730029,9010,260961,2947700
996,432,439,729597,9003,261400,3039900
997,430,442,729167,8991,261842,2979000
998,481,427,728686,9045,262269,2795700
999,441,446,728245,9040,262715,2782300
1000,463,436,727782,9067,263151,2786400
1001,474,414,727308,9127,263565,2805300
1002,433,475,726875,9085,264040,2852300
1003,452,482,726423,9055,264522,2883200
1004,430,478,725993,9007,265000,2825800
1005,449,424,725544,9032,265424,2803100
1006,458,476,725086,9014,265900,2798100
1007,450,429,724636,9035,266329,2813800
1008,418,461,724218,8992,266790,2815100
1009,447,459,723771,8980,267249,2789900
1010,449,446,723322,8983,267695,2783000
1011,486,472,722836,8997,268167,2782900
1012,452,448,722384,9001,268615,2797400
1013,443,441,721941,9003,269056,2811800
1014,483,452,721458,9034,269508,2826000
1015,492,469,720966,9057,269977,2819500
1016,483,405,720483,9135,270382,2792000
1017,470,440,720013,9165,270822,2793600
1018,488,458,719525,9195,271280,2981400
1019,447,476,719078,9166,271756,3310600
1020,438,480,718640,9124,272236,2877700
1021,453,403,718187,9174,272639,2828500
1022,432,450,717755,9156,273089,2807700
1023,453,439,717302,9170,273528,2801600
1024,438,503,716864,9105,274031,3106900
1025,465,473,716399,9097,274504,2817900
1026,443,480,715956,9060,274984,2865700
1027,470,447,715486,9083,275431,2805100
1028,436,466,715050,9053,275897,2840500
1029,473,448,714577,9078,276345,2831200
1030,447,460,714130,9065,276805,2796500
1031,470,423,713660,9112,277228,2780000
1032,430,442,713230,9100,277670,2787000
1033,429,467,712801,9062,278137,2777500
1034,462,461,712339,9063,278598,2770700
1035,423,410,711916,9076,279008,2824100
1036,476,422,711440,9130,279430,2772900
1037,451,472,710989,9109,279902,2782100
1038,470,471,710519,9108,280373,2760800
1039,445,476,710074,9077,280849,2787000
1040,458,451,709616,9084,281300,2801100
1041,469,443,709147,9110,281743,2762600
1042,446,423,708701,9133,282166,2786900
1043,397,392,708304,9138,282558,2785000
1044,443,451,707861,9130,283009,2750500
1045,430,464,707431,9096,283473,2758500
1046,417,479,707014,9034,283952,3078800
1047,492,433,706522,9093,284385,2886400
1048,428,473,706094,9048,284858,2919500
1049,465,429,705629,9084,285287,2888100
1050,430,470,705199,9044,285757,3111500
1051,464,453,704735,9055,286210,3291500
1052,462,430,704273,9087,286640,2984800
1053,422,439,703851,9070,287079,2963800
1054,422,438,703429,9054,287517,2830900
1055,439,475,702990,9018,287992,2806700
1056,470,488,702520,9000,288480,2884900
1057,441,487,702079,8954,288967,3039700
1058,432,500,701647,8886,289467,2793600
1059,433,453,701214,8866,289920,2764000
1060,429,459,700785,8836,290379,2771900
1061,458,477,700327,8817,290856,2753500
1062,440,426,699887,8831,291282,3081900
1063,412,384,699475,8859,291666,2842500
1064,453,469,699022,8843,292135,2772100
1065,463,428,698559,8878,292563,2766300
1066,425,443,698134,8860,293006,2745400
1067,441,425,697693,8876,293431,2762800
1068,445,427,697248,8894,293858,2809000
1069,446,449,696802,8891,294307,2754300
1070,443,432,696359,8902,294739,2759700
1071,461,442,695898,8921,295181,2767100
1072,456,428,695442,8949,295609,2799900
1073,443,470,694999,8922,296079,3111500
1074,436,447,694563,8911,296526,2964000
1075,448,425,694115,8934,296951,2870900
1076,427,445,693688,8916,297396,2840900
1077,460,447,693228,8929,297843,2793700
1078,450,442,692778,8937,298285,2800600
1079,440,460,692338,8917,298745,2776800
1080,451,432,691887,8936,299177,2761500
1081,398,493,691489,8841,299670,2757700
1082,428,441,691061,8828,300111,2749200
1083,417,425,690644,8820,300536,2760800
1084,426,421,690218,8825,300957,2839800
1085,440,433,689778,8832,301390,2773900
1086,455,452,689323,8835,301842,2756500
1087,440,443,688883,8832,302285,2765300
1088,404,427,688479,8809,302712,2757200
1089,453,460,688026,8802,303172,2863700
1090,450,412,687576,8840,303584,3024200
1091,429,457,687147,8812,304041,2791600
1092,452,468,686695,8796,304509,2769700
1093,390,412,686305,8774,304921,2752900
1094,403,443,685902,8734,305364,2762100
1095,397,412,685505,8719,305776,2851400
1096,426,439,685079,8706,306215,2826100
1097,421,437,684658,8690,306652,2857200
1098,462,454,684196,8698,307106,2809600
1099,401,437,683795,8662,307543,2803600
1100,427,424,683368,8665,307967,2826500
1101,404,480,682964,8589,308447,2807700
1102,441,426,682523,8604,308873,2806900
1103,416,399,682107,8621,309272,2759300
1104,422,439,681685,8604,309711,2755100
1105,415,456,681270,8563,310167,2784100
1106,454,431,680816,8586,310598,2970900
1107,430,447,680386,8569,311045,2780500
1108,413,416,679973,8566,311461,2761300
1109,450,438,679523,8578,311899,2827600
1110,427,419,679096,8586,312318,3103700
1111,412,398,678684,8600,312716,3066300
1112,424,415,678260,8609,313131,2846200
1113,430,434,677830,8605,313565,2809400
1114,434,428,677396,8611,313993,2776000
1115,469,388,676927,8692,314381,2760800
1116,449,465,676478,8676,314846,2777600
1117,419,443,676059,8652,315289,2792300
1118,430,429,675629,8653,315718,2747600
1119,450,457,675179,8646,316175,2789200
1120,418,401,674761,8663,316576,2847300
1121,448,416,674313,8695,316992,2867200
1122,417,414,673896,8698,317406,3065700
1123,481,405,673415,8774,317811,2887000
1124,447,411,672968,8810,318222,2844800
1125,435,444,672533,8801,318666,2790500
1126,445,435,672088,8811,319101,2792800
1127,427,460,671661,8778,319561,2772400
1128,438,435,671223,8781,319996,2954100
1129,446,479,670777,8748,320475,2858100
1130,455,434,670322,8769,320909,2864600
1131,441,429,669881,8781,321338,2877700
1132,443,443,669438,8781,321781,2913000
1133,403,456,669035,8728,322237,2875300
1134,445,416,668590,8757,322653,2912900
1135,422,486,668168,8693,323139,2872000
1136,435,429,667733,8699,323568,2820500
1137,452,466,667281,8685,324034,2784100
1138,412,433,666869,8664,324467,2780500
1139,408,470,666461,8602,324937,2834800
1140,398,438,666063,8562,325375,2757200
1141,409,418,665654,8553,325793,2786600
1142,397,427,665257,8523,326220,2897600
1143,405,415,664852,8513,326635,2826800
1144,386,413,664466,8486,327048,2854800
1145,400,447,664066,8439,327495,2817700
1146,424,410,663642,8453,327905,2781100
1147,413,412,663229,8454,328317,2774400
1148,419,449,662810,8424,328766,2761100
1149,405,423,662405,8406,329189,2745400
1150,398,414,662007,8390,329603,2809300
1151,436,415,661571,8411,330018,2750100
1152,417,407,661154,8421,330425,2755300
1153,418,413,660736,8426,330838,2746400
1154,401,454,660335,8373,331292,2757700
1155,402,455,659933,8320,331747,2775700
1156,382,413,659551,8289,332160,3240500
1157,383,411,659168,8261,332571,3049000
1158,405,380,658763,8286,332951,2991900
1159,399,417,658364,8268,333368,2921900
1160,398,408,657966,8258,333776,2864600
1161,381,453,657585,8186,334229,3444600
1162,397,429,657188,8154,334658,2869800
1163,377,414,656811,8117,335072,2935500
1164,385,416,656426,8086,335488,2815800
1165,417,423,656009,8080,335911,2877700
1166,412,431,655597,8061,336342,2994800
1167,411,421,655186,8051,336763,3072500
1168,436,400,654750,8087,337163,3089200
1169,423,425,654327,8085,337588,2918300
1170,401,418,653926,8068,338006,2924200
1171,382,385,653544,8065,338391,3181600
1172,387,435,653157,8017,338826,2940400
1173,398,377,652759,8038,339203,2755400
1174,375,420,652384,7993,339623,2735000
1175,397,387,651987,8003,340010,2884900
1176,385,439,651602,7949,340449,3033400
1177,407,382,651195,7974,340831,3246500
1178,414,393,650781,7995,341224,2850800
1179,391,399,650390,7987,341623,2770900
1180,388,421,650002,7954,342044,2748700
1181,385,384,649617,7955,342428,2744400
1182,417,382,649200,7990,342810,2977500
1183,433,361,648767,8062,343171,2765700
1184,433,377,648334,8118,343548,2750200
1185,438,411,647896,8145,343959,2742400
1186,411,378,647485,8178,344337,2811700
1187,427,406,647058,8199,344743,2806600
1188,392,454,646666,8137,345197,2896500
1189,394,437,646272,8094,345634,2879300
1190,403,404,645869,8093,346038,2829800
1191,397,422,645472,8068,346460,2781000
1192,414,408,645058,8074,346868,2776600
1193,405,451,644653,8028,347319,2806200
1194,398,382,644255,8044,347701,2736500
1195,430,428,643825,8046,348129,2742800
1196,433,355,643392,8124,348484,2729200
1197,422,419,642970,8127,348903,2763800
1198,429,395,642541,8161,349298,2798300
1199,425,387,642116,8199,349685,2819800
1200,410,394,641706,8215,350079,2777500
1201,431,415,641275,8231,350494,2751500
1202,492,389,640783,8334,350883,2733000
1203,400,383,640383,8351,351266,2756400
1204,435,404,639948,8382,351670,3127400
1205,449,410,639499,8421,352080,2834100
1206,450,417,639049,8454,352497,2814500
1207,431,442,638618,8443,352939,2802900
1208,417,400,638201,8460,353339,2773500
1209,416,413,637785,8463,353752,2863300
1210,425,424,637360,8464,354176,3384100
1211,422,432,636938,8454,354608,3069100
1212,416,430,636522,8440,355038,2855300
1213,443,432,636079,8451,355470,2873500
1214,414,400,635665,8465,355870,2838900
1215,425,418,635240,8472,356288,3223500
1216,457,422,634783,8507,356710,3076700
1217,438,406,634345,8539,357116,2982400
1218,458,391,633887,8606,357507,2938500
1219,431,408,633456,8629,357915,2892900
1220,404,445,633052,8588,358360,3260400
1221,456,422,632596,8622,358782,2817500
1222,421,420,632175,8623,359202,2778100
1223,395,423,631780,8595,359625,2765100
1224,400,411,631380,8584,360036,2788400
1225,428,407,630952,8605,360443,2861500
1226,390,441,630562,8554,360884,3019200
1227,432,419,630130,8567,361303,2793500
1228,439,430,629691,8576,361733,2772000
1229,435,424,629256,8587,362157,2753300
1230,460,447,628796,8600,362604,2753300
1231,451,413,628345,8638,363017,2823600
1232,444,434,627901,8648,363451,2765900
1233,397,446,627504,8599,363897,2755400
1234,415,416,627089,8598,364313,2796900
1235,415,412,626674,8601,364725,2827200
1236,434,448,626240,8587,365173,2884400
1237,439,418,625801,8608,365591,2849400
1238,437,453,625364,8592,366044,2819600
1239,428,395,624936,8625,366439,2805900
1240,424,423,624512,8626,366862,2776700
1241,418,413,624094,8631,367275,2760000
1242,413,450,623681,8594,367725,2793800
1243,409,427,623272,8576,368152,2812000
1244,424,428,622848,8572,368580,2757500
1245,439,476,622409,8535,369056,2768100
1246,441,404,621968,8572,369460,2742500
1247,434,432,621534,8574,369892,2761400
1248,454,425,621080,8603,370317,2835200
1249,459,443,620621,8619,370760,2779100
1250,424,441,620197,8602,371201,2872600
1251,399,463,619798,8538,371664,2780800
1252,397,444,619401,8491,372108,2831200
1253,419,456,618982,8454,372564,2812000
1254,417,434,618565,8437,372998,3139600
1255,404,421,618161,8420,373419,2790000
1256,389,436,617772,8373,373855,2768800
1257,407,410,617365,8370,374265,2776600
1258,418,391,616947,8397,374656,2769300
1259,422,408,616525,8411,375064,2796800
1260,406,399,616119,8418,375463,2945900
1261,369,442,615750,8345,375905,2851400
1262,395,405,615355,8335,376310,2837400
1263,427,403,614928,8359,376713,3173500
1264,408,422,614520,8345,377135,2906700
1265,384,418,614136,8311,377553,2979200
1266,379,446,613757,8244,377999,2783700
1267,377,414,613380,8207,378413,2777400
1268,437,381,612943,8263,378794,2743600
1269,367,400,612576,8230,379194,2745300
1270,403,433,612173,8200,379627,2814700
1271,409,435,611764,8174,380062,2742200
1272,407,407,611357,8174,380469,2743000
1273,385,391,610972,8168,380860,2765600
1274,388,425,610584,8131,381285,2765900
1275,435,422,610149,8144,381707,2745200
1276,424,363,609725,8205,382070,2787700
1277,398,417,609327,8186,382487,2765200
1278,418,419,608909,8185,382906,2791400
1279,412,399,608497,8198,383305,2769700
1280,417,401,608080,8214,383706,2783400
1281,417,450,607663,8181,384156,3114600
1282,407,389,607256,8199,384545,2798100
1283,443,393,606813,8249,384938,2872900
1284,458,442,606355,8265,385380,2812100
1285,438,414,605917,8289,385794,2789800
1286,424,407,605493,8306,386201,2910600
1287,426,356,605067,8376,386557,3017100
1288,426,445,604641,8357,387002,2797400
1289,408,467,604233,8298,387469,2777800
1290,442,425,603791,8315,387894,2748200
1291,434,463,603357,8286,388357,2788100
1292,394,402,602963,8278,388759,3459100
1293,443,443,602520,8278,389202,2816200
1294,429,456,602091,8251,389658,2742300
1295,411,432,601680,8230,390090,2756300
1296,399,409,601281,8220,390499,2726800
1297,426,411,600855,8235,390910,2920000
1298,441,430,600414,8246,391340,2932200
1299,386,415,600028,8217,391755,3207400
1300,395,419,599633,8193,392174,3020700
1301,425,398,599208,8220,392572,2955300
1302,408,387,598800,8241,392959,3288300
1303,457,445,598343,8253,393404,3357900
1304,430,393,597913,8290,393797,3145400
1305,433,415,597480,8308,394212,2970000
1306,435,423,597045,8320,394635,3088000
1307,423,378,596622,8365,395013,3401700
1308,451,420,596171,8396,395433,3034700
1309,426,434,595745,8388,395867,2783800
1310,422,459,595323,8351,396326,3222200
1311,430,402,594893,8379,396728,2767500
1312,407,421,594486,8365,397149,2765400
1313,399,394,594087,8370,397543,2759500
1314,440,424,593647,8386,397967,2749000
1315,416,392,593231,8410,398359,2809500
1316,438,445,592793,8403,398804,2835600
1317,428,430,592365,8401,399234,2930700
1318,413,425,591952,8389,399659,3234800
1319,398,460,591554,8327,400119,3030700
1320,407,423,591147,8311,400542,2947800
1321,410,418,590737,8303,400960,2933600
1322,419,435,590318,8287,401395,2901300
1323,441,427,589877,8301,401822,2887000
1324,452,418,589425,8335,402240,2917600
1325,419,437,589006,8317,402677,2870100
1326,436,438,588570,8315,403115,2929700
1327,384,410,588186,8289,403525,2892400
1328,391,435,587795,8245,403960,2945400
1329,402,402,587393,8245,404362,3155800
1330,368,380,587025,8233,404742,3133200
1331,374,404,586651,8203,405146,3139100
1332,430,428,586221,8205,405574,3105900
1333,381,400,585840,8186,405974,2992900
1334,394,434,585446,8146,406408,3515800
1335,411,386,585035,8171,406794,3300100
1336,369,402,584666,8138,407196,3526100
1337,405,425,584261,8118,407621,3253100
1338,456,412,583805,8162,408033,3742500
1339,444,462,583361,8144,408495,3282400
1340,439,400,582922,8183,408895,2912300
1341,428,406,582494,8205,409301,2872300
1342,414,384,582080,8235,409685,2883400
1343,434,424,581646,8245,410109,2975700
1344,419,449,581227,8215,410558,3138800
1345,399,387,580828,8227,410945,3317500
1346,428,387,580400,8268,411332,3381800
1347,431,414,579969,8285,411746,3508200
1348,399,427,579570,8257,412173,3117000
1349,417,345,579153,8329,412518,2990900
1350,370,401,578783,8298,412919,2933600
1351,436,405,578347,8329,413324,2925100
1352,408,420,577939,8317,413744,2887500
1353,398,402,577541,8313,414146,3273300
1354,398,422,577143,8289,414568,3317000
1355,420,444,576723,8265,415012,2905400
1356,439,394,576284,8310,415406,2913800
1357,416,432,575868,8294,415838,2850400
1358,437,391,575431,8340,416229,2898300
1359,404,384,575027,8360,416613,2860200
1360,388,446,574639,8302,417059,2870100
1361,387,440,574252,8249,417499,2851900
1362,422,422,573830,8249,417921,2842500
1363,415,424,573415,8240,418345,2855100
1364,420,427,572995,8233,418772,2923900
1365,391,451,572604,8173,419223,2830400
1366,392,425,572212,8140,419648,2911600
1367,410,409,571802,8141,420057,2838800
1368,412,410,571390,8143,420467,2855000
1369,407,420,570983,8130,420887,2843200
1370,425,427,570558,8128,421314,2922000
1371,426,426,570132,8128,421740,2902700
1372,397,406,569735,8119,422146,2879100
1373,416,434,569319,8101,422580,2832100
1374,386,404,568933,8083,422984,2884600
1375,402,407,568531,8078,423391,3229200
1376,401,414,568130,8065,423805,2790500
1377,405,404,567725,8066,424209,2773800
1378,385,396,567340,8055,424605,2771900
1379,363,423,566977,7995,425028,3006600
1380,370,406,566607,7959,425434,3171600
1381,417,406,566190,7970,425840,2890100
1382,430,427,565760,7973,426267,2848700
1383,383,405,565377,7951,426672,2851000
1384,385,381,564992,7955,427053,2808600
1385,426,376,564566,8005,427429,2793200
1386,406,365,564160,8046,427794,2791900
1387,393,400,563767,8039,428194,2774100
1388,445,419,563322,8065,428613,2775900
1389,418,396,562904,8087,429009,2761600
1390,465,428,562439,8124,429437,2764200
1391,421,384,562018,8161,429821,3204000
1392,461,401,561557,8221,430222,3648600
1393,421,447,561136,8195,430669,3472100
1394,401,416,560735,8180,431085,3596700
1395,411,428,560324,8163,431513,3681500
1396,444,455,559880,8152,431968,3057700
1397,426,415,559454,8163,432383,2912300
1398,421,367,559033,8217,432750,2883300
1399,406,385,558627,8238,433135,2840200
1400,428,412,558199,8254,433547,2807100
1401,402,396,557797,8260,433943,3081300
1402,410,404,557387,8266,434347,2822500
1403,408,385,556979,8289,434732,2791400
1404,420,364,556559,8345,435096,2768200
1405,440,426,556119,8359,435522,2760800
1406,413,425,555706,8347,435947,2746300
1407,448,433,555258,8362,436380,3000100
1408,449,407,554809,8404,436787,2775000
1409,423,414,554386,8413,437201,2785800
1410,477,405,553909,8485,437606,2765900
1411,409,414,553500,8480,438020,2767900
1412,404,414,553096,8470,438434,3300100
1413,444,455,552652,8459,438889,2774100
1414,402,469,552250,8392,439358,2800300
1415,409,402,551841,8399,439760,2835600
1416,379,417,551462,8361,440177,2826600
1417,421,392,551041,8390,440569,2867100
1418,410,409,550631,8391,440978,2851200
1419,413,426,550218,8378,441404,2821800
1420,406,411,549812,8373,441815,2764800
1421,389,388,549423,8374,442203,2780300
1422,383,427,549040,8330,442630,2765400
1423,407,424,548633,8313,443054,2861700
1424,422,448,548211,8287,443502,2854600
1425,391,394,547820,8284,443896,2796400
1426,366,426,547454,8224,444322,2770200
1427,415,420,547039,8219,444742,2754200
1428,395,414,546644,8200,445156,2782900
1429,371,379,546273,8192,445535,2798600
1430,350,399,545923,8143,445934,2802800
1431,377,419,545546,8101,446353,2758000
1432,370,417,545176,8054,446770,2762200
1433,403,429,544773,8028,447199,2768400
1434,389,416,544384,8001,447615,2797800
1435,393,384,543991,8010,447999,2771200
1436,391,394,543600,8007,448393,2766000
1437,379,395,543221,7991,448788,2751500
1438,408,426,542813,7973,449214,2750100
1439,423,411,542390,7985,449625,2831200
1440,376,399,542014,7962,450024,2841300
1441,397,397,541617,7962,450421,2853600
1442,390,384,541227,7968,450805,2808800
1443,409,405,540818,7972,451210,2782400
1444,423,387,540395,8008,451597,2762200
1445,365,398,540030,7975,451995,2793000
1446,393,400,539637,7968,452395,2763100
1447,388,396,539249,7960,452791,2774900
1448,397,395,538852,7962,453186,2749600
1449,368,417,538484,7913,453603,2753500
1450,362,374,538122,7901,453977,2750900
1451,381,405,537741,7877,454382,2841700
1452,383,407,537358,7853,454789,2756800
1453,372,448,536986,7777,455237,2756600
1454,418,410,536568,7785,455647,2765300
1455,378,403,536190,7760,456050,2745800
1456,396,375,535794,7781,456425,2761500
1457,378,378,535416,7781,456803,2927800
1458,387,415,535029,7753,457218,3090000
1459,401,379,534628,7775,457597,3665900
1460,391,388,534237,7778,457985,3103300
1461,402,411,533835,7769,458396,3204100
1462,390,338,533445,7821,458734,2883100
1463,404,343,533041,7882,459077,3080300
1464,394,394,532647,7882,459471,2821200
1465,414,360,532233,7936,459831,2779800
1466,410,383,531823,7963,460214,3021200
1467,429,364,531394,8028,460578,3026800
1468,415,427,530979,8016,461005,2780100
1469,454,369,530525,8101,461374,2768600
1470,396,434,530129,8063,461808,2784700
1471,418,388,529711,8093,462196,2886300
1472,413,411,529298,8095,462607,2992500
1473,417,410,528881,8102,463017,2795600
1474,399,386,528482,8115,463403,2775000
1475,456,430,528026,8141,463833,2770500
1476,412,404,527614,8149,464237,2753700
1477,439,403,527175,8185,464640,2831200
1478,416,411,526759,8190,465051,2794300
1479,425,400,526334,8215,465451,2769300
1480,409,392,525925,8232,465843,2773100
1481,434,400,525491,8266,466243,2855600
1482,410,419,525081,8257,466662,2883900
1483,406,438,524675,8225,467100,3056900
1484,417,410,524258,8232,467510,2929200
1485,408,399,523850,8241,467909,2910600
1486,427,408,523423,8260,468317,2954400
1487,415,441,523008,8234,468758,3056700
1488,454,408,522554,8280,469166,3273000
1489,449,419,522105,8310,469585,3094900
1490,417,433,521688,8294,470018,2877100
1491,439,431,521249,8302,470449,2886500
1492,417,434,520832,8285,470883,2952300
1493,397,406,520435,8276,471289,3240700
1494,426,418,520009,8284,471707,2806400
1495,437,400,519572,8321,472107,2753600
1496,427,426,519145,8322,472533,2963400
1497,438,423,518707,8337,472956,3005200
1498,438,389,518269,8386,473345,2992000
1499,435,404,517834,8417,473749,2971100
1500,428,391,517406,8454,474140,2872700
1501,422,407,516984,8469,474547,3098200
1502,402,425,516582,8446,474972,3001000
1503,472,413,516110,8505,475385,3017800
1504,420,429,515690,8496,475814,2914300
1505,408,397,515282,8507,476211,2883800
1506,438,426,514844,8519,476637,2884100
1507,431,439,514413,8511,477076,3034400
1508,435,426,513978,8520,477502,3594100
1509,414,434,513564,8500,477936,3114700
1510,483,434,513081,8549,478370,3004300
1511,446,411,512635,8584,478781,2916700
1512,431,441,512204,8574,479222,2903700
1513,424,429,511780,8569,479651,3029300
1514,444,420,511336,8593,480071,3064400
1515,433,450,510903,8576,480521,2893300
1516,388,413,510515,8551,480934,2827000
1517,415,415,510100,8551,481349,2989800
1518,395,427,509705,8519,481776,3234200
1519,415,421,509290,8513,482197,3256400
1520,451,446,508839,8518,482643,2960100
1521,434,413,508405,8539,483056,2908700
1522,463,412,507942,8590,483468,2863700
1523,412,414,507530,8588,483882,2840800
1524,435,447,507095,8576,484329,3634800
1525,435,443,506660,8568,484772,2994500
1526,451,431,506209,8588,485203,2989200
1527,451,401,505758,8638,485604,2856300
1528,424,398,505334,8664,486002,3461900
1529,439,424,504895,8679,486426,2876200
1530,460,474,504435,8665,486900,2890200
1531,455,474,503980,8646,487374,2942500
1532,437,401,503543,8682,487775,2880000
1533,441,425,503102,8698,488200,2832300
1534,419,401,502683,8716,488601,2870200
1535,481,422,502202,8775,489023,2855200
1536,431,433,501771,8773,489456,2817300
1537,444,389,501327,8828,489845,2818800
1538,430,439,500897,8819,490284,2827500
1539,418,444,500479,8793,490728,2794000
1540,388,417,500091,8764,491145,3391000
1541,421,441,499670,8744,491586,2848100
1542,443,434,499227,8753,492020,2820800
1543,454,433,498773,8774,492453,2819500
1544,426,455,498347,8745,492908,2802200
1545,435,438,497912,8742,493346,3433300
1546,479,455,497433,8766,493801,2971300
1547,433,454,497000,8745,494255,2909100
1548,393,422,496607,8716,494677,2907700
1549,419,388,496188,8747,495065,2847200
1550,426,458,495762,8715,495523,3076500
1551,427,404,495335,8738,495927,3131200
1552,448,430,494887,8756,496357,2878900
1553,392,407,494495,8741,496764,2904000
1554,421,455,494074,8707,497219,2945300
1555,424,407,493650,8724,497626,2926100
1556,410,437,493240,8697,498063,3253200
1557,439,420,492801,8716,498483,3395100
1558,445,425,492356,8736,498908,2974600
1559,439,433,491917,8742,499341,2859100
1560,443,405,491474,8780,499746,3225500
1561,417,434,491057,8763,500180,3061000
1562,407,431,490650,8739,500611,2801100
1563,446,442,490204,8743,501053,2818700
1564,402,434,489802,8711,501487,2799800
1565,456,440,489346,8727,501927,2788800
1566,443,462,488903,8708,502389,2889300
1567,447,471,488456,8684,502860,2813900
1568,423,393,488033,8714,503253,2855700
1569,420,439,487613,8695,503692,2815700
1570,447,459,487166,8683,504151,2800600
1571,425,427,486741,8681,504578,3043400
1572,426,419,486315,8688,504997,2956300
1573,442,449,485873,8681,505446,2807100
1574,417,430,485456,8668,505876,2803600
1575,397,448,485059,8617,506324,2869000
1576,452,407,484607,8662,506731,2874800
1577,401,467,484206,8596,507198,2904500
1578,446,430,483760,8612,507628,2866700
1579,445,426,483315,8631,508054,2845200
1580,422,438,482893,8615,508492,2859300
1581,442,446,482451,8611,508938,2813200
1582,431,471,482020,8571,509409,2865600
1583,462,423,481558,8610,509832,2847200
1584,433,438,481125,8605,510270,2808400
1585,461,444,480664,8622,510714,2812300
1586,424,397,480240,8649,511111,2797300
1587,426,405,479814,8670,511516,2791800
1588,416,461,479398,8625,511977,2866700
1589,433,444,478965,8614,512421,2829900
1590,439,412,478526,8641,512833,2788000
1591,409,426,478117,8624,513259,2778600
1592,430,431,477687,8623,513690,2777900
1593,423,449,477264,8597,514139,2818000
1594,446,445,476818,8598,514584,2809000
1595,451,422,476367,8627,515006,2791200
1596,429,420,475938,8636,515426,2780900
1597,456,404,475482,8688,515830,2802600
1598,427,420,475055,8695,516250,2780200
1599,449,457,474606,8687,516707,2872800
1600,440,455,474166,8672,517162,2942500
1601,442,445,473724,8669,517607,2843000
1602,455,451,473269,8673,518058,2829200
1603,447,487,472822,8633,518545,2817900
1604,462,427,472360,8668,518972,2845800
1605,449,431,471911,8686,519403,2899200
1606,435,424,471476,8697,519827,2838100
1607,459,413,471017,8743,520240,2845200
1608,422,435,470595,8730,520675,2789300
1609,463,464,470132,8729,521139,2806200
1610,450,442,469682,8737,521581,2900300
1611,426,410,469256,8753,521991,2824800
1612,437,462,468819,8728,522453,2804100
1613,423,423,468396,8728,522876,2778300
1614,404,456,467992,8676,523332,2795400
1615,413,441,467579,8648,523773,2786700
1616,437,419,467142,8666,524192,2816800
1617,402,467,466740,8601,524659,2780900
1618,422,444,466318,8579,525103,2788500
1619,422,447,465896,8554,525550,2766100
1620,427,443,465469,8538,525993,2772100
1621,446,405,465023,8579,526398,2903200
1622,418,414,464605,8583,526812,2857100
1623,449,434,464156,8598,527246,2805600
1624,454,415,463702,8637,527661,2862600
1625,408,448,463294,8597,528109,2829100
1626,417,410,462877,8604,528519,3091100
1627,388,429,462489,8563,528948,2828600
1628,431,453,462058,8541,529401,2813100
1629,446,401,461612,8586,529802,2784800
1630,419,422,461193,8583,530224,2780600
1631,433,439,460760,8577,530663,2828100
1632,412,435,460348,8554,531098,3118300
1633,467,422,459881,8599,531520,2854700
1634,444,467,459437,8576,531987,2809400
1635,452,391,458985,8637,532378,2809800
1636,464,459,458521,8642,532837,2810200
1637,408,365,458113,8685,533202,2866300
1638,423,401,457690,8707,533603,2818600
1639,414,475,457276,8646,534078,2821700
1640,464,429,456812,8681,534507,2830500
1641,424,428,456388,8677,534935,2807300
1642,470,442,455918,8705,535377,2847500
1643,429,414,455489,8720,535791,3044200
1644,417,449,455072,8688,536240,2803500
1645,433,453,454639,8668,536693,2821900
1646,430,418,454209,8680,537111,2846900
1647,445,447,453764,8678,537558,2906700
1648,442,420,453322,8700,537978,2863000
1649,475,433,452847,8742,538411,2862300
1650,462,431,452385,8773,538842,2819700
1651,428,503,451957,8698,539345,2812500
1652,410,441,451547,8667,539786,2807600
1653,424,440,451123,8651,540226,2798000
1654,448,444,450675,8655,540670,3353200
1655,448,430,450227,8673,541100,2839100
1656,440,434,449787,8679,541534,2834000
1657,436,428,449351,8687,541962,2811700
1658,403,443,448948,8647,542405,2803700
1659,443,378,448505,8712,542783,2829900
1660,432,406,448073,8738,543189,2821500
1661,417,447,447656,8708,543636,2792300
1662,431,406,447225,8733,544042,2805400
1663,458,423,446767,8768,544465,2817500
1664,434,424,446333,8778,544889,2830400
1665,439,436,445894,8781,545325,2799500
1666,441,426,445453,8796,545751,2794700
1667,401,418,445052,8779,546169,2799200
1668,448,393,444604,8834,546562,2828800
1669,444,423,444160,8855,546985,2827300
1670,415,430,443745,8840,547415,2993100
1671,448,425,443297,8863,547840,2871000
1672,434,428,442863,8869,548268,2839400
1673,458,425,442405,8902,548693,2928600
1674,429,449,441976,8882,549142,3093600
1675,452,458,441524,8876,549600,3436500
1676,423,452,441101,8847,550052,3029500
1677,425,437,440676,8835,550489,2932900
1678,447,442,440229,8840,550931,2923500
1679,479,430,439750,8889,551361,2875800
1680,440,465,439310,8864,551826,2960200
1681,462,420,438848,8906,552246,2874600
1682,463,471,438385,8898,552717,2828600
1683,417,413,437968,8902,553130,2839000
1684,401,463,437567,8840,553593,2830000
1685,408,458,437159,8790,554051,3066800
1686,414,428,436745,8776,554479,3007100
1687,438,436,436307,8778,554915,2826100
1688,435,405,435872,8808,555320,2809100
1689,471,451,435401,8828,555771,2816500
1690,435,448,434966,8815,556219,2813500
1691,491,447,434475,8859,556666,2912400
1692,479,408,433996,8930,557074,2831300
1693,462,444,433534,8948,557518,2901700
1694,438,494,433096,8892,558012,2873200
1695,445,481,432651,8856,558493,2824100
1696,462,453,432189,8865,558946,2836400
1697,469,437,431720,8897,559383,2859500
1698,447,450,431273,8894,559833,2811100
1699,429,468,430844,8855,560301,2827300
1700,429,436,430415,8848,560737,2818000
1701,427,426,429988,8849,561163,2791900
1702,475,480,429513,8844,561643,2811600
1703,444,409,429069,8879,562052,2822300
1704,449,422,428620,8906,562474,2820100
1705,449,495,428171,8860,562969,2802300
1706,446,478,427725,8828,563447,2813900
1707,458,476,427267,8810,563923,2898900
1708,479,479,426788,8810,564402,2938500
1709,451,473,426337,8788,564875,2905500
1710,440,448,425897,8780,565323,2903500
1711,443,498,425454,8725,565821,2871000
1712,421,454,425033,8692,566275,2837600
1713,437,459,424596,8670,566734,2891500
1714,413,412,424183,8671,567146,2832300
1715,425,441,423758,8655,567587,2867500
1716,436,418,423322,8673,568005,2883000
1717,435,426,422887,8682,568431,2839400
1718,432,412,422455,8702,568843,2866300
1719,442,430,422013,8714,569273,2943800
1720,434,404,421579,8744,569677,2971000
1721,456,424,421123,8776,570101,2928900
1722,422,427,420701,8771,570528,2926600
1723,441,432,420260,8780,570960,2934400
1724,431,424,419829,8787,571384,3077200
1725,448,421,419381,8814,571805,2945500
1726,473,426,418908,8861,572231,2889600
1727,451,497,418457,8815,572728,2914300
1728,447,430,418010,8832,573158,2911100
1729,430,442,417580,8820,573600,2924900
1730,434,467,417146,8787,574067,2971600
1731,465,429,416681,8823,574496,2942800
1732,469,435,416212,8857,574931,2932900
1733,447,425,415765,8879,575356,2890000
1734,440,437,415325,8882,575793,2944800
1735,411,437,414914,8856,576230,3002500
1736,430,423,414484,8863,576653,2915600
1737,418,430,414066,8851,577083,2918400
1738,456,419,413610,8888,577502,2950600
1739,474,432,413136,8930,577934,2985300
1740,428,430,412708,8928,578364,3003300
1741,456,418,412252,8966,578782,2971200
1742,485,469,411767,8982,579251,3031400
1743,465,485,411302,8962,579736,2965500
1744,482,464,410820,8980,580200,2980700
1745,473,437,410347,9016,580637,3118900
1746,500,415,409847,9101,581052,3537500
1747,439,445,409408,9095,581497,3593900
1748,470,434,408938,9131,581931,3154600
1749,469,480,408469,9120,582411,3093900
1750,470,419,407999,9171,582830,3215800
1751,473,470,407526,9174,583300,2971100
1752,493,475,407033,9192,583775,2939900
1753,489,470,406544,9211,584245,2924900
1754,480,467,406064,9224,584712,3016600
1755,465,449,405599,9240,585161,3266500
1756,502,480,405097,9262,585641,3176500
1757,514,456,404583,9320,586097,3388100
1758,486,451,404097,9355,586548,3156400
1759,490,486,403607,9359,587034,3148800
1760,471,448,403136,9382,587482,3012900
1761,489,455,402647,9416,587937,2994900
1762,429,487,402218,9358,588424,2932600
1763,487,487,401731,9358,588911,2941000
1764,492,465,401239,9385,589376,2972400
1765,463,486,400776,9362,589862,2962900
1766,499,454,400277,9407,590316,2928400
1767,532,506,399745,9433,590822,2916900
1768,458,520,399287,9371,591342,2904900
1769,487,454,398800,9404,591796,2926100
1770,478,451,398322,9431,592247,3307600
1771,472,493,397850,9410,592740,3490500
1772,471,447,397379,9434,593187,3085500
1773,496,460,396883,9470,593647,2895900
1774,470,423,396413,9517,594070,2943600
1775,469,505,395944,9481,594575,2982900
1776,474,478,395470,9477,595053,2838400
1777,489,482,394981,9484,595535,2820400
1778,442,492,394539,9434,596027,2811800
1779,460,471,394079,9423,596498,2811900
1780,465,481,393614,9407,596979,2881200
1781,466,452,393148,9421,597431,2877700
1782,487,438,392661,9470,597869,2857200
1783,449,456,392212,9463,598325,2911200
1784,454,481,391758,9436,598806,2863500
1785,462,488,391296,9410,599294,2886300
1786,491,491,390805,9410,599785,2845300
1787,465,488,390340,9387,600273,2810900
1788,459,448,389881,9398,600721,2834600
1789,437,431,389444,9404,601152,2803900
1790,451,474,388993,9381,601626,2808900
1791,463,496,388530,9348,602122,2830800
1792,450,445,388080,9353,602567,2804200
1793,422,458,387658,9317,603025,2794100
1794,474,443,387184,9348,603468,2907600
1795,445,459,386739,9334,603927,2989900
1796,455,503,386284,9286,604430,2910400
1797,442,488,385842,9240,604918,2879900
1798,441,450,385401,9231,605368,2824800
1799,476,464,384925,9243,605832,2830100
1800,432,470,384493,9205,606302,2817300
1801,477,445,384016,9237,606747,2829500
1802,423,449,383593,9211,607196,2841100
1803,458,469,383135,9200,607665,2820000
1804,437,457,382698,9180,608122,2819100
1805,464,487,382234,9157,608609,2846300
1806,428,435,381806,9150,609044,2954500
1807,429,428,381377,9151,609472,2913500
1808,467,474,380910,9144,609946,2871900
1809,466,432,380444,9178,610378,2860600
1810,473,478,379971,9173,610856,2818300
1811,470,393,379501,9250,611249,2835600
1812,437,446,379064,9241,611695,2846700
1813,458,499,378606,9200,612194,2823800
1814,477,467,378129,9210,612661,2792400
1815,454,457,377675,9207,613118,2802200
1816,441,499,377234,9149,613617,2843200
1817,447,459,376787,9137,614076,2789300
1818,499,431,376288,9205,614507,2837300
1819,459,493,375829,9171,615000,2809100
1820,455,459,375374,9167,615459,2789800
1821,442,439,374932,9170,615898,2784700
1822,467,441,374465,9196,616339,2812800
1823,438,444,374027,9190,616783,3245800
1824,460,511,373567,9139,617294,2921700
1825,421,434,373146,9126,617728,2820000
1826,457,444,372689,9139,618172,2830400
1827,479,478,372210,9140,618650,3100800
1828,446,480,371764,9106,619130,3130900
1829,467,432,371297,9141,619562,3097000
1830,476,495,370821,9122,620057,2875400
1831,481,470,370340,9133,620527,2862200
1832,503,451,369837,9185,620978,2825800
1833,471,476,369366,9180,621454,2820700
1834,492,480,368874,9192,621934,2937900
1835,460,449,368414,9203,622383,2925200
1836,488,475,367926,9216,622858,2902400
1837,452,477,367474,9191,623335,2923700
1838,489,464,366985,9216,623799,2886000
1839,485,479,366500,9222,624278,3132600
1840,458,455,366042,9225,624733,2917900
1841,534,468,365508,9291,625201,2916900
1842,463,448,365045,9306,625649,2969300
1843,473,473,364572,9306,626122,2912000
1844,420,481,364152,9245,626603,2897300
1845,433,441,363719,9237,627044,3149300
1846,476,502,363243,9211,627546,3084000
1847,478,454,362765,9235,628000,3018900
1848,441,428,362324,9248,628428,3033400
1849,490,479,361834,9259,628907,2944400
1850,444,470,361390,9233,629377,2966700
1851,445,473,360945,9205,629850,2894000
1852,391,453,360554,9143,630303,3099600
1853,407,442,360147,9108,630745,3053500
1854,444,445,359703,9107,631190,2972200
1855,435,438,359268,9104,631628,3047900
1856,454,487,358814,9071,632115,3090900
1857,471,463,358343,9079,632578,3254800
1858,477,464,357866,9092,633042,2875400
1859,485,420,357381,9157,633462,3044000
1860,479,457,356902,9179,633919,3214300
1861,469,468,356433,9180,634387,3076600
1862,469,457,355964,9192,634844,3058500
1863,463,474,355501,9181,635318,2922800
1864,479,439,355022,9221,635757,2856200
1865,435,495,354587,9161,636252,3159900
1866,466,439,354121,9188,636691,3083100
1867,471,466,353650,9193,637157,2874300
1868,449,463,353201,9179,637620,2965300
1869,421,465,352780,9135,638085,2825300
1870,442,470,352338,9107,638555,3008600
1871,436,484,351902,9059,639039,2803700
1872,467,417,351435,9109,639456,2832100
1873,457,435,350978,9131,639891,2835700
1874,433,478,350545,9086,640369,2964700
1875,444,439,350101,9091,640808,2871100
1876,473,495,349628,9069,641303,3274400
1877,506,463,349122,9112,641766,2913900
1878,455,435,348667,9132,642201,2819500
1879,433,465,348234,9100,642666,2779000
1880,456,467,347778,9089,643133,2804300
1881,463,462,347315,9090,643595,2863400
1882,422,454,346893,9058,644049,2845200
1883,422,436,346471,9044,644485,2788300
1884,441,419,346030,9066,644904,2812000
1885,436,470,345594,9032,645374,2786900
1886,447,424,345147,9055,645798,2787900
1887,475,421,344672,9109,646219,3201100
1888,463,455,344209,9117,646674,3211900
1889,441,465,343768,9093,647139,2876400
1890,444,477,343324,9060,647616,2853300
1891,461,471,342863,9050,648087,2855700
1892,444,446,342419,9048,648533,3234200
1893,434,427,341985,9055,648960,3049200
1894,414,472,341571,8997,649432,2899400
1895,436,447,341135,8986,649879,3064900
1896,453,459,340682,8980,650338,3202300
1897,446,444,340236,8982,650782,3149700
1898,450,455,339786,8977,651237,3218200
1899,436,449,339350,8964,651686,2884400
1900,426,420,338924,8970,652106,2871500
1901,442,434,338482,8978,652540,3002100
1902,407,443,338075,8942,652983,3308800
1903,448,430,337627,8960,653413,3161400
1904,453,406,337174,9007,653819,2832300
1905,461,453,336713,9015,654272,2791400
1906,452,444,336261,9023,654716,2778800
1907,412,450,335849,8985,655166,2820900
1908,484,436,335365,9033,655602,2794100
1909,481,450,334884,9064,656052,2802200
1910,462,475,334422,9051,656527,2830200
1911,432,429,333990,9054,656956,2791700
1912,468,462,333522,9060,657418,2786100
1913,486,472,333036,9074,657890,2832900
1914,469,480,332567,9063,658370,2848800
1915,473,453,332094,9083,658823,2808700
1916,491,447,331603,9127,659270,2798100
1917,484,427,331119,9184,659697,2821800
1918,445,467,330674,9162,660164,3277100
1919,468,441,330206,9189,660605,3389800
1920,466,483,329740,9172,661088,2939200
1921,427,458,329313,9141,661546,2890000
1922,478,440,328835,9179,661986,2842300
1923,435,444,328400,9170,662430,2831300
1924,467,424,327933,9213,662854,2927800
1925,481,483,327452,9211,663337,3254600
1926,470,457,326982,9224,663794,2844600
1927,429,458,326553,9195,664252,2808500
1928,436,432,326117,9199,664684,2837400
1929,456,449,325661,9206,665133,2952300
1930,449,483,325212,9172,665616,2838900
1931,442,458,324770,9156,666074,2795200
1932,473,456,324297,9173,666530,2784100
1933,503,448,323794,9228,666978,2800200
1934,480,429,323314,9279,667407,2867000
1935,451,467,322863,9263,667874,2827700
1936,432,444,322431,9251,668318,2820900
1937,470,457,321961,9264,668775,2795600
1938,489,485,321472,9268,669260,2825700
1939,505,463,320967,9310,669723,3159200
1940,478,485,320489,9303,670208,2972400
1941,491,479,319998,9315,670687,2830300
1942,453,463,319545,9305,671150,2932100
1943,447,450,319098,9302,671600,2865800
1944,488,452,318610,9338,672052,2908300
1945,477,461,318133,9354,672513,3089500
1946,439,445,317694,9348,672958,2860700
1947,498,506,317196,9340,673464,2807300
1948,477,446,316719,9371,673910,2836300
1949,482,475,316237,9378,674385,2831700
1950,479,501,315758,9356,674886,2885200
1951,487,469,315271,9374,675355,2858500
1952,509,486,314762,9397,675841,2842500
1953,477,450,314285,9424,676291,2813400
1954,502,476,313783,9450,676767,2846100
1955,483,478,313300,9455,677245,2958700
1956,499,451,312801,9503,677696,2918800
1957,488,459,312313,9532,678155,2877400
1958,458,450,311855,9540,678605,2864700
1959,455,483,311400,9512,679088,2884900
1960,496,491,310904,9517,679579,2850400
1961,470,478,310434,9509,680057,2852200
1962,469,505,309965,9473,680562,2809000
1963,488,491,309477,9470,681053,2832900
1964,462,466,309015,9466,681519,2851100
1965,438,463,308577,9441,681982,2919300
1966,448,480,308129,9409,682462,3354100
1967,444,450,307685,9403,682912,3091800
1968,495,457,307190,9441,683369,2859100
1969,473,490,306717,9424,683859,2888300
1970,474,465,306243,9433,684324,3146000
1971,467,458,305776,9442,684782,2849400
1972,444,498,305332,9388,685280,2826500
1973,462,440,304870,9410,685720,2812200
1974,426,444,304444,9392,686164,2819500
1975,447,489,303997,9350,686653,2852600
1976,469,499,303528,9320,687152,3185500
1977,478,457,303050,9341,687609,2827500
1978,464,484,302586,9321,688093,2811000
1979,470,454,302116,9337,688547,2836300
1980,428,461,301688,9304,689008,2812200
1981,419,484,301269,9239,689492,2819800
1982,431,460,300838,9210,689952,2844500
1983,499,478,300339,9231,690430,2837500
1984,493,462,299846,9262,690892,2825700
1985,438,466,299408,9234,691358,2944700
1986,489,494,298919,9229,691852,2875700
1987,455,464,298464,9220,692316,2918900
1988,445,446,298019,9219,692762,2885300
1989,476,466,297543,9229,693228,2869200
1990,458,459,297085,9228,693687,2887300
1991,456,482,296629,9202,694169,2830900
1992,438,419,296191,9221,694588,2878500
1993,450,478,295741,9193,695066,2835800
1994,459,444,295282,9208,695510,2847100
1995,415,474,294867,9149,695984,2807600
1996,439,452,294428,9136,696436,2831500
1997,447,473,293981,9110,696909,2986200
1998,442,460,293539,9092,697369,2969100
1999,474,488,293065,9078,697857,2878900
2000,464,493,292601,9049,698350,2886800
2001,468,445,292133,9072,698795,2839500
2002,506,474,291627,9104,699269,2807900
2003,460,474,291167,9090,699743,2851400
2004,462,442,290705,9110,700185,2829300
2005,484,441,290221,9153,700626,2899500
2006,483,442,289738,9194,701068,2841900
2007,463,493,289275,9164,701561,2798600
2008,455,439,288820,9180,702000,2830100
2009,419,481,288401,9118,702481,2828300
2010,475,440,287926,9153,702921,2847700
2011,497,456,287429,9194,703377,2884200
2012,468,469,286961,9193,703846,2891000
2013,463,479,286498,9177,704325,2839700
2014,435,458,286063,9154,704783,2885500
2015,488,468,285575,9174,705251,2833500
2016,476,506,285099,9144,705757,3051100
2017,444,475,284655,9113,706232,3314100
2018,424,432,284231,9105,706664,3791600
2019,455,447,283776,9113,707111,3442400
2020,467,457,283309,9123,707568,3026900
2021,427,448,282882,9102,708016,2979500
2022,434,470,282448,9066,708486,2917600
2023,474,469,281974,9071,708955,3005800
2024,459,480,281515,9050,709435,3000800
2025,446,461,281069,9035,709896,2891100
2026,416,456,280653,8995,710352,2828800
2027,459,447,280194,9007,710799,2837300
2028,419,419,279775,9007,711218,2816500
2029,412,462,279363,8957,711680,2834300
2030,432,430,278931,8959,712110,2817600
2031,450,451,278481,8958,712561,2832100
2032,449,464,278032,8943,713025,2861600
2033,426,440,277606,8929,713465,2862900
2034,427,429,277179,8927,713894,2868000
2035,448,466,276731,8909,714360,3136700
2036,444,446,276287,8907,714806,2836900
2037,450,446,275837,8911,715252,2791600
2038,444,436,275393,8919,715688,2786000
2039,422,471,274971,8870,716159,2783700
2040,419,463,274552,8826,716622,2817400
2041,442,439,274110,8829,717061,2805300
2042,423,463,273687,8789,717524,2786100
2043,410,456,273277,8743,717980,2788300
2044,433,418,272844,8758,718398,2769700
2045,409,440,272435,8727,718838,2772800
2046,400,461,272035,8666,719299,2918000
2047,443,423,271592,8686,719722,2769600
2048,401,421,271191,8666,720143,2777800
2049,440,435,270751,8671,720578,2787300
2050,465,425,270286,8711,721003,2765400
2051,425,417,269861,8719,721420,2940100
2052,413,420,269448,8712,721840,3119700
2053,423,395,269025,8740,722235,2793600
2054,414,395,268611,8759,722630,2772600
2055,440,399,268171,8800,723029,2908400
2056,429,434,267742,8795,723463,2915400
2057,439,454,267303,8780,723917,3024100
2058,465,423,266838,8822,724340,2899600
2059,441,439,266397,8824,724779,2896500
2060,416,445,265981,8795,725224,2856500
2061,407,425,265574,8777,725649,2822900
2062,456,426,265118,8807,726075,3151900
2063,444,437,264674,8814,726512,2800400
2064,438,410,264236,8842,726922,2760600
2065,416,425,263820,8833,727347,2836200
2066,407,418,263413,8822,727765,2784200
2067,398,448,263015,8772,728213,2778700
2068,421,468,262594,8725,728681,2829200
2069,409,489,262185,8645,729170,2770600
2070,417,444,261768,8618,729614,2763300
2071,382,454,261386,8546,730068,2756000
2072,396,448,260990,8494,730516,2746900
2073,396,410,260594,8480,730926,2807500
2074,422,435,260172,8467,731361,2795300
2075,396,424,259776,8439,731785,2751500
2076,367,443,259409,8363,732228,2743300
2077,376,440,259033,8299,732668,2891000
2078,391,402,258642,8288,733070,2829900
2079,382,384,258260,8286,733454,3165800
2080,375,453,257885,8208,733907,2872900
2081,377,426,257508,8159,734333,2842800
2082,412,415,257096,8156,734748,2788900
2083,355,421,256741,8090,735169,2954000
2084,411,409,256330,8092,735578,2862800
2085,370,405,255960,8057,735983,2866400
2086,365,406,255595,8016,736389,2865100
2087,355,411,255240,7960,736800,2871400
2088,358,396,254882,7922,737196,2863300
2089,390,374,254492,7938,737570,2828800
2090,373,404,254119,7907,737974,2858700
2091,345,364,253774,7888,738338,2846000
2092,360,418,253414,7830,738756,2771200
2093,376,379,253038,7827,739135,2748700
2094,363,416,252675,7774,739551,2770800
2095,338,390,252337,7722,739941,2825500
2096,357,362,251980,7717,740303,2803800
2097,352,363,251628,7706,740666,2743000
2098,354,398,251274,7662,741064,2766900
2099,332,395,250942,7599,741459,2742300
2100,317,367,250625,7549,741826,2723300
2101,357,394,250268,7512,742220,2760100
2102,372,350,249896,7534,742570,2789300
2103,326,361,249570,7499,742931,2792800
2104,363,368,249207,7494,743299,2874500
2105,359,369,248848,7484,743668,2831100
2106,333,398,248515,7419,744066,2761700
2107,323,368,248192,7374,744434,3013800
2108,374,365,247818,7383,744799,2746500
2109,318,373,247500,7328,745172,2755900
2110,328,344,247172,7312,745516,2761800
2111,318,356,246854,7274,745872,2700500
2112,338,346,246516,7266,746218,2732500
2113,315,329,246201,7252,746547,2729700
2114,315,370,245886,7197,746917,2721500
2115,316,371,245570,7142,747288,2711100
2116,316,367,245254,7091,747655,2708900
2117,310,361,244944,7040,748016,2693200
2118,333,337,244611,7036,748353,2816100
2119,314,311,244297,7039,748664,2912300
2120,314,352,243983,7001,749016,2850400
2121,352,342,243631,7011,749358,2857300
2122,354,366,243277,6999,749724,2814700
2123,336,354,242941,6981,750078,2951300
2124,380,354,242561,7007,750432,3017300
2125,308,371,242253,6944,750803,2811400
2126,313,362,241940,6895,751165,2828700
2127,310,348,241630,6857,751513,2813600
2128,289,326,241341,6820,751839,2837500
2129,329,342,241012,6807,752181,2803800
2130,315,347,240697,6775,752528,2807400
2131,361,356,240336,6780,752884,2886500
2132,336,351,240000,6765,753235,2785200
2133,333,349,239667,6749,753584,2791600
2134,339,339,239328,6749,753923,2869400
2135,311,320,239017,6740,754243,3182800
2136,340,339,238677,6741,754582,3073800
2137,304,349,238373,6696,754931,3019700
2138,297,350,238076,6643,755281,3184300
2139,300,325,237776,6618,755606,2785800
2140,316,348,237460,6586,755954,2839400
2141,313,327,237147,6572,756281,2800800
2142,300,301,236847,6571,756582,2755600
2143,322,305,236525,6588,756887,2753100
2144,305,329,236220,6564,757216,2756800
2145,323,337,235897,6550,757553,2762000
2146,325,317,235572,6558,757870,2859800
2147,322,322,235250,6558,758192,2912800
2148,303,343,234947,6518,758535,2878400
2149,319,289,234628,6548,758824,2898600
2150,308,336,234320,6520,759160,2831300
2151,292,310,234028,6502,759470,3750300
2152,288,353,233740,6437,759823,2827700
2153,325,349,233415,6413,760172,2771800
2154,303,343,233112,6373,760515,2768300
2155,326,313,232786,6386,760828,2749300
2156,299,325,232487,6360,761153,2779900
2157,327,342,232160,6345,761495,2831600
2158,307,316,231853,6336,761811,2766200
2159,333,339,231520,6330,762150,2742400
2160,295,362,231225,6263,762512,2762400
2161,324,296,230901,6291,762808,3041900
2162,347,272,230554,6366,763080,2786400
2163,306,310,230248,6362,763390,2733300
2164,313,331,229935,6344,763721,2733000
2165,320,314,229615,6350,764035,2725800
2166,305,313,229310,6342,764348,2722500
2167,292,300,229018,6334,764648,2739300
2168,323,309,228695,6348,764957,2774900
2169,327,336,228368,6339,765293,2744100
2170,304,308,228064,6335,765601,2714800
2171,305,335,227759,6305,765936,2731700
2172,362,334,227397,6333,766270,2753600
2173,337,299,227060,6371,766569,2941900
2174,301,314,226759,6358,766883,2826800
2175,314,320,226445,6352,767203,2790800
2176,334,328,226111,6358,767531,2716400
2177,291,322,225820,6327,767853,2677100
2178,337,314,225483,6350,768167,2665500
2179,294,316,225189,6328,768483,3149000
2180,304,316,224885,6316,768799,2676200
2181,327,315,224558,6328,769114,2674500
2182,291,304,224267,6315,769418,2657400
2183,297,328,223970,6284,769746,2656400
2184,298,312,223672,6270,770058,2761000
2185,299,309,223373,6260,770367,2755400
2186,278,309,223095,6229,770676,2683900
2187,307,292,222788,6244,770968,2666200
2188,301,311,222487,6234,771279,2654600
2189,296,318,222191,6212,771597,2645500
2190,289,303,221902,6198,771900,2779400
2191,322,272,221580,6248,772172,2937700
2192,285,303,221295,6230,772475,2743800
2193,308,326,220987,6212,772801,3009700
2194,328,324,220659,6216,773125,3070100
2195,317,311,220342,6222,773436,3021400
2196,284,289,220058,6217,773725,2943500
2197,302,321,219756,6198,774046,3022100
2198,307,330,219449,6175,774376,2894300
2199,339,303,219110,6211,774679,2812800
2200,313,322,218797,6202,775001,2786000
2201,303,304,218494,6201,775305,3252300
2202,280,306,218214,6175,775611,3092300
2203,288,309,217926,6154,775920,2878200
2204,296,293,217630,6157,776213,2846700
2205,269,307,217361,6119,776520,2926000
2206,283,324,217078,6078,776844,2935500
2207,316,314,216762,6080,777158,2800700
2208,293,332,216469,6041,777490,2776300
2209,289,264,216180,6066,777754,2901300
2210,292,308,215888,6050,778062,2962900
2211,297,309,215591,6038,778371,2834700
2212,301,281,215290,6058,778652,2936300
2213,287,309,215003,6036,778961,2835000
2214,278,303,214725,6011,779264,2759800
2215,315,302,214410,6024,779566,2767300
2216,312,283,214098,6053,779849,3040400
2217,337,323,213761,6067,780172,2951200
2218,288,317,213473,6038,780489,3078000
2219,284,315,213189,6007,780804,2789900
2220,304,305,212885,6006,781109,2826400
2221,320,283,212565,6043,781392,2850600
2222,285,303,212280,6025,781695,2802400
2223,300,302,211980,6023,781997,3177500
2224,284,317,211696,5990,782314,2813600
2225,284,325,211412,5949,782639,2824400
2226,283,321,211129,5911,782960,2758800
2227,315,275,210814,5951,783235,2745500
2228,281,291,210533,5941,783526,3040300
2229,268,297,210265,5912,783823,2866100
2230,302,280,209963,5934,784103,2715700
2231,278,316,209685,5896,784419,2735000
2232,242,301,209443,5837,784720,2682900
2233,271,296,209172,5812,785016,2691800
2234,296,290,208876,5818,785306,2959400
2235,295,279,208581,5834,785585,3226800
2236,272,286,208309,5820,785871,3081700
2237,271,282,208038,5809,786153,3138600
2238,277,282,207761,5804,786435,3319100
2239,311,289,207450,5826,786724,2981400
2240,296,260,207154,5862,786984,2744700
2241,269,309,206885,5822,787293,2732000
2242,296,305,206589,5813,787598,2780000
2243,298,289,206291,5822,787887,2742300
2244,274,300,206017,5796,788187,2936800
2245,279,299,205738,5776,788486,2879200
2246,290,279,205448,5787,788765,2932600
2247,275,302,205173,5760,789067,2834800
2248,245,310,204928,5695,789377,2771800
2249,294,280,204634,5709,789657,2840700
2250,299,305,204335,5703,789962,2857000
2251,284,303,204051,5684,790265,2881100
2252,295,281,203756,5698,790546,2797100
2253,287,293,203469,5692,790839,2755800
2254,287,298,203182,5681,791137,2807100
2255,294,278,202888,5697,791415,3107000
2256,252,257,202636,5692,791672,2712600
2257,285,257,202351,5720,791929,2734700
2258,266,299,202085,5687,792228,2754500
2259,274,297,201811,5664,792525,2801900
2260,262,298,201549,5628,792823,2798300
2261,256,272,201293,5612,793095,2895500
2262,253,275,201040,5590,793370,2992800
2263,278,258,200762,5610,793628,3109900
2264,237,256,200525,5591,793884,2806200
2265,286,285,200239,5592,794169,2742100
2266,266,308,199973,5550,794477,3141400
2267,265,295,199708,5520,794772,2786900
2268,260,253,199448,5527,795025,2729700
2269,265,272,199183,5520,795297,2687600
2270,280,300,198903,5500,795597,2663900
2271,267,265,198636,5502,795862,2688600
2272,281,267,198355,5516,796129,2665400
2273,271,281,198084,5506,796410,2645200
2274,253,295,197831,5464,796705,2613000
2275,270,274,197561,5460,796979,2664500
2276,266,271,197295,5455,797250,2711400
2277,236,271,197059,5420,797521,2683600
2278,286,286,196773,5420,797807,2698600
2279,253,278,196520,5395,798085,2647300
2280,255,275,196265,5375,798360,2647900
2281,258,276,196007,5357,798636,2636300
2282,251,284,195756,5324,798920,2610300
2283,245,262,195511,5307,799182,2630800
2284,251,264,195260,5294,799446,2619200
2285,244,252,195016,5286,799698,2600200
2286,289,264,194727,5311,799962,2595100
2287,252,261,194475,5302,800223,2599900
2288,228,287,194247,5243,800510,2606500
2289,240,279,194007,5204,800789,2674200
2290,272,262,193735,5214,801051,2647100
2291,254,261,193481,5207,801312,2667200
2292,273,242,193208,5238,801554,2672700
2293,276,285,192932,5229,801839,2669700
2294,270,261,192662,5238,802100,2644000
2295,278,250,192384,5266,802350,2924800
2296,251,270,192133,5247,802620,2638500
2297,276,253,191857,5270,802873,2955900
2298,257,252,191600,5275,803125,2631100
2299,269,250,191331,5294,803375,2619700
2300,273,285,191058,5282,803660,2670100
2301,249,262,190809,5269,803922,2848100
2302,256,236,190553,5289,804158,2631000
2303,265,279,190288,5275,804437,2695000
2304,263,286,190025,5252,804723,2693500
2305,254,259,189771,5247,804982,2662300
2306,245,263,189526,5229,805245,3175700
2307,245,262,189281,5212,805507,2849500
2308,258,262,189023,5208,805769,2759200
2309,262,263,188761,5207,806032,2736900
2310,287,261,188474,5233,806293,2711200
2311,261,274,188213,5220,806567,2656100
2312,261,227,187952,5254,806794,2938900
2313,256,248,187696,5262,807042,2630600
2314,263,289,187433,5236,807331,2628700
2315,221,253,187212,5204,807584,2635500
2316,274,259,186938,5219,807843,2606900
2317,235,283,186703,5171,808126,2748300
2318,231,278,186472,5124,808404,2723800
2319,235,243,186237,5116,808647,2633900
2320,237,251,186000,5102,808898,2606400
2321,238,235,185762,5105,809133,2624500
2322,255,270,185507,5090,809403,2613100
2323,255,245,185252,5100,809648,2812500
2324,249,259,185003,5090,809907,3016600
2325,227,273,184776,5044,810180,2614000
2326,264,261,184512,5047,810441,2584200
2327,237,243,184275,5041,810684,2581900
2328,273,247,184002,5067,810931,2670100
2329,259,256,183743,5070,811187,3056800
2330,243,252,183500,5061,811439,2807000
2331,260,269,183240,5052,811708,2619100
2332,260,286,182980,5026,811994,2611000
2333,263,250,182717,5039,812244,2591600
2334,271,234,182446,5076,812478,2627900
2335,266,263,182180,5079,812741,2620600
2336,252,281,181928,5050,813022,2635700
2337,240,253,181688,5037,813275,2599500
2338,283,240,181405,5080,813515,2591400
2339,253,261,181152,5072,813776,2586900
2340,251,247,180901,5076,814023,2668200
2341,259,239,180642,5096,814262,2723300
2342,257,236,180385,5117,814498,2662500
2343,265,272,180120,5110,814770,2769500
2344,248,243,179872,5115,815013,2667800
2345,248,284,179624,5079,815297,2630300
2346,269,262,179355,5086,815559,2598300
2347,260,257,179095,5089,815816,2673900
2348,266,232,178829,5123,816048,2651900
2349,237,263,178592,5097,816311,2598000
2350,256,238,178336,5115,816549,2621500
2351,265,237,178071,5143,816786,2635300
2352,257,271,177814,5129,817057,2598200
2353,253,276,177561,5106,817333,3109700
2354,262,275,177299,5093,817608,2625700
2355,230,293,177069,5030,817901,2605700
2356,251,266,176818,5015,818167,2586800
2357,248,266,176570,4997,818433,2583400
2358,226,258,176344,4965,818691,2583500
2359,243,247,176101,4961,818938,2664100
2360,263,242,175838,4982,819180,2596400
2361,284,242,175554,5024,819422,2583000
2362,265,211,175289,5078,819633,2591600
2363,290,224,174999,5144,819857,2586200
2364,258,244,174741,5158,820101,2597200
2365,281,267,174460,5172,820368,2774800
2366,259,278,174201,5153,820646,2656500
2367,259,253,173942,5159,820899,2638200
2368,246,276,173696,5129,821175,2650100
2369,251,267,173445,5113,821442,2618000
2370,268,256,173177,5125,821698,2627700
2371,267,256,172910,5136,821954,2909200
2372,265,245,172645,5156,822199,2617800
2373,253,274,172392,5135,822473,2647600
2374,263,281,172129,5117,822754,2796900
2375,266,238,171863,5145,822992,2855300
2376,258,267,171605,5136,823259,2822200
2377,242,282,171363,5096,823541,2741900
2378,258,258,171105,5096,823799,2661700
2379,253,260,170852,5089,824059,2705400
2380,279,254,170573,5114,824313,2640000
2381,254,249,170319,5119,824562,2634100
2382,242,256,170077,5105,824818,2666500
2383,238,258,169839,5085,825076,2636200
2384,251,278,169588,5058,825354,2613400
2385,258,265,169330,5051,825619,2619000
2386,256,260,169074,5047,825879,2593100
2387,253,262,168821,5038,826141,2594100
2388,284,283,168537,5039,826424,2971000
2389,238,260,168299,5017,826684,2818200
2390,240,239,168059,5018,826923,2828900
2391,270,250,167789,5038,827173,2790000
2392,238,250,167551,5026,827423,3244200
2393,254,246,167297,5034,827669,2627900
2394,228,244,167069,5018,827913,2704700
2395,253,267,166816,5004,828180,2615000
2396,253,265,166563,4992,828445,2601500
2397,209,242,166354,4959,828687,2585800
2398,249,261,166105,4947,828948,2585400
2399,259,242,165846,4964,829190,2579100
2400,229,260,165617,4933,829450,3092600
2401,212,244,165405,4901,829694,2612600
2402,243,241,165162,4903,829935,2549300
2403,224,243,164938,4884,830178,2574200
2404,232,236,164706,4880,830414,2561700
2405,265,272,164441,4873,830686,2565600
2406,234,208,164207,4899,830894,2581900
2407,238,225,163969,4912,831119,2588800
2408,246,251,163723,4907,831370,2563600
2409,265,253,163458,4919,831623,2577100
2410,260,287,163198,4892,831910,2574000
2411,251,269,162947,4874,832179,2586000
2412,242,256,162705,4860,832435,2645400
2413,245,234,162460,4871,832669,2593500
2414,215,264,162245,4822,832933,2619300
2415,241,225,162004,4838,833158,2619000
2416,258,210,161746,4886,833368,2655000
2417,269,249,161477,4906,833617,2625200
2418,235,231,161242,4910,833848,2634500
2419,236,231,161006,4915,834079,2615500
2420,258,253,160748,4920,834332,2640300
2421,251,265,160497,4906,834597,2586100
2422,246,228,160251,4924,834825,2586800
2423,252,246,159999,4930,835071,2599100
2424,267,257,159732,4940,835328,2652200
2425,258,256,159474,4942,835584,2613000
2426,223,245,159251,4920,835829,2604200
2427,252,238,158999,4934,836067,2575700
2428,254,249,158745,4939,836316,2568100
2429,248,243,158497,4944,836559,2589700
2430,253,223,158244,4974,836782,2656900
2431,264,271,157980,4967,837053,2581600
2432,267,256,157713,4978,837309,2588000
2433,259,251,157454,4986,837560,2706300
2434,278,216,157176,5048,837776,2854900
2435,246,254,156930,5040,838030,3125700
2436,252,245,156678,5047,838275,2738600
2437,258,266,156420,5039,838541,2685100
2438,251,241,156169,5049,838782,2643400
2439,266,259,155903,5056,839041,2652000
2440,243,266,155660,5033,839307,2605800
2441,235,255,155425,5013,839562,2700000
2442,266,225,155159,5054,839787,2632600
2443,268,238,154891,5084,840025,2596800
2444,256,262,154635,5078,840287,2608500
2445,248,255,154387,5071,840542,2616900
2446,238,242,154149,5067,840784,2595900
2447,248,209,153901,5106,840993,2611900
2448,280,233,153621,5153,841226,2660800
2449,269,262,153352,5160,841488,2679100
2450,237,241,153115,5156,841729,2675000
2451,262,249,152853,5169,841978,2725400
2452,269,286,152584,5152,842264,2682000
2453,251,269,152333,5134,842533,2688300
2454,236,278,152097,5092,842811,2650200
2455,263,265,151834,5090,843076,2636400
2456,226,269,151608,5047,843345,2583700
2457,240,245,151368,5042,843590,2572200
2458,249,253,151119,5038,843843,2596600
2459,245,218,150874,5065,844061,2645200
2460,244,253,150630,5056,844314,2765600
2461,285,243,150345,5098,844557,3367500
2462,250,259,150095,5089,844816,3271300
2463,248,259,149847,5078,845075,2917000
2464,232,257,149615,5053,845332,2867600
2465,267,260,149348,5060,845592,2880300
2466,267,251,149081,5076,845843,2996400
2467,241,216,148840,5101,846059,3253600
2468,250,260,148590,5091,846319,3059200
2469,257,256,148333,5092,846575,3011100
2470,256,231,148077,5117,846806,2911500
2471,222,260,147855,5079,847066,2860600
2472,236,269,147619,5046,847335,2824100
2473,236,236,147383,5046,847571,2825500
2474,217,236,147166,5027,847807,2788300
2475,200,236,146966,4991,848043,2856000
2476,240,243,146726,4988,848286,2860300
2477,237,232,146489,4993,848518,2892200
2478,233,226,146256,5000,848744,2850500
2479,232,247,146024,4985,848991,2804600
2480,227,250,145797,4962,849241,2960400
2481,261,238,145536,4985,849479,3082800
2482,226,230,145310,4981,849709,3106200
2483,224,262,145086,4943,849971,3095000
2484,243,247,144843,4939,850218,3216900
2485,238,260,144605,4917,850478,3225300
2486,241,262,144364,4896,850740,3341900
2487,231,237,144133,4890,850977,3435500
2488,244,250,143889,4884,851227,3136100
2489,243,244,143646,4883,851471,3244600
2490,238,242,143408,4879,851713,3114500
2491,277,229,143131,4927,851942,3144200
2492,252,257,142879,4922,852199,2979700
2493,254,252,142625,4924,852451,3232400
2494,252,230,142373,4946,852681,3045800
2495,263,248,142110,4961,852929,3013300
2496,238,274,141872,4925,853203,2944300
2497,266,229,141606,4962,853432,2940900
2498,260,249,141346,4973,853681,2942800
2499,239,228,141107,4984,853909,2940300
2500,226,262,140881,4948,854171,2886600
2501,220,241,140661,4927,854412,2789500
2502,267,240,140394,4954,854652,2799900
2503,239,259,140155,4934,854911,2810600
2504,267,248,139888,4953,855159,2765400
2505,260,245,139628,4968,855404,2743900
2506,273,242,139355,4999,855646,3386300
2507,282,255,139073,5026,855901,2834100
2508,248,208,138825,5066,856109,2782600
2509,261,251,138564,5076,856360,2772000
2510,276,262,138288,5090,856622,2848200
2511,253,246,138035,5097,856868,2841200
2512,267,255,137768,5109,857123,2780500
2513,228,270,137540,5067,857393,2749000
2514,254,262,137286,5059,857655,2729500
2515,248,276,137038,5031,857931,2741800
2516,234,257,136804,5008,858188,2979700
2517,236,234,136568,5010,858422,3259600
2518,240,273,136328,4977,858695,2847600
2519,238,247,136090,4968,858942,2843900
2520,241,262,135849,4947,859204,2838200
2521,251,241,135598,4957,859445,2809900
2522,224,250,135374,4931,859695,2846000
2523,253,245,135121,4939,859940,2788600
2524,261,230,134860,4970,860170,2853200
2525,264,254,134596,4980,860424,2779500
2526,237,245,134359,4972,860669,2770800
2527,256,229,134103,4999,860898,2794800
2528,230,228,133873,5001,861126,2860000
2529,260,248,133613,5013,861374,2896100
2530,231,247,133382,4997,861621,3005400
2531,253,254,133129,4996,861875,2831300
2532,217,236,132912,4977,862111,2815100
2533,260,227,132652,5010,862338,3043500
2534,219,285,132433,4944,862623,2840500
2535,226,230,132207,4940,862853,2791500
2536,246,248,131961,4938,863101,2884900
2537,259,233,131702,4964,863334,3389000
2538,252,228,131450,4988,863562,3428300
2539,247,247,131203,4988,863809,2967700
2540,242,228,130961,5002,864037,2864700
2541,235,244,130726,4993,864281,2887600
2542,237,255,130489,4975,864536,2856900
2543,242,247,130247,4970,864783,3008200
2544,237,241,130010,4966,865024,3081000
2545,256,231,129754,4991,865255,2846700
2546,239,241,129515,4989,865496,2862400
2547,240,229,129275,5000,865725,2844200
2548,267,238,129008,5029,865963,2830400
2549,234,250,128774,5013,866213,2880700
2550,252,229,128522,5036,866442,2784600
2551,244,244,128278,5036,866686,2920700
2552,244,230,128034,5050,866916,3628100
2553,228,241,127806,5037,867157,2966000
2554,241,286,127565,4992,867443,3687900
2555,230,252,127335,4970,867695,3304000
2556,232,246,127103,4956,867941,3380700
2557,244,242,126859,4958,868183,3491800
2558,235,270,126624,4923,868453,3068600
2559,243,263,126381,4903,868716,3612100
2560,233,253,126148,4883,868969,3226500
2561,250,268,125898,4865,869237,3043700
2562,247,219,125651,4893,869456,3031800
2563,244,247,125407,4890,869703,3084100
2564,249,257,125158,4882,869960,3552200
2565,229,262,124929,4849,870222,3512100
2566,232,259,124697,4822,870481,3033400
2567,243,223,124454,4842,870704,3004500
2568,228,284,124226,4786,870988,3876000
2569,234,232,123992,4788,871220,3370400
2570,254,247,123738,4795,871467,3076300
2571,263,235,123475,4823,871702,2984500
2572,257,225,123218,4855,871927,2881400
2573,272,255,122946,4872,872182,3258000
2574,246,277,122700,4841,872459,2917000
2575,236,258,122464,4819,872717,2970400
2576,230,261,122234,4788,872978,2978600
2577,205,234,122029,4759,873212,2884100
2578,236,226,121793,4769,873438,2982900
2579,251,257,121542,4763,873695,2928800
2580,241,237,121301,4767,873932,2938700
2581,238,248,121063,4757,874180,2871600
2582,214,243,120849,4728,874423,2825600
2583,261,236,120588,4753,874659,2952300
2584,226,267,120362,4712,874926,2900800
2585,225,266,120137,4671,875192,2923500
2586,255,237,119882,4689,875429,2876500
2587,248,232,119634,4705,875661,2848500
2588,215,250,119419,4670,875911,2888000
2589,265,259,119154,4676,876170,3009500
2590,239,235,118915,4680,876405,3535800
2591,237,214,118678,4703,876619,3032200
2592,231,232,118447,4702,876851,2978900
2593,240,232,118207,4710,877083,2965900
2594,243,217,117964,4736,877300,3128800
2595,240,255,117724,4721,877555,3116300
2596,234,274,117490,4681,877829,3054600
2597,248,268,117242,4661,878097,3133600
2598,255,244,116987,4672,878341,3025200
2599,245,245,116742,4672,878586,3451500
2600,239,259,116503,4652,878845,3185300
2601,247,215,116256,4684,879060,2926000
2602,259,251,115997,4692,879311,2909300
2603,236,224,115761,4704,879535,2900900
2604,259,241,115502,4722,879776,2962800
2605,232,221,115270,4733,879997,2887800
2606,259,271,115011,4721,880268,2858600
2607,230,239,114781,4712,880507,2846200
2608,259,219,114522,4752,880726,2866900
2609,254,216,114268,4790,880942,2804400
2610,245,201,114023,4834,881143,3021400
2611,238,245,113785,4827,881388,2847300
2612,234,245,113551,4816,881633,2820500
2613,249,257,113302,4808,881890,2800800
2614,266,203,113036,4871,882093,2781700
2615,237,236,112799,4872,882329,2802100
2616,232,263,112567,4841,882592,2835500
2617,259,269,112308,4831,882861,2760500
2618,247,238,112061,4840,883099,2776700
2619,243,246,111818,4837,883345,2778300
2620,231,276,111587,4792,883621,2820300
2621,231,235,111356,4788,883856,2895500
2622,239,269,111117,4758,884125,2808000
2623,275,219,110842,4814,884344,2856000
2624,235,218,110607,4831,884562,2784600
2625,238,245,110369,4824,884807,2817800
2626,233,237,110136,4820,885044,2832600
2627,224,234,109912,4810,885278,2789100
2628,209,255,109703,4764,885533,2781800
2629,207,220,109496,4751,885753,2820900
2630,240,243,109256,4748,885996,2830100
2631,224,253,109032,4719,886249,2821500
2632,225,219,108807,4725,886468,3065300
2633,200,246,108607,4679,886714,2757500
2634,231,265,108376,4645,886979,2770500
2635,217,241,108159,4621,887220,2721600
2636,263,236,107896,4648,887456,2827800
2637,224,241,107672,4631,887697,2922900
2638,228,246,107444,4613,887943,2948500
2639,222,229,107222,4606,888172,2936700
2640,241,235,106981,4612,888407,2803400
2641,237,227,106744,4622,888634,2878400
2642,203,231,106541,4594,888865,3127000
2643,265,211,106276,4648,889076,3015800
2644,216,243,106060,4621,889319,3030100
2645,230,240,105830,4611,889559,2774000
2646,219,212,105611,4618,889771,2725100
2647,265,259,105346,4624,890030,2711900
2648,249,197,105097,4676,890227,2731500
2649,241,237,104856,4680,890464,2723600
2650,244,234,104612,4690,890698,2735900
2651,262,229,104350,4723,890927,2727500
2652,231,216,104119,4738,891143,2732700
2653,227,231,103892,4734,891374,2780500
2654,227,230,103665,4731,891604,2821900
2655,257,264,103408,4724,891868,2603500
2656,236,260,103172,4700,892128,2583700
2657,220,233,102952,4687,892361,2629000
2658,202,244,102750,4645,892605,2608300
2659,208,246,102542,4607,892851,2849000
2660,238,218,102304,4627,893069,2636100
2661,243,242,102061,4628,893311,2593900
2662,231,253,101830,4606,893564,2565900
2663,230,225,101600,4611,893789,2575200
2664,237,217,101363,4631,894006,2556800
2665,225,231,101138,4625,894237,2876900
2666,223,250,100915,4598,894487,2627100
2667,229,229,100686,4598,894716,2601500
2668,224,253,100462,4569,894969,2581000
2669,193,208,100269,4554,895177,2634800
2670,232,219,100037,4567,895396,2614100
2671,242,218,99795,4591,895614,2661100
2672,225,250,99570,4566,895864,2592300
2673,219,245,99351,4540,896109,2586700
2674,231,209,99120,4562,896318,2570300
2675,206,213,98914,4555,896531,2555100
2676,208,235,98706,4528,896766,2547500
2677,210,208,98496,4530,896974,2569800
2678,206,235,98290,4501,897209,2608800
2679,214,225,98076,4490,897434,2559800
2680,225,204,97851,4511,897638,2553900
2681,224,231,97627,4504,897869,2562100
2682,218,253,97409,4469,898122,2593000
2683,193,199,97216,4463,898321,2771700
2684,229,236,96987,4456,898557,2892200
2685,204,251,96783,4409,898808,2578600
2686,216,240,96567,4385,899048,2547700
2687,218,233,96349,4370,899281,2560200
2688,227,218,96122,4379,899499,2527400
2689,216,206,95906,4389,899705,2587600
2690,241,225,95665,4405,899930,2614200
2691,209,213,95456,4401,900143,2574100
2692,209,256,95247,4354,900399,2542400
2693,209,205,95038,4358,900604,2579400
2694,218,232,94820,4344,900836,2599300
2695,216,222,94604,4338,901058,2586200
2696,212,224,94392,4326,901282,2769900
2697,201,216,94191,4311,901498,2569100
2698,216,227,93975,4300,901725,2553100
2699,223,252,93752,4271,901977,2533200
2700,219,215,93533,4275,902192,2537700
2701,220,209,93313,4286,902401,2564400
2702,227,235,93086,4278,902636,2559200
2703,218,193,92868,4303,902829,2542300
2704,206,199,92662,4310,903028,2542400
2705,235,191,92427,4354,903219,2547500
2706,211,215,92216,4350,903434,2546800
2707,222,211,91994,4361,903645,2532100
2708,220,232,91774,4349,903877,2696000
2709,212,210,91562,4351,904087,2571900
2710,256,192,91306,4415,904279,2539300
2711,227,223,91079,4419,904502,2534900
2712,222,234,90857,4407,904736,2544000
2713,218,229,90639,4396,904965,2540700
2714,241,225,90398,4412,905190,2860900
2715,221,213,90177,4420,905403,2539800
2716,226,214,89951,4432,905617,2523000
2717,219,224,89732,4427,905841,2538800
2718,204,239,89528,4392,906080,2545000
2719,229,213,89299,4408,906293,2547100
2720,220,200,89079,4428,906493,2640900
2721,228,230,88851,4426,906723,2646100
2722,236,214,88615,4448,906937,2577300
2723,222,205,88393,4465,907142,2607500
2724,213,207,88180,4471,907349,2572400
2725,229,223,87951,4477,907572,2554200
2726,223,238,87728,4462,907810,2615700
2727,216,235,87512,4443,908045,2566100
2728,210,191,87302,4462,908236,2552700
2729,208,226,87094,4444,908462,2615700
2730,218,223,86876,4439,908685,2756900
2731,222,237,86654,4424,908922,2713400
2732,202,232,86452,4394,909154,2715600
2733,203,226,86249,4371,909380,2605700
2734,229,250,86020,4350,909630,2620400
2735,223,222,85797,4351,909852,2571300
2736,211,215,85586,4347,910067,2556000
2737,193,242,85393,4298,910309,2567500
2738,205,220,85188,4283,910529,2856100
2739,215,201,84973,4297,910730,2589900
2740,221,208,84752,4310,910938,2553100
2741,208,238,84544,4280,911176,2554100
2742,211,179,84333,4312,911355,2534600
2743,209,196,84124,4325,911551,2534600
2744,236,224,83888,4337,911775,2582800
2745,207,252,83681,4292,912027,2599100
2746,220,211,83461,4301,912238,2591100
2747,207,221,83254,4287,912459,2585300
2748,243,195,83011,4335,912654,2548800
2749,202,212,82809,4325,912866,2593900
2750,233,194,82576,4364,913060,2958500
2751,227,226,82349,4365,913286,2581100
2752,233,212,82116,4386,913498,2681900
2753,237,216,81879,4407,913714,2541100
2754,203,206,81676,4404,913920,2591900
2755,248,226,81428,4426,914146,2588600
2756,226,217,81202,4435,914363,2588100
2757,199,214,81003,4420,914577,2575800
2758,234,224,80769,4430,914801,2571400
2759,193,191,80576,4432,914992,2544100
2760,206,214,80370,4424,915206,2909200
2761,218,249,80152,4393,915455,2546900
2762,205,208,79947,4390,915663,2586000
2763,210,189,79737,4411,915852,2527000
2764,245,245,79492,4411,916097,2529300
2765,232,233,79260,4410,916330,2526500
2766,211,208,79049,4413,916538,2533200
2767,218,218,78831,4413,916756,2564600
2768,219,209,78612,4423,916965,2900400
2769,215,208,78397,4430,917173,2603300
2770,226,220,78171,4436,917393,2554400
2771,195,218,77976,4413,917611,2625300
2772,231,234,77745,4410,917845,2563200
2773,191,206,77554,4395,918051,2570400
2774,225,247,77329,4373,918298,2570800
2775,221,223,77108,4371,918521,2593900
2776,220,236,76888,4355,918757,2548900
2777,218,221,76670,4352,918978,2540300
2778,223,203,76447,4372,919181,2551900
2779,239,233,76208,4378,919414,2695500
2780,216,210,75992,4384,919624,2546900
2781,208,207,75784,4385,919831,2543900
2782,219,235,75565,4369,920066,2532100
2783,219,240,75346,4348,920306,2521900
2784,195,198,75151,4345,920504,2516100
2785,215,200,74936,4360,920704,2627200
2786,234,212,74702,4382,920916,2565400
2787,226,241,74476,4367,921157,2582500
2788,223,226,74253,4364,921383,2535100
2789,213,192,74040,4385,921575,2551700
2790,204,224,73836,4365,921799,2522200
2791,223,217,73613,4371,922016,2884000
2792,237,229,73376,4379,922245,2589700
2793,244,211,73132,4412,922456,2565500
2794,233,222,72899,4423,922678,2540100
2795,228,215,72671,4436,922893,2571100
2796,201,220,72470,4417,923113,2552600
2797,200,217,72270,4400,923330,2718700
2798,233,217,72037,4416,923547,2605200
2799,209,229,71828,4396,923776,2577300
2800,194,235,71634,4355,924011,2562500
2801,196,224,71438,4327,924235,2565000
2802,179,208,71259,4298,924443,2524700
2803,192,221,71067,4269,924664,2576800
2804,207,219,70860,4257,924883,2544000
2805,200,228,70660,4229,925111,2534900
2806,196,197,70464,4228,925308,2530000
2807,205,235,70259,4198,925543,2513500
2808,203,208,70056,4193,925751,2509900
2809,218,223,69838,4188,925974,2832900
2810,224,184,69614,4228,926158,2644600
2811,198,253,69416,4173,926411,2559800
2812,188,213,69228,4148,926624,2581000
2813,187,222,69041,4113,926846,2571600
2814,188,191,68853,4110,927037,2576400
2815,206,192,68647,4124,927229,2611600
2816,194,207,68453,4111,927436,2606800
2817,203,199,68250,4115,927635,2554300
2818,183,174,68067,4124,927809,2508200
2819,209,198,67858,4135,928007,2556400
2820,181,235,67677,4081,928242,2549200
2821,213,211,67464,4083,928453,2581800
2822,181,211,67283,4053,928664,2579100
2823,196,203,67087,4046,928867,2578100
2824,186,215,66901,4017,929082,2591600
2825,195,196,66706,4016,929278,2527900
2826,192,211,66514,3997,929489,2550100
2827,188,191,66326,3994,929680,2616800
2828,202,213,66124,3983,929893,2597800
2829,201,217,65923,3967,930110,2546200
2830,220,192,65703,3995,930302,2562200
2831,189,228,65514,3956,930530,2540000
2832,211,188,65303,3979,930718,2535600
2833,214,185,65089,4008,930903,2538300
2834,190,216,64899,3982,931119,2534800
2835,208,171,64691,4019,931290,2509300
2836,202,224,64489,3997,931514,2515300
2837,211,194,64278,4014,931708,2532800
2838,183,227,64095,3970,931935,2516600
2839,194,210,63901,3954,932145,2526600
2840,206,189,63695,3971,932334,2574000
2841,201,191,63494,3981,932525,2518100
2842,182,197,63312,3966,932722,2505000
2843,206,195,63106,3977,932917,2508200
2844,220,208,62886,3989,933125,2520900
2845,210,211,62676,3988,933336,2548900
2846,206,190,62470,4004,933526,3149600
2847,220,203,62250,4021,933729,2561700
2848,195,209,62055,4007,933938,2545300
2849,222,201,61833,4028,934139,2595000
2850,223,217,61610,4034,934356,2547400
2851,196,203,61414,4027,934559,2652800
2852,186,210,61228,4003,934769,2811900
2853,224,215,61004,4012,934984,2577300
2854,202,201,60802,4013,935185,2559900
2855,207,194,60595,4026,935379,2540200
2856,196,195,60399,4027,935574,2515300
2857,211,217,60188,4021,935791,2739500
2858,238,176,59950,4083,935967,3068500
2859,197,194,59753,4086,936161,2535400
2860,193,209,59560,4070,936370,2526700
2861,200,212,59360,4058,936582,2518800
2862,208,182,59152,4084,936764,2520100
2863,200,206,58952,4078,936970,2605900
2864,185,191,58767,4072,937161,2544900
2865,203,212,58564,4063,937373,2519400
2866,178,236,58386,4005,937609,2520500
2867,195,212,58191,3988,937821,2515600
2868,181,216,58010,3953,938037,2629900
2869,181,175,57829,3959,938212,2560200
2870,183,187,57646,3955,938399,2544300
2871,182,195,57464,3942,938594,2589000
2872,171,171,57293,3942,938765,2533500
2873,183,200,57110,3925,938965,2558600
2874,176,212,56934,3889,939177,2552700
2875,187,226,56747,3850,939403,2571500
2876,179,177,56568,3852,939580,3077700
2877,176,202,56392,3826,939782,2538600
2878,156,197,56236,3785,939979,2540500
2879,168,205,56068,3748,940184,2538300
2880,153,162,55915,3739,940346,2498900
2881,159,169,55756,3729,940515,2513900
2882,176,195,55580,3710,940710,2622000
2883,173,192,55407,3691,940902,2530200
2884,166,204,55241,3653,941106,2506300
2885,176,176,55065,3653,941282,2516400
2886,182,172,54883,3663,941454,2518600
2887,190,184,54693,3669,941638,2493500
2888,168,183,54525,3654,941821,2564100
2889,168,171,54357,3651,941992,2528900
2890,164,168,54193,3647,942160,2513700
2891,169,178,54024,3638,942338,2523300
2892,183,159,53841,3662,942497,2500800
2893,176,180,53665,3658,942677,2507900
2894,179,181,53486,3656,942858,2561700
2895,176,183,53310,3649,943041,2518100
2896,164,168,53146,3645,943209,2497700
2897,166,158,52980,3653,943367,2526700
2898,156,196,52824,3613,943563,2505500
2899,144,193,52680,3564,943756,2552700
2900,171,175,52509,3560,943931,2612000
2901,165,175,52344,3550,944106,2642500
2902,170,185,52174,3535,944291,2570800
2903,153,165,52021,3523,944456,2527500
2904,167,176,51854,3514,944632,2517800
2905,180,179,51674,3515,944811,2508400
2906,155,168,51519,3502,944979,2510200
2907,159,175,51360,3486,945154,2889500
2908,160,191,51200,3455,945345,2517800
2909,173,173,51027,3455,945518,2523300
2910,156,176,50871,3435,945694,2493500
2911,149,165,50722,3419,945859,2503900
2912,161,176,50561,3404,946035,2503900
2913,146,179,50415,3371,946214,2563800
2914,150,170,50265,3351,946384,2500800
2915,159,183,50106,3327,946567,2490200
2916,163,182,49943,3308,946749,2499700
2917,138,163,49805,3283,946912,2493500
2918,148,156,49657,3275,947068,2523600
2919,149,160,49508,3264,947228,2784400
2920,166,179,49342,3251,947407,2533100
2921,146,177,49196,3220,947584,2626200
2922,157,145,49039,3232,947729,2519500
2923,137,164,48902,3205,947893,2650000
2924,151,154,48751,3202,948047,2675500
2925,144,160,48607,3186,948207,2785200
2926,153,159,48454,3180,948366,2827400
2927,148,159,48306,3169,948525,2749300
2928,149,145,48157,3173,948670,2635600
2929,138,155,48019,3156,948825,2705200
2930,124,138,47895,3142,948963,2823900
2931,132,168,47763,3106,949131,2976800
2932,140,152,47623,3094,949283,2602300
2933,130,151,47493,3073,949434,2503900
2934,139,177,47354,3035,949611,2507500
2935,119,125,47235,3029,949736,2613300
2936,159,143,47076,3045,949879,2787700
2937,129,171,46947,3003,950050,2710600
2938,141,141,46806,3003,950191,2553100
2939,132,152,46674,2983,950343,2536200
2940,139,141,46535,2981,950484,2532600
2941,135,156,46400,2960,950640,2511600
2942,132,144,46268,2948,950784,2519400
2943,122,158,46146,2912,950942,2503600
2944,129,151,46017,2890,951093,2489500
2945,133,157,45884,2866,951250,2486600
2946,120,131,45764,2855,951381,2594100
2947,107,145,45657,2817,951526,2497100
2948,129,154,45528,2792,951680,2871300
2949,130,153,45398,2769,951833,2704900
2950,122,134,45276,2757,951967,2591500
2951,100,132,45176,2725,952099,2582600
2952,104,133,45072,2696,952232,2666800
2953,107,133,44965,2670,952365,2602600
2954,108,160,44857,2618,952525,2659600
2955,96,146,44761,2568,952671,2845800
2956,87,122,44674,2533,952793,2758400
2957,106,125,44568,2514,952918,2762300
2958,98,123,44470,2489,953041,2917300
2959,117,117,44353,2489,953158,2509700
2960,108,121,44245,2476,953279,2866400
2961,102,130,44143,2448,953409,2500500
2962,113,137,44030,2424,953546,2494000
2963,108,123,43922,2409,953669,2492200
2964,101,114,43821,2396,953783,2464200
2965,90,129,43731,2357,953912,2469000
2966,107,122,43624,2342,954034,2654900
2967,95,127,43529,2310,954161,3072300
2968,103,93,43426,2320,954254,2711900
2969,112,112,43314,2320,954366,2648800
2970,109,121,43205,2308,954487,2541200
2971,109,110,43096,2307,954597,2496900
2972,91,130,43005,2268,954727,2798900
2973,89,125,42916,2232,954852,3198300
2974,101,101,42815,2232,954953,2943100
2975,89,112,42726,2209,955065,2945300
2976,99,125,42627,2183,955190,2977000
2977,88,110,42539,2161,955300,2988100
2978,102,121,42437,2142,955421,2601800
2979,79,109,42358,2112,955530,2499300
2980,97,97,42261,2112,955627,2502300
2981,90,112,42171,2090,955739,2504500
2982,93,83,42078,2100,955822,2475700
2983,97,110,41981,2087,955932,2580100
2984,95,94,41886,2088,956026,2605700
2985,90,94,41796,2084,956120,2600500
2986,104,117,41692,2071,956237,2574300
2987,93,100,41599,2064,956337,2563900
2988,94,104,41505,2054,956441,2536100
2989,112,116,41393,2050,956557,2525100
2990,93,82,41300,2061,956639,2616600
2991,84,108,41216,2037,956747,2545200
2992,94,118,41122,2013,956865,2525600
2993,76,104,41046,1985,956969,2501600
2994,92,112,40954,1965,957081,2525700
2995,86,98,40868,1953,957179,2486500
2996,116,98,40752,1971,957277,2853000
2997,99,124,40653,1946,957401,2776600
2998,99,119,40554,1926,957520,2991100
2999,89,95,40465,1920,957615,2816400
3000,88,103,40377,1905,957718,2733500
3001,88,87,40289,1906,957805,2753200
3002,101,117,40188,1890,957922,2802300
3003,91,92,40097,1889,958014,2856900
3004,79,97,40018,1871,958111,2717400
3005,102,99,39916,1874,958210,2720100
3006,81,71,39835,1884,958281,2963500
3007,89,105,39746,1868,958386,2537400
3008,80,92,39666,1856,958478,2504100
3009,88,94,39578,1850,958572,2478700
3010,87,81,39491,1856,958653,2477800
3011,79,102,39412,1833,958755,2496400
3012,82,81,39330,1834,958836,2453400
3013,100,97,39230,1837,958933,2469900
3014,88,104,39142,1821,959037,2640300
3015,83,81,39059,1823,959118,2498700
3016,94,79,38965,1838,959197,2489600
3017,95,94,38870,1839,959291,2481900
3018,96,80,38774,1855,959371,2477600
3019,83,79,38691,1859,959450,2479200
3020,98,77,38593,1880,959527,2519600
3021,93,90,38500,1883,959617,2472100
3022,86,93,38414,1876,959710,2487200
3023,91,96,38323,1871,959806,2484200
3024,92,104,38231,1859,959910,2485000
3025,87,89,38144,1857,959999,2570900
3026,76,99,38068,1834,960098,2653000
3027,84,107,37984,1811,960205,2780000
3028,97,94,37887,1814,960299,2608500
3029,100,81,37787,1833,960380,2558100
3030,94,79,37693,1848,960459,2502800
3031,93,86,37600,1855,960545,2511800
3032,96,99,37504,1852,960644,2530000
3033,87,89,37417,1850,960733,2522800
3034,84,73,37333,1861,960806,2495500
3035,103,99,37230,1865,960905,2490900
3036,101,95,37129,1871,961000,2501300
3037,92,98,37037,1865,961098,2474500
3038,100,101,36937,1864,961199,2475500
3039,102,91,36835,1875,961290,2867800
3040,98,98,36737,1875,961388,2731900
3041,94,100,36643,1869,961488,2682200
3042,103,99,36540,1873,961587,2695300
3043,84,106,36456,1851,961693,2683500
3044,102,109,36354,1844,961802,2878600
3045,102,86,36252,1860,961888,2967000
3046,87,89,36165,1858,961977,2833300
3047,84,97,36081,1845,962074,2914700
3048,87,95,35994,1837,962169,2727400
3049,75,105,35919,1807,962274,2708200
3050,101,89,35818,1819,962363,2530100
3051,101,99,35717,1821,962462,2489000
3052,100,89,35617,1832,962551,2487500
3053,83,90,35534,1825,962641,2437900
3054,95,94,35439,1826,962735,2450300
3055,75,98,35364,1803,962833,2433100
3056,84,85,35280,1802,962918,2491500
3057,95,104,35185,1793,963022,2435100
3058,73,83,35112,1783,963105,2419700
3059,89,104,35023,1768,963209,2413700
3060,78,86,34945,1760,963295,2412500
3061,87,89,34858,1758,963384,2408800
3062,87,86,34771,1759,963470,2868600
3063,98,96,34673,1761,963566,2573200
3064,89,95,34584,1755,963661,2430900
3065,94,86,34490,1763,963747,2423300
3066,88,85,34402,1766,963832,2468100
3067,74,87,34328,1753,963919,2431700
3068,97,90,34231,1760,964009,2437900
3069,90,93,34141,1757,964102,2468700
3070,91,82,34050,1766,964184,2434500
3071,96,92,33954,1770,964276,2432000
3072,102,87,33852,1785,964363,2419900
3073,83,101,33769,1767,964464,2421200
3074,86,88,33683,1765,964552,2418300
3075,102,82,33581,1785,964634,2491100
3076,80,104,33501,1761,964738,2431900
3077,101,89,33400,1773,964827,2471000
3078,70,85,33330,1758,964912,2465100
3079,92,71,33238,1779,964983,2488100
3080,84,87,33154,1776,965070,2446700
3081,88,72,33066,1792,965142,2466500
3082,78,97,32988,1773,965239,2440100
3083,105,100,32883,1778,965339,2414200
3084,86,87,32797,1777,965426,2420800
3085,78,102,32719,1753,965528,2415300
3086,91,84,32628,1760,965612,2434200
3087,85,81,32543,1764,965693,2437300
3088,87,83,32456,1768,965776,2481700
3089,96,84,32360,1780,965860,2422400
3090,101,75,32259,1806,965935,2426600
3091,82,109,32177,1779,966044,2416900
3092,76,82,32101,1773,966126,2403200
3093,83,95,32018,1761,966221,2413000
3094,89,88,31929,1762,966309,2548800
3095,97,84,31832,1775,966393,2449200
3096,84,93,31748,1766,966486,2421100
3097,79,85,31669,1760,966571,2423300
3098,92,78,31577,1774,966649,2444300
3099,101,81,31476,1794,966730,2406900
3100,90,89,31386,1795,966819,2438700
3101,79,90,31307,1784,966909,2471700
3102,98,81,31209,1801,966990,2429500
3103,88,84,31121,1805,967074,2431000
3104,87,93,31034,1799,967167,2464100
3105,95,85,30939,1809,967252,2427600
3106,95,89,30844,1815,967341,2534800
3107,74,110,30770,1779,967451,2493200
3108,101,86,30669,1794,967537,2442800
3109,81,103,30588,1772,967640,2440200
3110,90,77,30498,1785,967717,2429300
3111,87,89,30411,1783,967806,2426100
3112,85,92,30326,1776,967898,2436000
3113,91,89,30235,1778,967987,2444600
3114,89,82,30146,1785,968069,2434500
3115,92,76,30054,1801,968145,2420900
3116,69,106,29985,1764,968251,2423700
3117,81,80,29904,1765,968331,2496800
3118,84,89,29820,1760,968420,2691100
3119,79,87,29741,1752,968507,2750500
3120,69,94,29672,1727,968601,2707100
3121,77,81,29595,1723,968682,2504600
3122,79,91,29516,1711,968773,2529900
3123,61,87,29455,1685,968860,2501600
3124,78,83,29377,1680,968943,2476500
3125,87,89,29290,1678,969032,2502800
3126,64,104,29226,1638,969136,2535900
3127,93,85,29133,1646,969221,2572900
3128,88,96,29045,1638,969317,2502900
3129,81,83,28964,1636,969400,2567700
3130,75,72,28889,1639,969472,2453200
3131,83,85,28806,1637,969557,2639800
3132,82,88,28724,1631,969645,2913000
3133,53,77,28671,1607,969722,2433500
3134,71,72,28600,1606,969794,2405800
3135,77,94,28523,1589,969888,2848900
3136,66,79,28457,1576,969967,2395800
3137,95,69,28362,1602,970036,2406600
3138,82,72,28280,1612,970108,2502900
3139,83,91,28197,1604,970199,2406600
3140,83,85,28114,1602,970284,2402900
3141,80,88,28034,1594,970372,2413400
3142,86,80,27948,1600,970452,2403800
3143,59,82,27889,1577,970534,2394700
3144,66,76,27823,1567,970610,2424400
3145,79,92,27744,1554,970702,2416200
3146,78,67,27666,1565,970769,2414700
3147,70,80,27596,1555,970849,2395800
3148,76,76,27520,1555,970925,2398800
3149,74,81,27446,1548,971006,2390000
3150,89,84,27357,1553,971090,2604400
3151,74,81,27283,1546,971171,2635600
3152,82,79,27201,1549,971250,2401300
3153,70,72,27131,1547,971322,2367300
3154,65,75,27066,1537,971397,2434700
3155,73,78,26993,1532,971475,2399300
3156,68,77,26925,1523,971552,2399500
3157,84,74,26841,1533,971626,2433300
3158,75,77,26766,1531,971703,2429000
3159,66,61,26700,1536,971764,2459000
3160,61,63,26639,1534,971827,2447400
3161,68,86,26571,1516,971913,2431500
3162,72,80,26499,1508,971993,2417100
3163,58,73,26441,1493,972066,2464200
3164,88,65,26353,1516,972131,2453000
3165,70,78,26283,1508,972209,2405800
3166,64,80,26219,1492,972289,2423300
3167,54,77,26165,1469,972366,2412600
3168,74,65,26091,1478,972431,2409600
3169,69,64,26022,1483,972495,2456000
3170,61,69,25961,1475,972564,2413400
3171,61,61,25900,1475,972625,2410700
3172,60,75,25840,1460,972700,2414200
3173,76,70,25764,1466,972770,2384500
3174,63,62,25701,1467,972832,2403900
3175,73,86,25628,1454,972918,2398000
3176,65,69,25563,1450,972987,2457000
3177,72,72,25491,1450,973059,2390800
3178,64,64,25427,1450,973123,2408200
3179,73,73,25354,1450,973196,2404900
3180,59,73,25295,1436,973269,2397500
3181,43,70,25252,1409,973339,2400800
3182,52,72,25200,1389,973411,2400800
3183,56,74,25144,1371,973485,2448400
3184,56,64,25088,1363,973549,2398100
3185,69,70,25019,1362,973619,2427900
3186,65,65,24954,1362,973684,2411100
3187,56,78,24898,1340,973762,2466100
3188,55,64,24843,1331,973826,2423900
3189,53,64,24790,1320,973890,2465600
3190,57,59,24733,1318,973949,2398200
3191,42,61,24691,1299,974010,2414800
3192,47,59,24644,1287,974069,2412900
3193,59,72,24585,1274,974141,2378200
3194,51,68,24534,1257,974209,2376200
3195,53,66,24481,1244,974275,2432100
3196,51,60,24430,1235,974335,2397100
3197,60,60,24370,1235,974395,2409400
3198,52,54,24318,1233,974449,2400000
3199,52,59,24266,1226,974508,2382500
3200,53,52,24213,1227,974560,2380500
3201,68,60,24145,1235,974620,2392500
3202,58,69,24087,1224,974689,2440400
3203,56,61,24031,1219,974750,2446500
3204,60,61,23971,1218,974811,2460500
3205,46,46,23925,1218,974857,2430300
3206,58,52,23867,1224,974909,2449200
3207,61,53,23806,1232,974962,2445400
3208,56,62,23750,1226,975024,2518200
3209,62,58,23688,1230,975082,2459000
3210,53,66,23635,1217,975148,2414700
3211,70,72,23565,1215,975220,2399400
3212,50,59,23515,1206,975279,2391300
3213,56,47,23459,1215,975326,2437800
3214,67,49,23392,1233,975375,2432600
3215,75,58,23317,1250,975433,2489300
3216,63,57,23254,1256,975490,2429300
3217,58,63,23196,1251,975553,2407200
3218,51,63,23145,1239,975616,2398000
3219,69,64,23076,1244,975680,2393300
3220,49,64,23027,1229,975744,2391800
3221,50,66,22977,1213,975810,2933600
3222,61,57,22916,1217,975867,2421100
3223,54,61,22862,1210,975928,2396300
3224,54,50,22808,1214,975978,2381000
3225,46,57,22762,1203,976035,2379400
3226,57,59,22705,1201,976094,2358700
3227,41,65,22664,1177,976159,2441600
3228,47,60,22617,1164,976219,2406400
3229,51,56,22566,1159,976275,2410200
3230,52,47,22514,1164,976322,2417200
3231,56,51,22458,1169,976373,2433400
3232,42,48,22416,1163,976421,2426000
3233,49,39,22367,1173,976460,2431700
3234,63,68,22304,1168,976528,2563500
3235,45,61,22259,1152,976589,2406100
3236,57,59,22202,1150,976648,2735400
3237,48,42,22154,1156,976690,2418400
3238,51,59,22103,1148,976749,2566400
3239,45,54,22058,1139,976803,2413100
3240,47,61,22011,1125,976864,2546600
3241,47,53,21964,1119,976917,2464300
3242,51,49,21913,1121,976966,2493200
3243,42,42,21871,1121,977008,2439900
3244,51,69,21820,1103,977077,2418500
3245,41,62,21779,1082,977139,2423800
3246,46,51,21733,1077,977190,2402600
3247,51,52,21682,1076,977242,2387500
3248,37,57,21645,1056,977299,2381700
3249,54,58,21591,1052,977357,2376400
3250,33,55,21558,1030,977412,2381700
3251,38,58,21520,1010,977470,2356700
3252,41,47,21479,1004,977517,2393300
3253,45,64,21434,985,977581,2449500
3254,52,49,21382,988,977630,2416100
3255,46,38,21336,996,977668,2372900
3256,49,46,21287,999,977714,2377500
3257,47,55,21240,991,977769,2374600
3258,50,48,21190,993,977817,2370400
3259,43,46,21147,990,977863,2401800
3260,41,58,21106,973,977921,2356200
3261,45,57,21061,961,977978,2353000
3262,40,44,21021,957,978022,2354100
3263,42,43,20979,956,978065,2347600
3264,52,43,20927,965,978108,2335400
3265,47,62,20880,950,978170,2381300
3266,52,48,20828,954,978218,2364200
3267,44,43,20784,955,978261,2368600
3268,42,55,20742,942,978316,2401400
3269,48,58,20694,932,978374,2372300
3270,41,66,20653,907,978440,2426600
3271,50,43,20603,914,978483,2393900
3272,36,51,20567,899,978534,2382200
3273,37,44,20530,892,978578,2368600
3274,30,35,20500,887,978613,2361600
3275,44,41,20456,890,978654,2353200
3276,41,35,20415,896,978689,2358000
3277,41,55,20374,882,978744,2351900
3278,38,34,20336,886,978778,2381300
3279,48,36,20288,898,978814,2352100
3280,40,45,20248,893,978859,2350500
3281,43,53,20205,883,978912,2339300
3282,37,52,20168,868,978964,2382400
3283,39,35,20129,872,978999,2376600
3284,40,51,20089,861,979050,2356100
3285,32,48,20057,845,979098,2350100
3286,41,41,20016,845,979139,2346700
3287,41,34,19975,852,979173,2368600
3288,55,49,19920,858,979222,2349000
3289,45,46,19875,857,979268,2390000
3290,32,45,19843,844,979313,2566900
3291,42,42,19801,844,979355,2383800
3292,41,45,19760,840,979400,2378400
3293,30,38,19730,832,979438,2368300
3294,47,44,19683,835,979482,2430200
3295,41,30,19642,846,979512,2458100
3296,37,42,19605,841,979554,2650600
3297,59,43,19546,857,979597,2428700
3298,35,48,19511,844,979645,2396300
3299,53,42,19458,855,979687,2399500
3300,38,40,19420,853,979727,2385100
3301,43,45,19377,851,979772,2363800
3302,37,45,19340,843,979817,2804500
3303,28,41,19312,830,979858,2387200
3304,35,42,19277,823,979900,2380900
3305,43,43,19234,823,979943,2351200
3306,38,42,19196,819,979985,2370700
3307,37,37,19159,819,980022,2343000
3308,37,35,19122,821,980057,2362600
3309,26,45,19096,802,980102,2364500
3310,35,41,19061,796,980143,2355100
3311,34,41,19027,789,980184,2357000
3312,41,36,18986,794,980220,2366200
3313,30,47,18956,777,980267,2359500
3314,27,26,18929,778,980293,2623400
3315,30,40,18899,768,980333,2390000
3316,22,42,18877,748,980375,2391000
3317,34,40,18843,742,980415,2376600
3318,45,37,18798,750,980452,2348300
3319,32,43,18766,739,980495,2382600
3320,25,33,18741,731,980528,2428200
3321,37,31,18704,737,980559,2425100
3322,38,31,18666,744,980590,2393200
3323,38,41,18628,741,980631,2392600
3324,38,46,18590,733,980677,2357000
3325,43,40,18547,736,980717,2368500
3326,34,34,18513,736,980751,2520400
3327,34,30,18479,740,980781,2542200
3328,48,31,18431,757,980812,2444000
3329,45,37,18386,765,980849,2428400
3330,44,40,18342,769,980889,2409200
3331,30,44,18312,755,980933,2660300
3332,39,49,18273,745,980982,2412800
3333,47,31,18226,761,981013,2392300
3334,47,27,18179,781,981040,2553800
3335,32,48,18147,765,981088,2504600
3336,37,31,18110,771,981119,2413000
3337,23,37,18087,757,981156,2394700
3338,31,29,18056,759,981185,2382300
3339,34,42,18022,751,981227,2351300
3340,32,49,17990,734,981276,2373600
3341,30,39,17960,725,981315,2333600
3342,40,32,17920,733,981347,2349600
3343,31,41,17889,723,981388,2361300
3344,29,36,17860,716,981424,2347500
3345,39,30,17821,725,981454,2342100
3346,22,32,17799,715,981486,2426500
3347,22,43,17777,694,981529,2365400
3348,26,22,17751,698,981551,2362000
3349,29,34,17722,693,981585,2348800
3350,26,42,17696,677,981627,2346500
3351,27,26,17669,678,981653,2346300
3352,35,40,17634,673,981693,2333200
3353,19,27,17615,665,981720,2333900
3354,27,33,17588,659,981753,2372200
3355,18,45,17570,632,981798,2388100
3356,23,35,17547,620,981833,2414600
3357,37,26,17510,631,981859,2497900
3358,27,29,17483,629,981888,2396800
3359,34,32,17449,631,981920,2399700
3360,33,32,17416,632,981952,2724900
3361,25,32,17391,625,981984,2704200
3362,31,38,17360,618,982022,2451500
3363,26,32,17334,612,982054,2377500
3364,31,39,17303,604,982093,2366900
3365,38,29,17265,613,982122,2380500
3366,26,28,17239,611,982150,2402500
3367,28,29,17211,610,982179,2360700
3368,19,35,17192,594,982214,2386900
3369,22,25,17170,591,982239,2387400
3370,30,36,17140,585,982275,2380100
3371,29,28,17111,586,982303,2455300
3372,29,23,17082,592,982326,2395200
3373,28,28,17054,592,982354,2369200
3374,30,25,17024,597,982379,2368400
3375,26,34,16998,589,982413,2354100
3376,26,26,16972,589,982439,2360700
3377,26,33,16946,582,982472,2416700
3378,31,28,16915,585,982500,2406500
3379,31,24,16884,592,982524,2392300
3380,23,34,16861,581,982558,2332900
3381,17,30,16844,568,982588,2337100
3382,24,37,16820,555,982625,2315800
3383,28,31,16792,552,982656,2573500
3384,33,22,16759,563,982678,2472600
3385,28,32,16731,559,982710,2442000
3386,26,22,16705,563,982732,2383700
3387,24,28,16681,559,982760,2412400
3388,23,31,16658,551,982791,2431100
3389,21,30,16637,542,982821,3288100
3390,27,26,16610,543,982847,2763900
3391,29,25,16581,547,982872,2856400
3392,18,26,16563,539,982898,2700600
3393,21,29,16542,531,982927,3161100
3394,28,24,16514,535,982951,2744500
3395,26,18,16488,543,982969,2715700
3396,21,38,16467,526,983007,2452500
3397,22,25,16445,523,983032,2462600
3398,23,30,16422,516,983062,2407500
3399,21,18,16401,519,983080,2430100
3400,22,28,16379,513,983108,2398300
3401,30,25,16349,518,983133,2398000
3402,22,22,16327,518,983155,2353700
3403,18,18,16309,518,983173,2341000
3404,22,28,16287,512,983201,2342300
3405,24,28,16263,508,983229,2455700
3406,37,35,16226,510,983264,2333900
3407,22,26,16204,506,983290,2331100
3408,27,33,16177,500,983323,2329500
3409,29,24,16148,505,983347,2334400
3410,28,27,16120,506,983374,2407900
3411,24,14,16096,516,983388,2599100
3412,20,36,16076,500,983424,2441800
3413,24,23,16052,501,983447,2398000
3414,23,31,16029,493,983478,2377600
3415,30,19,15999,504,983497,2402700
3416,25,20,15974,509,983517,2478500
3417,25,20,15949,514,983537,2500400
3418,23,31,15926,506,983568,2358200
3419,18,22,15908,502,983590,2365800
3420,23,18,15885,507,983608,2340500
3421,17,16,15868,508,983624,2345200
3422,16,18,15852,506,983642,2395200
3423,22,31,15830,497,983673,2342400
3424,21,30,15809,488,983703,2322300
3425,20,29,15789,479,983732,2318400
3426,16,21,15773,474,983753,2319800
3427,16,28,15757,462,983781,2311600
3428,18,26,15739,454,983807,2643500
3429,16,16,15723,454,983823,2323100
3430,29,22,15694,461,983845,2327200
3431,17,22,15677,456,983867,2313300
3432,21,22,15656,455,983889,2309000
3433,14,25,15642,444,983914,2331200
3434,20,17,15622,447,983931,2370200
3435,12,28,15610,431,983959,2325500
3436,16,21,15594,426,983980,2320300
3437,16,20,15578,422,984000,2323200
3438,14,19,15564,417,984019,2323600
3439,15,23,15549,409,984042,2318500
3440,9,19,15540,399,984061,2417600
3441,12,17,15528,394,984078,2358300
3442,11,19,15517,386,984097,2383100
3443,11,20,15506,377,984117,2334400
3444,9,18,15497,368,984135,2383100
3445,15,24,15482,359,984159,2348900
3446,16,23,15466,352,984182,2438200
3447,7,17,15459,342,984199,2376600
3448,9,26,15450,325,984225,2371900
3449,14,13,15436,326,984238,2373900
3450,8,20,15428,314,984258,2391700
3451,9,11,15419,312,984269,2406300
3452,8,17,15411,303,984286,2409300
3453,8,14,15403,297,984300,2371000
3454,17,11,15386,303,984311,2364200
3455,7,16,15379,294,984327,2366300
3456,13,15,15366,292,984342,2406200
3457,7,12,15359,287,984354,2395500
3458,11,13,15348,285,984367,2472100
3459,9,12,15339,282,984379,2375200
3460,6,16,15333,272,984395,2366700
3461,8,15,15325,265,984410,2368200
3462,13,14,15312,264,984424,2349300
3463,5,10,15307,259,984434,2401500
3464,9,14,15298,254,984448,2382900
3465,7,12,15291,249,984460,2378000
3466,2,15,15289,236,984475,2351100
3467,9,7,15280,238,984482,2486600
3468,8,10,15272,236,984492,2401800
3469,10,12,15262,234,984504,2478400
3470,10,11,15252,233,984515,2383600
3471,7,12,15245,228,984527,2387200
3472,7,6,15238,229,984533,2408300
3473,5,11,15233,223,984544,2372100
3474,9,5,15224,227,984549,2366500
3475,6,12,15218,221,984561,2624900
3476,6,5,15212,222,984566,2354200
3477,5,11,15207,216,984577,2360300
3478,5,8,15202,213,984585,2361200
3479,5,12,15197,206,984597,2351300
3480,9,8,15188,207,984605,2344900
3481,7,11,15181,203,984616,2382100
3482,4,7,15177,200,984623,2370300
3483,3,8,15174,195,984631,2707200
3484,2,8,15172,189,984639,2372700
3485,5,12,15167,182,984651,2376000
3486,4,6,15163,180,984657,2591300
3487,3,9,15160,174,984666,2764500
3488,3,11,15157,166,984677,2427300
3489,6,10,15151,162,984687,2406700
3490,4,13,15147,153,984700,2391100
3491,4,12,15143,145,984712,2409500
3492,1,7,15142,139,984719,2647000
3493,3,5,15139,137,984724,2416900
3494,2,4,15137,135,984728,2760100
3495,3,10,15134,128,984738,2463300
3496,1,4,15133,125,984742,2376200
3497,3,7,15130,121,984749,2416000
3498,1,4,15129,118,984753,2826600
3499,2,6,15127,114,984759,2601200
3500,4,6,15123,112,984765,2845600
3501,3,1,15120,114,984766,2639100
3502,3,8,15117,109,984774,2627600
3503,5,3,15112,111,984777,2808400
3504,4,4,15108,111,984781,2942900
3505,3,8,15105,106,984789,2419400
3506,1,6,15104,101,984795,2357800
3507,1,5,15103,97,984800,2337300
3508,1,1,15102,97,984801,2344900
3509,1,3,15101,95,984804,2346000
3510,0,2,15101,93,984806,2314000
3511,9,5,15092,97,984811,2304900
3512,4,1,15088,100,984812,2295200
3513,2,7,15086,95,984819,2302000
3514,2,7,15084,90,984826,2575700
3515,3,3,15081,90,984829,2352200
3516,5,4,15076,91,984833,2367600
3517,4,3,15072,92,984836,2327500
3518,1,3,15071,90,984839,2313300
3519,3,3,15068,90,984842,2314100
3520,6,4,15062,92,984846,2511200
3521,3,7,15059,88,984853,2311100
3522,0,0,15059,88,984853,2301000
3523,3,6,15056,85,984859,2309000
3524,0,4,15056,81,984863,2291100
3525,2,10,15054,73,984873,2566400
3526,1,0,15053,74,984873,2392400
3527,2,2,15051,74,984875,2285800
3528,0,3,15051,71,984878,2303300
3529,0,3,15051,68,984881,2288900
3530,3,1,15048,70,984882,2277500
3531,0,2,15048,68,984884,2337700
3532,2,2,15046,68,984886,2310000
3533,2,7,15044,63,984893,2286800
3534,0,0,15044,63,984893,2271600
3535,0,3,15044,60,984896,2302200
3536,0,0,15044,60,984896,2281900
3537,0,0,15044,60,984896,2679500
3538,0,4,15044,56,984900,2305000
3539,0,1,15044,55,984901,2339500
3540,0,4,15044,51,984905,2305000
3541,1,6,15043,46,984911,2368200
3542,0,1,15043,45,984912,2311400
3543,0,2,15043,43,984914,2343300
3544,0,3,15043,40,984917,2308600
3545,0,1,15043,39,984918,2291500
3546,0,1,15043,38,984919,2298300
3547,0,0,15043,38,984919,2299000
3548,0,2,15043,36,984921,2322900
3549,0,0,15043,36,984921,2289500
3550,0,4,15043,32,984925,2295300
3551,0,1,15043,31,984926,2296000
3552,0,1,15043,30,984927,2294400
3553,0,1,15043,29,984928,2279300
3554,0,4,15043,25,984932,2330600
3555,0,3,15043,22,984935,2290800
3556,0,2,15043,20,984937,2286200
3557,0,1,15043,19,984938,2288200
3558,0,1,15043,18,984939,2316400
3559,0,0,15043,18,984939,2283400
3560,0,0,15043,18,984939,2347400
3561,0,2,15043,16,984941,2300000
3562,0,2,15043,14,984943,2309500
3563,0,2,15043,12,984945,2284600
3564,0,0,15043,12,984945,2326900
3565,0,0,15043,12,984945,2332400
3566,0,2,15043,10,984947,2431900
3567,0,0,15043,10,984947,2338700
3568,0,0,15043,10,984947,2328900
3569,0,1,15043,9,984948,2324900
3570,0,0,15043,9,984948,2300300
3571,0,0,15043,9,984948,2304600
3572,0,1,15043,8,984949,2317500
3573,0,0,15043,8,984949,2298100
3574,0,0,15043,8,984949,2305400
3575,0,0,15043,8,984949,2289400
3576,0,0,15043,8,984949,2332200
3577,0,0,15043,8,984949,2396100
3578,0,0,15043,8,984949,2320600
3579,0,0,15043,8,984949,2299100
3580,0,2,15043,6,984951,2308200
3581,0,1,15043,5,984952,2305700
3582,0,0,15043,5,984952,2310200
3583,0,1,15043,4,984953,2348200
3584,0,0,15043,4,984953,2351300
3585,0,0,15043,4,984953,2340900
3586,0,0,15043,4,984953,2344900
3587,0,1,15043,3,984954,2363600
3588,0,0,15043,3,984954,2407500
3589,0,0,15043,3,984954,2604600
3590,0,0,15043,3,984954,2399200
3591,0,0,15043,3,984954,2357400
3592,0,1,15043,2,984955,2315500
3593,0,0,15043,2,984955,2311700
3594,0,0,15043,2,984955,2627900
3595,0,0,15043,2,984955,2303000
3596,0,0,15043,2,984955,2288400
3597,0,0,15043,2,984955,2294900
3598,0,1,15043,1,984956,2308100
3599,0,0,15043,1,984956,2302400
3600,0,0,15043,1,984956,2330900
3601,0,0,15043,1,984956,2300800
3602,0,0,15043,1,984956,2298600
3603,0,0,15043,1,984956,2294600
3604,0,0,15043,1,984956,2300700
3605,0,0,15043,1,984956,2287500
3606,0,0,15043,1,984956,2345000
3607,0,0,15043,1,984956,2292500
3608,0,0,15043,1,984956,2281100
3609,0,0,15043,1,984956,2324800
3610,0,0,15043,1,984956,2308500
3611,0,0,15043,1,984956,2282000
3612,0,0,15043,1,984956,2314500
3613,0,0,15043,1,984956,2350900
3614,0,0,15043,1,984956,2310900
3615,0,0,15043,1,984956,2350100
3616,0,0,15043,1,984956,2308400
3617,0,0,15043,1,984956,2347700
3618,0,0,15043,1,984956,2316900
3619,0,0,15043,1,984956,2304500
3620,0,0,15043,1,984956,2307600
3621,0,0,15043,1,984956,2314900
3622,0,1,15043,0,984957,2299100
