Tick,NewlyInfected,NewlyRecovered,TotalSusceptible,TotalInfected,TotalRecovered,StepTimeNanos
0,6,0,999989,11,0,2583500
1,7,0,999982,18,0,2490400
2,2,0,999980,20,0,2363400
3,2,0,999978,22,0,2313700
4,4,1,999974,25,1,2307300
5,3,3,999971,25,4,2279000
6,5,2,999966,28,6,2245100
7,8,3,999958,33,9,2277700
8,6,0,999952,39,9,2378700
9,6,1,999946,44,10,2376100
10,7,0,999939,51,10,2295500
11,7,4,999932,54,14,2576100
12,8,5,999924,57,19,2590000
13,5,1,999919,61,20,2452000
14,9,4,999910,66,24,2321300
15,5,2,999905,69,26,2343000
16,9,2,999896,76,28,2319500
17,12,4,999884,84,32,2308200
18,13,1,999871,96,33,3280600
19,7,2,999864,101,35,2344600
20,20,3,999844,118,38,2441700
21,12,9,999832,121,47,2386000
22,12,3,999820,130,50,2375700
23,16,6,999804,140,56,2313400
24,10,8,999794,142,64,2379100
25,14,11,999780,145,75,2390000
26,13,6,999767,152,81,2387700
27,18,6,999749,164,87,2388700
28,12,6,999737,170,93,2380200
29,15,14,999722,171,107,2386300
30,16,10,999706,177,117,2558500
31,16,5,999690,188,122,2439900
32,19,8,999671,199,130,2498800
33,19,10,999652,208,140,2319900
34,22,14,999630,216,154,2415600
35,15,9,999615,222,163,2372100
36,26,8,999589,240,171,2327100
37,19,15,999570,244,186,2405800
38,16,13,999554,247,199,2365600
39,18,8,999536,257,207,2354600
40,25,10,999511,272,217,2367300
41,30,8,999481,294,225,2367200
42,26,13,999455,307,238,2322400
43,19,14,999436,312,252,2376200
44,28,15,999408,325,267,2502200
45,26,24,999382,327,291,2538800
46,31,13,999351,345,304,2542200
47,26,19,999325,352,323,2465300
48,24,20,999301,356,343,2461500
49,23,16,999278,363,359,2507900
50,26,17,999252,372,376,2424000
51,23,21,999229,374,397,2504400
52,39,16,999190,397,413,2438500
53,26,17,999164,406,430,2407000
54,33,17,999131,422,447,2457900
55,37,27,999094,432,474,2434500
56,31,21,999063,442,495,2918700
57,25,27,999038,440,522,2969100
58,28,25,999010,443,547,2569100
59,27,24,998983,446,571,2431800
60,30,20,998953,456,591,2504000
61,29,22,998924,463,613,2669800
62,25,21,998899,467,634,2559500
63,28,17,998871,478,651,2562700
64,29,29,998842,478,680,2454300
65,31,20,998811,489,700,2460100
66,33,28,998778,494,728,2418400
67,32,21,998746,505,749,2414900
68,35,28,998711,512,777,2418900
69,50,25,998661,537,802,2414000
70,38,27,998623,548,829,2406600
71,46,27,998577,567,856,2399400
72,46,30,998531,583,886,2411400
73,48,37,998483,594,923,2396500
74,51,29,998432,616,952,2468300
75,52,43,998380,625,995,2449100
76,48,40,998332,633,1035,2463000
77,48,31,998284,650,1066,2415200
78,50,36,998234,664,1102,2445200
79,52,31,998182,685,1133,2407800
80,48,33,998134,700,1166,2469900
81,57,24,998077,733,1190,2982700
82,65,42,998012,756,1232,2452400
83,67,31,997945,792,1263,2415400
84,49,33,997896,808,1296,2430000
85,57,42,997839,823,1338,2437500
86,63,47,997776,839,1385,2370300
87,71,41,997705,869,1426,2692600
88,58,46,997647,881,1472,2493200
89,62,50,997585,893,1522,2429600
90,62,53,997523,902,1575,2469700
91,54,49,997469,907,1624,2484100
92,58,54,997411,911,1678,2362700
93,64,47,997347,928,1725,2743700
94,50,48,997297,930,1773,2628000
95,67,55,997230,942,1828,2530800
96,65,44,997165,963,1872,2365500
97,51,49,997114,965,1921,2377300
98,64,49,997050,980,1970,2355100
99,52,56,996998,976,2026,2564000
100,65,50,996933,991,2076,2936600
101,80,51,996853,1020,2127,2587600
102,74,50,996779,1044,2177,2473600
103,66,53,996713,1057,2230,2494900
104,68,54,996645,1071,2284,2485600
105,72,59,996573,1084,2343,2447300
106,66,50,996507,1100,2393,2526300
107,72,45,996435,1127,2438,2390700
108,77,58,996358,1146,2496,2421300
109,78,56,996280,1168,2552,2353600
110,77,63,996203,1182,2615,2337500
111,75,57,996128,1200,2672,2366900
112,68,63,996060,1205,2735,2526900
113,90,52,995970,1243,2787,2375700
114,65,69,995905,1239,2856,2375900
115,58,62,995847,1235,2918,2369100
116,86,52,995761,1269,2970,2351500
117,76,52,995685,1293,3022,2360200
118,84,57,995601,1320,3079,2763900
119,91,75,995510,1336,3154,2855000
120,86,71,995424,1351,3225,2711500
121,85,65,995339,1371,3290,2377700
122,64,63,995275,1372,3353,2396900
123,94,60,995181,1406,3413,2482500
124,79,70,995102,1415,3483,2854800
125,97,84,995005,1428,3567,2433600
126,93,58,994912,1463,3625,2382800
127,92,72,994820,1483,3697,2394700
128,110,68,994710,1525,3765,2399500
129,95,61,994615,1559,3826,2400900
130,104,68,994511,1595,3894,2419700
131,98,74,994413,1619,3968,2425200
132,107,78,994306,1648,4046,2355900
133,103,65,994203,1686,4111,2358700
134,106,87,994097,1705,4198,2352400
135,97,104,994000,1698,4302,2355600
136,94,96,993906,1696,4398,2381800
137,103,84,993803,1715,4482,2569300
138,98,90,993705,1723,4572,2557800
139,99,88,993606,1734,4660,2557100
140,115,72,993491,1777,4732,2521400
141,98,57,993393,1818,4789,2448200
142,100,75,993293,1843,4864,2449000
143,105,80,993188,1868,4944,2479200
144,111,87,993077,1892,5031,2407300
145,111,97,992966,1906,5128,2404700
146,106,76,992860,1936,5204,2410500
147,87,106,992773,1917,5310,2369500
148,111,93,992662,1935,5403,2373600
149,135,102,992527,1968,5505,2412600
150,106,80,992421,1994,5585,2401300
151,111,100,992310,2005,5685,2410000
152,130,107,992180,2028,5792,2450100
153,140,120,992040,2048,5912,2425200
154,123,115,991917,2056,6027,2456600
155,120,103,991797,2073,6130,2666600
156,114,87,991683,2100,6217,2571900
157,111,104,991572,2107,6321,2695500
158,112,96,991460,2123,6417,2397200
159,150,103,991310,2170,6520,2417700
160,142,123,991168,2189,6643,2423600
161,137,113,991031,2213,6756,2364400
162,140,110,990891,2243,6866,2407700
163,113,102,990778,2254,6968,2365800
164,144,114,990634,2284,7082,2393900
165,136,127,990498,2293,7209,2408900
166,139,131,990359,2301,7340,2419700
167,131,118,990228,2314,7458,2365800
168,110,105,990118,2319,7563,2424200
169,124,105,989994,2338,7668,2429500
170,143,118,989851,2363,7786,2401400
171,137,113,989714,2387,7899,2369500
172,126,103,989588,2410,8002,2402100
173,142,136,989446,2416,8138,2384000
174,111,116,989335,2411,8254,2392600
175,135,123,989200,2423,8377,2699800
176,116,129,989084,2410,8506,2704300
177,145,113,988939,2442,8619,2594700
178,115,107,988824,2450,8726,2545000
179,143,118,988681,2475,8844,2556100
180,145,116,988536,2504,8960,2513700
181,106,126,988430,2484,9086,2927900
182,115,125,988315,2474,9211,2501000
183,144,132,988171,2486,9343,2411600
184,123,131,988048,2478,9474,2431800
185,147,129,987901,2496,9603,2399800
186,155,116,987746,2535,9719,2375600
187,130,114,987616,2551,9833,2406600
188,139,147,987477,2543,9980,2406800
189,143,127,987334,2559,10107,2450800
190,148,134,987186,2573,10241,2426400
191,139,136,987047,2576,10377,2416200
192,142,132,986905,2586,10509,2400400
193,143,131,986762,2598,10640,2399200
194,134,141,986628,2591,10781,2489000
195,135,121,986493,2605,10902,2437500
196,148,147,986345,2606,11049,2505000
197,142,134,986203,2614,11183,2431600
198,127,125,986076,2616,11308,2404400
199,145,138,985931,2623,11446,2398500
200,130,117,985801,2636,11563,2573500
201,160,133,985641,2663,11696,2639500
202,148,130,985493,2681,11826,2603700
203,151,123,985342,2709,11949,2570500
204,133,161,985209,2681,12110,2454200
205,147,160,985062,2668,12270,2512400
206,144,125,984918,2687,12395,2492600
207,149,117,984769,2719,12512,2597100
208,141,148,984628,2712,12660,2517900
209,157,134,984471,2735,12794,2534300
210,133,155,984338,2713,12949,3135500
211,144,132,984194,2725,13081,2533600
212,141,137,984053,2729,13218,2526100
213,157,148,983896,2738,13366,2560800
214,165,130,983731,2773,13496,2560300
215,145,123,983586,2795,13619,2506200
216,146,123,983440,2818,13742,2492200
217,166,147,983274,2837,13889,2441900
218,194,135,983080,2896,14024,2445900
219,142,141,982938,2897,14165,2491600
220,165,148,982773,2914,14313,2468400
221,159,145,982614,2928,14458,2447700
222,171,149,982443,2950,14607,2425100
223,155,134,982288,2971,14741,2427300
224,164,155,982124,2980,14896,2417100
225,157,155,981967,2982,15051,2474700
226,159,164,981808,2977,15215,2466900
227,180,138,981628,3019,15353,2494400
228,178,161,981450,3036,15514,2447600
229,178,163,981272,3051,15677,2454000
230,160,166,981112,3045,15843,2448300
231,164,159,980948,3050,16002,2536600
232,176,151,980772,3075,16153,3127900
233,175,157,980597,3093,16310,2439000
234,165,167,980432,3091,16477,2488700
235,174,145,980258,3120,16622,2437500
236,153,161,980105,3112,16783,2433800
237,157,158,979948,3111,16941,2571700
238,168,163,979780,3116,17104,2908500
239,171,158,979609,3129,17262,2639600
240,160,168,979449,3121,17430,2622800
241,171,189,979278,3103,17619,2534400
242,178,166,979100,3115,17785,2528100
243,181,146,978919,3150,17931,2502200
244,196,178,978723,3168,18109,2548300
245,172,151,978551,3189,18260,2510900
246,173,150,978378,3212,18410,2462400
247,180,162,978198,3230,18572,2459400
248,180,180,978018,3230,18752,2460900
249,175,156,977843,3249,18908,2460700
250,175,148,977668,3276,19056,2465500
251,161,184,977507,3253,19240,2522000
252,176,158,977331,3271,19398,2495500
253,173,156,977158,3288,19554,2475800
254,155,138,977003,3305,19692,2430400
255,204,179,976799,3330,19871,2437000
256,205,146,976594,3389,20017,2450400
257,207,172,976387,3424,20189,2545400
258,207,159,976180,3472,20348,2578600
259,173,181,976007,3464,20529,2503200
260,189,167,975818,3486,20696,2515800
261,192,190,975626,3488,20886,2481300
262,178,167,975448,3499,21053,2463100
263,180,166,975268,3513,21219,3057800
264,194,179,975074,3528,21398,2476300
265,160,182,974914,3506,21580,2435300
266,175,184,974739,3497,21764,2541100
267,177,182,974562,3492,21946,2516200
268,197,166,974365,3523,22112,2525500
269,169,189,974196,3503,22301,2542900
270,198,160,973998,3541,22461,2463100
271,189,180,973809,3550,22641,2487000
272,191,191,973618,3550,22832,2457400
273,180,141,973438,3589,22973,2467300
274,159,207,973279,3541,23180,2436000
275,161,163,973118,3539,23343,2690200
276,198,165,972920,3572,23508,2624600
277,161,180,972759,3553,23688,2749200
278,188,167,972571,3574,23855,2470100
279,191,161,972380,3604,24016,2504500
280,225,177,972155,3652,24193,2497700
281,195,199,971960,3648,24392,2500200
282,187,182,971773,3653,24574,2545100
283,178,163,971595,3668,24737,2613900
284,188,223,971407,3633,24960,3169000
285,179,165,971228,3647,25125,2507100
286,192,189,971036,3650,25314,2540200
287,193,163,970843,3680,25477,2539100
288,195,178,970648,3697,25655,2512800
289,191,173,970457,3715,25828,2464900
290,205,178,970252,3742,26006,2464100
291,210,182,970042,3770,26188,2476800
292,203,193,969839,3780,26381,2452700
293,191,185,969648,3786,26566,2449600
294,205,190,969443,3801,26756,3032400
295,199,197,969244,3803,26953,2482700
296,198,179,969046,3822,27132,2496200
297,208,186,968838,3844,27318,2504600
298,177,207,968661,3814,27525,2497000
299,204,196,968457,3822,27721,2749200
300,226,177,968231,3871,27898,2848700
301,212,193,968019,3890,28091,2673200
302,200,181,967819,3909,28272,2631200
303,212,202,967607,3919,28474,2594200
304,207,207,967400,3919,28681,2552600
305,228,200,967172,3947,28881,2524600
306,193,188,966979,3952,29069,2910300
307,182,194,966797,3940,29263,2508100
308,215,191,966582,3964,29454,2521200
309,204,184,966378,3984,29638,2511000
310,205,211,966173,3978,29849,2565600
311,221,201,965952,3998,30050,2526200
312,218,216,965734,4000,30266,3077300
313,196,186,965538,4010,30452,2966800
314,219,191,965319,4038,30643,2500300
315,221,216,965098,4043,30859,2581400
316,178,200,964920,4021,31059,2466800
317,227,236,964693,4012,31295,2462900
318,223,191,964470,4044,31486,2541900
319,213,215,964257,4042,31701,2554900
320,233,210,964024,4065,31911,2499900
321,222,181,963802,4106,32092,2460400
322,230,215,963572,4121,32307,2511600
323,219,216,963353,4124,32523,2663400
324,197,208,963156,4113,32731,2848600
325,203,223,962953,4093,32954,2565700
326,206,223,962747,4076,33177,2548700
327,236,213,962511,4099,33390,2530200
328,208,201,962303,4106,33591,2476000
329,210,202,962093,4114,33793,2500500
330,215,191,961878,4138,33984,2551800
331,221,198,961657,4161,34182,2506000
332,198,207,961459,4152,34389,2641300
333,236,197,961223,4191,34586,2845600
334,221,215,961002,4197,34801,2747600
335,204,216,960798,4185,35017,2701600
336,213,216,960585,4182,35233,2763100
337,220,201,960365,4201,35434,2694500
338,221,225,960144,4197,35659,2610500
339,224,199,959920,4222,35858,2574900
340,210,220,959710,4212,36078,2550300
341,224,195,959486,4241,36273,2549600
342,205,209,959281,4237,36482,2627900
343,219,195,959062,4261,36677,2513200
344,220,206,958842,4275,36883,2503600
345,233,218,958609,4290,37101,2519500
346,205,214,958404,4281,37315,2484600
347,219,196,958185,4304,37511,2469900
348,263,197,957922,4370,37708,2496900
349,238,194,957684,4414,37902,2527200
350,230,236,957454,4408,38138,2508000
351,234,208,957220,4434,38346,2476200
352,230,232,956990,4432,38578,2484300
353,240,220,956750,4452,38798,2484000
354,227,202,956523,4477,39000,2531800
355,254,207,956269,4524,39207,2512600
356,247,225,956022,4546,39432,2533700
357,253,213,955769,4586,39645,2514500
358,217,238,955552,4565,39883,2474600
359,245,223,955307,4587,40106,2500500
360,227,236,955080,4578,40342,2510500
361,221,222,954859,4577,40564,2595800
362,225,215,954634,4587,40779,2607700
363,237,240,954397,4584,41019,2575400
364,216,238,954181,4562,41257,2644700
365,228,224,953953,4566,41481,2646900
366,221,204,953732,4583,41685,2638400
367,248,226,953484,4605,41911,2675300
368,241,225,953243,4621,42136,2959800
369,258,231,952985,4648,42367,2733300
370,215,245,952770,4618,42612,2645500
371,235,226,952535,4627,42838,2646100
372,262,222,952273,4667,43060,2671300
373,236,219,952037,4684,43279,2576200
374,246,214,951791,4716,43493,2551800
375,234,208,951557,4742,43701,2556000
376,264,238,951293,4768,43939,2727600
377,234,232,951059,4770,44171,2617100
378,277,248,950782,4799,44419,2675800
379,210,218,950572,4791,44637,2615900
380,228,252,950344,4767,44889,2614200
381,259,240,950085,4786,45129,2573700
382,244,210,949841,4820,45339,2567000
383,256,208,949585,4868,45547,2560400
384,241,244,949344,4865,45791,2644800
385,273,262,949071,4876,46053,2590700
386,260,224,948811,4912,46277,2596400
387,257,248,948554,4921,46525,2594800
388,249,274,948305,4896,46799,2606900
389,236,235,948069,4897,47034,2547000
390,243,229,947826,4911,47263,2603600
391,278,249,947548,4940,47512,2561900
392,264,237,947284,4967,47749,2520800
393,247,279,947037,4935,48028,2523200
394,232,242,946805,4925,48270,2510100
395,247,234,946558,4938,48504,2537500
396,263,236,946295,4965,48740,2625200
397,283,259,946012,4989,48999,2585700
398,247,223,945765,5013,49222,2523500
399,291,258,945474,5046,49480,2537100
400,263,253,945211,5056,49733,2529800
401,268,261,944943,5063,49994,2504700
402,269,253,944674,5079,50247,3158200
403,237,226,944437,5090,50473,3403000
404,288,240,944149,5138,50713,3172800
405,268,249,943881,5157,50962,2581100
406,246,248,943635,5155,51210,2647200
407,286,273,943349,5168,51483,2712800
408,260,264,943089,5164,51747,2617700
409,278,239,942811,5203,51986,2651400
410,266,263,942545,5206,52249,2618200
411,276,273,942269,5209,52522,2684500
412,256,260,942013,5205,52782,2867700
413,260,264,941753,5201,53046,2888600
414,261,273,941492,5189,53319,2804300
415,271,291,941221,5169,53610,2780000
416,225,256,940996,5138,53866,2751100
417,247,247,940749,5138,54113,2732400
418,262,246,940487,5154,54359,2681200
419,259,272,940228,5141,54631,2643300
420,246,232,939982,5155,54863,2636700
421,247,257,939735,5145,55120,2586600
422,270,273,939465,5142,55393,2583700
423,272,269,939193,5145,55662,2535400
424,274,262,938919,5157,55924,2822200
425,257,260,938662,5154,56184,2891200
426,271,242,938391,5183,56426,2976900
427,273,254,938118,5202,56680,2510600
428,277,253,937841,5226,56933,2555000
429,292,283,937549,5235,57216,2520500
430,240,265,937309,5210,57481,2576600
431,278,240,937031,5248,57721,2573500
432,280,262,936751,5266,57983,2704900
433,263,266,936488,5263,58249,2549900
434,263,267,936225,5259,58516,2550000
435,269,260,935956,5268,58776,2535500
436,264,261,935692,5271,59037,3178800
437,264,285,935428,5250,59322,2914800
438,273,255,935155,5268,59577,2850500
439,234,247,934921,5255,59824,2833200
440,270,274,934651,5251,60098,3078600
441,266,254,934385,5263,60352,2836400
442,259,262,934126,5260,60614,2780100
443,264,255,933862,5269,60869,2815300
444,283,269,933579,5283,61138,2891900
445,255,286,933324,5252,61424,3023800
446,284,261,933040,5275,61685,3026800
447,275,233,932765,5317,61918,2967000
448,283,258,932482,5342,62176,2819700
449,274,284,932208,5332,62460,2790500
450,274,278,931934,5328,62738,2746300
451,272,262,931662,5338,63000,2709200
452,299,274,931363,5363,63274,2681300
453,285,264,931078,5384,63538,2737500
454,298,265,930780,5417,63803,2692100
455,251,244,930529,5424,64047,2699700
456,289,270,930240,5443,64317,2969300
457,252,266,929988,5429,64583,2808400
458,259,292,929729,5396,64875,3271200
459,272,289,929457,5379,65164,3120800
460,276,256,929181,5399,65420,2817400
461,266,282,928915,5383,65702,2727800
462,258,256,928657,5385,65958,2702500
463,277,264,928380,5398,66222,2929700
464,242,278,928138,5362,66500,2844600
465,261,252,927877,5371,66752,2679800
466,251,312,927626,5310,67064,2685700
467,264,259,927362,5315,67323,2752000
468,249,272,927113,5292,67595,2747100
469,264,229,926849,5327,67824,2830100
470,276,259,926573,5344,68083,2809800
471,270,295,926303,5319,68378,2982400
472,299,224,926004,5394,68602,3021800
473,278,269,925726,5403,68871,2987100
474,299,261,925427,5441,69132,3039900
475,263,254,925164,5450,69386,3013400
476,297,277,924867,5470,69663,2976400
477,256,298,924611,5428,69961,3240900
478,277,263,924334,5442,70224,2973200
479,300,265,924034,5477,70489,3224100
480,285,271,923749,5491,70760,2905800
481,264,269,923485,5486,71029,3032500
482,286,267,923199,5505,71296,3019300
483,260,256,922939,5509,71552,3327300
484,260,272,922679,5497,71824,3173800
485,275,266,922404,5506,72090,3158600
486,299,282,922105,5523,72372,3202900
487,282,285,921823,5520,72657,2746700
488,307,305,921516,5522,72962,2684700
489,261,297,921255,5486,73259,2677900
490,265,298,920990,5453,73557,2997300
491,273,263,920717,5463,73820,2778100
492,274,288,920443,5449,74108,2719400
493,289,277,920154,5461,74385,2709300
494,275,283,919879,5453,74668,2703200
495,266,294,919613,5425,74962,2724600
496,302,249,919311,5478,75211,2895700
497,305,281,919006,5502,75492,3064700
498,287,256,918719,5533,75748,2746600
499,297,272,918422,5558,76020,2702500
500,303,280,918119,5581,76300,2698400
501,309,263,917810,5627,76563,2737300
502,308,289,917502,5646,76852,2691100
503,308,283,917194,5671,77135,2689400
504,272,294,916922,5649,77429,2665300
505,280,297,916642,5632,77726,2770700
506,309,301,916333,5640,78027,2766500
507,330,311,916003,5659,78338,2739800
508,285,292,915718,5652,78630,2728300
509,291,299,915427,5644,78929,2763900
510,265,246,915162,5663,79175,2699900
511,280,287,914882,5656,79462,2675800
512,302,309,914580,5649,79771,2684900
513,266,293,914314,5622,80064,3159800
514,292,266,914022,5648,80330,2668500
515,303,300,913719,5651,80630,2693200
516,292,285,913427,5658,80915,2670500
517,320,279,913107,5699,81194,2725600
518,285,302,912822,5682,81496,2864500
519,300,303,912522,5679,81799,2885900
520,294,286,912228,5687,82085,2869700
521,295,301,911933,5681,82386,2692500
522,299,267,911634,5713,82653,2757600
523,274,277,911360,5710,82930,2833500
524,282,297,911078,5695,83227,2904800
525,282,287,910796,5690,83514,3698200
526,278,259,910518,5709,83773,3092800
527,265,293,910253,5681,84066,2977500
528,278,313,909975,5646,84379,2949400
529,284,252,909691,5678,84631,3117700
530,294,293,909397,5679,84924,2912200
531,323,288,909074,5714,85212,2952600
532,276,292,908798,5698,85504,2946400
533,279,265,908519,5712,85769,15591200
534,276,303,908243,5685,86072,7406400
535,279,273,907964,5691,86345,5751300
536,276,258,907688,5709,86603,3986700
537,316,284,907372,5741,86887,3828700
538,287,292,907085,5736,87179,3748000
539,290,283,906795,5743,87462,3841500
540,311,286,906484,5768,87748,3513800
541,275,301,906209,5742,88049,3024200
542,299,280,905910,5761,88329,2936500
543,295,268,905615,5788,88597,2999100
544,312,279,905303,5821,88876,3139500
545,292,269,905011,5844,89145,3557500
546,320,289,904691,5875,89434,3566700
547,298,297,904393,5876,89731,3091700
548,302,286,904091,5892,90017,3207400
549,285,293,903806,5884,90310,3062100
550,340,267,903466,5957,90577,3084200
551,302,303,903164,5956,90880,2962500
552,304,308,902860,5952,91188,3313300
553,313,274,902547,5991,91462,3317900
554,349,292,902198,6048,91754,2935400
555,326,276,901872,6098,92030,2882300
556,307,315,901565,6090,92345,2890600
557,300,328,901265,6062,92673,2908900
558,324,325,900941,6061,92998,2902700
559,311,307,900630,6065,93305,3012500
560,330,276,900300,6119,93581,2865200
561,324,319,899976,6124,93900,2983600
562,316,291,899660,6149,94191,2966900
563,335,297,899325,6187,94488,3051800
564,304,305,899021,6186,94793,2883700
565,325,286,898696,6225,95079,2890500
566,336,296,898360,6265,95375,2806600
567,334,300,898026,6299,95675,2867700
568,312,329,897714,6282,96004,3358700
569,352,314,897362,6320,96318,2934300
570,337,342,897025,6315,96660,2892500
571,358,339,896667,6334,96999,2852000
572,311,296,896356,6349,97295,2783500
573,354,336,896002,6367,97631,2907200
574,346,318,895656,6395,97949,3046400
575,345,301,895311,6439,98250,2892200
576,347,312,894964,6474,98562,2988800
577,326,364,894638,6436,98926,2813900
578,307,299,894331,6444,99225,2971000
579,319,311,894012,6452,99536,2868200
580,344,314,893668,6482,99850,2877600
581,331,353,893337,6460,100203,2830400
582,345,335,892992,6470,100538,2845000
583,328,321,892664,6477,100859,2992800
584,311,362,892353,6426,101221,3108100
585,309,347,892044,6388,101568,3325400
586,323,308,891721,6403,101876,3587100
587,338,344,891383,6397,102220,3589700
588,333,341,891050,6389,102561,4163100
589,339,335,890711,6393,102896,3349400
590,336,322,890375,6407,103218,3304200
591,319,310,890056,6416,103528,3256100
592,317,325,889739,6408,103853,3510400
593,311,307,889428,6412,104160,3151700
594,360,317,889068,6455,104477,2966200
595,352,347,888716,6460,104824,2989600
596,308,307,888408,6461,105131,2915200
597,343,301,888065,6503,105432,3095000
598,313,334,887752,6482,105766,3174800
599,346,312,887406,6516,106078,3061500
600,326,316,887080,6526,106394,3052800
601,370,350,886710,6546,106744,3167200
602,329,334,886381,6541,107078,3085200
603,315,312,886066,6544,107390,3208000
604,349,300,885717,6593,107690,3561400
605,298,322,885419,6569,108012,3401100
606,352,317,885067,6604,108329,3225800
607,333,331,884734,6606,108660,3342200
608,368,339,884366,6635,108999,3293700
609,307,325,884059,6617,109324,3633400
610,347,305,883712,6659,109629,3106500
611,347,320,883365,6686,109949,3288500
612,349,300,883016,6735,110249,3441500
613,344,357,882672,6722,110606,3365900
614,350,340,882322,6732,110946,3155500
615,320,337,882002,6715,111283,3043700
616,341,330,881661,6726,111613,3037900
617,346,328,881315,6744,111941,3296100
618,308,317,881007,6735,112258,2877900
619,342,358,880665,6719,112616,2868500
620,351,297,880314,6773,112913,2796000
621,332,357,879982,6748,113270,2858000
622,376,355,879606,6769,113625,3000800
623,333,331,879273,6771,113956,2949700
624,336,326,878937,6781,114282,2743800
625,334,357,878603,6758,114639,2771700
626,376,339,878227,6795,114978,2726100
627,357,336,877870,6816,115314,3125300
628,363,351,877507,6828,115665,3348300
629,344,342,877163,6830,116007,3007600
630,337,319,876826,6848,116326,2857200
631,364,330,876462,6882,116656,2831300
632,367,376,876095,6873,117032,2788500
633,349,339,875746,6883,117371,2992600
634,345,326,875401,6902,117697,2743000
635,353,322,875048,6933,118019,2763100
636,383,369,874665,6947,118388,2708600
637,366,383,874299,6930,118771,2776800
638,353,362,873946,6921,119133,2733000
639,355,376,873591,6900,119509,2955000
640,378,332,873213,6946,119841,2915200
641,351,348,872862,6949,120189,2927300
642,338,319,872524,6968,120508,2908500
643,371,325,872153,7014,120833,2860700
644,370,328,871783,7056,121161,3240600
645,358,363,871425,7051,121524,2817500
646,371,353,871054,7069,121877,2883300
647,369,363,870685,7075,122240,2768100
648,377,385,870308,7067,122625,2737100
649,383,359,869925,7091,122984,2772800
650,358,369,869567,7080,123353,2780500
651,375,334,869192,7121,123687,2743000
652,375,383,868817,7113,124070,2802100
653,349,350,868468,7112,124420,2755700
654,404,338,868064,7178,124758,2741200
655,351,396,867713,7133,125154,3612500
656,372,355,867341,7150,125509,2864400
657,420,357,866921,7213,125866,2792500
658,367,347,866554,7233,126213,2794600
659,365,343,866189,7255,126556,2722000
660,362,370,865827,7247,126926,2837700
661,417,364,865410,7300,127290,2783100
662,357,365,865053,7292,127655,2768400
663,353,341,864700,7304,127996,2745800
664,356,363,864344,7297,128359,2731000
665,423,356,863921,7364,128715,2696200
666,407,371,863514,7400,129086,2912900
667,393,354,863121,7439,129440,2804300
668,386,363,862735,7462,129803,2814600
669,365,374,862370,7453,130177,2710300
670,377,356,861993,7474,130533,2749100
671,389,393,861604,7470,130926,3057700
672,388,388,861216,7470,131314,3010400
673,358,375,860858,7453,131689,2920700
674,380,376,860478,7457,132065,2822900
675,379,377,860099,7459,132442,2746100
676,362,372,859737,7449,132814,2801200
677,390,356,859347,7483,133170,2902900
678,388,370,858959,7501,133540,2784000
679,395,388,858564,7508,133928,2789600
680,368,378,858196,7498,134306,2735900
681,392,364,857804,7526,134670,2759400
682,382,348,857422,7560,135018,2780900
683,403,385,857019,7578,135403,2821300
684,401,418,856618,7561,135821,2829500
685,388,394,856230,7555,136215,2813000
686,410,416,855820,7549,136631,2727400
687,393,368,855427,7574,136999,2713100
688,361,402,855066,7533,137401,3250800
689,392,396,854674,7529,137797,2755500
690,402,365,854272,7566,138162,2761300
691,360,371,853912,7555,138533,2723700
692,395,360,853517,7590,138893,2762000
693,360,360,853157,7590,139253,2774400
694,364,389,852793,7565,139642,2817500
695,359,401,852434,7523,140043,2938800
696,394,367,852040,7550,140410,2859700
697,378,385,851662,7543,140795,2914300
698,356,387,851306,7512,141182,2915900
699,320,401,850986,7431,141583,3068800
700,390,354,850596,7467,141937,2946200
701,378,348,850218,7497,142285,2959800
702,336,386,849882,7447,142671,2922600
703,386,370,849496,7463,143041,2933200
704,375,394,849121,7444,143435,3099600
705,365,366,848756,7443,143801,3058000
706,367,367,848389,7443,144168,2968100
707,384,367,848005,7460,144535,2931900
708,391,379,847614,7472,144914,2918500
709,382,373,847232,7481,145287,3228500
710,405,388,846827,7498,145675,2907600
711,384,357,846443,7525,146032,2946800
712,409,376,846034,7558,146408,2908400
713,419,378,845615,7599,146786,2892100
714,366,357,845249,7608,147143,3196200
715,392,378,844857,7622,147521,3120700
716,411,409,844446,7624,147930,2982400
717,377,396,844069,7605,148326,2958300
718,388,373,843681,7620,148699,2885500
719,412,360,843269,7672,149059,3017800
720,405,377,842864,7700,149436,3370800
721,391,390,842473,7701,149826,3089100
722,395,384,842078,7712,150210,3277400
723,393,415,841685,7690,150625,3151000
724,382,417,841303,7655,151042,3240900
725,405,400,840898,7660,151442,3130000
726,370,403,840528,7627,151845,3257800
727,374,381,840154,7620,152226,2940700
728,422,380,839732,7662,152606,2993800
729,381,390,839351,7653,152996,3455400
730,396,347,838955,7702,153343,3757600
731,374,425,838581,7651,153768,4260700
732,361,393,838220,7619,154161,4481200
733,382,394,837838,7607,154555,5677300
734,368,410,837470,7565,154965,3848100
735,366,397,837104,7534,155362,3208200
736,370,378,836734,7526,155740,3386500
737,380,336,836354,7570,156076,3617400
738,382,365,835972,7587,156441,3312800
739,380,387,835592,7580,156828,3435600
740,335,371,835257,7544,157199,3318500
741,341,360,834916,7525,157559,3407800
742,360,403,834556,7482,157962,3281800
743,394,383,834162,7493,158345,3159900
744,369,385,833793,7477,158730,3112700
745,385,417,833408,7445,159147,3170100
746,398,397,833010,7446,159544,3369700
747,386,355,832624,7477,159899,3076500
748,388,364,832236,7501,160263,3212900
749,391,419,831845,7473,160682,3051700
750,397,366,831448,7504,161048,3058000
751,354,399,831094,7459,161447,3139500
752,389,376,830705,7472,161823,3105400
753,376,375,830329,7473,162198,3044500
754,416,359,829913,7530,162557,3083800
755,399,365,829514,7564,162922,3059300
756,391,381,829123,7574,163303,3309700
757,379,400,828744,7553,163703,3099200
758,412,390,828332,7575,164093,3092900
759,371,357,827961,7589,164450,3044000
760,376,367,827585,7598,164817,3140900
761,361,413,827224,7546,165230,3418400
762,402,383,826822,7565,165613,3184100
763,410,370,826412,7605,165983,3177600
764,352,380,826060,7577,166363,3155500
765,399,382,825661,7594,166745,3144900
766,392,402,825269,7584,167147,3847600
767,403,369,824866,7618,167516,4451300
768,416,418,824450,7616,167934,4585900
769,409,405,824041,7620,168339,3883000
770,408,425,823633,7603,168764,3417300
771,391,340,823242,7654,169104,3277000
772,408,387,822834,7675,169491,3304800
773,415,368,822419,7722,169859,3447100
774,405,369,822014,7758,170228,3608400
775,385,364,821629,7779,170592,3239700
776,377,387,821252,7769,170979,3192500
777,401,434,820851,7736,171413,3557800
778,392,366,820459,7762,171779,3414400
779,417,401,820042,7778,172180,3377300
780,380,401,819662,7757,172581,3265000
781,400,356,819262,7801,172937,3170000
782,418,425,818844,7794,173362,3153900
783,420,393,818424,7821,173755,4315100
784,414,401,818010,7834,174156,3848400
785,402,409,817608,7827,174565,3750300
786,459,399,817149,7887,174964,3262800
787,423,409,816726,7901,175373,3523400
788,405,397,816321,7909,175770,3342200
789,422,372,815899,7959,176142,3159200
790,402,410,815497,7951,176552,3128500
791,443,439,815054,7955,176991,3101900
792,408,390,814646,7973,177381,3382000
793,431,378,814215,8026,177759,3330300
794,441,391,813774,8076,178150,3672600
795,394,441,813380,8029,178591,3178100
796,433,426,812947,8036,179017,3189200
797,432,413,812515,8055,179430,3138000
798,431,403,812084,8083,179833,3175900
799,391,389,811693,8085,180222,3210500
800,405,420,811288,8070,180642,3160100
801,435,432,810853,8073,181074,3323100
802,428,429,810425,8072,181503,3127400
803,436,400,809989,8108,181903,3101800
804,421,407,809568,8122,182310,3089500
805,410,440,809158,8092,182750,3032300
806,374,428,808784,8038,183178,3475600
807,406,379,808378,8065,183557,3066800
808,398,425,807980,8038,183982,3060200
809,402,380,807578,8060,184362,2997200
810,416,401,807162,8075,184763,2981200
811,423,395,806739,8103,185158,3347400
812,419,382,806320,8140,185540,3165100
813,426,417,805894,8149,185957,3009100
814,412,401,805482,8160,186358,2987400
815,442,391,805040,8211,186749,2943600
816,417,388,804623,8240,187137,3576000
817,430,395,804193,8275,187532,3143900
818,441,386,803752,8330,187918,3012100
819,446,387,803306,8389,188305,2950800
820,383,422,802923,8350,188727,2979300
821,448,416,802475,8382,189143,3660500
822,430,430,802045,8382,189573,4552900
823,475,431,801570,8426,190004,4110000
824,433,404,801137,8455,190408,3435200
825,428,411,800709,8472,190819,4135700
826,436,428,800273,8480,191247,4089200
827,435,452,799838,8463,191699,3282800
828,440,403,799398,8500,192102,3441900
829,415,408,798983,8507,192510,3891700
830,426,441,798557,8492,192951,3692300
831,424,398,798133,8518,193349,3835300
832,419,453,797714,8484,193802,3599800
833,457,422,797257,8519,194224,3932400
834,415,442,796842,8492,194666,12995200
835,406,390,796436,8508,195056,3868600
836,422,431,796014,8499,195487,4534700
837,461,401,795553,8559,195888,3393900
838,434,432,795119,8561,196320,3183300
839,438,410,794681,8589,196730,3136500
840,450,431,794231,8608,197161,3439500
841,432,420,793799,8620,197581,3208400
842,431,406,793368,8645,197987,3113600
843,461,413,792907,8693,198400,3018000
844,440,440,792467,8693,198840,3031800
845,416,467,792051,8642,199307,3035500
846,458,433,791593,8667,199740,3043900
847,413,410,791180,8670,200150,3022800
848,445,450,790735,8665,200600,3536300
849,448,405,790287,8708,201005,3405100
850,433,401,789854,8740,201406,3262200
851,462,446,789392,8756,201852,3114500
852,484,462,788908,8778,202314,3065900
853,436,465,788472,8749,202779,3017700
854,444,455,788028,8738,203234,3130900
855,453,466,787575,8725,203700,3239700
856,444,449,787131,8720,204149,3426100
857,448,440,786683,8728,204589,3997700
858,442,446,786241,8724,205035,3536900
859,433,423,785808,8734,205458,3266500
860,414,441,785394,8707,205899,3572500
861,470,452,784924,8725,206351,3647300
862,433,405,784491,8753,206756,3407500
863,450,470,784041,8733,207226,3354400
864,428,440,783613,8721,207666,3501400
865,450,372,783163,8799,208038,3622400
866,481,411,782682,8869,208449,10595100
867,450,431,782232,8888,208880,4751400
868,435,428,781797,8895,209308,3496600
869,486,412,781311,8969,209720,32935900
870,433,454,780878,8948,210174,4978100
871,455,446,780423,8957,210620,4521600
872,438,447,779985,8948,211067,4574700
873,466,426,779519,8988,211493,4925700
874,482,440,779037,9030,211933,4371800
875,482,445,778555,9067,212378,4311300
876,463,473,778092,9057,212851,4655700
877,494,450,777598,9101,213301,4650500
878,444,474,777154,9071,213775,4386900
879,485,457,776669,9099,214232,8812900
880,478,464,776191,9113,214696,4504500
881,436,464,775755,9085,215160,3617300
882,459,435,775296,9109,215595,3948600
883,454,451,774842,9112,216046,5222500
884,468,465,774374,9115,216511,3688500
885,480,439,773894,9156,216950,3365700
886,480,415,773414,9221,217365,3591100
887,441,498,772973,9164,217863,3514700
888,449,458,772524,9155,218321,3248700
889,476,440,772048,9191,218761,3215600
890,467,456,771581,9202,219217,3306300
891,466,432,771115,9236,219649,3336600
892,454,428,770661,9262,220077,3588200
893,479,468,770182,9273,220545,3409400
894,455,463,769727,9265,221008,3241100
895,447,453,769280,9259,221461,3132300
896,458,480,768822,9237,221941,3331100
897,480,476,768342,9241,222417,3466700
898,451,454,767891,9238,222871,3040800
899,435,443,767456,9230,223314,3057000
900,454,501,767002,9183,223815,3013600
901,426,433,766576,9176,224248,3043600
902,432,473,766144,9135,224721,3138300
903,440,486,765704,9089,225207,3261900
904,460,436,765244,9113,225643,3267200
905,458,469,764786,9102,226112,3225900
906,434,429,764352,9107,226541,3243100
907,467,470,763885,9104,227011,3150500
908,442,457,763443,9089,227468,3109700
909,454,441,762989,9102,227909,3052700
910,425,405,762564,9122,228314,2981500
911,458,475,762106,9105,228789,3391000
912,419,479,761687,9045,229268,2942600
913,440,442,761247,9043,229710,2980800
914,418,472,760829,8989,230182,2810900
915,448,448,760381,8989,230630,2851000
916,457,435,759924,9011,231065,3042400
917,432,447,759492,8996,231512,2978300
918,447,413,759045,9030,231925,2905000
919,410,499,758635,8941,232424,2821800
920,421,416,758214,8946,232840,2966900
921,426,435,757788,8937,233275,2940000
922,441,429,757347,8949,233704,3496300
923,434,462,756913,8921,234166,3449000
924,454,435,756459,8940,234601,2845300
925,449,424,756010,8965,235025,2913200
926,457,457,755553,8965,235482,2777200
927,456,474,755097,8947,235956,2964100
928,467,454,754630,8960,236410,2856800
929,458,445,754172,8973,236855,2835100
930,428,444,753744,8957,237299,2777700
931,428,464,753316,8921,237763,2848500
932,470,435,752846,8956,238198,3220700
933,414,447,752432,8923,238645,2778300
934,448,477,751984,8894,239122,2803100
935,435,428,751549,8901,239550,2875000
936,448,426,751101,8923,239976,2785500
937,469,450,750632,8942,240426,2924200
938,450,437,750182,8955,240863,2871400
939,467,439,749715,8983,241302,2852600
940,462,483,749253,8962,241785,2866900
941,442,478,748811,8926,242263,2860200
942,446,462,748365,8910,242725,3017500
943,428,455,747937,8883,243180,3096700
944,428,433,747509,8878,243613,3040300
945,450,403,747059,8925,244016,2995400
946,453,465,746606,8913,244481,3005000
947,444,443,746162,8914,244924,2968200
948,462,468,745700,8908,245392,3336200
949,442,408,745258,8942,245800,3054200
950,411,429,744847,8924,246229,3013600
951,466,489,744381,8901,246718,2971500
952,448,479,743933,8870,247197,2985000
953,482,450,743451,8902,247647,3128900
954,439,442,743012,8899,248089,3025700
955,414,455,742598,8858,248544,2986500
956,417,432,742181,8843,248976,2957900
957,452,446,741729,8849,249422,2919200
958,469,446,741260,8872,249868,3048100
959,422,461,740838,8833,250329,3089300
960,431,470,740407,8794,250799,3057900
961,439,447,739968,8786,251246,3029400
962,430,425,739538,8791,251671,2994000
963,447,449,739091,8789,252120,3015900
964,437,467,738654,8759,252587,3384600
965,441,406,738213,8794,252993,3064200
966,445,457,737768,8782,253450,3000100
967,414,439,737354,8757,253889,2969500
968,443,407,736911,8793,254296,3016900
969,445,449,736466,8789,254745,3026000
970,405,404,736061,8790,255149,2970100
971,483,426,735578,8847,255575,3044500
972,429,494,735149,8782,256069,3053200
973,442,419,734707,8805,256488,3175000
974,441,465,734266,8781,256953,3202600
975,465,459,733801,8787,257412,3231300
976,451,412,733350,8826,257824,3134500
977,434,446,732916,8814,258270,3154900
978,470,412,732446,8872,258682,3209800
979,475,381,731971,8966,259063,3168400
980,415,444,731556,8937,259507,3069700
981,416,434,731140,8919,259941,3046200
982,468,447,730672,8940,260388,3039300
983,456,459,730216,8937,260847,3183400
984,445,444,729771,8938,261291,3144500
985,454,436,729317,8956,261727,3119500
986,479,470,728838,8965,262197,3002400
987,419,443,728419,8941,262640,3007300
988,438,440,727981,8939,263080,3125000
989,428,454,727553,8913,263534,3043800
990,443,444,727110,8912,263978,3037000
991,390,453,726720,8849,264431,3036600
992,413,446,726307,8816,264877,2961200
993,412,471,725895,8757,265348,3023000
994,431,452,725464,8736,265800,3223700
995,417,432,725047,8721,266232,3002300
996,452,443,724595,8730,266675,2935300
997,437,397,724158,8770,267072,2931600
998,433,439,723725,8764,267511,3217900
999,387,456,723338,8695,267967,2947700
1000,437,400,722901,8732,268367,2903200
1001,405,406,722496,8731,268773,2874200
1002,436,416,722060,8751,269189,2861000
1003,430,421,721630,8760,269610,2764100
1004,439,442,721191,8757,270052,3161100
1005,418,422,720773,8753,270474,2978100
1006,392,476,720381,8669,270950,2963300
1007,391,467,719990,8593,271417,3020800
1008,421,474,719569,8540,271891,2892000
1009,418,440,719151,8518,272331,3393400
1010,403,409,718748,8512,272740,3117800
1011,396,438,718352,8470,273178,2859500
1012,419,417,717933,8472,273595,2894800
1013,399,399,717534,8472,273994,2784400
1014,380,409,717154,8443,274403,2977100
1015,415,462,716739,8396,274865,2910100
1016,412,374,716327,8434,275239,2948500
1017,398,383,715929,8449,275622,3009800
1018,419,410,715510,8458,276032,2928200
1019,416,388,715094,8486,276420,3277000
1020,408,419,714686,8475,276839,2849400
1021,393,434,714293,8434,277273,3106300
1022,390,436,713903,8388,277709,2957300
1023,372,388,713531,8372,278097,2895700
1024,395,433,713136,8334,278530,3119700
1025,402,437,712734,8299,278967,3098700
1026,391,434,712343,8256,279401,2943700
1027,404,401,711939,8259,279802,2940800
1028,380,421,711559,8218,280223,2910400
1029,406,405,711153,8219,280628,3008000
1030,415,397,710738,8237,281025,3014600
1031,441,412,710297,8266,281437,2962000
1032,405,458,709892,8213,281895,2944000
1033,415,413,709477,8215,282308,2892000
1034,397,413,709080,8199,282721,2908700
1035,388,440,708692,8147,283161,3011400
1036,404,372,708288,8179,283533,2952400
1037,437,379,707851,8237,283912,3004700
1038,428,398,707423,8267,284310,2948700
1039,425,413,706998,8279,284723,2996900
1040,421,398,706577,8302,285121,3315300
1041,438,390,706139,8350,285511,3126300
1042,396,410,705743,8336,285921,3096000
1043,424,428,705319,8332,286349,2909500
1044,400,405,704919,8327,286754,2903400
1045,383,417,704536,8293,287171,3199500
1046,405,414,704131,8284,287585,3182900
1047,379,395,703752,8268,287980,3057200
1048,413,392,703339,8289,288372,2868200
1049,414,456,702925,8247,288828,2833700
1050,405,422,702520,8230,289250,2883200
1051,404,427,702116,8207,289677,3010400
1052,418,422,701698,8203,290099,2898000
1053,426,379,701272,8250,290478,2851200
1054,466,434,700806,8282,290912,2815600
1055,425,401,700381,8306,291313,2921200
1056,384,386,699997,8304,291699,3160300
1057,411,404,699586,8311,292103,3014300
1058,397,398,699189,8310,292501,2984900
1059,392,440,698797,8262,292941,2927000
1060,414,412,698383,8264,293353,2901000
1061,442,398,697941,8308,293751,3134200
1062,439,380,697502,8367,294131,2921400
1063,389,461,697113,8295,294592,3013500
1064,428,421,696685,8302,295013,3058500
1065,391,414,696294,8279,295427,2890600
1066,413,447,695881,8245,295874,2980500
1067,404,384,695477,8265,296258,2914900
1068,408,441,695069,8232,296699,2775700
1069,416,391,694653,8257,297090,2740100
1070,408,391,694245,8274,297481,2732100
1071,415,425,693830,8264,297906,2694900
1072,402,428,693428,8238,298334,2927100
1073,423,406,693005,8255,298740,3129500
1074,432,408,692573,8279,299148,3028800
1075,419,432,692154,8266,299580,2996100
1076,395,398,691759,8263,299978,2878600
1077,430,441,691329,8252,300419,2882500
1078,395,403,690934,8244,300822,2874400
1079,402,425,690532,8221,301247,2770600
1080,442,411,690090,8252,301658,2730600
1081,412,415,689678,8249,302073,2722500
1082,391,420,689287,8220,302493,2815600
1083,393,413,688894,8200,302906,3059800
1084,375,386,688519,8189,303292,2748300
1085,378,408,688141,8159,303700,2750100
1086,393,410,687748,8142,304110,2712000
1087,385,400,687363,8127,304510,2770900
1088,383,388,686980,8122,304898,3246200
1089,400,444,686580,8078,305342,3200200
1090,371,417,686209,8032,305759,2672600
1091,380,371,685829,8041,306130,2693500
1092,412,400,685417,8053,306530,2712700
1093,378,405,685039,8026,306935,2654600
1094,387,378,684652,8035,307313,2818900
1095,391,365,684261,8061,307678,2875700
1096,405,396,683856,8070,308074,2972000
1097,392,394,683464,8068,308468,3119100
1098,395,423,683069,8040,308891,2980600
1099,376,414,682693,8002,309305,3110300
1100,380,407,682313,7975,309712,2897100
1101,403,396,681910,7982,310108,2839300
1102,397,406,681513,7973,310514,2831800
1103,402,401,681111,7974,310915,2826500
1104,364,392,680747,7946,311307,3131500
1105,393,405,680354,7934,311712,3638400
1106,393,395,679961,7932,312107,3628900
1107,400,391,679561,7941,312498,3623100
1108,381,435,679180,7887,312933,3755300
1109,432,397,678748,7922,313330,3453700
1110,384,388,678364,7918,313718,3502000
1111,386,405,677978,7899,314123,3315900
1112,431,426,677547,7904,314549,3095600
1113,367,390,677180,7881,314939,3121300
1114,412,374,676768,7919,315313,3034600
1115,386,402,676382,7903,315715,3024900
1116,385,381,675997,7907,316096,3084300
1117,420,376,675577,7951,316472,3154400
1118,378,403,675199,7926,316875,3118000
1119,374,373,674825,7927,317248,3780400
1120,395,386,674430,7936,317634,3897800
1121,376,427,674054,7885,318061,3804100
1122,405,388,673649,7902,318449,3421800
1123,403,377,673246,7928,318826,2988500
1124,394,374,672852,7948,319200,2878400
1125,389,450,672463,7887,319650,2848000
1126,408,405,672055,7890,320055,2844800
1127,434,403,671621,7921,320458,3066900
1128,401,409,671220,7913,320867,3738500
1129,400,379,670820,7934,321246,3780100
1130,378,375,670442,7937,321621,3803500
1131,391,370,670051,7958,321991,3624800
1132,396,403,669655,7951,322394,3028400
1133,394,372,669261,7973,322766,3598100
1134,352,399,668909,7926,323165,3638500
1135,417,383,668492,7960,323548,3633900
1136,380,380,668112,7960,323928,3157500
1137,368,408,667744,7920,324336,3774400
1138,390,403,667354,7907,324739,3885100
1139,399,422,666955,7884,325161,3829000
1140,394,378,666561,7900,325539,3333900
1141,421,426,666140,7895,325965,2959300
1142,390,370,665750,7915,326335,2927200
1143,411,387,665339,7939,326722,2895000
1144,407,461,664932,7885,327183,2943400
1145,390,405,664542,7870,327588,2984400
1146,362,390,664180,7842,327978,2998700
1147,424,401,663756,7865,328379,3743400
1148,366,414,663390,7817,328793,3693400
1149,357,376,663033,7798,329169,3751900
1150,378,421,662655,7755,329590,2963400
1151,413,372,662242,7796,329962,3546500
1152,398,390,661844,7804,330352,3778500
1153,404,373,661440,7835,330725,3708100
1154,375,378,661065,7832,331103,3366300
1155,387,395,660678,7824,331498,3606500
1156,391,448,660287,7767,331946,3780000
1157,399,384,659888,7782,332330,3735500
1158,410,374,659478,7818,332704,3664100
1159,398,398,659080,7818,333102,3732700
1160,387,376,658693,7829,333478,3793400
1161,424,373,658269,7880,333851,3606800
1162,403,386,657866,7897,334237,3564400
1163,383,395,657483,7885,334632,2909800
1164,417,409,657066,7893,335041,3581600
1165,376,418,656690,7851,335459,3781500
1166,398,431,656292,7818,335890,3606200
1167,415,373,655877,7860,336263,3325700
1168,405,393,655472,7872,336656,4072800
1169,369,373,655103,7868,337029,2880900
1170,384,408,654719,7844,337437,2829600
1171,376,374,654343,7846,337811,2752100
1172,396,400,653947,7842,338211,3196200
1173,396,384,653551,7854,338595,3296600
1174,382,414,653169,7822,339009,3621700
1175,395,394,652774,7823,339403,3566700
1176,402,406,652372,7819,339809,3872300
1177,416,403,651956,7832,340212,3169200
1178,392,425,651564,7799,340637,2805600
1179,428,394,651136,7833,341031,3846500
1180,407,357,650729,7883,341388,3165100
1181,436,376,650293,7943,341764,3050900
1182,406,421,649887,7928,342185,2929800
1183,426,402,649461,7952,342587,2877100
1184,434,425,649027,7961,343012,2806500
1185,400,407,648627,7954,343419,2837100
1186,408,424,648219,7938,343843,2897000
1187,408,391,647811,7955,344234,3054800
1188,434,374,647377,8015,344608,3226600
1189,400,366,646977,8049,344974,3651600
1190,439,395,646538,8093,345369,3553000
1191,416,410,646122,8099,345779,3614600
1192,406,442,645716,8063,346221,2889700
1193,472,399,645244,8136,346620,2798100
1194,420,373,644824,8183,346993,2770900
1195,405,417,644419,8171,347410,2783800
1196,452,413,643967,8210,347823,2878600
1197,401,421,643566,8190,348244,3767800
1198,443,392,643123,8241,348636,3626200
1199,424,397,642699,8268,349033,3573700
1200,419,420,642280,8267,349453,3510800
1201,408,385,641872,8290,349838,3499100
1202,448,452,641424,8286,350290,2973700
1203,438,424,640986,8300,350714,2809400
1204,435,432,640551,8303,351146,2762200
1205,436,399,640115,8340,351545,2743700
1206,395,377,639720,8358,351922,2828600
1207,396,416,639324,8338,352338,3326200
1208,437,409,638887,8366,352747,3359400
1209,387,466,638500,8287,353213,3256300
1210,415,445,638085,8257,353658,3256900
1211,432,404,637653,8285,354062,3513400
1212,437,415,637216,8307,354477,3066600
1213,406,442,636810,8271,354919,3274100
1214,380,398,636430,8253,355317,3421500
1215,407,437,636023,8223,355754,3606500
1216,422,421,635601,8224,356175,3718500
1217,392,424,635209,8192,356599,3683900
1218,375,380,634834,8187,356979,3686500
1219,414,400,634420,8201,357379,3633800
1220,417,412,634003,8206,357791,3434400
1221,418,371,633585,8253,358162,2947500
1222,388,401,633197,8240,358563,2974900
1223,431,412,632766,8259,358975,2886600
1224,459,389,632307,8329,359364,2838700
1225,415,416,631892,8328,359780,3198100
1226,425,425,631467,8328,360205,3478800
1227,432,406,631035,8354,360611,3552800
1228,422,425,630613,8351,361036,3357600
1229,399,371,630214,8379,361407,3463700
1230,433,438,629781,8374,361845,3099700
1231,436,441,629345,8369,362286,2918600
1232,433,418,628912,8384,362704,2844800
1233,455,411,628457,8428,363115,2900700
1234,476,439,627981,8465,363554,2922200
1235,448,445,627533,8468,363999,3520900
1236,456,416,627077,8508,364415,3464800
1237,388,423,626689,8473,364838,3755600
1238,433,423,626256,8483,365261,3798100
1239,399,453,625857,8429,365714,3979700
1240,443,383,625414,8489,366097,3439800
1241,435,439,624979,8485,366536,3108700
1242,436,456,624543,8465,366992,3097900
1243,459,397,624084,8527,367389,3100600
1244,410,416,623674,8521,367805,3170500
1245,392,405,623282,8508,368210,3092600
1246,396,436,622886,8468,368646,3111100
1247,420,424,622466,8464,369070,3077800
1248,417,401,622049,8480,369471,3125300
1249,462,435,621587,8507,369906,3632400
1250,433,451,621154,8489,370357,3576800
1251,407,420,620747,8476,370777,3623100
1252,424,422,620323,8478,371199,3792900
1253,433,453,619890,8458,371652,3617400
1254,444,400,619446,8502,372052,3826800
1255,427,441,619019,8488,372493,3874700
1256,418,404,618601,8502,372897,3870700
1257,388,429,618213,8461,373326,3608900
1258,405,462,617808,8404,373788,3888600
1259,465,430,617343,8439,374218,3881800
1260,422,462,616921,8399,374680,3892900
1261,453,425,616468,8427,375105,3438000
1262,438,442,616030,8423,375547,3692100
1263,414,421,615616,8416,375968,3570400
1264,445,419,615171,8442,376387,3607400
1265,467,421,614704,8488,376808,3722600
1266,407,435,614297,8460,377243,3132300
1267,448,438,613849,8470,377681,3170000
1268,469,408,613380,8531,378089,3124700
1269,423,440,612957,8514,378529,3071300
1270,438,433,612519,8519,378962,3192400
1271,436,444,612083,8511,379406,3818500
1272,419,391,611664,8539,379797,3822200
1273,409,434,611255,8514,380231,3717200
1274,421,429,610834,8506,380660,3790200
1275,423,438,610411,8491,381098,3099600
1276,423,456,609988,8458,381554,3076100
1277,417,428,609571,8447,381982,3019800
1278,419,392,609152,8474,382374,2979600
1279,418,459,608734,8433,382833,3067400
1280,421,408,608313,8446,383241,3119600
1281,398,371,607915,8473,383612,3251400
1282,415,424,607500,8464,384036,3265100
1283,421,443,607079,8442,384479,3751300
1284,414,418,606665,8438,384897,3346400
1285,403,434,606262,8407,385331,3333300
1286,401,390,605861,8418,385721,3653900
1287,389,451,605472,8356,386172,3529700
1288,429,427,605043,8358,386599,3687900
1289,412,448,604631,8322,387047,3774000
1290,390,438,604241,8274,387485,3053700
1291,408,435,603833,8247,387920,2936800
1292,376,410,603457,8213,388330,2915800
1293,388,405,603069,8196,388735,3032500
1294,409,395,602660,8210,389130,3452100
1295,372,432,602288,8150,389562,3575300
1296,361,409,601927,8102,389971,3578200
1297,423,425,601504,8100,390396,3511300
1298,405,412,601099,8093,390808,3272900
1299,397,388,600702,8102,391196,3017800
1300,413,407,600289,8108,391603,3042100
1301,437,437,599852,8108,392040,3023200
1302,404,365,599448,8147,392405,3110500
1303,381,385,599067,8143,392790,3714400
1304,415,449,598652,8109,393239,3705500
1305,423,431,598229,8101,393670,3650100
1306,394,394,597835,8101,394064,3614600
1307,415,407,597420,8109,394471,3569900
1308,413,401,597007,8121,394872,3714900
1309,385,387,596622,8119,395259,3639600
1310,402,400,596220,8121,395659,3518200
1311,390,423,595830,8088,396082,3327200
1312,376,412,595454,8052,396494,3022200
1313,404,378,595050,8078,396872,3007800
1314,383,425,594667,8036,397297,3662000
1315,416,372,594251,8080,397669,3570700
1316,388,405,593863,8063,398074,3723900
1317,411,406,593452,8068,398480,3757200
1318,412,404,593040,8076,398884,3805700
1319,412,417,592628,8071,399301,3845100
1320,385,412,592243,8044,399713,3179500
1321,393,417,591850,8020,400130,2992600
1322,385,414,591465,7991,400544,2907700
1323,410,395,591055,8006,400939,2849800
1324,411,425,590644,7992,401364,3011500
1325,380,378,590264,7994,401742,3297500
1326,389,399,589875,7984,402141,2939200
1327,386,390,589489,7980,402531,3729700
1328,433,408,589056,8005,402939,3946500
1329,428,413,588628,8020,403352,3106800
1330,424,390,588204,8054,403742,2882700
1331,427,369,587777,8112,404111,2830800
1332,471,404,587306,8179,404515,2801400
1333,385,399,586921,8165,404914,2801400
1334,404,406,586517,8163,405320,2799800
1335,423,379,586094,8207,405699,2802600
1336,429,380,585665,8256,406079,2907400
1337,409,423,585256,8242,406502,2861800
1338,419,388,584837,8273,406890,2876300
1339,413,440,584424,8246,407330,2808800
1340,434,428,583990,8252,407758,3195800
1341,440,409,583550,8283,408167,2925100
1342,419,378,583131,8324,408545,2845300
1343,416,435,582715,8305,408980,2784000
1344,409,415,582306,8299,409395,2894800
1345,424,379,581882,8344,409774,3204100
1346,430,401,581452,8373,410175,2807900
1347,407,436,581045,8344,410611,3166800
1348,435,443,580610,8336,411054,2689600
1349,422,383,580188,8375,411437,2748700
1350,475,410,579713,8440,411847,2691300
1351,463,386,579250,8517,412233,2837900
1352,416,439,578834,8494,412672,3551400
1353,403,413,578431,8484,413085,3290500
1354,444,413,577987,8515,413498,3439300
1355,410,415,577577,8510,413913,3368900
1356,395,419,577182,8486,414332,3191600
1357,424,468,576758,8442,414800,3450200
1358,429,404,576329,8467,415204,3667400
1359,421,420,575908,8468,415624,3600600
1360,433,424,575475,8477,416048,3479900
1361,407,412,575068,8472,416460,3818700
1362,391,436,574677,8427,416896,3802100
1363,412,417,574265,8422,417313,3783700
1364,436,419,573829,8439,417732,3640400
1365,407,404,573422,8442,418136,2980100
1366,382,439,573040,8385,418575,3018400
1367,407,379,572633,8413,418954,3026200
1368,418,435,572215,8396,419389,3087900
1369,427,410,571788,8413,419799,3141900
1370,397,407,571391,8403,420206,2968400
1371,426,443,570965,8386,420649,2908500
1372,409,367,570556,8428,421016,2817100
1373,416,394,570140,8450,421410,2806800
1374,395,412,569745,8433,421822,3524500
1375,397,400,569348,8430,422222,2805700
1376,426,441,568922,8415,422663,2748600
1377,451,423,568471,8443,423086,2671800
1378,424,388,568047,8479,423474,2758200
1379,404,432,567643,8451,423906,2848800
1380,417,435,567226,8433,424341,2800500
1381,440,458,566786,8415,424799,2749900
1382,432,422,566354,8425,425221,2698400
1383,438,442,565916,8421,425663,2699500
1384,394,457,565522,8358,426120,2673100
1385,423,378,565099,8403,426498,3055200
1386,395,421,564704,8377,426919,2784100
1387,388,438,564316,8327,427357,2817500
1388,404,445,563912,8286,427802,2752500
1389,388,437,563524,8237,428239,2762300
1390,413,431,563111,8219,428670,2818900
1391,389,435,562722,8173,429105,3087700
1392,410,393,562312,8190,429498,2794200
1393,407,439,561905,8158,429937,2799900
1394,369,441,561536,8086,430378,2886300
1395,440,423,561096,8103,430801,2802000
1396,407,406,560689,8104,431207,3188600
1397,432,404,560257,8132,431611,2877500
1398,397,415,559860,8114,432026,2862600
1399,395,378,559465,8131,432404,2794500
1400,418,430,559047,8119,432834,2761700
1401,417,406,558630,8130,433240,3058700
1402,430,402,558200,8158,433642,3308900
1403,406,376,557794,8188,434018,3096700
1404,402,450,557392,8140,434468,2880600
1405,423,399,556969,8164,434867,2868300
1406,404,418,556565,8150,435285,2812400
1407,399,426,556166,8123,435711,3479600
1408,405,387,555761,8141,436098,2756800
1409,391,391,555370,8141,436489,2857400
1410,396,427,554974,8110,436916,2756500
1411,425,408,554549,8127,437324,2759200
1412,404,395,554145,8136,437719,2805400
1413,414,425,553731,8125,438144,2743800
1414,379,397,553352,8107,438541,2737000
1415,426,413,552926,8120,438954,2706300
1416,380,439,552546,8061,439393,2779400
1417,414,372,552132,8103,439765,2770300
1418,416,395,551716,8124,440160,2870100
1419,410,413,551306,8121,440573,3092700
1420,427,390,550879,8158,440963,3167600
1421,389,409,550490,8138,441372,3213200
1422,376,470,550114,8044,441842,3252800
1423,407,375,549707,8076,442217,3450300
1424,420,425,549287,8071,442642,3345600
1425,406,430,548881,8047,443072,3439600
1426,441,363,548440,8125,443435,3241400
1427,421,420,548019,8126,443855,3448900
1428,397,364,547622,8159,444219,3345900
1429,420,425,547202,8154,444644,2843200
1430,414,422,546788,8146,445066,2900500
1431,433,365,546355,8214,445431,2783900
1432,406,422,545949,8198,445853,3120400
1433,402,410,545547,8190,446263,3591500
1434,420,438,545127,8172,446701,3547400
1435,382,418,544745,8136,447119,3453700
1436,438,436,544307,8138,447555,3418200
1437,397,401,543910,8134,447956,3182000
1438,370,409,543540,8095,448365,3379200
1439,422,398,543118,8119,448763,3305100
1440,398,417,542720,8100,449180,3509000
1441,410,367,542310,8143,449547,3566400
1442,386,390,541924,8139,449937,3108900
1443,391,363,541533,8167,450300,3453200
1444,405,391,541128,8181,450691,3557000
1445,433,425,540695,8189,451116,3506600
1446,422,379,540273,8232,451495,3894800
1447,371,405,539902,8198,451900,3941900
1448,394,401,539508,8191,452301,3859100
1449,363,412,539145,8142,452713,3761000
1450,375,425,538770,8092,453138,3986800
1451,402,416,538368,8078,453554,3460700
1452,385,446,537983,8017,454000,3366400
1453,390,424,537593,7983,454424,3398000
1454,391,418,537202,7956,454842,3242400
1455,362,375,536840,7943,455217,3390400
1456,409,398,536431,7954,455615,3296300
1457,380,367,536051,7967,455982,3418700
1458,370,352,535681,7985,456334,3423800
1459,388,380,535293,7993,456714,3374700
1460,400,375,534893,8018,457089,3101100
1461,400,416,534493,8002,457505,3395200
1462,409,389,534084,8022,457894,3433100
1463,418,418,533666,8022,458312,3503900
1464,402,415,533264,8009,458727,3781600
1465,399,425,532865,7983,459152,3696500
1466,416,414,532449,7985,459566,3611300
1467,376,400,532073,7961,459966,3440700
1468,412,400,531661,7973,460366,3933500
1469,374,406,531287,7941,460772,3809800
1470,434,434,530853,7941,461206,3576600
1471,422,380,530431,7983,461586,3417400
1472,406,398,530025,7991,461984,3677100
1473,390,409,529635,7972,462393,3151800
1474,415,391,529220,7996,462784,2694800
1475,420,369,528800,8047,463153,2641900
1476,400,403,528400,8044,463556,2622000
1477,381,411,528019,8014,463967,2715300
1478,414,387,527605,8041,464354,3132400
1479,358,385,527247,8014,464739,2970900
1480,384,428,526863,7970,465167,2701900
1481,417,437,526446,7950,465604,2665700
1482,440,386,526006,8004,465990,2638100
1483,346,374,525660,7976,466364,2688800
1484,411,394,525249,7993,466758,3241000
1485,410,384,524839,8019,467142,3640000
1486,378,385,524461,8012,467527,3541900
1487,395,369,524066,8038,467896,3409000
1488,381,480,523685,7939,468376,2969600
1489,406,389,523279,7956,468765,3097700
1490,387,402,522892,7941,469167,3229400
1491,389,403,522503,7927,469570,3413200
1492,406,405,522097,7928,469975,3252200
1493,396,387,521701,7937,470362,3598300
1494,415,403,521286,7949,470765,3320800
1495,404,392,520882,7961,471157,3080400
1496,349,378,520533,7932,471535,3470300
1497,376,385,520157,7923,471920,3304300
1498,361,372,519796,7912,472292,3602300
1499,375,398,519421,7889,472690,3461100
1500,381,418,519040,7852,473108,3282800
1501,390,393,518650,7849,473501,3463100
1502,386,384,518264,7851,473885,3383600
1503,424,403,517840,7872,474288,3290900
1504,384,426,517456,7830,474714,3460600
1505,403,398,517053,7835,475112,3386800
1506,426,442,516627,7819,475554,3500000
1507,393,407,516234,7805,475961,3645500
1508,377,360,515857,7822,476321,3293300
1509,423,370,515434,7875,476691,3337200
1510,449,390,514985,7934,477081,3341900
1511,397,431,514588,7900,477512,2914900
1512,408,386,514180,7922,477898,2813700
1513,403,403,513777,7922,478301,3138600
1514,397,422,513380,7897,478723,3427100
1515,401,401,512979,7897,479124,3373800
1516,426,414,512553,7909,479538,3331800
1517,422,403,512131,7928,479941,3425000
1518,391,368,511740,7951,480309,3413900
1519,401,383,511339,7969,480692,3314100
1520,410,400,510929,7979,481092,3447600
1521,426,375,510503,8030,481467,2728200
1522,401,398,510102,8033,481865,3377800
1523,460,378,509642,8115,482243,3376300
1524,427,406,509215,8136,482649,3584200
1525,440,388,508775,8188,483037,3562900
1526,421,403,508354,8206,483440,3503800
1527,400,421,507954,8185,483861,3421500
1528,461,430,507493,8216,484291,3450000
1529,429,394,507064,8251,484685,3607500
1530,453,412,506611,8292,485097,3458500
1531,442,427,506169,8307,485524,3866200
1532,463,455,505706,8315,485979,2902500
1533,435,443,505271,8307,486422,2799100
1534,424,407,504847,8324,486829,2779200
1535,428,396,504419,8356,487225,2788100
1536,439,411,503980,8384,487636,2822100
1537,482,411,503498,8455,488047,2837500
1538,419,383,503079,8491,488430,2852800
1539,436,453,502643,8474,488883,2820700
1540,426,433,502217,8467,489316,2831200
1541,449,419,501768,8497,489735,3067100
1542,462,426,501306,8533,490161,3979900
1543,413,386,500893,8560,490547,3770400
1544,441,394,500452,8607,490941,3745400
1545,452,447,500000,8612,491388,3746000
1546,474,421,499526,8665,491809,4076600
1547,435,469,499091,8631,492278,3563900
1548,458,477,498633,8612,492755,3436600
1549,409,448,498224,8573,493203,3430500
1550,437,373,497787,8637,493576,3657500
1551,437,431,497350,8643,494007,3547500
1552,432,451,496918,8624,494458,3363700
1553,428,442,496490,8610,494900,3280700
1554,429,436,496061,8603,495336,3279200
1555,427,438,495634,8592,495774,3057700
1556,438,458,495196,8572,496232,3173400
1557,425,436,494771,8561,496668,2823900
1558,398,461,494373,8498,497129,2831700
1559,433,396,493940,8535,497525,2912300
1560,419,427,493521,8527,497952,2919500
1561,434,445,493087,8516,498397,2880400
1562,390,420,492697,8486,498817,2912800
1563,412,406,492285,8492,499223,2998300
1564,400,430,491885,8462,499653,3116600
1565,456,391,491429,8527,500044,3160800
1566,422,423,491007,8526,500467,3665600
1567,443,419,490564,8550,500886,3803600
1568,438,435,490126,8553,501321,3900500
1569,424,418,489702,8559,501739,4352300
1570,414,427,489288,8546,502166,3931400
1571,418,442,488870,8522,502608,4241200
1572,445,417,488425,8550,503025,3920600
1573,448,434,487977,8564,503459,3808600
1574,409,423,487568,8550,503882,3626300
1575,429,430,487139,8549,504312,3796600
1576,444,410,486695,8583,504722,3641900
1577,435,430,486260,8588,505152,3117200
1578,434,419,485826,8603,505571,3021300
1579,371,404,485455,8570,505975,2976800
1580,426,446,485029,8550,506421,2905200
1581,414,440,484615,8524,506861,2880200
1582,426,413,484189,8537,507274,3241100
1583,456,441,483733,8552,507715,2913900
1584,437,423,483296,8566,508138,2945700
1585,396,456,482900,8506,508594,2964000
1586,393,438,482507,8461,509032,3142800
1587,395,422,482112,8434,509454,3337400
1588,416,414,481696,8436,509868,3050700
1589,411,421,481285,8426,510289,3011600
1590,405,448,480880,8383,510737,2970400
1591,388,458,480492,8313,511195,2900300
1592,403,447,480089,8269,511642,3185800
1593,421,438,479668,8252,512080,3815000
1594,438,407,479230,8283,512487,3631700
1595,413,419,478817,8277,512906,3530900
1596,401,422,478416,8256,513328,3621300
1597,433,455,477983,8234,513783,3235800
1598,447,418,477536,8263,514201,2858600
1599,455,390,477081,8328,514591,2810000
1600,437,420,476644,8345,515011,2840400
1601,416,398,476228,8363,515409,3063000
1602,408,441,475820,8330,515850,3525600
1603,449,410,475371,8369,516260,3116300
1604,442,408,474929,8403,516668,3210500
1605,442,421,474487,8424,517089,3225300
1606,402,413,474085,8413,517502,3084400
1607,413,459,473672,8367,517961,3404600
1608,434,482,473238,8319,518443,3745000
1609,451,380,472787,8390,518823,3714400
1610,405,412,472382,8383,519235,3678100
1611,416,446,471966,8353,519681,3350700
1612,412,436,471554,8329,520117,2998300
1613,426,417,471128,8338,520534,2981500
1614,406,437,470722,8307,520971,2897700
1615,451,407,470271,8351,521378,2953300
1616,451,398,469820,8404,521776,3145300
1617,438,410,469382,8432,522186,3708900
1618,415,421,468967,8426,522607,3675600
1619,453,418,468514,8461,523025,3519300
1620,447,408,468067,8500,523433,3444300
1621,452,417,467615,8535,523850,2977600
1622,421,440,467194,8516,524290,2943100
1623,469,415,466725,8570,524705,2980200
1624,400,448,466325,8522,525153,2946800
1625,409,454,465916,8477,525607,3084800
1626,441,417,465475,8501,526024,3620100
1627,430,429,465045,8502,526453,3701500
1628,412,401,464633,8513,526854,3832500
1629,430,427,464203,8516,527281,3795400
1630,419,446,463784,8489,527727,3831500
1631,422,424,463362,8487,528151,3765800
1632,416,416,462946,8487,528567,3701500
1633,387,403,462559,8471,528970,3697500
1634,426,465,462133,8432,529435,3881000
1635,413,419,461720,8426,529854,3084400
1636,395,410,461325,8411,530264,3652600
1637,421,415,460904,8417,530679,4888100
1638,435,436,460469,8416,531115,3839300
1639,411,439,460058,8388,531554,3049300
1640,420,412,459638,8396,531966,3072400
1641,397,405,459241,8388,532371,2961000
1642,398,486,458843,8300,532857,2993100
1643,435,418,458408,8317,533275,2921600
1644,457,409,457951,8365,533684,2988000
1645,414,414,457537,8365,534098,2948300
1646,389,451,457148,8303,534549,2943100
1647,411,423,456737,8291,534972,2872600
1648,395,407,456342,8279,535379,2898500
1649,383,405,455959,8257,535784,3547000
1650,431,403,455528,8285,536187,3534100
1651,404,428,455124,8261,536615,3579900
1652,412,395,454712,8278,537010,3765700
1653,414,398,454298,8294,537408,3317700
1654,419,385,453879,8328,537793,3818600
1655,419,441,453460,8306,538234,3750100
1656,397,415,453063,8288,538649,3688800
1657,408,430,452655,8266,539079,3353000
1658,386,384,452269,8268,539463,3009100
1659,402,404,451867,8266,539867,3110100
1660,409,426,451458,8249,540293,3111900
1661,455,456,451003,8248,540749,3195600
1662,424,424,450579,8248,541173,3360900
1663,420,380,450159,8288,541553,3918300
1664,444,430,449715,8302,541983,4161200
1665,410,432,449305,8280,542415,3879800
1666,422,389,448883,8313,542804,3479500
1667,454,394,448429,8373,543198,3218700
1668,439,397,447990,8415,543595,3157600
1669,448,432,447542,8431,544027,3177600
1670,436,406,447106,8461,544433,3266000
1671,424,417,446682,8468,544850,3579200
1672,442,431,446240,8479,545281,3953500
1673,422,425,445818,8476,545706,3860300
1674,445,461,445373,8460,546167,3613500
1675,429,402,444944,8487,546569,3508100
1676,441,438,444503,8490,547007,3828000
1677,433,396,444070,8527,547403,3399800
1678,452,411,443618,8568,547814,3498800
1679,405,423,443213,8550,548237,3783000
1680,390,444,442823,8496,548681,3885600
1681,430,470,442393,8456,549151,3712500
1682,393,420,442000,8429,549571,4312000
1683,425,416,441575,8438,549987,3696200
1684,420,446,441155,8412,550433,3971900
1685,415,425,440740,8402,550858,3806600
1686,440,429,440300,8413,551287,3998000
1687,460,420,439840,8453,551707,3366800
1688,393,432,439447,8414,552139,3102000
1689,416,410,439031,8420,552549,3056200
1690,427,435,438604,8412,552984,3073300
1691,437,399,438167,8450,553383,3443500
1692,431,421,437736,8460,553804,3991200
1693,420,435,437316,8445,554239,3704200
1694,445,378,436871,8512,554617,3343800
1695,443,445,436428,8510,555062,3409100
1696,443,410,435985,8543,555472,3529500
1697,444,441,435541,8546,555913,3726300
1698,420,434,435121,8532,556347,3776500
1699,416,384,434705,8564,556731,3888500
1700,405,444,434300,8525,557175,3623200
1701,386,453,433914,8458,557628,3154100
1702,424,432,433490,8450,558060,3086500
1703,426,401,433064,8475,558461,3150200
1704,403,439,432661,8439,558900,3403800
1705,404,429,432257,8414,559329,3319900
1706,436,434,431821,8416,559763,3224700
1707,432,427,431389,8421,560190,3087000
1708,412,419,430977,8414,560609,3074600
1709,447,435,430530,8426,561044,3199300
1710,394,447,430136,8373,561491,3235600
1711,431,446,429705,8358,561937,3055900
1712,463,425,429242,8396,562362,3099000
1713,427,436,428815,8387,562798,2988400
1714,455,448,428360,8394,563246,3439100
1715,428,383,427932,8439,563629,3653200
1716,436,411,427496,8464,564040,3676400
1717,443,436,427053,8471,564476,3833500
1718,403,438,426650,8436,564914,3822500
1719,420,407,426230,8449,565321,3835300
1720,417,422,425813,8444,565743,3829100
1721,436,457,425377,8423,566200,3746200
1722,425,380,424952,8468,566580,4061600
1723,410,390,424542,8488,566970,3026400
1724,412,419,424130,8481,567389,3013900
1725,460,473,423670,8468,567862,2975600
1726,444,436,423226,8476,568298,2954500
1727,443,401,422783,8518,568699,3468900
1728,401,417,422382,8502,569116,3625300
1729,400,456,421982,8446,569572,3105100
1730,433,381,421549,8498,569953,3063600
1731,429,389,421120,8538,570342,3049200
1732,373,442,420747,8469,570784,3188100
1733,417,425,420330,8461,571209,3113900
1734,424,409,419906,8476,571618,3065600
1735,444,403,419462,8517,572021,2988800
1736,405,475,419057,8447,572496,2991200
1737,404,432,418653,8419,572928,3019900
1738,384,425,418269,8378,573353,3591700
1739,414,429,417855,8363,573782,3596100
1740,415,428,417440,8350,574210,3709000
1741,447,398,416993,8399,574608,3745200
1742,424,431,416569,8392,575039,3736200
1743,427,428,416142,8391,575467,3772200
1744,422,433,415720,8380,575900,3652700
1745,400,390,415320,8390,576290,3745900
1746,422,423,414898,8389,576713,3178400
1747,417,408,414481,8398,577121,3703900
1748,428,378,414053,8448,577499,3708400
1749,430,418,413623,8460,577917,3641600
1750,424,427,413199,8457,578344,3491500
1751,420,409,412779,8468,578753,3658500
1752,431,427,412348,8472,579180,3681800
1753,415,395,411933,8492,579575,3628000
1754,427,448,411506,8471,580023,3543600
1755,422,430,411084,8463,580453,3120300
1756,412,448,410672,8427,580901,3652500
1757,403,417,410269,8413,581318,3690700
1758,428,465,409841,8376,581783,3653000
1759,442,422,409399,8396,582205,3248700
1760,410,405,408989,8401,582610,3050600
1761,403,433,408586,8371,583043,3134100
1762,414,437,408172,8348,583480,3041000
1763,401,434,407771,8315,583914,3250600
1764,441,427,407330,8329,584341,3121600
1765,423,401,406907,8351,584742,2862300
1766,383,393,406524,8341,585135,2864700
1767,429,415,406095,8355,585550,3452400
1768,446,447,405649,8354,585997,3676500
1769,421,433,405228,8342,586430,3278600
1770,465,427,404763,8380,586857,3272500
1771,425,418,404338,8387,587275,4141200
1772,430,411,403908,8406,587686,4069600
1773,419,400,403489,8425,588086,4478300
1774,424,441,403065,8408,588527,4218900
1775,462,435,402603,8435,588962,3707600
1776,465,386,402138,8514,589348,4061400
1777,422,424,401716,8512,589772,3412600
1778,416,410,401300,8518,590182,3711100
1779,428,414,400872,8532,590596,4129900
1780,412,436,400460,8508,591032,4218900
1781,421,404,400039,8525,591436,3637500
1782,365,430,399674,8460,591866,3524100
1783,401,430,399273,8431,592296,3513600
1784,428,433,398845,8426,592729,3213600
1785,392,401,398453,8417,593130,3270700
1786,390,432,398063,8375,593562,3116100
1787,414,420,397649,8369,593982,3069400
1788,427,419,397222,8377,594401,3221500
1789,425,430,396797,8372,594831,3541800
1790,416,429,396381,8359,595260,3237300
1791,411,432,395970,8338,595692,3163900
1792,444,425,395526,8357,596117,3311000
1793,412,438,395114,8331,596555,3139500
1794,434,438,394680,8327,596993,3130700
1795,452,428,394228,8351,597421,3195700
1796,444,397,393784,8398,597818,3241700
1797,457,444,393327,8411,598262,3640100
1798,436,436,392891,8411,598698,3734200
1799,458,417,392433,8452,599115,3611000
1800,439,442,391994,8449,599557,4011300
1801,458,405,391536,8502,599962,4943700
1802,434,418,391102,8518,600380,3754200
1803,412,414,390690,8516,600794,3425800
1804,460,420,390230,8556,601214,3044300
1805,465,403,389765,8618,601617,3020000
1806,470,454,389295,8634,602071,2965900
1807,444,465,388851,8613,602536,2910100
1808,454,439,388397,8628,602975,3020100
1809,425,427,387972,8626,603402,2993500
1810,463,471,387509,8618,603873,2978600
1811,454,467,387055,8605,604340,2893800
1812,434,473,386621,8566,604813,2876100
1813,418,425,386203,8559,605238,3069900
1814,440,460,385763,8539,605698,3538600
1815,464,425,385299,8578,606123,3484500
1816,398,436,384901,8540,606559,3523300
1817,424,422,384477,8542,606981,3555000
1818,418,419,384059,8541,607400,3044100
1819,438,457,383621,8522,607857,3020000
1820,465,419,383156,8568,608276,2943600
1821,428,419,382728,8577,608695,2910700
1822,419,416,382309,8580,609111,2929700
1823,419,448,381890,8551,609559,2875600
1824,458,406,381432,8603,609965,2869600
1825,431,435,381001,8599,610400,2843700
1826,437,388,380564,8648,610788,2877900
1827,424,413,380140,8659,611201,2829600
1828,448,431,379692,8676,611632,2908800
1829,431,406,379261,8701,612038,2937800
1830,465,433,378796,8733,612471,2847000
1831,435,434,378361,8734,612905,2827400
1832,437,444,377924,8727,613349,2848200
1833,481,410,377443,8798,613759,3234900
1834,455,440,376988,8813,614199,3021800
1835,444,414,376544,8843,614613,2763000
1836,469,438,376075,8874,615051,3238700
1837,448,433,375627,8889,615484,3581400
1838,459,441,375168,8907,615925,3967400
1839,442,434,374726,8915,616359,3622100
1840,451,446,374275,8920,616805,3725400
1841,471,444,373804,8947,617249,3013900
1842,435,477,373369,8905,617726,2786300
1843,471,458,372898,8918,618184,3359800
1844,468,434,372430,8952,618618,3420400
1845,500,457,371930,8995,619075,3279300
1846,417,431,371513,8981,619506,3399200
1847,466,456,371047,8991,619962,3663700
1848,504,440,370543,9055,620402,3761200
1849,497,429,370046,9123,620831,3493300
1850,446,445,369600,9124,621276,3333900
1851,452,424,369148,9152,621700,3413700
1852,471,460,368677,9163,622160,3061100
1853,466,440,368211,9189,622600,2961100
1854,466,484,367745,9171,623084,2920900
1855,471,467,367274,9175,623551,2833200
1856,425,491,366849,9109,624042,2833300
1857,467,446,366382,9130,624488,2849000
1858,465,506,365917,9089,624994,2835500
1859,462,454,365455,9097,625448,2877500
1860,439,454,365016,9082,625902,2858200
1861,467,430,364549,9119,626332,2833300
1862,428,464,364121,9083,626796,2787100
1863,448,437,363673,9094,627233,3694100
1864,415,479,363258,9030,627712,3272800
1865,474,473,362784,9031,628185,2836600
1866,425,433,362359,9023,628618,2792400
1867,467,437,361892,9053,629055,2832600
1868,436,480,361456,9009,629535,2836100
1869,420,448,361036,8981,629983,2912200
1870,428,447,360608,8962,630430,2892000
1871,433,429,360175,8966,630859,2839300
1872,456,474,359719,8948,631333,2808900
1873,440,403,359279,8985,631736,2826400
1874,420,454,358859,8951,632190,2890200
1875,438,442,358421,8947,632632,3054300
1876,422,463,357999,8906,633095,2924600
1877,417,438,357582,8885,633533,2908500
1878,425,414,357157,8896,633947,2865200
1879,431,453,356726,8874,634400,3048400
1880,418,438,356308,8854,634838,3516800
1881,417,473,355891,8798,635311,3594900
1882,450,434,355441,8814,635745,3623200
1883,450,443,354991,8821,636188,3675900
1884,409,465,354582,8765,636653,3004200
1885,418,442,354164,8741,637095,2907700
1886,497,452,353667,8786,637547,2898300
1887,451,458,353216,8779,638005,2859600
1888,442,440,352774,8781,638445,2872900
1889,418,469,352356,8730,638914,2906500
1890,452,420,351904,8762,639334,2981900
1891,433,418,351471,8777,639752,3528800
1892,427,460,351044,8744,640212,3454400
1893,466,423,350578,8787,640635,3469100
1894,446,453,350132,8780,641088,2965200
1895,470,488,349662,8762,641576,2976900
1896,404,468,349258,8698,642044,2945700
1897,425,415,348833,8708,642459,2876700
1898,457,411,348376,8754,642870,2845400
1899,448,420,347928,8782,643290,3124900
1900,448,437,347480,8793,643727,3525200
1901,446,445,347034,8794,644172,3514600
1902,457,397,346577,8854,644569,3456200
1903,456,468,346121,8842,645037,3896700
1904,476,406,345645,8912,645443,2995500
1905,441,418,345204,8935,645861,2804800
1906,461,416,344743,8980,646277,2797900
1907,509,464,344234,9025,646741,2689400
1908,437,445,343797,9017,647186,2661600
1909,475,426,343322,9066,647612,2897600
1910,462,464,342860,9064,648076,3589200
1911,464,488,342396,9040,648564,3454800
1912,465,459,341931,9046,649023,3773600
1913,470,467,341461,9049,649490,2968800
1914,448,413,341013,9084,649903,3546400
1915,456,470,340557,9070,650373,3540800
1916,451,481,340106,9040,650854,3451400
1917,470,446,339636,9064,651300,3522000
1918,457,487,339179,9034,651787,3247000
1919,474,446,338705,9062,652233,3540200
1920,449,452,338256,9059,652685,3480500
1921,439,452,337817,9046,653137,3532000
1922,450,463,337367,9033,653600,3349700
1923,458,485,336909,9006,654085,3617700
1924,462,457,336447,9011,654542,3680100
1925,489,459,335958,9041,655001,3643500
1926,465,452,335493,9054,655453,3618500
1927,449,439,335044,9064,655892,3064000
1928,441,444,334603,9061,656336,3045700
1929,438,422,334165,9077,656758,3029000
1930,445,458,333720,9064,657216,3054100
1931,449,458,333271,9055,657674,3047500
1932,440,452,332831,9043,658126,3847300
1933,436,469,332395,9010,658595,3524100
1934,476,475,331919,9011,659070,3799600
1935,469,461,331450,9019,659531,3999000
1936,453,473,330997,8999,660004,3546200
1937,471,461,330526,9009,660465,3303700
1938,487,450,330039,9046,660915,3441400
1939,469,444,329570,9071,661359,3382300
1940,452,439,329118,9084,661798,3515800
1941,460,451,328658,9093,662249,3606000
1942,452,456,328206,9089,662705,3676300
1943,456,434,327750,9111,663139,3793500
1944,456,441,327294,9126,663580,3878700
1945,460,418,326834,9168,663998,3338700
1946,451,454,326383,9165,664452,3184500
1947,456,466,325927,9155,664918,3162200
1948,437,452,325490,9140,665370,3158700
1949,469,452,325021,9157,665822,3397500
1950,473,440,324548,9190,666262,3838200
1951,461,462,324087,9189,666724,3754400
1952,482,458,323605,9213,667182,3677600
1953,463,472,323142,9204,667654,3767000
1954,464,456,322678,9212,668110,3073100
1955,460,467,322218,9205,668577,3082600
1956,438,430,321780,9213,669007,3084000
1957,467,439,321313,9241,669446,3041600
1958,471,452,320842,9260,669898,3141700
1959,473,469,320369,9264,670367,3304900
1960,467,457,319902,9274,670824,3225900
1961,486,440,319416,9320,671264,3147000
1962,470,489,318946,9301,671753,3334700
1963,490,446,318456,9345,672199,3334100
1964,457,480,317999,9322,672679,3235600
1965,463,429,317536,9356,673108,3150000
1966,470,479,317066,9347,673587,3137200
1967,478,443,316588,9382,674030,3163500
1968,493,483,316095,9392,674513,3517000
1969,464,493,315631,9363,675006,3445700
1970,436,464,315195,9335,675470,3746100
1971,484,460,314711,9359,675930,3813200
1972,478,458,314233,9379,676388,3576100
1973,467,461,313766,9385,676849,3916700
1974,476,498,313290,9363,677347,3834500
1975,440,488,312850,9315,677835,3778400
1976,446,461,312404,9300,678296,4861800
1977,446,500,311958,9246,678796,4442000
1978,479,458,311479,9267,679254,4139200
1979,440,471,311039,9236,679725,4257300
1980,460,439,310579,9257,680164,3837500
1981,467,442,310112,9282,680606,3405300
1982,483,490,309629,9275,681096,3499600
1983,460,450,309169,9285,681546,3356300
1984,475,488,308694,9272,682034,3693400
1985,450,436,308244,9286,682470,3161000
1986,466,470,307778,9282,682940,3097000
1987,487,418,307291,9351,683358,3117100
1988,456,490,306835,9317,683848,3060700
1989,409,474,306426,9252,684322,3227100
1990,407,428,306019,9231,684750,3845300
1991,442,435,305577,9238,685185,3753800
1992,428,479,305149,9187,685664,3933400
1993,414,473,304735,9128,686137,4037100
1994,431,455,304304,9104,686592,4025600
1995,436,449,303868,9091,687041,4168200
1996,390,449,303478,9032,687490,3874700
1997,437,454,303041,9015,687944,4397600
1998,411,449,302630,8977,688393,3723300
1999,414,460,302216,8931,688853,3926000
2000,414,445,301802,8900,689298,3873000
2001,442,451,301360,8891,689749,3757000
2002,428,450,300932,8869,690199,3284300
2003,420,444,300512,8845,690643,3419700
2004,450,410,300062,8885,691053,3725200
2005,429,464,299633,8850,691517,3839200
2006,454,442,299179,8862,691959,3912000
2007,440,441,298739,8861,692400,3759600
2008,414,434,298325,8841,692834,3757500
2009,422,415,297903,8848,693249,3538600
2010,413,407,297490,8854,693656,3503600
2011,427,428,297063,8853,694084,3746100
2012,464,443,296599,8874,694527,4040400
2013,440,452,296159,8862,694979,4290300
2014,414,439,295745,8837,695418,4192600
2015,453,421,295292,8869,695839,4414200
2016,442,412,294850,8899,696251,3913100
2017,455,425,294395,8929,696676,3373400
2018,495,482,293900,8942,697158,3724400
2019,473,437,293427,8978,697595,3245600
2020,431,467,292996,8942,698062,3373800
2021,449,420,292547,8971,698482,3271800
2022,473,462,292074,8982,698944,3287200
2023,454,429,291620,9007,699373,3158800
2024,433,478,291187,8962,699851,3174000
2025,453,473,290734,8942,700324,3120900
2026,453,458,290281,8937,700782,3071600
2027,488,459,289793,8966,701241,3257800
2028,438,468,289355,8936,701709,3059300
2029,429,453,288926,8912,702162,3010800
2030,431,461,288495,8882,702623,2946500
2031,463,460,288032,8885,703083,2966500
2032,425,476,287607,8834,703559,3503300
2033,416,430,287191,8820,703989,3362300
2034,408,422,286783,8806,704411,3107400
2035,420,453,286363,8773,704864,3089400
2036,403,427,285960,8749,705291,3136900
2037,422,429,285538,8742,705720,3580900
2038,398,409,285140,8731,706129,3086800
2039,461,440,284679,8752,706569,3068200
2040,425,437,284254,8740,707006,3017000
2041,447,412,283807,8775,707418,3006500
2042,394,410,283413,8759,707828,3439600
2043,439,459,282974,8739,708287,3423800
2044,475,455,282499,8759,708742,3092700
2045,429,431,282070,8757,709173,3096100
2046,410,451,281660,8716,709624,3247700
2047,402,428,281258,8690,710052,3289500
2048,423,481,280835,8632,710533,3258600
2049,435,428,280400,8639,710961,3086900
2050,422,401,279978,8660,711362,3029000
2051,434,419,279544,8675,711781,3396700
2052,434,403,279110,8706,712184,3085800
2053,416,461,278694,8661,712645,3048200
2054,406,447,278288,8620,713092,3003900
2055,370,393,277918,8597,713485,3074700
2056,406,425,277512,8578,713910,3266100
2057,411,409,277101,8580,714319,3100300
2058,378,420,276723,8538,714739,3044600
2059,369,437,276354,8470,715176,3056700
2060,355,440,275999,8385,715616,3040200
2061,410,413,275589,8382,716029,3170500
2062,388,427,275201,8343,716456,3127800
2063,363,418,274838,8288,716874,3046900
2064,366,415,274472,8239,717289,3087800
2065,388,448,274084,8179,717737,3044300
2066,382,408,273702,8153,718145,3082900
2067,375,473,273327,8055,718618,3224700
2068,338,395,272989,7998,719013,3188200
2069,366,366,272623,7998,719379,3057700
2070,383,410,272240,7971,719789,6182400
2071,367,413,271873,7925,720202,4168000
2072,367,388,271506,7904,720590,4182900
2073,386,362,271120,7928,720952,5862100
2074,352,410,270768,7870,721362,6422400
2075,335,420,270433,7785,721782,4851900
2076,359,411,270074,7733,722193,3584200
2077,339,372,269735,7700,722565,3433900
2078,362,394,269373,7668,722959,3213600
2079,323,360,269050,7631,723319,3086700
2080,318,379,268732,7570,723698,3810200
2081,351,368,268381,7553,724066,3416600
2082,307,364,268074,7496,724430,3418000
2083,328,382,267746,7442,724812,3723400
2084,339,370,267407,7411,725182,3322300
2085,323,341,267084,7393,725523,3200100
2086,367,357,266717,7403,725880,3444300
2087,322,370,266395,7355,726250,4087200
2088,324,379,266071,7300,726629,3948000
2089,301,353,265770,7248,726982,4037000
2090,319,376,265451,7191,727358,3718300
2091,333,357,265118,7167,727715,3057300
2092,325,341,264793,7151,728056,3045400
2093,366,346,264427,7171,728402,2991200
2094,328,367,264099,7132,728769,2929800
2095,345,349,263754,7128,729118,3073800
2096,334,376,263420,7086,729494,3209800
2097,327,350,263093,7063,729844,3334300
2098,352,352,262741,7063,730196,3229800
2099,348,356,262393,7055,730552,3795700
2100,341,337,262052,7059,730889,3327400
2101,327,356,261725,7030,731245,3002200
2102,339,337,261386,7032,731582,2960000
2103,320,370,261066,6982,731952,2948000
2104,342,344,260724,6980,732296,3073600
2105,351,330,260373,7001,732626,3343200
2106,347,328,260026,7020,732954,3094900
2107,305,354,259721,6971,733308,3281800
2108,313,381,259408,6903,733689,3059600
2109,329,369,259079,6863,734058,3042600
2110,332,323,258747,6872,734381,3818500
2111,317,316,258430,6873,734697,3013500
2112,326,344,258104,6855,735041,3011400
2113,317,372,257787,6800,735413,3004600
2114,309,319,257478,6790,735732,3102800
2115,322,332,257156,6780,736064,3025500
2116,308,314,256848,6774,736378,3180200
2117,320,353,256528,6741,736731,3202400
2118,306,359,256222,6688,737090,3077300
2119,310,319,255912,6679,737409,3232800
2120,330,342,255582,6667,737751,3069800
2121,344,345,255238,6666,738096,2995700
2122,303,300,254935,6669,738396,2975300
2123,335,352,254600,6652,738748,2914800
2124,357,349,254243,6660,739097,3069500
2125,351,344,253892,6667,739441,3373200
2126,309,328,253583,6648,739769,3222700
2127,321,352,253262,6617,740121,3250300
2128,317,346,252945,6588,740467,3017400
2129,316,331,252629,6573,740798,3195300
2130,322,343,252307,6552,741141,3053900
2131,305,338,252002,6519,741479,3112900
2132,323,342,251679,6500,741821,3070500
2133,318,331,251361,6487,742152,3011100
2134,277,341,251084,6423,742493,3468600
2135,353,320,250731,6456,742813,3027900
2136,322,307,250409,6471,743120,3063400
2137,310,343,250099,6438,743463,3083300
2138,290,312,249809,6416,743775,3005900
2139,298,302,249511,6412,744077,3052300
2140,302,311,249209,6403,744388,2908400
2141,281,314,248928,6370,744702,2984400
2142,296,309,248632,6357,745011,2914100
2143,288,291,248344,6354,745302,2967700
2144,309,289,248035,6374,745591,3036700
2145,329,303,247706,6400,745894,3803800
2146,291,294,247415,6397,746188,5943300
2147,300,287,247115,6410,746475,4900600
2148,321,316,246794,6415,746791,4080800
2149,295,320,246499,6390,747111,14066100
2150,297,328,246202,6359,747439,8525900
2151,318,310,245884,6367,747749,4375000
2152,307,271,245577,6403,748020,3780200
2153,350,344,245227,6409,748364,3355900
2154,307,301,244920,6415,748665,3101800
2155,335,330,244585,6420,748995,3389200
2156,311,341,244274,6390,749336,3435200
2157,331,340,243943,6381,749676,3193900
2158,282,281,243661,6382,749957,3286800
2159,305,323,243356,6364,750280,4023100
2160,289,318,243067,6335,750598,3452600
2161,311,301,242756,6345,750899,3209700
2162,288,309,242468,6324,751208,3783100
2163,279,292,242189,6311,751500,3194800
2164,324,286,241865,6349,751786,3121800
2165,315,303,241550,6361,752089,3125700
2166,285,307,241265,6339,752396,3297500
2167,288,316,240977,6311,752712,3155200
2168,315,341,240662,6285,753053,2940200
2169,335,299,240327,6321,753352,3016100
2170,301,319,240026,6303,753671,3187400
2171,297,354,239729,6246,754025,3050600
2172,313,280,239416,6279,754305,2968200
2173,288,311,239128,6256,754616,2973500
2174,302,309,238826,6249,754925,2889200
2175,293,322,238533,6220,755247,3114600
2176,290,297,238243,6213,755544,2922300
2177,289,331,237954,6171,755875,2920200
2178,293,304,237661,6160,756179,2878900
2179,267,316,237394,6111,756495,2895600
2180,293,301,237101,6103,756796,3247300
2181,309,334,236792,6078,757130,3017200
2182,298,316,236494,6060,757446,2994000
2183,297,312,236197,6045,757758,2926600
2184,295,265,235902,6075,758023,2942600
2185,313,332,235589,6056,758355,3285000
2186,301,304,235288,6053,758659,3120200
2187,308,308,234980,6053,758967,2921600
2188,293,348,234687,5998,759315,2987000
2189,286,341,234401,5943,759656,2924200
2190,284,319,234117,5908,759975,3195500
2191,311,288,233806,5931,760263,3207600
2192,314,290,233492,5955,760553,2989000
2193,285,270,233207,5970,760823,3041400
2194,273,322,232934,5921,761145,2946500
2195,281,311,232653,5891,761456,3046800
2196,297,292,232356,5896,761748,2898900
2197,317,301,232039,5912,762049,3230500
2198,270,305,231769,5877,762354,2958500
2199,274,284,231495,5867,762638,2929000
2200,266,289,231229,5844,762927,2991000
2201,284,284,230945,5844,763211,3128500
2202,299,304,230646,5839,763515,2977400
2203,309,300,230337,5848,763815,2905200
2204,254,293,230083,5809,764108,3053900
2205,287,289,229796,5807,764397,2908700
2206,280,273,229516,5814,764670,2948800
2207,262,290,229254,5786,764960,2796300
2208,264,297,228990,5753,765257,2848900
2209,288,305,228702,5736,765562,2785800
2210,270,295,228432,5711,765857,2860300
2211,262,271,228170,5702,766128,2824300
2212,283,258,227887,5727,766386,2834900
2213,268,277,227619,5718,766663,2811900
2214,271,287,227348,5702,766950,2924100
2215,259,282,227089,5679,767232,2954000
2216,270,272,226819,5677,767504,3071000
2217,260,306,226559,5631,767810,3093500
2218,313,304,226246,5640,768114,4022100
2219,280,282,225966,5638,768396,3064000
2220,267,293,225699,5612,768689,2924900
2221,276,274,225423,5614,768963,3026200
2222,287,284,225136,5617,769247,3340700
2223,259,294,224877,5582,769541,3019700
2224,292,301,224585,5573,769842,3045000
2225,266,260,224319,5579,770102,3008700
2226,263,313,224056,5529,770415,3087000
2227,279,261,223777,5547,770676,4202200
2228,290,265,223487,5572,770941,3159900
2229,271,257,223216,5586,771198,3013400
2230,255,273,222961,5568,771471,2855600
2231,270,274,222691,5564,771745,2840300
2232,290,255,222401,5599,772000,3334800
2233,261,291,222140,5569,772291,2859800
2234,275,281,221865,5563,772572,2860100
2235,272,301,221593,5534,772873,2911900
2236,248,271,221345,5511,773144,2868500
2237,270,248,221075,5533,773392,3078200
2238,296,263,220779,5566,773655,2888100
2239,276,290,220503,5552,773945,2879400
2240,268,265,220235,5555,774210,2914500
2241,274,262,219961,5567,774472,2913600
2242,311,254,219650,5624,774726,3071500
2243,263,288,219387,5599,775014,2902100
2244,277,249,219110,5627,775263,2880100
2245,278,306,218832,5599,775569,2892700
2246,250,262,218582,5587,775831,2849400
2247,276,291,218306,5572,776122,3142900
2248,275,267,218031,5580,776389,3159500
2249,293,280,217738,5593,776669,2824500
2250,269,279,217469,5583,776948,2905500
2251,294,270,217175,5607,777218,2796900
2252,273,317,216902,5563,777535,3051000
2253,274,273,216628,5564,777808,2913100
2254,245,271,216383,5538,778079,3523000
2255,268,273,216115,5533,778352,2991100
2256,268,265,215847,5536,778617,2919500
2257,286,297,215561,5525,778914,3113300
2258,256,265,215305,5516,779179,3039500
2259,284,285,215021,5515,779464,2914100
2260,291,297,214730,5509,779761,2917500
2261,285,309,214445,5485,780070,2903500
2262,274,306,214171,5453,780376,2903100
2263,255,242,213916,5466,780618,2946400
2264,278,274,213638,5470,780892,2863400
2265,282,269,213356,5483,781161,2909400
2266,254,277,213102,5460,781438,2783700
2267,283,256,212819,5487,781694,2830900
2268,261,239,212558,5509,781933,3220900
2269,274,287,212284,5496,782220,3047400
2270,266,264,212018,5498,782484,3094400
2271,251,274,211767,5475,782758,2917700
2272,260,256,211507,5479,783014,2922100
2273,243,277,211264,5445,783291,3038100
2274,281,268,210983,5458,783559,2894600
2275,267,254,210716,5471,783813,2890400
2276,288,259,210428,5500,784072,3027000
2277,290,267,210138,5523,784339,3027100
2278,305,258,209833,5570,784597,3363500
2279,279,287,209554,5562,784884,2928500
2280,306,296,209248,5572,785180,2923500
2281,286,292,208962,5566,785472,2947000
2282,288,299,208674,5555,785771,2797000
2283,306,319,208368,5542,786090,2802100
2284,262,266,208106,5538,786356,2723900
2285,252,280,207854,5510,786636,2695000
2286,282,281,207572,5511,786917,2662100
2287,254,269,207318,5496,787186,2647700
2288,268,307,207050,5457,787493,2615800
2289,277,254,206773,5480,787747,2681500
2290,251,288,206522,5443,788035,2687600
2291,269,258,206253,5454,788293,2714400
2292,258,287,205995,5425,788580,2675800
2293,252,273,205743,5404,788853,2616700
2294,255,284,205488,5375,789137,2590700
2295,260,263,205228,5372,789400,2949900
2296,268,267,204960,5373,789667,2665200
2297,257,273,204703,5357,789940,2597500
2298,250,266,204453,5341,790206,2577800
2299,269,309,204184,5301,790515,2568000
2300,251,250,203933,5302,790765,2565400
2301,291,269,203642,5324,791034,3165700
2302,275,232,203367,5367,791266,3243000
2303,294,279,203073,5382,791545,4119600
2304,262,270,202811,5374,791815,3158000
2305,245,251,202566,5368,792066,2946200
2306,249,314,202317,5303,792380,3211500
2307,274,260,202043,5317,792640,2883800
2308,254,259,201789,5312,792899,2845800
2309,275,265,201514,5322,793164,2957200
2310,266,259,201248,5329,793423,2848500
2311,263,289,200985,5303,793712,3064000
2312,270,273,200715,5300,793985,2903500
2313,257,260,200458,5297,794245,2908100
2314,253,252,200205,5298,794497,2808800
2315,255,272,199950,5281,794769,2889500
2316,242,254,199708,5269,795023,3079200
2317,264,266,199444,5267,795289,3042500
2318,263,270,199181,5260,795559,2874500
2319,256,258,198925,5258,795817,2917600
2320,255,260,198670,5253,796077,2887800
2321,278,233,198392,5298,796310,2917000
2322,245,259,198147,5284,796569,2895900
2323,248,285,197899,5247,796854,2831200
2324,252,263,197647,5236,797117,2863700
2325,240,292,197407,5184,797409,2864700
2326,242,253,197165,5173,797662,3001800
2327,269,274,196896,5168,797936,3057100
2328,205,243,196691,5130,798179,2964800
2329,253,256,196438,5127,798435,2976200
2330,250,248,196188,5129,798683,2917500
2331,237,264,195951,5102,798947,2815500
2332,267,252,195684,5117,799199,3227700
2333,215,260,195469,5072,799459,3017600
2334,255,272,195214,5055,799731,2947600
2335,230,274,194984,5011,800005,2785700
2336,235,260,194749,4986,800265,2773000
2337,263,245,194486,5004,800510,2870600
2338,229,269,194257,4964,800779,3184900
2339,259,296,193998,4927,801075,2828100
2340,252,245,193746,4934,801320,2865600
2341,279,261,193467,4952,801581,2929900
2342,240,277,193227,4915,801858,2927200
2343,267,240,192960,4942,802098,2996400
2344,251,245,192709,4948,802343,2867000
2345,231,267,192478,4912,802610,2909700
2346,225,239,192253,4898,802849,2926400
2347,239,220,192014,4917,803069,2972900
2348,268,242,191746,4943,803311,3175800
2349,230,242,191516,4931,803553,3095000
2350,272,279,191244,4924,803832,2927400
2351,242,265,191002,4901,804097,2932500
2352,263,254,190739,4910,804351,3058800
2353,243,213,190496,4940,804564,3232600
2354,255,250,190241,4945,804814,3259700
2355,253,220,189988,4978,805034,2933300
2356,263,219,189725,5022,805253,3040000
2357,260,250,189465,5032,805503,3043100
2358,267,265,189198,5034,805768,3011500
2359,235,227,188963,5042,805995,3002700
2360,264,263,188699,5043,806258,2954700
2361,250,224,188449,5069,806482,3037400
2362,262,254,188187,5077,806736,2921900
2363,273,269,187914,5081,807005,2944400
2364,255,265,187659,5071,807270,2874300
2365,263,255,187396,5079,807525,2954300
2366,258,250,187138,5087,807775,2838500
2367,269,266,186869,5090,808041,2904200
2368,251,252,186618,5089,808293,2781500
2369,223,237,186395,5075,808530,2988600
2370,251,274,186144,5052,808804,2766100
2371,258,230,185886,5080,809034,2779700
2372,248,230,185638,5098,809264,2779300
2373,263,240,185375,5121,809504,2786400
2374,264,245,185111,5140,809749,2813200
2375,262,276,184849,5126,810025,2773900
2376,258,265,184591,5119,810290,2714500
2377,265,262,184326,5122,810552,2789000
2378,237,240,184089,5119,810792,2805900
2379,281,268,183808,5132,811060,2786200
2380,238,249,183570,5121,811309,3025100
2381,238,274,183332,5085,811583,2837500
2382,239,234,183093,5090,811817,2784100
2383,260,251,182833,5099,812068,2861100
2384,241,267,182592,5073,812335,2755500
2385,244,268,182348,5049,812603,2873100
2386,225,243,182123,5031,812846,2762000
2387,226,252,181897,5005,813098,2769300
2388,225,260,181672,4970,813358,2740100
2389,253,240,181419,4983,813598,3355500
2390,222,253,181197,4952,813851,3036600
2391,224,244,180973,4932,814095,2857800
2392,265,285,180708,4912,814380,2753000
2393,235,249,180473,4898,814629,2797000
2394,270,239,180203,4929,814868,2774300
2395,254,247,179949,4936,815115,2738800
2396,247,230,179702,4953,815345,2935400
2397,245,237,179457,4961,815582,2706800
2398,258,243,179199,4976,815825,2723700
2399,227,239,178972,4964,816064,2773600
2400,237,254,178735,4947,816318,2722000
2401,249,242,178486,4954,816560,2811800
2402,266,233,178220,4987,816793,3200300
2403,237,236,177983,4988,817029,2854100
2404,225,232,177758,4981,817261,2912200
2405,237,247,177521,4971,817508,2867300
2406,271,237,177250,5005,817745,2858000
2407,236,237,177014,5004,817982,3162300
2408,267,246,176747,5025,818228,2874700
2409,267,254,176480,5038,818482,2938600
2410,266,261,176214,5043,818743,2748900
2411,252,280,175962,5015,819023,2842100
2412,266,239,175696,5042,819262,2813800
2413,241,276,175455,5007,819538,2981300
2414,236,238,175219,5005,819776,2843900
2415,252,250,174967,5007,820026,2861100
2416,241,261,174726,4987,820287,2858400
2417,220,234,174506,4973,820521,2803800
2418,265,289,174241,4949,820810,3066700
2419,234,243,174007,4940,821053,3226600
2420,258,225,173749,4973,821278,2754600
2421,268,256,173481,4985,821534,2658500
2422,273,269,173208,4989,821803,2662900
2423,252,245,172956,4996,822048,2944500
2424,248,262,172708,4982,822310,2731600
2425,252,261,172456,4973,822571,2705500
2426,256,244,172200,4985,822815,2709000
2427,241,245,171959,4981,823060,2771300
2428,245,253,171714,4973,823313,2789100
2429,217,226,171497,4964,823539,2817300
2430,241,242,171256,4963,823781,2767500
2431,225,247,171031,4941,824028,2734500
2432,254,260,170777,4935,824288,2734200
2433,220,219,170557,4936,824507,2715400
2434,243,241,170314,4938,824748,2767200
2435,248,232,170066,4954,824980,2855700
2436,220,265,169846,4909,825245,2881700
2437,235,238,169611,4906,825483,2747900
2438,263,221,169348,4948,825704,2666600
2439,234,271,169114,4911,825975,3212200
2440,209,238,168905,4882,826213,4301700
2441,255,251,168650,4886,826464,3269600
2442,255,261,168395,4880,826725,4096600
2443,247,245,168148,4882,826970,3258600
2444,246,248,167902,4880,827218,3766400
2445,239,260,167663,4859,827478,3345800
2446,232,281,167431,4810,827759,3153200
2447,250,244,167181,4816,828003,2960600
2448,232,250,166949,4798,828253,2924000
2449,234,234,166715,4798,828487,2957900
2450,238,271,166477,4765,828758,2892500
2451,244,239,166233,4770,828997,2860100
2452,242,239,165991,4773,829236,2935400
2453,242,224,165749,4791,829460,2868500
2454,231,250,165518,4772,829710,3171600
2455,197,226,165321,4743,829936,2925500
2456,237,237,165084,4743,830173,3025800
2457,261,223,164823,4781,830396,2772700
2458,229,245,164594,4765,830641,3016100
2459,253,246,164341,4772,830887,3286300
2460,242,245,164099,4769,831132,3450000
2461,244,253,163855,4760,831385,3132200
2462,232,217,163623,4775,831602,2986000
2463,230,233,163393,4772,831835,3029000
2464,243,256,163150,4759,832091,3332700
2465,260,239,162890,4780,832330,3274000
2466,213,261,162677,4732,832591,3120400
2467,231,217,162446,4746,832808,3176900
2468,239,231,162207,4754,833039,2976300
2469,235,239,161972,4750,833278,3339700
2470,247,248,161725,4749,833526,3090100
2471,265,253,161460,4761,833779,3033100
2472,220,252,161240,4729,834031,3115900
2473,244,218,160996,4755,834249,3061900
2474,230,242,160766,4743,834491,3096400
2475,270,230,160496,4783,834721,3077600
2476,229,250,160267,4762,834971,2875500
2477,242,232,160025,4772,835203,2828000
2478,272,259,159753,4785,835462,2940300
2479,232,217,159521,4800,835679,3493700
2480,244,237,159277,4807,835916,4237500
2481,233,264,159044,4776,836180,3831400
2482,254,236,158790,4794,836416,2958100
2483,227,275,158563,4746,836691,3212100
2484,254,248,158309,4752,836939,3102100
2485,247,218,158062,4781,837157,2912100
2486,279,223,157783,4837,837380,3019300
2487,258,232,157525,4863,837612,3436600
2488,267,240,157258,4890,837852,3485300
2489,230,254,157028,4866,838106,3396300
2490,248,253,156780,4861,838359,3361700
2491,250,219,156530,4892,838578,3420200
2492,254,227,156276,4919,838805,3410900
2493,252,246,156024,4925,839051,3786900
2494,254,268,155770,4911,839319,3268900
2495,262,250,155508,4923,839569,3115500
2496,263,242,155245,4944,839811,2968500
2497,239,253,155006,4930,840064,2923900
2498,240,234,154766,4936,840298,3059800
2499,250,261,154516,4925,840559,2927800
2500,258,250,154258,4933,840809,2903200
2501,276,262,153982,4947,841071,2853100
2502,256,237,153726,4966,841308,2805200
2503,271,228,153455,5009,841536,3226600
2504,263,255,153192,5017,841791,2826900
2505,256,253,152936,5020,842044,2819900
2506,256,264,152680,5012,842308,2786400
2507,260,257,152420,5015,842565,2783100
2508,248,260,152172,5003,842825,2819600
2509,247,248,151925,5002,843073,2942700
2510,232,274,151693,4960,843347,2787200
2511,244,257,151449,4947,843604,2769600
2512,258,249,151191,4956,843853,2825800
2513,237,255,150954,4938,844108,2776700
2514,229,231,150725,4936,844339,2809800
2515,207,221,150518,4922,844560,2781100
2516,251,246,150267,4927,844806,2762500
2517,251,198,150016,4980,845004,2756200
2518,257,248,149759,4989,845252,2750200
2519,226,282,149533,4933,845534,2729600
2520,251,258,149282,4926,845792,2833800
2521,232,278,149050,4880,846070,2747200
2522,226,209,148824,4897,846279,2777300
2523,220,244,148604,4873,846523,2729900
2524,216,250,148388,4839,846773,2682400
2525,225,235,148163,4829,847008,2774200
2526,245,243,147918,4831,847251,2797200
2527,237,243,147681,4825,847494,2766200
2528,230,269,147451,4786,847763,2774200
2529,219,260,147232,4745,848023,2702900
2530,229,202,147003,4772,848225,2876400
2531,208,232,146795,4748,848457,3157300
2532,225,259,146570,4714,848716,2820500
2533,250,221,146320,4743,848937,2836400
2534,231,226,146089,4748,849163,2744100
2535,231,251,145858,4728,849414,2727800
2536,243,240,145615,4731,849654,2909300
2537,240,231,145375,4740,849885,2859200
2538,224,232,145151,4732,850117,2801500
2539,236,244,144915,4724,850361,2801500
2540,271,258,144644,4737,850619,2784900
2541,241,224,144403,4754,850843,2845300
2542,249,202,144154,4801,851045,2764700
2543,238,207,143916,4832,851252,2745300
2544,245,233,143671,4844,851485,2757500
2545,238,241,143433,4841,851726,2702400
2546,238,244,143195,4835,851970,2672600
2547,206,228,142989,4813,852198,2717300
2548,245,242,142744,4816,852440,2755400
2549,275,230,142469,4861,852670,2764100
2550,240,247,142229,4854,852917,2780100
2551,235,241,141994,4848,853158,2745200
2552,236,238,141758,4846,853396,2724800
2553,237,249,141521,4834,853645,3102700
2554,254,221,141267,4867,853866,3219600
2555,257,272,141010,4852,854138,3278600
2556,255,255,140755,4852,854393,3325800
2557,254,225,140501,4881,854618,3548100
2558,216,231,140285,4866,854849,3290400
2559,229,229,140056,4866,855078,3435700
2560,213,248,139843,4831,855326,3673300
2561,244,228,139599,4847,855554,3850500
2562,245,233,139354,4859,855787,3349400
2563,243,242,139111,4860,856029,3992500
2564,261,262,138850,4859,856291,4283800
2565,249,247,138601,4861,856538,3766700
2566,237,237,138364,4861,856775,3734400
2567,225,213,138139,4873,856988,3560200
2568,229,243,137910,4859,857231,2860900
2569,224,240,137686,4843,857471,2846500
2570,226,241,137460,4828,857712,2799700
2571,248,242,137212,4834,857954,2862000
2572,244,253,136968,4825,858207,2792700
2573,267,273,136701,4819,858480,2743900
2574,210,245,136491,4784,858725,2731000
2575,254,237,136237,4801,858962,2774900
2576,212,199,136025,4814,859161,2991200
2577,248,254,135777,4808,859415,3111300
2578,243,229,135534,4822,859644,3281700
2579,236,260,135298,4798,859904,2905700
2580,218,244,135080,4772,860148,2907600
2581,226,240,134854,4758,860388,2915900
2582,219,230,134635,4747,860618,3216600
2583,227,262,134408,4712,860880,2830600
2584,243,259,134165,4696,861139,2721800
2585,226,222,133939,4700,861361,2748700
2586,215,226,133724,4689,861587,2725800
2587,224,222,133500,4691,861809,2890900
2588,227,194,133273,4724,862003,2702000
2589,220,224,133053,4720,862227,2717300
2590,237,223,132816,4734,862450,2683900
2591,228,255,132588,4707,862705,2636500
2592,239,254,132349,4692,862959,2646100
2593,216,195,132133,4713,863154,2679200
2594,232,229,131901,4716,863383,2706400
2595,227,220,131674,4723,863603,2655300
2596,233,265,131441,4691,863868,2684400
2597,233,255,131208,4669,864123,2724800
2598,231,233,130977,4667,864356,2820200
2599,231,222,130746,4676,864578,2683200
2600,239,231,130507,4684,864809,2643800
2601,237,219,130270,4702,865028,2669900
2602,249,251,130021,4700,865279,2690700
2603,241,234,129780,4707,865513,2669500
2604,230,248,129550,4689,865761,2863300
2605,258,232,129292,4715,865993,2858500
2606,233,233,129059,4715,866226,2803900
2607,233,273,128826,4675,866499,2749500
2608,224,246,128602,4653,866745,2744900
2609,233,202,128369,4684,866947,2962600
2610,234,229,128135,4689,867176,3046900
2611,238,239,127897,4688,867415,2917500
2612,249,237,127648,4700,867652,2810600
2613,249,219,127399,4730,867871,2886500
2614,224,214,127175,4740,868085,3035400
2615,217,225,126958,4732,868310,3376000
2616,221,248,126737,4705,868558,3664500
2617,210,218,126527,4697,868776,3262700
2618,220,229,126307,4688,869005,3424000
2619,218,223,126089,4683,869228,3139600
2620,209,233,125880,4659,869461,3359900
2621,206,250,125674,4615,869711,3353000
2622,228,228,125446,4615,869939,3339800
2623,196,228,125250,4583,870167,3389200
2624,209,207,125041,4585,870374,2850100
2625,214,231,124827,4568,870605,2771100
2626,200,227,124627,4541,870832,2771900
2627,231,200,124396,4572,871032,2720100
2628,206,219,124190,4559,871251,2775700
2629,226,243,123964,4542,871494,3109300
2630,244,225,123720,4561,871719,3030400
2631,225,256,123495,4530,871975,2915800
2632,224,208,123271,4546,872183,2915400
2633,234,215,123037,4565,872398,2774600
2634,212,241,122825,4536,872639,3112200
2635,212,246,122613,4502,872885,3188600
2636,199,211,122414,4490,873096,3082100
2637,206,236,122208,4460,873332,2709400
2638,215,253,121993,4422,873585,2791800
2639,207,219,121786,4410,873804,2776400
2640,191,231,121595,4370,874035,3005400
2641,249,241,121346,4378,874276,2785100
2642,216,216,121130,4378,874492,2676800
2643,196,214,120934,4360,874706,2690500
2644,209,232,120725,4337,874938,2688100
2645,201,223,120524,4315,875161,2654900
2646,222,218,120302,4319,875379,2791300
2647,215,234,120087,4300,875613,2695900
2648,192,208,119895,4284,875821,2698000
2649,198,217,119697,4265,876038,2615900
2650,215,216,119482,4264,876254,2660100
2651,227,216,119255,4275,876470,2744700
2652,182,213,119073,4244,876683,2738900
2653,213,194,118860,4263,876877,2625800
2654,207,203,118653,4267,877080,2646400
2655,207,230,118446,4244,877310,2704400
2656,193,221,118253,4216,877531,2671300
2657,226,216,118027,4226,877747,2997800
2658,236,180,117791,4282,877927,2805900
2659,217,252,117574,4247,878179,2661300
2660,210,187,117364,4270,878366,2739300
2661,212,199,117152,4283,878565,2712300
2662,189,238,116963,4234,878803,2670900
2663,213,204,116750,4243,879007,3087800
2664,185,194,116565,4234,879201,2829200
2665,214,197,116351,4251,879398,2746600
2666,206,190,116145,4267,879588,2695200
2667,230,228,115915,4269,879816,2656400
2668,215,198,115700,4286,880014,3052000
2669,225,248,115475,4263,880262,3116000
2670,222,219,115253,4266,880481,2849200
2671,207,203,115046,4270,880684,2695700
2672,193,196,114853,4267,880880,2670800
2673,213,215,114640,4265,881095,2608600
2674,205,185,114435,4285,881280,2853000
2675,241,183,114194,4343,881463,2803800
2676,219,220,113975,4342,881683,2687500
2677,231,238,113744,4335,881921,2664900
2678,205,213,113539,4327,882134,2674700
2679,213,217,113326,4323,882351,2657200
2680,228,189,113098,4362,882540,2761800
2681,250,232,112848,4380,882772,2796900
2682,236,237,112612,4379,883009,2700600
2683,223,229,112389,4373,883238,2657700
2684,214,217,112175,4370,883455,2655800
2685,227,194,111948,4403,883649,2682400
2686,212,260,111736,4355,883909,2806000
2687,213,235,111523,4333,884144,2715000
2688,197,199,111326,4331,884343,2738500
2689,237,218,111089,4350,884561,2639500
2690,208,210,110881,4348,884771,2612500
2691,190,230,110691,4308,885001,3102000
2692,249,216,110442,4341,885217,3282100
2693,216,224,110226,4333,885441,3358100
2694,223,216,110003,4340,885657,3356400
2695,214,202,109789,4352,885859,3434600
2696,248,235,109541,4365,886094,3618400
2697,235,233,109306,4367,886327,2761800
2698,213,204,109093,4376,886531,2715500
2699,209,217,108884,4368,886748,2682200
2700,240,226,108644,4382,886974,2647500
2701,235,234,108409,4383,887208,3385900
2702,203,203,108206,4383,887411,3394100
2703,186,236,108020,4333,887647,3442000
2704,189,207,107831,4315,887854,3308100
2705,219,214,107612,4320,888068,3633500
2706,219,232,107393,4307,888300,2963900
2707,205,205,107188,4307,888505,3065400
2708,186,213,107002,4280,888718,2906700
2709,225,193,106777,4312,888911,2940200
2710,223,207,106554,4328,889118,2840600
2711,203,235,106351,4296,889353,3115400
2712,226,211,106125,4311,889564,3593600
2713,213,230,105912,4294,889794,3607600
2714,212,222,105700,4284,890016,3638000
2715,203,213,105497,4274,890229,3299600
2716,245,195,105252,4324,890424,3253600
2717,212,201,105040,4335,890625,3306300
2718,216,220,104824,4331,890845,3307500
2719,205,237,104619,4299,891082,3434600
2720,218,179,104401,4338,891261,3120700
2721,212,206,104189,4344,891467,2842000
2722,188,200,104001,4332,891667,2789900
2723,205,221,103796,4316,891888,2834900
2724,214,242,103582,4288,892130,2749000
2725,219,220,103363,4287,892350,2714500
2726,196,220,103167,4263,892570,2842300
2727,218,215,102949,4266,892785,2833900
2728,223,235,102726,4254,893020,2732500
2729,216,207,102510,4263,893227,2707700
2730,214,201,102296,4276,893428,2671400
2731,198,227,102098,4247,893655,3251000
2732,208,234,101890,4221,893889,2820700
2733,218,214,101672,4225,894103,2895500
2734,203,197,101469,4231,894300,2951200
2735,234,215,101235,4250,894515,2783700
2736,220,213,101015,4257,894728,3064100
2737,204,202,100811,4259,894930,3492400
2738,211,227,100600,4243,895157,2823200
2739,215,208,100385,4250,895365,2687700
2740,208,224,100177,4234,895589,2690800
2741,202,232,99975,4204,895821,2670100
2742,222,212,99753,4214,896033,2743600
2743,187,197,99566,4204,896230,2688900
2744,195,203,99371,4196,896433,2774200
2745,187,197,99184,4186,896630,2783200
2746,219,245,98965,4160,896875,2643200
2747,219,189,98746,4190,897064,2958800
2748,203,197,98543,4196,897261,3073100
2749,211,200,98332,4207,897461,2871700
2750,206,198,98126,4215,897659,2820800
2751,221,224,97905,4212,897883,2723400
2752,194,220,97711,4186,898103,2771200
2753,207,211,97504,4182,898314,2740600
2754,215,188,97289,4209,898502,2824600
2755,199,182,97090,4226,898684,2697600
2756,202,213,96888,4215,898897,2689400
2757,199,194,96689,4220,899091,2637600
2758,244,218,96445,4246,899309,2749500
2759,209,200,96236,4255,899509,2799600
2760,193,228,96043,4220,899737,2737700
2761,198,191,95845,4227,899928,2669300
2762,216,209,95629,4234,900137,2646000
2763,184,215,95445,4203,900352,2700000
2764,217,238,95228,4182,900590,2589700
2765,219,233,95009,4168,900823,2562400
2766,203,203,94806,4168,901026,2559900
2767,173,217,94633,4124,901243,2501500
2768,201,210,94432,4115,901453,2472900
2769,197,196,94235,4116,901649,2502700
2770,203,210,94032,4109,901859,2790800
2771,195,215,93837,4089,902074,3155000
2772,173,196,93664,4066,902270,3555700
2773,173,222,93491,4017,902492,3187600
2774,176,215,93315,3978,902707,3193300
2775,205,191,93110,3992,902898,3065200
2776,190,197,92920,3985,903095,2638000
2777,184,171,92736,3998,903266,2656700
2778,213,218,92523,3993,903484,2659000
2779,203,206,92320,3990,903690,2667800
2780,194,218,92126,3966,903908,2636000
2781,229,185,91897,4010,904093,3524400
2782,200,188,91697,4022,904281,3470800
2783,205,212,91492,4015,904493,3304700
2784,205,198,91287,4022,904691,3253500
2785,209,184,91078,4047,904875,3164000
2786,210,204,90868,4053,905079,2699600
2787,235,193,90633,4095,905272,2618800
2788,185,180,90448,4100,905452,2575800
2789,204,204,90244,4100,905656,2591300
2790,236,211,90008,4125,905867,2613700
2791,197,181,89811,4141,906048,2840200
2792,188,192,89623,4137,906240,2990300
2793,205,219,89418,4123,906459,3318300
2794,189,224,89229,4088,906683,3414900
2795,174,204,89055,4058,906887,3264500
2796,209,201,88846,4066,907088,3053700
2797,206,206,88640,4066,907294,3403500
2798,210,218,88430,4058,907512,3411600
2799,184,205,88246,4037,907717,3391100
2800,178,222,88068,3993,907939,3265600
2801,203,198,87865,3998,908137,2824800
2802,178,211,87687,3965,908348,2736100
2803,185,204,87502,3946,908552,2593600
2804,221,178,87281,3989,908730,2657200
2805,174,214,87107,3949,908944,2525200
2806,184,174,86923,3959,909118,2604700
2807,179,196,86744,3942,909314,2857600
2808,217,186,86527,3973,909500,2464500
2809,187,216,86340,3944,909716,2467100
2810,206,199,86134,3951,909915,2465400
2811,196,203,85938,3944,910118,2451500
2812,188,220,85750,3912,910338,2494100
2813,210,201,85540,3921,910539,2554800
2814,207,188,85333,3940,910727,2506900
2815,192,207,85141,3925,910934,2542900
2816,203,193,84938,3935,911127,2512900
2817,192,181,84746,3946,911308,2494600
2818,187,204,84559,3929,911512,2475000
2819,191,231,84368,3889,911743,3026600
2820,186,196,84182,3879,911939,2650200
2821,185,204,83997,3860,912143,2560000
2822,191,208,83806,3843,912351,2526300
2823,192,202,83614,3833,912553,2472800
2824,182,196,83432,3819,912749,2516500
2825,177,187,83255,3809,912936,2923200
2826,223,207,83032,3825,913143,2882700
2827,191,203,82841,3813,913346,2479000
2828,188,201,82653,3800,913547,2511300
2829,169,187,82484,3782,913734,2480200
2830,182,180,82302,3784,913914,2500500
2831,170,181,82132,3773,914095,2527600
2832,171,187,81961,3757,914282,2474500
2833,172,207,81789,3722,914489,2473600
2834,196,202,81593,3716,914691,2500900
2835,197,183,81396,3730,914874,2440700
2836,230,176,81166,3784,915050,2441700
2837,196,182,80970,3798,915232,2690500
2838,180,200,80790,3778,915432,2633300
2839,199,210,80591,3767,915642,2590100
2840,184,174,80407,3777,915816,2580200
2841,189,176,80218,3790,915992,2703900
2842,188,156,80030,3822,916148,2549400
2843,199,210,79831,3811,916358,2814800
2844,205,184,79626,3832,916542,2603200
2845,191,187,79435,3836,916729,2648100
2846,201,186,79234,3851,916915,2557900
2847,197,207,79037,3841,917122,2546400
2848,192,174,78845,3859,917296,2527900
2849,210,209,78635,3860,917505,2622600
2850,203,175,78432,3888,917680,2671000
2851,180,209,78252,3859,917889,2669400
2852,168,201,78084,3826,918090,2622900
2853,173,210,77911,3789,918300,2645900
2854,183,183,77728,3789,918483,2612400
2855,182,198,77546,3773,918681,2815100
2856,193,186,77353,3780,918867,3012600
2857,198,190,77155,3788,919057,2635900
2858,179,189,76976,3778,919246,2536200
2859,201,192,76775,3787,919438,2541800
2860,190,170,76585,3807,919608,2532800
2861,180,195,76405,3792,919803,3127600
2862,167,180,76238,3779,919983,2623300
2863,199,202,76039,3776,920185,2474600
2864,212,191,75827,3797,920376,2519000
2865,220,172,75607,3845,920548,2461500
2866,189,192,75418,3842,920740,2438800
2867,206,203,75212,3845,920943,2642000
2868,173,171,75039,3847,921114,2600600
2869,169,187,74870,3829,921301,2593800
2870,205,207,74665,3827,921508,2524500
2871,195,196,74470,3826,921704,2544000
2872,179,216,74291,3789,921920,2512100
2873,208,216,74083,3781,922136,2566000
2874,212,209,73871,3784,922345,2503500
2875,190,190,73681,3784,922535,2524500
2876,203,198,73478,3789,922733,2821400
2877,199,199,73279,3789,922932,2704300
2878,202,181,73077,3810,923113,2671900
2879,196,192,72881,3814,923305,2652500
2880,191,191,72690,3814,923496,2622300
2881,213,199,72477,3828,923695,2562500
2882,192,220,72285,3800,923915,2538000
2883,198,189,72087,3809,924104,2557700
2884,188,183,71899,3814,924287,2499400
2885,177,178,71722,3813,924465,2558700
2886,179,180,71543,3812,924645,2515100
2887,204,184,71339,3832,924829,2569800
2888,195,198,71144,3829,925027,2522100
2889,209,186,70935,3852,925213,2486700
2890,190,201,70745,3841,925414,2463300
2891,213,201,70532,3853,925615,2505900
2892,198,224,70334,3827,925839,2497100
2893,195,194,70139,3828,926033,2435100
2894,182,202,69957,3808,926235,2468600
2895,199,177,69758,3830,926412,2444900
2896,184,230,69574,3784,926642,2427900
2897,192,183,69382,3793,926825,2510900
2898,192,181,69190,3804,927006,2535100
2899,185,197,69005,3792,927203,2516600
2900,180,181,68825,3791,927384,2554100
2901,182,184,68643,3789,927568,2469900
2902,186,174,68457,3801,927742,2520900
2903,181,192,68276,3790,927934,2515300
2904,189,191,68087,3788,928125,2540900
2905,188,169,67899,3807,928294,2534800
2906,178,193,67721,3792,928487,2476700
2907,181,201,67540,3772,928688,2494000
2908,183,190,67357,3765,928878,2450800
2909,186,182,67171,3769,929060,2478200
2910,211,177,66960,3803,929237,2660100
2911,195,193,66765,3805,929430,2573800
2912,167,194,66598,3778,929624,2531600
2913,191,176,66407,3793,929800,2508300
2914,176,193,66231,3776,929993,2499300
2915,196,171,66035,3801,930164,2441000
2916,172,180,65863,3793,930344,2859300
2917,152,201,65711,3744,930545,2997300
2918,161,175,65550,3730,930720,2519700
2919,164,187,65386,3707,930907,2806800
2920,184,185,65202,3706,931092,2633100
2921,154,179,65048,3681,931271,2505700
2922,150,186,64898,3645,931457,2708200
2923,161,193,64737,3613,931650,2626900
2924,171,164,64566,3620,931814,2636900
2925,174,167,64392,3627,931981,2679300
2926,182,181,64210,3628,932162,2696600
2927,186,168,64024,3646,932330,2659500
2928,180,188,63844,3638,932518,2843000
2929,192,189,63652,3641,932707,2771800
2930,183,177,63469,3647,932884,2758700
2931,184,172,63285,3659,933056,2696300
2932,182,194,63103,3647,933250,2660300
2933,172,183,62931,3636,933433,2780800
2934,177,180,62754,3633,933613,2820800
2935,160,160,62594,3633,933773,2756500
2936,175,169,62419,3639,933942,2668300
2937,177,197,62242,3619,934139,2669600
2938,195,187,62047,3627,934326,2609000
2939,188,196,61859,3619,934522,2953700
2940,178,169,61681,3628,934691,3193300
2941,178,177,61503,3629,934868,3135300
2942,218,184,61285,3663,935052,3099600
2943,174,166,61111,3671,935218,3012600
2944,169,173,60942,3667,935391,2924500
2945,157,186,60785,3638,935577,2558300
2946,147,194,60638,3591,935771,2509600
2947,173,187,60465,3577,935958,2503100
2948,158,178,60307,3557,936136,2528200
2949,156,159,60151,3554,936295,2497000
2950,162,197,59989,3519,936492,2522100
2951,166,162,59823,3523,936654,3118900
2952,147,167,59676,3503,936821,3127800
2953,146,179,59530,3470,937000,2884300
2954,167,179,59363,3458,937179,2904500
2955,171,161,59192,3468,937340,2476100
2956,159,185,59033,3442,937525,2594500
2957,172,181,58861,3433,937706,2441600
2958,174,171,58687,3436,937877,2482200
2959,152,152,58535,3436,938029,2452300
2960,173,161,58362,3448,938190,2408800
2961,160,160,58202,3448,938350,2393300
2962,168,150,58034,3466,938500,2828200
2963,179,186,57855,3459,938686,2632100
2964,184,180,57671,3463,938866,2605200
2965,175,175,57496,3463,939041,2618300
2966,174,162,57322,3475,939203,2516900
2967,165,157,57157,3483,939360,2534000
2968,184,164,56973,3503,939524,2552900
2969,183,189,56790,3497,939713,2569300
2970,176,199,56614,3474,939912,2546100
2971,155,166,56459,3463,940078,2566500
2972,157,187,56302,3433,940265,2622600
2973,173,154,56129,3452,940419,2623500
2974,171,196,55958,3427,940615,2593800
2975,156,168,55802,3415,940783,2527600
2976,138,161,55664,3392,940944,2501900
2977,178,184,55486,3386,941128,2536500
2978,165,180,55321,3371,941308,2528800
2979,153,163,55168,3361,941471,2484400
2980,144,153,55024,3352,941624,2532500
2981,167,177,54857,3342,941801,2596800
2982,156,183,54701,3315,941984,2583600
2983,124,139,54577,3300,942123,2558100
2984,150,172,54427,3278,942295,2492000
2985,168,197,54259,3249,942492,2457500
2986,136,142,54123,3243,942634,2537300
2987,150,191,53973,3202,942825,2944600
2988,154,166,53819,3190,942991,2577600
2989,141,170,53678,3161,943161,2570200
2990,162,175,53516,3148,943336,2538200
2991,131,170,53385,3109,943506,2498600
2992,148,149,53237,3108,943655,2737200
2993,131,159,53106,3080,943814,2933200
2994,153,151,52953,3082,943965,3129900
2995,136,163,52817,3055,944128,2556300
2996,158,161,52659,3052,944289,2579500
2997,143,151,52516,3044,944440,2525800
2998,143,138,52373,3049,944578,2513200
2999,129,157,52244,3021,944735,2998300
3000,155,149,52089,3027,944884,3486700
3001,132,149,51957,3010,945033,3085200
3002,128,172,51829,2966,945205,3167200
3003,146,165,51683,2947,945370,3178600
3004,131,161,51552,2917,945531,2759700
3005,141,140,51411,2918,945671,2636000
3006,144,157,51267,2905,945828,2649700
3007,151,148,51116,2908,945976,2583200
3008,154,149,50962,2913,946125,2631700
3009,145,152,50817,2906,946277,2626000
3010,163,138,50654,2931,946415,2655500
3011,148,150,50506,2929,946565,2620900
3012,130,121,50376,2938,946686,2661200
3013,153,144,50223,2947,946830,2605900
3014,137,152,50086,2932,946982,2573700
3015,140,165,49946,2907,947147,2628300
3016,137,164,49809,2880,947311,2672900
3017,126,147,49683,2859,947458,2569100
3018,142,144,49541,2857,947602,2546500
3019,130,172,49411,2815,947774,2641400
3020,120,156,49291,2779,947930,2583900
3021,115,132,49176,2762,948062,2697400
3022,129,122,49047,2769,948184,2728600
3023,134,138,48913,2765,948322,2723700
3024,127,137,48786,2755,948459,2621600
3025,134,156,48652,2733,948615,2588900
3026,126,145,48526,2714,948760,2717500
3027,124,153,48402,2685,948913,3160900
3028,155,145,48247,2695,949058,3226500
3029,125,115,48122,2705,949173,3212300
3030,136,128,47986,2713,949301,2643000
3031,133,122,47853,2724,949423,2528700
3032,123,146,47730,2701,949569,2647800
3033,137,122,47593,2716,949691,2713100
3034,122,155,47471,2683,949846,2592000
3035,151,151,47320,2683,949997,2584400
3036,116,138,47204,2661,950135,2536600
3037,124,129,47080,2656,950264,2528500
3038,127,123,46953,2660,950387,2602900
3039,135,147,46818,2648,950534,2630600
3040,128,123,46690,2653,950657,2572200
3041,131,112,46559,2672,950769,2555300
3042,137,128,46422,2681,950897,2584900
3043,122,128,46300,2675,951025,2527500
3044,135,142,46165,2668,951167,2667200
3045,117,125,46048,2660,951292,2781100
3046,130,150,45918,2640,951442,2712900
3047,132,141,45786,2631,951583,2440800
3048,124,131,45662,2624,951714,2546700
3049,115,131,45547,2608,951845,2457900
3050,118,129,45429,2597,951974,2595800
3051,133,137,45296,2593,952111,3029500
3052,121,115,45175,2599,952226,2557400
3053,108,115,45067,2592,952341,2631600
3054,111,121,44956,2582,952462,2581400
3055,103,148,44853,2537,952610,2522900
3056,117,132,44736,2522,952742,2515900
3057,105,115,44631,2512,952857,2539300
3058,128,124,44503,2516,952981,2558300
3059,133,113,44370,2536,953094,2486600
3060,103,119,44267,2520,953213,2575300
3061,110,140,44157,2490,953353,2434100
3062,125,121,44032,2494,953474,2503000
3063,105,115,43927,2484,953589,2782300
3064,103,112,43824,2475,953701,3039700
3065,105,131,43719,2449,953832,2645200
3066,120,116,43599,2453,953948,2551000
3067,112,119,43487,2446,954067,2471700
3068,92,124,43395,2414,954191,2436500
3069,115,133,43280,2396,954324,2826900
3070,106,123,43174,2379,954447,2491100
3071,117,124,43057,2372,954571,2555700
3072,95,116,42962,2351,954687,2513300
3073,94,121,42868,2324,954808,2417600
3074,104,110,42764,2318,954918,2417200
3075,100,117,42664,2301,955035,2896300
3076,99,97,42565,2303,955132,2623800
3077,97,133,42468,2267,955265,2556800
3078,90,108,42378,2249,955373,2527100
3079,98,113,42280,2234,955486,2477800
3080,96,114,42184,2216,955600,2515100
3081,106,120,42078,2202,955720,2624800
3082,118,116,41960,2204,955836,3330800
3083,105,106,41855,2203,955942,3255100
3084,113,114,41742,2202,956056,3056800
3085,113,111,41629,2204,956167,3142200
3086,109,141,41520,2172,956308,3642900
3087,104,113,41416,2163,956421,3331000
3088,93,112,41323,2144,956533,3190100
3089,103,108,41220,2139,956641,3192900
3090,103,104,41117,2138,956745,3313300
3091,121,109,40996,2150,956854,2976200
3092,109,96,40887,2163,956950,3293400
3093,95,94,40792,2164,957044,3309800
3094,104,118,40688,2150,957162,3218900
3095,115,132,40573,2133,957294,3085800
3096,87,106,40486,2114,957400,2666100
3097,89,118,40397,2085,957518,3127400
3098,79,107,40318,2057,957625,3055700
3099,101,99,40217,2059,957724,3014200
3100,101,92,40116,2068,957816,3424200
3101,94,92,40022,2070,957908,3088100
3102,87,112,39935,2045,958020,2798700
3103,87,107,39848,2025,958127,2605500
3104,108,116,39740,2017,958243,2486500
3105,106,103,39634,2020,958346,2481900
3106,93,92,39541,2021,958438,2530000
3107,85,105,39456,2001,958543,2548700
3108,99,96,39357,2004,958639,2477500
3109,90,98,39267,1996,958737,2466500
3110,85,105,39182,1976,958842,2524800
3111,96,100,39086,1972,958942,2418600
3112,87,89,38999,1970,959031,3028000
3113,78,106,38921,1942,959137,2751200
3114,93,112,38828,1923,959249,2507600
3115,82,77,38746,1928,959326,2588100
3116,102,111,38644,1919,959437,2521100
3117,91,101,38553,1909,959538,2463100
3118,108,100,38445,1917,959638,2741200
3119,101,100,38344,1918,959738,2654400
3120,109,81,38235,1946,959819,2876500
3121,103,98,38132,1951,959917,2396300
3122,87,107,38045,1931,960024,2455900
3123,90,86,37955,1935,960110,2448100
3124,94,101,37861,1928,960211,2739000
3125,98,107,37763,1919,960318,2625600
3126,71,91,37692,1899,960409,2554900
3127,99,82,37593,1916,960491,2371600
3128,89,90,37504,1915,960581,2394200
3129,84,109,37420,1890,960690,2346200
3130,84,96,37336,1878,960786,2320600
3131,89,85,37247,1882,960871,2710500
3132,95,92,37152,1885,960963,2353900
3133,87,95,37065,1877,961058,2367300
3134,111,92,36954,1896,961150,2356700
3135,95,85,36859,1906,961235,2336100
3136,92,95,36767,1903,961330,2329600
3137,85,89,36682,1899,961419,2388900
3138,102,93,36580,1908,961512,2464200
3139,102,92,36478,1918,961604,2484800
3140,102,101,36376,1919,961705,2468800
3141,102,102,36274,1919,961807,2467000
3142,102,85,36172,1936,961892,2474800
3143,111,88,36061,1959,961980,2623500
3144,85,90,35976,1954,962070,3076400
3145,94,93,35882,1955,962163,2514400
3146,89,81,35793,1963,962244,2520300
3147,97,93,35696,1967,962337,2488100
3148,104,114,35592,1957,962451,2448900
3149,91,97,35501,1951,962548,2509700
3150,117,77,35384,1991,962625,2556900
3151,103,98,35281,1996,962723,2523700
3152,105,84,35176,2017,962807,2550800
3153,108,102,35068,2023,962909,2520800
3154,101,109,34967,2015,963018,2472500
3155,99,104,34868,2010,963122,2512600
3156,95,110,34773,1995,963232,2827600
3157,93,117,34680,1971,963349,2553200
3158,90,83,34590,1978,963432,2526400
3159,115,93,34475,2000,963525,2495700
3160,101,89,34374,2012,963614,2525000
3161,87,120,34287,1979,963734,2525200
3162,109,104,34178,1984,963838,2866500
3163,105,97,34073,1992,963935,3172100
3164,98,93,33975,1997,964028,3240800
3165,91,112,33884,1976,964140,3142300
3166,97,87,33787,1986,964227,3182400
3167,96,97,33691,1985,964324,3234700
3168,90,95,33601,1980,964419,2590500
3169,98,88,33503,1990,964507,2636100
3170,90,95,33413,1985,964602,2605000
3171,78,90,33335,1973,964692,2769600
3172,76,103,33259,1946,964795,2635100
3173,106,98,33153,1954,964893,2717800
3174,91,94,33062,1951,964987,2667100
3175,94,104,32968,1941,965091,2637700
3176,82,104,32886,1919,965195,2665900
3177,98,73,32788,1944,965268,2607800
3178,102,96,32686,1950,965364,2584200
3179,85,98,32601,1937,965462,3217200
3180,114,85,32487,1966,965547,2934800
3181,93,114,32394,1945,965661,3108200
3182,94,90,32300,1949,965751,3133000
3183,96,85,32204,1960,965836,3016600
3184,95,89,32109,1966,965925,2907900
3185,115,124,31994,1957,966049,2626700
3186,102,110,31892,1949,966159,2604900
3187,89,111,31803,1927,966270,2602800
3188,94,92,31709,1929,966362,2565600
3189,98,96,31611,1931,966458,2595500
3190,85,107,31526,1909,966565,3068400
3191,103,98,31423,1914,966663,3024900
3192,95,109,31328,1900,966772,2618100
3193,99,92,31229,1907,966864,2557500
3194,94,102,31135,1899,966966,2505900
3195,96,85,31039,1910,967051,2600200
3196,105,73,30934,1942,967124,2820000
3197,111,91,30823,1962,967215,2551400
3198,108,112,30715,1958,967327,2584700
3199,94,88,30621,1964,967415,2469000
3200,90,100,30531,1954,967515,2484900
3201,95,103,30436,1946,967618,2491100
3202,87,96,30349,1937,967714,2447100
3203,104,100,30245,1941,967814,2416000
3204,98,109,30147,1930,967923,2453800
3205,86,95,30061,1921,968018,2375900
3206,109,99,29952,1931,968117,2371800
3207,95,113,29857,1913,968230,2362500
3208,96,105,29761,1904,968335,2849000
3209,82,104,29679,1882,968439,2360300
3210,73,106,29606,1849,968545,2429900
3211,104,95,29502,1858,968640,2367500
3212,83,105,29419,1836,968745,2365000
3213,88,103,29331,1821,968848,2330900
3214,88,86,29243,1823,968934,2371200
3215,77,87,29166,1813,969021,2470100
3216,86,88,29080,1811,969109,2472400
3217,81,84,28999,1808,969193,2559600
3218,97,89,28902,1816,969282,2462700
3219,103,95,28799,1824,969377,2454100
3220,92,99,28707,1817,969476,2457100
3221,82,87,28625,1812,969563,2658300
3222,106,104,28519,1814,969667,2483300
3223,85,78,28434,1821,969745,2413100
3224,89,84,28345,1826,969829,2404400
3225,103,99,28242,1830,969928,2432100
3226,90,121,28152,1799,970049,2472900
3227,86,93,28066,1792,970142,2559400
3228,85,92,27981,1785,970234,2463100
3229,83,85,27898,1783,970319,2427300
3230,89,101,27809,1771,970420,2387200
3231,88,90,27721,1769,970510,2411600
3232,90,106,27631,1753,970616,2361500
3233,88,69,27543,1772,970685,2543600
3234,80,94,27463,1758,970779,2944900
3235,91,76,27372,1773,970855,3323400
3236,110,84,27262,1799,970939,3111800
3237,96,68,27166,1827,971007,2903500
3238,88,100,27078,1815,971107,3176900
3239,98,111,26980,1802,971218,3301700
3240,87,91,26893,1798,971309,3388000
3241,88,90,26805,1796,971399,2968800
3242,89,88,26716,1797,971487,2418600
3243,82,98,26634,1781,971585,2436500
3244,80,86,26554,1775,971671,2573200
3245,87,95,26467,1767,971766,2952800
3246,104,92,26363,1779,971858,3134100
3247,83,96,26280,1766,971954,3043000
3248,104,106,26176,1764,972060,2983800
3249,87,94,26089,1757,972154,2965500
3250,102,86,25987,1773,972240,2563300
3251,68,86,25919,1755,972326,2967200
3252,90,90,25829,1755,972416,2981500
3253,87,81,25742,1761,972497,3016100
3254,88,99,25654,1750,972596,2975100
3255,79,94,25575,1735,972690,2660100
3256,104,92,25471,1747,972782,2914600
3257,94,86,25377,1755,972868,3042800
3258,103,87,25274,1771,972955,3159300
3259,86,78,25188,1779,973033,3216300
3260,79,81,25109,1777,973114,3325500
3261,77,102,25032,1752,973216,3056200
3262,85,96,24947,1741,973312,3012100
3263,78,86,24869,1733,973398,2934700
3264,92,88,24777,1737,973486,3153700
3265,76,98,24701,1715,973584,3373900
3266,67,89,24634,1693,973673,2487500
3267,80,76,24554,1697,973749,2444200
3268,79,88,24475,1688,973837,2416900
3269,80,78,24395,1690,973915,2381200
3270,75,87,24320,1678,974002,2377900
3271,64,81,24256,1661,974083,2597600
3272,74,89,24182,1646,974172,2822200
3273,71,88,24111,1629,974260,2396700
3274,70,77,24041,1622,974337,2484600
3275,63,76,23978,1609,974413,2404200
3276,62,75,23916,1596,974488,2368000
3277,63,81,23853,1578,974569,2535400
3278,78,81,23775,1575,974650,2719300
3279,64,78,23711,1561,974728,2573000
3280,49,73,23662,1537,974801,2347600
3281,44,74,23618,1507,974875,2430700
3282,65,79,23553,1493,974954,2396100
3283,53,74,23500,1472,975028,2352700
3284,67,72,23433,1467,975100,3247500
3285,58,84,23375,1441,975184,2678700
3286,54,77,23321,1418,975261,2413800
3287,53,77,23268,1394,975338,2415500
3288,64,70,23204,1388,975408,2391400
3289,66,71,23138,1383,975479,2363600
3290,63,72,23075,1374,975551,3209400
3291,57,72,23018,1359,975623,3033700
3292,46,59,22972,1346,975682,2376100
3293,55,64,22917,1337,975746,2466400
3294,56,58,22861,1335,975804,2390600
3295,44,79,22817,1300,975883,2346800
3296,45,66,22772,1279,975949,3034600
3297,61,67,22711,1273,976016,2453800
3298,54,72,22657,1255,976088,2508200
3299,48,71,22609,1232,976159,2478500
3300,57,68,22552,1221,976227,2476000
3301,51,47,22501,1225,976274,2432600
3302,59,65,22442,1219,976339,2526600
3303,56,50,22386,1225,976389,2497800
3304,45,69,22341,1201,976458,2406500
3305,48,59,22293,1190,976517,2403300
3306,59,64,22234,1185,976581,2386000
3307,52,65,22182,1172,976646,2383700
3308,48,67,22134,1153,976713,2581300
3309,57,53,22077,1157,976766,2697800
3310,60,57,22017,1160,976823,2388700
3311,48,61,21969,1147,976884,2509500
3312,56,64,21913,1139,976948,2405700
3313,50,53,21863,1136,977001,2403700
3314,48,61,21815,1123,977062,2400300
3315,44,60,21771,1107,977122,2585500
3316,48,40,21723,1115,977162,2433000
3317,53,58,21670,1110,977220,2436700
3318,47,56,21623,1101,977276,2422000
3319,56,46,21567,1111,977322,2431900
3320,51,56,21516,1106,977378,2371400
3321,57,52,21459,1111,977430,2474100
3322,32,55,21427,1088,977485,2452100
3323,57,43,21370,1102,977528,2434400
3324,49,51,21321,1100,977579,2423200
3325,46,51,21275,1095,977630,2409600
3326,51,51,21224,1095,977681,2463900
3327,50,44,21174,1101,977725,2454400
3328,41,46,21133,1096,977771,2723500
3329,53,68,21080,1081,977839,2886600
3330,56,49,21024,1088,977888,2543700
3331,61,44,20963,1105,977932,2450400
3332,39,66,20924,1078,977998,2408400
3333,44,45,20880,1077,978043,2385400
3334,51,57,20829,1071,978100,2906000
3335,54,54,20775,1071,978154,2560900
3336,47,51,20728,1067,978205,2501100
3337,45,57,20683,1055,978262,2539700
3338,34,47,20649,1042,978309,2500400
3339,56,43,20593,1055,978352,2493600
3340,44,42,20549,1057,978394,2555700
3341,43,46,20506,1054,978440,2511100
3342,43,43,20463,1054,978483,2524700
3343,62,46,20401,1070,978529,2583800
3344,50,44,20351,1076,978573,2609200
3345,45,65,20306,1056,978638,2603300
3346,35,53,20271,1038,978691,2576300
3347,45,41,20226,1042,978732,2563100
3348,64,62,20162,1044,978794,2506700
3349,52,45,20110,1051,978839,2473600
3350,49,46,20061,1054,978885,2450100
3351,48,48,20013,1054,978933,2466800
3352,47,54,19966,1047,978987,2563100
3353,42,52,19924,1037,979039,2570100
3354,47,55,19877,1029,979094,2485800
3355,46,46,19831,1029,979140,2466100
3356,45,46,19786,1028,979186,2457800
3357,40,46,19746,1022,979232,2428200
3358,37,60,19709,999,979292,2535700
3359,46,53,19663,992,979345,2500700
3360,43,49,19620,986,979394,2524700
3361,43,39,19577,990,979433,2470500
3362,36,56,19541,970,979489,2420300
3363,48,44,19493,974,979533,2445300
3364,39,54,19454,959,979587,2467500
3365,31,46,19423,944,979633,2589000
3366,45,44,19378,945,979677,2534400
3367,49,51,19329,943,979728,2528800
3368,41,57,19288,927,979785,2548500
3369,51,50,19237,928,979835,2488500
3370,49,42,19188,935,979877,2437100
3371,41,45,19147,931,979922,2651300
3372,41,36,19106,936,979958,2521900
3373,37,56,19069,917,980014,2484700
3374,40,44,19029,913,980058,2458400
3375,32,37,18997,908,980095,2479300
3376,46,35,18951,919,980130,2424800
3377,39,46,18912,912,980176,2533100
3378,38,55,18874,895,980231,2545600
3379,29,44,18845,880,980275,2492600
3380,39,43,18806,876,980318,2494500
3381,37,43,18769,870,980361,2469800
3382,26,37,18743,859,980398,2426400
3383,31,32,18712,858,980430,2519600
3384,34,38,18678,854,980468,2482100
3385,39,34,18639,859,980502,2466000
3386,39,41,18600,857,980543,2571500
3387,39,39,18561,857,980582,2627100
3388,46,42,18515,861,980624,2572000
3389,40,41,18475,860,980665,2550200
3390,52,45,18423,867,980710,2704000
3391,34,40,18389,861,980750,3167800
3392,36,39,18353,858,980789,2814300
3393,40,38,18313,860,980827,2934100
3394,44,44,18269,860,980871,2972300
3395,43,41,18226,862,980912,2913900
3396,50,34,18176,878,980946,2786500
3397,43,37,18133,884,980983,2540600
3398,42,50,18091,876,981033,2426300
3399,36,46,18055,866,981079,2474100
3400,33,38,18022,861,981117,2440000
3401,42,51,17980,852,981168,2561200
3402,37,39,17943,850,981207,2522400
3403,35,42,17908,843,981249,2581700
3404,25,31,17883,837,981280,2555300
3405,34,46,17849,825,981326,2699200
3406,38,33,17811,830,981359,2537700
3407,31,43,17780,818,981402,2709900
3408,30,43,17750,805,981445,3000000
3409,32,42,17718,795,981487,3001500
3410,37,37,17681,795,981524,2956000
3411,35,41,17646,789,981565,2946200
3412,33,40,17613,782,981605,3152000
3413,40,32,17573,790,981637,2489600
3414,34,41,17539,783,981678,2552400
3415,40,35,17499,788,981713,2468100
3416,32,34,17467,786,981747,2460100
3417,29,30,17438,785,981777,2431700
3418,31,35,17407,781,981812,2939600
3419,30,47,17377,764,981859,2682700
3420,34,34,17343,764,981893,2553500
3421,35,27,17308,772,981920,2554000
3422,24,34,17284,762,981954,2484500
3423,22,30,17262,754,981984,2794600
3424,28,25,17234,757,982009,2439200
3425,36,35,17198,758,982044,2412300
3426,30,28,17168,760,982072,2365400
3427,40,44,17128,756,982116,2482500
3428,31,45,17097,742,982161,2360900
3429,28,37,17069,733,982198,2417600
3430,23,29,17046,727,982227,2433700
3431,24,41,17022,710,982268,2418400
3432,31,40,16991,701,982308,2430100
3433,31,35,16960,697,982343,2443600
3434,20,43,16940,674,982386,2351800
3435,22,29,16918,667,982415,2886700
3436,22,41,16896,648,982456,2358900
3437,17,35,16879,630,982491,2543300
3438,19,38,16860,611,982529,2398500
3439,22,35,16838,598,982564,2346600
3440,25,24,16813,599,982588,2424900
3441,21,24,16792,596,982612,2652300
3442,16,33,16776,579,982645,2411100
3443,19,22,16757,576,982667,2470600
3444,21,23,16736,574,982690,2461500
3445,21,22,16715,573,982712,2379000
3446,19,30,16696,562,982742,2358100
3447,18,32,16678,548,982774,2725100
3448,14,24,16664,538,982798,2401700
3449,22,33,16642,527,982831,2480900
3450,23,22,16619,528,982853,2382000
3451,23,30,16596,521,982883,2356800
3452,25,32,16571,514,982915,2524800
3453,17,31,16554,500,982946,2990600
3454,35,33,16519,502,982979,2353900
3455,27,25,16492,504,983004,2530100
3456,22,31,16470,495,983035,2417300
3457,24,19,16446,500,983054,2369600
3458,17,18,16429,499,983072,2683400
3459,18,32,16411,485,983104,2469600
3460,23,15,16388,493,983119,2371300
3461,22,31,16366,484,983150,2460200
3462,21,23,16345,482,983173,2364100
3463,27,27,16318,482,983200,2398300
3464,26,25,16292,483,983225,2426700
3465,22,32,16270,473,983257,2397500
3466,19,35,16251,457,983292,2393500
3467,17,27,16234,447,983319,2353000
3468,10,19,16224,438,983338,2298300
3469,25,20,16199,443,983358,2347500
3470,21,18,16178,446,983376,2848400
3471,30,24,16148,452,983400,3187800
3472,33,22,16115,463,983422,2809500
3473,17,19,16098,461,983441,2928100
3474,22,15,16076,468,983456,3095300
3475,23,26,16053,465,983482,2807000
3476,20,24,16033,461,983506,3031300
3477,25,16,16008,470,983522,3102100
3478,30,27,15978,473,983549,3059500
3479,13,21,15965,465,983570,2989700
3480,25,21,15940,469,983591,3031800
3481,18,15,15922,472,983606,3081300
3482,22,24,15900,470,983630,3007500
3483,20,20,15880,470,983650,3015400
3484,17,18,15863,469,983668,2824600
3485,10,25,15853,454,983693,2946700
3486,18,24,15835,448,983717,2944300
3487,16,13,15819,451,983730,2861700
3488,15,17,15804,449,983747,2926000
3489,18,15,15786,452,983762,2917700
3490,18,23,15768,447,983785,2818900
3491,16,33,15752,430,983818,2888000
3492,14,24,15738,420,983842,3085600
3493,13,12,15725,421,983854,3125300
3494,16,16,15709,421,983870,2904200
3495,14,20,15695,415,983890,2432400
3496,13,20,15682,408,983910,2518600
3497,9,13,15673,404,983923,2665100
3498,16,21,15657,399,983944,3267700
3499,13,21,15644,391,983965,2642500
3500,14,25,15630,380,983990,2501400
3501,7,18,15623,369,984008,2419800
3502,13,22,15610,360,984030,2383000
3503,10,17,15600,353,984047,2343500
3504,9,14,15591,348,984061,2385200
3505,4,21,15587,331,984082,2495800
3506,4,15,15583,320,984097,2353000
3507,7,15,15576,312,984112,2332700
3508,8,24,15568,296,984136,2380100
3509,5,13,15563,288,984149,2369300
3510,7,11,15556,284,984160,2433300
3511,7,15,15549,276,984175,2410100
3512,8,15,15541,269,984190,2344200
3513,10,9,15531,270,984199,2336200
3514,7,14,15524,263,984213,2328200
3515,4,15,15520,252,984228,2332000
3516,4,7,15516,249,984235,2373200
3517,8,9,15508,248,984244,2326400
3518,5,11,15503,242,984255,2304900
3519,5,16,15498,231,984271,2328200
3520,7,11,15491,227,984282,2370200
3521,2,15,15489,214,984297,2391700
3522,4,11,15485,207,984308,2486700
3523,4,17,15481,194,984325,2387700
3524,6,7,15475,193,984332,2355900
3525,1,9,15474,185,984341,2397600
3526,4,8,15470,181,984349,2315900
3527,3,12,15467,172,984361,2361100
3528,5,11,15462,166,984372,2824600
3529,6,8,15456,164,984380,2370200
3530,5,11,15451,158,984391,2313900
3531,3,6,15448,155,984397,2378200
3532,2,7,15446,150,984404,2334000
3533,1,8,15445,143,984412,2495000
3534,1,8,15444,136,984420,2368800
3535,5,1,15439,140,984421,2323800
3536,0,13,15439,127,984434,2349800
3537,0,8,15439,119,984442,2316500
3538,0,9,15439,110,984451,2325100
3539,1,7,15438,104,984458,2337600
3540,2,6,15436,100,984464,2403000
3541,1,4,15435,97,984468,2301400
3542,3,7,15432,93,984475,2281400
3543,1,4,15431,90,984479,2352900
3544,2,4,15429,88,984483,2406100
3545,0,2,15429,86,984485,2791600
3546,2,4,15427,84,984489,2406600
3547,1,3,15426,82,984492,2356300
3548,1,4,15425,79,984496,2367200
3549,0,2,15425,77,984498,2581400
3550,1,3,15424,75,984501,2985800
3551,0,3,15424,72,984504,2695500
3552,0,2,15424,70,984506,2872900
3553,1,3,15423,68,984509,2930500
3554,0,1,15423,67,984510,2851000
3555,1,4,15422,64,984514,2873200
3556,0,5,15422,59,984519,2463400
3557,1,3,15421,57,984522,2395900
3558,0,5,15421,52,984527,2404700
3559,1,1,15420,52,984528,2392600
3560,0,4,15420,48,984532,2429100
3561,0,1,15420,47,984533,2824900
3562,0,4,15420,43,984537,2816300
3563,0,2,15420,41,984539,2878100
3564,0,2,15420,39,984541,2818500
3565,0,5,15420,34,984546,3051500
3566,0,4,15420,30,984550,2776100
3567,0,2,15420,28,984552,2412100
3568,0,2,15420,26,984554,2373100
3569,0,2,15420,24,984556,2422300
3570,0,0,15420,24,984556,2413000
3571,0,1,15420,23,984557,2416900
3572,0,1,15420,22,984558,2424200
3573,0,1,15420,21,984559,2376000
3574,0,1,15420,20,984560,2396800
3575,0,3,15420,17,984563,2452900
3576,0,1,15420,16,984564,2784800
3577,0,0,15420,16,984564,2374400
3578,0,0,15420,16,984564,2410800
3579,0,0,15420,16,984564,2409500
3580,0,1,15420,15,984565,2354700
3581,0,2,15420,13,984567,2317200
3582,0,1,15420,12,984568,2432200
3583,0,2,15420,10,984570,2374300
3584,0,1,15420,9,984571,2377200
3585,0,1,15420,8,984572,2409200
3586,0,0,15420,8,984572,2391600
3587,0,1,15420,7,984573,2367400
3588,0,0,15420,7,984573,2388600
3589,0,0,15420,7,984573,2421000
3590,0,0,15420,7,984573,2410200
3591,0,1,15420,6,984574,2456700
3592,0,0,15420,6,984574,2427500
3593,0,0,15420,6,984574,2863400
3594,0,1,15420,5,984575,2402900
3595,0,0,15420,5,984575,2448900
3596,0,1,15420,4,984576,2388800
3597,0,0,15420,4,984576,2431700
3598,0,0,15420,4,984576,2400200
3599,0,0,15420,4,984576,2556300
3600,0,0,15420,4,984576,2396900
3601,0,0,15420,4,984576,2415900
3602,0,0,15420,4,984576,2415800
3603,0,0,15420,4,984576,2389700
3604,0,1,15420,3,984577,2650400
3605,0,0,15420,3,984577,2340100
3606,0,0,15420,3,984577,2446100
3607,0,0,15420,3,984577,2444900
3608,0,0,15420,3,984577,2479400
3609,0,0,15420,3,984577,2438300
3610,0,0,15420,3,984577,2575800
3611,0,1,15420,2,984578,2409700
3612,0,1,15420,1,984579,2419400
3613,0,0,15420,1,984579,2451700
3614,0,0,15420,1,984579,2490300
3615,0,0,15420,1,984579,2619100
3616,0,0,15420,1,984579,3292900
3617,0,0,15420,1,984579,3038200
3618,0,0,15420,1,984579,3061200
3619,0,0,15420,1,984579,2980600
3620,0,0,15420,1,984579,2798400
3621,0,0,15420,1,984579,2450700
3622,0,0,15420,1,984579,2465800
3623,0,0,15420,1,984579,2466000
3624,0,0,15420,1,984579,2533600
3625,0,0,15420,1,984579,2607600
3626,0,0,15420,1,984579,2483500
3627,0,0,15420,1,984579,2458200
3628,0,0,15420,1,984579,2439800
3629,0,0,15420,1,984579,2361500
3630,0,0,15420,1,984579,2417100
3631,0,0,15420,1,984579,2503700
3632,0,0,15420,1,984579,2776300
3633,0,0,15420,1,984579,2781100
3634,0,0,15420,1,984579,2789500
3635,0,0,15420,1,984579,2814400
3636,0,0,15420,1,984579,2658700
3637,0,0,15420,1,984579,2818500
3638,0,0,15420,1,984579,2793100
3639,0,0,15420,1,984579,2805400
3640,0,0,15420,1,984579,2737100
3641,0,0,15420,1,984579,3151200
3642,0,0,15420,1,984579,2786800
3643,0,0,15420,1,984579,2374600
3644,0,0,15420,1,984579,2343400
3645,0,0,15420,1,984579,2316700
3646,0,0,15420,1,984579,2726500
3647,0,0,15420,1,984579,2251500
3648,0,0,15420,1,984579,2354500
3649,0,0,15420,1,984579,2287300
3650,0,0,15420,1,984579,2277900
3651,0,0,15420,1,984579,2257700
3652,0,0,15420,1,984579,3165200
3653,0,0,15420,1,984579,2732300
3654,0,0,15420,1,984579,2384200
3655,0,0,15420,1,984579,2313200
3656,0,0,15420,1,984579,2257800
3657,0,0,15420,1,984579,2320200
3658,0,0,15420,1,984579,2287800
3659,0,0,15420,1,984579,2304400
3660,0,0,15420,1,984579,2289400
3661,0,0,15420,1,984579,2330700
3662,0,1,15420,0,984580,2331600
