Tick,NewlyInfected,NewlyRecovered,TotalSusceptible,TotalInfected,TotalRecovered,StepTimeNanos
0,1,0,999994,6,0,2590400
1,1,0,999993,7,0,2407500
2,3,0,999990,10,0,2410300
3,3,0,999987,13,0,2507200
4,4,0,999983,17,0,2402800
5,3,0,999980,20,0,2400100
6,7,0,999973,27,0,2375800
7,4,1,999969,30,1,2369300
8,6,0,999963,36,1,2382600
9,9,1,999954,44,2,2408300
10,9,4,999945,49,6,2344900
11,10,7,999935,52,13,2319500
12,8,3,999927,57,16,2294200
13,9,1,999918,65,17,2295200
14,10,7,999908,68,24,2322500
15,12,5,999896,75,29,2346900
16,11,5,999885,81,34,2727500
17,9,2,999876,88,36,3824100
18,10,3,999866,95,39,2930100
19,20,7,999846,108,46,3024500
20,22,3,999824,127,49,2476700
21,16,9,999808,134,58,2539300
22,11,10,999797,135,68,2537900
23,17,6,999780,146,74,2469300
24,19,7,999761,158,81,2441400
25,15,6,999746,167,87,2439800
26,14,8,999732,173,95,2420300
27,15,6,999717,182,101,2710700
28,9,10,999708,181,111,2901200
29,13,5,999695,189,116,2460400
30,16,12,999679,193,128,2384000
31,21,8,999658,206,136,2383400
32,22,8,999636,220,144,2384100
33,23,5,999613,238,149,2420500
34,20,17,999593,241,166,2350200
35,30,12,999563,259,178,2386100
36,28,17,999535,270,195,2829000
37,28,6,999507,292,201,3233100
38,37,14,999470,315,215,3120200
39,27,13,999443,329,228,2560700
40,29,13,999414,345,241,2464100
41,28,22,999386,351,263,2549300
42,35,10,999351,376,273,2522600
43,31,22,999320,385,295,2436800
44,30,16,999290,399,311,2467400
45,36,27,999254,408,338,2450500
46,35,24,999219,419,362,2387400
47,33,10,999186,442,372,2353500
48,34,16,999152,460,388,2355600
49,40,23,999112,477,411,2359500
50,35,19,999077,493,430,2335000
51,34,33,999043,494,463,2346700
52,34,21,999009,507,484,2370900
53,28,26,998981,509,510,2337600
54,44,24,998937,529,534,2307300
55,31,30,998906,530,564,2590800
56,38,30,998868,538,594,3708200
57,40,28,998828,550,622,2836400
58,40,28,998788,562,650,2904300
59,40,24,998748,578,674,2515000
60,40,33,998708,585,707,2486100
61,38,30,998670,593,737,2456200
62,38,33,998632,598,770,2498000
63,53,33,998579,618,803,2442600
64,43,32,998536,629,835,2464000
65,42,35,998494,636,870,2414400
66,48,38,998446,646,908,2403500
67,40,39,998406,647,947,2388500
68,42,29,998364,660,976,2398000
69,46,38,998318,668,1014,2379400
70,48,28,998270,688,1042,2411800
71,43,39,998227,692,1081,2366400
72,50,35,998177,707,1116,2345100
73,54,36,998123,725,1152,2330400
74,52,28,998071,749,1180,2377500
75,48,31,998023,766,1211,2361100
76,44,40,997979,770,1251,2533400
77,33,41,997946,762,1292,4107300
78,58,33,997888,787,1325,2723900
79,49,35,997839,801,1360,2687400
80,48,44,997791,805,1404,2510800
81,62,48,997729,819,1452,2608400
82,54,41,997675,832,1493,2509800
83,58,52,997617,838,1545,2537700
84,53,40,997564,851,1585,2488400
85,59,52,997505,858,1637,2456600
86,63,44,997442,877,1681,2429900
87,69,35,997373,911,1716,2578800
88,73,40,997300,944,1756,2659400
89,72,49,997228,967,1805,2811800
90,72,52,997156,987,1857,2756100
91,87,48,997069,1026,1905,2535900
92,64,53,997005,1037,1958,2519400
93,55,48,996950,1044,2006,2604500
94,73,58,996877,1059,2064,3085500
95,77,61,996800,1075,2125,2947600
96,72,54,996728,1093,2179,7653200
97,71,59,996657,1105,2238,3044900
98,69,60,996588,1114,2298,3631400
99,73,62,996515,1125,2360,3219300
100,74,54,996441,1145,2414,3309900
101,58,55,996383,1148,2469,3346900
102,53,72,996330,1129,2541,3160500
103,72,63,996258,1138,2604,3164000
104,74,64,996184,1148,2668,2793400
105,74,57,996110,1165,2725,2579600
106,64,69,996046,1160,2794,2736300
107,75,56,995971,1179,2850,2681000
108,71,61,995900,1189,2911,2527300
109,87,53,995813,1223,2964,2505400
110,72,68,995741,1227,3032,2547200
111,61,66,995680,1222,3098,6974200
112,77,54,995603,1245,3152,3793800
113,77,64,995526,1258,3216,2886700
114,95,69,995431,1284,3285,2729600
115,90,69,995341,1305,3354,2705900
116,83,66,995258,1322,3420,2705100
117,88,62,995170,1348,3482,3389900
118,87,68,995083,1367,3550,2831300
119,90,64,994993,1393,3614,2602000
120,96,70,994897,1419,3684,2569600
121,82,65,994815,1436,3749,2593200
122,119,55,994696,1500,3804,2797100
123,108,63,994588,1545,3867,2973300
124,94,81,994494,1558,3948,2569300
125,86,75,994408,1569,4023,2542100
126,95,80,994313,1584,4103,2553300
127,91,81,994222,1594,4184,5664000
128,98,84,994124,1608,4268,3590400
129,102,80,994022,1630,4348,3283600
130,103,59,993919,1674,4407,3358600
131,105,89,993814,1690,4496,3320200
132,102,75,993712,1717,4571,3061700
133,99,92,993613,1724,4663,2959000
134,89,69,993524,1744,4732,3346500
135,102,93,993422,1753,4825,2845800
136,109,92,993313,1770,4917,2695700
137,105,100,993208,1775,5017,2779700
138,106,92,993102,1789,5109,2965500
139,81,100,993021,1770,5209,2935200
140,112,89,992909,1793,5298,2906100
141,109,100,992800,1802,5398,2931300
142,86,102,992714,1786,5500,2565600
143,119,99,992595,1806,5599,5296600
144,89,103,992506,1792,5702,4812200
145,105,90,992401,1807,5792,3444300
146,105,86,992296,1826,5878,3418500
147,113,107,992183,1832,5985,3205800
148,98,89,992085,1841,6074,2950600
149,122,101,991963,1862,6175,2717500
150,132,103,991831,1891,6278,3084800
151,124,90,991707,1925,6368,2979900
152,136,97,991571,1964,6465,2915700
153,129,106,991442,1987,6571,2952400
154,122,96,991320,2013,6667,3096600
155,125,96,991195,2042,6763,3047700
156,114,96,991081,2060,6859,3105100
157,111,108,990970,2063,6967,3084300
158,128,114,990842,2077,7081,3113700
159,132,96,990710,2113,7177,8276700
160,131,91,990579,2153,7268,4371700
161,139,118,990440,2174,7386,3650400
162,97,112,990343,2159,7498,3315700
163,119,109,990224,2169,7607,2832500
164,130,125,990094,2174,7732,3912300
165,128,117,989966,2185,7849,3063100
166,114,112,989852,2187,7961,2927400
167,127,139,989725,2175,8100,2906300
168,126,97,989599,2204,8197,2854900
169,122,105,989477,2221,8302,2774000
170,134,112,989343,2243,8414,2587000
171,129,113,989214,2259,8527,2588000
172,111,127,989103,2243,8654,2557000
173,131,103,988972,2271,8757,2895300
174,143,103,988829,2311,8860,2979000
175,132,136,988697,2307,8996,3023800
176,138,99,988559,2346,9095,2896900
177,148,108,988411,2386,9203,2784600
178,131,109,988280,2408,9312,2749900
179,154,152,988126,2410,9464,3005200
180,148,131,987978,2427,9595,3057400
181,116,116,987862,2427,9711,3035900
182,124,134,987738,2417,9845,3209500
183,148,125,987590,2440,9970,15489100
184,144,109,987446,2475,10079,3267900
185,158,135,987288,2498,10214,3191700
186,124,134,987164,2488,10348,3221300
187,142,127,987022,2503,10475,3089800
188,148,135,986874,2516,10610,2923700
189,140,132,986734,2524,10742,2907600
190,147,127,986587,2544,10869,2930000
191,150,131,986437,2563,11000,3381300
192,173,137,986264,2599,11137,2917500
193,165,129,986099,2635,11266,3056300
194,164,141,985935,2658,11407,6652100
195,162,128,985773,2692,11535,4713900
196,142,131,985631,2703,11666,3099600
197,146,134,985485,2715,11800,3480100
198,145,129,985340,2731,11929,3522600
199,145,135,985195,2741,12064,3027900
200,170,129,985025,2782,12193,2850600
201,150,137,984875,2795,12330,2799200
202,154,156,984721,2793,12486,2758500
203,138,139,984583,2792,12625,2713200
204,162,137,984421,2817,12762,2731100
205,140,139,984281,2818,12901,3081700
206,175,150,984106,2843,13051,2734100
207,154,145,983952,2852,13196,2732900
208,161,153,983791,2860,13349,6059600
209,164,114,983627,2910,13463,4365000
210,144,144,983483,2910,13607,3602700
211,155,150,983328,2915,13757,4299700
212,164,135,983164,2944,13892,2831200
213,136,161,983028,2919,14053,3230900
214,176,144,982852,2951,14197,3048700
215,144,149,982708,2946,14346,3161000
216,145,145,982563,2946,14491,2765000
217,171,164,982392,2953,14655,2847800
218,159,139,982233,2973,14794,2761800
219,157,150,982076,2980,14944,2857200
220,160,173,981916,2967,15117,2637800
221,149,140,981767,2976,15257,2629800
222,154,170,981613,2960,15427,2823300
223,138,130,981475,2968,15557,3981300
224,161,172,981314,2957,15729,3720100
225,167,158,981147,2966,15887,3367300
226,140,148,981007,2958,16035,2811100
227,172,127,980835,3003,16162,2727800
228,161,162,980674,3002,16324,2733500
229,150,152,980524,3000,16476,2736800
230,150,161,980374,2989,16637,2977900
231,153,173,980221,2969,16810,2944300
232,151,128,980070,2992,16938,2829000
233,169,134,979901,3027,17072,3083200
234,162,170,979739,3019,17242,2649900
235,161,156,979578,3024,17398,2597900
236,169,153,979409,3040,17551,2533000
237,160,171,979249,3029,17722,2543100
238,151,165,979098,3015,17887,2515400
239,160,137,978938,3038,18024,2497400
240,146,151,978792,3033,18175,2547800
241,181,153,978611,3061,18328,2711200
242,164,144,978447,3081,18472,4965300
243,169,160,978278,3090,18632,3754800
244,166,186,978112,3070,18818,3723300
245,181,156,977931,3095,18974,3003400
246,166,153,977765,3108,19127,2732600
247,163,149,977602,3122,19276,2663800
248,150,154,977452,3118,19430,2641000
249,202,144,977250,3176,19574,2673500
250,186,170,977064,3192,19744,2664700
251,188,164,976876,3216,19908,2605200
252,155,167,976721,3204,20075,2591200
253,205,170,976516,3239,20245,2551600
254,157,160,976359,3236,20405,2529300
255,168,154,976191,3250,20559,2529300
256,159,162,976032,3247,20721,2689100
257,158,179,975874,3226,20900,2718800
258,171,152,975703,3245,21052,3743300
259,179,174,975524,3250,21226,3667300
260,180,143,975344,3287,21369,3539600
261,174,150,975170,3311,21519,2810500
262,191,166,974979,3336,21685,2689600
263,195,167,974784,3364,21852,2709500
264,197,182,974587,3379,22034,2675000
265,193,178,974394,3394,22212,2638900
266,183,203,974211,3374,22415,2632300
267,174,174,974037,3374,22589,2575400
268,192,172,973845,3394,22761,2592300
269,180,177,973665,3397,22938,2541700
270,181,182,973484,3396,23120,2504300
271,196,169,973288,3423,23289,2491700
272,214,193,973074,3444,23482,2468800
273,180,145,972894,3479,23627,2484000
274,186,189,972708,3476,23816,2429300
275,185,187,972523,3474,24003,2479600
276,182,186,972341,3470,24189,3756600
277,188,166,972153,3492,24355,3172800
278,200,181,971953,3511,24536,3600500
279,191,182,971762,3520,24718,2772800
280,189,174,971573,3535,24892,2689600
281,186,209,971387,3512,25101,2751500
282,200,170,971187,3542,25271,2689900
283,201,148,970986,3595,25419,2623500
284,195,168,970791,3622,25587,2695900
285,205,188,970586,3639,25775,2639000
286,192,196,970394,3635,25971,2621900
287,185,181,970209,3639,26152,2690800
288,217,172,969992,3684,26324,2577300
289,190,175,969802,3699,26499,2543600
290,209,183,969593,3725,26682,2722200
291,191,204,969402,3712,26886,2500900
292,184,187,969218,3709,27073,2472100
293,168,195,969050,3682,27268,2548100
294,201,177,968849,3706,27445,2582400
295,194,195,968655,3705,27640,4356500
296,192,186,968463,3711,27826,3613600
297,176,188,968287,3699,28014,2890100
298,216,187,968071,3728,28201,2686700
299,199,189,967872,3738,28390,2694200
300,191,197,967681,3732,28587,2677200
301,204,186,967477,3750,28773,3345900
302,219,175,967258,3794,28948,2701600
303,210,173,967048,3831,29121,2662300
304,214,171,966834,3874,29292,3069300
305,232,197,966602,3909,29489,2726600
306,216,209,966386,3916,29698,3224400
307,202,192,966184,3926,29890,2498000
308,199,184,965985,3941,30074,2411000
309,221,197,965764,3965,30271,2420200
310,227,212,965537,3980,30483,2421900
311,202,225,965335,3957,30708,2575000
312,195,212,965140,3940,30920,3447400
313,211,189,964929,3962,31109,3626300
314,201,226,964728,3937,31335,2841600
315,195,192,964533,3940,31527,2846700
316,206,180,964327,3966,31707,2784100
317,204,217,964123,3953,31924,2770700
318,193,192,963930,3954,32116,2976600
319,232,215,963698,3971,32331,2824700
320,208,193,963490,3986,32524,2783000
321,218,194,963272,4010,32718,2756300
322,194,202,963078,4002,32920,2851200
323,203,192,962875,4013,33112,3048000
324,211,202,962664,4022,33314,2748200
325,225,213,962439,4034,33527,2703400
326,219,210,962220,4043,33737,2660300
327,208,212,962012,4039,33949,2661100
328,220,231,961792,4028,34180,2819700
329,241,216,961551,4053,34396,2754100
330,225,186,961326,4092,34582,5344300
331,240,222,961086,4110,34804,4143900
332,215,219,960871,4106,35023,3689200
333,228,222,960643,4112,35245,3682400
334,201,219,960442,4094,35464,3612800
335,225,179,960217,4140,35643,3560800
336,226,228,959991,4138,35871,3326200
337,212,199,959779,4151,36070,3178100
338,203,209,959576,4145,36279,2908000
339,232,206,959344,4171,36485,2889900
340,228,207,959116,4192,36692,2789300
341,221,217,958895,4196,36909,3269000
342,207,214,958688,4189,37123,2759800
343,210,227,958478,4172,37350,2775700
344,247,216,958231,4203,37566,2837100
345,230,210,958001,4223,37776,5739900
346,226,210,957775,4239,37986,4451300
347,227,201,957548,4265,38187,3558700
348,264,209,957284,4320,38396,3236800
349,241,210,957043,4351,38606,3020300
350,243,233,956800,4361,38839,3494100
351,244,216,956556,4389,39055,3440000
352,224,214,956332,4399,39269,2904900
353,239,221,956093,4417,39490,2719100
354,242,227,955851,4432,39717,2648000
355,257,213,955594,4476,39930,2972900
356,239,213,955355,4502,40143,2621800
357,246,226,955109,4522,40369,2618500
358,231,244,954878,4509,40613,2745300
359,221,214,954657,4516,40827,2555700
360,241,243,954416,4514,41070,2637900
361,230,227,954186,4517,41297,4716700
362,270,201,953916,4586,41498,3579700
363,226,234,953690,4578,41732,3148100
364,237,232,953453,4583,41964,2801000
365,226,224,953227,4585,42188,2869500
366,258,205,952969,4638,42393,2736900
367,243,206,952726,4675,42599,2713600
368,241,239,952485,4677,42838,2715000
369,254,220,952231,4711,43058,2757000
370,208,213,952023,4706,43271,2702000
371,235,250,951788,4691,43521,2703500
372,222,231,951566,4682,43752,2595500
373,231,218,951335,4695,43970,2583100
374,252,239,951083,4708,44209,2544700
375,236,228,950847,4716,44437,2530900
376,246,216,950601,4746,44653,2555900
377,235,216,950366,4765,44869,2627100
378,249,230,950117,4784,45099,3946800
379,235,248,949882,4771,45347,3463000
380,277,218,949605,4830,45565,2982200
381,235,260,949370,4805,45825,3264200
382,237,233,949133,4809,46058,2821700
383,252,225,948881,4836,46283,2796600
384,236,249,948645,4823,46532,2749200
385,260,246,948385,4837,46778,2701000
386,273,252,948112,4858,47030,2706100
387,265,256,947847,4867,47286,2656800
388,278,236,947569,4909,47522,2652800
389,269,250,947300,4928,47772,2597200
390,259,268,947041,4919,48040,2578100
391,244,259,946797,4904,48299,2556200
392,262,239,946535,4927,48538,2580700
393,258,252,946277,4933,48790,3066600
394,257,270,946020,4920,49060,2628300
395,238,232,945782,4926,49292,2701600
396,292,235,945490,4983,49527,5675000
397,247,245,945243,4985,49772,3061100
398,232,268,945011,4949,50040,3260500
399,289,248,944722,4990,50288,3219300
400,279,250,944443,5019,50538,2965600
401,267,244,944176,5042,50782,2955900
402,240,240,943936,5042,51022,2822800
403,266,249,943670,5059,51271,2880800
404,252,259,943418,5052,51530,2770200
405,250,248,943168,5054,51778,2755800
406,269,247,942899,5076,52025,2726700
407,269,250,942630,5095,52275,2725500
408,291,246,942339,5140,52521,2711300
409,289,261,942050,5168,52782,2682600
410,273,248,941777,5193,53030,2645400
411,259,252,941518,5200,53282,2645500
412,273,283,941245,5190,53565,2736500
413,262,272,940983,5180,53837,2791900
414,258,261,940725,5177,54098,2990700
415,255,262,940470,5170,54360,3036800
416,264,258,940206,5176,54618,2952700
417,264,248,939942,5192,54866,3009900
418,258,276,939684,5174,55142,4413600
419,276,258,939408,5192,55400,6033400
420,261,263,939147,5190,55663,4767800
421,267,271,938880,5186,55934,3206700
422,255,248,938625,5193,56182,3303600
423,283,234,938342,5242,56416,3619000
424,262,251,938080,5253,56667,3312800
425,269,281,937811,5241,56948,3108400
426,281,285,937530,5237,57233,3007000
427,264,279,937266,5222,57512,3479600
428,252,259,937014,5215,57771,5250700
429,266,274,936748,5207,58045,3667200
430,261,269,936487,5199,58314,3519200
431,276,289,936211,5186,58603,3020800
432,266,260,935945,5192,58863,3056600
433,272,265,935673,5199,59128,3010200
434,295,249,935378,5245,59377,3114200
435,279,278,935099,5246,59655,3066200
436,249,251,934850,5244,59906,3126500
437,275,274,934575,5245,60180,2886900
438,248,269,934327,5224,60449,2979100
439,278,252,934049,5250,60701,2814900
440,297,273,933752,5274,60974,2810800
441,290,259,933462,5305,61233,2886500
442,280,274,933182,5311,61507,2992000
443,276,268,932906,5319,61775,5372600
444,272,232,932634,5359,62007,3825600
445,273,272,932361,5360,62279,3302500
446,267,288,932094,5339,62567,3200400
447,302,263,931792,5378,62830,2976800
448,290,271,931502,5397,63101,2991800
449,297,248,931205,5446,63349,2896600
450,294,270,930911,5470,63619,2895500
451,329,292,930582,5507,63911,3004100
452,291,259,930291,5539,64170,3083400
453,290,273,930001,5556,64443,2916000
454,272,278,929729,5550,64721,2783800
455,250,268,929479,5532,64989,2748400
456,275,304,929204,5503,65293,2921400
457,301,302,928903,5502,65595,2781500
458,282,294,928621,5490,65889,2709700
459,292,274,928329,5508,66163,4130000
460,286,269,928043,5525,66432,3754900
461,302,276,927741,5551,66708,3309300
462,286,293,927455,5544,67001,3053900
463,307,258,927148,5593,67259,3094300
464,304,282,926844,5615,67541,2935500
465,267,291,926577,5591,67832,2887900
466,274,297,926303,5568,68129,2874300
467,259,262,926044,5565,68391,2892100
468,303,280,925741,5588,68671,2768600
469,265,281,925476,5572,68952,2740800
470,259,282,925217,5549,69234,2806800
471,271,286,924946,5534,69520,3132600
472,254,288,924692,5500,69808,2742600
473,283,289,924409,5494,70097,2602100
474,293,254,924116,5533,70351,2608900
475,276,279,923840,5530,70630,2675400
476,284,269,923556,5545,70899,4914100
477,298,235,923258,5608,71134,3793900
478,283,308,922975,5583,71442,2928500
479,314,280,922661,5617,71722,3118900
480,284,293,922377,5608,72015,3129600
481,268,296,922109,5580,72311,3158000
482,287,282,921822,5585,72593,2824300
483,288,280,921534,5593,72873,2792800
484,291,288,921243,5596,73161,2788200
485,320,286,920923,5630,73447,2709300
486,285,284,920638,5631,73731,2691000
487,269,299,920369,5601,74030,2690700
488,286,266,920083,5621,74296,2638100
489,267,279,919816,5609,74575,2915000
490,286,298,919530,5597,74873,2611300
491,281,291,919249,5587,75164,2554400
492,271,310,918978,5548,75474,2791500
493,305,272,918673,5581,75746,2881600
494,301,268,918372,5614,76014,4530100
495,284,292,918088,5606,76306,3790900
496,307,270,917781,5643,76576,3181600
497,292,293,917489,5642,76869,3062200
498,292,260,917197,5674,77129,3202100
499,282,274,916915,5682,77403,3149000
500,294,294,916621,5682,77697,2860700
501,290,252,916331,5720,77949,2916600
502,337,298,915994,5759,78247,2867300
503,304,278,915690,5785,78525,2712300
504,333,283,915357,5835,78808,2682700
505,290,288,915067,5837,79096,2639500
506,281,277,914786,5841,79373,2577000
507,269,270,914517,5840,79643,2785200
508,326,296,914191,5870,79939,2727600
509,290,300,913901,5860,80239,2652100
510,293,274,913608,5879,80513,4567400
511,285,317,913323,5847,80830,3909700
512,297,301,913026,5843,81131,3243500
513,283,267,912743,5859,81398,2898900
514,291,300,912452,5850,81698,2898800
515,327,288,912125,5889,81986,2833400
516,294,306,911831,5877,82292,2790000
517,293,322,911538,5848,82614,2962600
518,320,292,911218,5876,82906,2780400
519,297,312,910921,5861,83218,2743400
520,297,289,910624,5869,83507,2725900
521,329,296,910295,5902,83803,2710100
522,327,310,909968,5919,84113,2687900
523,325,288,909643,5956,84401,2671000
524,340,287,909303,6009,84688,2613800
525,299,297,909004,6011,84985,2587800
526,317,280,908687,6048,85265,2569400
527,303,294,908384,6057,85559,2705400
528,307,304,908077,6060,85863,4165400
529,312,305,907765,6067,86168,4456500
530,326,309,907439,6084,86477,3185300
531,308,296,907131,6096,86773,2940500
532,295,307,906836,6084,87080,2938600
533,323,315,906513,6092,87395,3293200
534,321,336,906192,6077,87731,2901600
535,308,290,905884,6095,88021,2850400
536,298,328,905586,6065,88349,2833400
537,294,308,905292,6051,88657,2805700
538,303,300,904989,6054,88957,2775800
539,319,295,904670,6078,89252,2744200
540,337,309,904333,6106,89561,2688900
541,322,285,904011,6143,89846,2657100
542,306,343,903705,6106,90189,2712800
543,305,328,903400,6083,90517,2715700
544,306,314,903094,6075,90831,3404600
545,300,305,902794,6070,91136,6319000
546,307,273,902487,6104,91409,3425900
547,329,317,902158,6116,91726,3025300
548,323,302,901835,6137,92028,3142700
549,342,311,901493,6168,92339,3560200
550,344,313,901149,6199,92652,3018900
551,324,288,900825,6235,92940,2928000
552,314,324,900511,6225,93264,2959900
553,318,340,900193,6203,93604,3157600
554,337,324,899856,6216,93928,3117300
555,337,338,899519,6215,94266,3058500
556,330,315,899189,6230,94581,3029300
557,320,351,898869,6199,94932,2954300
558,355,278,898514,6276,95210,3113200
559,323,309,898191,6290,95519,3152500
560,320,331,897871,6279,95850,4443100
561,363,319,897508,6323,96169,3985300
562,319,286,897189,6356,96455,3301900
563,345,316,896844,6385,96771,3311000
564,327,290,896517,6422,97061,3202300
565,338,279,896179,6481,97340,3081600
566,348,315,895831,6514,97655,3110700
567,327,317,895504,6524,97972,3151500
568,330,343,895174,6511,98315,3088800
569,341,315,894833,6537,98630,3716900
570,332,326,894501,6543,98956,3022700
571,319,334,894182,6528,99290,2934800
572,332,346,893850,6514,99636,3031400
573,331,310,893519,6535,99946,2972100
574,349,334,893170,6550,100280,2942700
575,347,300,892823,6597,100580,3070100
576,309,326,892514,6580,100906,2971800
577,345,336,892169,6589,101242,5936500
578,345,307,891824,6627,101549,3387700
579,320,329,891504,6618,101878,3134500
580,325,331,891179,6612,102209,3116200
581,336,335,890843,6613,102544,3270600
582,333,349,890510,6597,102893,3130900
583,325,319,890185,6603,103212,3214000
584,373,328,889812,6648,103540,2999200
585,354,335,889458,6667,103875,2966500
586,339,337,889119,6669,104212,3225200
587,341,328,888778,6682,104540,3069600
588,342,314,888436,6710,104854,2927100
589,368,350,888068,6728,105204,2883400
590,348,336,887720,6740,105540,2887000
591,345,299,887375,6786,105839,2970400
592,322,324,887053,6784,106163,4033000
593,336,330,886717,6790,106493,3597600
594,372,347,886345,6815,106840,3539500
595,357,335,885988,6837,107175,3538300
596,332,360,885656,6809,107535,3163500
597,348,388,885308,6769,107923,3169000
598,345,329,884963,6785,108252,3116600
599,348,352,884615,6781,108604,2992500
600,301,362,884314,6720,108966,3262000
601,359,342,883955,6737,109308,3007200
602,327,335,883628,6729,109643,3017000
603,314,314,883314,6729,109957,2901900
604,344,337,882970,6736,110294,2937000
605,313,310,882657,6739,110604,2890500
606,371,330,882286,6780,110934,3058800
607,354,329,881932,6805,111263,4601700
608,332,369,881600,6768,111632,3908400
609,334,350,881266,6752,111982,3507500
610,325,324,880941,6753,112306,3356600
611,323,312,880618,6764,112618,3551800
612,340,342,880278,6762,112960,3484000
613,337,336,879941,6763,113296,3690300
614,315,343,879626,6735,113639,3172600
615,309,347,879317,6697,113986,3051000
616,302,345,879015,6654,114331,2917400
617,377,333,878638,6698,114664,3014600
618,351,324,878287,6725,114988,2904100
619,342,325,877945,6742,115313,2896600
620,337,326,877608,6753,115639,2919400
621,325,344,877283,6734,115983,3103600
622,323,321,876960,6736,116304,5619800
623,332,334,876628,6734,116638,4234700
624,338,326,876290,6746,116964,3125100
625,309,309,875981,6746,117273,3098900
626,381,339,875600,6788,117612,3107200
627,344,315,875256,6817,117927,3059200
628,369,328,874887,6858,118255,2996700
629,354,323,874533,6889,118578,2952800
630,310,371,874223,6828,118949,2943200
631,377,348,873846,6857,119297,2926100
632,363,341,873483,6879,119638,2854000
633,310,355,873173,6834,119993,2824900
634,343,335,872830,6842,120328,3114700
635,346,342,872484,6846,120670,2655500
636,333,316,872151,6863,120986,2592300
637,343,362,871808,6844,121348,2681700
638,350,369,871458,6825,121717,4299800
639,356,364,871102,6817,122081,4031000
640,369,346,870733,6840,122427,3917700
641,334,346,870399,6828,122773,3844900
642,362,357,870037,6833,123130,3832600
643,344,332,869693,6845,123462,4176900
644,384,330,869309,6899,123792,3328900
645,362,352,868947,6909,124144,2911700
646,338,347,868609,6900,124491,2861600
647,346,318,868263,6928,124809,2883100
648,376,320,867887,6984,125129,2929100
649,364,336,867523,7012,125465,2817400
650,369,331,867154,7050,125796,2810200
651,342,331,866812,7061,126127,2798900
652,358,377,866454,7042,126504,2879700
653,352,352,866102,7042,126856,5331200
654,332,390,865770,6984,127246,3274800
655,365,367,865405,6982,127613,3125800
656,326,353,865079,6955,127966,2990700
657,368,333,864711,6990,128299,3009200
658,380,360,864331,7010,128659,3000600
659,382,354,863949,7038,129013,3045700
660,374,343,863575,7069,129356,2866500
661,333,349,863242,7053,129705,2912200
662,366,366,862876,7053,130071,2802100
663,369,342,862507,7080,130413,3063800
664,368,363,862139,7085,130776,2805900
665,335,381,861804,7039,131157,2845800
666,365,316,861439,7088,131473,3144100
667,372,355,861067,7105,131828,2776100
668,348,359,860719,7094,132187,2929200
669,363,349,860356,7108,132536,2971200
670,384,350,859972,7142,132886,2816400
671,372,338,859600,7176,133224,2772500
672,346,348,859254,7174,133572,2712900
673,346,342,858908,7178,133914,2913200
674,373,338,858535,7213,134252,2826900
675,367,376,858168,7204,134628,2644800
676,375,358,857793,7221,134986,2658800
677,390,387,857403,7224,135373,2635400
678,382,379,857021,7227,135752,2592200
679,398,350,856623,7275,136102,2812600
680,384,373,856239,7286,136475,2624000
681,351,350,855888,7287,136825,2605500
682,365,331,855523,7321,137156,2577800
683,384,339,855139,7366,137495,2554500
684,370,353,854769,7383,137848,2581800
685,372,332,854397,7423,138180,3115700
686,387,370,854010,7440,138550,2685400
687,389,340,853621,7489,138890,2901400
688,366,376,853255,7479,139266,4370800
689,385,364,852870,7500,139630,3700100
690,329,379,852541,7450,140009,4019900
691,362,368,852179,7444,140377,3724000
692,407,361,851772,7490,140738,3794800
693,363,353,851409,7500,141091,3732700
694,341,378,851068,7463,141469,3285200
695,355,354,850713,7464,141823,2832700
696,362,382,850351,7444,142205,2842100
697,356,391,849995,7409,142596,2752800
698,369,397,849626,7381,142993,2837600
699,354,381,849272,7354,143374,2901300
700,365,376,848907,7343,143750,2682100
701,375,343,848532,7375,144093,2672900
702,360,392,848172,7343,144485,2720000
703,349,363,847823,7329,144848,4173400
704,346,371,847477,7304,145219,3920100
705,373,348,847104,7329,145567,4135100
706,406,395,846698,7340,145962,3959900
707,376,368,846322,7348,146330,3969600
708,348,383,845974,7313,146713,3594100
709,365,390,845609,7288,147103,2904600
710,357,403,845252,7242,147506,2835600
711,335,377,844917,7200,147883,2814300
712,336,355,844581,7181,148238,2810400
713,364,346,844217,7199,148584,2860900
714,359,333,843858,7225,148917,2751100
715,355,377,843503,7203,149294,2712300
716,404,341,843099,7266,149635,2680300
717,386,385,842713,7267,150020,2660900
718,386,368,842327,7285,150388,2825400
719,352,343,841975,7294,150731,4602500
720,374,378,841601,7290,151109,3733300
721,330,330,841271,7290,151439,3438900
722,385,381,840886,7294,151820,3169500
723,375,372,840511,7297,152192,3115100
724,370,390,840141,7277,152582,2995300
725,373,356,839768,7294,152938,2932600
726,387,389,839381,7292,153327,2886800
727,372,380,839009,7284,153707,2904800
728,381,388,838628,7277,154095,3073200
729,434,368,838194,7343,154463,3001400
730,397,376,837797,7364,154839,3142300
731,386,345,837411,7405,155184,2869800
732,354,352,837057,7407,155536,2813000
733,386,407,836671,7386,155943,3315100
734,386,357,836285,7415,156300,3067000
735,401,363,835884,7453,156663,3306700
736,359,404,835525,7408,157067,2965000
737,387,362,835138,7433,157429,2953200
738,402,367,834736,7468,157796,3347500
739,363,380,834373,7451,158176,2855100
740,395,363,833978,7483,158539,3085600
741,374,354,833604,7503,158893,2814800
742,391,412,833213,7482,159305,2932500
743,379,335,832834,7526,159640,3170300
744,388,409,832446,7505,160049,3363100
745,358,360,832088,7503,160409,2833900
746,377,369,831711,7511,160778,2773600
747,375,379,831336,7507,161157,2741600
748,390,377,830946,7520,161534,2790600
749,401,348,830545,7573,161882,2735800
750,418,397,830127,7594,162279,2767400
751,433,341,829694,7686,162620,2976900
752,418,348,829276,7756,162968,4948800
753,407,367,828869,7796,163335,4169100
754,390,376,828479,7810,163711,4014800
755,408,404,828071,7814,164115,3987200
756,390,361,827681,7843,164476,3931000
757,416,372,827265,7887,164848,3571500
758,405,419,826860,7873,165267,3844400
759,403,419,826457,7857,165686,3043500
760,367,376,826090,7848,166062,2910500
761,398,410,825692,7836,166472,2885900
762,381,400,825311,7817,166872,2919600
763,395,384,824916,7828,167256,2874600
764,399,411,824517,7816,167667,2794200
765,436,379,824081,7873,168046,2758300
766,437,387,823644,7923,168433,2839100
767,369,386,823275,7906,168819,5291600
768,434,424,822841,7916,169243,3821400
769,419,375,822422,7960,169618,4164900
770,434,424,821988,7970,170042,3308100
771,413,410,821575,7973,170452,3268200
772,410,414,821165,7969,170866,3133500
773,399,410,820766,7958,171276,3090400
774,424,373,820342,8009,171649,3057300
775,407,409,819935,8007,172058,2994400
776,436,390,819499,8053,172448,2929600
777,424,408,819075,8069,172856,2877600
778,419,380,818656,8108,173236,2866100
779,425,409,818231,8124,173645,2902700
780,397,389,817834,8132,174034,2862800
781,415,406,817419,8141,174440,2880300
782,430,383,816989,8188,174823,3041200
783,433,445,816556,8176,175268,5783900
784,398,375,816158,8199,175643,3345000
785,463,418,815695,8244,176061,3236400
786,408,391,815287,8261,176452,3291800
787,434,392,814853,8303,176844,3616300
788,459,385,814394,8377,177229,3147700
789,416,392,813978,8401,177621,3098600
790,401,398,813577,8404,178019,3011300
791,451,410,813126,8445,178429,3190600
792,397,435,812729,8407,178864,3059200
793,405,438,812324,8374,179302,3053500
794,426,415,811898,8385,179717,2917700
795,391,416,811507,8360,180133,2864300
796,421,413,811086,8368,180546,2912500
797,414,439,810672,8343,180985,3032800
798,444,432,810228,8355,181417,5768500
799,417,417,809811,8355,181834,3526800
800,414,418,809397,8351,182252,3320400
801,432,423,808965,8360,182675,4008500
802,429,424,808536,8365,183099,3975600
803,438,395,808098,8408,183494,3845500
804,395,396,807703,8407,183890,3620000
805,431,402,807272,8436,184292,3062800
806,392,432,806880,8396,184724,2945900
807,413,422,806467,8387,185146,2911900
808,384,415,806083,8356,185561,2831100
809,419,383,805664,8392,185944,2894300
810,395,437,805269,8350,186381,3007900
811,380,380,804889,8350,186761,3008400
812,420,430,804469,8340,187191,3044600
813,440,416,804029,8364,187607,5756300
814,414,404,803615,8374,188011,3368900
815,424,426,803191,8372,188437,3454000
816,420,461,802771,8331,188898,4495800
817,384,432,802387,8283,189330,3307100
818,416,418,801971,8281,189748,3230900
819,434,401,801537,8314,190149,3238400
820,408,398,801129,8324,190547,3059000
821,404,424,800725,8304,190971,3018800
822,421,453,800304,8272,191424,2993600
823,421,418,799883,8275,191842,3033300
824,429,429,799454,8275,192271,3205500
825,396,423,799058,8248,192694,3023900
826,438,420,798620,8266,193114,2995200
827,387,399,798233,8254,193513,4308700
828,412,397,797821,8269,193910,3781400
829,428,406,797393,8291,194316,3487200
830,443,432,796950,8302,194748,3459500
831,407,410,796543,8299,195158,3264300
832,420,450,796123,8269,195608,3375500
833,419,468,795704,8220,196076,3126000
834,381,405,795323,8196,196481,3044100
835,419,422,794904,8193,196903,2970700
836,444,462,794460,8175,197365,2998800
837,415,434,794045,8156,197799,3002800
838,396,402,793649,8150,198201,2990500
839,409,389,793240,8170,198590,3254900
840,376,429,792864,8117,199019,2950900
841,401,428,792463,8090,199447,2882200
842,396,386,792067,8100,199833,3120800
843,447,394,791620,8153,200227,4798800
844,414,462,791206,8105,200689,3663200
845,418,381,790788,8142,201070,3589100
846,443,404,790345,8181,201474,3317300
847,401,376,789944,8206,201850,3735000
848,440,402,789504,8244,202252,3175800
849,377,417,789127,8204,202669,3451500
850,413,416,788714,8201,203085,3088200
851,440,387,788274,8254,203472,3095100
852,434,425,787840,8263,203897,3175200
853,436,406,787404,8293,204303,2988600
854,455,444,786949,8304,204747,2923700
855,435,432,786514,8307,205179,2906300
856,436,389,786078,8354,205568,2900700
857,431,452,785647,8333,206020,3224700
858,448,418,785199,8363,206438,4684800
859,447,407,784752,8403,206845,4741800
860,431,438,784321,8396,207283,4281800
861,419,417,783902,8398,207700,3242900
862,454,420,783448,8432,208120,3261200
863,431,445,783017,8418,208565,3162500
864,408,423,782609,8403,208988,3090300
865,439,440,782170,8402,209428,3084800
866,438,443,781732,8397,209871,3169200
867,399,422,781333,8374,210293,2999500
868,418,460,780915,8332,210753,2947800
869,398,427,780517,8303,211180,2996000
870,441,383,780076,8361,211563,3186000
871,416,432,779660,8345,211995,3168300
872,429,408,779231,8366,212403,3120600
873,417,409,778814,8374,212812,5070200
874,405,443,778409,8336,213255,3807700
875,421,433,777988,8324,213688,3457800
876,465,436,777523,8353,214124,3282300
877,429,412,777094,8370,214536,3272700
878,458,412,776636,8416,214948,3781200
879,446,419,776190,8443,215367,4153400
880,473,437,775717,8479,215804,3215900
881,433,402,775284,8510,216206,3093900
882,436,430,774848,8516,216636,3038500
883,392,439,774456,8469,217075,3303100
884,460,423,773996,8506,217498,3023300
885,465,414,773531,8557,217912,2895600
886,462,427,773069,8592,218339,2864400
887,407,424,772662,8575,218763,2994600
888,428,442,772234,8561,219205,5477900
889,454,425,771780,8590,219630,4207300
890,434,454,771346,8570,220084,3266000
891,433,403,770913,8600,220487,3253800
892,427,431,770486,8596,220918,3144000
893,451,413,770035,8634,221331,3113700
894,446,430,769589,8650,221761,3039500
895,438,414,769151,8674,222175,3050300
896,414,435,768737,8653,222610,2973800
897,430,477,768307,8606,223087,3576700
898,420,437,767887,8589,223524,2992800
899,425,438,767462,8576,223962,2844400
900,403,429,767059,8550,224391,2798700
901,414,412,766645,8552,224803,2843200
902,418,423,766227,8547,225226,3094600
903,471,451,765756,8567,225677,5554400
904,433,434,765323,8566,226111,4347800
905,415,413,764908,8568,226524,4105700
906,428,429,764480,8567,226953,4189800
907,393,448,764087,8512,227401,3327500
908,409,421,763678,8500,227822,3118700
909,430,457,763248,8473,228279,3080500
910,449,385,762799,8537,228664,3060400
911,418,410,762381,8545,229074,3004300
912,426,398,761955,8573,229472,2928800
913,427,443,761528,8557,229915,2857300
914,464,396,761064,8625,230311,2851900
915,435,430,760629,8630,230741,2857200
916,442,455,760187,8617,231196,3114500
917,429,419,759758,8627,231615,3847300
918,404,418,759354,8613,232033,3862000
919,438,392,758916,8659,232425,3411000
920,418,443,758498,8634,232868,3332500
921,432,406,758066,8660,233274,3969600
922,426,425,757640,8661,233699,3968700
923,414,427,757226,8648,234126,3857600
924,387,409,756839,8626,234535,3161100
925,451,429,756388,8648,234964,3245800
926,450,421,755938,8677,235385,3020100
927,427,437,755511,8667,235822,2952300
928,421,414,755090,8674,236236,2848900
929,405,397,754685,8682,236633,2847900
930,455,434,754230,8703,237067,3135200
931,437,415,753793,8725,237482,2828400
932,452,426,753341,8751,237908,2971400
933,418,426,752923,8743,238334,2927100
934,436,438,752487,8741,238772,2857300
935,472,475,752015,8738,239247,3462600
936,439,441,751576,8736,239688,2798000
937,472,396,751104,8812,240084,2886900
938,451,451,750653,8812,240535,2928900
939,429,484,750224,8757,241019,2715400
940,417,420,749807,8754,241439,2925100
941,450,449,749357,8755,241888,2944700
942,414,427,748943,8742,242315,2853500
943,416,423,748527,8735,242738,2826100
944,419,392,748108,8762,243130,2855300
945,434,446,747674,8750,243576,2926500
946,423,459,747251,8714,244035,2896000
947,430,410,746821,8734,244445,2852300
948,456,447,746365,8743,244892,2827200
949,450,462,745915,8731,245354,2964600
950,448,442,745467,8737,245796,5333900
951,445,424,745022,8758,246220,3690600
952,440,431,744582,8767,246651,4346800
953,431,422,744151,8776,247073,4210400
954,423,434,743728,8765,247507,3712400
955,466,470,743262,8761,247977,3404200
956,430,447,742832,8744,248424,3420200
957,430,460,742402,8714,248884,3412700
958,393,415,742009,8692,249299,3277500
959,423,435,741586,8680,249734,3019300
960,411,463,741175,8628,250197,2830900
961,402,495,740773,8535,250692,2932700
962,425,411,740348,8549,251103,2819200
963,440,437,739908,8552,251540,2865400
964,435,446,739473,8541,251986,4843100
965,405,413,739068,8533,252399,3572700
966,420,451,738648,8502,252850,3671100
967,427,439,738221,8490,253289,3608500
968,431,411,737790,8510,253700,3400900
969,445,425,737345,8530,254125,3307000
970,418,429,736927,8519,254554,3357400
971,433,412,736494,8540,254966,3162700
972,450,399,736044,8591,255365,3123100
973,407,431,735637,8567,255796,3169600
974,432,410,735205,8589,256206,3062000
975,425,424,734780,8590,256630,2930100
976,460,390,734320,8660,257020,2930500
977,447,445,733873,8662,257465,2915600
978,472,444,733401,8690,257909,3181100
979,424,416,732977,8698,258325,3284700
980,438,398,732539,8738,258723,3010800
981,431,443,732108,8726,259166,2885300
982,402,413,731706,8715,259579,2888800
983,423,445,731283,8693,260024,2828700
984,419,445,730864,8667,260469,2842800
985,394,428,730470,8633,260897,2845600
986,408,421,730062,8620,261318,2840600
987,435,458,729627,8597,261776,2841300
988,417,453,729210,8561,262229,2882600
989,398,437,728812,8522,262666,2840900
990,407,446,728405,8483,263112,2826100
991,414,423,727991,8474,263535,2880200
992,413,452,727578,8435,263987,2861500
993,409,423,727169,8421,264410,2894100
994,403,416,726766,8408,264826,3374500
995,412,400,726354,8420,265226,3138300
996,377,427,725977,8370,265653,3143800
997,412,437,725565,8345,266090,5519300
998,390,404,725175,8331,266494,3380700
999,392,403,724783,8320,266897,3133100
1000,411,416,724372,8315,267313,3080800
1001,385,423,723987,8277,267736,3049200
1002,403,393,723584,8287,268129,3024100
1003,410,402,723174,8295,268531,3246000
1004,409,414,722765,8290,268945,2981000
1005,406,371,722359,8325,269316,2946000
1006,390,446,721969,8269,269762,2941700
1007,337,427,721632,8179,270189,2910200
1008,386,416,721246,8149,270605,2989300
1009,401,370,720845,8180,270975,2971700
1010,384,397,720461,8167,271372,2753400
1011,360,430,720101,8097,271802,2712400
1012,396,384,719705,8109,272186,3891100
1013,372,405,719333,8076,272591,4126000
1014,383,408,718950,8051,272999,3672300
1015,415,412,718535,8054,273411,4137400
1016,372,386,718163,8040,273797,3867000
1017,386,416,717777,8010,274213,3918400
1018,410,390,717367,8030,274603,3782100
1019,375,405,716992,8000,275008,3031700
1020,378,386,716614,7992,275394,2989500
1021,397,401,716217,7988,275795,2889400
1022,401,405,715816,7984,276200,3355700
1023,417,394,715399,8007,276594,2707200
1024,375,400,715024,7982,276994,2654900
1025,360,410,714664,7932,277404,2679100
1026,380,390,714284,7922,277794,2663100
1027,351,388,713933,7885,278182,2857100
1028,341,376,713592,7850,278558,4459600
1029,383,397,713209,7836,278955,3428100
1030,401,407,712808,7830,279362,3283500
1031,366,409,712442,7787,279771,3150000
1032,390,388,712052,7789,280159,3606100
1033,420,386,711632,7823,280545,3873700
1034,404,394,711228,7833,280939,3757700
1035,406,391,710822,7848,281330,3698100
1036,368,379,710454,7837,281709,3275000
1037,398,387,710056,7848,282096,3248200
1038,378,377,709678,7849,282473,3007400
1039,384,397,709294,7836,282870,2958500
1040,406,375,708888,7867,283245,2905900
1041,371,390,708517,7848,283635,3238700
1042,377,373,708140,7852,284008,4454800
1043,398,400,707742,7850,284408,4780600
1044,411,397,707331,7864,284805,3668000
1045,381,428,706950,7817,285233,3867500
1046,438,383,706512,7872,285616,3578100
1047,397,384,706115,7885,286000,3515800
1048,425,399,705690,7911,286399,3061500
1049,410,416,705280,7905,286815,3064000
1050,396,374,704884,7927,287189,3055700
1051,439,371,704445,7995,287560,2950000
1052,415,378,704030,8032,287938,2904100
1053,412,421,703618,8023,288359,2835800
1054,405,375,703213,8053,288734,2851700
1055,384,396,702829,8041,289130,2829400
1056,397,391,702432,8047,289521,2811300
1057,430,395,702002,8082,289916,2854500
1058,430,418,701572,8094,290334,3062600
1059,419,399,701153,8114,290733,4782100
1060,383,393,700770,8104,291126,3572900
1061,429,409,700341,8124,291535,3328900
1062,436,388,699905,8172,291923,3092000
1063,411,416,699494,8167,292339,3128700
1064,428,385,699066,8210,292724,3065600
1065,450,422,698616,8238,293146,3019800
1066,427,417,698189,8248,293563,2941700
1067,434,459,697755,8223,294022,2903800
1068,396,408,697359,8211,294430,2845000
1069,413,421,696946,8203,294851,2852200
1070,409,387,696537,8225,295238,2815400
1071,429,421,696108,8233,295659,2742900
1072,412,407,695696,8238,296066,2715800
1073,426,402,695270,8262,296468,2780000
1074,411,384,694859,8289,296852,3867100
1075,423,433,694436,8279,297285,3917700
1076,397,417,694039,8259,297702,3742600
1077,405,420,693634,8244,298122,4238700
1078,406,421,693228,8229,298543,4229600
1079,413,401,692815,8241,298944,3306000
1080,390,412,692425,8219,299356,2928600
1081,435,420,691990,8234,299776,2871300
1082,400,407,691590,8227,300183,2882200
1083,445,431,691145,8241,300614,2810300
1084,444,436,690701,8249,301050,2770800
1085,394,403,690307,8240,301453,2656400
1086,417,407,689890,8250,301860,2645500
1087,438,402,689452,8286,302262,2663600
1088,389,398,689063,8277,302660,2646300
1089,424,427,688639,8274,303087,2719900
1090,403,419,688236,8258,303506,2940800
1091,420,383,687816,8295,303889,4584100
1092,383,411,687433,8267,304300,4308600
1093,416,394,687017,8289,304694,4051500
1094,411,397,686606,8303,305091,3882100
1095,390,427,686216,8266,305518,3911200
1096,386,407,685830,8245,305925,3846800
1097,413,383,685417,8275,306308,3264900
1098,397,415,685020,8257,306723,2987200
1099,403,410,684617,8250,307133,2929500
1100,411,398,684206,8263,307531,2799200
1101,401,400,683805,8264,307931,2731800
1102,420,426,683385,8258,308357,2643700
1103,450,394,682935,8314,308751,2728300
1104,407,416,682528,8305,309167,2714000
1105,427,417,682101,8315,309584,4114300
1106,406,416,681695,8305,310000,3758400
1107,421,408,681274,8318,310408,3264100
1108,412,433,680862,8297,310841,3164600
1109,409,442,680453,8264,311283,3088600
1110,383,405,680070,8242,311688,3041300
1111,398,409,679672,8231,312097,2998000
1112,398,402,679274,8227,312499,2979400
1113,394,425,678880,8196,312924,2960000
1114,396,395,678484,8197,313319,2946200
1115,376,416,678108,8157,313735,2918400
1116,398,419,677710,8136,314154,2854900
1117,373,452,677337,8057,314606,2808700
1118,397,432,676940,8022,315038,2793400
1119,414,417,676526,8019,315455,2745800
1120,405,380,676121,8044,315835,2720300
1121,380,400,675741,8024,316235,2800300
1122,398,398,675343,8024,316633,4972800
1123,392,392,674951,8024,317025,4293900
1124,409,405,674542,8028,317430,4197500
1125,418,434,674124,8012,317864,3992900
1126,403,403,673721,8012,318267,4067500
1127,427,385,673294,8054,318652,3089700
1128,401,368,672893,8087,319020,2962500
1129,410,336,672483,8161,319356,2916800
1130,434,408,672049,8187,319764,3052000
1131,436,422,671613,8201,320186,3008000
1132,408,430,671205,8179,320616,2846400
1133,423,422,670782,8180,321038,2649900
1134,446,398,670336,8228,321436,2832100
1135,430,412,669906,8246,321848,3367000
1136,434,400,669472,8280,322248,4382200
1137,400,420,669072,8260,322668,3635300
1138,430,413,668642,8277,323081,4117000
1139,400,404,668242,8273,323485,3127400
1140,407,394,667835,8286,323879,3084000
1141,422,449,667413,8259,324328,3048700
1142,445,428,666968,8276,324756,2985400
1143,377,432,666591,8221,325188,2938300
1144,442,406,666149,8257,325594,2961100
1145,400,417,665749,8240,326011,2902100
1146,420,395,665329,8265,326406,2930000
1147,446,413,664883,8298,326819,2868100
1148,410,411,664473,8297,327230,2836500
1149,441,441,664032,8297,327671,2813800
1150,439,406,663593,8330,328077,2758100
1151,427,402,663166,8355,328479,2745600
1152,410,399,662756,8366,328878,2849600
1153,425,412,662331,8379,329290,2988000
1154,425,422,661906,8382,329712,2884100
1155,461,416,661445,8427,330128,2816400
1156,405,437,661040,8395,330565,2927300
1157,439,427,660601,8407,330992,2996600
1158,417,422,660184,8402,331414,2834400
1159,469,437,659715,8434,331851,2767800
1160,494,415,659221,8513,332266,2745400
1161,452,404,658769,8561,332670,2793300
1162,425,429,658344,8557,333099,2816800
1163,423,420,657921,8560,333519,2745600
1164,420,434,657501,8546,333953,2723700
1165,439,442,657062,8543,334395,2742900
1166,439,430,656623,8552,334825,2717200
1167,422,455,656201,8519,335280,2708700
1168,441,407,655760,8553,335687,2834100
1169,417,423,655343,8547,336110,2749400
1170,438,423,654905,8562,336533,2818400
1171,435,406,654470,8591,336939,3411400
1172,438,464,654032,8565,337403,3702100
1173,415,427,653617,8553,337830,3650500
1174,442,433,653175,8562,338263,3185600
1175,433,418,652742,8577,338681,3097700
1176,441,416,652301,8602,339097,3058600
1177,415,432,651886,8585,339529,3122500
1178,467,423,651419,8629,339952,3163800
1179,456,424,650963,8661,340376,3088400
1180,444,434,650519,8671,340810,3006800
1181,434,413,650085,8692,341223,2920800
1182,410,453,649675,8649,341676,2855200
1183,425,415,649250,8659,342091,3785100
1184,440,434,648810,8665,342525,2805200
1185,429,412,648381,8682,342937,2743900
1186,394,433,647987,8643,343370,2760000
1187,416,415,647571,8644,343785,3725600
1188,409,426,647162,8627,344211,4051600
1189,432,430,646730,8629,344641,3943700
1190,425,403,646305,8651,345044,3278900
1191,435,469,645870,8617,345513,3175700
1192,432,432,645438,8617,345945,3076600
1193,394,415,645044,8596,346360,3369400
1194,443,470,644601,8569,346830,3163000
1195,417,437,644184,8549,347267,3129400
1196,446,457,643738,8538,347724,3030300
1197,434,431,643304,8541,348155,3059300
1198,384,432,642920,8493,348587,3087500
1199,389,440,642531,8442,349027,2955300
1200,402,420,642129,8424,349447,2927200
1201,429,433,641700,8420,349880,2855000
1202,424,441,641276,8403,350321,2885800
1203,417,418,640859,8402,350739,5730000
1204,391,376,640468,8417,351115,3988700
1205,413,411,640055,8419,351526,3176600
1206,448,431,639607,8436,351957,3128900
1207,415,466,639192,8385,352423,3114700
1208,441,433,638751,8393,352856,3021900
1209,439,467,638312,8365,353323,2972400
1210,418,386,637894,8397,353709,2922300
1211,401,462,637493,8336,354171,3279600
1212,449,424,637044,8361,354595,2874900
1213,406,412,636638,8355,355007,2787200
1214,406,421,636232,8340,355428,2783700
1215,407,430,635825,8317,355858,2735900
1216,414,425,635411,8306,356283,2736900
1217,410,441,635001,8275,356724,2739900
1218,447,433,634554,8289,357157,2837100
1219,392,430,634162,8251,357587,4277700
1220,426,426,633736,8251,358013,4160100
1221,382,421,633354,8212,358434,3972700
1222,412,426,632942,8198,358860,3205900
1223,392,435,632550,8155,359295,3585700
1224,429,394,632121,8190,359689,3243200
1225,410,406,631711,8194,360095,3114600
1226,382,424,631329,8152,360519,4085800
1227,428,418,630901,8162,360937,3457000
1228,397,382,630504,8177,361319,3009300
1229,444,416,630060,8205,361735,2982300
1230,416,393,629644,8228,362128,2991900
1231,436,414,629208,8250,362542,3528900
1232,447,440,628761,8257,362982,3761400
1233,395,429,628366,8223,363411,5319200
1234,390,409,627976,8204,363820,5154200
1235,400,413,627576,8191,364233,3602800
1236,428,384,627148,8235,364617,3400200
1237,382,441,626766,8176,365058,4111600
1238,405,415,626361,8166,365473,4243200
1239,420,388,625941,8198,365861,3257700
1240,433,422,625508,8209,366283,3146600
1241,433,425,625075,8217,366708,3054400
1242,421,429,624654,8209,367137,3090300
1243,410,383,624244,8236,367520,2988900
1244,405,387,623839,8254,367907,2953800
1245,406,457,623433,8203,368364,2891400
1246,394,440,623039,8157,368804,2885100
1247,380,406,622659,8131,369210,4101000
1248,410,389,622249,8152,369599,4348500
1249,405,405,621844,8152,370004,3397900
1250,424,403,621420,8173,370407,3354400
1251,418,401,621002,8190,370808,3192000
1252,441,405,620561,8226,371213,3361900
1253,399,397,620162,8228,371610,3189300
1254,419,404,619743,8243,372014,3103800
1255,442,409,619301,8276,372423,3095000
1256,404,402,618897,8278,372825,3049100
1257,403,372,618494,8309,373197,3047700
1258,393,430,618101,8272,373627,2968900
1259,389,395,617712,8266,374022,2977400
1260,380,459,617332,8187,374481,2922700
1261,429,364,616903,8252,374845,2919700
1262,425,395,616478,8282,375240,2947800
1263,438,405,616040,8315,375645,2935300
1264,452,384,615588,8383,376029,3112400
1265,443,422,615145,8404,376451,2957500
1266,430,447,614715,8387,376898,2921300
1267,449,406,614266,8430,377304,3060100
1268,445,438,613821,8437,377742,2935200
1269,467,407,613354,8497,378149,2917200
1270,456,422,612898,8531,378571,2939700
1271,436,448,612462,8519,379019,2856500
1272,431,430,612031,8520,379449,3003100
1273,432,423,611599,8529,379872,2932000
1274,437,448,611162,8518,380320,2942800
1275,443,387,610719,8574,380707,2917200
1276,447,408,610272,8613,381115,2913700
1277,456,467,609816,8602,381582,2880000
1278,417,440,609399,8579,382022,2894100
1279,442,419,608957,8602,382441,2872800
1280,450,429,608507,8623,382870,3003000
1281,442,412,608065,8653,383282,5202800
1282,442,399,607623,8696,383681,4965100
1283,451,388,607172,8759,384069,4511800
1284,434,439,606738,8754,384508,3515700
1285,474,443,606264,8785,384951,3597000
1286,408,478,605856,8715,385429,3878400
1287,423,423,605433,8715,385852,3226500
1288,436,440,604997,8711,386292,3139700
1289,427,469,604570,8669,386761,3042600
1290,438,388,604132,8719,387149,3272000
1291,410,454,603722,8675,387603,2995700
1292,428,396,603294,8707,387999,2892700
1293,422,462,602872,8667,388461,2991100
1294,395,394,602477,8668,388855,4563600
1295,413,410,602064,8671,389265,4330000
1296,416,421,601648,8666,389686,3853500
1297,429,451,601219,8644,390137,3410500
1298,433,427,600786,8650,390564,3383800
1299,410,417,600376,8643,390981,3677200
1300,425,409,599951,8659,391390,3029400
1301,435,446,599516,8648,391836,3044400
1302,452,467,599064,8633,392303,2947500
1303,411,435,598653,8609,392738,2997000
1304,397,430,598256,8576,393168,3237900
1305,428,436,597828,8568,393604,2864800
1306,461,496,597367,8533,394100,2827200
1307,428,434,596939,8527,394534,2814100
1308,440,423,596499,8544,394957,2790900
1309,413,429,596086,8528,395386,3993000
1310,414,405,595672,8537,395791,5394600
1311,438,421,595234,8554,396212,3955400
1312,439,402,594795,8591,396614,3511000
1313,406,445,594389,8552,397059,3626400
1314,428,404,593961,8576,397463,3634200
1315,442,425,593519,8593,397888,3139200
1316,438,416,593081,8615,398304,3247000
1317,412,448,592669,8579,398752,3157800
1318,428,461,592241,8546,399213,3497600
1319,408,444,591833,8510,399657,3134300
1320,409,437,591424,8482,400094,3042800
1321,411,448,591013,8445,400542,3066200
1322,421,409,590592,8457,400951,3176500
1323,428,435,590164,8450,401386,3202400
1324,421,413,589743,8458,401799,4330800
1325,451,423,589292,8486,402222,5520500
1326,422,418,588870,8490,402640,3602800
1327,385,433,588485,8442,403073,3384100
1328,450,462,588035,8430,403535,3235900
1329,413,416,587622,8427,403951,3260900
1330,422,444,587200,8405,404395,3239200
1331,432,387,586768,8450,404782,3291500
1332,421,466,586347,8405,405248,3194400
1333,447,410,585900,8442,405658,3191400
1334,413,448,585487,8407,406106,3065300
1335,445,421,585042,8431,406527,3053400
1336,432,474,584610,8389,407001,3236500
1337,424,435,584186,8378,407436,3223500
1338,455,454,583731,8379,407890,3243000
1339,418,448,583313,8349,408338,3295800
1340,394,403,582919,8340,408741,6675200
1341,428,413,582491,8355,409154,4499600
1342,442,416,582049,8381,409570,3247900
1343,411,421,581638,8371,409991,3331400
1344,420,403,581218,8388,410394,4188900
1345,423,430,580795,8381,410824,4338200
1346,421,398,580374,8404,411222,3927800
1347,434,422,579940,8416,411644,3429500
1348,429,423,579511,8422,412067,3514400
1349,443,412,579068,8453,412479,3413900
1350,454,446,578614,8461,412925,3138700
1351,400,467,578214,8394,413392,3133800
1352,411,414,577803,8391,413806,3477400
1353,445,479,577358,8357,414285,6273900
1354,415,404,576943,8368,414689,4900300
1355,397,413,576546,8352,415102,3934400
1356,416,441,576130,8327,415543,4412300
1357,423,422,575707,8328,415965,3799600
1358,409,379,575298,8358,416344,3228200
1359,409,373,574889,8394,416717,3166400
1360,406,425,574483,8375,417142,3118400
1361,403,392,574080,8386,417534,3068800
1362,414,418,573666,8382,417952,3006100
1363,411,426,573255,8367,418378,2968800
1364,423,431,572832,8359,418809,2936900
1365,442,414,572390,8387,419223,3186700
1366,417,396,571973,8408,419619,3126500
1367,442,453,571531,8397,420072,3184000
1368,408,408,571123,8397,420480,2882400
1369,386,446,570737,8337,420926,2821300
1370,408,396,570329,8349,421322,2788300
1371,390,425,569939,8314,421747,3026900
1372,452,419,569487,8347,422166,2715300
1373,402,409,569085,8340,422575,2678000
1374,439,420,568646,8359,422995,2650400
1375,410,433,568236,8336,423428,2673400
1376,393,407,567843,8322,423835,3261900
1377,384,409,567459,8297,424244,2761900
1378,419,402,567040,8314,424646,2731500
1379,427,452,566613,8289,425098,2753100
1380,423,393,566190,8319,425491,2764700
1381,431,399,565759,8351,425890,3028400
1382,416,478,565343,8289,426368,2924100
1383,433,409,564910,8313,426777,3107300
1384,426,440,564484,8299,427217,4124700
1385,411,414,564073,8296,427631,4058600
1386,420,446,563653,8270,428077,4386700
1387,449,409,563204,8310,428486,4174800
1388,423,437,562781,8296,428923,3987400
1389,408,424,562373,8280,429347,3143500
1390,430,396,561943,8314,429743,3022900
1391,427,400,561516,8341,430143,2976300
1392,437,438,561079,8340,430581,2974900
1393,415,398,560664,8357,430979,2918900
1394,423,365,560241,8415,431344,2855700
1395,427,422,559814,8420,431766,2909600
1396,425,416,559389,8429,432182,2839300
1397,432,435,558957,8426,432617,2816400
1398,427,427,558530,8426,433044,2875500
1399,398,402,558132,8422,433446,5182500
1400,450,412,557682,8460,433858,3636700
1401,429,426,557253,8463,434284,3252800
1402,441,430,556812,8474,434714,3191300
1403,460,442,556352,8492,435156,3139500
1404,447,407,555905,8532,435563,3208900
1405,433,420,555472,8545,435983,3039800
1406,446,429,555026,8562,436412,3000000
1407,396,436,554630,8522,436848,2970800
1408,391,449,554239,8464,437297,2901100
1409,397,421,553842,8440,437718,3221400
1410,443,475,553399,8408,438193,2845400
1411,456,384,552943,8480,438577,2842200
1412,415,464,552528,8431,439041,2809300
1413,405,404,552123,8432,439445,2755800
1414,401,402,551722,8431,439847,2790400
1415,446,420,551276,8457,440267,4251500
1416,424,395,550852,8486,440662,4378800
1417,388,448,550464,8426,441110,4115100
1418,410,402,550054,8434,441512,4283800
1419,416,409,549638,8441,441921,3170000
1420,425,450,549213,8416,442371,3100600
1421,431,382,548782,8465,442753,3048900
1422,422,450,548360,8437,443203,3019900
1423,449,426,547911,8460,443629,3111700
1424,399,425,547512,8434,444054,2895000
1425,380,422,547132,8392,444476,2699700
1426,389,418,546743,8363,444894,2673300
1427,413,379,546330,8397,445273,2641700
1428,404,425,545926,8376,445698,2632700
1429,405,429,545521,8352,446127,3046300
1430,377,378,545144,8351,446505,2849200
1431,426,437,544718,8340,446942,5568900
1432,424,438,544294,8326,447380,4135000
1433,405,414,543889,8317,447794,3196700
1434,413,417,543476,8313,448211,3035600
1435,427,404,543049,8336,448615,3004400
1436,413,442,542636,8307,449057,3032100
1437,412,397,542224,8322,449454,2999600
1438,425,394,541799,8353,449848,3074700
1439,425,417,541374,8361,450265,2952500
1440,395,442,540979,8314,450707,2998200
1441,387,415,540592,8286,451122,2836000
1442,376,385,540216,8277,451507,2808300
1443,409,434,539807,8252,451941,3346900
1444,431,445,539376,8238,452386,2848800
1445,406,373,538970,8271,452759,2737900
1446,450,432,538520,8289,453191,2915200
1447,429,387,538091,8331,453578,5034300
1448,416,425,537675,8322,454003,3848300
1449,426,441,537249,8307,454444,3375600
1450,415,431,536834,8291,454875,3090300
1451,418,430,536416,8279,455305,3086800
1452,439,423,535977,8295,455728,3009300
1453,406,417,535571,8284,456145,3205600
1454,420,413,535151,8291,456558,3190500
1455,422,417,534729,8296,456975,3004000
1456,365,438,534364,8223,457413,2847000
1457,432,393,533932,8262,457806,2793300
1458,383,419,533549,8226,458225,3145000
1459,389,418,533160,8197,458643,2821300
1460,415,416,532745,8196,459059,2761300
1461,406,435,532339,8167,459494,2722000
1462,385,438,531954,8114,459932,2943300
1463,355,415,531599,8054,460347,3381300
1464,384,438,531215,8000,460785,2859100
1465,370,385,530845,7985,461170,2773100
1466,393,400,530452,7978,461570,2737500
1467,380,418,530072,7940,461988,2735000
1468,396,407,529676,7929,462395,2687400
1469,398,432,529278,7895,462827,2765000
1470,405,434,528873,7866,463261,2716400
1471,406,402,528467,7870,463663,2668400
1472,431,410,528036,7891,464073,2654400
1473,397,388,527639,7900,464461,2651000
1474,386,368,527253,7918,464829,2649700
1475,406,417,526847,7907,465246,3277100
1476,420,363,526427,7964,465609,2738600
1477,426,371,526001,8019,465980,2711900
1478,391,412,525610,7998,466392,2717900
1479,398,416,525212,7980,466808,2659400
1480,391,342,524821,8029,467150,2893600
1481,384,369,524437,8044,467519,5231500
1482,362,386,524075,8020,467905,3929100
1483,412,357,523663,8075,468262,3412700
1484,405,425,523258,8055,468687,3118000
1485,398,366,522860,8087,469053,3125700
1486,401,408,522459,8080,469461,2993100
1487,389,419,522070,8050,469880,2946500
1488,394,395,521676,8049,470275,2974800
1489,413,410,521263,8052,470685,2926600
1490,437,428,520826,8061,471113,3146900
1491,436,407,520390,8090,471520,2810700
1492,440,385,519950,8145,471905,2750500
1493,413,406,519537,8152,472311,2807100
1494,416,401,519121,8167,472712,2945800
1495,404,430,518717,8141,473142,3159000
1496,405,419,518312,8127,473561,2926600
1497,419,428,517893,8118,473989,2946200
1498,406,431,517487,8093,474420,4988400
1499,394,446,517093,8041,474866,4624000
1500,367,409,516726,7999,475275,3214400
1501,430,384,516296,8045,475659,3113300
1502,400,400,515896,8045,476059,3129200
1503,427,436,515469,8036,476495,3116100
1504,448,431,515021,8053,476926,3819900
1505,393,407,514628,8039,477333,3976500
1506,425,381,514203,8083,477714,3084400
1507,387,416,513816,8054,478130,3125500
1508,404,395,513412,8063,478525,3032700
1509,418,404,512994,8077,478929,3084000
1510,401,386,512593,8092,479315,3003700
1511,399,393,512194,8098,479708,4680700
1512,381,416,511813,8063,480124,4221900
1513,415,392,511398,8086,480516,4400900
1514,400,411,510998,8075,480927,4156800
1515,442,408,510556,8109,481335,4037800
1516,399,408,510157,8100,481743,4072000
1517,427,392,509730,8135,482135,3153300
1518,401,404,509329,8132,482539,3003500
1519,403,385,508926,8150,482924,2961000
1520,418,426,508508,8142,483350,2930700
1521,423,435,508085,8130,483785,3183200
1522,421,396,507664,8155,484181,2854800
1523,392,415,507272,8132,484596,2684000
1524,407,366,506865,8173,484962,2654900
1525,363,426,506502,8110,485388,2980400
1526,419,373,506083,8156,485761,4403700
1527,405,400,505678,8161,486161,4266500
1528,408,408,505270,8161,486569,3961400
1529,408,404,504862,8165,486973,3444300
1530,420,414,504442,8171,487387,3297000
1531,416,390,504026,8197,487777,4175800
1532,438,429,503588,8206,488206,4154100
1533,472,412,503116,8266,488618,3238500
1534,456,390,502660,8332,489008,3122700
1535,441,419,502219,8354,489427,3137600
1536,430,406,501789,8378,489833,3140100
1537,409,461,501380,8326,490294,3036100
1538,424,418,500956,8332,490712,2927100
1539,403,440,500553,8295,491152,2959500
1540,357,401,500196,8251,491553,3272600
1541,393,369,499803,8275,491922,3187600
1542,426,394,499377,8307,492316,3043100
1543,418,410,498959,8315,492726,2967800
1544,455,435,498504,8335,493161,2912000
1545,415,407,498089,8343,493568,2893000
1546,395,459,497694,8279,494027,2949900
1547,420,395,497274,8304,494422,2918500
1548,441,397,496833,8348,494819,2856500
1549,371,422,496462,8297,495241,2812000
1550,423,405,496039,8315,495646,2855400
1551,374,395,495665,8294,496041,2850800
1552,379,428,495286,8245,496469,2790300
1553,436,413,494850,8268,496882,2796200
1554,400,409,494450,8259,497291,2804900
1555,408,424,494042,8243,497715,2808400
1556,443,399,493599,8287,498114,2838500
1557,459,414,493140,8332,498528,2907400
1558,403,420,492737,8315,498948,4127900
1559,409,414,492328,8310,499362,5068600
1560,410,407,491918,8313,499769,3870400
1561,396,389,491522,8320,500158,3531700
1562,440,384,491082,8376,500542,3869200
1563,423,415,490659,8384,500957,4391800
1564,392,435,490267,8341,501392,3166800
1565,399,413,489868,8327,501805,3133300
1566,398,452,489470,8273,502257,3038600
1567,411,453,489059,8231,502710,3003200
1568,380,464,488679,8147,503174,2967700
1569,391,424,488288,8114,503598,2936300
1570,418,410,487870,8122,504008,2879600
1571,370,384,487500,8108,504392,2844800
1572,380,454,487120,8034,504846,2890500
1573,418,445,486702,8007,505291,4392800
1574,370,388,486332,7989,505679,4380300
1575,422,427,485910,7984,506106,4278300
1576,396,397,485514,7983,506503,3283200
1577,427,385,485087,8025,506888,3290400
1578,417,402,484670,8040,507290,3294200
1579,434,371,484236,8103,507661,3162200
1580,382,418,483854,8067,508079,3267900
1581,417,420,483437,8064,508499,3074400
1582,439,385,482998,8118,508884,3113900
1583,420,405,482578,8133,509289,2954000
1584,459,383,482119,8209,509672,2963100
1585,418,447,481701,8180,510119,2902500
1586,442,380,481259,8242,510499,2954200
1587,429,389,480830,8282,510888,3012900
1588,417,397,480413,8302,511285,5307700
1589,407,447,480006,8262,511732,3955700
1590,450,417,479556,8295,512149,3438400
1591,457,409,479099,8343,512558,3444000
1592,428,416,478671,8355,512974,3187700
1593,410,412,478261,8353,513386,3165500
1594,431,414,477830,8370,513800,3060600
1595,409,449,477421,8330,514249,3130900
1596,407,424,477014,8313,514673,2988500
1597,429,433,476585,8309,515106,2895900
1598,442,422,476143,8329,515528,2880800
1599,418,422,475725,8325,515950,2815000
1600,412,392,475313,8345,516342,2782500
1601,414,417,474899,8342,516759,3369900
1602,429,414,474470,8357,517173,2833300
1603,425,407,474045,8375,517580,2926200
1604,458,423,473587,8410,518003,5512600
1605,423,392,473164,8441,518395,4139100
1606,443,436,472721,8448,518831,3080800
1607,431,393,472290,8486,519224,3094700
1608,440,401,471850,8525,519625,3067300
1609,425,402,471425,8548,520027,3048100
1610,433,449,470992,8532,520476,3292100
1611,423,406,470569,8549,520882,3234300
1612,432,456,470137,8525,521338,3019900
1613,455,437,469682,8543,521775,2951500
1614,424,442,469258,8525,522217,2879400
1615,419,408,468839,8536,522625,2844600
1616,456,383,468383,8609,523008,2830000
1617,421,419,467962,8611,523427,2861200
1618,421,431,467541,8601,523858,2984300
1619,405,406,467136,8600,524264,4278800
1620,459,388,466677,8671,524652,4620600
1621,436,466,466241,8641,525118,4225600
1622,434,434,465807,8641,525552,4222200
1623,412,452,465395,8601,526004,4180600
1624,416,409,464979,8608,526413,3710700
1625,430,378,464549,8660,526791,3299100
1626,452,466,464097,8646,527257,3084800
1627,424,426,463673,8644,527683,3040100
1628,427,414,463246,8657,528097,3130700
1629,466,407,462780,8716,528504,2945500
1630,420,439,462360,8697,528943,2994300
1631,440,456,461920,8681,529399,3090200
1632,450,443,461470,8688,529842,3210700
1633,435,410,461035,8713,530252,5433000
1634,409,436,460626,8686,530688,4556000
1635,412,477,460214,8621,531165,3377200
1636,437,420,459777,8638,531585,3294800
1637,442,423,459335,8657,532008,3279500
1638,466,425,458869,8698,532433,3152000
1639,431,433,458438,8696,532866,3192400
1640,458,456,457980,8698,533322,3127800
1641,431,420,457549,8709,533742,3114000
1642,465,448,457084,8726,534190,2996900
1643,448,408,456636,8766,534598,2999500
1644,467,439,456169,8794,535037,3046000
1645,449,419,455720,8824,535456,2905100
1646,454,449,455266,8829,535905,2863500
1647,433,470,454833,8792,536375,3197100
1648,427,494,454406,8725,536869,3460700
1649,449,441,453957,8733,537310,3178700
1650,449,431,453508,8751,537741,3010600
1651,421,441,453087,8731,538182,3024300
1652,452,422,452635,8761,538604,3681600
1653,420,457,452215,8724,539061,2901300
1654,407,392,451808,8739,539453,2813600
1655,431,457,451377,8713,539910,3445900
1656,422,398,450955,8737,540308,3646700
1657,459,444,450496,8752,540752,3128400
1658,407,417,450089,8742,541169,2946800
1659,419,424,449670,8737,541593,2903500
1660,453,450,449217,8740,542043,2888900
1661,412,468,448805,8684,542511,3056600
1662,417,474,448388,8627,542985,2946000
1663,423,380,447965,8670,543365,2895000
1664,411,413,447554,8668,543778,3312300
1665,415,404,447139,8679,544182,3363300
1666,401,434,446738,8646,544616,3563900
1667,411,393,446327,8664,545009,3505000
1668,411,428,445916,8647,545437,3060300
1669,474,441,445442,8680,545878,3174200
1670,455,383,444987,8752,546261,2958100
1671,482,427,444505,8807,546688,3245200
1672,457,445,444048,8819,547133,3062500
1673,460,446,443588,8833,547579,3143600
1674,390,477,443198,8746,548056,2949000
1675,404,482,442794,8668,548538,3098800
1676,406,439,442388,8635,548977,3159400
1677,403,440,441985,8598,549417,3083700
1678,438,431,441547,8605,549848,3035300
1679,416,467,441131,8554,550315,3019100
1680,428,375,440703,8607,550690,3040200
1681,402,416,440301,8593,551106,3200300
1682,441,420,439860,8614,551526,3221300
1683,473,452,439387,8635,551978,5751900
1684,427,429,438960,8633,552407,4503000
1685,437,458,438523,8612,552865,3509100
1686,442,447,438081,8607,553312,3502600
1687,422,448,437659,8581,553760,3513300
1688,439,403,437220,8617,554163,3544000
1689,445,435,436775,8627,554598,3542000
1690,421,414,436354,8634,555012,3403000
1691,416,424,435938,8626,555436,3329200
1692,456,420,435482,8662,555856,3273600
1693,407,443,435075,8626,556299,3535300
1694,420,402,434655,8644,556701,3052900
1695,457,458,434198,8643,557159,4387700
1696,473,422,433725,8694,557581,3653600
1697,468,439,433257,8723,558020,3705100
1698,464,437,432793,8750,558457,3576600
1699,442,424,432351,8768,558881,3686200
1700,433,453,431918,8748,559334,3930100
1701,440,443,431478,8745,559777,3440600
1702,472,430,431006,8787,560207,3381900
1703,447,440,430559,8794,560647,3370800
1704,440,458,430119,8776,561105,3306100
1705,481,423,429638,8834,561528,3237000
1706,438,457,429200,8815,561985,3239700
1707,456,455,428744,8816,562440,3187600
1708,452,453,428292,8815,562893,3214200
1709,443,461,427849,8797,563354,3148700
1710,442,444,427407,8795,563798,3151200
1711,426,440,426981,8781,564238,3521300
1712,422,415,426559,8788,564653,5973500
1713,412,447,426147,8753,565100,4473800
1714,428,439,425719,8742,565539,3493100
1715,448,460,425271,8730,565999,3534700
1716,447,446,424824,8731,566445,3456300
1717,466,411,424358,8786,566856,3958500
1718,418,405,423940,8799,567261,3582400
1719,473,436,423467,8836,567697,3404400
1720,403,479,423064,8760,568176,3365000
1721,432,431,422632,8761,568607,3367700
1722,443,412,422189,8792,569019,3225500
1723,477,431,421712,8838,569450,3248500
1724,427,454,421285,8811,569904,3644500
1725,430,411,420855,8830,570315,3332100
1726,426,441,420429,8815,570756,5844200
1727,445,439,419984,8821,571195,4728500
1728,455,443,419529,8833,571638,3496600
1729,443,430,419086,8846,572068,3387400
1730,418,447,418668,8817,572515,3567700
1731,464,461,418204,8820,572976,3269500
1732,455,421,417749,8854,573397,3561700
1733,473,427,417276,8900,573824,3536700
1734,444,442,416832,8902,574266,3177300
1735,439,438,416393,8903,574704,3166400
1736,434,435,415959,8902,575139,3118000
1737,415,454,415544,8863,575593,3086100
1738,455,414,415089,8904,576007,3068900
1739,466,464,414623,8906,576471,4613600
1740,449,435,414174,8920,576906,4318000
1741,441,457,413733,8904,577363,3357100
1742,450,441,413283,8913,577804,3218300
1743,409,417,412874,8905,578221,3337600
1744,461,451,412413,8915,578672,3284800
1745,425,432,411988,8908,579104,3238700
1746,481,449,411507,8940,579553,3350500
1747,452,461,411055,8931,580014,3176200
1748,448,454,410607,8925,580468,3176300
1749,439,432,410168,8932,580900,3146000
1750,468,450,409700,8950,581350,3083000
1751,468,451,409232,8967,581801,3375200
1752,462,437,408770,8992,582238,3055100
1753,439,436,408331,8995,582674,3051000
1754,439,454,407892,8980,583128,3031600
1755,436,438,407456,8978,583566,3062200
1756,439,450,407017,8967,584016,3053500
1757,451,459,406566,8959,584475,3046200
1758,452,475,406114,8936,584950,3016400
1759,452,424,405662,8964,585374,2985300
1760,439,413,405223,8990,585787,3004400
1761,434,448,404789,8976,586235,3030000
1762,470,457,404319,8989,586692,3042000
1763,440,427,403879,9002,587119,2934500
1764,435,427,403444,9010,587546,2999900
1765,436,456,403008,8990,588002,2939500
1766,452,439,402556,9003,588441,3141500
1767,480,455,402076,9028,588896,3043800
1768,476,442,401600,9062,589338,3043900
1769,436,479,401164,9019,589817,4480800
1770,433,463,400731,8989,590280,4663500
1771,454,459,400277,8984,590739,3383900
1772,459,431,399818,9012,591170,3440700
1773,432,438,399386,9006,591608,3392900
1774,445,454,398941,8997,592062,3374300
1775,447,460,398494,8984,592522,3274400
1776,472,445,398022,9011,592967,3156500
1777,432,465,397590,8978,593432,3203300
1778,446,423,397144,9001,593855,3118600
1779,420,441,396724,8980,594296,3420000
1780,454,437,396270,8997,594733,3100400
1781,459,436,395811,9020,595169,3164600
1782,453,471,395358,9002,595640,3154800
1783,443,443,394915,9002,596083,3035800
1784,440,459,394475,8983,596542,3356800
1785,421,508,394054,8896,597050,3495500
1786,456,391,393598,8961,597441,3415000
1787,452,417,393146,8996,597858,5511500
1788,439,455,392707,8980,598313,3605600
1789,424,474,392283,8930,598787,3405000
1790,428,449,391855,8909,599236,3433000
1791,451,462,391404,8898,599698,3490700
1792,444,464,390960,8878,600162,3745300
1793,439,444,390521,8873,600606,4170600
1794,454,430,390067,8897,601036,3142200
1795,462,439,389605,8920,601475,3137600
1796,430,455,389175,8895,601930,3344000
1797,460,425,388715,8930,602355,3299400
1798,492,426,388223,8996,602781,3147300
1799,506,421,387717,9081,603202,4913000
1800,472,430,387245,9123,603632,3754200
1801,453,441,386792,9135,604073,3563500
1802,451,431,386341,9155,604504,3294600
1803,474,448,385867,9181,604952,3270600
1804,468,458,385399,9191,605410,3193500
1805,477,480,384922,9188,605890,3239400
1806,508,462,384414,9234,606352,3199900
1807,450,434,383964,9250,606786,3135300
1808,452,473,383512,9229,607259,3093100
1809,450,446,383062,9233,607705,3056400
1810,470,476,382592,9227,608181,2984900
1811,446,456,382146,9217,608637,2956000
1812,455,460,381691,9212,609097,2956500
1813,499,492,381192,9219,609589,3817900
1814,433,484,380759,9168,610073,3680500
1815,449,471,380310,9146,610544,3434200
1816,456,450,379854,9152,610994,3238000
1817,426,397,379428,9181,611391,3167200
1818,450,435,378978,9196,611826,3140900
1819,457,439,378521,9214,612265,3075600
1820,444,466,378077,9192,612731,3113500
1821,475,487,377602,9180,613218,3072000
1822,474,451,377128,9203,613669,3000500
1823,472,429,376656,9246,614098,2940700
1824,456,470,376200,9232,614568,2900600
1825,444,481,375756,9195,615049,2937800
1826,448,443,375308,9200,615492,2840600
1827,464,452,374844,9212,615944,2830600
1828,456,487,374388,9181,616431,2817800
1829,395,428,373993,9148,616859,3048900
1830,465,442,373528,9171,617301,5225100
1831,430,462,373098,9139,617763,3434200
1832,388,440,372710,9087,618203,3250400
1833,432,448,372278,9071,618651,3233900
1834,436,451,371842,9056,619102,3425300
1835,433,465,371409,9024,619567,3164100
1836,410,440,370999,8994,620007,3168400
1837,436,443,370563,8987,620450,3282400
1838,438,415,370125,9010,620865,3077200
1839,469,430,369656,9049,621295,3113400
1840,438,473,369218,9014,621768,3034800
1841,434,464,368784,8984,622232,2923100
1842,460,441,368324,9003,622673,2891200
1843,448,462,367876,8989,623135,2868800
1844,459,454,367417,8994,623589,3006900
1845,438,433,366979,8999,624022,4743400
1846,442,436,366537,9005,624458,3697500
1847,470,471,366067,9004,624929,3468800
1848,453,454,365614,9003,625383,3439000
1849,477,470,365137,9010,625853,3293800
1850,455,426,364682,9039,626279,3288100
1851,460,464,364222,9035,626743,3241200
1852,462,476,363760,9021,627219,3335700
1853,453,485,363307,8989,627704,3844900
1854,471,410,362836,9050,628114,3401400
1855,426,457,362410,9019,628571,2969400
1856,441,461,361969,8999,629032,2904400
1857,468,435,361501,9032,629467,2868700
1858,462,460,361039,9034,629927,2918200
1859,445,455,360594,9024,630382,3082000
1860,461,447,360133,9038,630829,4435900
1861,475,488,359658,9025,631317,3728800
1862,496,430,359162,9091,631747,3242400
1863,473,463,358689,9101,632210,3199500
1864,469,483,358220,9087,632693,3126700
1865,459,423,357761,9123,633116,3022000
1866,420,470,357341,9073,633586,2957500
1867,483,454,356858,9102,634040,3008000
1868,447,446,356411,9103,634486,3179000
1869,495,457,355916,9141,634943,3608300
1870,498,415,355418,9224,635358,2949700
1871,468,427,354950,9265,635785,2872200
1872,486,438,354464,9313,636223,2833200
1873,471,424,353993,9360,636647,3197200
1874,451,450,353542,9361,637097,2827600
1875,450,451,353092,9360,637548,2961100
1876,456,500,352636,9316,638048,3396600
1877,459,465,352177,9310,638513,2935200
1878,466,490,351711,9286,639003,3164000
1879,460,469,351251,9277,639472,2921800
1880,462,447,350789,9292,639919,2864700
1881,501,500,350288,9293,640419,2817000
1882,458,489,349830,9262,640908,2793400
1883,446,449,349384,9259,641357,2877300
1884,429,494,348955,9194,641851,2869800
1885,420,469,348535,9145,642320,2807900
1886,472,454,348063,9163,642774,2821700
1887,461,413,347602,9211,643187,2799600
1888,500,481,347102,9230,643668,2732300
1889,445,481,346657,9194,644149,3286100
1890,489,395,346168,9288,644544,3463000
1891,472,460,345696,9300,645004,3425900
1892,462,453,345234,9309,645457,3031200
1893,481,455,344753,9335,645912,5507600
1894,475,465,344278,9345,646377,4665300
1895,435,465,343843,9315,646842,3273400
1896,466,431,343377,9350,647273,3147400
1897,507,508,342870,9349,647781,3245200
1898,468,438,342402,9379,648219,3051700
1899,475,493,341927,9361,648712,2971000
1900,458,470,341469,9349,649182,3059000
1901,452,468,341017,9333,649650,3016400
1902,459,429,340558,9363,650079,2983400
1903,455,448,340103,9370,650527,2884800
1904,451,489,339652,9332,651016,2842400
1905,441,464,339211,9309,651480,2837500
1906,469,456,338742,9322,651936,2800400
1907,467,461,338275,9328,652397,2829300
1908,434,528,337841,9234,652925,4229800
1909,449,441,337392,9242,653366,4015000
1910,424,450,336968,9216,653816,3406900
1911,437,450,336531,9203,654266,3280800
1912,478,437,336053,9244,654703,4081100
1913,457,439,335596,9262,655142,3421200
1914,484,472,335112,9274,655614,3069100
1915,483,442,334629,9315,656056,3027200
1916,447,460,334182,9302,656516,3154500
1917,449,495,333733,9256,657011,3050600
1918,446,464,333287,9238,657475,2942500
1919,467,483,332820,9222,657958,2943900
1920,486,461,332334,9247,658419,2892500
1921,446,458,331888,9235,658877,2928000
1922,452,453,331436,9234,659330,2852800
1923,455,472,330981,9217,659802,2901500
1924,453,498,330528,9172,660300,4847500
1925,460,467,330068,9165,660767,4308900
1926,477,473,329591,9169,661240,4249300
1927,437,466,329154,9140,661706,4148500
1928,470,482,328684,9128,662188,3191900
1929,471,433,328213,9166,662621,3062800
1930,467,452,327746,9181,663073,3098200
1931,516,493,327230,9204,663566,3080800
1932,471,423,326759,9252,663989,3021300
1933,497,481,326262,9268,664470,2940700
1934,496,462,325766,9302,664932,2891300
1935,500,455,325266,9347,665387,2915500
1936,469,490,324797,9326,665877,2834200
1937,478,424,324319,9380,666301,2845100
1938,487,476,323832,9391,666777,2934900
1939,474,478,323358,9387,667255,4233300
1940,515,476,322843,9426,667731,4210300
1941,446,474,322397,9398,668205,4137000
1942,463,493,321934,9368,668698,3478400
1943,477,471,321457,9374,669169,3408700
1944,453,444,321004,9383,669613,3304700
1945,488,499,320516,9372,670112,3802800
1946,480,459,320036,9393,670571,3128100
1947,437,508,319599,9322,671079,3472800
1948,470,488,319129,9304,671567,3269700
1949,475,466,318654,9313,672033,3159700
1950,445,478,318209,9280,672511,3093400
1951,484,482,317725,9282,672993,2982000
1952,481,425,317244,9338,673418,2963300
1953,485,499,316759,9324,673917,3890500
1954,463,468,316296,9319,674385,7581100
1955,445,423,315851,9341,674808,4922900
1956,460,462,315391,9339,675270,4114000
1957,465,476,314926,9328,675746,3323900
1958,459,450,314467,9337,676196,3220200
1959,453,511,314014,9279,676707,3143000
1960,466,469,313548,9276,677176,3408500
1961,455,465,313093,9266,677641,3640300
1962,465,476,312628,9255,678117,3791500
1963,473,464,312155,9264,678581,3148500
1964,475,435,311680,9304,679016,3069900
1965,450,459,311230,9295,679475,3096900
1966,471,478,310759,9288,679953,3203700
1967,474,478,310285,9284,680431,5195100
1968,410,479,309875,9215,680910,3455800
1969,458,490,309417,9183,681400,3705700
1970,483,443,308934,9223,681843,3131500
1971,483,487,308451,9219,682330,3112500
1972,434,453,308017,9200,682783,3062100
1973,460,459,307557,9201,683242,3037300
1974,430,436,307127,9195,683678,3119000
1975,413,419,306714,9189,684097,3205600
1976,460,491,306254,9158,684588,2948400
1977,418,422,305836,9154,685010,2957800
1978,423,472,305413,9105,685482,2917100
1979,438,446,304975,9097,685928,2848400
1980,445,420,304530,9122,686348,2824600
1981,420,457,304110,9085,686805,2828800
1982,384,425,303726,9044,687230,2939900
1983,439,448,303287,9035,687678,5058600
1984,456,449,302831,9042,688127,3679500
1985,416,485,302415,8973,688612,3157700
1986,413,436,302002,8950,689048,3057900
1987,425,447,301577,8928,689495,3119900
1988,404,478,301173,8854,689973,3055100
1989,391,445,300782,8800,690418,3070500
1990,387,403,300395,8784,690821,2992000
1991,370,421,300025,8733,691242,2971900
1992,413,477,299612,8669,691719,3009900
1993,389,460,299223,8598,692179,2950600
1994,355,468,298868,8485,692647,2932100
1995,353,472,298515,8366,693119,2832600
1996,344,401,298171,8309,693520,2786500
1997,411,433,297760,8287,693953,2794000
1998,392,413,297368,8266,694366,3013300
1999,359,416,297009,8209,694782,3104100
2000,353,392,296656,8170,695174,2949400
2001,390,389,296266,8171,695563,2884800
2002,392,393,295874,8170,695956,2879800
2003,379,434,295495,8115,696390,2807100
2004,358,405,295137,8068,696795,2809900
2005,323,422,294814,7969,697217,3005600
2006,357,398,294457,7928,697615,2724500
2007,364,391,294093,7901,698006,2688900
2008,363,350,293730,7914,698356,2740000
2009,357,392,293373,7879,698748,2723700
2010,328,408,293045,7799,699156,2848600
2011,368,401,292677,7766,699557,2779700
2012,343,394,292334,7715,699951,2735000
2013,353,433,291981,7635,700384,2705300
2014,346,383,291635,7598,700767,2670300
2015,351,387,291284,7562,701154,2661200
2016,317,378,290967,7501,701532,2811900
2017,363,374,290604,7490,701906,4384900
2018,380,375,290224,7495,702281,4758900
2019,387,358,289837,7524,702639,4486100
2020,390,394,289447,7520,703033,3953800
2021,365,376,289082,7509,703409,3110200
2022,351,372,288731,7488,703781,3017400
2023,359,385,288372,7462,704166,3032900
2024,374,418,287998,7418,704584,2940000
2025,338,374,287660,7382,704958,3002600
2026,334,381,287326,7335,705339,3045900
2027,345,381,286981,7299,705720,2978100
2028,354,368,286627,7285,706088,2892800
2029,364,330,286263,7319,706418,2827300
2030,348,377,285915,7290,706795,3115400
2031,340,392,285575,7238,707187,3014900
2032,338,375,285237,7201,707562,4580400
2033,349,338,284888,7212,707900,3593600
2034,345,368,284543,7189,708268,3066700
2035,383,331,284160,7241,708599,3050800
2036,368,382,283792,7227,708981,3101100
2037,390,370,283402,7247,709351,3030100
2038,355,376,283047,7226,709727,2851000
2039,385,330,282662,7281,710057,2857900
2040,354,348,282308,7287,710405,2947700
2041,376,370,281932,7293,710775,2901400
2042,366,341,281566,7318,711116,2920100
2043,344,376,281222,7286,711492,3005300
2044,353,358,280869,7281,711850,2965900
2045,335,378,280534,7238,712228,3009500
2046,378,341,280156,7275,712569,3570800
2047,374,372,279782,7277,712941,3729100
2048,367,367,279415,7277,713308,6275800
2049,361,362,279054,7276,713670,4281100
2050,354,370,278700,7260,714040,3406400
2051,345,330,278355,7275,714370,3310400
2052,371,335,277984,7311,714705,3143200
2053,365,357,277619,7319,715062,3498000
2054,340,333,277279,7326,715395,3073900
2055,341,367,276938,7300,715762,3021000
2056,362,375,276576,7287,716137,2989700
2057,385,365,276191,7307,716502,3022600
2058,344,346,275847,7305,716848,2951800
2059,362,368,275485,7299,717216,2930000
2060,367,366,275118,7300,717582,2890000
2061,381,392,274737,7289,717974,2898700
2062,364,379,274373,7274,718353,4346500
2063,352,364,274021,7262,718717,3731600
2064,337,368,273684,7231,719085,3332400
2065,385,387,273299,7229,719472,3117200
2066,342,403,272957,7168,719875,3080900
2067,354,375,272603,7147,720250,3198800
2068,343,360,272260,7130,720610,3796100
2069,352,338,271908,7144,720948,3004100
2070,330,337,271578,7137,721285,2954300
2071,327,351,271251,7113,721636,2933000
2072,348,342,270903,7119,721978,2900900
2073,364,379,270539,7104,722357,2871300
2074,338,357,270201,7085,722714,2812300
2075,323,334,269878,7074,723048,2766500
2076,304,362,269574,7016,723410,2747700
2077,325,360,269249,6981,723770,2873000
2078,329,359,268920,6951,724129,3374300
2079,319,332,268601,6938,724461,3118400
2080,331,385,268270,6884,724846,2856300
2081,338,317,267932,6905,725163,2819100
2082,361,318,267571,6948,725481,2784900
2083,368,365,267203,6951,725846,2901400
2084,353,358,266850,6946,726204,2888800
2085,340,349,266510,6937,726553,2837000
2086,347,364,266163,6920,726917,2838300
2087,333,360,265830,6893,727277,2783800
2088,334,347,265496,6880,727624,2803100
2089,352,371,265144,6861,727995,2791300
2090,305,370,264839,6796,728365,2790800
2091,347,374,264492,6769,728739,2786000
2092,340,346,264152,6763,729085,2731300
2093,317,306,263835,6774,729391,2759500
2094,340,303,263495,6811,729694,2847100
2095,322,358,263173,6775,730052,3572400
2096,342,314,262831,6803,730366,3385100
2097,344,347,262487,6800,730713,2983100
2098,321,385,262166,6736,731098,2788600
2099,339,311,261827,6764,731409,3118400
2100,339,356,261488,6747,731765,2823600
2101,343,327,261145,6763,732092,2949100
2102,326,350,260819,6739,732442,2860200
2103,321,353,260498,6707,732795,2824900
2104,311,335,260187,6683,733130,2749400
2105,316,327,259871,6672,733457,2793500
2106,341,314,259530,6699,733771,2831400
2107,322,343,259208,6678,734114,2970600
2108,302,328,258906,6652,734442,2763900
2109,313,306,258593,6659,734748,2753100
2110,331,340,258262,6650,735088,3080100
2111,355,335,257907,6670,735423,2942500
2112,325,332,257582,6663,735755,2974400
2113,312,350,257270,6625,736105,4221800
2114,292,346,256978,6571,736451,3925400
2115,347,320,256631,6598,736771,4074500
2116,323,330,256308,6591,737101,4024400
2117,325,327,255983,6589,737428,3497100
2118,326,319,255657,6596,737747,3247300
2119,311,337,255346,6570,738084,3010000
2120,312,334,255034,6548,738418,3148700
2121,317,346,254717,6519,738764,2892400
2122,326,310,254391,6535,739074,3016500
2123,354,333,254037,6556,739407,2815400
2124,338,335,253699,6559,739742,2937300
2125,342,346,253357,6555,740088,2974200
2126,328,311,253029,6572,740399,3049900
2127,319,335,252710,6556,740734,3464800
2128,332,339,252378,6549,741073,4404200
2129,330,353,252048,6526,741426,4263600
2130,340,348,251708,6518,741774,3265700
2131,313,325,251395,6506,742099,3056400
2132,302,343,251093,6465,742442,3022600
2133,297,302,250796,6460,742744,2988000
2134,304,327,250492,6437,743071,2989000
2135,294,338,250198,6393,743409,2867600
2136,331,328,249867,6396,743737,2823700
2137,358,302,249509,6452,744039,2829500
2138,317,359,249192,6410,744398,2816000
2139,317,309,248875,6418,744707,2816900
2140,314,310,248561,6422,745017,2708000
2141,308,350,248253,6380,745367,2673700
2142,299,297,247954,6382,745664,2658600
2143,322,310,247632,6394,745974,2698500
2144,286,324,247346,6356,746298,3980500
2145,307,333,247039,6330,746631,3665500
2146,306,298,246733,6338,746929,3130800
2147,298,288,246435,6348,747217,3038200
2148,308,303,246127,6353,747520,3002900
2149,294,347,245833,6300,747867,3000900
2150,324,319,245509,6305,748186,2916300
2151,283,283,245226,6305,748469,2891400
2152,292,294,244934,6303,748763,2880300
2153,280,303,244654,6280,749066,2839300
2154,323,341,244331,6262,749407,2840700
2155,290,322,244041,6230,749729,2754300
2156,313,302,243728,6241,750031,2716700
2157,311,320,243417,6232,750351,2678200
2158,300,330,243117,6202,750681,2673500
2159,312,323,242805,6191,751004,2646300
2160,302,318,242503,6175,751322,2714300
2161,295,345,242208,6125,751667,3971300
2162,307,303,241901,6129,751970,4249900
2163,279,264,241622,6144,752234,3467300
2164,315,304,241307,6155,752538,3161200
2165,291,328,241016,6118,752866,3040800
2166,300,283,240716,6135,753149,2888200
2167,286,300,240430,6121,753449,2971500
2168,293,293,240137,6121,753742,2881400
2169,299,300,239838,6120,754042,3128600
2170,293,285,239545,6128,754327,2995100
2171,297,300,239248,6125,754627,3217400
2172,295,291,238953,6129,754918,2791000
2173,304,279,238649,6154,755197,2692100
2174,313,316,238336,6151,755513,2701200
2175,289,280,238047,6160,755793,2968000
2176,288,293,237759,6155,756086,2726300
2177,316,317,237443,6154,756403,2812000
2178,312,318,237131,6148,756721,2923900
2179,290,315,236841,6123,757036,2770900
2180,323,303,236518,6143,757339,2755900
2181,285,314,236233,6114,757653,2686700
2182,281,315,235952,6080,757968,2646800
2183,316,308,235636,6088,758276,2618500
2184,316,312,235320,6092,758588,2605100
2185,293,292,235027,6093,758880,2579100
2186,294,307,234733,6080,759187,2611200
2187,312,284,234421,6108,759471,2579000
2188,293,301,234128,6100,759772,2572900
2189,318,306,233810,6112,760078,2587700
2190,279,326,233531,6065,760404,2576100
2191,293,315,233238,6043,760719,2603100
2192,309,291,232929,6061,761010,2625700
2193,290,315,232639,6036,761325,2687800
2194,317,297,232322,6056,761622,2662400
2195,325,317,231997,6064,761939,3356000
2196,289,306,231708,6047,762245,3020400
2197,324,313,231384,6058,762558,3453300
2198,289,282,231095,6065,762840,2845600
2199,311,320,230784,6056,763160,2831700
2200,318,298,230466,6076,763458,2684900
2201,329,305,230137,6100,763763,2584800
2202,305,295,229832,6110,764058,2554000
2203,332,319,229500,6123,764377,2641700
2204,302,283,229198,6142,764660,2607600
2205,293,317,228905,6118,764977,2603000
2206,295,283,228610,6130,765260,2802100
2207,285,340,228325,6075,765600,2927400
2208,307,316,228018,6066,765916,3008200
2209,299,330,227719,6035,766246,2963900
2210,293,332,227426,5996,766578,2792700
2211,302,280,227124,6018,766858,2770700
2212,275,342,226849,5951,767200,2713800
2213,324,262,226525,6013,767462,2701800
2214,288,307,226237,5994,767769,2832400
2215,304,303,225933,5995,768072,4400800
2216,310,303,225623,6002,768375,4402900
2217,310,296,225313,6016,768671,3109200
2218,290,313,225023,5993,768984,2993100
2219,315,315,224708,5993,769299,3010600
2220,307,313,224401,5987,769612,2916900
2221,315,297,224086,6005,769909,2891900
2222,327,291,223759,6041,770200,2834600
2223,305,275,223454,6071,770475,2838800
2224,293,316,223161,6048,770791,2980400
2225,316,285,222845,6079,771076,2826200
2226,299,296,222546,6082,771372,2728800
2227,308,338,222238,6052,771710,2688100
2228,309,309,221929,6052,772019,2652200
2229,309,285,221620,6076,772304,2829500
2230,298,333,221322,6041,772637,2875200
2231,317,311,221005,6047,772948,4161400
2232,321,300,220684,6068,773248,3571900
2233,300,307,220384,6061,773555,3657900
2234,287,301,220097,6047,773856,4226500
2235,276,324,219821,5999,774180,4147800
2236,296,305,219525,5990,774485,4046600
2237,320,303,219205,6007,774788,3741000
2238,291,277,218914,6021,775065,3089900
2239,306,274,218608,6053,775339,2987100
2240,325,296,218283,6082,775635,2973400
2241,290,322,217993,6050,775957,2943800
2242,312,322,217681,6040,776279,2919800
2243,309,283,217372,6066,776562,3257800
2244,322,306,217050,6082,776868,2889700
2245,297,312,216753,6067,777180,2888900
2246,313,313,216440,6067,777493,2860400
2247,312,291,216128,6088,777784,2872300
2248,325,297,215803,6116,778081,4522800
2249,300,266,215503,6150,778347,4158200
2250,309,297,215194,6162,778644,3478500
2251,308,317,214886,6153,778961,3132500
2252,288,312,214598,6129,779273,3643400
2253,297,314,214301,6112,779587,3148500
2254,289,319,214012,6082,779906,3190100
2255,287,320,213725,6049,780226,3046100
2256,308,289,213417,6068,780515,3030100
2257,303,315,213114,6056,780830,2991300
2258,293,300,212821,6049,781130,2898300
2259,288,306,212533,6031,781436,2930800
2260,280,292,212253,6019,781728,2870300
2261,278,295,211975,6002,782023,2936600
2262,296,304,211679,5994,782327,2993100
2263,276,314,211403,5956,782641,3051600
2264,270,315,211133,5911,782956,4682700
2265,256,273,210877,5894,783229,3958400
2266,264,312,210613,5846,783541,3865700
2267,252,301,210361,5797,783842,4101400
2268,272,287,210089,5782,784129,3295000
2269,279,290,209810,5771,784419,3191100
2270,291,301,209519,5761,784720,3141100
2271,269,303,209250,5727,785023,3329600
2272,270,301,208980,5696,785324,3768400
2273,287,285,208693,5698,785609,3424300
2274,286,291,208407,5693,785900,3269600
2275,275,284,208132,5684,786184,3424200
2276,244,257,207888,5671,786441,3068000
2277,262,283,207626,5650,786724,3624100
2278,278,271,207348,5657,786995,3276100
2279,289,277,207059,5669,787272,3255000
2280,289,286,206770,5672,787558,3248400
2281,263,287,206507,5648,787845,3034400
2282,275,278,206232,5645,788123,3043800
2283,303,265,205929,5683,788388,3099600
2284,289,279,205640,5693,788667,5183400
2285,278,265,205362,5706,788932,4457000
2286,270,302,205092,5674,789234,3464100
2287,269,280,204823,5663,789514,3112100
2288,293,295,204530,5661,789809,3883700
2289,292,285,204238,5668,790094,4555700
2290,249,253,203989,5664,790347,3490800
2291,276,274,203713,5666,790621,3141900
2292,263,287,203450,5642,790908,3314500
2293,291,290,203159,5643,791198,3335200
2294,269,283,202890,5629,791481,3098500
2295,287,285,202603,5631,791766,3147200
2296,278,292,202325,5617,792058,3115600
2297,264,275,202061,5606,792333,2850900
2298,251,280,201810,5577,792613,2877100
2299,270,266,201540,5581,792879,2855300
2300,285,316,201255,5550,793195,2878700
2301,267,266,200988,5551,793461,2861000
2302,302,266,200686,5587,793727,2854500
2303,254,291,200432,5550,794018,2822600
2304,280,297,200152,5533,794315,2817200
2305,258,291,199894,5500,794606,2816700
2306,281,305,199613,5476,794911,2899800
2307,266,262,199347,5480,795173,2895600
2308,272,297,199075,5455,795470,2956600
2309,259,288,198816,5426,795758,2877700
2310,267,302,198549,5391,796060,2888800
2311,281,280,198268,5392,796340,3105600
2312,244,259,198024,5377,796599,2922200
2313,244,294,197780,5327,796893,3010900
2314,273,256,197507,5344,797149,2830200
2315,257,274,197250,5327,797423,2966600
2316,251,286,196999,5292,797709,2905800
2317,260,244,196739,5308,797953,3095900
2318,229,271,196510,5266,798224,2912600
2319,259,259,196251,5266,798483,3001500
2320,252,253,195999,5265,798736,2907800
2321,249,255,195750,5259,798991,2943400
2322,288,253,195462,5294,799244,3138000
2323,289,262,195173,5321,799506,2854500
2324,276,254,194897,5343,799760,2837300
2325,267,255,194630,5355,800015,2822700
2326,246,267,194384,5334,800282,2898800
2327,262,270,194122,5326,800552,3889800
2328,249,293,193873,5282,800845,3986400
2329,272,250,193601,5304,801095,3589500
2330,248,283,193353,5269,801378,3151700
2331,254,247,193099,5276,801625,3161400
2332,267,240,192832,5303,801865,3174300
2333,287,253,192545,5337,802118,3151200
2334,272,265,192273,5344,802383,3023900
2335,293,261,191980,5376,802644,2980700
2336,299,246,191681,5429,802890,3182500
2337,275,248,191406,5456,803138,3025100
2338,263,230,191143,5489,803368,3367200
2339,252,295,190891,5446,803663,2990400
2340,260,271,190631,5435,803934,2914900
2341,275,300,190356,5410,804234,2927300
2342,281,286,190075,5405,804520,3784200
2343,267,269,189808,5403,804789,3649200
2344,253,267,189555,5389,805056,3276300
2345,263,260,189292,5392,805316,3279200
2346,249,284,189043,5357,805600,3109400
2347,271,266,188772,5362,805866,3056100
2348,262,273,188510,5351,806139,3065600
2349,281,270,188229,5362,806409,2944900
2350,274,275,187955,5361,806684,3014400
2351,255,272,187700,5344,806956,2940600
2352,286,272,187414,5358,807228,3009900
2353,282,261,187132,5379,807489,2928600
2354,256,292,186876,5343,807781,2858500
2355,275,275,186601,5343,808056,3870400
2356,303,278,186298,5368,808334,3538000
2357,269,264,186029,5373,808598,3030700
2358,252,254,185777,5371,808852,2884400
2359,273,285,185504,5359,809137,2858500
2360,264,285,185240,5338,809422,2898700
2361,263,277,184977,5324,809699,2950400
2362,259,267,184718,5316,809966,2833200
2363,246,299,184472,5263,810265,2830900
2364,288,251,184184,5300,810516,2781100
2365,276,246,183908,5330,810762,2756700
2366,290,273,183618,5347,811035,2717100
2367,275,271,183343,5351,811306,3026600
2368,298,264,183045,5385,811570,2741300
2369,270,270,182775,5385,811840,2671700
2370,273,275,182502,5383,812115,2617800
2371,282,264,182220,5401,812379,2724700
2372,293,247,181927,5447,812626,3769500
2373,279,289,181648,5437,812915,3319900
2374,312,277,181336,5472,813192,3069000
2375,279,307,181057,5444,813499,2917800
2376,289,284,180768,5449,813783,2853000
2377,268,292,180500,5425,814075,2925900
2378,253,276,180247,5402,814351,2884700
2379,229,259,180018,5372,814610,2908200
2380,215,266,179803,5321,814876,2805500
2381,266,263,179537,5324,815139,2782500
2382,262,299,179275,5287,815438,2853000
2383,247,266,179028,5268,815704,3240800
2384,263,264,178765,5267,815968,2730100
2385,265,278,178500,5254,816246,2680900
2386,262,274,178238,5242,816520,2624500
2387,248,255,177990,5235,816775,2685600
2388,251,248,177739,5238,817023,2682600
2389,238,272,177501,5204,817295,2928400
2390,265,257,177236,5212,817552,2831500
2391,224,242,177012,5194,817794,2685700
2392,274,252,176738,5216,818046,2699000
2393,272,252,176466,5236,818298,2628600
2394,246,245,176220,5237,818543,2837900
2395,261,277,175959,5221,818820,2740700
2396,276,270,175683,5227,819090,2596200
2397,257,254,175426,5230,819344,2578800
2398,241,270,175185,5201,819614,2606700
2399,251,261,174934,5191,819875,2720000
2400,237,254,174697,5174,820129,2665300
2401,260,273,174437,5161,820402,2631800
2402,262,265,174175,5158,820667,2597900
2403,266,258,173909,5166,820925,2570800
2404,255,284,173654,5137,821209,2555100
2405,252,251,173402,5138,821460,2624700
2406,259,257,173143,5140,821717,2674500
2407,268,246,172875,5162,821963,2796200
2408,272,243,172603,5191,822206,3333600
2409,296,276,172307,5211,822482,3207400
2410,251,282,172056,5180,822764,2804000
2411,253,253,171803,5180,823017,2816800
2412,277,251,171526,5206,823268,2926000
2413,272,259,171254,5219,823527,2803300
2414,250,270,171004,5199,823797,2747600
2415,267,271,170737,5195,824068,2691100
2416,265,248,170472,5212,824316,2772400
2417,280,259,170192,5233,824575,2761900
2418,282,270,169910,5245,824845,2734400
2419,251,268,169659,5228,825113,2733400
2420,245,252,169414,5221,825365,2946500
2421,269,237,169145,5253,825602,3269000
2422,299,268,168846,5284,825870,2837300
2423,288,281,168558,5291,826151,2818900
2424,286,276,168272,5301,826427,2853700
2425,285,250,167987,5336,826677,2943400
2426,288,253,167699,5371,826930,4551100
2427,259,275,167440,5355,827205,4661100
2428,254,238,167186,5371,827443,3785900
2429,269,252,166917,5388,827695,3064800
2430,237,239,166680,5386,827934,3048200
2431,264,274,166416,5376,828208,2961000
2432,289,266,166127,5399,828474,3324200
2433,255,270,165872,5384,828744,3037200
2434,261,268,165611,5377,829012,3113800
2435,261,280,165350,5358,829292,2913000
2436,273,266,165077,5365,829558,2950000
2437,236,258,164841,5343,829816,3270400
2438,265,257,164576,5351,830073,3344300
2439,264,238,164312,5377,830311,2840300
2440,254,247,164058,5384,830558,2821400
2441,252,274,163806,5362,830832,4161300
2442,253,281,163553,5334,831113,3725400
2443,270,248,163283,5356,831361,3549500
2444,256,271,163027,5341,831632,4108900
2445,276,276,162751,5341,831908,3751800
2446,261,259,162490,5343,832167,3234600
2447,265,294,162225,5314,832461,3509900
2448,239,260,161986,5293,832721,3428700
2449,267,278,161719,5282,832999,2976300
2450,245,274,161474,5253,833273,3071700
2451,239,256,161235,5236,833529,3198200
2452,264,263,160971,5237,833792,3445500
2453,270,266,160701,5241,834058,3087500
2454,243,255,160458,5229,834313,3631000
2455,264,266,160194,5227,834579,3648800
2456,254,258,159940,5223,834837,3190100
2457,258,263,159682,5218,835100,3554200
2458,259,270,159423,5207,835370,3478800
2459,265,217,159158,5255,835587,3191000
2460,251,244,158907,5262,835831,3201800
2461,282,261,158625,5283,836092,3634200
2462,226,272,158399,5237,836364,4556300
2463,250,288,158149,5199,836652,4049800
2464,241,246,157908,5194,836898,3396100
2465,289,259,157619,5224,837157,3315800
2466,283,283,157336,5224,837440,3626300
2467,250,249,157086,5225,837689,4374000
2468,260,251,156826,5234,837940,4224100
2469,250,280,156576,5204,838220,3548400
2470,254,257,156322,5201,838477,5524700
2471,259,244,156063,5216,838721,6097300
2472,278,238,155785,5256,838959,4291800
2473,263,237,155522,5282,839196,4295600
2474,238,240,155284,5280,839436,4767500
2475,274,237,155010,5317,839673,3721000
2476,261,249,154749,5329,839922,3509300
2477,271,291,154478,5309,840213,3691800
2478,261,286,154217,5284,840499,3770300
2479,280,268,153937,5296,840767,3651300
2480,227,286,153710,5237,841053,3139600
2481,221,255,153489,5203,841308,3052800
2482,236,266,153253,5173,841574,3020500
2483,247,250,153006,5170,841824,3029700
2484,231,257,152775,5144,842081,3062500
2485,249,278,152526,5115,842359,2887300
2486,221,249,152305,5087,842608,3013800
2487,234,246,152071,5075,842854,2881800
2488,230,259,151841,5046,843113,3014800
2489,240,258,151601,5028,843371,2819400
2490,256,237,151345,5047,843608,2784100
2491,240,244,151105,5043,843852,2746100
2492,254,261,150851,5036,844113,2733000
2493,230,264,150621,5002,844377,2727400
2494,225,255,150396,4972,844632,2841400
2495,225,261,150171,4936,844893,2749800
2496,257,240,149914,4953,845133,2802700
2497,254,263,149660,4944,845396,2781800
2498,243,209,149417,4978,845605,2819100
2499,214,222,149203,4970,845827,3005700
2500,254,262,148949,4962,846089,2963900
2501,221,263,148728,4920,846352,2891100
2502,286,258,148442,4948,846610,2943300
2503,237,271,148205,4914,846881,2783700
2504,267,270,147938,4911,847151,2724200
2505,231,215,147707,4927,847366,2726900
2506,235,268,147472,4894,847634,2693900
2507,247,241,147225,4900,847875,2689700
2508,275,259,146950,4916,848134,2713000
2509,264,267,146686,4913,848401,2682900
2510,261,244,146425,4930,848645,2825600
2511,253,247,146172,4936,848892,2689800
2512,272,238,145900,4970,849130,2723200
2513,224,236,145676,4958,849366,2707100
2514,257,260,145419,4955,849626,2774600
2515,244,247,145175,4952,849873,2773100
2516,241,237,144934,4956,850110,2948900
2517,219,285,144715,4890,850395,2825900
2518,232,240,144483,4882,850635,3935900
2519,223,252,144260,4853,850887,4080500
2520,226,237,144034,4842,851124,3574200
2521,217,231,143817,4828,851355,3829800
2522,242,254,143575,4816,851609,3793300
2523,231,237,143344,4810,851846,3951500
2524,235,251,143109,4794,852097,3747600
2525,216,214,142893,4796,852311,3049000
2526,226,220,142667,4802,852531,2986700
2527,238,230,142429,4810,852761,2959800
2528,236,240,142193,4806,853001,2866200
2529,245,240,141948,4811,853241,2958900
2530,255,264,141693,4802,853505,2890300
2531,203,229,141490,4776,853734,2758100
2532,253,267,141237,4762,854001,2877400
2533,242,232,140995,4772,854233,3415900
2534,238,244,140757,4766,854477,4038300
2535,222,250,140535,4738,854727,3598100
2536,251,228,140284,4761,854955,3331700
2537,229,250,140055,4740,855205,3018500
2538,286,235,139769,4791,855440,2962100
2539,219,226,139550,4784,855666,3082900
2540,268,231,139282,4821,855897,3101100
2541,269,246,139013,4844,856143,3264900
2542,261,237,138752,4868,856380,3423000
2543,222,234,138530,4856,856614,3334000
2544,241,252,138289,4845,856866,3122700
2545,235,236,138054,4844,857102,3142500
2546,250,264,137804,4830,857366,3002100
2547,242,250,137562,4822,857616,2838200
2548,259,239,137303,4842,857855,3734200
2549,237,241,137066,4838,858096,4751300
2550,237,244,136829,4831,858340,4024600
2551,241,246,136588,4826,858586,3775600
2552,253,240,136335,4839,858826,3824300
2553,266,242,136069,4863,859068,4034500
2554,235,240,135834,4858,859308,3049400
2555,252,235,135582,4875,859543,3420900
2556,250,248,135332,4877,859791,3388700
2557,252,258,135080,4871,860049,3268000
2558,251,220,134829,4902,860269,3612100
2559,232,248,134597,4886,860517,3004900
2560,228,237,134369,4877,860754,3229700
2561,271,240,134098,4908,860994,2844200
2562,247,247,133851,4908,861241,2990900
2563,237,232,133614,4913,861473,3256500
2564,259,239,133355,4933,861712,4078900
2565,247,232,133108,4948,861944,3846100
2566,218,243,132890,4923,862187,3118200
2567,252,232,132638,4943,862419,3039400
2568,218,251,132420,4910,862670,2945600
2569,233,261,132187,4882,862931,2919800
2570,220,241,131967,4861,863172,2988600
2571,235,246,131732,4850,863418,3213600
2572,239,248,131493,4841,863666,3898400
2573,238,233,131255,4846,863899,3597200
2574,222,253,131033,4815,864152,3485100
2575,217,250,130816,4782,864402,2826900
2576,214,234,130602,4762,864636,2794300
2577,224,252,130378,4734,864888,3081900
2578,242,232,130136,4744,865120,3000400
2579,236,225,129900,4755,865345,3845400
2580,235,248,129665,4742,865593,4047900
2581,247,250,129418,4739,865843,3622100
2582,207,258,129211,4688,866101,3414800
2583,247,223,128964,4712,866324,3935100
2584,212,202,128752,4722,866526,3411900
2585,231,246,128521,4707,866772,3495400
2586,253,249,128268,4711,867021,3397000
2587,236,221,128032,4726,867242,2892700
2588,247,267,127785,4706,867509,3085500
2589,223,271,127562,4658,867780,3446200
2590,230,245,127332,4643,868025,3294500
2591,231,243,127101,4631,868268,3287600
2592,237,212,126864,4656,868480,3039100
2593,223,226,126641,4653,868706,3797700
2594,224,232,126417,4645,868938,4193100
2595,252,226,126165,4671,869164,3476700
2596,251,208,125914,4714,869372,3363200
2597,255,221,125659,4748,869593,3527700
2598,247,256,125412,4739,869849,3993900
2599,226,223,125186,4742,870072,3554800
2600,250,253,124936,4739,870325,3181600
2601,212,243,124724,4708,870568,3182100
2602,224,219,124500,4713,870787,3473500
2603,216,242,124284,4687,871029,3256400
2604,244,251,124040,4680,871280,2867800
2605,219,226,123821,4673,871506,2737000
2606,232,226,123589,4679,871732,2784500
2607,241,238,123348,4682,871970,2726500
2608,217,240,123131,4659,872210,3213500
2609,241,238,122890,4662,872448,3814800
2610,240,230,122650,4672,872678,3214800
2611,235,262,122415,4645,872940,3199900
2612,241,242,122174,4644,873182,2938900
2613,226,236,121948,4634,873418,2911000
2614,248,218,121700,4664,873636,2963300
2615,269,224,121431,4709,873860,2882900
2616,254,242,121177,4721,874102,2817400
2617,262,233,120915,4750,874335,2844700
2618,247,211,120668,4786,874546,2799900
2619,236,248,120432,4774,874794,2862900
2620,241,241,120191,4774,875035,2721300
2621,249,221,119942,4802,875256,2657800
2622,222,236,119720,4788,875492,2653200
2623,247,216,119473,4819,875708,2639500
2624,236,247,119237,4808,875955,2665800
2625,261,244,118976,4825,876199,3091500
2626,239,271,118737,4793,876470,2762100
2627,260,237,118477,4816,876707,2704700
2628,226,222,118251,4820,876929,2691500
2629,223,273,118028,4770,877202,2654900
2630,254,252,117774,4772,877454,2648000
2631,220,234,117554,4758,877688,2640700
2632,206,245,117348,4719,877933,2729300
2633,236,258,117112,4697,878191,2685100
2634,243,259,116869,4681,878450,2680900
2635,243,248,116626,4676,878698,2814400
2636,214,242,116412,4648,878940,2905000
2637,214,210,116198,4652,879150,2799600
2638,209,232,115989,4629,879382,2833500
2639,247,244,115742,4632,879626,2879400
2640,230,278,115512,4584,879904,2766300
2641,228,193,115284,4619,880097,2959700
2642,249,212,115035,4656,880309,2716400
2643,245,259,114790,4642,880568,2902900
2644,235,226,114555,4651,880794,2778500
2645,245,238,114310,4658,881032,2857200
2646,217,241,114093,4634,881273,2750500
2647,227,230,113866,4631,881503,2690900
2648,205,225,113661,4611,881728,2661400
2649,194,206,113467,4599,881934,2683000
2650,229,216,113238,4612,882150,2682500
2651,216,221,113022,4607,882371,2655400
2652,222,219,112800,4610,882590,2663000
2653,222,219,112578,4613,882809,2624000
2654,225,232,112353,4606,883041,2620900
2655,234,228,112119,4612,883269,2722800
2656,230,233,111889,4609,883502,3117400
2657,228,226,111661,4611,883728,2869100
2658,233,227,111428,4617,883955,2727500
2659,241,239,111187,4619,884194,2770800
2660,223,220,110964,4622,884414,2773300
2661,219,231,110745,4610,884645,3344900
2662,221,222,110524,4609,884867,3534000
2663,239,224,110285,4624,885091,3248000
2664,224,208,110061,4640,885299,2722900
2665,224,252,109837,4612,885551,2651800
2666,220,233,109617,4599,885784,2663200
2667,231,224,109386,4606,886008,2685600
2668,223,218,109163,4611,886226,2608500
2669,229,197,108934,4643,886423,2604900
2670,247,204,108687,4686,886627,2575600
2671,227,256,108460,4657,886883,2605500
2672,241,228,108219,4670,887111,2858800
2673,240,236,107979,4674,887347,2807100
2674,245,252,107734,4667,887599,2660700
2675,244,243,107490,4668,887842,2641800
2676,242,225,107248,4685,888067,2591900
2677,241,243,107007,4683,888310,2592300
2678,234,241,106773,4676,888551,2853700
2679,231,240,106542,4667,888791,2863200
2680,238,261,106304,4644,889052,2748600
2681,270,217,106034,4697,889269,2770500
2682,237,220,105797,4714,889489,2644500
2683,254,248,105543,4720,889737,2670900
2684,247,223,105296,4744,889960,2776600
2685,259,260,105037,4743,890220,2636400
2686,255,264,104782,4734,890484,2579500
2687,254,221,104528,4767,890705,2580000
2688,250,205,104278,4812,890910,2552700
2689,229,243,104049,4798,891153,2549600
2690,236,258,103813,4776,891411,2854800
2691,227,230,103586,4773,891641,2748900
2692,250,244,103336,4779,891885,3565000
2693,248,248,103088,4779,892133,3116000
2694,243,210,102845,4812,892343,2807200
2695,241,224,102604,4829,892567,2893600
2696,239,215,102365,4853,892782,2896700
2697,251,265,102114,4839,893047,3149400
2698,229,262,101885,4806,893309,3675200
2699,227,261,101658,4772,893570,3599800
2700,236,231,101422,4777,893801,4037200
2701,238,252,101184,4763,894053,3483100
2702,221,268,100963,4716,894321,3096000
2703,218,248,100745,4686,894569,2871800
2704,220,251,100525,4655,894820,2825700
2705,231,245,100294,4641,895065,3608600
2706,256,230,100038,4667,895295,3127000
2707,211,237,99827,4641,895532,2966500
2708,272,259,99555,4654,895791,3183000
2709,238,234,99317,4658,896025,2688700
2710,216,215,99101,4659,896240,2970700
2711,224,237,98877,4646,896477,2607600
2712,233,239,98644,4640,896716,2584500
2713,236,219,98408,4657,896935,2606400
2714,229,205,98179,4681,897140,2708200
2715,236,220,97943,4697,897360,3296300
2716,212,221,97731,4688,897581,2972800
2717,240,236,97491,4692,897817,2996300
2718,208,233,97283,4667,898050,2801400
2719,251,202,97032,4716,898252,2771700
2720,276,228,96756,4764,898480,2810800
2721,216,226,96540,4754,898706,2797600
2722,249,231,96291,4772,898937,2754400
2723,241,235,96050,4778,899172,2802400
2724,186,236,95864,4728,899408,2769700
2725,227,219,95637,4736,899627,2719000
2726,219,210,95418,4745,899837,2859000
2727,227,222,95191,4750,900059,2707100
2728,236,258,94955,4728,900317,2696400
2729,225,216,94730,4737,900533,2598900
2730,212,229,94518,4720,900762,2625400
2731,210,251,94308,4679,901013,2661500
2732,225,250,94083,4654,901263,3309700
2733,244,220,93839,4678,901483,3615400
2734,226,243,93613,4661,901726,3861300
2735,203,244,93410,4620,901970,2850000
2736,219,205,93191,4634,902175,3024500
2737,222,222,92969,4634,902397,3239000
2738,217,214,92752,4637,902611,2761400
2739,207,235,92545,4609,902846,2743400
2740,237,231,92308,4615,903077,2717000
2741,224,207,92084,4632,903284,2675300
2742,252,248,91832,4636,903532,2660800
2743,211,245,91621,4602,903777,2649600
2744,214,247,91407,4569,904024,2591600
2745,208,233,91199,4544,904257,2556200
2746,222,211,90977,4555,904468,2600000
2747,227,218,90750,4564,904686,2565700
2748,218,218,90532,4564,904904,2586400
2749,243,229,90289,4578,905133,2687600
2750,216,252,90073,4542,905385,3320600
2751,201,217,89872,4526,905602,3139100
2752,196,219,89676,4503,905821,2852600
2753,227,238,89449,4492,906059,2860500
2754,221,202,89228,4511,906261,2770200
2755,204,219,89024,4496,906480,2777300
2756,215,213,88809,4498,906693,2751700
2757,217,232,88592,4483,906925,2684300
2758,212,234,88380,4461,907159,2700700
2759,231,240,88149,4452,907399,3411800
2760,218,224,87931,4446,907623,2717500
2761,210,219,87721,4437,907842,2681300
2762,226,217,87495,4446,908059,2676200
2763,201,215,87294,4432,908274,2643800
2764,213,236,87081,4409,908510,2638700
2765,225,227,86856,4407,908737,2625200
2766,217,219,86639,4405,908956,2623500
2767,180,199,86459,4386,909155,2803100
2768,194,207,86265,4373,909362,2795500
2769,203,220,86062,4356,909582,2685200
2770,224,182,85838,4398,909764,2740900
2771,214,248,85624,4364,910012,2713600
2772,199,210,85425,4353,910222,2683700
2773,192,209,85233,4336,910431,2644700
2774,222,190,85011,4368,910621,2667500
2775,227,213,84784,4382,910834,2642500
2776,238,231,84546,4389,911065,2759000
2777,250,213,84296,4426,911278,2894700
2778,213,210,84083,4429,911488,2730400
2779,226,250,83857,4405,911738,2858400
2780,205,243,83652,4367,911981,2643100
2781,251,227,83401,4391,912208,2628400
2782,234,208,83167,4417,912416,2983900
2783,232,227,82935,4422,912643,2853800
2784,257,221,82678,4458,912864,2868400
2785,232,221,82446,4469,913085,2775000
2786,226,209,82220,4486,913294,2717800
2787,204,259,82016,4431,913553,2744900
2788,215,201,81801,4445,913754,2725500
2789,214,223,81587,4436,913977,2641400
2790,224,215,81363,4445,914192,2627700
2791,222,228,81141,4439,914420,2584600
2792,201,219,80940,4421,914639,2615600
2793,219,219,80721,4421,914858,2591600
2794,216,219,80505,4418,915077,2665000
2795,222,219,80283,4421,915296,2633300
2796,208,211,80075,4418,915507,2627900
2797,207,202,79868,4423,915709,2607800
2798,223,210,79645,4436,915919,2705800
2799,204,217,79441,4423,916136,2705500
2800,196,208,79245,4411,916344,2742900
2801,224,232,79021,4403,916576,2841300
2802,197,223,78824,4377,916799,2800400
2803,195,218,78629,4354,917017,2707300
2804,205,215,78424,4344,917232,2841800
2805,204,213,78220,4335,917445,2778300
2806,203,222,78017,4316,917667,2813100
2807,207,205,77810,4318,917872,2684700
2808,215,238,77595,4295,918110,2689700
2809,212,214,77383,4293,918324,2601400
2810,208,208,77175,4293,918532,2718500
2811,209,219,76966,4283,918751,2897700
2812,218,214,76748,4287,918965,2849200
2813,199,208,76549,4278,919173,2853800
2814,210,206,76339,4282,919379,2872000
2815,210,215,76129,4277,919594,2894900
2816,218,212,75911,4283,919806,3151100
2817,221,215,75690,4289,920021,2906400
2818,235,228,75455,4296,920249,3144800
2819,209,211,75246,4294,920460,2910700
2820,205,189,75041,4310,920649,2892400
2821,211,225,74830,4296,920874,2922400
2822,193,183,74637,4306,921057,3078900
2823,188,239,74449,4255,921296,3610500
2824,222,200,74227,4277,921496,3708100
2825,220,225,74007,4272,921721,3580400
2826,209,220,73798,4261,921941,2933000
2827,196,195,73602,4262,922136,2879200
2828,228,235,73374,4255,922371,2803700
2829,212,213,73162,4254,922584,2785300
2830,211,210,72951,4255,922794,2788800
2831,217,203,72734,4269,922997,2815700
2832,202,232,72532,4239,923229,2826700
2833,212,224,72320,4227,923453,2757800
2834,198,215,72122,4210,923668,2724700
2835,199,224,71923,4185,923892,2686100
2836,181,185,71742,4181,924077,2937900
2837,197,210,71545,4168,924287,2664800
2838,185,214,71360,4139,924501,2717600
2839,198,214,71162,4123,924715,3040900
2840,188,207,70974,4104,924922,3764200
2841,215,215,70759,4104,925137,3599100
2842,209,188,70550,4125,925325,3111800
2843,198,217,70352,4106,925542,3041300
2844,216,196,70136,4126,925738,2957200
2845,211,222,69925,4115,925960,2905200
2846,211,203,69714,4123,926163,3027100
2847,206,202,69508,4127,926365,2896700
2848,216,220,69292,4123,926585,2821500
2849,183,216,69109,4090,926801,2859100
2850,206,243,68903,4053,927044,2779900
2851,190,221,68713,4022,927265,2828000
2852,174,243,68539,3953,927508,2856700
2853,204,196,68335,3961,927704,2679500
2854,170,189,68165,3942,927893,3040000
2855,205,214,67960,3933,928107,2778500
2856,189,206,67771,3916,928313,3142000
2857,204,220,67567,3900,928533,3618700
2858,197,209,67370,3888,928742,3210000
2859,201,190,67169,3899,928932,3107000
2860,180,185,66989,3894,929117,2903300
2861,189,175,66800,3908,929292,2849000
2862,186,182,66614,3912,929474,3104400
2863,200,201,66414,3911,929675,3035500
2864,199,161,66215,3949,929836,3259100
2865,198,195,66017,3952,930031,2926100
2866,218,199,65799,3971,930230,2893900
2867,206,189,65593,3988,930419,2935100
2868,204,191,65389,4001,930610,2856700
2869,190,199,65199,3992,930809,2790100
2870,170,208,65029,3954,931017,2695700
2871,177,185,64852,3946,931202,2775700
2872,184,206,64668,3924,931408,2846900
2873,195,191,64473,3928,931599,3868300
2874,187,203,64286,3912,931802,3970000
2875,183,211,64103,3884,932013,3737800
2876,178,170,63925,3892,932183,2901800
2877,191,178,63734,3905,932361,3617200
2878,218,173,63516,3950,932534,3663900
2879,210,168,63306,3992,932702,3106500
2880,179,179,63127,3992,932881,3053800
2881,189,226,62938,3955,933107,2861800
2882,202,221,62736,3936,933328,2904200
2883,200,194,62536,3942,933522,2768500
2884,217,220,62319,3939,933742,2737700
2885,212,202,62107,3949,933944,2764400
2886,177,194,61930,3932,934138,2716500
2887,174,199,61756,3907,934337,3023000
2888,192,180,61564,3919,934517,3981900
2889,199,184,61365,3934,934701,4107800
2890,193,208,61172,3919,934909,3387300
2891,203,210,60969,3912,935119,3098600
2892,186,195,60783,3903,935314,2981700
2893,177,201,60606,3879,935515,2768300
2894,182,190,60424,3871,935705,3146800
2895,193,212,60231,3852,935917,2754500
2896,185,160,60046,3877,936077,2704700
2897,174,199,59872,3852,936276,2737300
2898,200,184,59672,3868,936460,2752200
2899,192,194,59480,3866,936654,2674900
2900,160,187,59320,3839,936841,2643400
2901,194,187,59126,3846,937028,2589400
2902,206,171,58920,3881,937199,2617100
2903,194,187,58726,3888,937386,2577500
2904,190,192,58536,3886,937578,2567900
2905,173,176,58363,3883,937754,2663600
2906,192,179,58171,3896,937933,3460000
2907,185,202,57986,3879,938135,3393700
2908,192,193,57794,3878,938328,3291500
2909,221,166,57573,3933,938494,2853100
2910,203,217,57370,3919,938711,2801900
2911,192,193,57178,3918,938904,2840200
2912,187,193,56991,3912,939097,2763400
2913,205,195,56786,3922,939292,2888100
2914,177,197,56609,3902,939489,2909600
2915,197,188,56412,3911,939677,2960400
2916,207,175,56205,3943,939852,2743800
2917,207,186,55998,3964,940038,3006600
2918,187,192,55811,3959,940230,2882500
2919,203,203,55608,3959,940433,2719200
2920,202,202,55406,3959,940635,2632300
2921,183,200,55223,3942,940835,2685200
2922,200,215,55023,3927,941050,2618700
2923,200,183,54823,3944,941233,2945300
2924,195,202,54628,3937,941435,4267600
2925,166,216,54462,3887,941651,4003700
2926,163,190,54299,3860,941841,3227300
2927,181,207,54118,3834,942048,3168800
2928,190,203,53928,3821,942251,3040800
2929,185,197,53743,3809,942448,3227300
2930,182,187,53561,3804,942635,3251100
2931,181,172,53380,3813,942807,3182000
2932,180,183,53200,3810,942990,3163900
2933,169,185,53031,3794,943175,3212300
2934,181,178,52850,3797,943353,3248600
2935,166,172,52684,3791,943525,3183000
2936,172,202,52512,3761,943727,3092200
2937,172,202,52340,3731,943929,3065500
2938,170,182,52170,3719,944111,3279200
2939,171,163,51999,3727,944274,3027600
2940,165,210,51834,3682,944484,3767100
2941,145,182,51689,3645,944666,3794200
2942,151,160,51538,3636,944826,2834100
2943,144,169,51394,3611,944995,3182600
2944,159,168,51235,3602,945163,2692200
2945,146,177,51089,3571,945340,2869800
2946,153,188,50936,3536,945528,2686800
2947,141,173,50795,3504,945701,2851000
2948,154,147,50641,3511,945848,3055700
2949,162,191,50479,3482,946039,2624100
2950,147,159,50332,3470,946198,2568100
2951,148,164,50184,3454,946362,2537400
2952,143,142,50041,3455,946504,2544700
2953,146,180,49895,3421,946684,2552500
2954,137,193,49758,3365,946877,2559100
2955,142,146,49616,3361,947023,2571600
2956,128,155,49488,3334,947178,2627900
2957,136,175,49352,3295,947353,3153700
2958,142,164,49210,3273,947517,3674900
2959,135,146,49075,3262,947663,3271800
2960,133,148,48942,3247,947811,3534100
2961,140,168,48802,3219,947979,3578700
2962,124,158,48678,3185,948137,3595200
2963,129,136,48549,3178,948273,3426200
2964,138,145,48411,3171,948418,2717500
2965,113,159,48298,3125,948577,2658200
2966,139,157,48159,3107,948734,2661200
2967,155,163,48004,3099,948897,2653100
2968,123,171,47881,3051,949068,2649600
2969,162,153,47719,3060,949221,2631600
2970,129,150,47590,3039,949371,2584300
2971,142,163,47448,3018,949534,2549400
2972,114,137,47334,2995,949671,2538300
2973,140,157,47194,2978,949828,2647900
2974,135,151,47059,2962,949979,2616600
2975,135,154,46924,2943,950133,2812800
2976,122,157,46802,2908,950290,2611900
2977,130,165,46672,2873,950455,2621900
2978,134,170,46538,2837,950625,2543000
2979,130,138,46408,2829,950763,2579200
2980,118,132,46290,2815,950895,2532900
2981,131,132,46159,2814,951027,2832700
2982,128,142,46031,2800,951169,2642800
2983,111,148,45920,2763,951317,2635200
2984,135,119,45785,2779,951436,2552600
2985,122,149,45663,2752,951585,2603800
2986,128,140,45535,2740,951725,2631100
2987,151,115,45384,2776,951840,2649800
2988,139,126,45245,2789,951966,2531600
2989,108,136,45137,2761,952102,2520200
2990,121,158,45016,2724,952260,2519900
2991,112,136,44904,2700,952396,2514100
2992,110,115,44794,2695,952511,2559800
2993,111,127,44683,2679,952638,3310100
2994,113,128,44570,2664,952766,2830600
2995,114,129,44456,2649,952895,2558700
2996,130,146,44326,2633,953041,2556600
2997,95,111,44231,2617,953152,2502500
2998,114,104,44117,2627,953256,2548400
2999,136,145,43981,2618,953401,2524800
3000,112,137,43869,2593,953538,2742600
3001,112,130,43757,2575,953668,2521900
3002,116,152,43641,2539,953820,2576400
3003,124,129,43517,2534,953949,2517100
3004,120,117,43397,2537,954066,2589100
3005,134,112,43263,2559,954178,2501700
3006,117,151,43146,2525,954329,2504000
3007,115,127,43031,2513,954456,2583600
3008,118,113,42913,2518,954569,2648200
3009,123,120,42790,2521,954689,2612700
3010,122,119,42668,2524,954808,2582200
3011,134,121,42534,2537,954929,2548700
3012,121,123,42413,2535,955052,2612600
3013,120,154,42293,2501,955206,2581500
3014,126,119,42167,2508,955325,2530400
3015,128,113,42039,2523,955438,2503500
3016,109,142,41930,2490,955580,2496400
3017,107,111,41823,2486,955691,2512700
3018,119,126,41704,2479,955817,2438600
3019,105,143,41599,2441,955960,2426800
3020,98,121,41501,2418,956081,2444200
3021,111,136,41390,2393,956217,2457900
3022,96,125,41294,2364,956342,2421800
3023,109,120,41185,2353,956462,2438200
3024,103,115,41082,2341,956577,2511700
3025,107,123,40975,2325,956700,2431800
3026,110,111,40865,2324,956811,2414700
3027,102,133,40763,2293,956944,2425900
3028,92,118,40671,2267,957062,2496900
3029,120,126,40551,2261,957188,2505500
3030,82,123,40469,2220,957311,2788800
3031,113,130,40356,2203,957441,2565800
3032,103,103,40253,2203,957544,2666800
3033,98,99,40155,2202,957643,2764400
3034,102,108,40053,2196,957751,4012900
3035,122,111,39931,2207,957862,3585400
3036,104,122,39827,2189,957984,3070500
3037,114,94,39713,2209,958078,2761800
3038,108,120,39605,2197,958198,2816200
3039,111,95,39494,2213,958293,2752400
3040,93,120,39401,2186,958413,2851200
3041,103,110,39298,2179,958523,2673700
3042,97,112,39201,2164,958635,2603100
3043,113,93,39088,2184,958728,2703200
3044,112,121,38976,2175,958849,2574800
3045,116,104,38860,2187,958953,2556600
3046,104,102,38756,2189,959055,2542500
3047,88,103,38668,2174,959158,2515100
3048,116,104,38552,2186,959262,2480400
3049,105,103,38447,2188,959365,2477500
3050,90,98,38357,2180,959463,2607400
3051,103,100,38254,2183,959563,2612900
3052,102,109,38152,2176,959672,3002800
3053,107,94,38045,2189,959766,3176400
3054,116,107,37929,2198,959873,3509800
3055,124,119,37805,2203,959992,2748800
3056,119,116,37686,2206,960108,2784000
3057,133,95,37553,2244,960203,2990500
3058,130,127,37423,2247,960330,2773800
3059,122,138,37301,2231,960468,2774700
3060,114,115,37187,2230,960583,2788300
3061,122,104,37065,2248,960687,2723500
3062,111,113,36954,2246,960800,2810100
3063,117,111,36837,2252,960911,2800600
3064,112,106,36725,2258,961017,2672800
3065,114,116,36611,2256,961133,2676300
3066,125,121,36486,2260,961254,2571400
3067,109,115,36377,2254,961369,2679500
3068,129,108,36248,2275,961477,2723800
3069,125,107,36123,2293,961584,2560800
3070,119,126,36004,2286,961710,2633000
3071,119,118,35885,2287,961828,2599200
3072,116,108,35769,2295,961936,2552100
3073,116,119,35653,2292,962055,2518900
3074,123,99,35530,2316,962154,2917100
3075,123,119,35407,2320,962273,2493100
3076,113,128,35294,2305,962401,2517400
3077,106,136,35188,2275,962537,2523800
3078,121,112,35067,2284,962649,2492000
3079,113,116,34954,2281,962765,2701800
3080,102,128,34852,2255,962893,2632700
3081,92,96,34760,2251,962989,2513200
3082,106,123,34654,2234,963112,2548100
3083,115,109,34539,2240,963221,2483100
3084,92,109,34447,2223,963330,2490400
3085,103,109,34344,2217,963439,2475100
3086,111,123,34233,2205,963562,2565800
3087,100,104,34133,2201,963666,2700000
3088,91,100,34042,2192,963766,2551100
3089,97,116,33945,2173,963882,2880600
3090,100,114,33845,2159,963996,2520800
3091,84,110,33761,2133,964106,2674200
3092,104,126,33657,2111,964232,2531000
3093,91,87,33566,2115,964319,2507600
3094,109,106,33457,2118,964425,2574600
3095,107,126,33350,2099,964551,2509600
3096,105,115,33245,2089,964666,2508300
3097,102,100,33143,2091,964766,2500500
3098,101,102,33042,2090,964868,2600500
3099,90,115,32952,2065,964983,2451700
3100,90,121,32862,2034,965104,2632200
3101,99,103,32763,2030,965207,2553900
3102,84,87,32679,2027,965294,2755500
3103,97,95,32582,2029,965389,2742300
3104,87,98,32495,2018,965487,2688300
3105,90,122,32405,1986,965609,2883100
3106,103,88,32302,2001,965697,2593900
3107,98,112,32204,1987,965809,2515600
3108,89,104,32115,1972,965913,2469800
3109,92,91,32023,1973,966004,2593700
3110,91,97,31932,1967,966101,3177400
3111,97,96,31835,1968,966197,2493300
3112,88,101,31747,1955,966298,2403800
3113,92,77,31655,1970,966375,2421300
3114,82,109,31573,1943,966484,2400100
3115,68,74,31505,1937,966558,2736500
3116,80,93,31425,1924,966651,2433600
3117,82,91,31343,1915,966742,2597300
3118,71,87,31272,1899,966829,2687500
3119,81,109,31191,1871,966938,2418800
3120,89,102,31102,1858,967040,2376800
3121,93,107,31009,1844,967147,2499100
3122,88,100,30921,1832,967247,3187700
3123,84,104,30837,1812,967351,3182400
3124,87,77,30750,1822,967428,3180500
3125,93,83,30657,1832,967511,3169000
3126,93,76,30564,1849,967587,3147800
3127,97,89,30467,1857,967676,2537900
3128,80,90,30387,1847,967766,2482700
3129,88,97,30299,1838,967863,2494600
3130,86,105,30213,1819,967968,2485000
3131,99,83,30114,1835,968051,2438700
3132,96,86,30018,1845,968137,2586900
3133,100,82,29918,1863,968219,3267800
3134,99,92,29819,1870,968311,2658100
3135,90,93,29729,1867,968404,2473800
3136,90,93,29639,1864,968497,2445200
3137,73,91,29566,1846,968588,2429400
3138,91,93,29475,1844,968681,2591600
3139,107,96,29368,1855,968777,2493300
3140,86,83,29282,1858,968860,2461900
3141,84,91,29198,1851,968951,2451300
3142,98,96,29100,1853,969047,2494100
3143,83,94,29017,1842,969141,2453700
3144,86,86,28931,1842,969227,2489700
3145,84,99,28847,1827,969326,3200800
3146,107,104,28740,1830,969430,3247500
3147,104,91,28636,1843,969521,3254500
3148,101,103,28535,1841,969624,3224800
3149,85,92,28450,1834,969716,3187700
3150,91,93,28359,1832,969809,3345800
3151,99,95,28260,1836,969904,3348300
3152,77,94,28183,1819,969998,2975500
3153,85,104,28098,1800,970102,2539300
3154,81,103,28017,1778,970205,2502500
3155,110,77,27907,1811,970282,2685800
3156,87,96,27820,1802,970378,2530800
3157,77,100,27743,1779,970478,2468500
3158,95,91,27648,1783,970569,2577700
3159,103,91,27545,1795,970660,2447400
3160,75,98,27470,1772,970758,2446600
3161,79,90,27391,1761,970848,2462700
3162,98,91,27293,1768,970939,2458400
3163,97,88,27196,1777,971027,2512600
3164,82,99,27114,1760,971126,2489400
3165,89,94,27025,1755,971220,2489900
3166,77,78,26948,1754,971298,2465500
3167,88,80,26860,1762,971378,2711000
3168,95,95,26765,1762,971473,2519300
3169,74,96,26691,1740,971569,2523100
3170,92,91,26599,1741,971660,2472100
3171,95,84,26504,1752,971744,2448900
3172,86,78,26418,1760,971822,2433200
3173,75,91,26343,1744,971913,2440900
3174,100,76,26243,1768,971989,3267400
3175,77,93,26166,1752,972082,3272800
3176,78,87,26088,1743,972169,3138600
3177,84,78,26004,1749,972247,2924900
3178,83,93,25921,1739,972340,2439400
3179,95,91,25826,1743,972431,2512300
3180,74,87,25752,1730,972518,2496100
3181,72,85,25680,1717,972603,2492800
3182,87,98,25593,1706,972701,2480400
3183,66,76,25527,1696,972777,2485700
3184,81,83,25446,1694,972860,2469500
3185,69,83,25377,1680,972943,2542200
3186,54,72,25323,1662,973015,2468800
3187,73,78,25250,1657,973093,2458400
3188,79,99,25171,1637,973192,2452500
3189,76,85,25095,1628,973277,2442300
3190,81,87,25014,1622,973364,2404200
3191,91,79,24923,1634,973443,2418600
3192,75,90,24848,1619,973533,2444500
3193,78,71,24770,1626,973604,2401000
3194,76,94,24694,1608,973698,2413700
3195,88,97,24606,1599,973795,2452400
3196,79,70,24527,1608,973865,2457000
3197,93,92,24434,1609,973957,2398200
3198,93,74,24341,1628,974031,2686400
3199,79,81,24262,1626,974112,2390100
3200,71,64,24191,1633,974176,2371500
3201,62,68,24129,1627,974244,2391100
3202,60,83,24069,1604,974327,2533800
3203,73,66,23996,1611,974393,2595600
3204,82,77,23914,1616,974470,2597700
3205,72,89,23842,1599,974559,3231300
3206,74,69,23768,1604,974628,3225600
3207,85,76,23683,1613,974704,3229000
3208,83,66,23600,1630,974770,2678800
3209,66,82,23534,1614,974852,2439000
3210,65,74,23469,1605,974926,2443700
3211,60,72,23409,1593,974998,2413500
3212,84,84,23325,1593,975082,2398400
3213,59,77,23266,1575,975159,2396600
3214,77,86,23189,1566,975245,2397500
3215,63,79,23126,1550,975324,2403600
3216,47,88,23079,1509,975412,2686000
3217,64,80,23015,1493,975492,3194200
3218,60,68,22955,1485,975560,3121400
3219,58,65,22897,1478,975625,3189200
3220,56,68,22841,1466,975693,3150000
3221,74,75,22767,1465,975768,3345100
3222,64,63,22703,1466,975831,2444900
3223,61,88,22642,1439,975919,2421600
3224,49,81,22593,1407,976000,2469500
3225,46,72,22547,1381,976072,2432500
3226,55,56,22492,1380,976128,2426700
3227,62,79,22430,1363,976207,2572100
3228,45,59,22385,1349,976266,3235600
3229,57,72,22328,1334,976338,3271700
3230,57,74,22271,1317,976412,3256700
3231,64,61,22207,1320,976473,3000900
3232,70,75,22137,1315,976548,2506500
3233,60,66,22077,1309,976614,2473000
3234,59,59,22018,1309,976673,2447300
3235,58,64,21960,1303,976737,2438500
3236,67,66,21893,1304,976803,2450100
3237,54,74,21839,1284,976877,2437600
3238,47,78,21792,1253,976955,2412800
3239,57,63,21735,1247,977018,2961200
3240,50,63,21685,1234,977081,2454500
3241,62,60,21623,1236,977141,2439300
3242,54,65,21569,1225,977206,2478200
3243,49,57,21520,1217,977263,2402400
3244,56,60,21464,1213,977323,2494900
3245,59,69,21405,1203,977392,2534600
3246,58,77,21347,1184,977469,3561700
3247,53,61,21294,1176,977530,2793700
3248,52,69,21242,1159,977599,2720600
3249,51,78,21191,1132,977677,2752600
3250,56,64,21135,1124,977741,2907200
3251,56,57,21079,1123,977798,2457000
3252,50,60,21029,1113,977858,2473100
3253,53,66,20976,1100,977924,2403100
3254,42,54,20934,1088,977978,2443600
3255,49,50,20885,1087,978028,2435200
3256,46,52,20839,1081,978080,2423500
3257,46,58,20793,1069,978138,2574300
3258,34,53,20759,1050,978191,2375400
3259,39,41,20720,1048,978232,2379900
3260,35,55,20685,1028,978287,2343700
3261,36,61,20649,1003,978348,2359600
3262,40,47,20609,996,978395,2358400
3263,37,56,20572,977,978451,2660500
3264,45,40,20527,982,978491,2529400
3265,31,55,20496,958,978546,2485800
3266,38,47,20458,949,978593,2474600
3267,28,35,20430,942,978628,2424800
3268,34,58,20396,918,978686,2506100
3269,36,41,20360,913,978727,2500900
3270,40,49,20320,904,978776,2490400
3271,40,44,20280,900,978820,2388400
3272,25,54,20255,871,978874,2398400
3273,29,40,20226,860,978914,2382500
3274,23,38,20203,845,978952,2390400
3275,25,42,20178,828,978994,2406800
3276,34,36,20144,826,979030,2659300
3277,28,47,20116,807,979077,2415900
3278,29,47,20087,789,979124,2382200
3279,21,37,20066,773,979161,2386800
3280,21,36,20045,758,979197,2388600
3281,24,47,20021,735,979244,2382400
3282,24,40,19997,719,979284,2537900
3283,27,33,19970,713,979317,2424100
3284,28,43,19942,698,979360,2421200
3285,21,31,19921,688,979391,2408200
3286,40,39,19881,689,979430,2400500
3287,32,28,19849,693,979458,2374000
3288,43,32,19806,704,979490,2431000
3289,23,37,19783,690,979527,2760800
3290,37,26,19746,701,979553,2500300
3291,25,42,19721,684,979595,2472400
3292,39,24,19682,699,979619,2460300
3293,31,45,19651,685,979664,2488500
3294,37,35,19614,687,979699,2495800
3295,34,35,19580,686,979734,2480000
3296,26,27,19554,685,979761,2435000
3297,32,44,19522,673,979805,3030300
3298,33,32,19489,674,979837,3249700
3299,30,24,19459,680,979861,3178500
3300,33,38,19426,675,979899,3129600
3301,23,35,19403,663,979934,2621400
3302,36,30,19367,669,979964,2795600
3303,29,30,19338,668,979994,2693900
3304,32,36,19306,664,980030,2578500
3305,34,35,19272,663,980065,2611700
3306,34,40,19238,657,980105,2925900
3307,27,48,19211,636,980153,2709400
3308,31,29,19180,638,980182,2480600
3309,30,28,19150,640,980210,2528700
3310,30,38,19120,632,980248,2693900
3311,36,43,19084,625,980291,2998400
3312,22,32,19062,615,980323,3030900
3313,32,29,19030,618,980352,2680200
3314,31,30,18999,619,980382,2546100
3315,30,21,18969,628,980403,2554800
3316,33,33,18936,628,980436,2485000
3317,29,28,18907,629,980464,2521300
3318,35,32,18872,632,980496,2467500
3319,22,35,18850,619,980531,2429000
3320,29,27,18821,621,980558,2417000
3321,28,28,18793,621,980586,2436300
3322,39,34,18754,626,980620,2479700
3323,39,35,18715,630,980655,2645100
3324,33,39,18682,624,980694,2440800
3325,37,19,18645,642,980713,2553400
3326,36,30,18609,648,980743,20454600
3327,33,34,18576,647,980777,7930500
3328,31,38,18545,640,980815,3243600
3329,30,25,18515,645,980840,5721100
3330,31,30,18484,646,980870,3431800
3331,29,26,18455,649,980896,3201500
3332,41,26,18414,664,980922,3178000
3333,36,37,18378,663,980959,3352300
3334,39,36,18339,666,980995,2556700
3335,33,40,18306,659,981035,2614300
3336,28,32,18278,655,981067,2568600
3337,22,37,18256,640,981104,2458800
3338,30,30,18226,640,981134,2538900
3339,33,32,18193,641,981166,2678600
3340,26,22,18167,645,981188,2556400
3341,34,26,18133,653,981214,2703800
3342,29,35,18104,647,981249,2465800
3343,33,27,18071,653,981276,2563000
3344,28,32,18043,649,981308,2619800
3345,29,37,18014,641,981345,2519000
3346,20,34,17994,627,981379,2469500
3347,15,32,17979,610,981411,2466900
3348,19,31,17960,598,981442,2435200
3349,25,31,17935,592,981473,2471100
3350,24,30,17911,586,981503,2449200
3351,18,25,17893,579,981528,2500300
3352,26,32,17867,573,981560,2417100
3353,20,27,17847,566,981587,2485500
3354,26,33,17821,559,981620,2512700
3355,28,26,17793,561,981646,3148400
3356,14,26,17779,549,981672,2602300
3357,20,28,17759,541,981700,2488600
3358,24,21,17735,544,981721,2522400
3359,21,28,17714,537,981749,2531000
3360,23,20,17691,540,981769,2483800
3361,21,23,17670,538,981792,2756900
3362,21,16,17649,543,981808,2518000
3363,32,29,17617,546,981837,2542500
3364,29,39,17588,536,981876,2489600
3365,32,35,17556,533,981911,2508000
3366,24,25,17532,532,981936,2490800
3367,22,31,17510,523,981967,2469600
3368,28,24,17482,527,981991,3198400
3369,18,28,17464,517,982019,3299600
3370,24,30,17440,511,982049,3229600
3371,21,20,17419,512,982069,2549500
3372,24,36,17395,500,982105,2435000
3373,23,25,17372,498,982130,2478300
3374,15,20,17357,493,982150,2535100
3375,21,22,17336,492,982172,2443300
3376,18,15,17318,495,982187,2715400
3377,17,30,17301,482,982217,2486700
3378,27,20,17274,489,982237,2419100
3379,24,25,17250,488,982262,2456700
3380,28,22,17222,494,982284,2463500
3381,26,19,17196,501,982303,2429100
3382,26,27,17170,500,982330,2456700
3383,15,21,17155,494,982351,2423100
3384,21,23,17134,492,982374,2609500
3385,21,29,17113,484,982403,2434100
3386,24,26,17089,482,982429,2414800
3387,21,24,17068,479,982453,2448000
3388,25,27,17043,477,982480,2409100
3389,33,26,17010,484,982506,3134600
3390,24,27,16986,481,982533,3142000
3391,10,30,16976,461,982563,3181100
3392,20,23,16956,458,982586,2700000
3393,11,20,16945,449,982606,2404400
3394,19,25,16926,443,982631,2436500
3395,24,16,16902,451,982647,2581200
3396,21,25,16881,447,982672,2450900
3397,20,23,16861,444,982695,2454500
3398,28,26,16833,446,982721,2465300
3399,24,23,16809,447,982744,2434400
3400,25,19,16784,453,982763,2615300
3401,29,28,16755,454,982791,2448600
3402,17,19,16738,452,982810,2414200
3403,17,16,16721,453,982826,2557000
3404,17,23,16704,447,982849,2400800
3405,15,18,16689,444,982867,2396800
3406,19,17,16670,446,982884,2587500
3407,21,21,16649,446,982905,2421700
3408,13,19,16636,440,982924,2428600
3409,19,22,16617,437,982946,2496700
3410,24,26,16593,435,982972,2602400
3411,21,12,16572,444,982984,2462700
3412,21,18,16551,447,983002,2725200
3413,19,18,16532,448,983020,2528200
3414,19,31,16513,436,983051,2551900
3415,26,19,16487,443,983070,2414200
3416,16,11,16471,448,983081,2466500
3417,19,20,16452,447,983101,2751200
3418,17,25,16435,439,983126,3813400
3419,18,25,16417,432,983151,3364300
3420,18,16,16399,434,983167,2681100
3421,22,24,16377,432,983191,2704500
3422,16,20,16361,428,983211,2778100
3423,22,19,16339,431,983230,2670100
3424,24,23,16315,432,983253,3122700
3425,24,23,16291,433,983276,3092400
3426,22,18,16269,437,983294,2596600
3427,21,18,16248,440,983312,3008000
3428,16,27,16232,429,983339,2857300
3429,24,25,16208,428,983364,2805000
3430,24,25,16184,427,983389,2477700
3431,19,22,16165,424,983411,2502900
3432,14,15,16151,423,983426,2465300
3433,18,19,16133,422,983445,2484900
3434,20,24,16113,418,983469,2936700
3435,21,19,16092,420,983488,3254900
3436,22,19,16070,423,983507,3134700
3437,19,20,16051,422,983527,3143100
3438,19,22,16032,419,983549,3416800
3439,22,19,16010,422,983568,3079800
3440,14,16,15996,420,983584,3135800
3441,13,22,15983,411,983606,2870400
3442,15,17,15968,409,983623,2576000
3443,19,20,15949,408,983643,2628000
3444,20,21,15929,407,983664,2492000
3445,12,27,15917,392,983691,2558100
3446,17,21,15900,388,983712,2409000
3447,14,20,15886,382,983732,2524000
3448,11,20,15875,373,983752,2436400
3449,13,21,15862,365,983773,2479600
3450,15,18,15847,362,983791,2635500
3451,14,15,15833,361,983806,2676600
3452,10,16,15823,355,983822,2608500
3453,16,21,15807,350,983843,2576900
3454,8,19,15799,339,983862,2520200
3455,13,17,15786,335,983879,2649100
3456,13,12,15773,336,983891,2540800
3457,15,9,15758,342,983900,2461700
3458,13,16,15745,339,983916,2480300
3459,13,15,15732,337,983931,2435400
3460,11,26,15721,322,983957,2539300
3461,7,16,15714,313,983973,2463900
3462,15,18,15699,310,983991,2435700
3463,9,18,15690,301,984009,2584400
3464,9,15,15681,295,984024,2481300
3465,8,15,15673,288,984039,2561600
3466,6,16,15667,278,984055,2438400
3467,8,14,15659,272,984069,2578900
3468,8,15,15651,265,984084,2446000
3469,7,18,15644,254,984102,2624600
3470,4,22,15640,236,984124,2468500
3471,2,17,15638,221,984141,2482200
3472,5,17,15633,209,984158,2540900
3473,5,8,15628,206,984166,2440400
3474,4,14,15624,196,984180,2468800
3475,11,13,15613,194,984193,2505400
3476,3,5,15610,192,984198,2437200
3477,8,7,15602,193,984205,2491000
3478,10,9,15592,194,984214,2440900
3479,9,8,15583,195,984222,2775300
3480,9,13,15574,191,984235,2436500
3481,3,12,15571,182,984247,2392200
3482,3,9,15568,176,984256,2396000
3483,6,7,15562,175,984263,2423400
3484,8,8,15554,175,984271,2376700
3485,11,9,15543,177,984280,2408400
3486,5,17,15538,165,984297,2408000
3487,6,4,15532,167,984301,2409300
3488,8,6,15524,169,984307,2490300
3489,8,6,15516,171,984313,2433900
3490,5,10,15511,166,984323,2389300
3491,5,11,15506,160,984334,2448000
3492,6,7,15500,159,984341,2380400
3493,6,4,15494,161,984345,2439200
3494,4,7,15490,158,984352,2648600
3495,10,5,15480,163,984357,2412700
3496,1,6,15479,158,984363,2345100
3497,2,9,15477,151,984372,2420400
3498,4,7,15473,148,984379,2355300
3499,2,4,15471,146,984383,2529500
3500,4,5,15467,145,984388,2836000
3501,0,6,15467,139,984394,2391600
3502,3,8,15464,134,984402,2297300
3503,3,6,15461,131,984408,2354800
3504,2,9,15459,124,984417,2308700
3505,5,6,15454,123,984423,2882500
3506,4,9,15450,118,984432,2413800
3507,7,6,15443,119,984438,2576200
3508,0,2,15443,117,984440,2422100
3509,1,4,15442,114,984444,2547700
3510,0,10,15442,104,984454,2427900
3511,6,10,15436,100,984464,2553500
3512,3,5,15433,98,984469,2380400
3513,4,1,15429,101,984470,2547100
3514,4,5,15425,100,984475,2451600
3515,2,5,15423,97,984480,2606900
3516,6,5,15417,98,984485,2439600
3517,2,8,15415,92,984493,2508900
3518,4,3,15411,93,984496,2472500
3519,5,3,15406,95,984499,2490900
3520,5,6,15401,94,984505,2424300
3521,2,3,15399,93,984508,2525800
3522,3,2,15396,94,984510,2492000
3523,9,6,15387,97,984516,2516900
3524,2,6,15385,93,984522,2448300
3525,2,4,15383,91,984526,2582700
3526,6,5,15377,92,984531,2420900
3527,1,5,15376,88,984536,2511500
3528,6,3,15370,91,984539,2460400
3529,3,8,15367,86,984547,2473800
3530,0,7,15367,79,984554,2457300
3531,1,1,15366,79,984555,2466000
3532,2,4,15364,77,984559,2594000
3533,2,3,15362,76,984562,2461200
3534,0,3,15362,73,984565,2484600
3535,3,3,15359,73,984568,2482700
3536,1,3,15358,71,984571,2552400
3537,0,3,15358,68,984574,2459000
3538,0,3,15358,65,984577,2697100
3539,0,1,15358,64,984578,2454900
3540,0,2,15358,62,984580,2377100
3541,0,5,15358,57,984585,2375000
3542,0,4,15358,53,984589,2390000
3543,1,2,15357,52,984591,2381900
3544,0,1,15357,51,984592,2390800
3545,0,0,15357,51,984592,2422000
3546,0,1,15357,50,984593,2696900
3547,0,1,15357,49,984594,2475700
3548,0,1,15357,48,984595,2350800
3549,0,3,15357,45,984598,2530900
3550,0,5,15357,40,984603,2436600
3551,0,4,15357,36,984607,2398600
3552,0,0,15357,36,984607,2419300
3553,0,3,15357,33,984610,2396500
3554,0,1,15357,32,984611,2417600
3555,0,2,15357,30,984613,2395300
3556,0,0,15357,30,984613,2390500
3557,0,0,15357,30,984613,2339600
3558,0,2,15357,28,984615,2319700
3559,0,1,15357,27,984616,2415000
3560,0,5,15357,22,984621,2397100
3561,1,2,15356,21,984623,2397600
3562,0,0,15356,21,984623,2291200
3563,0,2,15356,19,984625,2272200
3564,0,0,15356,19,984625,2259300
3565,0,1,15356,18,984626,2268200
3566,0,0,15356,18,984626,2297700
3567,0,0,15356,18,984626,2538900
3568,0,1,15356,17,984627,2287400
3569,0,2,15356,15,984629,2309500
3570,0,1,15356,14,984630,2338800
3571,0,1,15356,13,984631,2326700
3572,0,1,15356,12,984632,2311200
3573,0,0,15356,12,984632,2332600
3574,0,0,15356,12,984632,2297700
3575,0,2,15356,10,984634,2283800
3576,0,1,15356,9,984635,2266700
3577,0,1,15356,8,984636,2296300
3578,0,0,15356,8,984636,2506900
3579,0,0,15356,8,984636,2271800
3580,0,1,15356,7,984637,2256900
3581,0,1,15356,6,984638,2251500
3582,0,0,15356,6,984638,2268600
3583,0,0,15356,6,984638,2233600
3584,0,1,15356,5,984639,2308500
3585,0,0,15356,5,984639,2305000
3586,0,0,15356,5,984639,2329600
3587,0,1,15356,4,984640,2277600
3588,0,0,15356,4,984640,2387300
3589,0,1,15356,3,984641,2292200
3590,0,0,15356,3,984641,2719000
3591,0,0,15356,3,984641,2324500
3592,0,1,15356,2,984642,2339800
3593,0,0,15356,2,984642,2300200
3594,0,0,15356,2,984642,2307200
3595,0,0,15356,2,984642,2290900
3596,0,0,15356,2,984642,2333500
3597,0,0,15356,2,984642,2291600
3598,0,0,15356,2,984642,2267300
3599,0,0,15356,2,984642,2250800
3600,0,2,15356,0,984644,2248600
