Tick,NewlyInfected,NewlyRecovered,TotalSusceptible,TotalInfected,TotalRecovered,StepTimeNanos
0,0,0,999995,5,0,2472400
1,3,0,999992,8,0,2364000
2,5,0,999987,13,0,2411300
3,1,1,999986,13,1,2916300
4,0,1,999986,12,2,2381200
5,5,0,999981,17,2,2273900
6,3,2,999978,18,4,2306200
7,4,0,999974,22,4,2307900
8,5,0,999969,27,4,2297900
9,5,1,999964,31,5,2327100
10,7,0,999957,38,5,2323600
11,8,1,999949,45,6,2301500
12,8,1,999941,52,7,2281000
13,5,3,999936,54,10,2265900
14,2,1,999934,55,11,2269700
15,10,1,999924,64,12,2279400
16,9,3,999915,70,15,3045600
17,9,3,999906,76,18,2372500
18,8,3,999898,81,21,2301300
19,10,2,999888,89,23,2297000
20,19,5,999869,103,28,2274700
21,11,4,999858,110,32,2309100
22,15,5,999843,120,37,2551100
23,18,11,999825,127,48,2527900
24,20,10,999805,137,58,2298300
25,14,8,999791,143,66,2299400
26,14,8,999777,149,74,2308000
27,17,8,999760,158,82,2306800
28,9,4,999751,163,86,2450200
29,12,8,999739,167,94,2436000
30,16,7,999723,176,101,2316800
31,21,6,999702,191,107,2294500
32,18,6,999684,203,113,2475500
33,20,13,999664,210,126,2427000
34,16,11,999648,215,137,2424800
35,20,20,999628,215,157,2385600
36,12,12,999616,215,169,2382400
37,16,6,999600,225,175,2398200
38,21,10,999579,236,185,2353300
39,21,10,999558,247,195,2364400
40,22,16,999536,253,211,2345800
41,22,12,999514,263,223,2334500
42,19,10,999495,272,233,2340800
43,27,15,999468,284,248,2399000
44,22,11,999446,295,259,2415500
45,19,13,999427,301,272,2486800
46,21,12,999406,310,284,2379600
47,20,22,999386,308,306,2330400
48,24,14,999362,318,320,2322800
49,22,15,999340,325,335,2286700
50,23,20,999317,328,355,2463700
51,24,17,999293,335,372,2544700
52,29,23,999264,341,395,2358900
53,21,15,999243,347,410,2336900
54,24,19,999219,352,429,2320800
55,24,18,999195,358,447,2317300
56,30,16,999165,372,463,2313400
57,19,13,999146,378,476,2304300
58,21,17,999125,382,493,2365900
59,31,21,999094,392,514,2414000
60,25,18,999069,399,532,2458600
61,26,20,999043,405,552,2406600
62,30,23,999013,412,575,2392300
63,35,25,998978,422,600,2383700
64,39,25,998939,436,625,2456300
65,34,22,998905,448,647,2479100
66,33,15,998872,466,662,2354900
67,36,21,998836,481,683,2419200
68,30,24,998806,487,707,2467200
69,35,24,998771,498,731,2479700
70,45,22,998726,521,753,2411800
71,37,23,998689,535,776,2436500
72,31,24,998658,542,800,2356000
73,33,29,998625,546,829,2361300
74,36,33,998589,549,862,2322300
75,40,26,998549,563,888,2305300
76,38,29,998511,572,917,2327000
77,42,26,998469,588,943,2433400
78,49,38,998420,599,981,2775500
79,38,29,998382,608,1010,2414300
80,52,39,998330,621,1049,2365400
81,41,31,998289,631,1080,2369200
82,47,28,998242,650,1108,2347700
83,47,26,998195,671,1134,2549400
84,46,27,998149,690,1161,2723100
85,40,30,998109,700,1191,2475500
86,46,29,998063,717,1220,2406400
87,55,49,998008,723,1269,2457800
88,46,31,997962,738,1300,2384500
89,58,44,997904,752,1344,2414600
90,50,42,997854,760,1386,2443500
91,50,33,997804,777,1419,2433000
92,50,40,997754,787,1459,2426000
93,57,40,997697,804,1499,2452700
94,52,33,997645,823,1532,2470900
95,62,47,997583,838,1579,2410900
96,48,41,997535,845,1620,2435900
97,58,45,997477,858,1665,2422000
98,53,33,997424,878,1698,2388100
99,59,41,997365,896,1739,2448700
100,57,38,997308,915,1777,2369500
101,53,46,997255,922,1823,2425700
102,70,51,997185,941,1874,2379200
103,56,37,997129,960,1911,2397400
104,66,52,997063,974,1963,2439900
105,58,47,997005,985,2010,2435900
106,56,50,996949,991,2060,2450300
107,62,44,996887,1009,2104,2441600
108,52,46,996835,1015,2150,2458800
109,55,40,996780,1030,2190,2421900
110,64,55,996716,1039,2245,2505800
111,77,59,996639,1057,2304,2426700
112,49,56,996590,1050,2360,2455600
113,58,51,996532,1057,2411,2418400
114,49,49,996483,1057,2460,2450900
115,66,60,996417,1063,2520,2475000
116,60,57,996357,1066,2577,2765300
117,58,53,996299,1071,2630,2501800
118,64,60,996235,1075,2690,2460200
119,72,50,996163,1097,2740,2431900
120,69,54,996094,1112,2794,2412900
121,78,53,996016,1137,2847,2452100
122,71,45,995945,1163,2892,2722700
123,65,60,995880,1168,2952,2568600
124,59,42,995821,1185,2994,2430400
125,90,56,995731,1219,3050,2410500
126,72,65,995659,1226,3115,2433600
127,80,53,995579,1253,3168,2381600
128,75,56,995504,1272,3224,2408200
129,69,43,995435,1298,3267,2447600
130,74,53,995361,1319,3320,2470500
131,64,64,995297,1319,3384,2473300
132,84,75,995213,1328,3459,2439700
133,84,69,995129,1343,3528,2468900
134,80,70,995049,1353,3598,2463600
135,86,63,994963,1376,3661,2519900
136,82,74,994881,1384,3735,2499200
137,70,73,994811,1381,3808,2488300
138,100,63,994711,1418,3871,2723000
139,86,61,994625,1443,3932,2550900
140,74,79,994551,1438,4011,2550300
141,87,57,994464,1468,4068,2556200
142,77,79,994387,1466,4147,2494200
143,69,81,994318,1454,4228,2502900
144,91,70,994227,1475,4298,2465800
145,91,64,994136,1502,4362,2465400
146,79,80,994057,1501,4442,2942700
147,81,74,993976,1508,4516,2615700
148,94,88,993882,1514,4604,2524200
149,84,76,993798,1522,4680,2606500
150,103,79,993695,1546,4759,2495900
151,86,101,993609,1531,4860,2471400
152,90,65,993519,1556,4925,2466400
153,85,65,993434,1576,4990,2505100
154,103,76,993331,1603,5066,2487200
155,95,83,993236,1615,5149,2465800
156,78,91,993158,1602,5240,2452800
157,100,67,993058,1635,5307,2444600
158,90,86,992968,1639,5393,2437600
159,87,74,992881,1652,5467,2573200
160,101,76,992780,1677,5543,2554900
161,87,77,992693,1687,5620,2489000
162,102,58,992591,1731,5678,2608200
163,108,81,992483,1758,5759,2647700
164,103,107,992380,1754,5866,2590700
165,93,81,992287,1766,5947,2750700
166,80,79,992207,1767,6026,2843800
167,99,96,992108,1770,6122,6806500
168,91,88,992017,1773,6210,7188000
169,100,99,991917,1774,6309,3646800
170,105,90,991812,1789,6399,3543000
171,115,91,991697,1813,6490,4614400
172,107,84,991590,1836,6574,3644000
173,101,95,991489,1842,6669,3268900
174,103,91,991386,1854,6760,2785900
175,117,110,991269,1861,6870,2650700
176,114,91,991155,1884,6961,2797600
177,105,98,991050,1891,7059,2653500
178,106,92,990944,1905,7151,2682200
179,103,92,990841,1916,7243,2650200
180,120,94,990721,1942,7337,2503100
181,118,84,990603,1976,7421,3352100
182,131,96,990472,2011,7517,3014100
183,123,120,990349,2014,7637,3547800
184,132,94,990217,2052,7731,3592400
185,123,92,990094,2083,7823,3475200
186,110,101,989984,2092,7924,3650100
187,115,93,989869,2114,8017,3101400
188,110,132,989759,2092,8149,3245700
189,118,122,989641,2088,8271,3093000
190,118,110,989523,2096,8381,3077000
191,126,114,989397,2108,8495,3207300
192,137,105,989260,2140,8600,2863200
193,132,97,989128,2175,8697,2874800
194,112,113,989016,2174,8810,2791600
195,124,132,988892,2166,8942,2418000
196,132,98,988760,2200,9040,2426300
197,130,126,988630,2204,9166,2393800
198,107,111,988523,2200,9277,2377000
199,131,107,988392,2224,9384,2459200
200,122,115,988270,2231,9499,2418900
201,127,88,988143,2270,9587,2443500
202,128,125,988015,2273,9712,2413300
203,134,125,987881,2282,9837,2396800
204,121,109,987760,2294,9946,2379900
205,104,99,987656,2299,10045,2548700
206,130,130,987526,2299,10175,2565000
207,120,116,987406,2303,10291,2737100
208,142,108,987264,2337,10399,2440500
209,117,130,987147,2324,10529,2611500
210,107,115,987040,2316,10644,2460600
211,125,109,986915,2332,10753,2425700
212,102,116,986813,2318,10869,2852600
213,130,118,986683,2330,10987,2445500
214,130,107,986553,2353,11094,2495000
215,109,117,986444,2345,11211,2409000
216,109,122,986335,2332,11333,2400600
217,128,111,986207,2349,11444,2380200
218,128,123,986079,2354,11567,2395200
219,127,113,985952,2368,11680,2373900
220,132,103,985820,2397,11783,2582300
221,127,104,985693,2420,11887,2391800
222,111,120,985582,2411,12007,2373300
223,122,121,985460,2412,12128,2426500
224,102,124,985358,2390,12252,2762600
225,123,120,985235,2393,12372,2681300
226,135,112,985100,2416,12484,2382000
227,111,115,984989,2412,12599,2339400
228,106,132,984883,2386,12731,2351800
229,113,121,984770,2378,12852,2354900
230,110,114,984660,2374,12966,2378300
231,130,118,984530,2386,13084,2424300
232,111,124,984419,2373,13208,2402300
233,115,107,984304,2381,13315,2877200
234,109,114,984195,2376,13429,2451200
235,121,93,984074,2404,13522,2393500
236,106,123,983968,2387,13645,2458100
237,151,121,983817,2417,13766,2600600
238,121,129,983696,2409,13895,2457200
239,124,112,983572,2421,14007,2435600
240,128,134,983444,2415,14141,2402400
241,127,109,983317,2433,14250,2387000
242,111,115,983206,2429,14365,2425300
243,139,121,983067,2447,14486,2395800
244,142,120,982925,2469,14606,2390100
245,138,125,982787,2482,14731,2377500
246,120,105,982667,2497,14836,2394500
247,142,124,982525,2515,14960,2371400
248,129,109,982396,2535,15069,2368100
249,132,162,982264,2505,15231,2397300
250,132,143,982132,2494,15374,2508100
251,128,123,982004,2499,15497,2443200
252,129,128,981875,2500,15625,2410000
253,135,121,981740,2514,15746,2410100
254,123,108,981617,2529,15854,2392400
255,125,130,981492,2524,15984,2396200
256,149,124,981343,2549,16108,2432000
257,117,121,981226,2545,16229,2406300
258,145,109,981081,2581,16338,2379400
259,136,135,980945,2582,16473,2372700
260,144,130,980801,2596,16603,2377700
261,144,108,980657,2632,16711,2379500
262,134,147,980523,2619,16858,2733100
263,141,138,980382,2622,16996,2629800
264,136,151,980246,2607,17147,2495400
265,124,160,980122,2571,17307,2451500
266,141,119,979981,2593,17426,2444500
267,138,136,979843,2595,17562,2401400
268,138,133,979705,2600,17695,2402100
269,145,134,979560,2611,17829,2434400
270,128,146,979432,2593,17975,2384300
271,160,131,979272,2622,18106,2394400
272,145,125,979127,2642,18231,2391900
273,162,143,978965,2661,18374,2396300
274,132,144,978833,2649,18518,2378100
275,145,120,978688,2674,18638,2431800
276,124,136,978564,2662,18774,2476300
277,131,133,978433,2660,18907,2440200
278,128,134,978305,2654,19041,2424100
279,127,138,978178,2643,19179,2401600
280,128,133,978050,2638,19312,2408600
281,134,141,977916,2631,19453,2401600
282,136,121,977780,2646,19574,2770400
283,148,143,977632,2651,19717,2422000
284,130,133,977502,2648,19850,2403000
285,142,162,977360,2628,20012,2401800
286,145,142,977215,2631,20154,2398200
287,144,119,977071,2656,20273,2400400
288,140,126,976931,2670,20399,2711800
289,146,137,976785,2679,20536,2638700
290,143,128,976642,2694,20664,2469600
291,149,126,976493,2717,20790,2485800
292,159,135,976334,2741,20925,2461900
293,165,149,976169,2757,21074,2527000
294,138,130,976031,2765,21204,2517400
295,158,131,975873,2792,21335,2592100
296,155,139,975718,2808,21474,2607400
297,159,155,975559,2812,21629,2694900
298,158,133,975401,2837,21762,2576900
299,167,148,975234,2856,21910,2585700
300,146,153,975088,2849,22063,2566300
301,143,140,974945,2852,22203,2656100
302,147,129,974798,2870,22332,2565500
303,152,122,974646,2900,22454,2558600
304,184,151,974462,2933,22605,2575000
305,161,128,974301,2966,22733,2649100
306,158,140,974143,2984,22873,2790200
307,161,138,973982,3007,23011,2733300
308,154,142,973828,3019,23153,2811100
309,159,161,973669,3017,23314,2594200
310,186,137,973483,3066,23451,2628100
311,147,152,973336,3061,23603,2562600
312,184,157,973152,3088,23760,3139800
313,155,177,972997,3066,23937,2547800
314,158,152,972839,3072,24089,2536500
315,182,142,972657,3112,24231,2525200
316,177,142,972480,3147,24373,2550600
317,152,170,972328,3129,24543,2574100
318,152,149,972176,3132,24692,2492600
319,172,183,972004,3121,24875,2566900
320,149,150,971855,3120,25025,2495800
321,158,168,971697,3110,25193,2548900
322,159,150,971538,3119,25343,2508700
323,151,157,971387,3113,25500,2555700
324,169,157,971218,3125,25657,2678800
325,132,163,971086,3094,25820,2523100
326,179,157,970907,3116,25977,2507400
327,164,172,970743,3108,26149,2550600
328,170,147,970573,3131,26296,2598200
329,176,142,970397,3165,26438,2557100
330,164,164,970233,3165,26602,2606600
331,147,150,970086,3162,26752,2565100
332,152,147,969934,3167,26899,2636600
333,148,132,969786,3183,27031,2578800
334,150,164,969636,3169,27195,2606900
335,168,155,969468,3182,27350,2805200
336,172,156,969296,3198,27506,3005900
337,141,163,969155,3176,27669,2616600
338,163,185,968992,3154,27854,2681800
339,150,161,968842,3143,28015,2684900
340,158,138,968684,3163,28153,2657800
341,161,161,968523,3163,28314,2611100
342,188,148,968335,3203,28462,2675500
343,168,172,968167,3199,28634,2624000
344,165,152,968002,3212,28786,2685400
345,149,154,967853,3207,28940,2637200
346,169,154,967684,3222,29094,2642200
347,166,155,967518,3233,29249,2643600
348,192,165,967326,3260,29414,2629300
349,199,176,967127,3283,29590,2610200
350,184,169,966943,3298,29759,2638600
351,171,171,966772,3298,29930,2588600
352,160,170,966612,3288,30100,2562800
353,192,157,966420,3323,30257,2995700
354,197,194,966223,3326,30451,2567500
355,186,164,966037,3348,30615,2589200
356,188,149,965849,3387,30764,2572900
357,195,169,965654,3413,30933,2678400
358,181,182,965473,3412,31115,2834600
359,198,159,965275,3451,31274,2816900
360,169,186,965106,3434,31460,2607500
361,183,157,964923,3460,31617,2607000
362,180,167,964743,3473,31784,2534400
363,202,176,964541,3499,31960,2563100
364,161,177,964380,3483,32137,2744300
365,171,179,964209,3475,32316,2764600
366,199,167,964010,3507,32483,2534700
367,213,155,963797,3565,32638,2540000
368,222,205,963575,3582,32843,2502500
369,227,181,963348,3628,33024,2506700
370,193,167,963155,3654,33191,2638600
371,175,154,962980,3675,33345,2664200
372,186,192,962794,3669,33537,2534300
373,159,199,962635,3629,33736,2527700
374,189,185,962446,3633,33921,2476400
375,169,165,962277,3637,34086,2452100
376,183,183,962094,3637,34269,2532200
377,194,183,961900,3648,34452,2512200
378,192,194,961708,3646,34646,2530400
379,189,178,961519,3657,34824,2528700
380,197,187,961322,3667,35011,2495700
381,195,200,961127,3662,35211,2484300
382,188,176,960939,3674,35387,2484800
383,193,166,960746,3701,35553,2842800
384,208,181,960538,3728,35734,2504600
385,206,200,960332,3734,35934,2548500
386,200,198,960132,3736,36132,2527700
387,200,182,959932,3754,36314,2515600
388,202,182,959730,3774,36496,2474000
389,206,188,959524,3792,36684,2531900
390,202,202,959322,3792,36886,2522800
391,203,196,959119,3799,37082,2498600
392,214,195,958905,3818,37277,2473300
393,183,196,958722,3805,37473,2550600
394,200,195,958522,3810,37668,2523200
395,192,184,958330,3818,37852,2517200
396,205,185,958125,3838,38037,2558000
397,225,180,957900,3883,38217,2481500
398,194,196,957706,3881,38413,2486300
399,198,203,957508,3876,38616,2454100
400,201,185,957307,3892,38801,2468600
401,203,201,957104,3894,39002,2476000
402,192,199,956912,3887,39201,2515200
403,207,193,956705,3901,39394,2477400
404,184,189,956521,3896,39583,2462900
405,208,206,956313,3898,39789,2461700
406,200,202,956113,3896,39991,2454100
407,199,218,955914,3877,40209,2850800
408,184,200,955730,3861,40409,2710000
409,222,172,955508,3911,40581,2489500
410,191,185,955317,3917,40766,2459400
411,228,192,955089,3953,40958,2486800
412,210,210,954879,3953,41168,2459500
413,224,182,954655,3995,41350,2610300
414,200,209,954455,3986,41559,2649500
415,219,184,954236,4021,41743,2481200
416,227,199,954009,4049,41942,2475700
417,237,200,953772,4086,42142,2465400
418,215,203,953557,4098,42345,2453100
419,213,209,953344,4102,42554,2519600
420,243,204,953101,4141,42758,2561800
421,210,201,952891,4150,42959,2528900
422,219,220,952672,4149,43179,2501900
423,200,213,952472,4136,43392,2489700
424,213,211,952259,4138,43603,2485500
425,230,197,952029,4171,43800,2493100
426,212,221,951817,4162,44021,2534000
427,204,206,951613,4160,44227,2507700
428,205,207,951408,4158,44434,2498200
429,203,185,951205,4176,44619,2483200
430,226,203,950979,4199,44822,2475300
431,212,200,950767,4211,45022,2472600
432,219,207,950548,4223,45229,2806000
433,217,233,950331,4207,45462,2509000
434,206,189,950125,4224,45651,2473300
435,216,223,949909,4217,45874,2485200
436,222,201,949687,4238,46075,2506500
437,237,211,949450,4264,46286,2702700
438,217,220,949233,4261,46506,2501100
439,228,209,949005,4280,46715,2739100
440,225,214,948780,4291,46929,2733900
441,260,208,948520,4343,47137,2538700
442,233,228,948287,4348,47365,2652000
443,220,216,948067,4352,47581,3009200
444,224,199,947843,4377,47780,2986700
445,219,203,947624,4393,47983,2903800
446,227,234,947397,4386,48217,2740000
447,244,220,947153,4410,48437,2981900
448,220,243,946933,4387,48680,2902700
449,256,222,946677,4421,48902,2844100
450,257,230,946420,4448,49132,2680900
451,239,220,946181,4467,49352,2761800
452,244,226,945937,4485,49578,2775000
453,277,231,945660,4531,49809,2773600
454,245,232,945415,4544,50041,2635300
455,241,212,945174,4573,50253,2637500
456,225,237,944949,4561,50490,2565900
457,249,214,944700,4596,50704,2588800
458,255,219,944445,4632,50923,2519300
459,244,228,944201,4648,51151,2504600
460,238,224,943963,4662,51375,2613400
461,244,240,943719,4666,51615,2964700
462,235,249,943484,4652,51864,2539000
463,217,234,943267,4635,52098,2508800
464,266,255,943001,4646,52353,2517900
465,230,246,942771,4630,52599,2497600
466,242,217,942529,4655,52816,2507400
467,245,205,942284,4695,53021,2522900
468,231,201,942053,4725,53222,2532500
469,247,233,941806,4739,53455,2529100
470,238,227,941568,4750,53682,2596300
471,234,244,941334,4740,53926,2564500
472,239,232,941095,4747,54158,2543900
473,226,225,940869,4748,54383,2543200
474,251,248,940618,4751,54631,2526100
475,234,227,940384,4758,54858,2532600
476,236,226,940148,4768,55084,2495200
477,250,219,939898,4799,55303,2516500
478,242,243,939656,4798,55546,2497900
479,240,225,939416,4813,55771,2575500
480,240,232,939176,4821,56003,2514600
481,256,251,938920,4826,56254,2630500
482,230,254,938690,4802,56508,2662800
483,245,223,938445,4824,56731,2622000
484,237,237,938208,4824,56968,2587300
485,217,231,937991,4810,57199,2628600
486,232,239,937759,4803,57438,2565000
487,248,233,937511,4818,57671,2547700
488,249,224,937262,4843,57895,2526700
489,238,263,937024,4818,58158,2531900
490,235,265,936789,4788,58423,2524100
491,239,229,936550,4798,58652,3038000
492,247,246,936303,4799,58898,2716000
493,255,236,936048,4818,59134,3244800
494,260,226,935788,4852,59360,2740200
495,270,264,935518,4858,59624,2859600
496,231,244,935287,4845,59868,2791400
497,239,260,935048,4824,60128,2612200
498,242,228,934806,4838,60356,2551800
499,245,265,934561,4818,60621,2537600
500,245,255,934316,4808,60876,2575600
501,249,243,934067,4814,61119,2514700
502,256,246,933811,4824,61365,2577000
503,252,233,933559,4843,61598,2531400
504,239,239,933320,4843,61837,2539600
505,244,231,933076,4856,62068,2513000
506,224,268,932852,4812,62336,2529400
507,263,228,932589,4847,62564,2509600
508,229,260,932360,4816,62824,2517900
509,249,268,932111,4797,63092,2823500
510,200,246,931911,4751,63338,2521200
511,209,229,931702,4731,63567,2518600
512,244,253,931458,4722,63820,2512600
513,238,259,931220,4701,64079,2515300
514,238,250,930982,4689,64329,2508500
515,250,232,930732,4707,64561,2542400
516,238,239,930494,4706,64800,2507900
517,223,227,930271,4702,65027,2509600
518,222,231,930049,4693,65258,2554200
519,244,224,929805,4713,65482,2545300
520,222,236,929583,4699,65718,2567800
521,243,257,929340,4685,65975,2610100
522,239,239,929101,4685,66214,2605100
523,263,248,928838,4700,66462,2576800
524,235,237,928603,4698,66699,2561800
525,275,243,928328,4730,66942,2538200
526,236,224,928092,4742,67166,2549000
527,233,217,927859,4758,67383,2516900
528,259,254,927600,4763,67637,2540200
529,234,265,927366,4732,67902,2534100
530,245,247,927121,4730,68149,2540900
531,252,252,926869,4730,68401,2512300
532,252,279,926617,4703,68680,2518500
533,225,243,926392,4685,68923,2902300
534,238,228,926154,4695,69151,2538600
535,244,239,925910,4700,69390,2533700
536,231,261,925679,4670,69651,2528900
537,259,235,925420,4694,69886,2497800
538,220,240,925200,4674,70126,2502100
539,254,221,924946,4707,70347,2551900
540,242,233,924704,4716,70580,2520600
541,245,247,924459,4714,70827,2547400
542,269,238,924190,4745,71065,2511600
543,243,236,923947,4752,71301,2532600
544,243,248,923704,4747,71549,2507300
545,267,251,923437,4763,71800,2870200
546,281,199,923156,4845,71999,2892100
547,248,247,922908,4846,72246,2667200
548,243,220,922665,4869,72466,2580000
549,249,227,922416,4891,72693,2555700
550,235,248,922181,4878,72941,2602600
551,264,237,921917,4905,73178,2584800
552,261,246,921656,4920,73424,2542400
553,261,228,921395,4953,73652,2534600
554,268,236,921127,4985,73888,2536000
555,275,252,920852,5008,74140,2527300
556,269,256,920583,5021,74396,2555500
557,241,286,920342,4976,74682,2592200
558,282,265,920060,4993,74947,2679100
559,267,233,919793,5027,75180,2626200
560,275,251,919518,5051,75431,2613900
561,282,259,919236,5074,75690,2591500
562,281,230,918955,5125,75920,2625400
563,302,288,918653,5139,76208,2652300
564,296,286,918357,5149,76494,2646200
565,271,268,918086,5152,76762,2603000
566,301,235,917785,5218,76997,2604300
567,271,252,917514,5237,77249,2603800
568,298,264,917216,5271,77513,2614900
569,290,266,916926,5295,77779,2661400
570,287,272,916639,5310,78051,2634600
571,272,271,916367,5311,78322,2613200
572,303,282,916064,5332,78604,2672400
573,269,275,915795,5326,78879,2656200
574,273,268,915522,5331,79147,2671200
575,294,258,915228,5367,79405,2925700
576,296,229,914932,5434,79634,2807200
577,293,262,914639,5465,79896,2825200
578,274,263,914365,5476,80159,2819400
579,270,279,914095,5467,80438,2810200
580,297,269,913798,5495,80707,2765100
581,269,276,913529,5488,80983,2654200
582,253,257,913276,5484,81240,2605300
583,293,290,912983,5487,81530,2618500
584,268,279,912715,5476,81809,2575500
585,284,269,912431,5491,82078,2619900
586,295,271,912136,5515,82349,2680700
587,278,277,911858,5516,82626,2623500
588,277,285,911581,5508,82911,2632000
589,278,261,911303,5525,83172,2644700
590,274,266,911029,5533,83438,2617200
591,298,278,910731,5553,83716,2612100
592,282,287,910449,5548,84003,2709000
593,275,285,910174,5538,84288,2638100
594,281,261,909893,5558,84549,2627800
595,293,277,909600,5574,84826,2622300
596,296,290,909304,5580,85116,2668100
597,282,269,909022,5593,85385,2693000
598,279,292,908743,5580,85677,2687600
599,264,258,908479,5586,85935,2665900
600,272,320,908207,5538,86255,2654500
601,266,286,907941,5518,86541,2610600
602,280,277,907661,5521,86818,2684500
603,267,281,907394,5507,87099,2898400
604,262,269,907132,5500,87368,2987700
605,290,293,906842,5497,87661,2867000
606,255,303,906587,5449,87964,2760700
607,238,260,906349,5427,88224,2755400
608,258,255,906091,5430,88479,2716600
609,283,279,905808,5434,88758,3181700
610,239,283,905569,5390,89041,2657600
611,266,265,905303,5391,89306,2651100
612,257,253,905046,5395,89559,2633700
613,285,253,904761,5427,89812,2605500
614,254,292,904507,5389,90104,2654000
615,286,265,904221,5410,90369,2629300
616,266,274,903955,5402,90643,2624500
617,265,283,903690,5384,90926,2612200
618,292,284,903398,5392,91210,3143100
619,276,280,903122,5388,91490,2706400
620,272,294,902850,5366,91784,2750400
621,249,257,902601,5358,92041,3034700
622,287,235,902314,5410,92276,2643100
623,283,255,902031,5438,92531,2862000
624,241,267,901790,5412,92798,2615600
625,301,236,901489,5477,93034,2690900
626,270,304,901219,5443,93338,3154800
627,254,270,900965,5427,93608,2559600
628,279,269,900686,5437,93877,2546300
629,295,272,900391,5460,94149,2855300
630,288,277,900103,5471,94426,2690800
631,295,269,899808,5497,94695,2550200
632,298,291,899510,5504,94986,2718500
633,264,291,899246,5477,95277,2606200
634,281,294,898965,5464,95571,2600200
635,289,279,898676,5474,95850,2558800
636,287,249,898389,5512,96099,2570500
637,285,245,898104,5552,96344,2653500
638,314,276,897790,5590,96620,2944300
639,294,283,897496,5601,96903,2906400
640,296,298,897200,5599,97201,2952400
641,285,277,896915,5607,97478,3096900
642,309,250,896606,5666,97728,2667600
643,309,287,896297,5688,98015,2813300
644,304,300,895993,5692,98315,3088600
645,291,314,895702,5669,98629,3316600
646,321,287,895381,5703,98916,3491500
647,297,303,895084,5697,99219,2778100
648,321,272,894763,5746,99491,2718300
649,268,305,894495,5709,99796,2682600
650,306,295,894189,5720,100091,2654400
651,290,285,893899,5725,100376,2669100
652,275,268,893624,5732,100644,2617900
653,304,290,893320,5746,100934,2604100
654,256,268,893064,5734,101202,2783900
655,279,309,892785,5704,101511,2652500
656,263,274,892522,5693,101785,2610000
657,298,268,892224,5723,102053,2643200
658,287,278,891937,5732,102331,2579000
659,294,253,891643,5773,102584,2585500
660,271,283,891372,5761,102867,2609300
661,261,294,891111,5728,103161,2601500
662,315,300,890796,5743,103461,2586000
663,275,290,890521,5728,103751,2596000
664,280,282,890241,5726,104033,2581300
665,285,270,889956,5741,104303,3196900
666,297,272,889659,5766,104575,3071500
667,289,294,889370,5761,104869,2914100
668,301,263,889069,5799,105132,2810200
669,293,281,888776,5811,105413,2744000
670,292,313,888484,5790,105726,2703600
671,299,293,888185,5796,106019,2824500
672,344,278,887841,5862,106297,2729600
673,304,279,887537,5887,106576,2700700
674,324,305,887213,5906,106881,2648300
675,320,303,886893,5923,107184,2592600
676,313,289,886580,5947,107473,2663000
677,322,273,886258,5996,107746,2804900
678,315,314,885943,5997,108060,2655300
679,312,288,885631,6021,108348,2677900
680,313,305,885318,6029,108653,2636000
681,323,333,884995,6019,108986,2597400
682,303,286,884692,6036,109272,2641800
683,314,299,884378,6051,109571,2633800
684,316,291,884062,6076,109862,2623600
685,346,279,883716,6143,110141,2605100
686,324,317,883392,6150,110458,2588300
687,326,308,883066,6168,110766,2606300
688,297,314,882769,6151,111080,2776900
689,315,325,882454,6141,111405,2696000
690,332,308,882122,6165,111713,2703400
691,306,293,881816,6178,112006,2648500
692,331,277,881485,6232,112283,2617900
693,296,315,881189,6213,112598,2620400
694,306,308,880883,6211,112906,3082000
695,338,312,880545,6237,113218,2825200
696,319,324,880226,6232,113542,2772000
697,309,301,879917,6240,113843,2782200
698,323,319,879594,6244,114162,2713200
699,292,295,879302,6241,114457,2685100
700,302,347,879000,6196,114804,2654400
701,309,331,878691,6174,115135,2757500
702,318,305,878373,6187,115440,2666100
703,329,288,878044,6228,115728,2637200
704,309,331,877735,6206,116059,2641400
705,311,307,877424,6210,116366,2635900
706,307,339,877117,6178,116705,2627900
707,331,331,876786,6178,117036,2645100
708,326,290,876460,6214,117326,2597700
709,326,294,876134,6246,117620,2604300
710,300,312,875834,6234,117932,2602500
711,300,330,875534,6204,118262,2729400
712,305,344,875229,6165,118606,2685400
713,283,299,874946,6149,118905,2680500
714,334,289,874612,6194,119194,2617000
715,276,312,874336,6158,119506,2623000
716,311,297,874025,6172,119803,2758400
717,293,319,873732,6146,120122,2725500
718,327,306,873405,6167,120428,2672700
719,310,320,873095,6157,120748,2748300
720,282,298,872813,6141,121046,2742700
721,341,290,872472,6192,121336,2938600
722,323,349,872149,6166,121685,2974300
723,323,302,871826,6187,121987,2834100
724,328,330,871498,6185,122317,2766200
725,328,345,871170,6168,122662,2720400
726,329,325,870841,6172,122987,2698300
727,323,283,870518,6212,123270,2696900
728,288,308,870230,6192,123578,2649600
729,305,298,869925,6199,123876,2746000
730,334,308,869591,6225,124184,2902100
731,331,318,869260,6238,124502,2913900
732,323,308,868937,6253,124810,2902800
733,332,309,868605,6276,125119,3124700
734,353,347,868252,6282,125466,3179800
735,354,292,867898,6344,125758,2946000
736,327,297,867571,6374,126055,2946600
737,356,330,867215,6400,126385,2923700
738,311,327,866904,6384,126712,2924100
739,348,314,866556,6418,127026,3344600
740,310,293,866246,6435,127319,3279900
741,335,346,865911,6424,127665,2699200
742,298,317,865613,6405,127982,2756700
743,339,282,865274,6462,128264,2677000
744,339,310,864935,6491,128574,2684400
745,328,311,864607,6508,128885,2694900
746,338,318,864269,6528,129203,2661400
747,334,336,863935,6526,129539,2657800
748,335,345,863600,6516,129884,2852400
749,357,319,863243,6554,130203,3194400
750,333,326,862910,6561,130529,2949100
751,349,326,862561,6584,130855,2877000
752,322,361,862239,6545,131216,2802300
753,327,344,861912,6528,131560,2725400
754,319,290,861593,6557,131850,2706600
755,325,299,861268,6583,132149,3143400
756,340,338,860928,6585,132487,3570800
757,325,329,860603,6581,132816,3630400
758,363,323,860240,6621,133139,2777800
759,331,325,859909,6627,133464,2737900
760,334,326,859575,6635,133790,2787800
761,336,347,859239,6624,134137,2766000
762,318,347,858921,6595,134484,2743400
763,311,355,858610,6551,134839,2757300
764,328,327,858282,6552,135166,3031000
765,354,327,857928,6579,135493,2991900
766,319,296,857609,6602,135789,2905700
767,332,324,857277,6610,136113,2810500
768,338,300,856939,6648,136413,2772400
769,341,314,856598,6675,136727,2758000
770,317,360,856281,6632,137087,2736100
771,327,358,855954,6601,137445,2733800
772,331,314,855623,6618,137759,2708300
773,314,319,855309,6613,138078,2676000
774,325,314,854984,6624,138392,2648200
775,325,341,854659,6608,138733,2679800
776,362,343,854297,6627,139076,2631400
777,321,321,853976,6627,139397,3089900
778,339,359,853637,6607,139756,2632500
779,311,324,853326,6594,140080,2644700
780,320,325,853006,6589,140405,2649100
781,315,286,852691,6618,140691,2654200
782,327,353,852364,6592,141044,2636500
783,313,333,852051,6572,141377,2675300
784,344,328,851707,6588,141705,2635400
785,356,299,851351,6645,142004,2630400
786,334,337,851017,6642,142341,2776100
787,361,329,850656,6674,142670,2693300
788,320,335,850336,6659,143005,2702200
789,359,352,849977,6666,143357,2801300
790,355,332,849622,6689,143689,2775400
791,377,309,849245,6757,143998,2730200
792,352,343,848893,6766,144341,2712000
793,347,312,848546,6801,144653,2656200
794,368,314,848178,6855,144967,2719000
795,347,362,847831,6840,145329,2705500
796,338,350,847493,6828,145679,2676500
797,362,359,847131,6831,146038,2646700
798,361,344,846770,6848,146382,2666400
799,329,367,846441,6810,146749,2640100
800,345,327,846096,6828,147076,2736300
801,358,358,845738,6828,147434,2655100
802,319,331,845419,6816,147765,2702400
803,356,335,845063,6837,148100,2660900
804,377,322,844686,6892,148422,2639700
805,363,338,844323,6917,148760,2630300
806,390,358,843933,6949,149118,3015100
807,345,370,843588,6924,149488,2733100
808,351,348,843237,6927,149836,2726400
809,347,340,842890,6934,150176,2706000
810,331,371,842559,6894,150547,2712200
811,357,342,842202,6909,150889,2688200
812,351,368,841851,6892,151257,3251300
813,368,328,841483,6932,151585,3146400
814,366,339,841117,6959,151924,3341500
815,333,320,840784,6972,152244,3275000
816,369,381,840415,6960,152625,3320100
817,378,361,840037,6977,152986,2905200
818,392,305,839645,7064,153291,2791800
819,358,364,839287,7058,153655,3305800
820,349,364,838938,7043,154019,3400300
821,353,335,838585,7061,154354,3616800
822,328,325,838257,7064,154679,3551900
823,363,415,837894,7012,155094,3384400
824,324,365,837570,6971,155459,2849900
825,360,299,837210,7032,155758,2775400
826,355,356,836855,7031,156114,2801300
827,374,348,836481,7057,156462,2723700
828,381,334,836100,7104,156796,2743800
829,390,360,835710,7134,157156,2858900
830,383,348,835327,7169,157504,2950100
831,332,325,834995,7176,157829,3089800
832,340,374,834655,7142,158203,2944900
833,334,394,834321,7082,158597,2690600
834,358,362,833963,7078,158959,2661800
835,369,358,833594,7089,159317,2714900
836,352,311,833242,7130,159628,2745000
837,343,335,832899,7138,159963,3301600
838,363,342,832536,7159,160305,2744800
839,352,370,832184,7141,160675,2925700
840,365,348,831819,7158,161023,2652800
841,329,376,831490,7111,161399,2648900
842,346,367,831144,7090,161766,2805900
843,369,351,830775,7108,162117,2936100
844,363,346,830412,7125,162463,3228400
845,365,362,830047,7128,162825,2683900
846,355,348,829692,7135,163173,2708500
847,339,372,829353,7102,163545,2652600
848,362,333,828991,7131,163878,2732800
849,357,366,828634,7122,164244,2774500
850,348,366,828286,7104,164610,2712800
851,383,358,827903,7129,164968,2680200
852,370,387,827533,7112,165355,2668200
853,322,343,827211,7091,165698,2639500
854,366,326,826845,7131,166024,2734500
855,385,334,826460,7182,166358,2706300
856,350,408,826110,7124,166766,2668700
857,346,361,825764,7109,167127,2648800
858,356,350,825408,7115,167477,2663400
859,373,382,825035,7106,167859,2721900
860,372,380,824663,7098,168239,2880700
861,358,382,824305,7074,168621,2815300
862,366,358,823939,7082,168979,2754100
863,356,361,823583,7077,169340,2700200
864,350,345,823233,7082,169685,2691200
865,374,359,822859,7097,170044,3076600
866,377,365,822482,7109,170409,2819700
867,362,334,822120,7137,170743,2650600
868,362,329,821758,7170,171072,2724500
869,350,396,821408,7124,171468,2655800
870,371,352,821037,7143,171820,2654500
871,351,353,820686,7141,172173,2858200
872,393,368,820293,7166,172541,2769400
873,344,377,819949,7133,172918,2706200
874,387,336,819562,7184,173254,2680100
875,382,336,819180,7230,173590,2682100
876,376,370,818804,7236,173960,2686100
877,351,334,818453,7253,174294,2998900
878,385,408,818068,7230,174702,2730300
879,365,368,817703,7227,175070,2728800
880,357,381,817346,7203,175451,2676600
881,382,408,816964,7177,175859,2644700
882,375,345,816589,7207,176204,2801100
883,367,365,816222,7209,176569,3178600
884,377,352,815845,7234,176921,3532600
885,373,392,815472,7215,177313,2991700
886,342,341,815130,7216,177654,2941000
887,393,365,814737,7244,178019,3426600
888,384,347,814353,7281,178366,3344100
889,351,372,814002,7260,178738,2785900
890,342,360,813660,7242,179098,2747300
891,393,374,813267,7261,179472,2738300
892,371,347,812896,7285,179819,2702300
893,356,385,812540,7256,180204,2739800
894,397,355,812143,7298,180559,2678000
895,395,386,811748,7307,180945,2693500
896,402,380,811346,7329,181325,2664000
897,382,356,810964,7355,181681,2698100
898,390,362,810574,7383,182043,2656200
899,382,391,810192,7374,182434,2698600
900,393,348,809799,7419,182782,2681300
901,394,384,809405,7429,183166,2673600
902,371,368,809034,7432,183534,2646000
903,399,400,808635,7431,183934,2681400
904,391,368,808244,7454,184302,2940600
905,401,376,807843,7479,184678,3233000
906,386,382,807457,7483,185060,2715000
907,369,384,807088,7468,185444,2821800
908,376,382,806712,7462,185826,2705400
909,394,373,806318,7483,186199,2711400
910,380,407,805938,7456,186606,3371500
911,392,382,805546,7466,186988,2772900
912,398,377,805148,7487,187365,2673200
913,381,402,804767,7466,187767,2717500
914,395,351,804372,7510,188118,2682600
915,400,353,803972,7557,188471,2722800
916,389,374,803583,7572,188845,2800900
917,375,376,803208,7571,189221,2878400
918,400,396,802808,7575,189617,3068300
919,380,366,802428,7589,189983,2897700
920,374,372,802054,7591,190355,2886800
921,374,388,801680,7577,190743,2943700
922,410,362,801270,7625,191105,2798700
923,393,402,800877,7616,191507,2758900
924,396,357,800481,7655,191864,2765600
925,382,376,800099,7661,192240,2749000
926,413,392,799686,7682,192632,3017000
927,404,414,799282,7672,193046,2812700
928,397,378,798885,7691,193424,2695600
929,380,423,798505,7648,193847,2729400
930,377,393,798128,7632,194240,2760400
931,404,375,797724,7661,194615,2731500
932,403,354,797321,7710,194969,2813600
933,408,367,796913,7751,195336,2699500
934,436,361,796477,7826,195697,2687300
935,425,410,796052,7841,196107,2732100
936,442,395,795610,7888,196502,2677200
937,403,409,795207,7882,196911,2726700
938,387,382,794820,7887,197293,2741600
939,381,387,794439,7881,197680,2727700
940,383,384,794056,7880,198064,3024800
941,413,389,793643,7904,198453,2760300
942,386,403,793257,7887,198856,2775400
943,403,403,792854,7887,199259,3196700
944,397,378,792457,7906,199637,2682800
945,406,383,792051,7929,200020,2770300
946,396,374,791655,7951,200394,2706800
947,357,376,791298,7932,200770,2692500
948,416,385,790882,7963,201155,2673500
949,355,413,790527,7905,201568,2791100
950,344,392,790183,7857,201960,2733300
951,381,396,789802,7842,202356,2726000
952,405,369,789397,7878,202725,2681400
953,357,412,789040,7823,203137,2759800
954,386,365,788654,7844,203502,2810900
955,427,370,788227,7901,203872,2770700
956,388,380,787839,7909,204252,2787900
957,404,414,787435,7899,204666,2746200
958,403,374,787032,7928,205040,2702900
959,383,384,786649,7927,205424,2692700
960,407,373,786242,7961,205797,2757200
961,419,373,785823,8007,206170,2808800
962,400,388,785423,8019,206558,2785600
963,419,397,785004,8041,206955,2750100
964,398,422,784606,8017,207377,2738500
965,399,390,784207,8026,207767,2709000
966,398,383,783809,8041,208150,2774000
967,353,374,783456,8020,208524,2757500
968,420,398,783036,8042,208922,2717100
969,395,387,782641,8050,209309,2691500
970,406,400,782235,8056,209709,2681600
971,417,403,781818,8070,210112,2695000
972,437,398,781381,8109,210510,2714800
973,393,376,780988,8126,210886,2750600
974,396,427,780592,8095,211313,2709000
975,411,431,780181,8075,211744,2967600
976,409,379,779772,8105,212123,2997400
977,353,414,779419,8044,212537,3384800
978,389,392,779030,8041,212929,3007100
979,406,390,778624,8057,213319,2927900
980,373,391,778251,8039,213710,2915700
981,405,417,777846,8027,214127,2860500
982,413,417,777433,8023,214544,2920700
983,389,376,777044,8036,214920,2930000
984,369,363,776675,8042,215283,2880400
985,360,400,776315,8002,215683,2825000
986,398,413,775917,7987,216096,2808000
987,407,399,775510,7995,216495,2809400
988,387,393,775123,7989,216888,2847000
989,419,408,774704,8000,217296,2802600
990,369,387,774335,7982,217683,2787500
991,422,371,773913,8033,218054,2758600
992,370,401,773543,8002,218455,2928100
993,388,373,773155,8017,218828,3084600
994,367,381,772788,8003,219209,2967900
995,352,385,772436,7970,219594,2948000
996,358,367,772078,7961,219961,2931900
997,374,374,771704,7961,220335,2863100
998,399,384,771305,7976,220719,2927200
999,373,407,770932,7942,221126,2872600
1000,338,412,770594,7868,221538,2985600
1001,363,411,770231,7820,221949,2977900
1002,358,364,769873,7814,222313,2921100
1003,393,416,769480,7791,222729,2895400
1004,369,416,769111,7744,223145,2924800
1005,357,373,768754,7728,223518,2843900
1006,381,375,768373,7734,223893,2828800
1007,355,400,768018,7689,224293,2805900
1008,376,382,767642,7683,224675,2779900
1009,359,409,767283,7633,225084,2919000
1010,362,381,766921,7614,225465,2849400
1011,357,399,766564,7572,225864,2801600
1012,352,384,766212,7540,226248,2771600
1013,357,364,765855,7533,226612,2795300
1014,367,369,765488,7531,226981,2800500
1015,353,356,765135,7528,227337,2810100
1016,346,357,764789,7517,227694,2786900
1017,365,377,764424,7505,228071,2774900
1018,361,383,764063,7483,228454,2737500
1019,370,372,763693,7481,228826,2801200
1020,349,369,763344,7461,229195,2799400
1021,370,371,762974,7460,229566,2784800
1022,341,349,762633,7452,229915,2779400
1023,319,374,762314,7397,230289,2802300
1024,354,380,761960,7371,230669,2825500
1025,319,387,761641,7303,231056,2871000
1026,329,391,761312,7241,231447,2876900
1027,351,372,760961,7220,231819,3047400
1028,373,344,760588,7249,232163,2998100
1029,314,336,760274,7227,232499,2913000
1030,356,360,759918,7223,232859,2907900
1031,346,377,759572,7192,233236,3686300
1032,347,354,759225,7185,233590,2953300
1033,348,371,758877,7162,233961,3087800
1034,338,361,758539,7139,234322,2692200
1035,306,348,758233,7097,234670,2740700
1036,325,422,757908,7000,235092,2840200
1037,318,359,757590,6959,235451,2712500
1038,319,315,757271,6963,235766,2706300
1039,343,356,756928,6950,236122,2667000
1040,302,303,756626,6949,236425,2660200
1041,356,322,756270,6983,236747,2659500
1042,340,349,755930,6974,237096,3236400
1043,338,322,755592,6990,237418,2746100
1044,357,326,755235,7021,237744,2738000
1045,362,349,754873,7034,238093,2670500
1046,349,343,754524,7040,238436,2697400
1047,378,331,754146,7087,238767,2780300
1048,363,359,753783,7091,239126,2957400
1049,362,355,753421,7098,239481,2838200
1050,361,339,753060,7120,239820,2859200
1051,310,366,752750,7064,240186,2837900
1052,355,370,752395,7049,240556,2796400
1053,315,396,752080,6968,240952,2753400
1054,364,310,751716,7022,241262,2713000
1055,356,365,751360,7013,241627,2696500
1056,339,314,751021,7038,241941,2717000
1057,371,343,750650,7066,242284,2678000
1058,369,338,750281,7097,242622,2743700
1059,401,365,749880,7133,242987,2886900
1060,367,356,749513,7144,243343,2986700
1061,349,350,749164,7143,243693,2889500
1062,370,369,748794,7144,244062,2843300
1063,412,388,748382,7168,244450,3014600
1064,322,340,748060,7150,244790,3257100
1065,346,338,747714,7158,245128,2721200
1066,370,355,747344,7173,245483,2722200
1067,358,353,746986,7178,245836,2677000
1068,397,342,746589,7233,246178,2671500
1069,342,362,746247,7213,246540,3036100
1070,364,385,745883,7192,246925,2728500
1071,356,359,745527,7189,247284,2770500
1072,358,355,745169,7192,247639,2752600
1073,339,355,744830,7176,247994,2708200
1074,318,341,744512,7153,248335,2689900
1075,330,370,744182,7113,248705,2732000
1076,327,337,743855,7103,249042,2784500
1077,333,349,743522,7087,249391,2769400
1078,348,361,743174,7074,249752,2709700
1079,309,324,742865,7059,250076,2686600
1080,322,353,742543,7028,250429,2744900
1081,344,350,742199,7022,250779,2704400
1082,339,373,741860,6988,251152,2691000
1083,299,337,741561,6950,251489,2655700
1084,353,341,741208,6962,251830,2682100
1085,326,368,740882,6920,252198,2641700
1086,339,337,740543,6922,252535,3189300
1087,318,316,740225,6924,252851,2702700
1088,321,375,739904,6870,253226,2713700
1089,324,367,739580,6827,253593,2670000
1090,331,308,739249,6850,253901,2667500
1091,337,343,738912,6844,254244,2686800
1092,345,360,738567,6829,254604,2866300
1093,306,344,738261,6791,254948,3055400
1094,334,334,737927,6791,255282,2916000
1095,307,341,737620,6757,255623,2853400
1096,329,371,737291,6715,255994,2795800
1097,341,375,736950,6681,256369,2792000
1098,324,338,736626,6667,256707,2787900
1099,347,315,736279,6699,257022,2782600
1100,345,341,735934,6703,257363,2758700
1101,332,354,735602,6681,257717,2764900
1102,329,329,735273,6681,258046,2769600
1103,295,327,734978,6649,258373,2781500
1104,313,330,734665,6632,258703,2752900
1105,320,342,734345,6610,259045,2719800
1106,296,329,734049,6577,259374,2681500
1107,295,341,733754,6531,259715,2632600
1108,318,306,733436,6543,260021,3029900
1109,310,346,733126,6507,260367,2643300
1110,329,327,732797,6509,260694,2704000
1111,295,316,732502,6488,261010,2637100
1112,310,332,732192,6466,261342,2634100
1113,341,335,731851,6472,261677,2653300
1114,362,327,731489,6507,262004,2773800
1115,291,350,731198,6448,262354,2760700
1116,324,320,730874,6452,262674,2880800
1117,295,320,730579,6427,262994,2765100
1118,316,341,730263,6402,263335,2827900
1119,343,314,729920,6431,263649,3041200
1120,339,320,729581,6450,263969,3287200
1121,321,343,729260,6428,264312,2975900
1122,314,336,728946,6406,264648,2855600
1123,340,306,728606,6440,264954,2808500
1124,304,306,728302,6438,265260,2811400
1125,310,310,727992,6438,265570,2733300
1126,306,308,727686,6436,265878,2744200
1127,329,366,727357,6399,266244,2699200
1128,312,340,727045,6371,266584,2665300
1129,343,323,726702,6391,266907,2815500
1130,324,312,726378,6403,267219,3228800
1131,328,309,726050,6422,267528,2638800
1132,339,300,725711,6461,267828,2663200
1133,331,311,725380,6481,268139,2630100
1134,324,320,725056,6485,268459,2640500
1135,325,361,724731,6449,268820,3040500
1136,307,343,724424,6413,269163,3078100
1137,287,345,724137,6355,269508,2889800
1138,290,318,723847,6327,269826,2668700
1139,309,277,723538,6359,270103,2664700
1140,284,311,723254,6332,270414,2632800
1141,298,313,722956,6317,270727,2764900
1142,306,300,722650,6323,271027,2715600
1143,333,318,722317,6338,271345,2768300
1144,308,296,722009,6350,271641,2688400
1145,326,324,721683,6352,271965,2669500
1146,289,333,721394,6308,272298,2858600
1147,310,314,721084,6304,272612,2669800
1148,336,340,720748,6300,272952,2669400
1149,324,291,720424,6333,273243,2773200
1150,310,310,720114,6333,273553,2685800
1151,326,332,719788,6327,273885,2710600
1152,307,311,719481,6323,274196,2982600
1153,326,332,719155,6317,274528,2942300
1154,282,333,718873,6266,274861,2839100
1155,313,310,718560,6269,275171,2799000
1156,319,281,718241,6307,275452,2748500
1157,332,308,717909,6331,275760,2721600
1158,327,354,717582,6304,276114,2787400
1159,289,316,717293,6277,276430,2938600
1160,337,317,716956,6297,276747,2707800
1161,317,335,716639,6279,277082,2692500
1162,335,322,716304,6292,277404,2706000
1163,299,319,716005,6272,277723,2694600
1164,306,299,715699,6279,278022,3518500
1165,322,331,715377,6270,278353,2675600
1166,327,327,715050,6270,278680,2770800
1167,298,302,714752,6266,278982,2787700
1168,324,315,714428,6275,279297,2698300
1169,314,310,714114,6279,279607,3358700
1170,326,312,713788,6293,279919,2976700
1171,309,302,713479,6300,280221,2812400
1172,323,331,713156,6292,280552,2808300
1173,314,305,712842,6301,280857,2757700
1174,324,315,712518,6310,281172,2877500
1175,356,340,712162,6326,281512,3010500
1176,308,315,711854,6319,281827,2797600
1177,317,322,711537,6314,282149,3186200
1178,310,319,711227,6305,282468,2878000
1179,330,303,710897,6332,282771,2818600
1180,314,327,710583,6319,283098,2964300
1181,313,312,710270,6320,283410,3429500
1182,317,322,709953,6315,283732,2825800
1183,326,315,709627,6326,284047,2829800
1184,317,306,709310,6337,284353,2786200
1185,309,330,709001,6316,284683,2749900
1186,345,301,708656,6360,284984,2710600
1187,346,332,708310,6374,285316,2755100
1188,359,347,707951,6386,285663,2780600
1189,331,298,707620,6419,285961,2798300
1190,342,304,707278,6457,286265,2855300
1191,307,283,706971,6481,286548,3343600
1192,349,349,706622,6481,286897,2689800
1193,339,316,706283,6504,287213,2669800
1194,322,322,705961,6504,287535,2668600
1195,337,305,705624,6536,287840,2654400
1196,338,328,705286,6546,288168,2670600
1197,344,341,704942,6549,288509,2703900
1198,330,337,704612,6542,288846,2696700
1199,343,334,704269,6551,289180,2664800
1200,354,310,703915,6595,289490,2647400
1201,317,357,703598,6555,289847,2681800
1202,336,319,703262,6572,290166,2704800
1203,338,340,702924,6570,290506,2655300
1204,345,333,702579,6582,290839,2633100
1205,339,337,702240,6584,291176,2653500
1206,323,321,701917,6586,291497,2663700
1207,343,332,701574,6597,291829,2627600
1208,332,327,701242,6602,292156,2708300
1209,351,304,700891,6649,292460,2670200
1210,323,332,700568,6640,292792,2656400
1211,342,321,700226,6661,293113,2642200
1212,332,312,699894,6681,293425,2657400
1213,341,349,699553,6673,293774,2662300
1214,355,331,699198,6697,294105,2785200
1215,361,335,698837,6723,294440,2841400
1216,313,345,698524,6691,294785,2791300
1217,317,347,698207,6661,295132,2746900
1218,341,319,697866,6683,295451,2690600
1219,344,347,697522,6680,295798,2743400
1220,306,338,697216,6648,296136,2729500
1221,314,343,696902,6619,296479,2700300
1222,339,311,696563,6647,296790,2657900
1223,373,347,696190,6673,297137,2826400
1224,344,326,695846,6691,297463,3017400
1225,362,352,695484,6701,297815,3277300
1226,315,332,695169,6684,298147,3034500
1227,295,299,694874,6680,298446,2790800
1228,318,336,694556,6662,298782,2787800
1229,315,305,694241,6672,299087,2747500
1230,354,321,693887,6705,299408,2768400
1231,348,343,693539,6710,299751,2748600
1232,361,362,693178,6709,300113,2724600
1233,343,349,692835,6703,300462,2701600
1234,347,362,692488,6688,300824,2685100
1235,367,323,692121,6732,301147,2661500
1236,352,320,691769,6764,301467,2711800
1237,330,356,691439,6738,301823,2695300
1238,327,326,691112,6739,302149,2746200
1239,340,321,690772,6758,302470,2724700
1240,339,340,690433,6757,302810,2681900
1241,318,321,690115,6754,303131,2734800
1242,337,311,689778,6780,303442,2708200
1243,349,320,689429,6809,303762,2692400
1244,344,321,689085,6832,304083,2699800
1245,335,362,688750,6805,304445,2711000
1246,383,356,688367,6832,304801,2649400
1247,364,323,688003,6873,305124,2688600
1248,384,336,687619,6921,305460,2681200
1249,348,350,687271,6919,305810,2694500
1250,366,329,686905,6956,306139,2690000
1251,329,345,686576,6940,306484,2672000
1252,351,365,686225,6926,306849,2656400
1253,349,356,685876,6919,307205,2732700
1254,356,354,685520,6921,307559,2668800
1255,351,335,685169,6937,307894,2689500
1256,320,363,684849,6894,308257,2662900
1257,350,350,684499,6894,308607,2658200
1258,347,363,684152,6878,308970,2646600
1259,337,340,683815,6875,309310,3088000
1260,315,391,683500,6799,309701,2673300
1261,346,359,683154,6786,310060,2726100
1262,324,359,682830,6751,310419,2792700
1263,341,331,682489,6761,310750,2830700
1264,349,340,682140,6770,311090,2760700
1265,311,360,681829,6721,311450,2741200
1266,325,333,681504,6713,311783,2727500
1267,371,339,681133,6745,312122,2689800
1268,374,317,680759,6802,312439,2654800
1269,342,365,680417,6779,312804,2659800
1270,327,329,680090,6777,313133,2702700
1271,327,353,679763,6751,313486,2735600
1272,344,320,679419,6775,313806,2975300
1273,332,347,679087,6760,314153,2852200
1274,386,335,678701,6811,314488,2915200
1275,324,342,678377,6793,314830,2828400
1276,313,341,678064,6765,315171,2773500
1277,353,319,677711,6799,315490,2771500
1278,335,330,677376,6804,315820,2720200
1279,338,332,677038,6810,316152,2713600
1280,350,310,676688,6850,316462,2689200
1281,355,316,676333,6889,316778,2782800
1282,394,343,675939,6940,317121,2743700
1283,343,335,675596,6948,317456,2732900
1284,364,351,675232,6961,317807,2670600
1285,351,337,674881,6975,318144,2698600
1286,358,336,674523,6997,318480,2716500
1287,332,347,674191,6982,318827,2825200
1288,384,323,673807,7043,319150,2743900
1289,368,380,673439,7031,319530,2698000
1290,354,371,673085,7014,319901,2664600
1291,352,365,672733,7001,320266,2659000
1292,333,352,672400,6982,320618,2684100
1293,343,336,672057,6989,320954,2680100
1294,364,329,671693,7024,321283,2696200
1295,357,396,671336,6985,321679,2649300
1296,373,344,670963,7014,322023,2682700
1297,348,362,670615,7000,322385,2646500
1298,340,334,670275,7006,322719,2678900
1299,358,343,669917,7021,323062,2720400
1300,325,321,669592,7025,323383,2807100
1301,351,342,669241,7034,323725,2664100
1302,332,366,668909,7000,324091,2666600
1303,325,346,668584,6979,324437,2673600
1304,358,344,668226,6993,324781,2861900
1305,355,375,667871,6973,325156,2840200
1306,353,308,667518,7018,325464,2724300
1307,342,355,667176,7005,325819,2700200
1308,332,343,666844,6994,326162,2681500
1309,348,395,666496,6947,326557,2668100
1310,347,360,666149,6934,326917,2849900
1311,340,327,665809,6947,327244,2813500
1312,366,338,665443,6975,327582,2754800
1313,339,398,665104,6916,327980,2712000
1314,305,395,664799,6826,328375,2694900
1315,326,359,664473,6793,328734,2696700
1316,335,359,664138,6769,329093,2738100
1317,335,343,663803,6761,329436,2679400
1318,333,341,663470,6753,329777,2740600
1319,324,332,663146,6745,330109,2884500
1320,331,321,662815,6755,330430,2985100
1321,311,360,662504,6706,330790,2998800
1322,329,348,662175,6687,331138,2892800
1323,326,355,661849,6658,331493,2826000
1324,326,340,661523,6644,331833,2783000
1325,337,339,661186,6642,332172,2759200
1326,338,315,660848,6665,332487,2883400
1327,314,333,660534,6646,332820,3491100
1328,328,321,660206,6653,333141,2823500
1329,348,311,659858,6690,333452,2714900
1330,341,362,659517,6669,333814,2695500
1331,329,335,659188,6663,334149,2696600
1332,345,329,658843,6679,334478,2752200
1333,335,322,658508,6692,334800,2694600
1334,378,328,658130,6742,335128,2721300
1335,329,334,657801,6737,335462,2752900
1336,327,321,657474,6743,335783,2695200
1337,358,328,657116,6773,336111,2695200
1338,339,357,656777,6755,336468,2802700
1339,354,307,656423,6802,336775,2721300
1340,336,321,656087,6817,337096,2795600
1341,335,345,655752,6807,337441,2697000
1342,342,377,655410,6772,337818,2702700
1343,362,337,655048,6797,338155,2669900
1344,323,344,654725,6776,338499,2777900
1345,338,367,654387,6747,338866,2706800
1346,360,358,654027,6749,339224,2704100
1347,321,355,653706,6715,339579,2677000
1348,338,359,653368,6694,339938,2695200
1349,327,327,653041,6694,340265,2640700
1350,319,311,652722,6702,340576,2813600
1351,304,356,652418,6650,340932,2739700
1352,344,339,652074,6655,341271,2715100
1353,355,384,651719,6626,341655,2703200
1354,306,330,651413,6602,341985,2673100
1355,329,327,651084,6604,342312,2853300
1356,312,352,650772,6564,342664,2852200
1357,288,357,650484,6495,343021,2666600
1358,325,294,650159,6526,343315,2735500
1359,318,319,649841,6525,343634,2770800
1360,340,316,649501,6549,343950,2721400
1361,305,324,649196,6530,344274,2764800
1362,295,324,648901,6501,344598,2730500
1363,299,289,648602,6511,344887,2706900
1364,337,350,648265,6498,345237,2863500
1365,330,360,647935,6468,345597,3293800
1366,352,320,647583,6500,345917,2940400
1367,355,356,647228,6499,346273,3306600
1368,368,283,646860,6584,346556,2740500
1369,290,335,646570,6539,346891,2720900
1370,341,336,646229,6544,347227,2696800
1371,291,318,645938,6517,347545,2649500
1372,333,296,645605,6554,347841,2676600
1373,352,300,645253,6606,348141,2690400
1374,346,327,644907,6625,348468,2684000
1375,329,318,644578,6636,348786,2714000
1376,338,338,644240,6636,349124,2679700
1377,325,316,643915,6645,349440,2639000
1378,303,326,643612,6622,349766,3174700
1379,345,302,643267,6665,350068,3015000
1380,352,350,642915,6667,350418,2717300
1381,297,346,642618,6618,350764,2673800
1382,317,327,642301,6608,351091,2730000
1383,325,339,641976,6594,351430,2757400
1384,316,319,641660,6591,351749,3101800
1385,370,347,641290,6614,352096,2746500
1386,352,368,640938,6598,352464,2730200
1387,336,327,640602,6607,352791,2671300
1388,316,367,640286,6556,353158,2656600
1389,332,310,639954,6578,353468,2725500
1390,320,343,639634,6555,353811,2683100
1391,342,353,639292,6544,354164,2684900
1392,343,327,638949,6560,354491,2650900
1393,324,318,638625,6566,354809,2642700
1394,342,329,638283,6579,355138,2645500
1395,313,316,637970,6576,355454,2907700
1396,335,361,637635,6550,355815,2893200
1397,333,300,637302,6583,356115,2860600
1398,312,300,636990,6595,356415,2825200
1399,316,335,636674,6576,356750,2780200
1400,355,329,636319,6602,357079,2838600
1401,364,356,635955,6610,357435,2796100
1402,339,326,635616,6623,357761,2807000
1403,333,323,635283,6633,358084,2741600
1404,327,332,634956,6628,358416,2757900
1405,330,352,634626,6606,358768,2742600
1406,317,289,634309,6634,359057,3019500
1407,343,353,633966,6624,359410,3538100
1408,336,351,633630,6609,359761,2795600
1409,312,332,633318,6589,360093,2834000
1410,354,336,632964,6607,360429,2873200
1411,295,360,632669,6542,360789,3296800
1412,296,332,632373,6506,361121,3022200
1413,328,347,632045,6487,361468,2958100
1414,328,308,631717,6507,361776,2931200
1415,299,332,631418,6474,362108,2870600
1416,331,318,631087,6487,362426,2909700
1417,314,288,630773,6513,362714,2889000
1418,327,340,630446,6500,363054,2800900
1419,315,318,630131,6497,363372,2770400
1420,330,348,629801,6479,363720,2736800
1421,343,305,629458,6517,364025,2808400
1422,341,348,629117,6510,364373,2775300
1423,334,347,628783,6497,364720,2755300
1424,321,324,628462,6494,365044,2778200
1425,301,315,628161,6480,365359,2783700
1426,293,340,627868,6433,365699,2755100
1427,310,323,627558,6420,366022,2819200
1428,312,311,627246,6421,366333,2779900
1429,313,305,626933,6429,366638,2741000
1430,319,311,626614,6437,366949,2799100
1431,345,339,626269,6443,367288,2774500
1432,342,305,625927,6480,367593,2792900
1433,303,349,625624,6434,367942,2785600
1434,309,326,625315,6417,368268,2783600
1435,314,325,625001,6406,368593,2753500
1436,297,313,624704,6390,368906,2805100
1437,334,302,624370,6422,369208,2963200
1438,344,324,624026,6442,369532,3051800
1439,316,336,623710,6422,369868,2899300
1440,339,291,623371,6470,370159,2864000
1441,351,296,623020,6525,370455,2859400
1442,336,336,622684,6525,370791,2876000
1443,345,359,622339,6511,371150,2866800
1444,325,323,622014,6513,371473,2837700
1445,340,318,621674,6535,371791,2900200
1446,332,351,621342,6516,372142,2885200
1447,323,342,621019,6497,372484,2813900
1448,342,304,620677,6535,372788,2830400
1449,326,358,620351,6503,373146,2829500
1450,333,320,620018,6516,373466,2805600
1451,354,314,619664,6556,373780,2742900
1452,354,307,619310,6603,374087,2730300
1453,294,344,619016,6553,374431,2732600
1454,303,329,618713,6527,374760,2783700
1455,314,353,618399,6488,375113,2735300
1456,341,322,618058,6507,375435,2731800
1457,323,293,617735,6537,375728,2675200
1458,336,326,617399,6547,376054,2673200
1459,333,330,617066,6550,376384,2676200
1460,329,313,616737,6566,376697,2746400
1461,318,336,616419,6548,377033,2672900
1462,334,308,616085,6574,377341,2682000
1463,307,331,615778,6550,377672,2671500
1464,326,313,615452,6563,377985,2661700
1465,320,328,615132,6555,378313,2664100
1466,306,337,614826,6524,378650,2831700
1467,314,329,614512,6509,378979,2817600
1468,297,312,614215,6494,379291,2812300
1469,279,298,613936,6475,379589,2798000
1470,299,322,613637,6452,379911,2809300
1471,316,317,613321,6451,380228,2820800
1472,301,343,613020,6409,380571,2773700
1473,316,335,612704,6390,380906,2757600
1474,295,333,612409,6352,381239,2716900
1475,306,281,612103,6377,381520,2684800
1476,343,316,611760,6404,381836,2690200
1477,303,323,611457,6384,382159,3189800
1478,329,306,611128,6407,382465,3568600
1479,331,309,610797,6429,382774,2982400
1480,305,344,610492,6390,383118,3076400
1481,316,321,610176,6385,383439,2968900
1482,314,318,609862,6381,383757,2959400
1483,326,304,609536,6403,384061,2854000
1484,346,313,609190,6436,384374,2794100
1485,305,311,608885,6430,384685,2753400
1486,303,322,608582,6411,385007,2750000
1487,316,331,608266,6396,385338,2960300
1488,277,329,607989,6344,385667,3109500
1489,332,324,607657,6352,385991,2672900
1490,307,336,607350,6323,386327,2661200
1491,297,318,607053,6302,386645,2643800
1492,284,299,606769,6287,386944,2708500
1493,312,306,606457,6293,387250,2877100
1494,313,320,606144,6286,387570,2812000
1495,312,307,605832,6291,387877,2787900
1496,320,292,605512,6319,388169,2830200
1497,313,325,605199,6307,388494,2799200
1498,322,297,604877,6332,388791,2800600
1499,325,299,604552,6358,389090,2824000
1500,329,333,604223,6354,389423,2864600
1501,307,307,603916,6354,389730,2995900
1502,318,306,603598,6366,390036,3177600
1503,319,301,603279,6384,390337,2976000
1504,342,343,602937,6383,390680,2958900
1505,334,330,602603,6387,391010,2937800
1506,320,293,602283,6414,391303,2899000
1507,364,344,601919,6434,391647,2874400
1508,342,329,601577,6447,391976,2823700
1509,322,332,601255,6437,392308,3107600
1510,311,293,600944,6455,392601,2769300
1511,369,345,600575,6479,392946,2907700
1512,349,331,600226,6497,393277,2783200
1513,333,341,599893,6489,393618,2771100
1514,311,311,599582,6489,393929,2820400
1515,340,335,599242,6494,394264,2825700
1516,350,326,598892,6518,394590,3086900
1517,320,319,598572,6519,394909,2801600
1518,328,328,598244,6519,395237,2807900
1519,311,322,597933,6508,395559,2785800
1520,338,338,597595,6508,395897,2984200
1521,306,316,597289,6498,396213,2832900
1522,347,341,596942,6504,396554,2833300
1523,333,324,596609,6513,396878,2903900
1524,316,333,596293,6496,397211,2883400
1525,310,304,595983,6502,397515,3397600
1526,326,293,595657,6535,397808,3026400
1527,327,298,595330,6564,398106,2856000
1528,371,361,594959,6574,398467,2853900
1529,340,364,594619,6550,398831,2863800
1530,349,339,594270,6560,399170,3181700
1531,303,347,593967,6516,399517,2920000
1532,297,357,593670,6456,399874,2908600
1533,326,352,593344,6430,400226,2891300
1534,338,313,593006,6455,400539,3134700
1535,320,337,592686,6438,400876,3071800
1536,318,310,592368,6446,401186,2963500
1537,320,290,592048,6476,401476,3062400
1538,330,316,591718,6490,401792,3402500
1539,333,301,591385,6522,402093,3088100
1540,313,324,591072,6511,402417,2991700
1541,321,325,590751,6507,402742,3130100
1542,331,338,590420,6500,403080,2936900
1543,348,304,590072,6544,403384,2832500
1544,294,307,589778,6531,403691,2804300
1545,336,340,589442,6527,404031,2792400
1546,331,312,589111,6546,404343,2845400
1547,329,285,588782,6590,404628,2760200
1548,315,352,588467,6553,404980,2731700
1549,314,324,588153,6543,405304,2715800
1550,307,325,587846,6525,405629,2707400
1551,316,312,587530,6529,405941,2779500
1552,302,339,587228,6492,406280,2719400
1553,312,323,586916,6481,406603,2692300
1554,320,335,586596,6466,406938,2674000
1555,308,314,586288,6460,407252,2689300
1556,315,314,585973,6461,407566,2639100
1557,341,324,585632,6478,407890,2683200
1558,318,327,585314,6469,408217,2681800
1559,310,322,585004,6457,408539,2674700
1560,305,308,584699,6454,408847,2647400
1561,311,330,584388,6435,409177,2950000
1562,306,285,584082,6456,409462,2652300
1563,305,313,583777,6448,409775,2719100
1564,339,353,583438,6434,410128,2708000
1565,324,289,583114,6469,410417,2705100
1566,306,337,582808,6438,410754,2664500
1567,307,321,582501,6424,411075,2649800
1568,346,335,582155,6435,411410,2647900
1569,313,309,581842,6439,411719,2815600
1570,311,322,581531,6428,412041,2740900
1571,319,329,581212,6418,412370,2720700
1572,324,306,580888,6436,412676,2813900
1573,305,342,580583,6399,413018,3011100
1574,280,322,580303,6357,413340,3290500
1575,325,343,579978,6339,413683,3164700
1576,327,304,579651,6362,413987,2675500
1577,306,298,579345,6370,414285,2679600
1578,318,329,579027,6359,414614,2698400
1579,357,330,578670,6386,414944,2666100
1580,308,312,578362,6382,415256,2742300
1581,277,311,578085,6348,415567,2640900
1582,342,318,577743,6372,415885,2747100
1583,304,324,577439,6352,416209,2934100
1584,318,313,577121,6357,416522,2925000
1585,313,339,576808,6331,416861,3278300
1586,314,289,576494,6356,417150,2811900
1587,259,296,576235,6319,417446,2681400
1588,319,322,575916,6316,417768,2682800
1589,323,341,575593,6298,418109,2690600
1590,297,343,575296,6252,418452,2672500
1591,317,321,574979,6248,418773,3132400
1592,306,322,574673,6232,419095,3258600
1593,293,314,574380,6211,419409,3120800
1594,315,295,574065,6231,419704,2821200
1595,311,303,573754,6239,420007,2755100
1596,305,310,573449,6234,420317,3105200
1597,314,343,573135,6205,420660,3174000
1598,314,293,572821,6226,420953,2754000
1599,289,322,572532,6193,421275,2708900
1600,335,314,572197,6214,421589,2709900
1601,296,309,571901,6201,421898,3114700
1602,311,343,571590,6169,422241,3008100
1603,309,326,571281,6152,422567,2834900
1604,324,327,570957,6149,422894,2694500
1605,312,314,570645,6147,423208,2675600
1606,290,329,570355,6108,423537,2632100
1607,292,303,570063,6097,423840,2729200
1608,288,306,569775,6079,424146,2693900
1609,294,315,569481,6058,424461,2666400
1610,311,315,569170,6054,424776,2677400
1611,325,309,568845,6070,425085,2648400
1612,300,306,568545,6064,425391,2702500
1613,339,319,568206,6084,425710,3569600
1614,319,316,567887,6087,426026,2706800
1615,320,311,567567,6096,426337,2697900
1616,332,314,567235,6114,426651,2687000
1617,331,315,566904,6130,426966,2692500
1618,347,290,566557,6187,427256,3141800
1619,321,287,566236,6221,427543,3182300
1620,348,300,565888,6269,427843,2677000
1621,340,280,565548,6329,428123,2716100
1622,340,294,565208,6375,428417,2669900
1623,346,337,564862,6384,428754,2650500
1624,347,344,564515,6387,429098,2913600
1625,317,339,564198,6365,429437,3100800
1626,311,298,563887,6378,429735,2744600
1627,327,325,563560,6380,430060,2665900
1628,347,371,563213,6356,430431,2741400
1629,343,280,562870,6419,430711,3174000
1630,347,307,562523,6459,431018,2959900
1631,348,321,562175,6486,431339,2948600
1632,319,309,561856,6496,431648,2929700
1633,330,292,561526,6534,431940,2951600
1634,311,328,561215,6517,432268,2845500
1635,343,313,560872,6547,432581,2827500
1636,306,312,560566,6541,432893,2736100
1637,287,310,560279,6518,433203,2745300
1638,320,323,559959,6515,433526,2721900
1639,316,352,559643,6479,433878,2740100
1640,342,332,559301,6489,434210,3042800
1641,310,319,558991,6480,434529,3180400
1642,322,333,558669,6469,434862,2805900
1643,304,329,558365,6444,435191,2796400
1644,314,335,558051,6423,435526,2690000
1645,340,306,557711,6457,435832,2664200
1646,331,342,557380,6446,436174,2872400
1647,330,320,557050,6456,436494,2743200
1648,364,313,556686,6507,436807,2719800
1649,328,314,556358,6521,437121,2713600
1650,342,286,556016,6577,437407,2656700
1651,317,317,555699,6577,437724,2680300
1652,328,328,555371,6577,438052,2681800
1653,351,346,555020,6582,438398,2680200
1654,320,324,554700,6578,438722,2668600
1655,323,314,554377,6587,439036,2644500
1656,309,352,554068,6544,439388,2625600
1657,341,287,553727,6598,439675,2699400
1658,308,342,553419,6564,440017,2690000
1659,319,326,553100,6557,440343,2743100
1660,322,328,552778,6551,440671,2692500
1661,339,308,552439,6582,440979,2674600
1662,311,333,552128,6560,441312,2656500
1663,337,319,551791,6578,441631,2770200
1664,314,326,551477,6566,441957,2727000
1665,338,333,551139,6571,442290,2784000
1666,319,335,550820,6555,442625,2711900
1667,322,310,550498,6567,442935,2709900
1668,317,364,550181,6520,443299,2684900
1669,329,296,549852,6553,443595,2675500
1670,349,327,549503,6575,443922,2662500
1671,323,319,549180,6579,444241,2670200
1672,336,315,548844,6600,444556,2671800
1673,301,345,548543,6556,444901,2640800
1674,298,313,548245,6541,445214,2686600
1675,336,353,547909,6524,445567,2708600
1676,319,340,547590,6503,445907,2687000
1677,315,316,547275,6502,446223,2687900
1678,292,337,546983,6457,446560,2655400
1679,329,318,546654,6468,446878,2641700
1680,317,326,546337,6459,447204,3199900
1681,307,338,546030,6428,447542,2984000
1682,319,328,545711,6419,447870,2733800
1683,332,302,545379,6449,448172,2678900
1684,315,332,545064,6432,448504,2645200
1685,347,312,544717,6467,448816,2664400
1686,349,341,544368,6475,449157,2792700
1687,322,333,544046,6464,449490,2686000
1688,306,340,543740,6430,449830,2708600
1689,292,342,543448,6380,450172,2725600
1690,328,310,543120,6398,450482,2732700
1691,331,335,542789,6394,450817,2703200
1692,283,333,542506,6344,451150,2760700
1693,329,330,542177,6343,451480,2708500
1694,304,297,541873,6350,451777,2735400
1695,297,305,541576,6342,452082,2680800
1696,348,305,541228,6385,452387,2663300
1697,315,323,540913,6377,452710,2688900
1698,314,339,540599,6352,453049,2718000
1699,337,341,540262,6348,453390,2672000
1700,294,325,539968,6317,453715,2655600
1701,316,282,539652,6351,453997,2653500
1702,316,314,539336,6353,454311,2656000
1703,329,322,539007,6360,454633,2666600
1704,338,295,538669,6403,454928,2776400
1705,316,313,538353,6406,455241,2695900
1706,316,292,538037,6430,455533,2698900
1707,328,311,537709,6447,455844,2649500
1708,345,300,537364,6492,456144,2687600
1709,347,305,537017,6534,456449,2735400
1710,344,338,536673,6540,456787,2699800
1711,336,307,536337,6569,457094,2683600
1712,332,360,536005,6541,457454,2670200
1713,318,310,535687,6549,457764,2667000
1714,332,334,535355,6547,458098,2746900
1715,345,325,535010,6567,458423,2859700
1716,343,345,534667,6565,458768,2747100
1717,323,336,534344,6552,459104,2719400
1718,352,300,533992,6604,459404,2680600
1719,344,307,533648,6641,459711,2666500
1720,355,367,533293,6629,460078,2676500
1721,314,336,532979,6607,460414,3029500
1722,328,341,532651,6594,460755,2800900
1723,334,331,532317,6597,461086,2682000
1724,337,346,531980,6588,461432,2645600
1725,344,328,531636,6604,461760,2655700
1726,295,316,531341,6583,462076,2691600
1727,335,355,531006,6563,462431,2705200
1728,339,351,530667,6551,462782,2680900
1729,340,332,530327,6559,463114,2659300
1730,339,326,529988,6572,463440,2671800
1731,330,351,529658,6551,463791,2675400
1732,320,325,529338,6546,464116,2947300
1733,299,323,529039,6522,464439,3070100
1734,340,331,528699,6531,464770,2927500
1735,334,336,528365,6529,465106,3061300
1736,355,289,528010,6595,465395,2999400
1737,328,321,527682,6602,465716,2975000
1738,310,312,527372,6600,466028,3111300
1739,335,364,527037,6571,466392,2972500
1740,337,313,526700,6595,466705,3060500
1741,320,315,526380,6600,467020,2967800
1742,345,359,526035,6586,467379,2895400
1743,308,343,525727,6551,467722,2944000
1744,328,313,525399,6566,468035,2877700
1745,321,357,525078,6530,468392,2889800
1746,343,305,524735,6568,468697,2890300
1747,354,321,524381,6601,469018,2903700
1748,304,306,524077,6599,469324,2949200
1749,353,317,523724,6635,469641,2913000
1750,356,342,523368,6649,469983,2931100
1751,336,330,523032,6655,470313,2943700
1752,336,340,522696,6651,470653,2853900
1753,329,341,522367,6639,470994,2891600
1754,322,337,522045,6624,471331,3148300
1755,346,330,521699,6640,471661,2979200
1756,361,355,521338,6646,472016,2933500
1757,358,343,520980,6661,472359,2989700
1758,352,319,520628,6694,472678,2912300
1759,344,332,520284,6706,473010,3206600
1760,328,344,519956,6690,473354,3021400
1761,354,320,519602,6724,473674,2937900
1762,347,332,519255,6739,474006,3365500
1763,337,320,518918,6756,474326,3181500
1764,354,337,518564,6773,474663,3100800
1765,329,316,518235,6786,474979,2951100
1766,355,358,517880,6783,475337,3033200
1767,354,344,517526,6793,475681,2969700
1768,335,336,517191,6792,476017,2958400
1769,358,361,516833,6789,476378,3321200
1770,355,350,516478,6794,476728,3399800
1771,343,329,516135,6808,477057,3553700
1772,350,337,515785,6821,477394,3241300
1773,351,358,515434,6814,477752,3471800
1774,347,336,515087,6825,478088,2988100
1775,374,326,514713,6873,478414,2881500
1776,379,347,514334,6905,478761,2859700
1777,353,316,513981,6942,479077,2807200
1778,348,361,513633,6929,479438,2834300
1779,356,337,513277,6948,479775,2781400
1780,366,347,512911,6967,480122,2799800
1781,362,373,512549,6956,480495,2955100
1782,341,371,512208,6926,480866,3089400
1783,343,372,511865,6897,481238,3079700
1784,370,368,511495,6899,481606,3036100
1785,357,309,511138,6947,481915,2870100
1786,326,338,510812,6935,482253,2954400
1787,340,325,510472,6950,482578,2885300
1788,321,317,510151,6954,482895,2846100
1789,344,338,509807,6960,483233,2873500
1790,332,341,509475,6951,483574,2927600
1791,328,319,509147,6960,483893,2861100
1792,380,348,508767,6992,484241,2844300
1793,371,377,508396,6986,484618,2869000
1794,376,383,508020,6979,485001,3019700
1795,367,337,507653,7009,485338,3097600
1796,366,336,507287,7039,485674,3065500
1797,365,375,506922,7029,486049,3036500
1798,356,347,506566,7038,486396,3054500
1799,343,390,506223,6991,486786,3097900
1800,335,378,505888,6948,487164,3208900
1801,347,318,505541,6977,487482,2827500
1802,351,342,505190,6986,487824,2815700
1803,354,305,504836,7035,488129,2923800
1804,360,342,504476,7053,488471,3222100
1805,336,378,504140,7011,488849,3229700
1806,325,339,503815,6997,489188,2970100
1807,361,379,503454,6979,489567,2902700
1808,357,328,503097,7008,489895,3223800
1809,352,368,502745,6992,490263,3174300
1810,351,322,502394,7021,490585,3448500
1811,365,325,502029,7061,490910,3168000
1812,378,346,501651,7093,491256,3211600
1813,367,328,501284,7132,491584,3338100
1814,369,362,500915,7139,491946,3207400
1815,375,371,500540,7143,492317,3054700
1816,360,352,500180,7151,492669,3112600
1817,335,349,499845,7137,493018,3359000
1818,343,350,499502,7130,493368,3237100
1819,350,372,499152,7108,493740,3200300
1820,349,367,498803,7090,494107,3180700
1821,317,363,498486,7044,494470,3122700
1822,352,353,498134,7043,494823,3288200
1823,394,351,497740,7086,495174,3170400
1824,331,339,497409,7078,495513,3207000
1825,332,350,497077,7060,495863,3322300
1826,368,360,496709,7068,496223,3317500
1827,367,319,496342,7116,496542,3480200
1828,337,354,496005,7099,496896,3451600
1829,360,382,495645,7077,497278,3558400
1830,334,339,495311,7072,497617,3438700
1831,351,333,494960,7090,497950,3248000
1832,346,373,494614,7063,498323,3068600
1833,359,377,494255,7045,498700,3043000
1834,341,344,493914,7042,499044,3215000
1835,339,363,493575,7018,499407,3131400
1836,337,359,493238,6996,499766,3137700
1837,354,371,492884,6979,500137,3395200
1838,351,391,492533,6939,500528,3211800
1839,335,367,492198,6907,500895,3109000
1840,354,318,491844,6943,501213,3056700
1841,307,333,491537,6917,501546,4116500
1842,336,348,491201,6905,501894,3482600
1843,342,362,490859,6885,502256,3409800
1844,332,397,490527,6820,502653,3233400
1845,347,337,490180,6830,502990,3884600
1846,330,313,489850,6847,503303,3843100
1847,371,340,489479,6878,503643,3681400
1848,341,365,489138,6854,504008,3301100
1849,346,339,488792,6861,504347,3323000
1850,338,325,488454,6874,504672,3311400
1851,342,344,488112,6872,505016,3409800
1852,306,346,487806,6832,505362,3384500
1853,328,353,487478,6807,505715,3312900
1854,315,355,487163,6767,506070,3152400
1855,320,320,486843,6767,506390,3157400
1856,342,324,486501,6785,506714,3165800
1857,355,346,486146,6794,507060,3371900
1858,347,346,485799,6795,507406,3689300
1859,330,327,485469,6798,507733,3405700
1860,352,351,485117,6799,508084,3233900
1861,361,343,484756,6817,508427,3489200
1862,381,322,484375,6876,508749,3400800
1863,360,349,484015,6887,509098,3230700
1864,327,324,483688,6890,509422,3358500
1865,334,352,483354,6872,509774,3246800
1866,361,358,482993,6875,510132,3223500
1867,340,315,482653,6900,510447,3110100
1868,369,337,482284,6932,510784,3343500
1869,365,314,481919,6983,511098,3206400
1870,345,372,481574,6956,511470,3209500
1871,344,369,481230,6931,511839,3640500
1872,357,348,480873,6940,512187,3247800
1873,394,327,480479,7007,512514,3453200
1874,361,332,480118,7036,512846,3268400
1875,371,352,479747,7055,513198,3376200
1876,360,339,479387,7076,513537,3252500
1877,384,333,479003,7127,513870,3310200
1878,372,371,478631,7128,514241,3591800
1879,374,344,478257,7158,514585,3371600
1880,384,347,477873,7195,514932,3660100
1881,356,326,477517,7225,515258,3229500
1882,357,365,477160,7217,515623,3316100
1883,391,361,476769,7247,515984,3335800
1884,367,343,476402,7271,516327,3460100
1885,402,369,476000,7304,516696,3381200
1886,379,386,475621,7297,517082,3472300
1887,380,360,475241,7317,517442,3335800
1888,352,377,474889,7292,517819,3433100
1889,372,357,474517,7307,518176,3433400
1890,367,377,474150,7297,518553,3283600
1891,383,349,473767,7331,518902,3346800
1892,383,379,473384,7335,519281,3241800
1893,385,386,472999,7334,519667,3437200
1894,340,349,472659,7325,520016,3227400
1895,352,344,472307,7333,520360,3389500
1896,353,365,471954,7321,520725,3271800
1897,360,384,471594,7297,521109,3158900
1898,375,350,471219,7322,521459,3217700
1899,329,387,470890,7264,521846,3622100
1900,363,362,470527,7265,522208,3225400
1901,328,364,470199,7229,522572,3362600
1902,358,352,469841,7235,522924,3187900
1903,383,360,469458,7258,523284,3340500
1904,367,380,469091,7245,523664,3212600
1905,348,401,468743,7192,524065,3376800
1906,359,339,468384,7212,524404,3371400
1907,335,353,468049,7194,524757,3206600
1908,326,349,467723,7171,525106,3073700
1909,351,368,467372,7154,525474,3100900
1910,335,368,467037,7121,525842,2996800
1911,347,326,466690,7142,526168,2976100
1912,353,343,466337,7152,526511,2933700
1913,373,339,465964,7186,526850,3264000
1914,370,323,465594,7233,527173,2915900
1915,368,366,465226,7235,527539,3604100
1916,337,378,464889,7194,527917,3641800
1917,370,354,464519,7210,528271,3666900
1918,407,355,464112,7262,528626,3498300
1919,333,343,463779,7252,528969,3251300
1920,382,373,463397,7261,529342,3523800
1921,365,342,463032,7284,529684,3392200
1922,370,384,462662,7270,530068,3518500
1923,361,350,462301,7281,530418,3251000
1924,369,387,461932,7263,530805,3027700
1925,389,343,461543,7309,531148,3305100
1926,345,377,461198,7277,531525,3655600
1927,357,360,460841,7274,531885,3669400
1928,353,377,460488,7250,532262,3460400
1929,365,368,460123,7247,532630,3696300
1930,366,334,459757,7279,532964,3505000
1931,333,353,459424,7259,533317,2947700
1932,353,344,459071,7268,533661,2934300
1933,347,350,458724,7265,534011,2923700
1934,360,372,458364,7253,534383,2945500
1935,375,380,457989,7248,534763,2859800
1936,370,349,457619,7269,535112,2823100
1937,377,336,457242,7310,535448,2821400
1938,382,374,456860,7318,535822,2767100
1939,364,410,456496,7272,536232,2755600
1940,378,377,456118,7273,536609,2722000
1941,392,366,455726,7299,536975,2721600
1942,376,333,455350,7342,537308,3054400
1943,400,413,454950,7329,537721,2774800
1944,354,342,454596,7341,538063,2692900
1945,413,366,454183,7388,538429,2691100
1946,373,392,453810,7369,538821,2704200
1947,380,407,453430,7342,539228,2843300
1948,359,364,453071,7337,539592,3231700
1949,338,379,452733,7296,539971,2736500
1950,387,384,452346,7299,540355,2735400
1951,341,369,452005,7271,540724,2689800
1952,382,366,451623,7287,541090,2673600
1953,381,362,451242,7306,541452,2731200
1954,349,393,450893,7262,541845,2719700
1955,384,372,450509,7274,542217,2702400
1956,403,361,450106,7316,542578,2677800
1957,352,390,449754,7278,542968,2676500
1958,337,402,449417,7213,543370,2681400
1959,363,367,449054,7209,543737,2755700
1960,335,349,448719,7195,544086,2705000
1961,330,346,448389,7179,544432,2706600
1962,342,409,448047,7112,544841,2664300
1963,341,352,447706,7101,545193,2800900
1964,333,355,447373,7079,545548,3032900
1965,351,304,447022,7126,545852,2947600
1966,344,369,446678,7101,546221,2893300
1967,350,353,446328,7098,546574,2816300
1968,377,366,445951,7109,546940,2804700
1969,345,364,445606,7090,547304,2823100
1970,337,355,445269,7072,547659,2872200
1971,351,339,444918,7084,547998,2857800
1972,369,352,444549,7101,548350,2795300
1973,367,378,444182,7090,548728,2759100
1974,335,370,443847,7055,549098,2698300
1975,340,359,443507,7036,549457,2757300
1976,339,341,443168,7034,549798,2759000
1977,344,337,442824,7041,550135,2699600
1978,369,389,442455,7021,550524,2697400
1979,329,326,442126,7024,550850,2707300
1980,321,342,441805,7003,551192,2688800
1981,366,371,441439,6998,551563,2695900
1982,341,360,441098,6979,551923,2685600
1983,327,361,440771,6945,552284,2709700
1984,288,324,440483,6909,552608,2826400
1985,342,331,440141,6920,552939,3143200
1986,366,348,439775,6938,553287,2951700
1987,331,346,439444,6923,553633,2921400
1988,328,305,439116,6946,553938,2841900
1989,333,338,438783,6941,554276,2792400
1990,343,357,438440,6927,554633,2770600
1991,322,336,438118,6913,554969,2750900
1992,366,343,437752,6936,555312,2777900
1993,363,340,437389,6959,555652,2815500
1994,330,355,437059,6934,556007,2786500
1995,339,377,436720,6896,556384,2759500
1996,345,353,436375,6888,556737,2737100
1997,342,349,436033,6881,557086,2736400
1998,374,315,435659,6940,557401,2723100
1999,346,316,435313,6970,557717,2705900
2000,350,328,434963,6992,558045,2696800
2001,343,357,434620,6978,558402,2700400
2002,352,348,434268,6982,558750,2672600
2003,330,345,433938,6967,559095,2666500
2004,317,330,433621,6954,559425,2772600
2005,346,345,433275,6955,559770,2712900
2006,328,340,432947,6943,560110,2718600
2007,346,353,432601,6936,560463,2742100
2008,364,323,432237,6977,560786,2667700
2009,354,386,431883,6945,561172,2719800
2010,335,346,431548,6934,561518,2738800
2011,340,332,431208,6942,561850,2802800
2012,364,343,430844,6963,562193,2844200
2013,377,327,430467,7013,562520,3197200
2014,328,369,430139,6972,562889,2908800
2015,350,341,429789,6981,563230,3247800
2016,326,312,429463,6995,563542,3134500
2017,363,326,429100,7032,563868,2828500
2018,372,360,428728,7044,564228,2894000
2019,360,366,428368,7038,564594,2791600
2020,338,371,428030,7005,564965,2744200
2021,332,371,427698,6966,565336,2734000
2022,378,364,427320,6980,565700,2778800
2023,350,333,426970,6997,566033,2753100
2024,354,336,426616,7015,566369,2918500
2025,320,340,426296,6995,566709,3126500
2026,327,369,425969,6953,567078,2967100
2027,346,347,425623,6952,567425,2823100
2028,314,353,425309,6913,567778,2841900
2029,344,357,424965,6900,568135,2766900
2030,285,318,424680,6867,568453,2769200
2031,330,334,424350,6863,568787,3080700
2032,327,335,424023,6855,569122,2921200
2033,332,345,423691,6842,569467,2787700
2034,312,356,423379,6798,569823,2756000
2035,338,356,423041,6780,570179,2708500
2036,292,362,422749,6710,570541,2657800
2037,312,326,422437,6696,570867,3179400
2038,313,324,422124,6685,571191,2961500
2039,309,348,421815,6646,571539,2688500
2040,317,325,421498,6638,571864,2743500
2041,287,372,421211,6553,572236,2728900
2042,314,335,420897,6532,572571,2726400
2043,318,352,420579,6498,572923,2741600
2044,322,331,420257,6489,573254,2713800
2045,291,343,419966,6437,573597,2652700
2046,317,306,419649,6448,573903,2652500
2047,303,318,419346,6433,574221,2646600
2048,270,324,419076,6379,574545,3004500
2049,287,316,418789,6350,574861,2973800
2050,270,331,418519,6289,575192,3089500
2051,283,346,418236,6226,575538,2709100
2052,294,322,417942,6198,575860,2700200
2053,285,323,417657,6160,576183,2630900
2054,273,314,417384,6119,576497,2704500
2055,277,290,417107,6106,576787,2639900
2056,285,295,416822,6096,577082,2623800
2057,300,288,416522,6108,577370,2649900
2058,305,349,416217,6064,577719,2623800
2059,282,310,415935,6036,578029,2609800
2060,284,309,415651,6011,578338,2863700
2061,300,340,415351,5971,578678,3014100
2062,295,308,415056,5958,578986,2871300
2063,271,301,414785,5928,579287,2832600
2064,299,281,414486,5946,579568,2800600
2065,296,302,414190,5940,579870,2784400
2066,307,283,413883,5964,580153,2771200
2067,303,315,413580,5952,580468,2750500
2068,283,278,413297,5957,580746,2719800
2069,263,320,413034,5900,581066,2693700
2070,295,295,412739,5900,581361,2675500
2071,266,278,412473,5888,581639,2784400
2072,261,302,412212,5847,581941,2771500
2073,266,272,411946,5841,582213,2707200
2074,261,259,411685,5843,582472,2660800
2075,268,300,411417,5811,582772,2652600
2076,275,323,411142,5763,583095,2648600
2077,287,279,410855,5771,583374,2923600
2078,276,309,410579,5738,583683,3019700
2079,268,296,410311,5710,583979,2636000
2080,261,284,410050,5687,584263,2627300
2081,284,284,409766,5687,584547,2594800
2082,262,259,409504,5690,584806,2641100
2083,274,299,409230,5665,585105,2720800
2084,272,284,408958,5653,585389,2851100
2085,258,297,408700,5614,585686,3006700
2086,261,277,408439,5598,585963,2934100
2087,265,262,408174,5601,586225,2826000
2088,285,305,407889,5581,586530,2886800
2089,257,287,407632,5551,586817,2805800
2090,251,294,407381,5508,587111,2789300
2091,267,296,407114,5479,587407,2725600
2092,262,270,406852,5471,587677,2698700
2093,248,250,406604,5469,587927,2719100
2094,269,258,406335,5480,588185,2701800
2095,262,252,406073,5490,588437,2671200
2096,256,265,405817,5481,588702,2644100
2097,255,248,405562,5488,588950,2650900
2098,259,276,405303,5471,589226,2670900
2099,244,257,405059,5458,589483,2609500
2100,273,265,404786,5466,589748,2775300
2101,269,282,404517,5453,590030,2892300
2102,285,258,404232,5480,590288,2777400
2103,262,273,403970,5469,590561,2742200
2104,281,242,403689,5508,590803,2756500
2105,300,237,403389,5571,591040,2717300
2106,297,311,403092,5557,591351,2702300
2107,297,280,402795,5574,591631,2653400
2108,271,249,402524,5596,591880,2664900
2109,278,262,402246,5612,592142,2653500
2110,287,279,401959,5620,592421,2624500
2111,287,270,401672,5637,592691,2623000
2112,292,284,401380,5645,592975,2697200
2113,267,296,401113,5616,593271,2657100
2114,280,269,400833,5627,593540,2713100
2115,276,267,400557,5636,593807,2719100
2116,297,270,400260,5663,594077,2662600
2117,304,291,399956,5676,594368,2680200
2118,297,272,399659,5701,594640,2951800
2119,264,295,399395,5670,594935,2905900
2120,285,278,399110,5677,595213,2693200
2121,297,272,398813,5702,595485,2639200
2122,284,279,398529,5707,595764,2630100
2123,262,298,398267,5671,596062,2692500
2124,281,279,397986,5673,596341,2667100
2125,302,278,397684,5697,596619,2637200
2126,292,279,397392,5710,596898,2657000
2127,282,286,397110,5706,597184,2635100
2128,277,260,396833,5723,597444,2606200
2129,273,281,396560,5715,597725,2762800
2130,264,282,396296,5697,598007,2692800
2131,260,310,396036,5647,598317,2662200
2132,286,269,395750,5664,598586,2698900
2133,260,315,395490,5609,598901,2898200
2134,274,286,395216,5597,599187,2922000
2135,252,275,394964,5574,599462,2839400
2136,294,254,394670,5614,599716,2771300
2137,297,284,394373,5627,600000,2800400
2138,279,309,394094,5597,600309,2725900
2139,284,283,393810,5598,600592,2725600
2140,264,277,393546,5585,600869,2722600
2141,272,287,393274,5570,601156,2723900
2142,252,302,393022,5520,601458,2708700
2143,262,275,392760,5507,601733,2654100
2144,251,268,392509,5490,602001,2647300
2145,257,247,392252,5500,602248,2639000
2146,281,298,391971,5483,602546,2696300
2147,303,277,391668,5509,602823,2669100
2148,275,249,391393,5535,603072,2662200
2149,249,294,391144,5490,603366,2638400
2150,294,288,390850,5496,603654,2602100
2151,305,299,390545,5502,603953,2630000
2152,273,320,390272,5455,604273,2688600
2153,270,275,390002,5450,604548,2697400
2154,272,317,389730,5405,604865,2624400
2155,268,288,389462,5385,605153,2618400
2156,274,267,389188,5392,605420,2629500
2157,283,271,388905,5404,605691,2590200
2158,254,275,388651,5383,605966,2691900
2159,230,251,388421,5362,606217,2747800
2160,279,271,388142,5370,606488,2679900
2161,257,263,387885,5364,606751,2640900
2162,275,258,387610,5381,607009,2652700
2163,278,265,387332,5394,607274,2671300
2164,283,261,387049,5416,607535,3073900
2165,236,282,386813,5370,607817,2758400
2166,272,295,386541,5347,608112,2707000
2167,248,246,386293,5349,608358,2743400
2168,262,261,386031,5350,608619,2882000
2169,248,260,385783,5338,608879,2852200
2170,278,280,385505,5336,609159,2917800
2171,273,286,385232,5323,609445,2701600
2172,231,287,385001,5267,609732,2665800
2173,257,265,384744,5259,609997,2621700
2174,242,278,384502,5223,610275,2634800
2175,281,250,384221,5254,610525,2858700
2176,257,263,383964,5248,610788,2887000
2177,260,235,383704,5273,611023,2717800
2178,263,259,383441,5277,611282,2755600
2179,256,271,383185,5262,611553,2736700
2180,286,272,382899,5276,611825,2723700
2181,250,254,382649,5272,612079,2764700
2182,278,266,382371,5284,612345,2827700
2183,252,272,382119,5264,612617,3174000
2184,292,275,381827,5281,612892,2876600
2185,261,271,381566,5271,613163,2824400
2186,258,221,381308,5308,613384,2917900
2187,271,283,381037,5296,613667,3017500
2188,270,273,380767,5293,613940,2766500
2189,267,282,380500,5278,614222,2735500
2190,266,264,380234,5280,614486,2674200
2191,272,279,379962,5273,614765,2688700
2192,275,292,379687,5256,615057,2675000
2193,271,270,379416,5257,615327,2690000
2194,265,263,379151,5259,615590,2623500
2195,247,273,378904,5233,615863,2605800
2196,265,282,378639,5216,616145,2629500
2197,261,273,378378,5204,616418,2603200
2198,301,270,378077,5235,616688,2700900
2199,265,304,377812,5196,616992,2629100
2200,255,281,377557,5170,617273,2603600
2201,296,253,377261,5213,617526,2599200
2202,286,257,376975,5242,617783,2613600
2203,257,271,376718,5228,618054,2931100
2204,283,241,376435,5270,618295,2826300
2205,268,242,376167,5296,618537,2709300
2206,295,291,375872,5300,618828,2660700
2207,266,286,375606,5280,619114,2664000
2208,251,262,375355,5269,619376,2677600
2209,283,269,375072,5283,619645,2632700
2210,242,279,374830,5246,619924,3053200
2211,230,286,374600,5190,620210,3135700
2212,270,266,374330,5194,620476,2889200
2213,250,234,374080,5210,620710,2823200
2214,233,258,373847,5185,620968,2764800
2215,286,233,373561,5238,621201,3216800
2216,255,274,373306,5219,621475,2807300
2217,237,278,373069,5178,621753,2783200
2218,229,239,372840,5168,621992,2795200
2219,263,262,372577,5169,622254,2741400
2220,252,271,372325,5150,622525,2766200
2221,265,254,372060,5161,622779,2885300
2222,261,270,371799,5152,623049,2890000
2223,255,257,371544,5150,623306,2818500
2224,247,232,371297,5165,623538,2796400
2225,262,245,371035,5182,623783,2782200
2226,247,265,370788,5164,624048,2850300
2227,255,266,370533,5153,624314,2839500
2228,281,249,370252,5185,624563,2856500
2229,267,238,369985,5214,624801,2954000
2230,241,253,369744,5202,625054,2938800
2231,273,248,369471,5227,625302,2886500
2232,283,260,369188,5250,625562,2874200
2233,260,259,368928,5251,625821,2813200
2234,271,253,368657,5269,626074,2799500
2235,259,258,368398,5270,626332,2833300
2236,269,269,368129,5270,626601,2767500
2237,273,285,367856,5258,626886,2779500
2238,274,253,367582,5279,627139,2771400
2239,257,261,367325,5275,627400,2786800
2240,279,269,367046,5285,627669,2695300
2241,270,279,366776,5276,627948,2736300
2242,291,237,366485,5330,628185,2828100
2243,281,296,366204,5315,628481,3201400
2244,272,257,365932,5330,628738,2937900
2245,272,277,365660,5325,629015,2910400
2246,274,270,365386,5329,629285,2845600
2247,257,278,365129,5308,629563,2818200
2248,264,284,364865,5288,629847,3105900
2249,259,248,364606,5299,630095,2808500
2250,242,252,364364,5289,630347,2730100
2251,248,244,364116,5293,630591,2687400
2252,258,276,363858,5275,630867,2691400
2253,260,231,363598,5304,631098,2693900
2254,230,271,363368,5263,631369,2747200
2255,257,244,363111,5276,631613,2689200
2256,250,267,362861,5259,631880,2703700
2257,258,266,362603,5251,632146,2681900
2258,248,262,362355,5237,632408,2708300
2259,264,267,362091,5234,632675,2794500
2260,247,271,361844,5210,632946,2777300
2261,257,264,361587,5203,633210,2771300
2262,254,242,361333,5215,633452,2716000
2263,262,254,361071,5223,633706,2723900
2264,268,259,360803,5232,633965,2710000
2265,251,279,360552,5204,634244,3065000
2266,267,247,360285,5224,634491,2701000
2267,267,260,360018,5231,634751,2732000
2268,254,268,359764,5217,635019,2665600
2269,238,276,359526,5179,635295,2685600
2270,262,239,359264,5202,635534,2684400
2271,234,287,359030,5149,635821,2899300
2272,245,239,358785,5155,636060,2764900
2273,231,259,358554,5127,636319,2721800
2274,222,275,358332,5074,636594,2669800
2275,237,272,358095,5039,636866,2663700
2276,245,254,357850,5030,637120,2660700
2277,238,261,357612,5007,637381,2724400
2278,247,248,357365,5006,637629,2681000
2279,245,242,357120,5009,637871,2652200
2280,230,211,356890,5028,638082,2606800
2281,243,258,356647,5013,638340,2609200
2282,241,257,356406,4997,638597,2710100
2283,254,267,356152,4984,638864,2828800
2284,263,224,355889,5023,639088,2690000
2285,257,282,355632,4998,639370,2698500
2286,236,251,355396,4983,639621,2649200
2287,245,272,355151,4956,639893,2635400
2288,233,239,354918,4950,640132,2948600
2289,234,225,354684,4959,640357,2842900
2290,226,241,354458,4944,640598,2590000
2291,233,237,354225,4940,640835,2590600
2292,234,251,353991,4923,641086,2575000
2293,237,244,353754,4916,641330,2579100
2294,209,232,353545,4893,641562,2594000
2295,231,258,353314,4866,641820,2603000
2296,219,254,353095,4831,642074,2586700
2297,228,242,352867,4817,642316,2594400
2298,226,258,352641,4785,642574,2573000
2299,237,267,352404,4755,642841,2578000
2300,227,223,352177,4759,643064,2694600
2301,259,248,351918,4770,643312,3165900
2302,241,228,351677,4783,643540,2647700
2303,243,224,351434,4802,643764,2632400
2304,239,215,351195,4826,643979,2779300
2305,221,242,350974,4805,644221,2972700
2306,242,253,350732,4794,644474,2818400
2307,213,230,350519,4777,644704,2813400
2308,253,254,350266,4776,644958,2766500
2309,208,242,350058,4742,645200,2728700
2310,230,230,349828,4742,645430,2683700
2311,251,220,349577,4773,645650,2878100
2312,219,219,349358,4773,645869,3084100
2313,220,258,349138,4735,646127,2617700
2314,228,246,348910,4717,646373,2633600
2315,233,232,348677,4718,646605,2621100
2316,228,242,348449,4704,646847,2615600
2317,211,240,348238,4675,647087,3135900
2318,247,263,347991,4659,647350,2938200
2319,245,204,347746,4700,647554,2576500
2320,221,213,347525,4708,647767,2638900
2321,228,244,347297,4692,648011,2573000
2322,219,228,347078,4683,648239,2578900
2323,228,252,346850,4659,648491,2626600
2324,207,226,346643,4640,648717,2610600
2325,227,238,346416,4629,648955,2578900
2326,236,234,346180,4631,649189,2606200
2327,223,234,345957,4620,649423,2580500
2328,208,214,345749,4614,649637,2562600
2329,205,248,345544,4571,649885,2662700
2330,220,206,345324,4585,650091,2633000
2331,243,221,345081,4607,650312,2619100
2332,222,255,344859,4574,650567,2669600
2333,232,276,344627,4530,650843,2784600
2334,248,215,344379,4563,651058,2641800
2335,230,227,344149,4566,651285,2736000
2336,234,261,343915,4539,651546,2673700
2337,224,227,343691,4536,651773,2679600
2338,226,213,343465,4549,651986,2625300
2339,234,211,343231,4572,652197,2647100
2340,201,192,343030,4581,652389,2604400
2341,261,210,342769,4632,652599,2649000
2342,236,230,342533,4638,652829,2600100
2343,207,225,342326,4620,653054,2602100
2344,201,208,342125,4613,653262,2589100
2345,219,235,341906,4597,653497,2645400
2346,238,261,341668,4574,653758,2898000
2347,236,239,341432,4571,653997,2870600
2348,229,231,341203,4569,654228,2835700
2349,226,252,340977,4543,654480,2735100
2350,230,234,340747,4539,654714,2700300
2351,224,225,340523,4538,654939,2652100
2352,237,215,340286,4560,655154,3433000
2353,249,239,340037,4570,655393,2586700
2354,236,229,339801,4577,655622,2594000
2355,234,219,339567,4592,655841,2646400
2356,237,239,339330,4590,656080,2609700
2357,218,234,339112,4574,656314,2874800
2358,232,222,338880,4584,656536,2731700
2359,220,240,338660,4564,656776,2974200
2360,228,248,338432,4544,657024,2605700
2361,229,224,338203,4549,657248,2622800
2362,210,250,337993,4509,657498,2557700
2363,248,229,337745,4528,657727,2653500
2364,225,211,337520,4542,657938,2599900
2365,225,228,337295,4539,658166,2833100
2366,245,220,337050,4564,658386,2620600
2367,223,208,336827,4579,658594,2588600
2368,225,220,336602,4584,658814,2575200
2369,226,229,336376,4581,659043,2698900
2370,251,223,336125,4609,659266,2617800
2371,260,225,335865,4644,659491,2602000
2372,234,208,335631,4670,659699,2609700
2373,227,248,335404,4649,659947,2696400
2374,227,259,335177,4617,660206,2650000
2375,240,231,334937,4626,660437,2740800
2376,264,221,334673,4669,660658,2663600
2377,222,250,334451,4641,660908,2644700
2378,263,248,334188,4656,661156,2634400
2379,239,224,333949,4671,661380,2580300
2380,256,251,333693,4676,661631,2648800
2381,250,233,333443,4693,661864,2708300
2382,243,243,333200,4693,662107,2713000
2383,243,226,332957,4710,662333,2678800
2384,239,215,332718,4734,662548,2665700
2385,228,220,332490,4742,662768,2613300
2386,220,251,332270,4711,663019,2909600
2387,221,246,332049,4686,663265,3215200
2388,249,237,331800,4698,663502,2610500
2389,228,234,331572,4692,663736,2629300
2390,244,236,331328,4700,663972,2596900
2391,267,247,331061,4720,664219,2567300
2392,225,200,330836,4745,664419,2962200
2393,257,259,330579,4743,664678,2947900
2394,237,237,330342,4743,664915,2691100
2395,251,243,330091,4751,665158,2590000
2396,272,238,329819,4785,665396,2641200
2397,246,222,329573,4809,665618,2561500
2398,230,220,329343,4819,665838,2776300
2399,241,239,329102,4821,666077,2712500
2400,248,233,328854,4836,666310,2939700
2401,237,267,328617,4806,666577,2829100
2402,246,259,328371,4793,666836,2757400
2403,255,226,328116,4822,667062,2766300
2404,259,261,327857,4820,667323,2716700
2405,250,242,327607,4828,667565,2705500
2406,242,278,327365,4792,667843,2714200
2407,269,247,327096,4814,668090,2667700
2408,232,238,326864,4808,668328,2648200
2409,254,210,326610,4852,668538,2672000
2410,228,234,326382,4846,668772,2671100
2411,234,271,326148,4809,669043,2632500
2412,208,233,325940,4784,669276,2604100
2413,236,263,325704,4757,669539,2587700
2414,231,261,325473,4727,669800,2577600
2415,220,239,325253,4708,670039,2881300
2416,254,261,324999,4701,670300,2893900
2417,230,219,324769,4712,670519,2582000
2418,215,237,324554,4690,670756,2597900
2419,226,212,324328,4704,670968,2573000
2420,227,270,324101,4661,671238,2543600
2421,214,249,323887,4626,671487,2604200
2422,238,252,323649,4612,671739,2614100
2423,213,225,323436,4600,671964,2597700
2424,239,189,323197,4650,672153,2551600
2425,196,233,323001,4613,672386,2567300
2426,201,224,322800,4590,672610,2701200
2427,209,201,322591,4598,672811,2887900
2428,229,212,322362,4615,673023,2955600
2429,208,207,322154,4616,673230,2648900
2430,214,217,321940,4613,673447,2623100
2431,196,287,321744,4522,673734,2711400
2432,235,204,321509,4553,673938,2612100
2433,211,228,321298,4536,674166,2807200
2434,226,227,321072,4535,674393,2642100
2435,241,244,320831,4532,674637,2619100
2436,195,244,320636,4483,674881,2572300
2437,218,231,320418,4470,675112,2602600
2438,218,214,320200,4474,675326,2659500
2439,239,214,319961,4499,675540,2980200
2440,219,239,319742,4479,675779,2962900
2441,238,226,319504,4491,676005,2799700
2442,208,221,319296,4478,676226,2719000
2443,228,225,319068,4481,676451,2687000
2444,247,193,318821,4535,676644,3141900
2445,204,241,318617,4498,676885,2668000
2446,222,239,318395,4481,677124,2652600
2447,245,207,318150,4519,677331,2621300
2448,245,215,317905,4549,677546,2592600
2449,273,222,317632,4600,677768,2728600
2450,244,244,317388,4600,678012,3377700
2451,225,246,317163,4579,678258,2670700
2452,235,227,316928,4587,678485,2625800
2453,214,231,316714,4570,678716,2624900
2454,209,241,316505,4538,678957,2625100
2455,237,202,316268,4573,679159,2774800
2456,249,225,316019,4597,679384,2671900
2457,248,192,315771,4653,679576,2641000
2458,242,218,315529,4677,679794,2610500
2459,219,227,315310,4669,680021,2602800
2460,230,231,315080,4668,680252,2614600
2461,236,214,314844,4690,680466,2669900
2462,250,237,314594,4703,680703,2657600
2463,246,231,314348,4718,680934,2637900
2464,250,241,314098,4727,681175,2626200
2465,238,249,313860,4716,681424,2578800
2466,248,258,313612,4706,681682,2686900
2467,215,227,313397,4694,681909,2862800
2468,220,255,313177,4659,682164,2666600
2469,222,225,312955,4656,682389,2612400
2470,252,262,312703,4646,682651,2654400
2471,237,233,312466,4650,682884,2754000
2472,237,219,312229,4668,683103,3199200
2473,214,254,312015,4628,683357,2871800
2474,233,215,311782,4646,683572,2835600
2475,250,241,311532,4655,683813,2755100
2476,238,257,311294,4636,684070,2725100
2477,235,220,311059,4651,684290,2696200
2478,220,233,310839,4638,684523,2737200
2479,218,245,310621,4611,684768,2664800
2480,209,246,310412,4574,685014,2687400
2481,248,238,310164,4584,685252,2650400
2482,223,222,309941,4585,685474,2641700
2483,225,243,309716,4567,685717,2592800
2484,231,226,309485,4572,685943,2664500
2485,237,233,309248,4576,686176,2600900
2486,234,232,309014,4578,686408,2595600
2487,240,229,308774,4589,686637,2560100
2488,203,234,308571,4558,686871,2565500
2489,244,249,308327,4553,687120,2559700
2490,257,253,308070,4557,687373,2708800
2491,239,234,307831,4562,687607,2625700
2492,243,220,307588,4585,687827,2601000
2493,226,218,307362,4593,688045,2578900
2494,250,202,307112,4641,688247,2577000
2495,223,250,306889,4614,688497,2575100
2496,219,220,306670,4613,688717,2721800
2497,205,226,306465,4592,688943,2631800
2498,207,230,306258,4569,689173,2598700
2499,236,242,306022,4563,689415,2592900
2500,226,233,305796,4556,689648,2573900
2501,205,228,305591,4533,689876,2594200
2502,200,234,305391,4499,690110,2642400
2503,225,228,305166,4496,690338,2599500
2504,224,220,304942,4500,690558,2626300
2505,217,243,304725,4474,690801,2768700
2506,259,226,304466,4507,691027,2711000
2507,224,238,304242,4493,691265,2735000
2508,211,229,304031,4475,691494,2776500
2509,231,223,303800,4483,691717,2971100
2510,242,258,303558,4467,691975,2792100
2511,235,238,303323,4464,692213,2756100
2512,221,200,303102,4485,692413,2688800
2513,228,206,302874,4507,692619,2691400
2514,234,225,302640,4516,692844,2646100
2515,233,200,302407,4549,693044,2641500
2516,233,205,302174,4577,693249,2635300
2517,244,234,301930,4587,693483,2617200
2518,222,220,301708,4589,693703,2597000
2519,222,222,301486,4589,693925,2634300
2520,260,228,301226,4621,694153,2646900
2521,220,227,301006,4614,694380,2617100
2522,211,227,300795,4598,694607,2605800
2523,239,218,300556,4619,694825,2575400
2524,225,216,300331,4628,695041,2586600
2525,232,261,300099,4599,695302,2585000
2526,230,240,299869,4589,695542,2604700
2527,208,205,299661,4592,695747,2581000
2528,217,228,299444,4581,695975,2618300
2529,252,224,299192,4609,696199,2604100
2530,233,230,298959,4612,696429,2743500
2531,252,218,298707,4646,696647,2662200
2532,219,238,298488,4627,696885,2731000
2533,236,219,298252,4644,697104,2715400
2534,219,239,298033,4624,697343,2677300
2535,227,227,297806,4624,697570,2650500
2536,230,247,297576,4607,697817,2649100
2537,222,234,297354,4595,698051,2849800
2538,236,241,297118,4590,698292,2728900
2539,218,251,296900,4557,698543,2677000
2540,226,225,296674,4558,698768,2788300
2541,223,238,296451,4543,699006,2854200
2542,250,241,296201,4552,699247,3061600
2543,219,251,295982,4520,699498,3001800
2544,228,228,295754,4520,699726,2613800
2545,224,224,295530,4520,699950,2592200
2546,222,215,295308,4527,700165,2565100
2547,213,243,295095,4497,700408,2649400
2548,220,237,294875,4480,700645,2862100
2549,228,206,294647,4502,700851,2603000
2550,224,225,294423,4501,701076,2690700
2551,227,225,294196,4503,701301,2613400
2552,246,234,293950,4515,701535,2581600
2553,216,215,293734,4516,701750,2703100
2554,221,212,293513,4525,701962,2749000
2555,196,228,293317,4493,702190,2757700
2556,223,231,293094,4485,702421,2767400
2557,209,228,292885,4466,702649,2718000
2558,223,218,292662,4471,702867,2693000
2559,228,225,292434,4474,703092,2735100
2560,235,197,292199,4512,703289,2701700
2561,210,228,291989,4494,703517,2683200
2562,238,221,291751,4511,703738,2639800
2563,220,221,291531,4510,703959,2625200
2564,232,232,291299,4510,704191,2610600
2565,225,236,291074,4499,704427,2706100
2566,213,223,290861,4489,704650,2622300
2567,234,223,290627,4500,704873,2642300
2568,270,222,290357,4548,705095,2578700
2569,250,223,290107,4575,705318,2582000
2570,244,233,289863,4586,705551,2694600
2571,228,211,289635,4603,705762,2779800
2572,253,207,289382,4649,705969,2698200
2573,241,264,289141,4626,706233,2660500
2574,246,198,288895,4674,706431,2631200
2575,229,252,288666,4651,706683,2628700
2576,252,205,288414,4698,706888,2597500
2577,260,228,288154,4730,707116,2679700
2578,243,224,287911,4749,707340,2672800
2579,250,224,287661,4775,707564,2697100
2580,218,243,287443,4750,707807,2681400
2581,213,203,287230,4760,708010,2669100
2582,206,233,287024,4733,708243,2706400
2583,228,211,286796,4750,708454,2650300
2584,232,240,286564,4742,708694,2651300
2585,254,211,286310,4785,708905,2645500
2586,223,245,286087,4763,709150,2620500
2587,224,237,285863,4750,709387,2600300
2588,239,239,285624,4750,709626,2696000
2589,258,251,285366,4757,709877,2866900
2590,235,223,285131,4769,710100,2778900
2591,235,249,284896,4755,710349,2699600
2592,241,251,284655,4745,710600,2683900
2593,246,254,284409,4737,710854,2688500
2594,241,225,284168,4753,711079,2738400
2595,249,210,283919,4792,711289,2760700
2596,281,225,283638,4848,711514,2767800
2597,227,258,283411,4817,711772,2844500
2598,229,242,283182,4804,712014,2862100
2599,243,234,282939,4813,712248,2843000
2600,249,249,282690,4813,712497,2988000
2601,223,236,282467,4800,712733,2764200
2602,255,244,282212,4811,712977,2769900
2603,240,212,281972,4839,713189,2722800
2604,226,226,281746,4839,713415,2728000
2605,229,237,281517,4831,713652,2777400
2606,265,252,281252,4844,713904,2749900
2607,250,224,281002,4870,714128,2677700
2608,259,255,280743,4874,714383,2634800
2609,243,269,280500,4848,714652,2609500
2610,216,235,280284,4829,714887,2620600
2611,246,226,280038,4849,715113,2661200
2612,240,255,279798,4834,715368,2685500
2613,221,247,279577,4808,715615,2647000
2614,238,265,279339,4781,715880,2621000
2615,223,239,279116,4765,716119,2611400
2616,243,237,278873,4771,716356,2620600
2617,239,221,278634,4789,716577,2676200
2618,226,229,278408,4786,716806,2623500
2619,251,257,278157,4780,717063,2612600
2620,232,233,277925,4779,717296,2692600
2621,240,276,277685,4743,717572,2636300
2622,227,247,277458,4723,717819,2651000
2623,227,214,277231,4736,718033,2642500
2624,225,224,277006,4737,718257,2588400
2625,231,225,276775,4743,718482,2571400
2626,233,236,276542,4740,718718,2575000
2627,237,242,276305,4735,718960,2636000
2628,220,226,276085,4729,719186,2605200
2629,224,238,275861,4715,719424,2745600
2630,219,249,275642,4685,719673,2681300
2631,219,246,275423,4658,719919,2649600
2632,245,229,275178,4674,720148,2614600
2633,237,229,274941,4682,720377,2617200
2634,229,251,274712,4660,720628,2739700
2635,256,211,274456,4705,720839,3131600
2636,219,236,274237,4688,721075,2615300
2637,250,215,273987,4723,721290,2667600
2638,246,235,273741,4734,721525,2579600
2639,235,228,273506,4741,721753,2584200
2640,266,258,273240,4749,722011,2594100
2641,239,213,273001,4775,722224,2651700
2642,228,234,272773,4769,722458,2609000
2643,243,239,272530,4773,722697,2585100
2644,224,201,272306,4796,722898,2584800
2645,267,224,272039,4839,723122,2574800
2646,253,237,271786,4855,723359,2610100
2647,236,234,271550,4857,723593,2681500
2648,225,241,271325,4841,723834,2693600
2649,233,228,271092,4846,724062,2671400
2650,231,238,270861,4839,724300,2699000
2651,242,266,270619,4815,724566,2677000
2652,221,259,270398,4777,724825,2832000
2653,227,247,270171,4757,725072,2729000
2654,246,224,269925,4779,725296,2755700
2655,242,239,269683,4782,725535,2741400
2656,253,272,269430,4763,725807,2720500
2657,224,246,269206,4741,726053,2764400
2658,238,221,268968,4758,726274,2734300
2659,220,236,268748,4742,726510,2723600
2660,227,235,268521,4734,726745,2709700
2661,211,250,268310,4695,726995,2716800
2662,239,223,268071,4711,727218,2659200
2663,235,227,267836,4719,727445,2701200
2664,224,245,267612,4698,727690,2692500
2665,226,211,267386,4713,727901,2656200
2666,242,243,267144,4712,728144,2707900
2667,248,202,266896,4758,728346,2689600
2668,188,266,266708,4680,728612,2673700
2669,250,257,266458,4673,728869,2711900
2670,228,226,266230,4675,729095,2672700
2671,221,232,266009,4664,729327,2655000
2672,245,228,265764,4681,729555,2689700
2673,246,209,265518,4718,729764,2636000
2674,226,209,265292,4735,729973,2658400
2675,212,273,265080,4674,730246,2734700
2676,221,214,264859,4681,730460,2690700
2677,211,213,264648,4679,730673,2720000
2678,246,246,264402,4679,730919,2731200
2679,211,257,264191,4633,731176,2704900
2680,196,224,263995,4605,731400,2698700
2681,207,237,263788,4575,731637,3050700
2682,212,225,263576,4562,731862,2828900
2683,232,221,263344,4573,732083,2712200
2684,200,235,263144,4538,732318,2669200
2685,201,210,262943,4529,732528,2661600
2686,189,204,262754,4514,732732,2667600
2687,221,228,262533,4507,732960,2652900
2688,205,205,262328,4507,733165,2685200
2689,213,229,262115,4491,733394,2666300
2690,219,207,261896,4503,733601,2636300
2691,214,236,261682,4481,733837,2662500
2692,226,238,261456,4469,734075,2687800
2693,228,237,261228,4460,734312,2724200
2694,196,222,261032,4434,734534,2693400
2695,218,217,260814,4435,734751,2661900
2696,203,217,260611,4421,734968,2670400
2697,215,227,260396,4409,735195,2681300
2698,235,247,260161,4397,735442,2705900
2699,219,217,259942,4399,735659,2712500
2700,200,248,259742,4351,735907,2754700
2701,200,224,259542,4327,736131,2699200
2702,207,194,259335,4340,736325,2653600
2703,220,204,259115,4356,736529,2748600
2704,224,214,258891,4366,736743,2950300
2705,214,226,258677,4354,736969,2608800
2706,239,203,258438,4390,737172,2564900
2707,206,204,258232,4392,737376,2577000
2708,231,209,258001,4414,737585,2560300
2709,209,222,257792,4401,737807,2564100
2710,218,226,257574,4393,738033,3014600
2711,225,239,257349,4379,738272,3219800
2712,251,209,257098,4421,738481,2564600
2713,224,195,256874,4450,738676,2633100
2714,244,218,256630,4476,738894,2606700
2715,233,217,256397,4492,739111,2715300
2716,212,195,256185,4509,739306,3482400
2717,215,237,255970,4487,739543,2585600
2718,219,238,255751,4468,739781,2620600
2719,197,236,255554,4429,740017,2591600
2720,207,195,255347,4441,740212,2520800
2721,198,210,255149,4429,740422,2931800
2722,229,241,254920,4417,740663,2991100
2723,214,231,254706,4400,740894,2824700
2724,205,229,254501,4376,741123,2556600
2725,210,223,254291,4363,741346,2613700
2726,217,204,254074,4376,741550,2613700
2727,228,221,253846,4383,741771,3006100
2728,229,228,253617,4384,741999,2581100
2729,222,238,253395,4368,742237,2582700
2730,221,212,253174,4377,742449,2582700
2731,206,213,252968,4370,742662,2551000
2732,211,234,252757,4347,742896,2552600
2733,229,228,252528,4348,743124,2679900
2734,219,218,252309,4349,743342,2657500
2735,222,208,252087,4363,743550,2628300
2736,203,218,251884,4348,743768,2604200
2737,222,231,251662,4339,743999,2601100
2738,252,221,251410,4370,744220,2599200
2739,213,230,251197,4353,744450,2641300
2740,228,224,250969,4357,744674,2598400
2741,212,219,250757,4350,744893,2570900
2742,232,211,250525,4371,745104,2563600
2743,230,193,250295,4408,745297,2551200
2744,220,217,250075,4411,745514,2588100
2745,230,242,249845,4399,745756,2625600
2746,212,221,249633,4390,745977,2597100
2747,229,208,249404,4411,746185,2568400
2748,237,203,249167,4445,746388,2558700
2749,238,247,248929,4436,746635,2576200
2750,224,210,248705,4450,746845,2555400
2751,221,225,248484,4446,747070,2988800
2752,235,220,248249,4461,747290,2631600
2753,236,218,248013,4479,747508,2707900
2754,212,216,247801,4475,747724,2654900
2755,221,217,247580,4479,747941,2600500
2756,219,220,247361,4478,748161,2615700
2757,230,221,247131,4487,748382,2705500
2758,217,251,246914,4453,748633,2605600
2759,215,229,246699,4439,748862,2620500
2760,219,210,246480,4448,749072,2592200
2761,195,204,246285,4439,749276,2614800
2762,211,238,246074,4412,749514,2543000
2763,215,206,245859,4421,749720,2617600
2764,213,205,245646,4429,749925,2589800
2765,201,226,245445,4404,750151,2564200
2766,217,198,245228,4423,750349,2554400
2767,209,227,245019,4405,750576,2561700
2768,236,228,244783,4413,750804,2559700
2769,174,236,244609,4351,751040,2603800
2770,212,225,244397,4338,751265,2596300
2771,227,198,244170,4367,751463,2559600
2772,225,209,243945,4383,751672,2581100
2773,206,244,243739,4345,751916,2558600
2774,208,231,243531,4322,752147,2666000
2775,243,227,243288,4338,752374,2835700
2776,219,212,243069,4345,752586,2657700
2777,218,231,242851,4332,752817,2614600
2778,228,231,242623,4329,753048,2678500
2779,210,212,242413,4327,753260,2675200
2780,220,238,242193,4309,753498,2654300
2781,223,219,241970,4313,753717,2630200
2782,208,202,241762,4319,753919,2589400
2783,227,188,241535,4358,754107,2592300
2784,205,203,241330,4360,754310,2625200
2785,233,221,241097,4372,754531,2572600
2786,242,216,240855,4398,754747,2571900
2787,240,211,240615,4427,754958,2632200
2788,225,234,240390,4418,755192,2577900
2789,210,206,240180,4422,755398,2561400
2790,214,228,239966,4408,755626,2573500
2791,223,237,239743,4394,755863,2560200
2792,222,232,239521,4384,756095,2537100
2793,206,220,239315,4370,756315,2654100
2794,200,233,239115,4337,756548,2573600
2795,219,223,238896,4333,756771,2582500
2796,197,228,238699,4302,756999,2562800
2797,190,217,238509,4275,757216,2560900
2798,193,192,238316,4276,757408,2540100
2799,209,238,238107,4247,757646,2666200
2800,215,211,237892,4251,757857,2676400
2801,198,189,237694,4260,758046,2644100
2802,198,188,237496,4270,758234,2683400
2803,194,186,237302,4278,758420,2629300
2804,204,220,237098,4262,758640,2628500
2805,223,214,236875,4271,758854,3102200
2806,213,219,236662,4265,759073,2756100
2807,225,215,236437,4275,759288,2632500
2808,223,230,236214,4268,759518,2741500
2809,197,224,236017,4241,759742,2982900
2810,210,217,235807,4234,759959,2806000
2811,213,226,235594,4221,760185,2769600
2812,234,204,235360,4251,760389,2697800
2813,221,195,235139,4277,760584,2660700
2814,190,201,234949,4266,760785,2607300
2815,214,218,234735,4262,761003,2622700
2816,207,206,234528,4263,761209,2955300
2817,217,206,234311,4274,761415,2696100
2818,226,199,234085,4301,761614,2613400
2819,241,216,233844,4326,761830,2551400
2820,245,205,233599,4366,762035,2572500
2821,211,220,233388,4357,762255,2545000
2822,204,216,233184,4345,762471,3025100
2823,238,221,232946,4362,762692,2857600
2824,217,206,232729,4373,762898,2651900
2825,191,216,232538,4348,763114,2582500
2826,216,222,232322,4342,763336,2634100
2827,224,208,232098,4358,763544,2585100
2828,215,209,231883,4364,763753,2743300
2829,220,242,231663,4342,763995,2653700
2830,203,216,231460,4329,764211,2716800
2831,210,216,231250,4323,764427,2642000
2832,211,252,231039,4282,764679,2623000
2833,202,248,230837,4236,764927,2572000
2834,218,209,230619,4245,765136,2762300
2835,207,203,230412,4249,765339,2653500
2836,200,226,230212,4223,765565,2567100
2837,216,218,229996,4221,765783,2542700
2838,207,235,229789,4193,766018,2536300
2839,189,238,229600,4144,766256,2555800
2840,202,202,229398,4144,766458,2617600
2841,195,215,229203,4124,766673,2624300
2842,205,188,228998,4141,766861,2608600
2843,215,185,228783,4171,767046,2617100
2844,209,184,228574,4196,767230,2543900
2845,203,232,228371,4167,767462,2546400
2846,204,205,228167,4166,767667,2712300
2847,210,202,227957,4174,767869,2661000
2848,204,219,227753,4159,768088,2581300
2849,207,184,227546,4182,768272,2563000
2850,209,217,227337,4174,768489,2556000
2851,196,205,227141,4165,768694,2551000
2852,213,179,226928,4199,768873,2665000
2853,190,209,226738,4180,769082,2663900
2854,189,210,226549,4159,769292,2617000
2855,217,227,226332,4149,769519,2589600
2856,193,219,226139,4123,769738,2565600
2857,206,187,225933,4142,769925,2570400
2858,203,188,225730,4157,770113,2614400
2859,193,209,225537,4141,770322,2599900
2860,184,196,225353,4129,770518,2593200
2861,199,197,225154,4131,770715,2564700
2862,213,205,224941,4139,770920,2585500
2863,199,197,224742,4141,771117,2551400
2864,206,194,224536,4153,771311,2624400
2865,187,204,224349,4136,771515,2567700
2866,205,198,224144,4143,771713,2584700
2867,213,200,223931,4156,771913,2564700
2868,207,220,223724,4143,772133,2550500
2869,188,182,223536,4149,772315,2544900
2870,205,202,223331,4152,772517,2958300
2871,202,204,223129,4150,772721,3062000
2872,197,222,222932,4125,772943,2585900
2873,185,213,222747,4097,773156,2587300
2874,205,194,222542,4108,773350,2538200
2875,203,214,222339,4097,773564,2549300
2876,210,201,222129,4106,773765,2604600
2877,233,182,221896,4157,773947,2649500
2878,217,219,221679,4155,774166,2608500
2879,226,202,221453,4179,774368,2620400
2880,228,240,221225,4167,774608,2609000
2881,244,211,220981,4200,774819,2614500
2882,204,213,220777,4191,775032,2604600
2883,200,218,220577,4173,775250,2594600
2884,231,182,220346,4222,775432,2556900
2885,213,230,220133,4205,775662,2585500
2886,201,235,219932,4171,775897,2571800
2887,206,234,219726,4143,776131,2538800
2888,208,222,219518,4129,776353,2592600
2889,247,216,219271,4160,776569,2601100
2890,213,227,219058,4146,776796,2559400
2891,212,224,218846,4134,777020,2532700
2892,210,226,218636,4118,777246,2560000
2893,186,224,218450,4080,777470,2549500
2894,201,208,218249,4073,777678,2599100
2895,217,210,218032,4080,777888,2587300
2896,216,193,217816,4103,778081,2605000
2897,192,197,217624,4098,778278,2569400
2898,205,200,217419,4103,778478,2566900
2899,229,209,217190,4123,778687,2531300
2900,186,204,217004,4105,778891,2564600
2901,216,190,216788,4131,779081,2617500
2902,213,201,216575,4143,779282,2596400
2903,212,185,216363,4170,779467,2599700
2904,207,202,216156,4175,779669,2688300
2905,211,194,215945,4192,779863,2640600
2906,214,224,215731,4182,780087,2626400
2907,176,211,215555,4147,780298,2649700
2908,244,209,215311,4182,780507,2663000
2909,210,219,215101,4173,780726,2617100
2910,198,215,214903,4156,780941,2616100
2911,206,186,214697,4176,781127,2616800
2912,213,198,214484,4191,781325,2642500
2913,192,202,214292,4181,781527,2854600
2914,185,191,214107,4175,781718,2697400
2915,222,219,213885,4178,781937,2692500
2916,214,211,213671,4181,782148,2621700
2917,200,206,213471,4175,782354,2608200
2918,224,209,213247,4190,782563,2616300
2919,225,205,213022,4210,782768,2620500
2920,204,211,212818,4203,782979,2559400
2921,217,189,212601,4231,783168,2571500
2922,245,226,212356,4250,783394,2533200
2923,213,202,212143,4261,783596,2556300
2924,206,194,211937,4273,783790,2547000
2925,221,218,211716,4276,784008,2570400
2926,236,202,211480,4310,784210,2605400
2927,224,187,211256,4347,784397,2563000
2928,243,214,211013,4376,784611,2590400
2929,218,214,210795,4380,784825,2597600
2930,214,195,210581,4399,785020,2676400
2931,225,217,210356,4407,785237,2716600
2932,239,247,210117,4399,785484,2674700
2933,198,199,209919,4398,785683,2606700
2934,231,232,209688,4397,785915,2613900
2935,235,206,209453,4426,786121,2579700
2936,228,248,209225,4406,786369,2599900
2937,216,227,209009,4395,786596,2580700
2938,212,218,208797,4389,786814,2612500
2939,233,187,208564,4435,787001,2555400
2940,223,204,208341,4454,787205,2571700
2941,227,225,208114,4456,787430,2554300
2942,218,221,207896,4453,787651,2539300
2943,216,219,207680,4450,787870,2758600
2944,206,204,207474,4452,788074,2692600
2945,227,229,207247,4450,788303,2694000
2946,227,227,207020,4450,788530,2977300
2947,219,203,206801,4466,788733,2752300
2948,231,199,206570,4498,788932,2756200
2949,210,239,206360,4469,789171,2773200
2950,235,244,206125,4460,789415,2723000
2951,228,218,205897,4470,789633,2700900
2952,220,203,205677,4487,789836,2779400
2953,221,226,205456,4482,790062,3055500
2954,224,234,205232,4472,790296,2876600
2955,207,220,205025,4459,790516,2779800
2956,215,235,204810,4439,790751,2739500
2957,224,183,204586,4480,790934,2710400
2958,228,221,204358,4487,791155,2682500
2959,200,235,204158,4452,791390,2652900
2960,209,221,203949,4440,791611,2730600
2961,191,220,203758,4411,791831,2648400
2962,196,207,203562,4400,792038,2626400
2963,211,222,203351,4389,792260,2640000
2964,210,234,203141,4365,792494,2599000
2965,206,219,202935,4352,792713,2598400
2966,212,239,202723,4325,792952,3129000
2967,215,221,202508,4319,793173,2829400
2968,214,200,202294,4333,793373,2739800
2969,204,226,202090,4311,793599,2695900
2970,191,184,201899,4318,793783,2671200
2971,215,199,201684,4334,793982,2695900
2972,199,213,201485,4320,794195,2790100
2973,223,223,201262,4320,794418,2693300
2974,246,218,201016,4348,794636,2826800
2975,227,215,200789,4360,794851,2820400
2976,214,232,200575,4342,795083,2734100
2977,211,226,200364,4327,795309,2988000
2978,210,215,200154,4322,795524,2661800
2979,242,210,199912,4354,795734,2710600
2980,208,209,199704,4353,795943,2662900
2981,203,221,199501,4335,796164,2668500
2982,224,219,199277,4340,796383,2671400
2983,212,208,199065,4344,796591,2718300
2984,231,207,198834,4368,796798,2620600
2985,210,217,198624,4361,797015,2605700
2986,205,223,198419,4343,797238,2598800
2987,254,209,198165,4388,797447,2608500
2988,224,213,197941,4399,797660,2602700
2989,241,198,197700,4442,797858,2883500
2990,244,219,197456,4467,798077,2813800
2991,246,215,197210,4498,798292,2593700
2992,219,224,196991,4493,798516,2578800
2993,240,212,196751,4521,798728,2598000
2994,246,234,196505,4533,798962,2588200
2995,215,216,196290,4532,799178,2908900
2996,239,243,196051,4528,799421,2558600
2997,221,257,195830,4492,799678,2611700
2998,183,223,195647,4452,799901,2649900
2999,213,218,195434,4447,800119,2549400
3000,205,208,195229,4444,800327,2546500
3001,217,205,195012,4456,800532,2576600
3002,224,203,194788,4477,800735,2583700
3003,200,222,194588,4455,800957,2582400
3004,221,201,194367,4475,801158,2685800
3005,195,226,194172,4444,801384,2635500
3006,206,231,193966,4419,801615,2649600
3007,216,222,193750,4413,801837,2595000
3008,200,216,193550,4397,802053,2598200
3009,221,209,193329,4409,802262,2586700
3010,210,233,193119,4386,802495,2584000
3011,199,206,192920,4379,802701,2558800
3012,200,233,192720,4346,802934,2621200
3013,213,217,192507,4342,803151,2695400
3014,204,210,192303,4336,803361,2667800
3015,210,230,192093,4316,803591,2605700
3016,201,231,191892,4286,803822,2617600
3017,217,208,191675,4295,804030,2597700
3018,196,224,191479,4267,804254,2587600
3019,220,236,191259,4251,804490,2634300
3020,204,202,191055,4253,804692,2628300
3021,235,200,190820,4288,804892,2607400
3022,195,202,190625,4281,805094,2559300
3023,216,224,190409,4273,805318,2563100
3024,217,207,190192,4283,805525,2621200
3025,208,231,189984,4260,805756,2663600
3026,215,210,189769,4265,805966,2790500
3027,210,220,189559,4255,806186,2866100
3028,212,210,189347,4257,806396,2783600
3029,215,246,189132,4226,806642,2744400
3030,204,196,188928,4234,806838,2738400
3031,188,228,188740,4194,807066,2698300
3032,217,200,188523,4211,807266,2662600
3033,192,201,188331,4202,807467,2651500
3034,208,198,188123,4212,807665,2610600
3035,181,227,187942,4166,807892,2598800
3036,196,196,187746,4166,808088,2668200
3037,185,210,187561,4141,808298,2671200
3038,193,225,187368,4109,808523,2745000
3039,178,187,187190,4100,808710,2701300
3040,198,192,186992,4106,808902,2639900
3041,197,175,186795,4128,809077,2604800
3042,196,229,186599,4095,809306,2699200
3043,222,205,186377,4112,809511,2605600
3044,202,212,186175,4102,809723,2654900
3045,200,197,185975,4105,809920,2567700
3046,192,191,185783,4106,810111,2575200
3047,207,187,185576,4126,810298,2540400
3048,198,211,185378,4113,810509,2636500
3049,191,197,185187,4107,810706,2566700
3050,216,164,184971,4159,810870,2594800
3051,216,188,184755,4187,811058,2563900
3052,210,210,184545,4187,811268,2666800
3053,208,208,184337,4187,811476,2645700
3054,229,207,184108,4209,811683,2753900
3055,223,199,183885,4233,811882,2691200
3056,250,216,183635,4267,812098,2632200
3057,234,192,183401,4309,812290,2600300
3058,198,210,183203,4297,812500,2597300
3059,220,207,182983,4310,812707,2581700
3060,225,250,182758,4285,812957,2644400
3061,215,183,182543,4317,813140,2597100
3062,216,216,182327,4317,813356,2561900
3063,229,217,182098,4329,813573,2582000
3064,234,230,181864,4333,813803,2554500
3065,207,213,181657,4327,814016,2549900
3066,208,235,181449,4300,814251,2830400
3067,226,238,181223,4288,814489,2919300
3068,207,209,181016,4286,814698,2506800
3069,219,214,180797,4291,814912,2582100
3070,184,211,180613,4264,815123,2538500
3071,210,203,180403,4271,815326,2526500
3072,214,194,180189,4291,815520,2618700
3073,226,207,179963,4310,815727,2580600
3074,225,208,179738,4327,815935,2548000
3075,194,230,179544,4291,816165,2535000
3076,217,192,179327,4316,816357,2537400
3077,231,210,179096,4337,816567,2556000
3078,198,220,178898,4315,816787,2658000
3079,188,208,178710,4295,816995,2632200
3080,213,241,178497,4267,817236,2657600
3081,219,217,178278,4269,817453,2640700
3082,179,207,178099,4241,817660,2613300
3083,194,242,177905,4193,817902,2565700
3084,193,211,177712,4175,818113,2999900
3085,186,182,177526,4179,818295,2639900
3086,181,191,177345,4169,818486,2668600
3087,178,230,177167,4117,818716,2631900
3088,207,207,176960,4117,818923,2687000
3089,212,209,176748,4120,819132,2688800
3090,194,198,176554,4116,819330,3275100
3091,206,218,176348,4104,819548,2696200
3092,204,201,176144,4107,819749,2687300
3093,217,198,175927,4126,819947,2632900
3094,179,203,175748,4102,820150,2633400
3095,202,227,175546,4077,820377,2642100
3096,205,198,175341,4084,820575,2675500
3097,234,210,175107,4108,820785,2653300
3098,218,202,174889,4124,820987,2639600
3099,237,216,174652,4145,821203,2634700
3100,212,199,174440,4158,821402,2646900
3101,203,208,174237,4153,821610,2630600
3102,225,223,174012,4155,821833,2648700
3103,199,206,173813,4148,822039,2705800
3104,185,212,173628,4121,822251,2710100
3105,202,202,173426,4121,822453,2706600
3106,228,225,173198,4124,822678,2735800
3107,211,224,172987,4111,822902,2727100
3108,200,214,172787,4097,823116,2666600
3109,208,201,172579,4104,823317,2652800
3110,214,190,172365,4128,823507,2641000
3111,194,194,172171,4128,823701,2658300
3112,206,187,171965,4147,823888,2641400
3113,197,225,171768,4119,824113,2675800
3114,219,199,171549,4139,824312,2689400
3115,193,228,171356,4104,824540,2654800
3116,198,191,171158,4111,824731,2650400
3117,202,194,170956,4119,824925,2658300
3118,226,205,170730,4140,825130,2647700
3119,212,205,170518,4147,825335,2682100
3120,211,202,170307,4156,825537,2642000
3121,217,202,170090,4171,825739,2705800
3122,188,231,169902,4128,825970,2653500
3123,218,201,169684,4145,826171,2673200
3124,202,200,169482,4147,826371,2635200
3125,209,216,169273,4140,826587,2982300
3126,201,225,169072,4116,826812,2967600
3127,222,189,168850,4149,827001,2826100
3128,207,192,168643,4164,827193,2717500
3129,203,195,168440,4172,827388,2849700
3130,185,194,168255,4163,827582,2859800
3131,199,195,168056,4167,827777,2891800
3132,205,213,167851,4159,827990,3138500
3133,208,192,167643,4175,828182,2735400
3134,221,229,167422,4167,828411,2729600
3135,200,222,167222,4145,828633,2621400
3136,228,210,166994,4163,828843,2662900
3137,205,222,166789,4146,829065,2680100
3138,188,204,166601,4130,829269,2621500
3139,194,199,166407,4125,829468,2658900
3140,202,215,166205,4112,829683,2632300
3141,189,211,166016,4090,829894,2601200
3142,205,193,165811,4102,830087,2622100
3143,203,193,165608,4112,830280,2608000
3144,203,187,165405,4128,830467,2605500
3145,185,191,165220,4122,830658,2614700
3146,194,200,165026,4116,830858,2568800
3147,212,201,164814,4127,831059,2578700
3148,206,203,164608,4130,831262,2665600
3149,201,195,164407,4136,831457,2576400
3150,197,215,164210,4118,831672,2575400
3151,221,224,163989,4115,831896,2581400
3152,189,199,163800,4105,832095,2596400
3153,208,197,163592,4116,832292,2598900
3154,187,229,163405,4074,832521,2802700
3155,170,180,163235,4064,832701,2643700
3156,180,215,163055,4029,832916,2656000
3157,183,203,162872,4009,833119,2575200
3158,187,210,162685,3986,833329,2605800
3159,187,209,162498,3964,833538,2566300
3160,171,187,162327,3948,833725,3463200
3161,188,185,162139,3951,833910,2603000
3162,172,229,161967,3894,834139,2633400
3163,182,190,161785,3886,834329,2669100
3164,179,179,161606,3886,834508,2572100
3165,192,198,161414,3880,834706,2563100
3166,167,190,161247,3857,834896,2588800
3167,162,197,161085,3822,835093,2563300
3168,188,172,160897,3838,835265,2532100
3169,161,197,160736,3802,835462,2531100
3170,164,163,160572,3803,835625,2527800
3171,165,203,160407,3765,835828,2554100
3172,182,196,160225,3751,836024,2650200
3173,170,198,160055,3723,836222,2562900
3174,175,186,159880,3712,836408,2568100
3175,182,202,159698,3692,836610,2548600
3176,168,206,159530,3654,836816,2504600
3177,188,175,159342,3667,836991,2543500
3178,176,184,159166,3659,837175,2888000
3179,177,191,158989,3645,837366,2652800
3180,190,184,158799,3651,837550,2623200
3181,191,158,158608,3684,837708,2676500
3182,196,178,158412,3702,837886,2578100
3183,185,199,158227,3688,838085,2547200
3184,190,172,158037,3706,838257,2786800
3185,182,160,157855,3728,838417,3021500
3186,182,186,157673,3724,838603,2538100
3187,156,200,157517,3680,838803,2568000
3188,167,182,157350,3665,838985,2557800
3189,145,203,157205,3607,839188,2537400
3190,155,190,157050,3572,839378,2617100
3191,180,185,156870,3567,839563,2537600
3192,164,157,156706,3574,839720,2544900
3193,174,164,156532,3584,839884,2530000
3194,179,168,156353,3595,840052,2529400
3195,177,207,156176,3565,840259,2503900
3196,173,169,156003,3569,840428,3033500
3197,162,153,155841,3578,840581,3125700
3198,204,176,155637,3606,840757,2629200
3199,193,172,155444,3627,840929,2588800
3200,189,174,155255,3642,841103,2628200
3201,185,181,155070,3646,841284,3081200
3202,164,169,154906,3641,841453,2858300
3203,193,194,154713,3640,841647,2785500
3204,178,193,154535,3625,841840,2681900
3205,178,180,154357,3623,842020,2616100
3206,169,179,154188,3613,842199,2582900
3207,153,197,154035,3569,842396,2845100
3208,161,156,153874,3574,842552,2575600
3209,178,157,153696,3595,842709,2531400
3210,180,154,153516,3621,842863,2516100
3211,173,198,153343,3596,843061,2520500
3212,179,178,153164,3597,843239,2543600
3213,147,161,153017,3583,843400,2623400
3214,178,195,152839,3566,843595,2542400
3215,174,175,152665,3565,843770,2538700
3216,156,198,152509,3523,843968,2526200
3217,162,174,152347,3511,844142,2497600
3218,160,175,152187,3496,844317,2520100
3219,158,170,152029,3484,844487,2689000
3220,178,166,151851,3496,844653,2566200
3221,172,174,151679,3494,844827,2686700
3222,165,199,151514,3460,845026,2527400
3223,161,175,151353,3446,845201,2543800
3224,178,158,151175,3466,845359,2925500
3225,163,174,151012,3455,845533,2928000
3226,189,167,150823,3477,845700,2608200
3227,189,142,150634,3524,845842,2623300
3228,178,197,150456,3505,846039,2618400
3229,164,181,150292,3488,846220,2644300
3230,173,181,150119,3480,846401,2720000
3231,185,172,149934,3493,846573,2656900
3232,151,175,149783,3469,846748,2605100
3233,185,162,149598,3492,846910,2565500
3234,175,166,149423,3501,847076,2572300
3235,165,157,149258,3509,847233,2566100
3236,169,174,149089,3504,847407,2584300
3237,192,157,148897,3539,847564,2533300
3238,153,175,148744,3517,847739,2525100
3239,181,173,148563,3525,847912,2501700
3240,162,192,148401,3495,848104,2514600
3241,133,170,148268,3458,848274,2506100
3242,177,172,148091,3463,848446,2562500
3243,187,194,147904,3456,848640,2548200
3244,173,155,147731,3474,848795,2534500
3245,154,170,147577,3458,848965,2522400
3246,159,172,147418,3445,849137,2538000
3247,183,166,147235,3462,849303,2565800
3248,164,189,147071,3437,849492,2695900
3249,187,181,146884,3443,849673,2555900
3250,164,178,146720,3429,849851,2538500
3251,167,171,146553,3425,850022,2526200
3252,157,180,146396,3402,850202,2510400
3253,161,174,146235,3389,850376,2552000
3254,165,184,146070,3370,850560,2563700
3255,167,153,145903,3384,850713,2655900
3256,159,187,145744,3356,850900,2560300
3257,163,177,145581,3342,851077,2567300
3258,144,169,145437,3317,851246,2556400
3259,163,173,145274,3307,851419,2540800
3260,163,159,145111,3311,851578,2639200
3261,175,156,144936,3330,851734,2861300
3262,166,159,144770,3337,851893,2508000
3263,199,160,144571,3376,852053,2526900
3264,186,149,144385,3413,852202,2527600
3265,168,163,144217,3418,852365,2498000
3266,167,163,144050,3422,852528,2678200
3267,149,172,143901,3399,852700,3011100
3268,169,148,143732,3420,852848,2686400
3269,159,183,143573,3396,853031,2556500
3270,167,172,143406,3391,853203,2560300
3271,168,140,143238,3419,853343,2471800
3272,172,157,143066,3434,853500,2638600
3273,177,170,142889,3441,853670,2981400
3274,183,184,142706,3440,853854,2711700
3275,180,180,142526,3440,854034,2540100
3276,176,156,142350,3460,854190,2608800
3277,162,153,142188,3469,854343,2483200
3278,171,175,142017,3465,854518,2516700
3279,163,142,141854,3486,854660,2550100
3280,140,175,141714,3451,854835,2589700
3281,157,179,141557,3429,855014,2600400
3282,157,183,141400,3403,855197,2553700
3283,164,167,141236,3400,855364,2541600
3284,168,186,141068,3382,855550,2545800
3285,161,157,140907,3386,855707,2593500
3286,148,202,140759,3332,855909,2592000
3287,181,161,140578,3352,856070,2601200
3288,154,147,140424,3359,856217,2564600
3289,189,178,140235,3370,856395,2639300
3290,155,138,140080,3387,856533,2649100
3291,171,142,139909,3416,856675,2636200
3292,165,156,139744,3425,856831,2617600
3293,164,177,139580,3412,857008,2573000
3294,162,145,139418,3429,857153,2529600
3295,169,168,139249,3430,857321,2504400
3296,176,164,139073,3442,857485,2683900
3297,151,157,138922,3436,857642,3019600
3298,185,164,138737,3457,857806,2756800
3299,156,183,138581,3430,857989,2561400
3300,145,148,138436,3427,858137,2546400
3301,161,177,138275,3411,858314,2470800
3302,163,175,138112,3399,858489,2763000
3303,163,182,137949,3380,858671,2592500
3304,156,186,137793,3350,858857,2551500
3305,154,161,137639,3343,859018,2574300
3306,127,147,137512,3323,859165,2548900
3307,164,166,137348,3321,859331,2518800
3308,142,180,137206,3283,859511,2915300
3309,142,174,137064,3251,859685,2483000
3310,158,188,136906,3221,859873,2542200
3311,171,144,136735,3248,860017,2482500
3312,149,145,136586,3252,860162,2473900
3313,159,149,136427,3262,860311,2471300
3314,146,152,136281,3256,860463,2648100
3315,126,155,136155,3227,860618,2543200
3316,164,185,135991,3206,860803,2538800
3317,157,160,135834,3203,860963,2519800
3318,147,135,135687,3215,861098,2504200
3319,164,165,135523,3214,861263,2803800
3320,148,166,135375,3196,861429,2531500
3321,158,170,135217,3184,861599,2703900
3322,157,176,135060,3165,861775,2555900
3323,158,165,134902,3158,861940,2538900
3324,138,165,134764,3131,862105,2551000
3325,156,178,134608,3109,862283,2889300
3326,126,139,134482,3096,862422,2547900
3327,177,137,134305,3136,862559,2533600
3328,128,143,134177,3121,862702,2555300
3329,155,173,134022,3103,862875,2549900
3330,162,157,133860,3108,863032,2858500
3331,153,151,133707,3110,863183,2785100
3332,137,157,133570,3090,863340,2823100
3333,120,152,133450,3058,863492,2642600
3334,143,190,133307,3011,863682,2657000
3335,160,170,133147,3001,863852,2610000
3336,132,168,133015,2965,864020,3338200
3337,156,144,132859,2977,864164,2627600
3338,140,158,132719,2959,864322,2620200
3339,154,153,132565,2960,864475,2529200
3340,142,177,132423,2925,864652,2503900
3341,154,149,132269,2930,864801,2861500
3342,140,126,132129,2944,864927,2556900
3343,144,142,131985,2946,865069,2565200
3344,158,139,131827,2965,865208,2550900
3345,161,153,131666,2973,865361,2539300
3346,154,174,131512,2953,865535,2474700
3347,165,158,131347,2960,865693,3140700
3348,159,173,131188,2946,865866,2658000
3349,147,133,131041,2960,865999,2619500
3350,149,158,130892,2951,866157,2626400
3351,144,145,130748,2950,866302,2584800
3352,178,150,130570,2978,866452,2747500
3353,152,162,130418,2968,866614,2634500
3354,175,143,130243,3000,866757,2724100
3355,165,132,130078,3033,866889,2719000
3356,165,170,129913,3028,867059,2681100
3357,164,147,129749,3045,867206,3005200
3358,169,141,129580,3073,867347,2959400
3359,160,148,129420,3085,867495,2500800
3360,143,153,129277,3075,867648,2578200
3361,146,165,129131,3056,867813,2512700
3362,152,144,128979,3064,867957,2499200
3363,144,146,128835,3062,868103,2515700
3364,167,150,128668,3079,868253,2493200
3365,142,159,128526,3062,868412,2483600
3366,184,137,128342,3109,868549,2486700
3367,146,150,128196,3105,868699,2480200
3368,161,150,128035,3116,868849,2588000
3369,142,139,127893,3119,868988,2511700
3370,164,155,127729,3128,869143,2519800
3371,139,155,127590,3112,869298,2485800
3372,163,159,127427,3116,869457,2479900
3373,135,167,127292,3084,869624,2484200
3374,133,157,127159,3060,869781,2504700
3375,108,164,127051,3004,869945,2534700
3376,144,148,126907,3000,870093,2587600
3377,130,142,126777,2988,870235,2556500
3378,145,162,126632,2971,870397,2558600
3379,162,169,126470,2964,870566,2479800
3380,133,151,126337,2946,870717,2573400
3381,153,140,126184,2959,870857,2485000
3382,148,163,126036,2944,871020,2511800
3383,149,149,125887,2944,871169,2497200
3384,152,140,125735,2956,871309,2513400
3385,164,160,125571,2960,871469,2542700
3386,155,148,125416,2967,871617,2540000
3387,137,148,125279,2956,871765,2497200
3388,143,151,125136,2948,871916,2544400
3389,162,139,124974,2971,872055,2564400
3390,142,143,124832,2970,872198,2543900
3391,167,145,124665,2992,872343,2574300
3392,166,162,124499,2996,872505,2626000
3393,141,136,124358,3001,872641,2602800
3394,141,147,124217,2995,872788,2583700
3395,150,114,124067,3031,872902,2570500
3396,135,193,123932,2973,873095,2549800
3397,130,131,123802,2972,873226,2561200
3398,162,150,123640,2984,873376,2546000
3399,161,161,123479,2984,873537,2554800
3400,166,135,123313,3015,873672,2615800
3401,142,143,123171,3014,873815,2560800
3402,144,140,123027,3018,873955,2582600
3403,143,170,122884,2991,874125,2570800
3404,151,144,122733,2998,874269,2532300
3405,150,148,122583,3000,874417,2546500
3406,165,149,122418,3016,874566,2524900
3407,140,126,122278,3030,874692,2515800
3408,143,159,122135,3014,874851,2630500
3409,125,147,122010,2992,874998,2551400
3410,154,159,121856,2987,875157,2555900
3411,172,156,121684,3003,875313,2519300
3412,149,171,121535,2981,875484,2524800
3413,146,146,121389,2981,875630,2558200
3414,158,150,121231,2989,875780,2615100
3415,157,146,121074,3000,875926,2612600
3416,149,162,120925,2987,876088,2578700
3417,149,168,120776,2968,876256,2553800
3418,137,148,120639,2957,876404,2518600
3419,158,130,120481,2985,876534,2550300
3420,156,147,120325,2994,876681,2670100
3421,142,144,120183,2992,876825,2635400
3422,150,152,120033,2990,876977,2599600
3423,168,145,119865,3013,877122,2635800
3424,150,158,119715,3005,877280,2606700
3425,141,158,119574,2988,877438,2579600
3426,159,151,119415,2996,877589,2587000
3427,148,140,119267,3004,877729,2569400
3428,147,174,119120,2977,877903,2520400
3429,147,150,118973,2974,878053,2526700
3430,134,144,118839,2964,878197,2942700
3431,149,130,118690,2983,878327,2566400
3432,154,154,118536,2983,878481,2548900
3433,152,131,118384,3004,878612,2527400
3434,135,153,118249,2986,878765,2513900
3435,135,149,118114,2972,878914,2559600
3436,145,140,117969,2977,879054,2532200
3437,148,158,117821,2967,879212,2592900
3438,144,135,117677,2976,879347,2518900
3439,138,133,117539,2981,879480,2541700
3440,156,136,117383,3001,879616,2506200
3441,143,162,117240,2982,879778,2866400
3442,155,142,117085,2995,879920,2993300
3443,139,159,116946,2975,880079,2578600
3444,137,154,116809,2958,880233,2920100
3445,136,137,116673,2957,880370,2493100
3446,137,142,116536,2952,880512,2591400
3447,134,146,116402,2940,880658,2742200
3448,138,133,116264,2945,880791,2640200
3449,166,164,116098,2947,880955,2609500
3450,147,160,115951,2934,881115,2611600
3451,147,152,115804,2929,881267,2580900
3452,127,137,115677,2919,881404,2713200
3453,162,153,115515,2928,881557,2819200
3454,139,139,115376,2928,881696,2823800
3455,166,146,115210,2948,881842,2541700
3456,152,134,115058,2966,881976,2525200
3457,150,151,114908,2965,882127,2624800
3458,142,135,114766,2972,882262,2552800
3459,159,176,114607,2955,882438,2515900
3460,146,147,114461,2954,882585,2515800
3461,139,135,114322,2958,882720,2535700
3462,149,113,114173,2994,882833,2534200
3463,164,136,114009,3022,882969,2563100
3464,146,144,113863,3024,883113,2525000
3465,162,135,113701,3051,883248,2521100
3466,147,149,113554,3049,883397,2491200
3467,156,135,113398,3070,883532,2531400
3468,142,163,113256,3049,883695,5465800
3469,150,151,113106,3048,883846,3831600
3470,135,144,112971,3039,883990,16409900
3471,164,160,112807,3043,884150,3645300
3472,143,145,112664,3041,884295,3742800
3473,140,157,112524,3024,884452,3425800
3474,144,152,112380,3016,884604,3041900
3475,166,140,112214,3042,884744,2787500
3476,149,163,112065,3028,884907,2789000
3477,163,160,111902,3031,885067,2733800
3478,147,153,111755,3025,885220,2799700
3479,152,147,111603,3030,885367,3235500
3480,149,162,111454,3017,885529,3308700
3481,125,159,111329,2983,885688,2806700
3482,144,150,111185,2977,885838,2810200
3483,157,150,111028,2984,885988,2775100
3484,151,141,110877,2994,886129,2749800
3485,139,152,110738,2981,886281,2668300
3486,154,161,110584,2974,886442,3127600
3487,142,154,110442,2962,886596,2811500
3488,145,153,110297,2954,886749,2649700
3489,140,144,110157,2950,886893,2613600
3490,128,163,110029,2915,887056,2599300
3491,157,137,109872,2935,887193,2612500
3492,139,139,109733,2935,887332,2553400
3493,139,157,109594,2917,887489,2558100
3494,139,159,109455,2897,887648,2506600
3495,153,144,109302,2906,887792,2528000
3496,144,143,109158,2907,887935,2524100
3497,129,153,109029,2883,888088,2635600
3498,155,143,108874,2895,888231,2581600
3499,141,136,108733,2900,888367,2592600
3500,136,152,108597,2884,888519,2614400
3501,144,152,108453,2876,888671,2599900
3502,128,156,108325,2848,888827,2911100
3503,134,150,108191,2832,888977,2885000
3504,130,161,108061,2801,889138,2528100
3505,152,134,107909,2819,889272,2557900
3506,128,147,107781,2800,889419,2622900
3507,149,142,107632,2807,889561,3128000
3508,148,126,107484,2829,889687,2641100
3509,131,129,107353,2831,889816,2623400
3510,141,126,107212,2846,889942,2651300
3511,135,138,107077,2843,890080,2587100
3512,144,143,106933,2844,890223,2609100
3513,133,155,106800,2822,890378,2641200
3514,165,141,106635,2846,890519,2696600
3515,151,129,106484,2868,890648,2968100
3516,143,139,106341,2872,890787,2788300
3517,133,146,106208,2859,890933,2785900
3518,150,154,106058,2855,891087,2689800
3519,143,152,105915,2846,891239,2665100
3520,155,138,105760,2863,891377,2664900
3521,129,128,105631,2864,891505,2631200
3522,130,156,105501,2838,891661,2631200
3523,127,139,105374,2826,891800,2617800
3524,138,131,105236,2833,891931,2621000
3525,135,138,105101,2830,892069,2645500
3526,122,117,104979,2835,892186,2593000
3527,144,132,104835,2847,892318,2686800
3528,144,139,104691,2852,892457,2817700
3529,144,155,104547,2841,892612,2621900
3530,149,150,104398,2840,892762,2643700
3531,146,157,104252,2829,892919,2601400
3532,136,128,104116,2837,893047,2591900
3533,145,142,103971,2840,893189,2922400
3534,134,128,103837,2846,893317,2568500
3535,147,139,103690,2854,893456,2592900
3536,130,148,103560,2836,893604,2597600
3537,139,137,103421,2838,893741,2569500
3538,129,145,103292,2822,893886,2596700
3539,132,133,103160,2821,894019,2557200
3540,144,151,103016,2814,894170,2610900
3541,152,137,102864,2829,894307,2592500
3542,130,154,102734,2805,894461,2569100
3543,133,146,102601,2792,894607,2609100
3544,137,135,102464,2794,894742,2684800
3545,143,132,102321,2805,894874,2678500
3546,124,136,102197,2793,895010,2615300
3547,124,126,102073,2791,895136,2632300
3548,132,116,101941,2807,895252,2605800
3549,146,156,101795,2797,895408,3010000
3550,121,163,101674,2755,895571,2730900
3551,143,122,101531,2776,895693,2575300
3552,140,131,101391,2785,895824,2569400
3553,140,153,101251,2772,895977,2564100
3554,133,141,101118,2764,896118,2599200
3555,132,132,100986,2764,896250,2547800
3556,133,133,100853,2764,896383,2502000
3557,107,135,100746,2736,896518,2524200
3558,116,145,100630,2707,896663,2515700
3559,123,167,100507,2663,896830,2848500
3560,140,145,100367,2658,896975,2943400
3561,134,122,100233,2670,897097,2734900
3562,120,139,100113,2651,897236,2640200
3563,128,137,99985,2642,897373,2652200
3564,108,139,99877,2611,897512,2642800
3565,112,142,99765,2581,897654,2583200
3566,125,130,99640,2576,897784,2531700
3567,120,113,99520,2583,897897,2540400
3568,118,130,99402,2571,898027,2523300
3569,143,124,99259,2590,898151,2577900
3570,139,104,99120,2625,898255,3033900
3571,133,144,98987,2614,898399,2538400
3572,122,131,98865,2605,898530,2539300
3573,126,134,98739,2597,898664,2561700
3574,139,133,98600,2603,898797,2571900
3575,134,129,98466,2608,898926,2620800
3576,137,118,98329,2627,899044,2559600
3577,137,128,98192,2636,899172,2550400
3578,137,115,98055,2658,899287,2529000
3579,117,130,97938,2645,899417,2529300
3580,140,115,97798,2670,899532,2557100
3581,142,135,97656,2677,899667,2592900
3582,138,110,97518,2705,899777,2513400
3583,139,126,97379,2718,899903,2517700
3584,144,138,97235,2724,900041,2508600
3585,141,137,97094,2728,900178,2519200
3586,149,155,96945,2722,900333,2591500
3587,151,132,96794,2741,900465,2513100
3588,140,132,96654,2749,900597,2541600
3589,145,150,96509,2744,900747,2531500
3590,146,133,96363,2757,900880,2502500
3591,162,127,96201,2792,901007,2834700
3592,168,129,96033,2831,901136,2591100
3593,160,157,95873,2834,901293,2743700
3594,143,136,95730,2841,901429,2542000
3595,154,142,95576,2853,901571,2557200
3596,161,135,95415,2879,901706,2636100
3597,132,140,95283,2871,901846,2560300
3598,146,123,95137,2894,901969,2550000
3599,157,150,94980,2901,902119,2536100
3600,115,171,94865,2845,902290,2524500
3601,139,143,94726,2841,902433,2526500
3602,123,138,94603,2826,902571,2573800
3603,120,153,94483,2793,902724,2517000
3604,127,154,94356,2766,902878,2530300
3605,139,147,94217,2758,903025,2534900
3606,131,136,94086,2753,903161,2551600
3607,120,122,93966,2751,903283,2848900
3608,116,157,93850,2710,903440,2875300
3609,136,125,93714,2721,903565,2596200
3610,127,134,93587,2714,903699,2561300
3611,163,119,93424,2758,903818,2578800
3612,135,146,93289,2747,903964,2887000
3613,133,109,93156,2771,904073,2831000
3614,135,126,93021,2780,904199,2546100
3615,132,129,92889,2783,904328,2489700
3616,142,132,92747,2793,904460,2488400
3617,140,146,92607,2787,904606,2540200
3618,146,124,92461,2809,904730,2578100
3619,154,130,92307,2833,904860,2571900
3620,133,150,92174,2816,905010,2544500
3621,129,124,92045,2821,905134,2559300
3622,120,152,91925,2789,905286,2547500
3623,141,138,91784,2792,905424,2929900
3624,126,144,91658,2774,905568,2707700
3625,125,150,91533,2749,905718,2540900
3626,138,134,91395,2753,905852,2538700
3627,136,134,91259,2755,905986,2533400
3628,144,121,91115,2778,906107,2772600
3629,124,148,90991,2754,906255,3654900
3630,131,151,90860,2734,906406,2914500
3631,128,126,90732,2736,906532,2720900
3632,118,137,90614,2717,906669,2623700
3633,112,126,90502,2703,906795,2922000
3634,134,152,90368,2685,906947,3087400
3635,143,118,90225,2710,907065,2551800
3636,126,136,90099,2700,907201,2540900
3637,127,133,89972,2694,907334,2516600
3638,142,150,89830,2686,907484,2581900
3639,124,139,89706,2671,907623,2571400
3640,118,149,89588,2640,907772,2576300
3641,142,124,89446,2658,907896,2565500
3642,128,118,89318,2668,908014,2548200
3643,137,123,89181,2682,908137,2578900
3644,131,134,89050,2679,908271,2577400
3645,119,157,88931,2641,908428,2543400
3646,132,126,88799,2647,908554,2562900
3647,136,146,88663,2637,908700,2525500
3648,127,114,88536,2650,908814,2543900
3649,122,123,88414,2649,908937,2587200
3650,137,141,88277,2645,909078,2522700
3651,111,126,88166,2630,909204,2524200
3652,141,128,88025,2643,909332,2486400
3653,133,133,87892,2643,909465,2486200
3654,131,108,87761,2666,909573,2837100
3655,129,143,87632,2652,909716,3147700
3656,116,150,87516,2618,909866,2841600
3657,134,121,87382,2631,909987,2705300
3658,122,129,87260,2624,910116,2649600
3659,123,137,87137,2610,910253,2649100
3660,120,150,87017,2580,910403,2586600
3661,133,129,86884,2584,910532,2610300
3662,113,120,86771,2577,910652,2549300
3663,109,129,86662,2557,910781,2606600
3664,103,118,86559,2542,910899,2567200
3665,140,124,86419,2558,911023,2626200
3666,129,136,86290,2551,911159,2571400
3667,137,123,86153,2565,911282,2547400
3668,123,137,86030,2551,911419,2532200
3669,114,129,85916,2536,911548,2516700
3670,119,116,85797,2539,911664,2901700
3671,124,139,85673,2524,911803,2454300
3672,126,138,85547,2512,911941,2589900
3673,143,137,85404,2518,912078,2444700
3674,123,115,85281,2526,912193,2463400
3675,124,115,85157,2535,912308,2488600
3676,137,134,85020,2538,912442,2656500
3677,129,129,84891,2538,912571,2592200
3678,135,113,84756,2560,912684,2592200
3679,127,112,84629,2575,912796,2570700
3680,142,129,84487,2588,912925,2582100
3681,139,119,84348,2608,913044,3229800
3682,139,106,84209,2641,913150,2801500
3683,126,140,84083,2627,913290,2713700
3684,128,137,83955,2618,913427,2638700
3685,127,158,83828,2587,913585,3077100
3686,134,120,83694,2601,913705,3276900
3687,149,114,83545,2636,913819,3439300
3688,104,130,83441,2610,913949,2680700
3689,119,140,83322,2589,914089,2598500
3690,155,136,83167,2608,914225,2728300
3691,126,133,83041,2601,914358,2720600
3692,138,122,82903,2617,914480,2643600
3693,127,137,82776,2607,914617,2593800
3694,141,124,82635,2624,914741,2590400
3695,115,137,82520,2602,914878,2613100
3696,133,131,82387,2604,915009,2558800
3697,147,122,82240,2629,915131,2543400
3698,131,141,82109,2619,915272,2507200
3699,129,123,81980,2625,915395,2526500
3700,148,118,81832,2655,915513,2580900
3701,130,133,81702,2652,915646,2570300
3702,132,133,81570,2651,915779,2533500
3703,120,130,81450,2641,915909,2539200
3704,137,130,81313,2648,916039,2513500
3705,148,130,81165,2666,916169,2540400
3706,150,141,81015,2675,916310,2621700
3707,136,131,80879,2680,916441,2592600
3708,135,135,80744,2680,916576,2590900
3709,131,142,80613,2669,916718,2548400
3710,137,137,80476,2669,916855,2535800
3711,144,135,80332,2678,916990,2722600
3712,139,144,80193,2673,917134,2531400
3713,132,118,80061,2687,917252,2506900
3714,129,130,79932,2686,917382,2536000
3715,121,139,79811,2668,917521,2524900
3716,130,120,79681,2678,917641,2547100
3717,122,131,79559,2669,917772,2564300
3718,117,135,79442,2651,917907,2580200
3719,123,123,79319,2651,918030,2536300
3720,110,128,79209,2633,918158,2521000
3721,133,140,79076,2626,918298,2530000
3722,134,127,78942,2633,918425,3112200
3723,120,126,78822,2627,918551,2528900
3724,135,136,78687,2626,918687,2539700
3725,138,130,78549,2634,918817,2521100
3726,135,137,78414,2632,918954,2536000
3727,128,147,78286,2613,919101,2678400
3728,114,129,78172,2598,919230,2933000
3729,113,116,78059,2595,919346,2699700
3730,134,116,77925,2613,919462,2634300
3731,112,127,77813,2598,919589,2656300
3732,134,123,77679,2609,919712,2643800
3733,112,119,77567,2602,919831,2563400
3734,116,118,77451,2600,919949,2533200
3735,114,141,77337,2573,920090,2557400
3736,115,144,77222,2544,920234,2543000
3737,123,124,77099,2543,920358,2850900
3738,127,125,76972,2545,920483,2702300
3739,124,120,76848,2549,920603,2488500
3740,111,129,76737,2531,920732,2488000
3741,132,118,76605,2545,920850,2524200
3742,129,148,76476,2526,920998,2516200
3743,141,149,76335,2518,921147,2502100
3744,132,117,76203,2533,921264,2620800
3745,141,126,76062,2548,921390,2563100
3746,128,123,75934,2553,921513,2552300
3747,115,113,75819,2555,921626,2507500
3748,123,129,75696,2549,921755,2905000
3749,129,146,75567,2532,921901,2514900
3750,137,131,75430,2538,922032,2540300
3751,127,127,75303,2538,922159,2554700
3752,114,123,75189,2529,922282,2688700
3753,133,123,75056,2539,922405,2942400
3754,132,130,74924,2541,922535,2810100
3755,116,153,74808,2504,922688,2559600
3756,106,125,74702,2485,922813,2500400
3757,137,141,74565,2481,922954,2633500
3758,107,116,74458,2472,923070,2875100
3759,117,110,74341,2479,923180,2645100
3760,110,144,74231,2445,923324,2586800
3761,108,134,74123,2419,923458,2586300
3762,137,119,73986,2437,923577,2513700
3763,122,133,73864,2426,923710,2540800
3764,102,119,73762,2409,923829,2507100
3765,112,121,73650,2400,923950,2529500
3766,98,103,73552,2395,924053,2525000
3767,119,127,73433,2387,924180,2501900
3768,138,102,73295,2423,924282,2479200
3769,146,128,73149,2441,924410,2530500
3770,112,135,73037,2418,924545,2501000
3771,121,144,72916,2395,924689,2530700
3772,118,119,72798,2394,924808,2514600
3773,118,104,72680,2408,924912,2518000
3774,109,120,72571,2397,925032,2598900
3775,117,103,72454,2411,925135,2591800
3776,114,151,72340,2374,925286,2563500
3777,110,116,72230,2368,925402,2529200
3778,119,109,72111,2378,925511,2497200
3779,111,94,72000,2395,925605,2662000
3780,114,114,71886,2395,925719,2900300
3781,122,128,71764,2389,925847,2813000
3782,110,127,71654,2372,925974,2489700
3783,137,107,71517,2402,926081,2477100
3784,111,129,71406,2384,926210,2498900
3785,116,112,71290,2388,926322,2520400
3786,116,130,71174,2374,926452,2518300
3787,118,128,71056,2364,926580,2573600
3788,111,99,70945,2376,926679,2517100
3789,126,126,70819,2376,926805,2516500
3790,143,94,70676,2425,926899,2614500
3791,120,124,70556,2421,927023,2535600
3792,114,119,70442,2416,927142,2550700
3793,114,100,70328,2430,927242,2501600
3794,115,118,70213,2427,927360,2485100
3795,110,122,70103,2415,927482,2644800
3796,115,120,69988,2410,927602,2547800
3797,112,113,69876,2409,927715,2556600
3798,116,119,69760,2406,927834,2528100
3799,111,129,69649,2388,927963,2487200
3800,129,116,69520,2401,928079,2496400
3801,124,107,69396,2418,928186,2517400
3802,127,121,69269,2424,928307,2501000
3803,106,111,69163,2419,928418,2517600
3804,116,116,69047,2419,928534,2466000
3805,110,126,68937,2403,928660,2461500
3806,102,134,68835,2371,928794,2534700
3807,113,114,68722,2370,928908,2526500
3808,103,130,68619,2343,929038,2481800
3809,104,110,68515,2337,929148,2630200
3810,100,128,68415,2309,929276,2876300
3811,129,120,68286,2318,929396,2743500
3812,110,126,68176,2302,929522,2657600
3813,109,93,68067,2318,929615,2594400
3814,102,108,67965,2312,929723,2568000
3815,112,123,67853,2301,929846,2518800
3816,112,125,67741,2288,929971,2540000
3817,110,133,67631,2265,930104,2529200
3818,110,126,67521,2249,930230,2517500
3819,105,114,67416,2240,930344,2499400
3820,113,132,67303,2221,930476,2580000
3821,118,113,67185,2226,930589,2557600
3822,108,118,67077,2216,930707,2544000
3823,107,95,66970,2228,930802,2532500
3824,128,101,66842,2255,930903,2582600
3825,120,107,66722,2268,931010,2507300
3826,115,108,66607,2275,931118,2480900
3827,96,107,66511,2264,931225,2705500
3828,139,124,66372,2279,931349,2693400
3829,132,102,66240,2309,931451,2542800
3830,115,106,66125,2318,931557,2518700
3831,118,108,66007,2328,931665,2501600
3832,126,112,65881,2342,931777,2548200
3833,107,116,65774,2333,931893,2543800
3834,112,116,65662,2329,932009,2512900
3835,122,116,65540,2335,932125,2497600
3836,122,102,65418,2355,932227,2482800
3837,120,103,65298,2372,932330,2514000
3838,108,108,65190,2372,932438,2529000
3839,127,136,65063,2363,932574,2493000
3840,117,117,64946,2363,932691,2518500
3841,132,90,64814,2405,932781,2535200
3842,136,130,64678,2411,932911,2752900
3843,117,148,64561,2380,933059,2688200
3844,132,113,64429,2399,933172,2611200
3845,128,135,64301,2392,933307,2695600
3846,109,127,64192,2374,933434,2699600
3847,114,103,64078,2385,933537,2691500
3848,123,108,63955,2400,933645,2635800
3849,123,136,63832,2387,933781,2602200
3850,141,117,63691,2411,933898,2565700
3851,116,123,63575,2404,934021,2538500
3852,132,113,63443,2423,934134,2560700
3853,128,111,63315,2440,934245,3016700
3854,124,137,63191,2427,934382,2719500
3855,129,106,63062,2450,934488,2466600
3856,124,116,62938,2458,934604,2467700
3857,126,120,62812,2464,934724,2473800
3858,138,124,62674,2478,934848,2516300
3859,129,113,62545,2494,934961,2489800
3860,115,115,62430,2494,935076,2628700
3861,137,121,62293,2510,935197,2543600
3862,140,103,62153,2547,935300,2523000
3863,122,144,62031,2525,935444,2629500
3864,113,118,61918,2520,935562,2718000
3865,134,126,61784,2528,935688,2980000
3866,116,135,61668,2509,935823,2722600
3867,130,97,61538,2542,935920,2631000
3868,117,108,61421,2551,936028,2605600
3869,147,128,61274,2570,936156,2571700
3870,128,120,61146,2578,936276,2527900
3871,120,142,61026,2556,936418,2523800
3872,105,113,60921,2548,936531,2547800
3873,114,134,60807,2528,936665,2550800
3874,113,125,60694,2516,936790,2523500
3875,116,126,60578,2506,936916,2505900
3876,117,141,60461,2482,937057,2492600
3877,132,108,60329,2506,937165,2498400
3878,117,126,60212,2497,937291,2490500
3879,135,105,60077,2527,937396,2550000
3880,121,137,59956,2511,937533,2520200
3881,108,131,59848,2488,937664,2509500
3882,140,110,59708,2518,937774,2483800
3883,122,123,59586,2517,937897,2519500
3884,116,129,59470,2504,938026,2492500
3885,131,130,59339,2505,938156,2526800
3886,113,127,59226,2491,938283,2506700
3887,114,107,59112,2498,938390,2582300
3888,129,134,58983,2493,938524,2546500
3889,115,118,58868,2490,938642,2570200
3890,138,139,58730,2489,938781,2617500
3891,124,121,58606,2492,938902,2571800
3892,121,137,58485,2476,939039,2574500
3893,120,119,58365,2477,939158,2591100
3894,134,124,58231,2487,939282,2602200
3895,110,116,58121,2481,939398,2572600
3896,123,98,57998,2506,939496,2559900
3897,127,123,57871,2510,939619,2528100
3898,122,120,57749,2512,939739,2571600
3899,111,107,57638,2516,939846,2622300
3900,136,152,57502,2500,939998,2680700
3901,109,115,57393,2494,940113,2593200
3902,128,112,57265,2510,940225,2569600
3903,129,132,57136,2507,940357,2565500
3904,113,133,57023,2487,940490,2533400
3905,126,143,56897,2470,940633,2550900
3906,110,142,56787,2438,940775,2547700
3907,107,137,56680,2408,940912,2565000
3908,106,132,56574,2382,941044,2600000
3909,112,115,56462,2379,941159,2624000
3910,125,109,56337,2395,941268,2618200
3911,112,130,56225,2377,941398,2571500
3912,122,117,56103,2382,941515,2672600
3913,106,95,55997,2393,941610,2809200
3914,120,129,55877,2384,941739,2710400
3915,110,113,55767,2381,941852,2699900
3916,107,135,55660,2353,941987,2662800
3917,104,122,55556,2335,942109,2649300
3918,104,124,55452,2315,942233,2597400
3919,112,114,55340,2313,942347,2566900
3920,97,112,55243,2298,942459,2593700
3921,108,113,55135,2293,942572,2617500
3922,116,117,55019,2292,942689,2609100
3923,102,122,54917,2272,942811,2601500
3924,102,107,54815,2267,942918,2593100
3925,104,121,54711,2250,943039,2607500
3926,92,107,54619,2235,943146,2801300
3927,98,133,54521,2200,943279,2571200
3928,112,128,54409,2184,943407,2516300
3929,114,106,54295,2192,943513,2620500
3930,111,111,54184,2192,943624,2594500
3931,113,102,54071,2203,943726,2617300
3932,95,119,53976,2179,943845,2629000
3933,110,108,53866,2181,943953,2624400
3934,118,108,53748,2191,944061,2713500
3935,89,117,53659,2163,944178,2939300
3936,120,115,53539,2168,944293,2663800
3937,113,121,53426,2160,944414,2787500
3938,102,106,53324,2156,944520,2633300
3939,119,89,53205,2186,944609,2604000
3940,112,133,53093,2165,944742,2653000
3941,129,107,52964,2187,944849,2575100
3942,107,108,52857,2186,944957,2580800
3943,106,114,52751,2178,945071,2515100
3944,110,110,52641,2178,945181,2480500
3945,115,96,52526,2197,945277,2534200
3946,118,118,52408,2197,945395,2493900
3947,113,89,52295,2221,945484,2488200
3948,112,111,52183,2222,945595,2477400
3949,124,134,52059,2212,945729,2495400
3950,114,129,51945,2197,945858,2468200
3951,124,102,51821,2219,945960,2535500
3952,121,122,51700,2218,946082,2557000
3953,115,124,51585,2209,946206,2532100
3954,95,99,51490,2205,946305,2519700
3955,113,107,51377,2211,946412,2484300
3956,116,108,51261,2219,946520,3182800
3957,109,112,51152,2216,946632,2424000
3958,115,126,51037,2205,946758,2437500
3959,116,104,50921,2217,946862,2432500
3960,89,97,50832,2209,946959,2445900
3961,117,104,50715,2222,947063,3063900
3962,102,123,50613,2201,947186,3148300
3963,115,99,50498,2217,947285,2588500
3964,110,113,50388,2214,947398,2531900
3965,86,109,50302,2191,947507,2535700
3966,95,118,50207,2168,947625,2946400
3967,102,108,50105,2162,947733,2486000
3968,121,102,49984,2181,947835,2467600
3969,109,111,49875,2179,947946,2463500
3970,113,112,49762,2180,948058,2450200
3971,100,117,49662,2163,948175,2925400
3972,114,147,49548,2130,948322,2679000
3973,102,113,49446,2119,948435,2527900
3974,124,94,49322,2149,948529,2531400
3975,118,114,49204,2153,948643,2497300
3976,96,103,49108,2146,948746,2526100
3977,121,120,48987,2147,948866,2473700
3978,118,111,48869,2154,948977,2474400
3979,115,92,48754,2177,949069,2460200
3980,123,123,48631,2177,949192,2435700
3981,101,125,48530,2153,949317,2521100
3982,93,122,48437,2124,949439,2477300
3983,118,104,48319,2138,949543,2478600
3984,102,93,48217,2147,949636,2459300
3985,107,102,48110,2152,949738,2506900
3986,85,108,48025,2129,949846,2527700
3987,105,108,47920,2126,949954,2630300
3988,93,94,47827,2125,950048,2986100
3989,107,94,47720,2138,950142,2644700
3990,104,119,47616,2123,950261,2620500
3991,115,105,47501,2133,950366,3112900
3992,98,103,47403,2128,950469,2603100
3993,100,115,47303,2113,950584,2487700
3994,93,98,47210,2108,950682,2510000
3995,97,112,47113,2093,950794,2649200
3996,118,99,46995,2112,950893,2795500
3997,122,124,46873,2110,951017,2657000
3998,108,111,46765,2107,951128,2595700
3999,97,115,46668,2089,951243,2577400
4000,101,112,46567,2078,951355,2590600
4001,94,97,46473,2075,951452,2602200
4002,116,108,46357,2083,951560,2698600
4003,115,103,46242,2095,951663,2582000
4004,109,113,46133,2091,951776,2543000
4005,99,88,46034,2102,951864,2499400
4006,119,99,45915,2122,951963,2564400
4007,124,110,45791,2136,952073,2518700
4008,109,120,45682,2125,952193,2506700
4009,107,106,45575,2126,952299,2469800
4010,118,107,45457,2137,952406,2570200
4011,114,108,45343,2143,952514,2528600
4012,108,97,45235,2154,952611,2513800
4013,123,111,45112,2166,952722,2568500
4014,105,125,45007,2146,952847,2736100
4015,93,114,44914,2125,952961,2626900
4016,118,109,44796,2134,953070,2628600
4017,104,95,44692,2143,953165,2693100
4018,100,106,44592,2137,953271,2633100
4019,98,103,44494,2132,953374,2695800
4020,109,113,44385,2128,953487,2610900
4021,95,106,44290,2117,953593,2680800
4022,75,126,44215,2066,953719,2835900
4023,105,94,44110,2077,953813,2840200
4024,96,87,44014,2086,953900,2676000
4025,82,105,43932,2063,954005,2550000
4026,85,93,43847,2055,954098,2857800
4027,88,109,43759,2034,954207,2433000
4028,92,95,43667,2031,954302,2419900
4029,91,93,43576,2029,954395,2474300
4030,87,101,43489,2015,954496,2450300
4031,103,113,43386,2005,954609,2663300
4032,89,91,43297,2003,954700,2450900
4033,88,107,43209,1984,954807,2451500
4034,87,94,43122,1977,954901,2450600
4035,100,108,43022,1969,955009,2458800
4036,81,123,42941,1927,955132,2491800
4037,76,101,42865,1902,955233,2484100
4038,84,83,42781,1903,955316,2503600
4039,92,82,42689,1913,955398,2570000
4040,87,92,42602,1908,955490,2488100
4041,76,96,42526,1888,955586,2568600
4042,77,106,42449,1859,955692,2816200
4043,79,101,42370,1837,955793,2449000
4044,92,98,42278,1831,955891,2443800
4045,79,92,42199,1818,955983,2461000
4046,86,93,42113,1811,956076,2450200
4047,87,99,42026,1799,956175,2481600
4048,73,83,41953,1789,956258,2464000
4049,81,87,41872,1783,956345,2442600
4050,86,92,41786,1777,956437,2480000
4051,80,79,41706,1778,956516,2444600
4052,93,92,41613,1779,956608,2702000
4053,82,72,41531,1789,956680,2515500
4054,86,86,41445,1789,956766,2494700
4055,95,84,41350,1800,956850,2444200
4056,85,87,41265,1798,956937,2445600
4057,87,93,41178,1792,957030,2567600
4058,91,92,41087,1791,957122,2535200
4059,112,84,40975,1819,957206,2558100
4060,109,89,40866,1839,957295,2531100
4061,86,106,40780,1819,957401,2563200
4062,93,94,40687,1818,957495,2541600
4063,94,103,40593,1809,957598,2517400
4064,91,105,40502,1795,957703,2491500
4065,85,99,40417,1781,957802,2440500
4066,90,99,40327,1772,957901,2471300
4067,104,87,40223,1789,957988,2513700
4068,107,101,40116,1795,958089,2521800
4069,83,92,40033,1786,958181,2456000
4070,89,89,39944,1786,958270,2448300
4071,89,89,39855,1786,958359,2431600
4072,100,85,39755,1801,958444,2442600
4073,94,87,39661,1808,958531,2519700
4074,107,102,39554,1813,958633,2471700
4075,79,93,39475,1799,958726,2430500
4076,83,90,39392,1792,958816,2583200
4077,80,87,39312,1785,958903,2805100
4078,96,87,39216,1794,958990,2693700
4079,99,93,39117,1800,959083,2598300
4080,99,86,39018,1813,959169,2530800
4081,89,85,38929,1817,959254,2511200
4082,88,90,38841,1815,959344,2551900
4083,105,105,38736,1815,959449,2592500
4084,96,94,38640,1817,959543,2546300
4085,100,99,38540,1818,959642,2509500
4086,102,101,38438,1819,959743,2486200
4087,88,82,38350,1825,959825,2464200
4088,90,89,38260,1826,959914,2808600
4089,76,93,38184,1809,960007,2450900
4090,90,91,38094,1808,960098,2446200
4091,89,103,38005,1794,960201,2423800
4092,98,101,37907,1791,960302,2440500
4093,104,88,37803,1807,960390,2499300
4094,94,106,37709,1795,960496,2511100
4095,94,85,37615,1804,960581,2432300
4096,101,89,37514,1816,960670,2488600
4097,82,107,37432,1791,960777,2440100
4098,93,100,37339,1784,960877,2472200
4099,100,91,37239,1793,960968,2498200
4100,96,83,37143,1806,961051,2450500
4101,81,96,37062,1791,961147,2461600
4102,82,92,36980,1781,961239,2604500
4103,78,93,36902,1766,961332,2665900
4104,88,85,36814,1769,961417,2555000
4105,91,83,36723,1777,961500,2525800
4106,83,85,36640,1775,961585,2491800
4107,103,118,36537,1760,961703,2471900
4108,105,82,36432,1783,961785,2458600
4109,89,93,36343,1779,961878,2518700
4110,93,80,36250,1792,961958,2434600
4111,72,80,36178,1784,962038,2440700
4112,96,92,36082,1788,962130,2457700
4113,77,92,36005,1773,962222,2438000
4114,89,86,35916,1776,962308,2552500
4115,88,107,35828,1757,962415,2444000
4116,93,88,35735,1762,962503,2455100
4117,76,95,35659,1743,962598,2422800
4118,84,85,35575,1742,962683,2430400
4119,101,86,35474,1757,962769,2847800
4120,88,70,35386,1775,962839,2408900
4121,104,83,35282,1796,962922,2392500
4122,77,76,35205,1797,962998,2590400
4123,92,86,35113,1803,963084,2604200
4124,86,89,35027,1800,963173,2621900
4125,88,78,34939,1810,963251,2546900
4126,93,105,34846,1798,963356,2497600
4127,102,72,34744,1828,963428,2496400
4128,85,85,34659,1828,963513,2502800
4129,92,90,34567,1830,963603,2579800
4130,80,91,34487,1819,963694,2471000
4131,85,100,34402,1804,963794,2454200
4132,88,94,34314,1798,963888,2442300
4133,89,89,34225,1798,963977,2434400
4134,88,90,34137,1796,964067,2499500
4135,90,104,34047,1782,964171,2441700
4136,95,106,33952,1771,964277,2426700
4137,101,94,33851,1778,964371,2412500
4138,100,103,33751,1775,964474,2445200
4139,84,96,33667,1763,964570,2446900
4140,86,64,33581,1785,964634,2453700
4141,92,90,33489,1787,964724,2417500
4142,95,97,33394,1785,964821,2423400
4143,118,84,33276,1819,964905,2400300
4144,97,101,33179,1815,965006,2410900
4145,91,92,33088,1814,965098,2427100
4146,92,99,32996,1807,965197,2456800
4147,87,95,32909,1799,965292,2406200
4148,95,96,32814,1798,965388,2447400
4149,86,83,32728,1801,965471,2481500
4150,91,99,32637,1793,965570,2568400
4151,94,105,32543,1782,965675,2512400
4152,68,82,32475,1768,965757,2485600
4153,97,90,32378,1775,965847,2467000
4154,77,80,32301,1772,965927,2532200
4155,83,82,32218,1773,966009,2465600
4156,70,99,32148,1744,966108,2455000
4157,87,76,32061,1755,966184,2427300
4158,83,80,31978,1758,966264,2445000
4159,91,87,31887,1762,966351,2436100
4160,92,91,31795,1763,966442,2460600
4161,100,75,31695,1788,966517,2447500
4162,86,101,31609,1773,966618,2458000
4163,74,90,31535,1757,966708,2460600
4164,88,90,31447,1755,966798,2446100
4165,85,91,31362,1749,966889,2392200
4166,89,103,31273,1735,966992,2530900
4167,82,90,31191,1727,967082,2432400
4168,78,97,31113,1708,967179,2421600
4169,83,89,31030,1702,967268,2424900
4170,90,72,30940,1720,967340,2418000
4171,102,75,30838,1747,967415,2552200
4172,80,80,30758,1747,967495,2527700
4173,95,87,30663,1755,967582,2515100
4174,81,78,30582,1758,967660,2475100
4175,91,98,30491,1751,967758,2577400
4176,86,103,30405,1734,967861,2794500
4177,67,73,30338,1728,967934,2524400
4178,94,89,30244,1733,968023,2558600
4179,98,78,30146,1753,968101,2503100
4180,87,97,30059,1743,968198,2469200
4181,95,80,29964,1758,968278,2519900
4182,104,103,29860,1759,968381,2476400
4183,80,66,29780,1773,968447,2455900
4184,95,96,29685,1772,968543,2424800
4185,93,94,29592,1771,968637,2422300
4186,94,81,29498,1784,968718,2732600
4187,84,99,29414,1769,968817,2418700
4188,96,109,29318,1756,968926,2454000
4189,87,90,29231,1753,969016,2430300
4190,90,69,29141,1774,969085,2409900
4191,92,96,29049,1770,969181,2577000
4192,86,95,28963,1761,969276,2457100
4193,102,80,28861,1783,969356,2493600
4194,97,77,28764,1803,969433,2539700
4195,86,89,28678,1800,969522,2460200
4196,107,84,28571,1823,969606,2495900
4197,108,100,28463,1831,969706,2476600
4198,103,99,28360,1835,969805,2484400
4199,103,82,28257,1856,969887,2443900
4200,102,91,28155,1867,969978,2422900
4201,95,94,28060,1868,970072,2410500
4202,100,90,27960,1878,970162,2496300
4203,96,87,27864,1887,970249,2433900
4204,99,107,27765,1879,970356,2419300
4205,96,102,27669,1873,970458,2416700
4206,97,88,27572,1882,970546,2406400
4207,91,89,27481,1884,970635,2477300
4208,77,97,27404,1864,970732,2490300
4209,91,91,27313,1864,970823,2418700
4210,94,91,27219,1867,970914,2469300
4211,87,110,27132,1844,971024,2414400
4212,88,100,27044,1832,971124,2496100
4213,94,91,26950,1835,971215,2435100
4214,80,82,26870,1833,971297,2426900
4215,109,79,26761,1863,971376,2453500
4216,95,81,26666,1877,971457,2515100
4217,78,98,26588,1857,971555,2629300
4218,92,97,26496,1852,971652,2711000
4219,88,92,26408,1848,971744,2467700
4220,90,93,26318,1845,971837,2546300
4221,93,96,26225,1842,971933,2384900
4222,107,98,26118,1851,972031,2466600
4223,91,79,26027,1863,972110,2475700
4224,91,83,25936,1871,972193,2469400
4225,102,89,25834,1884,972282,2590600
4226,104,87,25730,1901,972369,2667600
4227,104,88,25626,1917,972457,2596200
4228,102,93,25524,1926,972550,2576600
4229,98,91,25426,1933,972641,2552200
4230,89,84,25337,1938,972725,2495200
4231,89,89,25248,1938,972814,2483000
4232,90,91,25158,1937,972905,2912400
4233,91,87,25067,1941,972992,2835000
4234,79,79,24988,1941,973071,2407100
4235,88,91,24900,1938,973162,2481400
4236,83,105,24817,1916,973267,2424000
4237,78,96,24739,1898,973363,2532700
4238,88,90,24651,1896,973453,2448400
4239,90,90,24561,1896,973543,2424000
4240,74,106,24487,1864,973649,2416500
4241,66,113,24421,1817,973762,2415000
4242,80,84,24341,1813,973846,2469700
4243,81,88,24260,1806,973934,2436700
4244,67,87,24193,1786,974021,2443000
4245,88,100,24105,1774,974121,2410600
4246,79,94,24026,1759,974215,2398200
4247,77,80,23949,1756,974295,2493000
4248,80,93,23869,1743,974388,2475200
4249,71,76,23798,1738,974464,2454900
4250,71,93,23727,1716,974557,2421100
4251,68,97,23659,1687,974654,2539000
4252,80,76,23579,1691,974730,2501800
4253,86,90,23493,1687,974820,2441600
4254,83,77,23410,1693,974897,2440800
4255,78,81,23332,1690,974978,2427100
4256,75,105,23257,1660,975083,2400900
4257,57,96,23200,1621,975179,2452000
4258,56,76,23144,1601,975255,2469200
4259,71,78,23073,1594,975333,2494700
4260,58,87,23015,1565,975420,2454700
4261,60,76,22955,1549,975496,2460000
4262,67,77,22888,1539,975573,2438000
4263,56,74,22832,1521,975647,2454900
4264,57,81,22775,1497,975728,2432600
4265,57,83,22718,1471,975811,2404500
4266,53,90,22665,1434,975901,2387900
4267,60,83,22605,1411,975984,2402900
4268,53,59,22552,1405,976043,2467100
4269,59,74,22493,1390,976117,2393000
4270,58,67,22435,1381,976184,2394400
4271,53,73,22382,1361,976257,2378600
4272,59,54,22323,1366,976311,2418800
4273,55,80,22268,1341,976391,2835800
4274,70,64,22198,1347,976455,2513100
4275,48,71,22150,1324,976526,2465600
4276,47,68,22103,1303,976594,2450600
4277,58,66,22045,1295,976660,2491900
4278,55,55,21990,1295,976715,2635300
4279,56,77,21934,1274,976792,2466300
4280,53,66,21881,1261,976858,2479300
4281,37,68,21844,1230,976926,2543700
4282,53,68,21791,1215,976994,2538800
4283,54,54,21737,1215,977048,2885100
4284,49,62,21688,1202,977110,2463000
4285,44,50,21644,1196,977160,2451300
4286,52,51,21592,1197,977211,2450100
4287,50,59,21542,1188,977270,2465000
4288,40,61,21502,1167,977331,2838200
4289,40,56,21462,1151,977387,2765100
4290,48,53,21414,1146,977440,2456900
4291,38,63,21376,1121,977503,2514400
4292,52,57,21324,1116,977560,2479300
4293,54,45,21270,1125,977605,2559100
4294,43,66,21227,1102,977671,2510900
4295,38,46,21189,1094,977717,2490700
4296,43,44,21146,1093,977761,2496900
4297,43,49,21103,1087,977810,2504300
4298,40,64,21063,1063,977874,2468100
4299,50,56,21013,1057,977930,2519200
4300,41,51,20972,1047,977981,2495000
4301,59,45,20913,1061,978026,2492600
4302,39,46,20874,1054,978072,2493000
4303,42,56,20832,1040,978128,2491600
4304,52,45,20780,1047,978173,2491100
4305,43,61,20737,1029,978234,2485200
4306,30,48,20707,1011,978282,2514100
4307,35,49,20672,997,978331,2440800
4308,41,44,20631,994,978375,2568800
4309,42,47,20589,989,978422,2450600
4310,35,38,20554,986,978460,2467000
4311,42,51,20512,977,978511,2524100
4312,38,51,20474,964,978562,2400300
4313,38,44,20436,958,978606,2438600
4314,44,51,20392,951,978657,2448200
4315,43,45,20349,949,978702,2459300
4316,43,46,20306,946,978748,2569300
4317,50,44,20256,952,978792,2471600
4318,42,57,20214,937,978849,2460400
4319,40,41,20174,936,978890,2665700
4320,41,46,20133,931,978936,2449200
4321,42,55,20091,918,978991,2404800
4322,41,52,20050,907,979043,2445300
4323,31,42,20019,896,979085,2421700
4324,42,54,19977,884,979139,2837900
4325,36,38,19941,882,979177,2898000
4326,39,41,19902,880,979218,2434100
4327,35,31,19867,884,979249,2387300
4328,37,44,19830,877,979293,2389300
4329,44,36,19786,885,979329,2506400
4330,47,48,19739,884,979377,2448300
4331,37,53,19702,868,979430,2405600
4332,33,46,19669,855,979476,2425800
4333,43,37,19626,861,979513,2611900
4334,32,34,19594,859,979547,2918900
4335,35,46,19559,848,979593,2421400
4336,39,42,19520,845,979635,2376000
4337,42,39,19478,848,979674,2366600
4338,42,35,19436,855,979709,2352800
4339,35,33,19401,857,979742,2410000
4340,45,52,19356,850,979794,2385600
4341,33,47,19323,836,979841,2347400
4342,46,52,19277,830,979893,2370900
4343,51,47,19226,834,979940,2338700
4344,48,35,19178,847,979975,2398700
4345,41,52,19137,836,980027,2457800
4346,46,50,19091,832,980077,2563400
4347,37,29,19054,840,980106,2440700
4348,39,53,19015,826,980159,2420800
4349,42,33,18973,835,980192,2429700
4350,44,45,18929,834,980237,2505500
4351,41,47,18888,828,980284,2844100
4352,35,40,18853,823,980324,2425900
4353,42,44,18811,821,980368,2619400
4354,38,44,18773,815,980412,2698100
4355,41,47,18732,809,980459,2842500
4356,31,48,18701,792,980507,2673500
4357,33,38,18668,787,980545,2564000
4358,35,31,18633,791,980576,2554500
4359,22,43,18611,770,980619,2479700
4360,31,42,18580,759,980661,2456100
4361,37,32,18543,764,980693,2426800
4362,28,39,18515,753,980732,2423500
4363,33,34,18482,752,980766,2401000
4364,36,46,18446,742,980812,2419100
4365,38,45,18408,735,980857,2611500
4366,33,39,18375,729,980896,2662900
4367,36,30,18339,735,980926,2500900
4368,34,30,18305,739,980956,2419700
4369,42,36,18263,745,980992,2511100
4370,41,37,18222,749,981029,2606100
4371,34,32,18188,751,981061,2636100
4372,33,36,18155,748,981097,2432500
4373,36,31,18119,753,981128,2391700
4374,25,40,18094,738,981168,2526500
4375,29,40,18065,727,981208,2290300
4376,28,36,18037,719,981244,2349300
4377,27,41,18010,705,981285,2384700
4378,33,26,17977,712,981311,2314600
4379,31,29,17946,714,981340,2343000
4380,36,43,17910,707,981383,2378500
4381,50,36,17860,721,981419,2331400
4382,33,39,17827,715,981458,2336900
4383,25,33,17802,707,981491,2326100
4384,25,38,17777,694,981529,2342900
4385,38,32,17739,700,981561,2479200
4386,26,30,17713,696,981591,2363600
4387,31,34,17682,693,981625,2354000
4388,26,28,17656,691,981653,2359600
4389,32,24,17624,699,981677,2399800
4390,32,31,17592,700,981708,2388500
4391,34,31,17558,703,981739,2384800
4392,25,36,17533,692,981775,2340100
4393,26,21,17507,697,981796,2349500
4394,31,41,17476,687,981837,2351400
4395,28,32,17448,683,981869,2348100
4396,36,27,17412,692,981896,2323000
4397,28,28,17384,692,981924,2336500
4398,24,26,17360,690,981950,2341400
4399,29,32,17331,687,981982,2343100
4400,22,34,17309,675,982016,2308000
4401,25,35,17284,665,982051,2689000
4402,23,29,17261,659,982080,2889200
4403,27,28,17234,658,982108,2365800
4404,31,31,17203,658,982139,2478900
4405,21,24,17182,655,982163,2326400
4406,18,39,17164,634,982202,2920800
4407,20,25,17144,629,982227,2622200
4408,25,31,17119,623,982258,2360400
4409,30,37,17089,616,982295,2415600
4410,22,26,17067,612,982321,2281800
4411,23,34,17044,601,982355,2374800
4412,20,19,17024,602,982374,2367100
4413,29,24,16995,607,982398,2355700
4414,30,39,16965,598,982437,2460900
4415,30,36,16935,592,982473,2426100
4416,26,29,16909,589,982502,2806300
4417,22,32,16887,579,982534,2473800
4418,21,23,16866,577,982557,2380000
4419,28,20,16838,585,982577,2417500
4420,27,24,16811,588,982601,2363600
4421,26,31,16785,583,982632,2381900
4422,23,25,16762,581,982657,2360300
4423,18,28,16744,571,982685,2327600
4424,19,36,16725,554,982721,2371200
4425,22,22,16703,554,982743,2321100
4426,29,28,16674,555,982771,2325800
4427,25,29,16649,551,982800,2370000
4428,25,33,16624,543,982833,2365000
4429,20,24,16604,539,982857,2350500
4430,20,34,16584,525,982891,2323600
4431,22,23,16562,524,982914,2314900
4432,15,21,16547,518,982935,2787900
4433,21,29,16526,510,982964,2804200
4434,16,27,16510,499,982991,2448200
4435,18,24,16492,493,983015,2430700
4436,12,22,16480,483,983037,2318400
4437,11,26,16469,468,983063,2922300
4438,18,26,16451,460,983089,2564800
4439,19,26,16432,453,983115,2295500
4440,15,31,16417,437,983146,2408300
4441,15,16,16402,436,983162,2308700
4442,16,21,16386,431,983183,2707700
4443,20,26,16366,425,983209,2263800
4444,17,20,16349,422,983229,2300300
4445,12,14,16337,420,983243,2291300
4446,18,14,16319,424,983257,2284300
4447,27,17,16292,434,983274,2294900
4448,11,15,16281,430,983289,2313900
4449,18,25,16263,423,983314,2329800
4450,15,25,16248,413,983339,2299200
4451,19,15,16229,417,983354,2299200
4452,24,18,16205,423,983372,2303300
4453,18,20,16187,421,983392,2882300
4454,18,11,16169,428,983403,2350300
4455,19,20,16150,427,983423,2344200
4456,21,23,16129,425,983446,2395700
4457,21,27,16108,419,983473,2458000
4458,18,18,16090,419,983491,2493500
4459,13,25,16077,407,983516,2367600
4460,12,20,16065,399,983536,2338100
4461,18,14,16047,403,983550,2312900
4462,19,17,16028,405,983567,2313000
4463,16,13,16012,408,983580,2609500
4464,18,21,15994,405,983601,2319900
4465,18,27,15976,396,983628,2409000
4466,22,17,15954,401,983645,2318100
4467,21,18,15933,404,983663,2281700
4468,16,28,15917,392,983691,2460900
4469,16,26,15901,382,983717,2308800
4470,7,23,15894,366,983740,2304000
4471,13,24,15881,355,983764,2345100
4472,12,21,15869,346,983785,2321100
4473,11,14,15858,343,983799,2406200
4474,10,22,15848,331,983821,2365100
4475,21,20,15827,332,983841,2322000
4476,5,18,15822,319,983859,2317000
4477,15,16,15807,318,983875,2319500
4478,12,13,15795,317,983888,3034700
4479,12,30,15783,299,983918,2300400
4480,6,14,15777,291,983932,2339700
4481,6,18,15771,279,983950,2298400
4482,11,12,15760,278,983962,2341000
4483,6,9,15754,275,983971,2677800
4484,12,6,15742,281,983977,2335100
4485,3,15,15739,269,983992,2345800
4486,14,10,15725,273,984002,2321900
4487,14,15,15711,272,984017,2312500
4488,9,10,15702,271,984027,2359400
4489,6,12,15696,265,984039,2352200
4490,12,13,15684,264,984052,2300800
4491,17,9,15667,272,984061,2325000
4492,9,12,15658,269,984073,2278700
4493,12,11,15646,270,984084,2294700
4494,9,10,15637,269,984094,2430300
4495,13,8,15624,274,984102,2354900
4496,9,12,15615,271,984114,2331200
4497,10,17,15605,264,984131,2306500
4498,13,11,15592,266,984142,2322400
4499,13,16,15579,263,984158,2402500
4500,16,9,15563,270,984167,2378700
4501,11,14,15552,267,984181,2361400
4502,12,16,15540,263,984197,2332000
4503,10,14,15530,259,984211,2305800
4504,9,15,15521,253,984226,2316200
4505,6,13,15515,246,984239,2334900
4506,6,11,15509,241,984250,2331700
4507,5,13,15504,233,984263,2297800
4508,10,18,15494,225,984281,2304200
4509,6,7,15488,224,984288,2308900
4510,7,10,15481,221,984298,2377200
4511,6,11,15475,216,984309,2314200
4512,10,9,15465,217,984318,2297000
4513,10,13,15455,214,984331,2292000
4514,9,15,15446,208,984346,2314600
4515,8,9,15438,207,984355,2329900
4516,7,17,15431,197,984372,2352800
4517,8,5,15423,200,984377,2331800
4518,5,11,15418,194,984388,2324100
4519,4,11,15414,187,984399,2305900
4520,6,10,15408,183,984409,2283200
4521,3,8,15405,178,984417,2847800
4522,5,7,15400,176,984424,2294300
4523,6,13,15394,169,984437,2389200
4524,3,7,15391,165,984444,2329200
4525,3,9,15388,159,984453,2317300
4526,4,7,15384,156,984460,2346000
4527,4,9,15380,151,984469,2290100
4528,3,9,15377,145,984478,2304700
4529,1,7,15376,139,984485,2297700
4530,1,6,15375,134,984491,2285400
4531,3,7,15372,130,984498,2317500
4532,3,7,15369,126,984505,2305200
4533,1,5,15368,122,984510,2307800
4534,1,7,15367,116,984517,2287300
4535,0,3,15367,113,984520,2294900
4536,1,4,15366,110,984524,2281900
4537,0,9,15366,101,984533,2305300
4538,1,5,15365,97,984538,2353600
4539,1,6,15364,92,984544,2545700
4540,0,2,15364,90,984546,2410200
4541,2,5,15362,87,984551,2398100
4542,0,9,15362,78,984560,3025800
4543,0,5,15362,73,984565,2282800
4544,0,2,15362,71,984567,2367800
4545,2,4,15360,69,984571,2337600
4546,0,3,15360,66,984574,2344100
4547,0,5,15360,61,984579,2357300
4548,2,5,15358,58,984584,2329800
4549,0,2,15358,56,984586,2316100
4550,2,2,15356,56,984588,2301600
4551,0,3,15356,53,984591,2284300
4552,0,3,15356,50,984594,2361100
4553,0,2,15356,48,984596,2289300
4554,1,4,15355,45,984600,2285000
4555,0,3,15355,42,984603,2306900
4556,1,4,15354,39,984607,2279200
4557,0,3,15354,36,984610,2332000
4558,0,2,15354,34,984612,2306500
4559,0,4,15354,30,984616,2299900
4560,0,0,15354,30,984616,2302300
4561,0,2,15354,28,984618,2288300
4562,0,1,15354,27,984619,2317800
4563,0,2,15354,25,984621,2861500
4564,0,0,15354,25,984621,2318200
4565,0,0,15354,25,984621,2464900
4566,0,2,15354,23,984623,2302400
4567,0,1,15354,22,984624,2310000
4568,0,1,15354,21,984625,2481000
4569,0,3,15354,18,984628,2319000
4570,0,1,15354,17,984629,2313700
4571,0,2,15354,15,984631,2295700
4572,0,1,15354,14,984632,2287300
4573,0,0,15354,14,984632,2361900
4574,0,0,15354,14,984632,2303500
4575,0,2,15354,12,984634,2309500
4576,0,1,15354,11,984635,2287200
4577,0,1,15354,10,984636,2285100
4578,0,1,15354,9,984637,2297400
4579,0,0,15354,9,984637,2312200
4580,0,1,15354,8,984638,2306200
4581,0,0,15354,8,984638,2288400
4582,0,0,15354,8,984638,2300000
4583,0,0,15354,8,984638,2302200
4584,0,0,15354,8,984638,2326700
4585,0,0,15354,8,984638,2336000
4586,0,0,15354,8,984638,2303200
4587,0,0,15354,8,984638,2277000
4588,0,0,15354,8,984638,2357800
4589,0,1,15354,7,984639,2553900
4590,0,1,15354,6,984640,2460900
4591,0,0,15354,6,984640,2373400
4592,0,0,15354,6,984640,2385100
4593,0,1,15354,5,984641,2331800
4594,0,1,15354,4,984642,2373600
4595,0,1,15354,3,984643,2362000
4596,0,0,15354,3,984643,2324100
4597,0,0,15354,3,984643,2308600
4598,0,0,15354,3,984643,2308700
4599,0,0,15354,3,984643,2359200
4600,0,0,15354,3,984643,2324500
4601,0,0,15354,3,984643,2289500
4602,0,0,15354,3,984643,2292300
4603,0,0,15354,3,984643,2298000
4604,0,0,15354,3,984643,2672700
4605,0,0,15354,3,984643,2338700
4606,0,0,15354,3,984643,2304100
4607,0,0,15354,3,984643,2289000
4608,0,0,15354,3,984643,2281100
4609,0,0,15354,3,984643,2330300
4610,0,0,15354,3,984643,2280900
4611,0,0,15354,3,984643,2280100
4612,0,0,15354,3,984643,2444700
4613,0,0,15354,3,984643,2328800
4614,0,0,15354,3,984643,2716300
4615,0,0,15354,3,984643,2504200
4616,0,0,15354,3,984643,2296200
4617,0,1,15354,2,984644,2318200
4618,0,0,15354,2,984644,2289300
4619,0,0,15354,2,984644,2351400
4620,0,0,15354,2,984644,2303500
4621,0,0,15354,2,984644,2298900
4622,0,0,15354,2,984644,2290800
4623,0,0,15354,2,984644,2300100
4624,0,0,15354,2,984644,2273100
4625,0,1,15354,1,984645,2597700
4626,0,0,15354,1,984645,2378900
4627,0,0,15354,1,984645,2360700
4628,0,0,15354,1,984645,2355500
4629,0,0,15354,1,984645,2330600
4630,0,0,15354,1,984645,2323400
4631,0,0,15354,1,984645,2326300
4632,0,0,15354,1,984645,2311500
4633,0,0,15354,1,984645,2293000
4634,0,0,15354,1,984645,2325600
4635,0,0,15354,1,984645,2392600
4636,0,0,15354,1,984645,2329800
4637,0,0,15354,1,984645,2296400
4638,0,1,15354,0,984646,2302400
