Tick,NewlyInfected,NewlyRecovered,TotalSusceptible,TotalInfected,TotalRecovered,StepTimeNanos
0,3,0,999992,8,0,2339400
1,2,1,999990,9,1,2367600
2,2,0,999988,11,1,2559000
3,1,2,999987,10,3,2394700
4,5,0,999982,15,3,2307500
5,8,0,999974,23,3,2279800
6,1,2,999973,22,5,2285600
7,6,0,999967,28,5,2252800
8,10,1,999957,37,6,2261400
9,5,3,999952,39,9,2546200
10,7,0,999945,46,9,2242400
11,6,3,999939,49,12,2250900
12,10,4,999929,55,16,2248200
13,7,1,999922,61,17,2276100
14,11,2,999911,70,19,2277200
15,7,3,999904,74,22,2345500
16,7,1,999897,80,23,2313600
17,4,5,999893,79,28,2291300
18,9,4,999884,84,32,2302700
19,11,4,999873,91,36,2286500
20,14,2,999859,103,38,2279200
21,16,2,999843,117,40,2257200
22,8,7,999835,118,47,2274900
23,14,3,999821,129,50,2296500
24,18,8,999803,139,58,2268500
25,7,8,999796,138,66,2263400
26,15,9,999781,144,75,2250300
27,24,10,999757,158,85,2255100
28,18,9,999739,167,94,2258300
29,15,11,999724,171,105,2281100
30,19,4,999705,186,109,2270600
31,17,8,999688,195,117,2277100
32,20,11,999668,204,128,2276800
33,21,10,999647,215,138,2252100
34,20,12,999627,223,150,2244400
35,14,14,999613,223,164,2247300
36,17,10,999596,230,174,2292700
37,17,15,999579,232,189,2272400
38,27,17,999552,242,206,2289100
39,23,5,999529,260,211,2264500
40,16,9,999513,267,220,2249500
41,14,20,999499,261,240,2260500
42,21,13,999478,269,253,2302700
43,20,13,999458,276,266,2961800
44,20,18,999438,278,284,2370000
45,13,18,999425,273,302,2672400
46,19,12,999406,280,314,2437700
47,20,9,999386,291,323,2292300
48,19,11,999367,299,334,2309700
49,28,14,999339,313,348,2705600
50,29,17,999310,325,365,2307300
51,30,11,999280,344,376,2503500
52,23,19,999257,348,395,2389300
53,26,15,999231,359,410,2283400
54,28,11,999203,376,421,2237400
55,27,18,999176,385,439,2256300
56,30,17,999146,398,456,2284100
57,33,22,999113,409,478,2395700
58,30,29,999083,410,507,2271800
59,31,18,999052,423,525,2342100
60,37,19,999015,441,544,2340000
61,31,23,998984,449,567,2422100
62,30,27,998954,452,594,2343000
63,37,17,998917,472,611,2406900
64,45,21,998872,496,632,2352100
65,41,23,998831,514,655,2386600
66,46,29,998785,531,684,2360500
67,38,27,998747,542,711,2414700
68,43,26,998704,559,737,2604600
69,46,34,998658,571,771,2415700
70,43,32,998615,582,803,2388300
71,43,34,998572,591,837,2413400
72,41,27,998531,605,864,2375800
73,39,27,998492,617,891,2366700
74,67,44,998425,640,935,2843900
75,49,24,998376,665,959,2513900
76,47,35,998329,677,994,2572100
77,40,25,998289,692,1019,2463900
78,44,32,998245,704,1051,2880700
79,50,31,998195,723,1082,2456000
80,47,45,998148,725,1127,2929700
81,54,33,998094,746,1160,2826100
82,54,31,998040,769,1191,3040500
83,62,35,997978,796,1226,2481000
84,53,34,997925,815,1260,2540400
85,59,49,997866,825,1309,2572200
86,58,49,997808,834,1358,2579900
87,62,36,997746,860,1394,2380100
88,53,52,997693,861,1446,2379300
89,55,43,997638,873,1489,2500000
90,61,42,997577,892,1531,2686800
91,50,43,997527,899,1574,2376400
92,73,51,997454,921,1625,2845000
93,63,62,997391,922,1687,2428200
94,58,52,997333,928,1739,2385700
95,64,42,997269,950,1781,2473800
96,80,42,997189,988,1823,2387700
97,61,48,997128,1001,1871,2416100
98,76,62,997052,1015,1933,2431100
99,77,54,996975,1038,1987,2388900
100,72,40,996903,1070,2027,2412600
101,74,53,996829,1091,2080,2367000
102,79,51,996750,1119,2131,2371700
103,82,62,996668,1139,2193,2363500
104,82,58,996586,1163,2251,2353000
105,75,59,996511,1179,2310,2477900
106,85,48,996426,1216,2358,2592400
107,79,57,996347,1238,2415,2585600
108,87,65,996260,1260,2480,2625800
109,89,62,996171,1287,2542,3790300
110,95,47,996076,1335,2589,2853900
111,109,58,995967,1386,2647,2649600
112,93,58,995874,1421,2705,2915900
113,97,73,995777,1445,2778,2862400
114,111,80,995666,1476,2858,2548800
115,95,77,995571,1494,2935,2666000
116,86,72,995485,1508,3007,2906900
117,92,70,995393,1530,3077,2937000
118,104,61,995289,1573,3138,2952300
119,98,89,995191,1582,3227,2983100
120,105,92,995086,1595,3319,2971900
121,82,88,995004,1589,3407,2958200
122,99,80,994905,1608,3487,2604700
123,105,75,994800,1638,3562,2580700
124,99,81,994701,1656,3643,2520400
125,109,87,994592,1678,3730,2516900
126,95,95,994497,1678,3825,2768500
127,99,96,994398,1681,3921,2521200
128,97,96,994301,1682,4017,2528300
129,92,86,994209,1688,4103,2533300
130,110,82,994099,1716,4185,2483500
131,105,86,993994,1735,4271,2499200
132,96,90,993898,1741,4361,2492900
133,101,91,993797,1751,4452,2575100
134,101,100,993696,1752,4552,2499300
135,90,94,993606,1748,4646,2456200
136,99,96,993507,1751,4742,2465300
137,105,86,993402,1770,4828,2493500
138,97,79,993305,1788,4907,2488000
139,109,103,993196,1794,5010,2510900
140,118,97,993078,1815,5107,2483400
141,103,105,992975,1813,5212,2454500
142,107,89,992868,1831,5301,2466700
143,127,101,992741,1857,5402,2474700
144,103,89,992638,1871,5491,2463000
145,113,90,992525,1894,5581,2618500
146,110,98,992415,1906,5679,2678400
147,111,95,992304,1922,5774,2566400
148,99,112,992205,1909,5886,2568600
149,104,71,992101,1942,5957,2589700
150,125,101,991976,1966,6058,2644700
151,100,90,991876,1976,6148,2725800
152,112,108,991764,1980,6256,3053600
153,105,98,991659,1987,6354,3142200
154,101,113,991558,1975,6467,3179600
155,113,97,991445,1991,6564,3046100
156,105,99,991340,1997,6663,3271600
157,110,109,991230,1998,6772,2653500
158,101,101,991129,1998,6873,2629600
159,119,115,991010,2002,6988,2683000
160,121,99,990889,2024,7087,2746300
161,111,109,990778,2026,7196,2688600
162,111,102,990667,2035,7298,3218000
163,131,119,990536,2047,7417,2759000
164,115,111,990421,2051,7528,2599600
165,126,95,990295,2082,7623,2592700
166,119,105,990176,2096,7728,2559800
167,128,93,990048,2131,7821,2667100
168,123,98,989925,2156,7919,2616600
169,133,119,989792,2170,8038,2622300
170,132,109,989660,2193,8147,2734800
171,110,106,989550,2197,8253,3119500
172,123,130,989427,2190,8383,2881900
173,120,104,989307,2206,8487,2829700
174,122,111,989185,2217,8598,2660700
175,121,112,989064,2226,8710,2935500
176,139,121,988925,2244,8831,3200300
177,122,113,988803,2253,8944,3166900
178,135,122,988668,2266,9066,3253200
179,121,113,988547,2274,9179,3075200
180,134,115,988413,2293,9294,3067200
181,143,116,988270,2320,9410,2861700
182,139,136,988131,2323,9546,2639200
183,125,111,988006,2337,9657,2645200
184,154,124,987852,2367,9781,3202600
185,146,110,987706,2403,9891,2839400
186,135,112,987571,2426,10003,2677200
187,137,133,987434,2430,10136,2591700
188,148,141,987286,2437,10277,2578100
189,128,127,987158,2438,10404,2584200
190,165,114,986993,2489,10518,2671600
191,134,110,986859,2513,10628,2589300
192,155,143,986704,2525,10771,2937800
193,152,133,986552,2544,10904,2743800
194,158,133,986394,2569,11037,2787900
195,155,131,986239,2593,11168,2903800
196,143,135,986096,2601,11303,2562100
197,141,136,985955,2606,11439,2545000
198,151,132,985804,2625,11571,2520200
199,150,126,985654,2649,11697,2506000
200,166,122,985488,2693,11819,2482100
201,148,125,985340,2716,11944,2686600
202,167,135,985173,2748,12079,2552800
203,160,149,985013,2759,12228,2521300
204,156,147,984857,2768,12375,2491500
205,162,166,984695,2764,12541,2503300
206,177,137,984518,2804,12678,2911600
207,182,137,984336,2849,12815,2900000
208,170,145,984166,2874,12960,2878600
209,156,138,984010,2892,13098,2732600
210,159,162,983851,2889,13260,2729500
211,171,128,983680,2932,13388,2650400
212,178,128,983502,2982,13516,2638200
213,172,156,983330,2998,13672,2619700
214,154,157,983176,2995,13829,2589200
215,194,166,982982,3023,13995,2667200
216,170,127,982812,3066,14122,3261500
217,153,170,982659,3049,14292,3391000
218,167,173,982492,3043,14465,2740200
219,166,158,982326,3051,14623,2787800
220,176,149,982150,3078,14772,3015200
221,184,150,981966,3112,14922,3216900
222,181,156,981785,3137,15078,2837600
223,191,157,981594,3171,15235,2835000
224,175,178,981419,3168,15413,2841600
225,156,137,981263,3187,15550,2756000
226,177,153,981086,3211,15703,3657700
227,185,169,980901,3227,15872,3839200
228,199,163,980702,3263,16035,3936700
229,186,170,980516,3279,16205,3724200
230,184,157,980332,3306,16362,3418500
231,176,169,980156,3313,16531,3225200
232,165,173,979991,3305,16704,2806500
233,165,149,979826,3321,16853,2742800
234,185,157,979641,3349,17010,2718700
235,186,158,979455,3377,17168,2773400
236,182,163,979273,3396,17331,3331600
237,199,164,979074,3431,17495,3503300
238,154,161,978920,3424,17656,3462000
239,195,161,978725,3458,17817,3425100
240,190,171,978535,3477,17988,3433000
241,169,190,978366,3456,18178,3432900
242,181,184,978185,3453,18362,3557500
243,188,167,977997,3474,18529,3702300
244,209,194,977788,3489,18723,4534900
245,177,153,977611,3513,18876,3825700
246,178,177,977433,3514,19053,3955900
247,212,165,977221,3561,19218,3718800
248,186,180,977035,3567,19398,3718200
249,190,182,976845,3575,19580,3248300
250,189,182,976656,3582,19762,3518300
251,192,176,976464,3598,19938,3558500
252,183,177,976281,3604,20115,3178300
253,187,191,976094,3600,20306,3132500
254,191,187,975903,3604,20493,2874300
255,187,171,975716,3620,20664,3287000
256,160,176,975556,3604,20840,4324400
257,172,201,975384,3575,21041,2821500
258,177,191,975207,3561,21232,2876900
259,163,177,975044,3547,21409,3436900
260,200,170,974844,3577,21579,2857700
261,182,172,974662,3587,21751,2997800
262,185,181,974477,3591,21932,2715500
263,208,155,974269,3644,22087,3259600
264,171,169,974098,3646,22256,3532200
265,184,221,973914,3609,22477,2869300
266,169,201,973745,3577,22678,2828100
267,199,168,973546,3608,22846,2795400
268,189,178,973357,3619,23024,2694900
269,192,190,973165,3621,23214,2681100
270,180,188,972985,3613,23402,3109500
271,182,175,972803,3620,23577,2940500
272,175,174,972628,3621,23751,2722500
273,181,168,972447,3634,23919,2717900
274,189,173,972258,3650,24092,2724200
275,182,180,972076,3652,24272,2722000
276,186,175,971890,3663,24447,2706000
277,167,185,971723,3645,24632,2688300
278,199,189,971524,3655,24821,2645500
279,189,185,971335,3659,25006,2890000
280,186,204,971149,3641,25210,3359000
281,179,188,970970,3632,25398,3281600
282,181,199,970789,3614,25597,3107300
283,166,192,970623,3588,25789,3047900
284,166,186,970457,3568,25975,2859400
285,190,188,970267,3570,26163,2926000
286,190,170,970077,3590,26333,3148700
287,193,178,969884,3605,26511,3288100
288,175,168,969709,3612,26679,3283900
289,175,161,969534,3626,26840,3291600
290,183,176,969351,3633,27016,3352800
291,213,183,969138,3663,27199,3070800
292,202,187,968936,3678,27386,2927300
293,195,172,968741,3701,27558,2727700
294,202,162,968539,3741,27720,2913000
295,194,185,968345,3750,27905,2813200
296,187,202,968158,3735,28107,3312600
297,190,205,967968,3720,28312,2954300
298,177,168,967791,3729,28480,2752600
299,201,212,967590,3718,28692,2690200
300,193,185,967397,3726,28877,2672700
301,192,191,967205,3727,29068,2644500
302,204,181,967001,3750,29249,2919200
303,207,200,966794,3757,29449,2813200
304,213,188,966581,3782,29637,2791800
305,190,186,966391,3786,29823,2714400
306,178,192,966213,3772,30015,2678600
307,187,169,966026,3790,30184,2797500
308,192,202,965834,3780,30386,2699800
309,197,199,965637,3778,30585,2726200
310,210,208,965427,3780,30793,2681400
311,209,171,965218,3818,30964,2659900
312,208,184,965010,3842,31148,2715700
313,211,191,964799,3862,31339,2973300
314,210,187,964589,3885,31526,3648800
315,200,217,964389,3868,31743,3318500
316,199,195,964190,3872,31938,2809700
317,200,173,963990,3899,32111,2645300
318,221,197,963769,3923,32308,2662300
319,217,175,963552,3965,32483,2646100
320,204,182,963348,3987,32665,2607100
321,231,179,963117,4039,32844,2576000
322,198,201,962919,4036,33045,2535900
323,222,191,962697,4067,33236,2515100
324,238,168,962459,4137,33404,2986600
325,237,224,962222,4150,33628,3010900
326,225,222,961997,4153,33850,3105400
327,223,210,961774,4166,34060,2811900
328,232,240,961542,4158,34300,2602300
329,220,206,961322,4172,34506,2586300
330,228,221,961094,4179,34727,2553200
331,246,205,960848,4220,34932,2552100
332,201,209,960647,4212,35141,2490800
333,231,189,960416,4254,35330,2481900
334,232,200,960184,4286,35530,2455900
335,229,220,959955,4295,35750,2475600
336,226,204,959729,4317,35954,2741500
337,208,219,959521,4306,36173,2485400
338,211,206,959310,4311,36379,2492600
339,230,219,959080,4322,36598,2506700
340,216,217,958864,4321,36815,2486800
341,215,204,958649,4332,37019,2513900
342,229,215,958420,4346,37234,2921800
343,257,217,958163,4386,37451,2537200
344,219,208,957944,4397,37659,2508200
345,199,232,957745,4364,37891,2477300
346,224,219,957521,4369,38110,2451500
347,244,208,957277,4405,38318,2484300
348,234,196,957043,4443,38514,2519700
349,227,191,956816,4479,38705,2491500
350,219,223,956597,4475,38928,2467600
351,211,215,956386,4471,39143,2469100
352,224,235,956162,4460,39378,2508500
353,213,217,955949,4456,39595,2530900
354,221,215,955728,4462,39810,2546500
355,226,213,955502,4475,40023,2534900
356,234,228,955268,4481,40251,2514400
357,234,206,955034,4509,40457,2492900
358,219,224,954815,4504,40681,2471900
359,240,221,954575,4523,40902,2448600
360,235,231,954340,4527,41133,2772600
361,233,197,954107,4563,41330,2523500
362,212,243,953895,4532,41573,2506000
363,235,239,953660,4528,41812,2540800
364,242,229,953418,4541,42041,2513200
365,247,238,953171,4550,42279,2475000
366,225,211,952946,4564,42490,2560900
367,215,216,952731,4563,42706,2510700
368,213,205,952518,4571,42911,2483400
369,213,216,952305,4568,43127,2464400
370,228,219,952077,4577,43346,2448900
371,249,238,951828,4588,43584,2456500
372,233,216,951595,4605,43800,2779300
373,241,251,951354,4595,44051,2727400
374,246,226,951108,4615,44277,2550600
375,253,227,950855,4641,44504,2521900
376,207,210,950648,4638,44714,2486600
377,216,264,950432,4590,44978,2462800
378,218,212,950214,4596,45190,2752900
379,230,213,949984,4613,45403,2779200
380,217,238,949767,4592,45641,2554400
381,232,244,949535,4580,45885,2535500
382,252,218,949283,4614,46103,2509300
383,226,232,949057,4608,46335,2513400
384,241,237,948816,4612,46572,2501500
385,205,228,948611,4589,46800,2542000
386,231,230,948380,4590,47030,2553200
387,228,200,948152,4618,47230,2517800
388,255,228,947897,4645,47458,2496400
389,232,231,947665,4646,47689,2473700
390,223,217,947442,4652,47906,2475300
391,242,239,947200,4655,48145,2538400
392,224,246,946976,4633,48391,2493400
393,245,260,946731,4618,48651,2467600
394,212,234,946519,4596,48885,2465400
395,228,224,946291,4600,49109,2483400
396,231,210,946060,4621,49319,2463400
397,235,241,945825,4615,49560,2647900
398,280,239,945545,4656,49799,2716000
399,218,228,945327,4646,50027,2726300
400,244,246,945083,4644,50273,2706300
401,243,231,944840,4656,50504,2705100
402,251,227,944589,4680,50731,2758900
403,219,233,944370,4666,50964,2824900
404,247,233,944123,4680,51197,2779000
405,255,234,943868,4701,51431,2852800
406,277,241,943591,4737,51672,2806300
407,253,249,943338,4741,51921,2861400
408,213,250,943125,4704,52171,2778600
409,239,240,942886,4703,52411,2793100
410,260,231,942626,4732,52642,2724900
411,252,220,942374,4764,52862,2703200
412,242,233,942132,4773,53095,2698500
413,247,238,941885,4782,53333,2709500
414,253,247,941632,4788,53580,2762800
415,246,256,941386,4778,53836,2861900
416,224,244,941162,4758,54080,2828100
417,253,210,940909,4801,54290,2807800
418,261,233,940648,4829,54523,2842300
419,233,242,940415,4820,54765,2940900
420,249,227,940166,4842,54992,2563000
421,250,247,939916,4845,55239,2535900
422,279,238,939637,4886,55477,2505500
423,251,244,939386,4893,55721,2480800
424,241,252,939145,4882,55973,2513300
425,267,256,938878,4893,56229,2491600
426,240,239,938638,4894,56468,2550200
427,257,251,938381,4900,56719,2487400
428,247,263,938134,4884,56982,2511100
429,244,242,937890,4886,57224,2545300
430,277,251,937613,4912,57475,2637700
431,284,249,937329,4947,57724,2747200
432,267,261,937062,4953,57985,2817900
433,286,214,936776,5025,58199,2853400
434,286,248,936490,5063,58447,2699500
435,258,263,936232,5058,58710,2755300
436,260,251,935972,5067,58961,2679100
437,277,258,935695,5086,59219,2726600
438,279,251,935416,5114,59470,2954100
439,257,255,935159,5116,59725,3132400
440,256,250,934903,5122,59975,2695900
441,273,251,934630,5144,60226,2720500
442,293,239,934337,5198,60465,2694900
443,272,269,934065,5201,60734,2909400
444,293,243,933772,5251,60977,2698300
445,278,255,933494,5274,61232,2634400
446,271,263,933223,5282,61495,2615700
447,288,269,932935,5301,61764,2599000
448,288,247,932647,5342,62011,2546900
449,248,285,932399,5305,62296,2604000
450,277,282,932122,5300,62578,2546100
451,289,269,931833,5320,62847,2535800
452,306,256,931527,5370,63103,2522400
453,288,255,931239,5403,63358,2602100
454,250,258,930989,5395,63616,2594100
455,282,281,930707,5396,63897,2869600
456,295,265,930412,5426,64162,2596700
457,277,281,930135,5422,64443,2588000
458,270,274,929865,5418,64717,2544000
459,277,299,929588,5396,65016,2523800
460,297,281,929291,5412,65297,2515700
461,232,278,929059,5366,65575,2699900
462,245,283,928814,5328,65858,2795800
463,286,276,928528,5338,66134,2560800
464,218,239,928310,5317,66373,2504800
465,287,272,928023,5332,66645,2555700
466,272,280,927751,5324,66925,2637300
467,277,257,927474,5344,67182,2732000
468,284,260,927190,5368,67442,2866000
469,300,283,926890,5385,67725,2774200
470,283,259,926607,5409,67984,2605400
471,289,266,926318,5432,68250,2570500
472,294,283,926024,5443,68533,2578200
473,295,234,925729,5504,68767,2604400
474,298,280,925431,5522,69047,2589600
475,297,292,925134,5527,69339,2569300
476,291,272,924843,5546,69611,2576900
477,276,266,924567,5556,69877,2567900
478,273,270,924294,5559,70147,2574600
479,291,272,924003,5578,70419,2808100
480,301,289,923702,5590,70708,2973300
481,275,276,923427,5589,70984,2645500
482,305,303,923122,5591,71287,2660400
483,298,286,922824,5603,71573,2636200
484,293,279,922531,5617,71852,2612200
485,280,272,922251,5625,72124,3243000
486,285,284,921966,5626,72408,2675000
487,268,297,921698,5597,72705,2753900
488,273,269,921425,5601,72974,2656800
489,295,283,921130,5613,73257,2649100
490,285,258,920845,5640,73515,2648900
491,299,285,920546,5654,73800,2686200
492,310,281,920236,5683,74081,2649200
493,302,299,919934,5686,74380,2622100
494,280,277,919654,5689,74657,2598200
495,288,297,919366,5680,74954,2582200
496,281,301,919085,5660,75255,2676600
497,307,309,918778,5658,75564,2747400
498,286,275,918492,5669,75839,2549200
499,285,309,918207,5645,76148,2547800
500,285,280,917922,5650,76428,2518200
501,296,296,917626,5650,76724,2503800
502,304,254,917322,5700,76978,2502800
503,316,287,917006,5729,77265,2655900
504,298,291,916708,5736,77556,2605800
505,282,275,916426,5743,77831,2658800
506,300,265,916126,5778,78096,2630100
507,327,278,915799,5827,78374,2597200
508,302,289,915497,5840,78663,2612300
509,292,277,915205,5855,78940,2643400
510,332,294,914873,5893,79234,2663900
511,275,292,914598,5876,79526,2631700
512,278,297,914320,5857,79823,2600200
513,275,277,914045,5855,80100,2558000
514,304,310,913741,5849,80410,2616200
515,311,279,913430,5881,80689,2810100
516,313,293,913117,5901,80982,2658600
517,306,274,912811,5933,81256,2607300
518,295,294,912516,5934,81550,2581800
519,287,314,912229,5907,81864,2567000
520,305,281,911924,5931,82145,2561100
521,307,321,911617,5917,82466,2578000
522,289,316,911328,5890,82782,2547100
523,344,295,910984,5939,83077,2558500
524,343,321,910641,5961,83398,2527200
525,355,288,910286,6028,83686,2509800
526,336,283,909950,6081,83969,2526900
527,318,313,909632,6086,84282,2872500
528,300,268,909332,6118,84550,2560800
529,291,255,909041,6154,84805,2587300
530,291,301,908750,6144,85106,2630600
531,315,314,908435,6145,85420,2631600
532,311,306,908124,6150,85726,2729900
533,320,305,907804,6165,86031,3145000
534,332,303,907472,6194,86334,2892300
535,324,301,907148,6217,86635,2662800
536,311,302,906837,6226,86937,2523600
537,305,317,906532,6214,87254,2565800
538,301,332,906231,6183,87586,2566800
539,349,293,905882,6239,87879,2540400
540,331,319,905551,6251,88198,2529500
541,308,318,905243,6241,88516,2593200
542,354,303,904889,6292,88819,2662800
543,345,307,904544,6330,89126,2641600
544,325,332,904219,6323,89458,3095300
545,318,301,903901,6340,89759,2727200
546,330,309,903571,6361,90068,2738600
547,323,326,903248,6358,90394,2693900
548,324,335,902924,6347,90729,2688700
549,295,332,902629,6310,91061,2656900
550,328,296,902301,6342,91357,2641900
551,314,352,901987,6304,91709,2604300
552,284,313,901703,6275,92022,2591500
553,318,349,901385,6244,92371,2602400
554,326,315,901059,6255,92686,2608700
555,333,300,900726,6288,92986,2791100
556,296,296,900430,6288,93282,3225600
557,302,327,900128,6263,93609,2777500
558,281,295,899847,6249,93904,2589900
559,306,304,899541,6251,94208,2791200
560,308,305,899233,6254,94513,2572200
561,332,286,898901,6300,94799,2645600
562,352,315,898549,6337,95114,2635000
563,319,351,898230,6305,95465,2615700
564,310,302,897920,6313,95767,2565000
565,297,304,897623,6306,96071,2577700
566,305,283,897318,6328,96354,2534700
567,323,300,896995,6351,96654,2576700
568,285,333,896710,6303,96987,2583500
569,306,323,896404,6286,97310,2559200
570,323,332,896081,6277,97642,2548900
571,328,321,895753,6284,97963,2569300
572,324,311,895429,6297,98274,2539700
573,300,343,895129,6254,98617,2556600
574,289,337,894840,6206,98954,2565200
575,316,311,894524,6211,99265,2579800
576,292,323,894232,6180,99588,2542700
577,288,308,893944,6160,99896,2534100
578,329,291,893615,6198,100187,2530700
579,323,312,893292,6209,100499,2639800
580,306,296,892986,6219,100795,2650500
581,316,323,892670,6212,101118,2631500
582,294,322,892376,6184,101440,2633200
583,332,313,892044,6203,101753,2620500
584,315,279,891729,6239,102032,2566500
585,327,303,891402,6263,102335,2665400
586,324,311,891078,6276,102646,2800400
587,302,318,890776,6260,102964,2889100
588,314,318,890462,6256,103282,2866300
589,314,297,890148,6273,103579,3053100
590,307,299,889841,6281,103878,2919000
591,322,304,889519,6299,104182,2828500
592,317,300,889202,6316,104482,2728000
593,321,341,888881,6296,104823,2695600
594,324,323,888557,6297,105146,2670700
595,301,316,888256,6282,105462,2615200
596,312,294,887944,6300,105756,2950200
597,298,335,887646,6263,106091,2630900
598,286,328,887360,6221,106419,2618500
599,317,326,887043,6212,106745,2578400
600,322,306,886721,6228,107051,2578800
601,322,319,886399,6231,107370,2561000
602,325,346,886074,6210,107716,2616200
603,328,301,885746,6237,108017,2619400
604,320,290,885426,6267,108307,2628300
605,329,288,885097,6308,108595,2859100
606,319,283,884778,6344,108878,2752400
607,325,312,884453,6357,109190,2861800
608,314,322,884139,6349,109512,3107800
609,326,289,883813,6386,109801,2809300
610,329,302,883484,6413,110103,2701800
611,365,328,883119,6450,110431,2671600
612,329,314,882790,6465,110745,2680800
613,331,309,882459,6487,111054,2992700
614,346,317,882113,6516,111371,2680000
615,349,329,881764,6536,111700,2643300
616,331,311,881433,6556,112011,2596100
617,333,344,881100,6545,112355,2569200
618,333,306,880767,6572,112661,2610100
619,346,340,880421,6578,113001,3250000
620,353,318,880068,6613,113319,2980900
621,351,320,879717,6644,113639,2858300
622,313,364,879404,6593,114003,2798000
623,324,340,879080,6577,114343,2990500
624,331,315,878749,6593,114658,3211600
625,345,334,878404,6604,114992,2889900
626,337,332,878067,6609,115324,3055400
627,340,343,877727,6606,115667,2899100
628,324,312,877403,6618,115979,2968000
629,340,332,877063,6626,116311,3079600
630,353,341,876710,6638,116652,2927500
631,319,331,876391,6626,116983,2875800
632,336,318,876055,6644,117301,2598700
633,335,341,875720,6638,117642,2598600
634,324,335,875396,6627,117977,2550500
635,323,340,875073,6610,118317,2644300
636,334,315,874739,6629,118632,2650700
637,389,317,874350,6701,118949,2608100
638,333,381,874017,6653,119330,2605600
639,342,387,873675,6608,119717,2586700
640,360,306,873315,6662,120023,2558000
641,372,332,872943,6702,120355,2611400
642,361,316,872582,6747,120671,2605400
643,377,341,872205,6783,121012,2565500
644,329,351,871876,6761,121363,2585300
645,314,346,871562,6729,121709,2573200
646,342,317,871220,6754,122026,2552400
647,341,345,870879,6750,122371,2553800
648,355,339,870524,6766,122710,2626100
649,350,374,870174,6742,123084,2590700
650,355,338,869819,6759,123422,2561900
651,362,320,869457,6801,123742,2573100
652,403,355,869054,6849,124097,2659200
653,355,359,868699,6845,124456,2706500
654,344,360,868355,6829,124816,2692800
655,362,335,867993,6856,125151,2685600
656,354,333,867639,6877,125484,2640700
657,378,340,867261,6915,125824,2654900
658,370,323,866891,6962,126147,2603800
659,356,353,866535,6965,126500,2601800
660,381,319,866154,7027,126819,2621000
661,338,361,865816,7004,127180,2611800
662,376,358,865440,7022,127538,2580100
663,391,340,865049,7073,127878,2592800
664,344,350,864705,7067,128228,2584700
665,369,375,864336,7061,128603,2606900
666,355,376,863981,7040,128979,2638800
667,379,331,863602,7088,129310,2616000
668,349,355,863253,7082,129665,2594300
669,370,383,862883,7069,130048,2578600
670,378,330,862505,7117,130378,2586800
671,377,358,862128,7136,130736,2888200
672,368,377,861760,7127,131113,2644800
673,367,330,861393,7164,131443,2584600
674,365,357,861028,7172,131800,2572000
675,320,358,860708,7134,132158,2594800
676,351,331,860357,7154,132489,2617700
677,350,353,860007,7151,132842,2705200
678,337,377,859670,7111,133219,2685500
679,331,329,859339,7113,133548,2709000
680,339,367,859000,7085,133915,2674700
681,372,391,858628,7066,134306,2662600
682,335,358,858293,7043,134664,2733200
683,345,361,857948,7027,135025,2798900
684,355,368,857593,7014,135393,2607400
685,360,385,857233,6989,135778,2576300
686,363,376,856870,6976,136154,2580900
687,351,346,856519,6981,136500,2573100
688,350,326,856169,7005,136826,2618600
689,372,339,855797,7038,137165,3308200
690,359,362,855438,7035,137527,3429100
691,386,371,855052,7050,137898,3235200
692,333,336,854719,7047,138234,2650600
693,370,372,854349,7045,138606,2608600
694,374,359,853975,7060,138965,2717100
695,351,355,853624,7056,139320,2722200
696,340,369,853284,7027,139689,2729800
697,355,343,852929,7039,140032,2728600
698,397,367,852532,7069,140399,2770800
699,359,346,852173,7082,140745,2774800
700,356,342,851817,7096,141087,2825800
701,338,373,851479,7061,141460,2828300
702,364,346,851115,7079,141806,2853500
703,378,328,850737,7129,142134,2891100
704,336,333,850401,7132,142467,2884600
705,385,349,850016,7168,142816,2886700
706,359,380,849657,7147,143196,3056700
707,353,329,849304,7171,143525,3396600
708,376,359,848928,7188,143884,3351500
709,397,341,848531,7244,144225,3184400
710,372,384,848159,7232,144609,3050400
711,374,381,847785,7225,144990,2939200
712,362,359,847423,7228,145349,2966500
713,409,394,847014,7243,145743,3169100
714,376,359,846638,7260,146102,2896000
715,322,351,846316,7231,146453,3319600
716,392,397,845924,7226,146850,2835300
717,393,367,845531,7252,147217,2794800
718,411,387,845120,7276,147604,2729800
719,394,348,844726,7322,147952,2725800
720,393,395,844333,7320,148347,2792100
721,384,365,843949,7339,148712,2737700
722,364,370,843585,7333,149082,2750000
723,369,379,843216,7323,149461,2781600
724,358,344,842858,7337,149805,2860100
725,378,340,842480,7375,150145,3408100
726,411,350,842069,7436,150495,2915400
727,386,353,841683,7469,150848,2887100
728,421,367,841262,7523,151215,2823900
729,373,410,840889,7486,151625,2821600
730,385,358,840504,7513,151983,2812800
731,419,375,840085,7557,152358,2813700
732,422,385,839663,7594,152743,2793700
733,396,391,839267,7599,153134,2773000
734,421,397,838846,7623,153531,2743300
735,373,391,838473,7605,153922,3066100
736,382,389,838091,7598,154311,2952300
737,392,382,837699,7608,154693,3062600
738,427,382,837272,7653,155075,3300800
739,402,416,836870,7639,155491,2946900
740,369,348,836501,7660,155839,2856500
741,380,410,836121,7630,156249,2886700
742,416,381,835705,7665,156630,3051700
743,382,395,835323,7652,157025,3228400
744,377,383,834946,7646,157408,2984300
745,394,417,834552,7623,157825,2942900
746,399,409,834153,7613,158234,3289900
747,403,355,833750,7661,158589,2916300
748,382,372,833368,7671,158961,2880300
749,408,386,832960,7693,159347,2846500
750,394,422,832566,7665,159769,2806200
751,420,392,832146,7693,160161,2776900
752,434,424,831712,7703,160585,2743700
753,401,380,831311,7724,160965,2672800
754,417,394,830894,7747,161359,2668100
755,362,390,830532,7719,161749,2641500
756,408,393,830124,7734,162142,2607500
757,377,411,829747,7700,162553,3036100
758,402,385,829345,7717,162938,2735400
759,425,382,828920,7760,163320,2693300
760,382,383,828538,7759,163703,2647100
761,405,384,828133,7780,164087,2631400
762,410,359,827723,7831,164446,2635100
763,397,382,827326,7846,164828,2623400
764,446,399,826880,7893,165227,2776900
765,394,388,826486,7899,165615,2739500
766,392,413,826094,7878,166028,2673500
767,415,406,825679,7887,166434,2626800
768,429,376,825250,7940,166810,2655600
769,398,386,824852,7952,167196,2741900
770,476,415,824376,8013,167611,2923700
771,399,413,823977,7999,168024,2696000
772,435,435,823542,7999,168459,2759500
773,422,400,823120,8021,168859,2749300
774,448,422,822672,8047,169281,2713500
775,435,404,822237,8078,169685,3061200
776,419,425,821818,8072,170110,2747200
777,451,380,821367,8143,170490,2667900
778,439,353,820928,8229,170843,2634800
779,427,378,820501,8278,171221,2620100
780,446,432,820055,8292,171653,2723000
781,424,422,819631,8294,172075,3061900
782,414,417,819217,8291,172492,2672900
783,400,418,818817,8273,172910,2681400
784,407,416,818410,8264,173326,2653700
785,392,408,818018,8248,173734,2639500
786,438,419,817580,8267,174153,2640400
787,418,422,817162,8263,174575,2711400
788,420,432,816742,8251,175007,2667600
789,416,427,816326,8240,175434,2652400
790,428,402,815898,8266,175836,2655300
791,402,397,815496,8271,176233,2681500
792,439,411,815057,8299,176644,3272100
793,401,410,814656,8290,177054,2726900
794,439,411,814217,8318,177465,2696700
795,471,405,813746,8384,177870,2689600
796,447,410,813299,8421,178280,2737100
797,465,436,812834,8450,178716,2712100
798,450,456,812384,8444,179172,3245100
799,430,432,811954,8442,179604,3398100
800,432,389,811522,8485,179993,2942100
801,413,426,811109,8472,180419,2881200
802,396,474,810713,8394,180893,2917900
803,448,419,810265,8423,181312,3100800
804,451,451,809814,8423,181763,2846200
805,425,435,809389,8413,182198,2793600
806,422,392,808967,8443,182590,2916400
807,428,428,808539,8443,183018,2984700
808,436,443,808103,8436,183461,2916900
809,450,418,807653,8468,183879,2901500
810,453,447,807200,8474,184326,2830700
811,467,392,806733,8549,184718,2759900
812,433,456,806300,8526,185174,2749100
813,443,444,805857,8525,185618,2715800
814,413,426,805444,8512,186044,2736800
815,457,422,804987,8547,186466,2728000
816,460,408,804527,8599,186874,2701900
817,442,441,804085,8600,187315,2675300
818,459,413,803626,8646,187728,2770900
819,403,426,803223,8623,188154,2776100
820,474,409,802749,8688,188563,3111500
821,418,443,802331,8663,189006,2764200
822,415,437,801916,8641,189443,2718200
823,441,422,801475,8660,189865,2700400
824,425,400,801050,8685,190265,2704600
825,434,400,800616,8719,190665,2684500
826,441,475,800175,8685,191140,2694800
827,473,465,799702,8693,191605,2671200
828,434,426,799268,8701,192031,2641700
829,458,447,798810,8712,192478,2635700
830,466,401,798344,8777,192879,2659000
831,465,435,797879,8807,193314,3248000
832,446,451,797433,8802,193765,2688400
833,463,438,796970,8827,194203,2810500
834,445,432,796525,8840,194635,2786500
835,438,380,796087,8898,195015,2770200
836,445,474,795642,8869,195489,2708200
837,427,431,795215,8865,195920,3284400
838,447,436,794768,8876,196356,2739000
839,464,456,794304,8884,196812,2730700
840,530,483,793774,8931,197295,2780000
841,474,447,793300,8958,197742,2852500
842,457,432,792843,8983,198174,3051600
843,449,457,792394,8975,198631,3546700
844,460,448,791934,8987,199079,3536600
845,473,436,791461,9024,199515,3093700
846,436,466,791025,8994,199981,2996000
847,448,417,790577,9025,200398,3317400
848,442,453,790135,9014,200851,3213700
849,474,470,789661,9018,201321,2777000
850,486,424,789175,9080,201745,2717100
851,447,437,788728,9090,202182,2677600
852,442,472,788286,9060,202654,3093100
853,477,488,787809,9049,203142,2739800
854,432,462,787377,9019,203604,2711600
855,494,435,786883,9078,204039,2701900
856,462,455,786421,9085,204494,2641900
857,481,450,785940,9116,204944,2679100
858,432,469,785508,9079,205413,3294500
859,464,467,785044,9076,205880,2821900
860,457,461,784587,9072,206341,2849300
861,471,463,784116,9080,206804,2874200
862,487,451,783629,9116,207255,2888900
863,404,472,783225,9048,207727,3127000
864,434,454,782791,9028,208181,2937700
865,447,467,782344,9008,208648,2930700
866,434,461,781910,8981,209109,2880900
867,490,436,781420,9035,209545,2861100
868,427,449,780993,9013,209994,2865800
869,463,455,780530,9021,210449,2742300
870,488,436,780042,9073,210885,2755400
871,443,463,779599,9053,211348,2726000
872,428,408,779171,9073,211756,2709500
873,429,421,778742,9081,212177,2691700
874,480,414,778262,9147,212591,2775200
875,456,457,777806,9146,213048,2727300
876,435,485,777371,9096,213533,2704600
877,469,460,776902,9105,213993,2684600
878,422,491,776480,9036,214484,2687000
879,467,426,776013,9077,214910,2684000
880,417,442,775596,9052,215352,2796700
881,439,464,775157,9027,215816,2738600
882,427,445,774730,9009,216261,2724100
883,450,451,774280,9008,216712,2705500
884,426,438,773854,8996,217150,2693700
885,444,428,773410,9012,217578,2674900
886,429,463,772981,8978,218041,2780100
887,442,451,772539,8969,218492,2780800
888,408,457,772131,8920,218949,2837700
889,430,469,771701,8881,219418,2817900
890,381,435,771320,8827,219853,2820000
891,424,389,770896,8862,220242,3184000
892,425,440,770471,8847,220682,2845000
893,424,455,770047,8816,221137,2764700
894,451,448,769596,8819,221585,2739200
895,458,408,769138,8869,221993,2709700
896,448,433,768690,8884,222426,2721500
897,463,430,768227,8917,222856,2795800
898,435,442,767792,8910,223298,2701600
899,451,424,767341,8937,223722,2683300
900,465,445,766876,8957,224167,2701200
901,462,451,766414,8968,224618,2670500
902,438,436,765976,8970,225054,2666000
903,472,452,765504,8990,225506,3034700
904,420,450,765084,8960,225956,2784500
905,425,433,764659,8952,226389,2682300
906,443,484,764216,8911,226873,2684600
907,432,455,763784,8888,227328,2675500
908,412,461,763372,8839,227789,2672900
909,455,446,762917,8848,228235,2665700
910,456,464,762461,8840,228699,2664300
911,447,429,762014,8858,229128,2677600
912,443,445,761571,8856,229573,2737100
913,410,441,761161,8825,230014,2728300
914,437,453,760724,8809,230467,2844800
915,458,444,760266,8823,230911,2824200
916,428,432,759838,8819,231343,2862800
917,416,426,759422,8809,231769,2740900
918,404,432,759018,8781,232201,2740600
919,438,490,758580,8729,232691,2709800
920,448,426,758132,8751,233117,3192200
921,411,458,757721,8704,233575,2819200
922,400,431,757321,8673,234006,2757100
923,449,421,756872,8701,234427,2728500
924,464,434,756408,8731,234861,2697700
925,455,452,755953,8734,235313,2964500
926,405,412,755548,8727,235725,2743000
927,431,434,755117,8724,236159,2665800
928,420,428,754697,8716,236587,2642600
929,438,442,754259,8712,237029,2654600
930,438,436,753821,8714,237465,2646400
931,434,442,753387,8706,237907,2682300
932,435,457,752952,8684,238364,2690700
933,481,443,752471,8722,238807,2668000
934,416,441,752055,8697,239248,2705900
935,432,455,751623,8674,239703,2683400
936,439,430,751184,8683,240133,2788900
937,438,419,750746,8702,240552,3235300
938,463,446,750283,8719,240998,2806500
939,425,401,749858,8743,241399,2820400
940,423,488,749435,8678,241887,2767700
941,421,438,749014,8661,242325,2709600
942,429,432,748585,8658,242757,2726100
943,422,444,748163,8636,243201,2729800
944,434,448,747729,8622,243649,2708700
945,448,452,747281,8618,244101,2703900
946,382,428,746899,8572,244529,2790500
947,413,434,746486,8551,244963,2761200
948,443,443,746043,8551,245406,2786300
949,434,408,745609,8577,245814,2687900
950,435,433,745174,8579,246247,2702500
951,404,396,744770,8587,246643,2689200
952,416,444,744354,8559,247087,2681600
953,408,464,743946,8503,247551,2681800
954,397,419,743549,8481,247970,2804900
955,402,376,743147,8507,248346,2730800
956,407,446,742740,8468,248792,2689000
957,432,398,742308,8502,249190,2697700
958,424,456,741884,8470,249646,2675100
959,415,406,741469,8479,250052,2690400
960,407,409,741062,8477,250461,2737400
961,416,432,740646,8461,250893,2726300
962,396,432,740250,8425,251325,2822700
963,418,413,739832,8430,251738,2780600
964,423,449,739409,8404,252187,2725900
965,441,425,738968,8420,252612,3117600
966,417,447,738551,8390,253059,2738600
967,402,404,738149,8388,253463,2629500
968,408,414,737741,8382,253877,2650900
969,418,418,737323,8382,254295,2677100
970,410,413,736913,8379,254708,2671900
971,401,410,736512,8370,255118,2673600
972,420,452,736092,8338,255570,2656500
973,433,436,735659,8335,256006,2668800
974,434,430,735225,8339,256436,2672900
975,416,446,734809,8309,256882,2629400
976,366,381,734443,8294,257263,2852000
977,457,408,733986,8343,257671,3271100
978,424,419,733562,8348,258090,2964400
979,438,422,733124,8364,258512,2933200
980,421,432,732703,8353,258944,2868200
981,410,414,732293,8349,259358,2921500
982,406,451,731887,8304,259809,3121600
983,433,449,731454,8288,260258,2767700
984,404,398,731050,8294,260656,2701600
985,403,421,730647,8276,261077,2786400
986,412,418,730235,8270,261495,2729000
987,382,401,729853,8251,261896,2782800
988,382,396,729471,8237,262292,2804100
989,406,415,729065,8228,262707,2774900
990,431,418,728634,8241,263125,2721700
991,394,419,728240,8216,263544,2682000
992,393,403,727847,8206,263947,2651300
993,392,374,727455,8224,264321,2680800
994,401,414,727054,8211,264735,2689400
995,395,417,726659,8189,265152,2662800
996,417,410,726242,8196,265562,2654500
997,411,431,725831,8176,265993,2647600
998,442,395,725389,8223,266388,2655000
999,397,395,724992,8225,266783,3181600
1000,427,407,724565,8245,267190,2788000
1001,424,426,724141,8243,267616,2785900
1002,429,427,723712,8245,268043,2763600
1003,431,423,723281,8253,268466,2725800
1004,420,407,722861,8266,268873,2728800
1005,408,383,722453,8291,269256,2697400
1006,428,381,722025,8338,269637,2674500
1007,420,419,721605,8339,270056,2651500
1008,459,403,721146,8395,270459,2738200
1009,411,436,720735,8370,270895,2718800
1010,408,421,720327,8357,271316,3113400
1011,433,407,719894,8383,271723,2896100
1012,426,440,719468,8369,272163,2765600
1013,404,411,719064,8362,272574,2744500
1014,434,420,718630,8376,272994,2708000
1015,412,438,718218,8350,273432,2939700
1016,415,392,717803,8373,273824,2976600
1017,430,433,717373,8370,274257,2712000
1018,461,424,716912,8407,274681,2676500
1019,383,423,716529,8367,275104,2692600
1020,426,403,716103,8390,275507,2668000
1021,407,407,715696,8390,275914,2946800
1022,416,419,715280,8387,276333,2789900
1023,479,408,714801,8458,276741,2786800
1024,441,449,714360,8450,277190,2732500
1025,427,407,713933,8470,277597,2725000
1026,427,441,713506,8456,278038,2891400
1027,433,420,713073,8469,278458,3126300
1028,432,408,712641,8493,278866,2764600
1029,436,446,712205,8483,279312,2727300
1030,414,428,711791,8469,279740,2701800
1031,447,441,711344,8475,280181,2691500
1032,439,442,710905,8472,280623,3097700
1033,448,401,710457,8519,281024,2859900
1034,408,454,710049,8473,281478,2794800
1035,409,437,709640,8445,281915,2739100
1036,388,427,709252,8406,282342,2706300
1037,390,454,708862,8342,282796,2696100
1038,425,418,708437,8349,283214,3029600
1039,379,399,708058,8329,283613,2655400
1040,417,412,707641,8334,284025,2691700
1041,414,397,707227,8351,284422,2692900
1042,410,438,706817,8323,284860,2734700
1043,419,380,706398,8362,285240,2980400
1044,389,418,706009,8333,285658,2808400
1045,389,426,705620,8296,286084,2817200
1046,445,477,705175,8264,286561,2922200
1047,422,459,704753,8227,287020,2864100
1048,454,436,704299,8245,287456,2845100
1049,394,417,703905,8222,287873,2873500
1050,395,419,703510,8198,288292,2904100
1051,391,407,703119,8182,288699,2892800
1052,427,420,702692,8189,289119,3316200
1053,394,427,702298,8156,289546,3048500
1054,400,431,701898,8125,289977,3068300
1055,427,402,701471,8150,290379,2982000
1056,422,388,701049,8184,290767,3024900
1057,392,416,700657,8160,291183,3003200
1058,397,423,700260,8134,291606,2942800
1059,427,374,699833,8187,291980,3023800
1060,450,408,699383,8229,292388,2925900
1061,396,446,698987,8179,292834,2848700
1062,427,394,698560,8212,293228,2846700
1063,388,431,698172,8169,293659,2823000
1064,420,392,697752,8197,294051,3036200
1065,417,421,697335,8193,294472,2918500
1066,413,385,696922,8221,294857,2884100
1067,428,389,696494,8260,295246,2832300
1068,446,408,696048,8298,295654,2832700
1069,435,411,695613,8322,296065,2881300
1070,444,379,695169,8387,296444,2871700
1071,417,435,694752,8369,296879,2909900
1072,400,438,694352,8331,297317,3009100
1073,445,429,693907,8347,297746,2826700
1074,423,425,693484,8345,298171,2810800
1075,393,423,693091,8315,298594,2868700
1076,445,423,692646,8337,299017,2857800
1077,412,407,692234,8342,299424,2830800
1078,439,419,691795,8362,299843,2882000
1079,421,416,691374,8367,300259,2918600
1080,425,409,690949,8383,300668,3129200
1081,457,420,690492,8420,301088,2873500
1082,471,430,690021,8461,301518,2816100
1083,456,401,689565,8516,301919,2784800
1084,414,432,689151,8498,302351,2793200
1085,428,429,688723,8497,302780,2765300
1086,436,421,688287,8512,303201,2787900
1087,434,410,687853,8536,303611,2801200
1088,430,427,687423,8539,304038,2764500
1089,445,417,686978,8567,304455,3027700
1090,455,423,686523,8599,304878,2891700
1091,448,450,686075,8597,305328,2854400
1092,401,426,685674,8572,305754,2867800
1093,407,432,685267,8547,306186,2826800
1094,437,404,684830,8580,306590,2842400
1095,421,444,684409,8557,307034,2865800
1096,468,438,683941,8587,307472,2840900
1097,419,456,683522,8550,307928,3138300
1098,409,411,683113,8548,308339,2847900
1099,428,421,682685,8555,308760,2819500
1100,432,428,682253,8559,309188,2818100
1101,450,411,681803,8598,309599,3073200
1102,463,435,681340,8626,310034,3458400
1103,434,422,680906,8638,310456,2934600
1104,451,405,680455,8684,310861,2900400
1105,454,461,680001,8677,311322,2876500
1106,420,425,679581,8672,311747,2817800
1107,424,416,679157,8680,312163,2807600
1108,442,452,678715,8670,312615,2932400
1109,409,439,678306,8640,313054,2976300
1110,451,469,677855,8622,313523,2920300
1111,433,421,677422,8634,313944,2977700
1112,436,467,676986,8603,314411,3371000
1113,423,382,676563,8644,314793,3087500
1114,405,396,676158,8653,315189,2977600
1115,412,415,675746,8650,315604,2979700
1116,403,442,675343,8611,316046,2950500
1117,422,447,674921,8586,316493,2902200
1118,376,422,674545,8540,316915,3232900
1119,405,442,674140,8503,317357,2937300
1120,407,417,673733,8493,317774,2928600
1121,411,438,673322,8466,318212,2914100
1122,398,410,672924,8454,318622,2919300
1123,427,412,672497,8469,319034,3278600
1124,425,466,672072,8428,319500,3207200
1125,421,435,671651,8414,319935,3366600
1126,438,426,671213,8426,320361,3209800
1127,420,400,670793,8446,320761,3128000
1128,410,424,670383,8432,321185,3258400
1129,422,394,669961,8460,321579,3009100
1130,438,431,669523,8467,322010,3001600
1131,432,404,669091,8495,322414,2966100
1132,397,418,668694,8474,322832,2935900
1133,408,388,668286,8494,323220,3074600
1134,456,444,667830,8506,323664,2912000
1135,395,411,667435,8490,324075,2898100
1136,404,451,667031,8443,324526,2994000
1137,426,452,666605,8417,324978,3007200
1138,442,418,666163,8441,325396,3153600
1139,386,396,665777,8431,325792,2997600
1140,407,412,665370,8426,326204,2936900
1141,426,420,664944,8432,326624,2941100
1142,390,428,664554,8394,327052,2918200
1143,423,463,664131,8354,327515,3052600
1144,444,460,663687,8338,327975,2946600
1145,418,391,663269,8365,328366,3015900
1146,423,418,662846,8370,328784,3020700
1147,388,432,662458,8326,329216,3167000
1148,407,436,662051,8297,329652,3689800
1149,415,423,661636,8289,330075,3214800
1150,380,441,661256,8228,330516,2962000
1151,439,391,660817,8276,330907,2975300
1152,411,436,660406,8251,331343,3195200
1153,406,428,660000,8229,331771,3497200
1154,402,375,659598,8256,332146,3391400
1155,383,409,659215,8230,332555,3488300
1156,385,441,658830,8174,332996,3284300
1157,399,410,658431,8163,333406,3214100
1158,383,383,658048,8163,333789,3039100
1159,403,404,657645,8162,334193,3563400
1160,422,385,657223,8199,334578,3274800
1161,372,415,656851,8156,334993,3425400
1162,420,397,656431,8179,335390,3325600
1163,396,409,656035,8166,335799,3804000
1164,384,383,655651,8167,336182,3100800
1165,388,387,655263,8168,336569,3024700
1166,401,419,654862,8150,336988,2948700
1167,368,446,654494,8072,337434,3032100
1168,389,408,654105,8053,337842,2915800
1169,388,388,653717,8053,338230,2827300
1170,370,397,653347,8026,338627,2815400
1171,422,408,652925,8040,339035,2779400
1172,369,374,652556,8035,339409,2804100
1173,393,401,652163,8027,339810,2843800
1174,401,392,651762,8036,340202,2785800
1175,388,400,651374,8024,340602,2735900
1176,407,410,650967,8021,341012,2754600
1177,391,383,650576,8029,341395,2812300
1178,425,397,650151,8057,341792,2970700
1179,404,392,649747,8069,342184,2763100
1180,402,416,649345,8055,342600,2821200
1181,403,427,648942,8031,343027,2922100
1182,386,417,648556,8000,343444,2775900
1183,375,391,648181,7984,343835,2760200
1184,392,402,647789,7974,344237,2736100
1185,389,420,647400,7943,344657,2867700
1186,413,414,646987,7942,345071,2970200
1187,394,373,646593,7963,345444,2717100
1188,406,388,646187,7981,345832,2724200
1189,408,395,645779,7994,346227,2794300
1190,393,382,645386,8005,346609,2835100
1191,424,419,644962,8010,347028,2831500
1192,431,385,644531,8056,347413,2854300
1193,400,402,644131,8054,347815,2807800
1194,406,394,643725,8066,348209,2810200
1195,382,392,643343,8056,348601,2954400
1196,416,398,642927,8074,348999,2855200
1197,362,389,642565,8047,349388,2982500
1198,430,411,642135,8066,349799,2772700
1199,400,404,641735,8062,350203,2724300
1200,399,394,641336,8067,350597,2735800
1201,393,399,640943,8061,350996,2711800
1202,418,396,640525,8083,351392,2699400
1203,411,383,640114,8111,351775,2669200
1204,395,395,639719,8111,352170,2646300
1205,401,391,639318,8121,352561,2679900
1206,417,393,638901,8145,352954,2717800
1207,419,407,638482,8157,353361,2722300
1208,411,399,638071,8169,353760,2667100
1209,413,426,637658,8156,354186,2673800
1210,398,400,637260,8154,354586,2659200
1211,427,427,636833,8154,355013,2662800
1212,434,411,636399,8177,355424,2968900
1213,433,424,635966,8186,355848,2788300
1214,427,399,635539,8214,356247,2846000
1215,426,443,635113,8197,356690,2805500
1216,415,407,634698,8205,357097,2806300
1217,413,433,634285,8185,357530,3031200
1218,410,371,633875,8224,357901,2885000
1219,451,442,633424,8233,358343,2795700
1220,448,388,632976,8293,358731,2828700
1221,419,422,632557,8290,359153,2851100
1222,437,425,632120,8302,359578,2848100
1223,405,447,631715,8260,360025,2824500
1224,422,440,631293,8242,360465,2821300
1225,413,401,630880,8254,360866,2757200
1226,396,420,630484,8230,361286,2738900
1227,403,433,630081,8200,361719,2713200
1228,414,381,629667,8233,362100,2969300
1229,423,386,629244,8270,362486,2671300
1230,384,443,628860,8211,362929,2673400
1231,434,463,628426,8182,363392,2668000
1232,392,400,628034,8174,363792,2670500
1233,418,446,627616,8146,364238,2829800
1234,399,368,627217,8177,364606,3013900
1235,395,426,626822,8146,365032,2716400
1236,439,394,626383,8191,365426,2708200
1237,410,419,625973,8182,365845,2734300
1238,414,395,625559,8201,366240,2812200
1239,393,411,625166,8183,366651,2838700
1240,413,394,624753,8202,367045,2801900
1241,424,410,624329,8216,367455,2840900
1242,421,471,623908,8166,367926,2810000
1243,391,441,623517,8116,368367,2771500
1244,447,410,623070,8153,368777,3053700
1245,415,406,622655,8162,369183,2837800
1246,388,413,622267,8137,369596,2691200
1247,390,395,621877,8132,369991,2690200
1248,444,405,621433,8171,370396,2691900
1249,382,422,621051,8131,370818,2658900
1250,429,419,620622,8141,371237,2892900
1251,407,353,620215,8195,371590,2706400
1252,402,427,619813,8170,372017,2682600
1253,399,418,619414,8151,372435,2633600
1254,412,402,619002,8161,372837,2669700
1255,400,435,618602,8126,373272,2894000
1256,423,388,618179,8161,373660,2925800
1257,374,383,617805,8152,374043,2683400
1258,420,452,617385,8120,374495,2617200
1259,410,401,616975,8129,374896,2646200
1260,422,402,616553,8149,375298,2690400
1261,426,389,616127,8186,375687,2714000
1262,416,395,615711,8207,376082,2796400
1263,434,409,615277,8232,376491,2777400
1264,440,399,614837,8273,376890,2740200
1265,418,391,614419,8300,377281,2683200
1266,428,396,613991,8332,377677,2681600
1267,435,398,613556,8369,378075,3059800
1268,397,401,613159,8365,378476,2702700
1269,471,436,612688,8400,378912,2706000
1270,442,409,612246,8433,379321,2720700
1271,407,435,611839,8405,379756,2666800
1272,424,437,611415,8392,380193,2643600
1273,386,451,611029,8327,380644,3192600
1274,423,435,610606,8315,381079,2697100
1275,431,375,610175,8371,381454,2683200
1276,427,411,609748,8387,381865,2648100
1277,398,396,609350,8389,382261,2659000
1278,435,427,608915,8397,382688,2798000
1279,399,410,608516,8386,383098,2948400
1280,423,426,608093,8383,383524,2656100
1281,418,401,607675,8400,383925,2656100
1282,406,404,607269,8402,384329,2641100
1283,410,425,606859,8387,384754,2635400
1284,413,418,606446,8382,385172,2656900
1285,433,410,606013,8405,385582,2800000
1286,428,417,605585,8416,385999,2865700
1287,422,377,605163,8461,386376,2815800
1288,394,426,604769,8429,386802,2836500
1289,460,410,604309,8479,387212,2816600
1290,437,407,603872,8509,387619,2787100
1291,452,432,603420,8529,388051,2755200
1292,432,434,602988,8527,388485,2713400
1293,411,387,602577,8551,388872,2697700
1294,412,387,602165,8576,389259,2683800
1295,446,384,601719,8638,389643,2692900
1296,414,445,601305,8607,390088,2767000
1297,411,473,600894,8545,390561,2739500
1298,402,466,600492,8481,391027,2692200
1299,410,392,600082,8499,391419,2697600
1300,410,381,599672,8528,391800,2675500
1301,422,407,599250,8543,392207,2652100
1302,433,449,598817,8527,392656,3275700
1303,419,457,598398,8489,393113,2930900
1304,386,424,598012,8451,393537,2932100
1305,423,418,597589,8456,393955,2997100
1306,413,439,597176,8430,394394,3024700
1307,413,427,596763,8416,394821,3278300
1308,408,432,596355,8392,395253,2976100
1309,441,389,595914,8444,395642,2934000
1310,412,404,595502,8452,396046,2945700
1311,396,440,595106,8408,396486,2999400
1312,416,436,594690,8388,396922,3304000
1313,431,412,594259,8407,397334,3020000
1314,398,394,593861,8411,397728,2913300
1315,446,418,593415,8439,398146,2860200
1316,431,397,592984,8473,398543,2836400
1317,441,416,592543,8498,398959,2903600
1318,385,451,592158,8432,399410,2847700
1319,401,413,591757,8420,399823,2784500
1320,397,422,591360,8395,400245,2730100
1321,408,455,590952,8348,400700,2722900
1322,447,434,590505,8361,401134,2685300
1323,396,412,590109,8345,401546,3106400
1324,401,419,589708,8327,401965,2965600
1325,365,365,589343,8327,402330,2725300
1326,436,419,588907,8344,402749,2757700
1327,435,444,588472,8335,403193,2738400
1328,398,458,588074,8275,403651,3192300
1329,392,413,587682,8254,404064,2729600
1330,399,425,587283,8228,404489,2745900
1331,400,413,586883,8215,404902,2812300
1332,400,401,586483,8214,405303,2803100
1333,437,402,586046,8249,405705,2818100
1334,436,429,585610,8256,406134,2742700
1335,411,396,585199,8271,406530,3104400
1336,413,424,584786,8260,406954,2695400
1337,382,437,584404,8205,407391,2701800
1338,381,411,584023,8175,407802,2671600
1339,384,405,583639,8154,408207,2886300
1340,414,399,583225,8169,408606,2668800
1341,353,402,582872,8120,409008,2689600
1342,387,394,582485,8113,409402,2675100
1343,361,430,582124,8044,409832,2648300
1344,409,409,581715,8044,410241,2668000
1345,395,421,581320,8018,410662,3362400
1346,376,432,580944,7962,411094,2667800
1347,379,388,580565,7953,411482,2627900
1348,387,401,580178,7939,411883,2662400
1349,376,378,579802,7937,412261,2643100
1350,397,403,579405,7931,412664,2644500
1351,416,418,578989,7929,413082,2680800
1352,397,374,578592,7952,413456,2669400
1353,398,390,578194,7960,413846,2643300
1354,393,375,577801,7978,414221,2632500
1355,406,394,577395,7990,414615,2732200
1356,409,398,576986,8001,415013,3116300
1357,421,393,576565,8029,415406,3024000
1358,378,402,576187,8005,415808,2845800
1359,381,406,575806,7980,416214,3013900
1360,405,387,575401,7998,416601,3084400
1361,377,409,575024,7966,417010,2894600
1362,377,395,574647,7948,417405,2868200
1363,401,415,574246,7934,417820,2898100
1364,430,435,573816,7929,418255,2889900
1365,407,404,573409,7932,418659,3087300
1366,417,397,572992,7952,419056,2984300
1367,430,423,572562,7959,419479,3648900
1368,416,368,572146,8007,419847,3990800
1369,429,409,571717,8027,420256,3139300
1370,407,394,571310,8040,420650,3036700
1371,396,409,570914,8027,421059,3159100
1372,389,419,570525,7997,421478,3074100
1373,403,434,570122,7966,421912,2998800
1374,363,392,569759,7937,422304,3048000
1375,394,399,569365,7932,422703,3149000
1376,430,407,568935,7955,423110,3412400
1377,373,344,568562,7984,423454,3148000
1378,397,391,568165,7990,423845,3507300
1379,399,415,567766,7974,424260,3353500
1380,417,387,567349,8004,424647,3396600
1381,387,385,566962,8006,425032,3400400
1382,395,393,566567,8008,425425,3319000
1383,430,383,566137,8055,425808,3168500
1384,385,439,565752,8001,426247,3069500
1385,397,420,565355,7978,426667,3103400
1386,371,394,564984,7955,427061,3025500
1387,419,388,564565,7986,427449,3026800
1388,422,393,564143,8015,427842,2945100
1389,425,397,563718,8043,428239,2949100
1390,398,397,563320,8044,428636,2938500
1391,409,408,562911,8045,429044,3283100
1392,387,396,562524,8036,429440,2912800
1393,402,363,562122,8075,429803,2847100
1394,381,396,561741,8060,430199,2821700
1395,425,425,561316,8060,430624,2822300
1396,437,441,560879,8056,431065,3349900
1397,420,396,560459,8080,431461,3054400
1398,396,408,560063,8068,431869,3038000
1399,419,379,559644,8108,432248,2972100
1400,409,390,559235,8127,432638,3055700
1401,403,419,558832,8111,433057,3537500
1402,394,400,558438,8105,433457,3694700
1403,385,406,558053,8084,433863,3683100
1404,382,442,557671,8024,434305,3633800
1405,389,381,557282,8032,434686,3810900
1406,363,397,556919,7998,435083,3062800
1407,416,378,556503,8036,435461,3062500
1408,379,372,556124,8043,435833,2943300
1409,388,385,555736,8046,436218,2910000
1410,386,362,555350,8070,436580,2884600
1411,420,391,554930,8099,436971,2862200
1412,419,369,554511,8149,437340,2825200
1413,415,408,554096,8156,437748,2813100
1414,376,415,553720,8117,438163,2821000
1415,392,411,553328,8098,438574,2890400
1416,397,436,552931,8059,439010,2947900
1417,415,420,552516,8054,439430,2879700
1418,389,411,552127,8032,439841,2773100
1419,406,411,551721,8027,440252,2852800
1420,383,447,551338,7963,440699,2800900
1421,425,401,550913,7987,441100,2870400
1422,412,384,550501,8015,441484,2955300
1423,367,383,550134,7999,441867,2840500
1424,385,395,549749,7989,442262,2780900
1425,397,396,549352,7990,442658,2721300
1426,428,395,548924,8023,443053,2691600
1427,397,422,548527,7998,443475,2711800
1428,387,380,548140,8005,443855,2681200
1429,380,393,547760,7992,444248,2655300
1430,416,404,547344,8004,444652,2655600
1431,422,397,546922,8029,445049,2651300
1432,427,370,546495,8086,445419,2619000
1433,393,423,546102,8056,445842,3026500
1434,393,390,545709,8059,446232,2718200
1435,409,361,545300,8107,446593,2681300
1436,378,378,544922,8107,446971,2654000
1437,413,435,544509,8085,447406,2689300
1438,377,405,544132,8057,447811,2645500
1439,412,403,543720,8066,448214,3019700
1440,423,412,543297,8077,448626,2660700
1441,425,408,542872,8094,449034,2728500
1442,407,402,542465,8099,449436,2809500
1443,395,384,542070,8110,449820,2759300
1444,390,409,541680,8091,450229,2782200
1445,404,410,541276,8085,450639,2838200
1446,398,391,540878,8092,451030,2777300
1447,400,396,540478,8096,451426,2724700
1448,411,398,540067,8109,451824,2699000
1449,390,412,539677,8087,452236,2693600
1450,447,399,539230,8135,452635,3030600
1451,434,398,538796,8171,453033,2684100
1452,404,426,538392,8149,453459,2701300
1453,390,396,538002,8143,453855,2674400
1454,373,423,537629,8093,454278,2638800
1455,403,421,537226,8075,454699,2648100
1456,387,429,536839,8033,455128,2707800
1457,387,403,536452,8017,455531,2736200
1458,394,396,536058,8015,455927,2724600
1459,420,388,535638,8047,456315,2682100
1460,415,433,535223,8029,456748,2657500
1461,423,418,534800,8034,457166,2663000
1462,373,389,534427,8018,457555,2705900
1463,425,435,534002,8008,457990,2670900
1464,381,416,533621,7973,458406,2645700
1465,413,425,533208,7961,458831,2635500
1466,404,459,532804,7906,459290,2631500
1467,407,419,532397,7894,459709,2705200
1468,388,394,532009,7888,460103,3166800
1469,389,385,531620,7892,460488,3021800
1470,409,378,531211,7923,460866,2815900
1471,381,415,530830,7889,461281,2836100
1472,369,409,530461,7849,461690,2795700
1473,399,393,530062,7855,462083,3213700
1474,415,383,529647,7887,462466,2878300
1475,399,376,529248,7910,462842,2773800
1476,386,396,528862,7900,463238,2778000
1477,405,394,528457,7911,463632,2779600
1478,388,383,528069,7916,464015,2756100
1479,391,410,527678,7897,464425,2830600
1480,360,413,527318,7844,464838,2785300
1481,405,400,526913,7849,465238,2799900
1482,375,398,526538,7826,465636,2798300
1483,366,360,526172,7832,465996,2755000
1484,382,377,525790,7837,466373,2772600
1485,357,361,525433,7833,466734,2797000
1486,421,395,525012,7859,467129,2785200
1487,405,377,524607,7887,467506,2782500
1488,377,368,524230,7896,467874,3004400
1489,396,407,523834,7885,468281,2947000
1490,399,408,523435,7876,468689,3691800
1491,389,352,523046,7913,469041,2986100
1492,399,390,522647,7922,469431,3284300
1493,391,392,522256,7921,469823,3093700
1494,413,397,521843,7937,470220,3301200
1495,390,400,521453,7927,470620,2873000
1496,401,378,521052,7950,470998,3199100
1497,396,367,520656,7979,471365,3182700
1498,373,408,520283,7944,471773,3036800
1499,391,423,519892,7912,472196,3042700
1500,394,393,519498,7913,472589,3031400
1501,413,362,519085,7964,472951,2931900
1502,376,404,518709,7936,473355,2891200
1503,402,397,518307,7941,473752,2824400
1504,406,376,517901,7971,474128,2876500
1505,408,398,517493,7981,474526,3023300
1506,389,390,517104,7980,474916,3136600
1507,414,372,516690,8022,475288,3528300
1508,418,370,516272,8070,475658,3207700
1509,430,429,515842,8071,476087,3151300
1510,410,381,515432,8100,476468,3218300
1511,407,401,515025,8106,476869,2919600
1512,397,395,514628,8108,477264,2925600
1513,430,384,514198,8154,477648,3027200
1514,401,388,513797,8167,478036,3717100
1515,430,406,513367,8191,478442,3363800
1516,386,411,512981,8166,478853,3274000
1517,384,406,512597,8144,479259,3187700
1518,375,423,512222,8096,479682,3153300
1519,423,424,511799,8095,480106,3256500
1520,397,385,511402,8107,480491,3305900
1521,405,392,510997,8120,480883,3297700
1522,408,368,510589,8160,481251,3052800
1523,424,408,510165,8176,481659,2973000
1524,376,415,509789,8137,482074,2929100
1525,367,420,509422,8084,482494,2857200
1526,384,379,509038,8089,482873,3239700
1527,371,411,508667,8049,483284,3304100
1528,433,420,508234,8062,483704,3296200
1529,377,378,507857,8061,484082,3448700
1530,400,435,507457,8026,484517,2909600
1531,369,412,507088,7983,484929,2979300
1532,406,400,506682,7989,485329,2845900
1533,378,395,506304,7972,485724,3305000
1534,388,382,505916,7978,486106,3437400
1535,393,409,505523,7962,486515,2939800
1536,398,410,505125,7950,486925,2897900
1537,403,388,504722,7965,487313,2876400
1538,381,377,504341,7969,487690,2870100
1539,383,424,503958,7928,488114,3349800
1540,404,426,503554,7906,488540,2911500
1541,381,398,503173,7889,488938,2857100
1542,398,403,502775,7884,489341,2864500
1543,395,392,502380,7887,489733,2797100
1544,408,387,501972,7908,490120,2836700
1545,408,396,501564,7920,490516,2844000
1546,366,411,501198,7875,490927,2790300
1547,404,400,500794,7879,491327,2799100
1548,397,400,500397,7876,491727,2768000
1549,385,366,500012,7895,492093,2748700
1550,397,391,499615,7901,492484,2827900
1551,401,388,499214,7914,492872,2819800
1552,410,378,498804,7946,493250,2797300
1553,408,356,498396,7998,493606,2778500
1554,395,395,498001,7998,494001,2760000
1555,430,417,497571,8011,494418,2749800
1556,437,382,497134,8066,494800,2812900
1557,381,417,496753,8030,495217,2814000
1558,428,385,496325,8073,495602,2851700
1559,422,412,495903,8083,496014,2887500
1560,448,372,495455,8159,496386,2856200
1561,419,423,495036,8155,496809,2910800
1562,407,455,494629,8107,497264,2800600
1563,433,409,494196,8131,497673,2768600
1564,430,424,493766,8137,498097,2808800
1565,406,413,493360,8130,498510,2767500
1566,405,413,492955,8122,498923,2841000
1567,440,364,492515,8198,499287,3168100
1568,412,367,492103,8243,499654,3234000
1569,402,391,491701,8254,500045,3086200
1570,370,395,491331,8229,500440,3112200
1571,434,429,490897,8234,500869,3204700
1572,415,394,490482,8255,501263,2863500
1573,421,445,490061,8231,501708,2835500
1574,412,449,489649,8194,502157,2842800
1575,446,415,489203,8225,502572,2820500
1576,420,401,488783,8244,502973,2919200
1577,452,430,488331,8266,503403,3016000
1578,428,424,487903,8270,503827,2836900
1579,425,411,487478,8284,504238,2808300
1580,423,401,487055,8306,504639,2778200
1581,416,423,486639,8299,505062,2829500
1582,435,442,486204,8292,505504,2819000
1583,413,439,485791,8266,505943,2766000
1584,410,417,485381,8259,506360,2702300
1585,387,411,484994,8235,506771,2691100
1586,378,428,484616,8185,507199,2662000
1587,445,379,484171,8251,507578,2671500
1588,386,417,483785,8220,507995,2728400
1589,421,400,483364,8241,508395,2675000
1590,462,422,482902,8281,508817,2684600
1591,403,387,482499,8297,509204,2642600
1592,401,412,482098,8286,509616,2674300
1593,411,416,481687,8281,510032,2930700
1594,407,424,481280,8264,510456,2903400
1595,425,448,480855,8241,510904,2728800
1596,412,426,480443,8227,511330,2676700
1597,399,397,480044,8229,511727,2754700
1598,370,394,479674,8205,512121,2715400
1599,422,414,479252,8213,512535,2764000
1600,443,422,478809,8234,512957,2758500
1601,403,399,478406,8238,513356,3043300
1602,411,404,477995,8245,513760,2711700
1603,406,429,477589,8222,514189,2740000
1604,401,411,477188,8212,514600,3247500
1605,415,410,476773,8217,515010,2891600
1606,389,443,476384,8163,515453,2796200
1607,430,379,475954,8214,515832,2721800
1608,419,417,475535,8216,516249,2680800
1609,395,394,475140,8217,516643,2933100
1610,387,427,474753,8177,517070,2891000
1611,401,405,474352,8173,517475,2696100
1612,417,407,473935,8183,517882,2709400
1613,402,407,473533,8178,518289,2775300
1614,394,388,473139,8184,518677,2779500
1615,408,440,472731,8152,519117,3090900
1616,390,402,472341,8140,519519,2866500
1617,407,406,471934,8141,519925,2849100
1618,412,398,471522,8155,520323,2820900
1619,415,412,471107,8158,520735,2789400
1620,416,374,470691,8200,521109,2888100
1621,417,426,470274,8191,521535,2897500
1622,419,422,469855,8188,521957,2843100
1623,419,453,469436,8154,522410,2847900
1624,415,414,469021,8155,522824,2789300
1625,453,448,468568,8160,523272,2810300
1626,440,394,468128,8206,523666,2822000
1627,420,406,467708,8220,524072,2866700
1628,443,413,467265,8250,524485,2891000
1629,430,443,466835,8237,524928,2922600
1630,449,434,466386,8252,525362,2901100
1631,380,428,466006,8204,525790,2919900
1632,437,400,465569,8241,526190,2850600
1633,405,400,465164,8246,526590,2826600
1634,412,392,464752,8266,526982,2814000
1635,407,422,464345,8251,527404,2816900
1636,408,437,463937,8222,527841,2802100
1637,399,425,463538,8196,528266,3135200
1638,414,394,463124,8216,528660,2890200
1639,439,427,462685,8228,529087,2831500
1640,416,419,462269,8225,529506,3019600
1641,404,404,461865,8225,529910,3002900
1642,418,428,461447,8215,530338,2967100
1643,435,390,461012,8260,530728,2917400
1644,443,438,460569,8265,531166,2907300
1645,444,420,460125,8289,531586,2877600
1646,368,436,459757,8221,532022,2862200
1647,432,420,459325,8233,532442,2916400
1648,405,386,458920,8252,532828,2847800
1649,444,407,458476,8289,533235,2894300
1650,431,412,458045,8308,533647,2929700
1651,414,429,457631,8293,534076,3072900
1652,427,418,457204,8302,534494,3088000
1653,410,406,456794,8306,534900,3309600
1654,403,409,456391,8300,535309,2903000
1655,385,411,456006,8274,535720,2852700
1656,409,404,455597,8279,536124,2852000
1657,411,429,455186,8261,536553,3016400
1658,370,406,454816,8225,536959,2937700
1659,409,387,454407,8247,537346,2883600
1660,398,404,454009,8241,537750,2891300
1661,401,415,453608,8227,538165,2858200
1662,411,375,453197,8263,538540,3159100
1663,405,430,452792,8238,538970,3106900
1664,385,423,452407,8200,539393,3009300
1665,426,397,451981,8229,539790,2858000
1666,438,412,451543,8255,540202,3029600
1667,414,423,451129,8246,540625,3356400
1668,389,397,450740,8238,541022,3032000
1669,393,424,450347,8207,541446,2985200
1670,398,413,449949,8192,541859,2971500
1671,366,409,449583,8149,542268,2896600
1672,422,395,449161,8176,542663,2936300
1673,399,421,448762,8154,543084,2912800
1674,436,371,448326,8219,543455,2956600
1675,418,409,447908,8228,543864,2923200
1676,418,414,447490,8232,544278,2835400
1677,400,426,447090,8206,544704,2836500
1678,406,426,446684,8186,545130,2902000
1679,413,388,446271,8211,545518,2852100
1680,378,398,445893,8191,545916,2844500
1681,433,366,445460,8258,546282,2807900
1682,418,416,445042,8260,546698,2818100
1683,431,442,444611,8249,547140,2898000
1684,413,382,444198,8280,547522,2946700
1685,430,431,443768,8279,547953,2909600
1686,436,412,443332,8303,548365,2944200
1687,411,402,442921,8312,548767,2858900
1688,423,449,442498,8286,549216,2878000
1689,425,380,442073,8331,549596,2905700
1690,406,413,441667,8324,550009,2838500
1691,448,440,441219,8332,550449,2854800
1692,442,419,440777,8355,550868,2810000
1693,459,411,440318,8403,551279,2806200
1694,435,458,439883,8380,551737,2955200
1695,458,410,439425,8428,552147,3143200
1696,469,430,438956,8467,552577,3040400
1697,424,411,438532,8480,552988,3023500
1698,450,447,438082,8483,553435,2935300
1699,443,432,437639,8494,553867,3076800
1700,434,408,437205,8520,554275,3014400
1701,422,413,436783,8529,554688,3049100
1702,460,418,436323,8571,555106,2938000
1703,429,409,435894,8591,555515,2895900
1704,475,437,435419,8629,555952,2873100
1705,433,406,434986,8656,556358,3080400
1706,429,434,434557,8651,556792,2861600
1707,445,418,434112,8678,557210,2827400
1708,424,453,433688,8649,557663,2823100
1709,408,427,433280,8630,558090,2814000
1710,416,434,432864,8612,558524,2983100
1711,405,414,432459,8603,558938,3017100
1712,399,454,432060,8548,559392,2989000
1713,447,432,431613,8563,559824,3090600
1714,444,424,431169,8583,560248,2819500
1715,447,412,430722,8618,560660,2882600
1716,433,443,430289,8608,561103,2855600
1717,446,471,429843,8583,561574,2871000
1718,462,401,429381,8644,561975,2870600
1719,435,396,428946,8683,562371,2863900
1720,454,485,428492,8652,562856,3053500
1721,399,446,428093,8605,563302,2878600
1722,437,417,427656,8625,563719,2808300
1723,461,442,427195,8644,564161,2731900
1724,415,489,426780,8570,564650,2683100
1725,433,425,426347,8578,565075,2702800
1726,446,430,425901,8594,565505,2742600
1727,434,437,425467,8591,565942,2697700
1728,437,420,425030,8608,566362,2686500
1729,423,454,424607,8577,566816,2783800
1730,440,447,424167,8570,567263,2946200
1731,450,422,423717,8598,567685,3069500
1732,438,460,423279,8576,568145,3191300
1733,432,399,422847,8609,568544,3294900
1734,441,432,422406,8618,568976,3000900
1735,427,409,421979,8636,569385,2938900
1736,434,431,421545,8639,569816,2994300
1737,445,428,421100,8656,570244,2879800
1738,385,447,420715,8594,570691,2805100
1739,382,418,420333,8558,571109,2789500
1740,465,403,419868,8620,571512,2791600
1741,423,377,419445,8666,571889,2833600
1742,445,413,419000,8698,572302,2806000
1743,453,427,418547,8724,572729,2828000
1744,445,448,418102,8721,573177,2805600
1745,412,481,417690,8652,573658,2804500
1746,417,409,417273,8660,574067,2753000
1747,468,431,416805,8697,574498,2766400
1748,458,444,416347,8711,574942,3305800
1749,456,432,415891,8735,575374,3091000
1750,420,430,415471,8725,575804,3336600
1751,445,409,415026,8761,576213,3652700
1752,411,444,414615,8728,576657,3103900
1753,453,427,414162,8754,577084,3024300
1754,447,431,413715,8770,577515,2985400
1755,452,394,413263,8828,577909,2897500
1756,446,449,412817,8825,578358,3027700
1757,447,448,412370,8824,578806,2980800
1758,444,429,411926,8839,579235,3152800
1759,450,458,411476,8831,579693,2802600
1760,494,430,410982,8895,580123,2744000
1761,457,440,410525,8912,580563,2725300
1762,422,466,410103,8868,581029,2850300
1763,426,447,409677,8847,581476,2900400
1764,440,443,409237,8844,581919,2925200
1765,433,424,408804,8853,582343,2908300
1766,454,433,408350,8874,582776,2913300
1767,449,468,407901,8855,583244,2878600
1768,457,436,407444,8876,583680,2839000
1769,431,425,407013,8882,584105,2810100
1770,434,423,406579,8893,584528,2790700
1771,464,418,406115,8939,584946,2737000
1772,463,487,405652,8915,585433,2738800
1773,475,461,405177,8929,585894,2720000
1774,457,449,404720,8937,586343,3377400
1775,418,435,404302,8920,586778,2692800
1776,431,431,403871,8920,587209,2698700
1777,423,442,403448,8901,587651,2689800
1778,426,435,403022,8892,588086,2681700
1779,416,438,402606,8870,588524,3054000
1780,441,414,402165,8897,588938,2750800
1781,440,468,401725,8869,589406,2720600
1782,428,458,401297,8839,589864,2674000
1783,392,427,400905,8804,590291,2838400
1784,400,427,400505,8777,590718,2831700
1785,442,474,400063,8745,591192,3333600
1786,412,412,399651,8745,591604,3271200
1787,383,428,399268,8700,592032,3041700
1788,434,445,398834,8689,592477,2993600
1789,433,417,398401,8705,592894,3239700
1790,440,450,397961,8695,593344,3125300
1791,469,439,397492,8725,593783,2814600
1792,482,426,397010,8781,594209,2764600
1793,436,418,396574,8799,594627,2729200
1794,433,460,396141,8772,595087,2724500
1795,424,418,395717,8778,595505,2734400
1796,420,415,395297,8783,595920,2752100
1797,441,452,394856,8772,596372,2756000
1798,422,461,394434,8733,596833,2814900
1799,410,406,394024,8737,597239,2790000
1800,417,435,393607,8719,597674,2738400
1801,458,450,393149,8727,598124,2851800
1802,467,413,392682,8781,598537,2922000
1803,441,410,392241,8812,598947,2859600
1804,434,418,391807,8828,599365,2856400
1805,431,428,391376,8831,599793,2791600
1806,457,476,390919,8812,600269,2743900
1807,441,400,390478,8853,600669,2934000
1808,427,400,390051,8880,601069,2904400
1809,470,434,389581,8916,601503,2866100
1810,476,416,389105,8976,601919,2858400
1811,467,453,388638,8990,602372,2842500
1812,450,423,388188,9017,602795,3193400
1813,454,482,387734,8989,603277,3234000
1814,436,439,387298,8986,603716,2750700
1815,429,431,386869,8984,604147,2798400
1816,440,459,386429,8965,604606,2775000
1817,463,447,385966,8981,605053,2753200
1818,441,432,385525,8990,605485,2857900
1819,450,460,385075,8980,605945,2931200
1820,425,455,384650,8950,606400,2965700
1821,446,474,384204,8922,606874,3102700
1822,463,433,383741,8952,607307,3490300
1823,440,469,383301,8923,607776,3493800
1824,404,433,382897,8894,608209,2962300
1825,431,476,382466,8849,608685,2911200
1826,439,425,382027,8863,609110,2879100
1827,413,420,381614,8856,609530,3030700
1828,412,499,381202,8769,610029,2971100
1829,451,424,380751,8796,610453,2793700
1830,414,411,380337,8799,610864,2842300
1831,462,414,379875,8847,611278,2825800
1832,405,456,379470,8796,611734,2870400
1833,431,463,379039,8764,612197,2859800
1834,450,414,378589,8800,612611,2779800
1835,394,440,378195,8754,613051,2830100
1836,436,419,377759,8771,613470,4368900
1837,429,418,377330,8782,613888,4417000
1838,438,448,376892,8772,614336,4459000
1839,446,412,376446,8806,614748,3448800
1840,446,446,376000,8806,615194,3416100
1841,442,432,375558,8816,615626,3365900
1842,446,433,375112,8829,616059,3285300
1843,476,470,374636,8835,616529,3163400
1844,468,449,374168,8854,616978,3462600
1845,451,438,373717,8867,617416,3159000
1846,483,452,373234,8898,617868,3577800
1847,473,441,372761,8930,618309,3563000
1848,436,428,372325,8938,618737,3521700
1849,435,426,371890,8947,619163,3578100
1850,452,490,371438,8909,619653,3471700
1851,461,443,370977,8927,620096,3263600
1852,465,409,370512,8983,620505,3636300
1853,454,461,370058,8976,620966,3373200
1854,442,453,369616,8965,621419,3211100
1855,457,443,369159,8979,621862,3390600
1856,514,433,368645,9060,622295,3182000
1857,455,468,368190,9047,622763,3112900
1858,428,451,367762,9024,623214,3174000
1859,432,435,367330,9021,623649,3251500
1860,458,452,366872,9027,624101,3278500
1861,452,450,366420,9029,624551,3089000
1862,468,471,365952,9026,625022,3028400
1863,444,440,365508,9030,625462,3390000
1864,440,442,365068,9028,625904,3236200
1865,434,402,364634,9060,626306,3222700
1866,418,471,364216,9007,626777,4097200
1867,446,464,363770,8989,627241,4712000
1868,413,420,363357,8982,627661,4272200
1869,456,442,362901,8996,628103,3660700
1870,455,446,362446,9005,628549,3752500
1871,463,428,361983,9040,628977,3329000
1872,440,485,361543,8995,629462,3406000
1873,458,475,361085,8978,629937,3433700
1874,470,449,360615,8999,630386,3254100
1875,451,450,360164,9000,630836,3416700
1876,458,465,359706,8993,631301,3272800
1877,412,445,359294,8960,631746,3493300
1878,431,427,358863,8964,632173,3174700
1879,475,458,358388,8981,632631,3150500
1880,449,461,357939,8969,633092,3195900
1881,463,443,357476,8989,633535,6335000
1882,449,449,357027,8989,633984,4864000
1883,469,422,356558,9036,634406,4642100
1884,463,452,356095,9047,634858,4467300
1885,478,430,355617,9095,635288,3387500
1886,454,437,355163,9112,635725,3393000
1887,478,443,354685,9147,636168,3439900
1888,489,454,354196,9182,636622,3314900
1889,465,423,353731,9224,637045,3487200
1890,494,447,353237,9271,637492,3275600
1891,488,486,352749,9273,637978,3188700
1892,472,468,352277,9277,638446,3109600
1893,499,454,351778,9322,638900,3162000
1894,469,459,351309,9332,639359,3285200
1895,480,420,350829,9392,639779,3201800
1896,470,450,350359,9412,640229,4248700
1897,505,499,349854,9418,640728,4543100
1898,509,463,349345,9464,641191,5107800
1899,462,496,348883,9430,641687,4727500
1900,511,474,348372,9467,642161,4774600
1901,505,455,347867,9517,642616,4610600
1902,450,447,347417,9520,643063,3735700
1903,509,459,346908,9570,643522,3377200
1904,442,428,346466,9584,643950,3412500
1905,458,477,346008,9565,644427,3543800
1906,415,440,345593,9540,644867,5632700
1907,457,447,345136,9550,645314,5120600
1908,477,452,344659,9575,645766,5015500
1909,471,490,344188,9556,646256,4629600
1910,475,478,343713,9553,646734,5427400
1911,481,487,343232,9547,647221,4827200
1912,444,484,342788,9507,647705,3535600
1913,445,476,342343,9476,648181,3250300
1914,470,487,341873,9459,648668,3369900
1915,490,488,341383,9461,649156,3624100
1916,457,473,340926,9445,649629,3589700
1917,506,464,340420,9487,650093,3624100
1918,496,454,339924,9529,650547,3673700
1919,462,465,339462,9526,651012,5459400
1920,496,477,338966,9545,651489,4909000
1921,456,474,338510,9527,651963,4807600
1922,500,469,338010,9558,652432,4779900
1923,456,458,337554,9556,652890,3916900
1924,479,481,337075,9554,653371,3936200
1925,475,476,336600,9553,653847,3585300
1926,510,461,336090,9602,654308,3513000
1927,459,543,335631,9518,654851,3554700
1928,464,455,335167,9527,655306,4393500
1929,439,475,334728,9491,655781,4881800
1930,458,453,334270,9496,656234,5444900
1931,488,472,333782,9512,656706,4864400
1932,459,467,333323,9504,657173,4338900
1933,456,501,332867,9459,657674,5544900
1934,445,472,332422,9432,658146,5022300
1935,443,472,331979,9403,658618,4675800
1936,504,475,331475,9432,659093,3612300
1937,449,492,331026,9389,659585,3285600
1938,466,489,330560,9366,660074,3515200
1939,453,448,330107,9371,660522,3137900
1940,448,484,329659,9335,661006,4393800
1941,442,388,329217,9389,661394,4032700
1942,468,467,328749,9390,661861,4835500
1943,457,471,328292,9376,662332,4697800
1944,503,445,327789,9434,662777,3488700
1945,481,458,327308,9457,663235,3429600
1946,457,465,326851,9449,663700,3367700
1947,423,463,326428,9409,664163,3446400
1948,443,465,325985,9387,664628,3335500
1949,476,463,325509,9400,665091,3267000
1950,477,481,325032,9396,665572,3234700
1951,455,461,324577,9390,666033,3229600
1952,446,482,324131,9354,666515,3250200
1953,424,453,323707,9325,666968,3124200
1954,491,483,323216,9333,667451,3407600
1955,484,490,322732,9327,667941,3255500
1956,476,502,322256,9301,668443,4972400
1957,494,481,321762,9314,668924,3508200
1958,499,484,321263,9329,669408,4018900
1959,440,477,320823,9292,669885,5119600
1960,499,463,320324,9328,670348,5055900
1961,448,457,319876,9319,670805,4544200
1962,466,415,319410,9370,671220,3382900
1963,465,476,318945,9359,671696,3469800
1964,509,465,318436,9403,672161,3424100
1965,491,470,317945,9424,672631,3498100
1966,480,437,317465,9467,673068,3456000
1967,440,512,317025,9395,673580,3220000
1968,485,443,316540,9437,674023,4828300
1969,476,504,316064,9409,674527,4782800
1970,484,446,315580,9447,674973,3698600
1971,428,513,315152,9362,675486,3577200
1972,471,470,314681,9363,675956,3461100
1973,476,491,314205,9348,676447,3233600
1974,453,463,313752,9338,676910,3333400
1975,495,474,313257,9359,677384,3671800
1976,484,489,312773,9354,677873,3728000
1977,471,529,312302,9296,678402,3485900
1978,459,458,311843,9297,678860,4016800
1979,517,456,311326,9358,679316,4015700
1980,480,472,310846,9366,679788,3181400
1981,467,446,310379,9387,680234,3495400
1982,463,436,309916,9414,680670,5588300
1983,453,473,309463,9394,681143,4939100
1984,432,482,309031,9344,681625,3597900
1985,478,434,308553,9388,682059,3403700
1986,462,478,308091,9372,682537,3418000
1987,458,480,307633,9350,683017,3291400
1988,480,453,307153,9377,683470,3270300
1989,469,485,306684,9361,683955,3167100
1990,493,483,306191,9371,684438,3202000
1991,522,462,305669,9431,684900,3246000
1992,472,510,305197,9393,685410,3250900
1993,484,478,304713,9399,685888,3161300
1994,510,471,304203,9438,686359,3096200
1995,448,479,303755,9407,686838,3479600
1996,492,452,303263,9447,687290,4451600
1997,423,476,302840,9394,687766,4985000
1998,469,451,302371,9412,688217,3885200
1999,457,466,301914,9403,688683,3686400
2000,451,491,301463,9363,689174,3365800
2001,467,501,300996,9329,689675,3447800
2002,449,475,300547,9303,690150,3496100
2003,463,456,300084,9310,690606,3433800
2004,436,491,299648,9255,691097,3647500
2005,451,432,299197,9274,691529,3209900
2006,468,462,298729,9280,691991,3151500
2007,483,486,298246,9277,692477,3186900
2008,425,468,297821,9234,692945,3148500
2009,429,439,297392,9224,693384,3149800
2010,461,433,296931,9252,693817,3386400
2011,462,443,296469,9271,694260,5164400
2012,439,481,296030,9229,694741,4353400
2013,437,478,295593,9188,695219,4805200
2014,448,464,295145,9172,695683,4421300
2015,419,496,294726,9095,696179,4569500
2016,430,455,294296,9070,696634,3535400
2017,419,455,293877,9034,697089,3685600
2018,438,468,293439,9004,697557,3902500
2019,416,435,293023,8985,697992,3623400
2020,429,458,292594,8956,698450,3386000
2021,396,463,292198,8889,698913,3145000
2022,394,433,291804,8850,699346,4262600
2023,415,433,291389,8832,699779,5689200
2024,392,442,290997,8782,700221,4163700
2025,404,404,290593,8782,700625,4059400
2026,422,430,290171,8774,701055,3746100
2027,450,442,289721,8782,701497,3520600
2028,381,436,289340,8727,701933,3379500
2029,392,468,288948,8651,702401,3415800
2030,408,423,288540,8636,702824,3179900
2031,389,421,288151,8604,703245,3083600
2032,409,390,287742,8623,703635,3312900
2033,410,425,287332,8608,704060,3854800
2034,378,410,286954,8576,704470,3934900
2035,382,420,286572,8538,704890,4707200
2036,360,413,286212,8485,705303,5897200
2037,376,414,285836,8447,705717,4104000
2038,371,400,285465,8418,706117,3307200
2039,379,383,285086,8414,706500,3215300
2040,387,428,284699,8373,706928,3340800
2041,388,407,284311,8354,707335,3235700
2042,394,430,283917,8318,707765,3133700
2043,402,408,283515,8312,708173,3125300
2044,388,408,283127,8292,708581,3185900
2045,416,435,282711,8273,709016,3448400
2046,416,390,282295,8299,709406,3069400
2047,398,415,281897,8282,709821,2970400
2048,407,405,281490,8284,710226,2967900
2049,369,408,281121,8245,710634,5013000
2050,364,418,280757,8191,711052,4338800
2051,396,408,280361,8179,711460,3931400
2052,358,413,280003,8124,711873,3360700
2053,357,432,279646,8049,712305,3395100
2054,368,428,279278,7989,712733,3202600
2055,376,379,278902,7986,713112,3429500
2056,399,374,278503,8011,713486,3082400
2057,380,398,278123,7993,713884,3046900
2058,379,400,277744,7972,714284,3053900
2059,360,415,277384,7917,714699,3039100
2060,363,411,277021,7869,715110,3010600
2061,382,369,276639,7882,715479,2996400
2062,382,392,276257,7872,715871,3022900
2063,348,410,275909,7810,716281,3050400
2064,347,397,275562,7760,716678,3003000
2065,335,372,275227,7723,717050,5267800
2066,368,372,274859,7719,717422,4052200
2067,333,372,274526,7680,717794,3318100
2068,336,367,274190,7649,718161,3324600
2069,355,381,273835,7623,718542,3343600
2070,362,395,273473,7590,718937,3084500
2071,341,349,273132,7582,719286,3115000
2072,362,362,272770,7582,719648,3112800
2073,354,366,272416,7570,720014,3163600
2074,356,369,272060,7557,720383,3007400
2075,343,384,271717,7516,720767,2920900
2076,369,377,271348,7508,721144,2884800
2077,323,326,271025,7505,721470,3311400
2078,339,365,270686,7479,721835,3664600
2079,342,392,270344,7429,722227,4807800
2080,330,378,270014,7381,722605,3615300
2081,359,363,269655,7377,722968,3435700
2082,365,383,269290,7359,723351,3568600
2083,321,375,268969,7305,723726,3309000
2084,351,388,268618,7268,724114,3274500
2085,326,352,268292,7242,724466,3113700
2086,331,362,267961,7211,724828,3761000
2087,319,377,267642,7153,725205,4155700
2088,351,321,267291,7183,725526,3352400
2089,354,363,266937,7174,725889,3216700
2090,352,350,266585,7176,726239,3266200
2091,334,357,266251,7153,726596,3025000
2092,354,360,265897,7147,726956,3026900
2093,354,343,265543,7158,727299,4868800
2094,355,332,265188,7181,727631,5106000
2095,331,366,264857,7146,727997,4241100
2096,337,346,264520,7137,728343,3295500
2097,320,363,264200,7094,728706,3484900
2098,334,329,263866,7099,729035,3359500
2099,325,380,263541,7044,729415,3211200
2100,329,392,263212,6981,729807,3186100
2101,320,362,262892,6939,730169,3118700
2102,313,361,262579,6891,730530,3146400
2103,357,383,262222,6865,730913,3267200
2104,341,308,261881,6898,731221,3012000
2105,342,351,261539,6889,731572,2959400
2106,335,335,261204,6889,731907,2953200
2107,334,350,260870,6873,732257,2983400
2108,327,350,260543,6850,732607,6595200
2109,317,315,260226,6852,732922,4504800
2110,322,350,259904,6824,733272,3992400
2111,303,374,259601,6753,733646,3728600
2112,302,352,259299,6703,733998,3130100
2113,315,344,258984,6674,734342,3399600
2114,318,351,258666,6641,734693,3554300
2115,314,311,258352,6644,735004,3611400
2116,325,320,258027,6649,735324,3529900
2117,297,309,257730,6637,735633,3148100
2118,332,321,257398,6648,735954,3159300
2119,300,328,257098,6620,736282,3149300
2120,292,320,256806,6592,736602,3082300
2121,323,352,256483,6563,736954,3449300
2122,309,357,256174,6515,737311,6941400
2123,306,292,255868,6529,737603,4631500
2124,305,313,255563,6521,737916,3814900
2125,280,332,255283,6469,738248,4425400
2126,320,304,254963,6485,738552,4242300
2127,316,300,254647,6501,738852,3980800
2128,312,317,254335,6496,739169,3071300
2129,341,304,253994,6533,739473,3568600
2130,311,313,253683,6531,739786,3054700
2131,312,323,253371,6520,740109,3008100
2132,339,306,253032,6553,740415,2878900
2133,345,296,252687,6602,740711,3161900
2134,343,307,252344,6638,741018,4715300
2135,322,352,252022,6608,741370,4720000
2136,341,324,251681,6625,741694,3714600
2137,322,351,251359,6596,742045,3678100
2138,296,350,251063,6542,742395,3619900
2139,315,307,250748,6550,742702,3322200
2140,341,323,250407,6568,743025,3189400
2141,324,342,250083,6550,743367,3424300
2142,311,329,249772,6532,743696,2969100
2143,302,342,249470,6492,744038,2937800
2144,327,305,249143,6514,744343,2902600
2145,316,335,248827,6495,744678,2804600
2146,291,310,248536,6476,744988,2763700
2147,315,314,248221,6477,745302,2983500
2148,295,296,247926,6476,745598,2712100
2149,337,296,247589,6517,745894,2983700
2150,314,348,247275,6483,746242,4640200
2151,308,328,246967,6463,746570,3364100
2152,307,309,246660,6461,746879,3356600
2153,299,326,246361,6434,747205,3112000
2154,318,304,246043,6448,747509,3037400
2155,315,323,245728,6440,747832,3167300
2156,296,303,245432,6433,748135,3223800
2157,304,303,245128,6434,748438,2914500
2158,297,306,244831,6425,748744,2989300
2159,340,307,244491,6458,749051,2949200
2160,299,331,244192,6426,749382,3160900
2161,316,338,243876,6404,749720,3469600
2162,317,292,243559,6429,750012,3158900
2163,307,324,243252,6412,750336,3057700
2164,287,330,242965,6369,750666,3123000
2165,321,301,242644,6389,750967,4195200
2166,262,306,242382,6345,751273,5916500
2167,312,341,242070,6316,751614,4724200
2168,339,319,241731,6336,751933,4228300
2169,335,324,241396,6347,752257,3176600
2170,319,311,241077,6355,752568,3065800
2171,298,316,240779,6337,752884,3080100
2172,316,326,240463,6327,753210,3060500
2173,316,324,240147,6319,753534,3230600
2174,318,340,239829,6297,753874,3116800
2175,303,292,239526,6308,754166,3000900
2176,297,310,239229,6295,754476,2879800
2177,313,311,238916,6297,754787,2795700
2178,335,337,238581,6295,755124,2868800
2179,312,335,238269,6272,755459,3283600
2180,312,312,237957,6272,755771,6899100
2181,285,286,237672,6271,756057,4422700
2182,321,328,237351,6264,756385,3602000
2183,306,330,237045,6240,756715,3098800
2184,314,305,236731,6249,757020,3123900
2185,310,339,236421,6220,757359,3045500
2186,313,326,236108,6207,757685,3069600
2187,313,315,235795,6205,758000,3277500
2188,310,332,235485,6183,758332,3161400
2189,315,306,235170,6192,758638,3035300
2190,292,304,234878,6180,758942,3076300
2191,299,303,234579,6176,759245,3029400
2192,300,285,234279,6191,759530,2998000
2193,298,324,233981,6165,759854,3056000
2194,305,320,233676,6150,760174,6057300
2195,272,347,233404,6075,760521,4237200
2196,310,324,233094,6061,760845,3054400
2197,306,314,232788,6053,761159,2991600
2198,308,327,232480,6034,761486,2985100
2199,291,313,232189,6012,761799,2924400
2200,296,309,231893,5999,762108,2951300
2201,318,300,231575,6017,762408,2839100
2202,269,315,231306,5971,762723,2828700
2203,292,291,231014,5972,763014,2758400
2204,305,268,230709,6009,763282,2725100
2205,310,298,230399,6021,763580,2679000
2206,319,305,230080,6035,763885,2688600
2207,309,288,229771,6056,764173,2674500
2208,289,313,229482,6032,764486,2689700
2209,317,332,229165,6017,764818,2733500
2210,311,304,228854,6024,765122,3734300
2211,311,271,228543,6064,765393,4214000
2212,314,322,228229,6056,765715,3161600
2213,270,289,227959,6037,766004,2969600
2214,299,282,227660,6054,766286,2964500
2215,296,325,227364,6025,766611,2972100
2216,317,300,227047,6042,766911,2959600
2217,322,283,226725,6081,767194,2898300
2218,297,298,226428,6080,767492,2901200
2219,303,315,226125,6068,767807,2877800
2220,311,301,225814,6078,768108,2797200
2221,309,268,225505,6119,768376,2890400
2222,298,326,225207,6091,768702,2906600
2223,298,319,224909,6070,769021,2725600
2224,304,347,224605,6027,769368,2697700
2225,308,309,224297,6026,769677,2756000
2226,303,297,223994,6032,769974,2779900
2227,297,323,223697,6006,770297,2920800
2228,304,280,223393,6030,770577,4549000
2229,280,267,223113,6043,770844,4024700
2230,278,300,222835,6021,771144,4083700
2231,297,325,222538,5993,771469,3312800
2232,287,284,222251,5996,771753,2986300
2233,298,294,221953,6000,772047,2902100
2234,304,305,221649,5999,772352,2864900
2235,282,251,221367,6030,772603,2836900
2236,305,313,221062,6022,772916,2863700
2237,260,276,220802,6006,773192,2804000
2238,305,287,220497,6024,773479,2767200
2239,288,304,220209,6008,773783,2697500
2240,295,281,219914,6022,774064,2667200
2241,265,316,219649,5971,774380,2616300
2242,300,275,219349,5996,774655,2720300
2243,323,327,219026,5992,774982,3209400
2244,263,293,218763,5962,775275,5160400
2245,291,272,218472,5981,775547,3207000
2246,262,279,218210,5964,775826,3106200
2247,278,302,217932,5940,776128,2956400
2248,282,337,217650,5885,776465,3054100
2249,249,301,217401,5833,776766,2966300
2250,290,313,217111,5810,777079,2911200
2251,268,292,216843,5786,777371,2997300
2252,279,293,216564,5772,777664,3045200
2253,253,285,216311,5740,777949,2892200
2254,296,275,216015,5761,778224,2800600
2255,235,268,215780,5728,778492,2815000
2256,273,282,215507,5719,778774,2849500
2257,261,261,215246,5719,779035,3170100
2258,269,282,214977,5706,779317,2845700
2259,277,285,214700,5698,779602,2947800
2260,289,285,214411,5702,779887,3978200
2261,297,248,214114,5751,780135,4353900
2262,279,276,213835,5754,780411,3806500
2263,315,305,213520,5764,780716,3178900
2264,287,274,213233,5777,780990,3868200
2265,296,313,212937,5760,781303,3071700
2266,269,285,212668,5744,781588,3151200
2267,260,292,212408,5712,781880,3021600
2268,260,269,212148,5703,782149,2957800
2269,277,295,211871,5685,782444,2930400
2270,271,270,211600,5686,782714,2882700
2271,272,290,211328,5668,783004,2871500
2272,252,247,211076,5673,783251,2871600
2273,274,318,210802,5629,783569,2812700
2274,257,267,210545,5619,783836,3333500
2275,267,274,210278,5612,784110,4462900
2276,250,329,210028,5533,784439,3665300
2277,256,256,209772,5533,784695,3117900
2278,276,288,209496,5521,784983,3018500
2279,242,282,209254,5481,785265,3073600
2280,277,305,208977,5453,785570,3027600
2281,268,298,208709,5423,785868,3014700
2282,251,268,208458,5406,786136,2983100
2283,251,241,208207,5416,786377,2940800
2284,259,259,207948,5416,786636,2920100
2285,291,271,207657,5436,786907,2855100
2286,260,291,207397,5405,787198,2885100
2287,287,291,207110,5401,787489,2829000
2288,278,256,206832,5423,787745,2794600
2289,271,271,206561,5423,788016,2821900
2290,261,265,206300,5419,788281,2763300
2291,245,256,206055,5408,788537,3280700
2292,272,294,205783,5386,788831,4617800
2293,280,272,205503,5394,789103,3492600
2294,257,255,205246,5396,789358,2972900
2295,273,287,204973,5382,789645,3213800
2296,290,281,204683,5391,789926,3104100
2297,269,266,204414,5394,790192,3168200
2298,292,236,204122,5450,790428,2959700
2299,253,260,203869,5443,790688,2893300
2300,271,239,203598,5475,790927,2828600
2301,263,268,203335,5470,791195,2967100
2302,267,253,203068,5484,791448,2665600
2303,250,262,202818,5472,791710,2524900
2304,286,273,202532,5485,791983,2480300
2305,290,286,202242,5489,792269,2503700
2306,254,284,201988,5459,792553,2517600
2307,271,262,201717,5468,792815,2988900
2308,260,274,201457,5454,793089,4172500
2309,260,277,201197,5437,793366,3411200
2310,272,269,200925,5440,793635,2994400
2311,258,267,200667,5431,793902,2925100
2312,264,268,200403,5427,794170,3333000
2313,271,267,200132,5431,794437,3155900
2314,256,281,199876,5406,794718,2830900
2315,282,260,199594,5428,794978,2816100
2316,258,287,199336,5399,795265,2762100
2317,243,263,199093,5379,795528,2791100
2318,270,282,198823,5367,795810,2725400
2319,277,263,198546,5381,796073,2718300
2320,284,296,198262,5369,796369,2654300
2321,256,294,198006,5331,796663,2614900
2322,266,256,197740,5341,796919,2593700
2323,220,254,197520,5307,797173,3069300
2324,288,287,197232,5308,797460,2678000
2325,238,262,196994,5284,797722,2732200
2326,272,252,196722,5304,797974,3684500
2327,260,253,196462,5311,798227,3639900
2328,276,250,196186,5337,798477,3443700
2329,254,240,195932,5351,798717,2992100
2330,281,261,195651,5371,798978,2928000
2331,281,261,195370,5391,799239,2894300
2332,241,267,195129,5365,799506,2856200
2333,274,283,194855,5356,799789,2870800
2334,254,256,194601,5354,800045,2861100
2335,277,274,194324,5357,800319,2839200
2336,295,275,194029,5377,800594,2726600
2337,289,285,193740,5381,800879,2681900
2338,299,294,193441,5386,801173,2898000
2339,253,265,193188,5374,801438,2779800
2340,277,260,192911,5391,801698,2681100
2341,290,267,192621,5414,801965,2674100
2342,259,280,192362,5393,802245,2740300
2343,259,274,192103,5378,802519,4485200
2344,276,274,191827,5380,802793,4020200
2345,267,247,191560,5400,803040,3262700
2346,268,294,191292,5374,803334,3091600
2347,273,268,191019,5379,803602,3186800
2348,257,254,190762,5382,803856,3022900
2349,263,226,190499,5419,804082,7064700
2350,267,247,190232,5439,804329,4277000
2351,246,273,189986,5412,804602,3311600
2352,252,272,189734,5392,804874,3549100
2353,275,277,189459,5390,805151,3742100
2354,261,247,189198,5404,805398,2909600
2355,244,248,188954,5400,805646,2855200
2356,265,252,188689,5413,805898,2896400
2357,254,279,188435,5388,806177,4646500
2358,270,301,188165,5357,806478,3440000
2359,273,272,187892,5358,806750,3033200
2360,240,299,187652,5299,807049,3079500
2361,260,268,187392,5291,807317,3328700
2362,266,220,187126,5337,807537,3040600
2363,268,305,186858,5300,807842,3165400
2364,268,277,186590,5291,808119,3280800
2365,269,276,186321,5284,808395,3084100
2366,240,262,186081,5262,808657,2981500
2367,239,239,185842,5262,808896,2804100
2368,275,261,185567,5276,809157,2773900
2369,280,273,185287,5283,809430,2740200
2370,271,245,185016,5309,809675,2697900
2371,256,276,184760,5289,809951,2639500
2372,262,289,184498,5262,810240,2652200
2373,266,277,184232,5251,810517,3800900
2374,240,265,183992,5226,810782,3693900
2375,266,235,183726,5257,811017,3158700
2376,285,274,183441,5268,811291,3116600
2377,249,283,183192,5234,811574,2893700
2378,244,251,182948,5227,811825,2919400
2379,268,257,182680,5238,812082,2828600
2380,265,263,182415,5240,812345,2797100
2381,241,245,182174,5236,812590,3042200
2382,269,269,181905,5236,812859,2890800
2383,259,256,181646,5239,813115,2917400
2384,270,268,181376,5241,813383,2792700
2385,277,240,181099,5278,813623,2769800
2386,221,271,180878,5228,813894,2814800
2387,292,253,180586,5267,814147,2804300
2388,250,278,180336,5239,814425,2802700
2389,273,278,180063,5234,814703,2709100
2390,262,277,179801,5219,814980,4122400
2391,269,272,179532,5216,815252,3296700
2392,233,257,179299,5192,815509,3358900
2393,266,287,179033,5171,815796,2879900
2394,250,272,178783,5149,816068,2875300
2395,253,226,178530,5176,816294,2900400
2396,251,243,178279,5184,816537,2847400
2397,226,254,178053,5156,816791,2983300
2398,242,272,177811,5126,817063,2818800
2399,250,263,177561,5113,817326,2822500
2400,251,243,177310,5121,817569,2814800
2401,238,282,177072,5077,817851,2788600
2402,230,272,176842,5035,818123,2764100
2403,247,248,176595,5034,818371,2676700
2404,230,252,176365,5012,818623,2993700
2405,263,236,176102,5039,818859,2612000
2406,242,256,175860,5025,819115,2690500
2407,264,235,175596,5054,819350,4142900
2408,257,262,175339,5049,819612,3960200
2409,203,249,175136,5003,819861,3954800
2410,244,240,174892,5007,820101,3783600
2411,283,243,174609,5047,820344,3717800
2412,259,241,174350,5065,820585,3743700
2413,239,251,174111,5053,820836,3727000
2414,241,257,173870,5037,821093,3083500
2415,247,248,173623,5036,821341,2742500
2416,282,229,173341,5089,821570,2678000
2417,252,245,173089,5096,821815,3076800
2418,238,267,172851,5067,822082,2714200
2419,251,253,172600,5065,822335,2875700
2420,247,220,172353,5092,822555,2757100
2421,268,240,172085,5120,822795,2743900
2422,285,267,171800,5138,823062,2797400
2423,255,265,171545,5128,823327,3095700
2424,268,245,171277,5151,823572,2725200
2425,248,228,171029,5171,823800,2662900
2426,246,253,170783,5164,824053,2666100
2427,235,277,170548,5122,824330,2623400
2428,235,265,170313,5092,824595,3281600
2429,254,221,170059,5125,824816,2739700
2430,250,258,169809,5117,825074,2754500
2431,249,235,169560,5131,825309,2689300
2432,278,271,169282,5138,825580,2707500
2433,241,269,169041,5110,825849,2854800
2434,268,253,168773,5125,826102,2658000
2435,258,225,168515,5158,826327,2649900
2436,240,240,168275,5158,826567,2592400
2437,244,310,168031,5092,826877,2617700
2438,261,272,167770,5081,827149,2790400
2439,257,231,167513,5107,827380,2829000
2440,247,251,167266,5103,827631,2788000
2441,252,266,167014,5089,827897,4796100
2442,266,264,166748,5091,828161,3598600
2443,247,226,166501,5112,828387,3275100
2444,243,241,166258,5114,828628,3005700
2445,247,262,166011,5099,828890,3535200
2446,273,240,165738,5132,829130,2964800
2447,245,289,165493,5088,829419,2868800
2448,255,256,165238,5087,829675,3033300
2449,245,251,164993,5081,829926,2938000
2450,261,268,164732,5074,830194,2791400
2451,268,264,164464,5078,830458,2808800
2452,284,267,164180,5095,830725,2763100
2453,282,285,163898,5092,831010,2693100
2454,254,278,163644,5068,831288,2719600
2455,243,255,163401,5056,831543,2659900
2456,255,240,163146,5071,831783,2698100
2457,249,256,162897,5064,832039,4890600
2458,247,265,162650,5046,832304,3674300
2459,253,273,162397,5026,832577,3197100
2460,266,260,162131,5032,832837,3301800
2461,245,246,161886,5031,833083,3118800
2462,281,228,161605,5084,833311,2875100
2463,256,262,161349,5078,833573,3050900
2464,258,264,161091,5072,833837,2932900
2465,247,260,160844,5059,834097,2781000
2466,266,247,160578,5078,834344,2699700
2467,243,248,160335,5073,834592,2674700
2468,235,240,160100,5068,834832,2652800
2469,232,213,159868,5087,835045,2955700
2470,254,247,159614,5094,835292,2644800
2471,264,242,159350,5116,835534,2555000
2472,249,283,159101,5082,835817,2556200
2473,268,267,158833,5083,836084,2612400
2474,243,245,158590,5081,836329,4900700
2475,237,230,158353,5088,836559,4019600
2476,251,247,158102,5092,836806,3055000
2477,258,221,157844,5129,837027,2903000
2478,239,266,157605,5102,837293,2901300
2479,260,260,157345,5102,837553,3180300
2480,261,261,157084,5102,837814,3090900
2481,265,257,156819,5110,838071,2775900
2482,249,257,156570,5102,838328,2728200
2483,268,275,156302,5095,838603,2707800
2484,257,245,156045,5107,838848,3077000
2485,223,263,155822,5067,839111,2776600
2486,235,261,155587,5041,839372,2476000
2487,219,253,155368,5007,839625,2432200
2488,244,258,155124,4993,839883,2441200
2489,277,259,154847,5011,840142,2483000
2490,246,247,154601,5010,840389,2895900
2491,246,289,154355,4967,840678,4974700
2492,242,274,154113,4935,840952,3848800
2493,221,237,153892,4919,841189,2883100
2494,227,252,153665,4894,841441,2866300
2495,210,236,153455,4868,841677,2854300
2496,227,236,153228,4859,841913,2828200
2497,216,218,153012,4857,842131,2809000
2498,259,244,152753,4872,842375,2743900
2499,248,228,152505,4892,842603,2748100
2500,236,264,152269,4864,842867,2744500
2501,250,214,152019,4900,843081,2677100
2502,269,230,151750,4939,843311,3083500
2503,254,217,151496,4976,843528,2745400
2504,241,261,151255,4956,843789,2601600
2505,280,267,150975,4969,844056,2618500
2506,253,260,150722,4962,844316,2631100
2507,268,249,150454,4981,844565,2663100
2508,233,253,150221,4961,844818,4907200
2509,249,250,149972,4960,845068,3241200
2510,272,225,149700,5007,845293,3257400
2511,235,229,149465,5013,845522,3863000
2512,260,275,149205,4998,845797,3669100
2513,247,245,148958,5000,846042,2972600
2514,228,268,148730,4960,846310,2796800
2515,222,265,148508,4917,846575,3169100
2516,238,250,148270,4905,846825,3203100
2517,235,235,148035,4905,847060,2719100
2518,249,244,147786,4910,847304,2706500
2519,268,221,147518,4957,847525,2731100
2520,267,259,147251,4965,847784,2735200
2521,218,269,147033,4914,848053,3014400
2522,231,218,146802,4927,848271,2626900
2523,247,226,146555,4948,848497,2689900
2524,258,238,146297,4968,848735,4371700
2525,237,268,146060,4937,849003,3459700
2526,225,254,145835,4908,849257,2967400
2527,249,260,145586,4897,849517,2903900
2528,236,229,145350,4904,849746,2973600
2529,261,265,145089,4900,850011,2923300
2530,227,248,144862,4879,850259,2827200
2531,246,236,144616,4889,850495,2915100
2532,249,264,144367,4874,850759,2780800
2533,228,253,144139,4849,851012,2727500
2534,250,263,143889,4836,851275,2716600
2535,238,252,143651,4822,851527,2974900
2536,236,246,143415,4812,851773,2516900
2537,229,269,143186,4772,852042,2509100
2538,217,259,142969,4730,852301,2510800
2539,253,220,142716,4763,852521,2510600
2540,263,223,142453,4803,852744,2511500
2541,239,244,142214,4798,852988,2654500
2542,244,227,141970,4815,853215,3414300
2543,260,229,141710,4846,853444,4257700
2544,265,256,141445,4855,853700,3845700
2545,245,253,141200,4847,853953,3058500
2546,271,229,140929,4889,854182,2840200
2547,239,229,140690,4899,854411,3089100
2548,254,250,140436,4903,854661,2905500
2549,229,221,140207,4911,854882,2815900
2550,229,244,139978,4896,855126,2762500
2551,229,265,139749,4860,855391,2727600
2552,258,251,139491,4867,855642,2744400
2553,232,237,139259,4862,855879,2691600
2554,251,227,139008,4886,856106,2654300
2555,242,235,138766,4893,856341,2622100
2556,247,229,138519,4911,856570,2581100
2557,271,239,138248,4943,856809,2562700
2558,258,260,137990,4941,857069,2732200
2559,252,203,137738,4990,857272,4541600
2560,209,245,137529,4954,857517,3715900
2561,247,257,137282,4944,857774,3473800
2562,256,240,137026,4960,858014,3135400
2563,242,247,136784,4955,858261,3779100
2564,253,246,136531,4962,858507,3670000
2565,251,247,136280,4966,858754,3502600
2566,224,252,136056,4938,859006,2765500
2567,236,280,135820,4894,859286,3080200
2568,248,242,135572,4900,859528,3326100
2569,242,251,135330,4891,859779,2648200
2570,230,220,135100,4901,859999,2620100
2571,249,227,134851,4923,860226,2596000
2572,213,227,134638,4909,860453,2587600
2573,246,240,134392,4915,860693,2575800
2574,279,225,134113,4969,860918,2638500
2575,267,230,133846,5006,861148,5070000
2576,255,262,133591,4999,861410,4302600
2577,269,242,133322,5026,861652,3731200
2578,235,214,133087,5047,861866,3754000
2579,238,241,132849,5044,862107,2835700
2580,228,244,132621,5028,862351,2826300
2581,238,269,132383,4997,862620,3025300
2582,256,254,132127,4999,862874,3398500
2583,239,265,131888,4973,863139,2725200
2584,254,220,131634,5007,863359,2783500
2585,250,263,131384,4994,863622,2797000
2586,242,262,131142,4974,863884,2784500
2587,237,241,130905,4970,864125,2865200
2588,253,266,130652,4957,864391,2703400
2589,248,254,130404,4951,864645,2665800
2590,234,248,130170,4937,864893,2697600
2591,210,248,129960,4899,865141,3911900
2592,218,237,129742,4880,865378,3392100
2593,259,245,129483,4894,865623,2926400
2594,226,252,129257,4868,865875,2851200
2595,230,265,129027,4833,866140,2821100
2596,262,221,128765,4874,866361,2882300
2597,251,270,128514,4855,866631,3056100
2598,240,255,128274,4840,866886,2883400
2599,206,250,128068,4796,867136,2743400
2600,226,248,127842,4774,867384,3095900
2601,217,240,127625,4751,867624,2764100
2602,224,231,127401,4744,867855,2748000
2603,259,253,127142,4750,868108,2771500
2604,234,260,126908,4724,868368,2714400
2605,221,218,126687,4727,868586,2696100
2606,254,233,126433,4748,868819,2714600
2607,231,245,126202,4734,869064,2738200
2608,240,253,125962,4721,869317,4108900
2609,251,219,125711,4753,869536,4109400
2610,235,260,125476,4728,869796,3198500
2611,236,273,125240,4691,870069,2867400
2612,238,231,125002,4698,870300,3109200
2613,232,219,124770,4711,870519,2817000
2614,233,252,124537,4692,870771,2816700
2615,242,265,124295,4669,871036,2777100
2616,245,239,124050,4675,871275,2712700
2617,249,224,123801,4700,871499,2704800
2618,226,236,123575,4690,871735,2738400
2619,235,247,123340,4678,871982,2785500
2620,241,245,123099,4674,872227,2775900
2621,251,243,122848,4682,872470,2727400
2622,239,241,122609,4680,872711,2777900
2623,245,236,122364,4689,872947,2833000
2624,248,256,122116,4681,873203,2971500
2625,214,225,121902,4670,873428,2766200
2626,237,223,121665,4684,873651,2790000
2627,252,247,121413,4689,873898,4708900
2628,248,251,121165,4686,874149,3834600
2629,236,267,120929,4655,874416,3830800
2630,256,222,120673,4689,874638,2997100
2631,187,219,120486,4657,874857,2979000
2632,214,237,120272,4634,875094,3736500
2633,238,233,120034,4639,875327,3229500
2634,226,265,119808,4600,875592,2940100
2635,235,242,119573,4593,875834,3146200
2636,215,210,119358,4598,876044,2917900
2637,233,214,119125,4617,876258,2981900
2638,259,216,118866,4660,876474,2887300
2639,240,271,118626,4629,876745,2754600
2640,246,240,118380,4635,876985,2829000
2641,220,216,118160,4639,877201,4040600
2642,210,216,117950,4633,877417,4257100
2643,247,220,117703,4660,877637,3046000
2644,221,242,117482,4639,877879,2988900
2645,233,225,117249,4647,878104,3088800
2646,223,238,117026,4632,878342,3059100
2647,227,257,116799,4602,878599,2958300
2648,230,243,116569,4589,878842,3100500
2649,247,242,116322,4594,879084,3008800
2650,235,211,116087,4618,879295,2938500
2651,233,221,115854,4630,879516,2903500
2652,228,254,115626,4604,879770,2890300
2653,208,249,115418,4563,880019,2802900
2654,234,229,115184,4568,880248,2811400
2655,235,238,114949,4565,880486,2810000
2656,224,216,114725,4573,880702,2990700
2657,221,212,114504,4582,880914,5510900
2658,244,233,114260,4593,881147,4655400
2659,221,254,114039,4560,881401,3302400
2660,217,233,113822,4544,881634,3352900
2661,196,220,113626,4520,881854,3182000
2662,201,223,113425,4498,882077,3937600
2663,192,221,113233,4469,882298,4134200
2664,233,219,113000,4483,882517,3120300
2665,227,263,112773,4447,882780,2891500
2666,213,206,112560,4454,882986,2987300
2667,235,222,112325,4467,883208,3595700
2668,225,219,112100,4473,883427,3559800
2669,232,224,111868,4481,883651,3548600
2670,217,229,111651,4469,883880,3723200
2671,229,209,111422,4489,884089,6648500
2672,214,223,111208,4480,884312,4030600
2673,232,237,110976,4475,884549,3918000
2674,250,222,110726,4503,884771,3489000
2675,240,226,110486,4517,884997,3324000
2676,219,225,110267,4511,885222,3801500
2677,219,235,110048,4495,885457,3747500
2678,221,211,109827,4505,885668,3742300
2679,248,233,109579,4520,885901,3038500
2680,218,250,109361,4488,886151,3360900
2681,218,235,109143,4471,886386,3204600
2682,206,239,108937,4438,886625,3075100
2683,237,225,108700,4450,886850,3209500
2684,225,232,108475,4443,887082,3998900
2685,213,222,108262,4434,887304,6285700
2686,189,238,108073,4385,887542,3365500
2687,212,206,107861,4391,887748,3621300
2688,221,214,107640,4398,887962,3239100
2689,195,239,107445,4354,888201,3466400
2690,224,233,107221,4345,888434,2949400
2691,228,243,106993,4330,888677,3208100
2692,198,213,106795,4315,888890,3028700
2693,186,220,106609,4281,889110,2855300
2694,240,207,106369,4314,889317,2832800
2695,200,199,106169,4315,889516,2772700
2696,210,248,105959,4277,889764,2712200
2697,214,219,105745,4272,889983,2779600
2698,231,240,105514,4263,890223,2910700
2699,232,217,105282,4278,890440,4184000
2700,193,209,105089,4262,890649,3272100
2701,217,209,104872,4270,890858,3501600
2702,191,228,104681,4233,891086,3997000
2703,197,213,104484,4217,891299,2874800
2704,218,197,104266,4238,891496,2864900
2705,224,198,104042,4264,891694,2844900
2706,200,207,103842,4257,891901,2797300
2707,198,181,103644,4274,892082,3089100
2708,195,181,103449,4288,892263,3001500
2709,207,212,103242,4283,892475,3021900
2710,200,203,103042,4280,892678,2734700
2711,209,223,102833,4266,892901,2693700
2712,211,226,102622,4251,893127,3244500
2713,213,225,102409,4239,893352,2868500
2714,198,209,102211,4228,893561,2692500
2715,216,218,101995,4226,893779,2665600
2716,216,196,101779,4246,893975,3860100
2717,195,218,101584,4223,894193,3695900
2718,207,198,101377,4232,894391,3009500
2719,210,230,101167,4212,894621,2887500
2720,198,207,100969,4203,894828,2845800
2721,214,208,100755,4209,895036,2900500
2722,251,214,100504,4246,895250,2912400
2723,234,216,100270,4264,895466,2872800
2724,229,222,100041,4271,895688,2842500
2725,220,223,99821,4268,895911,2817700
2726,193,229,99628,4232,896140,2768700
2727,216,209,99412,4239,896349,2668800
2728,204,225,99208,4218,896574,2971300
2729,208,199,99000,4227,896773,2826400
2730,243,212,98757,4258,896985,3226100
2731,208,193,98549,4273,897178,3092100
2732,216,210,98333,4279,897388,2738500
2733,206,218,98127,4267,897606,3560400
2734,209,227,97918,4249,897833,4068600
2735,223,212,97695,4260,898045,3868900
2736,228,216,97467,4272,898261,2933400
2737,228,202,97239,4298,898463,3045400
2738,210,209,97029,4299,898672,2908700
2739,221,202,96808,4318,898874,2777500
2740,207,215,96601,4310,899089,2767200
2741,192,220,96409,4282,899309,2832000
2742,193,220,96216,4255,899529,2908200
2743,218,209,95998,4264,899738,3496300
2744,216,191,95782,4289,899929,2797500
2745,205,218,95577,4276,900147,2911800
2746,190,233,95387,4233,900380,2739200
2747,210,199,95177,4244,900579,2692400
2748,210,196,94967,4258,900775,3201100
2749,206,208,94761,4256,900983,3335000
2750,225,213,94536,4268,901196,7162200
2751,186,229,94350,4225,901425,3951000
2752,213,208,94137,4230,901633,3001300
2753,205,202,93932,4233,901835,2945500
2754,209,208,93723,4234,902043,3453800
2755,187,218,93536,4203,902261,3131900
2756,232,229,93304,4206,902490,3811000
2757,190,205,93114,4191,902695,3432200
2758,228,229,92886,4190,902924,3039000
2759,230,232,92656,4188,903156,2893200
2760,185,231,92471,4142,903387,2852700
2761,209,206,92262,4145,903593,3211200
2762,216,226,92046,4135,903819,2862700
2763,188,217,91858,4106,904036,2948600
2764,191,184,91667,4113,904220,6260300
2765,214,231,91453,4096,904451,4664200
2766,209,204,91244,4101,904655,2995500
2767,202,206,91042,4097,904861,2906200
2768,200,210,90842,4087,905071,2963200
2769,207,210,90635,4084,905281,3091200
2770,201,183,90434,4102,905464,3051900
2771,222,207,90212,4117,905671,2998900
2772,229,228,89983,4118,905899,2984600
2773,217,180,89766,4155,906079,2976200
2774,184,214,89582,4125,906293,3024800
2775,198,165,89384,4158,906458,2887500
2776,225,191,89159,4192,906649,2832300
2777,205,205,88954,4192,906854,2733500
2778,212,209,88742,4195,907063,2719500
2779,207,234,88535,4168,907297,2836900
2780,191,223,88344,4136,907520,5980500
2781,223,225,88121,4134,907745,3841100
2782,216,199,87905,4151,907944,3838800
2783,216,214,87689,4153,908158,3744700
2784,192,205,87497,4140,908363,3065000
2785,210,224,87287,4126,908587,2976000
2786,214,211,87073,4129,908798,3035000
2787,212,225,86861,4116,909023,2975400
2788,206,203,86655,4119,909226,2915200
2789,189,205,86466,4103,909431,4121400
2790,217,224,86249,4096,909655,3078400
2791,226,213,86023,4109,909868,2835600
2792,191,220,85832,4080,910088,2774700
2793,203,196,85629,4087,910284,2808700
2794,229,207,85400,4109,910491,3089400
2795,211,232,85189,4088,910723,4411000
2796,186,182,85003,4092,910905,3753100
2797,234,205,84769,4121,911110,3071200
2798,199,212,84570,4108,911322,3034400
2799,226,184,84344,4150,911506,3028300
2800,204,187,84140,4167,911693,3019300
2801,204,213,83936,4158,911906,3042000
2802,211,203,83725,4166,912109,3042200
2803,218,204,83507,4180,912313,2884400
2804,225,236,83282,4169,912549,4052800
2805,203,198,83079,4174,912747,5488100
2806,206,224,82873,4156,912971,2875000
2807,215,218,82658,4153,913189,2966100
2808,211,188,82447,4176,913377,3463200
2809,217,196,82230,4197,913573,3488200
2810,223,200,82007,4220,913773,3613700
2811,203,212,81804,4211,913985,3547100
2812,202,187,81602,4226,914172,3177600
2813,232,205,81370,4253,914377,12430600
2814,221,205,81149,4269,914582,13334500
2815,197,223,80952,4243,914805,4193900
2816,198,204,80754,4237,915009,3163700
2817,192,207,80562,4222,915216,3171300
2818,179,215,80383,4186,915431,3095400
2819,220,188,80163,4218,915619,2887300
2820,197,200,79966,4215,915819,3014700
2821,191,238,79775,4168,916057,9769200
2822,156,193,79619,4131,916250,10703300
2823,201,194,79418,4138,916444,4114900
2824,220,212,79198,4146,916656,3107600
2825,196,229,79002,4113,916885,4196200
2826,221,215,78781,4119,917100,4296400
2827,205,206,78576,4118,917306,3593700
2828,195,217,78381,4096,917523,2977200
2829,198,203,78183,4091,917726,20971200
2830,210,211,77973,4090,917937,4434400
2831,218,179,77755,4129,918116,4258300
2832,217,209,77538,4137,918325,3979400
2833,206,223,77332,4120,918548,3492200
2834,220,203,77112,4137,918751,4115900
2835,197,192,76915,4142,918943,4238700
2836,171,196,76744,4117,919139,3824000
2837,207,186,76537,4138,919325,3085900
2838,227,217,76310,4148,919542,6722400
2839,227,227,76083,4148,919769,5116900
2840,210,215,75873,4143,919984,4554800
2841,217,195,75656,4165,920179,7586100
2842,212,224,75444,4153,920403,4805200
2843,216,181,75228,4188,920584,3074800
2844,230,214,74998,4204,920798,2981000
2845,220,187,74778,4237,920985,3181000
2846,226,203,74552,4260,921188,3263700
2847,201,233,74351,4228,921421,3143000
2848,196,234,74155,4190,921655,2987500
2849,210,214,73945,4186,921869,3127200
2850,196,199,73749,4183,922068,3053200
2851,235,207,73514,4211,922275,9933500
2852,207,192,73307,4226,922467,3926100
2853,219,217,73088,4228,922684,3801800
2854,200,204,72888,4224,922888,10635600
2855,204,220,72684,4208,923108,3202100
2856,199,215,72485,4192,923323,2961000
2857,206,215,72279,4183,923538,3001800
2858,200,215,72079,4168,923753,2940900
2859,207,211,71872,4164,923964,2831900
2860,216,227,71656,4153,924191,2791100
2861,203,184,71453,4172,924375,5929700
2862,206,179,71247,4199,924554,10431000
2863,200,209,71047,4190,924763,11346100
2864,201,209,70846,4182,924972,3150400
2865,212,202,70634,4192,925174,3064500
2866,201,219,70433,4174,925393,3053600
2867,196,213,70237,4157,925606,4107600
2868,196,215,70041,4138,925821,3073900
2869,177,193,69864,4122,926014,3030800
2870,215,207,69649,4130,926221,2885700
2871,192,219,69457,4103,926440,6124100
2872,194,207,69263,4090,926647,5932900
2873,214,209,69049,4095,926856,3646400
2874,201,203,68848,4093,927059,6908000
2875,215,181,68633,4127,927240,5150900
2876,216,216,68417,4127,927456,3093400
2877,205,221,68212,4111,927677,3233200
2878,189,200,68023,4100,927877,2959300
2879,176,219,67847,4057,928096,3095500
2880,197,216,67650,4038,928312,3106500
2881,185,173,67465,4050,928485,2874700
2882,190,206,67275,4034,928691,3299400
2883,185,202,67090,4017,928893,3365400
2884,202,204,66888,4015,929097,3197600
2885,196,194,66692,4017,929291,5725800
2886,189,242,66503,3964,929533,3817300
2887,192,220,66311,3936,929753,3217400
2888,191,184,66120,3943,929937,3848400
2889,189,182,65931,3950,930119,2889600
2890,205,168,65726,3987,930287,3042800
2891,217,212,65509,3992,930499,3163200
2892,209,219,65300,3982,930718,2807400
2893,217,203,65083,3996,930921,3031700
2894,199,200,64884,3995,931121,2719600
2895,222,209,64662,4008,931330,2892000
2896,197,225,64465,3980,931555,2720800
2897,170,210,64295,3940,931765,2810600
2898,192,179,64103,3953,931944,2697400
2899,203,206,63900,3950,932150,2964800
2900,193,203,63707,3940,932353,2643300
2901,184,201,63523,3923,932554,4896400
2902,180,171,63343,3932,932725,3948400
2903,209,189,63134,3952,932914,3803600
2904,166,189,62968,3929,933103,3672400
2905,185,208,62783,3906,933311,3600800
2906,210,205,62573,3911,933516,3674400
2907,191,190,62382,3912,933706,3578300
2908,173,187,62209,3898,933893,2819600
2909,176,206,62033,3868,934099,2892300
2910,167,200,61866,3835,934299,3032100
2911,172,188,61694,3819,934487,2760400
2912,175,176,61519,3818,934663,2647400
2913,191,208,61328,3801,934871,2606400
2914,173,187,61155,3787,935058,2580400
2915,184,205,60971,3766,935263,2992300
2916,195,193,60776,3768,935456,3494700
2917,166,190,60610,3744,935646,5540300
2918,167,196,60443,3715,935842,3158100
2919,168,191,60275,3692,936033,3348800
2920,180,183,60095,3689,936216,2929200
2921,178,185,59917,3682,936401,2912600
2922,180,174,59737,3688,936575,2806700
2923,180,188,59557,3680,936763,2785700
2924,175,188,59382,3667,936951,2742200
2925,170,174,59212,3663,937125,2710500
2926,182,185,59030,3660,937310,2762200
2927,165,182,58865,3643,937492,2653900
2928,162,158,58703,3647,937650,2658100
2929,171,180,58532,3638,937830,2626500
2930,141,188,58391,3591,938018,2592800
2931,183,180,58208,3594,938198,2651000
2932,172,174,58036,3592,938372,2690600
2933,161,198,57875,3555,938570,5132900
2934,201,185,57674,3571,938755,4192900
2935,139,182,57535,3528,938937,2993000
2936,159,178,57376,3509,939115,2957600
2937,182,187,57194,3504,939302,2977800
2938,158,194,57036,3468,939496,2834000
2939,163,185,56873,3446,939681,2769300
2940,164,161,56709,3449,939842,2704600
2941,171,196,56538,3424,940038,3068800
2942,146,150,56392,3420,940188,3012800
2943,163,177,56229,3406,940365,3167100
2944,158,164,56071,3400,940529,2723600
2945,168,171,55903,3397,940700,2661700
2946,160,166,55743,3391,940866,2638400
2947,160,158,55583,3393,941024,2864900
2948,152,163,55431,3382,941187,2698900
2949,172,153,55259,3401,941340,2837300
2950,162,175,55097,3388,941515,2950400
2951,168,189,54929,3367,941704,2720600
2952,133,173,54796,3327,941877,2631800
2953,152,182,54644,3297,942059,2668800
2954,157,169,54487,3285,942228,2560300
2955,121,185,54366,3221,942413,2596500
2956,155,157,54211,3219,942570,2605100
2957,139,163,54072,3195,942733,2604700
2958,147,173,53925,3169,942906,2626400
2959,123,159,53802,3133,943065,2630800
2960,151,146,53651,3138,943211,2550400
2961,141,150,53510,3129,943361,2585100
2962,135,147,53375,3117,943508,2555600
2963,132,164,53243,3085,943672,2645200
2964,163,137,53080,3111,943809,2900000
2965,118,156,52962,3073,943965,2869500
2966,153,149,52809,3077,944114,2630100
2967,127,161,52682,3043,944275,2693800
2968,135,157,52547,3021,944432,2683100
2969,123,150,52424,2994,944582,5348100
2970,142,145,52282,2991,944727,3397900
2971,121,151,52161,2961,944878,3303900
2972,134,146,52027,2949,945024,3282700
2973,131,152,51896,2928,945176,2960900
2974,127,132,51769,2923,945308,2753900
2975,139,146,51630,2916,945454,2780200
2976,126,138,51504,2904,945592,2787100
2977,133,143,51371,2894,945735,2719900
2978,149,138,51222,2905,945873,2756600
2979,162,117,51060,2950,945990,3026200
2980,132,126,50928,2956,946116,2708300
2981,148,154,50780,2950,946270,2674200
2982,142,133,50638,2959,946403,2768800
2983,135,158,50503,2936,946561,2723700
2984,142,137,50361,2941,946698,2730500
2985,141,152,50220,2930,946850,4198000
2986,148,148,50072,2930,946998,3595500
2987,125,145,49947,2910,947143,3645300
2988,126,135,49821,2901,947278,2966900
2989,148,146,49673,2903,947424,2861400
2990,132,140,49541,2895,947564,3378700
2991,157,155,49384,2897,947719,3164600
2992,143,145,49241,2895,947864,2815600
2993,144,143,49097,2896,948007,2744700
2994,149,144,48948,2901,948151,2798000
2995,137,150,48811,2888,948301,2729400
2996,132,156,48679,2864,948457,2740500
2997,133,138,48546,2859,948595,2642700
2998,120,166,48426,2813,948761,2650000
2999,112,147,48314,2778,948908,2625700
3000,141,136,48173,2783,949044,2966100
3001,130,133,48043,2780,949177,2908100
3002,125,129,47918,2776,949306,4690000
3003,127,138,47791,2765,949444,3786000
3004,126,121,47665,2770,949565,3450900
3005,161,115,47504,2816,949680,2825900
3006,143,122,47361,2837,949802,2838200
3007,153,124,47208,2866,949926,2921500
3008,137,139,47071,2864,950065,2814500
3009,137,133,46934,2868,950198,2822000
3010,154,139,46780,2883,950337,2970800
3011,128,147,46652,2864,950484,2929100
3012,159,126,46493,2897,950610,3247700
3013,144,144,46349,2897,950754,2820600
3014,146,141,46203,2902,950895,2802600
3015,154,144,46049,2912,951039,2972400
3016,138,136,45911,2914,951175,2711200
3017,131,143,45780,2902,951318,2589900
3018,131,141,45649,2892,951459,2708000
3019,110,148,45539,2854,951607,4572900
3020,156,130,45383,2880,951737,3500600
3021,139,136,45244,2883,951873,3232300
3022,159,157,45085,2885,952030,3071200
3023,125,141,44960,2869,952171,2850800
3024,140,146,44820,2863,952317,2812200
3025,129,125,44691,2867,952442,2744600
3026,130,150,44561,2847,952592,2796100
3027,120,124,44441,2843,952716,2759900
3028,110,127,44331,2826,952843,2722000
3029,124,139,44207,2811,952982,2736000
3030,140,147,44067,2804,953129,2689900
3031,133,136,43934,2801,953265,3128000
3032,117,120,43817,2798,953385,2992700
3033,130,135,43687,2793,953520,2768200
3034,121,144,43566,2770,953664,2872400
3035,133,135,43433,2768,953799,7014300
3036,95,147,43338,2716,953946,4623800
3037,127,135,43211,2708,954081,3993400
3038,126,142,43085,2692,954223,3176200
3039,103,126,42982,2669,954349,3280000
3040,131,113,42851,2687,954462,2910100
3041,126,150,42725,2663,954612,2780700
3042,106,148,42619,2621,954760,3429300
3043,118,119,42501,2620,954879,2937900
3044,112,149,42389,2583,955028,2895800
3045,109,141,42280,2551,955169,3193000
3046,117,128,42163,2540,955297,2813000
3047,116,134,42047,2522,955431,2585700
3048,95,145,41952,2472,955576,2765400
3049,108,123,41844,2457,955699,2728800
3050,114,137,41730,2434,955836,5975100
3051,116,120,41614,2430,955956,3779200
3052,104,118,41510,2416,956074,3682800
3053,96,98,41414,2414,956172,2822600
3054,104,138,41310,2380,956310,3362200
3055,111,101,41199,2390,956411,2948400
3056,110,126,41089,2374,956537,2767300
3057,117,130,40972,2361,956667,2731800
3058,117,98,40855,2380,956765,2689400
3059,122,128,40733,2374,956893,2718800
3060,107,131,40626,2350,957024,2660700
3061,125,116,40501,2359,957140,2645100
3062,96,113,40405,2342,957253,2556500
3063,105,101,40300,2346,957354,2531100
3064,101,122,40199,2325,957476,2838600
3065,108,136,40091,2297,957612,2533000
3066,99,121,39992,2275,957733,3375000
3067,97,107,39895,2265,957840,3679200
3068,102,133,39793,2234,957973,2920400
3069,94,118,39699,2210,958091,2848500
3070,98,110,39601,2198,958201,2780100
3071,88,109,39513,2177,958310,2785900
3072,84,113,39429,2148,958423,2882200
3073,108,99,39321,2157,958522,2655400
3074,99,108,39222,2148,958630,2696300
3075,110,105,39112,2153,958735,2637800
3076,107,106,39005,2154,958841,2628800
3077,114,100,38891,2168,958941,2585700
3078,94,99,38797,2163,959040,2572500
3079,103,110,38694,2156,959150,2590800
3080,107,104,38587,2159,959254,2594400
3081,104,99,38483,2164,959353,2589100
3082,89,102,38394,2151,959455,2631500
3083,99,129,38295,2121,959584,2849500
3084,95,106,38200,2110,959690,2812800
3085,101,99,38099,2112,959789,2677300
3086,109,122,37990,2099,959911,4873200
3087,90,88,37900,2101,959999,3209300
3088,96,123,37804,2074,960122,3098400
3089,107,108,37697,2073,960230,3453100
3090,123,104,37574,2092,960334,3553000
3091,113,104,37461,2101,960438,3004000
3092,99,99,37362,2101,960537,3328400
3093,114,110,37248,2105,960647,3193600
3094,91,114,37157,2082,960761,3204800
3095,102,108,37055,2076,960869,3192400
3096,104,91,36951,2089,960960,3074300
3097,109,123,36842,2075,961083,2707700
3098,91,94,36751,2072,961177,2684600
3099,108,115,36643,2065,961292,2601000
3100,85,121,36558,2029,961413,2730500
3101,108,101,36450,2036,961514,5432000
3102,102,100,36348,2038,961614,3700900
3103,93,105,36255,2026,961719,2916600
3104,91,102,36164,2015,961821,2862300
3105,83,80,36081,2018,961901,2765300
3106,86,106,35995,1998,962007,2889500
3107,83,108,35912,1973,962115,2694000
3108,90,99,35822,1964,962214,2760300
3109,89,94,35733,1959,962308,2738900
3110,94,119,35639,1934,962427,2767400
3111,86,94,35553,1926,962521,2763900
3112,95,88,35458,1933,962609,2723600
3113,87,79,35371,1941,962688,2611900
3114,88,102,35283,1927,962790,2604200
3115,86,80,35197,1933,962870,2598000
3116,88,104,35109,1917,962974,2572400
3117,81,94,35028,1904,963068,2711000
3118,97,73,34931,1928,963141,2663000
3119,107,86,34824,1949,963227,2815200
3120,83,89,34741,1943,963316,5062400
3121,84,133,34657,1894,963449,3048000
3122,85,100,34572,1879,963549,2965000
3123,95,100,34477,1874,963649,2716000
3124,74,93,34403,1855,963742,2701700
3125,76,102,34327,1829,963844,3147300
3126,88,82,34239,1835,963926,3467200
3127,92,102,34147,1825,964028,2747300
3128,75,98,34072,1802,964126,2682700
3129,90,90,33982,1802,964216,2623600
3130,91,95,33891,1798,964311,2626400
3131,85,91,33806,1792,964402,2594300
3132,83,92,33723,1783,964494,2548700
3133,85,90,33638,1778,964584,2518300
3134,95,89,33543,1784,964673,2500800
3135,84,89,33459,1779,964762,2928200
3136,94,82,33365,1791,964844,2692400
3137,80,99,33285,1772,964943,2551800
3138,71,107,33214,1736,965050,2506500
3139,89,103,33125,1722,965153,2505400
3140,80,90,33045,1712,965243,2563900
3141,84,86,32961,1710,965329,2513500
3142,80,96,32881,1694,965425,2524400
3143,88,71,32793,1711,965496,2490100
3144,80,70,32713,1721,965566,2493800
3145,74,77,32639,1718,965643,2546100
3146,98,93,32541,1723,965736,2521200
3147,84,67,32457,1740,965803,2542300
3148,90,74,32367,1756,965877,2509600
3149,81,88,32286,1749,965965,2521400
3150,74,94,32212,1729,966059,2498600
3151,83,83,32129,1729,966142,2498700
3152,79,101,32050,1707,966243,2714700
3153,76,88,31974,1695,966331,2588500
3154,78,84,31896,1689,966415,2791800
3155,88,80,31808,1697,966495,2660100
3156,80,92,31728,1685,966587,4601200
3157,95,80,31633,1700,966667,3694700
3158,90,92,31543,1698,966759,3533400
3159,90,79,31453,1709,966838,2659900
3160,92,66,31361,1735,966904,2702600
3161,104,94,31257,1745,966998,2643200
3162,82,89,31175,1738,967087,2684200
3163,91,100,31084,1729,967187,2664500
3164,75,78,31009,1726,967265,2628800
3165,88,89,30921,1725,967354,2725400
3166,95,78,30826,1742,967432,2582000
3167,110,80,30716,1772,967512,2690100
3168,94,76,30622,1790,967588,2779300
3169,99,99,30523,1790,967687,2529400
3170,103,88,30420,1805,967775,2530300
3171,90,106,30330,1789,967881,2493800
3172,93,82,30237,1800,967963,2510700
3173,104,76,30133,1828,968039,4060000
3174,75,97,30058,1806,968136,3214100
3175,100,73,29958,1833,968209,2867200
3176,97,83,29861,1847,968292,2681400
3177,88,84,29773,1851,968376,2622200
3178,94,82,29679,1863,968458,2638700
3179,83,102,29596,1844,968560,2691900
3180,82,102,29514,1824,968662,2638400
3181,82,89,29432,1817,968751,2576800
3182,91,86,29341,1822,968837,2553800
3183,89,100,29252,1811,968937,2544500
3184,93,84,29159,1820,969021,2540900
3185,83,109,29076,1794,969130,2619200
3186,74,108,29002,1760,969238,2525900
3187,91,89,28911,1762,969327,2565000
3188,81,79,28830,1764,969406,2510800
3189,73,80,28757,1757,969486,2616600
3190,89,104,28668,1742,969590,2670800
3191,74,79,28594,1737,969669,2887000
3192,79,94,28515,1722,969763,5478700
3193,83,90,28432,1715,969853,3039100
3194,78,78,28354,1715,969931,2875500
3195,77,82,28277,1710,970013,2647400
3196,87,84,28190,1713,970097,2648100
3197,94,84,28096,1723,970181,2617400
3198,76,82,28020,1717,970263,2610400
3199,90,77,27930,1730,970340,2569200
3200,77,88,27853,1719,970428,2562600
3201,89,96,27764,1712,970524,2661800
3202,73,71,27691,1714,970595,2599400
3203,70,92,27621,1692,970687,2506800
3204,72,100,27549,1664,970787,2913300
3205,72,93,27477,1643,970880,2455500
3206,76,82,27401,1637,970962,2432800
3207,74,75,27327,1636,971037,2437400
3208,77,87,27250,1626,971124,2423900
3209,84,91,27166,1619,971215,2436400
3210,72,73,27094,1618,971288,5027400
3211,79,71,27015,1626,971359,2836300
3212,64,94,26951,1596,971453,2688900
3213,86,86,26865,1596,971539,2881200
3214,81,70,26784,1607,971609,2628100
3215,80,78,26704,1609,971687,2653100
3216,88,73,26616,1624,971760,2934100
3217,94,71,26522,1647,971831,2684500
3218,73,90,26449,1630,971921,2627200
3219,80,79,26369,1631,972000,2609000
3220,64,81,26305,1614,972081,2558400
3221,84,77,26221,1621,972158,2543900
3222,81,81,26140,1621,972239,2483600
3223,86,80,26054,1627,972319,2486500
3224,69,70,25985,1626,972389,2462000
3225,82,67,25903,1641,972456,2711700
3226,78,84,25825,1635,972540,2504100
3227,71,96,25754,1610,972636,2559700
3228,65,72,25689,1603,972708,3167300
3229,60,81,25629,1582,972789,3793300
3230,68,60,25561,1590,972849,3265400
3231,71,69,25490,1592,972918,2831900
3232,83,91,25407,1584,973009,2604900
3233,65,93,25342,1556,973102,2627000
3234,64,68,25278,1552,973170,2605300
3235,76,71,25202,1557,973241,2605400
3236,66,88,25136,1535,973329,2615300
3237,68,77,25068,1526,973406,2532700
3238,67,69,25001,1524,973475,2498700
3239,77,93,24924,1508,973568,2509900
3240,62,74,24862,1496,973642,2460600
3241,55,70,24807,1481,973712,2450200
3242,72,73,24735,1480,973785,2420900
3243,74,72,24661,1482,973857,2379700
3244,67,66,24594,1483,973923,2394800
3245,67,62,24527,1488,973985,2379200
3246,65,70,24462,1483,974055,2495400
3247,71,71,24391,1483,974126,2601900
3248,67,65,24324,1485,974191,2664200
3249,75,73,24249,1487,974264,2458400
3250,65,75,24184,1477,974339,2421600
3251,67,84,24117,1460,974423,2387000
3252,75,52,24042,1483,974475,2385900
3253,62,73,23980,1472,974548,2463500
3254,78,78,23902,1472,974626,2534000
3255,61,83,23841,1450,974709,2496800
3256,77,60,23764,1467,974769,2470700
3257,57,81,23707,1443,974850,2514400
3258,54,74,23653,1423,974924,2452900
3259,62,68,23591,1417,974992,2427400
3260,63,69,23528,1411,975061,2829200
3261,59,72,23469,1398,975133,2407200
3262,62,81,23407,1379,975214,2392400
3263,44,75,23363,1348,975289,2443200
3264,51,69,23312,1330,975358,2381600
3265,60,55,23252,1335,975413,2375200
3266,59,60,23193,1334,975473,2398800
3267,53,59,23140,1328,975532,2479700
3268,65,60,23075,1333,975592,2495900
3269,56,52,23019,1337,975644,4389300
3270,48,69,22971,1316,975713,3406000
3271,47,73,22924,1290,975786,2887100
3272,56,64,22868,1282,975850,2876100
3273,48,63,22820,1267,975913,2702000
3274,43,53,22777,1257,975966,2565800
3275,40,67,22737,1230,976033,2537400
3276,60,57,22677,1233,976090,2600900
3277,46,67,22631,1212,976157,2892900
3278,56,52,22575,1216,976209,2499400
3279,56,60,22519,1212,976269,2471200
3280,49,56,22470,1205,976325,2432800
3281,59,60,22411,1204,976385,2444100
3282,49,71,22362,1182,976456,2402700
3283,46,76,22316,1152,976532,2640400
3284,43,59,22273,1136,976591,2396700
3285,52,56,22221,1132,976647,2400500
3286,43,57,22178,1118,976704,3822600
3287,47,53,22131,1112,976757,3067600
3288,34,69,22097,1077,976826,3120100
3289,53,52,22044,1078,976878,2801200
3290,53,58,21991,1073,976936,2707900
3291,38,54,21953,1057,976990,2749100
3292,40,53,21913,1044,977043,2516300
3293,44,57,21869,1031,977100,2523000
3294,46,51,21823,1026,977151,2526000
3295,43,52,21780,1017,977203,2510300
3296,31,51,21749,997,977254,2499800
3297,54,47,21695,1004,977301,2451600
3298,42,41,21653,1005,977342,2460800
3299,44,55,21609,994,977397,2418000
3300,40,51,21569,983,977448,2455600
3301,54,49,21515,988,977497,2400100
3302,48,42,21467,994,977539,2393800
3303,47,54,21420,987,977593,2344300
3304,51,63,21369,975,977656,2432400
3305,40,52,21329,963,977708,4259800
3306,47,47,21282,963,977755,3126500
3307,56,44,21226,975,977799,3381800
3308,51,56,21175,970,977855,3209600
3309,40,39,21135,971,977894,2645100
3310,43,55,21092,959,977949,2558100
3311,44,51,21048,952,978000,2513800
3312,37,62,21011,927,978062,2572900
3313,55,49,20956,933,978111,2554100
3314,44,55,20912,922,978166,2499400
3315,36,49,20876,909,978215,2509200
3316,42,55,20834,896,978270,2512900
3317,39,42,20795,893,978312,2445000
3318,34,65,20761,862,978377,2421900
3319,33,36,20728,859,978413,2394000
3320,40,64,20688,835,978477,2386400
3321,35,42,20653,828,978519,2393000
3322,40,46,20613,822,978565,3814100
3323,47,41,20566,828,978606,4210700
3324,46,41,20520,833,978647,3270000
3325,42,37,20478,838,978684,2717700
3326,45,44,20433,839,978728,2663500
3327,44,39,20389,844,978767,2629000
3328,44,38,20345,850,978805,2573800
3329,57,37,20288,870,978842,2536200
3330,43,34,20245,879,978876,2547800
3331,55,39,20190,895,978915,2523700
3332,52,38,20138,909,978953,2576700
3333,44,51,20094,902,979004,2977600
3334,42,43,20052,901,979047,3154700
3335,42,55,20010,888,979102,3119800
3336,43,40,19967,891,979142,2523900
3337,44,48,19923,887,979190,2500800
3338,48,40,19875,895,979230,2485900
3339,45,31,19830,909,979261,2574400
3340,55,39,19775,925,979300,5497200
3341,42,48,19733,919,979348,3689700
3342,40,55,19693,904,979403,3053200
3343,33,37,19660,900,979440,2599400
3344,39,48,19621,891,979488,2604700
3345,41,38,19580,894,979526,2750500
3346,31,57,19549,868,979583,2673800
3347,29,52,19520,845,979635,3151100
3348,33,51,19487,827,979686,2646000
3349,39,36,19448,830,979722,2521800
3350,36,40,19412,826,979762,2547800
3351,35,45,19377,816,979807,2500700
3352,31,45,19346,802,979852,2535900
3353,36,43,19310,795,979895,2646700
3354,41,32,19269,804,979927,2545000
3355,33,40,19236,797,979967,2503900
3356,30,50,19206,777,980017,2548600
3357,32,39,19174,770,980056,2634800
3358,35,45,19139,760,980101,6438700
3359,24,35,19115,749,980136,3736300
3360,34,30,19081,753,980166,3236500
3361,24,42,19057,735,980208,2698600
3362,31,41,19026,725,980249,2606300
3363,29,37,18997,717,980286,2592500
3364,36,30,18961,723,980316,2810200
3365,40,46,18921,717,980362,2637200
3366,26,45,18895,698,980407,2805100
3367,28,30,18867,696,980437,2819700
3368,28,34,18839,690,980471,2662000
3369,21,35,18818,676,980506,2741200
3370,22,40,18796,658,980546,2656900
3371,31,31,18765,658,980577,2575200
3372,21,34,18744,645,980611,2568600
3373,17,36,18727,626,980647,2509700
3374,31,29,18696,628,980676,4464900
3375,36,36,18660,628,980712,3161100
3376,23,36,18637,615,980748,3367800
3377,29,36,18608,608,980784,3240900
3378,21,31,18587,598,980815,2719400
3379,22,22,18565,598,980837,2761600
3380,21,25,18544,594,980862,2886100
3381,20,37,18524,577,980899,2571500
3382,23,36,18501,564,980935,3096000
3383,22,26,18479,560,980961,2607400
3384,23,31,18456,552,980992,2551100
3385,30,28,18426,554,981020,2582800
3386,27,30,18399,551,981050,2566900
3387,17,21,18382,547,981071,2529500
3388,25,25,18357,547,981096,2563800
3389,28,30,18329,545,981126,4541500
3390,33,28,18296,550,981154,3442700
3391,25,29,18271,546,981183,3581100
3392,22,35,18249,533,981218,2855200
3393,23,23,18226,533,981241,2591800
3394,23,30,18203,526,981271,2769100
3395,24,21,18179,529,981292,2488600
3396,30,25,18149,534,981317,2965800
3397,25,26,18124,533,981343,3181400
3398,32,13,18092,552,981356,2693300
3399,30,28,18062,554,981384,2696900
3400,32,22,18030,564,981406,2646700
3401,24,25,18006,563,981431,2722300
3402,22,27,17984,558,981458,2851000
3403,30,35,17954,553,981493,2423400
3404,24,22,17930,555,981515,2548200
3405,31,28,17899,558,981543,3494000
3406,30,31,17869,557,981574,3401100
3407,31,23,17838,565,981597,3096100
3408,29,23,17809,571,981620,2577200
3409,32,33,17777,570,981653,2575100
3410,29,29,17748,570,981682,2578400
3411,27,28,17721,569,981710,2545900
3412,35,30,17686,574,981740,2695100
3413,28,36,17658,566,981776,2529900
3414,30,24,17628,572,981800,2472100
3415,30,26,17598,576,981826,2503700
3416,20,34,17578,562,981860,2445400
3417,31,24,17547,569,981884,2445900
3418,27,31,17520,565,981915,2431700
3419,20,31,17500,554,981946,2416400
3420,28,30,17472,552,981976,2472600
3421,24,27,17448,549,982003,2602700
3422,32,30,17416,551,982033,2622700
3423,23,27,17393,547,982060,4538300
3424,28,26,17365,549,982086,3218100
3425,23,24,17342,548,982110,2580900
3426,17,21,17325,544,982131,2583100
3427,21,21,17304,544,982152,2705100
3428,23,29,17281,538,982181,2594500
3429,27,16,17254,549,982197,2449800
3430,24,22,17230,551,982219,2453200
3431,15,33,17215,533,982252,2447500
3432,22,27,17193,528,982279,2418100
3433,21,26,17172,523,982305,2402000
3434,26,25,17146,524,982330,2431800
3435,24,25,17122,523,982355,2418100
3436,21,42,17101,502,982397,2403600
3437,22,19,17079,505,982416,2384000
3438,21,33,17058,493,982449,2381800
3439,25,30,17033,488,982479,2445200
3440,26,25,17007,489,982504,5487000
3441,20,23,16987,486,982527,2891500
3442,23,40,16964,469,982567,2681800
3443,28,31,16936,466,982598,2610500
3444,24,23,16912,467,982621,2540200
3445,23,22,16889,468,982643,2829000
3446,26,27,16863,467,982670,2836800
3447,21,27,16842,461,982697,2602200
3448,26,20,16816,467,982717,2528700
3449,21,23,16795,465,982740,2392400
3450,24,32,16771,457,982772,2768500
3451,19,17,16752,459,982789,2410000
3452,27,24,16725,462,982813,2378300
3453,19,27,16706,454,982840,2369700
3454,15,18,16691,451,982858,2357500
3455,16,20,16675,447,982878,2366800
3456,16,24,16659,439,982902,2450600
3457,15,16,16644,438,982918,4179100
3458,11,26,16633,423,982944,3368900
3459,13,30,16620,406,982974,3341500
3460,17,19,16603,404,982993,3213100
3461,17,16,16586,405,983009,2509000
3462,25,25,16561,405,983034,2507100
3463,19,26,16542,398,983060,2450600
3464,18,21,16524,395,983081,2422500
3465,15,20,16509,390,983101,2432700
3466,12,13,16497,389,983114,2533300
3467,29,17,16468,401,983131,2383500
3468,21,20,16447,402,983151,2464100
3469,25,19,16422,408,983170,2523500
3470,16,21,16406,403,983191,2341000
3471,19,19,16387,403,983210,2383200
3472,20,18,16367,405,983228,2550500
3473,17,17,16350,405,983245,2345100
3474,20,13,16330,412,983258,3456700
3475,22,28,16308,406,983286,3661600
3476,15,17,16293,404,983303,2712000
3477,17,17,16276,404,983320,2489500
3478,11,21,16265,394,983341,2463800
3479,22,18,16243,398,983359,2446100
3480,17,13,16226,402,983372,2423600
3481,17,24,16209,395,983396,2447500
3482,19,16,16190,398,983412,2679700
3483,17,17,16173,398,983429,2382200
3484,13,26,16160,385,983455,2338000
3485,8,22,16152,371,983477,2325600
3486,16,18,16136,369,983495,2308400
3487,16,23,16120,362,983518,2301200
3488,17,17,16103,362,983535,2588100
3489,23,19,16080,366,983554,2422500
3490,12,27,16068,351,983581,2462000
3491,17,15,16051,353,983596,2691600
3492,16,9,16035,360,983605,3663800
3493,10,18,16025,352,983623,3195300
3494,17,24,16008,345,983647,2622900
3495,16,8,15992,353,983655,2466000
3496,19,16,15973,356,983671,2432200
3497,9,23,15964,342,983694,2443100
3498,6,11,15958,337,983705,2591300
3499,15,19,15943,333,983724,2510800
3500,13,14,15930,332,983738,2612300
3501,9,18,15921,323,983756,2393900
3502,16,15,15905,324,983771,2650500
3503,8,16,15897,316,983787,2488000
3504,14,15,15883,315,983802,2547500
3505,11,28,15872,298,983830,2404200
3506,10,18,15862,290,983848,2385900
3507,7,8,15855,289,983856,2341300
3508,13,10,15842,292,983866,2366300
3509,11,9,15831,294,983875,2515400
3510,6,16,15825,284,983891,4568200
3511,12,16,15813,280,983907,2718500
3512,9,13,15804,276,983920,2700900
3513,7,10,15797,273,983930,2545500
3514,3,20,15794,256,983950,2575200
3515,11,9,15783,258,983959,2371500
3516,9,10,15774,257,983969,2350100
3517,12,12,15762,257,983981,2353200
3518,10,13,15752,254,983994,2315300
3519,6,12,15746,248,984006,2641400
3520,9,11,15737,246,984017,2419300
3521,7,11,15730,242,984028,2311100
3522,12,9,15718,245,984037,2284000
3523,10,18,15708,237,984055,2298100
3524,10,12,15698,235,984067,2278100
3525,11,10,15687,236,984077,2326300
3526,6,10,15681,232,984087,2325700
3527,8,10,15673,230,984097,4041600
3528,6,14,15667,222,984111,3519900
3529,3,12,15664,213,984123,2659900
3530,4,10,15660,207,984133,2453700
3531,8,8,15652,207,984141,2460900
3532,6,13,15646,200,984154,2496200
3533,7,8,15639,199,984162,2498300
3534,4,8,15635,195,984170,2391200
3535,2,9,15633,188,984179,2445700
3536,4,11,15629,181,984190,2392400
3537,5,10,15624,176,984200,2375600
3538,7,9,15617,174,984209,2348700
3539,2,10,15615,166,984219,2349700
3540,2,10,15613,158,984229,2414200
3541,7,7,15606,158,984236,2398700
3542,6,1,15600,163,984237,2381100
3543,6,4,15594,165,984241,2355200
3544,6,10,15588,161,984251,2382400
3545,5,3,15583,163,984254,3615000
3546,3,6,15580,160,984260,3075200
3547,4,4,15576,160,984264,3169200
3548,4,9,15572,155,984273,2607500
3549,2,9,15570,148,984282,2642600
3550,3,13,15567,138,984295,2470000
3551,2,5,15565,135,984300,2486100
3552,2,11,15563,126,984311,2410400
3553,0,13,15563,113,984324,2398500
3554,2,7,15561,108,984331,2405800
3555,2,9,15559,101,984340,2352300
3556,1,1,15558,101,984341,2344600
3557,2,7,15556,96,984348,2655000
3558,4,8,15552,92,984356,2398100
3559,2,1,15550,93,984357,2477100
3560,1,4,15549,90,984361,2415600
3561,3,6,15546,87,984367,2360100
3562,3,6,15543,84,984373,2524000
3563,1,4,15542,81,984377,2385800
3564,0,4,15542,77,984381,2321600
3565,0,3,15542,74,984384,2304000
3566,1,4,15541,71,984388,2282500
3567,0,3,15541,68,984391,2272500
3568,0,3,15541,65,984394,2266300
3569,0,4,15541,61,984398,2649900
3570,0,3,15541,58,984401,2261300
3571,0,7,15541,51,984408,2257000
3572,0,1,15541,50,984409,2242700
3573,0,2,15541,48,984411,2246700
3574,0,3,15541,45,984414,2249100
3575,0,4,15541,41,984418,2256600
3576,0,3,15541,38,984421,2253800
3577,0,4,15541,34,984425,2247300
3578,1,7,15540,28,984432,2224300
3579,0,1,15540,27,984433,2230400
3580,0,1,15540,26,984434,2368900
3581,0,1,15540,25,984435,3014900
3582,0,1,15540,24,984436,4264600
3583,0,0,15540,24,984436,3125900
3584,0,2,15540,22,984438,2413500
3585,0,1,15540,21,984439,2719500
3586,0,0,15540,21,984439,2381900
3587,0,1,15540,20,984440,2378600
3588,0,0,15540,20,984440,2383600
3589,0,0,15540,20,984440,2354400
3590,0,1,15540,19,984441,2363800
3591,0,2,15540,17,984443,2932600
3592,0,1,15540,16,984444,2363400
3593,0,0,15540,16,984444,2322900
3594,0,1,15540,15,984445,2293900
3595,0,1,15540,14,984446,2310100
3596,0,0,15540,14,984446,2299100
3597,0,1,15540,13,984447,2382100
3598,0,1,15540,12,984448,3698000
3599,0,1,15540,11,984449,3153000
3600,0,0,15540,11,984449,2498700
3601,0,0,15540,11,984449,2440600
3602,0,1,15540,10,984450,2373700
3603,0,0,15540,10,984450,2413100
3604,0,1,15540,9,984451,2373600
3605,0,0,15540,9,984451,2397100
3606,0,0,15540,9,984451,2367100
3607,0,1,15540,8,984452,2607500
3608,0,1,15540,7,984453,2335300
3609,0,1,15540,6,984454,2321900
3610,0,1,15540,5,984455,2309100
3611,0,0,15540,5,984455,2295200
3612,0,0,15540,5,984455,2286500
3613,0,1,15540,4,984456,2555800
3614,0,0,15540,4,984456,2319700
3615,0,0,15540,4,984456,2362000
3616,0,0,15540,4,984456,3838900
3617,0,1,15540,3,984457,2626600
3618,0,0,15540,3,984457,2628800
3619,0,0,15540,3,984457,2451900
3620,0,1,15540,2,984458,2393600
3621,0,0,15540,2,984458,2382300
3622,0,0,15540,2,984458,2372100
3623,0,0,15540,2,984458,2383900
3624,0,0,15540,2,984458,2348200
3625,0,0,15540,2,984458,2332400
3626,0,0,15540,2,984458,2336100
3627,0,0,15540,2,984458,2316200
3628,0,0,15540,2,984458,2335800
3629,0,0,15540,2,984458,2357900
3630,0,1,15540,1,984459,2309400
3631,0,0,15540,1,984459,2294600
3632,0,1,15540,0,984460,2274100
