Tick,NewlyInfected,NewlyRecovered,TotalSusceptible,TotalInfected,TotalRecovered,StepTimeNanos
0,2,0,562493,7,0,1427300
1,3,0,562490,10,0,1303600
2,1,1,562489,10,1,1003900
3,3,0,562486,13,1,968400
4,2,1,562484,14,2,983500
5,6,1,562478,19,3,985500
6,4,1,562474,22,4,964000
7,1,3,562473,20,7,973000
8,4,0,562469,24,7,1019500
9,7,0,562462,31,7,972300
10,9,2,562453,38,9,974100
11,10,3,562443,45,12,988500
12,7,1,562436,51,13,966400
13,9,3,562427,57,16,967900
14,7,1,562420,63,17,950000
15,5,7,562415,61,24,952500
16,6,3,562409,64,27,963600
17,11,1,562398,74,28,961100
18,5,6,562393,73,34,960300
19,6,0,562387,79,34,1055400
20,9,1,562378,87,35,963600
21,7,4,562371,90,39,968200
22,11,3,562360,98,42,997600
23,11,4,562349,105,46,989900
24,11,3,562338,113,49,982100
25,6,6,562332,113,55,960400
26,17,3,562315,127,58,971200
27,17,8,562298,136,66,1015000
28,10,6,562288,140,72,960100
29,13,9,562275,144,81,951600
30,18,4,562257,158,85,954500
31,15,3,562242,170,88,953200
32,13,12,562229,171,100,950900
33,24,7,562205,188,107,953300
34,21,13,562184,196,120,951700
35,16,5,562168,207,125,964600
36,23,8,562145,222,133,975200
37,21,7,562124,236,140,1180000
38,34,7,562090,263,147,1024000
39,28,10,562062,281,157,979700
40,17,7,562045,291,164,963100
41,31,18,562014,304,182,959000
42,31,17,561983,318,199,959100
43,25,14,561958,329,213,965700
44,22,21,561936,330,234,1083300
45,25,13,561911,342,247,954000
46,19,15,561892,346,262,968900
47,19,21,561873,344,283,1013200
48,26,15,561847,355,298,970900
49,20,20,561827,355,318,1145200
50,20,15,561807,360,333,974500
51,23,14,561784,369,347,968800
52,30,19,561754,380,366,983300
53,22,17,561732,385,383,1011400
54,27,16,561705,396,399,960600
55,39,20,561666,415,419,962700
56,25,12,561641,428,431,1005800
57,47,16,561594,459,447,981100
58,34,24,561560,469,471,991100
59,38,24,561522,483,495,971600
60,27,27,561495,483,522,1053200
61,34,24,561461,493,546,992900
62,40,24,561421,509,570,1174500
63,37,18,561384,528,588,974000
64,39,36,561345,531,624,1246500
65,35,27,561310,539,651,1061900
66,37,20,561273,556,671,1032400
67,33,34,561240,555,705,991800
68,44,21,561196,578,726,985300
69,33,21,561163,590,747,1086400
70,39,31,561124,598,778,1177600
71,44,44,561080,598,822,4583900
72,26,31,561054,593,853,2553600
73,40,16,561014,617,869,6002600
74,41,28,560973,630,897,6937400
75,38,33,560935,635,930,9299000
76,44,33,560891,646,963,1942700
77,43,31,560848,658,994,1146000
78,46,29,560802,675,1023,1139500
79,47,39,560755,683,1062,1081100
80,43,46,560712,680,1108,1049800
81,45,40,560667,685,1148,1058000
82,54,38,560613,701,1186,1091200
83,52,32,560561,721,1218,1164600
84,53,35,560508,739,1253,1195400
85,66,35,560442,770,1288,1145500
86,36,43,560406,763,1331,1074600
87,54,38,560352,779,1369,1059600
88,67,29,560285,817,1398,1051100
89,50,41,560235,826,1439,1015500
90,65,46,560170,845,1485,1047600
91,72,39,560098,878,1524,1073400
92,60,41,560038,897,1565,1081700
93,57,36,559981,918,1601,1081700
94,70,48,559911,940,1649,1013400
95,73,34,559838,979,1683,1000700
96,62,42,559776,999,1725,1011800
97,74,39,559702,1034,1764,1001000
98,84,50,559618,1068,1814,1009400
99,64,53,559554,1079,1867,1001700
100,54,61,559500,1072,1928,1006400
101,65,52,559435,1085,1980,1015800
102,65,53,559370,1097,2033,997900
103,72,52,559298,1117,2085,1016800
104,69,50,559229,1136,2135,976700
105,84,61,559145,1159,2196,1023400
106,78,68,559067,1169,2264,999600
107,75,51,558992,1193,2315,989500
108,81,68,558911,1206,2383,1012300
109,80,62,558831,1224,2445,1027700
110,69,69,558762,1224,2514,1009600
111,91,48,558671,1267,2562,1025700
112,81,73,558590,1275,2635,1000800
113,77,63,558513,1289,2698,1003200
114,82,70,558431,1301,2768,994900
115,77,60,558354,1318,2828,1019200
116,79,52,558275,1345,2880,997600
117,76,67,558199,1354,2947,1030800
118,84,66,558115,1372,3013,1000400
119,83,72,558032,1383,3085,1011300
120,82,77,557950,1388,3162,1019700
121,82,59,557868,1411,3221,991100
122,93,72,557775,1432,3293,1014200
123,76,82,557699,1426,3375,999200
124,81,88,557618,1419,3463,1011000
125,81,87,557537,1413,3550,1010400
126,75,77,557462,1411,3627,996300
127,91,72,557371,1430,3699,993800
128,80,88,557291,1422,3787,1026500
129,90,72,557201,1440,3859,1027700
130,76,66,557125,1450,3925,1010100
131,102,60,557023,1492,3985,1046600
132,90,86,556933,1496,4071,1024500
133,98,66,556835,1528,4137,1042800
134,91,72,556744,1547,4209,1023200
135,105,67,556639,1585,4276,1077500
136,89,69,556550,1605,4345,1163000
137,94,69,556456,1630,4414,1109000
138,102,79,556354,1653,4493,1159500
139,113,73,556241,1693,4566,1147400
140,101,79,556140,1715,4645,1027000
141,113,94,556027,1734,4739,1041300
142,107,98,555920,1743,4837,1031400
143,112,81,555808,1774,4918,1031000
144,111,82,555697,1803,5000,1091200
145,115,98,555582,1820,5098,1041200
146,117,89,555465,1848,5187,1096100
147,105,96,555360,1857,5283,1013500
148,119,87,555241,1889,5370,1019300
149,117,107,555124,1899,5477,1032400
150,118,106,555006,1911,5583,1005000
151,95,86,554911,1920,5669,1056900
152,124,97,554787,1947,5766,1001800
153,110,109,554677,1948,5875,995700
154,98,105,554579,1941,5980,1100600
155,115,120,554464,1936,6100,1014200
156,126,74,554338,1988,6174,1035300
157,118,101,554220,2005,6275,1038400
158,113,101,554107,2017,6376,986300
159,110,89,553997,2038,6465,980500
160,93,122,553904,2009,6587,972400
161,113,114,553791,2008,6701,1027500
162,122,94,553669,2036,6795,1002900
163,122,94,553547,2064,6889,996300
164,109,116,553438,2057,7005,1011100
165,113,92,553325,2078,7097,1031000
166,115,125,553210,2068,7222,1038200
167,96,96,553114,2068,7318,1020400
168,98,97,553016,2069,7415,1306800
169,101,102,552915,2068,7517,1029900
170,127,108,552788,2087,7625,1009300
171,116,95,552672,2108,7720,981600
172,129,81,552543,2156,7801,1016200
173,134,107,552409,2183,7908,991100
174,128,112,552281,2199,8020,1001200
175,122,115,552159,2206,8135,1042400
176,114,131,552045,2189,8266,1005300
177,132,113,551913,2208,8379,1006100
178,137,89,551776,2256,8468,997100
179,141,115,551635,2282,8583,992700
180,133,127,551502,2288,8710,1039800
181,144,136,551358,2296,8846,987900
182,122,120,551236,2298,8966,1066000
183,138,114,551098,2322,9080,1021800
184,145,131,550953,2336,9211,987300
185,139,119,550814,2356,9330,1012000
186,127,131,550687,2352,9461,992300
187,127,123,550560,2356,9584,1091200
188,121,137,550439,2340,9721,1017500
189,145,141,550294,2344,9862,1014800
190,143,106,550151,2381,9968,1016700
191,141,111,550010,2411,10079,984800
192,137,122,549873,2426,10201,975300
193,128,155,549745,2399,10356,987600
194,122,115,549623,2406,10471,1086000
195,144,122,549479,2428,10593,1051800
196,153,127,549326,2454,10720,1019100
197,138,122,549188,2470,10842,1006800
198,144,124,549044,2490,10966,1037100
199,135,122,548909,2503,11088,1121600
200,171,142,548738,2532,11230,1113000
201,147,130,548591,2549,11360,1106200
202,149,136,548442,2562,11496,1010500
203,138,122,548304,2578,11618,1010200
204,151,126,548153,2603,11744,1072500
205,167,122,547986,2648,11866,1054300
206,150,118,547836,2680,11984,1035200
207,155,122,547681,2713,12106,998300
208,169,151,547512,2731,12257,1018800
209,170,131,547342,2770,12388,1080900
210,152,132,547190,2790,12520,1005900
211,166,139,547024,2817,12659,1018800
212,161,133,546863,2845,12792,984800
213,158,132,546705,2871,12924,977700
214,179,156,546526,2894,13080,1052800
215,176,125,546350,2945,13205,982100
216,171,136,546179,2980,13341,1115400
217,182,152,545997,3010,13493,994900
218,182,142,545815,3050,13635,990100
219,164,150,545651,3064,13785,1029000
220,178,156,545473,3086,13941,1045900
221,197,143,545276,3140,14084,1067500
222,186,160,545090,3166,14244,1053200
223,171,177,544919,3160,14421,1086500
224,168,159,544751,3169,14580,1046300
225,175,165,544576,3179,14745,1022000
226,188,156,544388,3211,14901,1011100
227,198,154,544190,3255,15055,1032300
228,203,162,543987,3296,15217,1002400
229,188,163,543799,3321,15380,1032700
230,186,149,543613,3358,15529,1030500
231,205,154,543408,3409,15683,1015400
232,176,183,543232,3402,15866,1016100
233,188,183,543044,3407,16049,1026000
234,169,149,542875,3427,16198,1066600
235,174,166,542701,3435,16364,1019800
236,211,166,542490,3480,16530,1102600
237,200,195,542290,3485,16725,1012100
238,202,166,542088,3521,16891,1023100
239,200,178,541888,3543,17069,1038400
240,206,157,541682,3592,17226,1235400
241,203,151,541479,3644,17377,1016400
242,206,196,541273,3654,17573,1142500
243,195,206,541078,3643,17779,1017600
244,188,192,540890,3639,17971,1032100
245,193,189,540697,3643,18160,1007500
246,218,162,540479,3699,18322,1006200
247,201,165,540278,3735,18487,1012600
248,181,184,540097,3732,18671,1009800
249,185,202,539912,3715,18873,1007700
250,216,171,539696,3760,19044,1027600
251,214,168,539482,3806,19212,1019200
252,227,176,539255,3857,19388,1018600
253,226,187,539029,3896,19575,1019600
254,195,194,538834,3897,19769,1022800
255,198,200,538636,3895,19969,1041000
256,228,191,538408,3932,20160,1013800
257,234,191,538174,3975,20351,1027900
258,195,229,537979,3941,20580,1016500
259,214,195,537765,3960,20775,1016600
260,251,205,537514,4006,20980,1029600
261,221,203,537293,4024,21183,1022700
262,236,231,537057,4029,21414,1064400
263,227,199,536830,4057,21613,1070100
264,255,210,536575,4102,21823,1064400
265,232,221,536343,4113,22044,1083100
266,211,203,536132,4121,22247,1045600
267,217,223,535915,4115,22470,1038200
268,222,213,535693,4124,22683,1026900
269,223,200,535470,4147,22883,1040200
270,230,201,535240,4176,23084,1099900
271,252,254,534988,4174,23338,1002100
272,239,205,534749,4208,23543,988300
273,237,226,534512,4219,23769,992600
274,228,191,534284,4256,23960,1063600
275,229,212,534055,4273,24172,1003800
276,230,208,533825,4295,24380,1119900
277,218,208,533607,4305,24588,994000
278,229,181,533378,4353,24769,1009100
279,221,205,533157,4369,24974,1027400
280,223,183,532934,4409,25157,1020700
281,216,229,532718,4396,25386,1028800
282,235,169,532483,4462,25555,1007000
283,217,228,532266,4451,25783,1010700
284,236,243,532030,4444,26026,1010700
285,230,226,531800,4448,26252,1005900
286,239,211,531561,4476,26463,1005100
287,246,209,531315,4513,26672,1029200
288,230,223,531085,4520,26895,1048000
289,250,225,530835,4545,27120,1053700
290,250,222,530585,4573,27342,1005300
291,247,249,530338,4571,27591,1009100
292,255,231,530083,4595,27822,1016100
293,260,221,529823,4634,28043,1039400
294,258,237,529565,4655,28280,1123600
295,237,253,529328,4639,28533,1021000
296,214,257,529114,4596,28790,997500
297,218,237,528896,4577,29027,1025000
298,223,252,528673,4548,29279,1008500
299,220,225,528453,4543,29504,999600
300,236,203,528217,4576,29707,1046300
301,245,263,527972,4558,29970,1004700
302,255,206,527717,4607,30176,1000500
303,270,216,527447,4661,30392,1005300
304,239,195,527208,4705,30587,1040800
305,228,232,526980,4701,30819,1010700
306,225,226,526755,4700,31045,1009200
307,256,238,526499,4718,31283,1101600
308,244,243,526255,4719,31526,1056500
309,260,229,525995,4750,31755,1071400
310,272,230,525723,4792,31985,1034300
311,278,242,525445,4828,32227,1077200
312,256,230,525189,4854,32457,1014600
313,267,264,524922,4857,32721,1001000
314,252,252,524670,4857,32973,1016400
315,255,246,524415,4866,33219,1044900
316,255,250,524160,4871,33469,1004700
317,290,258,523870,4903,33727,1019400
318,279,213,523591,4969,33940,1001900
319,266,241,523325,4994,34181,1039800
320,260,249,523065,5005,34430,1004400
321,269,237,522796,5037,34667,1019500
322,273,229,522523,5081,34896,1001800
323,272,231,522251,5122,35127,1070200
324,267,256,521984,5133,35383,3974100
325,266,247,521718,5152,35630,5759900
326,288,284,521430,5156,35914,9268500
327,296,261,521134,5191,36175,1119200
328,275,232,520859,5234,36407,1017100
329,286,235,520573,5285,36642,1008300
330,282,266,520291,5301,36908,1011600
331,286,288,520005,5299,37196,1012400
332,257,271,519748,5285,37467,1055200
333,255,260,519493,5280,37727,1017700
334,266,257,519227,5289,37984,1056100
335,285,225,518942,5349,38209,1428600
336,295,299,518647,5345,38508,1163200
337,297,284,518350,5358,38792,1157700
338,268,289,518082,5337,39081,1280600
339,279,268,517803,5348,39349,1383700
340,284,279,517519,5353,39628,1204000
341,283,266,517236,5370,39894,1264400
342,275,279,516961,5366,40173,1143900
343,296,242,516665,5420,40415,1118600
344,292,288,516373,5424,40703,1085200
345,309,288,516064,5445,40991,1046000
346,320,269,515744,5496,41260,1073800
347,318,222,515426,5592,41482,1116000
348,299,275,515127,5616,41757,1194000
349,307,268,514820,5655,42025,1091400
350,322,296,514498,5681,42321,1091000
351,316,266,514182,5731,42587,1067600
352,298,279,513884,5750,42866,1274800
353,297,279,513587,5768,43145,1076000
354,317,299,513270,5786,43444,1089900
355,311,246,512959,5851,43690,1071800
356,273,321,512686,5803,44011,1058000
357,282,272,512404,5813,44283,1070000
358,289,319,512115,5783,44602,1089100
359,322,282,511793,5823,44884,1104300
360,325,286,511468,5862,45170,1087900
361,308,311,511160,5859,45481,1120400
362,294,294,510866,5859,45775,1229900
363,325,291,510541,5893,46066,1101500
364,295,311,510246,5877,46377,1089600
365,306,287,509940,5896,46664,1068000
366,327,293,509613,5930,46957,1101300
367,290,278,509323,5942,47235,8728100
368,333,282,508990,5993,47517,3975400
369,340,306,508650,6027,47823,1257600
370,312,334,508338,6005,48157,1314900
371,322,311,508016,6016,48468,1372800
372,328,281,507688,6063,48749,1099900
373,300,298,507388,6065,49047,1193700
374,327,315,507061,6077,49362,2905100
375,338,307,506723,6108,49669,1535700
376,315,302,506408,6121,49971,2653800
377,320,301,506088,6140,50272,8234700
378,330,291,505758,6179,50563,8668200
379,332,318,505426,6193,50881,2129300
380,332,329,505094,6196,51210,1639200
381,299,292,504795,6203,51502,1384900
382,318,285,504477,6236,51787,1441200
383,325,340,504152,6221,52127,1440200
384,330,332,503822,6219,52459,1197200
385,335,285,503487,6269,52744,1113700
386,365,298,503122,6336,53042,1121400
387,356,286,502766,6406,53328,1117000
388,328,349,502438,6385,53677,1122100
389,326,327,502112,6384,54004,1121600
390,337,324,501775,6397,54328,1099600
391,341,310,501434,6428,54638,1089200
392,340,326,501094,6442,54964,1071700
393,355,374,500739,6423,55338,1129300
394,344,318,500395,6449,55656,2039100
395,317,321,500078,6445,55977,2490100
396,349,328,499729,6466,56305,1197600
397,353,329,499376,6490,56634,1134000
398,327,303,499049,6514,56937,1170200
399,374,335,498675,6553,57272,4022600
400,327,359,498348,6521,57631,8380800
401,340,325,498008,6536,57956,2438300
402,346,317,497662,6565,58273,11661500
403,368,319,497294,6614,58592,1831900
404,371,336,496923,6649,58928,1460200
405,342,338,496581,6653,59266,1497300
406,334,354,496247,6633,59620,1308000
407,344,347,495903,6630,59967,1246500
408,361,371,495542,6620,60338,1133600
409,340,319,495202,6641,60657,1114700
410,386,350,494816,6677,61007,1100600
411,341,341,494475,6677,61348,1077500
412,359,328,494116,6708,61676,1130100
413,367,322,493749,6753,61998,1108200
414,375,331,493374,6797,62329,1103100
415,376,318,492998,6855,62647,1161600
416,380,349,492618,6886,62996,1113500
417,393,344,492225,6935,63340,1070800
418,368,358,491857,6945,63698,1070800
419,384,332,491473,6997,64030,1114600
420,359,346,491114,7010,64376,1189100
421,400,353,490714,7057,64729,1109000
422,390,344,490324,7103,65073,1074500
423,380,337,489944,7146,65410,1059600
424,383,367,489561,7162,65777,1060700
425,371,361,489190,7172,66138,1058700
426,379,360,488811,7191,66498,1048200
427,408,360,488403,7239,66858,1048200
428,360,367,488043,7232,67225,1050300
429,397,330,487646,7299,67555,1258800
430,396,342,487250,7353,67897,1107200
431,376,350,486874,7379,68247,1032400
432,382,346,486492,7415,68593,1076900
433,394,357,486098,7452,68950,1060700
434,381,314,485717,7519,69264,1055300
435,367,374,485350,7512,69638,1057600
436,382,392,484968,7502,70030,1067200
437,363,374,484605,7491,70404,1062400
438,409,347,484196,7553,70751,1123300
439,394,405,483802,7542,71156,1088800
440,409,393,483393,7558,71549,1081600
441,380,374,483013,7564,71923,1069900
442,395,400,482618,7559,72323,1084500
443,387,370,482231,7576,72693,1072800
444,396,410,481835,7562,73103,1068800
445,410,383,481425,7589,73486,1085000
446,394,396,481031,7587,73882,1059000
447,358,391,480673,7554,74273,1209600
448,374,415,480299,7513,74688,1088600
449,384,344,479915,7553,75032,1080700
450,383,408,479532,7528,75440,1054900
451,425,399,479107,7554,75839,1039600
452,384,365,478723,7573,76204,1057200
453,421,358,478302,7636,76562,1041900
454,420,386,477882,7670,76948,1043300
455,426,408,477456,7688,77356,1040300
456,371,380,477085,7679,77736,1061400
457,362,380,476723,7661,78116,1035500
458,353,400,476370,7614,78516,1075500
459,400,381,475970,7633,78897,1046000
460,372,428,475598,7577,79325,1045100
461,369,365,475229,7581,79690,1038800
462,421,380,474808,7622,80070,1033900
463,400,383,474408,7639,80453,1036700
464,415,342,473993,7712,80795,1036600
465,408,421,473585,7699,81216,1069600
466,415,369,473170,7745,81585,1053900
467,410,431,472760,7724,82016,1042400
468,424,388,472336,7760,82404,1044500
469,410,369,471926,7801,82773,1046200
470,394,400,471532,7795,83173,1039100
471,410,380,471122,7825,83553,1064600
472,436,382,470686,7879,83935,1041400
473,429,436,470257,7872,84371,1041200
474,393,397,469864,7868,84768,1040200
475,425,379,469439,7914,85147,1030300
476,406,387,469033,7933,85534,1042000
477,445,372,468588,8006,85906,1098000
478,409,378,468179,8037,86284,1064100
479,400,406,467779,8031,86690,1070300
480,438,408,467341,8061,87098,1037700
481,451,394,466890,8118,87492,1035000
482,448,444,466442,8122,87936,1056800
483,438,391,466004,8169,88327,1050500
484,423,441,465581,8151,88768,1041400
485,463,425,465118,8189,89193,1129900
486,436,436,464682,8189,89629,1128100
487,449,392,464233,8246,90021,1080200
488,443,447,463790,8242,90468,1070700
489,475,434,463315,8283,90902,1063000
490,460,407,462855,8336,91309,1078600
491,478,401,462377,8413,91710,1054300
492,451,451,461926,8413,92161,1055400
493,423,406,461503,8430,92567,1059700
494,452,412,461051,8470,92979,1077000
495,437,436,460614,8471,93415,1082200
496,459,416,460155,8514,93831,1075000
497,433,460,459722,8487,94291,1058400
498,466,383,459256,8570,94674,1081300
499,394,457,458862,8507,95131,1173700
500,448,414,458414,8541,95545,1349500
501,427,441,457987,8527,95986,1081200
502,446,417,457541,8556,96403,1049400
503,438,449,457103,8545,96852,1064300
504,435,409,456668,8571,97261,1095000
505,487,468,456181,8590,97729,1120900
506,446,388,455735,8648,98117,1093000
507,409,434,455326,8623,98551,1048800
508,486,442,454840,8667,98993,1077100
509,484,469,454356,8682,99462,1098600
510,431,404,453925,8709,99866,1076100
511,464,414,453461,8759,100280,1085700
512,452,463,453009,8748,100743,1074700
513,442,463,452567,8727,101206,1134100
514,447,424,452120,8750,101630,1259700
515,469,452,451651,8767,102082,1057600
516,449,464,451202,8752,102546,1098400
517,456,442,450746,8766,102988,1082700
518,440,396,450306,8810,103384,1057800
519,465,432,449841,8843,103816,1074200
520,449,423,449392,8869,104239,1081200
521,463,445,448929,8887,104684,1077200
522,440,437,448489,8890,105121,1063500
523,469,424,448020,8935,105545,1098900
524,466,437,447554,8964,105982,1095800
525,466,429,447088,9001,106411,1076800
526,494,450,446594,9045,106861,1126800
527,479,441,446115,9083,107302,1106800
528,491,467,445624,9107,107769,1091500
529,468,467,445156,9108,108236,1080600
530,494,439,444662,9163,108675,1068200
531,459,436,444203,9186,109111,1071700
532,465,427,443738,9224,109538,1067000
533,473,453,443265,9244,109991,1067600
534,499,472,442766,9271,110463,1081900
535,463,464,442303,9270,110927,1094100
536,486,472,441817,9284,111399,1092300
537,479,464,441338,9299,111863,1088600
538,491,487,440847,9303,112350,1072500
539,479,453,440368,9329,112803,1067800
540,461,481,439907,9309,113284,1081100
541,450,439,439457,9320,113723,1115600
542,484,431,438973,9373,114154,1088700
543,486,447,438487,9412,114601,1106900
544,475,492,438012,9395,115093,1092600
545,488,496,437524,9387,115589,1067900
546,508,455,437016,9440,116044,1079600
547,496,472,436520,9464,116516,1066400
548,523,456,435997,9531,116972,1072900
549,506,469,435491,9568,117441,1067400
550,474,485,435017,9557,117926,1084500
551,501,481,434516,9577,118407,1093500
552,506,441,434010,9642,118848,1091800
553,504,478,433506,9668,119326,1077300
554,519,479,432987,9708,119805,1107800
555,490,495,432497,9703,120300,1095600
556,482,481,432015,9704,120781,1110000
557,473,452,431542,9725,121233,1132100
558,530,480,431012,9775,121713,1085300
559,485,500,430527,9760,122213,1091400
560,459,471,430068,9748,122684,1076000
561,497,497,429571,9748,123181,1088800
562,505,495,429066,9758,123676,1122700
563,466,502,428600,9722,124178,1092700
564,493,510,428107,9705,124688,1207900
565,497,477,427610,9725,125165,1131600
566,484,491,427126,9718,125656,1143300
567,515,520,426611,9713,126176,1422600
568,490,466,426121,9737,126642,5589900
569,510,459,425611,9788,127101,2002800
570,509,488,425102,9809,127589,10363300
571,528,540,424574,9797,128129,18030700
572,521,514,424053,9804,128643,2062400
573,491,486,423562,9809,129129,1440000
574,497,476,423065,9830,129605,1569200
575,494,476,422571,9848,130081,1296300
576,494,472,422077,9870,130553,1265000
577,495,511,421582,9854,131064,1333600
578,488,509,421094,9833,131573,1445100
579,501,482,420593,9852,132055,1283500
580,474,456,420119,9870,132511,1495700
581,477,496,419642,9851,133007,1558100
582,520,506,419122,9865,133513,1514500
583,497,485,418625,9877,133998,1637600
584,489,456,418136,9910,134454,1367800
585,500,487,417636,9923,134941,1308500
586,460,537,417176,9846,135478,1495200
587,500,504,416676,9842,135982,1458200
588,497,516,416179,9823,136498,1346400
589,502,480,415677,9845,136978,1431900
590,513,501,415164,9857,137479,1447100
591,505,471,414659,9891,137950,1236100
592,525,498,414134,9918,138448,1569800
593,509,517,413625,9910,138965,1222900
594,501,479,413124,9932,139444,1183700
595,510,479,412614,9963,139923,1267400
596,532,498,412082,9997,140421,1494900
597,503,512,411579,9988,140933,1211800
598,512,484,411067,10016,141417,1359800
599,532,477,410535,10071,141894,1233500
600,474,494,410061,10051,142388,1210800
601,506,464,409555,10093,142852,1177700
602,506,485,409049,10114,143337,1240800
603,566,526,408483,10154,143863,1244800
604,496,499,407987,10151,144362,1179700
605,477,557,407510,10071,144919,1161600
606,522,517,406988,10076,145436,1194200
607,447,511,406541,10012,145947,1172700
608,489,510,406052,9991,146457,1188400
609,493,503,405559,9981,146960,1159100
610,517,541,405042,9957,147501,1176700
611,517,472,404525,10002,147973,1373400
612,498,483,404027,10017,148456,1180400
613,507,504,403520,10020,148960,1150700
614,512,471,403008,10061,149431,1222000
615,528,520,402480,10069,149951,1355400
616,531,515,401949,10085,150466,1253900
617,504,520,401445,10069,150986,1234400
618,517,536,400928,10050,151522,1255800
619,501,522,400427,10029,152044,1267100
620,516,508,399911,10037,152552,1209200
621,520,570,399391,9987,153122,1236500
622,514,510,398877,9991,153632,1263600
623,512,512,398365,9991,154144,1190500
624,505,495,397860,10001,154639,1195700
625,529,494,397331,10036,155133,1187300
626,495,530,396836,10001,155663,1167100
627,493,526,396343,9968,156189,1275500
628,522,514,395821,9976,156703,1300600
629,528,507,395293,9997,157210,1309100
630,445,499,394848,9943,157709,1260500
631,529,488,394319,9984,158197,1255500
632,479,503,393840,9960,158700,1181100
633,512,524,393328,9948,159224,1247300
634,540,476,392788,10012,159700,1257800
635,491,518,392297,9985,160218,1257400
636,501,441,391796,10045,160659,1133400
637,472,536,391324,9981,161195,1206100
638,507,498,390817,9990,161693,1350300
639,499,507,390318,9982,162200,1392000
640,454,493,389864,9943,162693,1550900
641,474,533,389390,9884,163226,1260600
642,480,527,388910,9837,163753,1178200
643,515,495,388395,9857,164248,1201700
644,519,504,387876,9872,164752,1203900
645,512,512,387364,9872,165264,1182900
646,463,465,386901,9870,165729,1154100
647,498,493,386403,9875,166222,1245600
648,487,476,385916,9886,166698,1178200
649,484,445,385432,9925,167143,1194300
650,524,522,384908,9927,167665,1185500
651,509,480,384399,9956,168145,1240600
652,481,520,383918,9917,168665,1376100
653,492,489,383426,9920,169154,1195100
654,508,484,382918,9944,169638,1163200
655,484,489,382434,9939,170127,1158200
656,519,524,381915,9934,170651,1148300
657,469,471,381446,9932,171122,1164700
658,508,503,380938,9937,171625,1155900
659,506,526,380432,9917,172151,1189700
660,474,494,379958,9897,172645,1138300
661,489,510,379469,9876,173155,1119100
662,466,498,379003,9844,173653,1193800
663,525,502,378478,9867,174155,1138000
664,531,494,377947,9904,174649,1146800
665,519,491,377428,9932,175140,1090200
666,500,482,376928,9950,175622,11000700
667,493,469,376435,9974,176091,1382900
668,496,519,375939,9951,176610,1251600
669,487,516,375452,9922,177126,1133200
670,493,508,374959,9907,177634,1141200
671,503,521,374456,9889,178155,1237800
672,519,476,373937,9932,178631,1154600
673,486,492,373451,9926,179123,1216000
674,506,467,372945,9965,179590,1213300
675,478,515,372467,9928,180105,1405200
676,496,497,371971,9927,180602,1270900
677,543,503,371428,9967,181105,1291800
678,525,552,370903,9940,181657,1377900
679,476,547,370427,9869,182204,1405200
680,515,524,369912,9860,182728,1239400
681,479,484,369433,9855,183212,1369100
682,520,463,368913,9912,183675,1765000
683,492,494,368421,9910,184169,5636200
684,483,469,367938,9924,184638,1331600
685,506,510,367432,9920,185148,30479100
686,461,498,366971,9883,185646,2207700
687,514,487,366457,9910,186133,1916900
688,502,512,365955,9900,186645,1787000
689,519,517,365436,9902,187162,1441100
690,502,501,364934,9903,187663,1457500
691,515,449,364419,9969,188112,1655800
692,500,485,363919,9984,188597,1606600
693,518,499,363401,10003,189096,1531800
694,490,513,362911,9980,189609,1942300
695,486,504,362425,9962,190113,1872800
696,472,469,361953,9965,190582,1501100
697,495,526,361458,9934,191108,1525800
698,508,482,360950,9960,191590,1337100
699,489,494,360461,9955,192084,1416200
700,508,526,359953,9937,192610,1406000
701,458,494,359495,9901,193104,1747100
702,507,485,358988,9923,193589,1364600
703,479,475,358509,9927,194064,1318400
704,508,532,358001,9903,194596,1527200
705,473,532,357528,9844,195128,1349200
706,506,449,357022,9901,195577,1407600
707,523,475,356499,9949,196052,1215500
708,515,475,355984,9989,196527,1420700
709,484,493,355500,9980,197020,1269700
710,481,505,355019,9956,197525,1173700
711,479,472,354540,9963,197997,1132600
712,514,511,354026,9966,198508,1335800
713,496,490,353530,9972,198998,1251600
714,501,486,353029,9987,199484,1182000
715,504,461,352525,10030,199945,1208400
716,531,512,351994,10049,200457,1461600
717,479,467,351515,10061,200924,1183800
718,479,480,351036,10060,201404,1166600
719,481,499,350555,10042,201903,1153700
720,488,494,350067,10036,202397,1162700
721,475,539,349592,9972,202936,1287500
722,467,522,349125,9917,203458,1131200
723,455,473,348670,9899,203931,1139700
724,464,501,348206,9862,204432,1151800
725,454,548,347752,9768,204980,1224400
726,491,443,347261,9816,205423,1174700
727,485,506,346776,9795,205929,1167100
728,505,494,346271,9806,206423,1160600
729,472,453,345799,9825,206876,1185200
730,476,502,345323,9799,207378,1165600
731,435,509,344888,9725,207887,1305600
732,477,510,344411,9692,208397,1126000
733,477,537,343934,9632,208934,1201700
734,530,465,343404,9697,209399,1132900
735,456,490,342948,9663,209889,1317300
736,439,497,342509,9605,210386,1126400
737,507,494,342002,9618,210880,1177500
738,482,471,341520,9629,211351,1245300
739,504,491,341016,9642,211842,1153300
740,504,441,340512,9705,212283,1222600
741,484,518,340028,9671,212801,1193900
742,491,504,339537,9658,213305,1243400
743,487,438,339050,9707,213743,1128500
744,459,499,338591,9667,214242,1138800
745,502,479,338089,9690,214721,1145800
746,471,500,337618,9661,215221,1206500
747,486,473,337132,9674,215694,1180200
748,489,492,336643,9671,216186,1173700
749,460,477,336183,9654,216663,1143100
750,479,508,335704,9625,217171,1380000
751,495,508,335209,9612,217679,1172000
752,488,509,334721,9591,218188,1202400
753,453,470,334268,9574,218658,1138200
754,457,491,333811,9540,219149,1184500
755,462,481,333349,9521,219630,1173200
756,487,451,332862,9557,220081,1166000
757,471,498,332391,9530,220579,1215800
758,466,485,331925,9511,221064,1311900
759,488,494,331437,9505,221558,1205500
760,473,443,330964,9535,222001,1130900
761,502,475,330462,9562,222476,1269600
762,483,441,329979,9604,222917,1172100
763,509,498,329470,9615,223415,1266600
764,461,484,329009,9592,223899,1272700
765,482,461,328527,9613,224360,1121100
766,502,486,328025,9629,224846,1108700
767,514,468,327511,9675,225314,1128300
768,533,490,326978,9718,225804,1119900
769,441,465,326537,9694,226269,1093500
770,471,487,326066,9678,226756,1115600
771,441,472,325625,9647,227228,1120500
772,492,514,325133,9625,227742,1098200
773,517,482,324616,9660,228224,1162900
774,475,464,324141,9671,228688,1115700
775,456,505,323685,9622,229193,1145600
776,456,463,323229,9615,229656,1114300
777,456,473,322773,9598,230129,1121100
778,419,471,322354,9546,230600,1114800
779,457,456,321897,9547,231056,1133100
780,477,505,321420,9519,231561,1101400
781,479,484,320941,9514,232045,1106300
782,449,469,320492,9494,232514,1097500
783,489,484,320003,9499,232998,1094100
784,495,466,319508,9528,233464,1111100
785,479,464,319029,9543,233928,1153000
786,449,463,318580,9529,234391,1165700
787,445,485,318135,9489,234876,1371100
788,436,446,317699,9479,235322,1161100
789,436,449,317263,9466,235771,1320300
790,469,497,316794,9438,236268,1382000
791,468,479,316326,9427,236747,1681400
792,479,450,315847,9456,237197,1813700
793,506,509,315341,9453,237706,4801300
794,502,476,314839,9479,238182,5879400
795,465,475,314374,9469,238657,8953200
796,498,479,313876,9488,239136,4578000
797,478,487,313398,9479,239623,8098500
798,464,456,312934,9487,240079,2462800
799,515,427,312419,9575,240506,1869500
800,445,502,311974,9518,241008,1490800
801,485,494,311489,9509,241502,1318600
802,488,453,311001,9544,241955,1345500
803,456,484,310545,9516,242439,1471600
804,455,478,310090,9493,242917,1505400
805,468,459,309622,9502,243376,1773600
806,458,491,309164,9469,243867,1450600
807,465,514,308699,9420,244381,1562800
808,434,459,308265,9395,244840,1518200
809,468,506,307797,9357,245346,1653600
810,452,485,307345,9324,245831,1500800
811,406,525,306939,9205,246356,1397600
812,447,523,306492,9129,246879,1245100
813,501,456,305991,9174,247335,1227100
814,447,477,305544,9144,247812,1265800
815,448,454,305096,9138,248266,1223200
816,416,450,304680,9104,248716,1220000
817,477,462,304203,9119,249178,1285300
818,478,469,303725,9128,249647,1283300
819,450,431,303275,9147,250078,1342300
820,450,480,302825,9117,250558,1252600
821,437,469,302388,9085,251027,1200500
822,455,423,301933,9117,251450,1206300
823,490,462,301443,9145,251912,1191100
824,470,467,300973,9148,252379,1227600
825,466,422,300507,9192,252801,1187400
826,481,445,300026,9228,253246,1168000
827,479,475,299547,9232,253721,1284400
828,477,475,299070,9234,254196,1211000
829,455,470,298615,9219,254666,1174800
830,452,466,298163,9205,255132,1137100
831,479,464,297684,9220,255596,1168600
832,472,451,297212,9241,256047,1163900
833,452,474,296760,9219,256521,1160200
834,486,458,296274,9247,256979,1160300
835,485,472,295789,9260,257451,1154400
836,459,454,295330,9265,257905,1171200
837,449,499,294881,9215,258404,1141200
838,469,447,294412,9237,258851,1156300
839,497,457,293915,9277,259308,1165900
840,463,474,293452,9266,259782,1186300
841,477,464,292975,9279,260246,1179300
842,472,447,292503,9304,260693,1178400
843,457,445,292046,9316,261138,1259100
844,515,465,291531,9366,261603,1210800
845,493,472,291038,9387,262075,1166500
846,477,466,290561,9398,262541,1457400
847,466,448,290095,9416,262989,1211200
848,503,473,289592,9446,263462,1353700
849,489,467,289103,9468,263929,1182000
850,451,470,288652,9449,264399,1171700
851,466,476,288186,9439,264875,1373500
852,502,467,287684,9474,265342,1277000
853,493,501,287191,9466,265843,1462700
854,518,482,286673,9502,266325,1252200
855,506,462,286167,9546,266787,1276200
856,508,455,285659,9599,267242,1157000
857,475,463,285184,9611,267705,1130700
858,482,506,284702,9587,268211,1123500
859,473,462,284229,9598,268673,1122800
860,504,464,283725,9638,269137,1296700
861,455,464,283270,9629,269601,1250500
862,462,488,282808,9603,270089,1143500
863,491,490,282317,9604,270579,1168200
864,464,464,281853,9604,271043,1520700
865,442,470,281411,9576,271513,1337900
866,446,445,280965,9577,271958,1139500
867,455,510,280510,9522,272468,1340900
868,501,448,280009,9575,272916,1148400
869,459,492,279550,9542,273408,1243100
870,461,470,279089,9533,273878,1204400
871,447,459,278642,9521,274337,1095800
872,416,466,278226,9471,274803,1092400
873,465,458,277761,9478,275261,1126300
874,485,458,277276,9505,275719,1110300
875,451,440,276825,9516,276159,1122300
876,469,445,276356,9540,276604,1203600
877,471,489,275885,9522,277093,1187000
878,479,436,275406,9565,277529,1135600
879,464,471,274942,9558,278000,1147500
880,445,430,274497,9573,278430,1138200
881,463,504,274034,9532,278934,1092400
882,466,525,273568,9473,279459,1126300
883,447,480,273121,9440,279939,1124800
884,456,469,272665,9427,280408,1139400
885,466,494,272199,9399,280902,1153900
886,478,471,271721,9406,281373,1108300
887,494,453,271227,9447,281826,1092500
888,452,461,270775,9438,282287,1132800
889,483,467,270292,9454,282754,1105000
890,453,440,269839,9467,283194,1081400
891,464,464,269375,9467,283658,1110500
892,464,497,268911,9434,284155,1137900
893,497,454,268414,9477,284609,1204500
894,476,495,267938,9458,285104,1262000
895,434,498,267504,9394,285602,1146400
896,483,482,267021,9395,286084,1200800
897,430,485,266591,9340,286569,1163200
898,462,456,266129,9346,287025,1145200
899,460,491,265669,9315,287516,1089300
900,483,435,265186,9363,287951,1144700
901,453,480,264733,9336,288431,1126100
902,495,532,264238,9299,288963,1148500
903,484,475,263754,9308,289438,1204700
904,477,473,263277,9312,289911,1138800
905,445,447,262832,9310,290358,1324500
906,444,492,262388,9262,290850,1135500
907,476,468,261912,9270,291318,1119500
908,440,448,261472,9262,291766,1169900
909,483,432,260989,9313,292198,1127400
910,454,449,260535,9318,292647,1130900
911,450,464,260085,9304,293111,1302100
912,453,503,259632,9254,293614,1184700
913,435,475,259197,9214,294089,1105700
914,437,498,258760,9153,294587,1106000
915,408,429,258352,9132,295016,1088900
916,497,411,257855,9218,295427,1269000
917,463,471,257392,9210,295898,1153700
918,457,455,256935,9212,296353,1281600
919,479,458,256456,9233,296811,1191100
920,475,451,255981,9257,297262,1176500
921,442,497,255539,9202,297759,1228200
922,454,448,255085,9208,298207,1207000
923,460,438,254625,9230,298645,1193300
924,461,490,254164,9201,299135,1558100
925,478,454,253686,9225,299589,5667800
926,412,436,253274,9201,300025,19006000
927,457,481,252817,9177,300506,11523300
928,478,463,252339,9192,300969,2236600
929,477,472,251862,9197,301441,1721100
930,484,472,251378,9209,301913,1398500
931,442,460,250936,9191,302373,1381200
932,450,444,250486,9197,302817,1428900
933,450,471,250036,9176,303288,1363600
934,448,444,249588,9180,303732,1453300
935,459,461,249129,9178,304193,1331700
936,455,455,248674,9178,304648,1312900
937,457,442,248217,9193,305090,1407800
938,467,443,247750,9217,305533,1502000
939,422,424,247328,9215,305957,1330900
940,441,455,246887,9201,306412,1341100
941,459,495,246428,9165,306907,1212600
942,474,496,245954,9143,307403,1264700
943,454,456,245500,9141,307859,1255500
944,477,467,245023,9151,308326,1231700
945,461,449,244562,9163,308775,1219700
946,421,452,244141,9132,309227,1265200
947,450,438,243691,9144,309665,1238300
948,426,490,243265,9080,310155,1219400
949,493,452,242772,9121,310607,1261000
950,432,477,242340,9076,311084,1387500
951,482,448,241858,9110,311532,1252700
952,484,421,241374,9173,311953,1339300
953,460,467,240914,9166,312420,1319700
954,456,482,240458,9140,312902,1295900
955,419,427,240039,9132,313329,1247700
956,430,431,239609,9131,313760,1202200
957,461,444,239148,9148,314204,1108700
958,456,458,238692,9146,314662,1111300
959,454,423,238238,9177,315085,1110400
960,465,447,237773,9195,315532,1154500
961,425,482,237348,9138,316014,1114400
962,460,459,236888,9139,316473,1143800
963,415,467,236473,9087,316940,1079600
964,466,460,236007,9093,317400,1183200
965,462,457,235545,9098,317857,1235600
966,459,486,235086,9071,318343,1114300
967,421,443,234665,9049,318786,1126600
968,444,457,234221,9036,319243,1100300
969,452,452,233769,9036,319695,1132400
970,434,472,233335,8998,320167,1102300
971,469,441,232866,9026,320608,1108500
972,468,420,232398,9074,321028,1255300
973,439,436,231959,9077,321464,1251700
974,505,455,231454,9127,321919,1228800
975,476,457,230978,9146,322376,1183500
976,459,471,230519,9134,322847,1131900
977,502,486,230017,9150,323333,1120300
978,475,468,229542,9157,323801,1164300
979,452,455,229090,9154,324256,1255600
980,448,437,228642,9165,324693,1164900
981,464,448,228178,9181,325141,1153300
982,465,424,227713,9222,325565,1099400
983,433,451,227280,9204,326016,1100000
984,456,474,226824,9186,326490,1148000
985,512,482,226312,9216,326972,1117200
986,451,470,225861,9197,327442,1116100
987,478,432,225383,9243,327874,1084800
988,452,479,224931,9216,328353,1094200
989,467,440,224464,9243,328793,1157000
990,471,483,223993,9231,329276,1107100
991,450,438,223543,9243,329714,1132100
992,494,438,223049,9299,330152,1170000
993,467,489,222582,9277,330641,1381600
994,441,450,222141,9268,331091,1088600
995,446,436,221695,9278,331527,1126000
996,445,460,221250,9263,331987,1100100
997,423,487,220827,9199,332474,1132300
998,462,458,220365,9203,332932,1146400
999,425,449,219940,9179,333381,1136800
1000,421,488,219519,9112,333869,1103200
1001,469,423,219050,9158,334292,1103400
1002,422,456,218628,9124,334748,1222400
1003,463,435,218165,9152,335183,1106400
1004,459,486,217706,9125,335669,1229600
1005,439,459,217267,9105,336128,1150600
1006,439,429,216828,9115,336557,1202200
1007,447,417,216381,9145,336974,1100600
1008,436,413,215945,9168,337387,1075500
1009,439,465,215506,9142,337852,1107300
1010,481,462,215025,9161,338314,1116300
1011,456,434,214569,9183,338748,1151900
1012,449,444,214120,9188,339192,1129600
1013,444,452,213676,9180,339644,1087400
1014,455,478,213221,9157,340122,1130000
1015,444,457,212777,9144,340579,1100300
1016,464,481,212313,9127,341060,1087500
1017,461,466,211852,9122,341526,1265400
1018,425,432,211427,9115,341958,1112100
1019,464,433,210963,9146,342391,1170300
1020,434,431,210529,9149,342822,1303400
1021,459,435,210070,9173,343257,1133800
1022,468,496,209602,9145,343753,1105700
1023,452,446,209150,9151,344199,1144000
1024,466,450,208684,9167,344649,1129800
1025,439,471,208245,9135,345120,1109800
1026,453,442,207792,9146,345562,1232300
1027,478,478,207314,9146,346040,1127400
1028,438,455,206876,9129,346495,1112800
1029,480,452,206396,9157,346947,1112600
1030,474,484,205922,9147,347431,1116800
1031,467,495,205455,9119,347926,1125900
1032,429,461,205026,9087,348387,1183800
1033,427,485,204599,9029,348872,1118700
1034,461,437,204138,9053,349309,1112300
1035,432,476,203706,9009,349785,1099800
1036,442,468,203264,8983,350253,1186000
1037,470,456,202794,8997,350709,1101100
1038,406,435,202388,8968,351144,1097800
1039,442,436,201946,8974,351580,1134600
1040,440,432,201506,8982,352012,1153000
1041,440,428,201066,8994,352440,1147600
1042,428,484,200638,8938,352924,1099700
1043,446,386,200192,8998,353310,1110100
1044,451,464,199741,8985,353774,1089700
1045,424,474,199317,8935,354248,1118200
1046,451,446,198866,8940,354694,1132000
1047,398,384,198468,8954,355078,1088600
1048,406,487,198062,8873,355565,1114100
1049,476,458,197586,8891,356023,1141600
1050,418,456,197168,8853,356479,1110500
1051,468,425,196700,8896,356904,1115700
1052,413,424,196287,8885,357328,1106200
1053,452,432,195835,8905,357760,1094200
1054,449,461,195386,8893,358221,1085400
1055,477,460,194909,8910,358681,1119800
1056,438,455,194471,8893,359136,1117000
1057,443,447,194028,8889,359583,1112100
1058,465,403,193563,8951,359986,1133100
1059,427,443,193136,8935,360429,1110600
1060,446,423,192690,8958,360852,1118100
1061,441,429,192249,8970,361281,1082400
1062,483,448,191766,9005,361729,1103900
1063,449,442,191317,9012,362171,1115400
1064,438,453,190879,8997,362624,1059200
1065,450,457,190429,8990,363081,1100200
1066,449,440,189980,8999,363521,1057800
1067,460,456,189520,9003,363977,1108500
1068,435,466,189085,8972,364443,1098100
1069,407,416,188678,8963,364859,1110300
1070,407,446,188271,8924,365305,1103000
1071,425,438,187846,8911,365743,1101400
1072,421,412,187425,8920,366155,1103000
1073,448,410,186977,8958,366565,1157000
1074,445,443,186532,8960,367008,1157500
1075,437,485,186095,8912,367493,1077700
1076,429,466,185666,8875,367959,1171300
1077,432,435,185234,8872,368394,1058100
1078,476,441,184758,8907,368835,1089600
1079,405,461,184353,8851,369296,1055000
1080,410,467,183943,8794,369763,1054200
1081,419,414,183524,8799,370177,1069300
1082,455,423,183069,8831,370600,1082100
1083,440,432,182629,8839,371032,1103500
1084,459,446,182170,8852,371478,1124600
1085,475,438,181695,8889,371916,1111400
1086,439,479,181256,8849,372395,1212300
1087,451,445,180805,8855,372840,1127500
1088,465,445,180340,8875,373285,1127900
1089,422,431,179918,8866,373716,1099400
1090,441,463,179477,8844,374179,1085200
1091,441,452,179036,8833,374631,1090700
1092,441,462,178595,8812,375093,1093000
1093,443,424,178152,8831,375517,1076100
1094,470,478,177682,8823,375995,1108800
1095,473,439,177209,8857,376434,1193500
1096,440,469,176769,8828,376903,1100000
1097,484,440,176285,8872,377343,1094000
1098,478,458,175807,8892,377801,1127800
1099,454,449,175353,8897,378250,1088000
1100,449,461,174904,8885,378711,1109000
1101,448,428,174456,8905,379139,1373400
1102,452,455,174004,8902,379594,1129100
1103,483,438,173521,8947,380032,1107500
1104,510,416,173011,9041,380448,1099400
1105,503,446,172508,9098,380894,1123700
1106,445,441,172063,9102,381335,1101600
1107,431,452,171632,9081,381787,1110300
1108,454,459,171178,9076,382246,1114300
1109,447,457,170731,9066,382703,1077200
1110,464,440,170267,9090,383143,1119300
1111,476,451,169791,9115,383594,1123200
1112,513,431,169278,9197,384025,1087000
1113,450,479,168828,9168,384504,1110200
1114,490,469,168338,9189,384973,1104700
1115,461,466,167877,9184,385439,1328800
1116,456,503,167421,9137,385942,1103700
1117,450,472,166971,9115,386414,1093400
1118,490,405,166481,9200,386819,1170200
1119,478,439,166003,9239,387258,1110500
1120,419,491,165584,9167,387749,1115400
1121,438,487,165146,9118,388236,1316100
1122,453,468,164693,9103,388704,1150300
1123,440,464,164253,9079,389168,1081100
1124,447,435,163806,9091,389603,1097900
1125,476,448,163330,9119,390051,1084400
1126,483,444,162847,9158,390495,1074200
1127,437,459,162410,9136,390954,1092800
1128,454,476,161956,9114,391430,1493700
1129,461,463,161495,9112,391893,1195300
1130,438,474,161057,9076,392367,1209400
1131,445,483,160612,9038,392850,1193000
1132,427,462,160185,9003,393312,1147800
1133,402,434,159783,8971,393746,1121300
1134,438,440,159345,8969,394186,1123300
1135,446,435,158899,8980,394621,1220200
1136,461,443,158438,8998,395064,1191400
1137,431,447,158007,8982,395511,1140400
1138,433,452,157574,8963,395963,1151700
1139,440,450,157134,8953,396413,1093700
1140,440,447,156694,8946,396860,1077600
1141,420,453,156274,8913,397313,1132000
1142,395,472,155879,8836,397785,1090900
1143,404,428,155475,8812,398213,1076700
1144,384,453,155091,8743,398666,1139500
1145,456,478,154635,8721,399144,1092700
1146,400,415,154235,8706,399559,1069500
1147,381,409,153854,8678,399968,1112000
1148,409,405,153445,8682,400373,1117400
1149,400,429,153045,8653,400802,1098100
1150,397,395,152648,8655,401197,1077200
1151,378,444,152270,8589,401641,1084200
1152,408,435,151862,8562,402076,1093900
1153,418,435,151444,8545,402511,1152300
1154,399,448,151045,8496,402959,1112300
1155,386,426,150659,8456,403385,1085000
1156,416,374,150243,8498,403759,1075900
1157,424,384,149819,8538,404143,1065800
1158,442,458,149377,8522,404601,1136100
1159,402,431,148975,8493,405032,1084300
1160,446,410,148529,8529,405442,1096800
1161,411,426,148118,8514,405868,1101500
1162,435,407,147683,8542,406275,1095000
1163,392,426,147291,8508,406701,1092000
1164,405,416,146886,8497,407117,1097500
1165,422,418,146464,8501,407535,1098400
1166,410,435,146054,8476,407970,1128000
1167,420,447,145634,8449,408417,1064400
1168,386,408,145248,8427,408825,1062000
1169,399,436,144849,8390,409261,1132100
1170,400,436,144449,8354,409697,1049500
1171,378,442,144071,8290,410139,1090300
1172,402,458,143669,8234,410597,1067800
1173,362,412,143307,8184,411009,1064900
1174,412,412,142895,8184,411421,1064400
1175,376,410,142519,8150,411831,1070200
1176,380,423,142139,8107,412254,1068800
1177,366,422,141773,8051,412676,1060900
1178,365,385,141408,8031,413061,1071300
1179,343,408,141065,7966,413469,1078500
1180,341,396,140724,7911,413865,1081800
1181,395,365,140329,7941,414230,1107300
1182,386,426,139943,7901,414656,1088300
1183,335,419,139608,7817,415075,1079500
1184,405,389,139203,7833,415464,1071600
1185,354,372,138849,7815,415836,1075700
1186,370,408,138479,7777,416244,1063400
1187,370,380,138109,7767,416624,1081000
1188,371,426,137738,7712,417050,1088200
1189,355,386,137383,7681,417436,1104100
1190,370,404,137013,7647,417840,1073400
1191,357,418,136656,7586,418258,1145600
1192,399,367,136257,7618,418625,1110700
1193,411,350,135846,7679,418975,1076800
1194,369,409,135477,7639,419384,1191200
1195,343,397,135134,7585,419781,1288500
1196,354,336,134780,7603,420117,1332900
1197,352,359,134428,7596,420476,1288500
1198,364,358,134064,7602,420834,1092000
1199,373,413,133691,7562,421247,1109000
1200,353,381,133338,7534,421628,1196500
1201,333,362,133005,7505,421990,1088400
1202,351,374,132654,7482,422364,1103200
1203,370,380,132284,7472,422744,1073900
1204,354,378,131930,7448,423122,1105000
1205,344,378,131586,7414,423500,1122400
1206,401,384,131185,7431,423884,1080900
1207,338,371,130847,7398,424255,1069600
1208,375,380,130472,7393,424635,1068900
1209,373,363,130099,7403,424998,1087000
1210,345,366,129754,7382,425364,1103400
1211,390,379,129364,7393,425743,1125500
1212,351,349,129013,7395,426092,1142900
1213,348,350,128665,7393,426442,1106800
1214,390,356,128275,7427,426798,1069900
1215,364,388,127911,7403,427186,1080600
1216,359,363,127552,7399,427549,1054100
1217,349,355,127203,7393,427904,1069400
1218,351,393,126852,7351,428297,1078900
1219,346,365,126506,7332,428662,1118900
1220,355,359,126151,7328,429021,1116000
1221,339,351,125812,7316,429372,1170200
1222,349,374,125463,7291,429746,1090100
1223,349,379,125114,7261,430125,1104100
1224,353,397,124761,7217,430522,1083500
1225,338,328,124423,7227,430850,1271900
1226,355,398,124068,7184,431248,1088800
1227,353,360,123715,7177,431608,1086900
1228,333,384,123382,7126,431992,1083800
1229,370,354,123012,7142,432346,1063100
1230,343,350,122669,7135,432696,1117800
1231,350,358,122319,7127,433054,1073300
1232,313,360,122006,7080,433414,1057400
1233,339,344,121667,7075,433758,1070000
1234,339,369,121328,7045,434127,1096200
1235,340,314,120988,7071,434441,1165200
1236,347,362,120641,7056,434803,1086500
1237,360,337,120281,7079,435140,1082900
1238,354,358,119927,7075,435498,1258200
1239,308,347,119619,7036,435845,1346400
1240,355,341,119264,7050,436186,1357800
1241,342,354,118922,7038,436540,1094400
1242,336,337,118586,7037,436877,1081500
1243,327,349,118259,7015,437226,1070600
1244,338,362,117921,6991,437588,1193000
1245,326,347,117595,6970,437935,1068800
1246,330,305,117265,6995,438240,1086300
1247,340,371,116925,6964,438611,1081800
1248,361,368,116564,6957,438979,1083300
1249,354,327,116210,6984,439306,1122700
1250,342,330,115868,6996,439636,1102000
1251,317,371,115551,6942,440007,1081500
1252,339,379,115212,6902,440386,1087000
1253,386,332,114826,6956,440718,1154000
1254,345,365,114481,6936,441083,1348900
1255,291,335,114190,6892,441418,1089800
1256,315,342,113875,6865,441760,1089400
1257,324,355,113551,6834,442115,1095900
1258,330,351,113221,6813,442466,1063100
1259,328,343,112893,6798,442809,1161600
1260,368,335,112525,6831,443144,1157600
1261,343,315,112182,6859,443459,1101900
1262,345,337,111837,6867,443796,1114900
1263,332,317,111505,6882,444113,1092100
1264,357,356,111148,6883,444469,1090600
1265,322,353,110826,6852,444822,1120300
1266,319,309,110507,6862,445131,1164500
1267,368,345,110139,6885,445476,1182400
1268,324,317,109815,6892,445793,1338100
1269,332,330,109483,6894,446123,1170400
1270,355,349,109128,6900,446472,1150200
1271,335,342,108793,6893,446814,1375800
1272,335,372,108458,6856,447186,1199600
1273,303,315,108155,6844,447501,1154700
1274,313,353,107842,6804,447854,1060100
1275,333,321,107509,6816,448175,1064100
1276,346,364,107163,6798,448539,1092100
1277,332,316,106831,6814,448855,1080700
1278,334,334,106497,6814,449189,1198800
1279,302,362,106195,6754,449551,1104700
1280,319,335,105876,6738,449886,1075700
1281,304,324,105572,6718,450210,1092200
1282,315,314,105257,6719,450524,1077300
1283,294,358,104963,6655,450882,1582200
1284,334,334,104629,6655,451216,1101200
1285,324,338,104305,6641,451554,1105900
1286,320,353,103985,6608,451907,1076900
1287,286,362,103699,6532,452269,1084500
1288,314,331,103385,6515,452600,1101900
1289,317,320,103068,6512,452920,1091400
1290,320,297,102748,6535,453217,1070900
1291,264,312,102484,6487,453529,1055900
1292,286,330,102198,6443,453859,1075200
1293,309,295,101889,6457,454154,1175800
1294,293,319,101596,6431,454473,1153800
1295,317,315,101279,6433,454788,1081200
1296,330,356,100949,6407,455144,1104000
1297,305,308,100644,6404,455452,1076900
1298,290,268,100354,6426,455720,1104400
1299,285,337,100069,6374,456057,1093200
1300,286,330,99783,6330,456387,1105400
1301,272,327,99511,6275,456714,1072300
1302,301,308,99210,6268,457022,1103200
1303,298,326,98912,6240,457348,1076900
1304,320,337,98592,6223,457685,1092100
1305,294,325,98298,6192,458010,1052500
1306,284,314,98014,6162,458324,1045800
1307,306,295,97708,6173,458619,1075000
1308,287,299,97421,6161,458918,1098600
1309,288,316,97133,6133,459234,1065400
1310,289,315,96844,6107,459549,1066600
1311,295,334,96549,6068,459883,1073900
1312,277,286,96272,6059,460169,1091000
1313,283,305,95989,6037,460474,1216300
1314,273,301,95716,6009,460775,1073700
1315,305,297,95411,6017,461072,1220900
1316,301,301,95110,6017,461373,1064100
1317,295,300,94815,6012,461673,1288100
1318,274,316,94541,5970,461989,1216100
1319,284,268,94257,5986,462257,1073600
1320,273,285,93984,5974,462542,1061200
1321,309,295,93675,5988,462837,1310800
1322,306,274,93369,6020,463111,1098900
1323,294,307,93075,6007,463418,1126500
1324,315,284,92760,6038,463702,1118000
1325,299,301,92461,6036,464003,1108800
1326,299,286,92162,6049,464289,1084600
1327,310,302,91852,6057,464591,1240400
1328,305,306,91547,6056,464897,1124300
1329,317,313,91230,6060,465210,1078800
1330,289,291,90941,6058,465501,1079700
1331,272,318,90669,6012,465819,1068600
1332,287,308,90382,5991,466127,1064000
1333,300,306,90082,5985,466433,1099700
1334,332,272,89750,6045,466705,1085000
1335,320,301,89430,6064,467006,1118400
1336,289,285,89141,6068,467291,1103400
1337,296,306,88845,6058,467597,1092600
1338,287,299,88558,6046,467896,1085500
1339,290,311,88268,6025,468207,1092000
1340,284,317,87984,5992,468524,1073800
1341,316,292,87668,6016,468816,1067600
1342,312,306,87356,6022,469122,1073500
1343,265,324,87091,5963,469446,1094500
1344,268,307,86823,5924,469753,1097100
1345,263,284,86560,5903,470037,1011300
1346,293,294,86267,5902,470331,1111400
1347,263,276,86004,5889,470607,1031100
1348,284,287,85720,5886,470894,1077800
1349,285,293,85435,5878,471187,1118600
1350,328,292,85107,5914,471479,1091200
1351,286,301,84821,5899,471780,1081500
1352,275,315,84546,5859,472095,1075900
1353,256,289,84290,5826,472384,1097000
1354,276,305,84014,5797,472689,1081500
1355,288,251,83726,5834,472940,1060300
1356,262,302,83464,5794,473242,1078000
1357,262,304,83202,5752,473546,1080100
1358,269,301,82933,5720,473847,1090700
1359,286,268,82647,5738,474115,1075100
1360,273,271,82374,5740,474386,1071200
1361,260,292,82114,5708,474678,1051800
1362,292,288,81822,5712,474966,1313800
1363,260,297,81562,5675,475263,1261100
1364,249,295,81313,5629,475558,1111300
1365,251,289,81062,5591,475847,1098400
1366,292,283,80770,5600,476130,1088300
1367,267,278,80503,5589,476408,1098500
1368,258,301,80245,5546,476709,1112500
1369,266,279,79979,5533,476988,1117600
1370,252,315,79727,5470,477303,1077600
1371,252,269,79475,5453,477572,1099900
1372,256,254,79219,5455,477826,1099500
1373,250,278,78969,5427,478104,1106200
1374,270,252,78699,5445,478356,1093600
1375,291,297,78408,5439,478653,1052100
1376,266,268,78142,5437,478921,1082000
1377,276,282,77866,5431,479203,1344700
1378,276,269,77590,5438,479472,1133800
1379,266,296,77324,5408,479768,1093300
1380,274,264,77050,5418,480032,1079900
1381,263,275,76787,5406,480307,1088000
1382,263,268,76524,5401,480575,1098500
1383,251,260,76273,5392,480835,1135000
1384,267,276,76006,5383,481111,1096100
1385,254,289,75752,5348,481400,1087500
1386,254,258,75498,5344,481658,1063000
1387,283,259,75215,5368,481917,1072200
1388,259,262,74956,5365,482179,1130700
1389,256,251,74700,5370,482430,1087300
1390,277,251,74423,5396,482681,1103100
1391,273,285,74150,5384,482966,1244700
1392,263,270,73887,5377,483236,1098800
1393,243,266,73644,5354,483502,1106900
1394,254,269,73390,5339,483771,1081200
1395,226,261,73164,5304,484032,1076300
1396,254,277,72910,5281,484309,1341900
1397,250,255,72660,5276,484564,1309500
1398,235,266,72425,5245,484830,1086600
1399,245,265,72180,5225,485095,1032200
1400,268,258,71912,5235,485353,1045400
1401,255,270,71657,5220,485623,1020700
1402,224,299,71433,5145,485922,1118400
1403,221,246,71212,5120,486168,1011700
1404,220,234,70992,5106,486402,1021500
1405,230,274,70762,5062,486676,1195300
1406,222,252,70540,5032,486928,1105100
1407,230,252,70310,5010,487180,1338000
1408,237,238,70073,5009,487418,1112000
1409,198,273,69875,4934,487691,1074600
1410,226,267,69649,4893,487958,1061300
1411,213,214,69436,4892,488172,1071400
1412,248,274,69188,4866,488446,1061300
1413,226,236,68962,4856,488682,1076000
1414,220,243,68742,4833,488925,1065000
1415,211,241,68531,4803,489166,1061700
1416,214,250,68317,4767,489416,1049400
1417,233,228,68084,4772,489644,1064700
1418,232,230,67852,4774,489874,1070600
1419,223,258,67629,4739,490132,1101300
1420,251,223,67378,4767,490355,1069800
1421,239,229,67139,4777,490584,1125800
1422,235,217,66904,4795,490801,1075300
1423,209,225,66695,4779,491026,1051400
1424,209,249,66486,4739,491275,1101300
1425,241,231,66245,4749,491506,1087500
1426,229,210,66016,4768,491716,1058500
1427,235,225,65781,4778,491941,1067100
1428,234,226,65547,4786,492167,1064000
1429,217,266,65330,4737,492433,1034800
1430,253,250,65077,4740,492683,1082500
1431,241,216,64836,4765,492899,1062000
1432,231,249,64605,4747,493148,1096700
1433,235,224,64370,4758,493372,1098000
1434,231,243,64139,4746,493615,1107500
1435,210,224,63929,4732,493839,1099000
1436,237,236,63692,4733,494075,1074700
1437,236,240,63456,4729,494315,1108700
1438,234,220,63222,4743,494535,1080000
1439,256,234,62966,4765,494769,1029900
1440,212,222,62754,4755,494991,1000100
1441,244,238,62510,4761,495229,1020600
1442,231,214,62279,4778,495443,1058000
1443,225,219,62054,4784,495662,1147600
1444,242,265,61812,4761,495927,1070900
1445,208,250,61604,4719,496177,1008600
1446,224,231,61380,4712,496408,1004900
1447,228,241,61152,4699,496649,1055300
1448,212,235,60940,4676,496884,1155500
1449,209,243,60731,4642,497127,1129800
1450,222,215,60509,4649,497342,1104000
1451,245,209,60264,4685,497551,1076900
1452,239,231,60025,4693,497782,1092600
1453,241,229,59784,4705,498011,1116500
1454,238,242,59546,4701,498253,1086100
1455,212,241,59334,4672,498494,1084400
1456,241,223,59093,4690,498717,1101900
1457,241,256,58852,4675,498973,1061800
1458,254,232,58598,4697,499205,1064200
1459,237,199,58361,4735,499404,1096800
1460,211,230,58150,4716,499634,1067800
1461,255,219,57895,4752,499853,1051900
1462,234,225,57661,4761,500078,1191000
1463,221,212,57440,4770,500290,1089200
1464,212,238,57228,4744,500528,1074100
1465,207,245,57021,4706,500773,1056900
1466,239,238,56782,4707,501011,1051100
1467,206,248,56576,4665,501259,1072400
1468,191,214,56385,4642,501473,1067700
1469,192,251,56193,4583,501724,1085300
1470,206,241,55987,4548,501965,1018300
1471,188,231,55799,4505,502196,1054500
1472,209,225,55590,4489,502421,993300
1473,210,229,55380,4470,502650,1064700
1474,202,206,55178,4466,502856,1038700
1475,215,239,54963,4442,503095,1053300
1476,208,242,54755,4408,503337,1002800
1477,221,216,54534,4413,503553,1080100
1478,212,225,54322,4400,503778,1000100
1479,215,221,54107,4394,503999,1129000
1480,213,229,53894,4378,504228,992400
1481,183,217,53711,4344,504445,1137300
1482,190,209,53521,4325,504654,988800
1483,201,197,53320,4329,504851,989900
1484,181,229,53139,4281,505080,991400
1485,194,216,52945,4259,505296,984300
1486,180,225,52765,4214,505521,983300
1487,195,202,52570,4207,505723,981400
1488,198,235,52372,4170,505958,998500
1489,201,200,52171,4171,506158,986500
1490,188,196,51983,4163,506354,1085900
1491,196,187,51787,4172,506541,995900
1492,212,208,51575,4176,506749,1034900
1493,212,237,51363,4151,506986,1055100
1494,209,222,51154,4138,507208,993100
1495,225,199,50929,4164,507407,991700
1496,216,201,50713,4179,507608,982800
1497,231,229,50482,4181,507837,992400
1498,217,186,50265,4212,508023,1032900
1499,210,202,50055,4220,508225,983700
1500,228,188,49827,4260,508413,1021900
1501,202,223,49625,4239,508636,1029700
1502,206,237,49419,4208,508873,1083400
1503,189,226,49230,4171,509099,1035600
1504,215,193,49015,4193,509292,1056900
1505,221,185,48794,4229,509477,1042500
1506,215,227,48579,4217,509704,1027800
1507,224,197,48355,4244,509901,1178600
1508,207,210,48148,4241,510111,1099800
1509,196,203,47952,4234,510314,1086100
1510,174,217,47778,4191,510531,1063600
1511,205,201,47573,4195,510732,1133200
1512,180,203,47393,4172,510935,1081300
1513,194,233,47199,4133,511168,1070400
1514,200,217,46999,4116,511385,1061500
1515,184,205,46815,4095,511590,1057000
1516,184,214,46631,4065,511804,1066900
1517,194,199,46437,4060,512003,1048700
1518,182,212,46255,4030,512215,1170600
1519,192,208,46063,4014,512423,1085400
1520,197,202,45866,4009,512625,1091100
1521,166,189,45700,3986,512814,1101300
1522,178,217,45522,3947,513031,1169900
1523,214,198,45308,3963,513229,1080000
1524,194,198,45114,3959,513427,1052200
1525,165,191,44949,3933,513618,1064700
1526,167,192,44782,3908,513810,1045100
1527,150,184,44632,3874,513994,1038100
1528,162,170,44470,3866,514164,1026700
1529,165,200,44305,3831,514364,1056900
1530,179,201,44126,3809,514565,1051800
1531,183,206,43943,3786,514771,1050600
1532,184,182,43759,3788,514953,1075600
1533,179,186,43580,3781,515139,1085700
1534,164,185,43416,3760,515324,1038300
1535,182,191,43234,3751,515515,1050700
1536,175,204,43059,3722,515719,1032000
1537,140,193,42919,3669,515912,1079900
1538,157,185,42762,3641,516097,980900
1539,169,190,42593,3620,516287,969600
1540,167,194,42426,3593,516481,969500
1541,186,166,42240,3613,516647,965800
1542,163,210,42077,3566,516857,972800
1543,164,191,41913,3539,517048,974200
1544,139,176,41774,3502,517224,1047000
1545,172,166,41602,3508,517390,986900
1546,166,186,41436,3488,517576,975200
1547,164,206,41272,3446,517782,1022600
1548,175,160,41097,3461,517942,1041300
1549,165,165,40932,3461,518107,1022500
1550,140,169,40792,3432,518276,1033700
1551,155,157,40637,3430,518433,1041200
1552,151,161,40486,3420,518594,1033900
1553,167,165,40319,3422,518759,1054900
1554,159,189,40160,3392,518948,1049100
1555,168,179,39992,3381,519127,1037600
1556,172,197,39820,3356,519324,1019600
1557,182,166,39638,3372,519490,1019300
1558,148,164,39490,3356,519654,1014300
1559,148,168,39342,3336,519822,1007000
1560,165,193,39177,3308,520015,1004700
1561,156,163,39021,3301,520178,1020300
1562,158,173,38863,3286,520351,1013900
1563,156,162,38707,3280,520513,1008600
1564,144,156,38563,3268,520669,1033400
1565,146,177,38417,3237,520846,1012800
1566,171,159,38246,3249,521005,1065600
1567,155,155,38091,3249,521160,1044500
1568,174,163,37917,3260,521323,1029200
1569,173,147,37744,3286,521470,980800
1570,167,179,37577,3274,521649,1017300
1571,169,185,37408,3258,521834,1020000
1572,139,163,37269,3234,521997,965700
1573,158,178,37111,3214,522175,994600
1574,151,150,36960,3215,522325,993300
1575,162,175,36798,3202,522500,1128700
1576,150,138,36648,3214,522638,1126000
1577,165,158,36483,3221,522796,1026100
1578,145,146,36338,3220,522942,984900
1579,166,158,36172,3228,523100,1002200
1580,158,164,36014,3222,523264,1026500
1581,123,169,35891,3176,523433,1013000
1582,132,163,35759,3145,523596,1013700
1583,156,166,35603,3135,523762,1016100
1584,148,167,35455,3116,523929,1009300
1585,159,138,35296,3137,524067,965700
1586,146,169,35150,3114,524236,986000
1587,135,164,35015,3085,524400,953500
1588,155,139,34860,3101,524539,991500
1589,157,137,34703,3121,524676,958500
1590,188,171,34515,3138,524847,966600
1591,158,164,34357,3132,525011,967900
1592,189,167,34168,3154,525178,967800
1593,168,167,34000,3155,525345,972000
1594,162,162,33838,3155,525507,966300
1595,153,136,33685,3172,525643,1023600
1596,159,164,33526,3167,525807,1025400
1597,158,143,33368,3182,525950,1047300
1598,155,154,33213,3183,526104,995000
1599,161,167,33052,3177,526271,994100
1600,150,177,32902,3150,526448,1002900
1601,167,162,32735,3155,526610,1005900
1602,130,133,32605,3152,526743,989700
1603,148,168,32457,3132,526911,991300
1604,134,168,32323,3098,527079,1007200
1605,145,148,32178,3095,527227,990200
1606,144,160,32034,3079,527387,1008300
1607,129,162,31905,3046,527549,997100
1608,136,174,31769,3008,527723,1030600
1609,145,144,31624,3009,527867,974200
1610,125,144,31499,2990,528011,947000
1611,152,151,31347,2991,528162,983200
1612,139,142,31208,2988,528304,976700
1613,130,142,31078,2976,528446,955200
1614,128,164,30950,2940,528610,957300
1615,150,171,30800,2919,528781,954100
1616,133,157,30667,2895,528938,962100
1617,125,162,30542,2858,529100,963100
1618,107,128,30435,2837,529228,1055000
1619,120,145,30315,2812,529373,1002400
1620,136,156,30179,2792,529529,1006700
1621,134,115,30045,2811,529644,989000
1622,137,139,29908,2809,529783,990800
1623,123,141,29785,2791,529924,988300
1624,134,156,29651,2769,530080,982300
1625,133,130,29518,2772,530210,1002400
1626,125,137,29393,2760,530347,981500
1627,127,121,29266,2766,530468,1004400
1628,133,127,29133,2772,530595,973200
1629,120,115,29013,2777,530710,999700
1630,147,140,28866,2784,530850,965200
1631,124,145,28742,2763,530995,968300
1632,113,133,28629,2743,531128,949000
1633,126,135,28503,2734,531263,954000
1634,123,134,28380,2723,531397,955200
1635,143,114,28237,2752,531511,959500
1636,128,144,28109,2736,531655,974700
1637,133,141,27976,2728,531796,961600
1638,119,141,27857,2706,531937,991600
1639,137,143,27720,2700,532080,976500
1640,129,142,27591,2687,532222,975200
1641,138,144,27453,2681,532366,987000
1642,146,113,27307,2714,532479,1024700
1643,152,121,27155,2745,532600,991300
1644,119,158,27036,2706,532758,988100
1645,130,131,26906,2705,532889,983000
1646,132,128,26774,2709,533017,971500
1647,119,126,26655,2702,533143,979600
1648,125,129,26530,2698,533272,987500
1649,117,147,26413,2668,533419,957800
1650,123,128,26290,2663,533547,953900
1651,129,139,26161,2653,533686,965000
1652,131,119,26030,2665,533805,953200
1653,120,154,25910,2631,533959,962300
1654,115,122,25795,2624,534081,956900
1655,109,128,25686,2605,534209,967300
1656,109,138,25577,2576,534347,996500
1657,101,130,25476,2547,534477,1009100
1658,128,148,25348,2527,534625,992600
1659,131,129,25217,2529,534754,1015600
1660,108,110,25109,2527,534864,995900
1661,126,132,24983,2521,534996,993600
1662,132,139,24851,2514,535135,987300
1663,139,127,24712,2526,535262,978300
1664,127,152,24585,2501,535414,996500
1665,123,147,24462,2477,535561,978500
1666,115,105,24347,2487,535666,1032700
1667,130,122,24217,2495,535788,992000
1668,124,120,24093,2499,535908,958500
1669,120,128,23973,2491,536036,952800
1670,129,131,23844,2489,536167,1017300
1671,141,114,23703,2516,536281,1016600
1672,114,129,23589,2501,536410,968600
1673,117,137,23472,2481,536547,977200
1674,107,129,23365,2459,536676,965100
1675,107,96,23258,2470,536772,1006900
1676,110,128,23148,2452,536900,1005000
1677,106,115,23042,2443,537015,1003000
1678,111,122,22931,2432,537137,999500
1679,119,122,22812,2429,537259,1003600
1680,125,107,22687,2447,537366,1002300
1681,108,118,22579,2437,537484,1025800
1682,116,125,22463,2428,537609,1006500
1683,122,121,22341,2429,537730,1002800
1684,116,113,22225,2432,537843,1010800
1685,102,128,22123,2406,537971,1007600
1686,107,123,22016,2390,538094,1016000
1687,109,115,21907,2384,538209,1205300
1688,106,116,21801,2374,538325,1123300
1689,106,109,21695,2371,538434,1050100
1690,97,112,21598,2356,538546,1006800
1691,103,113,21495,2346,538659,1003200
1692,97,120,21398,2323,538779,998000
1693,110,115,21288,2318,538894,980000
1694,95,84,21193,2329,538978,1001300
1695,96,127,21097,2298,539105,991300
1696,96,119,21001,2275,539224,994000
1697,84,100,20917,2259,539324,993700
1698,85,116,20832,2228,539440,1001300
1699,88,115,20744,2201,539555,996200
1700,81,115,20663,2167,539670,988500
1701,86,117,20577,2136,539787,985800
1702,96,97,20481,2135,539884,996300
1703,85,132,20396,2088,540016,992100
1704,98,111,20298,2075,540127,1009200
1705,81,106,20217,2050,540233,998400
1706,75,99,20142,2026,540332,998600
1707,84,95,20058,2015,540427,995400
1708,76,112,19982,1979,540539,1001000
1709,82,89,19900,1972,540628,999600
1710,92,95,19808,1969,540723,992300
1711,90,99,19718,1960,540822,988200
1712,91,102,19627,1949,540924,988100
1713,84,104,19543,1929,541028,1003600
1714,78,85,19465,1922,541113,998600
1715,82,100,19383,1904,541213,990100
1716,80,92,19303,1892,541305,985700
1717,81,99,19222,1874,541404,985400
1718,72,106,19150,1840,541510,995600
1719,60,87,19090,1813,541597,979100
1720,74,91,19016,1796,541688,1022800
1721,80,92,18936,1784,541780,999900
1722,62,84,18874,1762,541864,992100
1723,79,79,18795,1762,541943,1048700
1724,81,75,18714,1768,542018,986700
1725,78,98,18636,1748,542116,984300
1726,68,79,18568,1737,542195,1046300
1727,101,90,18467,1748,542285,992300
1728,78,88,18389,1738,542373,986000
1729,86,86,18303,1738,542459,999200
1730,70,84,18233,1724,542543,999000
1731,68,77,18165,1715,542620,991500
1732,57,81,18108,1691,542701,1005900
1733,76,77,18032,1690,542778,1002300
1734,64,101,17968,1653,542879,997100
1735,62,92,17906,1623,542971,1031900
1736,68,84,17838,1607,543055,990600
1737,50,85,17788,1572,543140,992500
1738,72,84,17716,1560,543224,985100
1739,53,71,17663,1542,543295,983500
1740,71,69,17592,1544,543364,985800
1741,78,85,17514,1537,543449,986300
1742,76,56,17438,1557,543505,989800
1743,65,72,17373,1550,543577,985100
1744,85,84,17288,1551,543661,987900
1745,83,89,17205,1545,543750,988000
1746,71,59,17134,1557,543809,1029300
1747,85,80,17049,1562,543889,1046300
1748,58,100,16991,1520,543989,984700
1749,75,89,16916,1506,544078,979800
1750,76,61,16840,1521,544139,971900
1751,63,73,16777,1511,544212,1051800
1752,65,66,16712,1510,544278,1002800
1753,73,71,16639,1512,544349,985900
1754,56,54,16583,1514,544403,980700
1755,78,86,16505,1506,544489,1016200
1756,56,71,16449,1491,544560,1002900
1757,53,76,16396,1468,544636,1013900
1758,63,65,16333,1466,544701,1027500
1759,51,65,16282,1452,544766,1005400
1760,56,68,16226,1440,544834,1001800
1761,57,76,16169,1421,544910,1015100
1762,60,79,16109,1402,544989,1025100
1763,56,74,16053,1384,545063,1131100
1764,49,64,16004,1369,545127,1001000
1765,64,71,15940,1362,545198,1010500
1766,58,54,15882,1366,545252,1153300
1767,41,69,15841,1338,545321,1005300
1768,44,74,15797,1308,545395,1020900
1769,52,71,15745,1289,545466,1066800
1770,51,57,15694,1283,545523,1005900
1771,56,60,15638,1279,545583,1011900
1772,60,74,15578,1265,545657,1057300
1773,46,76,15532,1235,545733,1000600
1774,51,64,15481,1222,545797,1185000
1775,45,60,15436,1207,545857,1110900
1776,48,57,15388,1198,545914,1017000
1777,48,60,15340,1186,545974,994400
1778,47,66,15293,1167,546040,998800
1779,43,67,15250,1143,546107,994800
1780,57,61,15193,1139,546168,1023200
1781,48,47,15145,1140,546215,1000700
1782,50,41,15095,1149,546256,986600
1783,45,56,15050,1138,546312,988400
1784,66,57,14984,1147,546369,1017600
1785,52,59,14932,1140,546428,1053800
1786,52,56,14880,1136,546484,1090600
1787,50,60,14830,1126,546544,1144600
1788,54,51,14776,1129,546595,1055500
1789,45,52,14731,1122,546647,1011700
1790,61,64,14670,1119,546711,1003900
1791,55,50,14615,1124,546761,1079100
1792,53,59,14562,1118,546820,987700
1793,50,59,14512,1109,546879,999400
1794,37,60,14475,1086,546939,1007700
1795,59,57,14416,1088,546996,1009900
1796,47,59,14369,1076,547055,1173700
1797,52,58,14317,1070,547113,996300
1798,50,56,14267,1064,547169,1023700
1799,51,72,14216,1043,547241,987700
1800,50,60,14166,1033,547301,1247900
1801,50,43,14116,1040,547344,1113400
1802,53,49,14063,1044,547393,1115900
1803,44,40,14019,1048,547433,1008600
1804,44,63,13975,1029,547496,1074100
1805,49,61,13926,1017,547557,1021900
1806,44,44,13882,1017,547601,1051100
1807,44,51,13838,1010,547652,1020500
1808,50,63,13788,997,547715,1007000
1809,49,43,13739,1003,547758,1035700
1810,59,68,13680,994,547826,1045800
1811,46,54,13634,986,547880,1248000
1812,58,49,13576,995,547929,1091800
1813,57,40,13519,1012,547969,1049400
1814,45,51,13474,1006,548020,1040100
1815,61,43,13413,1024,548063,1039400
1816,46,47,13367,1023,548110,1046400
1817,52,57,13315,1018,548167,1091700
1818,53,45,13262,1026,548212,1049000
1819,52,53,13210,1025,548265,1032700
1820,56,38,13154,1043,548303,1016400
1821,43,54,13111,1032,548357,1279300
1822,39,45,13072,1026,548402,1013200
1823,58,46,13014,1038,548448,1108500
1824,55,51,12959,1042,548499,1015300
1825,31,42,12928,1031,548541,1014100
1826,41,53,12887,1019,548594,1201400
1827,43,48,12844,1014,548642,1054400
1828,52,43,12792,1023,548685,1076200
1829,33,45,12759,1011,548730,1105900
1830,43,71,12716,983,548801,1021000
1831,35,50,12681,968,548851,1137600
1832,42,54,12639,956,548905,1010200
1833,51,42,12588,965,548947,1082600
1834,35,41,12553,959,548988,1020700
1835,36,44,12517,951,549032,1018100
1836,32,51,12485,932,549083,1244000
1837,37,40,12448,929,549123,1149300
1838,32,44,12416,917,549167,1014100
1839,40,42,12376,915,549209,1074000
1840,31,43,12345,903,549252,1069600
1841,40,34,12305,909,549286,1228800
1842,54,40,12251,923,549326,1128000
1843,39,39,12212,923,549365,1062700
1844,36,52,12176,907,549417,1097900
1845,30,49,12146,888,549466,1174300
1846,41,52,12105,877,549518,1139800
1847,38,33,12067,882,549551,1016500
1848,37,53,12030,866,549604,1024700
1849,44,43,11986,867,549647,1035600
1850,36,34,11950,869,549681,1083100
1851,40,38,11910,871,549719,1010100
1852,36,44,11874,863,549763,1118300
1853,34,37,11840,860,549800,1074500
1854,32,52,11808,840,549852,1097400
1855,33,56,11775,817,549908,1026400
1856,34,34,11741,817,549942,1012700
1857,38,37,11703,818,549979,1083900
1858,37,39,11666,816,550018,1045600
1859,35,46,11631,805,550064,1130700
1860,33,39,11598,799,550103,994100
1861,23,34,11575,788,550137,1006500
1862,33,32,11542,789,550169,1136300
1863,23,55,11519,757,550224,1033800
1864,31,34,11488,754,550258,1093400
1865,29,35,11459,748,550293,1051500
1866,32,37,11427,743,550330,1000200
1867,25,47,11402,721,550377,1182300
1868,35,30,11367,726,550407,1059100
1869,32,32,11335,726,550439,1057100
1870,28,37,11307,717,550476,1027300
1871,22,42,11285,697,550518,998400
1872,31,27,11254,701,550545,1238200
1873,29,20,11225,710,550565,1031100
1874,41,43,11184,708,550608,1082600
1875,36,30,11148,714,550638,1094100
1876,30,33,11118,711,550671,1044900
1877,36,39,11082,708,550710,1025300
1878,25,36,11057,697,550746,1016000
1879,31,33,11026,695,550779,1019600
1880,20,40,11006,675,550819,1020200
1881,33,35,10973,673,550854,1030100
1882,23,42,10950,654,550896,1028300
1883,23,35,10927,642,550931,1085300
1884,35,26,10892,651,550957,1029900
1885,26,31,10866,646,550988,1020400
1886,20,27,10846,639,551015,998800
1887,30,33,10816,636,551048,988200
1888,28,30,10788,634,551078,1025400
1889,22,23,10766,633,551101,1249900
1890,25,24,10741,634,551125,982800
1891,25,37,10716,622,551162,988000
1892,32,37,10684,617,551199,985100
1893,25,30,10659,612,551229,1075700
1894,19,29,10640,602,551258,1080700
1895,18,32,10622,588,551290,1206900
1896,32,33,10590,587,551323,1009500
1897,23,39,10567,571,551362,1044800
1898,31,24,10536,578,551386,993700
1899,31,29,10505,580,551415,1042600
1900,29,29,10476,580,551444,1054200
1901,39,35,10437,584,551479,1001100
1902,23,24,10414,583,551503,1003200
1903,22,29,10392,576,551532,989600
1904,27,36,10365,567,551568,1179700
1905,23,40,10342,550,551608,1016800
1906,32,30,10310,552,551638,1005800
1907,32,29,10278,555,551667,1201700
1908,30,28,10248,557,551695,1001400
1909,29,22,10219,564,551717,1013400
1910,24,15,10195,573,551732,1006500
1911,27,30,10168,570,551762,1065100
1912,21,28,10147,563,551790,1010300
1913,31,23,10116,571,551813,1015800
1914,36,29,10080,578,551842,999600
1915,26,32,10054,572,551874,1012400
1916,26,25,10028,573,551899,1011500
1917,25,26,10003,572,551925,999700
1918,26,25,9977,573,551950,988700
1919,23,33,9954,563,551983,988400
1920,30,44,9924,549,552027,1022300
1921,27,26,9897,550,552053,999600
1922,25,25,9872,550,552078,987500
1923,29,21,9843,558,552099,989400
1924,28,19,9815,567,552118,1073900
1925,18,28,9797,557,552146,1361000
1926,29,30,9768,556,552176,1198400
1927,28,22,9740,562,552198,1018000
1928,22,23,9718,561,552221,1068500
1929,25,25,9693,561,552246,997700
1930,26,26,9667,561,552272,1021500
1931,33,41,9634,553,552313,997400
1932,25,28,9609,550,552341,988200
1933,28,27,9581,551,552368,986700
1934,24,39,9557,536,552407,996400
1935,23,33,9534,526,552440,999700
1936,26,28,9508,524,552468,993800
1937,20,36,9488,508,552504,1011000
1938,18,25,9470,501,552529,990900
1939,15,33,9455,483,552562,991500
1940,31,18,9424,496,552580,997100
1941,15,27,9409,484,552607,1020900
1942,19,21,9390,482,552628,1062000
1943,15,20,9375,477,552648,1058400
1944,22,24,9353,475,552672,1006700
1945,16,22,9337,469,552694,995300
1946,21,31,9316,459,552725,1037000
1947,19,29,9297,449,552754,1017400
1948,15,21,9282,443,552775,1006700
1949,11,23,9271,431,552798,996900
1950,13,27,9258,417,552825,985600
1951,13,26,9245,404,552851,994300
1952,11,24,9234,391,552875,990500
1953,12,22,9222,381,552897,1018100
1954,13,21,9209,373,552918,998400
1955,23,14,9186,382,552932,997000
1956,20,19,9166,383,552951,991000
1957,13,19,9153,377,552970,1047200
1958,10,23,9143,364,552993,1050000
1959,15,26,9128,353,553019,1019100
1960,12,17,9116,348,553036,996800
1961,11,16,9105,343,553052,1123200
1962,16,21,9089,338,553073,1004900
1963,12,21,9077,329,553094,1184400
1964,7,14,9070,322,553108,1040000
1965,8,19,9062,311,553127,1128400
1966,10,13,9052,308,553140,1005900
1967,11,14,9041,305,553154,996100
1968,12,15,9029,302,553169,982800
1969,13,13,9016,302,553182,999900
1970,7,15,9009,294,553197,1003100
1971,4,14,9005,284,553211,999600
1972,9,14,8996,279,553225,1013400
1973,14,18,8982,275,553243,992400
1974,11,18,8971,268,553261,1003300
1975,9,14,8962,263,553275,1016600
1976,10,14,8952,259,553289,1004400
1977,8,13,8944,254,553302,1023200
1978,6,10,8938,250,553312,995200
1979,8,12,8930,246,553324,989500
1980,7,14,8923,239,553338,1037700
1981,8,17,8915,230,553355,986000
1982,8,10,8907,228,553365,986900
1983,6,12,8901,222,553377,979800
1984,4,11,8897,215,553388,974500
1985,10,7,8887,218,553395,981500
1986,5,12,8882,211,553407,995500
1987,5,10,8877,206,553417,1002500
1988,5,11,8872,200,553428,1036300
1989,8,5,8864,203,553433,1063000
1990,8,11,8856,200,553444,1385500
1991,4,15,8852,189,553459,1125900
1992,8,10,8844,187,553469,1005300
1993,5,12,8839,180,553481,1036700
1994,4,11,8835,173,553492,987800
1995,2,8,8833,167,553500,1012200
1996,5,7,8828,165,553507,1001500
1997,2,8,8826,159,553515,994400
1998,4,9,8822,154,553524,1010300
1999,1,12,8821,143,553536,993300
2000,3,3,8818,143,553539,987600
2001,3,5,8815,141,553544,1030200
2002,2,7,8813,136,553551,1040300
2003,5,9,8808,132,553560,989900
2004,4,5,8804,131,553565,973300
2005,3,8,8801,126,553573,990000
2006,3,10,8798,119,553583,1192100
2007,4,7,8794,116,553590,975000
2008,4,3,8790,117,553593,1074100
2009,4,5,8786,116,553598,973200
2010,3,6,8783,113,553604,978900
2011,1,9,8782,105,553613,968400
2012,1,7,8781,99,553620,1023300
2013,0,6,8781,93,553626,1012000
2014,1,8,8780,86,553634,1015200
2015,1,4,8779,83,553638,1078700
2016,1,4,8778,80,553642,978800
2017,0,8,8778,72,553650,1097600
2018,3,4,8775,71,553654,1058900
2019,2,3,8773,70,553657,989500
2020,2,6,8771,66,553663,996000
2021,1,5,8770,62,553668,991900
2022,1,6,8769,57,553674,984400
2023,1,2,8768,56,553676,990700
2024,0,2,8768,54,553678,1027300
2025,1,3,8767,52,553681,1013400
2026,2,2,8765,52,553683,1067700
2027,0,1,8765,51,553684,1009500
2028,1,4,8764,48,553688,1079800
2029,1,3,8763,46,553691,1078400
2030,1,4,8762,43,553695,994300
2031,2,5,8760,40,553700,989100
2032,0,1,8760,39,553701,1014600
2033,1,5,8759,35,553706,1005700
2034,0,0,8759,35,553706,989600
2035,1,1,8758,35,553707,982900
2036,0,1,8758,34,553708,992800
2037,1,2,8757,33,553710,1007200
2038,0,2,8757,31,553712,1187900
2039,1,4,8756,28,553716,1008700
2040,0,2,8756,26,553718,962300
2041,0,2,8756,24,553720,982000
2042,0,2,8756,22,553722,981600
2043,0,1,8756,21,553723,980700
2044,0,0,8756,21,553723,969600
2045,0,2,8756,19,553725,992700
2046,1,1,8755,19,553726,992600
2047,0,1,8755,18,553727,1030100
2048,0,0,8755,18,553727,1002400
2049,0,0,8755,18,553727,1028000
2050,0,1,8755,17,553728,1059000
2051,0,1,8755,16,553729,1045900
2052,0,1,8755,15,553730,987900
2053,0,1,8755,14,553731,981000
2054,0,1,8755,13,553732,988900
2055,1,1,8754,13,553733,1001800
2056,0,1,8754,12,553734,1126800
2057,0,0,8754,12,553734,1012500
2058,0,2,8754,10,553736,1009900
2059,1,1,8753,10,553737,979300
2060,0,1,8753,9,553738,991100
2061,0,1,8753,8,553739,995600
2062,0,0,8753,8,553739,1131900
2063,2,0,8751,10,553739,1025500
2064,0,0,8751,10,553739,1022500
2065,0,0,8751,10,553739,1044600
2066,0,1,8751,9,553740,1008200
2067,0,2,8751,7,553742,1000400
2068,0,2,8751,5,553744,1005400
2069,0,0,8751,5,553744,1011800
2070,1,0,8750,6,553744,984400
2071,0,1,8750,5,553745,1219400
2072,0,0,8750,5,553745,1056200
2073,0,2,8750,3,553747,983900
2074,0,0,8750,3,553747,1000100
2075,0,1,8750,2,553748,981500
2076,0,0,8750,2,553748,999300
2077,0,0,8750,2,553748,1083400
2078,0,0,8750,2,553748,1042100
2079,0,0,8750,2,553748,986900
2080,0,0,8750,2,553748,986100
2081,0,0,8750,2,553748,978800
2082,0,0,8750,2,553748,1050500
2083,0,0,8750,2,553748,969700
2084,0,0,8750,2,553748,956300
2085,0,0,8750,2,553748,964900
2086,0,0,8750,2,553748,1145100
2087,0,0,8750,2,553748,974400
2088,0,0,8750,2,553748,969800
2089,0,0,8750,2,553748,971500
2090,0,1,8750,1,553749,958500
2091,0,0,8750,1,553749,955200
2092,0,0,8750,1,553749,1109100
2093,0,0,8750,1,553749,981400
2094,0,0,8750,1,553749,970700
2095,0,0,8750,1,553749,964800
2096,0,0,8750,1,553749,1096600
2097,0,0,8750,1,553749,980000
2098,0,0,8750,1,553749,969900
2099,0,0,8750,1,553749,992400
2100,0,0,8750,1,553749,983000
2101,0,0,8750,1,553749,975500
2102,0,0,8750,1,553749,961900
2103,0,0,8750,1,553749,966200
2104,0,0,8750,1,553749,977200
2105,0,0,8750,1,553749,1157400
2106,0,0,8750,1,553749,1102500
2107,0,0,8750,1,553749,1006600
2108,0,0,8750,1,553749,1089100
2109,0,0,8750,1,553749,1173200
2110,0,0,8750,1,553749,985100
2111,0,0,8750,1,553749,991800
2112,0,0,8750,1,553749,983000
2113,0,0,8750,1,553749,979900
2114,0,0,8750,1,553749,1002900
2115,0,0,8750,1,553749,974100
2116,0,0,8750,1,553749,976800
2117,0,0,8750,1,553749,979400
2118,0,0,8750,1,553749,983200
2119,0,0,8750,1,553749,974500
2120,0,0,8750,1,553749,1026800
2121,0,0,8750,1,553749,987400
2122,0,0,8750,1,553749,1098300
2123,0,0,8750,1,553749,1149100
2124,0,1,8750,0,553750,984000
