Tick,NewlyInfected,NewlyRecovered,TotalSusceptible,TotalInfected,TotalRecovered,StepTimeNanos
0,5,0,62490,10,0,180400
1,1,0,62489,11,0,150100
2,0,1,62489,10,1,171600
3,6,0,62483,16,1,168700
4,4,2,62479,18,3,163400
5,2,0,62477,20,3,167000
6,3,1,62474,22,4,163700
7,4,2,62470,24,6,143500
8,4,0,62466,28,6,136700
9,3,2,62463,29,8,135100
10,3,2,62460,30,10,130700
11,4,1,62456,33,11,133100
12,3,1,62453,35,12,121000
13,8,4,62445,39,16,134700
14,4,1,62441,42,17,125400
15,6,1,62435,47,18,126100
16,10,2,62425,55,20,123700
17,9,3,62416,61,23,124300
18,5,3,62411,63,26,123000
19,7,5,62404,65,31,126100
20,6,2,62398,69,33,147800
21,11,5,62387,75,38,137400
22,5,5,62382,75,43,129800
23,8,4,62374,79,47,127900
24,14,2,62360,91,49,133500
25,11,7,62349,95,56,135600
26,11,4,62338,102,60,130100
27,7,7,62331,102,67,130600
28,14,4,62317,112,71,128400
29,13,5,62304,120,76,131000
30,9,5,62295,124,81,125700
31,10,3,62285,131,84,135900
32,13,7,62272,137,91,121300
33,18,5,62254,150,96,125900
34,22,6,62232,166,102,139300
35,17,10,62215,173,112,163400
36,18,8,62197,183,120,136400
37,16,4,62181,195,124,239400
38,16,8,62165,203,132,129900
39,19,13,62146,209,145,134100
40,20,7,62126,222,152,133200
41,18,8,62108,232,160,126400
42,21,9,62087,244,169,127600
43,22,15,62065,251,184,136700
44,18,17,62047,252,201,162100
45,16,12,62031,256,213,160200
46,15,7,62016,264,220,138000
47,21,15,61995,270,235,142500
48,24,14,61971,280,249,141000
49,25,9,61946,296,258,135700
50,22,9,61924,309,267,130200
51,19,20,61905,308,287,154200
52,33,13,61872,328,300,135800
53,26,12,61846,342,312,132900
54,25,16,61821,351,328,132400
55,26,18,61795,359,346,134800
56,29,12,61766,376,358,127500
57,37,30,61729,383,388,133600
58,36,16,61693,403,404,139200
59,30,26,61663,407,430,130800
60,25,21,61638,411,451,138400
61,23,21,61615,413,472,130100
62,26,19,61589,420,491,130600
63,28,23,61561,425,514,129200
64,36,24,61525,437,538,128900
65,37,22,61488,452,560,130700
66,40,20,61448,472,580,133500
67,21,22,61427,471,602,144000
68,28,22,61399,477,624,140900
69,21,26,61378,472,650,135900
70,24,32,61354,464,682,140200
71,28,26,61326,466,708,136900
72,30,17,61296,479,725,140700
73,28,16,61268,491,741,172300
74,41,23,61227,509,764,178800
75,33,26,61194,516,790,170300
76,38,16,61156,538,806,168800
77,42,23,61114,557,829,141100
78,41,27,61073,571,856,146800
79,31,31,61042,571,887,133100
80,29,33,61013,567,920,130800
81,31,28,60982,570,948,141500
82,36,26,60946,580,974,166500
83,24,23,60922,581,997,143600
84,44,32,60878,593,1029,138500
85,42,34,60836,601,1063,137700
86,39,25,60797,615,1088,137900
87,36,36,60761,615,1124,169200
88,24,29,60737,610,1153,131600
89,33,29,60704,614,1182,129500
90,40,29,60664,625,1211,130500
91,40,37,60624,628,1248,144600
92,38,27,60586,639,1275,152600
93,34,30,60552,643,1305,133400
94,41,35,60511,649,1340,151900
95,44,28,60467,665,1368,154700
96,39,25,60428,679,1393,178900
97,46,33,60382,692,1426,152000
98,39,31,60343,700,1457,151400
99,36,34,60307,702,1491,144200
100,44,35,60263,711,1526,139400
101,49,43,60214,717,1569,140900
102,58,40,60156,735,1609,145600
103,51,38,60105,748,1647,137500
104,45,40,60060,753,1687,140500
105,48,39,60012,762,1726,162000
106,52,38,59960,776,1764,139300
107,43,38,59917,781,1802,133800
108,50,39,59867,792,1841,134800
109,48,43,59819,797,1884,138400
110,53,39,59766,811,1923,139700
111,51,29,59715,833,1952,142500
112,48,53,59667,828,2005,156400
113,57,43,59610,842,2048,148000
114,47,39,59563,850,2087,154500
115,44,33,59519,861,2120,161700
116,51,38,59468,874,2158,148200
117,53,43,59415,884,2201,217200
118,47,42,59368,889,2243,151100
119,61,36,59307,914,2279,147000
120,57,40,59250,931,2319,149800
121,58,38,59192,951,2357,145100
122,53,46,59139,958,2403,138800
123,53,46,59086,965,2449,151700
124,51,54,59035,962,2503,143300
125,46,50,58989,958,2553,142800
126,52,54,58937,956,2607,151300
127,59,54,58878,961,2661,156400
128,53,45,58825,969,2706,154800
129,55,59,58770,965,2765,156500
130,45,45,58725,965,2810,197700
131,52,47,58673,970,2857,164000
132,50,61,58623,959,2918,153900
133,53,57,58570,955,2975,155400
134,53,44,58517,964,3019,147100
135,49,37,58468,976,3056,145600
136,53,43,58415,986,3099,154900
137,60,45,58355,1001,3144,143500
138,49,51,58306,999,3195,155700
139,35,55,58271,979,3250,148500
140,53,36,58218,996,3286,140700
141,60,47,58158,1009,3333,163900
142,51,55,58107,1005,3388,171100
143,60,48,58047,1017,3436,164400
144,62,45,57985,1034,3481,157500
145,62,53,57923,1043,3534,147800
146,67,54,57856,1056,3588,163500
147,53,53,57803,1056,3641,162600
148,69,62,57734,1063,3703,158100
149,58,54,57676,1067,3757,146700
150,71,57,57605,1081,3814,154400
151,64,45,57541,1100,3859,146300
152,58,52,57483,1106,3911,151600
153,60,45,57423,1121,3956,155100
154,73,61,57350,1133,4017,158200
155,75,58,57275,1150,4075,153500
156,60,54,57215,1156,4129,153800
157,60,60,57155,1156,4189,161700
158,70,59,57085,1167,4248,155500
159,70,52,57015,1185,4300,148000
160,59,48,56956,1196,4348,151300
161,87,62,56869,1221,4410,147900
162,56,63,56813,1214,4473,152200
163,72,51,56741,1235,4524,157700
164,70,72,56671,1233,4596,158400
165,78,62,56593,1249,4658,155200
166,67,71,56526,1245,4729,153400
167,71,54,56455,1262,4783,156100
168,68,60,56387,1270,4843,152900
169,69,60,56318,1279,4903,155200
170,76,71,56242,1284,4974,175400
171,72,69,56170,1287,5043,150600
172,79,54,56091,1312,5097,147700
173,66,67,56025,1311,5164,147100
174,77,69,55948,1319,5233,157700
175,84,72,55864,1331,5305,156500
176,60,81,55804,1310,5386,146500
177,74,73,55730,1311,5459,148800
178,83,58,55647,1336,5517,152100
179,75,75,55572,1336,5592,152500
180,74,68,55498,1342,5660,146700
181,78,70,55420,1350,5730,148800
182,67,64,55353,1353,5794,143700
183,61,87,55292,1327,5881,145800
184,59,69,55233,1317,5950,176300
185,80,74,55153,1323,6024,161900
186,78,60,55075,1341,6084,153000
187,82,77,54993,1346,6161,164100
188,64,80,54929,1330,6241,148200
189,83,71,54846,1342,6312,147200
190,82,51,54764,1373,6363,160300
191,66,72,54698,1367,6435,162300
192,88,63,54610,1392,6498,158200
193,79,91,54531,1380,6589,166800
194,67,63,54464,1384,6652,154200
195,76,69,54388,1391,6721,156200
196,81,73,54307,1399,6794,156600
197,91,63,54216,1427,6857,148600
198,67,84,54149,1410,6941,149300
199,93,63,54056,1440,7004,314200
200,91,82,53965,1449,7086,162700
201,91,73,53874,1467,7159,161200
202,83,69,53791,1481,7228,154400
203,87,72,53704,1496,7300,152200
204,69,81,53635,1484,7381,219800
205,91,76,53544,1499,7457,155000
206,87,59,53457,1527,7516,148800
207,98,80,53359,1545,7596,157100
208,95,76,53264,1564,7672,147000
209,80,83,53184,1561,7755,157000
210,85,90,53099,1556,7845,165400
211,84,75,53015,1565,7920,162400
212,92,78,52923,1579,7998,162400
213,73,80,52850,1572,8078,161100
214,106,107,52744,1571,8185,168800
215,93,89,52651,1575,8274,156200
216,93,78,52558,1590,8352,153800
217,85,89,52473,1586,8441,151600
218,75,98,52398,1563,8539,149100
219,82,82,52316,1563,8621,159600
220,101,77,52215,1587,8698,159100
221,88,76,52127,1599,8774,160100
222,84,81,52043,1602,8855,156500
223,72,91,51971,1583,8946,163000
224,95,89,51876,1589,9035,163500
225,75,79,51801,1585,9114,159100
226,90,75,51711,1600,9189,152900
227,94,79,51617,1615,9268,148300
228,94,89,51523,1620,9357,195900
229,90,85,51433,1625,9442,165600
230,105,67,51328,1663,9509,158200
231,97,77,51231,1683,9586,176000
232,94,92,51137,1685,9678,154900
233,95,101,51042,1679,9779,165900
234,99,78,50943,1700,9857,155700
235,105,84,50838,1721,9941,149000
236,110,104,50728,1727,10045,149000
237,104,102,50624,1729,10147,147400
238,99,82,50525,1746,10229,146400
239,106,80,50419,1772,10309,156100
240,103,86,50316,1789,10395,159400
241,100,79,50216,1810,10474,147600
242,96,98,50120,1808,10572,159400
243,87,96,50033,1799,10668,154000
244,97,103,49936,1793,10771,161000
245,103,104,49833,1792,10875,172900
246,69,82,49764,1779,10957,165700
247,88,80,49676,1787,11037,159800
248,107,88,49569,1806,11125,161600
249,100,70,49469,1836,11195,158000
250,99,93,49370,1842,11288,155600
251,99,77,49271,1864,11365,162800
252,89,87,49182,1866,11452,156600
253,116,90,49066,1892,11542,156300
254,94,97,48972,1889,11639,164800
255,98,97,48874,1890,11736,150100
256,109,105,48765,1894,11841,155800
257,102,89,48663,1907,11930,171600
258,107,108,48556,1906,12038,167400
259,98,96,48458,1908,12134,183700
260,96,112,48362,1892,12246,161500
261,95,86,48267,1901,12332,153700
262,91,92,48176,1900,12424,158000
263,101,95,48075,1906,12519,153700
264,107,103,47968,1910,12622,163500
265,110,104,47858,1916,12726,164400
266,102,80,47756,1938,12806,167300
267,95,97,47661,1936,12903,160600
268,96,92,47565,1940,12995,167200
269,86,98,47479,1928,13093,166300
270,94,91,47385,1931,13184,190200
271,114,94,47271,1951,13278,179400
272,114,111,47157,1954,13389,183700
273,94,96,47063,1952,13485,176100
274,101,88,46962,1965,13573,184900
275,108,98,46854,1975,13671,180200
276,107,111,46747,1971,13782,165900
277,108,104,46639,1975,13886,180200
278,102,85,46537,1992,13971,159800
279,120,103,46417,2009,14074,174900
280,93,88,46324,2014,14162,155800
281,104,113,46220,2005,14275,160500
282,115,94,46105,2026,14369,150400
283,108,104,45997,2030,14473,151900
284,141,93,45856,2078,14566,203600
285,99,111,45757,2066,14677,168400
286,114,111,45643,2069,14788,209700
287,128,101,45515,2096,14889,167400
288,114,121,45401,2089,15010,167100
289,132,107,45269,2114,15117,170200
290,123,108,45146,2129,15225,153200
291,117,118,45029,2128,15343,163800
292,123,100,44906,2151,15443,162900
293,121,93,44785,2179,15536,158900
294,106,120,44679,2165,15656,166100
295,129,114,44550,2180,15770,174900
296,100,121,44450,2159,15891,172800
297,102,110,44348,2151,16001,167800
298,122,102,44226,2171,16103,162600
299,93,85,44133,2179,16188,164700
300,124,105,44009,2198,16293,206300
301,113,120,43896,2191,16413,195400
302,120,110,43776,2201,16523,171500
303,113,106,43663,2208,16629,174500
304,105,115,43558,2198,16744,168600
305,97,112,43461,2183,16856,163000
306,95,107,43366,2171,16963,162200
307,120,97,43246,2194,17060,157500
308,113,103,43133,2204,17163,159400
309,131,124,43002,2211,17287,167400
310,120,106,42882,2225,17393,166500
311,108,106,42774,2227,17499,172300
312,125,111,42649,2241,17610,185000
313,133,119,42516,2255,17729,169400
314,112,122,42404,2245,17851,201400
315,114,129,42290,2230,17980,186200
316,122,106,42168,2246,18086,173600
317,130,110,42038,2266,18196,169800
318,115,105,41923,2276,18301,170300
319,136,127,41787,2285,18428,172800
320,94,115,41693,2264,18543,156500
321,111,101,41582,2274,18644,167700
322,106,118,41476,2262,18762,155900
323,126,106,41350,2282,18868,165100
324,117,109,41233,2290,18977,163100
325,97,103,41136,2284,19080,169900
326,101,121,41035,2264,19201,172400
327,120,111,40915,2273,19312,175700
328,99,89,40816,2283,19401,166300
329,91,106,40725,2268,19507,155200
330,111,109,40614,2270,19616,164700
331,112,114,40502,2268,19730,174600
332,102,115,40400,2255,19845,166000
333,84,106,40316,2233,19951,161600
334,113,109,40203,2237,20060,174500
335,98,106,40105,2229,20166,258800
336,114,126,39991,2217,20292,180100
337,130,109,39861,2238,20401,183600
338,103,103,39758,2238,20504,170400
339,120,98,39638,2260,20602,270100
340,104,106,39534,2258,20708,175200
341,106,102,39428,2262,20810,186800
342,105,106,39323,2261,20916,166700
343,98,102,39225,2257,21018,171400
344,115,103,39110,2269,21121,176500
345,116,124,38994,2261,21245,178100
346,87,125,38907,2223,21370,181200
347,85,116,38822,2192,21486,172500
348,88,110,38734,2170,21596,191700
349,92,106,38642,2156,21702,168300
350,94,125,38548,2125,21827,180500
351,92,87,38456,2130,21914,172600
352,106,104,38350,2132,22018,175100
353,93,102,38257,2123,22120,162900
354,101,111,38156,2113,22231,237400
355,84,95,38072,2102,22326,170300
356,103,125,37969,2080,22451,175200
357,92,104,37877,2068,22555,162200
358,91,112,37786,2047,22667,175200
359,90,102,37696,2035,22769,182800
360,87,117,37609,2005,22886,167600
361,96,97,37513,2004,22983,164500
362,88,114,37425,1978,23097,153700
363,92,133,37333,1937,23230,163700
364,75,95,37258,1917,23325,147700
365,80,98,37178,1899,23423,170800
366,83,106,37095,1876,23529,175200
367,66,86,37029,1856,23615,169900
368,82,99,36947,1839,23714,166200
369,95,98,36852,1836,23812,182100
370,76,86,36776,1826,23898,164400
371,90,96,36686,1820,23994,159300
372,77,82,36609,1815,24076,147200
373,88,84,36521,1819,24160,154100
374,79,78,36442,1820,24238,161900
375,89,106,36353,1803,24344,169000
376,75,85,36278,1793,24429,168900
377,82,92,36196,1783,24521,159500
378,86,91,36110,1778,24612,159000
379,86,80,36024,1784,24692,149600
380,95,83,35929,1796,24775,189800
381,73,87,35856,1782,24862,174700
382,93,93,35763,1782,24955,190600
383,84,87,35679,1779,25042,177000
384,74,94,35605,1759,25136,178400
385,81,81,35524,1759,25217,180000
386,86,95,35438,1750,25312,165400
387,91,77,35347,1764,25389,165800
388,74,85,35273,1753,25474,163500
389,95,97,35178,1751,25571,175400
390,88,75,35090,1764,25646,161900
391,84,75,35006,1773,25721,146400
392,99,97,34907,1775,25818,162100
393,94,82,34813,1787,25900,154000
394,96,84,34717,1799,25984,157100
395,93,85,34624,1807,26069,226300
396,90,97,34534,1800,26166,168100
397,97,97,34437,1800,26263,162600
398,83,89,34354,1794,26352,171300
399,92,101,34262,1785,26453,171100
400,70,106,34192,1749,26559,163800
401,74,102,34118,1721,26661,179800
402,85,99,34033,1707,26760,166100
403,77,69,33956,1715,26829,156200
404,88,75,33868,1728,26904,150700
405,84,101,33784,1711,27005,182700
406,85,75,33699,1721,27080,172400
407,78,100,33621,1699,27180,160600
408,71,88,33550,1682,27268,165300
409,91,89,33459,1684,27357,170200
410,74,77,33385,1681,27434,173500
411,92,76,33293,1697,27510,181100
412,65,89,33228,1673,27599,172100
413,81,83,33147,1671,27682,176600
414,92,63,33055,1700,27745,157500
415,94,82,32961,1712,27827,162700
416,78,92,32883,1698,27919,158300
417,101,77,32782,1722,27996,160300
418,94,86,32688,1730,28082,154800
419,91,87,32597,1734,28169,158200
420,83,77,32514,1740,28246,160500
421,83,84,32431,1739,28330,166200
422,83,74,32348,1748,28404,158200
423,82,100,32266,1730,28504,337800
424,78,82,32188,1726,28586,159900
425,77,83,32111,1720,28669,174300
426,80,76,32031,1724,28745,161300
427,82,108,31949,1698,28853,181300
428,77,103,31872,1672,28956,168800
429,78,71,31794,1679,29027,150100
430,75,75,31719,1679,29102,152700
431,64,85,31655,1658,29187,157500
432,81,85,31574,1654,29272,146100
433,76,80,31498,1650,29352,157400
434,62,72,31436,1640,29424,157900
435,72,75,31364,1637,29499,158100
436,95,82,31269,1650,29581,170300
437,88,79,31181,1659,29660,163200
438,82,79,31099,1662,29739,174000
439,84,100,31015,1646,29839,168000
440,80,86,30935,1640,29925,183900
441,70,91,30865,1619,30016,168300
442,87,79,30778,1627,30095,166700
443,76,70,30702,1633,30165,169800
444,76,101,30626,1608,30266,195500
445,64,79,30562,1593,30345,176100
446,71,75,30491,1589,30420,161000
447,61,84,30430,1566,30504,161100
448,62,89,30368,1539,30593,164900
449,60,69,30308,1530,30662,153800
450,70,78,30238,1522,30740,159900
451,72,87,30166,1507,30827,167400
452,68,75,30098,1500,30902,335500
453,71,78,30027,1493,30980,157100
454,82,83,29945,1492,31063,164300
455,62,81,29883,1473,31144,159400
456,76,64,29807,1485,31208,157600
457,70,73,29737,1482,31281,153400
458,69,73,29668,1478,31354,195500
459,51,71,29617,1458,31425,172100
460,74,78,29543,1454,31503,155600
461,72,70,29471,1456,31573,158800
462,79,79,29392,1456,31652,155900
463,53,72,29339,1437,31724,155300
464,82,59,29257,1460,31783,166900
465,77,82,29180,1455,31865,155400
466,63,64,29117,1454,31929,157800
467,85,78,29032,1461,32007,156000
468,71,91,28961,1441,32098,152900
469,56,60,28905,1437,32158,174200
470,70,64,28835,1443,32222,172800
471,68,70,28767,1441,32292,162700
472,66,65,28701,1442,32357,172200
473,75,69,28626,1448,32426,163800
474,62,76,28564,1434,32502,160100
475,53,62,28511,1425,32564,152500
476,59,72,28452,1412,32636,161800
477,70,58,28382,1424,32694,171000
478,74,63,28308,1435,32757,155700
479,64,84,28244,1415,32841,159700
480,74,79,28170,1410,32920,166900
481,60,69,28110,1401,32989,148000
482,78,60,28032,1419,33049,157300
483,67,76,27965,1410,33125,151000
484,63,68,27902,1405,33193,150700
485,77,69,27825,1413,33262,150500
486,75,68,27750,1420,33330,156500
487,57,65,27693,1412,33395,151300
488,63,74,27630,1401,33469,190700
489,57,77,27573,1381,33546,187100
490,72,73,27501,1380,33619,160800
491,64,74,27437,1370,33693,155600
492,79,81,27358,1368,33774,172500
493,65,60,27293,1373,33834,148300
494,66,69,27227,1370,33903,153300
495,82,79,27145,1373,33982,168400
496,55,69,27090,1359,34051,157700
497,55,78,27035,1336,34129,154200
498,68,72,26967,1332,34201,159700
499,87,69,26880,1350,34270,159800
500,67,62,26813,1355,34332,152600
501,67,82,26746,1340,34414,156500
502,68,74,26678,1334,34488,158600
503,76,70,26602,1340,34558,150200
504,68,65,26534,1343,34623,161000
505,67,71,26467,1339,34694,156000
506,70,62,26397,1347,34756,175000
507,66,60,26331,1353,34816,170000
508,59,73,26272,1339,34889,157100
509,82,67,26190,1354,34956,158300
510,72,62,26118,1364,35018,160800
511,61,69,26057,1356,35087,166600
512,58,69,25999,1345,35156,337100
513,67,67,25932,1345,35223,168300
514,67,61,25865,1351,35284,157800
515,59,58,25806,1352,35342,156800
516,73,63,25733,1362,35405,149000
517,60,63,25673,1359,35468,144500
518,75,58,25598,1376,35526,143900
519,79,78,25519,1377,35604,153800
520,63,82,25456,1358,35686,151500
521,76,60,25380,1374,35746,153500
522,53,57,25327,1370,35803,154100
523,66,66,25261,1370,35869,148400
524,76,56,25185,1390,35925,149700
525,56,66,25129,1380,35991,154200
526,61,72,25068,1369,36063,149300
527,65,70,25003,1364,36133,146400
528,64,63,24939,1365,36196,145700
529,64,77,24875,1352,36273,155200
530,70,76,24805,1346,36349,146300
531,61,63,24744,1344,36412,145000
532,58,66,24686,1336,36478,153300
533,52,70,24634,1318,36548,153100
534,61,75,24573,1304,36623,143300
535,50,67,24523,1287,36690,142400
536,55,60,24468,1282,36750,150100
537,57,85,24411,1254,36835,159000
538,64,56,24347,1262,36891,151000
539,62,67,24285,1257,36958,163000
540,60,68,24225,1249,37026,145900
541,55,51,24170,1253,37077,149000
542,56,64,24114,1245,37141,148000
543,61,69,24053,1237,37210,147800
544,67,57,23986,1247,37267,169800
545,62,70,23924,1239,37337,200100
546,67,68,23857,1238,37405,157600
547,54,60,23803,1232,37465,154000
548,59,64,23744,1227,37529,154500
549,68,68,23676,1227,37597,168000
550,47,55,23629,1219,37652,148100
551,53,60,23576,1212,37712,141800
552,58,45,23518,1225,37757,160700
553,53,54,23465,1224,37811,156700
554,60,61,23405,1223,37872,151700
555,48,61,23357,1210,37933,173200
556,57,50,23300,1217,37983,147100
557,44,51,23256,1210,38034,144400
558,69,65,23187,1214,38099,150000
559,53,68,23134,1199,38167,157800
560,46,64,23088,1181,38231,141700
561,42,57,23046,1166,38288,147500
562,52,72,22994,1146,38360,150500
563,56,53,22938,1149,38413,142400
564,51,53,22887,1147,38466,149800
565,60,51,22827,1156,38517,146200
566,59,57,22768,1158,38574,148800
567,58,68,22710,1148,38642,144600
568,55,48,22655,1155,38690,145500
569,53,48,22602,1160,38738,150400
570,53,68,22549,1145,38806,147400
571,64,54,22485,1155,38860,160700
572,76,56,22409,1175,38916,162500
573,49,57,22360,1167,38973,148400
574,67,51,22293,1183,39024,170600
575,49,59,22244,1173,39083,154600
576,61,48,22183,1186,39131,295100
577,55,54,22128,1187,39185,153600
578,50,53,22078,1184,39238,145200
579,50,66,22028,1168,39304,151100
580,50,52,21978,1166,39356,148500
581,67,61,21911,1172,39417,153700
582,45,55,21866,1162,39472,154400
583,65,60,21801,1167,39532,150500
584,44,64,21757,1147,39596,150500
585,50,57,21707,1140,39653,146000
586,52,58,21655,1134,39711,144900
587,50,54,21605,1130,39765,142600
588,62,63,21543,1129,39828,150300
589,54,55,21489,1128,39883,144600
590,54,66,21435,1116,39949,161400
591,61,50,21374,1127,39999,140100
592,58,49,21316,1136,40048,154600
593,46,60,21270,1122,40108,145300
594,54,52,21216,1124,40160,143500
595,51,66,21165,1109,40226,141800
596,66,63,21099,1112,40289,148300
597,67,59,21032,1120,40348,144300
598,57,62,20975,1115,40410,156900
599,41,63,20934,1093,40473,152200
600,59,50,20875,1102,40523,153100
601,62,58,20813,1106,40581,145100
602,67,62,20746,1111,40643,149300
603,56,65,20690,1102,40708,149200
604,51,42,20639,1111,40750,152300
605,63,59,20576,1115,40809,149000
606,50,61,20526,1104,40870,155700
607,38,53,20488,1089,40923,143700
608,41,63,20447,1067,40986,147000
609,47,60,20400,1054,41046,139800
610,45,60,20355,1039,41106,182500
611,54,54,20301,1039,41160,175900
612,50,64,20251,1025,41224,156500
613,52,65,20199,1012,41289,149200
614,57,60,20142,1009,41349,150300
615,43,53,20099,999,41402,152000
616,51,49,20048,1001,41451,156300
617,41,38,20007,1004,41489,148800
618,42,47,19965,999,41536,146800
619,51,59,19914,991,41595,143200
620,48,60,19866,979,41655,149200
621,51,42,19815,988,41697,158900
622,45,42,19770,991,41739,149300
623,53,56,19717,988,41795,149200
624,53,47,19664,994,41842,142100
625,49,44,19615,999,41886,276300
626,44,42,19571,1001,41928,146600
627,59,48,19512,1012,41976,141700
628,63,56,19449,1019,42032,146400
629,54,60,19395,1013,42092,149400
630,43,52,19352,1004,42144,146000
631,54,47,19298,1011,42191,143700
632,46,43,19252,1014,42234,156800
633,57,65,19195,1006,42299,145300
634,52,52,19143,1006,42351,153500
635,54,63,19089,997,42414,144800
636,48,41,19041,1004,42455,159600
637,65,57,18976,1012,42512,163700
638,59,40,18917,1031,42552,151100
639,50,44,18867,1037,42596,146900
640,65,40,18802,1062,42636,142700
641,44,51,18758,1055,42687,136400
642,63,72,18695,1046,42759,153800
643,58,66,18637,1038,42825,179700
644,50,53,18587,1035,42878,150500
645,56,63,18531,1028,42941,156600
646,61,47,18470,1042,42988,149200
647,55,52,18415,1045,43040,144400
648,59,51,18356,1053,43091,153700
649,63,51,18293,1065,43142,170100
650,67,50,18226,1082,43192,154000
651,59,52,18167,1089,43244,151700
652,55,47,18112,1097,43291,143200
653,53,62,18059,1088,43353,145800
654,55,61,18004,1082,43414,144600
655,64,51,17940,1095,43465,163800
656,60,55,17880,1100,43520,147300
657,59,56,17821,1103,43576,155100
658,54,52,17767,1105,43628,146800
659,51,67,17716,1089,43695,146400
660,50,64,17666,1075,43759,147900
661,48,52,17618,1071,43811,146100
662,52,54,17566,1069,43865,146400
663,65,50,17501,1084,43915,152200
664,65,62,17436,1087,43977,150700
665,61,61,17375,1087,44038,151800
666,67,57,17308,1097,44095,144700
667,65,53,17243,1109,44148,157700
668,57,58,17186,1108,44206,152800
669,64,50,17122,1122,44256,196000
670,58,52,17064,1128,44308,148400
671,51,60,17013,1119,44368,148900
672,62,56,16951,1125,44424,160000
673,62,54,16889,1133,44478,156300
674,61,55,16828,1139,44533,155500
675,49,62,16779,1126,44595,154300
676,53,60,16726,1119,44655,250000
677,47,74,16679,1092,44729,161700
678,56,67,16623,1081,44796,158900
679,55,62,16568,1074,44858,156500
680,51,49,16517,1076,44907,145900
681,65,54,16452,1087,44961,152700
682,57,63,16395,1081,45024,152200
683,58,48,16337,1091,45072,143600
684,43,49,16294,1085,45121,151400
685,45,55,16249,1075,45176,143900
686,50,71,16199,1054,45247,145000
687,46,57,16153,1043,45304,143700
688,47,64,16106,1026,45368,148500
689,56,46,16050,1036,45414,148000
690,47,57,16003,1026,45471,144800
691,52,60,15951,1018,45531,162700
692,53,46,15898,1025,45577,142900
693,52,50,15846,1027,45627,142300
694,48,53,15798,1022,45680,149300
695,61,40,15737,1043,45720,158000
696,56,55,15681,1044,45775,143500
697,56,59,15625,1041,45834,148700
698,51,46,15574,1046,45880,145000
699,39,50,15535,1035,45930,147200
700,54,42,15481,1047,45972,139500
701,62,55,15419,1054,46027,149200
702,50,55,15369,1049,46082,163200
703,52,60,15317,1041,46142,142100
704,62,60,15255,1043,46202,156500
705,52,64,15203,1031,46266,147100
706,56,46,15147,1041,46312,146100
707,52,43,15095,1050,46355,151000
708,51,61,15044,1040,46416,156500
709,69,43,14975,1066,46459,145500
710,64,59,14911,1071,46518,149900
711,59,51,14852,1079,46569,154100
712,60,58,14792,1081,46627,145800
713,60,58,14732,1083,46685,147000
714,55,61,14677,1077,46746,146500
715,50,50,14627,1077,46796,151100
716,55,49,14572,1083,46845,148800
717,64,43,14508,1104,46888,150300
718,71,55,14437,1120,46943,155300
719,56,54,14381,1122,46997,144000
720,62,50,14319,1134,47047,149000
721,63,50,14256,1147,47097,152700
722,66,54,14190,1159,47151,145800
723,56,61,14134,1154,47212,151700
724,66,62,14068,1158,47274,156200
725,58,59,14010,1157,47333,149200
726,52,57,13958,1152,47390,145500
727,59,55,13899,1156,47445,150500
728,55,60,13844,1151,47505,154500
729,63,55,13781,1159,47560,147200
730,56,53,13725,1162,47613,158000
731,46,55,13679,1153,47668,157500
732,52,59,13627,1146,47727,170500
733,56,56,13571,1146,47783,152700
734,60,53,13511,1153,47836,146900
735,59,57,13452,1155,47893,147900
736,54,56,13398,1153,47949,154500
737,64,60,13334,1157,48009,148000
738,50,62,13284,1145,48071,152500
739,59,59,13225,1145,48130,151600
740,53,63,13172,1135,48193,147700
741,63,52,13109,1146,48245,150300
742,51,75,13058,1122,48320,148600
743,54,63,13004,1113,48383,152100
744,53,43,12951,1123,48426,144600
745,50,55,12901,1118,48481,150300
746,44,62,12857,1100,48543,160700
747,47,61,12810,1086,48604,164400
748,54,57,12756,1083,48661,152400
749,38,42,12718,1079,48703,146300
750,43,53,12675,1069,48756,151400
751,47,61,12628,1055,48817,147400
752,51,56,12577,1050,48873,147100
753,43,54,12534,1039,48927,146000
754,61,60,12473,1040,48987,216000
755,41,60,12432,1021,49047,151900
756,51,49,12381,1023,49096,144400
757,45,60,12336,1008,49156,145900
758,61,50,12275,1019,49206,142100
759,61,56,12214,1024,49262,142500
760,42,55,12172,1011,49317,141900
761,49,55,12123,1005,49372,155300
762,48,46,12075,1007,49418,143000
763,57,46,12018,1018,49464,148100
764,61,42,11957,1037,49506,144600
765,49,42,11908,1044,49548,150400
766,68,45,11840,1067,49593,151600
767,62,45,11778,1084,49638,143900
768,59,53,11719,1090,49691,153300
769,47,44,11672,1093,49735,142300
770,60,60,11612,1093,49795,143400
771,65,64,11547,1094,49859,155600
772,55,58,11492,1091,49917,142100
773,48,50,11444,1089,49967,148900
774,54,69,11390,1074,50036,150900
775,59,58,11331,1075,50094,150300
776,54,70,11277,1059,50164,143800
777,60,54,11217,1065,50218,152900
778,62,51,11155,1076,50269,154500
779,52,47,11103,1081,50316,146600
780,66,70,11037,1077,50386,148800
781,53,43,10984,1087,50429,146400
782,60,56,10924,1091,50485,159000
783,67,55,10857,1103,50540,152600
784,61,58,10796,1106,50598,144600
785,48,50,10748,1104,50648,148900
786,58,66,10690,1096,50714,149800
787,60,58,10630,1098,50772,146000
788,59,61,10571,1096,50833,151500
789,57,41,10514,1112,50874,143400
790,66,49,10448,1129,50923,146300
791,48,53,10400,1124,50976,143900
792,48,66,10352,1106,51042,147000
793,44,54,10308,1096,51096,146000
794,44,53,10264,1087,51149,148500
795,57,59,10207,1085,51208,141400
796,63,51,10144,1097,51259,147100
797,60,60,10084,1097,51319,143100
798,59,48,10025,1108,51367,143900
799,51,49,9974,1110,51416,145000
800,67,62,9907,1115,51478,175400
801,55,63,9852,1107,51541,195100
802,62,50,9790,1119,51591,271800
803,53,59,9737,1113,51650,236400
804,52,43,9685,1122,51693,190700
805,54,60,9631,1116,51753,185600
806,52,56,9579,1112,51809,205000
807,59,65,9520,1106,51874,180300
808,57,49,9463,1114,51923,174900
809,60,49,9403,1125,51972,202100
810,62,56,9341,1131,52028,185800
811,61,60,9280,1132,52088,209100
812,57,71,9223,1118,52159,193200
813,59,56,9164,1121,52215,226100
814,48,58,9116,1111,52273,215900
815,39,58,9077,1092,52331,179300
816,40,56,9037,1076,52387,187600
817,48,60,8989,1064,52447,183300
818,59,56,8930,1067,52503,175800
819,48,55,8882,1060,52558,173700
820,55,58,8827,1057,52616,188500
821,45,49,8782,1053,52665,253200
822,54,55,8728,1052,52720,234400
823,49,51,8679,1050,52771,156200
824,43,49,8636,1044,52820,150200
825,46,56,8590,1034,52876,150200
826,56,41,8534,1049,52917,147400
827,40,52,8494,1037,52969,150500
828,46,56,8448,1027,53025,148600
829,42,44,8406,1025,53069,151200
830,59,56,8347,1028,53125,148000
831,50,62,8297,1016,53187,143600
832,57,44,8240,1029,53231,144600
833,52,50,8188,1031,53281,155300
834,53,59,8135,1025,53340,153200
835,33,50,8102,1008,53390,145300
836,45,59,8057,994,53449,146900
837,48,57,8009,985,53506,149900
838,41,48,7968,978,53554,147900
839,60,49,7908,989,53603,155000
840,39,61,7869,967,53664,139300
841,54,49,7815,972,53713,142600
842,43,55,7772,960,53768,141100
843,49,55,7723,954,53823,140800
844,42,44,7681,952,53867,146000
845,47,53,7634,946,53920,288100
846,41,37,7593,950,53957,153300
847,40,34,7553,956,53991,145200
848,44,47,7509,953,54038,144700
849,41,46,7468,948,54084,160400
850,45,50,7423,943,54134,147900
851,39,43,7384,939,54177,150000
852,54,49,7330,944,54226,146800
853,41,32,7289,953,54258,136300
854,48,43,7241,958,54301,147500
855,37,47,7204,948,54348,144800
856,50,52,7154,946,54400,149800
857,32,51,7122,927,54451,145500
858,44,41,7078,930,54492,139000
859,60,45,7018,945,54537,153200
860,42,52,6976,935,54589,143500
861,36,49,6940,922,54638,144500
862,42,36,6898,928,54674,151800
863,47,49,6851,926,54723,148200
864,40,51,6811,915,54774,150700
865,35,48,6776,902,54822,140200
866,45,56,6731,891,54878,142300
867,50,50,6681,891,54928,146900
868,50,40,6631,901,54968,145000
869,47,53,6584,895,55021,138100
870,42,51,6542,886,55072,144700
871,44,44,6498,886,55116,138800
872,41,41,6457,886,55157,138400
873,31,42,6426,875,55199,130700
874,44,50,6382,869,55249,145900
875,32,36,6350,865,55285,139500
876,40,34,6310,871,55319,137000
877,37,35,6273,873,55354,137900
878,43,42,6230,874,55396,139500
879,35,37,6195,872,55433,135500
880,41,44,6154,869,55477,139500
881,44,49,6110,864,55526,142500
882,39,51,6071,852,55577,143600
883,41,40,6030,853,55617,149600
884,32,49,5998,836,55666,143000
885,34,39,5964,831,55705,140200
886,35,32,5929,834,55737,137500
887,51,40,5878,845,55777,142200
888,40,46,5838,839,55823,143900
889,52,41,5786,850,55864,143700
890,46,41,5740,855,55905,153100
891,56,37,5684,874,55942,147200
892,49,46,5635,877,55988,146200
893,34,38,5601,873,56026,147000
894,41,57,5560,857,56083,147200
895,50,49,5510,858,56132,149800
896,39,49,5471,848,56181,151700
897,41,46,5430,843,56227,142000
898,38,45,5392,836,56272,141800
899,41,40,5351,837,56312,140600
900,44,48,5307,833,56360,142800
901,37,32,5270,838,56392,138300
902,48,42,5222,844,56434,141000
903,43,40,5179,847,56474,149500
904,49,53,5130,843,56527,143900
905,44,39,5086,848,56566,144100
906,40,39,5046,849,56605,137800
907,46,43,5000,852,56648,141100
908,46,40,4954,858,56688,134900
909,50,33,4904,875,56721,146400
910,45,62,4859,858,56783,144300
911,34,33,4825,859,56816,138600
912,37,40,4788,856,56856,133900
913,38,44,4750,850,56900,140900
914,32,50,4718,832,56950,141300
915,48,43,4670,837,56993,138400
916,39,29,4631,847,57022,145900
917,38,38,4593,847,57060,150500
918,40,35,4553,852,57095,146600
919,37,46,4516,843,57141,143200
920,45,43,4471,845,57184,170500
921,36,41,4435,840,57225,160200
922,39,37,4396,842,57262,159400
923,37,34,4359,845,57296,159400
924,37,42,4322,840,57338,150600
925,33,45,4289,828,57383,155000
926,35,51,4254,812,57434,153300
927,35,45,4219,802,57479,145000
928,32,47,4187,787,57526,149500
929,34,50,4153,771,57576,144400
930,35,35,4118,771,57611,147200
931,38,34,4080,775,57645,143500
932,31,45,4049,761,57690,138700
933,35,35,4014,761,57725,146100
934,26,31,3988,756,57756,145600
935,20,39,3968,737,57795,141300
936,30,32,3938,735,57827,137700
937,38,36,3900,737,57863,138400
938,32,42,3868,727,57905,138800
939,31,32,3837,726,57937,136800
940,25,37,3812,714,57974,145300
941,25,35,3787,704,58009,137800
942,24,40,3763,688,58049,136400
943,35,35,3728,688,58084,135300
944,30,30,3698,688,58114,133400
945,23,31,3675,680,58145,135400
946,31,28,3644,683,58173,133100
947,25,21,3619,687,58194,139500
948,30,34,3589,683,58228,140700
949,35,26,3554,692,58254,137400
950,36,33,3518,695,58287,137200
951,31,38,3487,688,58325,145500
952,27,29,3460,686,58354,135100
953,24,38,3436,672,58392,134200
954,30,30,3406,672,58422,135700
955,29,31,3377,670,58453,141900
956,24,33,3353,661,58486,137300
957,21,34,3332,648,58520,137100
958,32,35,3300,645,58555,146500
959,19,31,3281,633,58586,150200
960,20,35,3261,618,58621,150200
961,26,40,3235,604,58661,149200
962,27,45,3208,586,58706,156500
963,19,25,3189,580,58731,139500
964,21,24,3168,577,58755,138000
965,21,31,3147,567,58786,139200
966,29,35,3118,561,58821,139300
967,25,27,3093,559,58848,142700
968,21,25,3072,555,58873,136200
969,19,31,3053,543,58904,132300
970,21,32,3032,532,58936,132000
971,18,21,3014,529,58957,141700
972,20,33,2994,516,58990,138000
973,16,19,2978,513,59009,132300
974,15,29,2963,499,59038,133400
975,20,28,2943,491,59066,133300
976,17,27,2926,481,59093,139300
977,29,25,2897,485,59118,139800
978,22,20,2875,487,59138,138700
979,19,30,2856,476,59168,142200
980,17,24,2839,469,59192,141700
981,22,20,2817,471,59212,134800
982,20,22,2797,469,59234,132000
983,21,21,2776,469,59255,144400
984,15,22,2761,462,59277,134000
985,25,22,2736,465,59299,134700
986,21,27,2715,459,59326,133800
987,15,12,2700,462,59338,129100
988,17,14,2683,465,59352,133100
989,19,18,2664,466,59370,141000
990,20,19,2644,467,59389,138600
991,16,18,2628,465,59407,141900
992,24,26,2604,463,59433,141000
993,21,23,2583,461,59456,137800
994,20,23,2563,458,59479,139200
995,20,25,2543,453,59504,134200
996,15,30,2528,438,59534,140100
997,16,14,2512,440,59548,150500
998,15,27,2497,428,59575,148500
999,19,23,2478,424,59598,146200
1000,17,29,2461,412,59627,149000
1001,11,22,2450,401,59649,139600
1002,13,23,2437,391,59672,147700
1003,22,22,2415,391,59694,142600
1004,21,18,2394,394,59712,136800
1005,23,24,2371,393,59736,138800
1006,16,14,2355,395,59750,137000
1007,15,18,2340,392,59768,134300
1008,27,16,2313,403,59784,132500
1009,21,10,2292,414,59794,136400
1010,29,32,2263,411,59826,138500
1011,15,17,2248,409,59843,135100
1012,29,17,2219,421,59860,132400
1013,22,19,2197,424,59879,136800
1014,22,18,2175,428,59897,137200
1015,20,21,2155,427,59918,134900
1016,14,22,2141,419,59940,132700
1017,17,30,2124,406,59970,137900
1018,24,14,2100,416,59984,135100
1019,19,18,2081,417,60002,133900
1020,16,25,2065,408,60027,134800
1021,18,13,2047,413,60040,133500
1022,13,18,2034,408,60058,135200
1023,11,29,2023,390,60087,135100
1024,20,19,2003,391,60106,132300
1025,21,19,1982,393,60125,159500
1026,21,21,1961,393,60146,144600
1027,17,22,1944,388,60168,139200
1028,21,23,1923,386,60191,136100
1029,16,16,1907,386,60207,136300
1030,15,18,1892,383,60225,132800
1031,26,17,1866,392,60242,136300
1032,10,18,1856,384,60260,134400
1033,21,16,1835,389,60276,134300
1034,20,16,1815,393,60292,132700
1035,18,21,1797,390,60313,134400
1036,19,18,1778,391,60331,142800
1037,14,19,1764,386,60350,151400
1038,18,17,1746,387,60367,151100
1039,15,22,1731,380,60389,153800
1040,11,13,1720,378,60402,136800
1041,19,15,1701,382,60417,136700
1042,14,16,1687,380,60433,136800
1043,11,19,1676,372,60452,136500
1044,10,17,1666,365,60469,134900
1045,20,15,1646,370,60484,134400
1046,16,13,1630,373,60497,134800
1047,20,16,1610,377,60513,135200
1048,18,14,1592,381,60527,136100
1049,14,16,1578,379,60543,132600
1050,14,13,1564,380,60556,133400
1051,6,17,1558,369,60573,132200
1052,14,11,1544,372,60584,130400
1053,19,24,1525,367,60608,143500
1054,6,18,1519,355,60626,131300
1055,15,19,1504,351,60645,132900
1056,15,11,1489,355,60656,130600
1057,10,15,1479,350,60671,131800
1058,9,17,1470,342,60688,130300
1059,14,11,1456,345,60699,130600
1060,13,17,1443,341,60716,135400
1061,10,19,1433,332,60735,132000
1062,14,17,1419,329,60752,131500
1063,9,11,1410,327,60763,130500
1064,10,19,1400,318,60782,133600
1065,8,15,1392,311,60797,132600
1066,15,16,1377,310,60813,131200
1067,17,14,1360,313,60827,128600
1068,10,13,1350,310,60840,132000
1069,12,15,1338,307,60855,132500
1070,9,12,1329,304,60867,131500
1071,12,8,1317,308,60875,134700
1072,6,13,1311,301,60888,129800
1073,8,8,1303,301,60896,131800
1074,5,24,1298,282,60920,134000
1075,7,16,1291,273,60936,131800
1076,4,16,1287,261,60952,163300
1077,3,20,1284,244,60972,167500
1078,9,13,1275,240,60985,136300
1079,3,14,1272,229,60999,132900
1080,10,12,1262,227,61011,130500
1081,4,15,1258,216,61026,160300
1082,4,16,1254,204,61042,135100
1083,5,11,1249,198,61053,134100
1084,5,11,1244,192,61064,130200
1085,7,8,1237,191,61072,130200
1086,8,12,1229,187,61084,129400
1087,3,13,1226,177,61097,131500
1088,3,9,1223,171,61106,129800
1089,5,8,1218,168,61114,131700
1090,5,8,1213,165,61122,129400
1091,4,8,1209,161,61130,126500
1092,4,11,1205,154,61141,132400
1093,3,5,1202,152,61146,129200
1094,7,7,1195,152,61153,131400
1095,3,8,1192,147,61161,128200
1096,1,8,1191,140,61169,128500
1097,2,15,1189,127,61184,133300
1098,4,5,1185,126,61189,128500
1099,5,6,1180,125,61195,140300
1100,3,6,1177,122,61201,131900
1101,2,7,1175,117,61208,130400
1102,2,4,1173,115,61212,126400
1103,2,9,1171,108,61221,124700
1104,4,6,1167,106,61227,127900
1105,3,6,1164,103,61233,128300
1106,5,3,1159,105,61236,130000
1107,1,5,1158,101,61241,127200
1108,7,5,1151,103,61246,127200
1109,5,8,1146,100,61254,126000
1110,3,6,1143,97,61260,128500
1111,3,4,1140,96,61264,128200
1112,3,4,1137,95,61268,128600
1113,4,6,1133,93,61274,126100
1114,3,4,1130,92,61278,126600
1115,2,7,1128,87,61285,123600
1116,1,2,1127,86,61287,139400
1117,0,5,1127,81,61292,152900
1118,1,2,1126,80,61294,141900
1119,0,2,1126,78,61296,141300
1120,1,3,1125,76,61299,134500
1121,2,6,1123,72,61305,130900
1122,3,3,1120,72,61308,128100
1123,3,2,1117,73,61310,139400
1124,2,5,1115,70,61315,124000
1125,1,3,1114,68,61318,122000
1126,4,0,1110,72,61318,126700
1127,4,4,1106,72,61322,127400
1128,2,0,1104,74,61322,122200
1129,1,7,1103,68,61329,127600
1130,3,6,1100,65,61335,123700
1131,3,2,1097,66,61337,124300
1132,1,4,1096,63,61341,123400
1133,0,6,1096,57,61347,126200
1134,2,0,1094,59,61347,134000
1135,1,2,1093,58,61349,133600
1136,1,4,1092,55,61353,125300
1137,1,3,1091,53,61356,128900
1138,1,0,1090,54,61356,125300
1139,3,1,1087,56,61357,123100
1140,0,2,1087,54,61359,123700
1141,0,3,1087,51,61362,122500
1142,0,1,1087,50,61363,131500
1143,1,2,1086,49,61365,130900
1144,0,3,1086,46,61368,124700
1145,0,2,1086,44,61370,131600
1146,2,7,1084,39,61377,131800
1147,2,2,1082,39,61379,123000
1148,0,1,1082,38,61380,133000
1149,0,2,1082,36,61382,134700
1150,0,5,1082,31,61387,126100
1151,0,1,1082,30,61388,124400
1152,0,3,1082,27,61391,128500
1153,0,4,1082,23,61395,123400
1154,0,0,1082,23,61395,131500
1155,0,1,1082,22,61396,130400
1156,0,1,1082,21,61397,319500
1157,0,0,1082,21,61397,135900
1158,0,1,1082,20,61398,144100
1159,0,1,1082,19,61399,167900
1160,0,3,1082,16,61402,134300
1161,0,1,1082,15,61403,130600
1162,0,0,1082,15,61403,140100
1163,0,0,1082,15,61403,126500
1164,0,1,1082,14,61404,127600
1165,0,0,1082,14,61404,121700
1166,0,0,1082,14,61404,125300
1167,0,0,1082,14,61404,144000
1168,0,1,1082,13,61405,122500
1169,0,0,1082,13,61405,123800
1170,0,0,1082,13,61405,128300
1171,1,1,1081,13,61406,121600
1172,1,0,1080,14,61406,124800
1173,1,2,1079,13,61408,122700
1174,1,0,1078,14,61408,122600
1175,0,0,1078,14,61408,127400
1176,1,1,1077,14,61409,123200
1177,1,0,1076,15,61409,121600
1178,0,0,1076,15,61409,129600
1179,1,0,1075,16,61409,129000
1180,1,0,1074,17,61409,131100
1181,1,1,1073,17,61410,124800
1182,1,0,1072,18,61410,124200
1183,0,2,1072,16,61412,131700
1184,0,2,1072,14,61414,129900
1185,0,1,1072,13,61415,124000
1186,0,2,1072,11,61417,122600
1187,0,1,1072,10,61418,122200
1188,0,0,1072,10,61418,124100
1189,0,0,1072,10,61418,121300
1190,0,1,1072,9,61419,123800
1191,0,1,1072,8,61420,123400
1192,0,0,1072,8,61420,127900
1193,0,0,1072,8,61420,127800
1194,0,0,1072,8,61420,120700
1195,0,0,1072,8,61420,120200
1196,0,0,1072,8,61420,127600
1197,0,0,1072,8,61420,122500
1198,0,1,1072,7,61421,126100
1199,0,2,1072,5,61423,141200
1200,0,0,1072,5,61423,141400
1201,0,0,1072,5,61423,174900
1202,0,1,1072,4,61424,132600
1203,0,0,1072,4,61424,134500
1204,0,0,1072,4,61424,132400
1205,0,0,1072,4,61424,125000
1206,0,0,1072,4,61424,125700
1207,0,1,1072,3,61425,124600
1208,0,0,1072,3,61425,122400
1209,0,0,1072,3,61425,123100
1210,0,0,1072,3,61425,122400
1211,0,0,1072,3,61425,124500
1212,0,1,1072,2,61426,133300
1213,0,0,1072,2,61426,124700
1214,0,0,1072,2,61426,124000
1215,0,1,1072,1,61427,126900
1216,0,0,1072,1,61427,122500
1217,0,0,1072,1,61427,127900
1218,0,1,1072,0,61428,125300
