Tick,NewlyInfected,NewlyRecovered,TotalSusceptible,TotalInfected,TotalRecovered,StepTimeNanos
0,1,0,999994,6,0,2394700
1,2,0,999992,8,0,1981500
2,1,1,999991,8,1,2093600
3,2,0,999989,10,1,1916300
4,0,1,999989,9,2,1768200
5,3,0,999986,12,2,1793800
6,4,0,999982,16,2,1727200
7,5,0,999977,21,2,1745000
8,5,0,999972,26,2,1690400
9,2,1,999970,27,3,1984400
10,1,2,999969,26,5,1737900
11,10,1,999959,35,6,1672000
12,3,2,999956,36,8,1744100
13,3,2,999953,37,10,1726200
14,4,0,999949,41,10,2036700
15,8,1,999941,48,11,1692600
16,10,2,999931,56,13,1740700
17,10,2,999921,64,15,1691200
18,10,1,999911,73,16,1745100
19,11,3,999900,81,19,1964400
20,9,5,999891,85,24,1748300
21,10,7,999881,88,31,1725300
22,8,6,999873,90,37,1703700
23,15,4,999858,101,41,1905900
24,7,4,999851,104,45,1785900
25,16,6,999835,114,51,1690500
26,11,5,999824,120,56,1993600
27,14,9,999810,125,65,1760000
28,16,13,999794,128,78,1693700
29,10,6,999784,132,84,1975200
30,16,11,999768,137,95,1889900
31,15,8,999753,144,103,1802800
32,13,7,999740,150,110,1805200
33,11,4,999729,157,114,1795400
34,13,9,999716,161,123,1682600
35,13,4,999703,170,127,1695600
36,21,11,999682,180,138,1633800
37,15,6,999667,189,144,1724200
38,21,4,999646,206,148,1718900
39,17,10,999629,213,158,1755100
40,30,22,999599,221,180,1707900
41,19,16,999580,224,196,1747800
42,16,17,999564,223,213,1629600
43,16,10,999548,229,223,1729000
44,19,9,999529,239,232,2087400
45,14,11,999515,242,243,1713000
46,19,14,999496,247,257,1622300
47,28,21,999468,254,278,1734300
48,19,12,999449,261,290,1627600
49,25,10,999424,276,300,1623300
50,36,13,999388,299,313,1666800
51,30,18,999358,311,331,1635600
52,27,16,999331,322,347,1629500
53,27,13,999304,336,360,1726300
54,37,21,999267,352,381,1773400
55,24,16,999243,360,397,1740600
56,19,16,999224,363,413,1669900
57,24,11,999200,376,424,1626400
58,28,10,999172,394,434,1730500
59,29,27,999143,396,461,1619200
60,45,14,999098,427,475,1726800
61,53,27,999045,453,502,1733400
62,41,28,999004,466,530,1742600
63,38,20,998966,484,550,1759900
64,39,20,998927,503,570,1808800
65,39,16,998888,526,586,1626200
66,39,24,998849,541,610,1712200
67,31,33,998818,539,643,1726200
68,26,25,998792,540,668,1729200
69,40,34,998752,546,702,1784000
70,34,31,998718,549,733,1736900
71,38,25,998680,562,758,1746100
72,42,19,998638,585,777,1723800
73,35,28,998603,592,805,1728100
74,37,29,998566,600,834,1717300
75,33,25,998533,608,859,1656600
76,34,35,998499,607,894,1737300
77,36,36,998463,607,930,1768300
78,47,34,998416,620,964,1760000
79,36,31,998380,625,995,1701500
80,52,32,998328,645,1027,1886200
81,38,43,998290,640,1070,1951400
82,43,25,998247,658,1095,1680100
83,43,28,998204,673,1123,1665200
84,42,33,998162,682,1156,1640200
85,57,35,998105,704,1191,1696700
86,56,42,998049,718,1233,1752300
87,40,36,998009,722,1269,2007800
88,40,38,997969,724,1307,1867200
89,57,30,997912,751,1337,1850300
90,46,40,997866,757,1377,1694500
91,47,43,997819,761,1420,1657700
92,40,37,997779,764,1457,2169800
93,50,34,997729,780,1491,1806500
94,61,31,997668,810,1522,1982100
95,51,45,997617,816,1567,1764600
96,49,30,997568,835,1597,1867200
97,61,40,997507,856,1637,1698400
98,65,42,997442,879,1679,1675600
99,47,39,997395,887,1718,1665100
100,48,49,997347,886,1767,1675400
101,61,41,997286,906,1808,1764900
102,64,43,997222,927,1851,1653400
103,65,52,997157,940,1903,1790900
104,55,46,997102,949,1949,1768500
105,57,52,997045,954,2001,1693800
106,51,52,996994,953,2053,1762600
107,66,40,996928,979,2093,1770800
108,55,38,996873,996,2131,1763800
109,72,45,996801,1023,2176,1748700
110,53,53,996748,1023,2229,1708300
111,60,53,996688,1030,2282,1834500
112,62,51,996626,1041,2333,1754800
113,61,51,996565,1051,2384,1775900
114,64,64,996501,1051,2448,1660300
115,68,54,996433,1065,2502,1710100
116,52,49,996381,1068,2551,1754800
117,55,59,996326,1064,2610,1785000
118,59,51,996267,1072,2661,1697900
119,62,62,996205,1072,2723,1701600
120,61,63,996144,1070,2786,1793500
121,63,52,996081,1081,2838,1883000
122,77,47,996004,1111,2885,1765500
123,71,46,995933,1136,2931,1692100
124,66,54,995867,1148,2985,1705300
125,61,65,995806,1144,3050,1684200
126,66,55,995740,1155,3105,1733700
127,60,65,995680,1150,3170,1764400
128,67,60,995613,1157,3230,1665400
129,64,49,995549,1172,3279,1781300
130,58,58,995491,1172,3337,1801900
131,59,39,995432,1192,3376,1815200
132,78,46,995354,1224,3422,1706900
133,80,63,995274,1241,3485,1964000
134,79,68,995195,1252,3553,1709800
135,71,67,995124,1256,3620,1797900
136,74,51,995050,1279,3671,1730500
137,89,63,994961,1305,3734,1704300
138,90,66,994871,1329,3800,1756100
139,85,83,994786,1331,3883,1684400
140,90,72,994696,1349,3955,1620800
141,92,76,994604,1365,4031,2013500
142,85,73,994519,1377,4104,1671600
143,79,67,994440,1389,4171,1644400
144,84,88,994356,1385,4259,1882400
145,79,58,994277,1406,4317,1779000
146,89,77,994188,1418,4394,1774500
147,76,67,994112,1427,4461,1652500
148,83,65,994029,1445,4526,1651200
149,98,69,993931,1474,4595,1734700
150,80,71,993851,1483,4666,1724000
151,83,71,993768,1495,4737,1755000
152,86,86,993682,1495,4823,1751000
153,85,76,993597,1504,4899,1786700
154,82,58,993515,1528,4957,1741700
155,84,91,993431,1521,5048,2079100
156,84,71,993347,1534,5119,1922100
157,79,83,993268,1530,5202,1862900
158,86,80,993182,1536,5282,2019900
159,85,80,993097,1541,5362,1760100
160,70,73,993027,1538,5435,1757100
161,83,68,992944,1553,5503,1642900
162,85,61,992859,1577,5564,1745900
163,100,82,992759,1595,5646,1754000
164,99,84,992660,1610,5730,1750100
165,93,74,992567,1629,5804,1747400
166,83,80,992484,1632,5884,1753500
167,92,66,992392,1658,5950,1750800
168,83,92,992309,1649,6042,1734400
169,93,81,992216,1661,6123,1716800
170,96,105,992120,1652,6228,1711600
171,93,78,992027,1667,6306,1624600
172,96,91,991931,1672,6397,1837900
173,93,81,991838,1684,6478,1832300
174,81,79,991757,1686,6557,1713100
175,114,88,991643,1712,6645,1678200
176,95,71,991548,1736,6716,1646300
177,91,85,991457,1742,6801,1641600
178,96,107,991361,1731,6908,1638300
179,83,90,991278,1724,6998,1745900
180,108,83,991170,1749,7081,1920900
181,99,73,991071,1775,7154,1671400
182,82,82,990989,1775,7236,1631800
183,91,81,990898,1785,7317,1745700
184,97,84,990801,1798,7401,1749500
185,115,92,990686,1821,7493,1753400
186,100,87,990586,1834,7580,1823200
187,117,91,990469,1860,7671,1769700
188,109,82,990360,1887,7753,1752300
189,105,95,990255,1897,7848,1670100
190,97,97,990158,1897,7945,1833600
191,127,109,990031,1915,8054,1780100
192,113,96,989918,1932,8150,1788100
193,130,99,989788,1963,8249,1753000
194,109,102,989679,1970,8351,1749300
195,114,102,989565,1982,8453,1754900
196,123,100,989442,2005,8553,1735600
197,98,108,989344,1995,8661,1640000
198,102,97,989242,2000,8758,1774300
199,110,95,989132,2015,8853,1731600
200,122,115,989010,2022,8968,1689800
201,92,96,988918,2018,9064,1654400
202,104,108,988814,2014,9172,1646500
203,109,95,988705,2028,9267,1647400
204,120,109,988585,2039,9376,1641400
205,109,113,988476,2035,9489,1647600
206,129,98,988347,2066,9587,1765300
207,134,97,988213,2103,9684,1753600
208,122,106,988091,2119,9790,1753500
209,123,88,987968,2154,9878,1724500
210,129,112,987839,2171,9990,1753300
211,113,106,987726,2178,10096,1735900
212,141,105,987585,2214,10201,1728000
213,137,108,987448,2243,10309,1666100
214,121,107,987327,2257,10416,1626900
215,140,116,987187,2281,10532,1629500
216,128,116,987059,2293,10648,1646300
217,115,103,986944,2305,10751,1735500
218,141,104,986803,2342,10855,1754900
219,143,110,986660,2375,10965,1759200
220,134,117,986526,2392,11082,1761400
221,129,117,986397,2404,11199,1774900
222,108,130,986289,2382,11329,1781200
223,139,134,986150,2387,11463,1662400
224,135,107,986015,2415,11570,1754500
225,134,136,985881,2413,11706,1764800
226,132,118,985749,2427,11824,1727600
227,124,120,985625,2431,11944,1634700
228,132,126,985493,2437,12070,1632600
229,112,138,985381,2411,12208,1663300
230,135,117,985246,2429,12325,1630700
231,120,136,985126,2413,12461,1759000
232,128,136,984998,2405,12597,1757600
233,145,102,984853,2448,12699,1738900
234,123,133,984730,2438,12832,1761700
235,139,103,984591,2474,12935,1763800
236,127,136,984464,2465,13071,1761200
237,128,132,984336,2461,13203,1814600
238,152,111,984184,2502,13314,1749300
239,162,123,984022,2541,13437,1769300
240,137,114,983885,2564,13551,1760700
241,128,122,983757,2570,13673,1751700
242,151,120,983606,2601,13793,1736500
243,156,140,983450,2617,13933,1645400
244,137,130,983313,2624,14063,1649500
245,146,151,983167,2619,14214,2005800
246,142,135,983025,2626,14349,1755200
247,140,150,982885,2616,14499,1707500
248,137,121,982748,2632,14620,1661700
249,133,119,982615,2646,14739,1651600
250,153,122,982462,2677,14861,1651100
251,150,143,982312,2684,15004,1768000
252,130,127,982182,2687,15131,1785800
253,134,118,982048,2703,15249,1755200
254,134,117,981914,2720,15366,1648500
255,163,134,981751,2749,15500,2004000
256,158,137,981593,2770,15637,1790600
257,138,168,981455,2740,15805,1690100
258,149,134,981306,2755,15939,1721400
259,139,113,981167,2781,16052,1836200
260,150,128,981017,2803,16180,1767500
261,155,146,980862,2812,16326,1780000
262,145,139,980717,2818,16465,1766400
263,152,135,980565,2835,16600,1784300
264,147,135,980418,2847,16735,2104800
265,145,138,980273,2854,16873,1671700
266,171,127,980102,2898,17000,1753700
267,153,148,979949,2903,17148,1775900
268,157,147,979792,2913,17295,1784600
269,132,168,979660,2877,17463,1776400
270,155,118,979505,2914,17581,1765100
271,177,149,979328,2942,17730,1768400
272,129,164,979199,2907,17894,2092300
273,144,137,979055,2914,18031,1642800
274,157,141,978898,2930,18172,1792200
275,138,145,978760,2923,18317,1775500
276,181,140,978579,2964,18457,1780400
277,168,150,978411,2982,18607,1715600
278,163,151,978248,2994,18758,1750200
279,159,125,978089,3028,18883,1705800
280,129,166,977960,2991,19049,1712700
281,157,176,977803,2972,19225,1754900
282,147,150,977656,2969,19375,1736100
283,155,142,977501,2982,19517,1739900
284,161,156,977340,2987,19673,1750400
285,177,176,977163,2988,19849,1787300
286,165,161,976998,2992,20010,1813600
287,172,161,976826,3003,20171,1795300
288,155,154,976671,3004,20325,1815900
289,165,144,976506,3025,20469,1812600
290,169,167,976337,3027,20636,1771200
291,165,150,976172,3042,20786,1770200
292,166,158,976006,3050,20944,1920200
293,143,159,975863,3034,21103,2026800
294,171,156,975692,3049,21259,1922500
295,163,165,975529,3047,21424,1872000
296,178,150,975351,3075,21574,1837400
297,164,147,975187,3092,21721,1798800
298,161,137,975026,3116,21858,1926600
299,170,142,974856,3144,22000,1784800
300,172,140,974684,3176,22140,1704100
301,167,157,974517,3186,22297,1974800
302,197,173,974320,3210,22470,1969300
303,162,184,974158,3188,22654,1769500
304,151,154,974007,3185,22808,1766900
305,182,168,973825,3199,22976,1749900
306,167,157,973658,3209,23133,1749000
307,165,150,973493,3224,23283,1799200
308,196,142,973297,3278,23425,1740500
309,169,163,973128,3284,23588,1742400
310,150,148,972978,3286,23736,1776100
311,162,188,972816,3260,23924,1770400
312,176,145,972640,3291,24069,1828000
313,139,175,972501,3255,24244,1809600
314,185,169,972316,3271,24413,1676900
315,193,160,972123,3304,24573,1668300
316,178,150,971945,3332,24723,1713400
317,168,174,971777,3326,24897,1758100
318,168,171,971609,3323,25068,2097700
319,179,163,971430,3339,25231,1752500
320,187,171,971243,3355,25402,1800200
321,159,183,971084,3331,25585,1790100
322,169,189,970915,3311,25774,1729700
323,187,175,970728,3323,25949,1813900
324,176,153,970552,3346,26102,1776200
325,174,172,970378,3348,26274,1826200
326,185,143,970193,3390,26417,1788700
327,166,175,970027,3381,26592,1703700
328,184,173,969843,3392,26765,1905000
329,168,175,969675,3385,26940,1896100
330,176,165,969499,3396,27105,1821300
331,174,182,969325,3388,27287,1810300
332,211,170,969114,3429,27457,2141700
333,188,154,968926,3463,27611,1787800
334,212,175,968714,3500,27786,1737700
335,183,185,968531,3498,27971,1966200
336,164,186,968367,3476,28157,1757900
337,177,167,968190,3486,28324,1812300
338,203,181,967987,3508,28505,1724000
339,192,184,967795,3516,28689,1757500
340,191,182,967604,3525,28871,1718300
341,187,222,967417,3490,29093,1761000
342,194,150,967223,3534,29243,1770500
343,195,162,967028,3567,29405,1751700
344,222,170,966806,3619,29575,1719700
345,192,166,966614,3645,29741,1817500
346,222,187,966392,3680,29928,1733200
347,203,184,966189,3699,30112,1705100
348,199,191,965990,3707,30303,1684600
349,180,180,965810,3707,30483,1684300
350,197,171,965613,3733,30654,1708600
351,204,174,965409,3763,30828,1751600
352,194,193,965215,3764,31021,1756200
353,196,191,965019,3769,31212,1799500
354,192,199,964827,3762,31411,1872900
355,188,213,964639,3737,31624,1839900
356,178,187,964461,3728,31811,1781800
357,200,190,964261,3738,32001,1776500
358,185,171,964076,3752,32172,1785100
359,185,181,963891,3756,32353,1697700
360,177,205,963714,3728,32558,1901000
361,174,184,963540,3718,32742,1685300
362,175,209,963365,3684,32951,1714600
363,194,183,963171,3695,33134,1740600
364,180,185,962991,3690,33319,1740400
365,160,176,962831,3674,33495,1722200
366,221,175,962610,3720,33670,1769800
367,193,190,962417,3723,33860,1793700
368,208,168,962209,3763,34028,1710000
369,214,178,961995,3799,34206,1729000
370,228,167,961767,3860,34373,1682000
371,210,184,961557,3886,34557,1770900
372,210,179,961347,3917,34736,1644500
373,189,165,961158,3941,34901,1699800
374,233,207,960925,3967,35108,1774900
375,225,192,960700,4000,35300,1756600
376,220,201,960480,4019,35501,1763100
377,250,204,960230,4065,35705,1746600
378,240,234,959990,4071,35939,1653200
379,225,201,959765,4095,36140,1652600
380,205,192,959560,4108,36332,1749000
381,225,196,959335,4137,36528,1726100
382,230,194,959105,4173,36722,1718400
383,237,191,958868,4219,36913,1759500
384,220,194,958648,4245,37107,2015900
385,238,220,958410,4263,37327,1730300
386,232,204,958178,4291,37531,1794200
387,226,197,957952,4320,37728,1681700
388,248,238,957704,4330,37966,2214900
389,235,207,957469,4358,38173,1995800
390,227,224,957242,4361,38397,1890600
391,242,232,957000,4371,38629,1837300
392,241,216,956759,4396,38845,2037400
393,228,213,956531,4411,39058,1862700
394,239,222,956292,4428,39280,1838100
395,247,236,956045,4439,39516,2027100
396,243,234,955802,4448,39750,1830500
397,214,224,955588,4438,39974,1944200
398,218,223,955370,4433,40197,1891000
399,196,214,955174,4415,40411,1773500
400,229,227,954945,4417,40638,2094000
401,214,241,954731,4390,40879,1759200
402,227,233,954504,4384,41112,1776600
403,199,226,954305,4357,41338,1800900
404,228,226,954077,4359,41564,1756000
405,246,217,953831,4388,41781,1820800
406,236,195,953595,4429,41976,1680300
407,223,219,953372,4433,42195,1767000
408,211,219,953161,4425,42414,1728300
409,237,240,952924,4422,42654,1764800
410,223,209,952701,4436,42863,1751800
411,211,214,952490,4433,43077,1788600
412,245,225,952245,4453,43302,1730500
413,227,218,952018,4462,43520,1746600
414,243,239,951775,4466,43759,1756500
415,239,183,951536,4522,43942,1712700
416,230,235,951306,4517,44177,1717900
417,234,200,951072,4551,44377,1723900
418,245,225,950827,4571,44602,1827200
419,219,249,950608,4541,44851,1819200
420,221,240,950387,4522,45091,1858700
421,279,230,950108,4571,45321,1761600
422,269,262,949839,4578,45583,1782100
423,257,221,949582,4614,45804,1773400
424,248,220,949334,4642,46024,1796200
425,228,235,949106,4635,46259,1793300
426,246,235,948860,4646,46494,1867800
427,248,217,948612,4677,46711,1948500
428,269,261,948343,4685,46972,1872800
429,223,231,948120,4677,47203,1862000
430,260,220,947860,4717,47423,1903800
431,280,223,947580,4774,47646,1840500
432,236,208,947344,4802,47854,1869300
433,275,244,947069,4833,48098,1857100
434,241,232,946828,4842,48330,2114500
435,269,219,946559,4892,48549,1942800
436,269,245,946290,4916,48794,1819700
437,270,250,946020,4936,49044,1794200
438,281,220,945739,4997,49264,1788800
439,309,266,945430,5040,49530,1766800
440,265,291,945165,5014,49821,1772500
441,261,266,944904,5009,50087,1774300
442,268,274,944636,5003,50361,1802500
443,274,217,944362,5060,50578,1757600
444,260,259,944102,5061,50837,1744800
445,279,239,943823,5101,51076,1754100
446,272,258,943551,5115,51334,1745000
447,250,249,943301,5116,51583,1772200
448,272,263,943029,5125,51846,2227900
449,269,273,942760,5121,52119,2096500
450,264,271,942496,5114,52390,1877200
451,263,246,942233,5131,52636,1916300
452,264,269,941969,5126,52905,1923700
453,292,246,941677,5172,53151,1809200
454,283,244,941394,5211,53395,1816900
455,272,257,941122,5226,53652,1815400
456,249,262,940873,5213,53914,1831100
457,252,269,940621,5196,54183,1868900
458,275,245,940346,5226,54428,1826100
459,256,258,940090,5224,54686,2061500
460,304,259,939786,5269,54945,1845900
461,281,265,939505,5285,55210,1937200
462,256,276,939249,5265,55486,1995000
463,254,263,938995,5256,55749,1933900
464,243,278,938752,5221,56027,2001800
465,279,272,938473,5228,56299,1960100
466,275,263,938198,5240,56562,1870500
467,296,276,937902,5260,56838,1745800
468,303,247,937599,5316,57085,1795900
469,318,269,937281,5365,57354,1824100
470,269,256,937012,5378,57610,1720000
471,263,270,936749,5371,57880,1745200
472,290,246,936459,5415,58126,1759200
473,304,262,936155,5457,58388,1847100
474,269,282,935886,5444,58670,1740600
475,279,253,935607,5470,58923,1788100
476,298,273,935309,5495,59196,2009800
477,288,269,935021,5514,59465,1776100
478,284,271,934737,5527,59736,2143900
479,283,272,934454,5538,60008,1823500
480,267,281,934187,5524,60289,1796200
481,276,261,933911,5539,60550,1822600
482,289,275,933622,5553,60825,1829500
483,275,271,933347,5557,61096,1793400
484,286,293,933061,5550,61389,1873900
485,303,276,932758,5577,61665,1832600
486,284,276,932474,5585,61941,1831400
487,314,263,932160,5636,62204,1824100
488,307,293,931853,5650,62497,1762800
489,287,279,931566,5658,62776,1819000
490,326,281,931240,5703,63057,1823200
491,300,255,930940,5748,63312,1719100
492,306,268,930634,5786,63580,1835500
493,293,282,930341,5797,63862,1797200
494,267,289,930074,5775,64151,1842200
495,286,260,929788,5801,64411,1865200
496,320,309,929468,5812,64720,1823800
497,291,258,929177,5845,64978,1809800
498,321,300,928856,5866,65278,1830100
499,294,304,928562,5856,65582,1969900
500,280,290,928282,5846,65872,1804200
501,311,307,927971,5850,66179,1808800
502,281,290,927690,5841,66469,1729000
503,308,279,927382,5870,66748,1831900
504,278,270,927104,5878,67018,1712600
505,290,305,926814,5863,67323,1814700
506,295,289,926519,5869,67612,1853800
507,285,284,926234,5870,67896,1835300
508,284,304,925950,5850,68200,1812500
509,271,270,925679,5851,68470,1787600
510,307,307,925372,5851,68777,1781100
511,294,287,925078,5858,69064,1777300
512,306,270,924772,5894,69334,1711700
513,316,310,924456,5900,69644,1798200
514,302,283,924154,5919,69927,1815800
515,319,298,923835,5940,70225,2043100
516,281,288,923554,5933,70513,1797200
517,282,294,923272,5921,70807,1829800
518,305,314,922967,5912,71121,1854500
519,324,261,922643,5975,71382,1846600
520,310,307,922333,5978,71689,1832200
521,336,298,921997,6016,71987,1894200
522,318,323,921679,6011,72310,1886700
523,320,329,921359,6002,72639,1814000
524,336,294,921023,6044,72933,1810400
525,322,293,920701,6073,73226,1798400
526,304,309,920397,6068,73535,1838700
527,326,303,920071,6091,73838,1883200
528,325,281,919746,6135,74119,1868000
529,324,315,919422,6144,74434,1930500
530,338,317,919084,6165,74751,1911700
531,352,286,918732,6231,75037,1889600
532,321,305,918411,6247,75342,1855700
533,325,304,918086,6268,75646,1852900
534,326,308,917760,6286,75954,1872100
535,377,318,917383,6345,76272,1832200
536,296,318,917087,6323,76590,1877700
537,318,317,916769,6324,76907,2086000
538,316,321,916453,6319,77228,2006500
539,332,355,916121,6296,77583,1829200
540,318,290,915803,6324,77873,1843800
541,303,325,915500,6302,78198,1812200
542,309,332,915191,6279,78530,1859000
543,306,311,914885,6274,78841,1829700
544,348,305,914537,6317,79146,1834200
545,332,326,914205,6323,79472,1823000
546,354,324,913851,6353,79796,1737900
547,349,309,913502,6393,80105,1721300
548,329,304,913173,6418,80409,1810600
549,358,342,912815,6434,80751,1820500
550,343,299,912472,6478,81050,2032600
551,339,288,912133,6529,81338,1835500
552,316,311,911817,6534,81649,1971200
553,344,339,911473,6539,81988,2125500
554,354,326,911119,6567,82314,1885000
555,314,314,910805,6567,82628,1727000
556,307,303,910498,6571,82931,1846700
557,322,301,910176,6592,83232,1737000
558,338,313,909838,6617,83545,1943500
559,360,296,909478,6681,83841,1765200
560,369,322,909109,6728,84163,1784900
561,356,295,908753,6789,84458,1978100
562,310,345,908443,6754,84803,1714500
563,299,360,908144,6693,85163,2063500
564,306,340,907838,6659,85503,1853700
565,321,350,907517,6630,85853,1816400
566,354,321,907163,6663,86174,1820200
567,340,308,906823,6695,86482,1797000
568,320,292,906503,6723,86774,1808700
569,317,354,906186,6686,87128,1749800
570,344,354,905842,6676,87482,1718300
571,340,347,905502,6669,87829,1763900
572,317,332,905185,6654,88161,1689800
573,345,314,904840,6685,88475,1753200
574,336,345,904504,6676,88820,1694500
575,354,334,904150,6696,89154,1716200
576,349,347,903801,6698,89501,1666300
577,331,359,903470,6670,89860,1884200
578,338,327,903132,6681,90187,2124300
579,327,333,902805,6675,90520,1817500
580,359,328,902446,6706,90848,1827300
581,310,334,902136,6682,91182,1715200
582,316,313,901820,6685,91495,1663800
583,317,342,901503,6660,91837,1683600
584,322,322,901181,6660,92159,1787000
585,341,337,900840,6664,92496,1780100
586,316,307,900524,6673,92803,1985600
587,346,315,900178,6704,93118,2150800
588,328,305,899850,6727,93423,1884300
589,318,358,899532,6687,93781,1893600
590,295,335,899237,6647,94116,1847800
591,316,333,898921,6630,94449,1893500
592,334,352,898587,6612,94801,2073500
593,319,364,898268,6567,95165,1827600
594,290,313,897978,6544,95478,1952200
595,277,341,897701,6480,95819,1733000
596,335,309,897366,6506,96128,1749000
597,355,305,897011,6556,96433,1698600
598,337,335,896674,6558,96768,1737600
599,306,366,896368,6498,97134,1810700
600,305,315,896063,6488,97449,1678000
601,364,309,895699,6543,97758,1687900
602,360,331,895339,6572,98089,1686200
603,349,363,894990,6558,98452,2061600
604,357,357,894633,6558,98809,1701700
605,358,324,894275,6592,99133,1818400
606,354,339,893921,6607,99472,1814500
607,366,350,893555,6623,99822,1762100
608,343,320,893212,6646,100142,1629600
609,349,330,892863,6665,100472,1662200
610,323,334,892540,6654,100806,1826800
611,331,329,892209,6656,101135,1783600
612,346,313,891863,6689,101448,1680200
613,304,323,891559,6670,101771,1694600
614,357,343,891202,6684,102114,1681900
615,337,347,890865,6674,102461,3889800
616,348,291,890517,6731,102752,1688100
617,335,355,890182,6711,103107,1680700
618,343,319,889839,6735,103426,1674000
619,359,317,889480,6777,103743,1801900
620,333,322,889147,6788,104065,1779600
621,345,342,888802,6791,104407,1733700
622,350,345,888452,6796,104752,1664100
623,321,330,888131,6787,105082,1664200
624,337,315,887794,6809,105397,1782700
625,351,360,887443,6800,105757,1688700
626,363,325,887080,6838,106082,1673200
627,348,365,886732,6821,106447,1697400
628,377,363,886355,6835,106810,1797200
629,353,339,886002,6849,107149,1683600
630,374,328,885628,6895,107477,1681100
631,368,347,885260,6916,107824,1680500
632,382,355,884878,6943,108179,1802000
633,357,354,884521,6946,108533,1698400
634,342,361,884179,6927,108894,1693700
635,362,358,883817,6931,109252,1935000
636,383,359,883434,6955,109611,1828900
637,338,348,883096,6945,109959,2177800
638,377,319,882719,7003,110278,1827200
639,357,357,882362,7003,110635,2155900
640,361,360,882001,7004,110995,1804100
641,386,376,881615,7014,111371,1765800
642,388,366,881227,7036,111737,1800900
643,350,311,880877,7075,112048,1761100
644,397,338,880480,7134,112386,1698100
645,369,328,880111,7175,112714,1691300
646,385,367,879726,7193,113081,1691600
647,410,367,879316,7236,113448,1743800
648,367,365,878949,7238,113813,1687800
649,408,349,878541,7297,114162,1759500
650,372,345,878169,7324,114507,1813900
651,384,360,877785,7348,114867,1806900
652,392,344,877393,7396,115211,1764300
653,397,366,876996,7427,115577,1660900
654,428,356,876568,7499,115933,1837700
655,406,366,876162,7539,116299,1848700
656,423,370,875739,7592,116669,1823800
657,422,378,875317,7636,117047,1774800
658,402,365,874915,7673,117412,2105900
659,419,395,874496,7697,117807,1739100
660,389,396,874107,7690,118203,1961700
661,368,373,873739,7685,118576,1738200
662,422,351,873317,7756,118927,1722700
663,414,354,872903,7816,119281,1746700
664,384,404,872519,7796,119685,1682600
665,395,417,872124,7774,120102,1708600
666,415,373,871709,7816,120475,1741100
667,401,408,871308,7809,120883,1709300
668,424,371,870884,7862,121254,1733100
669,426,416,870458,7872,121670,1766500
670,416,393,870042,7895,122063,1836400
671,428,393,869614,7930,122456,1936300
672,382,426,869232,7886,122882,1823400
673,374,379,868858,7881,123261,1769000
674,400,389,868458,7892,123650,1722000
675,387,410,868071,7869,124060,1999300
676,395,393,867676,7871,124453,1748500
677,352,380,867324,7843,124833,1990300
678,366,397,866958,7812,125230,1758700
679,414,409,866544,7817,125639,2071500
680,384,430,866160,7771,126069,1823800
681,397,379,865763,7789,126448,2156700
682,394,383,865369,7800,126831,1810000
683,397,411,864972,7786,127242,1861100
684,398,412,864574,7772,127654,1761200
685,416,415,864158,7773,128069,1813600
686,404,389,863754,7788,128458,1774200
687,434,391,863320,7831,128849,1790100
688,405,406,862915,7830,129255,1823900
689,395,388,862520,7837,129643,1755400
690,374,370,862146,7841,130013,1766200
691,397,381,861749,7857,130394,1845200
692,388,423,861361,7822,130817,1753100
693,383,372,860978,7833,131189,1750200
694,411,387,860567,7857,131576,1815500
695,397,393,860170,7861,131969,1783300
696,372,443,859798,7790,132412,2003200
697,428,417,859370,7801,132829,1787100
698,377,394,858993,7784,133223,1735100
699,404,366,858589,7822,133589,1810500
700,420,371,858169,7871,133960,1977200
701,405,379,857764,7897,134339,1841000
702,437,386,857327,7948,134725,1907500
703,434,375,856893,8007,135100,1798600
704,399,385,856494,8021,135485,1836900
705,406,394,856088,8033,135879,2117800
706,426,388,855662,8071,136267,1925500
707,398,402,855264,8067,136669,1851400
708,440,399,854824,8108,137068,1813900
709,406,421,854418,8093,137489,1809800
710,408,404,854010,8097,137893,1849900
711,396,415,853614,8078,138308,1749200
712,396,427,853218,8047,138735,1919700
713,391,397,852827,8041,139132,1730500
714,423,383,852404,8081,139515,1849300
715,425,412,851979,8094,139927,1749500
716,420,386,851559,8128,140313,1804600
717,418,409,851141,8137,140722,1915600
718,446,379,850695,8204,141101,1917400
719,461,405,850234,8260,141506,1858900
720,450,437,849784,8273,141943,1834400
721,412,395,849372,8290,142338,1700100
722,424,413,848948,8301,142751,1791500
723,412,401,848536,8312,143152,1812000
724,438,407,848098,8343,143559,1780300
725,429,424,847669,8348,143983,1709000
726,406,440,847263,8314,144423,1720100
727,442,429,846821,8327,144852,1685700
728,416,406,846405,8337,145258,1768100
729,418,419,845987,8336,145677,1722600
730,434,381,845553,8389,146058,1741800
731,420,400,845133,8409,146458,1845700
732,437,427,844696,8419,146885,1756100
733,436,452,844260,8403,147337,1736400
734,430,422,843830,8411,147759,1709100
735,395,432,843435,8374,148191,1800000
736,413,428,843022,8359,148619,1885800
737,428,414,842594,8373,149033,1949300
738,405,442,842189,8336,149475,1751800
739,408,402,841781,8342,149877,2122500
740,443,461,841338,8324,150338,1836000
741,385,414,840953,8295,150752,1835400
742,441,415,840512,8321,151167,1744100
743,369,442,840143,8248,151609,1733200
744,400,442,839743,8206,152051,1863500
745,423,443,839320,8186,152494,1978200
746,450,417,838870,8219,152911,1774000
747,417,437,838453,8199,153348,1943700
748,448,397,838005,8250,153745,1748500
749,444,424,837561,8270,154169,1732000
750,417,388,837144,8299,154557,1806300
751,445,434,836699,8310,154991,1761600
752,462,378,836237,8394,155369,1814800
753,434,442,835803,8386,155811,1759200
754,446,460,835357,8372,156271,1710200
755,412,407,834945,8377,156678,1761400
756,444,424,834501,8397,157102,1992900
757,433,408,834068,8422,157510,2121200
758,422,448,833646,8396,157958,1973300
759,404,379,833242,8421,158337,1775500
760,437,419,832805,8439,158756,1781600
761,416,436,832389,8419,159192,1715000
762,424,409,831965,8434,159601,1865600
763,415,417,831550,8432,160018,1801900
764,425,434,831125,8423,160452,2124700
765,421,407,830704,8437,160859,1805500
766,394,439,830310,8392,161298,1713900
767,446,409,829864,8429,161707,1745100
768,426,453,829438,8402,162160,1972000
769,405,414,829033,8393,162574,1714000
770,429,370,828604,8452,162944,1855100
771,437,411,828167,8478,163355,1725200
772,444,443,827723,8479,163798,2001700
773,447,415,827276,8511,164213,1991700
774,445,420,826831,8536,164633,1782300
775,446,444,826385,8538,165077,1728400
776,440,470,825945,8508,165547,1856400
777,382,444,825563,8446,165991,1767000
778,448,424,825115,8470,166415,1885400
779,436,427,824679,8479,166842,1763400
780,380,443,824299,8416,167285,1793100
781,430,448,823869,8398,167733,1821900
782,438,418,823431,8418,168151,1692800
783,470,420,822961,8468,168571,1719900
784,436,433,822525,8471,169004,1729300
785,429,420,822096,8480,169424,1689900
786,461,429,821635,8512,169853,1971500
787,449,398,821186,8563,170251,1719300
788,458,448,820728,8573,170699,1693100
789,447,440,820281,8580,171139,1697800
790,445,399,819836,8626,171538,1862900
791,467,456,819369,8637,171994,1716400
792,467,470,818902,8634,172464,1724600
793,464,446,818438,8652,172910,1708900
794,445,419,817993,8678,173329,1841000
795,452,466,817541,8664,173795,1747700
796,418,444,817123,8638,174239,1712500
797,453,439,816670,8652,174678,1709400
798,437,445,816233,8644,175123,1697200
799,470,428,815763,8686,175551,1706200
800,426,453,815337,8659,176004,1653800
801,429,480,814908,8608,176484,1819900
802,426,464,814482,8570,176948,1763800
803,449,453,814033,8566,177401,1651000
804,445,448,813588,8563,177849,1704400
805,455,411,813133,8607,178260,1826800
806,423,439,812710,8591,178699,2130100
807,455,438,812255,8608,179137,1772100
808,414,439,811841,8583,179576,1712400
809,463,416,811378,8630,179992,1740900
810,453,436,810925,8647,180428,1708200
811,451,449,810474,8649,180877,1783200
812,413,465,810061,8597,181342,1709400
813,452,430,809609,8619,181772,1716400
814,410,461,809199,8568,182233,1681700
815,443,405,808756,8606,182638,1762500
816,453,409,808303,8650,183047,1760100
817,435,394,807868,8691,183441,1704900
818,434,419,807434,8706,183860,1809800
819,428,448,807006,8686,184308,1945700
820,420,467,806586,8639,184775,1746600
821,447,429,806139,8657,185204,1688600
822,433,462,805706,8628,185666,1708900
823,452,426,805254,8654,186092,2291600
824,443,424,804811,8673,186516,1863300
825,423,443,804388,8653,186959,1783400
826,441,446,803947,8648,187405,1843500
827,418,426,803529,8640,187831,1720100
828,440,422,803089,8658,188253,1726800
829,442,426,802647,8674,188679,1794200
830,455,447,802192,8682,189126,1704700
831,448,404,801744,8726,189530,1801500
832,458,436,801286,8748,189966,1685800
833,438,429,800848,8757,190395,1874100
834,447,461,800401,8743,190856,2035500
835,442,438,799959,8747,191294,1805700
836,450,428,799509,8769,191722,1804300
837,453,418,799056,8804,192140,1691700
838,416,452,798640,8768,192592,1728700
839,463,457,798177,8774,193049,1813500
840,464,413,797713,8825,193462,1723300
841,465,418,797248,8872,193880,1909500
842,488,455,796760,8905,194335,1739600
843,440,444,796320,8901,194779,1716600
844,434,473,795886,8862,195252,1774800
845,420,401,795466,8881,195653,1788600
846,445,421,795021,8905,196074,1741300
847,451,460,794570,8896,196534,1745800
848,423,448,794147,8871,196982,1863600
849,426,427,793721,8870,197409,1844600
850,434,410,793287,8894,197819,1855000
851,444,445,792843,8893,198264,1855700
852,433,434,792410,8892,198698,2044600
853,435,432,791975,8895,199130,1912000
854,425,444,791550,8876,199574,1876400
855,439,445,791111,8870,200019,1925700
856,430,436,790681,8864,200455,1890700
857,441,435,790240,8870,200890,1916700
858,432,408,789808,8894,201298,1982300
859,441,470,789367,8865,201768,1925000
860,467,423,788900,8909,202191,1945800
861,457,440,788443,8926,202631,1956800
862,420,443,788023,8903,203074,1932700
863,426,439,787597,8890,203513,1878000
864,423,430,787174,8883,203943,1974400
865,473,459,786701,8897,204402,1935400
866,447,467,786254,8877,204869,1904500
867,413,454,785841,8836,205323,2143300
868,437,447,785404,8826,205770,1915000
869,465,426,784939,8865,206196,2079800
870,455,455,784484,8865,206651,1947900
871,460,424,784024,8901,207075,1949600
872,452,484,783572,8869,207559,2001500
873,428,433,783144,8864,207992,1918000
874,457,440,782687,8881,208432,1884700
875,449,430,782238,8900,208862,1912000
876,476,425,781762,8951,209287,2049400
877,428,414,781334,8965,209701,1903400
878,440,472,780894,8933,210173,1925200
879,497,452,780397,8978,210625,1890400
880,482,453,779915,9007,211078,1943700
881,454,471,779461,8990,211549,1941600
882,455,468,779006,8977,212017,1914300
883,432,434,778574,8975,212451,1926800
884,478,475,778096,8978,212926,1877200
885,458,461,777638,8975,213387,1803900
886,455,448,777183,8982,213835,1865700
887,424,417,776759,8989,214252,1881600
888,446,432,776313,9003,214684,2002400
889,464,443,775849,9024,215127,2045500
890,443,489,775406,8978,215616,1926700
891,458,477,774948,8959,216093,1889800
892,393,456,774555,8896,216549,1804100
893,450,475,774105,8871,217024,1816400
894,454,434,773651,8891,217458,1862500
895,452,435,773199,8908,217893,1964900
896,438,435,772761,8911,218328,1860800
897,464,447,772297,8928,218775,2083800
898,446,464,771851,8910,219239,1927000
899,417,474,771434,8853,219713,1842800
900,413,434,771021,8832,220147,1813500
901,425,454,770596,8803,220601,1870500
902,433,400,770163,8836,221001,1719900
903,437,454,769726,8819,221455,1790000
904,442,430,769284,8831,221885,1879600
905,434,456,768850,8809,222341,1838000
906,420,441,768430,8788,222782,1882300
907,456,457,767974,8787,223239,1868400
908,427,427,767547,8787,223666,1883500
909,455,444,767092,8798,224110,1925900
910,414,446,766678,8766,224556,1937200
911,433,456,766245,8743,225012,1823200
912,433,443,765812,8733,225455,1905500
913,461,421,765351,8773,225876,2052000
914,407,423,764944,8757,226299,2322800
915,439,465,764505,8731,226764,2047400
916,408,415,764097,8724,227179,2031500
917,437,408,763660,8753,227587,1997500
918,447,427,763213,8773,228014,1892600
919,460,420,762753,8813,228434,1959500
920,449,474,762304,8788,228908,2001600
921,441,428,761863,8801,229336,2203200
922,442,434,761421,8809,229770,1893400
923,440,462,760981,8787,230232,1853600
924,417,473,760564,8731,230705,1949900
925,448,437,760116,8742,231142,1864000
926,429,402,759687,8769,231544,1833900
927,462,432,759225,8799,231976,1863600
928,451,436,758774,8814,232412,1814300
929,431,446,758343,8799,232858,1876200
930,441,466,757902,8774,233324,1958600
931,441,454,757461,8761,233778,1918300
932,456,451,757005,8766,234229,2102000
933,429,466,756576,8729,234695,1934200
934,452,451,756124,8730,235146,1900400
935,422,429,755702,8723,235575,1919600
936,456,445,755246,8734,236020,1942200
937,457,415,754789,8776,236435,1938600
938,471,407,754318,8840,236842,1919900
939,455,432,753863,8863,237274,1836700
940,456,467,753407,8852,237741,1850800
941,460,445,752947,8867,238186,1879600
942,458,424,752489,8901,238610,1996600
943,468,433,752021,8936,239043,1904300
944,405,472,751616,8869,239515,2067400
945,462,455,751154,8876,239970,1971100
946,452,455,750702,8873,240425,1897100
947,459,435,750243,8897,240860,1889700
948,441,449,749802,8889,241309,1840300
949,418,470,749384,8837,241779,1851400
950,436,448,748948,8825,242227,2025200
951,443,415,748505,8853,242642,1898200
952,447,466,748058,8834,243108,1857600
953,435,430,747623,8839,243538,1936900
954,435,403,747188,8871,243941,2046900
955,413,438,746775,8846,244379,1914400
956,416,412,746359,8850,244791,1909300
957,446,444,745913,8852,245235,1770700
958,462,431,745451,8883,245666,1833700
959,413,415,745038,8881,246081,1890800
960,456,438,744582,8899,246519,1965600
961,478,431,744104,8946,246950,1951600
962,464,434,743640,8976,247384,1983100
963,458,467,743182,8967,247851,1990200
964,439,429,742743,8977,248280,2004600
965,463,456,742280,8984,248736,1966100
966,412,430,741868,8966,249166,1842600
967,454,439,741414,8981,249605,1939500
968,478,478,740936,8981,250083,1906700
969,468,439,740468,9010,250522,1913000
970,442,441,740026,9011,250963,2076100
971,484,450,739542,9045,251413,2032200
972,486,467,739056,9064,251880,1980800
973,499,441,738557,9122,252321,1976900
974,445,451,738112,9116,252772,1904100
975,453,478,737659,9091,253250,1971600
976,489,453,737170,9127,253703,1874200
977,462,470,736708,9119,254173,1968600
978,502,454,736206,9167,254627,2252400
979,476,463,735730,9180,255090,1974800
980,468,462,735262,9186,255552,1997300
981,429,453,734833,9162,256005,1897600
982,428,450,734405,9140,256455,1922800
983,441,456,733964,9125,256911,1874400
984,453,460,733511,9118,257371,1878600
985,458,442,733053,9134,257813,1987800
986,450,455,732603,9129,258268,1958600
987,468,462,732135,9135,258730,1936400
988,447,436,731688,9146,259166,1877800
989,452,469,731236,9129,259635,1929800
990,445,430,730791,9144,260065,1875600
991,416,455,730375,9105,260520,1886500
992,492,475,729883,9122,260995,1982900
993,455,465,729428,9112,261460,2089500
994,452,440,728976,9124,261900,2049600
995,434,478,728542,9080,262378,1995900
996,445,459,728097,9066,262837,1874100
997,477,448,727620,9095,263285,1922700
998,456,474,727164,9077,263759,1936200
999,454,471,726710,9060,264230,1866400
1000,442,456,726268,9046,264686,2205700
1001,413,449,725855,9010,265135,1836700
1002,477,492,725378,8995,265627,1819700
1003,465,448,724913,9012,266075,1716900
1004,458,477,724455,8993,266552,1741200
1005,444,433,724011,9004,266985,1726600
1006,453,431,723558,9026,267416,2003800
1007,432,438,723126,9020,267854,1724500
1008,442,442,722684,9020,268296,1676900
1009,444,442,722240,9022,268738,1724300
1010,450,433,721790,9039,269171,1831700
1011,446,462,721344,9023,269633,1796100
1012,444,445,720900,9022,270078,1736000
1013,491,441,720409,9072,270519,1703900
1014,461,456,719948,9077,270975,2252200
1015,465,425,719483,9117,271400,1836600
1016,469,494,719014,9092,271894,1927800
1017,489,432,718525,9149,272326,1864900
1018,476,445,718049,9180,272771,1763500
1019,483,456,717566,9207,273227,1793000
1020,467,447,717099,9227,273674,1745200
1021,439,444,716660,9222,274118,1743700
1022,482,456,716178,9248,274574,1880100
1023,453,479,715725,9222,275053,1964400
1024,487,448,715238,9261,275501,1876000
1025,455,439,714783,9277,275940,2182200
1026,474,491,714309,9260,276431,1855400
1027,476,430,713833,9306,276861,1893600
1028,446,467,713387,9285,277328,2083900
1029,456,494,712931,9247,277822,1964000
1030,478,469,712453,9256,278291,1813800
1031,491,427,711962,9320,278718,1777700
1032,471,440,711491,9351,279158,1748900
1033,471,467,711020,9355,279625,1827800
1034,478,483,710542,9350,280108,2054100
1035,466,444,710076,9372,280552,1882000
1036,458,507,709618,9323,281059,1855400
1037,474,466,709144,9331,281525,1783600
1038,453,468,708691,9316,281993,1765300
1039,501,458,708190,9359,282451,1810200
1040,462,449,707728,9372,282900,1848600
1041,458,538,707270,9292,283438,1848100
1042,479,438,706791,9333,283876,1886100
1043,503,480,706288,9356,284356,1801500
1044,429,483,705859,9302,284839,1834800
1045,444,460,705415,9286,285299,1766400
1046,501,456,704914,9331,285755,1885400
1047,459,480,704455,9310,286235,1848100
1048,447,466,704008,9291,286701,1821000
1049,430,440,703578,9281,287141,1743700
1050,460,467,703118,9274,287608,1893500
1051,437,468,702681,9243,288076,1801100
1052,440,422,702241,9261,288498,1990700
1053,479,462,701762,9278,288960,1921800
1054,465,452,701297,9291,289412,1859200
1055,446,467,700851,9270,289879,1799400
1056,453,480,700398,9243,290359,1848800
1057,456,460,699942,9239,290819,1798500
1058,445,436,699497,9248,291255,2079400
1059,463,477,699034,9234,291732,2050000
1060,433,496,698601,9171,292228,1809200
1061,477,463,698124,9185,292691,1828600
1062,457,456,697667,9186,293147,1848400
1063,428,449,697239,9165,293596,1876000
1064,434,449,696805,9150,294045,1768000
1065,446,475,696359,9121,294520,1985400
1066,457,473,695902,9105,294993,1784400
1067,437,488,695465,9054,295481,2045300
1068,446,440,695019,9060,295921,1798800
1069,431,440,694588,9051,296361,1782200
1070,446,474,694142,9023,296835,1831500
1071,479,461,693663,9041,297296,1822500
1072,444,434,693219,9051,297730,1815700
1073,434,422,692785,9063,298152,1766200
1074,445,440,692340,9068,298592,1791200
1075,410,447,691930,9031,299039,1857500
1076,420,428,691510,9023,299467,1957300
1077,437,469,691073,8991,299936,1818200
1078,406,430,690667,8967,300366,1826200
1079,423,455,690244,8935,300821,2002000
1080,422,438,689822,8919,301259,1807600
1081,454,430,689368,8943,301689,2039700
1082,451,459,688917,8935,302148,2003400
1083,433,439,688484,8929,302587,1765200
1084,433,462,688051,8900,303049,1767300
1085,434,433,687617,8901,303482,1838300
1086,443,460,687174,8884,303942,1812200
1087,460,449,686714,8895,304391,1772100
1088,487,449,686227,8933,304840,1784200
1089,445,416,685782,8962,305256,1764500
1090,455,473,685327,8944,305729,1857200
1091,500,482,684827,8962,306211,1831600
1092,452,426,684375,8988,306637,1970900
1093,538,455,683837,9071,307092,1726200
1094,421,389,683416,9103,307481,1810900
1095,471,457,682945,9117,307938,1885100
1096,467,467,682478,9117,308405,1857500
1097,451,464,682027,9104,308869,1845700
1098,492,456,681535,9140,309325,1893700
1099,462,448,681073,9154,309773,1873900
1100,453,438,680620,9169,310211,1784300
1101,443,444,680177,9168,310655,1793800
1102,507,430,679670,9245,311085,1833700
1103,442,476,679228,9211,311561,2001300
1104,480,473,678748,9218,312034,1752500
1105,450,520,678298,9148,312554,1726300
1106,456,479,677842,9125,313033,1771600
1107,475,456,677367,9144,313489,1789300
1108,464,449,676903,9159,313938,1806300
1109,464,466,676439,9157,314404,1870800
1110,496,454,675943,9199,314858,1884000
1111,441,452,675502,9188,315310,1877200
1112,450,471,675052,9167,315781,1816600
1113,428,470,674624,9125,316251,1816600
1114,461,479,674163,9107,316730,1840400
1115,440,454,673723,9093,317184,1946600
1116,443,447,673280,9089,317631,2011900
1117,434,470,672846,9053,318101,2111400
1118,457,451,672389,9059,318552,1815000
1119,433,425,671956,9067,318977,1838200
1120,433,462,671523,9038,319439,1794000
1121,468,427,671055,9079,319866,1982800
1122,463,445,670592,9097,320311,1705900
1123,450,430,670142,9117,320741,2005700
1124,501,463,669641,9155,321204,1945900
1125,473,440,669168,9188,321644,2025500
1126,483,473,668685,9198,322117,1942200
1127,447,472,668238,9173,322589,1900900
1128,470,430,667768,9213,323019,1912900
1129,464,459,667304,9218,323478,1900100
1130,468,487,666836,9199,323965,1823300
1131,479,417,666357,9261,324382,1743500
1132,481,439,665876,9303,324821,1752700
1133,478,455,665398,9326,325276,1992700
1134,491,451,664907,9366,325727,1730700
1135,466,481,664441,9351,326208,1906700
1136,468,501,663973,9318,326709,1748100
1137,463,448,663510,9333,327157,1766100
1138,491,519,663019,9305,327676,1958200
1139,495,488,662524,9312,328164,1713100
1140,485,449,662039,9348,328613,1686300
1141,467,497,661572,9318,329110,1819800
1142,476,459,661096,9335,329569,1978300
1143,469,487,660627,9317,330056,1731900
1144,460,454,660167,9323,330510,1769200
1145,450,456,659717,9317,330966,1835900
1146,457,457,659260,9317,331423,1718800
1147,467,470,658793,9314,331893,1831800
1148,454,480,658339,9288,332373,1719200
1149,478,463,657861,9303,332836,2013300
1150,478,458,657383,9323,333294,1997200
1151,471,469,656912,9325,333763,1790800
1152,468,421,656444,9372,334184,1799600
1153,490,481,655954,9381,334665,1864600
1154,478,477,655476,9382,335142,1930000
1155,489,500,654987,9371,335642,2085300
1156,472,487,654515,9356,336129,1940100
1157,449,457,654066,9348,336586,1940600
1158,458,453,653608,9353,337039,1735000
1159,450,492,653158,9311,337531,1754400
1160,447,481,652711,9277,338012,1723200
1161,473,456,652238,9294,338468,1966600
1162,488,434,651750,9348,338902,1845600
1163,450,427,651300,9371,339329,1742300
1164,496,458,650804,9409,339787,1964600
1165,465,452,650339,9422,340239,1718800
1166,456,450,649883,9428,340689,1737200
1167,498,453,649385,9473,341142,1878000
1168,489,479,648896,9483,341621,1845100
1169,475,484,648421,9474,342105,1761600
1170,488,468,647933,9494,342573,1727200
1171,498,508,647435,9484,343081,1836100
1172,450,469,646985,9465,343550,1860400
1173,478,453,646507,9490,344003,1975400
1174,463,493,646044,9460,344496,2020800
1175,460,456,645584,9464,344952,1890900
1176,477,441,645107,9500,345393,1794500
1177,458,483,644649,9475,345876,1780700
1178,464,522,644185,9417,346398,1865100
1179,452,483,643733,9386,346881,1755300
1180,438,489,643295,9335,347370,1799700
1181,456,417,642839,9374,347787,1802700
1182,448,467,642391,9355,348254,1774400
1183,440,444,641951,9351,348698,1785400
1184,454,478,641497,9327,349176,1890800
1185,460,487,641037,9300,349663,1789300
1186,440,463,640597,9277,350126,1841000
1187,454,504,640143,9227,350630,1844100
1188,485,488,639658,9224,351118,1791600
1189,493,484,639165,9233,351602,1861200
1190,442,481,638723,9194,352083,1763200
1191,396,447,638327,9143,352530,1844000
1192,453,456,637874,9140,352986,1725400
1193,432,447,637442,9125,353433,1994700
1194,427,439,637015,9113,353872,1840100
1195,451,437,636564,9127,354309,1782200
1196,439,417,636125,9149,354726,1846400
1197,422,466,635703,9105,355192,1822000
1198,447,482,635256,9070,355674,1738100
1199,423,456,634833,9037,356130,1682800
1200,443,439,634390,9041,356569,1811100
1201,411,483,633979,8969,357052,1775400
1202,462,439,633517,8992,357491,1797400
1203,395,430,633122,8957,357921,1837900
1204,425,448,632697,8934,358369,1786200
1205,421,477,632276,8878,358846,1812100
1206,426,445,631850,8859,359291,1769400
1207,434,439,631416,8854,359730,1770700
1208,447,423,630969,8878,360153,1821400
1209,418,439,630551,8857,360592,1811600
1210,448,438,630103,8867,361030,1750700
1211,434,424,629669,8877,361454,1794100
1212,447,464,629222,8860,361918,1766900
1213,484,425,628738,8919,362343,1782400
1214,452,420,628286,8951,362763,1712200
1215,460,453,627826,8958,363216,1734400
1216,463,437,627363,8984,363653,2113000
1217,445,462,626918,8967,364115,1906800
1218,466,464,626452,8969,364579,1772800
1219,457,459,625995,8967,365038,1789200
1220,436,417,625559,8986,365455,1887500
1221,409,448,625150,8947,365903,1781000
1222,464,447,624686,8964,366350,2027800
1223,425,438,624261,8951,366788,1758800
1224,484,428,623777,9007,367216,2122100
1225,472,452,623305,9027,367668,1744300
1226,477,458,622828,9046,368126,1845800
1227,461,443,622367,9064,368569,1751700
1228,453,423,621914,9094,368992,1797600
1229,483,450,621431,9127,369442,1791400
1230,486,489,620945,9124,369931,1748300
1231,445,474,620500,9095,370405,1809400
1232,462,493,620038,9064,370898,1759600
1233,465,422,619573,9107,371320,1793800
1234,454,451,619119,9110,371771,1790800
1235,440,480,618679,9070,372251,1762300
1236,437,423,618242,9084,372674,1919700
1237,473,467,617769,9090,373141,1843000
1238,449,456,617320,9083,373597,1820700
1239,498,450,616822,9131,374047,1779400
1240,434,471,616388,9094,374518,1758400
1241,436,461,615952,9069,374979,1836100
1242,431,434,615521,9066,375413,1774400
1243,451,485,615070,9032,375898,1781700
1244,418,422,614652,9028,376320,2023800
1245,436,451,614216,9013,376771,1760900
1246,420,461,613796,8972,377232,1794400
1247,427,418,613369,8981,377650,1956900
1248,432,450,612937,8963,378100,1779400
1249,468,431,612469,9000,378531,1772600
1250,425,445,612044,8980,378976,1829900
1251,450,437,611594,8993,379413,1797300
1252,416,432,611178,8977,379845,1815000
1253,418,463,610760,8932,380308,1791000
1254,441,407,610319,8966,380715,1723200
1255,454,482,609865,8938,381197,1796100
1256,444,432,609421,8950,381629,1988400
1257,438,448,608983,8940,382077,1746900
1258,384,455,608599,8869,382532,1813400
1259,432,423,608167,8878,382955,1737600
1260,414,437,607753,8855,383392,1767700
1261,431,478,607322,8808,383870,1833000
1262,405,443,606917,8770,384313,1846800
1263,421,419,606496,8772,384732,1917200
1264,417,476,606079,8713,385208,1787600
1265,429,433,605650,8709,385641,1852200
1266,425,457,605225,8677,386098,1795300
1267,410,434,604815,8653,386532,1790400
1268,377,463,604438,8567,386995,2016000
1269,409,418,604029,8558,387413,1825700
1270,407,442,603622,8523,387855,1791100
1271,430,415,603192,8538,388270,1786800
1272,411,430,602781,8519,388700,1746200
1273,391,422,602390,8488,389122,1808000
1274,424,429,601966,8483,389551,1780300
1275,421,432,601545,8472,389983,1769900
1276,429,394,601116,8507,390377,1800500
1277,413,413,600703,8507,390790,1824200
1278,427,440,600276,8494,391230,1837400
1279,397,416,599879,8475,391646,1799300
1280,393,438,599486,8430,392084,1784900
1281,427,407,599059,8450,392491,1794800
1282,423,450,598636,8423,392941,1872900
1283,394,403,598242,8414,393344,1758900
1284,394,372,597848,8436,393716,1717300
1285,406,423,597442,8419,394139,1803700
1286,420,421,597022,8418,394560,1912700
1287,426,387,596596,8457,394947,1822700
1288,388,449,596208,8396,395396,1792300
1289,403,417,595805,8382,395813,1759900
1290,405,412,595400,8375,396225,1852300
1291,426,370,594974,8431,396595,1879800
1292,419,450,594555,8400,397045,1791600
1293,397,409,594158,8388,397454,1820500
1294,431,451,593727,8368,397905,1826600
1295,397,421,593330,8344,398326,1722300
1296,448,412,592882,8380,398738,1798600
1297,417,455,592465,8342,399193,1728500
1298,437,404,592028,8375,399597,1783200
1299,441,424,591587,8392,400021,1864300
1300,474,385,591113,8481,400406,1735000
1301,473,417,590640,8537,400823,1832200
1302,479,435,590161,8581,401258,1755000
1303,485,443,589676,8623,401701,1947900
1304,462,415,589214,8670,402116,1818300
1305,495,444,588719,8721,402560,1780900
1306,474,469,588245,8726,403029,1715300
1307,454,425,587791,8755,403454,1791600
1308,463,424,587328,8794,403878,1723300
1309,455,420,586873,8829,404298,1772000
1310,443,415,586430,8857,404713,1857000
1311,431,423,585999,8865,405136,1812200
1312,451,436,585548,8880,405572,1860900
1313,469,444,585079,8905,406016,1837900
1314,415,413,584664,8907,406429,1786400
1315,449,450,584215,8906,406879,1803000
1316,486,459,583729,8933,407338,1809400
1317,435,427,583294,8941,407765,1950600
1318,451,446,582843,8946,408211,1876500
1319,428,470,582415,8904,408681,1867400
1320,472,447,581943,8929,409128,1950100
1321,450,443,581493,8936,409571,1742300
1322,428,446,581065,8918,410017,1826400
1323,449,425,580616,8942,410442,1970600
1324,415,422,580201,8935,410864,1794000
1325,418,408,579783,8945,411272,1721400
1326,462,466,579321,8941,411738,1818700
1327,443,424,578878,8960,412162,1976900
1328,439,440,578439,8959,412602,1744400
1329,440,442,577999,8957,413044,1808000
1330,437,465,577562,8929,413509,1832200
1331,443,439,577119,8933,413948,1872600
1332,423,449,576696,8907,414397,2062100
1333,435,424,576261,8918,414821,1768400
1334,448,409,575813,8957,415230,2066000
1335,454,454,575359,8957,415684,1770100
1336,422,445,574937,8934,416129,1709900
1337,426,451,574511,8909,416580,1732800
1338,438,454,574073,8893,417034,1894000
1339,416,471,573657,8838,417505,1800200
1340,430,444,573227,8824,417949,1724600
1341,430,424,572797,8830,418373,1731200
1342,407,422,572390,8815,418795,1739600
1343,430,436,571960,8809,419231,1823200
1344,404,461,571556,8752,419692,1750800
1345,419,453,571137,8718,420145,1752700
1346,445,452,570692,8711,420597,1870300
1347,431,456,570261,8686,421053,1762200
1348,395,460,569866,8621,421513,1829900
1349,421,427,569445,8615,421940,1931100
1350,449,416,568996,8648,422356,1860300
1351,405,422,568591,8631,422778,1794700
1352,424,430,568167,8625,423208,1955400
1353,431,425,567736,8631,423633,1875300
1354,440,422,567296,8649,424055,1918100
1355,416,416,566880,8649,424471,1792500
1356,401,452,566479,8598,424923,1790000
1357,414,426,566065,8586,425349,1726900
1358,439,403,565626,8622,425752,1774100
1359,421,435,565205,8608,426187,1843100
1360,428,429,564777,8607,426616,1697500
1361,433,422,564344,8618,427038,1819700
1362,440,414,563904,8644,427452,1720400
1363,424,430,563480,8638,427882,1939900
1364,389,454,563091,8573,428336,1863700
1365,430,414,562661,8589,428750,1882800
1366,431,417,562230,8603,429167,1846600
1367,419,404,561811,8618,429571,1759100
1368,441,419,561370,8640,429990,1807800
1369,411,438,560959,8613,430428,1739000
1370,409,430,560550,8592,430858,1856400
1371,423,407,560127,8608,431265,1776500
1372,415,415,559712,8608,431680,1788800
1373,421,451,559291,8578,432131,1882400
1374,438,444,558853,8572,432575,1839900
1375,453,395,558400,8630,432970,1715300
1376,459,436,557941,8653,433406,1763300
1377,444,439,557497,8658,433845,1804000
1378,436,404,557061,8690,434249,1942600
1379,382,408,556679,8664,434657,1983300
1380,406,444,556273,8626,435101,1733400
1381,450,440,555823,8636,435541,1727900
1382,422,400,555401,8658,435941,1779100
1383,422,428,554979,8652,436369,1755400
1384,419,450,554560,8621,436819,1797100
1385,436,374,554124,8683,437193,1733000
1386,424,407,553700,8700,437600,1878300
1387,469,451,553231,8718,438051,1778100
1388,476,439,552755,8755,438490,1734500
1389,426,395,552329,8786,438885,2006200
1390,426,469,551903,8743,439354,1699200
1391,444,430,551459,8757,439784,1789200
1392,469,442,550990,8784,440226,1705700
1393,426,429,550564,8781,440655,1782300
1394,459,435,550105,8805,441090,1703300
1395,484,438,549621,8851,441528,1793600
1396,429,420,549192,8860,441948,1733600
1397,436,436,548756,8860,442384,1929300
1398,438,420,548318,8878,442804,1753800
1399,445,414,547873,8909,443218,1730000
1400,415,405,547458,8919,443623,1715900
1401,462,440,546996,8941,444063,1825500
1402,432,485,546564,8888,444548,1796700
1403,422,478,546142,8832,445026,1716600
1404,443,448,545699,8827,445474,1983400
1405,431,442,545268,8816,445916,1690700
1406,474,462,544794,8828,446378,1727000
1407,436,414,544358,8850,446792,1933100
1408,432,457,543926,8825,447249,1712100
1409,410,435,543516,8800,447684,1677500
1410,436,437,543080,8799,448121,1793500
1411,446,477,542634,8768,448598,1737300
1412,448,452,542186,8764,449050,1708700
1413,432,417,541754,8779,449467,1715500
1414,442,474,541312,8747,449941,1814400
1415,456,431,540856,8772,450372,1820000
1416,471,450,540385,8793,450822,1975600
1417,440,457,539945,8776,451279,1752800
1418,451,464,539494,8763,451743,1719300
1419,383,397,539111,8749,452140,1795000
1420,441,463,538670,8727,452603,1808300
1421,459,426,538211,8760,453029,1845800
1422,461,457,537750,8764,453486,1731800
1423,472,470,537278,8766,453956,2135100
1424,438,459,536840,8745,454415,2048200
1425,459,446,536381,8758,454861,1789200
1426,448,419,535933,8787,455280,1786200
1427,413,446,535520,8754,455726,1823200
1428,419,472,535101,8701,456198,1762200
1429,408,440,534693,8669,456638,1939100
1430,451,449,534242,8671,457087,1716000
1431,457,391,533785,8737,457478,1705500
1432,461,464,533324,8734,457942,1814000
1433,420,407,532904,8747,458349,1737000
1434,409,409,532495,8747,458758,1705900
1435,420,445,532075,8722,459203,1658400
1436,411,458,531664,8675,459661,1871100
1437,421,431,531243,8665,460092,2090900
1438,417,427,530826,8655,460519,1776700
1439,420,411,530406,8664,460930,1717600
1440,421,447,529985,8638,461377,1739200
1441,456,417,529529,8677,461794,1808300
1442,428,423,529101,8682,462217,1806100
1443,443,431,528658,8694,462648,1721600
1444,440,435,528218,8699,463083,1716900
1445,442,425,527776,8716,463508,1697800
1446,430,427,527346,8719,463935,1771600
1447,471,450,526875,8740,464385,1726100
1448,429,427,526446,8742,464812,1705300
1449,445,398,526001,8789,465210,1692700
1450,436,430,525565,8795,465640,1744600
1451,431,424,525134,8802,466064,1693800
1452,462,455,524672,8809,466519,1716100
1453,427,406,524245,8830,466925,1798100
1454,476,464,523769,8842,467389,1742500
1455,428,444,523341,8826,467833,1689700
1456,455,453,522886,8828,468286,1817900
1457,419,450,522467,8797,468736,1816300
1458,432,403,522035,8826,469139,1699000
1459,446,413,521589,8859,469552,1705400
1460,444,418,521145,8885,469970,1769000
1461,425,436,520720,8874,470406,1861900
1462,426,460,520294,8840,470866,1787700
1463,452,416,519842,8876,471282,1793500
1464,413,434,519429,8855,471716,1706600
1465,424,429,519005,8850,472145,1826400
1466,428,471,518577,8807,472616,1917300
1467,416,409,518161,8814,473025,1781300
1468,414,443,517747,8785,473468,1697800
1469,443,449,517304,8779,473917,1736600
1470,452,467,516852,8764,474384,1818100
1471,444,424,516408,8784,474808,1806700
1472,463,437,515945,8810,475245,1717400
1473,463,433,515482,8840,475678,1721300
1474,435,440,515047,8835,476118,1853900
1475,458,443,514589,8850,476561,1999000
1476,422,415,514167,8857,476976,1875500
1477,436,427,513731,8866,477403,1842100
1478,419,460,513312,8825,477863,1857400
1479,439,427,512873,8837,478290,1796600
1480,407,425,512466,8819,478715,1761000
1481,397,450,512069,8766,479165,1830100
1482,420,433,511649,8753,479598,1824200
1483,462,417,511187,8798,480015,1709200
1484,445,410,510742,8833,480425,1680800
1485,450,445,510292,8838,480870,1728200
1486,423,402,509869,8859,481272,1840700
1487,451,447,509418,8863,481719,1752100
1488,409,462,509009,8810,482181,1726700
1489,448,438,508561,8820,482619,1726500
1490,406,448,508155,8778,483067,1801300
1491,419,436,507736,8761,483503,1911000
1492,432,435,507304,8758,483938,1771000
1493,431,455,506873,8734,484393,1746700
1494,413,440,506460,8707,484833,1705700
1495,398,433,506062,8672,485266,1800400
1496,426,424,505636,8674,485690,1752300
1497,430,455,505206,8649,486145,1709100
1498,414,424,504792,8639,486569,1740100
1499,461,454,504331,8646,487023,1830300
1500,439,424,503892,8661,487447,1953900
1501,444,421,503448,8684,487868,1713700
1502,432,436,503016,8680,488304,1756900
1503,445,427,502571,8698,488731,1848700
1504,461,453,502110,8706,489184,1835900
1505,452,453,501658,8705,489637,1796600
1506,408,455,501250,8658,490092,1740300
1507,431,430,500819,8659,490522,1730600
1508,438,468,500381,8629,490990,1835100
1509,444,415,499937,8658,491405,1778500
1510,445,419,499492,8684,491824,1878200
1511,405,456,499087,8633,492280,1817300
1512,443,424,498644,8652,492704,1778000
1513,440,459,498204,8633,493163,1791200
1514,478,448,497726,8663,493611,1796500
1515,421,419,497305,8665,494030,1802000
1516,417,398,496888,8684,494428,1800700
1517,406,456,496482,8634,494884,1756200
1518,472,416,496010,8690,495300,1759700
1519,442,418,495568,8714,495718,1890300
1520,446,463,495122,8697,496181,1773000
1521,425,402,494697,8720,496583,1706300
1522,466,456,494231,8730,497039,1748700
1523,436,424,493795,8742,497463,1824700
1524,452,475,493343,8719,497938,1811300
1525,436,402,492907,8753,498340,1775200
1526,432,469,492475,8716,498809,1722600
1527,452,430,492023,8738,499239,1698700
1528,422,440,491601,8720,499679,2076700
1529,418,437,491183,8701,500116,1826500
1530,445,431,490738,8715,500547,1870500
1531,426,441,490312,8700,500988,1826100
1532,416,423,489896,8693,501411,1793400
1533,436,458,489460,8671,501869,1821100
1534,427,457,489033,8641,502326,1825700
1535,442,460,488591,8623,502786,1825300
1536,428,462,488163,8589,503248,1839800
1537,437,468,487726,8558,503716,1961200
1538,415,417,487311,8556,504133,1793200
1539,451,449,486860,8558,504582,1796800
1540,445,409,486415,8594,504991,1780300
1541,457,409,485958,8642,505400,1777300
1542,417,406,485541,8653,505806,1801700
1543,420,434,485121,8639,506240,1997600
1544,401,404,484720,8636,506644,1918200
1545,448,437,484272,8647,507081,1913600
1546,449,458,483823,8638,507539,1912300
1547,437,424,483386,8651,507963,1829100
1548,395,434,482991,8612,508397,1847600
1549,417,417,482574,8612,508814,1841600
1550,445,468,482129,8589,509282,1821500
1551,435,401,481694,8623,509683,1820600
1552,408,431,481286,8600,510114,1817600
1553,446,395,480840,8651,510509,1710000
1554,427,420,480413,8658,510929,1810000
1555,430,452,479983,8636,511381,1833700
1556,427,443,479556,8620,511824,1739900
1557,449,440,479107,8629,512264,1706000
1558,459,461,478648,8627,512725,1693500
1559,401,431,478247,8597,513156,1797500
1560,402,437,477845,8562,513593,1722400
1561,429,440,477416,8551,514033,1684900
1562,426,408,476990,8569,514441,1816000
1563,451,412,476539,8608,514853,1881100
1564,434,421,476105,8621,515274,2074400
1565,437,459,475668,8599,515733,1739900
1566,465,438,475203,8626,516171,1687800
1567,422,408,474781,8640,516579,1736100
1568,424,428,474357,8636,517007,1847000
1569,433,478,473924,8591,517485,1782200
1570,409,433,473515,8567,517918,1787000
1571,449,438,473066,8578,518356,1702800
1572,453,452,472613,8579,518808,1792100
1573,418,444,472195,8553,519252,1830200
1574,428,452,471767,8529,519704,1813400
1575,417,461,471350,8485,520165,1698900
1576,398,424,470952,8459,520589,1682200
1577,419,431,470533,8447,521020,1932700
1578,424,416,470109,8455,521436,1858800
1579,398,417,469711,8436,521853,1769700
1580,433,424,469278,8445,522277,1700800
1581,429,411,468849,8463,522688,1759900
1582,436,420,468413,8479,523108,1720700
1583,419,438,467994,8460,523546,1862300
1584,387,436,467607,8411,523982,1725500
1585,413,446,467194,8378,524428,1712600
1586,408,397,466786,8389,524825,1920800
1587,402,438,466384,8353,525263,1750600
1588,427,431,465957,8349,525694,1751000
1589,408,423,465549,8334,526117,1735300
1590,424,393,465125,8365,526510,1712000
1591,428,410,464697,8383,526920,1735100
1592,389,439,464308,8333,527359,1711800
1593,453,407,463855,8379,527766,1781900
1594,429,414,463426,8394,528180,1764300
1595,412,420,463014,8386,528600,1867200
1596,428,424,462586,8390,529024,1931800
1597,455,452,462131,8393,529476,1829900
1598,448,412,461683,8429,529888,1834400
1599,425,439,461258,8415,530327,1819600
1600,445,407,460813,8453,530734,1787000
1601,403,415,460410,8441,531149,1883900
1602,411,440,459999,8412,531589,1803400
1603,426,410,459573,8428,531999,1876400
1604,455,418,459118,8465,532417,1818600
1605,428,417,458690,8476,532834,1815400
1606,410,419,458280,8467,533253,1805600
1607,439,422,457841,8484,533675,1884000
1608,428,437,457413,8475,534112,1812800
1609,426,428,456987,8473,534540,1844000
1610,413,422,456574,8464,534962,1864500
1611,415,437,456159,8442,535399,1815200
1612,410,406,455749,8446,535805,1856200
1613,409,432,455340,8423,536237,1856300
1614,392,421,454948,8394,536658,1800600
1615,445,398,454503,8441,537056,1814700
1616,436,436,454067,8441,537492,1947900
1617,418,422,453649,8437,537914,1811900
1618,436,421,453213,8452,538335,1814200
1619,432,394,452781,8490,538729,1786500
1620,440,427,452341,8503,539156,1801800
1621,468,400,451873,8571,539556,1867400
1622,428,450,451445,8549,540006,1848300
1623,456,424,450989,8581,540430,1721200
1624,436,449,450553,8568,540879,1764000
1625,462,407,450091,8623,541286,1818100
1626,440,441,449651,8622,541727,1791500
1627,436,414,449215,8644,542141,2091500
1628,424,431,448791,8637,542572,2331000
1629,474,432,448317,8679,543004,2070500
1630,446,403,447871,8722,543407,1769300
1631,442,442,447429,8722,543849,1844100
1632,460,431,446969,8751,544280,1790600
1633,455,458,446514,8748,544738,1719200
1634,423,411,446091,8760,545149,1753000
1635,435,456,445656,8739,545605,1730800
1636,432,474,445224,8697,546079,1737500
1637,420,468,444804,8649,546547,1701500
1638,412,442,444392,8619,546989,1855500
1639,445,409,443947,8655,547398,1851400
1640,447,450,443500,8652,547848,1825800
1641,433,457,443067,8628,548305,1817700
1642,413,437,442654,8604,548742,1731500
1643,445,445,442209,8604,549187,1769200
1644,431,430,441778,8605,549617,1820100
1645,451,427,441327,8629,550044,1903100
1646,437,414,440890,8652,550458,1750500
1647,414,423,440476,8643,550881,1881500
1648,406,452,440070,8597,551333,1703600
1649,444,451,439626,8590,551784,1741100
1650,412,431,439214,8571,552215,1735800
1651,437,413,438777,8595,552628,1756000
1652,447,442,438330,8600,553070,1702100
1653,458,431,437872,8627,553501,1892300
1654,423,411,437449,8639,553912,1784000
1655,475,439,436974,8675,554351,1952100
1656,455,439,436519,8691,554790,2241000
1657,423,438,436096,8676,555228,1798400
1658,429,460,435667,8645,555688,1768400
1659,419,446,435248,8618,556134,1767200
1660,445,425,434803,8638,556559,1720400
1661,422,419,434381,8641,556978,2000700
1662,416,416,433965,8641,557394,1779000
1663,420,435,433545,8626,557829,2076300
1664,405,436,433140,8595,558265,1831800
1665,393,417,432747,8571,558682,1802700
1666,407,428,432340,8550,559110,1798200
1667,433,452,431907,8531,559562,1792000
1668,409,405,431498,8535,559967,1797000
1669,406,438,431092,8503,560405,1827000
1670,434,473,430658,8464,560878,1796100
1671,404,442,430254,8426,561320,1870700
1672,427,398,429827,8455,561718,2105100
1673,410,411,429417,8454,562129,1982800
1674,402,438,429015,8418,562567,1804600
1675,398,418,428617,8398,562985,1776700
1676,406,414,428211,8390,563399,1778000
1677,386,387,427825,8389,563786,1792500
1678,429,428,427396,8390,564214,2189000
1679,426,401,426970,8415,564615,2171500
1680,471,451,426499,8435,565066,2081700
1681,441,442,426058,8434,565508,2087300
1682,427,414,425631,8447,565922,2050500
1683,430,411,425201,8466,566333,1860200
1684,456,440,424745,8482,566773,1861900
1685,416,435,424329,8463,567208,2080100
1686,453,413,423876,8503,567621,1841000
1687,437,413,423439,8527,568034,1862700
1688,438,403,423001,8562,568437,2026400
1689,421,422,422580,8561,568859,1832600
1690,420,429,422160,8552,569288,1962100
1691,413,409,421747,8556,569697,1811800
1692,422,448,421325,8530,570145,1765400
1693,423,463,420902,8490,570608,1998600
1694,410,413,420492,8487,571021,1778700
1695,390,445,420102,8432,571466,1875100
1696,478,375,419624,8535,571841,1824500
1697,445,455,419179,8525,572296,1985400
1698,394,421,418785,8498,572717,1871200
1699,460,408,418325,8550,573125,1774900
1700,437,442,417888,8545,573567,1825400
1701,454,422,417434,8577,573989,1774800
1702,449,410,416985,8616,574399,1800700
1703,430,421,416555,8625,574820,1739900
1704,457,445,416098,8637,575265,1970100
1705,439,430,415659,8646,575695,1834300
1706,446,433,415213,8659,576128,1800600
1707,428,401,414785,8686,576529,1801500
1708,443,447,414342,8682,576976,1793800
1709,399,404,413943,8677,577380,1778700
1710,444,425,413499,8696,577805,1774400
1711,447,433,413052,8710,578238,1748900
1712,406,469,412646,8647,578707,1892100
1713,414,443,412232,8618,579150,1790900
1714,421,432,411811,8607,579582,1939000
1715,412,399,411399,8620,579981,2309800
1716,424,405,410975,8639,580386,1991100
1717,417,469,410558,8587,580855,1867000
1718,446,452,410112,8581,581307,1901300
1719,417,458,409695,8540,581765,1789200
1720,398,440,409297,8498,582205,2002100
1721,447,425,408850,8520,582630,1905200
1722,434,455,408416,8499,583085,1782300
1723,402,431,408014,8470,583516,1765600
1724,422,439,407592,8453,583955,1853200
1725,399,448,407193,8404,584403,1805700
1726,445,410,406748,8439,584813,1888700
1727,412,409,406336,8442,585222,1757400
1728,418,428,405918,8432,585650,1731700
1729,424,448,405494,8408,586098,1771900
1730,377,440,405117,8345,586538,1815300
1731,424,424,404693,8345,586962,1784800
1732,418,417,404275,8346,587379,1784900
1733,429,429,403846,8346,587808,1969500
1734,409,376,403437,8379,588184,1765800
1735,428,449,403009,8358,588633,1772900
1736,452,417,402557,8393,589050,1787700
1737,422,421,402135,8394,589471,1840400
1738,419,424,401716,8389,589895,1892600
1739,466,401,401250,8454,590296,1841600
1740,430,385,400820,8499,590681,1756100
1741,489,416,400331,8572,591097,1806600
1742,425,417,399906,8580,591514,1806900
1743,455,427,399451,8608,591941,1843800
1744,427,441,399024,8594,592382,2050500
1745,454,445,398570,8603,592827,1799600
1746,431,430,398139,8604,593257,1818200
1747,434,415,397705,8623,593672,1945000
1748,428,456,397277,8595,594128,1829200
1749,425,467,396852,8553,594595,1843300
1750,418,437,396434,8534,595032,1821600
1751,448,427,395986,8555,595459,2000600
1752,426,434,395560,8547,595893,1842900
1753,423,389,395137,8581,596282,1790300
1754,427,448,394710,8560,596730,1795100
1755,401,417,394309,8544,597147,1820700
1756,428,440,393881,8532,597587,1899600
1757,426,445,393455,8513,598032,1887800
1758,438,403,393017,8548,598435,1755300
1759,397,409,392620,8536,598844,1707200
1760,404,413,392216,8527,599257,1752600
1761,415,440,391801,8502,599697,1898200
1762,414,425,391387,8491,600122,1796900
1763,427,416,390960,8502,600538,2306300
1764,418,440,390542,8480,600978,1831300
1765,447,421,390095,8506,601399,1810100
1766,460,418,389635,8548,601817,1757400
1767,403,429,389232,8522,602246,1700300
1768,445,450,388787,8517,602696,1702900
1769,444,378,388343,8583,603074,1773300
1770,434,471,387909,8546,603545,1710100
1771,399,444,387510,8501,603989,1717800
1772,448,413,387062,8536,604402,1816200
1773,444,475,386618,8505,604877,2045900
1774,424,438,386194,8491,605315,1933900
1775,433,444,385761,8480,605759,1806300
1776,426,454,385335,8452,606213,1756100
1777,386,439,384949,8399,606652,1745800
1778,439,416,384510,8422,607068,1691200
1779,415,398,384095,8439,607466,1787500
1780,452,415,383643,8476,607881,1804400
1781,462,426,383181,8512,608307,1729400
1782,419,425,382762,8506,608732,1695000
1783,404,413,382358,8497,609145,1803300
1784,443,414,381915,8526,609559,1738500
1785,463,410,381452,8579,609969,1719700
1786,434,414,381018,8599,610383,1776900
1787,456,408,380562,8647,610791,1962800
1788,434,425,380128,8656,611216,1842500
1789,474,435,379654,8695,611651,1872600
1790,451,436,379203,8710,612087,1903700
1791,464,412,378739,8762,612499,1801900
1792,446,453,378293,8755,612952,1775200
1793,467,428,377826,8794,613380,1708400
1794,408,441,377418,8761,613821,1792000
1795,440,436,376978,8765,614257,1755700
1796,421,457,376557,8729,614714,1706800
1797,481,443,376076,8767,615157,1806300
1798,464,400,375612,8831,615557,2063900
1799,467,432,375145,8866,615989,1807000
1800,472,443,374673,8895,616432,1788500
1801,426,480,374247,8841,616912,1714300
1802,437,445,373810,8833,617357,1800700
1803,442,423,373368,8852,617780,1796100
1804,479,458,372889,8873,618238,1793100
1805,464,438,372425,8899,618676,1743000
1806,430,428,371995,8901,619104,2011300
1807,449,467,371546,8883,619571,1776900
1808,465,455,371081,8893,620026,1719300
1809,488,455,370593,8926,620481,1796400
1810,467,432,370126,8961,620913,1757400
1811,438,407,369688,8992,621320,1764200
1812,420,445,369268,8967,621765,1690800
1813,463,421,368805,9009,622186,1780300
1814,451,444,368354,9016,622630,1786700
1815,454,437,367900,9033,623067,1818600
1816,436,421,367464,9048,623488,1695800
1817,423,450,367041,9021,623938,1792900
1818,416,475,366625,8962,624413,1797200
1819,432,407,366193,8987,624820,1749500
1820,442,447,365751,8982,625267,1748800
1821,447,477,365304,8952,625744,1751100
1822,435,433,364869,8954,626177,1798300
1823,444,429,364425,8969,626606,1916000
1824,449,435,363976,8983,627041,1778500
1825,415,457,363561,8941,627498,1890900
1826,446,449,363115,8938,627947,1724100
1827,430,445,362685,8923,628392,1798300
1828,413,436,362272,8900,628828,1789300
1829,472,454,361800,8918,629282,1768400
1830,446,439,361354,8925,629721,1713300
1831,418,417,360936,8926,630138,1707700
1832,431,403,360505,8954,630541,1815100
1833,406,453,360099,8907,630994,1730900
1834,415,454,359684,8868,631448,1712400
1835,425,437,359259,8856,631885,1789800
1836,424,440,358835,8840,632325,1795200
1837,463,459,358372,8844,632784,1731000
1838,456,440,357916,8860,633224,1778100
1839,474,440,357442,8894,633664,1729100
1840,448,423,356994,8919,634087,1993300
1841,427,437,356567,8909,634524,1779600
1842,467,472,356100,8904,634996,1780900
1843,460,454,355640,8910,635450,1773200
1844,480,458,355160,8932,635908,1778500
1845,461,404,354699,8989,636312,1841300
1846,457,479,354242,8967,636791,1739700
1847,459,460,353783,8966,637251,1834200
1848,451,428,353332,8989,637679,1790300
1849,451,445,352881,8995,638124,1809800
1850,432,406,352449,9021,638530,1825800
1851,449,489,352000,8981,639019,1775100
1852,464,446,351536,8999,639465,1845200
1853,463,446,351073,9016,639911,1879200
1854,447,432,350626,9031,640343,1770700
1855,457,442,350169,9046,640785,1826900
1856,452,444,349717,9054,641229,1844700
1857,470,439,349247,9085,641668,1835700
1858,467,481,348780,9071,642149,1869300
1859,445,437,348335,9079,642586,1828300
1860,453,472,347882,9060,643058,1834600
1861,423,434,347459,9049,643492,1818400
1862,417,424,347042,9042,643916,1885700
1863,419,464,346623,8997,644380,2007600
1864,431,471,346192,8957,644851,1857600
1865,453,445,345739,8965,645296,1783100
1866,477,430,345262,9012,645726,1783900
1867,459,454,344803,9017,646180,1835400
1868,455,464,344348,9008,646644,1754200
1869,408,465,343940,8951,647109,1750700
1870,405,461,343535,8895,647570,1843700
1871,432,428,343103,8899,647998,1767300
1872,435,431,342668,8903,648429,1772800
1873,443,455,342225,8891,648884,1748700
1874,453,430,341772,8914,649314,1771300
1875,436,431,341336,8919,649745,1815700
1876,458,409,340878,8968,650154,1727700
1877,423,425,340455,8966,650579,1950700
1878,423,454,340032,8935,651033,1798400
1879,442,462,339590,8915,651495,1830500
1880,431,469,339159,8877,651964,1794400
1881,469,460,338690,8886,652424,1741200
1882,406,441,338284,8851,652865,1771500
1883,442,458,337842,8835,653323,1808500
1884,397,457,337445,8775,653780,1851600
1885,429,461,337016,8743,654241,1804400
1886,460,431,336556,8772,654672,1780300
1887,425,412,336131,8785,655084,1752700
1888,411,434,335720,8762,655518,1693100
1889,430,454,335290,8738,655972,1802200
1890,436,436,334854,8738,656408,1814800
1891,413,462,334441,8689,656870,1714800
1892,406,406,334035,8689,657276,1703000
1893,441,414,333594,8716,657690,1752500
1894,419,446,333175,8689,658136,1759900
1895,389,417,332786,8661,658553,1685900
1896,422,409,332364,8674,658962,1745900
1897,420,424,331944,8670,659386,1761800
1898,449,478,331495,8641,659864,1794500
1899,478,414,331017,8705,660278,1786900
1900,470,379,330547,8796,660657,1773100
1901,427,435,330120,8788,661092,1819700
1902,438,476,329682,8750,661568,1734700
1903,430,430,329252,8750,661998,1756400
1904,419,480,328833,8689,662478,1690600
1905,456,454,328377,8691,662932,1693700
1906,461,456,327916,8696,663388,1775000
1907,447,453,327469,8690,663841,1695300
1908,442,430,327027,8702,664271,1702500
1909,405,422,326622,8685,664693,1805400
1910,417,440,326205,8662,665133,1786900
1911,441,420,325764,8683,665553,1710900
1912,440,467,325324,8656,666020,1745400
1913,436,416,324888,8676,666436,1788800
1914,400,417,324488,8659,666853,1803200
1915,431,470,324057,8620,667323,1755900
1916,430,408,323627,8642,667731,1729900
1917,448,433,323179,8657,668164,1685800
1918,418,393,322761,8682,668557,1795400
1919,452,415,322309,8719,668972,2131500
1920,435,442,321874,8712,669414,1815900
1921,437,433,321437,8716,669847,1792100
1922,453,421,320984,8748,670268,1747700
1923,441,428,320543,8761,670696,2058600
1924,460,441,320083,8780,671137,1938300
1925,411,430,319672,8761,671567,1787400
1926,447,424,319225,8784,671991,1788900
1927,475,449,318750,8810,672440,1764700
1928,457,394,318293,8873,672834,1756000
1929,465,447,317828,8891,673281,1739300
1930,459,462,317369,8888,673743,1845200
1931,480,456,316889,8912,674199,1800500
1932,420,431,316469,8901,674630,1756200
1933,482,442,315987,8941,675072,1929300
1934,455,456,315532,8940,675528,1726400
1935,414,440,315118,8914,675968,1838300
1936,419,449,314699,8884,676417,1797100
1937,458,447,314241,8895,676864,1750900
1938,442,428,313799,8909,677292,1766700
1939,455,420,313344,8944,677712,1712200
1940,410,454,312934,8900,678166,1798100
1941,436,486,312498,8850,678652,1826700
1942,434,417,312064,8867,679069,1734300
1943,458,425,311606,8900,679494,1738000
1944,455,407,311151,8948,679901,1822400
1945,419,442,310732,8925,680343,1706900
1946,435,448,310297,8912,680791,1744000
1947,446,436,309851,8922,681227,1735700
1948,436,469,309415,8889,681696,1876700
1949,432,424,308983,8897,682120,1919300
1950,447,406,308536,8938,682526,1891600
1951,451,492,308085,8897,683018,1841600
1952,430,479,307655,8848,683497,1839000
1953,451,457,307204,8842,683954,2043800
1954,443,425,306761,8860,684379,1821000
1955,457,385,306304,8932,684764,1752500
1956,450,437,305854,8945,685201,1838300
1957,445,454,305409,8936,685655,1832300
1958,426,430,304983,8932,686085,1760600
1959,470,456,304513,8946,686541,1733900
1960,426,467,304087,8905,687008,1844800
1961,438,417,303649,8926,687425,2003000
1962,426,431,303223,8921,687856,1744700
1963,393,443,302830,8871,688299,1829800
1964,450,463,302380,8858,688762,1779000
1965,451,435,301929,8874,689197,1735600
1966,443,449,301486,8868,689646,1821700
1967,402,440,301084,8830,690086,1823000
1968,395,451,300689,8774,690537,1850400
1969,419,459,300270,8734,690996,1784200
1970,442,435,299828,8741,691431,1772300
1971,433,481,299395,8693,691912,1748700
1972,409,437,298986,8665,692349,1830200
1973,438,435,298548,8668,692784,1849100
1974,476,462,298072,8682,693246,1763500
1975,456,462,297616,8676,693708,1734500
1976,418,438,297198,8656,694146,1729600
1977,453,464,296745,8645,694610,1837000
1978,447,427,296298,8665,695037,2239500
1979,425,447,295873,8643,695484,1868200
1980,424,474,295449,8593,695958,1773800
1981,456,435,294993,8614,696393,1800800
1982,462,443,294531,8633,696836,1790300
1983,442,460,294089,8615,697296,1784300
1984,413,462,293676,8566,697758,1795600
1985,445,421,293231,8590,698179,1795600
1986,428,462,292803,8556,698641,1766200
1987,418,443,292385,8531,699084,1784100
1988,416,419,291969,8528,699503,1748400
1989,407,397,291562,8538,699900,1953000
1990,423,450,291139,8511,700350,1857900
1991,405,453,290734,8463,700803,1733800
1992,388,458,290346,8393,701261,1752100
1993,406,425,289940,8374,701686,1743200
1994,404,412,289536,8366,702098,1800600
1995,405,405,289131,8366,702503,1844700
1996,397,423,288734,8340,702926,1758500
1997,411,442,288323,8309,703368,1988700
1998,448,362,287875,8395,703730,1751600
1999,405,394,287470,8406,704124,1734200
2000,409,388,287061,8427,704512,1784700
2001,396,454,286665,8369,704966,1813500
2002,416,420,286249,8365,705386,1719800
2003,413,406,285836,8372,705792,1714600
2004,401,435,285435,8338,706227,1842900
2005,375,408,285060,8305,706635,1698000
2006,408,391,284652,8322,707026,1807600
2007,348,415,284304,8255,707441,2056400
2008,378,386,283926,8247,707827,1913800
2009,362,388,283564,8221,708215,1792700
2010,385,441,283179,8165,708656,2001300
2011,386,409,282793,8142,709065,1830300
2012,414,402,282379,8154,709467,1839200
2013,374,420,282005,8108,709887,1995900
2014,366,381,281639,8093,710268,1719100
2015,376,407,281263,8062,710675,1677000
2016,367,407,280896,8022,711082,1727900
2017,356,395,280540,7983,711477,1813400
2018,385,407,280155,7961,711884,1802400
2019,374,446,279781,7889,712330,1680800
2020,377,428,279404,7838,712758,1723800
2021,370,368,279034,7840,713126,1811600
2022,351,400,278683,7791,713526,2114300
2023,386,403,278297,7774,713929,1797800
2024,385,395,277912,7764,714324,1731000
2025,401,364,277511,7801,714688,1671900
2026,370,431,277141,7740,715119,1670700
2027,373,402,276768,7711,715521,1788100
2028,370,370,276398,7711,715891,1703300
2029,386,366,276012,7731,716257,1916200
2030,347,359,275665,7719,716616,2044600
2031,377,411,275288,7685,717027,1792200
2032,388,371,274900,7702,717398,1848800
2033,397,380,274503,7719,717778,1843300
2034,370,394,274133,7695,718172,1912000
2035,380,358,273753,7717,718530,1768500
2036,360,368,273393,7709,718898,1760600
2037,356,391,273037,7674,719289,1957200
2038,348,417,272689,7605,719706,1827500
2039,350,424,272339,7531,720130,2396900
2040,372,367,271967,7536,720497,1755800
2041,375,395,271592,7516,720892,1690400
2042,374,332,271218,7558,721224,1771000
2043,351,391,270867,7518,721615,1717500
2044,410,394,270457,7534,722009,1706600
2045,393,411,270064,7516,722420,1859800
2046,373,373,269691,7516,722793,1882700
2047,354,387,269337,7483,723180,1837500
2048,394,343,268943,7534,723523,1737600
2049,369,398,268574,7505,723921,1722700
2050,352,359,268222,7498,724280,1782300
2051,391,369,267831,7520,724649,1771800
2052,365,394,267466,7491,725043,1722300
2053,341,340,267125,7492,725383,1712500
2054,382,396,266743,7478,725779,1873100
2055,374,385,266369,7467,726164,1796900
2056,399,346,265970,7520,726510,1844100
2057,375,373,265595,7522,726883,1712500
2058,363,363,265232,7522,727246,1666800
2059,344,389,264888,7477,727635,1817400
2060,351,387,264537,7441,728022,1797900
2061,357,370,264180,7428,728392,1695500
2062,327,376,263853,7379,728768,1697800
2063,327,379,263526,7327,729147,1768000
2064,338,342,263188,7323,729489,1754100
2065,361,340,262827,7344,729829,1845200
2066,339,357,262488,7326,730186,1756400
2067,340,380,262148,7286,730566,1758700
2068,342,351,261806,7277,730917,1750900
2069,342,371,261464,7248,731288,1882100
2070,354,369,261110,7233,731657,1755800
2071,331,382,260779,7182,732039,1745500
2072,334,329,260445,7187,732368,1811800
2073,353,388,260092,7152,732756,1811100
2074,359,343,259733,7168,733099,1806200
2075,357,362,259376,7163,733461,1760800
2076,334,388,259042,7109,733849,1757300
2077,325,324,258717,7110,734173,1778900
2078,334,349,258383,7095,734522,1764200
2079,338,378,258045,7055,734900,1877000
2080,320,361,257725,7014,735261,1720700
2081,352,325,257373,7041,735586,1726900
2082,323,375,257050,6989,735961,1803700
2083,319,328,256731,6980,736289,1730300
2084,327,337,256404,6970,736626,1755700
2085,314,325,256090,6959,736951,1787300
2086,347,344,255743,6962,737295,1824000
2087,329,343,255414,6948,737638,1778700
2088,316,396,255098,6868,738034,1688300
2089,325,357,254773,6836,738391,1723300
2090,298,323,254475,6811,738714,1814400
2091,325,352,254150,6784,739066,1966900
2092,329,316,253821,6797,739382,1941300
2093,321,333,253500,6785,739715,1974700
2094,335,373,253165,6747,740088,1867300
2095,322,331,252843,6738,740419,1845400
2096,317,347,252526,6708,740766,1771200
2097,332,371,252194,6669,741137,1784300
2098,305,336,251889,6638,741473,2017700
2099,299,367,251590,6570,741840,1928500
2100,304,328,251286,6546,742168,1885100
2101,313,312,250973,6547,742480,1866000
2102,305,356,250668,6496,742836,1869600
2103,324,341,250344,6479,743177,1990200
2104,322,321,250022,6480,743498,1840600
2105,313,344,249709,6449,743842,1872500
2106,328,320,249381,6457,744162,1965000
2107,298,337,249083,6418,744499,1898100
2108,298,298,248785,6418,744797,1706300
2109,308,329,248477,6397,745126,1825700
2110,320,337,248157,6380,745463,1737700
2111,298,330,247859,6348,745793,1754900
2112,304,335,247555,6317,746128,1717900
2113,318,330,247237,6305,746458,1813300
2114,313,319,246924,6299,746777,1789100
2115,314,325,246610,6288,747102,1708400
2116,285,300,246325,6273,747402,1732100
2117,311,304,246014,6280,747706,1687400
2118,299,320,245715,6259,748026,1785400
2119,287,302,245428,6244,748328,1761000
2120,319,306,245109,6257,748634,1712900
2121,282,315,244827,6224,748949,1782100
2122,285,295,244542,6214,749244,1754000
2123,278,301,244264,6191,749545,1656500
2124,272,305,243992,6158,749850,1695700
2125,303,307,243689,6154,750157,1978600
2126,289,268,243400,6175,750425,1773500
2127,274,317,243126,6132,750742,1717100
2128,287,292,242839,6127,751034,1702400
2129,275,300,242564,6102,751334,1678600
2130,263,287,242301,6078,751621,1824800
2131,300,283,242001,6095,751904,1698100
2132,262,264,241739,6093,752168,1675300
2133,299,319,241440,6073,752487,1771900
2134,299,327,241141,6045,752814,1878000
2135,301,289,240840,6057,753103,1700000
2136,270,309,240570,6018,753412,1659900
2137,259,268,240311,6009,753680,2002200
2138,284,288,240027,6005,753968,2011700
2139,299,294,239728,6010,754262,2180900
2140,308,310,239420,6008,754572,1819900
2141,272,308,239148,5972,754880,2063100
2142,266,296,238882,5942,755176,1959000
2143,281,308,238601,5915,755484,1830000
2144,257,281,238344,5891,755765,2081800
2145,292,325,238052,5858,756090,1883500
2146,285,305,237767,5838,756395,1943600
2147,247,286,237520,5799,756681,2117700
2148,279,262,237241,5816,756943,2264500
2149,267,293,236974,5790,757236,5873900
2150,260,260,236714,5790,757496,7059800
2151,246,308,236468,5728,757804,2824800
2152,253,265,236215,5716,758069,3019900
2153,295,303,235920,5708,758372,2774200
2154,277,296,235643,5689,758668,2630900
2155,265,284,235378,5670,758952,2203400
2156,247,286,235131,5631,759238,2729600
2157,245,289,234886,5587,759527,2117900
2158,267,286,234619,5568,759813,2321300
2159,263,303,234356,5528,760116,2224200
2160,280,255,234076,5553,760371,2051500
2161,273,278,233803,5548,760649,2041300
2162,270,280,233533,5538,760929,2005100
2163,274,242,233259,5570,761171,1954900
2164,241,284,233018,5527,761455,2046000
2165,249,273,232769,5503,761728,1897000
2166,238,275,232531,5466,762003,2143900
2167,256,270,232275,5452,762273,1978000
2168,205,270,232070,5387,762543,2123800
2169,253,256,231817,5384,762799,2067000
2170,246,257,231571,5373,763056,2022800
2171,250,270,231321,5353,763326,1956900
2172,234,265,231087,5322,763591,1890200
2173,252,244,230835,5330,763835,2040300
2174,218,264,230617,5284,764099,1833800
2175,246,287,230371,5243,764386,2065700
2176,258,252,230113,5249,764638,2054400
2177,257,251,229856,5255,764889,1729300
2178,259,265,229597,5249,765154,1848400
2179,236,271,229361,5214,765425,1803500
2180,256,265,229105,5205,765690,1792700
2181,266,299,228839,5172,765989,1767400
2182,248,245,228591,5175,766234,1656800
2183,232,271,228359,5136,766505,1674300
2184,265,233,228094,5168,766738,1713100
2185,257,279,227837,5146,767017,1709900
2186,274,253,227563,5167,767270,1687900
2187,272,286,227291,5153,767556,1796200
2188,236,246,227055,5143,767802,1792800
2189,259,241,226796,5161,768043,1661400
2190,231,248,226565,5144,768291,1686200
2191,261,264,226304,5141,768555,1773300
2192,236,263,226068,5114,768818,1838400
2193,236,242,225832,5108,769060,1705400
2194,271,260,225561,5119,769320,1679900
2195,248,241,225313,5126,769561,1762600
2196,245,260,225068,5111,769821,1700500
2197,241,254,224827,5098,770075,1732600
2198,233,246,224594,5085,770321,1774300
2199,240,255,224354,5070,770576,1775100
2200,228,253,224126,5045,770829,1697700
2201,244,243,223882,5046,771072,1679800
2202,236,221,223646,5061,771293,1715200
2203,266,249,223380,5078,771542,1786800
2204,253,238,223127,5093,771780,1740200
2205,229,261,222898,5061,772041,1697100
2206,252,276,222646,5037,772317,1792200
2207,237,263,222409,5011,772580,1744800
2208,234,232,222175,5013,772812,1690600
2209,221,247,221954,4987,773059,1647000
2210,254,243,221700,4998,773302,2028800
2211,253,233,221447,5018,773535,1841500
2212,232,269,221215,4981,773804,1734300
2213,255,294,220960,4942,774098,1812300
2214,244,237,220716,4949,774335,1790900
2215,261,270,220455,4940,774605,1785900
2216,249,252,220206,4937,774857,1839600
2217,267,260,219939,4944,775117,1890500
2218,251,230,219688,4965,775347,1967000
2219,244,235,219444,4974,775582,1827200
2220,229,245,219215,4958,775827,1837900
2221,220,260,218995,4918,776087,1721900
2222,255,256,218740,4917,776343,1829100
2223,245,253,218495,4909,776596,1699000
2224,247,243,218248,4913,776839,1677200
2225,225,261,218023,4877,777100,1900100
2226,243,254,217780,4866,777354,1696300
2227,245,224,217535,4887,777578,2135300
2228,216,219,217319,4884,777797,1776400
2229,224,209,217095,4899,778006,1764900
2230,262,240,216833,4921,778246,1653300
2231,251,253,216582,4919,778499,1617700
2232,242,234,216340,4927,778733,1671900
2233,259,234,216081,4952,778967,1651500
2234,261,251,215820,4962,779218,1761700
2235,233,268,215587,4927,779486,1778800
2236,251,241,215336,4937,779727,1664600
2237,270,261,215066,4946,779988,1672100
2238,259,256,214807,4949,780244,1671600
2239,239,240,214568,4948,780484,1775000
2240,267,216,214301,4999,780700,1910900
2241,250,248,214051,5001,780948,1803200
2242,251,254,213800,4998,781202,1874800
2243,260,250,213540,5008,781452,1990800
2244,242,244,213298,5006,781696,10530000
2245,239,222,213059,5023,781918,3415200
2246,249,264,212810,5008,782182,2647700
2247,236,229,212574,5015,782411,2722900
2248,254,260,212320,5009,782671,2376800
2249,246,244,212074,5011,782915,2307000
2250,247,253,211827,5005,783168,2022500
2251,235,267,211592,4973,783435,1994500
2252,263,266,211329,4970,783701,2083800
2253,254,249,211075,4975,783950,2226000
2254,248,263,210827,4960,784213,1919500
2255,256,246,210571,4970,784459,1986000
2256,252,231,210319,4991,784690,1873800
2257,271,268,210048,4994,784958,1805300
2258,245,254,209803,4985,785212,1759600
2259,233,280,209570,4938,785492,1892200
2260,272,257,209298,4953,785749,2080200
2261,239,240,209059,4952,785989,1941500
2262,269,240,208790,4981,786229,2099400
2263,241,271,208549,4951,786500,2017700
2264,232,230,208317,4953,786730,1958700
2265,260,259,208057,4954,786989,2041200
2266,255,259,207802,4950,787248,1959600
2267,292,240,207510,5002,787488,1983600
2268,258,231,207252,5029,787719,1899300
2269,270,242,206982,5057,787961,1943400
2270,273,237,206709,5093,788198,1887100
2271,271,268,206438,5096,788466,1809900
2272,279,276,206159,5099,788742,1787400
2273,281,271,205878,5109,789013,1864300
2274,253,283,205625,5079,789296,1727900
2275,283,253,205342,5109,789549,1719400
2276,268,252,205074,5125,789801,1787700
2277,271,261,204803,5135,790062,1678900
2278,260,263,204543,5132,790325,1749600
2279,260,251,204283,5141,790576,1796300
2280,261,262,204022,5140,790838,1733400
2281,238,260,203784,5118,791098,1663100
2282,235,240,203549,5113,791338,1626100
2283,267,271,203282,5109,791609,1752400
2284,248,257,203034,5100,791866,1688500
2285,225,257,202809,5068,792123,1674800
2286,242,250,202567,5060,792373,1791000
2287,245,252,202322,5053,792625,1858800
2288,248,263,202074,5038,792888,1672900
2289,273,223,201801,5088,793111,1705200
2290,253,245,201548,5096,793356,1772400
2291,280,241,201268,5135,793597,1831700
2292,258,228,201010,5165,793825,1738700
2293,245,267,200765,5143,794092,1704500
2294,257,249,200508,5151,794341,1790900
2295,249,263,200259,5137,794604,1822000
2296,271,245,199988,5163,794849,2126100
2297,249,249,199739,5163,795098,2232100
2298,235,281,199504,5117,795379,1903600
2299,240,271,199264,5086,795650,2039500
2300,259,262,199005,5083,795912,1789400
2301,225,279,198780,5029,796191,1785300
2302,272,263,198508,5038,796454,1805900
2303,240,260,198268,5018,796714,1725600
2304,244,241,198024,5021,796955,1801200
2305,256,256,197768,5021,797211,1753000
2306,213,259,197555,4975,797470,1924500
2307,231,235,197324,4971,797705,1831300
2308,246,244,197078,4973,797949,1813000
2309,229,242,196849,4960,798191,1886700
2310,256,263,196593,4953,798454,1848500
2311,209,249,196384,4913,798703,1832600
2312,252,215,196132,4950,798918,1754400
2313,251,238,195881,4963,799156,1783500
2314,251,248,195630,4966,799404,1789300
2315,228,248,195402,4946,799652,2268800
2316,242,247,195160,4941,799899,1703200
2317,261,257,194899,4945,800156,1750100
2318,252,232,194647,4965,800388,1791900
2319,236,244,194411,4957,800632,1846700
2320,244,261,194167,4940,800893,1692100
2321,253,255,193914,4938,801148,1709800
2322,255,276,193659,4917,801424,2063100
2323,260,254,193399,4923,801678,1806700
2324,256,263,193143,4916,801941,1756800
2325,259,238,192884,4937,802179,1781900
2326,217,309,192667,4845,802488,1689600
2327,254,219,192413,4880,802707,1663400
2328,224,238,192189,4866,802945,1746100
2329,255,249,191934,4872,803194,1772700
2330,249,269,191685,4852,803463,1770500
2331,245,213,191440,4884,803676,1759600
2332,240,240,191200,4884,803916,1780800
2333,255,267,190945,4872,804183,1721500
2334,264,230,190681,4906,804413,1763300
2335,263,221,190418,4948,804634,1801100
2336,237,273,190181,4912,804907,1867300
2337,227,241,189954,4898,805148,1744600
2338,224,257,189730,4865,805405,1745800
2339,241,259,189489,4847,805664,1944700
2340,240,280,189249,4807,805944,1754200
2341,255,246,188994,4816,806190,1680700
2342,252,264,188742,4804,806454,1721800
2343,245,249,188497,4800,806703,1935600
2344,251,250,188246,4801,806953,1935000
2345,257,245,187989,4813,807198,1975500
2346,277,241,187712,4849,807439,1763600
2347,223,251,187489,4821,807690,1696500
2348,234,251,187255,4804,807941,1766700
2349,227,252,187028,4779,808193,1879700
2350,232,280,186796,4731,808473,1735300
2351,229,236,186567,4724,808709,1789500
2352,220,241,186347,4703,808950,1779400
2353,225,232,186122,4696,809182,1856000
2354,222,223,185900,4695,809405,1735400
2355,246,211,185654,4730,809616,1729300
2356,214,228,185440,4716,809844,1739400
2357,236,230,185204,4722,810074,1831700
2358,235,232,184969,4725,810306,1758600
2359,254,210,184715,4769,810516,1757800
2360,222,232,184493,4759,810748,1719700
2361,237,245,184256,4751,810993,1737300
2362,222,241,184034,4732,811234,1692100
2363,242,250,183792,4724,811484,1713500
2364,214,229,183578,4709,811713,1796400
2365,265,228,183313,4746,811941,1708200
2366,244,235,183069,4755,812176,1754500
2367,233,234,182836,4754,812410,1687200
2368,256,248,182580,4762,812658,1808500
2369,212,255,182368,4719,812913,1703200
2370,246,230,182122,4735,813143,1836700
2371,225,238,181897,4722,813381,1808100
2372,240,241,181657,4721,813622,2054400
2373,211,231,181446,4701,813853,2380000
2374,222,210,181224,4713,814063,2354400
2375,231,231,180993,4713,814294,11460900
2376,248,250,180745,4711,814544,3174100
2377,243,247,180502,4707,814791,2583200
2378,242,221,180260,4728,815012,2576700
2379,234,242,180026,4720,815254,2262900
2380,233,232,179793,4721,815486,2145900
2381,233,243,179560,4711,815729,2112900
2382,238,254,179322,4695,815983,2108300
2383,222,224,179100,4693,816207,1999800
2384,237,238,178863,4692,816445,2075500
2385,211,215,178652,4688,816660,1930400
2386,240,224,178412,4704,816884,1878700
2387,227,212,178185,4719,817096,1928600
2388,241,228,177944,4732,817324,1848400
2389,222,211,177722,4743,817535,1940800
2390,233,239,177489,4737,817774,1848400
2391,214,218,177275,4733,817992,1895400
2392,230,238,177045,4725,818230,1919600
2393,239,242,176806,4722,818472,1914800
2394,236,237,176570,4721,818709,1975600
2395,277,246,176293,4752,818955,1978000
2396,242,222,176051,4772,819177,1921300
2397,255,252,175796,4775,819429,1965700
2398,239,211,175557,4803,819640,1925200
2399,262,249,175295,4816,819889,2205700
2400,256,258,175039,4814,820147,2055600
2401,232,243,174807,4803,820390,1860700
2402,217,233,174590,4787,820623,1977400
2403,227,261,174363,4753,820884,1762100
2404,247,252,174116,4748,821136,1751500
2405,246,227,173870,4767,821363,1679600
2406,236,234,173634,4769,821597,1762700
2407,221,232,173413,4758,821829,1668400
2408,240,236,173173,4762,822065,1761500
2409,253,241,172920,4774,822306,1703300
2410,268,257,172652,4785,822563,1746000
2411,250,255,172402,4780,822818,1657100
2412,230,233,172172,4777,823051,1647100
2413,226,251,171946,4752,823302,1755700
2414,246,213,171700,4785,823515,1659200
2415,212,224,171488,4773,823739,1661400
2416,261,216,171227,4818,823955,1762400
2417,262,243,170965,4837,824198,1672000
2418,286,243,170679,4880,824441,1689900
2419,242,253,170437,4869,824694,1872600
2420,254,268,170183,4855,824962,1858900
2421,250,256,169933,4849,825218,1765300
2422,250,256,169683,4843,825474,1794600
2423,258,259,169425,4842,825733,1670700
2424,248,250,169177,4840,825983,1701700
2425,235,253,168942,4822,826236,1880100
2426,261,222,168681,4861,826458,2022100
2427,236,277,168445,4820,826735,1670700
2428,225,215,168220,4830,826950,1622900
2429,234,242,167986,4822,827192,1785800
2430,216,219,167770,4819,827411,1705100
2431,234,210,167536,4843,827621,1666800
2432,243,235,167293,4851,827856,1680900
2433,260,265,167033,4846,828121,1769500
2434,244,257,166789,4833,828378,1691900
2435,270,226,166519,4877,828604,1757300
2436,253,250,166266,4880,828854,1919600
2437,247,224,166019,4903,829078,1787800
2438,237,272,165782,4868,829350,1866700
2439,248,236,165534,4880,829586,1793400
2440,246,242,165288,4884,829828,1710600
2441,248,249,165040,4883,830077,1770700
2442,247,245,164793,4885,830322,1839300
2443,247,220,164546,4912,830542,1908100
2444,221,259,164325,4874,830801,1724400
2445,250,246,164075,4878,831047,1653700
2446,234,234,163841,4878,831281,1775200
2447,259,231,163582,4906,831512,1943200
2448,258,244,163324,4920,831756,1732800
2449,244,235,163080,4929,831991,1770400
2450,251,246,162829,4934,832237,1697700
2451,254,242,162575,4946,832479,1825400
2452,258,231,162317,4973,832710,1839600
2453,250,245,162067,4978,832955,1763600
2454,227,253,161840,4952,833208,1796000
2455,240,230,161600,4962,833438,1772900
2456,250,228,161350,4984,833666,1739000
2457,259,233,161091,5010,833899,1711700
2458,252,272,160839,4990,834171,1707700
2459,230,266,160609,4954,834437,1695500
2460,263,243,160346,4974,834680,1919900
2461,243,275,160103,4942,834955,1693400
2462,244,239,159859,4947,835194,1651300
2463,245,241,159614,4951,835435,1819800
2464,269,257,159345,4963,835692,1770900
2465,259,260,159086,4962,835952,1830600
2466,267,289,158819,4940,836241,1675800
2467,228,252,158591,4916,836493,1661100
2468,252,255,158339,4913,836748,1767500
2469,253,248,158086,4918,836996,1690900
2470,224,256,157862,4886,837252,1679300
2471,240,265,157622,4861,837517,1874400
2472,231,234,157391,4858,837751,1789200
2473,223,243,157168,4838,837994,1700900
2474,236,229,156932,4845,838223,1655900
2475,251,235,156681,4861,838458,1654900
2476,233,229,156448,4865,838687,1730600
2477,261,239,156187,4887,838926,1787100
2478,234,263,155953,4858,839189,2052900
2479,240,237,155713,4861,839426,1799800
2480,217,263,155496,4815,839689,1791800
2481,242,235,155254,4822,839924,2264400
2482,274,254,154980,4842,840178,1809800
2483,245,234,154735,4853,840412,2006600
2484,273,273,154462,4853,840685,1783300
2485,239,212,154223,4880,840897,1730700
2486,260,266,153963,4874,841163,1701300
2487,233,255,153730,4852,841418,1760600
2488,269,246,153461,4875,841664,1684000
2489,235,250,153226,4860,841914,1698200
2490,260,251,152966,4869,842165,1660300
2491,220,239,152746,4850,842404,1767400
2492,244,247,152502,4847,842651,1741300
2493,202,248,152300,4801,842899,1892300
2494,242,241,152058,4802,843140,1674700
2495,228,257,151830,4773,843397,1710300
2496,249,240,151581,4782,843637,1757700
2497,250,250,151331,4782,843887,1751000
2498,263,243,151068,4802,844130,1690400
2499,228,245,150840,4785,844375,1672700
2500,221,255,150619,4751,844630,1730400
2501,236,208,150383,4779,844838,1660600
2502,220,250,150163,4749,845088,1611800
2503,232,243,149931,4738,845331,1744900
2504,210,248,149721,4700,845579,1922200
2505,226,234,149495,4692,845813,1689600
2506,245,221,149250,4716,846034,1671100
2507,216,224,149034,4708,846258,1729200
2508,243,212,148791,4739,846470,1824900
2509,239,258,148552,4720,846728,1703200
2510,235,218,148317,4737,846946,1770400
2511,213,217,148104,4733,847163,1756300
2512,238,255,147866,4716,847418,1660300
2513,234,232,147632,4718,847650,1667200
2514,238,235,147394,4721,847885,1675200
2515,228,245,147166,4704,848130,1663600
2516,224,240,146942,4688,848370,1859800
2517,225,246,146717,4667,848616,1773100
2518,232,252,146485,4647,848868,1769700
2519,205,249,146280,4603,849117,1691300
2520,244,228,146036,4619,849345,1647100
2521,232,225,145804,4626,849570,1756400
2522,233,207,145571,4652,849777,1771700
2523,204,260,145367,4596,850037,1742800
2524,195,232,145172,4559,850269,1731300
2525,196,232,144976,4523,850501,1771900
2526,215,222,144761,4516,850723,1781900
2527,231,223,144530,4524,850946,1859900
2528,212,216,144318,4520,851162,1972200
2529,213,229,144105,4504,851391,1754700
2530,231,245,143874,4490,851636,1735400
2531,217,217,143657,4490,851853,2112900
2532,224,228,143433,4486,852081,1749400
2533,200,198,143233,4488,852279,1774000
2534,207,197,143026,4498,852476,1728400
2535,220,235,142806,4483,852711,1763900
2536,230,208,142576,4505,852919,1660600
2537,228,249,142348,4484,853168,1735000
2538,215,223,142133,4476,853391,1659600
2539,216,216,141917,4476,853607,1670700
2540,215,240,141702,4451,853847,1756000
2541,210,223,141492,4438,854070,1677600
2542,222,219,141270,4441,854289,1658900
2543,203,216,141067,4428,854505,1765300
2544,223,200,140844,4451,854705,2099600
2545,221,188,140623,4484,854893,1873900
2546,211,197,140412,4498,855090,1717000
2547,210,222,140202,4486,855312,1686600
2548,232,238,139970,4480,855550,1670800
2549,215,219,139755,4476,855769,1778100
2550,240,198,139515,4518,855967,1716900
2551,202,206,139313,4514,856173,1623600
2552,208,232,139105,4490,856405,1777500
2553,212,235,138893,4467,856640,1685700
2554,229,207,138664,4489,856847,1674500
2555,221,230,138443,4480,857077,1756700
2556,198,209,138245,4469,857286,1723300
2557,215,240,138030,4444,857526,1670500
2558,185,250,137845,4379,857776,1736900
2559,229,209,137616,4399,857985,1738300
2560,227,196,137389,4430,858181,1776300
2561,211,225,137178,4416,858406,1783700
2562,228,236,136950,4408,858642,1720500
2563,227,205,136723,4430,858847,1775100
2564,217,222,136506,4425,859069,1718400
2565,239,241,136267,4423,859310,1652000
2566,233,199,136034,4457,859509,1637000
2567,232,243,135802,4446,859752,1855500
2568,210,237,135592,4419,859989,1685000
2569,217,225,135375,4411,860214,1632800
2570,214,208,135161,4417,860422,1758400
2571,221,227,134940,4411,860649,1687500
2572,206,217,134734,4400,860866,1747500
2573,202,238,134532,4364,861104,1719300
2574,193,222,134339,4335,861326,1851500
2575,224,226,134115,4333,861552,1967800
2576,229,224,133886,4338,861776,1716200
2577,241,185,133645,4394,861961,1688700
2578,205,207,133440,4392,862168,1757800
2579,216,203,133224,4405,862371,1667900
2580,214,223,133010,4396,862594,1658400
2581,215,227,132795,4384,862821,1667600
2582,201,209,132594,4376,863030,1754400
2583,206,208,132388,4374,863238,1656700
2584,174,233,132214,4315,863471,1628400
2585,208,200,132006,4323,863671,1671700
2586,202,237,131804,4288,863908,1653800
2587,218,230,131586,4276,864138,1662200
2588,188,235,131398,4229,864373,1755800
2589,199,204,131199,4224,864577,1613400
2590,182,212,131017,4194,864789,1659500
2591,158,200,130859,4152,864989,1753200
2592,215,217,130644,4150,865206,1690400
2593,198,199,130446,4149,865405,1660500
2594,187,202,130259,4134,865607,1935400
2595,207,191,130052,4150,865798,1806500
2596,188,199,129864,4139,865997,1738400
2597,196,200,129668,4135,866197,1738700
2598,174,217,129494,4092,866414,1731900
2599,189,217,129305,4064,866631,1777800
2600,183,198,129122,4049,866829,1738300
2601,205,217,128917,4037,867046,1714600
2602,186,229,128731,3994,867275,1737900
2603,171,208,128560,3957,867483,1719600
2604,167,192,128393,3932,867675,1726600
2605,160,192,128233,3900,867867,1709800
2606,182,190,128051,3892,868057,1675800
2607,186,190,127865,3888,868247,1746000
2608,191,182,127674,3897,868429,1696300
2609,194,217,127480,3874,868646,1722100
2610,190,193,127290,3871,868839,1768000
2611,180,175,127110,3876,869014,1751100
2612,182,193,126928,3865,869207,1680500
2613,188,192,126740,3861,869399,1730500
2614,204,190,126536,3875,869589,1893300
2615,214,199,126322,3890,869788,1751000
2616,203,217,126119,3876,870005,1647800
2617,179,179,125940,3876,870184,1648800
2618,211,205,125729,3882,870389,1751400
2619,191,165,125538,3908,870554,1638500
2620,201,202,125337,3907,870756,1672800
2621,184,204,125153,3887,870960,2042500
2622,204,179,124949,3912,871139,1801700
2623,209,222,124740,3899,871361,1863400
2624,188,185,124552,3902,871546,1844300
2625,219,189,124333,3932,871735,1746900
2626,213,179,124120,3966,871914,1724100
2627,211,196,123909,3981,872110,1760200
2628,196,203,123713,3974,872313,1984500
2629,191,184,123522,3981,872497,1777600
2630,180,211,123342,3950,872708,1770500
2631,182,214,123160,3918,872922,2052100
2632,182,194,122978,3906,873116,1897100
2633,201,187,122777,3920,873303,1744900
2634,183,177,122594,3926,873480,1755100
2635,175,212,122419,3889,873692,1767200
2636,185,203,122234,3871,873895,1827300
2637,171,192,122063,3850,874087,1838900
2638,180,217,121883,3813,874304,1921400
2639,165,188,121718,3790,874492,1809800
2640,169,189,121549,3770,874681,1746100
2641,168,178,121381,3760,874859,1706100
2642,152,187,121229,3725,875046,1658800
2643,194,197,121035,3722,875243,1705200
2644,172,187,120863,3707,875430,1668900
2645,163,183,120700,3687,875613,1643200
2646,176,191,120524,3672,875804,1685500
2647,196,179,120328,3689,875983,1776300
2648,158,186,120170,3661,876169,1743700
2649,195,199,119975,3657,876368,1668500
2650,183,190,119792,3650,876558,1771300
2651,195,206,119597,3639,876764,1663700
2652,178,169,119419,3648,876933,1653100
2653,185,176,119234,3657,877109,1820900
2654,181,165,119053,3673,877274,1759700
2655,190,197,118863,3666,877471,1698800
2656,195,179,118668,3682,877650,1662500
2657,195,176,118473,3701,877826,1645000
2658,198,203,118275,3696,878029,1680900
2659,191,202,118084,3685,878231,1802500
2660,172,172,117912,3685,878403,1606500
2661,197,204,117715,3678,878607,1754700
2662,203,182,117512,3699,878789,1665000
2663,174,164,117338,3709,878953,1649200
2664,189,182,117149,3716,879135,1753100
2665,189,184,116960,3721,879319,1796700
2666,200,193,116760,3728,879512,1668300
2667,208,179,116552,3757,879691,1660000
2668,199,182,116353,3774,879873,1741100
2669,206,202,116147,3778,880075,1673000
2670,215,208,115932,3785,880283,2023700
2671,171,177,115761,3779,880460,1682000
2672,183,199,115578,3763,880659,1786700
2673,194,173,115384,3784,880832,1813800
2674,183,200,115201,3767,881032,1672100
2675,179,174,115022,3772,881206,1656600
2676,183,207,114839,3748,881413,2274400
2677,186,170,114653,3764,881583,1990700
2678,175,183,114478,3756,881766,1743900
2679,186,201,114292,3741,881967,1704800
2680,166,170,114126,3737,882137,1748600
2681,181,184,113945,3734,882321,1703300
2682,175,175,113770,3734,882496,1723200
2683,164,182,113606,3716,882678,1731800
2684,177,182,113429,3711,882860,1703100
2685,183,186,113246,3708,883046,1772500
2686,177,168,113069,3717,883214,1785000
2687,173,164,112896,3726,883378,1766400
2688,163,176,112733,3713,883554,1777500
2689,176,166,112557,3723,883720,1750300
2690,179,172,112378,3730,883892,1762100
2691,191,185,112187,3736,884077,1730600
2692,193,198,111994,3731,884275,1798700
2693,166,188,111828,3709,884463,2007100
2694,169,215,111659,3663,884678,1900400
2695,186,178,111473,3671,884856,1807300
2696,167,180,111306,3658,885036,1733100
2697,203,180,111103,3681,885216,1810300
2698,199,202,110904,3678,885418,2139100
2699,193,162,110711,3709,885580,2010900
2700,180,212,110531,3677,885792,1742100
2701,202,173,110329,3706,885965,1713700
2702,200,191,110129,3715,886156,1715000
2703,196,180,109933,3731,886336,1769500
2704,177,176,109756,3732,886512,1746300
2705,171,171,109585,3732,886683,1669300
2706,184,189,109401,3727,886872,1653400
2707,194,200,109207,3721,887072,1754400
2708,203,171,109004,3753,887243,1818600
2709,192,184,108812,3761,887427,1627400
2710,166,187,108646,3740,887614,1732800
2711,188,188,108458,3740,887802,1750700
2712,176,167,108282,3749,887969,1650600
2713,210,201,108072,3758,888170,1652600
2714,203,195,107869,3766,888365,1758200
2715,159,166,107710,3759,888531,1653700
2716,158,164,107552,3753,888695,1651200
2717,162,196,107390,3719,888891,2050700
2718,169,186,107221,3702,889077,1673900
2719,174,176,107047,3700,889253,1712400
2720,169,190,106878,3679,889443,1697600
2721,164,194,106714,3649,889637,1651200
2722,170,177,106544,3642,889814,1741600
2723,160,168,106384,3634,889982,1661400
2724,165,199,106219,3600,890181,1629700
2725,174,212,106045,3562,890393,1814500
2726,168,203,105877,3527,890596,1711600
2727,171,179,105706,3519,890775,1689900
2728,152,177,105554,3494,890952,1662800
2729,143,189,105411,3448,891141,1697700
2730,161,159,105250,3450,891300,1650200
2731,180,145,105070,3485,891445,1646600
2732,168,190,104902,3463,891635,1907300
2733,154,174,104748,3443,891809,1658700
2734,166,176,104582,3433,891985,1660100
2735,151,164,104431,3420,892149,1977400
2736,170,189,104261,3401,892338,1691900
2737,169,165,104092,3405,892503,1680700
2738,197,162,103895,3440,892665,1653300
2739,149,177,103746,3412,892842,1755600
2740,154,166,103592,3400,893008,1704300
2741,169,167,103423,3402,893175,1642500
2742,168,168,103255,3402,893343,1654300
2743,154,175,103101,3381,893518,1702600
2744,162,146,102939,3397,893664,1708400
2745,179,199,102760,3377,893863,1654400
2746,174,155,102586,3396,894018,1740000
2747,151,146,102435,3401,894164,2001900
2748,163,174,102272,3390,894338,1803600
2749,162,179,102110,3373,894517,1728900
2750,169,154,101941,3388,894671,1761000
2751,170,164,101771,3394,894835,1744400
2752,175,179,101596,3390,895014,1652800
2753,161,152,101435,3399,895166,1763100
2754,162,191,101273,3370,895357,1683700
2755,163,160,101110,3373,895517,1688600
2756,167,160,100943,3380,895677,1642900
2757,164,162,100779,3382,895839,1641800
2758,162,156,100617,3388,895995,1675600
2759,182,158,100435,3412,896153,1642200
2760,141,180,100294,3373,896333,1747000
2761,161,180,100133,3354,896513,1729400
2762,134,161,99999,3327,896674,1666600
2763,151,182,99848,3296,896856,1773700
2764,130,164,99718,3262,897020,1779400
2765,142,171,99576,3233,897191,1706700
2766,132,154,99444,3211,897345,1720100
2767,132,173,99312,3170,897518,1644900
2768,165,165,99147,3170,897683,1662700
2769,146,191,99001,3125,897874,1642400
2770,135,155,98866,3105,898029,1793900
2771,139,147,98727,3097,898176,1761200
2772,154,150,98573,3101,898326,2056700
2773,149,157,98424,3093,898483,1721800
2774,138,159,98286,3072,898642,1658100
2775,146,155,98140,3063,898797,1767500
2776,158,137,97982,3084,898934,1668100
2777,166,162,97816,3088,899096,1637600
2778,156,165,97660,3079,899261,1673800
2779,144,160,97516,3063,899421,1672500
2780,148,150,97368,3061,899571,1657900
2781,150,122,97218,3089,899693,1644500
2782,174,170,97044,3093,899863,1745300
2783,154,151,96890,3096,900014,1783100
2784,173,164,96717,3105,900178,1647900
2785,162,153,96555,3114,900331,1642800
2786,165,173,96390,3106,900504,1683600
2787,163,168,96227,3101,900672,1637400
2788,147,168,96080,3080,900840,1644000
2789,128,161,95952,3047,901001,1663900
2790,158,154,95794,3051,901155,1816500
2791,140,166,95654,3025,901321,1765100
2792,152,149,95502,3028,901470,1944100
2793,137,153,95365,3012,901623,1977000
2794,153,173,95212,2992,901796,1916900
2795,140,172,95072,2960,901968,1749700
2796,135,124,94937,2971,902092,1751400
2797,175,152,94762,2994,902244,1657100
2798,146,140,94616,3000,902384,1767600
2799,168,142,94448,3026,902526,1696500
2800,161,143,94287,3044,902669,1646300
2801,162,142,94125,3064,902811,1649600
2802,168,163,93957,3069,902974,1911400
2803,148,145,93809,3072,903119,1752300
2804,144,143,93665,3073,903262,1658000
2805,162,165,93503,3070,903427,1666400
2806,151,132,93352,3089,903559,1677900
2807,153,145,93199,3097,903704,1641000
2808,151,149,93048,3099,903853,1775500
2809,144,151,92904,3092,904004,1767200
2810,141,152,92763,3081,904156,1644300
2811,149,134,92614,3096,904290,1641100
2812,163,163,92451,3096,904453,1742200
2813,167,179,92284,3084,904632,1670300
2814,145,149,92139,3080,904781,1649400
2815,140,169,91999,3051,904950,1741600
2816,154,178,91845,3027,905128,1688700
2817,156,155,91689,3028,905283,1646700
2818,149,138,91540,3039,905421,1605100
2819,138,165,91402,3012,905586,1681900
2820,148,151,91254,3009,905737,1637200
2821,157,152,91097,3014,905889,1741000
2822,157,144,90940,3027,906033,1683900
2823,143,135,90797,3035,906168,1644100
2824,150,141,90647,3044,906309,1742300
2825,143,157,90504,3030,906466,1734400
2826,162,137,90342,3055,906603,1857900
2827,157,152,90185,3060,906755,1662300
2828,150,143,90035,3067,906898,1746300
2829,129,158,89906,3038,907056,1718200
2830,134,160,89772,3012,907216,1645600
2831,152,151,89620,3013,907367,1634900
2832,167,138,89453,3042,907505,1716900
2833,142,122,89311,3062,907627,1636100
2834,147,156,89164,3053,907783,1633900
2835,142,172,89022,3023,907955,1903500
2836,149,154,88873,3018,908109,1794200
2837,143,145,88730,3016,908254,1678200
2838,136,132,88594,3020,908386,1721200
2839,127,151,88467,2996,908537,1712500
2840,137,154,88330,2979,908691,1748400
2841,144,139,88186,2984,908830,1655800
2842,147,157,88039,2974,908987,1663800
2843,162,150,87877,2986,909137,1646800
2844,144,132,87733,2998,909269,1745200
2845,150,160,87583,2988,909429,1699200
2846,145,121,87438,3012,909550,1886900
2847,155,153,87283,3014,909703,1757700
2848,148,137,87135,3025,909840,1745000
2849,130,142,87005,3013,909982,1707300
2850,134,143,86871,3004,910125,1795000
2851,134,158,86737,2980,910283,1684200
2852,147,154,86590,2973,910437,1755400
2853,123,153,86467,2943,910590,1685600
2854,141,124,86326,2960,910714,1639500
2855,137,150,86189,2947,910864,1743300
2856,119,147,86070,2919,911011,1718100
2857,147,148,85923,2918,911159,1643000
2858,151,153,85772,2916,911312,1661100
2859,138,161,85634,2893,911473,2243000
2860,137,165,85497,2865,911638,1756800
2861,137,139,85360,2863,911777,1860100
2862,129,137,85231,2855,911914,2042800
2863,140,148,85091,2847,912062,1735600
2864,128,169,84963,2806,912231,1635100
2865,141,138,84822,2809,912369,1638400
2866,144,126,84678,2827,912495,1693700
2867,151,151,84527,2827,912646,1646700
2868,145,140,84382,2832,912786,1651200
2869,139,171,84243,2800,912957,1707400
2870,116,145,84127,2771,913102,1643000
2871,127,135,84000,2763,913237,1641800
2872,123,125,83877,2761,913362,1711800
2873,122,108,83755,2775,913470,1641300
2874,133,136,83622,2772,913606,1632200
2875,147,153,83475,2766,913759,1703500
2876,122,131,83353,2757,913890,1655700
2877,138,125,83215,2770,914015,1941500
2878,114,140,83101,2744,914155,1794300
2879,136,149,82965,2731,914304,1767000
2880,126,124,82839,2733,914428,1792300
2881,142,150,82697,2725,914578,1648100
2882,151,148,82546,2728,914726,1742500
2883,146,129,82400,2745,914855,1704700
2884,128,135,82272,2738,914990,1638300
2885,125,152,82147,2711,915142,1667000
2886,144,149,82003,2706,915291,1684300
2887,119,152,81884,2673,915443,1609300
2888,130,146,81754,2657,915589,1649000
2889,137,138,81617,2656,915727,1724800
2890,111,140,81506,2627,915867,1877200
2891,125,150,81381,2602,916017,1640400
2892,136,138,81245,2600,916155,1642500
2893,122,133,81123,2589,916288,1660600
2894,110,142,81013,2557,916430,1644400
2895,130,118,80883,2569,916548,1861400
2896,144,157,80739,2556,916705,1732400
2897,133,122,80606,2567,916827,1645600
2898,125,123,80481,2569,916950,1847600
2899,141,135,80340,2575,917085,1928700
2900,118,119,80222,2574,917204,1749000
2901,140,128,80082,2586,917332,1701600
2902,136,140,79946,2582,917472,1644900
2903,134,131,79812,2585,917603,1647900
2904,118,129,79694,2574,917732,2054400
2905,112,117,79582,2569,917849,1871900
2906,136,123,79446,2582,917972,1664000
2907,140,133,79306,2589,918105,1634700
2908,123,129,79183,2583,918234,1749300
2909,121,129,79062,2575,918363,1691400
2910,142,116,78920,2601,918479,1642900
2911,123,132,78797,2592,918611,1649900
2912,125,145,78672,2572,918756,1675900
2913,139,140,78533,2571,918896,1869300
2914,143,123,78390,2591,919019,1687400
2915,136,128,78254,2599,919147,1765700
2916,122,137,78132,2584,919284,1820800
2917,148,132,77984,2600,919416,1656800
2918,127,133,77857,2594,919549,1660800
2919,125,123,77732,2596,919672,1818900
2920,122,145,77610,2573,919817,1681200
2921,117,126,77493,2564,919943,1706100
2922,111,124,77382,2551,920067,1656400
2923,128,110,77254,2569,920177,1705900
2924,128,107,77126,2590,920284,1661000
2925,132,138,76994,2584,920422,1640900
2926,105,139,76889,2550,920561,1710800
2927,145,127,76744,2568,920688,1643200
2928,119,127,76625,2560,920815,1637000
2929,139,102,76486,2597,920917,1710300
2930,115,129,76371,2583,921046,1642700
2931,125,147,76246,2561,921193,1789800
2932,117,113,76129,2565,921306,1900600
2933,118,117,76011,2566,921423,1842300
2934,127,99,75884,2594,921522,1853800
2935,150,136,75734,2608,921658,1935900
2936,116,143,75618,2581,921801,1879500
2937,138,131,75480,2588,921932,1789500
2938,119,125,75361,2582,922057,1746100
2939,150,140,75211,2592,922197,1807500
2940,129,113,75082,2608,922310,1953700
2941,123,145,74959,2586,922455,1895600
2942,123,118,74836,2591,922573,2023900
2943,111,113,74725,2589,922686,2090900
2944,136,142,74589,2583,922828,1967200
2945,135,134,74454,2584,922962,1849100
2946,127,113,74327,2598,923075,1804500
2947,133,119,74194,2612,923194,1899800
2948,110,141,74084,2581,923335,1831800
2949,112,109,73972,2584,923444,2007500
2950,145,124,73827,2605,923568,1844000
2951,138,127,73689,2616,923695,1778900
2952,122,136,73567,2602,923831,2021300
2953,119,154,73448,2567,923985,1891100
2954,122,106,73326,2583,924091,1795300
2955,108,118,73218,2573,924209,1842700
2956,120,138,73098,2555,924347,1976600
2957,131,115,72967,2571,924462,1753400
2958,116,107,72851,2580,924569,1734400
2959,142,119,72709,2603,924688,1934200
2960,135,119,72574,2619,924807,1807000
2961,138,138,72436,2619,924945,1742400
2962,118,138,72318,2599,925083,1740200
2963,130,105,72188,2624,925188,1840800
2964,129,141,72059,2612,925329,1796300
2965,142,124,71917,2630,925453,1746300
2966,135,147,71782,2618,925600,1809000
2967,127,155,71655,2590,925755,1751000
2968,102,131,71553,2561,925886,1743500
2969,130,118,71423,2573,926004,1796300
2970,138,110,71285,2601,926114,1769700
2971,124,121,71161,2604,926235,2030900
2972,125,126,71036,2603,926361,2051000
2973,118,140,70918,2581,926501,1740800
2974,127,131,70791,2577,926632,1792900
2975,104,119,70687,2562,926751,2072000
2976,105,120,70582,2547,926871,1719900
2977,110,110,70472,2547,926981,1926400
2978,97,118,70375,2526,927099,1861400
2979,113,115,70262,2524,927214,1752300
2980,106,123,70156,2507,927337,1714100
2981,108,124,70048,2491,927461,1777400
2982,111,110,69937,2492,927571,1770300
2983,96,114,69841,2474,927685,1782900
2984,99,129,69742,2444,927814,1790700
2985,103,123,69639,2424,927937,1773600
2986,104,120,69535,2408,928057,2020700
2987,128,105,69407,2431,928162,1881300
2988,106,146,69301,2391,928308,1813100
2989,116,118,69185,2389,928426,1862700
2990,135,110,69050,2414,928536,1867900
2991,100,140,68950,2374,928676,1805600
2992,99,118,68851,2355,928794,1940000
2993,108,111,68743,2352,928905,1677900
2994,107,129,68636,2330,929034,2069200
2995,112,119,68524,2323,929153,1787900
2996,102,134,68422,2291,929287,1895000
2997,102,117,68320,2276,929404,1864200
2998,93,126,68227,2243,929530,1812100
2999,93,103,68134,2233,929633,1829300
3000,97,133,68037,2197,929766,1771500
3001,85,105,67952,2177,929871,1782700
3002,91,113,67861,2155,929984,1851800
3003,87,102,67774,2140,930086,2136600
3004,108,90,67666,2158,930176,1774600
3005,105,95,67561,2168,930271,1721400
3006,106,106,67455,2168,930377,1712700
3007,96,112,67359,2152,930489,2031200
3008,88,118,67271,2122,930607,1880000
3009,115,126,67156,2111,930733,1805000
3010,85,103,67071,2093,930836,1789900
3011,98,101,66973,2090,930937,1742400
3012,112,90,66861,2112,931027,1712300
3013,109,109,66752,2112,931136,1760800
3014,114,97,66638,2129,931233,1781100
3015,94,120,66544,2103,931353,1804300
3016,120,101,66424,2122,931454,1938200
3017,94,106,66330,2110,931560,1826900
3018,99,111,66231,2098,931671,1808900
3019,116,104,66115,2110,931775,1800700
3020,126,108,65989,2128,931883,1781100
3021,100,95,65889,2133,931978,1791500
3022,109,119,65780,2123,932097,1959500
3023,120,107,65660,2136,932204,1773500
3024,97,118,65563,2115,932322,2102800
3025,96,101,65467,2110,932423,1897300
3026,104,98,65363,2116,932521,2019700
3027,103,92,65260,2127,932613,1976500
3028,94,111,65166,2110,932724,1802100
3029,104,106,65062,2108,932830,1785800
3030,97,113,64965,2092,932943,1827700
3031,120,106,64845,2106,933049,1752500
3032,108,97,64737,2117,933146,1780200
3033,112,100,64625,2129,933246,1765500
3034,106,102,64519,2133,933348,1785900
3035,104,106,64415,2131,933454,2000600
3036,103,117,64312,2117,933571,1788300
3037,106,109,64206,2114,933680,1729700
3038,111,113,64095,2112,933793,1743900
3039,105,101,63990,2116,933894,1838300
3040,93,104,63897,2105,933998,1981500
3041,106,95,63791,2116,934093,2026200
3042,100,110,63691,2106,934203,1808900
3043,101,103,63590,2104,934306,1748000
3044,94,110,63496,2088,934416,1719800
3045,101,92,63395,2097,934508,1933700
3046,103,109,63292,2091,934617,1770800
3047,105,102,63187,2094,934719,1766000
3048,113,101,63074,2106,934820,1768300
3049,91,107,62983,2090,934927,1808100
3050,112,119,62871,2083,935046,1810200
3051,89,99,62782,2073,935145,1822900
3052,85,97,62697,2061,935242,1792300
3053,107,103,62590,2065,935345,1802500
3054,103,89,62487,2079,935434,1813000
3055,116,88,62371,2107,935522,1745700
3056,106,122,62265,2091,935644,1746600
3057,100,96,62165,2095,935740,1757100
3058,98,108,62067,2085,935848,1780600
3059,100,107,61967,2078,935955,1778800
3060,108,117,61859,2069,936072,1902300
3061,100,96,61759,2073,936168,1859900
3062,109,116,61650,2066,936284,1848400
3063,100,99,61550,2067,936383,2019700
3064,97,93,61453,2071,936476,1776900
3065,98,102,61355,2067,936578,1777200
3066,112,119,61243,2060,936697,1798600
3067,89,78,61154,2071,936775,1771100
3068,84,85,61070,2070,936860,1957800
3069,88,95,60982,2063,936955,1797200
3070,97,116,60885,2044,937071,1794200
3071,112,107,60773,2049,937178,1873300
3072,91,83,60682,2057,937261,1838300
3073,111,105,60571,2063,937366,1826000
3074,101,105,60470,2059,937471,1857400
3075,122,94,60348,2087,937565,1816600
3076,118,99,60230,2106,937664,1790200
3077,112,108,60118,2110,937772,1740800
3078,118,98,60000,2130,937870,1726600
3079,104,90,59896,2144,937960,1916100
3080,116,116,59780,2144,938076,1765500
3081,115,108,59665,2151,938184,1967600
3082,112,98,59553,2165,938282,1980400
3083,95,104,59458,2156,938386,1759000
3084,109,117,59349,2148,938503,1758200
3085,106,110,59243,2144,938613,1766400
3086,97,120,59146,2121,938733,1755900
3087,100,99,59046,2122,938832,1724200
3088,106,96,58940,2132,938928,1814200
3089,105,117,58835,2120,939045,1735500
3090,97,94,58738,2123,939139,1830300
3091,91,107,58647,2107,939246,2022600
3092,91,106,58556,2092,939352,1782100
3093,100,118,58456,2074,939470,1770800
3094,94,104,58362,2064,939574,1765600
3095,107,126,58255,2045,939700,1807800
3096,97,86,58158,2056,939786,1794700
3097,93,113,58065,2036,939899,2266300
3098,101,99,57964,2038,939998,1873300
3099,95,113,57869,2020,940111,1818200
3100,91,97,57778,2014,940208,1840300
3101,101,89,57677,2026,940297,1766500
3102,95,109,57582,2012,940406,1785700
3103,103,104,57479,2011,940510,1770600
3104,88,97,57391,2002,940607,1770100
3105,106,108,57285,2000,940715,1759500
3106,103,90,57182,2013,940805,1765400
3107,93,99,57089,2007,940904,1757700
3108,97,91,56992,2013,940995,1717000
3109,103,91,56889,2025,941086,1775300
3110,106,105,56783,2026,941191,1954500
3111,116,95,56667,2047,941286,1853200
3112,109,94,56558,2062,941380,1788800
3113,108,90,56450,2080,941470,1762900
3114,92,86,56358,2086,941556,1689100
3115,97,96,56261,2087,941652,1770000
3116,99,118,56162,2068,941770,1712600
3117,107,108,56055,2067,941878,1673600
3118,81,98,55974,2050,941976,1747600
3119,116,102,55858,2064,942078,1745000
3120,106,120,55752,2050,942198,1683500
3121,106,98,55646,2058,942296,1842900
3122,94,96,55552,2056,942392,1665500
3123,100,115,55452,2041,942507,1728300
3124,114,114,55338,2041,942621,1713700
3125,90,97,55248,2034,942718,1730700
3126,95,83,55153,2046,942801,1753900
3127,100,106,55053,2040,942907,1809000
3128,94,98,54959,2036,943005,1764300
3129,97,112,54862,2021,943117,1823000
3130,93,93,54769,2021,943210,1791800
3131,88,88,54681,2021,943298,1783400
3132,95,96,54586,2020,943394,1814500
3133,91,108,54495,2003,943502,1776400
3134,94,97,54401,2000,943599,1824900
3135,97,100,54304,1997,943699,1910400
3136,100,100,54204,1997,943799,1813200
3137,76,87,54128,1986,943886,1856500
3138,98,100,54030,1984,943986,1800000
3139,87,106,53943,1965,944092,1795800
3140,101,96,53842,1970,944188,2109800
3141,104,103,53738,1971,944291,2033900
3142,86,101,53652,1956,944392,1787800
3143,109,75,53543,1990,944467,1870100
3144,99,109,53444,1980,944576,1962200
3145,94,96,53350,1978,944672,1893800
3146,107,103,53243,1982,944775,1741200
3147,107,101,53136,1988,944876,1790200
3148,101,100,53035,1989,944976,1727700
3149,101,117,52934,1973,945093,1727300
3150,91,96,52843,1968,945189,1783300
3151,89,128,52754,1929,945317,1762900
3152,107,95,52647,1941,945412,1763400
3153,105,83,52542,1963,945495,1976000
3154,83,100,52459,1946,945595,1872300
3155,87,98,52372,1935,945693,1837400
3156,85,94,52287,1926,945787,1800100
3157,88,108,52199,1906,945895,1806700
3158,105,95,52094,1916,945990,1841900
3159,98,113,51996,1901,946103,1814900
3160,93,93,51903,1901,946196,1989600
3161,110,115,51793,1896,946311,1884800
3162,98,104,51695,1890,946415,1903700
3163,99,76,51596,1913,946491,1831000
3164,76,95,51520,1894,946586,1828200
3165,101,110,51419,1885,946696,2058000
3166,89,90,51330,1884,946786,1848000
3167,77,90,51253,1871,946876,2119700
3168,88,88,51165,1871,946964,1794000
3169,95,95,51070,1871,947059,1895700
3170,93,95,50977,1869,947154,1990100
3171,71,102,50906,1838,947256,1928100
3172,105,84,50801,1859,947340,1941800
3173,101,110,50700,1850,947450,1949100
3174,90,73,50610,1867,947523,1846300
3175,92,109,50518,1850,947632,1807400
3176,97,94,50421,1853,947726,1749600
3177,96,91,50325,1858,947817,1864900
3178,92,119,50233,1831,947936,1891800
3179,95,86,50138,1840,948022,2184300
3180,103,89,50035,1854,948111,2112000
3181,79,79,49956,1854,948190,1999900
3182,91,96,49865,1849,948286,2020900
3183,95,86,49770,1858,948372,1944100
3184,91,100,49679,1849,948472,2017200
3185,83,95,49596,1837,948567,2224000
3186,95,91,49501,1841,948658,1929800
3187,85,81,49416,1845,948739,2533400
3188,90,92,49326,1843,948831,3832200
3189,98,92,49228,1849,948923,5915900
3190,103,78,49125,1874,949001,2323100
3191,89,94,49036,1869,949095,2147500
3192,107,70,48929,1906,949165,1974900
3193,97,90,48832,1913,949255,1960500
3194,74,87,48758,1900,949342,1834300
3195,83,85,48675,1898,949427,1816900
3196,92,120,48583,1870,949547,1853000
3197,95,77,48488,1888,949624,1786200
3198,92,108,48396,1872,949732,2115900
3199,90,97,48306,1865,949829,2096800
3200,95,89,48211,1871,949918,2313900
3201,87,84,48124,1874,950002,2396800
3202,92,103,48032,1863,950105,2258300
3203,85,100,47947,1848,950205,2025100
3204,89,86,47858,1851,950291,2029200
3205,87,80,47771,1858,950371,2034500
3206,86,78,47685,1866,950449,2158900
3207,74,91,47611,1849,950540,1999500
3208,99,91,47512,1857,950631,4416900
3209,73,88,47439,1842,950719,2773700
3210,103,95,47336,1850,950814,2028000
3211,91,104,47245,1837,950918,1957600
3212,79,93,47166,1823,951011,2101000
3213,86,84,47080,1825,951095,1913900
3214,90,89,46990,1826,951184,1883400
3215,85,83,46905,1828,951267,1852800
3216,88,98,46817,1818,951365,1798100
3217,80,102,46737,1796,951467,1753700
3218,83,98,46654,1781,951565,1715000
3219,81,77,46573,1785,951642,1872100
3220,79,113,46494,1751,951755,1789100
3221,76,91,46418,1736,951846,1782100
3222,79,89,46339,1726,951935,1940700
3223,110,91,46229,1745,952026,1973800
3224,77,71,46152,1751,952097,1969200
3225,104,90,46048,1765,952187,1852900
3226,87,88,45961,1764,952275,1844000
3227,92,91,45869,1765,952366,3410400
3228,87,102,45782,1750,952468,3596500
3229,84,91,45698,1743,952559,2061400
3230,83,85,45615,1741,952644,1909300
3231,83,93,45532,1731,952737,1970000
3232,73,80,45459,1724,952817,1910700
3233,97,84,45362,1737,952901,2818700
3234,79,106,45283,1710,953007,2972800
3235,85,80,45198,1715,953087,6012500
3236,92,87,45106,1720,953174,15921500
3237,64,81,45042,1703,953255,2548400
3238,79,103,44963,1679,953358,2509000
3239,84,81,44879,1682,953439,2114400
3240,87,85,44792,1684,953524,2108200
3241,83,90,44709,1677,953614,2407400
3242,91,69,44618,1699,953683,2275200
3243,80,72,44538,1707,953755,1921300
3244,99,74,44439,1732,953829,1933100
3245,61,90,44378,1703,953919,2102300
3246,82,76,44296,1709,953995,2043300
3247,87,66,44209,1730,954061,2079600
3248,87,73,44122,1744,954134,2004900
3249,83,85,44039,1742,954219,2252000
3250,84,79,43955,1747,954298,2028000
3251,77,84,43878,1740,954382,2117600
3252,90,83,43788,1747,954465,2539600
3253,92,99,43696,1740,954564,5664700
3254,95,62,43601,1773,954626,2541200
3255,77,89,43524,1761,954715,1978900
3256,77,76,43447,1762,954791,2105300
3257,84,87,43363,1759,954878,1982700
3258,84,80,43279,1763,954958,1845800
3259,75,89,43204,1749,955047,1794700
3260,96,74,43108,1771,955121,1749600
3261,93,98,43015,1766,955219,1855500
3262,88,80,42927,1774,955299,1750500
3263,98,84,42829,1788,955383,1735800
3264,83,83,42746,1788,955466,1753900
3265,81,81,42665,1788,955547,1749300
3266,90,92,42575,1786,955639,1761900
3267,99,86,42476,1799,955725,1753100
3268,90,89,42386,1800,955814,1738100
3269,73,91,42313,1782,955905,1783300
3270,95,75,42218,1802,955980,1784100
3271,95,82,42123,1815,956062,1763600
3272,101,103,42022,1813,956165,1703200
3273,93,101,41929,1805,956266,1778900
3274,86,91,41843,1800,956357,1660900
3275,89,84,41754,1805,956441,1705100
3276,93,88,41661,1810,956529,1760200
3277,81,97,41580,1794,956626,1720600
3278,96,76,41484,1814,956702,1711000
3279,82,93,41402,1803,956795,1628800
3280,92,86,41310,1809,956881,1709200
3281,90,83,41220,1816,956964,1650800
3282,85,108,41135,1793,957072,1716600
3283,71,84,41064,1780,957156,1701700
3284,77,80,40987,1777,957236,1678500
3285,68,78,40919,1767,957314,1780400
3286,70,90,40849,1747,957404,1666100
3287,86,89,40763,1744,957493,1741400
3288,94,114,40669,1724,957607,1677000
3289,81,86,40588,1719,957693,1647000
3290,90,105,40498,1704,957798,1751900
3291,77,92,40421,1689,957890,1674100
3292,82,73,40339,1698,957963,1724100
3293,84,91,40255,1691,958054,1765200
3294,80,91,40175,1680,958145,1764100
3295,83,83,40092,1680,958228,1682500
3296,87,75,40005,1692,958303,1639800
3297,82,68,39923,1706,958371,1750000
3298,84,78,39839,1712,958449,1644300
3299,80,93,39759,1699,958542,1632000
3300,55,85,39704,1669,958627,1749200
3301,65,81,39639,1653,958708,1685100
3302,90,89,39549,1654,958797,1746600
3303,74,88,39475,1640,958885,1777000
3304,61,70,39414,1631,958955,1765800
3305,81,82,39333,1630,959037,1770700
3306,60,80,39273,1610,959117,1769300
3307,83,80,39190,1613,959197,1626700
3308,71,90,39119,1594,959287,1697500
3309,85,72,39034,1607,959359,1745100
3310,60,84,38974,1583,959443,1762500
3311,83,77,38891,1589,959520,1960600
3312,80,79,38811,1590,959599,2636300
3313,47,75,38764,1562,959674,6459500
3314,72,80,38692,1554,959754,12506600
3315,64,74,38628,1544,959828,2832700
3316,80,81,38548,1543,959909,3643700
3317,66,83,38482,1526,959992,2653500
3318,70,79,38412,1517,960071,2922600
3319,66,80,38346,1503,960151,2593300
3320,71,64,38275,1510,960215,2279800
3321,61,73,38214,1498,960288,2075300
3322,61,55,38153,1504,960343,1988800
3323,66,71,38087,1499,960414,2051500
3324,80,82,38007,1497,960496,1985700
3325,67,82,37940,1482,960578,1901000
3326,71,67,37869,1486,960645,1884800
3327,69,71,37800,1484,960716,1947600
3328,85,86,37715,1483,960802,2352000
3329,76,81,37639,1478,960883,2122400
3330,84,62,37555,1500,960945,4133100
3331,71,85,37484,1486,961030,2265900
3332,71,81,37413,1476,961111,2034900
3333,70,67,37343,1479,961178,1857200
3334,68,78,37275,1469,961256,1790600
3335,63,65,37212,1467,961321,1753600
3336,71,77,37141,1461,961398,1757700
3337,67,79,37074,1449,961477,1834200
3338,78,58,36996,1469,961535,1952700
3339,76,77,36920,1468,961612,1989200
3340,76,63,36844,1481,961675,1762500
3341,59,61,36785,1479,961736,1735600
3342,74,65,36711,1488,961801,1769200
3343,73,68,36638,1493,961869,1741800
3344,74,69,36564,1498,961938,1752800
3345,79,81,36485,1496,962019,1744000
3346,73,70,36412,1499,962089,1785000
3347,67,68,36345,1498,962157,1788000
3348,77,78,36268,1497,962235,1859300
3349,73,75,36195,1495,962310,1848000
3350,78,71,36117,1502,962381,1780200
3351,72,82,36045,1492,962463,2117700
3352,66,63,35979,1495,962526,1981000
3353,64,76,35915,1483,962602,1773800
3354,67,68,35848,1482,962670,1758900
3355,71,66,35777,1487,962736,1798000
3356,70,77,35707,1480,962813,1661700
3357,55,67,35652,1468,962880,1976800
3358,65,73,35587,1460,962953,1994400
3359,59,66,35528,1453,963019,1718400
3360,86,80,35442,1459,963099,1801900
3361,75,69,35367,1465,963168,1711800
3362,84,76,35283,1473,963244,1662900
3363,65,75,35218,1463,963319,1644000
3364,68,71,35150,1460,963390,1717700
3365,65,65,35085,1460,963455,1678000
3366,65,70,35020,1455,963525,1800800
3367,57,74,34963,1438,963599,1783200
3368,67,67,34896,1438,963666,1621500
3369,63,74,34833,1427,963740,1661200
3370,68,78,34765,1417,963818,1711200
3371,55,76,34710,1396,963894,1710900
3372,55,69,34655,1382,963963,1589700
3373,52,73,34603,1361,964036,1839400
3374,65,68,34538,1358,964104,1839800
3375,51,66,34487,1343,964170,1940200
3376,63,50,34424,1356,964220,1743500
3377,54,84,34370,1326,964304,1781100
3378,68,65,34302,1329,964369,1699900
3379,57,55,34245,1331,964424,1788000
3380,50,58,34195,1323,964482,1702700
3381,61,67,34134,1317,964549,1638500
3382,65,62,34069,1320,964611,1912600
3383,48,68,34021,1300,964679,1718200
3384,72,79,33949,1293,964758,1726300
3385,57,51,33892,1299,964809,1706900
3386,63,73,33829,1289,964882,1696800
3387,61,70,33768,1280,964952,1784000
3388,42,62,33726,1260,965014,1732100
3389,53,62,33673,1251,965076,1670900
3390,53,69,33620,1235,965145,1701600
3391,53,67,33567,1221,965212,1874500
3392,52,65,33515,1208,965277,1964900
3393,67,55,33448,1220,965332,1871100
3394,64,61,33384,1223,965393,1987100
3395,52,64,33332,1211,965457,1708400
3396,59,71,33273,1199,965528,1698500
3397,65,56,33208,1208,965584,1750000
3398,58,55,33150,1211,965639,1712700
3399,54,70,33096,1195,965709,1685700
3400,68,53,33028,1210,965762,1707000
3401,55,55,32973,1210,965817,1716100
3402,52,45,32921,1217,965862,1631600
3403,66,67,32855,1216,965929,1617700
3404,74,63,32781,1227,965992,1700500
3405,62,60,32719,1229,966052,1618200
3406,59,54,32660,1234,966106,1634100
3407,60,50,32600,1244,966156,1688400
3408,61,50,32539,1255,966206,1640800
3409,61,70,32478,1246,966276,1735000
3410,58,56,32420,1248,966332,1628400
3411,54,57,32366,1245,966389,1634200
3412,42,58,32324,1229,966447,1634600
3413,60,71,32264,1218,966518,1805100
3414,50,88,32214,1180,966606,1631200
3415,54,57,32160,1177,966663,1583700
3416,52,51,32108,1178,966714,1668600
3417,61,68,32047,1171,966782,1632700
3418,61,49,31986,1183,966831,1682600
3419,57,64,31929,1176,966895,1772200
3420,58,59,31871,1175,966954,1620000
3421,47,59,31824,1163,967013,1612500
3422,50,70,31774,1143,967083,1865800
3423,42,63,31732,1122,967146,1947000
3424,49,56,31683,1115,967202,1824800
3425,67,60,31616,1122,967262,1649700
3426,56,52,31560,1126,967314,1737600
3427,50,49,31510,1127,967363,1691300
3428,53,61,31457,1119,967424,2022900
3429,42,60,31415,1101,967484,1660900
3430,42,47,31373,1096,967531,1625200
3431,44,57,31329,1083,967588,1700800
3432,30,65,31299,1048,967653,1629700
3433,60,50,31239,1058,967703,1610600
3434,49,55,31190,1052,967758,1678400
3435,47,56,31143,1043,967814,1654100
3436,39,43,31104,1039,967857,1745700
3437,50,52,31054,1037,967909,1650700
3438,45,51,31009,1031,967960,1617600
3439,42,48,30967,1025,968008,1626600
3440,41,53,30926,1013,968061,1669700
3441,45,50,30881,1008,968111,1754700
3442,37,49,30844,996,968160,1729900
3443,49,66,30795,979,968226,1734000
3444,39,38,30756,980,968264,1655400
3445,49,53,30707,976,968317,1704200
3446,55,51,30652,980,968368,1740100
3447,44,40,30608,984,968408,1666200
3448,54,35,30554,1003,968443,1629300
3449,56,40,30498,1019,968483,1715000
3450,44,46,30454,1017,968529,1769000
3451,53,55,30401,1015,968584,1633100
3452,68,44,30333,1039,968628,1609600
3453,53,52,30280,1040,968680,1695500
3454,58,52,30222,1046,968732,1614900
3455,64,59,30158,1051,968791,1674200
3456,44,33,30114,1062,968824,1703200
3457,50,52,30064,1060,968876,1630800
3458,54,51,30010,1063,968927,1642300
3459,48,44,29962,1067,968971,1673300
3460,34,68,29928,1033,969039,1633100
3461,47,55,29881,1025,969094,1706900
3462,55,64,29826,1016,969158,1727900
3463,56,71,29770,1001,969229,1694000
3464,45,50,29725,996,969279,1815600
3465,48,41,29677,1003,969320,1750400
3466,53,44,29624,1012,969364,1747700
3467,53,54,29571,1011,969418,1642800
3468,46,45,29525,1012,969463,1605600
3469,37,47,29488,1002,969510,1691500
3470,59,38,29429,1023,969548,1608500
3471,44,48,29385,1019,969596,1634500
3472,41,53,29344,1007,969649,1695200
3473,44,58,29300,993,969707,1895600
3474,36,49,29264,980,969756,1642700
3475,54,46,29210,988,969802,1741800
3476,44,51,29166,981,969853,1664100
3477,38,52,29128,967,969905,1627600
3478,50,44,29078,973,969949,1735900
3479,40,36,29038,977,969985,1672900
3480,32,54,29006,955,970039,1623000
3481,40,45,28966,950,970084,1612100
3482,42,40,28924,952,970124,1640400
3483,46,58,28878,940,970182,1619500
3484,45,39,28833,946,970221,1742300
3485,38,56,28795,928,970277,1673600
3486,43,48,28752,923,970325,1614300
3487,42,43,28710,922,970368,1772200
3488,44,41,28666,925,970409,1695000
3489,46,43,28620,928,970452,1760000
3490,36,43,28584,921,970495,1670800
3491,39,47,28545,913,970542,1870400
3492,46,44,28499,915,970586,1636900
3493,35,47,28464,903,970633,1633000
3494,31,55,28433,879,970688,1742000
3495,53,53,28380,879,970741,1715300
3496,47,40,28333,886,970781,1635000
3497,50,40,28283,896,970821,1614700
3498,34,32,28249,898,970853,1712700
3499,39,45,28210,892,970898,1637100
3500,40,37,28170,895,970935,1680700
3501,46,44,28124,897,970979,1656800
3502,34,37,28090,894,971016,1612400
3503,40,45,28050,889,971061,1622400
3504,45,50,28005,884,971111,1724200
3505,33,39,27972,878,971150,1622000
3506,52,38,27920,892,971188,1770600
3507,33,40,27887,885,971228,1740800
3508,42,43,27845,884,971271,1647100
3509,38,49,27807,873,971320,1627200
3510,39,36,27768,876,971356,1751900
3511,34,46,27734,864,971402,1699000
3512,40,40,27694,864,971442,1627700
3513,40,40,27654,864,971482,1610000
3514,36,48,27618,852,971530,1771200
3515,45,57,27573,840,971587,1628800
3516,32,43,27541,829,971630,1614100
3517,35,30,27506,834,971660,1676300
3518,33,65,27473,802,971725,1606700
3519,40,39,27433,803,971764,1739100
3520,32,39,27401,796,971803,1670200
3521,41,40,27360,797,971843,1713200
3522,27,36,27333,788,971879,1763300
3523,37,43,27296,782,971922,1987300
3524,35,52,27261,765,971974,2054900
3525,44,51,27217,758,972025,2287600
3526,28,48,27189,738,972073,7279400
3527,38,39,27151,737,972112,4190500
3528,29,39,27122,727,972151,3426800
3529,29,39,27093,717,972190,2578100
3530,34,37,27059,714,972227,2455000
3531,34,35,27025,713,972262,2214600
3532,24,27,27001,710,972289,2295300
3533,33,35,26968,708,972324,2453300
3534,25,37,26943,696,972361,2002700
3535,33,27,26910,702,972388,2153400
3536,36,35,26874,703,972423,1955100
3537,34,36,26840,701,972459,2141900
3538,39,41,26801,699,972500,1962600
3539,34,32,26767,701,972532,1907000
3540,37,41,26730,697,972573,1773200
3541,13,31,26717,679,972604,2076700
3542,35,40,26682,674,972644,1932500
3543,27,30,26655,671,972674,1898300
3544,30,49,26625,652,972723,2154800
3545,33,26,26592,659,972749,1854600
3546,22,41,26570,640,972790,1770400
3547,33,27,26537,646,972817,2127800
3548,27,34,26510,639,972851,1934400
3549,41,37,26469,643,972888,1695800
3550,37,22,26432,658,972910,1741000
3551,32,33,26400,657,972943,1798800
3552,34,30,26366,661,972973,1775400
3553,33,27,26333,667,973000,1832500
3554,33,33,26300,667,973033,1785900
3555,36,41,26264,662,973074,1790000
3556,31,32,26233,661,973106,1683700
3557,24,33,26209,652,973139,1829100
3558,25,34,26184,643,973173,1809000
3559,44,33,26140,654,973206,1789800
3560,39,48,26101,645,973254,1775800
3561,36,32,26065,649,973286,1775700
3562,38,22,26027,665,973308,2224500
3563,30,40,25997,655,973348,1941200
3564,36,28,25961,663,973376,1976700
3565,50,34,25911,679,973410,1813300
3566,41,36,25870,684,973446,1835600
3567,37,28,25833,693,973474,1831200
3568,30,30,25803,693,973504,1800200
3569,33,32,25770,694,973536,1900600
3570,40,29,25730,705,973565,1862300
3571,41,37,25689,709,973602,1793000
3572,35,41,25654,703,973643,1775300
3573,36,33,25618,706,973676,1747600
3574,38,37,25580,707,973713,1804900
3575,38,30,25542,715,973743,2076400
3576,29,54,25513,690,973797,1742400
3577,40,30,25473,700,973827,1887000
3578,41,41,25432,700,973868,2034100
3579,41,35,25391,706,973903,1843400
3580,30,30,25361,706,973933,1671000
3581,46,34,25315,718,973967,1680500
3582,41,43,25274,716,974010,1752200
3583,36,41,25238,711,974051,1863900
3584,45,25,25193,731,974076,1739700
3585,36,26,25157,741,974102,2002600
3586,36,34,25121,743,974136,1998600
3587,37,34,25084,746,974170,1789000
3588,38,36,25046,748,974206,1947700
3589,40,44,25006,744,974250,1752500
3590,31,35,24975,740,974285,1828900
3591,44,27,24931,757,974312,1893400
3592,45,37,24886,765,974349,1823600
3593,30,44,24856,751,974393,2130000
3594,39,39,24817,751,974432,2005700
3595,31,47,24786,735,974479,1777800
3596,39,31,24747,743,974510,1742400
3597,34,28,24713,749,974538,1755900
3598,42,34,24671,757,974572,1750200
3599,40,49,24631,748,974621,1755900
3600,34,39,24597,743,974660,2193800
3601,32,41,24565,734,974701,1991500
3602,37,38,24528,733,974739,1804900
3603,42,27,24486,748,974766,2158600
3604,33,38,24453,743,974804,1958900
3605,38,30,24415,751,974834,1933200
3606,39,38,24376,752,974872,2290500
3607,42,35,24334,759,974907,1979300
3608,32,47,24302,744,974954,1860800
3609,35,29,24267,750,974983,1917500
3610,40,35,24227,755,975018,1940500
3611,33,37,24194,751,975055,1919400
3612,25,44,24169,732,975099,1859100
3613,23,39,24146,716,975138,1822500
3614,36,36,24110,716,975174,1881000
3615,34,40,24076,710,975214,1757600
3616,27,39,24049,698,975253,1709700
3617,29,29,24020,698,975282,1760000
3618,32,19,23988,711,975301,1744300
3619,38,31,23950,718,975332,1743200
3620,39,41,23911,716,975373,1696500
3621,32,27,23879,721,975400,1772500
3622,38,32,23841,727,975432,1784300
3623,32,33,23809,726,975465,1764400
3624,33,47,23776,712,975512,2422900
3625,27,29,23749,710,975541,2001000
3626,31,37,23718,704,975578,1938800
3627,29,39,23689,694,975617,1736900
3628,33,37,23656,690,975654,1939600
3629,24,31,23632,683,975685,1936300
3630,28,36,23604,675,975721,1779400
3631,36,35,23568,676,975756,1746500
3632,29,32,23539,673,975788,1818100
3633,24,25,23515,672,975813,1783500
3634,21,40,23494,653,975853,1786900
3635,22,33,23472,642,975886,1766800
3636,31,33,23441,640,975919,2063700
3637,27,36,23414,631,975955,1744200
3638,31,37,23383,625,975992,1805300
3639,36,22,23347,639,976014,1747100
3640,37,42,23310,634,976056,1942600
3641,41,36,23269,639,976092,1746400
3642,27,30,23242,636,976122,1746900
3643,22,29,23220,629,976151,2096200
3644,32,30,23188,631,976181,1950300
3645,31,29,23157,633,976210,1718500
3646,42,40,23115,635,976250,1751000
3647,33,30,23082,638,976280,1794700
3648,29,41,23053,626,976321,1793300
3649,37,33,23016,630,976354,1931200
3650,33,29,22983,634,976383,1954900
3651,33,25,22950,642,976408,2088800
3652,22,31,22928,633,976439,1782800
3653,32,41,22896,624,976480,1755200
3654,35,40,22861,619,976520,1785200
3655,28,34,22833,613,976554,1766000
3656,28,33,22805,608,976587,1779900
3657,29,30,22776,607,976617,1885700
3658,29,26,22747,610,976643,1795400
3659,29,26,22718,613,976669,1953900
3660,25,29,22693,609,976698,1791400
3661,27,26,22666,610,976724,1894500
3662,29,32,22637,607,976756,1780200
3663,40,34,22597,613,976790,1785800
3664,38,29,22559,622,976819,1960500
3665,39,36,22520,625,976855,2083300
3666,33,35,22487,623,976890,2543800
3667,39,29,22448,633,976919,6353200
3668,28,40,22420,621,976959,2740400
3669,28,32,22392,617,976991,2176500
3670,32,29,22360,620,977020,2286700
3671,30,26,22330,624,977046,2276500
3672,25,28,22305,621,977074,1955900
3673,25,36,22280,610,977110,2075700
3674,35,32,22245,613,977142,1859600
3675,38,25,22207,626,977167,2104600
3676,23,35,22184,614,977202,2219200
3677,28,34,22156,608,977236,2133100
3678,38,23,22118,623,977259,2096900
3679,33,45,22085,611,977304,2063000
3680,31,36,22054,606,977340,1849000
3681,40,41,22014,605,977381,1948600
3682,25,27,21989,603,977408,1812700
3683,28,26,21961,605,977434,1752300
3684,32,30,21929,607,977464,1709900
3685,31,30,21898,608,977494,1785400
3686,23,20,21875,611,977514,1736400
3687,43,33,21832,621,977547,1783700
3688,37,29,21795,629,977576,1734600
3689,33,28,21762,634,977604,1800600
3690,29,25,21733,638,977629,1903800
3691,23,25,21710,636,977654,1988400
3692,30,27,21680,639,977681,1809500
3693,32,38,21648,633,977719,1859500
3694,33,24,21615,642,977743,1800100
3695,20,40,21595,622,977783,1810600
3696,31,26,21564,627,977809,1887700
3697,29,34,21535,622,977843,1775400
3698,32,23,21503,631,977866,2014700
3699,31,32,21472,630,977898,1799900
3700,36,32,21436,634,977930,1789400
3701,41,29,21395,646,977959,1765200
3702,33,29,21362,650,977988,1803200
3703,39,23,21323,666,978011,1721600
3704,31,33,21292,664,978044,1720000
3705,49,37,21243,676,978081,1752600
3706,34,36,21209,674,978117,1806100
3707,25,39,21184,660,978156,2048900
3708,28,39,21156,649,978195,1974700
3709,31,30,21125,650,978225,1815800
3710,30,33,21095,647,978258,1790100
3711,30,25,21065,652,978283,1849600
3712,40,25,21025,667,978308,1877600
3713,32,29,20993,670,978337,1802300
3714,30,37,20963,663,978374,1819800
3715,36,38,20927,661,978412,1794000
3716,31,44,20896,648,978456,1726200
3717,33,42,20863,639,978498,1804500
3718,21,27,20842,633,978525,1968000
3719,31,30,20811,634,978555,1908200
3720,26,32,20785,628,978587,1831100
3721,24,29,20761,623,978616,1777700
3722,23,34,20738,612,978650,1807600
3723,33,30,20705,615,978680,1771800
3724,32,34,20673,613,978714,1818600
3725,21,35,20652,599,978749,1773600
3726,34,41,20618,592,978790,2008500
3727,40,30,20578,602,978820,1795300
3728,17,24,20561,595,978844,2106000
3729,30,29,20531,596,978873,1988100
3730,32,22,20499,606,978895,1786300
3731,33,24,20466,615,978919,1811200
3732,24,20,20442,619,978939,1789000
3733,32,36,20410,615,978975,1793500
3734,39,34,20371,620,979009,1777500
3735,35,29,20336,626,979038,1768800
3736,28,24,20308,630,979062,1799100
3737,23,24,20285,629,979086,1845900
3738,32,29,20253,632,979115,1788000
3739,32,43,20221,621,979158,1782100
3740,34,30,20187,625,979188,1818900
3741,22,33,20165,614,979221,1834400
3742,32,41,20133,605,979262,1731300
3743,23,24,20110,604,979286,1794000
3744,32,38,20078,598,979324,1747900
3745,22,30,20056,590,979354,1802100
3746,33,28,20023,595,979382,1722100
3747,28,30,19995,593,979412,1790500
3748,35,35,19960,593,979447,1906100
3749,22,35,19938,580,979482,1999900
3750,23,28,19915,575,979510,1725100
3751,16,23,19899,568,979533,1732300
3752,30,31,19869,567,979564,1792900
3753,26,29,19843,564,979593,1815300
3754,32,26,19811,570,979619,1837700
3755,27,34,19784,563,979653,1819800
3756,34,26,19750,571,979679,1771800
3757,19,32,19731,558,979711,1758200
3758,22,27,19709,553,979738,2146100
3759,29,20,19680,562,979758,1980700
3760,25,40,19655,547,979798,1790700
3761,31,24,19624,554,979822,1893300
3762,32,31,19592,555,979853,1725800
3763,32,30,19560,557,979883,1913000
3764,31,26,19529,562,979909,1776800
3765,28,34,19501,556,979943,1747500
3766,29,41,19472,544,979984,1788400
3767,33,32,19439,545,980016,1673700
3768,29,32,19410,542,980048,1770800
3769,27,28,19383,541,980076,1671600
3770,26,28,19357,539,980104,1736400
3771,32,31,19325,540,980135,1777300
3772,21,24,19304,537,980159,1742700
3773,27,19,19277,545,980178,1720200
3774,26,25,19251,546,980203,1794500
3775,26,20,19225,552,980223,1950400
3776,30,31,19195,551,980254,2085100
3777,15,35,19180,531,980289,1787600
3778,32,27,19148,536,980316,1799000
3779,19,29,19129,526,980345,1765700
3780,28,28,19101,526,980373,1809700
3781,26,28,19075,524,980401,1911100
3782,19,34,19056,509,980435,1918000
3783,23,22,19033,510,980457,2239600
3784,20,25,19013,505,980482,1934100
3785,25,23,18988,507,980505,1878200
3786,24,29,18964,502,980534,1793800
3787,20,33,18944,489,980567,1745600
3788,22,24,18922,487,980591,1687900
3789,14,26,18908,475,980617,1813300
3790,16,17,18892,474,980634,1807000
3791,20,29,18872,465,980663,1777900
3792,17,18,18855,464,980681,1985900
3793,24,26,18831,462,980707,1991300
3794,17,16,18814,463,980723,1791800
3795,26,18,18788,471,980741,1817600
3796,22,27,18766,466,980768,1763000
3797,16,22,18750,460,980790,1804200
3798,25,20,18725,465,980810,1857000
3799,22,26,18703,461,980836,1757900
3800,20,17,18683,464,980853,1804500
3801,18,23,18665,459,980876,1752000
3802,17,22,18648,454,980898,2138200
3803,28,24,18620,458,980922,2089400
3804,15,22,18605,451,980944,1808100
3805,18,25,18587,444,980969,1927000
3806,15,22,18572,437,980991,1944800
3807,18,16,18554,439,981007,1815300
3808,20,17,18534,442,981024,1738100
3809,27,22,18507,447,981046,1866800
3810,13,17,18494,443,981063,1773300
3811,20,22,18474,441,981085,1770100
3812,20,22,18454,439,981107,1742000
3813,15,17,18439,437,981124,1986300
3814,18,18,18421,437,981142,1768700
3815,18,30,18403,425,981172,1891500
3816,28,27,18375,426,981199,1853500
3817,14,27,18361,413,981226,1801800
3818,23,21,18338,415,981247,1782200
3819,14,12,18324,417,981259,1749400
3820,23,19,18301,421,981278,1680500
3821,13,25,18288,409,981303,1737700
3822,25,27,18263,407,981330,1762100
3823,27,23,18236,411,981353,1725700
3824,20,26,18216,405,981379,1709700
3825,17,17,18199,405,981396,1789400
3826,16,18,18183,403,981414,1724000
3827,14,18,18169,399,981432,1782100
3828,17,15,18152,401,981447,1791600
3829,15,25,18137,391,981472,1769100
3830,18,26,18119,383,981498,1822500
3831,23,20,18096,386,981518,1938800
3832,13,23,18083,376,981541,1739800
3833,14,28,18069,362,981569,1793900
3834,15,24,18054,353,981593,1921300
3835,22,18,18032,357,981611,1695600
3836,18,22,18014,353,981633,1775000
3837,13,13,18001,353,981646,1746100
3838,14,22,17987,345,981668,1821600
3839,14,15,17973,344,981683,1817500
3840,19,12,17954,351,981695,1777000
3841,15,17,17939,349,981712,1811300
3842,10,18,17929,341,981730,1769300
3843,13,21,17916,333,981751,1714400
3844,12,25,17904,320,981776,1755800
3845,16,7,17888,329,981783,1766300
3846,10,20,17878,319,981803,1750900
3847,15,17,17863,317,981820,2207800
3848,18,14,17845,321,981834,2084600
3849,20,13,17825,328,981847,1715900
3850,18,22,17807,324,981869,1821900
3851,19,18,17788,325,981887,1801300
3852,24,17,17764,332,981904,1921100
3853,15,13,17749,334,981917,2018000
3854,16,23,17733,327,981940,2173600
3855,24,18,17709,333,981958,1732000
3856,22,13,17687,342,981971,1722800
3857,16,11,17671,347,981982,1773300
3858,21,14,17650,354,981996,1740700
3859,26,20,17624,360,982016,1723900
3860,23,9,17601,374,982025,2039800
3861,13,22,17588,365,982047,2118100
3862,16,11,17572,370,982058,1782800
3863,33,34,17539,369,982092,1807300
3864,25,21,17514,373,982113,1788300
3865,24,13,17490,384,982126,2111900
3866,25,13,17465,396,982139,1921200
3867,25,18,17440,403,982157,2118500
3868,15,24,17425,394,982181,2012800
3869,13,17,17412,390,982198,1943200
3870,21,23,17391,388,982221,1895100
3871,21,15,17370,394,982236,1844200
3872,29,12,17341,411,982248,1785300
3873,19,32,17322,398,982280,2195100
3874,14,20,17308,392,982300,2102500
3875,22,12,17286,402,982312,1981400
3876,22,15,17264,409,982327,1735000
3877,30,21,17234,418,982348,1799600
3878,20,24,17214,414,982372,1685100
3879,16,26,17198,404,982398,1866000
3880,21,28,17177,397,982426,1685300
3881,19,19,17158,397,982445,1780700
3882,20,21,17138,396,982466,2079600
3883,18,23,17120,391,982489,1753000
3884,17,17,17103,391,982506,1853900
3885,22,20,17081,393,982526,1740200
3886,21,24,17060,390,982550,1753700
3887,18,26,17042,382,982576,1767000
3888,22,20,17020,384,982596,1774600
3889,15,22,17005,377,982618,1862300
3890,15,13,16990,379,982631,1658300
3891,12,22,16978,369,982653,1891700
3892,20,11,16958,378,982664,1656900
3893,16,16,16942,378,982680,1781300
3894,20,17,16922,381,982697,1771000
3895,20,17,16902,384,982714,1931900
3896,17,21,16885,380,982735,1963600
3897,21,21,16864,380,982756,1792300
3898,17,21,16847,376,982777,1808000
3899,18,12,16829,382,982789,2098100
3900,27,16,16802,393,982805,2172000
3901,16,21,16786,388,982826,2226900
3902,20,24,16766,384,982850,1893900
3903,22,14,16744,392,982864,1852300
3904,19,9,16725,402,982873,1834100
3905,20,17,16705,405,982890,1951500
3906,20,23,16685,402,982913,1848400
3907,12,26,16673,388,982939,1782400
3908,11,14,16662,385,982953,1793800
3909,11,19,16651,377,982972,1762700
3910,20,22,16631,375,982994,1739000
3911,19,25,16612,369,983019,1944600
3912,10,20,16602,359,983039,1697100
3913,23,27,16579,355,983066,1736200
3914,17,27,16562,345,983093,1768700
3915,11,14,16551,342,983107,1905900
3916,19,17,16532,344,983124,2054400
3917,19,17,16513,346,983141,1912400
3918,16,6,16497,356,983147,1699300
3919,22,18,16475,360,983165,1832500
3920,21,21,16454,360,983186,1795900
3921,12,18,16442,354,983204,1807400
3922,14,19,16428,349,983223,1847500
3923,13,13,16415,349,983236,1947300
3924,17,18,16398,348,983254,1846200
3925,14,17,16384,345,983271,1927900
3926,15,14,16369,346,983285,2039600
3927,17,18,16352,345,983303,1919800
3928,25,16,16327,354,983319,1936400
3929,12,14,16315,352,983333,1875700
3930,15,20,16300,347,983353,1816300
3931,14,18,16286,343,983371,1810900
3932,10,19,16276,334,983390,1732900
3933,19,14,16257,339,983404,1863300
3934,6,23,16251,322,983427,1762000
3935,15,17,16236,320,983444,1743900
3936,13,19,16223,314,983463,1801800
3937,14,9,16209,319,983472,2002200
3938,14,9,16195,324,983481,1743300
3939,10,15,16185,319,983496,1734000
3940,20,19,16165,320,983515,1901000
3941,11,13,16154,318,983528,1833700
3942,15,13,16139,320,983541,1758000
3943,12,14,16127,318,983555,1813600
3944,14,15,16113,317,983570,1769600
3945,14,11,16099,320,983581,1785200
3946,10,18,16089,312,983599,1836000
3947,15,9,16074,318,983608,1745300
3948,12,23,16062,307,983631,1824600
3949,11,16,16051,302,983647,2129800
3950,13,22,16038,293,983669,1777900
3951,6,15,16032,284,983684,1946200
3952,10,14,16022,280,983698,1793300
3953,16,12,16006,284,983710,1819300
3954,15,8,15991,291,983718,1787200
3955,18,15,15973,294,983733,2006600
3956,23,14,15950,303,983747,1824500
3957,21,21,15929,303,983768,1743000
3958,18,15,15911,306,983783,1883900
3959,10,13,15901,303,983796,1761800
3960,12,16,15889,299,983812,1868900
3961,12,15,15877,296,983827,1831800
3962,21,19,15856,298,983846,1810000
3963,13,19,15843,292,983865,1729400
3964,24,13,15819,303,983878,1992800
3965,12,18,15807,297,983896,1904200
3966,6,14,15801,289,983910,1935200
3967,16,18,15785,287,983928,1912700
3968,14,19,15771,282,983947,2004000
3969,7,20,15764,269,983967,1822200
3970,10,15,15754,264,983982,1863500
3971,8,12,15746,260,983994,1823500
3972,10,13,15736,257,984007,1780500
3973,7,17,15729,247,984024,1827800
3974,6,12,15723,241,984036,1828000
3975,9,19,15714,231,984055,1847000
3976,7,10,15707,228,984065,1790100
3977,12,13,15695,227,984078,1778700
3978,6,14,15689,219,984092,1802200
3979,6,15,15683,210,984107,1914900
3980,8,8,15675,210,984115,1768800
3981,6,8,15669,208,984123,1790700
3982,6,9,15663,205,984132,1804400
3983,8,8,15655,205,984140,1806400
3984,5,11,15650,199,984151,1751400
3985,7,11,15643,195,984162,1794600
3986,9,7,15634,197,984169,1808900
3987,5,8,15629,194,984177,1835600
3988,9,12,15620,191,984189,1802400
3989,8,4,15612,195,984193,1826300
3990,10,5,15602,200,984198,1854800
3991,9,12,15593,197,984210,1782900
3992,8,5,15585,200,984215,2064400
3993,5,11,15580,194,984226,1796100
3994,8,8,15572,194,984234,1955200
3995,8,7,15564,195,984241,1752200
3996,9,8,15555,196,984249,1768600
3997,12,11,15543,197,984260,1866100
3998,12,9,15531,200,984269,1703800
3999,10,14,15521,196,984283,1750500
4000,8,11,15513,193,984294,1961900
4001,13,10,15500,196,984304,1773600
4002,10,11,15490,195,984315,1880900
4003,8,10,15482,193,984325,2068900
4004,12,15,15470,190,984340,1800900
4005,14,8,15456,196,984348,1914400
4006,11,11,15445,196,984359,1839600
4007,13,8,15432,201,984367,1796900
4008,11,13,15421,199,984380,1803600
4009,10,7,15411,202,984387,1789400
4010,7,11,15404,198,984398,2048600
4011,2,14,15402,186,984412,1944800
4012,4,6,15398,184,984418,1883000
4013,7,8,15391,183,984426,2437500
4014,9,9,15382,183,984435,2245300
4015,8,10,15374,181,984445,2060200
4016,7,8,15367,180,984453,1846000
4017,5,5,15362,180,984458,1790800
4018,10,6,15352,184,984464,2038200
4019,7,3,15345,188,984467,1868700
4020,1,10,15344,179,984477,2037900
4021,5,7,15339,177,984484,2575400
4022,9,3,15330,183,984487,2180700
4023,7,9,15323,181,984496,1987400
4024,8,7,15315,182,984503,1939300
4025,7,10,15308,179,984513,1922800
4026,7,5,15301,181,984518,2104700
4027,5,15,15296,171,984533,2450200
4028,12,4,15284,179,984537,2081500
4029,10,10,15274,179,984547,1948800
4030,6,9,15268,176,984556,2162300
4031,7,12,15261,171,984568,4644600
4032,4,5,15257,170,984573,2323600
4033,9,6,15248,173,984579,2049400
4034,8,9,15240,172,984588,1867100
4035,6,11,15234,167,984599,1925100
4036,9,7,15225,169,984606,1845700
4037,11,9,15214,171,984615,2177400
4038,7,8,15207,170,984623,1928300
4039,8,11,15199,167,984634,1767300
4040,9,9,15190,167,984643,1832900
4041,6,8,15184,165,984651,1790500
4042,8,11,15176,162,984662,1807300
4043,4,6,15172,160,984668,1836600
4044,5,5,15167,160,984673,1748600
4045,6,8,15161,158,984681,1683800
4046,5,7,15156,156,984688,2026100
4047,5,8,15151,153,984696,1954200
4048,4,4,15147,153,984700,1760000
4049,8,10,15139,151,984710,1720200
4050,7,11,15132,147,984721,1765400
4051,4,3,15128,148,984724,1813100
4052,3,6,15125,145,984730,1997700
4053,6,11,15119,140,984741,1948000
4054,6,8,15113,138,984749,1773900
4055,7,9,15106,136,984758,1788700
4056,6,7,15100,135,984765,1839500
4057,2,3,15098,134,984768,1691400
4058,6,11,15092,129,984779,1758300
4059,8,4,15084,133,984783,1728900
4060,3,7,15081,129,984790,1700300
4061,10,8,15071,131,984798,2000600
4062,4,9,15067,126,984807,1806000
4063,2,7,15065,121,984814,1767300
4064,8,8,15057,121,984822,1851900
4065,4,5,15053,120,984827,1968700
4066,3,4,15050,119,984831,1810700
4067,2,5,15048,116,984836,1744200
4068,5,8,15043,113,984844,1773600
4069,2,7,15041,108,984851,1679400
4070,4,6,15037,106,984857,1776900
4071,3,7,15034,102,984864,1727200
4072,2,6,15032,98,984870,1771200
4073,1,2,15031,97,984872,2049600
4074,0,6,15031,91,984878,1778900
4075,5,8,15026,88,984886,1717000
4076,0,5,15026,83,984891,1935500
4077,2,5,15024,80,984896,1972300
4078,1,1,15023,80,984897,1818000
4079,2,3,15021,79,984900,1777700
4080,3,2,15018,80,984902,1791400
4081,1,4,15017,77,984906,1792900
4082,1,2,15016,76,984908,1781900
4083,1,5,15015,72,984913,1777600
4084,4,6,15011,70,984919,1811600
4085,2,4,15009,68,984923,1785700
4086,0,5,15009,63,984928,1982600
4087,2,3,15007,62,984931,1731000
4088,2,0,15005,64,984931,1778400
4089,2,2,15003,64,984933,1681600
4090,1,3,15002,62,984936,1992300
4091,3,1,14999,64,984937,1974700
4092,2,2,14997,64,984939,1831400
4093,2,1,14995,65,984940,1794900
4094,4,5,14991,64,984945,1703000
4095,3,1,14988,66,984946,1785900
4096,2,2,14986,66,984948,1819000
4097,1,2,14985,65,984950,1685700
4098,2,4,14983,63,984954,1775500
4099,2,2,14981,63,984956,1747500
4100,2,3,14979,62,984959,1742500
4101,0,1,14979,61,984960,1724700
4102,2,2,14977,61,984962,1817600
4103,2,5,14975,58,984967,1813700
4104,1,4,14974,55,984971,1811300
4105,1,4,14973,52,984975,1766700
4106,2,3,14971,51,984978,1924500
4107,1,4,14970,48,984982,1837000
4108,3,0,14967,51,984982,1728100
4109,0,2,14967,49,984984,1704400
4110,2,1,14965,50,984985,1740200
4111,1,2,14964,49,984987,1670500
4112,0,0,14964,49,984987,1686600
4113,1,1,14963,49,984988,1759100
4114,1,2,14962,48,984990,1778600
4115,2,5,14960,45,984995,1743900
4116,1,1,14959,45,984996,1789900
4117,0,3,14959,42,984999,2038100
4118,3,3,14956,42,985002,1776600
4119,0,5,14956,37,985007,1834700
4120,0,2,14956,35,985009,1729800
4121,0,1,14956,34,985010,2000400
4122,1,1,14955,34,985011,1976800
4123,0,2,14955,32,985013,1920200
4124,1,2,14954,31,985015,2107500
4125,0,1,14954,30,985016,1887200
4126,0,0,14954,30,985016,1810500
4127,0,1,14954,29,985017,1838000
4128,0,0,14954,29,985017,2048200
4129,0,2,14954,27,985019,1961500
4130,0,1,14954,26,985020,1790800
4131,0,0,14954,26,985020,1743800
4132,0,2,14954,24,985022,1780500
4133,0,3,14954,21,985025,1697000
4134,0,1,14954,20,985026,1725500
4135,0,1,14954,19,985027,1769600
4136,0,4,14954,15,985031,1799100
4137,0,1,14954,14,985032,1780100
4138,0,0,14954,14,985032,2033000
4139,0,1,14954,13,985033,1736300
4140,0,0,14954,13,985033,1841000
4141,0,0,14954,13,985033,1790400
4142,0,1,14954,12,985034,1830000
4143,0,0,14954,12,985034,2000400
4144,0,0,14954,12,985034,1837300
4145,0,0,14954,12,985034,1755700
4146,1,0,14953,13,985034,1795700
4147,0,1,14953,12,985035,2124500
4148,0,0,14953,12,985035,1784400
4149,0,2,14953,10,985037,1789300
4150,0,0,14953,10,985037,1723800
4151,0,0,14953,10,985037,1774200
4152,0,0,14953,10,985037,1783600
4153,0,0,14953,10,985037,1894600
4154,1,1,14952,10,985038,1872600
4155,0,0,14952,10,985038,1976000
4156,0,1,14952,9,985039,1794300
4157,0,1,14952,8,985040,1747300
4158,0,1,14952,7,985041,1935400
4159,0,0,14952,7,985041,1752000
4160,0,1,14952,6,985042,1842400
4161,0,0,14952,6,985042,1940300
4162,0,0,14952,6,985042,1762800
4163,0,1,14952,5,985043,1792500
4164,0,1,14952,4,985044,1742300
4165,0,1,14952,3,985045,1690100
4166,0,0,14952,3,985045,1987400
4167,0,1,14952,2,985046,2093300
4168,0,0,14952,2,985046,1846700
4169,0,0,14952,2,985046,1821800
4170,0,0,14952,2,985046,1834500
4171,0,0,14952,2,985046,1949900
4172,0,1,14952,1,985047,1936400
4173,0,0,14952,1,985047,1972300
4174,0,0,14952,1,985047,1826700
4175,0,0,14952,1,985047,1707200
4176,0,0,14952,1,985047,1801500
4177,0,1,14952,0,985048,1779700
