Tick,NewlyInfected,NewlyRecovered,TotalSusceptible,TotalInfected,TotalRecovered,StepTimeNanos
0,3,0,999992,8,0,42252200
1,3,0,999989,11,0,6110700
2,4,0,999985,15,0,12071100
3,7,1,999978,21,1,6413900
4,2,1,999976,22,2,8745300
5,7,1,999969,28,3,3014900
6,5,0,999964,33,3,2011700
7,8,5,999956,36,8,1798700
8,15,6,999941,45,14,1869900
9,3,2,999938,46,16,1791500
10,7,1,999931,52,17,1800300
11,11,2,999920,61,19,1850000
12,13,7,999907,67,26,1750600
13,8,3,999899,72,29,2016000
14,7,2,999892,77,31,1700900
15,12,3,999880,86,34,1720000
16,13,4,999867,95,38,1862300
17,15,4,999852,106,42,1627700
18,17,10,999835,113,52,2097800
19,8,10,999827,111,62,2240900
20,9,12,999818,108,74,1895000
21,8,5,999810,111,79,1791300
22,13,4,999797,120,83,1958600
23,13,11,999784,122,94,1895300
24,16,4,999768,134,98,1889500
25,14,1,999754,147,99,1855400
26,11,6,999743,152,105,1874200
27,16,13,999727,155,118,1845800
28,14,5,999713,164,123,1916500
29,17,7,999696,174,130,1923500
30,14,11,999682,177,141,1758700
31,14,9,999668,182,150,2043600
32,14,11,999654,185,161,2273100
33,20,17,999634,188,178,1844900
34,23,11,999611,200,189,2037900
35,18,4,999593,214,193,1736800
36,20,6,999573,228,199,1738300
37,19,7,999554,240,206,1805400
38,20,15,999534,245,221,1677800
39,22,15,999512,252,236,1650100
40,22,9,999490,265,245,1639700
41,20,19,999470,266,264,1769900
42,21,14,999449,273,278,1806400
43,27,22,999422,278,300,2038000
44,26,19,999396,285,319,1698100
45,27,15,999369,297,334,1816000
46,24,15,999345,306,349,1800000
47,22,16,999323,312,365,1961800
48,16,13,999307,315,378,1648000
49,30,15,999277,330,393,1793100
50,26,18,999251,338,411,1640700
51,27,11,999224,354,422,1997200
52,41,14,999183,381,436,1908700
53,29,16,999154,394,452,1694500
54,47,20,999107,421,472,1755900
55,30,17,999077,434,489,1664600
56,27,24,999050,437,513,1965200
57,37,24,999013,450,537,7450600
58,35,21,998978,464,558,21977100
59,40,21,998938,483,579,1992800
60,38,23,998900,498,602,2100500
61,39,30,998861,507,632,1826900
62,52,27,998809,532,659,1722800
63,36,34,998773,534,693,1741300
64,48,26,998725,556,719,1721000
65,49,29,998676,576,748,1781500
66,43,36,998633,583,784,1796000
67,48,34,998585,597,818,1751200
68,49,35,998536,611,853,1909200
69,54,35,998482,630,888,1859200
70,47,37,998435,640,925,1712500
71,44,36,998391,648,961,1676500
72,48,32,998343,664,993,1774600
73,40,39,998303,665,1032,1784500
74,51,39,998252,677,1071,1669300
75,45,33,998207,689,1104,1740700
76,41,30,998166,700,1134,1688100
77,46,38,998120,708,1172,1708000
78,53,32,998067,729,1204,1682400
79,34,36,998033,727,1240,1953400
80,41,34,997992,734,1274,1780000
81,56,37,997936,753,1311,1758900
82,50,39,997886,764,1350,1671500
83,48,37,997838,775,1387,1987700
84,48,40,997790,783,1427,2106600
85,47,38,997743,792,1465,1961600
86,52,49,997691,795,1514,1992700
87,59,34,997632,820,1548,1641900
88,44,41,997588,823,1589,1679400
89,53,36,997535,840,1625,1672000
90,40,41,997495,839,1666,1622900
91,62,45,997433,856,1711,1782700
92,46,49,997387,853,1760,1750800
93,45,42,997342,856,1802,1639700
94,52,45,997290,863,1847,1699300
95,58,45,997232,876,1892,1741900
96,62,41,997170,897,1933,1762500
97,47,53,997123,891,1986,1753700
98,54,38,997069,907,2024,1744800
99,55,41,997014,921,2065,1741700
100,58,55,996956,924,2120,1743500
101,56,49,996900,931,2169,1627400
102,63,45,996837,949,2214,1753500
103,55,50,996782,954,2264,1829500
104,65,47,996717,972,2311,1744300
105,54,56,996663,970,2367,1776200
106,57,49,996606,978,2416,1747200
107,49,42,996557,985,2458,1959600
108,71,45,996486,1011,2503,1895300
109,69,55,996417,1025,2558,2048300
110,64,55,996353,1034,2613,1765700
111,79,51,996274,1062,2664,1748400
112,78,51,996196,1089,2715,2115400
113,88,43,996108,1134,2758,21569700
114,80,58,996028,1156,2816,5122300
115,81,43,995947,1194,2859,4841000
116,89,67,995858,1216,2926,1792100
117,70,68,995788,1218,2994,1765800
118,80,75,995708,1223,3069,1790800
119,97,77,995611,1243,3146,1733500
120,75,53,995536,1265,3199,1743200
121,69,68,995467,1266,3267,1756200
122,81,70,995386,1277,3337,1733200
123,92,68,995294,1301,3405,1827000
124,87,65,995207,1323,3470,1683700
125,95,66,995112,1352,3536,2078500
126,86,56,995026,1382,3592,1701800
127,73,73,994953,1382,3665,1754700
128,90,58,994863,1414,3723,1757100
129,84,63,994779,1435,3786,1757600
130,83,77,994696,1441,3863,1740100
131,93,70,994603,1464,3933,1751900
132,81,79,994522,1466,4012,1644100
133,101,76,994421,1491,4088,1719900
134,87,61,994334,1517,4149,1793100
135,88,80,994246,1525,4229,1714300
136,111,85,994135,1551,4314,1674200
137,91,69,994044,1573,4383,1754300
138,96,68,993948,1601,4451,1779100
139,92,79,993856,1614,4530,1692500
140,103,85,993753,1632,4615,1968100
141,89,70,993664,1651,4685,2023100
142,91,92,993573,1650,4777,1754200
143,78,70,993495,1658,4847,1752500
144,99,98,993396,1659,4945,1703100
145,88,96,993308,1651,5041,1687100
146,101,100,993207,1652,5141,1644000
147,98,85,993109,1665,5226,1677800
148,91,83,993018,1673,5309,1946600
149,104,71,992914,1706,5380,1714600
150,81,75,992833,1712,5455,1729300
151,95,94,992738,1713,5549,1679000
152,90,97,992648,1706,5646,1692800
153,80,82,992568,1704,5728,1792300
154,80,74,992488,1710,5802,1773000
155,101,98,992387,1713,5900,2105200
156,78,79,992309,1712,5979,19808400
157,91,91,992218,1712,6070,7267400
158,92,87,992126,1717,6157,1844000
159,104,92,992022,1729,6249,1789100
160,97,78,991925,1748,6327,1770900
161,95,87,991830,1756,6414,1820100
162,109,89,991721,1776,6503,1729800
163,111,82,991610,1805,6585,1703500
164,113,93,991497,1825,6678,1928800
165,113,84,991384,1854,6762,1777700
166,114,84,991270,1884,6846,1695800
167,115,85,991155,1914,6931,1696300
168,122,111,991033,1925,7042,1685600
169,107,78,990926,1954,7120,1927200
170,131,119,990795,1966,7239,1743100
171,130,98,990665,1998,7337,2101000
172,114,96,990551,2016,7433,1839900
173,128,105,990423,2039,7538,1818700
174,130,116,990293,2053,7654,1785700
175,113,106,990180,2060,7760,1769600
176,117,110,990063,2067,7870,1806800
177,95,101,989968,2061,7971,1890700
178,112,105,989856,2068,8076,1906500
179,104,112,989752,2060,8188,1812700
180,112,94,989640,2078,8282,1778200
181,118,112,989522,2084,8394,1815600
182,119,99,989403,2104,8493,1782700
183,110,115,989293,2099,8608,1834500
184,105,93,989188,2111,8701,1895700
185,118,105,989070,2124,8806,1801600
186,114,101,988956,2137,8907,1795000
187,112,106,988844,2143,9013,1837300
188,119,110,988725,2152,9123,1829000
189,112,100,988613,2164,9223,1900700
190,109,99,988504,2174,9322,1843300
191,121,108,988383,2187,9430,1825000
192,133,89,988250,2231,9519,1689700
193,122,116,988128,2237,9635,1680400
194,137,101,987991,2273,9736,1801700
195,127,122,987864,2278,9858,1811200
196,128,119,987736,2287,9977,1656900
197,137,132,987599,2292,10109,1769500
198,121,104,987478,2309,10213,1956700
199,149,125,987329,2333,10338,1805200
200,135,113,987194,2355,10451,1838500
201,122,116,987072,2361,10567,1792400
202,136,132,986936,2365,10699,1784000
203,144,110,986792,2399,10809,1761100
204,138,120,986654,2417,10929,1779300
205,147,123,986507,2441,11052,2043000
206,134,141,986373,2434,11193,1783400
207,136,121,986237,2449,11314,1687500
208,147,111,986090,2485,11425,1741700
209,160,113,985930,2532,11538,1779400
210,155,99,985775,2588,11637,1735900
211,138,125,985637,2601,11762,1739800
212,147,133,985490,2615,11895,1777300
213,155,131,985335,2639,12026,1778800
214,167,148,985168,2658,12174,1785400
215,161,129,985007,2690,12303,1644800
216,153,153,984854,2690,12456,1786900
217,157,140,984697,2707,12596,1784400
218,155,145,984542,2717,12741,1784800
219,152,130,984390,2739,12871,1780600
220,153,139,984237,2753,13010,1784600
221,141,112,984096,2782,13122,1703400
222,144,136,983952,2790,13258,1772800
223,147,147,983805,2790,13405,2106800
224,149,146,983656,2793,13551,1834200
225,164,140,983492,2817,13691,1847700
226,142,137,983350,2822,13828,1764900
227,157,152,983193,2827,13980,1821600
228,162,151,983031,2838,14131,1769400
229,153,140,982878,2851,14271,1795200
230,166,151,982712,2866,14422,1991800
231,125,137,982587,2854,14559,1712500
232,149,147,982438,2856,14706,1713400
233,146,112,982292,2890,14818,1802000
234,135,153,982157,2872,14971,1758700
235,154,143,982003,2883,15114,1791900
236,154,148,981849,2889,15262,1749600
237,154,139,981695,2904,15401,1681300
238,149,138,981546,2915,15539,1796400
239,150,133,981396,2932,15672,1806100
240,152,145,981244,2939,15817,1789900
241,147,141,981097,2945,15958,1744400
242,137,145,980960,2937,16103,1778000
243,144,154,980816,2927,16257,1783000
244,179,151,980637,2955,16408,1785200
245,152,141,980485,2966,16549,1791400
246,136,172,980349,2930,16721,1844400
247,169,144,980180,2955,16865,1806300
248,181,156,979999,2980,17021,1914900
249,159,145,979840,2994,17166,1815000
250,157,161,979683,2990,17327,1794400
251,153,123,979530,3020,17450,1786800
252,186,150,979344,3056,17600,1789100
253,190,166,979154,3080,17766,1800100
254,157,165,978997,3072,17931,1659300
255,161,141,978836,3092,18072,1756200
256,171,154,978665,3109,18226,1800700
257,160,154,978505,3115,18380,1790800
258,144,121,978361,3138,18501,1783100
259,172,166,978189,3144,18667,1784300
260,150,137,978039,3157,18804,1786200
261,160,151,977879,3166,18955,1793200
262,179,149,977700,3196,19104,1723000
263,168,160,977532,3204,19264,1812200
264,157,149,977375,3212,19413,1778400
265,160,162,977215,3210,19575,1740100
266,169,143,977046,3236,19718,1859500
267,170,131,976876,3275,19849,1750900
268,176,168,976700,3283,20017,1725100
269,170,169,976530,3284,20186,1956800
270,193,180,976337,3297,20366,1764300
271,179,157,976158,3319,20523,1749700
272,204,170,975954,3353,20693,1742100
273,179,160,975775,3372,20853,1641600
274,178,155,975597,3395,21008,1845400
275,182,170,975415,3407,21178,1663600
276,189,167,975226,3429,21345,1847200
277,200,174,975026,3455,21519,2027300
278,192,135,974834,3512,21654,1792000
279,197,160,974637,3549,21814,1695900
280,188,182,974449,3555,21996,1694900
281,197,174,974252,3578,22170,1696600
282,198,166,974054,3610,22336,1723900
283,207,165,973847,3652,22501,1808000
284,189,182,973658,3659,22683,1803900
285,209,202,973449,3666,22885,1915700
286,184,170,973265,3680,23055,1806900
287,195,207,973070,3668,23262,1867100
288,199,156,972871,3711,23418,1760000
289,189,177,972682,3723,23595,1777400
290,212,185,972470,3750,23780,1826100
291,181,207,972289,3724,23987,1707400
292,194,186,972095,3732,24173,1894900
293,231,207,971864,3756,24380,1937000
294,212,171,971652,3797,24551,1800200
295,222,177,971430,3842,24728,1816900
296,212,188,971218,3866,24916,1833900
297,223,225,970995,3864,25141,1783100
298,195,180,970800,3879,25321,1783500
299,207,207,970593,3879,25528,1807900
300,212,185,970381,3906,25713,1832100
301,189,199,970192,3896,25912,1817700
302,192,167,970000,3921,26079,1765900
303,192,197,969808,3916,26276,1768500
304,179,188,969629,3907,26464,1752000
305,203,214,969426,3896,26678,1766800
306,198,193,969228,3901,26871,1718800
307,197,186,969031,3912,27057,1773600
308,193,197,968838,3908,27254,2001700
309,199,219,968639,3888,27473,1871600
310,222,197,968417,3913,27670,1799900
311,234,198,968183,3949,27868,1646300
312,217,207,967966,3959,28075,1809400
313,202,215,967764,3946,28290,2092600
314,196,213,967568,3929,28503,2010100
315,196,192,967372,3933,28695,1737100
316,203,197,967169,3939,28892,1713100
317,197,203,966972,3933,29095,1717200
318,240,194,966732,3979,29289,1811600
319,210,205,966522,3984,29494,1804500
320,183,210,966339,3957,29704,1803700
321,211,206,966128,3962,29910,1763500
322,239,193,965889,4008,30103,1697500
323,213,164,965676,4057,30267,1808500
324,208,201,965468,4064,30468,1834700
325,183,200,965285,4047,30668,1822100
326,224,207,965061,4064,30875,1761700
327,215,196,964846,4083,31071,1907500
328,219,210,964627,4092,31281,1800000
329,232,194,964395,4130,31475,2068600
330,233,208,964162,4155,31683,1831800
331,245,223,963917,4177,31906,1779200
332,201,182,963716,4196,32088,1768700
333,234,213,963482,4217,32301,1807900
334,228,218,963254,4227,32519,1806000
335,222,209,963032,4240,32728,1803100
336,222,198,962810,4264,32926,1802800
337,241,201,962569,4304,33127,1822900
338,218,211,962351,4311,33338,1801100
339,216,229,962135,4298,33567,2110300
340,227,234,961908,4291,33801,2096200
341,222,194,961686,4319,33995,2032600
342,236,242,961450,4313,34237,1665400
343,204,216,961246,4301,34453,1644500
344,212,219,961034,4294,34672,1802300
345,221,197,960813,4318,34869,2087100
346,249,212,960564,4355,35081,1815900
347,231,221,960333,4365,35302,1904600
348,251,241,960082,4375,35543,1812500
349,242,223,959840,4394,35766,1695100
350,257,207,959583,4444,35973,1772900
351,251,220,959332,4475,36193,1766600
352,253,226,959079,4502,36419,1824500
353,241,240,958838,4503,36659,1818900
354,233,202,958605,4534,36861,1807900
355,255,213,958350,4576,37074,1790000
356,220,252,958130,4544,37326,1770600
357,256,225,957874,4575,37551,1792500
358,237,227,957637,4585,37778,1827100
359,258,229,957379,4614,38007,1756700
360,260,246,957119,4628,38253,1755700
361,241,240,956878,4629,38493,1726200
362,267,237,956611,4659,38730,1736000
363,239,235,956372,4663,38965,1720200
364,225,222,956147,4666,39187,1751700
365,247,241,955900,4672,39428,1818300
366,254,249,955646,4677,39677,1774500
367,277,234,955369,4720,39911,1819900
368,263,241,955106,4742,40152,1816400
369,254,232,954852,4764,40384,1837000
370,267,214,954585,4817,40598,1802800
371,276,265,954309,4828,40863,1937100
372,266,219,954043,4875,41082,1832900
373,283,239,953760,4919,41321,1830700
374,261,247,953499,4933,41568,1821700
375,246,235,953253,4944,41803,2132400
376,258,263,952995,4939,42066,1867900
377,256,252,952739,4943,42318,1824600
378,245,238,952494,4950,42556,1789100
379,276,279,952218,4947,42835,1817900
380,262,250,951956,4959,43085,1816300
381,267,252,951689,4974,43337,1766500
382,250,250,951439,4974,43587,1830000
383,263,236,951176,5001,43823,1960000
384,241,257,950935,4985,44080,1827600
385,254,251,950681,4988,44331,1831300
386,266,256,950415,4998,44587,1835800
387,261,241,950154,5018,44828,1804200
388,279,241,949875,5056,45069,1810400
389,259,246,949616,5069,45315,1798200
390,286,267,949330,5088,45582,1777000
391,241,250,949089,5079,45832,1739300
392,219,226,948870,5072,46058,1706900
393,276,259,948594,5089,46317,1710500
394,278,252,948316,5115,46569,1759700
395,272,254,948044,5133,46823,1977900
396,242,246,947802,5129,47069,1818300
397,287,291,947515,5125,47360,1741900
398,257,281,947258,5101,47641,1851800
399,263,241,946995,5123,47882,1822700
400,238,279,946757,5082,48161,1802800
401,243,231,946514,5094,48392,1821100
402,276,272,946238,5098,48664,1694200
403,259,234,945979,5123,48898,1754600
404,246,283,945733,5086,49181,1705700
405,243,258,945490,5071,49439,1713900
406,254,269,945236,5056,49708,1708800
407,239,257,944997,5038,49965,1818800
408,273,256,944724,5055,50221,1815800
409,257,259,944467,5053,50480,1821500
410,255,227,944212,5081,50707,2353700
411,294,252,943918,5123,50959,2032000
412,272,253,943646,5142,51212,1658200
413,274,268,943372,5148,51480,1679400
414,249,245,943123,5152,51725,1777400
415,260,265,942863,5147,51990,1987100
416,285,253,942578,5179,52243,1927200
417,267,251,942311,5195,52494,1859500
418,278,265,942033,5208,52759,1841800
419,308,245,941725,5271,53004,1807500
420,302,253,941423,5320,53257,1830400
421,273,266,941150,5327,53523,1828400
422,261,268,940889,5320,53791,2032100
423,288,247,940601,5361,54038,1970000
424,276,264,940325,5373,54302,1833700
425,275,276,940050,5372,54578,1823000
426,279,272,939771,5379,54850,1862100
427,244,271,939527,5352,55121,1825200
428,281,278,939246,5355,55399,2038500
429,258,282,938988,5331,55681,1856900
430,251,266,938737,5316,55947,1814200
431,274,270,938463,5320,56217,1843300
432,278,266,938185,5332,56483,1773400
433,271,291,937914,5312,56774,2144400
434,282,254,937632,5340,57028,1891600
435,242,253,937390,5329,57281,1793500
436,255,266,937135,5318,57547,1842900
437,260,290,936875,5288,57837,1751900
438,282,251,936593,5319,58088,2301700
439,277,242,936316,5354,58330,1981500
440,307,262,936009,5399,58592,1933700
441,274,278,935735,5395,58870,1902500
442,243,295,935492,5343,59165,1888700
443,276,268,935216,5351,59433,1886700
444,296,256,934920,5391,59689,1889500
445,270,293,934650,5368,59982,1862800
446,295,250,934355,5413,60232,1857200
447,287,297,934068,5403,60529,1916300
448,286,281,933782,5408,60810,1896200
449,266,268,933516,5406,61078,2026500
450,282,253,933234,5435,61331,1932800
451,289,265,932945,5459,61596,2164300
452,313,273,932632,5499,61869,2082600
453,285,263,932347,5521,62132,1894500
454,279,270,932068,5530,62402,1797600
455,271,311,931797,5490,62713,1859200
456,301,276,931496,5515,62989,2400200
457,286,257,931210,5544,63246,2419200
458,311,279,930899,5576,63525,2280600
459,293,270,930606,5599,63795,2428600
460,302,274,930304,5627,64069,2354000
461,283,273,930021,5637,64342,2713700
462,277,272,929744,5642,64614,2411900
463,309,298,929435,5653,64912,2580300
464,276,314,929159,5615,65226,2321200
465,285,273,928874,5627,65499,2716400
466,304,267,928570,5664,65766,2239500
467,319,292,928251,5691,66058,2393300
468,277,278,927974,5690,66336,2654500
469,303,305,927671,5688,66641,2372200
470,288,306,927383,5670,66947,2522100
471,310,281,927073,5699,67228,2807400
472,295,277,926778,5717,67505,2380600
473,295,285,926483,5727,67790,2069600
474,326,281,926157,5772,68071,2136700
475,333,254,925824,5851,68325,2260000
476,318,326,925506,5843,68651,2527000
477,317,296,925189,5864,68947,2364700
478,328,271,924861,5921,69218,2130500
479,321,283,924540,5959,69501,2308000
480,315,315,924225,5959,69816,2287000
481,333,319,923892,5973,70135,2304500
482,308,306,923584,5975,70441,2225200
483,307,292,923277,5990,70733,2300500
484,311,287,922966,6014,71020,2291400
485,292,322,922674,5984,71342,2172900
486,320,276,922354,6028,71618,2214400
487,329,296,922025,6061,71914,2533800
488,330,361,921695,6030,72275,2499600
489,296,315,921399,6011,72590,2400500
490,323,306,921076,6028,72896,2334400
491,331,312,920745,6047,73208,2109400
492,346,289,920399,6104,73497,1978600
493,273,286,920126,6091,73783,2029000
494,336,333,919790,6094,74116,2122500
495,322,320,919468,6096,74436,1994500
496,308,315,919160,6089,74751,1966900
497,315,316,918845,6088,75067,2430800
498,311,288,918534,6111,75355,2064900
499,326,290,918208,6147,75645,2176900
500,306,323,917902,6130,75968,2094000
501,328,279,917574,6179,76247,1997500
502,317,286,917257,6210,76533,2002700
503,331,335,916926,6206,76868,1968600
504,294,337,916632,6163,77205,1918800
505,308,312,916324,6159,77517,2040900
506,302,313,916022,6148,77830,1875500
507,331,316,915691,6163,78146,1935800
508,341,294,915350,6210,78440,1898100
509,322,314,915028,6218,78754,1938000
510,348,339,914680,6227,79093,2063000
511,321,319,914359,6229,79412,1928300
512,313,329,914046,6213,79741,2103500
513,335,293,913711,6255,80034,1927600
514,333,300,913378,6288,80334,1907100
515,324,313,913054,6299,80647,1911600
516,312,314,912742,6297,80961,1883400
517,352,331,912390,6318,81292,1904800
518,342,297,912048,6363,81589,1966700
519,341,330,911707,6374,81919,2001000
520,371,298,911336,6447,82217,2008200
521,336,328,911000,6455,82545,1946700
522,350,349,910650,6456,82894,1871700
523,342,317,910308,6481,83211,1922100
524,351,330,909957,6502,83541,2090300
525,361,345,909596,6518,83886,2395100
526,338,338,909258,6518,84224,2117800
527,359,333,908899,6544,84557,1849100
528,345,298,908554,6591,84855,1906200
529,338,318,908216,6611,85173,1846200
530,341,348,907875,6604,85521,1824700
531,333,328,907542,6609,85849,1879500
532,324,287,907218,6646,86136,1934000
533,355,310,906863,6691,86446,1904000
534,328,337,906535,6682,86783,1995200
535,340,327,906195,6695,87110,1849100
536,351,337,905844,6709,87447,1907800
537,336,352,905508,6693,87799,1914600
538,332,323,905176,6702,88122,1770700
539,351,347,904825,6706,88469,2015100
540,359,323,904466,6742,88792,1933700
541,337,318,904129,6761,89110,1883500
542,386,353,903743,6794,89463,1904300
543,356,340,903387,6810,89803,1862100
544,338,339,903049,6809,90142,1845700
545,353,337,902696,6825,90479,2001400
546,341,344,902355,6822,90823,1925700
547,344,335,902011,6831,91158,2017600
548,348,339,901663,6840,91497,1974200
549,353,351,901310,6842,91848,1933600
550,364,369,900946,6837,92217,1982900
551,384,312,900562,6909,92529,2005600
552,383,354,900179,6938,92883,1930400
553,351,354,899828,6935,93237,1976000
554,342,340,899486,6937,93577,1878200
555,390,354,899096,6973,93931,2202000
556,378,341,898718,7010,94272,2039300
557,344,361,898374,6993,94633,1858400
558,368,337,898006,7024,94970,2119800
559,344,357,897662,7011,95327,1860800
560,384,352,897278,7043,95679,1857400
561,403,364,896875,7082,96043,1946200
562,385,322,896490,7145,96365,1944400
563,381,334,896109,7192,96699,1851200
564,383,342,895726,7233,97041,1907400
565,346,367,895380,7212,97408,1867100
566,386,360,894994,7238,97768,1833100
567,372,317,894622,7293,98085,1853000
568,377,359,894245,7311,98444,1827400
569,350,389,893895,7272,98833,1849000
570,413,347,893482,7338,99180,1944900
571,401,389,893081,7350,99569,1899100
572,412,356,892669,7406,99925,1845400
573,373,346,892296,7433,100271,1843500
574,365,336,891931,7462,100607,1825900
575,360,393,891571,7429,101000,1952700
576,366,397,891205,7398,101397,1890900
577,385,363,890820,7420,101760,1893400
578,363,343,890457,7440,102103,1932200
579,377,369,890080,7448,102472,1876900
580,341,386,889739,7403,102858,1870700
581,399,378,889340,7424,103236,1910100
582,365,373,888975,7416,103609,1857400
583,393,394,888582,7415,104003,1871800
584,363,361,888219,7417,104364,1999000
585,350,378,887869,7389,104742,2064100
586,324,377,887545,7336,105119,1958200
587,333,363,887212,7306,105482,1946400
588,370,369,886842,7307,105851,1864100
589,360,342,886482,7325,106193,1877500
590,345,351,886137,7319,106544,1752700
591,351,381,885786,7289,106925,1829000
592,348,347,885438,7290,107272,1928100
593,358,363,885080,7285,107635,1857300
594,373,382,884707,7276,108017,1888100
595,372,365,884335,7283,108382,2217600
596,370,361,883965,7292,108743,1843900
597,403,361,883562,7334,109104,1769600
598,381,411,883181,7304,109515,2010100
599,383,352,882798,7335,109867,1889600
600,386,379,882412,7342,110246,1867000
601,374,348,882038,7368,110594,1841800
602,375,368,881663,7375,110962,1912000
603,404,385,881259,7394,111347,1758600
604,394,383,880865,7405,111730,1816800
605,412,377,880453,7440,112107,1966900
606,401,401,880052,7440,112508,1704100
607,380,353,879672,7467,112861,1704200
608,421,357,879251,7531,113218,1859500
609,372,404,878879,7499,113622,1835000
610,403,391,878476,7511,114013,1828500
611,431,385,878045,7557,114398,2188800
612,434,383,877611,7608,114781,1812400
613,380,375,877231,7613,115156,1885600
614,385,380,876846,7618,115536,1838000
615,371,369,876475,7620,115905,1804200
616,384,404,876091,7600,116309,1742600
617,412,371,875679,7641,116680,1673500
618,397,395,875282,7643,117075,1764000
619,403,361,874879,7685,117436,1954900
620,357,378,874522,7664,117814,2073200
621,400,374,874122,7690,118188,1778100
622,358,383,873764,7665,118571,1822600
623,400,360,873364,7705,118931,1788200
624,373,353,872991,7725,119284,1961100
625,418,375,872573,7768,119659,1758200
626,404,375,872169,7797,120034,1732800
627,405,388,871764,7814,120422,1772600
628,380,397,871384,7797,120819,1830200
629,416,410,870968,7803,121229,1837400
630,465,414,870503,7854,121643,1792700
631,381,396,870122,7839,122039,1719200
632,398,353,869724,7884,122392,1687200
633,400,379,869324,7905,122771,1832600
634,384,370,868940,7919,123141,1840700
635,394,396,868546,7917,123537,1902700
636,400,386,868146,7931,123923,1732100
637,426,415,867720,7942,124338,1757000
638,364,376,867356,7930,124714,1723900
639,390,397,866966,7923,125111,1949700
640,418,376,866548,7965,125487,1983300
641,400,423,866148,7942,125910,1854100
642,390,394,865758,7938,126304,1846300
643,397,390,865361,7945,126694,1854900
644,402,424,864959,7923,127118,1870500
645,395,400,864564,7918,127518,1809100
646,390,380,864174,7928,127898,1923600
647,395,378,863779,7945,128276,1689000
648,413,417,863366,7941,128693,1710500
649,390,412,862976,7919,129105,1767800
650,382,376,862594,7925,129481,1869100
651,380,396,862214,7909,129877,1787800
652,407,361,861807,7955,130238,2042800
653,431,396,861376,7990,130634,2285000
654,455,381,860921,8064,131015,1825200
655,445,412,860476,8097,131427,2171900
656,392,388,860084,8101,131815,1948300
657,403,432,859681,8072,132247,1851000
658,433,373,859248,8132,132620,1844200
659,398,380,858850,8150,133000,1879000
660,407,405,858443,8152,133405,2030200
661,408,419,858035,8141,133824,1857400
662,414,381,857621,8174,134205,2005100
663,416,435,857205,8155,134640,1995900
664,426,411,856779,8170,135051,1863800
665,447,414,856332,8203,135465,1795100
666,420,390,855912,8233,135855,1771500
667,466,431,855446,8268,136286,1861100
668,464,431,854982,8301,136717,2114400
669,483,438,854499,8346,137155,1860400
670,444,394,854055,8396,137549,1800500
671,458,426,853597,8428,137975,1888000
672,411,403,853186,8436,138378,1858800
673,489,400,852697,8525,138778,1856200
674,460,407,852237,8578,139185,1791500
675,432,448,851805,8562,139633,1747900
676,437,448,851368,8551,140081,2080200
677,455,441,850913,8565,140522,2003100
678,429,419,850484,8575,140941,1843600
679,448,413,850036,8610,141354,1815100
680,493,452,849543,8651,141806,1809400
681,456,413,849087,8694,142219,1822400
682,420,467,848667,8647,142686,2123300
683,433,442,848234,8638,143128,1918800
684,469,446,847765,8661,143574,2321700
685,426,420,847339,8667,143994,2062900
686,418,442,846921,8643,144436,2063900
687,440,449,846481,8634,144885,1937900
688,422,465,846059,8591,145350,2018300
689,478,441,845581,8628,145791,1986400
690,440,463,845141,8605,146254,2243400
691,448,432,844693,8621,146686,1889900
692,434,453,844259,8602,147139,1859800
693,459,407,843800,8654,147546,1887100
694,460,445,843340,8669,147991,1823900
695,411,380,842929,8700,148371,1799200
696,456,415,842473,8741,148786,2059800
697,431,417,842042,8755,149203,1837800
698,447,419,841595,8783,149622,1906600
699,474,440,841121,8817,150062,1906500
700,491,450,840630,8858,150512,1816300
701,432,445,840198,8845,150957,1885100
702,491,442,839707,8894,151399,1833700
703,489,436,839218,8947,151835,1779900
704,471,478,838747,8940,152313,1720600
705,452,428,838295,8964,152741,1815900
706,438,483,837857,8919,153224,1763200
707,441,457,837416,8903,153681,1784700
708,457,435,836959,8925,154116,1754200
709,494,429,836465,8990,154545,1781300
710,467,433,835998,9024,154978,1892200
711,431,440,835567,9015,155418,1800800
712,451,474,835116,8992,155892,1838900
713,495,459,834621,9028,156351,1804000
714,445,475,834176,8998,156826,2209900
715,466,422,833710,9042,157248,1831800
716,461,429,833249,9074,157677,1887400
717,480,428,832769,9126,158105,1929900
718,476,435,832293,9167,158540,1777400
719,472,474,831821,9165,159014,1928600
720,500,426,831321,9239,159440,1802100
721,447,464,830874,9222,159904,2002100
722,477,434,830397,9265,160338,1950200
723,453,470,829944,9248,160808,1911500
724,457,427,829487,9278,161235,1884600
725,458,413,829029,9323,161648,1879000
726,425,446,828604,9302,162094,2021500
727,465,453,828139,9314,162547,4129200
728,456,491,827683,9279,163038,5978800
729,456,475,827227,9260,163513,5556700
730,412,422,826815,9250,163935,6394000
731,474,485,826341,9239,164420,1993500
732,452,464,825889,9227,164884,2171000
733,419,427,825470,9219,165311,2235100
734,475,495,824995,9199,165806,1900500
735,427,452,824568,9174,166258,1858300
736,459,479,824109,9154,166737,1935400
737,506,482,823603,9178,167219,1891100
738,440,453,823163,9165,167672,1864900
739,490,429,822673,9226,168101,1808500
740,460,440,822213,9246,168541,1917700
741,464,464,821749,9246,169005,2014100
742,488,446,821261,9288,169451,1911900
743,475,435,820786,9328,169886,1912600
744,488,483,820298,9333,170369,1880000
745,460,482,819838,9311,170851,2068900
746,459,415,819379,9355,171266,1900400
747,453,429,818926,9379,171695,1925600
748,477,436,818449,9420,172131,1907500
749,449,489,818000,9380,172620,2008400
750,478,454,817522,9404,173074,1955500
751,493,484,817029,9413,173558,1846600
752,459,446,816570,9426,174004,1877700
753,459,490,816111,9395,174494,1880400
754,480,466,815631,9409,174960,1859000
755,489,495,815142,9403,175455,1912600
756,457,454,814685,9406,175909,1950300
757,486,440,814199,9452,176349,1945700
758,509,443,813690,9518,176792,1924000
759,442,466,813248,9494,177258,1937300
760,444,466,812804,9472,177724,1965100
761,510,478,812294,9504,178202,1812500
762,495,477,811799,9522,178679,1864300
763,476,472,811323,9526,179151,2096300
764,513,466,810810,9573,179617,1827600
765,505,509,810305,9569,180126,1920200
766,463,474,809842,9558,180600,1885800
767,509,482,809333,9585,181082,1876500
768,534,471,808799,9648,181553,1900800
769,497,454,808302,9691,182007,1803500
770,521,492,807781,9720,182499,2082500
771,478,488,807303,9710,182987,2009700
772,512,425,806791,9797,183412,1948300
773,481,533,806310,9745,183945,1987800
774,490,503,805820,9732,184448,1975700
775,481,474,805339,9739,184922,1947200
776,516,458,804823,9797,185380,1923000
777,483,492,804340,9788,185872,1909100
778,499,505,803841,9782,186377,1880900
779,517,486,803324,9813,186863,1919200
780,504,503,802820,9814,187366,2237400
781,483,464,802337,9833,187830,2009500
782,509,463,801828,9879,188293,1933400
783,490,488,801338,9881,188781,1921300
784,471,464,800867,9888,189245,1977700
785,497,443,800370,9942,189688,1883400
786,481,454,799889,9969,190142,1917000
787,507,503,799382,9973,190645,1974700
788,506,474,798876,10005,191119,2088000
789,504,504,798372,10005,191623,2093800
790,510,480,797862,10035,192103,1935200
791,487,501,797375,10021,192604,1897200
792,498,500,796877,10019,193104,1873400
793,485,473,796392,10031,193577,1876700
794,517,485,795875,10063,194062,1873300
795,497,539,795378,10021,194601,1884900
796,485,494,794893,10012,195095,2100500
797,478,504,794415,9986,195599,1886600
798,464,481,793951,9969,196080,1774600
799,511,512,793440,9968,196592,2051500
800,499,475,792941,9992,197067,2075200
801,494,515,792447,9971,197582,2097000
802,498,455,791949,10014,198037,1908400
803,494,496,791455,10012,198533,2105500
804,506,556,790949,9962,199089,1820900
805,493,476,790456,9979,199565,1817700
806,506,484,789950,10001,200049,1878600
807,501,515,789449,9987,200564,1751900
808,475,534,788974,9928,201098,1854600
809,478,472,788496,9934,201570,1835300
810,492,490,788004,9936,202060,1739700
811,523,530,787481,9929,202590,1750200
812,507,509,786974,9927,203099,2033800
813,508,503,786466,9932,203602,1992700
814,477,489,785989,9920,204091,1809400
815,472,503,785517,9889,204594,1947700
816,498,491,785019,9896,205085,1844100
817,476,480,784543,9892,205565,1812800
818,475,505,784068,9862,206070,1764000
819,492,507,783576,9847,206577,1810500
820,467,514,783109,9800,207091,1781700
821,478,458,782631,9820,207549,1750400
822,513,465,782118,9868,208014,1755700
823,495,478,781623,9885,208492,1813800
824,497,456,781126,9926,208948,1752900
825,495,523,780631,9898,209471,1749800
826,492,477,780139,9913,209948,1787100
827,454,490,779685,9877,210438,1741200
828,459,501,779226,9835,210939,1756200
829,474,494,778752,9815,211433,1844900
830,462,498,778290,9779,211931,1937500
831,467,469,777823,9777,212400,1793200
832,447,513,777376,9711,212913,1882600
833,443,525,776933,9629,213438,1791900
834,456,479,776477,9606,213917,1775100
835,471,480,776006,9597,214397,2089300
836,479,538,775527,9538,214935,1757700
837,462,464,775065,9536,215399,1865700
838,471,476,774594,9531,215875,1900300
839,483,463,774111,9551,216338,1906900
840,473,461,773638,9563,216799,2049700
841,479,477,773159,9565,217276,1863000
842,428,465,772731,9528,217741,1907100
843,498,499,772233,9527,218240,1786300
844,478,508,771755,9497,218748,1744300
845,448,479,771307,9466,219227,1807700
846,486,491,770821,9461,219718,1803900
847,509,489,770312,9481,220207,1807500
848,447,479,769865,9449,220686,1770200
849,486,465,769379,9470,221151,1815300
850,477,494,768902,9453,221645,2039500
851,467,476,768435,9444,222121,1950500
852,511,448,767924,9507,222569,1874300
853,499,491,767425,9515,223060,1933600
854,497,469,766928,9543,223529,1929700
855,520,518,766408,9545,224047,1850000
856,478,425,765930,9598,224472,1810200
857,506,492,765424,9612,224964,1806400
858,481,493,764943,9600,225457,1771700
859,479,484,764464,9595,225941,1863400
860,494,509,763970,9580,226450,1858800
861,488,499,763482,9569,226949,1840400
862,466,488,763016,9547,227437,1867700
863,462,499,762554,9510,227936,1841400
864,462,449,762092,9523,228385,1785500
865,458,496,761634,9485,228881,1808700
866,497,483,761137,9499,229364,1828200
867,490,460,760647,9529,229824,1888900
868,460,471,760187,9518,230295,1761900
869,474,460,759713,9532,230755,1915800
870,453,462,759260,9523,231217,2007400
871,458,457,758802,9524,231674,1798900
872,448,473,758354,9499,232147,2035200
873,500,488,757854,9511,232635,1789900
874,478,498,757376,9491,233133,1797600
875,519,418,756857,9592,233551,1864500
876,503,474,756354,9621,234025,1763500
877,473,527,755881,9567,234552,1836300
878,490,454,755391,9603,235006,1786500
879,453,444,754938,9612,235450,1853800
880,516,509,754422,9619,235959,1855500
881,517,458,753905,9678,236417,1937800
882,461,485,753444,9654,236902,1989600
883,511,482,752933,9683,237384,1806700
884,535,525,752398,9693,237909,1930900
885,472,489,751926,9676,238398,2017800
886,499,485,751427,9690,238883,1832600
887,455,448,750972,9697,239331,1915900
888,497,447,750475,9747,239778,1903300
889,486,506,749989,9727,240284,1948400
890,486,490,749503,9723,240774,1891500
891,487,456,749016,9754,241230,1895500
892,482,478,748534,9758,241708,1945800
893,491,480,748043,9769,242188,1957400
894,474,471,747569,9772,242659,1777100
895,492,493,747077,9771,243152,1871700
896,499,486,746578,9784,243638,1822400
897,457,471,746121,9770,244109,1870700
898,472,473,745649,9769,244582,1848600
899,490,504,745159,9755,245086,1777500
900,458,484,744701,9729,245570,1826300
901,472,500,744229,9701,246070,1962900
902,443,473,743786,9671,246543,1845400
903,483,488,743303,9666,247031,1781200
904,475,488,742828,9653,247519,2068600
905,489,470,742339,9672,247989,1828900
906,460,488,741879,9644,248477,1818500
907,493,464,741386,9673,248941,1815600
908,447,469,740939,9651,249410,1810900
909,459,534,740480,9576,249944,1919200
910,445,472,740035,9549,250416,1862000
911,444,470,739591,9523,250886,1798800
912,464,481,739127,9506,251367,1773800
913,444,469,738683,9481,251836,1860300
914,479,472,738204,9488,252308,1788700
915,472,469,737732,9491,252777,1901500
916,468,490,737264,9469,253267,1862900
917,460,478,736804,9451,253745,1820100
918,491,448,736313,9494,254193,1796100
919,476,458,735837,9512,254651,1812300
920,468,450,735369,9530,255101,1867700
921,480,480,734889,9530,255581,1890600
922,478,484,734411,9524,256065,1826500
923,496,481,733915,9539,256546,1865600
924,523,478,733392,9584,257024,1823900
925,464,480,732928,9568,257504,1835900
926,485,462,732443,9591,257966,1852000
927,496,458,731947,9629,258424,1826700
928,516,480,731431,9665,258904,1753300
929,516,472,730915,9709,259376,1770700
930,491,502,730424,9698,259878,1748300
931,521,449,729903,9770,260327,1916300
932,506,489,729397,9787,260816,1820400
933,481,455,728916,9813,261271,1839400
934,487,450,728429,9850,261721,1834200
935,494,516,727935,9828,262237,1803800
936,482,499,727453,9811,262736,1823400
937,488,494,726965,9805,263230,1813200
938,432,481,726533,9756,263711,1826400
939,446,464,726087,9738,264175,1807200
940,491,473,725596,9756,264648,1852900
941,473,493,725123,9736,265141,1850700
942,475,460,724648,9751,265601,1804800
943,471,476,724177,9746,266077,1721800
944,525,506,723652,9765,266583,1793500
945,475,511,723177,9729,267094,2028600
946,513,512,722664,9730,267606,1830400
947,491,495,722173,9726,268101,1801900
948,506,495,721667,9737,268596,1851500
949,490,510,721177,9717,269106,1776900
950,474,500,720703,9691,269606,1821400
951,492,468,720211,9715,270074,1971400
952,504,474,719707,9745,270548,1804600
953,484,508,719223,9721,271056,2036100
954,489,467,718734,9743,271523,1848300
955,482,468,718252,9757,271991,1791000
956,487,516,717765,9728,272507,1822100
957,477,457,717288,9748,272964,1757800
958,504,471,716784,9781,273435,1818600
959,459,493,716325,9747,273928,1842900
960,496,516,715829,9727,274444,2041500
961,474,472,715355,9729,274916,1879300
962,491,473,714864,9747,275389,1818300
963,475,487,714389,9735,275876,1762000
964,467,520,713922,9682,276396,1870700
965,476,459,713446,9699,276855,1778900
966,451,477,712995,9673,277332,1787500
967,483,499,712512,9657,277831,1832300
968,488,472,712024,9673,278303,1781000
969,480,472,711544,9681,278775,1752100
970,458,533,711086,9606,279308,1691800
971,493,492,710593,9607,279800,1857400
972,461,491,710132,9577,280291,2162600
973,480,498,709652,9559,280789,1796500
974,507,467,709145,9599,281256,1802700
975,525,502,708620,9622,281758,1724000
976,483,491,708137,9614,282249,1751000
977,501,500,707636,9615,282749,1864900
978,494,483,707142,9626,283232,1808800
979,483,483,706659,9626,283715,1763200
980,490,506,706169,9610,284221,1780200
981,492,490,705677,9612,284711,1774900
982,536,487,705141,9661,285198,1875800
983,497,462,704644,9696,285660,2289100
984,511,488,704133,9719,286148,1821500
985,513,518,703620,9714,286666,1898000
986,517,503,703103,9728,287169,1774200
987,479,499,702624,9708,287668,1878400
988,512,499,702112,9721,288167,1813900
989,489,507,701623,9703,288674,1801500
990,493,481,701130,9715,289155,1786100
991,488,491,700642,9712,289646,1992800
992,503,509,700139,9706,290155,1793700
993,518,501,699621,9723,290656,1826600
994,513,484,699108,9752,291140,1771400
995,522,487,698586,9787,291627,1837900
996,536,451,698050,9872,292078,1767900
997,490,474,697560,9888,292552,2102700
998,522,504,697038,9906,293056,1805800
999,475,505,696563,9876,293561,1857200
1000,514,502,696049,9888,294063,1782500
1001,485,483,695564,9890,294546,1746900
1002,499,502,695065,9887,295048,1695800
1003,475,475,694590,9887,295523,1865500
1004,463,498,694127,9852,296021,1971100
1005,492,498,693635,9846,296519,1825700
1006,480,503,693155,9823,297022,2032000
1007,504,477,692651,9850,297499,1756600
1008,469,473,692182,9846,297972,1760200
1009,512,487,691670,9871,298459,1750200
1010,488,499,691182,9860,298958,1985500
1011,478,517,690704,9821,299475,1785600
1012,496,526,690208,9791,300001,1843600
1013,475,513,689733,9753,300514,1744600
1014,503,510,689230,9746,301024,1908200
1015,525,487,688705,9784,301511,1826300
1016,490,504,688215,9770,302015,1886300
1017,535,479,687680,9826,302494,1884000
1018,512,462,687168,9876,302956,1853400
1019,511,495,686657,9892,303451,1818700
1020,483,442,686174,9933,303893,1797500
1021,537,503,685637,9967,304396,1760300
1022,500,500,685137,9967,304896,2150200
1023,512,515,684625,9964,305411,2201300
1024,471,548,684154,9887,305959,1804000
1025,532,554,683622,9865,306513,1786200
1026,474,487,683148,9852,307000,1886800
1027,486,490,682662,9848,307490,1785400
1028,487,469,682175,9866,307959,1826300
1029,483,475,681692,9874,308434,1792300
1030,503,507,681189,9870,308941,1942200
1031,519,490,680670,9899,309431,1895500
1032,494,508,680176,9885,309939,2027800
1033,505,506,679671,9884,310445,2067000
1034,515,519,679156,9880,310964,1922400
1035,495,480,678661,9895,311444,1810300
1036,507,489,678154,9913,311933,1871500
1037,505,504,677649,9914,312437,1835700
1038,525,479,677124,9960,312916,1825800
1039,501,475,676623,9986,313391,1858700
1040,510,486,676113,10010,313877,1783800
1041,512,527,675601,9995,314404,1949300
1042,475,502,675126,9968,314906,1982400
1043,494,488,674632,9974,315394,1859700
1044,501,487,674131,9988,315881,1887500
1045,517,510,673614,9995,316391,1866100
1046,499,481,673115,10013,316872,1823800
1047,517,466,672598,10064,317338,1739100
1048,520,534,672078,10050,317872,2029900
1049,514,534,671564,10030,318406,1785700
1050,502,470,671062,10062,318876,1755900
1051,518,510,670544,10070,319386,1858800
1052,505,501,670039,10074,319887,1815000
1053,504,516,669535,10062,320403,1767200
1054,545,493,668990,10114,320896,1751900
1055,526,540,668464,10100,321436,1751800
1056,525,517,667939,10108,321953,1858400
1057,492,480,667447,10120,322433,1799800
1058,520,526,666927,10114,322959,1746700
1059,486,509,666441,10091,323468,1993400
1060,510,535,665931,10066,324003,1822300
1061,495,507,665436,10054,324510,1859600
1062,525,490,664911,10089,325000,1845700
1063,459,502,664452,10046,325502,1847300
1064,522,513,663930,10055,326015,1790100
1065,527,504,663403,10078,326519,1821600
1066,458,518,662945,10018,327037,1830900
1067,503,483,662442,10038,327520,1877100
1068,495,518,661947,10015,328038,1892000
1069,498,509,661449,10004,328547,2065900
1070,478,483,660971,9999,329030,1891900
1071,529,472,660442,10056,329502,1880400
1072,524,504,659918,10076,330006,1888400
1073,528,494,659390,10110,330500,1845500
1074,530,502,658860,10138,331002,1751900
1075,541,548,658319,10131,331550,1964500
1076,561,533,657758,10159,332083,1887400
1077,499,514,657259,10144,332597,1772700
1078,498,495,656761,10147,333092,1880300
1079,498,481,656263,10164,333573,1818300
1080,505,515,655758,10154,334088,1703700
1081,516,547,655242,10123,334635,2071000
1082,529,523,654713,10129,335158,1811700
1083,528,512,654185,10145,335670,1775300
1084,510,469,653675,10186,336139,1771900
1085,479,489,653196,10176,336628,1773300
1086,508,477,652688,10207,337105,1762600
1087,531,503,652157,10235,337608,1750500
1088,525,525,651632,10235,338133,1734600
1089,526,521,651106,10240,338654,1861600
1090,530,511,650576,10259,339165,2016200
1091,505,479,650071,10285,339644,1771800
1092,525,525,649546,10285,340169,1729100
1093,537,483,649009,10339,340652,1744600
1094,528,519,648481,10348,341171,1793400
1095,529,525,647952,10352,341696,1752300
1096,539,494,647413,10397,342190,1824000
1097,501,496,646912,10402,342686,1808200
1098,529,499,646383,10432,343185,1802800
1099,597,522,645786,10507,343707,1855000
1100,524,479,645262,10552,344186,1759300
1101,545,578,644717,10519,344764,2111800
1102,536,538,644181,10517,345302,1777200
1103,559,551,643622,10525,345853,1868500
1104,545,561,643077,10509,346414,2011700
1105,538,513,642539,10534,346927,1883500
1106,567,570,641972,10531,347497,1895600
1107,572,458,641400,10645,347955,1822200
1108,541,499,640859,10687,348454,1936500
1109,518,555,640341,10650,349009,1824100
1110,509,565,639832,10594,349574,1774100
1111,523,532,639309,10585,350106,1837000
1112,551,553,638758,10583,350659,1744500
1113,530,544,638228,10569,351203,1800300
1114,528,520,637700,10577,351723,1773400
1115,511,532,637189,10556,352255,1844400
1116,538,561,636651,10533,352816,1785700
1117,543,500,636108,10576,353316,1774300
1118,519,506,635589,10589,353822,1871800
1119,561,546,635028,10604,354368,1750700
1120,532,529,634496,10607,354897,1775300
1121,533,569,633963,10571,355466,1751900
1122,519,529,633444,10561,355995,2007900
1123,553,540,632891,10574,356535,1752300
1124,540,535,632351,10579,357070,1843800
1125,561,513,631790,10627,357583,1826300
1126,523,538,631267,10612,358121,1771000
1127,546,576,630721,10582,358697,1760800
1128,534,527,630187,10589,359224,1792000
1129,530,508,629657,10611,359732,1812600
1130,517,537,629140,10591,360269,1969000
1131,506,541,628634,10556,360810,1890700
1132,509,553,628125,10512,361363,1972200
1133,525,502,627600,10535,361865,1779500
1134,545,521,627055,10559,362386,2007600
1135,553,556,626502,10556,362942,1762800
1136,548,556,625954,10548,363498,1807500
1137,530,537,625424,10541,364035,1835700
1138,524,533,624900,10532,364568,1803200
1139,561,504,624339,10589,365072,1842800
1140,554,532,623785,10611,365604,1808200
1141,534,520,623251,10625,366124,1900500
1142,528,550,622723,10603,366674,1906000
1143,522,501,622201,10624,367175,1803100
1144,556,515,621645,10665,367690,1822400
1145,508,505,621137,10668,368195,1829900
1146,538,540,620599,10666,368735,1809400
1147,557,530,620042,10693,369265,1819600
1148,513,532,619529,10674,369797,1799700
1149,557,498,618972,10733,370295,1842400
1150,540,567,618432,10706,370862,1889000
1151,565,508,617867,10763,371370,1810200
1152,590,538,617277,10815,371908,1909500
1153,580,583,616697,10812,372491,1775300
1154,578,525,616119,10865,373016,1736600
1155,537,543,615582,10859,373559,1782900
1156,559,594,615023,10824,374153,1891200
1157,514,558,614509,10780,374711,2056500
1158,533,573,613976,10740,375284,1880600
1159,531,535,613445,10736,375819,1756300
1160,559,548,612886,10747,376367,1770400
1161,510,560,612376,10697,376927,2039900
1162,515,528,611861,10684,377455,1817300
1163,507,498,611354,10693,377953,1712200
1164,570,560,610784,10703,378513,1854100
1165,541,541,610243,10703,379054,1885500
1166,533,520,609710,10716,379574,1799900
1167,524,571,609186,10669,380145,1719800
1168,518,583,608668,10604,380728,1732500
1169,532,541,608136,10595,381269,1883800
1170,499,535,607637,10559,381804,1850600
1171,524,542,607113,10541,382346,1770900
1172,513,540,606600,10514,382886,1760600
1173,528,546,606072,10496,383432,1748100
1174,544,502,605528,10538,383934,1871400
1175,558,546,604970,10550,384480,1793900
1176,537,543,604433,10544,385023,1804900
1177,589,518,603844,10615,385541,1740700
1178,563,508,603281,10670,386049,2031200
1179,537,552,602744,10655,386601,1791200
1180,544,557,602200,10642,387158,1901500
1181,511,510,601689,10643,387668,1856000
1182,572,537,601117,10678,388205,1859100
1183,537,528,600580,10687,388733,2147000
1184,528,498,600052,10717,389231,1874400
1185,558,505,599494,10770,389736,1960900
1186,554,548,598940,10776,390284,1786900
1187,541,523,598399,10794,390807,1768100
1188,582,524,597817,10852,391331,1738300
1189,518,575,597299,10795,391906,1860500
1190,499,586,596800,10708,392492,1863500
1191,508,514,596292,10702,393006,1849600
1192,539,553,595753,10688,393559,1986400
1193,517,526,595236,10679,394085,1803100
1194,548,531,594688,10696,394616,1800000
1195,531,500,594157,10727,395116,1809800
1196,526,540,593631,10713,395656,2292600
1197,563,535,593068,10741,396191,1906200
1198,557,534,592511,10764,396725,1883300
1199,540,553,591971,10751,397278,2164000
1200,500,568,591471,10683,397846,1948200
1201,531,562,590940,10652,398408,1947000
1202,514,536,590426,10630,398944,1856300
1203,551,536,589875,10645,399480,1931000
1204,544,525,589331,10664,400005,1915500
1205,520,540,588811,10644,400545,2017800
1206,490,533,588321,10601,401078,1956100
1207,517,514,587804,10604,401592,2001900
1208,561,521,587243,10644,402113,1876700
1209,526,539,586717,10631,402652,1865700
1210,526,495,586191,10662,403147,1915500
1211,547,566,585644,10643,403713,1918400
1212,528,532,585116,10639,404245,1920500
1213,537,499,584579,10677,404744,1974700
1214,501,545,584078,10633,405289,1864300
1215,546,526,583532,10653,405815,1967300
1216,535,524,582997,10664,406339,1804300
1217,537,513,582460,10688,406852,1882900
1218,504,566,581956,10626,407418,1875600
1219,520,532,581436,10614,407950,1880700
1220,525,529,580911,10610,408479,1793200
1221,513,601,580398,10522,409080,1746800
1222,516,516,579882,10522,409596,1705500
1223,526,543,579356,10505,410139,1999000
1224,504,530,578852,10479,410669,1889600
1225,491,527,578361,10443,411196,1844700
1226,536,535,577825,10444,411731,1745800
1227,532,523,577293,10453,412254,1745900
1228,545,510,576748,10488,412764,1752300
1229,509,484,576239,10513,413248,1861300
1230,528,544,575711,10497,413792,1853400
1231,527,516,575184,10508,414308,1766200
1232,533,495,574651,10546,414803,2019400
1233,512,515,574139,10543,415318,1770100
1234,524,525,573615,10542,415843,1747900
1235,519,551,573096,10510,416394,1862800
1236,519,545,572577,10484,416939,1847000
1237,516,554,572061,10446,417493,1815400
1238,549,521,571512,10474,418014,1798400
1239,532,512,570980,10494,418526,1744500
1240,504,522,570476,10476,419048,1866600
1241,513,530,569963,10459,419578,1752700
1242,503,533,569460,10429,420111,1933200
1243,562,493,568898,10498,420604,1768700
1244,598,534,568300,10562,421138,1753500
1245,527,541,567773,10548,421679,1872400
1246,511,563,567262,10496,422242,1877200
1247,500,514,566762,10482,422756,1882300
1248,513,518,566249,10477,423274,1790600
1249,521,507,565728,10491,423781,2028600
1250,512,482,565216,10521,424263,1785500
1251,539,529,564677,10531,424792,1754900
1252,482,516,564195,10497,425308,1745100
1253,553,545,563642,10505,425853,1857100
1254,504,514,563138,10495,426367,1832700
1255,531,487,562607,10539,426854,1748200
1256,529,582,562078,10486,427436,1742800
1257,566,505,561512,10547,427941,1882500
1258,507,495,561005,10559,428436,1981200
1259,519,538,560486,10540,428974,1910100
1260,528,528,559958,10540,429502,1849100
1261,510,533,559448,10517,430035,1815400
1262,505,535,558943,10487,430570,1739000
1263,508,541,558435,10454,431111,1765500
1264,505,535,557930,10424,431646,1825400
1265,511,496,557419,10439,432142,1859100
1266,499,515,556920,10423,432657,1820200
1267,529,527,556391,10425,433184,1766200
1268,510,519,555881,10416,433703,1713900
1269,520,497,555361,10439,434200,1875700
1270,562,531,554799,10470,434731,1858100
1271,535,518,554264,10487,435249,1822300
1272,512,504,553752,10495,435753,1706000
1273,465,549,553287,10411,436302,1740300
1274,526,534,552761,10403,436836,1866400
1275,528,486,552233,10445,437322,1870200
1276,536,504,551697,10477,437826,1803400
1277,493,488,551204,10482,438314,1739500
1278,595,518,550609,10559,438832,1753000
1279,543,532,550066,10570,439364,1775600
1280,512,520,549554,10562,439884,1855100
1281,532,512,549022,10582,440396,1748700
1282,486,558,548536,10510,440954,1759100
1283,514,515,548022,10509,441469,1771100
1284,514,522,547508,10501,441991,1786300
1285,497,541,547011,10457,442532,1892100
1286,523,512,546488,10468,443044,1808500
1287,523,539,545965,10452,443583,1704700
1288,529,496,545436,10485,444079,1853000
1289,519,573,544917,10431,444652,1876900
1290,515,540,544402,10406,445192,1871600
1291,515,562,543887,10359,445754,1884800
1292,496,499,543391,10356,446253,1821800
1293,489,507,542902,10338,446760,1741200
1294,518,494,542384,10362,447254,1740500
1295,502,519,541882,10345,447773,1842800
1296,502,514,541380,10333,448287,1878100
1297,496,543,540884,10286,448830,1811200
1298,437,502,540447,10221,449332,1746500
1299,482,508,539965,10195,449840,1777400
1300,512,512,539453,10195,450352,1989800
1301,517,513,538936,10199,450865,1810100
1302,546,490,538390,10255,451355,1883000
1303,552,460,537838,10347,451815,1741400
1304,509,526,537329,10330,452341,1737600
1305,531,553,536798,10308,452894,1726100
1306,485,511,536313,10282,453405,1855400
1307,506,520,535807,10268,453925,1994800
1308,518,514,535289,10272,454439,1897400
1309,526,487,534763,10311,454926,1810600
1310,521,515,534242,10317,455441,2073300
1311,504,510,533738,10311,455951,1786200
1312,507,518,533231,10300,456469,1813600
1313,509,530,532722,10279,456999,2098200
1314,490,502,532232,10267,457501,1880100
1315,502,468,531730,10301,457969,1862800
1316,511,529,531219,10283,458498,1844600
1317,510,521,530709,10272,459019,1899900
1318,510,506,530199,10276,459525,1898200
1319,508,549,529691,10235,460074,1832500
1320,533,477,529158,10291,460551,1857400
1321,487,532,528671,10246,461083,1821400
1322,507,507,528164,10246,461590,1866800
1323,483,502,527681,10227,462092,1871900
1324,528,493,527153,10262,462585,1844700
1325,510,460,526643,10312,463045,1886500
1326,517,526,526126,10303,463571,1945400
1327,511,510,525615,10304,464081,2057700
1328,537,506,525078,10335,464587,1912800
1329,522,514,524556,10343,465101,1859400
1330,557,543,523999,10357,465644,2079600
1331,507,500,523492,10364,466144,1822800
1332,513,535,522979,10342,466679,1811000
1333,513,541,522466,10314,467220,1827400
1334,496,539,521970,10271,467759,2094900
1335,528,493,521442,10306,468252,1896100
1336,488,516,520954,10278,468768,2025700
1337,493,538,520461,10233,469306,1881500
1338,463,493,519998,10203,469799,1869500
1339,502,538,519496,10167,470337,1907700
1340,511,534,518985,10144,470871,1997800
1341,510,518,518475,10136,471389,2144000
1342,531,484,517944,10183,471873,1815400
1343,477,481,517467,10179,472354,1864600
1344,491,509,516976,10161,472863,1810800
1345,553,538,516423,10176,473401,1932100
1346,482,506,515941,10152,473907,2008700
1347,490,533,515451,10109,474440,1964700
1348,482,474,514969,10117,474914,2037200
1349,500,529,514469,10088,475443,1841700
1350,481,505,513988,10064,475948,1809100
1351,525,511,513463,10078,476459,1884400
1352,518,502,512945,10094,476961,1882200
1353,515,527,512430,10082,477488,1882100
1354,515,515,511915,10082,478003,1845800
1355,551,509,511364,10124,478512,2166500
1356,512,526,510852,10110,479038,1890800
1357,519,547,510333,10082,479585,1900500
1358,516,510,509817,10088,480095,1829100
1359,497,528,509320,10057,480623,1818800
1360,513,548,508807,10022,481171,1802800
1361,486,476,508321,10032,481647,1759200
1362,484,478,507837,10038,482125,1860800
1363,507,479,507330,10066,482604,1943500
1364,474,523,506856,10017,483127,1863200
1365,500,482,506356,10035,483609,1790900
1366,505,499,505851,10041,484108,1833600
1367,473,468,505378,10046,484576,1806900
1368,521,502,504857,10065,485078,1875800
1369,468,477,504389,10056,485555,1771500
1370,467,510,503922,10013,486065,2005100
1371,517,499,503405,10031,486564,1761600
1372,537,476,502868,10092,487040,1893000
1373,487,509,502381,10070,487549,1879300
1374,509,507,501872,10072,488056,1919200
1375,538,497,501334,10113,488553,1832300
1376,501,536,500833,10078,489089,1871500
1377,506,518,500327,10066,489607,1878200
1378,498,534,499829,10030,490141,2123300
1379,490,539,499339,9981,490680,2131300
1380,514,467,498825,10028,491147,1867400
1381,502,504,498323,10026,491651,2171600
1382,514,514,497809,10026,492165,1876700
1383,522,492,497287,10056,492657,1855000
1384,519,487,496768,10088,493144,1793200
1385,532,503,496236,10117,493647,2020300
1386,559,496,495677,10180,494143,1813500
1387,553,529,495124,10204,494672,1997700
1388,528,527,494596,10205,495199,1889100
1389,563,537,494033,10231,495736,1831700
1390,521,487,493512,10265,496223,1888700
1391,537,519,492975,10283,496742,1926400
1392,502,570,492473,10215,497312,1842300
1393,528,552,491945,10191,497864,2348000
1394,515,510,491430,10196,498374,1998600
1395,502,521,490928,10177,498895,1882300
1396,520,496,490408,10201,499391,1866000
1397,532,520,489876,10213,499911,1990800
1398,507,533,489369,10187,500444,1832600
1399,554,521,488815,10220,500965,1835800
1400,533,491,488282,10262,501456,1997100
1401,501,513,487781,10250,501969,1803300
1402,540,535,487241,10255,502504,1988200
1403,517,492,486724,10280,502996,1859700
1404,533,505,486191,10308,503501,1872500
1405,521,552,485670,10277,504053,1832400
1406,517,518,485153,10276,504571,1861700
1407,554,505,484599,10325,505076,1733700
1408,518,505,484081,10338,505581,1752000
1409,558,538,483523,10358,506119,1736100
1410,548,566,482975,10340,506685,1846700
1411,541,546,482434,10335,507231,1845000
1412,535,518,481899,10352,507749,2144100
1413,528,545,481371,10335,508294,1755500
1414,515,534,480856,10316,508828,1782700
1415,513,525,480343,10304,509353,1950000
1416,527,493,479816,10338,509846,1737300
1417,534,496,479282,10376,510342,1852300
1418,529,492,478753,10413,510834,1754800
1419,522,498,478231,10437,511332,1792900
1420,485,513,477746,10409,511845,1718900
1421,517,548,477229,10378,512393,1732900
1422,479,534,476750,10323,512927,2130200
1423,551,504,476199,10370,513431,1900600
1424,488,513,475711,10345,513944,1795800
1425,513,520,475198,10338,514464,1840800
1426,535,502,474663,10371,514966,1782100
1427,528,497,474135,10402,515463,2053400
1428,537,510,473598,10429,515973,1715300
1429,514,539,473084,10404,516512,1812800
1430,530,508,472554,10426,517020,1917200
1431,550,479,472004,10497,517499,1948000
1432,522,499,471482,10520,517998,2021900
1433,509,499,470973,10530,518497,1934800
1434,505,514,470468,10521,519011,1967200
1435,559,517,469909,10563,519528,1965600
1436,508,531,469401,10540,520059,1922300
1437,508,518,468893,10530,520577,1916700
1438,533,535,468360,10528,521112,2128400
1439,515,503,467845,10540,521615,1998700
1440,496,507,467349,10529,522122,1954000
1441,493,488,466856,10534,522610,1932100
1442,481,524,466375,10491,523134,1864200
1443,510,524,465865,10477,523658,1846500
1444,488,536,465377,10429,524194,1867000
1445,513,517,464864,10425,524711,1845700
1446,479,520,464385,10384,525231,1890100
1447,482,526,463903,10340,525757,1887700
1448,551,516,463352,10375,526273,2156300
1449,472,519,462880,10328,526792,1948000
1450,509,543,462371,10294,527335,1841300
1451,514,534,461857,10274,527869,2134100
1452,494,488,461363,10280,528357,1896300
1453,507,493,460856,10294,528850,1885500
1454,538,525,460318,10307,529375,1883700
1455,480,487,459838,10300,529862,2072600
1456,518,500,459320,10318,530362,2335200
1457,515,539,458805,10294,530901,2106600
1458,515,513,458290,10296,531414,1870100
1459,529,515,457761,10310,531929,1886200
1460,541,505,457220,10346,532434,1896600
1461,537,490,456683,10393,532924,1914300
1462,483,534,456200,10342,533458,1895600
1463,496,501,455704,10337,533959,1886800
1464,499,557,455205,10279,534516,2037700
1465,524,568,454681,10235,535084,2028400
1466,520,521,454161,10234,535605,1961300
1467,522,500,453639,10256,536105,2003600
1468,519,487,453120,10288,536592,1814800
1469,500,553,452620,10235,537145,2027100
1470,532,536,452088,10231,537681,1807800
1471,508,534,451580,10205,538215,1838700
1472,480,454,451100,10231,538669,1874700
1473,535,486,450565,10280,539155,2077700
1474,545,534,450020,10291,539689,1841000
1475,506,503,449514,10294,540192,1907200
1476,510,537,449004,10267,540729,1860100
1477,536,521,448468,10282,541250,1864600
1478,529,526,447939,10285,541776,1993100
1479,513,482,447426,10316,542258,2228900
1480,490,513,446936,10293,542771,2341500
1481,524,509,446412,10308,543280,1895900
1482,494,491,445918,10311,543771,1916900
1483,518,541,445400,10288,544312,2077500
1484,514,524,444886,10278,544836,1929300
1485,507,518,444379,10267,545354,2092400
1486,496,510,443883,10253,545864,2042300
1487,518,491,443365,10280,546355,2081100
1488,488,562,442877,10206,546917,1893200
1489,511,571,442366,10146,547488,1894700
1490,477,505,441889,10118,547993,1855700
1491,518,488,441371,10148,548481,2101100
1492,491,559,440880,10080,549040,1905200
1493,514,498,440366,10096,549538,1894100
1494,496,509,439870,10083,550047,1877900
1495,508,487,439362,10104,550534,2044600
1496,485,474,438877,10115,551008,2119400
1497,486,506,438391,10095,551514,1891600
1498,516,485,437875,10126,551999,1855000
1499,503,477,437372,10152,552476,1846600
1500,514,504,436858,10162,552980,1999100
1501,498,533,436360,10127,553513,1838600
1502,539,523,435821,10143,554036,2018800
1503,495,504,435326,10134,554540,2077600
1504,529,487,434797,10176,555027,1758700
1505,527,511,434270,10192,555538,1728600
1506,516,499,433754,10209,556037,1842900
1507,540,523,433214,10226,556560,1853600
1508,505,513,432709,10218,557073,1824800
1509,462,496,432247,10184,557569,1741500
1510,520,528,431727,10176,558097,1731600
1511,506,491,431221,10191,558588,1725200
1512,505,484,430716,10212,559072,1968800
1513,515,524,430201,10203,559596,1836200
1514,494,533,429707,10164,560129,1722800
1515,480,528,429227,10116,560657,1736600
1516,510,510,428717,10116,561167,1829700
1517,536,530,428181,10122,561697,1806500
1518,465,460,427716,10127,562157,1783800
1519,530,505,427186,10152,562662,1705800
1520,530,505,426656,10177,563167,1786400
1521,502,525,426154,10154,563692,1746500
1522,534,524,425620,10164,564216,1808600
1523,526,493,425094,10197,564709,1749300
1524,499,546,424595,10150,565255,1736600
1525,502,543,424093,10109,565798,1840300
1526,512,502,423581,10119,566300,1931000
1527,519,498,423062,10140,566798,2467100
1528,498,536,422564,10102,567334,2054900
1529,500,476,422064,10126,567810,1733100
1530,551,460,421513,10217,568270,1878300
1531,511,547,421002,10181,568817,1855000
1532,486,519,420516,10148,569336,1820800
1533,489,533,420027,10104,569869,1753600
1534,538,497,419489,10145,570366,1706700
1535,535,505,418954,10175,570871,1743800
1536,473,540,418481,10108,571411,1929400
1537,485,522,417996,10071,571933,1850400
1538,568,538,417428,10101,572471,1789500
1539,525,502,416903,10124,572973,1753700
1540,536,497,416367,10163,573470,1754400
1541,517,475,415850,10205,573945,1842700
1542,530,501,415320,10234,574446,1818900
1543,564,536,414756,10262,574982,1739400
1544,503,486,414253,10279,575468,1752500
1545,502,544,413751,10237,576012,1818300
1546,537,517,413214,10257,576529,1873800
1547,530,495,412684,10292,577024,1766000
1548,500,519,412184,10273,577543,1761200
1549,506,508,411678,10271,578051,2020000
1550,523,520,411155,10274,578571,1848500
1551,534,502,410621,10306,579073,1839300
1552,519,516,410102,10309,579589,1849200
1553,524,528,409578,10305,580117,1846500
1554,559,543,409019,10321,580660,1754000
1555,521,480,408498,10362,581140,1997100
1556,493,475,408005,10380,581615,1782500
1557,527,491,407478,10416,582106,1751300
1558,545,560,406933,10401,582666,1851000
1559,514,537,406419,10378,583203,1851100
1560,510,520,405909,10368,583723,1962700
1561,493,531,405416,10330,584254,2128300
1562,510,494,404906,10346,584748,1854000
1563,516,527,404390,10335,585275,2165700
1564,493,513,403897,10315,585788,1994200
1565,509,515,403388,10309,586303,2110700
1566,447,512,402941,10244,586815,1937200
1567,505,498,402436,10251,587313,1778700
1568,491,497,401945,10245,587810,1857000
1569,498,515,401447,10228,588325,1801300
1570,512,491,400935,10249,588816,1820000
1571,510,527,400425,10232,589343,1800900
1572,493,531,399932,10194,589874,1833400
1573,512,503,399420,10203,590377,1926700
1574,522,525,398898,10200,590902,1848700
1575,521,540,398377,10181,591442,1796400
1576,457,474,397920,10164,591916,1788800
1577,448,508,397472,10104,592424,1711300
1578,499,479,396973,10124,592903,1852600
1579,529,492,396444,10161,593395,2009200
1580,509,490,395935,10180,593885,1769700
1581,480,525,395455,10135,594410,1735600
1582,499,538,394956,10096,594948,1761100
1583,459,520,394497,10035,595468,1819900
1584,537,507,393960,10065,595975,1849900
1585,527,511,393433,10081,596486,1814600
1586,514,525,392919,10070,597011,1758600
1587,498,529,392421,10039,597540,1732700
1588,500,490,391921,10049,598030,2102100
1589,530,525,391391,10054,598555,1863800
1590,490,452,390901,10092,599007,1842800
1591,529,507,390372,10114,599514,1846400
1592,504,501,389868,10117,600015,1778300
1593,553,511,389315,10159,600526,1705000
1594,530,513,388785,10176,601039,1751900
1595,498,496,388287,10178,601535,1843500
1596,515,492,387772,10201,602027,2137700
1597,534,509,387238,10226,602536,1783300
1598,511,515,386727,10222,603051,1918000
1599,505,494,386222,10233,603545,1820400
1600,549,529,385673,10253,604074,1775500
1601,521,519,385152,10255,604593,1736500
1602,486,490,384666,10251,605083,2064600
1603,501,508,384165,10244,605591,1806100
1604,529,498,383636,10275,606089,1867900
1605,499,524,383137,10250,606613,1901500
1606,510,503,382627,10257,607116,1793200
1607,491,523,382136,10225,607639,1708400
1608,484,499,381652,10210,608138,1933100
1609,541,517,381111,10234,608655,1941600
1610,515,525,380596,10224,609180,2076500
1611,527,485,380069,10266,609665,1852400
1612,494,505,379575,10255,610170,1856100
1613,507,565,379068,10197,610735,1724900
1614,485,497,378583,10185,611232,1764500
1615,463,513,378120,10135,611745,1727600
1616,526,501,377594,10160,612246,1817100
1617,521,512,377073,10169,612758,1754700
1618,529,553,376544,10145,613311,1765200
1619,537,498,376007,10184,613809,1735100
1620,499,493,375508,10190,614302,1876600
1621,508,487,375000,10211,614789,1850300
1622,475,513,374525,10173,615302,1772900
1623,506,466,374019,10213,615768,1773700
1624,521,496,373498,10238,616264,1758000
1625,499,492,372999,10245,616756,1769700
1626,549,502,372450,10292,617258,1844600
1627,527,520,371923,10299,617778,1820600
1628,509,468,371414,10340,618246,1753600
1629,524,507,370890,10357,618753,2144800
1630,522,520,370368,10359,619273,2121200
1631,514,525,369854,10348,619798,1895100
1632,530,508,369324,10370,620306,1882800
1633,484,511,368840,10343,620817,1805400
1634,506,529,368334,10320,621346,1773400
1635,482,505,367852,10297,621851,1872300
1636,543,527,367309,10313,622378,1871000
1637,501,501,366808,10313,622879,1848000
1638,479,487,366329,10305,623366,1968900
1639,493,511,365836,10287,623877,1799600
1640,513,490,365323,10310,624367,1730000
1641,534,517,364789,10327,624884,1910800
1642,549,518,364240,10358,625402,1843600
1643,555,520,363685,10393,625922,1845300
1644,494,484,363191,10403,626406,1945100
1645,508,520,362683,10391,626926,1809700
1646,497,507,362186,10381,627433,1751200
1647,528,515,361658,10394,627948,1921200
1648,556,486,361102,10464,628434,1727600
1649,534,548,360568,10450,628982,1843600
1650,535,552,360033,10433,629534,1901900
1651,526,500,359507,10459,630034,1788400
1652,551,530,358956,10480,630564,1710500
1653,559,476,358397,10563,631040,1765900
1654,588,505,357809,10646,631545,1844300
1655,560,576,357249,10630,632121,1972600
1656,516,565,356733,10581,632686,1853500
1657,517,534,356216,10564,633220,1777500
1658,503,497,355713,10570,633717,1767200
1659,559,511,355154,10618,634228,1745100
1660,545,582,354609,10581,634810,1846900
1661,537,555,354072,10563,635365,1842100
1662,512,536,353560,10539,635901,1785500
1663,503,526,353057,10516,636427,1743100
1664,538,551,352519,10503,636978,1718500
1665,560,487,351959,10576,637465,1848000
1666,522,523,351437,10575,637988,1811800
1667,547,510,350890,10612,638498,1715700
1668,549,528,350341,10633,639026,1771300
1669,535,526,349806,10642,639552,1898500
1670,547,486,349259,10703,640038,1861600
1671,547,517,348712,10733,640555,1862400
1672,537,572,348175,10698,641127,2197200
1673,536,564,347639,10670,641691,1859600
1674,517,521,347122,10666,642212,1795600
1675,498,499,346624,10665,642711,1822800
1676,494,517,346130,10642,643228,1775000
1677,504,502,345626,10644,643730,1897300
1678,567,554,345059,10657,644284,1882000
1679,502,536,344557,10623,644820,1813000
1680,583,517,343974,10689,645337,1833100
1681,553,534,343421,10708,645871,1745200
1682,516,548,342905,10676,646419,1709600
1683,510,532,342395,10654,646951,1759700
1684,503,567,341892,10590,647518,1847000
1685,487,507,341405,10570,648025,1776900
1686,536,573,340869,10533,648598,1791600
1687,499,553,340370,10479,649151,1764700
1688,528,521,339842,10486,649672,1836000
1689,545,506,339297,10525,650178,2097600
1690,488,517,338809,10496,650695,1784200
1691,527,516,338282,10507,651211,1823200
1692,556,515,337726,10548,651726,1772200
1693,558,516,337168,10590,652242,1721800
1694,576,537,336592,10629,652779,1726100
1695,564,508,336028,10685,653287,1844400
1696,515,500,335513,10700,653787,1807200
1697,516,532,334997,10684,654319,1706500
1698,511,554,334486,10641,654873,1769000
1699,524,547,333962,10618,655420,1772300
1700,527,539,333435,10606,655959,1819800
1701,500,511,332935,10595,656470,1771000
1702,508,515,332427,10588,656985,1781800
1703,537,520,331890,10605,657505,1717600
1704,470,494,331420,10581,657999,1824900
1705,502,530,330918,10553,658529,1796900
1706,540,535,330378,10558,659064,1771000
1707,506,528,329872,10536,659592,1839500
1708,500,505,329372,10531,660097,1724000
1709,491,508,328881,10514,660605,1837300
1710,541,505,328340,10550,661110,1794500
1711,501,520,327839,10531,661630,1748800
1712,531,524,327308,10538,662154,1756400
1713,523,499,326785,10562,662653,1840900
1714,469,528,326316,10503,663181,1839800
1715,518,556,325798,10465,663737,1782700
1716,514,566,325284,10413,664303,1744700
1717,537,499,324747,10451,664802,1773900
1718,544,476,324203,10519,665278,1722000
1719,506,509,323697,10516,665787,1818500
1720,493,584,323204,10425,666371,1767200
1721,534,541,322670,10418,666912,1713400
1722,513,528,322157,10403,667440,1811500
1723,492,525,321665,10370,667965,1809300
1724,554,522,321111,10402,668487,1770900
1725,521,516,320590,10407,669003,1724700
1726,533,504,320057,10436,669507,1709300
1727,519,558,319538,10397,670065,1828900
1728,480,503,319058,10374,670568,1791800
1729,519,556,318539,10337,671124,1714000
1730,543,524,317996,10356,671648,1734200
1731,528,546,317468,10338,672194,1839000
1732,521,545,316947,10314,672739,1817600
1733,524,497,316423,10341,673236,1792600
1734,562,503,315861,10400,673739,1890900
1735,508,490,315353,10418,674229,1804800
1736,517,519,314836,10416,674748,1835200
1737,543,534,314293,10425,675282,1829200
1738,522,494,313771,10453,675776,1894000
1739,528,562,313243,10419,676338,1789700
1740,570,579,312673,10410,676917,1820400
1741,560,538,312113,10432,677455,1776000
1742,534,534,311579,10432,677989,2168000
1743,536,540,311043,10428,678529,1958400
1744,553,580,310490,10401,679109,1959500
1745,544,500,309946,10445,679609,1878400
1746,522,507,309424,10460,680116,1848500
1747,527,510,308897,10477,680626,1909500
1748,550,536,308347,10491,681162,1835000
1749,534,526,307813,10499,681688,1918600
1750,522,552,307291,10469,682240,2091500
1751,515,527,306776,10457,682767,1911000
1752,550,509,306226,10498,683276,1879600
1753,544,497,305682,10545,683773,1806400
1754,531,519,305151,10557,684292,1796600
1755,536,518,304615,10575,684810,1773000
1756,496,563,304119,10508,685373,1765000
1757,538,534,303581,10512,685907,1833200
1758,535,514,303046,10533,686421,1876100
1759,515,517,302531,10531,686938,1887800
1760,493,514,302038,10510,687452,1926700
1761,477,540,301561,10447,687992,1862400
1762,493,521,301068,10419,688513,1795600
1763,488,518,300580,10389,689031,2060800
1764,513,523,300067,10379,689554,2040900
1765,515,503,299552,10391,690057,1868000
1766,490,465,299062,10416,690522,1949300
1767,507,476,298555,10447,690998,1734300
1768,530,560,298025,10417,691558,1840200
1769,523,506,297502,10434,692064,1726200
1770,563,555,296939,10442,692619,1707600
1771,506,527,296433,10421,693146,1819500
1772,531,518,295902,10434,693664,1771500
1773,565,529,295337,10470,694193,1717300
1774,511,477,294826,10504,694670,1765900
1775,540,515,294286,10529,695185,1864600
1776,513,492,293773,10550,695677,1839400
1777,539,505,293234,10584,696182,1761200
1778,536,535,292698,10585,696717,1757800
1779,559,499,292139,10645,697216,1998600
1780,544,538,291595,10651,697754,1754200
1781,545,523,291050,10673,698277,1730000
1782,533,505,290517,10701,698782,1931900
1783,535,530,289982,10706,699312,1842400
1784,560,542,289422,10724,699854,1995200
1785,549,550,288873,10723,700404,2132600
1786,531,563,288342,10691,700967,1886800
1787,533,549,287809,10675,701516,1822600
1788,531,511,287278,10695,702027,1736200
1789,561,536,286717,10720,702563,1775800
1790,566,511,286151,10775,703074,1775600
1791,564,539,285587,10800,703613,1837800
1792,563,511,285024,10852,704124,1802400
1793,547,552,284477,10847,704676,2151000
1794,567,524,283910,10890,705200,1839400
1795,549,571,283361,10868,705771,1775800
1796,533,528,282828,10873,706299,1739300
1797,541,532,282287,10882,706831,1714300
1798,528,550,281759,10860,707381,1906300
1799,516,543,281243,10833,707924,1842500
1800,573,530,280670,10876,708454,2477700
1801,472,536,280198,10812,708990,1967300
1802,503,558,279695,10757,709548,1790000
1803,493,507,279202,10743,710055,1786400
1804,509,528,278693,10724,710583,1741100
1805,515,494,278178,10745,711077,1717600
1806,553,547,277625,10751,711624,1770000
1807,536,551,277089,10736,712175,1712100
1808,490,537,276599,10689,712712,1945500
1809,510,544,276089,10655,713256,1757800
1810,512,555,275577,10612,713811,1777700
1811,523,564,275054,10571,714375,1719300
1812,520,555,274534,10536,714930,1838000
1813,526,547,274008,10515,715477,1821400
1814,533,533,273475,10515,716010,1800600
1815,514,478,272961,10551,716488,1783100
1816,548,541,272413,10558,717029,1818400
1817,547,529,271866,10576,717558,1921500
1818,533,549,271333,10560,718107,1960700
1819,527,500,270806,10587,718607,1830100
1820,513,513,270293,10587,719120,1838500
1821,515,511,269778,10591,719631,1798000
1822,561,573,269217,10579,720204,1770300
1823,497,542,268720,10534,720746,1764700
1824,552,480,268168,10606,721226,1833400
1825,517,532,267651,10591,721758,1833400
1826,549,509,267102,10631,722267,1795300
1827,571,556,266531,10646,722823,1723800
1828,546,514,265985,10678,723337,1720400
1829,531,564,265454,10645,723901,1715100
1830,510,542,264944,10613,724443,1824200
1831,507,509,264437,10611,724952,1796000
1832,491,548,263946,10554,725500,1773300
1833,544,529,263402,10569,726029,1793400
1834,536,510,262866,10595,726539,1865200
1835,577,495,262289,10677,727034,2094200
1836,559,540,261730,10696,727574,1933900
1837,524,533,261206,10687,728107,1817300
1838,509,509,260697,10687,728616,2312800
1839,519,511,260178,10695,729127,1836800
1840,493,529,259685,10659,729656,1838400
1841,525,512,259160,10672,730168,2058800
1842,509,541,258651,10640,730709,1822900
1843,552,517,258099,10675,731226,1792800
1844,497,501,257602,10671,731727,1770400
1845,491,531,257111,10631,732258,1781400
1846,471,563,256640,10539,732821,1904600
1847,510,533,256130,10516,733354,1827500
1848,506,538,255624,10484,733892,1835000
1849,525,553,255099,10456,734445,1778300
1850,556,476,254543,10536,734921,1799000
1851,536,514,254007,10558,735435,2161100
1852,499,527,253508,10530,735962,1831800
1853,527,486,252981,10571,736448,1824700
1854,541,550,252440,10562,736998,1839400
1855,526,560,251914,10528,737558,2230800
1856,564,509,251350,10583,738067,1878500
1857,542,516,250808,10609,738583,2337700
1858,551,536,250257,10624,739119,2039600
1859,534,560,249723,10598,739679,1814600
1860,524,553,249199,10569,740232,1827900
1861,559,566,248640,10562,740798,2261100
1862,545,520,248095,10587,741318,2144500
1863,506,550,247589,10543,741868,1885200
1864,512,472,247077,10583,742340,1784500
1865,538,526,246539,10595,742866,1796200
1866,552,527,245987,10620,743393,1852800
1867,545,549,245442,10616,743942,1802300
1868,485,553,244957,10548,744495,1763300
1869,533,541,244424,10540,745036,1723000
1870,530,528,243894,10542,745564,1815800
1871,523,571,243371,10494,746135,1820800
1872,524,473,242847,10545,746608,1776100
1873,544,545,242303,10544,747153,1872700
1874,555,527,241748,10572,747680,1770900
1875,550,562,241198,10560,748242,1787800
1876,533,538,240665,10555,748780,1828400
1877,522,540,240143,10537,749320,1893200
1878,552,520,239591,10569,749840,1779400
1879,494,489,239097,10574,750329,1773500
1880,585,537,238512,10622,750866,1752500
1881,565,527,237947,10660,751393,1894600
1882,511,538,237436,10633,751931,1823200
1883,487,547,236949,10573,752478,1796500
1884,556,525,236393,10604,753003,1799900
1885,542,524,235851,10622,753527,1724600
1886,558,575,235293,10605,754102,1896600
1887,526,531,234767,10600,754633,1837900
1888,532,536,234235,10596,755169,1820200
1889,517,511,233718,10602,755680,1742800
1890,553,504,233165,10651,756184,1743100
1891,539,533,232626,10657,756717,1826500
1892,552,510,232074,10699,757227,1967700
1893,551,588,231523,10662,757815,2129300
1894,545,543,230978,10664,758358,2132500
1895,540,538,230438,10666,758896,1846400
1896,541,526,229897,10681,759422,1850000
1897,542,529,229355,10694,759951,1825500
1898,552,548,228803,10698,760499,1769400
1899,522,510,228281,10710,761009,1725300
1900,566,506,227715,10770,761515,2007900
1901,520,526,227195,10764,762041,1752100
1902,564,500,226631,10828,762541,1827300
1903,565,544,226066,10849,763085,1799700
1904,544,569,225522,10824,763654,1714600
1905,568,522,224954,10870,764176,1784100
1906,558,517,224396,10911,764693,1870800
1907,510,597,223886,10824,765290,1832400
1908,510,517,223376,10817,765807,1813400
1909,509,551,222867,10775,766358,1761600
1910,539,548,222328,10766,766906,1753900
1911,556,537,221772,10785,767443,1737100
1912,561,558,221211,10788,768001,1832200
1913,582,552,220629,10818,768553,1823100
1914,554,553,220075,10819,769106,1791500
1915,536,603,219539,10752,769709,1927100
1916,519,547,219020,10724,770256,1843000
1917,518,551,218502,10691,770807,1968700
1918,545,541,217957,10695,771348,1907700
1919,583,518,217374,10760,771866,1851600
1920,588,542,216786,10806,772408,1830100
1921,560,525,216226,10841,772933,1773200
1922,540,538,215686,10843,773471,1778600
1923,559,543,215127,10859,774014,1789000
1924,548,563,214579,10844,774577,1808800
1925,572,531,214007,10885,775108,1848100
1926,521,504,213486,10902,775612,1792400
1927,563,570,212923,10895,776182,1796000
1928,552,521,212371,10926,776703,1759700
1929,533,552,211838,10907,777255,1871400
1930,530,542,211308,10895,777797,1779700
1931,562,565,210746,10892,778362,1786000
1932,547,530,210199,10909,778892,1727600
1933,519,576,209680,10852,779468,1988600
1934,536,505,209144,10883,779973,2164100
1935,538,560,208606,10861,780533,2128600
1936,522,575,208084,10808,781108,1756900
1937,549,504,207535,10853,781612,1756700
1938,548,534,206987,10867,782146,1787700
1939,534,538,206453,10863,782684,1826700
1940,523,518,205930,10868,783202,1768200
1941,507,531,205423,10844,783733,1770900
1942,534,556,204889,10822,784289,1867200
1943,483,547,204406,10758,784836,1814900
1944,514,515,203892,10757,785351,1797900
1945,512,530,203380,10739,785881,1841700
1946,582,537,202798,10784,786418,1782400
1947,535,571,202263,10748,786989,1786400
1948,517,565,201746,10700,787554,1774200
1949,560,517,201186,10743,788071,2015100
1950,575,494,200611,10824,788565,1947200
1951,542,524,200069,10842,789089,1807700
1952,478,521,199591,10799,789610,1928600
1953,516,502,199075,10813,790112,1818900
1954,516,556,198559,10773,790668,1765400
1955,509,570,198050,10712,791238,1841300
1956,515,499,197535,10728,791737,1770700
1957,463,528,197072,10663,792265,1850800
1958,474,557,196598,10580,792822,2141800
1959,507,561,196091,10526,793383,1883800
1960,509,550,195582,10485,793933,1893400
1961,518,508,195064,10495,794441,1882700
1962,481,533,194583,10443,794974,2283900
1963,472,527,194111,10388,795501,1875000
1964,544,555,193567,10377,796056,1876400
1965,539,527,193028,10389,796583,1785800
1966,483,486,192545,10386,797069,1812900
1967,507,543,192038,10350,797612,1790500
1968,521,505,191517,10366,798117,1847900
1969,519,567,190998,10318,798684,1860100
1970,481,482,190517,10317,799166,2311900
1971,541,529,189976,10329,799695,1863900
1972,488,517,189488,10300,800212,1856700
1973,554,501,188934,10353,800713,1805500
1974,545,518,188389,10380,801231,1792500
1975,523,511,187866,10392,801742,2199000
1976,509,523,187357,10378,802265,2008400
1977,506,532,186851,10352,802797,1831200
1978,492,549,186359,10295,803346,1788500
1979,441,550,185918,10186,803896,1812800
1980,469,525,185449,10130,804421,1912600
1981,489,549,184960,10070,804970,1854200
1982,482,501,184478,10051,805471,1839700
1983,504,499,183974,10056,805970,2057800
1984,504,486,183470,10074,806456,1865100
1985,482,525,182988,10031,806981,1820000
1986,476,495,182512,10012,807476,1822000
1987,504,434,182008,10082,807910,1807200
1988,482,507,181526,10057,808417,1784900
1989,468,523,181058,10002,808940,1823600
1990,447,509,180611,9940,809449,1975000
1991,477,480,180134,9937,809929,1879200
1992,493,541,179641,9889,810470,1945500
1993,475,489,179166,9875,810959,1796900
1994,504,489,178662,9890,811448,1748600
1995,495,508,178167,9877,811956,1819000
1996,454,497,177713,9834,812453,1876100
1997,476,518,177237,9792,812971,1781600
1998,467,500,176770,9759,813471,1833300
1999,459,490,176311,9728,813961,1887400
2000,448,524,175863,9652,814485,2018300
2001,469,461,175394,9660,814946,1808900
2002,440,469,174954,9631,815415,1771100
2003,429,468,174525,9592,815883,1759800
2004,456,469,174069,9579,816352,1818100
2005,477,474,173592,9582,816826,1770200
2006,458,429,173134,9611,817255,1729500
2007,478,464,172656,9625,817719,1867200
2008,457,442,172199,9640,818161,1830600
2009,447,484,171752,9603,818645,1755900
2010,443,464,171309,9582,819109,1822200
2011,437,497,170872,9522,819606,1816200
2012,449,498,170423,9473,820104,1802200
2013,421,487,170002,9407,820591,1809600
2014,439,461,169563,9385,821052,1853400
2015,406,455,169157,9336,821507,2352000
2016,420,471,168737,9285,821978,1885500
2017,405,471,168332,9219,822449,1868400
2018,435,441,167897,9213,822890,1915300
2019,427,471,167470,9169,823361,1802500
2020,410,446,167060,9133,823807,1748200
2021,419,458,166641,9094,824265,1774400
2022,400,422,166241,9072,824687,1837000
2023,412,472,165829,9012,825159,1862300
2024,388,455,165441,8945,825614,1774200
2025,394,401,165047,8938,826015,1832600
2026,396,405,164651,8929,826420,1809500
2027,411,468,164240,8872,826888,1777800
2028,409,433,163831,8848,827321,1851500
2029,390,433,163441,8805,827754,1815100
2030,401,454,163040,8752,828208,1903600
2031,385,484,162655,8653,828692,1867300
2032,372,453,162283,8572,829145,1765600
2033,363,420,161920,8515,829565,1760000
2034,383,445,161537,8453,830010,1931000
2035,385,391,161152,8447,830401,1732300
2036,393,440,160759,8400,830841,1749800
2037,395,413,160364,8382,831254,1703400
2038,417,412,159947,8387,831666,1720500
2039,387,396,159560,8378,832062,1793300
2040,357,393,159203,8342,832455,1745800
2041,398,435,158805,8305,832890,1715600
2042,385,432,158420,8258,833322,1723900
2043,402,425,158018,8235,833747,1738400
2044,389,437,157629,8187,834184,1715500
2045,346,425,157283,8108,834609,1718400
2046,373,376,156910,8105,834985,1702400
2047,384,398,156526,8091,835383,1768900
2048,399,398,156127,8092,835781,1693300
2049,374,425,155753,8041,836206,1689400
2050,373,411,155380,8003,836617,1800300
2051,379,359,155001,8023,836976,1837700
2052,358,399,154643,7982,837375,1835700
2053,370,392,154273,7960,837767,1662100
2054,369,370,153904,7959,838137,1795700
2055,347,373,153557,7933,838510,1789900
2056,344,397,153213,7880,838907,1653500
2057,342,351,152871,7871,839258,1698800
2058,350,358,152521,7863,839616,1806400
2059,353,403,152168,7813,840019,1803100
2060,352,409,151816,7756,840428,1712000
2061,335,389,151481,7702,840817,1711700
2062,348,416,151133,7634,841233,1689500
2063,335,357,150798,7612,841590,1856700
2064,339,399,150459,7552,841989,1699900
2065,346,371,150113,7527,842360,1691100
2066,330,385,149783,7472,842745,1848900
2067,369,366,149414,7475,843111,1807400
2068,355,359,149059,7471,843470,1751700
2069,348,383,148711,7436,843853,1797900
2070,359,343,148352,7452,844196,1720400
2071,358,407,147994,7403,844603,1853300
2072,338,367,147656,7374,844970,1785300
2073,318,419,147338,7273,845389,1650300
2074,351,368,146987,7256,845757,1705300
2075,341,361,146646,7236,846118,1794200
2076,363,343,146283,7256,846461,1810000
2077,327,405,145956,7178,846866,1699200
2078,338,390,145618,7126,847256,1709800
2079,369,353,145249,7142,847609,1805300
2080,360,363,144889,7139,847972,1773200
2081,336,362,144553,7113,848334,1686900
2082,345,378,144208,7080,848712,1696300
2083,366,349,143842,7097,849061,1792800
2084,308,382,143534,7023,849443,1757100
2085,336,332,143198,7027,849775,1924300
2086,325,351,142873,7001,850126,1917600
2087,303,377,142570,6927,850503,1918900
2088,317,316,142253,6928,850819,1890400
2089,319,322,141934,6925,851141,1811200
2090,350,333,141584,6942,851474,1804200
2091,309,356,141275,6895,851830,1823100
2092,319,352,140956,6862,852182,2086800
2093,291,350,140665,6803,852532,2311600
2094,310,324,140355,6789,852856,1807100
2095,289,319,140066,6759,853175,1804200
2096,297,316,139769,6740,853491,1829400
2097,334,322,139435,6752,853813,1692200
2098,321,322,139114,6751,854135,1694800
2099,336,346,138778,6741,854481,1791400
2100,324,323,138454,6742,854804,1735100
2101,305,326,138149,6721,855130,1708100
2102,336,314,137813,6743,855444,1700000
2103,299,338,137514,6704,855782,1812700
2104,327,348,137187,6683,856130,1716800
2105,294,335,136893,6642,856465,1709600
2106,295,323,136598,6614,856788,1726000
2107,281,353,136317,6542,857141,1799600
2108,300,312,136017,6530,857453,1720300
2109,328,364,135689,6494,857817,1712400
2110,271,338,135418,6427,858155,1805600
2111,308,317,135110,6418,858472,1795800
2112,350,309,134760,6459,858781,1776700
2113,326,336,134434,6449,859117,1716000
2114,303,334,134131,6418,859451,1733300
2115,318,352,133813,6384,859803,1878700
2116,298,294,133515,6388,860097,2082500
2117,281,326,133234,6343,860423,1837700
2118,295,346,132939,6292,860769,1761300
2119,296,307,132643,6281,861076,1693500
2120,292,313,132351,6260,861389,1689200
2121,310,340,132041,6230,861729,2027700
2122,321,279,131720,6272,862008,1839900
2123,304,327,131416,6249,862335,1847300
2124,299,331,131117,6217,862666,1807700
2125,301,307,130816,6211,862973,1759300
2126,288,312,130528,6187,863285,1762400
2127,298,311,130230,6174,863596,1815200
2128,299,300,129931,6173,863896,1790400
2129,306,328,129625,6151,864224,1729400
2130,319,286,129306,6184,864510,1802200
2131,270,316,129036,6138,864826,1824700
2132,295,305,128741,6128,865131,1840700
2133,281,285,128460,6124,865416,1803800
2134,314,290,128146,6148,865706,1987400
2135,274,297,127872,6125,866003,1708600
2136,287,296,127585,6116,866299,1703700
2137,296,295,127289,6117,866594,1849400
2138,296,297,126993,6116,866891,1706600
2139,332,292,126661,6156,867183,1689200
2140,269,301,126392,6124,867484,1693000
2141,284,311,126108,6097,867795,1804400
2142,305,303,125803,6099,868098,1821600
2143,301,324,125502,6076,868422,1740900
2144,288,286,125214,6078,868708,1691200
2145,312,291,124902,6099,868999,1800700
2146,323,311,124579,6111,869310,1826600
2147,296,262,124283,6145,869572,1710300
2148,254,298,124029,6101,869870,1687400
2149,293,335,123736,6059,870205,1687400
2150,297,299,123439,6057,870504,1758800
2151,288,283,123151,6062,870787,1809300
2152,272,323,122879,6011,871110,1709600
2153,269,319,122610,5961,871429,1683500
2154,287,247,122323,6001,871676,1756400
2155,295,298,122028,5998,871974,1691800
2156,281,311,121747,5968,872285,1695000
2157,306,298,121441,5976,872583,1794900
2158,300,271,121141,6005,872854,1754100
2159,289,318,120852,5976,873172,1704600
2160,280,312,120572,5944,873484,1678000
2161,270,306,120302,5908,873790,1778800
2162,245,306,120057,5847,874096,1709200
2163,288,298,119769,5837,874394,1682700
2164,273,259,119496,5851,874653,1851800
2165,269,296,119227,5824,874949,1930100
2166,248,293,118979,5779,875242,2096100
2167,236,299,118743,5716,875541,1793400
2168,285,252,118458,5749,875793,1746700
2169,252,277,118206,5724,876070,1705500
2170,293,292,117913,5725,876362,1674500
2171,288,291,117625,5722,876653,1789800
2172,260,298,117365,5684,876951,1799700
2173,283,297,117082,5670,877248,1695900
2174,233,287,116849,5616,877535,1653300
2175,237,271,116612,5582,877806,1781200
2176,269,260,116343,5591,878066,1696300
2177,263,274,116080,5580,878340,1678200
2178,271,276,115809,5575,878616,1802100
2179,239,306,115570,5508,878922,1787300
2180,267,303,115303,5472,879225,1764800
2181,277,267,115026,5482,879492,1724000
2182,256,271,114770,5467,879763,1697900
2183,255,264,114515,5458,880027,1773500
2184,280,309,114235,5429,880336,1693600
2185,266,274,113969,5421,880610,1685400
2186,269,266,113700,5424,880876,1784800
2187,287,270,113413,5441,881146,1742000
2188,274,268,113139,5447,881414,1673100
2189,256,270,112883,5433,881684,1679500
2190,263,263,112620,5433,881947,1799100
2191,263,251,112357,5445,882198,1696700
2192,261,251,112096,5455,882449,1709500
2193,268,274,111828,5449,882723,1789200
2194,280,286,111548,5443,883009,1789300
2195,256,257,111292,5442,883266,1719000
2196,246,263,111046,5425,883529,1674600
2197,272,248,110774,5449,883777,1676100
2198,278,287,110496,5440,884064,1758700
2199,244,255,110252,5429,884319,1682000
2200,251,295,110001,5385,884614,1731300
2201,252,289,109749,5348,884903,1788700
2202,245,258,109504,5335,885161,1734600
2203,242,237,109262,5340,885398,1672700
2204,238,290,109024,5288,885688,1681500
2205,231,282,108793,5237,885970,1793700
2206,241,259,108552,5219,886229,1668800
2207,288,265,108264,5242,886494,1668000
2208,262,250,108002,5254,886744,1785700
2209,279,288,107723,5245,887032,1678800
2210,236,274,107487,5207,887306,1624600
2211,267,248,107220,5226,887554,1691300
2212,250,230,106970,5246,887784,1739800
2213,249,281,106721,5214,888065,1675000
2214,246,253,106475,5207,888318,1673300
2215,259,262,106216,5204,888580,1995500
2216,240,270,105976,5174,888850,1862900
2217,218,271,105758,5121,889121,1907400
2218,227,266,105531,5082,889387,1863700
2219,224,263,105307,5043,889650,1733600
2220,250,250,105057,5043,889900,1709400
2221,244,218,104813,5069,890118,1691400
2222,259,263,104554,5065,890381,1715300
2223,241,252,104313,5054,890633,1668500
2224,249,252,104064,5051,890885,1777100
2225,233,260,103831,5024,891145,1771700
2226,241,243,103590,5022,891388,1818000
2227,233,275,103357,4980,891663,1652900
2228,238,242,103119,4976,891905,1703000
2229,239,242,102880,4973,892147,1760900
2230,252,252,102628,4973,892399,1672000
2231,239,228,102389,4984,892627,1686600
2232,237,271,102152,4950,892898,1787800
2233,227,255,101925,4922,893153,1747200
2234,215,250,101710,4887,893403,1682000
2235,210,250,101500,4847,893653,1687100
2236,249,236,101251,4860,893889,1790200
2237,205,241,101046,4824,894130,1711000
2238,231,245,100815,4810,894375,1670900
2239,226,241,100589,4795,894616,1662100
2240,230,259,100359,4766,894875,1743900
2241,224,223,100135,4767,895098,1644700
2242,222,269,99913,4720,895367,1664300
2243,216,223,99697,4713,895590,1784400
2244,208,230,99489,4691,895820,1684000
2245,232,210,99257,4713,896030,1672400
2246,220,253,99037,4680,896283,1990400
2247,214,205,98823,4689,896488,1784100
2248,230,225,98593,4694,896713,1730000
2249,241,247,98352,4688,896960,1672500
2250,204,228,98148,4664,897188,1672700
2251,239,234,97909,4669,897422,1751800
2252,218,233,97691,4654,897655,1667800
2253,223,224,97468,4653,897879,1881400
2254,223,242,97245,4634,898121,1791700
2255,229,234,97016,4629,898355,1856300
2256,248,239,96768,4638,898594,1769600
2257,242,261,96526,4619,898855,1788900
2258,207,246,96319,4580,899101,1683200
2259,226,228,96093,4578,899329,1782100
2260,236,196,95857,4618,899525,1775700
2261,250,220,95607,4648,899745,1663500
2262,249,242,95358,4655,899987,1682600
2263,229,219,95129,4665,900206,1792000
2264,205,231,94924,4639,900437,1733200
2265,249,244,94675,4644,900681,1692700
2266,243,226,94432,4661,900907,1669300
2267,214,227,94218,4648,901134,1679800
2268,230,236,93988,4642,901370,1672400
2269,233,223,93755,4652,901593,1664400
2270,226,237,93529,4641,901830,1893500
2271,241,220,93288,4662,902050,1742800
2272,264,243,93024,4683,902293,1782300
2273,233,235,92791,4681,902528,1665800
2274,220,235,92571,4666,902763,1773900
2275,229,229,92342,4666,902992,1743700
2276,252,194,92090,4724,903186,1659500
2277,218,218,91872,4724,903404,1668800
2278,224,255,91648,4693,903659,1768800
2279,242,227,91406,4708,903886,1683900
2280,236,254,91170,4690,904140,1701200
2281,236,217,90934,4709,904357,1775900
2282,221,228,90713,4702,904585,1745200
2283,214,213,90499,4703,904798,1668800
2284,248,234,90251,4717,905032,1668800
2285,225,237,90026,4705,905269,1778000
2286,220,225,89806,4700,905494,1710800
2287,229,245,89577,4684,905739,1668200
2288,219,220,89358,4683,905959,1775700
2289,221,234,89137,4670,906193,2177900
2290,269,231,88868,4708,906424,1873300
2291,215,260,88653,4663,906684,1828200
2292,226,230,88427,4659,906914,1781700
2293,237,213,88190,4683,907127,1773600
2294,227,203,87963,4707,907330,1996800
2295,199,245,87764,4661,907575,1843900
2296,236,244,87528,4653,907819,1766900
2297,218,234,87310,4637,908053,2063800
2298,230,253,87080,4614,908306,2249600
2299,207,265,86873,4556,908571,1928900
2300,183,222,86690,4517,908793,1844400
2301,232,210,86458,4539,909003,1778900
2302,217,224,86241,4532,909227,1757100
2303,219,260,86022,4491,909487,1749200
2304,207,216,85815,4482,909703,1736600
2305,230,230,85585,4482,909933,1798300
2306,233,240,85352,4475,910173,1849700
2307,209,226,85143,4458,910399,1747000
2308,196,242,84947,4412,910641,1771300
2309,229,221,84718,4420,910862,1827100
2310,218,222,84500,4416,911084,1791300
2311,211,229,84289,4398,911313,1791600
2312,205,212,84084,4391,911525,1806900
2313,226,218,83858,4399,911743,1854500
2314,230,217,83628,4412,911960,1834200
2315,220,212,83408,4420,912172,1846700
2316,213,230,83195,4403,912402,1837100
2317,213,257,82982,4359,912659,1699500
2318,215,241,82767,4333,912900,1719800
2319,216,215,82551,4334,913115,1693000
2320,227,222,82324,4339,913337,1657900
2321,211,213,82113,4337,913550,1759400
2322,210,202,81903,4345,913752,1658500
2323,218,212,81685,4351,913964,1694800
2324,228,228,81457,4351,914192,1687000
2325,200,233,81257,4318,914425,1674500
2326,240,225,81017,4333,914650,1673800
2327,246,218,80771,4361,914868,1779800
2328,217,213,80554,4365,915081,1733800
2329,196,234,80358,4327,915315,1673600
2330,203,238,80155,4292,915553,1715900
2331,200,231,79955,4261,915784,1797800
2332,212,229,79743,4244,916013,1765400
2333,218,213,79525,4249,916226,1706400
2334,190,220,79335,4219,916446,1788900
2335,213,223,79122,4209,916669,1785100
2336,225,216,78897,4218,916885,1753900
2337,204,201,78693,4221,917086,1647800
2338,194,219,78499,4196,917305,1668600
2339,209,199,78290,4206,917504,1776200
2340,211,232,78079,4185,917736,1674500
2341,219,223,77860,4181,917959,1673100
2342,165,208,77695,4138,918167,1805700
2343,195,196,77500,4137,918363,1758600
2344,198,214,77302,4121,918577,1692900
2345,166,193,77136,4094,918770,1675100
2346,204,208,76932,4090,918978,1771800
2347,192,216,76740,4066,919194,1721000
2348,189,184,76551,4071,919378,1662500
2349,189,209,76362,4051,919587,1654700
2350,186,189,76176,4048,919776,1732900
2351,191,209,75985,4030,919985,1900700
2352,210,213,75775,4027,920198,1682300
2353,205,195,75570,4037,920393,1745600
2354,200,219,75370,4018,920612,1750400
2355,206,195,75164,4029,920807,1666500
2356,203,211,74961,4021,921018,1977000
2357,187,159,74774,4049,921177,1700800
2358,212,186,74562,4075,921363,2056800
2359,209,185,74353,4099,921548,1954300
2360,202,223,74151,4078,921771,1921500
2361,209,242,73942,4045,922013,1875400
2362,188,208,73754,4025,922221,1848900
2363,220,213,73534,4032,922434,2096500
2364,218,233,73316,4017,922667,1884700
2365,182,212,73134,3987,922879,1811600
2366,206,211,72928,3982,923090,1857600
2367,188,179,72740,3991,923269,1848300
2368,204,206,72536,3989,923475,1907300
2369,192,192,72344,3989,923667,1922800
2370,193,194,72151,3988,923861,1878500
2371,188,220,71963,3956,924081,1841000
2372,183,226,71780,3913,924307,1874200
2373,205,210,71575,3908,924517,1879200
2374,202,180,71373,3930,924697,1814400
2375,183,219,71190,3894,924916,1825400
2376,212,195,70978,3911,925111,1709300
2377,215,209,70763,3917,925320,1819300
2378,201,195,70562,3923,925515,2139100
2379,175,220,70387,3878,925735,1913000
2380,174,190,70213,3862,925925,1935500
2381,177,174,70036,3865,926099,1837400
2382,175,203,69861,3837,926302,1962600
2383,164,193,69697,3808,926495,1805300
2384,188,184,69509,3812,926679,1876000
2385,178,202,69331,3788,926881,1850000
2386,179,209,69152,3758,927090,2232300
2387,183,215,68969,3726,927305,1907800
2388,173,193,68796,3706,927498,1850700
2389,173,212,68623,3667,927710,1830900
2390,206,186,68417,3687,927896,1830700
2391,187,203,68230,3671,928099,1831600
2392,169,178,68061,3662,928277,2414100
2393,178,165,67883,3675,928442,2256000
2394,183,189,67700,3669,928631,2134900
2395,189,191,67511,3667,928822,1897100
2396,170,188,67341,3649,929010,1841600
2397,165,191,67176,3623,929201,1884500
2398,189,193,66987,3619,929394,2077400
2399,174,172,66813,3621,929566,1920100
2400,162,173,66651,3610,929739,1966500
2401,193,193,66458,3610,929932,1903100
2402,155,171,66303,3594,930103,2098800
2403,155,182,66148,3567,930285,1864700
2404,180,191,65968,3556,930476,1856500
2405,179,178,65789,3557,930654,1825400
2406,167,167,65622,3557,930821,1821500
2407,172,183,65450,3546,931004,2121100
2408,181,190,65269,3537,931194,1954500
2409,190,165,65079,3562,931359,2067300
2410,163,177,64916,3548,931536,1989000
2411,191,178,64725,3561,931714,1801600
2412,165,179,64560,3547,931893,2328400
2413,169,171,64391,3545,932064,1829400
2414,167,186,64224,3526,932250,1852200
2415,191,184,64033,3533,932434,1870900
2416,163,166,63870,3530,932600,2011600
2417,178,168,63692,3540,932768,1827000
2418,168,158,63524,3550,932926,1892100
2419,163,161,63361,3552,933087,1839000
2420,170,162,63191,3560,933249,1799000
2421,167,166,63024,3561,933415,1877700
2422,171,182,62853,3550,933597,1829400
2423,159,192,62694,3517,933789,1965000
2424,185,175,62509,3527,933964,1983300
2425,166,196,62343,3497,934160,1839900
2426,136,184,62207,3449,934344,1808400
2427,185,178,62022,3456,934522,1827300
2428,176,174,61846,3458,934696,1861600
2429,171,178,61675,3451,934874,1880900
2430,160,189,61515,3422,935063,1872300
2431,172,182,61343,3412,935245,1783200
2432,175,186,61168,3401,935431,1869900
2433,180,171,60988,3410,935602,1898400
2434,168,166,60820,3412,935768,1775800
2435,175,164,60645,3423,935932,1791500
2436,162,183,60483,3402,936115,1809900
2437,164,160,60319,3406,936275,1817000
2438,164,172,60155,3398,936447,1812800
2439,174,152,59981,3420,936599,1707500
2440,154,169,59827,3405,936768,1759500
2441,140,164,59687,3381,936932,1835200
2442,154,158,59533,3377,937090,1830000
2443,159,158,59374,3378,937248,1788100
2444,141,168,59233,3351,937416,1782400
2445,145,170,59088,3326,937586,1821200
2446,142,169,58946,3299,937755,1844700
2447,152,164,58794,3287,937919,2277400
2448,149,166,58645,3270,938085,1842300
2449,161,153,58484,3278,938238,2246300
2450,157,191,58327,3244,938429,1961600
2451,166,167,58161,3243,938596,1820100
2452,148,163,58013,3228,938759,1809100
2453,148,175,57865,3201,938934,1985900
2454,141,148,57724,3194,939082,1778500
2455,146,163,57578,3177,939245,1838000
2456,156,164,57422,3169,939409,1975100
2457,147,163,57275,3153,939572,2045200
2458,158,152,57117,3159,939724,1848600
2459,145,150,56972,3154,939874,1831800
2460,144,163,56828,3135,940037,1842900
2461,132,167,56696,3100,940204,1820400
2462,149,158,56547,3091,940362,1814700
2463,146,151,56401,3086,940513,1770500
2464,126,155,56275,3057,940668,1744100
2465,145,147,56130,3055,940815,1819900
2466,145,125,55985,3075,940940,1823300
2467,138,148,55847,3065,941088,1796700
2468,158,160,55689,3063,941248,1786600
2469,161,164,55528,3060,941412,1756000
2470,146,158,55382,3048,941570,1865800
2471,144,163,55238,3029,941733,1958500
2472,137,124,55101,3042,941857,2221100
2473,132,152,54969,3022,942009,2041000
2474,144,156,54825,3010,942165,1855800
2475,142,143,54683,3009,942308,1956000
2476,130,142,54553,2997,942450,1823200
2477,135,139,54418,2993,942589,1843200
2478,157,154,54261,2996,942743,1804600
2479,149,157,54112,2988,942900,1793500
2480,130,146,53982,2972,943046,1784700
2481,160,176,53822,2956,943222,1959000
2482,169,139,53653,2986,943361,1946600
2483,148,142,53505,2992,943503,2080200
2484,135,159,53370,2968,943662,1819400
2485,151,165,53219,2954,943827,1864000
2486,140,152,53079,2942,943979,1798700
2487,134,142,52945,2934,944121,1841300
2488,125,162,52820,2897,944283,1758900
2489,127,136,52693,2888,944419,1975300
2490,120,161,52573,2847,944580,1792000
2491,135,151,52438,2831,944731,1946800
2492,111,153,52327,2789,944884,1781900
2493,120,140,52207,2769,945024,1844400
2494,123,136,52084,2756,945160,1771900
2495,112,119,51972,2749,945279,1828800
2496,120,131,51852,2738,945410,1770900
2497,131,132,51721,2737,945542,1766100
2498,116,153,51605,2700,945695,1875100
2499,119,112,51486,2707,945807,1805400
2500,104,140,51382,2671,945947,1784800
2501,130,140,51252,2661,946087,2011500
2502,111,147,51141,2625,946234,1812300
2503,122,118,51019,2629,946352,1761700
2504,127,128,50892,2628,946480,2012900
2505,125,148,50767,2605,946628,1996600
2506,113,138,50654,2580,946766,1867700
2507,103,136,50551,2547,946902,1844700
2508,128,136,50423,2539,947038,1846500
2509,121,136,50302,2524,947174,1752000
2510,123,121,50179,2526,947295,2032500
2511,122,120,50057,2528,947415,1825000
2512,111,137,49946,2502,947552,2153200
2513,111,148,49835,2465,947700,1977300
2514,125,120,49710,2470,947820,1774700
2515,136,111,49574,2495,947931,2075000
2516,122,131,49452,2486,948062,1832800
2517,130,114,49322,2502,948176,2220700
2518,129,138,49193,2493,948314,1848700
2519,124,135,49069,2482,948449,1781000
2520,122,122,48947,2482,948571,1799500
2521,121,122,48826,2481,948693,1818800
2522,130,114,48696,2497,948807,1860200
2523,123,143,48573,2477,948950,1767700
2524,129,140,48444,2466,949090,1784700
2525,127,127,48317,2466,949217,2011700
2526,126,119,48191,2473,949336,1776500
2527,123,137,48068,2459,949473,1824700
2528,121,109,47947,2471,949582,1777000
2529,133,113,47814,2491,949695,1844900
2530,104,116,47710,2479,949811,1843300
2531,129,134,47581,2474,949945,1821300
2532,125,124,47456,2475,950069,1795800
2533,125,123,47331,2477,950192,1968200
2534,122,139,47209,2460,950331,1936900
2535,117,117,47092,2460,950448,1691100
2536,123,120,46969,2463,950568,1865000
2537,108,102,46861,2469,950670,1744600
2538,103,127,46758,2445,950797,1849200
2539,102,140,46656,2407,950937,1873100
2540,121,125,46535,2403,951062,1692600
2541,92,110,46443,2385,951172,1892100
2542,83,106,46360,2362,951278,1703700
2543,96,121,46264,2337,951399,1728300
2544,94,120,46170,2311,951519,1680500
2545,97,122,46073,2286,951641,1773000
2546,104,125,45969,2265,951766,1736600
2547,92,113,45877,2244,951879,1658800
2548,102,107,45775,2239,951986,1668400
2549,97,127,45678,2209,952113,1689500
2550,115,113,45563,2211,952226,1652400
2551,99,98,45464,2212,952324,1734500
2552,105,101,45359,2216,952425,1721800
2553,118,109,45241,2225,952534,1643400
2554,93,109,45148,2209,952643,1656100
2555,102,124,45046,2187,952767,1911000
2556,98,127,44948,2158,952894,1745600
2557,82,107,44866,2133,953001,1674500
2558,85,122,44781,2096,953123,1751700
2559,76,89,44705,2083,953212,1766800
2560,66,112,44639,2037,953324,1689900
2561,92,124,44547,2005,953448,1726300
2562,99,115,44448,1989,953563,1641700
2563,79,69,44369,1999,953632,1737600
2564,96,90,44273,2005,953722,1640900
2565,90,117,44183,1978,953839,1649100
2566,91,88,44092,1981,953927,2048300
2567,79,115,44013,1945,954042,1666400
2568,78,88,43935,1935,954130,1637700
2569,72,106,43863,1901,954236,1628800
2570,87,89,43776,1899,954325,1724800
2571,75,91,43701,1883,954416,1637900
2572,99,104,43602,1878,954520,1656500
2573,93,103,43509,1868,954623,2010600
2574,84,108,43425,1844,954731,1752200
2575,86,96,43339,1834,954827,1629200
2576,79,95,43260,1818,954922,1643400
2577,90,80,43170,1828,955002,1722400
2578,84,90,43086,1822,955092,1635500
2579,65,98,43021,1789,955190,1628600
2580,81,95,42940,1775,955285,1727900
2581,87,67,42853,1795,955352,1665000
2582,78,69,42775,1804,955421,1698500
2583,58,93,42717,1769,955514,1753700
2584,88,101,42629,1756,955615,1719200
2585,74,107,42555,1723,955722,1660000
2586,77,95,42478,1705,955817,1774000
2587,87,80,42391,1712,955897,1850400
2588,70,74,42321,1708,955971,1730100
2589,69,85,42252,1692,956056,1612200
2590,81,97,42171,1676,956153,1625400
2591,60,82,42111,1654,956235,1691600
2592,75,97,42036,1632,956332,1622700
2593,67,83,41969,1616,956415,1699200
2594,77,71,41892,1622,956486,1686400
2595,78,79,41814,1621,956565,1651900
2596,74,74,41740,1621,956639,1762100
2597,74,87,41666,1608,956726,1732100
2598,91,82,41575,1617,956808,1672100
2599,71,88,41504,1600,956896,1712900
2600,70,81,41434,1589,956977,1703900
2601,76,79,41358,1586,957056,1721300
2602,68,76,41290,1578,957132,1974000
2603,69,81,41221,1566,957213,1801900
2604,78,65,41143,1579,957278,1657700
2605,73,78,41070,1574,957356,1734000
2606,75,77,40995,1572,957433,1653700
2607,67,80,40928,1559,957513,1719600
2608,74,73,40854,1560,957586,1728300
2609,73,77,40781,1556,957663,1702100
2610,83,77,40698,1562,957740,1654800
2611,68,85,40630,1545,957825,1652700
2612,75,89,40555,1531,957914,1745000
2613,63,83,40492,1511,957997,1642900
2614,67,64,40425,1514,958061,1657300
2615,70,61,40355,1523,958122,1738100
2616,77,79,40278,1521,958201,1808500
2617,69,78,40209,1512,958279,1739800
2618,70,86,40139,1496,958365,1631000
2619,76,78,40063,1494,958443,1689600
2620,52,66,40011,1480,958509,1925500
2621,76,74,39935,1482,958583,1684000
2622,67,75,39868,1474,958658,1678200
2623,62,66,39806,1470,958724,1672200
2624,86,72,39720,1484,958796,1714700
2625,67,65,39653,1486,958861,1639600
2626,55,76,39598,1465,958937,1914800
2627,59,73,39539,1451,959010,1671600
2628,55,69,39484,1437,959079,1679500
2629,68,76,39416,1429,959155,1708900
2630,56,64,39360,1421,959219,1728800
2631,46,70,39314,1397,959289,1698200
2632,63,55,39251,1405,959344,1868300
2633,56,66,39195,1395,959410,1649100
2634,57,70,39138,1382,959480,1678500
2635,59,55,39079,1386,959535,1633900
2636,67,76,39012,1377,959611,1763400
2637,64,67,38948,1374,959678,1659500
2638,58,86,38890,1346,959764,1671900
2639,59,65,38831,1340,959829,1681800
2640,70,78,38761,1332,959907,1845800
2641,59,73,38702,1318,959980,1789900
2642,64,63,38638,1319,960043,1765000
2643,65,64,38573,1320,960107,1786300
2644,56,59,38517,1317,960166,2199300
2645,60,70,38457,1307,960236,2001700
2646,59,44,38398,1322,960280,1851600
2647,53,63,38345,1312,960343,2272500
2648,61,68,38284,1305,960411,1955700
2649,59,62,38225,1302,960473,1829500
2650,65,61,38160,1306,960534,1966900
2651,62,58,38098,1310,960592,1816700
2652,57,67,38041,1300,960659,1873800
2653,59,74,37982,1285,960733,1822000
2654,58,71,37924,1272,960804,1840100
2655,57,66,37867,1263,960870,1789500
2656,61,57,37806,1267,960927,1837700
2657,64,78,37742,1253,961005,1846500
2658,60,55,37682,1258,961060,1969900
2659,67,53,37615,1272,961113,2172400
2660,55,55,37560,1272,961168,1840600
2661,57,75,37503,1254,961243,1839000
2662,53,59,37450,1248,961302,1875000
2663,49,61,37401,1236,961363,1791900
2664,58,73,37343,1221,961436,1829300
2665,55,57,37288,1219,961493,1998600
2666,54,58,37234,1215,961551,1833200
2667,50,68,37184,1197,961619,1772900
2668,53,63,37131,1187,961682,2212900
2669,62,66,37069,1183,961748,1894300
2670,55,66,37014,1172,961814,1792100
2671,61,63,36953,1170,961877,2146400
2672,47,63,36906,1154,961940,1777500
2673,65,82,36841,1137,962022,1789600
2674,43,52,36798,1128,962074,1816900
2675,52,61,36746,1119,962135,1793200
2676,51,55,36695,1115,962190,1794000
2677,62,60,36633,1117,962250,1962900
2678,50,57,36583,1110,962307,1853800
2679,44,50,36539,1104,962357,1891900
2680,51,46,36488,1109,962403,2113400
2681,48,61,36440,1096,962464,1795000
2682,60,54,36380,1102,962518,1722800
2683,46,58,36334,1090,962576,1930200
2684,46,51,36288,1085,962627,1917700
2685,49,52,36239,1082,962679,1830000
2686,69,57,36170,1094,962736,1914800
2687,69,56,36101,1107,962792,1840000
2688,61,71,36040,1097,962863,1836100
2689,66,68,35974,1095,962931,1875200
2690,59,45,35915,1109,962976,1833500
2691,75,59,35840,1125,963035,2118200
2692,66,58,35774,1133,963093,1924100
2693,64,51,35710,1146,963144,1801300
2694,52,52,35658,1146,963196,2053000
2695,52,64,35606,1134,963260,1857500
2696,68,46,35538,1156,963306,1789300
2697,66,52,35472,1170,963358,2027000
2698,53,72,35419,1151,963430,1988600
2699,53,60,35366,1144,963490,1808000
2700,61,56,35305,1149,963546,2311300
2701,53,60,35252,1142,963606,1809600
2702,57,57,35195,1142,963663,1773100
2703,66,69,35129,1139,963732,1773400
2704,56,53,35073,1142,963785,1737200
2705,57,55,35016,1144,963840,1752600
2706,66,40,34950,1170,963880,1798500
2707,63,69,34887,1164,963949,1795900
2708,65,62,34822,1167,964011,1728100
2709,53,49,34769,1171,964060,1856500
2710,47,53,34722,1165,964113,1774200
2711,50,65,34672,1150,964178,1916300
2712,58,64,34614,1144,964242,1801200
2713,55,52,34559,1147,964294,1738600
2714,64,51,34495,1160,964345,1697600
2715,58,49,34437,1169,964394,1754800
2716,58,53,34379,1174,964447,1775700
2717,57,61,34322,1170,964508,1796300
2718,55,52,34267,1173,964560,1782700
2719,69,71,34198,1171,964631,1774400
2720,57,67,34141,1161,964698,1765700
2721,46,59,34095,1148,964757,1742500
2722,51,74,34044,1125,964831,1808900
2723,63,56,33981,1132,964887,1749100
2724,51,48,33930,1135,964935,2162400
2725,52,48,33878,1139,964983,1826800
2726,42,57,33836,1124,965040,1828400
2727,46,63,33790,1107,965103,1791300
2728,47,71,33743,1083,965174,1811400
2729,44,46,33699,1081,965220,1745300
2730,53,53,33646,1081,965273,1755200
2731,52,56,33594,1077,965329,1796500
2732,60,56,33534,1081,965385,1761000
2733,51,56,33483,1076,965441,1746000
2734,63,59,33420,1080,965500,1806200
2735,58,47,33362,1091,965547,1768200
2736,55,64,33307,1082,965611,1726800
2737,56,57,33251,1081,965668,1783300
2738,62,45,33189,1098,965713,1744800
2739,50,59,33139,1089,965772,1737900
2740,59,50,33080,1098,965822,1762400
2741,68,60,33012,1106,965882,1788800
2742,60,37,32952,1129,965919,1719600
2743,62,52,32890,1139,965971,1773400
2744,55,55,32835,1139,966026,1824700
2745,63,60,32772,1142,966086,1751700
2746,55,60,32717,1137,966146,1753200
2747,56,52,32661,1141,966198,1853400
2748,41,58,32620,1124,966256,1761000
2749,45,59,32575,1110,966315,1780700
2750,58,51,32517,1117,966366,1776700
2751,52,57,32465,1112,966423,1758400
2752,44,51,32421,1105,966474,1751900
2753,50,53,32371,1102,966527,1782200
2754,44,44,32327,1102,966571,1793300
2755,51,45,32276,1108,966616,1793300
2756,54,55,32222,1107,966671,1920600
2757,61,64,32161,1104,966735,1775100
2758,43,52,32118,1095,966787,1677300
2759,44,64,32074,1075,966851,1745400
2760,51,60,32023,1066,966911,1753100
2761,56,49,31967,1073,966960,1771000
2762,48,55,31919,1066,967015,1795300
2763,47,52,31872,1061,967067,1783100
2764,60,44,31812,1077,967111,1763600
2765,51,41,31761,1087,967152,1803700
2766,45,43,31716,1089,967195,1754700
2767,47,51,31669,1085,967246,1742000
2768,51,52,31618,1084,967298,1796700
2769,55,55,31563,1084,967353,1774500
2770,53,59,31510,1078,967412,1743100
2771,40,67,31470,1051,967479,1764200
2772,45,57,31425,1039,967536,1917400
2773,44,47,31381,1036,967583,1739400
2774,62,66,31319,1032,967649,1989500
2775,52,46,31267,1038,967695,1791600
2776,47,49,31220,1036,967744,1745600
2777,57,48,31163,1045,967792,1941600
2778,48,45,31115,1048,967837,1789800
2779,42,40,31073,1050,967877,1754000
2780,48,51,31025,1047,967928,1894800
2781,45,60,30980,1032,967988,1759300
2782,57,53,30923,1036,968041,1711500
2783,59,47,30864,1048,968088,1777800
2784,46,64,30818,1030,968152,1763000
2785,53,41,30765,1042,968193,1749700
2786,57,58,30708,1041,968251,1757000
2787,52,50,30656,1043,968301,1797300
2788,53,47,30603,1049,968348,1709100
2789,53,42,30550,1060,968390,1751500
2790,69,55,30481,1074,968445,1794000
2791,43,53,30438,1064,968498,1724800
2792,56,53,30382,1067,968551,1960900
2793,62,61,30320,1068,968612,1788500
2794,60,62,30260,1066,968674,1867700
2795,66,52,30194,1080,968726,1776000
2796,56,57,30138,1079,968783,1795700
2797,58,62,30080,1075,968845,1761900
2798,53,44,30027,1084,968889,1762300
2799,58,52,29969,1090,968941,1790400
2800,59,56,29910,1093,968997,1763200
2801,67,56,29843,1104,969053,1790300
2802,55,57,29788,1102,969110,1767700
2803,60,56,29728,1106,969166,1784300
2804,54,37,29674,1123,969203,1740900
2805,54,44,29620,1133,969247,1820700
2806,56,57,29564,1132,969304,1810800
2807,57,55,29507,1134,969359,1769700
2808,52,59,29455,1127,969418,1799600
2809,62,46,29393,1143,969464,1746800
2810,56,56,29337,1143,969520,1756800
2811,55,58,29282,1140,969578,1791800
2812,60,42,29222,1158,969620,1781900
2813,44,64,29178,1138,969684,1760900
2814,57,71,29121,1124,969755,2008600
2815,50,63,29071,1111,969818,1832300
2816,46,58,29025,1099,969876,1791400
2817,41,40,28984,1100,969916,1864100
2818,45,56,28939,1089,969972,1756400
2819,45,71,28894,1063,970043,1649500
2820,41,61,28853,1043,970104,1717700
2821,39,54,28814,1028,970158,1813100
2822,45,41,28769,1032,970199,1698800
2823,49,51,28720,1030,970250,1701800
2824,33,42,28687,1021,970292,1712000
2825,52,72,28635,1001,970364,1733100
2826,46,62,28589,985,970426,1640500
2827,46,54,28543,977,970480,1761700
2828,42,53,28501,966,970533,1594400
2829,35,54,28466,947,970587,1732500
2830,34,51,28432,930,970638,1673800
2831,46,52,28386,924,970690,1621800
2832,42,49,28344,917,970739,1754500
2833,48,53,28296,912,970792,1637900
2834,51,49,28245,914,970841,1628600
2835,34,46,28211,902,970887,1628000
2836,42,47,28169,897,970934,1821000
2837,45,43,28124,899,970977,1631700
2838,38,51,28086,886,971028,1639600
2839,46,48,28040,884,971076,1649300
2840,44,39,27996,889,971115,1699900
2841,40,37,27956,892,971152,1915300
2842,49,40,27907,901,971192,1788100
2843,38,40,27869,899,971232,1692400
2844,41,33,27828,907,971265,1710300
2845,47,64,27781,890,971329,1679300
2846,36,43,27745,883,971372,1949800
2847,53,37,27692,899,971409,1720400
2848,49,43,27643,905,971452,1709300
2849,59,32,27584,932,971484,1718600
2850,58,52,27526,938,971536,1967200
2851,51,47,27475,942,971583,1801600
2852,50,49,27425,943,971632,2031900
2853,47,46,27378,944,971678,1774500
2854,46,44,27332,946,971722,1808500
2855,55,44,27277,957,971766,1753000
2856,52,48,27225,961,971814,1678100
2857,43,39,27182,965,971853,1706300
2858,62,58,27120,969,971911,1793400
2859,49,49,27071,969,971960,1707400
2860,56,41,27015,984,972001,1678400
2861,36,56,26979,964,972057,1766200
2862,53,43,26926,974,972100,1914100
2863,44,59,26882,959,972159,1766300
2864,50,38,26832,971,972197,1779100
2865,57,49,26775,979,972246,1751500
2866,38,45,26737,972,972291,1754000
2867,46,64,26691,954,972355,2121300
2868,34,57,26657,931,972412,1672300
2869,42,50,26615,923,972462,1662500
2870,57,44,26558,936,972506,1623400
2871,44,36,26514,944,972542,1747600
2872,36,40,26478,940,972582,1645900
2873,59,48,26419,951,972630,1576600
2874,43,46,26376,948,972676,1631000
2875,58,52,26318,954,972728,1685900
2876,45,43,26273,956,972771,1642600
2877,38,52,26235,942,972823,1700800
2878,48,43,26187,947,972866,1625400
2879,53,55,26134,945,972921,1648000
2880,46,44,26088,947,972965,1687400
2881,42,39,26046,950,973004,1673500
2882,42,54,26004,938,973058,1633800
2883,55,46,25949,947,973104,1664400
2884,48,41,25901,954,973145,1625000
2885,47,46,25854,955,973191,1957000
2886,50,40,25804,965,973231,1733000
2887,52,56,25752,961,973287,1706100
2888,51,46,25701,966,973333,1620800
2889,41,39,25660,968,973372,1609700
2890,50,47,25610,971,973419,1651600
2891,56,42,25554,985,973461,1566600
2892,36,47,25518,974,973508,1723400
2893,44,42,25474,976,973550,1648800
2894,38,40,25436,974,973590,1863400
2895,35,52,25401,957,973642,1634900
2896,45,47,25356,955,973689,1710200
2897,47,47,25309,955,973736,1638900
2898,35,63,25274,927,973799,1628300
2899,37,46,25237,918,973845,1722800
2900,38,53,25199,903,973898,1617100
2901,37,48,25162,892,973946,1619100
2902,42,42,25120,892,973988,1721500
2903,33,42,25087,883,974030,1651000
2904,42,53,25045,872,974083,2077700
2905,34,51,25011,855,974134,1660000
2906,44,41,24967,858,974175,1723800
2907,61,44,24906,875,974219,1737300
2908,43,42,24863,876,974261,1633000
2909,32,45,24831,863,974306,1658300
2910,35,41,24796,857,974347,1864900
2911,45,40,24751,862,974387,1697000
2912,43,38,24708,867,974425,1768100
2913,32,50,24676,849,974475,1778600
2914,32,40,24644,841,974515,1797600
2915,39,47,24605,833,974562,1914400
2916,37,41,24568,829,974603,1972700
2917,41,45,24527,825,974648,1768500
2918,51,32,24476,844,974680,1656800
2919,46,45,24430,845,974725,1742600
2920,35,47,24395,833,974772,1723900
2921,45,43,24350,835,974815,1651800
2922,36,43,24314,828,974858,1623500
2923,41,38,24273,831,974896,1694200
2924,39,42,24234,828,974938,1618500
2925,43,51,24191,820,974989,1606100
2926,49,46,24142,823,975035,1670100
2927,38,34,24104,827,975069,1605700
2928,42,54,24062,815,975123,1720300
2929,51,42,24011,824,975165,1638400
2930,31,45,23980,810,975210,1642600
2931,41,36,23939,815,975246,1676200
2932,43,42,23896,816,975288,1679200
2933,28,42,23868,802,975330,1695900
2934,32,39,23836,795,975369,1646400
2935,41,42,23795,794,975411,1643300
2936,39,32,23756,801,975443,1730200
2937,34,39,23722,796,975482,1710800
2938,36,39,23686,793,975521,1710200
2939,41,50,23645,784,975571,1646900
2940,42,33,23603,793,975604,1690900
2941,32,35,23571,790,975639,1721500
2942,39,43,23532,786,975682,1626300
2943,42,38,23490,790,975720,1657600
2944,39,34,23451,795,975754,1758600
2945,32,32,23419,795,975786,1671200
2946,36,49,23383,782,975835,1663300
2947,42,52,23341,772,975887,1718300
2948,43,41,23298,774,975928,1685100
2949,40,43,23258,771,975971,1720800
2950,41,45,23217,767,976016,1681400
2951,38,37,23179,768,976053,1724100
2952,32,31,23147,769,976084,1663800
2953,43,38,23104,774,976122,1668900
2954,37,33,23067,778,976155,1683500
2955,36,30,23031,784,976185,1704900
2956,33,37,22998,780,976222,1954800
2957,43,32,22955,791,976254,1835500
2958,22,49,22933,764,976303,1712700
2959,39,51,22894,752,976354,1719500
2960,33,30,22861,755,976384,1681000
2961,36,39,22825,752,976423,1977900
2962,35,33,22790,754,976456,1697600
2963,29,36,22761,747,976492,1688800
2964,43,41,22718,749,976533,1701700
2965,27,38,22691,738,976571,1699500
2966,26,36,22665,728,976607,1753900
2967,34,35,22631,727,976642,1775000
2968,30,46,22601,711,976688,1681800
2969,29,39,22572,701,976727,1677200
2970,33,42,22539,692,976769,1746800
2971,34,40,22505,686,976809,1653300
2972,36,44,22469,678,976853,1615500
2973,23,29,22446,672,976882,1714500
2974,24,25,22422,671,976907,1693900
2975,38,22,22384,687,976929,1612600
2976,31,38,22353,680,976967,1828500
2977,26,37,22327,669,977004,1732300
2978,24,33,22303,660,977037,1750500
2979,41,35,22262,666,977072,1632400
2980,35,43,22227,658,977115,1721000
2981,17,35,22210,640,977150,1652600
2982,23,37,22187,626,977187,1620500
2983,28,35,22159,619,977222,1718700
2984,29,28,22130,620,977250,1666800
2985,20,34,22110,606,977284,1650000
2986,19,31,22091,594,977315,1745600
2987,31,36,22060,589,977351,1687100
2988,26,25,22034,590,977376,1619700
2989,37,40,21997,587,977416,1609300
2990,32,29,21965,590,977445,1662400
2991,26,29,21939,587,977474,1629300
2992,25,34,21914,578,977508,1729200
2993,24,34,21890,568,977542,1698400
2994,18,26,21872,560,977568,1653300
2995,24,25,21848,559,977593,1643100
2996,29,25,21819,563,977618,1679400
2997,15,25,21804,553,977643,1617100
2998,18,24,21786,547,977667,1662900
2999,26,26,21760,547,977693,1687000
3000,22,28,21738,541,977721,1619400
3001,22,32,21716,531,977753,1709500
3002,24,35,21692,520,977788,1736200
3003,21,25,21671,516,977813,1624000
3004,26,26,21645,516,977839,1620300
3005,26,30,21619,512,977869,1705000
3006,24,25,21595,511,977894,1570700
3007,23,27,21572,507,977921,1610700
3008,25,31,21547,501,977952,1657000
3009,25,38,21522,488,977990,1616400
3010,29,19,21493,498,978009,1631300
3011,33,30,21460,501,978039,1620500
3012,29,30,21431,500,978069,2035900
3013,21,17,21410,504,978086,1852200
3014,24,32,21386,496,978118,1960800
3015,28,17,21358,507,978135,1853800
3016,19,23,21339,503,978158,1763100
3017,27,28,21312,502,978186,1808100
3018,26,33,21286,495,978219,1978900
3019,31,28,21255,498,978247,1779800
3020,28,15,21227,511,978262,1782000
3021,37,27,21190,521,978289,1984300
3022,33,35,21157,519,978324,1719600
3023,30,26,21127,523,978350,1728200
3024,34,25,21093,532,978375,1759400
3025,32,14,21061,550,978389,1750600
3026,33,33,21028,550,978422,1693300
3027,34,22,20994,562,978444,1800400
3028,29,22,20965,569,978466,1703800
3029,24,28,20941,565,978494,1745300
3030,28,29,20913,564,978523,2000100
3031,32,29,20881,567,978552,1779600
3032,29,35,20852,561,978587,1795700
3033,33,30,20819,564,978617,1805300
3034,28,27,20791,565,978644,1933200
3035,30,15,20761,580,978659,1960100
3036,24,23,20737,581,978682,1839600
3037,30,31,20707,580,978713,1751300
3038,30,32,20677,578,978745,1846500
3039,36,20,20641,594,978765,1777700
3040,27,29,20614,592,978794,1753600
3041,38,30,20576,600,978824,1749500
3042,46,25,20530,621,978849,1829100
3043,25,35,20505,611,978884,1793200
3044,36,31,20469,616,978915,1727500
3045,28,37,20441,607,978952,1769000
3046,38,25,20403,620,978977,1772600
3047,27,36,20376,611,979013,1825400
3048,32,29,20344,614,979042,1810300
3049,30,24,20314,620,979066,1778700
3050,37,38,20277,619,979104,1741900
3051,27,35,20250,611,979139,1780600
3052,30,36,20220,605,979175,1737500
3053,23,29,20197,599,979204,1746400
3054,30,31,20167,598,979235,1856300
3055,22,31,20145,589,979266,1778200
3056,28,20,20117,597,979286,1759400
3057,31,36,20086,592,979322,1965000
3058,15,27,20071,580,979349,1763400
3059,23,36,20048,567,979385,1899800
3060,31,37,20017,561,979422,1787800
3061,22,29,19995,554,979451,1735900
3062,19,34,19976,539,979485,1725100
3063,30,17,19946,552,979502,1773200
3064,31,31,19915,552,979533,2114900
3065,20,32,19895,540,979565,1773100
3066,21,29,19874,532,979594,1782300
3067,26,24,19848,534,979618,1775500
3068,21,26,19827,529,979644,1775600
3069,27,32,19800,524,979676,1737400
3070,32,20,19768,536,979696,1754700
3071,33,27,19735,542,979723,1727500
3072,21,30,19714,533,979753,1810900
3073,19,17,19695,535,979770,1801600
3074,23,30,19672,528,979800,1770200
3075,27,28,19645,527,979828,1749800
3076,31,31,19614,527,979859,1761100
3077,26,26,19588,527,979885,1740300
3078,24,27,19564,524,979912,1714300
3079,26,27,19538,523,979939,1807200
3080,40,32,19498,531,979971,1744500
3081,22,24,19476,529,979995,1962800
3082,32,26,19444,535,980021,1767900
3083,25,31,19419,529,980052,1802900
3084,31,27,19388,533,980079,1745400
3085,29,23,19359,539,980102,1782800
3086,28,26,19331,541,980128,1751100
3087,25,19,19306,547,980147,1724600
3088,31,22,19275,556,980169,1734000
3089,25,21,19250,560,980190,1748700
3090,25,36,19225,549,980226,1732800
3091,21,23,19204,547,980249,1831100
3092,28,20,19176,555,980269,1773500
3093,30,25,19146,560,980294,1728900
3094,29,38,19117,551,980332,1725600
3095,24,20,19093,555,980352,1948600
3096,30,28,19063,557,980380,1783800
3097,30,28,19033,559,980408,1739900
3098,28,24,19005,563,980432,1752300
3099,23,25,18982,561,980457,1753200
3100,30,18,18952,573,980475,1775500
3101,29,23,18923,579,980498,1830100
3102,35,32,18888,582,980530,1773300
3103,29,33,18859,578,980563,1740200
3104,30,29,18829,579,980592,1779000
3105,26,25,18803,580,980617,1750900
3106,17,32,18786,565,980649,1735300
3107,24,27,18762,562,980676,1927000
3108,31,23,18731,570,980699,1999600
3109,25,23,18706,572,980722,1760100
3110,25,20,18681,577,980742,1802900
3111,21,24,18660,574,980766,1759900
3112,23,24,18637,573,980790,1740900
3113,27,37,18610,563,980827,1802200
3114,27,35,18583,555,980862,1737200
3115,24,27,18559,552,980889,1731700
3116,28,31,18531,549,980920,1779100
3117,22,19,18509,552,980939,1722700
3118,26,33,18483,545,980972,1735800
3119,23,21,18460,547,980993,1736100
3120,24,17,18436,554,981010,1751800
3121,18,33,18418,539,981043,1751600
3122,21,20,18397,540,981063,1998100
3123,17,26,18380,531,981089,1761900
3124,21,26,18359,526,981115,1737600
3125,21,27,18338,520,981142,1936600
3126,18,36,18320,502,981178,1815300
3127,20,26,18300,496,981204,1803100
3128,20,25,18280,491,981229,1809300
3129,20,28,18260,483,981257,1747300
3130,30,21,18230,492,981278,1707400
3131,21,21,18209,492,981299,1745200
3132,19,13,18190,498,981312,1916100
3133,18,22,18172,494,981334,1843200
3134,17,18,18155,493,981352,1753000
3135,20,27,18135,486,981379,1866100
3136,24,26,18111,484,981405,1781200
3137,26,27,18085,483,981432,1798800
3138,17,22,18068,478,981454,1782900
3139,19,25,18049,472,981479,1729300
3140,20,30,18029,462,981509,1727000
3141,16,20,18013,458,981529,1971500
3142,28,22,17985,464,981551,1779900
3143,11,16,17974,459,981567,1832000
3144,19,28,17955,450,981595,1844000
3145,16,28,17939,438,981623,1793900
3146,20,25,17919,433,981648,1733300
3147,23,18,17896,438,981666,1945000
3148,26,16,17870,448,981682,1766700
3149,22,17,17848,453,981699,1971600
3150,20,17,17828,456,981716,1911600
3151,21,16,17807,461,981732,1788600
3152,16,19,17791,458,981751,1759400
3153,19,27,17772,450,981778,1837300
3154,23,20,17749,453,981798,1745500
3155,20,18,17729,455,981816,1825800
3156,24,22,17705,457,981838,2054800
3157,18,24,17687,451,981862,1983700
3158,19,27,17668,443,981889,1839900
3159,18,19,17650,442,981908,1831900
3160,18,23,17632,437,981931,1745600
3161,17,27,17615,427,981958,1745600
3162,22,28,17593,421,981986,1752300
3163,18,20,17575,419,982006,1879600
3164,15,23,17560,411,982029,1854900
3165,13,15,17547,409,982044,1773900
3166,16,22,17531,403,982066,1716500
3167,16,19,17515,400,982085,1714100
3168,17,32,17498,385,982117,1791700
3169,12,22,17486,375,982139,1871200
3170,18,23,17468,370,982162,1753300
3171,16,12,17452,374,982174,1773200
3172,13,23,17439,364,982197,1747400
3173,8,18,17431,354,982215,1772300
3174,14,15,17417,353,982230,1920900
3175,12,8,17405,357,982238,1736800
3176,15,18,17390,354,982256,1918100
3177,13,21,17377,346,982277,1728400
3178,14,21,17363,339,982298,1745000
3179,20,25,17343,334,982323,1777500
3180,24,12,17319,346,982335,1798700
3181,20,20,17299,346,982355,1652800
3182,14,28,17285,332,982383,1631800
3183,17,20,17268,329,982403,1747000
3184,19,15,17249,333,982418,1669700
3185,14,13,17235,334,982431,1632000
3186,16,15,17219,335,982446,1743800
3187,16,19,17203,332,982465,1633600
3188,14,12,17189,334,982477,1608200
3189,18,15,17171,337,982492,1733100
3190,17,14,17154,340,982506,1619300
3191,14,20,17140,334,982526,1607900
3192,16,11,17124,339,982537,1716400
3193,19,12,17105,346,982549,1628100
3194,13,14,17092,345,982563,1637100
3195,13,16,17079,342,982579,1729500
3196,10,12,17069,340,982591,2001000
3197,15,13,17054,342,982604,1659800
3198,13,15,17041,340,982619,1630900
3199,17,18,17024,339,982637,1730300
3200,12,20,17012,331,982657,1756700
3201,13,14,16999,330,982671,1627000
3202,15,17,16984,328,982688,1631400
3203,11,18,16973,321,982706,1671800
3204,19,16,16954,324,982722,1622200
3205,8,20,16946,312,982742,1610700
3206,12,20,16934,304,982762,1644900
3207,14,11,16920,307,982773,1680500
3208,10,14,16910,303,982787,1721200
3209,7,19,16903,291,982806,1671400
3210,14,18,16889,287,982824,1627800
3211,13,17,16876,283,982841,1618700
3212,12,17,16864,278,982858,1644000
3213,11,10,16853,279,982868,1908200
3214,10,20,16843,269,982888,1855000
3215,13,8,16830,274,982896,1645000
3216,5,13,16825,266,982909,1679700
3217,14,16,16811,264,982925,1673500
3218,10,25,16801,249,982950,2008700
3219,14,12,16787,251,982962,1741300
3220,12,9,16775,254,982971,1730900
3221,9,7,16766,256,982978,1629800
3222,13,17,16753,252,982995,1677400
3223,14,14,16739,252,983009,1688500
3224,15,12,16724,255,983021,1591200
3225,8,7,16716,256,983028,1598700
3226,14,13,16702,257,983041,1753200
3227,10,11,16692,256,983052,1806400
3228,8,12,16684,252,983064,1684100
3229,13,17,16671,248,983081,1650700
3230,17,9,16654,256,983090,1622300
3231,20,7,16634,269,983097,1641300
3232,13,13,16621,269,983110,1722300
3233,15,15,16606,269,983125,1831700
3234,15,17,16591,267,983142,1638600
3235,14,14,16577,267,983156,1831900
3236,11,12,16566,266,983168,1732000
3237,11,20,16555,257,983188,1733200
3238,9,11,16546,255,983199,1729300
3239,10,11,16536,254,983210,1613500
3240,14,9,16522,259,983219,1744300
3241,6,15,16516,250,983234,1687700
3242,13,15,16503,248,983249,1647800
3243,12,7,16491,253,983256,1636300
3244,13,14,16478,252,983270,1642900
3245,15,15,16463,252,983285,1632100
3246,14,14,16449,252,983299,1717600
3247,12,15,16437,249,983314,1648300
3248,11,13,16426,247,983327,1616100
3249,7,17,16419,237,983344,2070600
3250,14,7,16405,244,983351,1829900
3251,11,12,16394,243,983363,1680200
3252,13,21,16381,235,983384,1716300
3253,5,10,16376,230,983394,1772200
3254,15,15,16361,230,983409,1625400
3255,9,13,16352,226,983422,1730200
3256,4,12,16348,218,983434,1708800
3257,8,10,16340,216,983444,1713700
3258,11,19,16329,208,983463,1695200
3259,8,7,16321,209,983470,1721100
3260,10,7,16311,212,983477,1728800
3261,6,7,16305,211,983484,1722000
3262,6,7,16299,210,983491,1762800
3263,12,11,16287,211,983502,1641900
3264,10,12,16277,209,983514,1658300
3265,12,6,16265,215,983520,1609100
3266,11,13,16254,213,983533,1974300
3267,14,18,16240,209,983551,1933800
3268,7,12,16233,204,983563,1998000
3269,9,13,16224,200,983576,1718200
3270,6,14,16218,192,983590,1746000
3271,12,9,16206,195,983599,1744600
3272,9,7,16197,197,983606,1699100
3273,8,17,16189,188,983623,1767200
3274,4,9,16185,183,983632,1740800
3275,7,9,16178,181,983641,1759300
3276,12,10,16166,183,983651,1995100
3277,5,9,16161,179,983660,1731100
3278,4,17,16157,166,983677,1911700
3279,5,6,16152,165,983683,1715500
3280,6,8,16146,163,983691,1714500
3281,7,13,16139,157,983704,1841200
3282,5,8,16134,154,983712,1705100
3283,4,4,16130,154,983716,1730500
3284,9,9,16121,154,983725,1757400
3285,5,5,16116,154,983730,2038000
3286,6,6,16110,154,983736,1731400
3287,9,11,16101,152,983747,1658900
3288,10,8,16091,154,983755,1618800
3289,9,10,16082,153,983765,1757500
3290,10,7,16072,156,983772,1811200
3291,6,11,16066,151,983783,1708700
3292,6,8,16060,149,983791,1648200
3293,4,0,16056,153,983791,1743700
3294,4,3,16052,154,983794,1696100
3295,7,4,16045,157,983798,1935300
3296,8,3,16037,162,983801,1670800
3297,7,2,16030,167,983803,1662400
3298,8,10,16022,165,983813,1647900
3299,8,9,16014,164,983822,1644900
3300,4,6,16010,162,983828,1637100
3301,7,11,16003,158,983839,1662800
3302,6,14,15997,150,983853,1638700
3303,11,8,15986,153,983861,1664200
3304,4,8,15982,149,983869,1655600
3305,8,9,15974,148,983878,1753400
3306,5,3,15969,150,983881,1652800
3307,8,6,15961,152,983887,1661600
3308,5,11,15956,146,983898,1636100
3309,7,6,15949,147,983904,1726100
3310,7,5,15942,149,983909,1638200
3311,5,5,15937,149,983914,1663700
3312,4,4,15933,149,983918,1850600
3313,12,8,15921,153,983926,1657800
3314,9,8,15912,154,983934,1838200
3315,9,10,15903,153,983944,1808400
3316,7,9,15896,151,983953,1861600
3317,10,9,15886,152,983962,1664400
3318,8,9,15878,151,983971,1736700
3319,7,10,15871,148,983981,1693500
3320,5,5,15866,148,983986,1668400
3321,3,8,15863,143,983994,2308300
3322,2,5,15861,140,983999,1731800
3323,5,8,15856,137,984007,1714200
3324,7,5,15849,139,984012,1786300
3325,6,4,15843,141,984016,1672700
3326,2,5,15841,138,984021,1715200
3327,5,5,15836,138,984026,1652600
3328,9,5,15827,142,984031,1627900
3329,3,8,15824,137,984039,1647700
3330,8,6,15816,139,984045,1672700
3331,10,5,15806,144,984050,1881800
3332,9,10,15797,143,984060,1734900
3333,11,11,15786,143,984071,1743500
3334,6,9,15780,140,984080,1656000
3335,9,8,15771,141,984088,1687500
3336,6,7,15765,140,984095,1663700
3337,3,10,15762,133,984105,1744900
3338,12,5,15750,140,984110,1746600
3339,6,8,15744,138,984118,1678700
3340,4,2,15740,140,984120,1640300
3341,12,5,15728,147,984125,1691800
3342,7,4,15721,150,984129,1626000
3343,6,5,15715,151,984134,1904600
3344,4,5,15711,150,984139,1790700
3345,9,12,15702,147,984151,1715400
3346,8,3,15694,152,984154,1627500
3347,4,12,15690,144,984166,1672500
3348,4,7,15686,141,984173,1676100
3349,2,4,15684,139,984177,1682600
3350,4,3,15680,140,984180,1798500
3351,3,7,15677,136,984187,1733200
3352,6,8,15671,134,984195,1735400
3353,6,6,15665,134,984201,1713700
3354,7,8,15658,133,984209,1653300
3355,6,8,15652,131,984217,1671900
3356,4,8,15648,127,984225,1649200
3357,5,6,15643,126,984231,1632500
3358,4,7,15639,123,984238,1846700
3359,3,5,15636,121,984243,1678200
3360,2,6,15634,117,984249,1839700
3361,2,4,15632,115,984253,1727400
3362,2,4,15630,113,984257,1710500
3363,3,9,15627,107,984266,1645900
3364,2,3,15625,106,984269,1608200
3365,2,3,15623,105,984272,1735200
3366,3,0,15620,108,984272,1655100
3367,3,6,15617,105,984278,1656500
3368,2,5,15615,102,984283,1715600
3369,3,7,15612,98,984290,1621500
3370,4,7,15608,95,984297,1896600
3371,0,6,15608,89,984303,1738500
3372,0,2,15608,87,984305,1752200
3373,5,3,15603,89,984308,1655100
3374,3,2,15600,90,984310,1627600
3375,3,6,15597,87,984316,1760900
3376,1,7,15596,81,984323,1708300
3377,1,6,15595,76,984329,1670700
3378,1,5,15594,72,984334,1708500
3379,3,4,15591,71,984338,1714100
3380,2,0,15589,73,984338,1618600
3381,1,3,15588,71,984341,1601700
3382,2,2,15586,71,984343,1669100
3383,2,3,15584,70,984346,1666100
3384,3,3,15581,70,984349,1632500
3385,3,4,15578,69,984353,2181300
3386,3,7,15575,65,984360,1722300
3387,5,5,15570,65,984365,1652000
3388,5,2,15565,68,984367,1665000
3389,2,4,15563,66,984371,1708000
3390,0,1,15563,65,984372,1646700
3391,1,3,15562,63,984375,1612300
3392,0,4,15562,59,984379,1714000
3393,1,3,15561,57,984382,1643200
3394,2,3,15559,56,984385,1847500
3395,1,1,15558,56,984386,1627800
3396,1,1,15557,56,984387,1693000
3397,2,1,15555,57,984388,1600300
3398,1,1,15554,57,984389,1613600
3399,0,4,15554,53,984393,1652800
3400,0,2,15554,51,984395,1919400
3401,1,3,15553,49,984398,1735100
3402,0,5,15553,44,984403,1701400
3403,0,0,15553,44,984403,1678300
3404,0,1,15553,43,984404,1663800
3405,0,2,15553,41,984406,1654900
3406,0,1,15553,40,984407,1741400
3407,1,3,15552,38,984410,1618600
3408,0,1,15552,37,984411,1619700
3409,0,1,15552,36,984412,1669200
3410,1,1,15551,36,984413,1659600
3411,0,1,15551,35,984414,1698300
3412,0,2,15551,33,984416,1641200
3413,1,0,15550,34,984416,1769700
3414,0,2,15550,32,984418,1859300
3415,0,2,15550,30,984420,1755500
3416,0,1,15550,29,984421,1724100
3417,0,0,15550,29,984421,1741500
3418,0,0,15550,29,984421,1693800
3419,0,2,15550,27,984423,1745700
3420,0,3,15550,24,984426,1781200
3421,1,3,15549,22,984429,1909700
3422,0,1,15549,21,984430,1664900
3423,0,3,15549,18,984433,1660900
3424,1,1,15548,18,984434,1684700
3425,0,0,15548,18,984434,1618600
3426,1,0,15547,19,984434,1596500
3427,1,0,15546,20,984434,1669300
3428,0,0,15546,20,984434,1614900
3429,0,1,15546,19,984435,1698000
3430,0,1,15546,18,984436,1640700
3431,0,3,15546,15,984439,1981500
3432,0,1,15546,14,984440,1749100
3433,0,1,15546,13,984441,1721900
3434,0,2,15546,11,984443,1756000
3435,1,1,15545,11,984444,1928700
3436,1,0,15544,12,984444,1678000
3437,0,0,15544,12,984444,1668100
3438,0,1,15544,11,984445,1681500
3439,0,0,15544,11,984445,1936200
3440,1,0,15543,12,984445,1735600
3441,0,1,15543,11,984446,1703600
3442,0,0,15543,11,984446,1730200
3443,1,0,15542,12,984446,1701100
3444,0,0,15542,12,984446,1738700
3445,0,1,15542,11,984447,1731100
3446,1,0,15541,12,984447,1711300
3447,1,0,15540,13,984447,1723100
3448,0,1,15540,12,984448,1807100
3449,1,1,15539,12,984449,1668300
3450,0,2,15539,10,984451,1737700
3451,0,0,15539,10,984451,1637200
3452,0,0,15539,10,984451,1623100
3453,0,0,15539,10,984451,1713600
3454,0,0,15539,10,984451,1865600
3455,0,0,15539,10,984451,1622600
3456,0,1,15539,9,984452,1605300
3457,0,2,15539,7,984454,1677500
3458,0,0,15539,7,984454,1630200
3459,0,0,15539,7,984454,1703300
3460,0,0,15539,7,984454,1658000
3461,0,1,15539,6,984455,1607200
3462,0,0,15539,6,984455,1713400
3463,0,1,15539,5,984456,1690500
3464,0,0,15539,5,984456,1680700
3465,0,1,15539,4,984457,1731200
3466,0,1,15539,3,984458,1711600
3467,0,0,15539,3,984458,1634000
3468,0,1,15539,2,984459,1617600
3469,0,0,15539,2,984459,1694500
3470,0,0,15539,2,984459,1623700
3471,0,0,15539,2,984459,1617000
3472,0,1,15539,1,984460,1691700
3473,0,0,15539,1,984460,1650800
3474,0,0,15539,1,984460,1600400
3475,0,0,15539,1,984460,1676800
3476,0,0,15539,1,984460,1658200
3477,0,0,15539,1,984460,1713400
3478,0,0,15539,1,984460,1696000
3479,0,0,15539,1,984460,1603600
3480,0,0,15539,1,984460,1609300
3481,0,0,15539,1,984460,1675500
3482,0,0,15539,1,984460,1632300
3483,0,0,15539,1,984460,1617700
3484,0,0,15539,1,984460,1784200
3485,0,0,15539,1,984460,1841200
3486,0,0,15539,1,984460,1641400
3487,0,0,15539,1,984460,1717500
3488,0,0,15539,1,984460,1756700
3489,0,0,15539,1,984460,1728900
3490,0,0,15539,1,984460,1590600
3491,0,1,15539,0,984461,1626400
