Tick,NewlyInfected,NewlyRecovered,TotalSusceptible,TotalInfected,TotalRecovered,StepTimeNanos
0,0,0,999995,5,0,2478200
1,3,0,999992,8,0,2221000
2,4,0,999988,12,0,1766000
3,2,1,999986,13,1,1803600
4,6,1,999980,18,2,1994200
5,2,0,999978,20,2,1715200
6,3,1,999975,22,3,1713500
7,2,1,999973,23,4,1783700
8,5,0,999968,28,4,2495500
9,2,3,999966,27,7,1826700
10,4,0,999962,31,7,1733700
11,4,1,999958,34,8,1790200
12,7,0,999951,41,8,1737200
13,8,1,999943,48,9,1704400
14,6,4,999937,50,13,1705200
15,4,2,999933,52,15,1687500
16,12,1,999921,63,16,1706800
17,10,3,999911,70,19,1719600
18,8,2,999903,76,21,1701900
19,7,2,999896,81,23,1971900
20,12,5,999884,88,28,1784700
21,5,4,999879,89,32,1770400
22,11,8,999868,92,40,1788800
23,9,2,999859,99,42,1697600
24,14,7,999845,106,49,1779500
25,12,4,999833,114,53,1942300
26,5,5,999828,114,58,1804500
27,13,8,999815,119,66,1646100
28,9,5,999806,123,71,1732900
29,14,5,999792,132,76,1728100
30,11,6,999781,137,82,1714400
31,7,7,999774,137,89,1727500
32,17,8,999757,146,97,1621700
33,10,6,999747,150,103,1975400
34,12,11,999735,151,114,1838800
35,15,5,999720,161,119,1901500
36,15,8,999705,168,127,1743500
37,13,10,999692,171,137,1872400
38,14,8,999678,177,145,1734300
39,12,14,999666,175,159,1725400
40,24,8,999642,191,167,1733900
41,19,10,999623,200,177,1726200
42,25,9,999598,216,186,1733100
43,10,14,999588,212,200,1723700
44,25,11,999563,226,211,1735800
45,13,14,999550,225,225,1727200
46,16,10,999534,231,235,1707300
47,23,10,999511,244,245,1762200
48,23,15,999488,252,260,1746600
49,11,13,999477,250,273,1746600
50,27,14,999450,263,287,1614900
51,15,19,999435,259,306,1712000
52,20,12,999415,267,318,1710000
53,24,19,999391,272,337,1686100
54,23,15,999368,280,352,1669800
55,23,23,999345,280,375,1651700
56,18,16,999327,282,391,1638300
57,19,14,999308,287,405,1687200
58,24,21,999284,290,426,1608800
59,24,18,999260,296,444,1735200
60,26,12,999234,310,456,2117500
61,31,14,999203,327,470,1725000
62,26,16,999177,337,486,1630700
63,23,15,999154,345,501,1605900
64,21,11,999133,355,512,1747600
65,25,24,999108,356,536,1912000
66,26,15,999082,367,551,1737000
67,35,22,999047,380,573,1777700
68,30,14,999017,396,587,1887000
69,19,23,998998,392,610,1706300
70,31,19,998967,404,629,1707000
71,26,22,998941,408,651,1695000
72,28,27,998913,409,678,1683400
73,21,21,998892,409,699,1838600
74,38,19,998854,428,718,1703500
75,40,20,998814,448,738,1699500
76,33,16,998781,465,754,1757300
77,40,22,998741,483,776,1745700
78,31,25,998710,489,801,1737700
79,37,26,998673,500,827,1761300
80,34,24,998639,510,851,1737300
81,34,20,998605,524,871,1748000
82,44,33,998561,535,904,1829700
83,43,22,998518,556,926,1721200
84,40,29,998478,567,955,1721300
85,44,26,998434,585,981,1728400
86,34,30,998400,589,1011,1734600
87,42,28,998358,603,1039,1707700
88,44,19,998314,628,1058,1778600
89,46,33,998268,641,1091,1715400
90,42,29,998226,654,1120,1723600
91,40,36,998186,658,1156,1792100
92,48,37,998138,669,1193,2000600
93,50,23,998088,696,1216,2123300
94,36,37,998052,695,1253,1737600
95,38,43,998014,690,1296,1708800
96,38,27,997976,701,1323,1745100
97,46,38,997930,709,1361,1707600
98,51,40,997879,720,1401,1893500
99,49,29,997830,740,1430,1769300
100,53,35,997777,758,1465,1779400
101,46,34,997731,770,1499,1785500
102,47,31,997684,786,1530,1675900
103,45,47,997639,784,1577,1989700
104,64,43,997575,805,1620,1847400
105,59,40,997516,824,1660,1957400
106,47,38,997469,833,1698,2046100
107,51,44,997418,840,1742,1927900
108,54,40,997364,854,1782,1929500
109,53,46,997311,861,1828,2965200
110,63,42,997248,882,1870,4099300
111,67,46,997181,903,1916,2040500
112,79,38,997102,944,1954,1904900
113,60,43,997042,961,1997,1872300
114,52,45,996990,968,2042,1878500
115,70,48,996920,990,2090,2413600
116,59,47,996861,1002,2137,2053500
117,69,49,996792,1022,2186,1909700
118,65,41,996727,1046,2227,1984300
119,75,59,996652,1062,2286,1942400
120,56,53,996596,1065,2339,2042000
121,74,66,996522,1073,2405,2051800
122,54,56,996468,1071,2461,1993600
123,68,55,996400,1084,2516,2115200
124,70,64,996330,1090,2580,1966600
125,62,63,996268,1089,2643,1952400
126,66,53,996202,1102,2696,1875800
127,70,55,996132,1117,2751,1858400
128,66,60,996066,1123,2811,1827700
129,62,47,996004,1138,2858,1902700
130,76,53,995928,1161,2911,1834200
131,61,55,995867,1167,2966,1787000
132,63,58,995804,1172,3024,1799200
133,81,51,995723,1202,3075,1759600
134,72,64,995651,1210,3139,1831800
135,64,61,995587,1213,3200,1730000
136,70,63,995517,1220,3263,1742200
137,74,47,995443,1247,3310,1841900
138,62,71,995381,1238,3381,1802400
139,87,56,995294,1269,3437,1891400
140,71,59,995223,1281,3496,1917100
141,78,61,995145,1298,3557,2646500
142,71,76,995074,1293,3633,4202700
143,58,55,995016,1296,3688,2238700
144,76,65,994940,1307,3753,8002800
145,70,68,994870,1309,3821,5335200
146,74,72,994796,1311,3893,3510700
147,52,64,994744,1299,3957,2926000
148,64,61,994680,1302,4018,2362400
149,69,60,994611,1311,4078,2260500
150,65,76,994546,1300,4154,2214000
151,75,61,994471,1314,4215,2326800
152,61,75,994410,1300,4290,2326600
153,58,52,994352,1306,4342,2397200
154,64,62,994288,1308,4404,2075400
155,59,67,994229,1300,4471,1996900
156,68,64,994161,1304,4535,2407700
157,75,49,994086,1330,4584,2299600
158,85,82,994001,1333,4666,2104400
159,72,60,993929,1345,4726,2169900
160,74,84,993855,1335,4810,2099400
161,90,65,993765,1360,4875,1996500
162,75,70,993690,1365,4945,3897700
163,84,68,993606,1381,5013,3429900
164,70,74,993536,1377,5087,2202800
165,91,62,993445,1406,5149,2125600
166,80,62,993365,1424,5211,1990800
167,100,55,993265,1469,5266,1887000
168,89,73,993176,1485,5339,1904700
169,98,73,993078,1510,5412,1892000
170,104,80,992974,1534,5492,1914500
171,90,65,992884,1559,5557,1924100
172,99,99,992785,1559,5656,1849700
173,85,79,992700,1565,5735,1967500
174,89,77,992611,1577,5812,2038900
175,75,81,992536,1571,5893,2044800
176,101,63,992435,1609,5956,1996200
177,102,83,992333,1628,6039,1922400
178,101,82,992232,1647,6121,1885600
179,90,82,992142,1655,6203,1984800
180,96,88,992046,1663,6291,1818700
181,102,89,991944,1676,6380,1819300
182,88,86,991856,1678,6466,1962900
183,89,95,991767,1672,6561,1880900
184,82,84,991685,1670,6645,1962300
185,100,90,991585,1680,6735,1942800
186,95,86,991490,1689,6821,1920800
187,94,90,991396,1693,6911,1930700
188,86,87,991310,1692,6998,1903200
189,91,74,991219,1709,7072,2061400
190,114,78,991105,1745,7150,1919600
191,108,85,990997,1768,7235,1980300
192,93,99,990904,1762,7334,1951300
193,88,79,990816,1771,7413,1992800
194,89,81,990727,1779,7494,1956800
195,101,99,990626,1781,7593,1835600
196,109,83,990517,1807,7676,1827200
197,103,82,990414,1828,7758,2069200
198,102,80,990312,1850,7838,1731700
199,90,85,990222,1855,7923,2163400
200,131,107,990091,1879,8030,1957500
201,104,85,989987,1898,8115,1867100
202,83,84,989904,1897,8199,1902100
203,96,90,989808,1903,8289,1834800
204,90,102,989718,1891,8391,1889600
205,93,102,989625,1882,8493,1950700
206,104,94,989521,1892,8587,1864700
207,92,81,989429,1903,8668,1934000
208,91,100,989338,1894,8768,1787000
209,125,110,989213,1909,8878,1727600
210,115,124,989098,1900,9002,1902500
211,101,105,988997,1896,9107,1888500
212,87,95,988910,1888,9202,1803200
213,97,90,988813,1895,9292,1763600
214,110,107,988703,1898,9399,1851700
215,122,89,988581,1931,9488,1772200
216,117,86,988464,1962,9574,1757900
217,104,106,988360,1960,9680,1745000
218,128,100,988232,1988,9780,1743000
219,92,79,988140,2001,9859,1743100
220,106,96,988034,2011,9955,1778200
221,109,100,987925,2020,10055,1785900
222,117,121,987808,2016,10176,1846200
223,104,105,987704,2015,10281,1758600
224,87,88,987617,2014,10369,1740300
225,91,103,987526,2002,10472,1743500
226,118,116,987408,2004,10588,1695200
227,127,93,987281,2038,10681,1985000
228,131,97,987150,2072,10778,1817000
229,117,104,987033,2085,10882,1790000
230,111,111,986922,2085,10993,1783000
231,104,109,986818,2080,11102,1753300
232,126,110,986692,2096,11212,1780400
233,111,118,986581,2089,11330,1931100
234,95,91,986486,2093,11421,1725000
235,127,98,986359,2122,11519,1837400
236,117,109,986242,2130,11628,1791900
237,130,106,986112,2154,11734,1845900
238,135,109,985977,2180,11843,1765100
239,126,95,985851,2211,11938,1776100
240,122,114,985729,2219,12052,1784800
241,134,106,985595,2247,12158,1755200
242,124,125,985471,2246,12283,1762300
243,138,99,985333,2285,12382,1982900
244,130,111,985203,2304,12493,1775100
245,143,116,985060,2331,12609,1763800
246,139,132,984921,2338,12741,1756600
247,149,108,984772,2379,12849,1795800
248,115,101,984657,2393,12950,1744500
249,128,105,984529,2416,13055,1738500
250,141,131,984388,2426,13186,1750800
251,138,122,984250,2442,13308,1980100
252,133,127,984117,2448,13435,1778800
253,149,117,983968,2480,13552,1776000
254,138,115,983830,2503,13667,1786000
255,143,111,983687,2535,13778,1771200
256,154,124,983533,2565,13902,1903700
257,133,140,983400,2558,14042,1788700
258,148,143,983252,2563,14185,1837400
259,136,149,983116,2550,14334,1806000
260,148,123,982968,2575,14457,1774300
261,152,130,982816,2597,14587,1782800
262,129,126,982687,2600,14713,1863400
263,139,138,982548,2601,14851,1791100
264,138,129,982410,2610,14980,1796800
265,151,115,982259,2646,15095,1721500
266,142,123,982117,2665,15218,1722000
267,143,146,981974,2662,15364,1735300
268,132,136,981842,2658,15500,1696200
269,152,155,981690,2655,15655,1698300
270,128,125,981562,2658,15780,1666800
271,138,115,981424,2681,15895,1937200
272,128,143,981296,2666,16038,1798700
273,120,149,981176,2637,16187,1872800
274,126,115,981050,2648,16302,1910900
275,138,130,980912,2656,16432,2120800
276,143,115,980769,2684,16547,1822900
277,141,127,980628,2698,16674,1814700
278,152,129,980476,2721,16803,1793600
279,130,149,980346,2702,16952,1839700
280,161,135,980185,2728,17087,1811200
281,129,121,980056,2736,17208,1784900
282,157,109,979899,2784,17317,1805500
283,132,135,979767,2781,17452,1760000
284,158,116,979609,2823,17568,1776500
285,152,143,979457,2832,17711,2096100
286,130,140,979327,2822,17851,1831000
287,150,137,979177,2835,17988,2102800
288,168,137,979009,2866,18125,1772100
289,145,138,978864,2873,18263,1771600
290,152,147,978712,2878,18410,1796600
291,151,148,978561,2881,18558,1831400
292,140,149,978421,2872,18707,1831600
293,148,154,978273,2866,18861,1870800
294,165,129,978108,2902,18990,2002400
295,167,142,977941,2927,19132,1876000
296,154,150,977787,2931,19282,2009800
297,159,139,977628,2951,19421,1812700
298,161,122,977467,2990,19543,2084700
299,159,137,977308,3012,19680,2075100
300,166,174,977142,3004,19854,1791900
301,170,153,976972,3021,20007,1756100
302,161,127,976811,3055,20134,2046500
303,151,170,976660,3036,20304,1913900
304,147,156,976513,3027,20460,1846500
305,168,150,976345,3045,20610,1818700
306,162,156,976183,3051,20766,1907300
307,149,148,976034,3052,20914,1769900
308,156,162,975878,3046,21076,1745300
309,169,157,975709,3058,21233,1894400
310,141,150,975568,3049,21383,1792200
311,153,148,975415,3054,21531,1848400
312,178,156,975237,3076,21687,1773500
313,168,153,975069,3091,21840,1840200
314,169,142,974900,3118,21982,1767000
315,154,151,974746,3121,22133,1751000
316,186,153,974560,3154,22286,1783500
317,179,151,974381,3182,22437,1784400
318,154,166,974227,3170,22603,1782800
319,164,138,974063,3196,22741,1783100
320,142,130,973921,3208,22871,1757500
321,166,168,973755,3206,23039,1792900
322,152,165,973603,3193,23204,1897700
323,164,154,973439,3203,23358,1947200
324,176,180,973263,3199,23538,1877000
325,196,162,973067,3233,23700,1956200
326,161,157,972906,3237,23857,2443700
327,159,140,972747,3256,23997,3283400
328,176,143,972571,3289,24140,2246300
329,184,149,972387,3324,24289,1966300
330,168,161,972219,3331,24450,1872900
331,190,155,972029,3366,24605,1798700
332,185,159,971844,3392,24764,1771800
333,183,157,971661,3418,24921,1887900
334,179,163,971482,3434,25084,1781900
335,179,178,971303,3435,25262,6019800
336,175,164,971128,3446,25426,2168300
337,192,179,970936,3459,25605,2042100
338,193,166,970743,3486,25771,2016000
339,184,195,970559,3475,25966,2069400
340,203,173,970356,3505,26139,2056400
341,187,180,970169,3512,26319,2053700
342,208,161,969961,3559,26480,2010200
343,186,180,969775,3565,26660,2262000
344,182,178,969593,3569,26838,2023700
345,197,183,969396,3583,27021,1970500
346,186,166,969210,3603,27187,2066400
347,180,176,969030,3607,27363,1956000
348,183,185,968847,3605,27548,1952900
349,189,194,968658,3600,27742,1990900
350,179,172,968479,3607,27914,1963400
351,197,171,968282,3633,28085,1932500
352,203,204,968079,3632,28289,1866300
353,196,191,967883,3637,28480,1817500
354,170,174,967713,3633,28654,2099200
355,202,198,967511,3637,28852,1929300
356,194,176,967317,3655,29028,2104600
357,205,179,967112,3681,29207,1824300
358,203,159,966909,3725,29366,1927100
359,192,174,966717,3743,29540,1785400
360,217,175,966500,3785,29715,1811500
361,208,184,966292,3809,29899,1874300
362,203,176,966089,3836,30075,1792400
363,222,191,965867,3867,30266,1784500
364,218,200,965649,3885,30466,1843000
365,214,186,965435,3913,30652,1890900
366,221,175,965214,3959,30827,1827700
367,200,187,965014,3972,31014,1789800
368,211,235,964803,3948,31249,1863100
369,201,191,964602,3958,31440,1860700
370,224,214,964378,3968,31654,2044400
371,213,182,964165,3999,31836,1838600
372,224,221,963941,4002,32057,1790900
373,244,211,963697,4035,32268,1851500
374,232,184,963465,4083,32452,1801600
375,227,202,963238,4108,32654,2032800
376,208,219,963030,4097,32873,1844200
377,203,201,962827,4099,33074,1842000
378,218,216,962609,4101,33290,1892200
379,196,188,962413,4109,33478,1829700
380,219,207,962194,4121,33685,1773800
381,204,218,961990,4107,33903,1876800
382,229,204,961761,4132,34107,1814400
383,193,194,961568,4131,34301,1775700
384,220,203,961348,4148,34504,1992600
385,222,215,961126,4155,34719,1752000
386,196,189,960930,4162,34908,1778600
387,226,208,960704,4180,35116,1829900
388,199,233,960505,4146,35349,1824100
389,214,216,960291,4144,35565,1821700
390,224,188,960067,4180,35753,1826500
391,203,198,959864,4185,35951,1716600
392,207,206,959657,4186,36157,1794700
393,213,199,959444,4200,36356,1843200
394,223,200,959221,4223,36556,1862200
395,234,161,958987,4296,36717,1860900
396,229,199,958758,4326,36916,1874700
397,212,204,958546,4334,37120,1775200
398,195,220,958351,4309,37340,1807200
399,204,222,958147,4291,37562,1922400
400,224,194,957923,4321,37756,1797200
401,221,213,957702,4329,37969,1890500
402,220,230,957482,4319,38199,1887300
403,209,202,957273,4326,38401,1816300
404,227,212,957046,4341,38613,1869400
405,241,189,956805,4393,38802,1866600
406,228,217,956577,4404,39019,1862200
407,191,212,956386,4383,39231,2151600
408,228,208,956158,4403,39439,1866400
409,235,234,955923,4404,39673,1853900
410,219,226,955704,4397,39899,1828900
411,206,199,955498,4404,40098,1776900
412,218,216,955280,4406,40314,1805000
413,250,214,955030,4442,40528,1736200
414,264,227,954766,4479,40755,1857200
415,220,214,954546,4485,40969,1952600
416,245,201,954301,4529,41170,1831600
417,235,225,954066,4539,41395,1803500
418,237,222,953829,4554,41617,1885400
419,231,222,953598,4563,41839,1873800
420,223,216,953375,4570,42055,1869900
421,254,219,953121,4605,42274,1845000
422,247,220,952874,4632,42494,1809400
423,245,236,952629,4641,42730,1899600
424,235,223,952394,4653,42953,1819700
425,243,236,952151,4660,43189,1786700
426,244,246,951907,4658,43435,1855100
427,246,236,951661,4668,43671,1882800
428,240,205,951421,4703,43876,1848400
429,249,229,951172,4723,44105,1987500
430,201,202,950971,4722,44307,1855800
431,247,226,950724,4743,44533,1846200
432,233,223,950491,4753,44756,1804500
433,249,214,950242,4788,44970,1786200
434,254,234,949988,4808,45204,2023100
435,254,233,949734,4829,45437,1800000
436,231,267,949503,4793,45704,1822700
437,275,241,949228,4827,45945,1839400
438,239,230,948989,4836,46175,2113200
439,263,234,948726,4865,46409,1876600
440,234,254,948492,4845,46663,1840800
441,250,237,948242,4858,46900,1872900
442,248,258,947994,4848,47158,1903300
443,282,252,947712,4878,47410,1829100
444,229,264,947483,4843,47674,1857100
445,229,234,947254,4838,47908,1927300
446,252,238,947002,4852,48146,2021700
447,245,266,946757,4831,48412,1864500
448,251,211,946506,4871,48623,1838200
449,265,261,946241,4875,48884,1824700
450,255,241,945986,4889,49125,1840100
451,260,261,945726,4888,49386,1820800
452,240,234,945486,4894,49620,1781100
453,254,230,945232,4918,49850,1792800
454,247,251,944985,4914,50101,2015100
455,255,234,944730,4935,50335,1867100
456,234,236,944496,4933,50571,1761100
457,260,217,944236,4976,50788,2003500
458,249,235,943987,4990,51023,1807000
459,234,266,943753,4958,51289,2076600
460,236,250,943517,4944,51539,2152200
461,239,254,943278,4929,51793,1759600
462,245,246,943033,4928,52039,1846300
463,252,235,942781,4945,52274,1872500
464,273,262,942508,4956,52536,1742300
465,220,229,942288,4947,52765,1832600
466,242,260,942046,4929,53025,1747900
467,248,256,941798,4921,53281,1774000
468,253,257,941545,4917,53538,1764100
469,244,257,941301,4904,53795,1685500
470,258,253,941043,4909,54048,1710400
471,253,245,940790,4917,54293,1836600
472,278,221,940512,4974,54514,1806800
473,245,214,940267,5005,54728,1773100
474,228,281,940039,4952,55009,1776200
475,258,268,939781,4942,55277,1779700
476,277,233,939504,4986,55510,1752700
477,257,240,939247,5003,55750,1816200
478,293,248,938954,5048,55998,1913300
479,263,256,938691,5055,56254,2040000
480,245,272,938446,5028,56526,1862400
481,257,245,938189,5040,56771,1877900
482,275,257,937914,5058,57028,1838900
483,294,235,937620,5117,57263,1786600
484,280,279,937340,5118,57542,1821500
485,256,244,937084,5130,57786,1904300
486,259,276,936825,5113,58062,1854800
487,298,248,936527,5163,58310,1843700
488,264,263,936263,5164,58573,1855800
489,245,283,936018,5126,58856,1878000
490,272,281,935746,5117,59137,1841400
491,282,282,935464,5117,59419,1851300
492,285,271,935179,5131,59690,1908700
493,267,249,934912,5149,59939,1914300
494,256,278,934656,5127,60217,1950300
495,258,251,934398,5134,60468,1887400
496,276,227,934122,5183,60695,2128300
497,275,256,933847,5202,60951,1913500
498,302,250,933545,5254,61201,1895300
499,281,261,933264,5274,61462,1878700
500,285,261,932979,5298,61723,2013900
501,283,261,932696,5320,61984,1821300
502,260,260,932436,5320,62244,1788200
503,302,255,932134,5367,62499,1786300
504,274,256,931860,5385,62755,1793300
505,314,268,931546,5431,63023,1884000
506,280,268,931266,5443,63291,1805200
507,281,263,930985,5461,63554,1969800
508,274,280,930711,5455,63834,1752500
509,280,282,930431,5453,64116,1733700
510,273,280,930158,5446,64396,1839400
511,276,282,929882,5440,64678,1792900
512,270,278,929612,5432,64956,1720500
513,274,275,929338,5431,65231,1715400
514,292,264,929046,5459,65495,1821400
515,303,287,928743,5475,65782,1718900
516,288,295,928455,5468,66077,1819500
517,256,289,928199,5435,66366,2085500
518,309,270,927890,5474,66636,1761400
519,277,266,927613,5485,66902,1805700
520,254,283,927359,5456,67185,1961300
521,254,256,927105,5454,67441,1763000
522,286,279,926819,5461,67720,2119900
523,265,285,926554,5441,68005,1780200
524,281,275,926273,5447,68280,1972100
525,327,300,925946,5474,68580,1831800
526,261,278,925685,5457,68858,1780700
527,293,254,925392,5496,69112,1764100
528,273,284,925119,5485,69396,1695500
529,284,265,924835,5504,69661,1684600
530,319,308,924516,5515,69969,1841300
531,306,294,924210,5527,70263,1698100
532,276,286,923934,5517,70549,1949700
533,303,269,923631,5551,70818,1743200
534,289,308,923342,5532,71126,1726500
535,271,257,923071,5546,71383,1728000
536,300,267,922771,5579,71650,1726900
537,283,265,922488,5597,71915,1825500
538,313,278,922175,5632,72193,1846900
539,313,286,921862,5659,72479,1835200
540,281,280,921581,5660,72759,1804700
541,300,288,921281,5672,73047,2144700
542,285,286,920996,5671,73333,1895300
543,293,275,920703,5689,73608,1910600
544,274,309,920429,5654,73917,2024000
545,306,291,920123,5669,74208,1788200
546,282,272,919841,5679,74480,1786400
547,283,268,919558,5694,74748,1772100
548,279,275,919279,5698,75023,2010500
549,317,282,918962,5733,75305,1915100
550,308,305,918654,5736,75610,1802900
551,305,295,918349,5746,75905,1808100
552,313,278,918036,5781,76183,1972000
553,288,289,917748,5780,76472,1889700
554,323,318,917425,5785,76790,1925800
555,280,312,917145,5753,77102,1814800
556,294,305,916851,5742,77407,1827000
557,301,284,916550,5759,77691,1729700
558,297,315,916253,5741,78006,1687200
559,303,315,915950,5729,78321,1815500
560,303,242,915647,5790,78563,1854900
561,296,273,915351,5813,78836,1833400
562,287,280,915064,5820,79116,1808500
563,318,301,914746,5837,79417,1760700
564,304,274,914442,5867,79691,1729800
565,288,292,914154,5863,79983,1956300
566,312,287,913842,5888,80270,1745400
567,310,272,913532,5926,80542,1798600
568,326,286,913206,5966,80828,1834900
569,312,318,912894,5960,81146,1836200
570,316,280,912578,5996,81426,1814500
571,296,328,912282,5964,81754,1776500
572,305,328,911977,5941,82082,1764000
573,331,312,911646,5960,82394,1754600
574,310,278,911336,5992,82672,1846400
575,306,320,911030,5978,82992,1852500
576,297,294,910733,5981,83286,1839200
577,335,273,910398,6043,83559,1838200
578,314,298,910084,6059,83857,1825600
579,313,297,909771,6075,84154,1800300
580,348,304,909423,6119,84458,1747600
581,351,315,909072,6155,84773,1723100
582,292,311,908780,6136,85084,1863700
583,338,287,908442,6187,85371,2057400
584,369,274,908073,6282,85645,1800400
585,325,286,907748,6321,85931,1822000
586,334,317,907414,6338,86248,1824000
587,317,318,907097,6337,86566,1828100
588,309,304,906788,6342,86870,1802000
589,308,307,906480,6343,87177,1988600
590,365,334,906115,6374,87511,1793200
591,328,318,905787,6384,87829,1742300
592,354,308,905433,6430,88137,1762000
593,365,317,905068,6478,88454,1762200
594,309,315,904759,6472,88769,1834000
595,342,319,904417,6495,89088,1785800
596,353,337,904064,6511,89425,1936100
597,321,290,903743,6542,89715,1824400
598,351,329,903392,6564,90044,1821800
599,322,341,903070,6545,90385,1977400
600,336,358,902734,6523,90743,1841600
601,346,293,902388,6576,91036,1844800
602,352,355,902036,6573,91391,1774300
603,327,296,901709,6604,91687,1757000
604,360,336,901349,6628,92023,1817500
605,326,363,901023,6591,92386,1841900
606,350,307,900673,6634,92693,2012500
607,361,322,900312,6673,93015,2064900
608,327,318,899985,6682,93333,1827400
609,322,356,899663,6648,93689,2113700
610,366,318,899297,6696,94007,2007300
611,344,332,898953,6708,94339,1814200
612,335,345,898618,6698,94684,1811700
613,350,333,898268,6715,95017,2078000
614,316,325,897952,6706,95342,1903300
615,330,339,897622,6697,95681,1904900
616,301,311,897321,6687,95992,2070500
617,289,314,897032,6662,96306,1831500
618,328,303,896704,6687,96609,1715500
619,344,322,896360,6709,96931,1721300
620,324,315,896036,6718,97246,1906400
621,305,328,895731,6695,97574,2180800
622,331,339,895400,6687,97913,1984900
623,342,332,895058,6697,98245,1970300
624,340,326,894718,6711,98571,2241800
625,323,354,894395,6680,98925,1980600
626,350,331,894045,6699,99256,1909800
627,321,302,893724,6718,99558,2005900
628,321,319,893403,6720,99877,1912200
629,351,347,893052,6724,100224,2018500
630,339,330,892713,6733,100554,2042400
631,342,342,892371,6733,100896,1920100
632,346,337,892025,6742,101233,1930300
633,338,317,891687,6763,101550,1847300
634,329,347,891358,6745,101897,2101000
635,359,329,890999,6775,102226,1874200
636,363,324,890636,6814,102550,2183500
637,308,344,890328,6778,102894,1972700
638,318,322,890010,6774,103216,1876100
639,339,342,889671,6771,103558,1931200
640,375,315,889296,6831,103873,1850100
641,369,350,888927,6850,104223,1825700
642,382,340,888545,6892,104563,1903400
643,321,330,888224,6883,104893,1844800
644,342,372,887882,6853,105265,2175900
645,376,338,887506,6891,105603,2120300
646,350,323,887156,6918,105926,1880500
647,348,319,886808,6947,106245,1906000
648,351,336,886457,6962,106581,1876400
649,389,324,886068,7027,106905,1968300
650,381,334,885687,7074,107239,1847300
651,371,338,885316,7107,107577,1957800
652,354,328,884962,7133,107905,1944600
653,370,373,884592,7130,108278,1886900
654,341,368,884251,7103,108646,1855800
655,348,336,883903,7115,108982,1839500
656,373,325,883530,7163,109307,1866000
657,340,364,883190,7139,109671,1906400
658,334,355,882856,7118,110026,1894900
659,318,392,882538,7044,110418,1928000
660,341,306,882197,7079,110724,1830800
661,356,354,881841,7081,111078,1959400
662,357,370,881484,7068,111448,1892000
663,351,355,881133,7064,111803,1868400
664,347,352,880786,7059,112155,1854700
665,359,363,880427,7055,112518,1856100
666,357,343,880070,7069,112861,1869300
667,364,376,879706,7057,113237,1824500
668,379,339,879327,7097,113576,1927300
669,368,331,878959,7134,113907,1841900
670,367,371,878592,7130,114278,1910600
671,355,373,878237,7112,114651,1928900
672,383,363,877854,7132,115014,1905700
673,378,328,877476,7182,115342,2009300
674,351,340,877125,7193,115682,1944600
675,394,373,876731,7214,116055,1956600
676,384,380,876347,7218,116435,2017300
677,370,347,875977,7241,116782,2025900
678,374,387,875603,7228,117169,1938800
679,391,353,875212,7266,117522,1876100
680,342,360,874870,7248,117882,2042300
681,352,355,874518,7245,118237,2002900
682,337,363,874181,7219,118600,2113700
683,376,357,873805,7238,118957,2088700
684,334,346,873471,7226,119303,2037500
685,393,372,873078,7247,119675,2022100
686,385,383,872693,7249,120058,1931400
687,373,381,872320,7241,120439,1914100
688,402,328,871918,7315,120767,1965100
689,387,343,871531,7359,121110,1963100
690,370,378,871161,7351,121488,1900500
691,376,369,870785,7358,121857,1864400
692,387,377,870398,7368,122234,1810400
693,374,355,870024,7387,122589,1824200
694,356,377,869668,7366,122966,1875000
695,398,339,869270,7425,123305,2065600
696,346,337,868924,7434,123642,1991500
697,369,394,868555,7409,124036,1906200
698,348,405,868207,7352,124441,1856900
699,353,360,867854,7345,124801,1875500
700,380,357,867474,7368,125158,1885400
701,324,370,867150,7322,125528,2006800
702,367,394,866783,7295,125922,2031800
703,353,354,866430,7294,126276,1996700
704,366,336,866064,7324,126612,1983400
705,352,381,865712,7295,126993,1982500
706,357,366,865355,7286,127359,1959600
707,350,377,865005,7259,127736,1989000
708,357,384,864648,7232,128120,2026800
709,353,382,864295,7203,128502,1990000
710,371,346,863924,7228,128848,1940500
711,349,378,863575,7199,129226,1968700
712,349,326,863226,7222,129552,1909700
713,390,373,862836,7239,129925,1940300
714,368,386,862468,7221,130311,2010500
715,348,348,862120,7221,130659,1989900
716,377,357,861743,7241,131016,2092300
717,411,351,861332,7301,131367,1975300
718,379,370,860953,7310,131737,1972200
719,383,371,860570,7322,132108,1992700
720,417,378,860153,7361,132486,2091300
721,389,373,859764,7377,132859,2069800
722,406,373,859358,7410,133232,2091600
723,380,348,858978,7442,133580,2090900
724,408,345,858570,7505,133925,1993700
725,417,358,858153,7564,134283,1991000
726,419,394,857734,7589,134677,2072200
727,383,401,857351,7571,135078,2058800
728,386,388,856965,7569,135466,2139500
729,406,380,856559,7595,135846,2048400
730,407,373,856152,7629,136219,1978400
731,418,413,855734,7634,136632,2035300
732,437,399,855297,7672,137031,2012400
733,427,412,854870,7687,137443,1996600
734,395,390,854475,7692,137833,1973500
735,427,406,854048,7713,138239,2013000
736,394,400,853654,7707,138639,2056200
737,401,373,853253,7735,139012,1978300
738,408,373,852845,7770,139385,1930400
739,419,395,852426,7794,139780,1959000
740,367,390,852059,7771,140170,2020800
741,408,384,851651,7795,140554,1958400
742,373,402,851278,7766,140956,1947700
743,403,383,850875,7786,141339,1871100
744,383,382,850492,7787,141721,1954900
745,429,402,850063,7814,142123,1891900
746,413,388,849650,7839,142511,2062300
747,379,419,849271,7799,142930,2004500
748,378,377,848893,7800,143307,2014200
749,404,370,848489,7834,143677,2120000
750,394,411,848095,7817,144088,1925300
751,426,367,847669,7876,144455,2129800
752,392,371,847277,7897,144826,1918600
753,394,400,846883,7891,145226,2234500
754,440,404,846443,7927,145630,1974700
755,450,405,845993,7972,146035,1999600
756,407,387,845586,7992,146422,2060400
757,401,426,845185,7967,146848,1932800
758,390,371,844795,7986,147219,2020900
759,404,389,844391,8001,147608,2071800
760,413,398,843978,8016,148006,2005100
761,407,432,843571,7991,148438,1986000
762,415,398,843156,8008,148836,2007200
763,421,395,842735,8034,149231,2095200
764,415,397,842320,8052,149628,1998800
765,382,390,841938,8044,150018,1935400
766,427,378,841511,8093,150396,1947800
767,427,408,841084,8112,150804,1973500
768,378,429,840706,8061,151233,1940700
769,383,369,840323,8075,151602,2031300
770,400,444,839923,8031,152046,2034600
771,429,429,839494,8031,152475,1979800
772,388,457,839106,7962,152932,2030600
773,422,381,838684,8003,153313,2025400
774,433,391,838251,8045,153704,1978300
775,393,403,837858,8035,154107,2002300
776,371,405,837487,8001,154512,2013700
777,416,390,837071,8027,154902,2248700
778,400,416,836671,8011,155318,2315300
779,425,369,836246,8067,155687,2110700
780,412,426,835834,8053,156113,1969200
781,411,422,835423,8042,156535,1917900
782,414,380,835009,8076,156915,2031500
783,413,400,834596,8089,157315,1989300
784,407,404,834189,8092,157719,1924900
785,414,385,833775,8121,158104,1968600
786,415,399,833360,8137,158503,1902800
787,443,383,832917,8197,158886,1890600
788,429,391,832488,8235,159277,1882000
789,447,412,832041,8270,159689,2022200
790,431,441,831610,8260,160130,1915300
791,438,411,831172,8287,160541,1910400
792,426,415,830746,8298,160956,1946100
793,414,409,830332,8303,161365,1874300
794,446,414,829886,8335,161779,2099700
795,432,364,829454,8403,162143,1914400
796,436,464,829018,8375,162607,1895100
797,426,421,828592,8380,163028,1882300
798,436,421,828156,8395,163449,1857600
799,435,443,827721,8387,163892,1910400
800,423,393,827298,8417,164285,1830100
801,396,421,826902,8392,164706,2073600
802,389,446,826513,8335,165152,1896900
803,427,408,826086,8354,165560,1890600
804,405,423,825681,8336,165983,1873900
805,417,420,825264,8333,166403,1838600
806,399,401,824865,8331,166804,2025900
807,446,404,824419,8373,167208,2024100
808,423,395,823996,8401,167603,1829400
809,426,401,823570,8426,168004,1910300
810,419,429,823151,8416,168433,2001000
811,418,430,822733,8404,168863,1983000
812,395,426,822338,8373,169289,2070900
813,388,434,821950,8327,169723,2009700
814,406,428,821544,8305,170151,1942300
815,394,419,821150,8280,170570,2257100
816,396,388,820754,8288,170958,2108200
817,385,423,820369,8250,171381,2057000
818,392,374,819977,8268,171755,1905000
819,406,404,819571,8270,172159,1923500
820,418,381,819153,8307,172540,2107500
821,454,411,818699,8350,172951,1897600
822,422,406,818277,8366,173357,1918200
823,392,401,817885,8357,173758,1921300
824,437,412,817448,8382,174170,2013300
825,413,408,817035,8387,174578,2003300
826,427,396,816608,8418,174974,2215700
827,421,433,816187,8406,175407,2012700
828,374,408,815813,8372,175815,1939500
829,403,452,815410,8323,176267,1996400
830,414,425,814996,8312,176692,1981100
831,406,387,814590,8331,177079,1904400
832,447,415,814143,8363,177494,2182400
833,420,433,813723,8350,177927,2333300
834,442,422,813281,8370,178349,2257200
835,440,440,812841,8370,178789,2051200
836,425,423,812416,8372,179212,1999700
837,433,423,811983,8382,179635,2024600
838,445,467,811538,8360,180102,2044500
839,424,399,811114,8385,180501,2016800
840,444,442,810670,8387,180943,1919300
841,429,384,810241,8432,181327,1979900
842,466,435,809775,8463,181762,2181200
843,451,420,809324,8494,182182,1911600
844,478,408,808846,8564,182590,2144500
845,443,458,808403,8549,183048,2910100
846,449,450,807954,8548,183498,3565500
847,437,445,807517,8540,183943,4671000
848,418,398,807099,8560,184341,2523800
849,455,411,806644,8604,184752,9418700
850,468,455,806176,8617,185207,2536300
851,416,446,805760,8587,185653,2550700
852,443,411,805317,8619,186064,2442400
853,443,449,804874,8613,186513,2244600
854,445,429,804429,8629,186942,2262700
855,445,441,803984,8633,187383,2250500
856,403,429,803581,8607,187812,2165500
857,407,425,803174,8589,188237,2288400
858,412,420,802762,8581,188657,2274800
859,451,421,802311,8611,189078,2617800
860,432,452,801879,8591,189530,2284600
861,443,465,801436,8569,189995,2225700
862,435,432,801001,8572,190427,2215800
863,445,415,800556,8602,190842,2064400
864,431,425,800125,8608,191267,2064100
865,434,432,799691,8610,191699,2146300
866,457,449,799234,8618,192148,2077700
867,455,418,798779,8655,192566,2162500
868,446,444,798333,8657,193010,1936200
869,443,481,797890,8619,193491,1995800
870,452,422,797438,8649,193913,2011700
871,431,423,797007,8657,194336,2047600
872,432,462,796575,8627,194798,2016700
873,428,435,796147,8620,195233,1998900
874,414,416,795733,8618,195649,1942500
875,444,421,795289,8641,196070,1953900
876,413,449,794876,8605,196519,1899100
877,404,423,794472,8586,196942,1922300
878,456,442,794016,8600,197384,1869600
879,432,436,793584,8596,197820,1942200
880,451,480,793133,8567,198300,1776500
881,417,449,792716,8535,198749,1734500
882,385,396,792331,8524,199145,1868700
883,418,433,791913,8509,199578,1856100
884,415,418,791498,8506,199996,1942700
885,406,413,791092,8499,200409,1903700
886,400,433,790692,8466,200842,1992600
887,435,429,790257,8472,201271,2050200
888,436,442,789821,8466,201713,1929300
889,440,419,789381,8487,202132,1882600
890,431,430,788950,8488,202562,1932300
891,413,432,788537,8469,202994,1960800
892,425,415,788112,8479,203409,1970600
893,444,450,787668,8473,203859,2124300
894,430,415,787238,8488,204274,1871600
895,428,389,786810,8527,204663,1871200
896,439,420,786371,8546,205083,1960200
897,411,437,785960,8520,205520,1754700
898,425,416,785535,8529,205936,1806200
899,408,433,785127,8504,206369,1997400
900,419,458,784708,8465,206827,1777000
901,440,469,784268,8436,207296,2013300
902,434,434,783834,8436,207730,1838500
903,415,430,783419,8421,208160,1809400
904,406,440,783013,8387,208600,1785700
905,426,439,782587,8374,209039,1898000
906,443,420,782144,8397,209459,1779600
907,440,442,781704,8395,209901,1774600
908,462,427,781242,8430,210328,1697500
909,431,438,780811,8423,210766,1875500
910,418,427,780393,8414,211193,1949800
911,429,445,779964,8398,211638,1896900
912,451,430,779513,8419,212068,1750100
913,449,422,779064,8446,212490,1713300
914,430,422,778634,8454,212912,1792500
915,444,403,778190,8495,213315,1781600
916,460,475,777730,8480,213790,1718800
917,438,427,777292,8491,214217,1733100
918,468,427,776824,8532,214644,1862500
919,453,436,776371,8549,215080,1913900
920,447,418,775924,8578,215498,1764000
921,450,439,775474,8589,215937,1812500
922,473,422,775001,8640,216359,1857400
923,431,416,774570,8655,216775,1780000
924,434,433,774136,8656,217208,2072700
925,453,406,773683,8703,217614,1757600
926,455,448,773228,8710,218062,1853900
927,445,391,772783,8764,218453,1831200
928,442,437,772341,8769,218890,1938300
929,436,441,771905,8764,219331,1901300
930,424,445,771481,8743,219776,2052500
931,449,456,771032,8736,220232,1839700
932,464,447,770568,8753,220679,1819400
933,424,432,770144,8745,221111,1775200
934,404,429,769740,8720,221540,1717700
935,469,421,769271,8768,221961,1853200
936,512,424,768759,8856,222385,1731800
937,438,444,768321,8850,222829,1750600
938,415,421,767906,8844,223250,1685900
939,426,469,767480,8801,223719,2025600
940,439,430,767041,8810,224149,1860900
941,429,424,766612,8815,224573,1739700
942,461,455,766151,8821,225028,1686000
943,411,446,765740,8786,225474,1800700
944,456,427,765284,8815,225901,2077800
945,438,416,764846,8837,226317,1715800
946,435,424,764411,8848,226741,1836800
947,436,448,763975,8836,227189,1736600
948,456,453,763519,8839,227642,1728900
949,437,423,763082,8853,228065,1841100
950,442,452,762640,8843,228517,1849200
951,472,440,762168,8875,228957,1805900
952,449,453,761719,8871,229410,1780100
953,449,414,761270,8906,229824,1717400
954,447,451,760823,8902,230275,1734300
955,430,485,760393,8847,230760,1814700
956,426,433,759967,8840,231193,1716900
957,469,439,759498,8870,231632,1735600
958,442,470,759056,8842,232102,1854100
959,425,470,758631,8797,232572,1850500
960,457,394,758174,8860,232966,1807800
961,491,422,757683,8929,233388,1984500
962,467,448,757216,8948,233836,1939700
963,467,452,756749,8963,234288,1785600
964,511,460,756238,9014,234748,1757200
965,460,455,755778,9019,235203,1796900
966,451,445,755327,9025,235648,1841700
967,472,439,754855,9058,236087,1953600
968,475,447,754380,9086,236534,1806100
969,484,441,753896,9129,236975,1701800
970,467,476,753429,9120,237451,2035300
971,472,479,752957,9113,237930,1812900
972,435,416,752522,9132,238346,1762700
973,466,484,752056,9114,238830,1831000
974,459,446,751597,9127,239276,1839900
975,460,453,751137,9134,239729,1773900
976,478,453,750659,9159,240182,1745500
977,452,452,750207,9159,240634,2031000
978,485,477,749722,9167,241111,2102300
979,461,409,749261,9219,241520,1958400
980,464,447,748797,9236,241967,1855900
981,498,470,748299,9264,242437,1884700
982,475,470,747824,9269,242907,1881300
983,461,473,747363,9257,243380,2001500
984,461,494,746902,9224,243874,1759400
985,433,494,746469,9163,244368,1708100
986,461,478,746008,9146,244846,1778100
987,470,411,745538,9205,245257,1939800
988,450,486,745088,9169,245743,1820400
989,469,509,744619,9129,246252,1830600
990,487,472,744132,9144,246724,1758000
991,462,453,743670,9153,247177,1733500
992,434,416,743236,9171,247593,1750900
993,491,429,742745,9233,248022,1838800
994,484,465,742261,9252,248487,1874200
995,504,488,741757,9268,248975,1825000
996,510,455,741247,9323,249430,2017100
997,475,491,740772,9307,249921,1806600
998,477,471,740295,9313,250392,1832100
999,451,493,739844,9271,250885,1757800
1000,482,481,739362,9272,251366,1756400
1001,453,487,738909,9238,251853,1867100
1002,463,491,738446,9210,252344,1945300
1003,489,444,737957,9255,252788,1756900
1004,494,444,737463,9305,253232,1746500
1005,471,457,736992,9319,253689,1846100
1006,491,487,736501,9323,254176,1820500
1007,501,437,736000,9387,254613,1744200
1008,455,460,735545,9382,255073,1734700
1009,459,475,735086,9366,255548,1717100
1010,474,462,734612,9378,256010,1799300
1011,478,508,734134,9348,256518,1723100
1012,444,455,733690,9337,256973,1706900
1013,476,486,733214,9327,257459,1756700
1014,480,473,732734,9334,257932,1846900
1015,455,462,732279,9327,258394,1734000
1016,552,516,731727,9363,258910,1913700
1017,493,490,731234,9366,259400,2174100
1018,487,472,730747,9381,259872,2242800
1019,488,485,730259,9384,260357,2108200
1020,464,498,729795,9350,260855,2048700
1021,488,462,729307,9376,261317,2189400
1022,491,480,728816,9387,261797,1921400
1023,494,519,728322,9362,262316,1916600
1024,526,487,727796,9401,262803,1910900
1025,491,489,727305,9403,263292,1856500
1026,493,429,726812,9467,263721,1773700
1027,496,487,726316,9476,264208,1819100
1028,482,471,725834,9487,264679,1802100
1029,487,478,725347,9496,265157,1769900
1030,529,494,724818,9531,265651,1912400
1031,507,474,724311,9564,266125,1821100
1032,492,506,723819,9550,266631,1714700
1033,488,520,723331,9518,267151,1761700
1034,473,440,722858,9551,267591,1870900
1035,505,465,722353,9591,268056,1869400
1036,501,502,721852,9590,268558,1877100
1037,477,514,721375,9553,269072,1740600
1038,474,478,720901,9549,269550,1732800
1039,472,449,720429,9572,269999,1706000
1040,455,478,719974,9549,270477,1851900
1041,473,473,719501,9549,270950,1781300
1042,482,488,719019,9543,271438,1728800
1043,502,473,718517,9572,271911,1742400
1044,533,451,717984,9654,272362,1843100
1045,470,495,717514,9629,272857,1841400
1046,501,456,717013,9674,273313,1740600
1047,509,474,716504,9709,273787,1737800
1048,485,496,716019,9698,274283,1820700
1049,523,469,715496,9752,274752,1835600
1050,496,480,715000,9768,275232,1809500
1051,484,523,714516,9729,275755,1746300
1052,492,497,714024,9724,276252,1732100
1053,510,498,713514,9736,276750,1866100
1054,448,476,713066,9708,277226,1735500
1055,475,482,712591,9701,277708,1891300
1056,491,489,712100,9703,278197,1880600
1057,478,474,711622,9707,278671,2059600
1058,533,469,711089,9771,279140,2280100
1059,493,467,710596,9797,279607,2323600
1060,499,479,710097,9817,280086,2040000
1061,483,479,709614,9821,280565,1961600
1062,515,462,709099,9874,281027,2008000
1063,507,507,708592,9874,281534,2031700
1064,529,485,708063,9918,282019,1935600
1065,549,497,707514,9970,282516,1966300
1066,528,481,706986,10017,282997,1988100
1067,542,517,706444,10042,283514,2037700
1068,545,543,705899,10044,284057,2253800
1069,510,511,705389,10043,284568,1914300
1070,518,505,704871,10056,285073,2038300
1071,489,517,704382,10028,285590,1775300
1072,473,513,703909,9988,286103,1752000
1073,537,483,703372,10042,286586,1873900
1074,486,538,702886,9990,287124,1738600
1075,519,504,702367,10005,287628,1813500
1076,501,487,701866,10019,288115,1774300
1077,518,516,701348,10021,288631,1856900
1078,494,501,700854,10014,289132,1968700
1079,493,542,700361,9965,289674,1721300
1080,533,485,699828,10013,290159,1771300
1081,520,505,699308,10028,290664,1732100
1082,529,479,698779,10078,291143,1732700
1083,499,502,698280,10075,291645,1871100
1084,502,533,697778,10044,292178,1818300
1085,536,519,697242,10061,292697,1759000
1086,514,493,696728,10082,293190,1984000
1087,496,468,696232,10110,293658,1849900
1088,533,497,695699,10146,294155,1760000
1089,510,531,695189,10125,294686,1879000
1090,505,511,694684,10119,295197,2274400
1091,505,475,694179,10149,295672,1901600
1092,537,469,693642,10217,296141,2106300
1093,535,524,693107,10228,296665,2209200
1094,529,522,692578,10235,297187,1799400
1095,520,522,692058,10233,297709,1849400
1096,498,538,691560,10193,298247,1883300
1097,532,501,691028,10224,298748,1810300
1098,517,508,690511,10233,299256,1996600
1099,482,534,690029,10181,299790,1863500
1100,503,507,689526,10177,300297,1805000
1101,497,475,689029,10199,300772,1809900
1102,503,571,688526,10131,301343,1796300
1103,501,500,688025,10132,301843,1919800
1104,483,504,687542,10111,302347,1918000
1105,498,537,687044,10072,302884,1795200
1106,472,505,686572,10039,303389,1801500
1107,517,488,686055,10068,303877,2161800
1108,486,544,685569,10010,304421,1789000
1109,498,556,685071,9952,304977,1835000
1110,505,512,684566,9945,305489,1796800
1111,497,541,684069,9901,306030,2040900
1112,513,492,683556,9922,306522,2085200
1113,519,525,683037,9916,307047,2189000
1114,509,504,682528,9921,307551,1891300
1115,511,470,682017,9962,308021,1802700
1116,523,513,681494,9972,308534,1776900
1117,547,488,680947,10031,309022,2121700
1118,544,557,680403,10018,309579,1879800
1119,520,473,679883,10065,310052,1834800
1120,527,487,679356,10105,310539,2149600
1121,532,430,678824,10207,310969,1850800
1122,523,488,678301,10242,311457,1918000
1123,535,522,677766,10255,311979,1845000
1124,511,517,677255,10249,312496,2004500
1125,534,547,676721,10236,313043,1786900
1126,523,521,676198,10238,313564,1809400
1127,551,493,675647,10296,314057,2001100
1128,566,469,675081,10393,314526,2295400
1129,524,520,674557,10397,315046,2048500
1130,526,538,674031,10385,315584,1895400
1131,527,507,673504,10405,316091,1855000
1132,518,489,672986,10434,316580,1751700
1133,533,573,672453,10394,317153,1876000
1134,539,509,671914,10424,317662,1847200
1135,561,508,671353,10477,318170,2150500
1136,493,525,670860,10445,318695,1944700
1137,540,507,670320,10478,319202,1973000
1138,551,496,669769,10533,319698,3175900
1139,540,532,669229,10541,320230,3754500
1140,507,541,668722,10507,320771,2595800
1141,524,521,668198,10510,321292,4824000
1142,518,475,667680,10553,321767,3917000
1143,545,476,667135,10622,322243,2481200
1144,528,476,666607,10674,322719,2379100
1145,535,537,666072,10672,323256,2699000
1146,538,533,665534,10677,323789,2448600
1147,559,535,664975,10701,324324,2411600
1148,561,504,664414,10758,324828,2243800
1149,569,550,663845,10777,325378,2123800
1150,532,511,663313,10798,325889,2149200
1151,565,522,662748,10841,326411,2033000
1152,524,548,662224,10817,326959,2165900
1153,546,539,661678,10824,327498,2095500
1154,586,557,661092,10853,328055,2059200
1155,597,526,660495,10924,328581,2029400
1156,559,519,659936,10964,329100,1968800
1157,563,547,659373,10980,329647,2020700
1158,541,566,658832,10955,330213,1973700
1159,576,567,658256,10964,330780,2129400
1160,568,565,657688,10967,331345,2066200
1161,569,529,657119,11007,331874,2004100
1162,568,533,656551,11042,332407,2101800
1163,555,542,655996,11055,332949,2079500
1164,576,566,655420,11065,333515,1935100
1165,574,600,654846,11039,334115,2014500
1166,549,611,654297,10977,334726,1932800
1167,550,569,653747,10958,335295,1885800
1168,510,553,653237,10915,335848,1793900
1169,549,575,652688,10889,336423,1741800
1170,517,553,652171,10853,336976,1988300
1171,531,546,651640,10838,337522,1819800
1172,553,570,651087,10821,338092,1886300
1173,569,531,650518,10859,338623,2180100
1174,574,528,649944,10905,339151,2293400
1175,503,532,649441,10876,339683,1888600
1176,520,550,648921,10846,340233,1944400
1177,565,500,648356,10911,340733,2144800
1178,592,553,647764,10950,341286,1884300
1179,563,532,647201,10981,341818,1860400
1180,505,595,646696,10891,342413,1885700
1181,549,516,646147,10924,342929,2015600
1182,532,545,645615,10911,343474,2148000
1183,535,562,645080,10884,344036,1921500
1184,569,541,644511,10912,344577,2139400
1185,533,527,643978,10918,345104,1898200
1186,537,550,643441,10905,345654,1877300
1187,558,530,642883,10933,346184,2046400
1188,545,539,642338,10939,346723,1911400
1189,521,547,641817,10913,347270,1882100
1190,588,576,641229,10925,347846,1994400
1191,532,577,640697,10880,348423,1905200
1192,528,502,640169,10906,348925,2075000
1193,592,523,639577,10975,349448,1885400
1194,555,550,639022,10980,349998,1898700
1195,520,554,638502,10946,350552,1764700
1196,534,555,637968,10925,351107,1730400
1197,538,537,637430,10926,351644,1833000
1198,526,527,636904,10925,352171,1827100
1199,519,579,636385,10865,352750,1789800
1200,588,524,635797,10929,353274,1912000
1201,526,534,635271,10921,353808,1780200
1202,560,570,634711,10911,354378,1912400
1203,550,541,634161,10920,354919,2040100
1204,566,572,633595,10914,355491,1776700
1205,549,580,633046,10883,356071,1847100
1206,564,505,632482,10942,356576,1842300
1207,542,542,631940,10942,357118,1855500
1208,540,575,631400,10907,357693,1770000
1209,576,540,630824,10943,358233,1906000
1210,520,544,630304,10919,358777,1751200
1211,562,543,629742,10938,359320,1880100
1212,554,564,629188,10928,359884,1810200
1213,544,552,628644,10920,360436,1755600
1214,549,558,628095,10911,360994,1762100
1215,530,544,627565,10897,361538,1845700
1216,539,552,627026,10884,362090,1874300
1217,508,552,626518,10840,362642,2143000
1218,512,557,626006,10795,363199,2021000
1219,521,538,625485,10778,363737,1888500
1220,538,578,624947,10738,364315,1853900
1221,514,493,624433,10759,364808,1790000
1222,566,526,623867,10799,365334,1854800
1223,543,532,623324,10810,365866,1847800
1224,544,535,622780,10819,366401,1893400
1225,556,564,622224,10811,366965,2074200
1226,539,538,621685,10812,367503,3952700
1227,517,518,621168,10811,368021,3308800
1228,559,512,620609,10858,368533,2532200
1229,542,559,620067,10841,369092,4930000
1230,554,521,619513,10874,369613,6045000
1231,563,512,618950,10925,370125,2696800
1232,530,502,618420,10953,370627,3879300
1233,558,525,617862,10986,371152,2649300
1234,540,564,617322,10962,371716,2722300
1235,534,540,616788,10956,372256,2446700
1236,596,578,616192,10974,372834,2314300
1237,558,549,615634,10983,373383,2155500
1238,550,541,615084,10992,373924,2404700
1239,562,574,614522,10980,374498,2208900
1240,540,528,613982,10992,375026,2211300
1241,598,531,613384,11059,375557,2130000
1242,544,580,612840,11023,376137,2043100
1243,540,536,612300,11027,376673,2301200
1244,514,529,611786,11012,377202,2274300
1245,538,545,611248,11005,377747,2604500
1246,545,544,610703,11006,378291,2227100
1247,516,528,610187,10994,378819,2231900
1248,570,548,609617,11016,379367,2120000
1249,507,514,609110,11009,379881,2175300
1250,539,596,608571,10952,380477,1994900
1251,554,545,608017,10961,381022,2231800
1252,546,550,607471,10957,381572,1847500
1253,565,553,606906,10969,382125,1904100
1254,550,568,606356,10951,382693,1877700
1255,568,549,605788,10970,383242,2040600
1256,547,509,605241,11008,383751,1894300
1257,571,541,604670,11038,384292,1858300
1258,529,554,604141,11013,384846,1738800
1259,534,567,603607,10980,385413,1787400
1260,519,570,603088,10929,385983,1853100
1261,542,579,602546,10892,386562,1865400
1262,534,536,602012,10890,387098,1841800
1263,523,533,601489,10880,387631,1757300
1264,558,559,600931,10879,388190,1748300
1265,508,524,600423,10863,388714,1988700
1266,521,568,599902,10816,389282,1859300
1267,543,567,599359,10792,389849,1715700
1268,533,546,598826,10779,390395,1786000
1269,519,511,598307,10787,390906,2046400
1270,521,480,597786,10828,391386,1808000
1271,514,528,597272,10814,391914,1722100
1272,522,533,596750,10803,392447,1909000
1273,488,530,596262,10761,392977,1887300
1274,542,516,595720,10787,393493,1786100
1275,521,493,595199,10815,393986,1869700
1276,548,542,594651,10821,394528,1747500
1277,544,550,594107,10815,395078,1750900
1278,550,535,593557,10830,395613,1836800
1279,523,499,593034,10854,396112,1851800
1280,530,586,592504,10798,396698,2024000
1281,513,561,591991,10750,397259,1815700
1282,492,557,591499,10685,397816,1816800
1283,581,530,590918,10736,398346,1816500
1284,546,591,590372,10691,398937,1811300
1285,518,521,589854,10688,399458,1915500
1286,536,491,589318,10733,399949,1931500
1287,521,544,588797,10710,400493,1824900
1288,516,531,588281,10695,401024,2222500
1289,504,522,587777,10677,401546,1906200
1290,499,564,587278,10612,402110,2207000
1291,568,531,586710,10649,402641,2065600
1292,521,539,586189,10631,403180,2002800
1293,517,561,585672,10587,403741,1945400
1294,527,508,585145,10606,404249,2023300
1295,512,527,584633,10591,404776,1811100
1296,511,521,584122,10581,405297,1906900
1297,508,543,583614,10546,405840,1853300
1298,557,516,583057,10587,406356,1861300
1299,564,508,582493,10643,406864,1922600
1300,541,516,581952,10668,407380,1925800
1301,499,552,581453,10615,407932,2001100
1302,535,536,580918,10614,408468,1949400
1303,553,563,580365,10604,409031,1962500
1304,506,474,579859,10636,409505,2005600
1305,530,517,579329,10649,410022,2056800
1306,561,561,578768,10649,410583,2431800
1307,528,541,578240,10636,411124,3959700
1308,533,508,577707,10661,411632,3530800
1309,551,559,577156,10653,412191,6222300
1310,543,508,576613,10688,412699,4288300
1311,563,543,576050,10708,413242,2429300
1312,560,536,575490,10732,413778,2402800
1313,531,544,574959,10719,414322,2377600
1314,511,528,574448,10702,414850,2390900
1315,541,543,573907,10700,415393,2599700
1316,552,514,573355,10738,415907,2491300
1317,544,529,572811,10753,416436,2110100
1318,542,557,572269,10738,416993,2115400
1319,527,563,571742,10702,417556,2089400
1320,500,556,571242,10646,418112,2002600
1321,530,505,570712,10671,418617,2452200
1322,505,508,570207,10668,419125,2248500
1323,535,514,569672,10689,419639,2078700
1324,545,511,569127,10723,420150,2322000
1325,544,524,568583,10743,420674,2268200
1326,540,535,568043,10748,421209,2522100
1327,527,528,567516,10747,421737,2151600
1328,568,531,566948,10784,422268,2298400
1329,475,545,566473,10714,422813,2087600
1330,553,506,565920,10761,423319,2244100
1331,489,538,565431,10712,423857,2044000
1332,498,570,564933,10640,424427,2199500
1333,504,563,564429,10581,424990,1974000
1334,541,540,563888,10582,425530,1929800
1335,524,506,563364,10600,426036,1937300
1336,509,513,562855,10596,426549,2299500
1337,515,529,562340,10582,427078,2077000
1338,520,532,561820,10570,427610,1822400
1339,526,488,561294,10608,428098,1872700
1340,557,511,560737,10654,428609,1850400
1341,525,497,560212,10682,429106,1975400
1342,491,550,559721,10623,429656,1769600
1343,521,568,559200,10576,430224,1831400
1344,538,515,558662,10599,430739,1887300
1345,526,555,558136,10570,431294,1770200
1346,504,545,557632,10529,431839,1865100
1347,516,550,557116,10495,432389,1908000
1348,540,492,556576,10543,432881,2019800
1349,561,556,556015,10548,433437,2146100
1350,510,548,555505,10510,433985,1926300
1351,535,492,554970,10553,434477,2030600
1352,521,575,554449,10499,435052,2058800
1353,543,521,553906,10521,435573,2056000
1354,557,495,553349,10583,436068,2926400
1355,576,569,552773,10590,436637,6881800
1356,532,547,552241,10575,437184,6594700
1357,525,525,551716,10575,437709,3631400
1358,563,525,551153,10613,438234,2657600
1359,553,577,550600,10589,438811,2654900
1360,567,503,550033,10653,439314,2574300
1361,562,511,549471,10704,439825,2668900
1362,556,585,548915,10675,440410,2275000
1363,583,521,548332,10737,440931,2229600
1364,513,589,547819,10661,441520,2128000
1365,530,499,547289,10692,442019,2185400
1366,547,528,546742,10711,442547,2316300
1367,511,605,546231,10617,443152,2156600
1368,557,555,545674,10619,443707,2163800
1369,547,545,545127,10621,444252,2102200
1370,537,488,544590,10670,444740,2064500
1371,546,519,544044,10697,445259,1990600
1372,523,521,543521,10699,445780,2012300
1373,533,517,542988,10715,446297,2241600
1374,535,506,542453,10744,446803,2110400
1375,592,542,541861,10794,447345,2141300
1376,558,503,541303,10849,447848,2101200
1377,559,548,540744,10860,448396,1995500
1378,554,511,540190,10903,448907,2170400
1379,523,571,539667,10855,449478,1910400
1380,565,526,539102,10894,450004,1922400
1381,529,564,538573,10859,450568,1922400
1382,541,556,538032,10844,451124,1837100
1383,570,538,537462,10876,451662,1857700
1384,543,543,536919,10876,452205,2189100
1385,543,576,536376,10843,452781,1958400
1386,537,533,535839,10847,453314,1785800
1387,558,530,535281,10875,453844,1737800
1388,556,558,534725,10873,454402,1739900
1389,542,547,534183,10868,454949,1919100
1390,542,507,533641,10903,455456,2145800
1391,558,544,533083,10917,456000,1873500
1392,524,547,532559,10894,456547,2061400
1393,518,532,532041,10880,457079,1877100
1394,545,588,531496,10837,457667,1869200
1395,538,545,530958,10830,458212,1792000
1396,526,541,530432,10815,458753,1735100
1397,532,529,529900,10818,459282,1751000
1398,499,547,529401,10770,459829,1851300
1399,557,564,528844,10763,460393,1739600
1400,538,543,528306,10758,460936,1738700
1401,531,555,527775,10734,461491,1746100
1402,529,558,527246,10705,462049,1802800
1403,541,542,526705,10704,462591,1838600
1404,566,576,526139,10694,463167,1784100
1405,542,535,525597,10701,463702,1784300
1406,529,529,525068,10701,464231,1749800
1407,527,519,524541,10709,464750,2251400
1408,544,485,523997,10768,465235,1910000
1409,539,550,523458,10757,465785,1850900
1410,530,535,522928,10752,466320,1866200
1411,536,571,522392,10717,466891,1877300
1412,500,506,521892,10711,467397,1837700
1413,523,577,521369,10657,467974,2607800
1414,494,531,520875,10620,468505,2178800
1415,499,549,520376,10570,469054,2066100
1416,524,532,519852,10562,469586,1756200
1417,542,535,519310,10569,470121,1859300
1418,528,536,518782,10561,470657,1915300
1419,499,540,518283,10520,471197,2188400
1420,507,538,517776,10489,471735,1890000
1421,536,534,517240,10491,472269,1893400
1422,514,530,516726,10475,472799,1994500
1423,519,507,516207,10487,473306,2039700
1424,554,508,515653,10533,473814,1879400
1425,533,548,515120,10518,474362,1968200
1426,511,494,514609,10535,474856,1862800
1427,550,548,514059,10537,475404,1783600
1428,522,532,513537,10527,475936,1740500
1429,538,552,512999,10513,476488,1820700
1430,500,514,512499,10499,477002,1857700
1431,518,531,511981,10486,477533,2280500
1432,545,511,511436,10520,478044,1769700
1433,501,530,510935,10491,478574,1864200
1434,505,570,510430,10426,479144,1872900
1435,514,545,509916,10395,479689,1822500
1436,516,521,509400,10390,480210,1741900
1437,521,541,508879,10370,480751,1691700
1438,521,525,508358,10366,481276,2075300
1439,456,523,507902,10299,481799,1756200
1440,488,516,507414,10271,482315,1759600
1441,525,515,506889,10281,482830,1706500
1442,487,554,506402,10214,483384,1746300
1443,482,500,505920,10196,483884,1760400
1444,552,484,505368,10264,484368,1729600
1445,500,509,504868,10255,484877,2338400
1446,522,537,504346,10240,485414,2281900
1447,492,502,503854,10230,485916,2088800
1448,510,509,503344,10231,486425,2081500
1449,537,520,502807,10248,486945,1689900
1450,531,558,502276,10221,487503,1851100
1451,465,525,501811,10161,488028,1846700
1452,486,533,501325,10114,488561,1926600
1453,491,450,500834,10155,489011,1777600
1454,459,538,500375,10076,489549,2169400
1455,506,502,499869,10080,490051,1978900
1456,494,474,499375,10100,490525,1787100
1457,531,503,498844,10128,491028,1812500
1458,504,522,498340,10110,491550,2082700
1459,495,447,497845,10158,491997,1876200
1460,526,496,497319,10188,492493,1917300
1461,493,491,496826,10190,492984,1847800
1462,539,514,496287,10215,493498,1839900
1463,530,560,495757,10185,494058,1818000
1464,538,520,495219,10203,494578,1997900
1465,527,483,494692,10247,495061,1729200
1466,535,477,494157,10305,495538,1704000
1467,539,509,493618,10335,496047,1836900
1468,539,507,493079,10367,496554,1846000
1469,519,543,492560,10343,497097,1881400
1470,552,526,492008,10369,497623,1717700
1471,519,522,491489,10366,498145,1721400
1472,522,529,490967,10359,498674,1846000
1473,534,517,490433,10376,499191,1754200
1474,532,490,489901,10418,499681,1780300
1475,523,530,489378,10411,500211,1733500
1476,502,541,488876,10372,500752,1738600
1477,543,526,488333,10389,501278,1857400
1478,518,492,487815,10415,501770,1832400
1479,526,503,487289,10438,502273,1749700
1480,533,543,486756,10428,502816,1741600
1481,527,524,486229,10431,503340,1775200
1482,530,548,485699,10413,503888,1973100
1483,542,493,485157,10462,504381,1878400
1484,536,506,484621,10492,504887,2073300
1485,552,500,484069,10544,505387,1850200
1486,528,543,483541,10529,505930,2083200
1487,538,534,483003,10533,506464,1998300
1488,558,515,482445,10576,506979,1818100
1489,508,563,481937,10521,507542,1758800
1490,512,511,481425,10522,508053,1982200
1491,526,530,480899,10518,508583,2061900
1492,543,550,480356,10511,509133,1930500
1493,529,505,479827,10535,509638,1758400
1494,533,562,479294,10506,510200,1748600
1495,511,525,478783,10492,510725,1843400
1496,516,503,478267,10505,511228,1786700
1497,504,506,477763,10503,511734,1944100
1498,503,562,477260,10444,512296,1789500
1499,540,491,476720,10493,512787,1822200
1500,522,546,476198,10469,513333,1852500
1501,547,543,475651,10473,513876,1839100
1502,568,493,475083,10548,514369,1800600
1503,487,509,474596,10526,514878,1756100
1504,541,541,474055,10526,515419,1748000
1505,545,550,473510,10521,515969,1883800
1506,527,548,472983,10500,516517,1884300
1507,525,493,472458,10532,517010,1847000
1508,529,512,471929,10549,517522,1760300
1509,526,500,471403,10575,518022,1744600
1510,535,539,470868,10571,518561,1718100
1511,502,504,470366,10569,519065,1851500
1512,534,548,469832,10555,519613,1801800
1513,494,555,469338,10494,520168,1988200
1514,511,536,468827,10469,520704,1844200
1515,531,564,468296,10436,521268,1779900
1516,499,495,467797,10440,521763,1863200
1517,486,532,467311,10394,522295,1838400
1518,508,500,466803,10402,522795,1832600
1519,518,560,466285,10360,523355,1817500
1520,534,491,465751,10403,523846,2109000
1521,537,510,465214,10430,524356,1745800
1522,506,539,464708,10397,524895,1867700
1523,565,517,464143,10445,525412,1853000
1524,542,502,463601,10485,525914,1849400
1525,499,548,463102,10436,526462,1876800
1526,539,503,462563,10472,526965,1828200
1527,567,456,461996,10583,527421,1741000
1528,543,534,461453,10592,527955,1744400
1529,533,491,460920,10634,528446,1835200
1530,550,488,460370,10696,528934,1834800
1531,521,532,459849,10685,529466,1823400
1532,538,556,459311,10667,530022,1781500
1533,574,549,458737,10692,530571,1781200
1534,569,559,458168,10702,531130,1736700
1535,551,548,457617,10705,531678,1728100
1536,564,547,457053,10722,532225,1751700
1537,519,527,456534,10714,532752,1737000
1538,501,536,456033,10679,533288,1820300
1539,543,527,455490,10695,533815,1856700
1540,582,531,454908,10746,534346,1898900
1541,532,482,454376,10796,534828,1866600
1542,552,549,453824,10799,535377,1859600
1543,534,561,453290,10772,535938,2110200
1544,508,525,452782,10755,536463,2048700
1545,517,563,452265,10709,537026,1847200
1546,545,558,451720,10696,537584,1827800
1547,486,518,451234,10664,538102,2156800
1548,497,547,450737,10614,538649,1968800
1549,506,554,450231,10566,539203,1883500
1550,495,512,449736,10549,539715,1912900
1551,552,509,449184,10592,540224,1862800
1552,567,500,448617,10659,540724,2164000
1553,531,522,448086,10668,541246,1914000
1554,538,564,447548,10642,541810,2054900
1555,566,567,446982,10641,542377,1942300
1556,531,572,446451,10600,542949,1944600
1557,543,526,445908,10617,543475,1762000
1558,555,511,445353,10661,543986,1880600
1559,523,562,444830,10622,544548,1748700
1560,516,555,444314,10583,545103,1722900
1561,534,527,443780,10590,545630,1838100
1562,537,520,443243,10607,546150,1868700
1563,527,537,442716,10597,546687,1852100
1564,512,548,442204,10561,547235,1838100
1565,485,533,441719,10513,547768,1879900
1566,516,497,441203,10532,548265,1744100
1567,537,526,440666,10543,548791,1743000
1568,528,533,440138,10538,549324,1842700
1569,469,545,439669,10462,549869,1976900
1570,501,529,439168,10434,550398,2121300
1571,479,501,438689,10412,550899,1843600
1572,507,482,438182,10437,551381,1819600
1573,511,475,437671,10473,551856,2190700
1574,519,537,437152,10455,552393,1827000
1575,525,581,436627,10399,552974,1720700
1576,513,500,436114,10412,553474,1822000
1577,583,518,435531,10477,553992,1900100
1578,545,523,434986,10499,554515,1901000
1579,522,537,434464,10484,555052,1842500
1580,513,512,433951,10485,555564,1878600
1581,537,506,433414,10516,556070,2065400
1582,547,541,432867,10522,556611,1851200
1583,517,531,432350,10508,557142,1801200
1584,506,479,431844,10535,557621,1812700
1585,552,512,431292,10575,558133,2044000
1586,545,545,430747,10575,558678,1894000
1587,561,490,430186,10646,559168,2049100
1588,550,546,429636,10650,559714,2068800
1589,542,494,429094,10698,560208,1892500
1590,571,535,428523,10734,560743,2389000
1591,546,532,427977,10748,561275,1877300
1592,544,529,427433,10763,561804,1843200
1593,529,591,426904,10701,562395,1787800
1594,548,560,426356,10689,562955,1841600
1595,505,505,425851,10689,563460,1839400
1596,575,527,425276,10737,563987,1858000
1597,534,529,424742,10742,564516,1957100
1598,566,541,424176,10767,565057,1866900
1599,512,560,423664,10719,565617,1785200
1600,527,554,423137,10692,566171,1811700
1601,543,517,422594,10718,566688,1853600
1602,491,510,422103,10699,567198,1848100
1603,501,527,421602,10673,567725,1815300
1604,527,564,421075,10636,568289,1785300
1605,511,525,420564,10622,568814,1809600
1606,501,525,420063,10598,569339,1794900
1607,541,531,419522,10608,569870,1858300
1608,491,573,419031,10526,570443,2386400
1609,509,532,418522,10503,570975,1764900
1610,573,533,417949,10543,571508,1866500
1611,559,469,417390,10633,571977,1855100
1612,533,519,416857,10647,572496,1820100
1613,494,522,416363,10619,573018,1776000
1614,549,517,415814,10651,573535,1998300
1615,522,538,415292,10635,574073,1799800
1616,555,526,414737,10664,574599,1847200
1617,544,568,414193,10640,575167,1837300
1618,539,541,413654,10638,575708,1823700
1619,562,515,413092,10685,576223,1784600
1620,538,540,412554,10683,576763,1827000
1621,527,523,412027,10687,577286,2007200
1622,570,532,411457,10725,577818,2024900
1623,518,537,410939,10706,578355,1853100
1624,524,525,410415,10705,578880,2010900
1625,552,530,409863,10727,579410,2065300
1626,542,502,409321,10767,579912,1846500
1627,553,549,408768,10771,580461,1767500
1628,582,526,408186,10827,580987,1847500
1629,589,518,407597,10898,581505,1803100
1630,508,568,407089,10838,582073,1906400
1631,504,554,406585,10788,582627,1794400
1632,520,540,406065,10768,583167,1786000
1633,553,515,405512,10806,583682,1844800
1634,551,535,404961,10822,584217,1858600
1635,505,507,404456,10820,584724,1796500
1636,504,554,403952,10770,585278,1796600
1637,486,531,403466,10725,585809,1743800
1638,478,512,402988,10691,586321,1857200
1639,531,522,402457,10700,586843,1858300
1640,507,519,401950,10688,587362,1803600
1641,526,559,401424,10655,587921,1767100
1642,514,488,400910,10681,588409,1710500
1643,503,542,400407,10642,588951,1867000
1644,502,512,399905,10632,589463,1864600
1645,533,503,399372,10662,589966,1972400
1646,499,524,398873,10637,590490,1780500
1647,493,523,398380,10607,591013,1739400
1648,503,527,397877,10583,591540,1751900
1649,512,543,397365,10552,592083,1856300
1650,505,508,396860,10549,592591,1849400
1651,547,528,396313,10568,593119,1820000
1652,492,522,395821,10538,593641,1765800
1653,522,545,395299,10515,594186,1748100
1654,547,509,394752,10553,594695,1826200
1655,541,493,394211,10601,595188,1851400
1656,492,496,393719,10597,595684,1941200
1657,510,560,393209,10547,596244,1830800
1658,507,566,392702,10488,596810,1758100
1659,476,514,392226,10450,597324,1801400
1660,527,540,391699,10437,597864,1760300
1661,493,513,391206,10417,598377,2083200
1662,492,523,390714,10386,598900,1871100
1663,501,509,390213,10378,599409,1777400
1664,498,525,389715,10351,599934,1966100
1665,491,536,389224,10306,600470,1819900
1666,510,555,388714,10261,601025,1764700
1667,523,532,388191,10252,601557,1747900
1668,495,494,387696,10253,602051,1760700
1669,508,492,387188,10269,602543,1815200
1670,472,511,386716,10230,603054,1741200
1671,573,529,386143,10274,603583,1722200
1672,534,512,385609,10296,604095,2069100
1673,535,546,385074,10285,604641,1904500
1674,558,514,384516,10329,605155,1875800
1675,545,508,383971,10366,605663,1957300
1676,550,520,383421,10396,606183,1862000
1677,521,478,382900,10439,606661,1748300
1678,533,518,382367,10454,607179,1777500
1679,560,548,381807,10466,607727,1760700
1680,540,540,381267,10466,608267,1862200
1681,526,512,380741,10480,608779,2067000
1682,511,504,380230,10487,609283,1876600
1683,520,524,379710,10483,609807,2002100
1684,505,539,379205,10449,610346,1829900
1685,526,512,378679,10463,610858,1750200
1686,534,531,378145,10466,611389,1754900
1687,528,521,377617,10473,611910,1813700
1688,527,538,377090,10462,612448,1855200
1689,470,548,376620,10384,612996,2177600
1690,521,533,376099,10372,613529,1777300
1691,531,555,375568,10348,614084,1828700
1692,530,488,375038,10390,614572,1709300
1693,512,546,374526,10356,615118,1825900
1694,540,539,373986,10357,615657,1879900
1695,521,483,373465,10395,616140,1827900
1696,517,499,372948,10413,616639,1744800
1697,539,515,372409,10437,617154,1763100
1698,553,518,371856,10472,617672,1763000
1699,561,544,371295,10489,618216,1727300
1700,559,537,370736,10511,618753,1860000
1701,538,523,370198,10526,619276,1770500
1702,515,568,369683,10473,619844,1742400
1703,539,538,369144,10474,620382,1715900
1704,544,529,368600,10489,620911,1838200
1705,542,547,368058,10484,621458,1827300
1706,535,497,367523,10522,621955,1719700
1707,523,511,367000,10534,622466,1925200
1708,512,491,366488,10555,622957,1784400
1709,521,556,365967,10520,623513,1893600
1710,580,543,365387,10557,624056,1854300
1711,534,513,364853,10578,624569,2195500
1712,502,558,364351,10522,625127,2057100
1713,481,528,363870,10475,625655,1869400
1714,520,524,363350,10471,626179,1857200
1715,535,560,362815,10446,626739,1829000
1716,538,528,362277,10456,627267,1778600
1717,535,518,361742,10473,627785,1723100
1718,517,527,361225,10463,628312,1842400
1719,550,532,360675,10481,628844,1849600
1720,504,556,360171,10429,629400,1821900
1721,567,488,359604,10508,629888,1713000
1722,509,530,359095,10487,630418,1759600
1723,559,544,358536,10502,630962,1883900
1724,558,540,357978,10520,631502,1872500
1725,553,544,357425,10529,632046,1839800
1726,567,537,356858,10559,632583,1953600
1727,555,553,356303,10561,633136,1808200
1728,537,508,355766,10590,633644,1751000
1729,531,492,355235,10629,634136,1804000
1730,586,531,354649,10684,634667,1857000
1731,551,557,354098,10678,635224,1957400
1732,534,510,353564,10702,635734,1890100
1733,551,576,353013,10677,636310,1866800
1734,540,541,352473,10676,636851,1770500
1735,554,593,351919,10637,637444,1723000
1736,535,488,351384,10684,637932,1841000
1737,596,564,350788,10716,638496,1868600
1738,576,544,350212,10748,639040,1840100
1739,578,515,349634,10811,639555,1808200
1740,553,548,349081,10816,640103,1792400
1741,552,535,348529,10833,640638,1753300
1742,549,513,347980,10869,641151,1853500
1743,548,525,347432,10892,641676,1856400
1744,536,515,346896,10913,642191,1946800
1745,508,553,346388,10868,642744,1925900
1746,513,528,345875,10853,643272,1814800
1747,559,563,345316,10849,643835,1774700
1748,579,506,344737,10922,644341,1725200
1749,546,515,344191,10953,644856,1939800
1750,550,530,343641,10973,645386,1829500
1751,556,539,343085,10990,645925,2238100
1752,479,543,342606,10926,646468,1935600
1753,518,561,342088,10883,647029,1876400
1754,566,552,341522,10897,647581,1836800
1755,565,563,340957,10899,648144,1785400
1756,534,545,340423,10888,648689,1745300
1757,586,526,339837,10948,649215,1961300
1758,554,505,339283,10997,649720,1741200
1759,523,560,338760,10960,650280,1855500
1760,563,543,338197,10980,650823,1777500
1761,503,553,337694,10930,651376,1756700
1762,581,541,337113,10970,651917,1715700
1763,523,602,336590,10891,652519,1852500
1764,556,557,336034,10890,653076,1843000
1765,525,545,335509,10870,653621,1812300
1766,532,524,334977,10878,654145,1776100
1767,567,530,334410,10915,654675,1815500
1768,570,571,333840,10914,655246,1952700
1769,538,559,333302,10893,655805,1848100
1770,566,526,332736,10933,656331,1986700
1771,537,561,332199,10909,656892,1788400
1772,577,539,331622,10947,657431,1862800
1773,559,546,331063,10960,657977,1815900
1774,543,552,330520,10951,658529,2103300
1775,550,571,329970,10930,659100,1860700
1776,577,518,329393,10989,659618,1764300
1777,539,541,328854,10987,660159,1806900
1778,546,534,328308,10999,660693,1860300
1779,587,575,327721,11011,661268,1850000
1780,561,552,327160,11020,661820,1791300
1781,571,586,326589,11005,662406,1723900
1782,567,559,326022,11013,662965,2249800
1783,570,504,325452,11079,663469,1774900
1784,541,560,324911,11060,664029,1752300
1785,559,557,324352,11062,664586,1855700
1786,521,526,323831,11057,665112,1830600
1787,562,534,323269,11085,665646,1798300
1788,570,537,322699,11118,666183,1748800
1789,552,534,322147,11136,666717,1719600
1790,535,590,321612,11081,667307,1854100
1791,548,538,321064,11091,667845,1827800
1792,525,542,320539,11074,668387,1773300
1793,547,580,319992,11041,668967,1930600
1794,535,549,319457,11027,669516,1864100
1795,560,607,318897,10980,670123,1835700
1796,552,539,318345,10993,670662,1863900
1797,557,538,317788,11012,671200,1848400
1798,548,570,317240,10990,671770,1856100
1799,545,578,316695,10957,672348,1786200
1800,548,543,316147,10962,672891,1808800
1801,516,517,315631,10961,673408,1759000
1802,534,545,315097,10950,673953,1874800
1803,547,544,314550,10953,674497,1915600
1804,545,548,314005,10950,675045,1802400
1805,531,544,313474,10937,675589,1785700
1806,534,557,312940,10914,676146,1713000
1807,526,579,312414,10861,676725,1863000
1808,509,519,311905,10851,677244,1880900
1809,507,557,311398,10801,677801,1814300
1810,533,599,310865,10735,678400,1745100
1811,528,581,310337,10682,678981,2086300
1812,562,555,309775,10689,679536,1792900
1813,522,525,309253,10686,680061,1961500
1814,515,573,308738,10628,680634,1879900
1815,533,515,308205,10646,681149,1868600
1816,526,513,307679,10659,681662,1878000
1817,547,557,307132,10649,682219,1837800
1818,548,516,306584,10681,682735,1768900
1819,548,524,306036,10705,683259,1745500
1820,552,525,305484,10732,683784,1768600
1821,615,558,304869,10789,684342,1858500
1822,553,571,304316,10771,684913,1822900
1823,545,561,303771,10755,685474,1738300
1824,563,540,303208,10778,686014,1715800
1825,565,523,302643,10820,686537,2256900
1826,499,531,302144,10788,687068,1829700
1827,505,562,301639,10731,687630,1780200
1828,486,539,301153,10678,688169,1859900
1829,513,512,300640,10679,688681,1845800
1830,559,524,300081,10714,689205,1887600
1831,591,500,299490,10805,689705,1783800
1832,537,552,298953,10790,690257,1752300
1833,587,534,298366,10843,690791,1717300
1834,564,559,297802,10848,691350,1830800
1835,561,543,297241,10866,691893,1773600
1836,524,495,296717,10895,692388,1742100
1837,594,558,296123,10931,692946,1735400
1838,529,549,295594,10911,693495,1862700
1839,528,570,295066,10869,694065,1992300
1840,576,533,294490,10912,694598,1820300
1841,542,539,293948,10915,695137,2031200
1842,546,521,293402,10940,695658,1810500
1843,538,544,292864,10934,696202,1891200
1844,549,564,292315,10919,696766,1751400
1845,526,517,291789,10928,697283,1814100
1846,547,514,291242,10961,697797,1863200
1847,515,532,290727,10944,698329,1827700
1848,563,599,290164,10908,698928,1798700
1849,538,570,289626,10876,699498,1766300
1850,595,531,289031,10940,700029,1727200
1851,561,560,288470,10941,700589,1793300
1852,554,527,287916,10968,701116,1807800
1853,556,551,287360,10973,701667,1718900
1854,563,558,286797,10978,702225,1775400
1855,579,596,286218,10961,702821,1859600
1856,559,547,285659,10973,703368,1851400
1857,558,529,285101,11002,703897,1783000
1858,576,573,284525,11005,704470,1775200
1859,560,513,283965,11052,704983,1803200
1860,586,531,283379,11107,705514,1746700
1861,577,537,282802,11147,706051,1843600
1862,577,588,282225,11136,706639,1796900
1863,611,545,281614,11202,707184,1748400
1864,568,564,281046,11206,707748,1750900
1865,541,578,280505,11169,708326,1867100
1866,568,554,279937,11183,708880,1865800
1867,582,560,279355,11205,709440,1768400
1868,554,542,278801,11217,709982,1755300
1869,576,567,278225,11226,710549,1722600
1870,575,562,277650,11239,711111,1876400
1871,603,554,277047,11288,711665,1853100
1872,545,528,276502,11305,712193,1763400
1873,558,554,275944,11309,712747,1770700
1874,548,561,275396,11296,713308,1808400
1875,541,544,274855,11293,713852,2029000
1876,545,559,274310,11279,714411,1974800
1877,532,567,273778,11244,714978,2252100
1878,586,581,273192,11249,715559,2143000
1879,571,534,272621,11286,716093,2080500
1880,554,601,272067,11239,716694,1991000
1881,522,572,271545,11189,717266,2018000
1882,547,602,270998,11134,717868,1933100
1883,533,550,270465,11117,718418,1955200
1884,577,547,269888,11147,718965,1958800
1885,549,556,269339,11140,719521,2025600
1886,542,562,268797,11120,720083,1984700
1887,568,552,268229,11136,720635,1981000
1888,551,526,267678,11161,721161,1919200
1889,539,556,267139,11144,721717,2187000
1890,566,550,266573,11160,722267,1981100
1891,551,565,266022,11146,722832,2017900
1892,540,609,265482,11077,723441,1966800
1893,541,576,264941,11042,724017,3888700
1894,545,523,264396,11064,724540,2226600
1895,566,533,263830,11097,725073,2226600
1896,576,576,263254,11097,725649,2258200
1897,535,560,262719,11072,726209,2063700
1898,560,555,262159,11077,726764,2288600
1899,536,547,261623,11066,727311,2355800
1900,569,575,261054,11060,727886,2120300
1901,565,541,260489,11084,728427,2058400
1902,528,549,259961,11063,728976,2204000
1903,557,583,259404,11037,729559,2282900
1904,543,535,258861,11045,730094,5233100
1905,577,578,258284,11044,730672,27459300
1906,584,573,257700,11055,731245,5652400
1907,574,589,257126,11040,731834,4413200
1908,584,531,256542,11093,732365,4169400
1909,523,561,256019,11055,732926,4115800
1910,574,539,255445,11090,733465,2711400
1911,523,604,254922,11009,734069,3518200
1912,577,551,254345,11035,734620,2912300
1913,558,565,253787,11028,735185,3090400
1914,552,517,253235,11063,735702,2726100
1915,567,585,252668,11045,736287,2513600
1916,543,564,252125,11024,736851,2539200
1917,504,536,251621,10992,737387,7108800
1918,595,506,251026,11081,737893,2742500
1919,620,565,250406,11136,738458,2516000
1920,512,574,249894,11074,739032,2343900
1921,503,528,249391,11049,739560,2206100
1922,586,563,248805,11072,740123,2159500
1923,604,592,248201,11084,740715,2280000
1924,515,533,247686,11066,741248,2307900
1925,571,555,247115,11082,741803,2369200
1926,595,509,246520,11168,742312,2397300
1927,551,549,245969,11170,742861,2391200
1928,562,563,245407,11169,743424,2274000
1929,523,581,244884,11111,744005,2161800
1930,576,549,244308,11138,744554,2202100
1931,571,576,243737,11133,745130,2316000
1932,561,555,243176,11139,745685,2345300
1933,572,560,242604,11151,746245,2265300
1934,557,549,242047,11159,746794,2301500
1935,518,594,241529,11083,747388,2121900
1936,513,533,241016,11063,747921,2260900
1937,550,514,240466,11099,748435,2279200
1938,543,568,239923,11074,749003,2442500
1939,566,551,239357,11089,749554,2266500
1940,550,523,238807,11116,750077,2254700
1941,509,566,238298,11059,750643,2089000
1942,533,544,237765,11048,751187,2090500
1943,505,566,237260,10987,751753,2121500
1944,545,558,236715,10974,752311,2218800
1945,529,537,236186,10966,752848,2105400
1946,543,535,235643,10974,753383,1988100
1947,567,550,235076,10991,753933,2001700
1948,517,542,234559,10966,754475,2156200
1949,537,537,234022,10966,755012,2142400
1950,539,539,233483,10966,755551,2216300
1951,558,541,232925,10983,756092,2306800
1952,536,578,232389,10941,756670,2150600
1953,517,516,231872,10942,757186,2072900
1954,537,538,231335,10941,757724,2114400
1955,528,526,230807,10943,758250,2009200
1956,523,557,230284,10909,758807,2075800
1957,509,540,229775,10878,759347,2186900
1958,522,568,229253,10832,759915,2015500
1959,529,527,228724,10834,760442,2010200
1960,508,537,228216,10805,760979,2043900
1961,489,558,227727,10736,761537,2409100
1962,522,551,227205,10707,762088,2321000
1963,486,535,226719,10658,762623,2049100
1964,495,503,226224,10650,763126,2148400
1965,495,555,225729,10590,763681,1944600
1966,484,532,225245,10542,764213,2159100
1967,522,500,224723,10564,764713,1962800
1968,482,539,224241,10507,765252,2174400
1969,501,550,223740,10458,765802,2220800
1970,534,593,223206,10399,766395,2324200
1971,508,498,222698,10409,766893,2104800
1972,532,560,222166,10381,767453,2257600
1973,476,522,221690,10335,767975,2006800
1974,504,479,221186,10360,768454,2029800
1975,530,532,220656,10358,768986,2231300
1976,511,554,220145,10315,769540,2076300
1977,514,537,219631,10292,770077,2032500
1978,467,581,219164,10178,770658,2227400
1979,513,515,218651,10176,771173,1949600
1980,484,501,218167,10159,771674,1999900
1981,465,503,217702,10121,772177,1992200
1982,492,520,217210,10093,772697,2025600
1983,504,515,216706,10082,773212,2109700
1984,502,471,216204,10113,773683,2104300
1985,481,487,215723,10107,774170,2242100
1986,490,538,215233,10059,774708,1992800
1987,489,528,214744,10020,775236,1942900
1988,496,486,214248,10030,775722,1993400
1989,473,497,213775,10006,776219,1969700
1990,465,505,213310,9966,776724,2014800
1991,473,537,212837,9902,777261,2077400
1992,452,488,212385,9866,777749,2386200
1993,440,491,211945,9815,778240,2141600
1994,465,534,211480,9746,778774,2120400
1995,460,505,211020,9701,779279,2230800
1996,459,468,210561,9692,779747,2141200
1997,431,485,210130,9638,780232,2000300
1998,449,467,209681,9620,780699,2120800
1999,474,477,209207,9617,781176,1973200
2000,430,465,208777,9582,781641,1971300
2001,483,450,208294,9615,782091,2048100
2002,474,473,207820,9616,782564,2009800
2003,465,467,207355,9614,783031,1958500
2004,470,510,206885,9574,783541,2035100
2005,459,477,206426,9556,784018,2582100
2006,448,509,205978,9495,784527,2603200
2007,442,474,205536,9463,785001,2639500
2008,475,487,205061,9451,785488,2434200
2009,486,468,204575,9469,785956,2572900
2010,460,467,204115,9462,786423,2673400
2011,477,452,203638,9487,786875,2290400
2012,478,465,203160,9500,787340,2541400
2013,475,476,202685,9499,787816,2283100
2014,484,481,202201,9502,788297,2155200
2015,470,439,201731,9533,788736,2031400
2016,473,476,201258,9530,789212,2042000
2017,462,468,200796,9524,789680,2061800
2018,475,485,200321,9514,790165,2016000
2019,479,460,199842,9533,790625,2114600
2020,468,465,199374,9536,791090,1992800
2021,477,489,198897,9524,791579,2021500
2022,494,493,198403,9525,792072,1955700
2023,453,498,197950,9480,792570,3307100
2024,465,456,197485,9489,793026,4203700
2025,440,481,197045,9448,793507,3651400
2026,451,468,196594,9431,793975,2787600
2027,470,490,196124,9411,794465,2613100
2028,469,472,195655,9408,794937,2714500
2029,474,497,195181,9385,795434,2463400
2030,458,506,194723,9337,795940,2496000
2031,423,487,194300,9273,796427,2942500
2032,452,468,193848,9257,796895,8176900
2033,454,482,193394,9229,797377,3254900
2034,468,450,192926,9247,797827,5428100
2035,457,476,192469,9228,798303,2997200
2036,434,454,192035,9208,798757,2978000
2037,477,438,191558,9247,799195,2676500
2038,476,476,191082,9247,799671,2467100
2039,456,463,190626,9240,800134,2585600
2040,433,454,190193,9219,800588,3257700
2041,463,472,189730,9210,801060,2358100
2042,466,482,189264,9194,801542,2171900
2043,466,443,188798,9217,801985,2634600
2044,443,464,188355,9196,802449,2121100
2045,457,503,187898,9150,802952,2066600
2046,423,432,187475,9141,803384,2126200
2047,463,465,187012,9139,803849,2029400
2048,429,452,186583,9116,804301,2643400
2049,475,466,186108,9125,804767,2384900
2050,472,457,185636,9140,805224,2142800
2051,443,458,185193,9125,805682,2104500
2052,422,494,184771,9053,806176,2100600
2053,479,436,184292,9096,806612,2264100
2054,455,467,183837,9084,807079,2105900
2055,438,482,183399,9040,807561,2099200
2056,407,455,182992,8992,808016,2189800
2057,434,447,182558,8979,808463,2043900
2058,449,429,182109,8999,808892,2493300
2059,444,433,181665,9010,809325,2317200
2060,429,442,181236,8997,809767,2638100
2061,438,431,180798,9004,810198,2355900
2062,442,443,180356,9003,810641,2343300
2063,422,440,179934,8985,811081,2422300
2064,424,447,179510,8962,811528,2236600
2065,457,415,179053,9004,811943,2489200
2066,438,461,178615,8981,812404,2328400
2067,431,450,178184,8962,812854,2317400
2068,428,452,177756,8938,813306,2448600
2069,398,484,177358,8852,813790,2513400
2070,361,439,176997,8774,814229,2517100
2071,457,456,176540,8775,814685,2253200
2072,389,454,176151,8710,815139,2504700
2073,442,429,175709,8723,815568,2515400
2074,397,433,175312,8687,816001,2316100
2075,434,440,174878,8681,816441,2118800
2076,424,438,174454,8667,816879,2085800
2077,418,421,174036,8664,817300,2077200
2078,399,432,173637,8631,817732,2303600
2079,414,419,173223,8626,818151,2593100
2080,383,436,172840,8573,818587,2305000
2081,396,464,172444,8505,819051,2325500
2082,406,430,172038,8481,819481,2344100
2083,409,386,171629,8504,819867,2302400
2084,391,441,171238,8454,820308,2336500
2085,386,440,170852,8400,820748,2065800
2086,416,428,170436,8388,821176,2079500
2087,383,392,170053,8379,821568,2100300
2088,404,403,169649,8380,821971,2189600
2089,351,429,169298,8302,822400,2622500
2090,356,404,168942,8254,822804,2058200
2091,429,394,168513,8289,823198,3186600
2092,398,432,168115,8255,823630,2255600
2093,387,408,167728,8234,824038,2240400
2094,381,397,167347,8218,824435,1906200
2095,389,420,166958,8187,824855,1957700
2096,397,439,166561,8145,825294,1877100
2097,429,394,166132,8180,825688,1884400
2098,385,385,165747,8180,826073,1847900
2099,429,383,165318,8226,826456,1887300
2100,409,404,164909,8231,826860,1906600
2101,427,393,164482,8265,827253,1819600
2102,417,397,164065,8285,827650,1844200
2103,392,443,163673,8234,828093,1831800
2104,383,393,163290,8224,828486,1893400
2105,429,410,162861,8243,828896,1980900
2106,377,443,162484,8177,829339,1834500
2107,355,393,162129,8139,829732,1865000
2108,381,374,161748,8146,830106,1847400
2109,366,410,161382,8102,830516,2015800
2110,361,429,161021,8034,830945,1830100
2111,363,436,160658,7961,831381,1977300
2112,404,394,160254,7971,831775,1850200
2113,347,381,159907,7937,832156,1874600
2114,337,386,159570,7888,832542,1928400
2115,400,408,159170,7880,832950,1887100
2116,385,387,158785,7878,833337,1891800
2117,372,433,158413,7817,833770,1923200
2118,353,385,158060,7785,834155,1842400
2119,379,364,157681,7800,834519,2116600
2120,347,389,157334,7758,834908,1828100
2121,364,374,156970,7748,835282,1874500
2122,386,381,156584,7753,835663,1894900
2123,386,403,156198,7736,836066,1819000
2124,387,420,155811,7703,836486,1862900
2125,343,403,155468,7643,836889,1723400
2126,362,367,155106,7638,837256,1835600
2127,364,372,154742,7630,837628,2183400
2128,368,395,154374,7603,838023,3347600
2129,371,386,154003,7588,838409,3849200
2130,375,372,153628,7591,838781,2305000
2131,376,368,153252,7599,839149,2101200
2132,357,387,152895,7569,839536,1952600
2133,388,399,152507,7558,839935,1908200
2134,349,383,152158,7524,840318,1862500
2135,331,406,151827,7449,840724,1838600
2136,359,381,151468,7427,841105,1954700
2137,345,400,151123,7372,841505,7633600
2138,363,401,150760,7334,841906,2236300
2139,317,343,150443,7308,842249,2159700
2140,344,390,150099,7262,842639,2057500
2141,352,369,149747,7245,843008,2027400
2142,327,345,149420,7227,843353,2087000
2143,338,370,149082,7195,843723,2217300
2144,341,374,148741,7162,844097,2319200
2145,360,325,148381,7197,844422,2223500
2146,373,328,148008,7242,844750,1986100
2147,386,370,147622,7258,845120,1879100
2148,376,361,147246,7273,845481,2088800
2149,351,374,146895,7250,845855,1958300
2150,373,371,146522,7252,846226,2281300
2151,372,367,146150,7257,846593,2269700
2152,331,347,145819,7241,846940,2026100
2153,351,355,145468,7237,847295,2150300
2154,356,352,145112,7241,847647,1934000
2155,336,361,144776,7216,848008,1990000
2156,361,356,144415,7221,848364,1834800
2157,360,373,144055,7208,848737,1892200
2158,326,360,143729,7174,849097,2027800
2159,319,315,143410,7178,849412,1908000
2160,327,344,143083,7161,849756,1858600
2161,379,347,142704,7193,850103,1851300
2162,347,358,142357,7182,850461,1868800
2163,364,329,141993,7217,850790,2021300
2164,351,361,141642,7207,851151,1868600
2165,335,390,141307,7152,851541,1987600
2166,336,363,140971,7125,851904,1743700
2167,333,365,140638,7093,852269,1716700
2168,318,373,140320,7038,852642,1663900
2169,337,350,139983,7025,852992,1785000
2170,335,379,139648,6981,853371,1788900
2171,339,363,139309,6957,853734,1677100
2172,334,354,138975,6937,854088,1718900
2173,338,358,138637,6917,854446,1820800
2174,305,328,138332,6894,854774,2027500
2175,322,353,138010,6863,855127,1717700
2176,331,325,137679,6869,855452,1717100
2177,331,326,137348,6874,855778,1711800
2178,343,359,137005,6858,856137,1822400
2179,346,329,136659,6875,856466,1842600
2180,346,335,136313,6886,856801,1706200
2181,342,369,135971,6859,857170,1758700
2182,365,328,135606,6896,857498,1686000
2183,346,353,135260,6889,857851,2094200
2184,333,361,134927,6861,858212,1877000
2185,331,357,134596,6835,858569,1917500
2186,344,349,134252,6830,858918,1842300
2187,347,368,133905,6809,859286,1770900
2188,314,362,133591,6761,859648,1730500
2189,331,348,133260,6744,859996,1750600
2190,310,320,132950,6734,860316,1877300
2191,338,340,132612,6732,860656,1902800
2192,336,309,132276,6759,860965,1742500
2193,331,330,131945,6760,861295,1711100
2194,320,324,131625,6756,861619,1659800
2195,314,335,131311,6735,861954,1791600
2196,313,344,130998,6704,862298,1915600
2197,313,346,130685,6671,862644,1673000
2198,336,327,130349,6680,862971,1690800
2199,337,353,130012,6664,863324,1808600
2200,316,327,129696,6653,863651,1767700
2201,366,334,129330,6685,863985,1684000
2202,339,324,128991,6700,864309,1714100
2203,341,318,128650,6723,864627,1813500
2204,313,322,128337,6714,864949,1774600
2205,313,307,128024,6720,865256,1710300
2206,322,337,127702,6705,865593,1725900
2207,307,310,127395,6702,865903,1821400
2208,324,318,127071,6708,866221,1742500
2209,344,317,126727,6735,866538,1753200
2210,309,349,126418,6695,866887,1963300
2211,344,328,126074,6711,867215,1844000
2212,301,334,125773,6678,867549,1821500
2213,313,329,125460,6662,867878,1744200
2214,316,305,125144,6673,868183,1723300
2215,321,352,124823,6642,868535,1682100
2216,340,317,124483,6665,868852,1808300
2217,365,328,124118,6702,869180,1988800
2218,341,370,123777,6673,869550,2373000
2219,337,344,123440,6666,869894,2113000
2220,327,296,123113,6697,870190,1834300
2221,317,325,122796,6689,870515,1912000
2222,331,356,122465,6664,870871,1803200
2223,337,358,122128,6643,871229,1833000
2224,304,306,121824,6641,871535,1720700
2225,314,316,121510,6639,871851,1705700
2226,301,345,121209,6595,872196,1995800
2227,345,352,120864,6588,872548,1725400
2228,307,340,120557,6555,872888,1826300
2229,335,366,120222,6524,873254,1712700
2230,345,321,119877,6548,873575,1682700
2231,277,319,119600,6506,873894,1805800
2232,303,320,119297,6489,874214,1812200
2233,319,352,118978,6456,874566,1758200
2234,329,283,118649,6502,874849,1776500
2235,333,348,118316,6487,875197,1801900
2236,285,299,118031,6473,875496,1813500
2237,315,345,117716,6443,875841,1793300
2238,309,296,117407,6456,876137,1753200
2239,291,301,117116,6446,876438,1732600
2240,296,319,116820,6423,876757,1666300
2241,288,302,116532,6409,877059,1698000
2242,308,340,116224,6377,877399,1717400
2243,309,312,115915,6374,877711,1785100
2244,291,309,115624,6356,878020,1758600
2245,291,343,115333,6304,878363,1769800
2246,321,315,115012,6310,878678,1917600
2247,276,323,114736,6263,879001,1729400
2248,292,328,114444,6227,879329,1771900
2249,301,309,114143,6219,879638,2032100
2250,293,324,113850,6188,879962,2023600
2251,296,317,113554,6167,880279,1827200
2252,279,283,113275,6163,880562,1691900
2253,293,313,112982,6143,880875,1712600
2254,282,303,112700,6122,881178,1757500
2255,311,343,112389,6090,881521,1811300
2256,300,332,112089,6058,881853,1789600
2257,281,288,111808,6051,882141,1811800
2258,287,318,111521,6020,882459,1662500
2259,305,288,111216,6037,882747,1895400
2260,273,320,110943,5990,883067,2007500
2261,302,287,110641,6005,883354,1861800
2262,280,305,110361,5980,883659,1870000
2263,280,295,110081,5965,883954,1882300
2264,286,254,109795,5997,884208,1773900
2265,310,307,109485,6000,884515,1711700
2266,287,277,109198,6010,884792,1697600
2267,320,287,108878,6043,885079,1774900
2268,284,301,108594,6026,885380,1892700
2269,301,288,108293,6039,885668,1716400
2270,275,315,108018,5999,885983,1668400
2271,314,285,107704,6028,886268,1810600
2272,306,276,107398,6058,886544,1764200
2273,274,278,107124,6054,886822,1704600
2274,279,350,106845,5983,887172,1669900
2275,311,329,106534,5965,887501,1812700
2276,289,355,106245,5899,887856,1883700
2277,309,300,105936,5908,888156,1679400
2278,293,310,105643,5891,888466,1723600
2279,297,297,105346,5891,888763,1852200
2280,300,291,105046,5900,889054,1950700
2281,283,325,104763,5858,889379,1778200
2282,253,294,104510,5817,889673,1739400
2283,307,303,104203,5821,889976,1716300
2284,264,277,103939,5808,890253,1767200
2285,298,273,103641,5833,890526,1763400
2286,296,285,103345,5844,890811,1824600
2287,291,308,103054,5827,891119,1662200
2288,283,298,102771,5812,891417,1782900
2289,282,284,102489,5810,891701,1786400
2290,288,303,102201,5795,892004,1701800
2291,278,307,101923,5766,892311,1677500
2292,276,268,101647,5774,892579,1816700
2293,308,290,101339,5792,892869,1805700
2294,280,277,101059,5795,893146,2258700
2295,271,284,100788,5782,893430,2073000
2296,307,283,100481,5806,893713,1806300
2297,262,287,100219,5781,894000,2081200
2298,301,296,99918,5786,894296,1996600
2299,286,275,99632,5797,894571,1806900
2300,250,303,99382,5744,894874,1862200
2301,266,277,99116,5733,895151,1778700
2302,257,299,98859,5691,895450,1675900
2303,252,274,98607,5669,895724,1950200
2304,274,300,98333,5643,896024,1766600
2305,258,281,98075,5620,896305,1731200
2306,252,281,97823,5591,896586,1675800
2307,260,279,97563,5572,896865,1665900
2308,260,292,97303,5540,897157,1773100
2309,257,272,97046,5525,897429,1768000
2310,274,270,96772,5529,897699,1694400
2311,257,272,96515,5514,897971,1766500
2312,259,265,96256,5508,898236,1975800
2313,268,256,95988,5520,898492,1671000
2314,280,276,95708,5524,898768,1716500
2315,248,264,95460,5508,899032,1694100
2316,283,300,95177,5491,899332,1723200
2317,292,281,94885,5502,899613,1705700
2318,253,258,94632,5497,899871,1671200
2319,268,275,94364,5490,900146,1824800
2320,261,261,94103,5490,900407,1724800
2321,258,293,93845,5455,900700,1670400
2322,293,256,93552,5492,900956,1699200
2323,272,281,93280,5483,901237,1930800
2324,273,304,93007,5452,901541,1797800
2325,284,287,92723,5449,901828,1727900
2326,241,279,92482,5411,902107,1815700
2327,260,286,92222,5385,902393,1809700
2328,254,236,91968,5403,902629,1728500
2329,306,280,91662,5429,902909,1768200
2330,263,262,91399,5430,903171,1964800
2331,256,279,91143,5407,903450,1900100
2332,234,293,90909,5348,903743,1771000
2333,256,291,90653,5313,904034,1717400
2334,255,259,90398,5309,904293,1990200
2335,243,253,90155,5299,904546,1870400
2336,264,270,89891,5293,904816,1832600
2337,253,247,89638,5299,905063,1725300
2338,233,231,89405,5301,905294,1846400
2339,250,254,89155,5297,905548,1793000
2340,267,262,88888,5302,905810,1738000
2341,245,244,88643,5303,906054,1853500
2342,259,263,88384,5299,906317,1755900
2343,227,240,88157,5286,906557,1768400
2344,245,254,87912,5277,906811,1698300
2345,258,270,87654,5265,907081,1756700
2346,283,268,87371,5280,907349,1768500
2347,246,269,87125,5257,907618,1841100
2348,245,283,86880,5219,907901,1750000
2349,250,269,86630,5200,908170,1695600
2350,236,258,86394,5178,908428,1799300
2351,235,242,86159,5171,908670,1734900
2352,232,256,85927,5147,908926,1773100
2353,267,256,85660,5158,909182,1691200
2354,259,245,85401,5172,909427,1703700
2355,255,278,85146,5149,909705,1696600
2356,273,222,84873,5200,909927,1870900
2357,251,254,84622,5197,910181,1819200
2358,275,288,84347,5184,910469,1731900
2359,283,264,84064,5203,910733,1855400
2360,272,277,83792,5198,911010,1851700
2361,277,255,83515,5220,911265,2135800
2362,271,251,83244,5240,911516,2147800
2363,243,241,83001,5242,911757,1996600
2364,252,253,82749,5241,912010,1926300
2365,266,260,82483,5247,912270,1894000
2366,266,268,82217,5245,912538,1843400
2367,299,243,81918,5301,912781,1915600
2368,255,260,81663,5296,913041,2014000
2369,238,265,81425,5269,913306,2095700
2370,231,288,81194,5212,913594,2123100
2371,247,268,80947,5191,913862,2044600
2372,265,267,80682,5189,914129,2293700
2373,228,276,80454,5141,914405,1948200
2374,252,246,80202,5147,914651,2196000
2375,247,254,79955,5140,914905,1994200
2376,259,274,79696,5125,915179,1935700
2377,239,271,79457,5093,915450,1923600
2378,236,247,79221,5082,915697,1885700
2379,240,262,78981,5060,915959,2224000
2380,256,231,78725,5085,916190,1950300
2381,244,273,78481,5056,916463,1880500
2382,226,238,78255,5044,916701,1826500
2383,225,257,78030,5012,916958,1831900
2384,210,271,77820,4951,917229,1865900
2385,232,230,77588,4953,917459,1815200
2386,235,221,77353,4967,917680,1972500
2387,226,245,77127,4948,917925,2245300
2388,234,247,76893,4935,918172,2039200
2389,224,268,76669,4891,918440,1905800
2390,245,246,76424,4890,918686,1867600
2391,229,258,76195,4861,918944,1801900
2392,241,235,75954,4867,919179,1841400
2393,231,263,75723,4835,919442,1796700
2394,234,258,75489,4811,919700,1814600
2395,224,212,75265,4823,919912,1924000
2396,210,244,75055,4789,920156,1832400
2397,236,238,74819,4787,920394,2062300
2398,250,236,74569,4801,920630,1850600
2399,254,207,74315,4848,920837,1809200
2400,245,244,74070,4849,921081,1676800
2401,271,268,73799,4852,921349,1799200
2402,251,244,73548,4859,921593,1844800
2403,240,226,73308,4873,921819,1875700
2404,221,240,73087,4854,922059,1855600
2405,236,230,72851,4860,922289,1799500
2406,233,238,72618,4855,922527,1886200
2407,223,239,72395,4839,922766,1798700
2408,224,228,72171,4835,922994,2053400
2409,230,267,71941,4798,923261,1798100
2410,237,243,71704,4792,923504,1847400
2411,224,221,71480,4795,923725,1809700
2412,227,253,71253,4769,923978,1840200
2413,249,248,71004,4770,924226,1972500
2414,213,239,70791,4744,924465,1987600
2415,250,219,70541,4775,924684,2019100
2416,225,255,70316,4745,924939,2117900
2417,245,228,70071,4762,925167,1887600
2418,247,234,69824,4775,925401,1826700
2419,208,229,69616,4754,925630,1770800
2420,229,250,69387,4733,925880,1835700
2421,229,250,69158,4712,926130,1923100
2422,234,250,68924,4696,926380,1823900
2423,255,219,68669,4732,926599,1771800
2424,252,229,68417,4755,926828,1768900
2425,225,238,68192,4742,927066,1777300
2426,255,244,67937,4753,927310,1822800
2427,224,241,67713,4736,927551,1812500
2428,232,235,67481,4733,927786,1980100
2429,246,234,67235,4745,928020,1783700
2430,231,243,67004,4733,928263,1953500
2431,212,236,66792,4709,928499,1777000
2432,222,228,66570,4703,928727,1739700
2433,209,232,66361,4680,928959,1766100
2434,231,262,66130,4649,929221,1897700
2435,226,205,65904,4670,929426,1796900
2436,222,225,65682,4667,929651,1763200
2437,215,228,65467,4654,929879,1804600
2438,213,234,65254,4633,930113,1780700
2439,216,222,65038,4627,930335,1819800
2440,180,227,64858,4580,930562,1802400
2441,195,230,64663,4545,930792,1788200
2442,220,232,64443,4533,931024,1832300
2443,214,229,64229,4518,931253,2128700
2444,206,230,64023,4494,931483,1836200
2445,221,225,63802,4490,931708,1797300
2446,208,219,63594,4479,931927,1874500
2447,192,230,63402,4441,932157,1748400
2448,181,245,63221,4377,932402,1753400
2449,188,232,63033,4333,932634,1789200
2450,190,215,62843,4308,932849,1796800
2451,192,216,62651,4284,933065,1865600
2452,192,186,62459,4290,933251,1826200
2453,194,210,62265,4274,933461,1812900
2454,201,180,62064,4295,933641,1843600
2455,182,239,61882,4238,933880,1764400
2456,206,209,61676,4235,934089,1749300
2457,195,213,61481,4217,934302,1773200
2458,200,213,61281,4204,934515,1881600
2459,162,248,61119,4118,934763,1827000
2460,179,224,60940,4073,934987,1806100
2461,162,204,60778,4031,935191,1779600
2462,194,217,60584,4008,935408,1716800
2463,199,180,60385,4027,935588,1721200
2464,174,194,60211,4007,935782,1818600
2465,190,218,60021,3979,936000,1791500
2466,191,222,59830,3948,936222,1752700
2467,194,196,59636,3946,936418,1896600
2468,185,202,59451,3929,936620,1858000
2469,189,200,59262,3918,936820,1784600
2470,161,207,59101,3872,937027,1883800
2471,191,201,58910,3862,937228,1743900
2472,146,189,58764,3819,937417,1892200
2473,160,173,58604,3806,937590,1888100
2474,187,190,58417,3803,937780,1845700
2475,161,202,58256,3762,937982,1872500
2476,156,190,58100,3728,938172,1800100
2477,171,172,57929,3727,938344,1743000
2478,177,194,57752,3710,938538,1759500
2479,166,200,57586,3676,938738,1705600
2480,176,166,57410,3686,938904,1889800
2481,165,163,57245,3688,939067,1788100
2482,174,185,57071,3677,939252,1849700
2483,153,200,56918,3630,939452,1825100
2484,146,168,56772,3608,939620,1785800
2485,187,189,56585,3606,939809,1727400
2486,153,182,56432,3577,939991,1812900
2487,164,185,56268,3556,940176,1800700
2488,128,192,56140,3492,940368,1705500
2489,159,184,55981,3467,940552,1769400
2490,163,169,55818,3461,940721,1769200
2491,148,155,55670,3454,940876,1955200
2492,120,173,55550,3401,941049,1814300
2493,129,183,55421,3347,941232,1810600
2494,145,142,55276,3350,941374,1764500
2495,131,140,55145,3341,941514,1736900
2496,158,176,54987,3323,941690,1749100
2497,157,162,54830,3318,941852,1797600
2498,163,161,54667,3320,942013,1847700
2499,149,152,54518,3317,942165,1785500
2500,146,179,54372,3284,942344,1807100
2501,150,175,54222,3259,942519,1750900
2502,142,157,54080,3244,942676,1736600
2503,149,161,53931,3232,942837,1749600
2504,158,164,53773,3226,943001,1702300
2505,149,147,53624,3228,943148,1777500
2506,163,160,53461,3231,943308,1754400
2507,144,148,53317,3227,943456,1736200
2508,165,169,53152,3223,943625,1735600
2509,162,152,52990,3233,943777,2036400
2510,166,141,52824,3258,943918,1804600
2511,151,156,52673,3253,944074,1977500
2512,128,161,52545,3220,944235,1751500
2513,131,161,52414,3190,944396,1781600
2514,129,171,52285,3148,944567,1790100
2515,143,190,52142,3101,944757,1796700
2516,126,132,52016,3095,944889,1805200
2517,121,154,51895,3062,945043,1765400
2518,144,145,51751,3061,945188,1827600
2519,123,157,51628,3027,945345,1996600
2520,123,156,51505,2994,945501,1764900
2521,133,135,51372,2992,945636,1719400
2522,128,145,51244,2975,945781,1713900
2523,128,149,51116,2954,945930,2174900
2524,114,142,51002,2926,946072,1780500
2525,148,130,50854,2944,946202,1767400
2526,141,158,50713,2927,946360,1723600
2527,112,146,50601,2893,946506,1843300
2528,138,144,50463,2887,946650,1709300
2529,142,139,50321,2890,946789,1719800
2530,143,186,50178,2847,946975,1719300
2531,136,150,50042,2833,947125,1758600
2532,152,112,49890,2873,947237,1924300
2533,116,155,49774,2834,947392,2040700
2534,133,128,49641,2839,947520,1882700
2535,127,127,49514,2839,947647,1802400
2536,124,146,49390,2817,947793,1815000
2537,147,136,49243,2828,947929,1769300
2538,136,148,49107,2816,948077,1790600
2539,123,134,48984,2805,948211,1848200
2540,130,136,48854,2799,948347,2180400
2541,126,140,48728,2785,948487,2013100
2542,120,146,48608,2759,948633,2146100
2543,114,128,48494,2745,948761,1931600
2544,118,134,48376,2729,948895,1903300
2545,122,143,48254,2708,949038,1976300
2546,128,132,48126,2704,949170,1883300
2547,134,140,47992,2698,949310,2342700
2548,122,132,47870,2688,949442,1939300
2549,126,128,47744,2686,949570,2173100
2550,119,144,47625,2661,949714,1888000
2551,143,125,47482,2679,949839,1834000
2552,118,140,47364,2657,949979,1796200
2553,127,124,47237,2660,950103,1997500
2554,128,139,47109,2649,950242,1789500
2555,127,136,46982,2640,950378,2209000
2556,120,133,46862,2627,950511,1887000
2557,118,122,46744,2623,950633,2016900
2558,114,135,46630,2602,950768,2012800
2559,110,116,46520,2596,950884,1816900
2560,117,133,46403,2580,951017,1847800
2561,123,127,46280,2576,951144,1919500
2562,87,128,46193,2535,951272,1909200
2563,105,119,46088,2521,951391,1864500
2564,117,120,45971,2518,951511,1887800
2565,111,119,45860,2510,951630,2002100
2566,107,123,45753,2494,951753,1821800
2567,119,113,45634,2500,951866,1945800
2568,115,123,45519,2492,951989,1849700
2569,106,121,45413,2477,952110,1818500
2570,90,115,45323,2452,952225,2275400
2571,106,121,45217,2437,952346,1968100
2572,96,136,45121,2397,952482,1863800
2573,113,114,45008,2396,952596,1815400
2574,103,135,44905,2364,952731,1810100
2575,105,112,44800,2357,952843,2056500
2576,119,118,44681,2358,952961,1870800
2577,90,96,44591,2352,953057,1863900
2578,108,120,44483,2340,953177,1821600
2579,98,113,44385,2325,953290,1843600
2580,99,128,44286,2296,953418,1995400
2581,108,114,44178,2290,953532,4700700
2582,99,114,44079,2275,953646,5487400
2583,112,122,43967,2265,953768,2117200
2584,96,121,43871,2240,953889,2216900
2585,109,110,43762,2239,953999,1973700
2586,81,116,43681,2204,954115,1891400
2587,106,104,43575,2206,954219,1808600
2588,94,116,43481,2184,954335,1912300
2589,97,124,43384,2157,954459,2410500
2590,86,102,43298,2141,954561,8585700
2591,107,83,43191,2165,954644,2221500
2592,110,98,43081,2177,954742,2218800
2593,99,106,42982,2170,954848,2025600
2594,82,110,42900,2142,954958,2077200
2595,102,100,42798,2144,955058,2012900
2596,105,102,42693,2147,955160,2189900
2597,101,114,42592,2134,955274,1863700
2598,98,93,42494,2139,955367,1854000
2599,111,88,42383,2162,955455,1850000
2600,96,109,42287,2149,955564,1953100
2601,84,117,42203,2116,955681,1871100
2602,96,103,42107,2109,955784,1881100
2603,109,94,41998,2124,955878,2186700
2604,106,114,41892,2116,955992,2342000
2605,116,98,41776,2134,956090,2170300
2606,85,102,41691,2117,956192,2196800
2607,87,102,41604,2102,956294,2157900
2608,82,99,41522,2085,956393,2211500
2609,104,99,41418,2090,956492,2027700
2610,102,101,41316,2091,956593,2243700
2611,83,115,41233,2059,956708,2072600
2612,84,113,41149,2030,956821,2441000
2613,87,88,41062,2029,956909,2107000
2614,92,116,40970,2005,957025,2247500
2615,104,97,40866,2012,957122,1897300
2616,93,120,40773,1985,957242,1816000
2617,89,90,40684,1984,957332,2041900
2618,102,82,40582,2004,957414,1886500
2619,93,104,40489,1993,957518,1842300
2620,85,109,40404,1969,957627,1964700
2621,85,100,40319,1954,957727,1794300
2622,89,95,40230,1948,957822,1807400
2623,81,104,40149,1925,957926,1954500
2624,89,95,40060,1919,958021,1824600
2625,101,107,39959,1913,958128,1820600
2626,81,79,39878,1915,958207,2016500
2627,76,97,39802,1894,958304,1893100
2628,66,83,39736,1877,958387,1766400
2629,94,96,39642,1875,958483,1741000
2630,74,89,39568,1860,958572,1958900
2631,108,77,39460,1891,958649,1896600
2632,96,91,39364,1896,958740,1725100
2633,94,96,39270,1894,958836,1770000
2634,99,92,39171,1901,958928,1737700
2635,102,86,39069,1917,959014,1838400
2636,80,109,38989,1888,959123,1756200
2637,96,91,38893,1893,959214,1696300
2638,87,100,38806,1880,959314,1705800
2639,93,95,38713,1878,959409,1736600
2640,78,74,38635,1882,959483,1729400
2641,83,100,38552,1865,959583,1855600
2642,80,93,38472,1852,959676,1799700
2643,75,95,38397,1832,959771,1780600
2644,76,91,38321,1817,959862,1790800
2645,93,90,38228,1820,959952,1694700
2646,88,86,38140,1822,960038,1703400
2647,75,89,38065,1808,960127,1750000
2648,75,107,37990,1776,960234,1693500
2649,63,88,37927,1751,960322,1704400
2650,72,81,37855,1742,960403,1754100
2651,71,83,37784,1730,960486,1730900
2652,82,81,37702,1731,960567,1877400
2653,95,66,37607,1760,960633,1845600
2654,69,85,37538,1744,960718,1716800
2655,73,86,37465,1731,960804,1744200
2656,66,89,37399,1708,960893,1711400
2657,65,85,37334,1688,960978,1700900
2658,65,87,37269,1666,961065,1718200
2659,56,82,37213,1640,961147,1747000
2660,74,74,37139,1640,961221,1856800
2661,67,87,37072,1620,961308,1708500
2662,66,95,37006,1591,961403,1949400
2663,60,82,36946,1569,961485,1801700
2664,73,76,36873,1566,961561,1869700
2665,69,69,36804,1566,961630,1793200
2666,56,72,36748,1550,961702,1766100
2667,69,99,36679,1520,961801,1795700
2668,79,70,36600,1529,961871,1832900
2669,79,76,36521,1532,961947,1900300
2670,67,75,36454,1524,962022,1991800
2671,59,75,36395,1508,962097,1872600
2672,62,63,36333,1507,962160,1783700
2673,61,82,36272,1486,962242,1743000
2674,65,66,36207,1485,962308,2000300
2675,76,82,36131,1479,962390,1873000
2676,69,84,36062,1464,962474,2256400
2677,81,66,35981,1479,962540,1827400
2678,66,88,35915,1457,962628,1762400
2679,87,73,35828,1471,962701,1932400
2680,60,68,35768,1463,962769,1827700
2681,56,70,35712,1449,962839,1776400
2682,73,85,35639,1437,962924,1861700
2683,66,70,35573,1433,962994,1696800
2684,68,73,35505,1428,963067,1649600
2685,43,82,35462,1389,963149,1723400
2686,50,95,35412,1344,963244,1638500
2687,63,67,35349,1340,963311,1639600
2688,67,66,35282,1341,963377,2084300
2689,59,63,35223,1337,963440,1730400
2690,70,69,35153,1338,963509,1633800
2691,58,80,35095,1316,963589,1630100
2692,65,77,35030,1304,963666,1620800
2693,71,72,34959,1303,963738,1654500
2694,69,58,34890,1314,963796,1767000
2695,65,61,34825,1318,963857,1740000
2696,67,68,34758,1317,963925,1641100
2697,74,67,34684,1324,963992,1581000
2698,68,66,34616,1326,964058,1784200
2699,57,75,34559,1308,964133,1707900
2700,63,68,34496,1303,964201,1610200
2701,61,77,34435,1287,964278,1617500
2702,56,74,34379,1269,964352,1616400
2703,76,72,34303,1273,964424,1616600
2704,61,67,34242,1267,964491,1609100
2705,60,66,34182,1261,964557,1643000
2706,67,75,34115,1253,964632,1762100
2707,74,55,34041,1272,964687,1628600
2708,86,70,33955,1288,964757,1656100
2709,58,59,33897,1287,964816,1640700
2710,53,45,33844,1295,964861,1728000
2711,67,67,33777,1295,964928,1680900
2712,58,70,33719,1283,964998,1573700
2713,72,61,33647,1294,965059,1708100
2714,62,71,33585,1285,965130,1660800
2715,79,63,33506,1301,965193,1618600
2716,74,69,33432,1306,965262,1765700
2717,82,64,33350,1324,965326,1713200
2718,84,83,33266,1325,965409,1827000
2719,71,69,33195,1327,965478,1618000
2720,78,75,33117,1330,965553,1711500
2721,73,75,33044,1328,965628,1656800
2722,71,67,32973,1332,965695,1630600
2723,64,70,32909,1326,965765,1727300
2724,46,63,32863,1309,965828,1651900
2725,53,64,32810,1298,965892,1626900
2726,57,55,32753,1300,965947,1855600
2727,68,71,32685,1297,966018,1743700
2728,57,53,32628,1301,966071,1657200
2729,51,47,32577,1305,966118,1564400
2730,47,70,32530,1282,966188,1678500
2731,65,75,32465,1272,966263,1607300
2732,61,50,32404,1283,966313,1614300
2733,64,71,32340,1276,966384,1667600
2734,56,50,32284,1282,966434,1636200
2735,74,65,32210,1291,966499,1637200
2736,68,61,32142,1298,966560,1650400
2737,58,70,32084,1286,966630,1625800
2738,42,67,32042,1261,966697,1612700
2739,63,54,31979,1270,966751,1620900
2740,50,61,31929,1259,966812,1613400
2741,55,74,31874,1240,966886,1693300
2742,55,58,31819,1237,966944,1620400
2743,60,61,31759,1236,967005,1601600
2744,49,54,31710,1231,967059,1622300
2745,70,58,31640,1243,967117,1573200
2746,70,55,31570,1258,967172,1721500
2747,52,53,31518,1257,967225,1622500
2748,70,67,31448,1260,967292,1614500
2749,65,62,31383,1263,967354,1713200
2750,57,71,31326,1249,967425,1620600
2751,57,65,31269,1241,967490,1626400
2752,58,49,31211,1250,967539,1689300
2753,48,58,31163,1240,967597,1620700
2754,64,59,31099,1245,967656,1685200
2755,51,74,31048,1222,967730,1893400
2756,68,68,30980,1222,967798,1706900
2757,56,73,30924,1205,967871,1741200
2758,46,67,30878,1184,967938,1755200
2759,56,55,30822,1185,967993,1750400
2760,57,62,30765,1180,968055,1714200
2761,51,60,30714,1171,968115,1581400
2762,55,72,30659,1154,968187,1645000
2763,67,54,30592,1167,968241,1687600
2764,67,57,30525,1177,968298,1615200
2765,53,61,30472,1169,968359,1716500
2766,58,59,30414,1168,968418,1646800
2767,51,71,30363,1148,968489,1616400
2768,59,70,30304,1137,968559,1736300
2769,45,50,30259,1132,968609,1652000
2770,43,48,30216,1127,968657,1617100
2771,57,61,30159,1123,968718,1731900
2772,54,62,30105,1115,968780,2251000
2773,54,71,30051,1098,968851,1910600
2774,57,71,29994,1084,968922,1699700
2775,51,50,29943,1085,968972,1653900
2776,52,48,29891,1089,969020,1604300
2777,52,49,29839,1092,969069,1730400
2778,56,57,29783,1091,969126,1612100
2779,49,52,29734,1088,969178,1604100
2780,49,51,29685,1086,969229,1663700
2781,50,59,29635,1077,969288,1617000
2782,47,53,29588,1071,969341,1638000
2783,62,50,29526,1083,969391,1615900
2784,59,55,29467,1087,969446,1621900
2785,56,62,29411,1081,969508,1726900
2786,46,43,29365,1084,969551,1647600
2787,57,42,29308,1099,969593,1648400
2788,59,52,29249,1106,969645,1723500
2789,55,45,29194,1116,969690,1653400
2790,64,66,29130,1114,969756,1637600
2791,46,58,29084,1102,969814,1718300
2792,55,55,29029,1102,969869,1669300
2793,51,59,28978,1094,969928,1640400
2794,54,50,28924,1098,969978,1664000
2795,48,55,28876,1091,970033,1724100
2796,41,69,28835,1063,970102,1687000
2797,42,50,28793,1055,970152,1945700
2798,52,55,28741,1052,970207,1778000
2799,44,48,28697,1048,970255,1765900
2800,45,68,28652,1025,970323,1709200
2801,46,38,28606,1033,970361,1630400
2802,48,61,28558,1020,970422,2147800
2803,40,61,28518,999,970483,1671800
2804,40,49,28478,990,970532,1681000
2805,63,50,28415,1003,970582,1616900
2806,54,51,28361,1006,970633,1570500
2807,55,62,28306,999,970695,1681900
2808,59,60,28247,998,970755,1623500
2809,49,52,28198,995,970807,1905200
2810,43,41,28155,997,970848,1714900
2811,48,44,28107,1001,970892,1628500
2812,53,52,28054,1002,970944,1602600
2813,52,51,28002,1003,970995,1763000
2814,45,42,27957,1006,971037,1612200
2815,56,46,27901,1016,971083,1613300
2816,44,33,27857,1027,971116,1780200
2817,51,46,27806,1032,971162,1617700
2818,50,55,27756,1027,971217,1952400
2819,62,42,27694,1047,971259,1614600
2820,48,48,27646,1047,971307,1760600
2821,60,44,27586,1063,971351,1617000
2822,53,46,27533,1070,971397,1621900
2823,42,71,27491,1041,971468,1776600
2824,45,75,27446,1011,971543,1621100
2825,49,55,27397,1005,971598,1621700
2826,41,40,27356,1006,971638,1710400
2827,50,52,27306,1004,971690,1619700
2828,47,43,27259,1008,971733,1602000
2829,38,44,27221,1002,971777,1685500
2830,46,54,27175,994,971831,1610300
2831,48,36,27127,1006,971867,1617400
2832,34,45,27093,995,971912,1639700
2833,48,51,27045,992,971963,1913500
2834,40,44,27005,988,972007,1728000
2835,44,53,26961,979,972060,1720400
2836,31,47,26930,963,972107,1923300
2837,39,36,26891,966,972143,1656400
2838,44,54,26847,956,972197,1615500
2839,50,47,26797,959,972244,1719300
2840,52,54,26745,957,972298,1684100
2841,38,38,26707,957,972336,1614300
2842,45,46,26662,956,972382,1716700
2843,39,39,26623,956,972421,1670300
2844,40,43,26583,953,972464,1610700
2845,39,54,26544,938,972518,1754200
2846,38,46,26506,930,972564,1631400
2847,43,41,26463,932,972605,1601100
2848,39,40,26424,931,972645,1707600
2849,40,46,26384,925,972691,1635400
2850,43,34,26341,934,972725,1622200
2851,41,42,26300,933,972767,1735700
2852,38,57,26262,914,972824,1631500
2853,37,42,26225,909,972866,1620600
2854,46,54,26179,901,972920,1920200
2855,44,47,26135,898,972967,2171700
2856,41,58,26094,881,973025,1722400
2857,33,48,26061,866,973073,1669200
2858,41,37,26020,870,973110,1613100
2859,32,48,25988,854,973158,1696200
2860,41,39,25947,856,973197,1672200
2861,37,46,25910,847,973243,1810400
2862,32,43,25878,836,973286,1719200
2863,42,36,25836,842,973322,1711600
2864,37,48,25799,831,973370,1611400
2865,41,41,25758,831,973411,1616100
2866,39,30,25719,840,973441,1706800
2867,38,35,25681,843,973476,1631800
2868,35,41,25646,837,973517,1608600
2869,33,36,25613,834,973553,1712900
2870,44,36,25569,842,973589,1626700
2871,45,46,25524,841,973635,1622000
2872,41,45,25483,837,973680,1710300
2873,34,34,25449,837,973714,1694000
2874,40,49,25409,828,973763,1641500
2875,42,36,25367,834,973799,1725600
2876,43,43,25324,834,973842,1618700
2877,37,53,25287,818,973895,1618300
2878,36,39,25251,815,973934,1699800
2879,23,41,25228,797,973975,1668800
2880,43,38,25185,802,974013,1649300
2881,41,50,25144,793,974063,1720800
2882,27,31,25117,789,974094,1627300
2883,35,39,25082,785,974133,1636100
2884,35,34,25047,786,974167,1731400
2885,36,46,25011,776,974213,1621400
2886,41,37,24970,780,974250,1633500
2887,42,42,24928,780,974292,1725700
2888,44,27,24884,797,974319,1621000
2889,36,38,24848,795,974357,1601600
2890,38,28,24810,805,974385,1698600
2891,42,39,24768,808,974424,1678900
2892,34,32,24734,810,974456,1612700
2893,35,29,24699,816,974485,1696800
2894,33,43,24666,806,974528,1595300
2895,37,43,24629,800,974571,1628200
2896,35,43,24594,792,974614,1671700
2897,36,35,24558,793,974649,1626200
2898,38,32,24520,799,974681,1626600
2899,36,39,24484,796,974720,1652800
2900,37,38,24447,795,974758,1627100
2901,34,39,24413,790,974797,1856900
2902,16,46,24397,760,974843,1743100
2903,34,49,24363,745,974892,1625100
2904,36,32,24327,749,974924,1626800
2905,27,35,24300,741,974959,1706600
2906,34,29,24266,746,974988,1671500
2907,32,43,24234,735,975031,1596300
2908,34,44,24200,725,975075,1682200
2909,33,35,24167,723,975110,1652100
2910,25,31,24142,717,975141,1792300
2911,34,44,24108,707,975185,1723700
2912,34,43,24074,698,975228,2177800
2913,34,39,24040,693,975267,1729700
2914,35,28,24005,700,975295,1661200
2915,37,31,23968,706,975326,2015600
2916,30,41,23938,695,975367,1715100
2917,42,31,23896,706,975398,1714100
2918,32,25,23864,713,975423,1663800
2919,38,42,23826,709,975465,1618400
2920,32,35,23794,706,975500,1705200
2921,34,36,23760,704,975536,1648400
2922,33,33,23727,704,975569,1617800
2923,40,34,23687,710,975603,1817000
2924,37,32,23650,715,975635,1688600
2925,34,40,23616,709,975675,1648500
2926,34,38,23582,705,975713,1814900
2927,34,30,23548,709,975743,1645200
2928,35,49,23513,695,975792,1740800
2929,33,23,23480,705,975815,1939500
2930,26,41,23454,690,975856,1845400
2931,34,38,23420,686,975894,1747200
2932,30,29,23390,687,975923,1764200
2933,34,29,23356,692,975952,1699200
2934,31,41,23325,682,975993,1659000
2935,33,36,23292,679,976029,1702900
2936,30,25,23262,684,976054,2259900
2937,29,27,23233,686,976081,1760000
2938,26,39,23207,673,976120,1787600
2939,32,33,23175,672,976153,1944300
2940,31,33,23144,670,976186,2057200
2941,32,27,23112,675,976213,1854200
2942,39,35,23073,679,976248,1815100
2943,43,30,23030,692,976278,1906300
2944,33,19,22997,706,976297,1790500
2945,31,36,22966,701,976333,1831700
2946,34,35,22932,700,976368,2078800
2947,31,39,22901,692,976407,1753200
2948,37,28,22864,701,976435,1737000
2949,25,37,22839,689,976472,1693000
2950,31,36,22808,684,976508,1750800
2951,38,26,22770,696,976534,1966400
2952,29,32,22741,693,976566,1934000
2953,38,31,22703,700,976597,1918700
2954,37,38,22666,699,976635,1946900
2955,38,48,22628,689,976683,1859600
2956,40,38,22588,691,976721,1993700
2957,32,27,22556,696,976748,1861100
2958,29,28,22527,697,976776,1948100
2959,40,34,22487,703,976810,1973300
2960,30,41,22457,692,976851,1862500
2961,30,33,22427,689,976884,1843000
2962,31,36,22396,684,976920,1890000
2963,30,36,22366,678,976956,1906600
2964,38,33,22328,683,976989,2019600
2965,27,25,22301,685,977014,2197700
2966,24,34,22277,675,977048,2013500
2967,31,40,22246,666,977088,1941100
2968,29,34,22217,661,977122,1983500
2969,29,29,22188,661,977151,2142500
2970,26,26,22162,661,977177,2227100
2971,30,26,22132,665,977203,2043800
2972,26,34,22106,657,977237,1872100
2973,27,33,22079,651,977270,1964800
2974,30,33,22049,648,977303,1818400
2975,36,26,22013,658,977329,1965800
2976,35,22,21978,671,977351,1884700
2977,30,31,21948,670,977382,1995600
2978,31,33,21917,668,977415,1851400
2979,32,32,21885,668,977447,1796300
2980,31,35,21854,664,977482,1789000
2981,29,31,21825,662,977513,1740800
2982,27,39,21798,650,977552,1806700
2983,29,25,21769,654,977577,2174800
2984,38,34,21731,658,977611,2106800
2985,34,47,21697,645,977658,2088500
2986,34,27,21663,652,977685,1969100
2987,38,30,21625,660,977715,1968200
2988,35,24,21590,671,977739,1939700
2989,30,43,21560,658,977782,1810200
2990,35,34,21525,659,977816,1919200
2991,31,25,21494,665,977841,1724700
2992,27,26,21467,666,977867,1760400
2993,25,31,21442,660,977898,1815000
2994,23,30,21419,653,977928,1880700
2995,36,39,21383,650,977967,1824900
2996,31,34,21352,647,978001,1828800
2997,25,32,21327,640,978033,1774000
2998,23,30,21304,633,978063,1757700
2999,23,39,21281,617,978102,1773500
3000,31,23,21250,625,978125,1796800
3001,25,41,21225,609,978166,1755200
3002,26,29,21199,606,978195,1818800
3003,30,28,21169,608,978223,1765600
3004,21,30,21148,599,978253,1799700
3005,22,25,21126,596,978278,1763700
3006,35,31,21091,600,978309,2033500
3007,25,28,21066,597,978337,1864800
3008,26,44,21040,579,978381,1998600
3009,39,16,21001,602,978397,1870800
3010,30,29,20971,603,978426,1844000
3011,32,38,20939,597,978464,1829700
3012,29,30,20910,596,978494,1817900
3013,28,33,20882,591,978527,1892500
3014,29,17,20853,603,978544,1781700
3015,25,24,20828,604,978568,1740500
3016,27,36,20801,595,978604,1864400
3017,35,43,20766,587,978647,1804700
3018,34,33,20732,588,978680,1899600
3019,21,35,20711,574,978715,1928400
3020,19,28,20692,565,978743,1753600
3021,20,24,20672,561,978767,1769000
3022,20,23,20652,558,978790,1753700
3023,37,42,20615,553,978832,1755000
3024,29,38,20586,544,978870,1721500
3025,35,29,20551,550,978899,1749300
3026,27,28,20524,549,978927,1840700
3027,19,23,20505,545,978950,1882700
3028,32,31,20473,546,978981,1878500
3029,23,29,20450,540,979010,1793800
3030,25,31,20425,534,979041,1772300
3031,19,25,20406,528,979066,1951000
3032,22,28,20384,522,979094,1883800
3033,22,22,20362,522,979116,1891300
3034,21,17,20341,526,979133,1886100
3035,15,21,20326,520,979154,1802500
3036,25,24,20301,521,979178,1813900
3037,27,23,20274,525,979201,1874500
3038,27,27,20247,525,979228,1830600
3039,27,36,20220,516,979264,1811500
3040,26,21,20194,521,979285,1798800
3041,20,31,20174,510,979316,1890000
3042,30,25,20144,515,979341,1820400
3043,26,34,20118,507,979375,1767800
3044,25,24,20093,508,979399,1897600
3045,24,22,20069,510,979421,1888700
3046,26,19,20043,517,979440,1815400
3047,29,23,20014,523,979463,1825600
3048,27,23,19987,527,979486,1780000
3049,18,22,19969,523,979508,1723700
3050,26,23,19943,526,979531,1735600
3051,17,31,19926,512,979562,1732200
3052,26,27,19900,511,979589,1719500
3053,20,19,19880,512,979608,1794200
3054,21,20,19859,513,979628,1807400
3055,30,21,19829,522,979649,1809900
3056,27,31,19802,518,979680,2047400
3057,31,28,19771,521,979708,1856900
3058,31,23,19740,529,979731,2305300
3059,27,24,19713,532,979755,1813800
3060,27,22,19686,537,979777,2401400
3061,34,31,19652,540,979808,2059700
3062,36,34,19616,542,979842,1909400
3063,26,24,19590,544,979866,1862100
3064,20,30,19570,534,979896,1845300
3065,39,18,19531,555,979914,1791100
3066,28,36,19503,547,979950,1864500
3067,24,26,19479,545,979976,1788900
3068,25,26,19454,544,980002,1846100
3069,31,27,19423,548,980029,1848200
3070,22,33,19401,537,980062,1793500
3071,20,37,19381,520,980099,1985800
3072,25,19,19356,526,980118,1945800
3073,24,23,19332,527,980141,1782900
3074,27,29,19305,525,980170,1807800
3075,27,27,19278,525,980197,1753000
3076,19,27,19259,517,980224,1742400
3077,29,27,19230,519,980251,1820300
3078,13,29,19217,503,980280,1956100
3079,21,17,19196,507,980297,1880600
3080,13,18,19183,502,980315,1823200
3081,24,30,19159,496,980345,1881800
3082,22,21,19137,497,980366,1792100
3083,23,25,19114,495,980391,1739800
3084,16,28,19098,483,980419,1787200
3085,22,20,19076,485,980439,1768000
3086,23,23,19053,485,980462,1742300
3087,22,21,19031,486,980483,1749200
3088,19,23,19012,482,980506,1719700
3089,27,23,18985,486,980529,1885500
3090,26,22,18959,490,980551,1855800
3091,29,29,18930,490,980580,1820500
3092,22,23,18908,489,980603,1805900
3093,21,27,18887,483,980630,1781300
3094,17,32,18870,468,980662,1944800
3095,21,27,18849,462,980689,1817600
3096,15,23,18834,454,980712,1776400
3097,20,22,18814,452,980734,1786200
3098,21,25,18793,448,980759,1743200
3099,16,20,18777,444,980779,1754300
3100,20,21,18757,443,980800,1751700
3101,18,27,18739,434,980827,1708000
3102,19,21,18720,432,980848,1760700
3103,19,15,18701,436,980863,1708500
3104,22,23,18679,435,980886,1727800
3105,20,26,18659,429,980912,1655400
3106,29,21,18630,437,980933,1663800
3107,24,23,18606,438,980956,1725200
3108,20,21,18586,437,980977,1719200
3109,28,12,18558,453,980989,1898200
3110,17,21,18541,449,981010,1657000
3111,17,20,18524,446,981030,1910800
3112,24,27,18500,443,981057,1682100
3113,21,33,18479,431,981090,1674000
3114,18,24,18461,425,981114,1785000
3115,14,30,18447,409,981144,1697400
3116,14,21,18433,402,981165,1698200
3117,10,19,18423,393,981184,1728200
3118,18,21,18405,390,981205,1714400
3119,20,24,18385,386,981229,2237200
3120,16,20,18369,382,981249,1849900
3121,14,18,18355,378,981267,1721700
3122,18,24,18337,372,981291,1903500
3123,22,17,18315,377,981308,1724400
3124,15,15,18300,377,981323,1691800
3125,19,12,18281,384,981335,2038900
3126,11,18,18270,377,981353,1705900
3127,13,16,18257,374,981369,1700700
3128,15,21,18242,368,981390,1694900
3129,17,11,18225,374,981401,1808600
3130,17,18,18208,373,981419,1743400
3131,22,16,18186,379,981435,1724700
3132,16,21,18170,374,981456,1775500
3133,10,26,18160,358,981482,1748900
3134,13,14,18147,357,981496,1733100
3135,24,19,18123,362,981515,1748200
3136,23,22,18100,363,981537,1711100
3137,12,10,18088,365,981547,1706700
3138,15,17,18073,363,981564,1777500
3139,8,13,18065,358,981577,1743900
3140,18,15,18047,361,981592,1774300
3141,17,14,18030,364,981606,1727300
3142,9,11,18021,362,981617,1749300
3143,28,24,17993,366,981641,1694700
3144,24,27,17969,363,981668,1700200
3145,17,17,17952,363,981685,1757800
3146,16,27,17936,352,981712,1711700
3147,12,14,17924,350,981726,1725600
3148,15,16,17909,349,981742,1739700
3149,8,18,17901,339,981760,1704100
3150,23,12,17878,350,981772,1898800
3151,15,15,17863,350,981787,1674300
3152,17,13,17846,354,981800,1969900
3153,16,14,17830,356,981814,1698700
3154,18,17,17812,357,981831,1678700
3155,13,9,17799,361,981840,1761200
3156,11,19,17788,353,981859,1715200
3157,14,20,17774,347,981879,1693100
3158,11,18,17763,340,981897,1914200
3159,14,22,17749,332,981919,1733500
3160,8,13,17741,327,981932,1710700
3161,15,16,17726,326,981948,1676800
3162,13,21,17713,318,981969,1723000
3163,15,22,17698,311,981991,1612800
3164,20,18,17678,313,982009,1704600
3165,14,14,17664,313,982023,1688900
3166,9,24,17655,298,982047,1628900
3167,12,14,17643,296,982061,1816300
3168,15,22,17628,289,982083,1727100
3169,14,16,17614,287,982099,1698300
3170,14,9,17600,292,982108,1695300
3171,15,20,17585,287,982128,1769200
3172,9,10,17576,286,982138,1721200
3173,17,20,17559,283,982158,1783900
3174,11,19,17548,275,982177,1932500
3175,16,19,17532,272,982196,1747200
3176,17,12,17515,277,982208,1912600
3177,13,12,17502,278,982220,1750900
3178,17,11,17485,284,982231,1894900
3179,10,13,17475,281,982244,1802700
3180,10,14,17465,277,982258,1945300
3181,11,20,17454,268,982278,1768800
3182,13,13,17441,268,982291,1751500
3183,13,10,17428,271,982301,2091800
3184,15,13,17413,273,982314,1730800
3185,14,16,17399,271,982330,1751200
3186,12,23,17387,260,982353,1714300
3187,15,8,17372,267,982361,1765000
3188,14,16,17358,265,982377,1733300
3189,10,11,17348,264,982388,1714100
3190,12,10,17336,266,982398,1810100
3191,7,7,17329,266,982405,1740900
3192,12,12,17317,266,982417,1756400
3193,15,13,17302,268,982430,1698300
3194,15,16,17287,267,982446,1737800
3195,12,16,17275,263,982462,1746900
3196,15,13,17260,265,982475,1727900
3197,13,15,17247,263,982490,1761700
3198,15,11,17232,267,982501,1892300
3199,9,11,17223,265,982512,1868000
3200,11,13,17212,263,982525,1724900
3201,6,18,17206,251,982543,1759700
3202,8,11,17198,248,982554,1693800
3203,11,9,17187,250,982563,1705800
3204,13,8,17174,255,982571,1729400
3205,6,16,17168,245,982587,1743000
3206,8,11,17160,242,982598,1755300
3207,7,18,17153,231,982616,1902200
3208,9,13,17144,227,982629,1795300
3209,6,11,17138,222,982640,1800300
3210,10,10,17128,222,982650,1772300
3211,12,9,17116,225,982659,1750000
3212,5,20,17111,210,982679,1963000
3213,17,11,17094,216,982690,1736500
3214,8,9,17086,215,982699,1734700
3215,4,11,17082,208,982710,1779700
3216,7,10,17075,205,982720,1749000
3217,15,10,17060,210,982730,1982600
3218,9,7,17051,212,982737,1749300
3219,11,12,17040,211,982749,1715300
3220,12,16,17028,207,982765,1713900
3221,12,5,17016,214,982770,1693800
3222,10,16,17006,208,982786,1896400
3223,12,8,16994,212,982794,1718100
3224,8,8,16986,212,982802,1770900
3225,5,12,16981,205,982814,1905800
3226,13,4,16968,214,982818,1961000
3227,7,13,16961,208,982831,1777800
3228,19,9,16942,218,982840,1790300
3229,10,9,16932,219,982849,1896500
3230,11,13,16921,217,982862,1813400
3231,11,10,16910,218,982872,1748700
3232,13,9,16897,222,982881,1710700
3233,16,8,16881,230,982889,1709000
3234,16,9,16865,237,982898,2021000
3235,10,10,16855,237,982908,1746000
3236,9,10,16846,236,982918,1748000
3237,5,9,16841,232,982927,1942900
3238,10,10,16831,232,982937,1712900
3239,18,18,16813,232,982955,1733600
3240,5,11,16808,226,982966,1731900
3241,8,12,16800,222,982978,1788700
3242,8,10,16792,220,982988,1683700
3243,16,7,16776,229,982995,1820000
3244,12,19,16764,222,983014,1806000
3245,11,14,16753,219,983028,1738600
3246,12,7,16741,224,983035,1831700
3247,17,11,16724,230,983046,1728300
3248,12,20,16712,222,983066,1692400
3249,11,13,16701,220,983079,1740300
3250,11,12,16690,219,983091,1844900
3251,14,12,16676,221,983103,1867700
3252,16,11,16660,226,983114,1767600
3253,13,11,16647,228,983125,1698500
3254,12,9,16635,231,983134,1703900
3255,5,12,16630,224,983146,1716200
3256,13,17,16617,220,983163,1988600
3257,13,10,16604,223,983173,1950400
3258,19,10,16585,232,983183,1942300
3259,9,14,16576,227,983197,1899900
3260,10,11,16566,226,983208,1809900
3261,14,12,16552,228,983220,1879700
3262,6,14,16546,220,983234,1796300
3263,9,11,16537,218,983245,1751100
3264,12,11,16525,219,983256,1719500
3265,12,10,16513,221,983266,1788400
3266,12,11,16501,222,983277,1760300
3267,10,11,16491,221,983288,1695900
3268,7,12,16484,216,983300,1716900
3269,5,10,16479,211,983310,1692700
3270,8,5,16471,214,983315,1664400
3271,13,14,16458,213,983329,1590800
3272,7,11,16451,209,983340,1666200
3273,7,14,16444,202,983354,1960300
3274,6,16,16438,192,983370,1828800
3275,8,6,16430,194,983376,1937900
3276,7,6,16423,195,983382,1657200
3277,12,4,16411,203,983386,1800000
3278,5,9,16406,199,983395,1682900
3279,14,10,16392,203,983405,1785600
3280,10,10,16382,203,983415,1672400
3281,10,9,16372,204,983424,1785100
3282,11,7,16361,208,983431,1736300
3283,12,9,16349,211,983440,1662600
3284,10,12,16339,209,983452,1677500
3285,8,7,16331,210,983459,1720200
3286,9,10,16322,209,983469,1876000
3287,12,9,16310,212,983478,1615900
3288,8,9,16302,211,983487,1652200
3289,11,4,16291,218,983491,1631400
3290,9,13,16282,214,983504,1628500
3291,12,11,16270,215,983515,1711300
3292,7,5,16263,217,983520,1663900
3293,10,15,16253,212,983535,1937300
3294,10,4,16243,218,983539,1640100
3295,13,16,16230,215,983555,1647300
3296,8,10,16222,213,983565,1682700
3297,9,13,16213,209,983578,1656200
3298,6,13,16207,202,983591,1700800
3299,13,14,16194,201,983605,1682300
3300,12,9,16182,204,983614,1648900
3301,11,5,16171,210,983619,1646000
3302,10,6,16161,214,983625,1659200
3303,8,8,16153,214,983633,1634300
3304,5,12,16148,207,983645,1738900
3305,12,12,16136,207,983657,1840400
3306,9,11,16127,205,983668,1652100
3307,6,11,16121,200,983679,1668700
3308,8,16,16113,192,983695,1715900
3309,11,6,16102,197,983701,1649000
3310,9,14,16093,192,983715,1704000
3311,10,12,16083,190,983727,1736100
3312,5,10,16078,185,983737,1669900
3313,3,7,16075,181,983744,1677100
3314,6,3,16069,184,983747,1665000
3315,8,12,16061,180,983759,1617800
3316,10,8,16051,182,983767,1599000
3317,3,15,16048,170,983782,1707300
3318,6,14,16042,162,983796,1666600
3319,11,10,16031,163,983806,1620300
3320,9,15,16022,157,983821,1730500
3321,5,11,16017,151,983832,1679900
3322,5,8,16012,148,983840,1621100
3323,9,8,16003,149,983848,1754800
3324,6,6,15997,149,983854,1731700
3325,6,5,15991,150,983859,1993100
3326,4,8,15987,146,983867,1626100
3327,8,8,15979,146,983875,1655300
3328,10,9,15969,147,983884,1707500
3329,11,13,15958,145,983897,1656300
3330,6,10,15952,141,983907,1618300
3331,7,5,15945,143,983912,1724200
3332,3,5,15942,141,983917,1655300
3333,5,9,15937,137,983926,1661800
3334,5,10,15932,132,983936,1732400
3335,8,7,15924,133,983943,1844900
3336,7,9,15917,131,983952,1645400
3337,8,5,15909,134,983957,1595300
3338,5,6,15904,133,983963,1670400
3339,10,5,15894,138,983968,1598400
3340,5,9,15889,134,983977,1712200
3341,9,7,15880,136,983984,1687300
3342,7,4,15873,139,983988,1651800
3343,6,6,15867,139,983994,1608800
3344,3,9,15864,133,984003,1645600
3345,8,6,15856,135,984009,1611100
3346,7,9,15849,133,984018,1708200
3347,11,5,15838,139,984023,2042600
3348,7,4,15831,142,984027,1935400
3349,9,5,15822,146,984032,1639300
3350,7,10,15815,143,984042,1822400
3351,6,5,15809,144,984047,1669900
3352,7,7,15802,144,984054,1736100
3353,7,4,15795,147,984058,1642400
3354,6,9,15789,144,984067,1646200
3355,4,7,15785,141,984074,1997700
3356,6,6,15779,141,984080,1704600
3357,3,10,15776,134,984090,1616800
3358,8,2,15768,140,984092,1724900
3359,7,2,15761,145,984094,1676900
3360,4,6,15757,143,984100,1624100
3361,6,5,15751,144,984105,1612500
3362,10,10,15741,144,984115,1681600
3363,13,6,15728,151,984121,1616000
3364,4,10,15724,145,984131,1596700
3365,7,6,15717,146,984137,1619100
3366,6,7,15711,145,984144,1607100
3367,1,6,15710,140,984150,1708000
3368,4,9,15706,135,984159,1668900
3369,8,9,15698,134,984168,1608100
3370,5,5,15693,134,984173,1723200
3371,5,7,15688,132,984180,1709400
3372,8,5,15680,135,984185,1604700
3373,4,7,15676,132,984192,1725000
3374,3,4,15673,131,984196,1693900
3375,2,6,15671,127,984202,1654500
3376,3,5,15668,125,984207,1659300
3377,5,4,15663,126,984211,1703100
3378,4,6,15659,124,984217,1708400
3379,4,11,15655,117,984228,1663700
3380,2,9,15653,110,984237,1708200
3381,4,6,15649,108,984243,1621300
3382,2,8,15647,102,984251,1655200
3383,0,8,15647,94,984259,1674500
3384,6,9,15641,91,984268,1614900
3385,3,5,15638,89,984273,1608800
3386,1,5,15637,85,984278,1665900
3387,5,3,15632,87,984281,1602700
3388,6,3,15626,90,984284,1626200
3389,2,2,15624,90,984286,1633200
3390,4,3,15620,91,984289,1617400
3391,4,3,15616,92,984292,1725000
3392,4,3,15612,93,984295,1618400
3393,2,4,15610,91,984299,1626000
3394,5,2,15605,94,984301,1642400
3395,8,6,15597,96,984307,1634100
3396,5,3,15592,98,984310,1655000
3397,2,4,15590,96,984314,1804900
3398,2,3,15588,95,984317,1818900
3399,7,6,15581,96,984323,1676900
3400,6,5,15575,97,984328,1609900
3401,4,5,15571,96,984333,1640700
3402,5,6,15566,95,984339,1783500
3403,5,2,15561,98,984341,1620900
3404,5,3,15556,100,984344,1715400
3405,2,5,15554,97,984349,1598800
3406,1,3,15553,95,984352,1764200
3407,1,8,15552,88,984360,1645000
3408,4,4,15548,88,984364,1650000
3409,4,4,15544,88,984368,1852700
3410,6,4,15538,90,984372,1640000
3411,3,5,15535,88,984377,1643000
3412,1,4,15534,85,984381,1637000
3413,0,1,15534,84,984382,1580800
3414,3,4,15531,83,984386,1848300
3415,5,4,15526,84,984390,1594200
3416,2,6,15524,80,984396,1709500
3417,1,7,15523,74,984403,1679400
3418,0,4,15523,70,984407,1613500
3419,2,2,15521,70,984409,1618000
3420,0,2,15521,68,984411,1610100
3421,0,1,15521,67,984412,1600800
3422,2,3,15519,66,984415,2032800
3423,1,4,15518,63,984419,1625000
3424,4,1,15514,66,984420,1627300
3425,1,4,15513,63,984424,1723900
3426,1,4,15512,60,984428,1727400
3427,0,3,15512,57,984431,1649000
3428,1,7,15511,51,984438,1696700
3429,1,6,15510,46,984444,1732800
3430,1,2,15509,45,984446,1685600
3431,0,1,15509,44,984447,1666900
3432,0,1,15509,43,984448,1566600
3433,0,4,15509,39,984452,1633100
3434,1,3,15508,37,984455,1823600
3435,0,1,15508,36,984456,1646600
3436,0,3,15508,33,984459,1746300
3437,0,2,15508,31,984461,1610500
3438,1,1,15507,31,984462,1669200
3439,0,1,15507,30,984463,1722900
3440,1,0,15506,31,984463,1618800
3441,0,1,15506,30,984464,1921500
3442,0,0,15506,30,984464,1617900
3443,0,4,15506,26,984468,1656700
3444,0,4,15506,22,984472,1670800
3445,0,2,15506,20,984474,1718600
3446,1,0,15505,21,984474,1671100
3447,0,2,15505,19,984476,1865000
3448,0,1,15505,18,984477,1798100
3449,0,0,15505,18,984477,1584400
3450,1,0,15504,19,984477,1639300
3451,0,2,15504,17,984479,1615400
3452,0,1,15504,16,984480,1628400
3453,1,1,15503,16,984481,1838600
3454,0,0,15503,16,984481,1708300
3455,1,3,15502,14,984484,1646600
3456,0,0,15502,14,984484,1665300
3457,0,1,15502,13,984485,1634700
3458,0,1,15502,12,984486,1944600
3459,0,0,15502,12,984486,1624400
3460,0,1,15502,11,984487,1602500
3461,0,2,15502,9,984489,1615300
3462,0,0,15502,9,984489,1927000
3463,0,1,15502,8,984490,1711400
3464,0,0,15502,8,984490,1623200
3465,0,0,15502,8,984490,1741600
3466,0,0,15502,8,984490,1725300
3467,0,0,15502,8,984490,1665500
3468,0,0,15502,8,984490,1614000
3469,0,0,15502,8,984490,1632300
3470,0,0,15502,8,984490,1607800
3471,0,1,15502,7,984491,1675700
3472,0,0,15502,7,984491,1655500
3473,0,0,15502,7,984491,1688000
3474,0,0,15502,7,984491,1727600
3475,0,1,15502,6,984492,1730100
3476,0,0,15502,6,984492,1668500
3477,0,1,15502,5,984493,1685100
3478,0,0,15502,5,984493,1754300
3479,0,0,15502,5,984493,1698100
3480,0,0,15502,5,984493,1665700
3481,0,0,15502,5,984493,1866700
3482,0,0,15502,5,984493,1585100
3483,0,0,15502,5,984493,1642400
3484,0,0,15502,5,984493,1819600
3485,0,0,15502,5,984493,1627800
3486,0,0,15502,5,984493,1794700
3487,0,0,15502,5,984493,1655000
3488,0,0,15502,5,984493,1653100
3489,0,0,15502,5,984493,1718800
3490,0,0,15502,5,984493,1651900
3491,0,0,15502,5,984493,1628900
3492,0,0,15502,5,984493,1734700
3493,0,0,15502,5,984493,1676000
3494,0,0,15502,5,984493,1659700
3495,0,0,15502,5,984493,1609600
3496,0,1,15502,4,984494,1622000
3497,0,0,15502,4,984494,1618800
3498,0,0,15502,4,984494,1689700
3499,0,0,15502,4,984494,1634800
3500,0,0,15502,4,984494,1615500
3501,0,0,15502,4,984494,1664900
3502,0,0,15502,4,984494,1621600
3503,0,0,15502,4,984494,2012600
3504,0,0,15502,4,984494,1730300
3505,0,0,15502,4,984494,1697800
3506,0,0,15502,4,984494,1664300
3507,0,0,15502,4,984494,1625800
3508,0,0,15502,4,984494,1634400
3509,0,0,15502,4,984494,1683500
3510,0,1,15502,3,984495,1591400
3511,0,0,15502,3,984495,1649600
3512,0,1,15502,2,984496,1614400
3513,0,0,15502,2,984496,1597100
3514,0,0,15502,2,984496,1850700
3515,0,0,15502,2,984496,1602900
3516,0,0,15502,2,984496,1663300
3517,0,0,15502,2,984496,1662900
3518,0,0,15502,2,984496,1682100
3519,0,0,15502,2,984496,1751400
3520,0,0,15502,2,984496,1707200
3521,0,0,15502,2,984496,1733400
3522,0,0,15502,2,984496,1625800
3523,0,1,15502,1,984497,1718700
3524,0,0,15502,1,984497,1611000
3525,0,0,15502,1,984497,1631100
3526,0,0,15502,1,984497,1693000
3527,0,0,15502,1,984497,1839300
3528,0,0,15502,1,984497,1618800
3529,0,0,15502,1,984497,1574600
3530,0,0,15502,1,984497,1663000
3531,0,1,15502,0,984498,1617600
