Tick,NewlyInfected,NewlyRecovered,TotalSusceptible,TotalInfected,TotalRecovered,StepTimeNanos
0,0,0,999995,5,0,2723900
1,1,0,999994,6,0,1982000
2,3,1,999991,8,1,1931200
3,1,0,999990,9,1,1941100
4,1,0,999989,10,1,1686600
5,2,0,999987,12,1,1741400
6,3,2,999984,13,3,1765900
7,2,0,999982,15,3,1701800
8,1,0,999981,16,3,1775400
9,7,0,999974,23,3,1707200
10,4,4,999970,23,7,1740800
11,3,0,999967,26,7,1705800
12,3,2,999964,27,9,1674800
13,3,3,999961,27,12,1744500
14,5,1,999956,31,13,1672900
15,3,3,999953,31,16,1637700
16,8,2,999945,37,18,1802600
17,9,3,999936,43,21,1942700
18,4,0,999932,47,21,1761900
19,7,1,999925,53,22,1822500
20,4,4,999921,53,26,1754900
21,6,3,999915,56,29,1671000
22,7,4,999908,59,33,1797200
23,7,3,999901,63,36,1747700
24,5,6,999896,62,42,1719100
25,9,2,999887,69,44,1741900
26,6,3,999881,72,47,1780300
27,6,3,999875,75,50,1686800
28,10,1,999865,84,51,1672600
29,4,6,999861,82,57,1716800
30,11,2,999850,91,59,1769100
31,10,4,999840,97,63,2055700
32,9,4,999831,102,67,1813600
33,8,1,999823,109,68,1776500
34,13,5,999810,117,73,1671800
35,12,4,999798,125,77,1653300
36,10,11,999788,124,88,1775400
37,11,9,999777,126,97,1676400
38,14,8,999763,132,105,1956500
39,9,10,999754,131,115,1723100
40,11,5,999743,137,120,1734300
41,16,9,999727,144,129,1692300
42,20,9,999707,155,138,1701400
43,13,9,999694,159,147,1697100
44,18,6,999676,171,153,1761300
45,12,7,999664,176,160,1615600
46,12,6,999652,182,166,1755700
47,12,11,999640,183,177,1669000
48,11,11,999629,183,188,1764300
49,14,7,999615,190,195,1759300
50,15,11,999600,194,206,1682600
51,20,15,999580,199,221,1771700
52,23,10,999557,212,231,1774700
53,15,8,999542,219,239,1775300
54,15,10,999527,224,249,1652500
55,19,18,999508,225,267,1763500
56,22,13,999486,234,280,1647100
57,18,15,999468,237,295,1759600
58,10,8,999458,239,303,1761800
59,15,14,999443,240,317,1680300
60,12,8,999431,244,325,1745900
61,18,11,999413,251,336,1674500
62,15,15,999398,251,351,1695700
63,17,13,999381,255,364,1820200
64,14,17,999367,252,381,1747700
65,25,17,999342,260,398,1684500
66,11,14,999331,257,412,1685000
67,24,10,999307,271,422,1656200
68,20,17,999287,274,439,1724000
69,15,16,999272,273,455,1669600
70,22,13,999250,282,468,1760100
71,24,13,999226,293,481,1742100
72,18,22,999208,289,503,1738500
73,24,16,999184,297,519,1846100
74,24,16,999160,305,535,1730900
75,22,15,999138,312,550,1748700
76,30,12,999108,330,562,1756500
77,27,13,999081,344,575,1711400
78,31,20,999050,355,595,1743400
79,29,18,999021,366,613,1882500
80,30,16,998991,380,629,1914700
81,28,16,998963,392,645,1773900
82,22,13,998941,401,658,1709600
83,20,18,998921,403,676,1791700
84,27,25,998894,405,701,1806500
85,24,23,998870,406,724,1676500
86,25,17,998845,414,741,2004300
87,21,16,998824,419,757,1775400
88,29,24,998795,424,781,2066300
89,29,23,998766,430,804,1778500
90,17,21,998749,426,825,1759400
91,23,29,998726,420,854,1775000
92,29,20,998697,429,874,1762400
93,21,23,998676,427,897,1815100
94,19,23,998657,423,920,1762900
95,29,20,998628,432,940,1829500
96,31,26,998597,437,966,1876100
97,23,26,998574,434,992,1807500
98,31,17,998543,448,1009,1682300
99,26,26,998517,448,1035,1935100
100,21,31,998496,438,1066,1733600
101,27,25,998469,440,1091,1750600
102,25,19,998444,446,1110,1704900
103,26,25,998418,447,1135,1720300
104,31,12,998387,466,1147,1698800
105,29,26,998358,469,1173,1747100
106,40,27,998318,482,1200,1740100
107,30,33,998288,479,1233,1887400
108,27,19,998261,487,1252,1732700
109,31,22,998230,496,1274,2057500
110,29,29,998201,496,1303,1865000
111,32,24,998169,504,1327,1768800
112,40,20,998129,524,1347,1789600
113,39,39,998090,524,1386,1825200
114,37,30,998053,531,1416,1816700
115,42,22,998011,551,1438,1842900
116,42,27,997969,566,1465,1863200
117,39,28,997930,577,1493,1863300
118,47,16,997883,608,1509,1848500
119,34,24,997849,618,1533,1840600
120,40,30,997809,628,1563,1781300
121,25,28,997784,625,1591,1799400
122,60,33,997724,652,1624,1776900
123,35,27,997689,660,1651,1855000
124,57,35,997632,682,1686,1698500
125,36,31,997596,687,1717,1754200
126,50,38,997546,699,1755,1759100
127,44,32,997502,711,1787,1679200
128,49,36,997453,724,1823,1651800
129,34,35,997419,723,1858,1627200
130,47,45,997372,725,1903,1713800
131,44,34,997328,735,1937,1649600
132,36,34,997292,737,1971,1649500
133,41,37,997251,741,2008,1750900
134,42,42,997209,741,2050,1750100
135,49,31,997160,759,2081,1751200
136,48,33,997112,774,2114,1772100
137,34,26,997078,782,2140,1623900
138,61,41,997017,802,2181,1738400
139,57,36,996960,823,2217,1751000
140,45,30,996915,838,2247,1738900
141,57,37,996858,858,2284,1746000
142,58,47,996800,869,2331,1744000
143,55,44,996745,880,2375,1741100
144,67,54,996678,893,2429,1747000
145,59,37,996619,915,2466,1745900
146,48,44,996571,919,2510,1745500
147,49,48,996522,920,2558,1717000
148,56,40,996466,936,2598,1683800
149,49,50,996417,935,2648,2067200
150,42,50,996375,927,2698,1784900
151,60,49,996315,938,2747,1702100
152,55,42,996260,951,2789,1751900
153,58,51,996202,958,2840,1749000
154,56,44,996146,970,2884,1748700
155,72,58,996074,984,2942,1764300
156,54,49,996020,989,2991,1977200
157,53,58,995967,984,3049,1660300
158,77,45,995890,1016,3094,1760000
159,61,55,995829,1022,3149,1759600
160,67,52,995762,1037,3201,1751300
161,52,45,995710,1044,3246,1743600
162,68,54,995642,1058,3300,1746800
163,70,47,995572,1081,3347,1761000
164,47,62,995525,1066,3409,1635900
165,70,56,995455,1080,3465,1744000
166,67,52,995388,1095,3517,1745000
167,68,53,995320,1110,3570,1716000
168,71,67,995249,1114,3637,1696600
169,70,50,995179,1134,3687,1647500
170,69,49,995110,1154,3736,1665600
171,70,66,995040,1158,3802,1900700
172,56,58,994984,1156,3860,1930600
173,75,44,994909,1187,3904,1971300
174,75,61,994834,1201,3965,1748400
175,77,64,994757,1214,4029,1736500
176,66,56,994691,1224,4085,1709200
177,68,65,994623,1227,4150,1653200
178,89,69,994534,1247,4219,1667800
179,73,53,994461,1267,4272,1672800
180,81,71,994380,1277,4343,1645000
181,64,69,994316,1272,4412,1772200
182,64,79,994252,1257,4491,1761400
183,54,56,994198,1255,4547,1777500
184,81,70,994117,1266,4617,1758700
185,79,56,994038,1289,4673,1753700
186,77,54,993961,1312,4727,1791800
187,74,61,993887,1325,4788,1690900
188,76,54,993811,1347,4842,1758800
189,69,69,993742,1347,4911,1768100
190,95,64,993647,1378,4975,1752600
191,71,58,993576,1391,5033,1756000
192,83,76,993493,1398,5109,1749500
193,74,59,993419,1413,5168,1734400
194,75,76,993344,1412,5244,1720800
195,89,74,993255,1427,5318,1660800
196,74,65,993181,1436,5383,1657800
197,77,65,993104,1448,5448,1622400
198,77,79,993027,1446,5527,1624800
199,99,62,992928,1483,5589,1758000
200,74,72,992854,1485,5661,1751400
201,84,71,992770,1498,5732,1752300
202,80,82,992690,1496,5814,1832000
203,90,69,992600,1517,5883,1642000
204,78,78,992522,1517,5961,1771000
205,93,85,992429,1525,6046,1755000
206,82,86,992347,1521,6132,1747500
207,69,68,992278,1522,6200,1727800
208,78,76,992200,1524,6276,1693100
209,85,61,992115,1548,6337,1647200
210,75,80,992040,1543,6417,1647600
211,94,83,991946,1554,6500,1667700
212,98,74,991848,1578,6574,1759800
213,84,63,991764,1599,6637,1764500
214,86,102,991678,1583,6739,1750700
215,94,76,991584,1601,6815,1767700
216,89,92,991495,1598,6907,1671800
217,82,86,991413,1594,6993,1793800
218,74,78,991339,1590,7071,1764200
219,89,87,991250,1592,7158,1693800
220,96,80,991154,1608,7238,1714800
221,81,87,991073,1602,7325,1690600
222,105,71,990968,1636,7396,1654200
223,100,80,990868,1656,7476,1853400
224,86,85,990782,1657,7561,1627900
225,86,72,990696,1671,7633,1638900
226,92,83,990604,1680,7716,1766800
227,93,84,990511,1689,7800,1863600
228,83,79,990428,1693,7879,1772200
229,89,75,990339,1707,7954,1756200
230,90,90,990249,1707,8044,1756100
231,85,74,990164,1718,8118,1749600
232,89,105,990075,1702,8223,1757300
233,100,90,989975,1712,8313,1757200
234,94,74,989881,1732,8387,1938200
235,84,102,989797,1714,8489,1670200
236,81,98,989716,1697,8587,1745700
237,99,89,989617,1707,8676,1726500
238,99,88,989518,1718,8764,1696200
239,89,74,989429,1733,8838,1653700
240,108,100,989321,1741,8938,1621000
241,91,81,989230,1751,9019,1615700
242,83,77,989147,1757,9096,1754500
243,94,102,989053,1749,9198,1987800
244,100,85,988953,1764,9283,1898500
245,94,85,988859,1773,9368,1795400
246,107,90,988752,1790,9458,1782300
247,96,87,988656,1799,9545,1773900
248,88,91,988568,1796,9636,1755300
249,91,92,988477,1795,9728,2060800
250,108,96,988369,1807,9824,1785000
251,109,95,988260,1821,9919,2008900
252,93,86,988167,1828,10005,1667100
253,92,78,988075,1842,10083,1652300
254,96,91,987979,1847,10174,1761500
255,115,89,987864,1873,10263,1721200
256,111,102,987753,1882,10365,2111300
257,102,103,987651,1881,10468,1770500
258,116,86,987535,1911,10554,1704600
259,110,94,987425,1927,10648,1769600
260,119,111,987306,1935,10759,1691800
261,101,102,987205,1934,10861,1761300
262,109,86,987096,1957,10947,1761600
263,116,107,986980,1966,11054,1767600
264,115,107,986865,1974,11161,1738200
265,109,95,986756,1988,11256,1928400
266,109,104,986647,1993,11360,1714400
267,117,101,986530,2009,11461,2038300
268,107,98,986423,2018,11559,2115500
269,122,88,986301,2052,11647,1770900
270,103,109,986198,2046,11756,1657100
271,99,101,986099,2044,11857,1718800
272,117,108,985982,2053,11965,1766000
273,113,94,985869,2072,12059,1775600
274,101,96,985768,2077,12155,1796800
275,113,104,985655,2086,12259,1657400
276,131,110,985524,2107,12369,1738500
277,125,98,985399,2134,12467,1723900
278,145,105,985254,2174,12572,1639200
279,121,109,985133,2186,12681,1654000
280,122,117,985011,2191,12798,1721100
281,125,114,984886,2202,12912,1761700
282,110,115,984776,2197,13027,1804100
283,122,108,984654,2211,13135,1988800
284,116,108,984538,2219,13243,1988300
285,120,104,984418,2235,13347,1707100
286,107,119,984311,2223,13466,1708500
287,109,107,984202,2225,13573,1779400
288,113,112,984089,2226,13685,1761700
289,100,121,983989,2205,13806,1774800
290,114,123,983875,2196,13929,1749400
291,100,116,983775,2180,14045,1827700
292,125,109,983650,2196,14154,1706700
293,110,118,983540,2188,14272,1768800
294,126,114,983414,2200,14386,1754200
295,107,100,983307,2207,14486,1892500
296,106,108,983201,2205,14594,1753400
297,112,133,983089,2184,14727,1729500
298,116,97,982973,2203,14824,1639400
299,132,99,982841,2236,14923,1630800
300,123,109,982718,2250,15032,1981200
301,115,117,982603,2248,15149,1775300
302,123,134,982480,2237,15283,1676900
303,124,110,982356,2251,15393,1657800
304,137,116,982219,2272,15509,1757400
305,133,127,982086,2278,15636,1760300
306,123,106,981963,2295,15742,1763500
307,143,116,981820,2322,15858,1770800
308,122,108,981698,2336,15966,1755200
309,135,119,981563,2352,16085,1758700
310,131,125,981432,2358,16210,1735200
311,121,124,981311,2355,16334,1695200
312,121,119,981190,2357,16453,1630300
313,135,115,981055,2377,16568,1643300
314,139,122,980916,2394,16690,1771000
315,120,119,980796,2395,16809,1761400
316,152,114,980644,2433,16923,1772400
317,131,123,980513,2441,17046,1769300
318,140,128,980373,2453,17174,1776600
319,128,132,980245,2449,17306,2043900
320,150,140,980095,2459,17446,1716900
321,127,131,979968,2455,17577,1755100
322,161,126,979807,2490,17703,1749700
323,137,144,979670,2483,17847,1741300
324,129,134,979541,2478,17981,1693500
325,147,143,979394,2482,18124,1636400
326,141,148,979253,2475,18272,1632700
327,129,120,979124,2484,18392,1772300
328,137,152,978987,2469,18544,1768600
329,126,125,978861,2470,18669,2061200
330,133,109,978728,2494,18778,2035700
331,134,127,978594,2501,18905,1808400
332,141,132,978453,2510,19037,1655000
333,145,116,978308,2539,19153,1669800
334,130,135,978178,2534,19288,1639700
335,143,129,978035,2548,19417,1763800
336,138,120,977897,2566,19537,1748900
337,134,128,977763,2572,19665,1811500
338,164,127,977599,2609,19792,1719200
339,127,115,977472,2621,19907,1643600
340,123,106,977349,2638,20013,1734600
341,150,134,977199,2654,20147,1722300
342,159,158,977040,2655,20305,1778700
343,152,143,976888,2664,20448,1776100
344,158,146,976730,2676,20594,1775800
345,151,137,976579,2690,20731,1676700
346,149,128,976430,2711,20859,1738600
347,140,131,976290,2720,20990,1741500
348,168,152,976122,2736,21142,1704600
349,137,142,975985,2731,21284,1669500
350,158,145,975827,2744,21429,1630300
351,177,138,975650,2783,21567,1780500
352,159,122,975491,2820,21689,1781500
353,135,150,975356,2805,21839,1905600
354,155,133,975201,2827,21972,1891000
355,154,150,975047,2831,22122,1731900
356,165,138,974882,2858,22260,1953700
357,174,138,974708,2894,22398,1878800
358,142,163,974566,2873,22561,1805300
359,162,151,974404,2884,22712,1830900
360,131,116,974273,2899,22828,1957100
361,159,139,974114,2919,22967,1960700
362,153,141,973961,2931,23108,1883300
363,155,152,973806,2934,23260,1794300
364,160,141,973646,2953,23401,2069800
365,178,133,973468,2998,23534,1842800
366,162,132,973306,3028,23666,1924100
367,150,150,973156,3028,23816,1877000
368,169,149,972987,3048,23965,1873300
369,176,146,972811,3078,24111,1893400
370,179,155,972632,3102,24266,1831000
371,152,177,972480,3077,24443,1804100
372,148,161,972332,3064,24604,2271100
373,157,143,972175,3078,24747,1998700
374,155,170,972020,3063,24917,1978000
375,167,133,971853,3097,25050,1722600
376,146,142,971707,3101,25192,1884300
377,173,173,971534,3101,25365,1738700
378,169,172,971365,3098,25537,1785500
379,156,182,971209,3072,25719,1697800
380,163,132,971046,3103,25851,1703800
381,162,164,970884,3101,26015,1786000
382,164,157,970720,3108,26172,1742000
383,147,148,970573,3107,26320,1659300
384,144,140,970429,3111,26460,1702700
385,169,168,970260,3112,26628,1693700
386,174,149,970086,3137,26777,1700100
387,195,140,969891,3192,26917,1769000
388,178,167,969713,3203,27084,1795000
389,180,169,969533,3214,27253,1771500
390,166,164,969367,3216,27417,1873800
391,179,158,969188,3237,27575,1705900
392,178,138,969010,3277,27713,1723200
393,180,166,968830,3291,27879,1670900
394,176,168,968654,3299,28047,1687800
395,183,161,968471,3321,28208,1894700
396,163,173,968308,3311,28381,1984500
397,188,176,968120,3323,28557,2072400
398,165,157,967955,3331,28714,1756000
399,178,173,967777,3336,28887,1767400
400,174,165,967603,3345,29052,1682000
401,192,157,967411,3380,29209,1773300
402,186,177,967225,3389,29386,1770700
403,186,159,967039,3416,29545,1868000
404,175,176,966864,3415,29721,1796900
405,172,188,966692,3399,29909,1812800
406,180,186,966512,3393,30095,1734300
407,199,164,966313,3428,30259,1721500
408,190,165,966123,3453,30424,1715000
409,185,161,965938,3477,30585,1717800
410,183,177,965755,3483,30762,1862100
411,192,181,965563,3494,30943,1830200
412,173,189,965390,3478,31132,1769300
413,167,176,965223,3469,31308,1826300
414,173,179,965050,3463,31487,1741800
415,177,165,964873,3475,31652,1737300
416,210,158,964663,3527,31810,1766100
417,189,215,964474,3501,32025,1787100
418,167,146,964307,3522,32171,1751000
419,185,165,964122,3542,32336,1707400
420,183,175,963939,3550,32511,1947700
421,166,167,963773,3549,32678,1789500
422,184,180,963589,3553,32858,1774600
423,162,175,963427,3540,33033,1744100
424,173,171,963254,3542,33204,1836000
425,180,168,963074,3554,33372,1848900
426,187,205,962887,3536,33577,1827600
427,175,163,962712,3548,33740,2124800
428,168,203,962544,3513,33943,1800400
429,166,149,962378,3530,34092,1830000
430,187,151,962191,3566,34243,1782500
431,172,183,962019,3555,34426,1777200
432,190,188,961829,3557,34614,1731700
433,162,193,961667,3526,34807,1713200
434,184,177,961483,3533,34984,1695100
435,159,166,961324,3526,35150,1759500
436,192,191,961132,3527,35341,1794500
437,171,185,960961,3513,35526,1766100
438,193,174,960768,3532,35700,1818800
439,202,168,960566,3566,35868,1798800
440,183,173,960383,3576,36041,1764800
441,173,183,960210,3566,36224,1643500
442,180,184,960030,3562,36408,1667800
443,181,180,959849,3563,36588,1785100
444,199,151,959650,3611,36739,1712700
445,185,189,959465,3607,36928,1782200
446,187,190,959278,3604,37118,1744000
447,201,178,959077,3627,37296,1705100
448,192,179,958885,3640,37475,1675500
449,192,182,958693,3650,37657,1671200
450,208,161,958485,3697,37818,1787100
451,212,171,958273,3738,37989,1784400
452,207,174,958066,3771,38163,1698100
453,198,216,957868,3753,38379,1703900
454,191,180,957677,3764,38559,1865100
455,189,203,957488,3750,38762,1930800
456,200,188,957288,3762,38950,1720700
457,208,166,957080,3804,39116,1703700
458,204,188,956876,3820,39304,1824500
459,177,182,956699,3815,39486,1796100
460,177,176,956522,3816,39662,1792200
461,195,181,956327,3830,39843,1932300
462,177,209,956150,3798,40052,1786700
463,189,206,955961,3781,40258,1841800
464,187,186,955774,3782,40444,1728800
465,193,174,955581,3801,40618,1679900
466,205,173,955376,3833,40791,1632000
467,198,202,955178,3829,40993,1789400
468,193,185,954985,3837,41178,1789800
469,205,204,954780,3838,41382,1695100
470,216,187,954564,3867,41569,1648500
471,195,189,954369,3873,41758,1642900
472,179,188,954190,3864,41946,1784900
473,195,176,953995,3883,42122,1677600
474,195,176,953800,3902,42298,1749200
475,193,205,953607,3890,42503,1675500
476,236,200,953371,3926,42703,1684100
477,211,197,953160,3940,42900,1687900
478,181,193,952979,3928,43093,1670200
479,225,219,952754,3934,43312,1720600
480,202,178,952552,3958,43490,1758300
481,195,177,952357,3976,43667,1634900
482,211,187,952146,4000,43854,1776800
483,219,203,951927,4016,44057,1789100
484,217,189,951710,4044,44246,1775900
485,220,166,951490,4098,44412,1697000
486,210,184,951280,4124,44596,1660100
487,218,202,951062,4140,44798,1682200
488,236,201,950826,4175,44999,1795500
489,201,204,950625,4172,45203,1788600
490,218,201,950407,4189,45404,1749100
491,207,210,950200,4186,45614,1673900
492,202,205,949998,4183,45819,1709800
493,216,227,949782,4172,46046,1679700
494,209,205,949573,4176,46251,1819100
495,215,202,949358,4189,46453,1694500
496,190,213,949168,4166,46666,1725100
497,227,207,948941,4186,46873,1685400
498,214,177,948727,4223,47050,1651000
499,224,205,948503,4242,47255,1791300
500,216,231,948287,4227,47486,1767000
501,215,220,948072,4222,47706,1655300
502,210,236,947862,4196,47942,1657200
503,210,229,947652,4177,48171,1787600
504,215,204,947437,4188,48375,1694400
505,200,218,947237,4170,48593,1752200
506,196,214,947041,4152,48807,1665400
507,215,218,946826,4149,49025,1677700
508,212,213,946614,4148,49238,1671100
509,186,201,946428,4133,49439,1788400
510,218,174,946210,4177,49613,1736200
511,222,205,945988,4194,49818,1674000
512,202,198,945786,4198,50016,1953800
513,205,208,945581,4195,50224,1840500
514,206,197,945375,4204,50421,1796000
515,195,205,945180,4194,50626,1732900
516,224,221,944956,4197,50847,1782800
517,215,217,944741,4195,51064,1773700
518,175,227,944566,4143,51291,1676300
519,221,209,944345,4155,51500,1681200
520,208,205,944137,4158,51705,1852900
521,217,203,943920,4172,51908,1677400
522,230,187,943690,4215,52095,1757100
523,249,179,943441,4285,52274,1663800
524,234,235,943207,4284,52509,1674800
525,223,225,942984,4282,52734,1739100
526,223,235,942761,4270,52969,1787900
527,197,204,942564,4263,53173,1748200
528,215,233,942349,4245,53406,1669200
529,210,226,942139,4229,53632,1710100
530,244,202,941895,4271,53834,1701700
531,231,218,941664,4284,54052,1822200
532,224,225,941440,4283,54277,1730200
533,237,212,941203,4308,54489,1643200
534,243,213,940960,4338,54702,1683600
535,216,233,940744,4321,54935,1755800
536,215,198,940529,4338,55133,1750300
537,245,215,940284,4368,55348,1749000
538,198,212,940086,4354,55560,2051600
539,202,199,939884,4357,55759,2079200
540,235,228,939649,4364,55987,1771900
541,218,223,939431,4359,56210,1717900
542,240,209,939191,4390,56419,1688900
543,217,204,938974,4403,56623,1659700
544,217,219,938757,4401,56842,1783500
545,234,213,938523,4422,57055,1767900
546,230,209,938293,4443,57264,2025600
547,254,229,938039,4468,57493,1701200
548,261,235,937778,4494,57728,1668000
549,246,231,937532,4509,57959,1669500
550,209,225,937323,4493,58184,1778300
551,214,217,937109,4490,58401,1824100
552,214,224,936895,4480,58625,1746600
553,230,220,936665,4490,58845,1866200
554,235,224,936430,4501,59069,1809200
555,223,241,936207,4483,59310,1676200
556,213,244,935994,4452,59554,1795600
557,256,247,935738,4461,59801,1780400
558,230,260,935508,4431,60061,1763400
559,230,208,935278,4453,60269,1677700
560,232,216,935046,4469,60485,1645500
561,214,232,934832,4451,60717,1773100
562,230,218,934602,4463,60935,1860500
563,246,230,934356,4479,61165,1781700
564,219,232,934137,4466,61397,1841400
565,256,216,933881,4506,61613,1805800
566,233,248,933648,4491,61861,1738900
567,216,231,933432,4476,62092,1755500
568,244,205,933188,4515,62297,1796400
569,218,244,932970,4489,62541,1819500
570,243,251,932727,4481,62792,1766200
571,229,219,932498,4491,63011,1789900
572,232,228,932266,4495,63239,1764700
573,234,204,932032,4525,63443,1712300
574,237,248,931795,4514,63691,1798600
575,253,210,931542,4557,63901,2018900
576,253,227,931289,4583,64128,1802800
577,236,247,931053,4572,64375,1796500
578,237,227,930816,4582,64602,1770500
579,263,254,930553,4591,64856,1748200
580,235,244,930318,4582,65100,1732500
581,253,239,930065,4596,65339,1716300
582,242,243,929823,4595,65582,1821600
583,243,203,929580,4635,65785,1795300
584,213,214,929367,4634,65999,1760600
585,233,232,929134,4635,66231,1775900
586,257,245,928877,4647,66476,1732100
587,230,240,928647,4637,66716,1727100
588,253,251,928394,4639,66967,1815000
589,246,251,928148,4634,67218,1806300
590,243,232,927905,4645,67450,1707600
591,244,236,927661,4653,67686,1698900
592,260,241,927401,4672,67927,1670700
593,266,220,927135,4718,68147,1793100
594,257,242,926878,4733,68389,1756600
595,249,257,926629,4725,68646,1777400
596,254,233,926375,4746,68879,1698000
597,258,242,926117,4762,69121,1778800
598,262,220,925855,4804,69341,2225800
599,258,228,925597,4834,69569,1828900
600,267,253,925330,4848,69822,1743900
601,263,216,925067,4895,70038,1755900
602,264,231,924803,4928,70269,1818000
603,287,257,924516,4958,70526,1735200
604,237,242,924279,4953,70768,1908500
605,240,247,924039,4946,71015,1825900
606,263,215,923776,4994,71230,1715700
607,236,274,923540,4956,71504,1810100
608,271,276,923269,4951,71780,1712700
609,254,265,923015,4940,72045,1734700
610,237,266,922778,4911,72311,1696300
611,289,237,922489,4963,72548,1770300
612,262,226,922227,4999,72774,1780400
613,262,272,921965,4989,73046,1801900
614,279,235,921686,5033,73281,1956300
615,276,244,921410,5065,73525,1883800
616,273,297,921137,5041,73822,1687900
617,274,238,920863,5077,74060,1675700
618,289,265,920574,5101,74325,1795000
619,292,242,920282,5151,74567,1741700
620,276,256,920006,5171,74823,1715500
621,263,264,919743,5170,75087,1699300
622,283,278,919460,5175,75365,1767600
623,258,279,919202,5154,75644,1813700
624,265,273,918937,5146,75917,1776400
625,255,257,918682,5144,76174,1920100
626,271,240,918411,5175,76414,1736100
627,279,275,918132,5179,76689,1979600
628,275,237,917857,5217,76926,1696700
629,263,300,917594,5180,77226,1793600
630,243,281,917351,5142,77507,1718200
631,282,261,917069,5163,77768,1752100
632,232,231,916837,5164,77999,1909000
633,257,267,916580,5154,78266,1785100
634,276,257,916304,5173,78523,1827900
635,270,276,916034,5167,78799,1762600
636,260,269,915774,5158,79068,1693300
637,271,263,915503,5166,79331,1732500
638,272,240,915231,5198,79571,1828900
639,256,262,914975,5192,79833,1807400
640,281,245,914694,5228,80078,1799600
641,281,243,914413,5266,80321,1748100
642,265,281,914148,5250,80602,1987100
643,269,265,913879,5254,80867,1786400
644,281,257,913598,5278,81124,1827000
645,245,254,913353,5269,81378,1820100
646,298,267,913055,5300,81645,1782900
647,294,223,912761,5371,81868,1740900
648,275,279,912486,5367,82147,1721200
649,258,259,912228,5366,82406,1709400
650,262,255,911966,5373,82661,1790200
651,275,247,911691,5401,82908,1803400
652,281,261,911410,5421,83169,1963100
653,278,290,911132,5409,83459,1720700
654,275,254,910857,5430,83713,1724000
655,268,296,910589,5402,84009,1812400
656,255,282,910334,5375,84291,1774900
657,303,300,910031,5378,84591,1701000
658,278,259,909753,5397,84850,1693000
659,247,259,909506,5385,85109,1778800
660,275,269,909231,5391,85378,1793100
661,274,265,908957,5400,85643,1704300
662,262,265,908695,5397,85908,1919500
663,305,276,908390,5426,86184,1792800
664,273,267,908117,5432,86451,1814600
665,294,285,907823,5441,86736,1944300
666,300,247,907523,5494,86983,1720400
667,295,289,907228,5500,87272,1948800
668,309,279,906919,5530,87551,1703400
669,282,238,906637,5574,87789,1754500
670,297,262,906340,5609,88051,1772200
671,268,294,906072,5583,88345,1785300
672,288,264,905784,5607,88609,1771700
673,308,317,905476,5598,88926,1743300
674,284,263,905192,5619,89189,1789400
675,290,294,904902,5615,89483,1861500
676,318,274,904584,5659,89757,2000900
677,318,270,904266,5707,90027,1828000
678,295,272,903971,5730,90299,1763700
679,297,311,903674,5716,90610,1889500
680,296,277,903378,5735,90887,1761100
681,287,265,903091,5757,91152,1815400
682,293,307,902798,5743,91459,1773800
683,267,267,902531,5743,91726,1730100
684,285,297,902246,5731,92023,1782800
685,301,263,901945,5769,92286,1787900
686,306,312,901639,5763,92598,1761500
687,283,292,901356,5754,92890,1955400
688,300,273,901056,5781,93163,1794900
689,286,301,900770,5766,93464,1783300
690,281,310,900489,5737,93774,1804600
691,289,301,900200,5725,94075,1791100
692,280,293,899920,5712,94368,1713400
693,319,263,899601,5768,94631,1831400
694,282,304,899319,5746,94935,1850900
695,306,267,899013,5785,95202,1762200
696,298,308,898715,5775,95510,1974600
697,310,296,898405,5789,95806,1822500
698,289,319,898116,5759,96125,1961500
699,314,285,897802,5788,96410,1768600
700,298,288,897504,5798,96698,1842700
701,288,320,897216,5766,97018,1809000
702,333,270,896883,5829,97288,1808000
703,341,274,896542,5896,97562,1815300
704,344,289,896198,5951,97851,1766500
705,332,303,895866,5980,98154,1748300
706,332,299,895534,6013,98453,1798400
707,316,301,895218,6028,98754,1737500
708,298,307,894920,6019,99061,1739000
709,324,270,894596,6073,99331,1813300
710,304,302,894292,6075,99633,1837100
711,312,292,893980,6095,99925,1823400
712,348,307,893632,6136,100232,1900300
713,330,325,893302,6141,100557,1809900
714,326,318,892976,6149,100875,1769400
715,279,317,892697,6111,101192,1845200
716,287,282,892410,6116,101474,1823700
717,360,315,892050,6161,101789,1819700
718,338,297,891712,6202,102086,1796500
719,313,306,891399,6209,102392,1815200
720,321,316,891078,6214,102708,1741800
721,337,330,890741,6221,103038,1731600
722,343,320,890398,6244,103358,1718900
723,313,286,890085,6271,103644,1811500
724,334,281,889751,6324,103925,1918900
725,347,323,889404,6348,104248,1773700
726,327,314,889077,6361,104562,1694600
727,327,349,888750,6339,104911,1932100
728,323,309,888427,6353,105220,1825600
729,301,324,888126,6330,105544,1780800
730,304,321,887822,6313,105865,1781000
731,319,328,887503,6304,106193,1705400
732,334,317,887169,6321,106510,1969100
733,288,333,886881,6276,106843,1810900
734,306,328,886575,6254,107171,1784000
735,317,322,886258,6249,107493,1802100
736,300,313,885958,6236,107806,1706200
737,317,341,885641,6212,108147,1687600
738,295,281,885346,6226,108428,1681500
739,293,314,885053,6205,108742,1753900
740,312,320,884741,6197,109062,1687900
741,349,353,884392,6193,109415,1674100
742,308,347,884084,6154,109762,1783700
743,318,301,883766,6171,110063,1731100
744,347,283,883419,6235,110346,1747700
745,324,313,883095,6246,110659,1701600
746,291,304,882804,6233,110963,1779700
747,316,329,882488,6220,111292,1698700
748,297,335,882191,6182,111627,1740200
749,308,331,881883,6159,111958,1808000
750,301,299,881582,6161,112257,1823300
751,319,309,881263,6171,112566,1759900
752,285,321,880978,6135,112887,1698400
753,295,313,880683,6117,113200,1681900
754,278,318,880405,6077,113518,1920600
755,281,320,880124,6038,113838,1775600
756,312,290,879812,6060,114128,1689900
757,288,307,879524,6041,114435,1673700
758,260,286,879264,6015,114721,1786400
759,289,357,878975,5947,115078,1737300
760,305,302,878670,5950,115380,1672600
761,305,316,878365,5939,115696,1690700
762,314,325,878051,5928,116021,1704000
763,282,294,877769,5916,116315,1725000
764,318,323,877451,5911,116638,1691600
765,292,297,877159,5906,116935,1790100
766,286,289,876873,5903,117224,1762900
767,276,294,876597,5885,117518,1692800
768,290,297,876307,5878,117815,1680800
769,282,311,876025,5849,118126,1785800
770,285,295,875740,5839,118421,1717500
771,307,296,875433,5850,118717,1687900
772,309,321,875124,5838,119038,1705300
773,316,296,874808,5858,119334,1765200
774,342,291,874466,5909,119625,1763100
775,335,285,874131,5959,119910,1709600
776,326,323,873805,5962,120233,1804200
777,324,315,873481,5971,120548,1772700
778,301,284,873180,5988,120832,1687700
779,320,311,872860,5997,121143,1677600
780,306,316,872554,5987,121459,2237000
781,315,309,872239,5993,121768,1999200
782,323,326,871916,5990,122094,2009000
783,314,283,871602,6021,122377,1758500
784,350,289,871252,6082,122666,1820200
785,357,307,870895,6132,122973,1943800
786,311,317,870584,6126,123290,1818100
787,324,304,870260,6146,123594,1817400
788,332,320,869928,6158,123914,1865200
789,328,290,869600,6196,124204,1819200
790,326,290,869274,6232,124494,1815000
791,301,328,868973,6205,124822,1752600
792,326,314,868647,6217,125136,1714400
793,321,329,868326,6209,125465,1714100
794,316,328,868010,6197,125793,1733700
795,332,323,867678,6206,126116,1789100
796,318,306,867360,6218,126422,1751900
797,318,308,867042,6228,126730,1699900
798,330,302,866712,6256,127032,1637900
799,314,315,866398,6255,127347,1827000
800,332,318,866066,6269,127665,1690100
801,335,334,865731,6270,127999,1680300
802,328,312,865403,6286,128311,1787600
803,315,309,865088,6292,128620,1748500
804,323,281,864765,6334,128901,1680000
805,319,314,864446,6339,129215,1680500
806,323,327,864123,6335,129542,1696000
807,343,299,863780,6379,129841,1689200
808,313,325,863467,6367,130166,1685000
809,287,338,863180,6316,130504,1784200
810,321,331,862859,6306,130835,1724000
811,317,322,862542,6301,131157,1686400
812,329,332,862213,6298,131489,1689000
813,337,309,861876,6326,131798,1755900
814,308,287,861568,6347,132085,1694600
815,325,329,861243,6343,132414,1700300
816,349,320,860894,6372,132734,1860100
817,324,331,860570,6365,133065,1698400
818,337,314,860233,6388,133379,1788300
819,354,301,859879,6441,133680,1781000
820,333,327,859546,6447,134007,1894000
821,336,324,859210,6459,134331,2098800
822,355,339,858855,6475,134670,1966400
823,345,346,858510,6474,135016,1837500
824,331,322,858179,6483,135338,1793400
825,324,313,857855,6494,135651,1738700
826,309,336,857546,6467,135987,1759700
827,360,320,857186,6507,136307,1774300
828,344,331,856842,6520,136638,1727600
829,383,332,856459,6571,136970,1794500
830,365,332,856094,6604,137302,1712700
831,360,309,855734,6655,137611,1773900
832,327,304,855407,6678,137915,1933200
833,344,321,855063,6701,138236,1688600
834,332,324,854731,6709,138560,1719800
835,330,346,854401,6693,138906,1803500
836,344,357,854057,6680,139263,1688600
837,360,336,853697,6704,139599,1685500
838,335,343,853362,6696,139942,1789200
839,355,348,853007,6703,140290,1734900
840,351,349,852656,6705,140639,1814600
841,336,322,852320,6719,140961,1707300
842,338,334,851982,6723,141295,1751800
843,373,286,851609,6810,141581,1735200
844,368,329,851241,6849,141910,1715400
845,337,340,850904,6846,142250,1692700
846,324,343,850580,6827,142593,1805100
847,378,313,850202,6892,142906,1823300
848,347,369,849855,6870,143275,1781200
849,337,349,849518,6858,143624,1810500
850,373,335,849145,6896,143959,1724800
851,326,334,848819,6888,144293,1823800
852,379,355,848440,6912,144648,1765300
853,379,351,848061,6940,144999,1994600
854,350,347,847711,6943,145346,1760200
855,341,359,847370,6925,145705,1774500
856,319,366,847051,6878,146071,1840700
857,359,332,846692,6905,146403,1794000
858,342,336,846350,6911,146739,1743500
859,376,340,845974,6947,147079,1773800
860,368,348,845606,6967,147427,1824700
861,363,371,845243,6959,147798,1861900
862,360,335,844883,6984,148133,1795500
863,377,323,844506,7038,148456,1894900
864,382,359,844124,7061,148815,2145900
865,333,338,843791,7056,149153,1933600
866,388,348,843403,7096,149501,2094800
867,345,350,843058,7091,149851,1734100
868,360,318,842698,7133,150169,1718300
869,342,358,842356,7117,150527,1824500
870,393,358,841963,7152,150885,1834200
871,366,362,841597,7156,151247,1723100
872,351,369,841246,7138,151616,1880700
873,353,343,840893,7148,151959,2307900
874,376,373,840517,7151,152332,1748100
875,352,355,840165,7148,152687,1738500
876,358,355,839807,7151,153042,1823900
877,358,378,839449,7131,153420,1722600
878,354,357,839095,7128,153777,1817500
879,361,358,838734,7131,154135,1745900
880,334,345,838400,7120,154480,1723400
881,367,380,838033,7107,154860,2051600
882,356,343,837677,7120,155203,1777200
883,378,369,837299,7129,155572,1719400
884,346,339,836953,7136,155911,1791300
885,387,364,836566,7159,156275,1710200
886,342,357,836224,7144,156632,1695900
887,346,301,835878,7189,156933,1696500
888,334,373,835544,7150,157306,1725500
889,350,383,835194,7117,157689,1721100
890,370,383,834824,7104,158072,1721200
891,342,385,834482,7061,158457,1712900
892,363,377,834119,7047,158834,1885400
893,354,345,833765,7056,159179,1688700
894,351,328,833414,7079,159507,1686300
895,354,361,833060,7072,159868,1849700
896,348,355,832712,7065,160223,1730700
897,362,334,832350,7093,160557,1800000
898,388,381,831962,7100,160938,1768000
899,357,319,831605,7138,161257,1858100
900,418,370,831187,7186,161627,1878900
901,367,388,830820,7165,162015,2106200
902,368,373,830452,7160,162388,1820700
903,402,340,830050,7222,162728,1842900
904,371,366,829679,7227,163094,1894500
905,333,364,829346,7196,163458,1819600
906,379,346,828967,7229,163804,1783300
907,371,345,828596,7255,164149,2101500
908,355,368,828241,7242,164517,2117200
909,350,336,827891,7256,164853,1866600
910,366,349,827525,7273,165202,1821900
911,346,349,827179,7270,165551,1848200
912,367,350,826812,7287,165901,1884700
913,383,364,826429,7306,166265,1935500
914,356,337,826073,7325,166602,1922100
915,339,367,825734,7297,166969,1792500
916,348,325,825386,7320,167294,1902300
917,370,377,825016,7313,167671,1821900
918,357,346,824659,7324,168017,1843300
919,376,346,824283,7354,168363,1862800
920,396,368,823887,7382,168731,1855400
921,364,373,823523,7373,169104,1861900
922,364,374,823159,7363,169478,1819300
923,402,378,822757,7387,169856,1799000
924,379,351,822378,7415,170207,1835700
925,352,370,822026,7397,170577,1821800
926,372,404,821654,7365,170981,1874800
927,378,364,821276,7379,171345,1798600
928,385,387,820891,7377,171732,1764300
929,394,366,820497,7405,172098,1746500
930,384,381,820113,7408,172479,1767700
931,383,328,819730,7463,172807,1769100
932,313,379,819417,7397,173186,1764200
933,386,359,819031,7424,173545,1785400
934,377,368,818654,7433,173913,1727200
935,377,369,818277,7441,174282,1826200
936,369,367,817908,7443,174649,1758300
937,402,380,817506,7465,175029,1698500
938,350,367,817156,7448,175396,1715600
939,370,394,816786,7424,175790,1808800
940,371,368,816415,7427,176158,1731600
941,363,355,816052,7435,176513,1716300
942,345,353,815707,7427,176866,2044400
943,386,342,815321,7471,177208,1831800
944,383,332,814938,7522,177540,1826600
945,413,396,814525,7539,177936,1826700
946,446,369,814079,7616,178305,1766700
947,408,411,813671,7613,178716,1945200
948,373,381,813298,7605,179097,1715100
949,374,389,812924,7590,179486,1760600
950,391,360,812533,7621,179846,1929100
951,387,411,812146,7597,180257,1788400
952,404,381,811742,7620,180638,1697700
953,388,394,811354,7614,181032,1720000
954,426,387,810928,7653,181419,1845600
955,373,378,810555,7648,181797,1791600
956,414,380,810141,7682,182177,1666100
957,397,386,809744,7693,182563,1715600
958,423,409,809321,7707,182972,1943700
959,399,365,808922,7741,183337,1834200
960,373,369,808549,7745,183706,1872900
961,371,382,808178,7734,184088,1765200
962,406,382,807772,7758,184470,2025300
963,354,367,807418,7745,184837,1780300
964,386,362,807032,7769,185199,1777300
965,366,388,806666,7747,185587,1743300
966,379,380,806287,7746,185967,2090800
967,423,407,805864,7762,186374,1862300
968,374,381,805490,7755,186755,1794500
969,387,396,805103,7746,187151,1818600
970,367,374,804736,7739,187525,1807700
971,371,396,804365,7714,187921,1796400
972,401,360,803964,7755,188281,1843700
973,376,401,803588,7730,188682,1774700
974,355,377,803233,7708,189059,1774000
975,379,366,802854,7721,189425,1797800
976,375,415,802479,7681,189840,2034500
977,393,400,802086,7674,190240,1853200
978,396,358,801690,7712,190598,1841200
979,399,398,801291,7713,190996,1812500
980,362,385,800929,7690,191381,1780600
981,367,351,800562,7706,191732,1838900
982,407,372,800155,7741,192104,2000900
983,396,371,799759,7766,192475,1800000
984,379,380,799380,7765,192855,1836300
985,355,407,799025,7713,193262,1770900
986,372,348,798653,7737,193610,1802200
987,369,359,798284,7747,193969,1781300
988,362,360,797922,7749,194329,1774400
989,369,425,797553,7693,194754,1730200
990,370,414,797183,7649,195168,1836100
991,357,389,796826,7617,195557,1735900
992,399,408,796427,7608,195965,1729300
993,373,380,796054,7601,196345,1745300
994,405,390,795649,7616,196735,1853300
995,366,388,795283,7594,197123,1819100
996,408,362,794875,7640,197485,1708600
997,385,380,794490,7645,197865,1694600
998,409,340,794081,7714,198205,1799200
999,384,430,793697,7668,198635,1717100
1000,376,345,793321,7699,198980,1676300
1001,370,401,792951,7668,199381,1744300
1002,370,382,792581,7656,199763,1732700
1003,401,367,792180,7690,200130,1841400
1004,402,361,791778,7731,200491,1819700
1005,392,387,791386,7736,200878,1783600
1006,336,392,791050,7680,201270,1738100
1007,366,371,790684,7675,201641,1819200
1008,387,390,790297,7672,202031,1777300
1009,373,364,789924,7681,202395,1706400
1010,410,431,789514,7660,202826,1717200
1011,404,355,789110,7709,203181,1851800
1012,409,383,788701,7735,203564,1799400
1013,374,409,788327,7700,203973,1696800
1014,388,374,787939,7714,204347,1691300
1015,401,414,787538,7701,204761,1812100
1016,377,403,787161,7675,205164,1774200
1017,388,383,786773,7680,205547,1684500
1018,434,353,786339,7761,205900,2049100
1019,373,402,785966,7732,206302,1883900
1020,415,379,785551,7768,206681,1867000
1021,389,414,785162,7743,207095,1793000
1022,396,406,784766,7733,207501,1813700
1023,408,390,784358,7751,207891,1739600
1024,428,384,783930,7795,208275,1746100
1025,411,363,783519,7843,208638,1769300
1026,409,416,783110,7836,209054,1772800
1027,421,394,782689,7863,209448,1920300
1028,437,381,782252,7919,209829,1736800
1029,449,381,781803,7987,210210,1748500
1030,392,409,781411,7970,210619,2013800
1031,397,413,781014,7954,211032,1936600
1032,418,398,780596,7974,211430,1789800
1033,403,379,780193,7998,211809,1761200
1034,422,434,779771,7986,212243,1765500
1035,429,425,779342,7990,212668,1763100
1036,437,399,778905,8028,213067,1850200
1037,429,405,778476,8052,213472,1774800
1038,384,396,778092,8040,213868,2060300
1039,436,406,777656,8070,214274,1791900
1040,393,443,777263,8020,214717,1769700
1041,391,372,776872,8039,215089,1737800
1042,387,389,776485,8037,215478,1829300
1043,371,399,776114,8009,215877,1798700
1044,430,376,775684,8063,216253,1848500
1045,392,448,775292,8007,216701,1873200
1046,417,398,774875,8026,217099,1841500
1047,421,437,774454,8010,217536,1798000
1048,425,391,774029,8044,217927,1725000
1049,413,434,773616,8023,218361,1885900
1050,400,409,773216,8014,218770,1764600
1051,388,433,772828,7969,219203,1798500
1052,421,416,772407,7974,219619,2014300
1053,426,433,771981,7967,220052,1820100
1054,431,425,771550,7973,220477,1782200
1055,399,393,771151,7979,220870,1806100
1056,419,415,770732,7983,221285,1772600
1057,421,382,770311,8022,221667,1734300
1058,434,408,769877,8048,222075,1748500
1059,426,413,769451,8061,222488,1720100
1060,422,387,769029,8096,222875,1843600
1061,443,415,768586,8124,223290,1937600
1062,427,403,768159,8148,223693,1828400
1063,452,416,767707,8184,224109,1813300
1064,428,401,767279,8211,224510,1794700
1065,412,382,766867,8241,224892,1737700
1066,410,406,766457,8245,225298,1752100
1067,406,452,766051,8199,225750,1779300
1068,401,421,765650,8179,226171,1736800
1069,407,410,765243,8176,226581,1993800
1070,421,450,764822,8147,227031,2092100
1071,399,384,764423,8162,227415,1973900
1072,449,407,763974,8204,227822,1776500
1073,407,442,763567,8169,228264,1828300
1074,444,427,763123,8186,228691,1798300
1075,435,395,762688,8226,229086,1775500
1076,401,393,762287,8234,229479,1806900
1077,406,400,761881,8240,229879,1788700
1078,406,402,761475,8244,230281,1829100
1079,383,439,761092,8188,230720,1866700
1080,425,420,760667,8193,231140,1832700
1081,362,390,760305,8165,231530,1839200
1082,400,381,759905,8184,231911,1776000
1083,433,410,759472,8207,232321,1889800
1084,405,422,759067,8190,232743,2127100
1085,400,423,758667,8167,233166,1999200
1086,403,427,758264,8143,233593,1783700
1087,418,395,757846,8166,233988,1761100
1088,430,376,757416,8220,234364,1947000
1089,434,423,756982,8231,234787,1865200
1090,411,416,756571,8226,235203,1795500
1091,402,381,756169,8247,235584,1914900
1092,431,399,755738,8279,235983,1856700
1093,398,397,755340,8280,236380,1834300
1094,421,385,754919,8316,236765,1843300
1095,413,373,754506,8356,237138,1769400
1096,418,387,754088,8387,237525,1784100
1097,440,412,753648,8415,237937,1770900
1098,426,382,753222,8459,238319,1842000
1099,411,439,752811,8431,238758,1804700
1100,401,426,752410,8406,239184,1940200
1101,438,438,751972,8406,239622,1832200
1102,427,409,751545,8424,240031,1963000
1103,402,390,751143,8436,240421,1757600
1104,438,390,750705,8484,240811,1735000
1105,436,484,750269,8436,241295,1910700
1106,405,432,749864,8409,241727,1836900
1107,416,416,749448,8409,242143,1821500
1108,417,396,749031,8430,242539,1730300
1109,397,416,748634,8411,242955,1740700
1110,408,443,748226,8376,243398,1921600
1111,438,425,747788,8389,243823,1795900
1112,441,397,747347,8433,244220,1835600
1113,393,396,746954,8430,244616,1753800
1114,406,439,746548,8397,245055,1757400
1115,449,382,746099,8464,245437,1761100
1116,437,431,745662,8470,245868,1846800
1117,413,436,745249,8447,246304,1853600
1118,411,435,744838,8423,246739,1764200
1119,418,433,744420,8408,247172,1813200
1120,438,445,743982,8401,247617,1864100
1121,394,444,743588,8351,248061,1782200
1122,441,432,743147,8360,248493,1878000
1123,456,439,742691,8377,248932,1744600
1124,403,408,742288,8372,249340,1767900
1125,427,423,741861,8376,249763,1734700
1126,428,433,741433,8371,250196,1841600
1127,461,422,740972,8410,250618,2088300
1128,404,424,740568,8390,251042,1811900
1129,462,393,740106,8459,251435,1775400
1130,455,428,739651,8486,251863,1723400
1131,420,454,739231,8452,252317,1896500
1132,471,421,738760,8502,252738,1838000
1133,442,406,738318,8538,253144,2288600
1134,435,412,737883,8561,253556,2040100
1135,447,446,737436,8562,254002,1855700
1136,473,411,736963,8624,254413,1851500
1137,479,417,736484,8686,254830,1758800
1138,469,424,736015,8731,255254,1748600
1139,459,470,735556,8720,255724,1822200
1140,472,407,735084,8785,256131,1730400
1141,461,430,734623,8816,256561,1853800
1142,441,409,734182,8848,256970,1867200
1143,406,415,733776,8839,257385,1796100
1144,443,423,733333,8859,257808,1734200
1145,402,409,732931,8852,258217,2015600
1146,445,457,732486,8840,258674,1848600
1147,464,432,732022,8872,259106,1808900
1148,416,467,731606,8821,259573,2087000
1149,461,439,731145,8843,260012,1793100
1150,465,431,730680,8877,260443,1824800
1151,450,442,730230,8885,260885,1893300
1152,460,463,729770,8882,261348,1995000
1153,449,429,729321,8902,261777,1908200
1154,441,483,728880,8860,262260,1930000
1155,448,420,728432,8888,262680,1847400
1156,425,446,728007,8867,263126,1819600
1157,448,460,727559,8855,263586,1788700
1158,458,447,727101,8866,264033,2096700
1159,417,490,726684,8793,264523,1814600
1160,431,446,726253,8778,264969,1916400
1161,462,460,725791,8780,265429,2032800
1162,418,432,725373,8766,265861,1840200
1163,464,452,724909,8778,266313,2140500
1164,445,463,724464,8760,266776,1839400
1165,437,448,724027,8749,267224,1800100
1166,465,469,723562,8745,267693,1794500
1167,433,472,723129,8706,268165,1835800
1168,425,375,722704,8756,268540,1810500
1169,460,432,722244,8784,268972,2030200
1170,464,467,721780,8781,269439,2096400
1171,422,459,721358,8744,269898,1823600
1172,430,428,720928,8746,270326,1820300
1173,461,474,720467,8733,270800,1726300
1174,478,441,719989,8770,271241,1711900
1175,465,407,719524,8828,271648,1814700
1176,446,448,719078,8826,272096,1775100
1177,472,456,718606,8842,272552,1919800
1178,449,434,718157,8857,272986,1711800
1179,455,441,717702,8871,273427,1942600
1180,486,477,717216,8880,273904,1813500
1181,438,456,716778,8862,274360,1837700
1182,465,444,716313,8883,274804,1795600
1183,448,433,715865,8898,275237,2125800
1184,453,423,715412,8928,275660,2005800
1185,464,482,714948,8910,276142,1906000
1186,483,438,714465,8955,276580,1954300
1187,463,457,714002,8961,277037,1805500
1188,447,446,713555,8962,277483,1809000
1189,444,478,713111,8928,277961,1735100
1190,417,453,712694,8892,278414,1808000
1191,449,402,712245,8939,278816,1831900
1192,424,425,711821,8938,279241,1921400
1193,480,431,711341,8987,279672,1693900
1194,459,432,710882,9014,280104,1855100
1195,468,478,710414,9004,280582,1760200
1196,491,407,709923,9088,280989,1821700
1197,455,470,709468,9073,281459,1732200
1198,459,429,709009,9103,281888,1738300
1199,501,432,708508,9172,282320,1808300
1200,455,473,708053,9154,282793,1840800
1201,470,432,707583,9192,283225,1839600
1202,448,453,707135,9187,283678,1800500
1203,455,453,706680,9189,284131,1780500
1204,454,445,706226,9198,284576,1773200
1205,447,451,705779,9194,285027,1841700
1206,452,454,705327,9192,285481,1848800
1207,462,464,704865,9190,285945,1740400
1208,446,440,704419,9196,286385,1713300
1209,445,459,703974,9182,286844,1744000
1210,463,476,703511,9169,287320,1843600
1211,493,453,703018,9209,287773,1830100
1212,481,481,702537,9209,288254,1780800
1213,450,436,702087,9223,288690,1778100
1214,479,432,701608,9270,289122,1763300
1215,488,453,701120,9305,289575,1766700
1216,449,463,700671,9291,290038,1773900
1217,489,460,700182,9320,290498,1823200
1218,441,468,699741,9293,290966,1770700
1219,483,482,699258,9294,291448,1821600
1220,444,446,698814,9292,291894,2092000
1221,501,440,698313,9353,292334,2141700
1222,444,464,697869,9333,292798,2084600
1223,462,483,697407,9312,293281,1911300
1224,471,472,696936,9311,293753,1860600
1225,471,447,696465,9335,294200,1786200
1226,456,506,696009,9285,294706,1812500
1227,514,437,695495,9362,295143,1764200
1228,453,489,695042,9326,295632,2299900
1229,504,500,694538,9330,296132,2079100
1230,435,460,694103,9305,296592,1836600
1231,468,448,693635,9325,297040,1828200
1232,481,474,693154,9332,297514,1792300
1233,431,471,692723,9292,297985,1844500
1234,473,474,692250,9291,298459,1864400
1235,467,492,691783,9266,298951,1903400
1236,458,455,691325,9269,299406,1871700
1237,455,455,690870,9269,299861,1829400
1238,470,494,690400,9245,300355,1856600
1239,464,460,689936,9249,300815,2026300
1240,458,459,689478,9248,301274,1822400
1241,446,449,689032,9245,301723,1877000
1242,454,440,688578,9259,302163,1830200
1243,447,468,688131,9238,302631,1885200
1244,447,457,687684,9228,303088,1871600
1245,431,474,687253,9185,303562,1924600
1246,453,457,686800,9181,304019,1890900
1247,467,471,686333,9177,304490,1878900
1248,447,474,685886,9150,304964,1855200
1249,442,455,685444,9137,305419,1828700
1250,414,448,685030,9103,305867,1883800
1251,482,465,684548,9120,306332,1882000
1252,466,451,684082,9135,306783,1869700
1253,417,457,683665,9095,307240,1877800
1254,443,441,683222,9097,307681,1883000
1255,443,471,682779,9069,308152,1823900
1256,481,433,682298,9117,308585,2054700
1257,438,437,681860,9118,309022,1828700
1258,448,468,681412,9098,309490,1897600
1259,446,444,680966,9100,309934,2134400
1260,441,465,680525,9076,310399,1954900
1261,469,427,680056,9118,310826,2013100
1262,491,442,679565,9167,311268,1997000
1263,485,440,679080,9212,311708,1879200
1264,446,446,678634,9212,312154,1902000
1265,448,497,678186,9163,312651,1882800
1266,459,437,677727,9185,313088,2037900
1267,446,484,677281,9147,313572,1869000
1268,456,484,676825,9119,314056,1803000
1269,470,497,676355,9092,314553,1906300
1270,483,438,675872,9137,314991,1894400
1271,447,427,675425,9157,315418,1903600
1272,488,451,674937,9194,315869,1960900
1273,458,440,674479,9212,316309,1844500
1274,439,484,674040,9167,316793,1889100
1275,426,441,673614,9152,317234,1880000
1276,397,442,673217,9107,317676,1838800
1277,468,427,672749,9148,318103,1946600
1278,503,475,672246,9176,318578,1925900
1279,427,454,671819,9149,319032,1900400
1280,458,446,671361,9161,319478,1866900
1281,480,442,670881,9199,319920,1876100
1282,440,470,670441,9169,320390,1837500
1283,469,455,669972,9183,320845,1896000
1284,461,509,669511,9135,321354,1886100
1285,412,476,669099,9071,321830,1886300
1286,466,467,668633,9070,322297,1905000
1287,446,443,668187,9073,322740,1891900
1288,458,450,667729,9081,323190,1893300
1289,438,469,667291,9050,323659,1883300
1290,467,444,666824,9073,324103,1889400
1291,469,441,666355,9101,324544,1955400
1292,441,485,665914,9057,325029,1858700
1293,421,458,665493,9020,325487,2016000
1294,426,478,665067,8968,325965,2005900
1295,440,427,664627,8981,326392,1943200
1296,483,473,664144,8991,326865,1953100
1297,458,437,663686,9012,327302,1864000
1298,444,476,663242,8980,327778,1901200
1299,419,414,662823,8985,328192,1869000
1300,425,461,662398,8949,328653,1980900
1301,433,470,661965,8912,329123,1886800
1302,433,456,661532,8889,329579,1906200
1303,452,469,661080,8872,330048,1904600
1304,421,437,660659,8856,330485,1870500
1305,456,485,660203,8827,330970,1820500
1306,422,452,659781,8797,331422,1810700
1307,460,421,659321,8836,331843,1833900
1308,428,444,658893,8820,332287,1743400
1309,411,473,658482,8758,332760,1997300
1310,445,428,658037,8775,333188,1956900
1311,442,431,657595,8786,333619,1849200
1312,459,433,657136,8812,334052,1764600
1313,412,422,656724,8802,334474,1789200
1314,443,410,656281,8835,334884,1820700
1315,421,459,655860,8797,335343,1753000
1316,440,456,655420,8781,335799,1777300
1317,443,452,654977,8772,336251,1742500
1318,437,423,654540,8786,336674,1949100
1319,433,437,654107,8782,337111,1823700
1320,417,474,653690,8725,337585,1780500
1321,432,428,653258,8729,338013,1787100
1322,448,438,652810,8739,338451,1782800
1323,450,458,652360,8731,338909,1727600
1324,416,423,651944,8724,339332,2318800
1325,423,406,651521,8741,339738,1765000
1326,412,453,651109,8700,340191,1877300
1327,463,419,650646,8744,340610,1925000
1328,486,442,650160,8788,341052,1994800
1329,442,470,649718,8760,341522,1890200
1330,432,414,649286,8778,341936,1810800
1331,457,399,648829,8836,342335,1756900
1332,458,420,648371,8874,342755,1730800
1333,445,440,647926,8879,343195,2120500
1334,426,467,647500,8838,343662,1747300
1335,440,438,647060,8840,344100,2075500
1336,419,477,646641,8782,344577,1856200
1337,436,465,646205,8753,345042,2075200
1338,430,399,645775,8784,345441,1839400
1339,462,459,645313,8787,345900,1773500
1340,463,438,644850,8812,346338,1743200
1341,446,447,644404,8811,346785,1795000
1342,446,426,643958,8831,347211,1890600
1343,469,424,643489,8876,347635,1873600
1344,438,427,643051,8887,348062,1742900
1345,482,443,642569,8926,348505,1725600
1346,439,485,642130,8880,348990,2041200
1347,424,447,641706,8857,349437,1852300
1348,457,427,641249,8887,349864,1755000
1349,462,473,640787,8876,350337,1861600
1350,504,429,640283,8951,350766,1999200
1351,486,471,639797,8966,351237,2010400
1352,469,455,639328,8980,351692,1761700
1353,484,443,638844,9021,352135,1737000
1354,486,414,638358,9093,352549,1686200
1355,462,434,637896,9121,352983,1842000
1356,510,457,637386,9174,353440,1834600
1357,470,438,636916,9206,353878,1794500
1358,500,489,636416,9217,354367,1727800
1359,463,457,635953,9223,354824,1736600
1360,413,462,635540,9174,355286,1827700
1361,469,466,635071,9177,355752,1724200
1362,431,469,634640,9139,356221,1805900
1363,470,454,634170,9155,356675,1737200
1364,437,477,633733,9115,357152,1739400
1365,450,477,633283,9088,357629,1849300
1366,450,442,632833,9096,358071,1810200
1367,431,461,632402,9066,358532,1739600
1368,442,436,631960,9072,358968,1722900
1369,459,490,631501,9041,359458,1758200
1370,474,441,631027,9074,359899,1737600
1371,481,465,630546,9090,360364,1682300
1372,502,445,630044,9147,360809,1710500
1373,454,462,629590,9139,361271,1814700
1374,455,434,629135,9160,361705,1737500
1375,456,440,628679,9176,362145,1790000
1376,447,473,628232,9150,362618,1780800
1377,452,479,627780,9123,363097,1825700
1378,468,438,627312,9153,363535,2011800
1379,477,461,626835,9169,363996,1860300
1380,448,481,626387,9136,364477,1766200
1381,460,420,625927,9176,364897,1714400
1382,441,470,625486,9147,365367,1752800
1383,457,453,625029,9151,365820,1834400
1384,466,503,624563,9114,366323,1817300
1385,486,445,624077,9155,366768,1739600
1386,465,433,623612,9187,367201,1688300
1387,431,456,623181,9162,367657,1905100
1388,502,445,622679,9219,368102,1837700
1389,475,428,622204,9266,368530,1800300
1390,472,491,621732,9247,369021,1739700
1391,466,468,621266,9245,369489,1755200
1392,432,466,620834,9211,369955,1823700
1393,494,452,620340,9253,370407,1873300
1394,488,447,619852,9294,370854,1781900
1395,488,493,619364,9289,371347,1748700
1396,449,470,618915,9268,371817,1906100
1397,483,433,618432,9318,372250,1706600
1398,459,458,617973,9319,372708,1828600
1399,466,503,617507,9282,373211,1840800
1400,476,447,617031,9311,373658,1754400
1401,488,466,616543,9333,374124,1712800
1402,461,478,616082,9316,374602,1953900
1403,472,466,615610,9322,375068,1779100
1404,480,477,615130,9325,375545,1999100
1405,465,460,614665,9330,376005,1756100
1406,493,464,614172,9359,376469,1790800
1407,490,465,613682,9384,376934,1754200
1408,480,480,613202,9384,377414,1784600
1409,498,474,612704,9408,377888,1836000
1410,448,488,612256,9368,378376,1781100
1411,482,439,611774,9411,378815,1710700
1412,460,491,611314,9380,379306,1785900
1413,489,453,610825,9416,379759,2037200
1414,489,444,610336,9461,380203,1859400
1415,472,446,609864,9487,380649,1839900
1416,475,464,609389,9498,381113,1802300
1417,430,474,608959,9454,381587,1684300
1418,467,445,608492,9476,382032,1772000
1419,489,478,608003,9487,382510,1795000
1420,453,482,607550,9458,382992,1856600
1421,450,470,607100,9438,383462,1982400
1422,479,467,606621,9450,383929,1766900
1423,451,485,606170,9416,384414,1753300
1424,474,473,605696,9417,384887,1869400
1425,472,498,605224,9391,385385,1829500
1426,480,486,604744,9385,385871,1833800
1427,464,487,604280,9362,386358,1779000
1428,433,438,603847,9357,386796,1711000
1429,478,485,603369,9350,387281,1694000
1430,474,472,602895,9352,387753,2088400
1431,418,467,602477,9303,388220,1855400
1432,460,487,602017,9276,388707,1963100
1433,448,467,601569,9257,389174,1820800
1434,464,474,601105,9247,389648,1791500
1435,444,422,600661,9269,390070,1735000
1436,441,447,600220,9263,390517,1733000
1437,423,453,599797,9233,390970,1827200
1438,435,448,599362,9220,391418,1817800
1439,440,467,598922,9193,391885,1963600
1440,469,478,598453,9184,392363,2029700
1441,460,455,597993,9189,392818,1898000
1442,433,446,597560,9176,393264,1813700
1443,474,480,597086,9170,393744,1807500
1444,447,435,596639,9182,394179,1852300
1445,440,464,596199,9158,394643,1824400
1446,446,483,595753,9121,395126,1798200
1447,413,476,595340,9058,395602,2009700
1448,471,450,594869,9079,396052,1734400
1449,447,480,594422,9046,396532,1773200
1450,423,461,593999,9008,396993,1760200
1451,470,435,593529,9043,397428,1770400
1452,423,503,593106,8963,397931,1743300
1453,463,489,592643,8937,398420,1717500
1454,418,490,592225,8865,398910,1961800
1455,439,431,591786,8873,399341,1912900
1456,435,454,591351,8854,399795,1882400
1457,439,427,590912,8866,400222,1856800
1458,481,465,590431,8882,400687,1810600
1459,434,471,589997,8845,401158,1839600
1460,476,473,589521,8848,401631,1886200
1461,469,414,589052,8903,402045,1818000
1462,450,484,588602,8869,402529,1832400
1463,430,425,588172,8874,402954,1931600
1464,475,470,587697,8879,403424,2060100
1465,468,438,587229,8909,403862,1923200
1466,452,443,586777,8918,404305,1913700
1467,401,465,586376,8854,404770,2153600
1468,454,472,585922,8836,405242,2254800
1469,472,482,585450,8826,405724,2150700
1470,443,466,585007,8803,406190,2008200
1471,462,403,584545,8862,406593,2036400
1472,439,461,584106,8840,407054,1913800
1473,464,451,583642,8853,407505,1846300
1474,444,448,583198,8849,407953,1869500
1475,455,441,582743,8863,408394,1810900
1476,436,432,582307,8867,408826,1810400
1477,429,468,581878,8828,409294,1807800
1478,439,454,581439,8813,409748,1709300
1479,455,419,580984,8849,410167,1737300
1480,438,459,580546,8828,410626,1855600
1481,449,440,580097,8837,411066,1848700
1482,433,447,579664,8823,411513,1835300
1483,441,392,579223,8872,411905,1756600
1484,414,479,578809,8807,412384,1777100
1485,466,463,578343,8810,412847,1835900
1486,471,471,577872,8810,413318,1866200
1487,440,427,577432,8823,413745,1821000
1488,434,431,576998,8826,414176,1956000
1489,465,444,576533,8847,414620,1823600
1490,440,419,576093,8868,415039,1962700
1491,485,434,575608,8919,415473,1766900
1492,451,442,575157,8928,415915,1828600
1493,486,451,574671,8963,416366,1837400
1494,480,505,574191,8938,416871,1788000
1495,478,454,573713,8962,417325,1721000
1496,479,429,573234,9012,417754,1726900
1497,445,454,572789,9003,418208,1732500
1498,433,457,572356,8979,418665,1865500
1499,477,441,571879,9015,419106,1948100
1500,402,437,571477,8980,419543,1783200
1501,411,446,571066,8945,419989,1768300
1502,465,451,570601,8959,420440,1764600
1503,454,435,570147,8978,420875,1815200
1504,475,458,569672,8995,421333,1824000
1505,459,450,569213,9004,421783,1822800
1506,440,473,568773,8971,422256,2075000
1507,418,463,568355,8926,422719,1969600
1508,447,451,567908,8922,423170,2103600
1509,445,431,567463,8936,423601,1870200
1510,417,460,567046,8893,424061,1894700
1511,421,465,566625,8849,424526,1815900
1512,432,487,566193,8794,425013,1816200
1513,435,449,565758,8780,425462,2037600
1514,445,452,565313,8773,425914,1814700
1515,420,424,564893,8769,426338,1801300
1516,397,426,564496,8740,426764,1788300
1517,452,439,564044,8753,427203,2144900
1518,450,427,563594,8776,427630,1918600
1519,436,438,563158,8774,428068,2260100
1520,439,387,562719,8826,428455,2031600
1521,416,449,562303,8793,428904,2544400
1522,450,446,561853,8797,429350,2197000
1523,404,477,561449,8724,429827,1982400
1524,432,455,561017,8701,430282,1968700
1525,421,424,560596,8698,430706,1932800
1526,409,403,560187,8704,431109,1891100
1527,410,456,559777,8658,431565,2039900
1528,463,423,559314,8698,431988,1846900
1529,404,448,558910,8654,432436,1953400
1530,461,432,558449,8683,432868,1862000
1531,429,441,558020,8671,433309,1838100
1532,413,396,557607,8688,433705,1818100
1533,434,406,557173,8716,434111,1930200
1534,457,474,556716,8699,434585,1681900
1535,440,440,556276,8699,435025,1711200
1536,458,427,555818,8730,435452,1819800
1537,430,462,555388,8698,435914,1726100
1538,440,404,554948,8734,436318,1719600
1539,413,424,554535,8723,436742,1756900
1540,439,432,554096,8730,437174,1909400
1541,465,462,553631,8733,437636,1853100
1542,409,421,553222,8721,438057,1806500
1543,430,444,552792,8707,438501,1726700
1544,424,432,552368,8699,438933,1794100
1545,394,419,551974,8674,439352,1783300
1546,429,432,551545,8671,439784,1809400
1547,416,437,551129,8650,440221,1858400
1548,436,418,550693,8668,440639,1822900
1549,439,439,550254,8668,441078,1826500
1550,405,420,549849,8653,441498,1722300
1551,440,413,549409,8680,441911,1827500
1552,441,434,548968,8687,442345,1793900
1553,471,415,548497,8743,442760,1705800
1554,407,462,548090,8688,443222,1855600
1555,423,393,547667,8718,443615,1718800
1556,432,445,547235,8705,444060,1861500
1557,452,447,546783,8710,444507,2050200
1558,439,456,546344,8693,444963,1987500
1559,427,442,545917,8678,445405,1902500
1560,426,446,545491,8658,445851,1844100
1561,447,446,545044,8659,446297,1832200
1562,466,424,544578,8701,446721,2024500
1563,406,461,544172,8646,447182,1858400
1564,415,451,543757,8610,447633,1830300
1565,447,418,543310,8639,448051,1822200
1566,450,394,542860,8695,448445,1752300
1567,422,424,542438,8693,448869,1708100
1568,436,399,542002,8730,449268,1757000
1569,500,413,541502,8817,449681,1708800
1570,416,417,541086,8816,450098,1715300
1571,463,471,540623,8808,450569,2020400
1572,431,461,540192,8778,451030,1759300
1573,433,444,539759,8767,451474,1804700
1574,448,409,539311,8806,451883,1732900
1575,386,434,538925,8758,452317,1853800
1576,461,405,538464,8814,452722,1813800
1577,441,452,538023,8803,453174,1739500
1578,428,493,537595,8738,453667,1710700
1579,419,407,537176,8750,454074,1829200
1580,435,442,536741,8743,454516,1743000
1581,469,453,536272,8759,454969,1690400
1582,441,413,535831,8787,455382,1738800
1583,429,427,535402,8789,455809,1884100
1584,447,435,534955,8801,456244,1825000
1585,408,422,534547,8787,456666,1721600
1586,462,451,534085,8798,457117,1739300
1587,442,403,533643,8837,457520,1718200
1588,438,433,533205,8842,457953,1728500
1589,423,477,532782,8788,458430,1998700
1590,403,445,532379,8746,458875,1998100
1591,446,458,531933,8734,459333,2003600
1592,425,443,531508,8716,459776,1886200
1593,391,405,531117,8702,460181,2021700
1594,430,420,530687,8712,460601,1849000
1595,428,458,530259,8682,461059,1731900
1596,433,393,529826,8722,461452,1737000
1597,397,404,529429,8715,461856,1773700
1598,417,391,529012,8741,462247,1765700
1599,467,431,528545,8777,462678,1738400
1600,448,435,528097,8790,463113,1711400
1601,424,382,527673,8832,463495,1814700
1602,397,449,527276,8780,463944,1762500
1603,412,463,526864,8729,464407,1739500
1604,413,464,526451,8678,464871,1703900
1605,435,434,526016,8679,465305,2046500
1606,425,441,525591,8663,465746,1818900
1607,426,408,525165,8681,466154,1821100
1608,434,449,524731,8666,466603,1751400
1609,452,426,524279,8692,467029,1929700
1610,457,427,523822,8722,467456,1722100
1611,440,421,523382,8741,467877,1820500
1612,417,412,522965,8746,468289,1816600
1613,430,457,522535,8719,468746,1717600
1614,430,420,522105,8729,469166,1980800
1615,421,431,521684,8719,469597,1925200
1616,423,458,521261,8684,470055,2060600
1617,407,410,520854,8681,470465,1932900
1618,425,439,520429,8667,470904,1812400
1619,442,411,519987,8698,471315,1754500
1620,454,444,519533,8708,471759,1827800
1621,464,470,519069,8702,472229,1786900
1622,399,459,518670,8642,472688,1759700
1623,422,415,518248,8649,473103,1719400
1624,396,428,517852,8617,473531,1823400
1625,402,427,517450,8592,473958,1797700
1626,411,408,517039,8595,474366,1680200
1627,418,379,516621,8634,474745,1831500
1628,440,410,516181,8664,475155,1813500
1629,434,480,515747,8618,475635,1810600
1630,413,405,515334,8626,476040,1772800
1631,418,420,514916,8624,476460,1835700
1632,444,412,514472,8656,476872,1727600
1633,422,449,514050,8629,477321,1709200
1634,435,455,513615,8609,477776,1749200
1635,426,466,513189,8569,478242,1704800
1636,468,423,512721,8614,478665,1710200
1637,444,482,512277,8576,479147,1817200
1638,424,450,511853,8550,479597,1788800
1639,436,419,511417,8567,480016,1805400
1640,409,466,511008,8510,480482,1750100
1641,404,399,510604,8515,480881,1721400
1642,428,401,510176,8542,481282,1801500
1643,446,407,509730,8581,481689,1704200
1644,437,445,509293,8573,482134,1729800
1645,448,435,508845,8586,482569,1812000
1646,419,427,508426,8578,482996,1812200
1647,446,468,507980,8556,483464,1767900
1648,442,455,507538,8543,483919,1724100
1649,450,454,507088,8539,484373,1705000
1650,396,428,506692,8507,484801,1807900
1651,447,423,506245,8531,485224,1937400
1652,430,404,505815,8557,485628,2144800
1653,402,415,505413,8544,486043,1797700
1654,438,418,504975,8564,486461,1761200
1655,451,387,504524,8628,486848,1942900
1656,425,393,504099,8660,487241,1785600
1657,438,425,503661,8673,487666,1925500
1658,450,433,503211,8690,488099,1776200
1659,414,432,502797,8672,488531,1821900
1660,422,447,502375,8647,488978,1899100
1661,426,441,501949,8632,489419,1785300
1662,437,400,501512,8669,489819,1825200
1663,400,435,501112,8634,490254,1769800
1664,403,448,500709,8589,490702,1757100
1665,440,447,500269,8582,491149,1754900
1666,454,460,499815,8576,491609,1854500
1667,433,473,499382,8536,492082,1913900
1668,427,397,498955,8566,492479,1733700
1669,449,429,498506,8586,492908,1791900
1670,451,433,498055,8604,493341,1795400
1671,435,410,497620,8629,493751,1774800
1672,462,427,497158,8664,494178,1722300
1673,413,431,496745,8646,494609,1837800
1674,436,445,496309,8637,495054,1968400
1675,454,421,495855,8670,495475,1831500
1676,426,435,495429,8661,495910,1737100
1677,436,441,494993,8656,496351,1957000
1678,454,400,494539,8710,496751,1821200
1679,464,462,494075,8712,497213,1757300
1680,441,470,493634,8683,497683,1744000
1681,398,404,493236,8677,498087,1801600
1682,450,435,492786,8692,498522,1802100
1683,428,444,492358,8676,498966,2095100
1684,413,440,491945,8649,499406,1871500
1685,401,397,491544,8653,499803,1770500
1686,435,405,491109,8683,500208,1843500
1687,450,414,490659,8719,500622,1802500
1688,445,429,490214,8735,501051,1970700
1689,439,431,489775,8743,501482,1787000
1690,438,393,489337,8788,501875,1813700
1691,445,435,488892,8798,502310,1795200
1692,425,447,488467,8776,502757,1800100
1693,440,413,488027,8803,503170,1868700
1694,419,448,487608,8774,503618,1810200
1695,445,429,487163,8790,504047,1762100
1696,456,442,486707,8804,504489,1709900
1697,430,444,486277,8790,504933,1699400
1698,434,432,485843,8792,505365,1802400
1699,406,456,485437,8742,505821,1745500
1700,431,459,485006,8714,506280,1714400
1701,392,441,484614,8665,506721,1817800
1702,423,450,484191,8638,507171,1833600
1703,417,431,483774,8624,507602,1768600
1704,410,434,483364,8600,508036,1714600
1705,407,425,482957,8582,508461,1719000
1706,403,430,482554,8555,508891,1818500
1707,416,385,482138,8586,509276,1789300
1708,421,401,481717,8606,509677,1732900
1709,443,408,481274,8641,510085,1725700
1710,421,436,480853,8626,510521,1812500
1711,389,453,480464,8562,510974,1920700
1712,472,424,479992,8610,511398,1783900
1713,408,413,479584,8605,511811,1703000
1714,372,455,479212,8522,512266,1686000
1715,449,462,478763,8509,512728,1812700
1716,404,405,478359,8508,513133,1787700
1717,406,455,477953,8459,513588,1803100
1718,401,401,477552,8459,513989,1745800
1719,434,400,477118,8493,514389,1824500
1720,440,421,476678,8512,514810,1811600
1721,417,368,476261,8561,515178,1769900
1722,410,445,475851,8526,515623,1778100
1723,410,433,475441,8503,516056,2005500
1724,415,396,475026,8522,516452,1822700
1725,428,440,474598,8510,516892,1704400
1726,468,430,474130,8548,517322,2012500
1727,397,453,473733,8492,517775,1859300
1728,456,452,473277,8496,518227,1816700
1729,414,423,472863,8487,518650,1776600
1730,425,439,472438,8473,519089,1744900
1731,400,445,472038,8428,519534,1958900
1732,391,433,471647,8386,519967,1834700
1733,433,405,471214,8414,520372,1805900
1734,443,416,470771,8441,520788,1791100
1735,434,402,470337,8473,521190,1738700
1736,420,416,469917,8477,521606,1709600
1737,415,425,469502,8467,522031,1811400
1738,396,457,469106,8406,522488,1757000
1739,412,453,468694,8365,522941,1713200
1740,403,405,468291,8363,523346,1709600
1741,389,399,467902,8353,523745,1923500
1742,435,408,467467,8380,524153,2008000
1743,379,429,467088,8330,524582,1861700
1744,416,385,466672,8361,524967,1926000
1745,385,421,466287,8325,525388,2282400
1746,380,417,465907,8288,525805,11082700
1747,380,381,465527,8287,526186,3225100
1748,411,428,465116,8270,526614,2759000
1749,396,399,464720,8267,527013,2747200
1750,406,413,464314,8260,527426,2253200
1751,410,402,463904,8268,527828,2182700
1752,375,454,463529,8189,528282,2335800
1753,436,405,463093,8220,528687,2050900
1754,389,433,462704,8176,529120,2048500
1755,401,407,462303,8170,529527,2014500
1756,398,366,461905,8202,529893,2064300
1757,427,424,461478,8205,530317,1962000
1758,406,413,461072,8198,530730,1894500
1759,442,405,460630,8235,531135,1902800
1760,415,416,460215,8234,531551,1954400
1761,400,396,459815,8238,531947,1937900
1762,420,414,459395,8244,532361,1936800
1763,392,432,459003,8204,532793,1935100
1764,419,390,458584,8233,533183,1983900
1765,408,408,458176,8233,533591,1946200
1766,420,443,457756,8210,534034,2064500
1767,444,398,457312,8256,534432,1914500
1768,412,401,456900,8267,534833,2262500
1769,444,423,456456,8288,535256,2054700
1770,433,434,456023,8287,535690,2054000
1771,431,395,455592,8323,536085,2010200
1772,429,416,455163,8336,536501,2046300
1773,431,456,454732,8311,536957,1873100
1774,450,377,454282,8384,537334,1825400
1775,460,424,453822,8420,537758,1799300
1776,437,424,453385,8433,538182,1727600
1777,465,473,452920,8425,538655,1816500
1778,421,431,452499,8415,539086,1756800
1779,447,412,452052,8450,539498,1727300
1780,442,432,451610,8460,539930,1802600
1781,410,449,451200,8421,540379,1821100
1782,398,436,450802,8383,540815,1779200
1783,450,383,450352,8450,541198,1680000
1784,418,423,449934,8445,541621,1773200
1785,437,424,449497,8458,542045,1749900
1786,439,380,449058,8517,542425,1691300
1787,445,427,448613,8535,542852,1727600
1788,418,411,448195,8542,543263,1945500
1789,447,425,447748,8564,543688,1754100
1790,396,415,447352,8545,544103,1854800
1791,439,453,446913,8531,544556,1823900
1792,439,424,446474,8546,544980,1860500
1793,446,416,446028,8576,545396,1739700
1794,440,475,445588,8541,545871,1832100
1795,417,428,445171,8530,546299,1835400
1796,404,431,444767,8503,546730,1817100
1797,427,446,444340,8484,547176,1771500
1798,395,448,443945,8431,547624,1769000
1799,400,436,443545,8395,548060,1691600
1800,412,432,443133,8375,548492,1830100
1801,400,418,442733,8357,548910,1802400
1802,418,434,442315,8341,549344,1881500
1803,384,418,441931,8307,549762,1831900
1804,431,431,441500,8307,550193,1757700
1805,418,413,441082,8312,550606,1840000
1806,438,399,440644,8351,551005,1844800
1807,424,443,440220,8332,551448,1839000
1808,428,380,439792,8380,551828,2018500
1809,372,385,439420,8367,552213,1828700
1810,410,461,439010,8316,552674,2079700
1811,396,447,438614,8265,553121,1827100
1812,423,441,438191,8247,553562,1732300
1813,401,414,437790,8234,553976,1914100
1814,442,417,437348,8259,554393,1848600
1815,433,411,436915,8281,554804,1825300
1816,460,387,436455,8354,555191,2405800
1817,436,426,436019,8364,555617,1832300
1818,460,393,435559,8431,556010,1866300
1819,421,444,435138,8408,556454,1814100
1820,370,408,434768,8370,556862,1740700
1821,403,403,434365,8370,557265,1733800
1822,420,427,433945,8363,557692,1690500
1823,415,425,433530,8353,558117,1768700
1824,400,380,433130,8373,558497,1715300
1825,417,397,432713,8393,558894,1750800
1826,382,412,432331,8363,559306,1884400
1827,413,417,431918,8359,559723,1835500
1828,435,431,431483,8363,560154,1769900
1829,405,400,431078,8368,560554,1903600
1830,423,426,430655,8365,560980,1747300
1831,404,449,430251,8320,561429,1721000
1832,413,386,429838,8347,561815,1840000
1833,437,410,429401,8374,562225,1907200
1834,430,414,428971,8390,562639,1760000
1835,420,417,428551,8393,563056,1732700
1836,417,417,428134,8393,563473,1717400
1837,424,437,427710,8380,563910,1821700
1838,442,437,427268,8385,564347,1794900
1839,463,384,426805,8464,564731,1790200
1840,485,415,426320,8534,565146,1720200
1841,431,427,425889,8538,565573,1844300
1842,422,390,425467,8570,565963,1845900
1843,458,422,425009,8606,566385,1798900
1844,420,452,424589,8574,566837,1794300
1845,448,431,424141,8591,567268,1782400
1846,414,443,423727,8562,567711,1819600
1847,458,395,423269,8625,568106,2028500
1848,431,466,422838,8590,568572,2037200
1849,426,434,422412,8582,569006,1873500
1850,442,413,421970,8611,569419,1864800
1851,423,422,421547,8612,569841,1818400
1852,437,444,421110,8605,570285,1788300
1853,402,432,420708,8575,570717,1804800
1854,438,440,420270,8573,571157,2064700
1855,453,402,419817,8624,571559,1898800
1856,437,426,419380,8635,571985,1945000
1857,479,426,418901,8688,572411,1920800
1858,446,433,418455,8701,572844,1855000
1859,420,419,418035,8702,573263,1885700
1860,457,436,417578,8723,573699,2031300
1861,431,411,417147,8743,574110,1988400
1862,422,451,416725,8714,574561,2261800
1863,421,412,416304,8723,574973,2241800
1864,423,432,415881,8714,575405,7974400
1865,450,407,415431,8757,575812,7119100
1866,431,420,415000,8768,576232,2895700
1867,440,450,414560,8758,576682,2677900
1868,492,412,414068,8838,577094,2368600
1869,450,445,413618,8843,577539,2294300
1870,477,427,413141,8893,577966,2449200
1871,461,456,412680,8898,578422,2417800
1872,461,438,412219,8921,578860,2517600
1873,408,453,411811,8876,579313,2089200
1874,433,446,411378,8863,579759,2074600
1875,422,456,410956,8829,580215,2039200
1876,440,440,410516,8829,580655,1978300
1877,424,401,410092,8852,581056,2017000
1878,464,431,409628,8885,581487,2012900
1879,456,453,409172,8888,581940,2000200
1880,439,474,408733,8853,582414,1955400
1881,434,406,408299,8881,582820,2058900
1882,437,458,407862,8860,583278,2029500
1883,460,438,407402,8882,583716,1965900
1884,436,439,406966,8879,584155,2239100
1885,427,452,406539,8854,584607,2139300
1886,404,458,406135,8800,585065,2087500
1887,437,428,405698,8809,585493,2163800
1888,443,454,405255,8798,585947,2006700
1889,438,444,404817,8792,586391,2027500
1890,469,432,404348,8829,586823,2054000
1891,423,404,403925,8848,587227,2115900
1892,429,407,403496,8870,587634,1945200
1893,438,421,403058,8887,588055,1968000
1894,455,490,402603,8852,588545,1893000
1895,414,407,402189,8859,588952,1850000
1896,427,466,401762,8820,589418,1891900
1897,419,468,401343,8771,589886,2039400
1898,424,456,400919,8739,590342,1857100
1899,457,412,400462,8784,590754,1821700
1900,421,449,400041,8756,591203,1843100
1901,440,425,399601,8771,591628,1769500
1902,415,440,399186,8746,592068,1973900
1903,422,408,398764,8760,592476,1850800
1904,420,435,398344,8745,592911,1868000
1905,462,433,397882,8774,593344,1792900
1906,440,443,397442,8771,593787,1815400
1907,437,463,397005,8745,594250,1836100
1908,444,403,396561,8786,594653,1979300
1909,448,453,396113,8781,595106,1960400
1910,422,427,395691,8776,595533,1982000
1911,405,440,395286,8741,595973,2025200
1912,401,441,394885,8701,596414,4052300
1913,433,425,394452,8709,596839,9290400
1914,413,431,394039,8691,597270,2971200
1915,430,419,393609,8702,597689,2734900
1916,424,427,393185,8699,598116,2763100
1917,437,458,392748,8678,598574,2339700
1918,421,430,392327,8669,599004,2642900
1919,422,453,391905,8638,599457,2326200
1920,456,399,391449,8695,599856,2160000
1921,398,422,391051,8671,600278,2321500
1922,414,411,390637,8674,600689,2090400
1923,432,420,390205,8686,601109,2002600
1924,416,447,389789,8655,601556,2006400
1925,432,454,389357,8633,602010,2155200
1926,430,418,388927,8645,602428,1988300
1927,423,408,388504,8660,602836,2306000
1928,409,426,388095,8643,603262,2027700
1929,410,414,387685,8639,603676,1968100
1930,409,454,387276,8594,604130,2136300
1931,413,456,386863,8551,604586,2038200
1932,413,372,386450,8592,604958,2062200
1933,422,411,386028,8603,605369,2242300
1934,411,442,385617,8572,605811,2023900
1935,407,428,385210,8551,606239,2222100
1936,409,393,384801,8567,606632,1929000
1937,404,428,384397,8543,607060,1897500
1938,406,458,383991,8491,607518,1922600
1939,392,461,383599,8422,607979,1810200
1940,388,441,383211,8369,608420,1924200
1941,379,404,382832,8344,608824,1966100
1942,351,402,382481,8293,609226,1844200
1943,403,411,382078,8285,609637,1744100
1944,395,417,381683,8263,610054,1813500
1945,413,398,381270,8278,610452,1770300
1946,386,430,380884,8234,610882,1818200
1947,388,425,380496,8197,611307,1831500
1948,378,423,380118,8152,611730,1966200
1949,390,414,379728,8128,612144,1829400
1950,398,420,379330,8106,612564,1810000
1951,364,396,378966,8074,612960,1831400
1952,390,432,378576,8032,613392,1801400
1953,351,382,378225,8001,613774,1834100
1954,393,393,377832,8001,614167,1986700
1955,401,412,377431,7990,614579,1792100
1956,382,374,377049,7998,614953,1736100
1957,386,404,376663,7980,615357,1809400
1958,390,404,376273,7966,615761,1787800
1959,384,386,375889,7964,616147,1826700
1960,366,399,375523,7931,616546,1891800
1961,407,396,375116,7942,616942,1720400
1962,369,381,374747,7930,617323,1846200
1963,362,381,374385,7911,617704,1799500
1964,349,419,374036,7841,618123,1871400
1965,390,384,373646,7847,618507,1868700
1966,350,362,373296,7835,618869,1991900
1967,349,400,372947,7784,619269,1993000
1968,373,364,372574,7793,619633,1824800
1969,414,352,372160,7855,619985,1793800
1970,402,357,371758,7900,620342,1794900
1971,408,406,371350,7902,620748,1815300
1972,397,385,370953,7914,621133,1850900
1973,416,384,370537,7946,621517,1816800
1974,391,396,370146,7941,621913,2032700
1975,374,364,369772,7951,622277,1881500
1976,387,419,369385,7919,622696,1942700
1977,368,406,369017,7881,623102,1923500
1978,400,406,368617,7875,623508,2012900
1979,379,403,368238,7851,623911,2057600
1980,355,400,367883,7806,624311,1979100
1981,363,370,367520,7799,624681,1829500
1982,357,393,367163,7763,625074,1779200
1983,415,393,366748,7785,625467,1950000
1984,379,338,366369,7826,625805,1834500
1985,376,362,365993,7840,626167,1852200
1986,355,411,365638,7784,626578,1827700
1987,382,380,365256,7786,626958,1769400
1988,392,428,364864,7750,627386,1843800
1989,371,422,364493,7699,627808,1794400
1990,350,425,364143,7624,628233,1858600
1991,358,346,363785,7636,628579,2335400
1992,354,408,363431,7582,628987,1898100
1993,367,412,363064,7537,629399,1850400
1994,348,364,362716,7521,629763,1830600
1995,357,362,362359,7516,630125,1808700
1996,310,352,362049,7474,630477,1727500
1997,328,381,361721,7421,630858,1663500
1998,315,381,361406,7355,631239,1815500
1999,356,352,361050,7359,631591,1875600
2000,377,370,360673,7366,631961,1730100
2001,352,370,360321,7348,632331,1701200
2002,339,353,359982,7334,632684,1708900
2003,356,382,359626,7308,633066,1791400
2004,337,369,359289,7276,633435,1703500
2005,377,349,358912,7304,633784,1758300
2006,367,398,358545,7273,634182,1787200
2007,362,351,358183,7284,634533,1812000
2008,385,331,357798,7338,634864,1778900
2009,359,389,357439,7308,635253,1748200
2010,332,364,357107,7276,635617,1829100
2011,370,377,356737,7269,635994,1866500
2012,339,364,356398,7244,636358,1848000
2013,356,370,356042,7230,636728,1861500
2014,330,392,355712,7168,637120,1901900
2015,372,375,355340,7165,637495,1778200
2016,356,347,354984,7174,637842,1876800
2017,394,356,354590,7212,638198,1790500
2018,403,345,354187,7270,638543,1830000
2019,374,371,353813,7273,638914,1815300
2020,357,365,353456,7265,639279,1817900
2021,392,364,353064,7293,639643,2006300
2022,342,407,352722,7228,640050,1815900
2023,360,343,352362,7245,640393,1781000
2024,348,382,352014,7211,640775,1889900
2025,376,389,351638,7198,641164,2310500
2026,380,355,351258,7223,641519,1835000
2027,391,370,350867,7244,641889,1770300
2028,328,360,350539,7212,642249,1840400
2029,357,381,350182,7188,642630,1797000
2030,360,379,349822,7169,643009,1772500
2031,377,393,349445,7153,643402,1745300
2032,346,309,349099,7190,643711,1749300
2033,366,342,348733,7214,644053,1770100
2034,378,359,348355,7233,644412,1829300
2035,342,345,348013,7230,644757,1826300
2036,364,381,347649,7213,645138,1756100
2037,360,372,347289,7201,645510,1815800
2038,351,375,346938,7177,645885,1748200
2039,369,371,346569,7175,646256,1767100
2040,366,337,346203,7204,646593,1718700
2041,387,376,345816,7215,646969,1653100
2042,385,374,345431,7226,647343,1833700
2043,355,395,345076,7186,647738,1738900
2044,355,347,344721,7194,648085,1699600
2045,340,369,344381,7165,648454,1897200
2046,326,395,344055,7096,648849,1809900
2047,338,363,343717,7071,649212,1778100
2048,406,319,343311,7158,649531,1711700
2049,358,387,342953,7129,649918,1959500
2050,358,361,342595,7126,650279,1720000
2051,379,367,342216,7138,650646,1837900
2052,390,344,341826,7184,650990,1796100
2053,350,372,341476,7162,651362,1694600
2054,347,337,341129,7172,651699,1717400
2055,335,295,340794,7212,651994,1796800
2056,338,377,340456,7173,652371,1800300
2057,325,345,340131,7153,652716,1731200
2058,347,374,339784,7126,653090,1740000
2059,352,353,339432,7125,653443,1837000
2060,365,335,339067,7155,653778,1890400
2061,338,378,338729,7115,654156,1895100
2062,340,372,338389,7083,654528,1983300
2063,333,354,338056,7062,654882,1718700
2064,342,370,337714,7034,655252,1718100
2065,335,350,337379,7019,655602,1750100
2066,348,371,337031,6996,655973,1810600
2067,324,341,336707,6979,656314,1782900
2068,321,354,336386,6946,656668,1832900
2069,309,335,336077,6920,657003,1722600
2070,328,373,335749,6875,657376,1811000
2071,314,387,335435,6802,657763,1907700
2072,334,369,335101,6767,658132,1775400
2073,344,330,334757,6781,658462,1698300
2074,319,309,334438,6791,658771,2008200
2075,297,345,334141,6743,659116,1817400
2076,305,340,333836,6708,659456,1753500
2077,270,332,333566,6646,659788,1918200
2078,330,307,333236,6669,660095,1830600
2079,326,373,332910,6622,660468,1730200
2080,314,358,332596,6578,660826,1932600
2081,347,333,332249,6592,661159,1826100
2082,330,333,331919,6589,661492,1703900
2083,347,325,331572,6611,661817,1698000
2084,333,325,331239,6619,662142,1701100
2085,384,338,330855,6665,662480,1714000
2086,383,321,330472,6727,662801,2068000
2087,335,330,330137,6732,663131,1817400
2088,327,351,329810,6708,663482,1718900
2089,354,364,329456,6698,663846,1707300
2090,324,324,329132,6698,664170,1688300
2091,363,335,328769,6726,664505,1805600
2092,393,329,328376,6790,664834,1768900
2093,351,350,328025,6791,665184,1718300
2094,326,342,327699,6775,665526,2105100
2095,332,358,327367,6749,665884,1858300
2096,343,330,327024,6762,666214,1888600
2097,325,342,326699,6745,666556,2059900
2098,355,327,326344,6773,666883,2031000
2099,341,353,326003,6761,667236,1858500
2100,359,345,325644,6775,667581,1855300
2101,355,347,325289,6783,667928,1845500
2102,366,327,324923,6822,668255,1922300
2103,322,358,324601,6786,668613,2102700
2104,342,319,324259,6809,668932,1998300
2105,361,352,323898,6818,669284,1874100
2106,325,333,323573,6810,669617,2381400
2107,359,364,323214,6805,669981,2001400
2108,362,355,322852,6812,670336,1852800
2109,333,374,322519,6771,670710,1811800
2110,336,338,322183,6769,671048,1727000
2111,332,315,321851,6786,671363,1766200
2112,331,347,321520,6770,671710,1708000
2113,330,357,321190,6743,672067,1812800
2114,360,327,320830,6776,672394,1789100
2115,328,336,320502,6768,672730,1697200
2116,325,339,320177,6754,673069,1677200
2117,343,323,319834,6774,673392,1806100
2118,329,290,319505,6813,673682,1795500
2119,319,327,319186,6805,674009,2030400
2120,315,347,318871,6773,674356,1733500
2121,311,347,318560,6737,674703,1708800
2122,313,329,318247,6721,675032,1815200
2123,331,333,317916,6719,675365,1805700
2124,329,335,317587,6713,675700,1737300
2125,299,355,317288,6657,676055,1697400
2126,317,331,316971,6643,676386,1698900
2127,309,319,316662,6633,676705,1755500
2128,296,338,316366,6591,677043,1699900
2129,279,330,316087,6540,677373,1828500
2130,307,318,315780,6529,677691,1812500
2131,323,293,315457,6559,677984,2098400
2132,287,345,315170,6501,678329,1854800
2133,342,331,314828,6512,678660,1836200
2134,326,311,314502,6527,678971,1787000
2135,306,317,314196,6516,679288,1809300
2136,327,322,313869,6521,679610,1785700
2137,328,318,313541,6531,679928,1691900
2138,328,325,313213,6534,680253,1803800
2139,329,345,312884,6518,680598,2088300
2140,336,335,312548,6519,680933,2069000
2141,343,303,312205,6559,681236,1807100
2142,344,330,311861,6573,681566,1752600
2143,313,363,311548,6523,681929,1744300
2144,327,327,311221,6523,682256,1706800
2145,312,331,310909,6504,682587,1809000
2146,316,306,310593,6514,682893,1761300
2147,361,329,310232,6546,683222,1690500
2148,313,337,309919,6522,683559,1691900
2149,353,336,309566,6539,683895,1827500
2150,342,366,309224,6515,684261,1766500
2151,322,317,308902,6520,684578,1696700
2152,342,319,308560,6543,684897,1701100
2153,318,315,308242,6546,685212,1798300
2154,319,342,307923,6523,685554,1758900
2155,278,334,307645,6467,685888,1695800
2156,308,308,307337,6467,686196,1689100
2157,318,355,307019,6430,686551,1798100
2158,327,317,306692,6440,686868,1754300
2159,302,343,306390,6399,687211,1693900
2160,288,324,306102,6363,687535,2039100
2161,296,323,305806,6336,687858,1730900
2162,301,306,305505,6331,688164,1811100
2163,295,328,305210,6298,688492,1777900
2164,323,322,304887,6299,688814,1694200
2165,283,334,304604,6248,689148,1692700
2166,330,319,304274,6259,689467,1800900
2167,312,306,303962,6265,689773,1784800
2168,304,315,303658,6254,690088,2243000
2169,280,345,303378,6189,690433,1905900
2170,316,323,303062,6182,690756,1717500
2171,314,293,302748,6203,691049,1729400
2172,318,319,302430,6202,691368,1695100
2173,335,315,302095,6222,691683,1796600
2174,318,331,301777,6209,692014,1738700
2175,305,277,301472,6237,692291,1700600
2176,311,295,301161,6253,692586,1689200
2177,333,306,300828,6280,692892,1802200
2178,340,304,300488,6316,693196,1758200
2179,300,320,300188,6296,693516,1685800
2180,334,347,299854,6283,693863,1800700
2181,316,324,299538,6275,694187,1789700
2182,333,312,299205,6296,694499,1678600
2183,303,310,298902,6289,694809,1680800
2184,329,281,298573,6337,695090,1801900
2185,345,284,298228,6398,695374,1773000
2186,334,323,297894,6409,695697,1778700
2187,354,296,297540,6467,695993,1984900
2188,303,323,297237,6447,696316,1737000
2189,315,336,296922,6426,696652,1809000
2190,336,338,296586,6424,696990,1805600
2191,307,326,296279,6405,697316,1931200
2192,310,329,295969,6386,697645,1790400
2193,324,302,295645,6408,697947,1702800
2194,339,339,295306,6408,698286,1715000
2195,330,308,294976,6430,698594,1816800
2196,284,295,294692,6419,698889,1729800
2197,319,291,294373,6447,699180,1685900
2198,291,290,294082,6448,699470,1714600
2199,315,315,293767,6448,699785,1788100
2200,320,319,293447,6449,700104,1727600
2201,305,318,293142,6436,700422,1689900
2202,301,311,292841,6426,700733,1705500
2203,279,307,292562,6398,701040,1765200
2204,326,338,292236,6386,701378,1964800
2205,317,330,291919,6373,701708,1726200
2206,313,329,291606,6357,702037,1754000
2207,312,316,291294,6353,702353,1826300
2208,306,305,290988,6354,702658,1786200
2209,284,330,290704,6308,702988,1736400
2210,321,326,290383,6303,703314,1686900
2211,283,285,290100,6301,703599,1828600
2212,311,308,289789,6304,703907,1808300
2213,268,307,289521,6265,704214,1717300
2214,298,316,289223,6247,704530,1691300
2215,281,320,288942,6208,704850,1792500
2216,316,330,288626,6194,705180,1769100
2217,285,309,288341,6170,705489,1729500
2218,276,343,288065,6103,705832,1689500
2219,294,313,287771,6084,706145,1691700
2220,305,322,287466,6067,706467,1785000
2221,313,286,287153,6094,706753,1732900
2222,278,283,286875,6089,707036,1755500
2223,303,317,286572,6075,707353,1801400
2224,299,286,286273,6088,707639,1799400
2225,274,335,285999,6027,707974,1731000
2226,308,298,285691,6037,708272,1681000
2227,300,291,285391,6046,708563,1768000
2228,294,325,285097,6015,708888,1796500
2229,288,295,284809,6008,709183,1857500
2230,314,313,284495,6009,709496,1697100
2231,280,300,284215,5989,709796,1724300
2232,291,291,283924,5989,710087,2059700
2233,266,294,283658,5961,710381,1802900
2234,339,302,283319,5998,710683,1784900
2235,313,301,283006,6010,710984,1692200
2236,308,279,282698,6039,711263,1692700
2237,305,271,282393,6073,711534,1802300
2238,301,332,282092,6042,711866,1999200
2239,321,304,281771,6059,712170,1815500
2240,299,290,281472,6068,712460,1712300
2241,307,309,281165,6066,712769,1952000
2242,281,282,280884,6065,713051,2006800
2243,292,279,280592,6078,713330,1851300
2244,310,284,280282,6104,713614,1855000
2245,302,300,279980,6106,713914,1822000
2246,318,326,279662,6098,714240,1797200
2247,316,315,279346,6099,714555,1733000
2248,279,293,279067,6085,714848,1900300
2249,293,288,278774,6090,715136,1714600
2250,287,316,278487,6061,715452,1805700
2251,314,297,278173,6078,715749,1774200
2252,300,321,277873,6057,716070,1688900
2253,298,288,277575,6067,716358,1695900
2254,313,317,277262,6063,716675,1781100
2255,279,301,276983,6041,716976,1757200
2256,296,306,276687,6031,717282,1713800
2257,281,307,276406,6005,717589,1772000
2258,265,296,276141,5974,717885,1753200
2259,271,300,275870,5945,718185,1767200
2260,270,303,275600,5912,718488,1682900
2261,294,305,275306,5901,718793,1713500
2262,294,316,275012,5879,719109,1797700
2263,277,291,274735,5865,719400,1727700
2264,277,311,274458,5831,719711,1928800
2265,254,279,274204,5806,719990,1814000
2266,278,264,273926,5820,720254,1851300
2267,264,300,273662,5784,720554,1800200
2268,299,297,273363,5786,720851,1833900
2269,294,284,273069,5796,721135,1740200
2270,263,308,272806,5751,721443,1702500
2271,284,273,272522,5762,721716,1833500
2272,282,304,272240,5740,722020,1802300
2273,271,283,271969,5728,722303,1763400
2274,290,284,271679,5734,722587,1906400
2275,297,281,271382,5750,722868,1977000
2276,322,299,271060,5773,723167,1775900
2277,276,290,270784,5759,723457,1789500
2278,295,296,270489,5758,723753,1872600
2279,277,283,270212,5752,724036,1791900
2280,303,325,269909,5730,724361,1768000
2281,297,301,269612,5726,724662,1750600
2282,265,280,269347,5711,724942,1803800
2283,269,278,269078,5702,725220,1786600
2284,266,305,268812,5663,725525,1798700
2285,287,264,268525,5686,725789,1666300
2286,293,310,268232,5669,726099,1663000
2287,286,292,267946,5663,726391,1808000
2288,320,251,267626,5732,726642,1764100
2289,270,290,267356,5712,726932,1690000
2290,313,297,267043,5728,727229,1682700
2291,258,289,266785,5697,727518,1817500
2292,297,307,266488,5687,727825,2243800
2293,292,287,266196,5692,728112,1782800
2294,265,258,265931,5699,728370,1790400
2295,295,265,265636,5729,728635,1691800
2296,302,271,265334,5760,728906,1683800
2297,298,300,265036,5758,729206,1795400
2298,288,282,264748,5764,729488,1768100
2299,301,315,264447,5750,729803,1694000
2300,322,286,264125,5786,730089,1690500
2301,345,268,263780,5863,730357,1690600
2302,323,302,263457,5884,730659,1694500
2303,288,311,263169,5861,730970,1684200
2304,298,271,262871,5888,731241,1802200
2305,299,310,262572,5877,731551,1775500
2306,316,266,262256,5927,731817,1685500
2307,332,300,261924,5959,732117,1685600
2308,291,305,261633,5945,732422,1823200
2309,317,297,261316,5965,732719,1779100
2310,285,315,261031,5935,733034,1737400
2311,273,307,260758,5901,733341,1702600
2312,300,292,260458,5909,733633,1804600
2313,323,288,260135,5944,733921,1916000
2314,302,308,259833,5938,734229,1752400
2315,289,289,259544,5938,734518,1907100
2316,294,280,259250,5952,734798,1728600
2317,296,274,258954,5974,735072,1847000
2318,297,285,258657,5986,735357,1842500
2319,322,283,258335,6025,735640,1743600
2320,270,301,258065,5994,735941,1726400
2321,279,272,257786,6001,736213,1733200
2322,273,315,257513,5959,736528,1697400
2323,283,288,257230,5954,736816,1795900
2324,324,291,256906,5987,737107,1694900
2325,289,284,256617,5992,737391,1685100
2326,292,300,256325,5984,737691,1817600
2327,305,323,256020,5966,738014,1734200
2328,309,263,255711,6012,738277,1698000
2329,308,301,255403,6019,738578,1709000
2330,285,323,255118,5981,738901,1791400
2331,276,280,254842,5977,739181,1717600
2332,272,274,254570,5975,739455,1682700
2333,280,299,254290,5956,739754,1773900
2334,328,272,253962,6012,740026,1795000
2335,339,299,253623,6052,740325,1722700
2336,308,272,253315,6088,740597,1685300
2337,285,306,253030,6067,740903,1811700
2338,302,298,252728,6071,741201,1793400
2339,305,318,252423,6058,741519,1688900
2340,299,287,252124,6070,741806,1687000
2341,292,320,251832,6042,742126,1764400
2342,290,314,251542,6018,742440,1766600
2343,298,311,251244,6005,742751,1711700
2344,307,298,250937,6014,743049,1916100
2345,319,317,250618,6016,743366,1796100
2346,285,313,250333,5988,743679,1813600
2347,296,288,250037,5996,743967,1784500
2348,285,296,249752,5985,744263,1687700
2349,298,288,249454,5995,744551,1845200
2350,282,291,249172,5986,744842,1747000
2351,294,319,248878,5961,745161,1797100
2352,283,304,248595,5940,745465,1731600
2353,302,291,248293,5951,745756,1701000
2354,295,290,247998,5956,746046,1731600
2355,262,311,247736,5907,746357,1992500
2356,275,310,247461,5872,746667,1785600
2357,266,307,247195,5831,746974,1774400
2358,241,267,246954,5805,747241,1745400
2359,256,278,246698,5783,747519,1704700
2360,283,270,246415,5796,747789,1792300
2361,282,281,246133,5797,748070,1714600
2362,293,306,245840,5784,748376,1700700
2363,310,288,245530,5806,748664,1710600
2364,253,272,245277,5787,748936,1774200
2365,293,275,244984,5805,749211,1684200
2366,278,295,244706,5788,749506,1681800
2367,255,299,244451,5744,749805,1795300
2368,268,293,244183,5719,750098,1748000
2369,278,310,243905,5687,750408,1680100
2370,297,265,243608,5719,750673,1680700
2371,269,283,243339,5705,750956,1804900
2372,258,263,243081,5700,751219,1695500
2373,278,293,242803,5685,751512,1688000
2374,266,252,242537,5699,751764,1684000
2375,261,265,242276,5695,752029,1750100
2376,240,279,242036,5656,752308,1692700
2377,261,306,241775,5611,752614,1682900
2378,261,276,241514,5596,752890,1793300
2379,264,268,241250,5592,753158,1665800
2380,265,304,240985,5553,753462,1709600
2381,263,292,240722,5524,753754,1801800
2382,297,288,240425,5533,754042,1789300
2383,266,274,240159,5525,754316,1722200
2384,287,282,239872,5530,754598,1709400
2385,283,261,239589,5552,754859,1778000
2386,261,265,239328,5548,755124,2031000
2387,271,268,239057,5551,755392,1790200
2388,272,294,238785,5529,755686,1756300
2389,266,265,238519,5530,755951,1710800
2390,257,254,238262,5533,756205,1740700
2391,295,278,237967,5550,756483,1704800
2392,278,278,237689,5550,756761,1739000
2393,265,245,237424,5570,757006,1689800
2394,271,279,237153,5562,757285,1824000
2395,262,273,236891,5551,757558,1818300
2396,273,293,236618,5531,757851,1740400
2397,285,293,236333,5523,758144,1734200
2398,263,293,236070,5493,758437,1699800
2399,257,245,235813,5505,758682,1743900
2400,287,266,235526,5526,758948,1698200
2401,253,292,235273,5487,759240,2056500
2402,266,292,235007,5461,759532,1822600
2403,262,253,234745,5470,759785,1685100
2404,279,263,234466,5486,760048,1802500
2405,272,286,234194,5472,760334,1740700
2406,284,275,233910,5481,760609,1684300
2407,279,304,233631,5456,760913,2107100
2408,272,294,233359,5434,761207,1876600
2409,260,255,233099,5439,761462,1789300
2410,276,265,232823,5450,761727,1879400
2411,263,241,232560,5472,761968,1753400
2412,266,254,232294,5484,762222,1676800
2413,284,274,232010,5494,762496,1676100
2414,315,273,231695,5536,762769,1806100
2415,280,297,231415,5519,763066,1768100
2416,288,257,231127,5550,763323,1745300
2417,286,269,230841,5567,763592,1697900
2418,296,265,230545,5598,763857,1719400
2419,291,274,230254,5615,764131,1710400
2420,293,259,229961,5649,764390,1693500
2421,283,299,229678,5633,764689,1686500
2422,287,296,229391,5624,764985,1783300
2423,292,277,229099,5639,765262,1700400
2424,290,284,228809,5645,765546,1693600
2425,279,279,228530,5645,765825,1701400
2426,290,295,228240,5640,766120,1753500
2427,291,260,227949,5671,766380,1687800
2428,272,282,227677,5661,766662,1678600
2429,273,299,227404,5635,766961,1779400
2430,282,299,227122,5618,767260,1661700
2431,301,270,226821,5649,767530,1696500
2432,287,281,226534,5655,767811,1922700
2433,271,280,226263,5646,768091,1826100
2434,249,300,226014,5595,768391,1713100
2435,284,278,225730,5601,768669,1701500
2436,265,287,225465,5579,768956,1691900
2437,295,261,225170,5613,769217,1771700
2438,283,287,224887,5609,769504,1685300
2439,286,240,224601,5655,769744,1691000
2440,270,302,224331,5623,770046,2253800
2441,294,260,224037,5657,770306,1744000
2442,276,279,223761,5654,770585,1821200
2443,267,288,223494,5633,770873,1785400
2444,295,282,223199,5646,771155,1986100
2445,289,296,222910,5639,771451,1701000
2446,297,294,222613,5642,771745,1712400
2447,284,287,222329,5639,772032,1792300
2448,295,266,222034,5668,772298,1775800
2449,273,278,221761,5663,772576,2112200
2450,297,276,221464,5684,772852,1870900
2451,278,263,221186,5699,773115,1764500
2452,284,298,220902,5685,773413,1698300
2453,288,292,220614,5681,773705,1774500
2454,268,298,220346,5651,774003,1797900
2455,276,269,220070,5658,774272,2043200
2456,276,267,219794,5667,774539,2004100
2457,269,291,219525,5645,774830,1941800
2458,291,329,219234,5607,775159,1941600
2459,249,288,218985,5568,775447,2049800
2460,258,282,218727,5544,775729,1953800
2461,237,275,218490,5506,776004,1882900
2462,291,285,218199,5512,776289,1827100
2463,282,301,217917,5493,776590,1884300
2464,274,251,217643,5516,776841,2088600
2465,276,281,217367,5511,777122,2136800
2466,273,269,217094,5515,777391,2302000
2467,249,268,216845,5496,777659,1967600
2468,278,279,216567,5495,777938,1911200
2469,258,296,216309,5457,778234,1937000
2470,267,275,216042,5449,778509,1955300
2471,240,263,215802,5426,778772,1923200
2472,247,267,215555,5406,779039,1933200
2473,262,261,215293,5407,779300,2178900
2474,236,280,215057,5363,779580,2063600
2475,279,281,214778,5361,779861,1875500
2476,300,253,214478,5408,780114,1856500
2477,255,237,214223,5426,780351,1811300
2478,302,233,213921,5495,780584,1816200
2479,268,279,213653,5484,780863,1878000
2480,257,289,213396,5452,781152,1826000
2481,234,266,213162,5420,781418,1874500
2482,261,288,212901,5393,781706,1826100
2483,286,268,212615,5411,781974,1806600
2484,269,267,212346,5413,782241,1783800
2485,266,267,212080,5412,782508,1841300
2486,251,240,211829,5423,782748,1842900
2487,268,248,211561,5443,782996,1776900
2488,262,266,211299,5439,783262,1958600
2489,261,290,211038,5410,783552,1758600
2490,292,248,210746,5454,783800,1765600
2491,255,256,210491,5453,784056,2104300
2492,276,256,210215,5473,784312,1780100
2493,270,264,209945,5479,784576,1839200
2494,271,337,209674,5413,784913,1912800
2495,265,250,209409,5428,785163,1822900
2496,287,272,209122,5443,785435,1786500
2497,290,272,208832,5461,785707,1752000
2498,252,245,208580,5468,785952,1796200
2499,266,269,208314,5465,786221,1800600
2500,274,284,208040,5455,786505,1866800
2501,281,270,207759,5466,786775,1920200
2502,288,265,207471,5489,787040,2074100
2503,308,260,207163,5537,787300,1957500
2504,263,272,206900,5528,787572,1874400
2505,269,273,206631,5524,787845,1841600
2506,280,283,206351,5521,788128,1794000
2507,260,286,206091,5495,788414,1861100
2508,262,283,205829,5474,788697,2049400
2509,280,285,205549,5469,788982,1917000
2510,261,232,205288,5498,789214,1925800
2511,277,297,205011,5478,789511,1886300
2512,260,299,204751,5439,789810,2031700
2513,242,251,204509,5430,790061,1887300
2514,279,265,204230,5444,790326,1906900
2515,254,263,203976,5435,790589,1893600
2516,271,271,203705,5435,790860,1988700
2517,240,304,203465,5371,791164,2043200
2518,247,256,203218,5362,791420,2017200
2519,276,277,202942,5361,791697,1914500
2520,269,305,202673,5325,792002,2030600
2521,274,269,202399,5330,792271,2111400
2522,268,245,202131,5353,792516,1967900
2523,254,285,201877,5322,792801,2134100
2524,257,253,201620,5326,793054,1927300
2525,255,289,201365,5292,793343,2065100
2526,251,254,201114,5289,793597,2020100
2527,249,285,200865,5253,793882,2031300
2528,255,251,200610,5257,794133,2062000
2529,235,266,200375,5226,794399,2056100
2530,275,276,200100,5225,794675,1932300
2531,230,257,199870,5198,794932,2051600
2532,251,280,199619,5169,795212,1930300
2533,260,248,199359,5181,795460,2041600
2534,234,274,199125,5141,795734,2142300
2535,261,265,198864,5137,795999,2083600
2536,227,261,198637,5103,796260,2061300
2537,247,259,198390,5091,796519,1974700
2538,258,240,198132,5109,796759,1864600
2539,238,257,197894,5090,797016,2509700
2540,253,301,197641,5042,797317,2044600
2541,238,249,197403,5031,797566,2033900
2542,245,267,197158,5009,797833,1959400
2543,242,262,196916,4989,798095,2093400
2544,228,239,196688,4978,798334,1974500
2545,237,267,196451,4948,798601,1918800
2546,220,268,196231,4900,798869,2057100
2547,240,267,195991,4873,799136,1911200
2548,233,225,195758,4881,799361,1876100
2549,189,256,195569,4814,799617,2018400
2550,218,259,195351,4773,799876,1887100
2551,228,205,195123,4796,800081,1791900
2552,208,251,194915,4753,800332,1986600
2553,244,229,194671,4768,800561,1996400
2554,227,242,194444,4753,800803,1930000
2555,232,239,194212,4746,801042,1903700
2556,216,254,193996,4708,801296,1866100
2557,233,214,193763,4727,801510,1833700
2558,240,255,193523,4712,801765,1866700
2559,248,252,193275,4708,802017,2362800
2560,249,264,193026,4693,802281,2307100
2561,239,254,192787,4678,802535,1889900
2562,229,232,192558,4675,802767,2182800
2563,242,242,192316,4675,803009,1958200
2564,224,241,192092,4658,803250,1844300
2565,227,245,191865,4640,803495,1896600
2566,238,221,191627,4657,803716,2061200
2567,246,224,191381,4679,803940,1936000
2568,247,226,191134,4700,804166,1857800
2569,243,254,190891,4689,804420,1921800
2570,223,237,190668,4675,804657,1992000
2571,215,253,190453,4637,804910,2207700
2572,225,231,190228,4631,805141,1928100
2573,226,239,190002,4618,805380,2124800
2574,205,193,189797,4630,805573,1940100
2575,215,214,189582,4631,805787,1918800
2576,218,234,189364,4615,806021,1904300
2577,197,234,189167,4578,806255,2201300
2578,216,235,188951,4559,806490,2328000
2579,210,216,188741,4553,806706,1960700
2580,235,237,188506,4551,806943,1933900
2581,243,210,188263,4584,807153,1879300
2582,232,245,188031,4571,807398,1829800
2583,236,228,187795,4579,807626,1970000
2584,199,224,187596,4554,807850,1931200
2585,237,232,187359,4559,808082,1918500
2586,205,263,187154,4501,808345,2155700
2587,212,235,186942,4478,808580,1954700
2588,208,206,186734,4480,808786,1906800
2589,197,200,186537,4477,808986,1937200
2590,209,234,186328,4452,809220,1821200
2591,232,226,186096,4458,809446,1863700
2592,230,235,185866,4453,809681,1929600
2593,218,238,185648,4433,809919,1999800
2594,208,243,185440,4398,810162,1932200
2595,206,253,185234,4351,810415,2352100
2596,227,195,185007,4383,810610,1922000
2597,233,219,184774,4397,810829,1896100
2598,236,220,184538,4413,811049,2094700
2599,221,226,184317,4408,811275,1848400
2600,217,219,184100,4406,811494,1920600
2601,207,218,183893,4395,811712,2047500
2602,233,229,183660,4399,811941,1851500
2603,214,209,183446,4404,812150,1864900
2604,225,237,183221,4392,812387,1903300
2605,215,211,183006,4396,812598,1846000
2606,219,211,182787,4404,812809,1866500
2607,214,217,182573,4401,813026,1831200
2608,227,221,182346,4407,813247,2087400
2609,218,217,182128,4408,813464,1848900
2610,242,244,181886,4406,813708,1846000
2611,218,209,181668,4415,813917,1857400
2612,239,206,181429,4448,814123,1876500
2613,212,240,181217,4420,814363,1844000
2614,201,216,181016,4405,814579,1855600
2615,234,214,180782,4425,814793,1830300
2616,217,229,180565,4413,815022,1862100
2617,221,207,180344,4427,815229,1942000
2618,217,217,180127,4427,815446,1849500
2619,208,209,179919,4426,815655,1785700
2620,184,241,179735,4369,815896,1787500
2621,220,242,179515,4347,816138,1751100
2622,197,228,179318,4316,816366,1803400
2623,198,202,179120,4312,816568,1755500
2624,205,221,178915,4296,816789,1732300
2625,210,213,178705,4293,817002,1738500
2626,211,227,178494,4277,817229,1798300
2627,216,212,178278,4281,817441,1764800
2628,213,224,178065,4270,817665,1771000
2629,200,210,177865,4260,817875,1744700
2630,205,232,177660,4233,818107,1756700
2631,212,216,177448,4229,818323,1822400
2632,197,183,177251,4243,818506,1809000
2633,201,228,177050,4216,818734,1837100
2634,236,192,176814,4260,818926,1885800
2635,219,228,176595,4251,819154,1892700
2636,205,203,176390,4253,819357,1891700
2637,205,202,176185,4256,819559,1954200
2638,224,238,175961,4242,819797,1928600
2639,203,195,175758,4250,819992,1909800
2640,222,214,175536,4258,820206,1843800
2641,229,212,175307,4275,820418,1829900
2642,213,197,175094,4291,820615,1876700
2643,214,211,174880,4294,820826,1830900
2644,198,207,174682,4285,821033,1813100
2645,195,190,174487,4290,821223,1797700
2646,212,232,174275,4270,821455,1814100
2647,222,215,174053,4277,821670,1856100
2648,210,237,173843,4250,821907,1851200
2649,227,199,173616,4278,822106,1856700
2650,213,203,173403,4288,822309,1899100
2651,205,193,173198,4300,822502,1847600
2652,221,213,172977,4308,822715,1833000
2653,221,206,172756,4323,822921,1844300
2654,210,251,172546,4282,823172,1814400
2655,210,231,172336,4261,823403,1862500
2656,197,189,172139,4269,823592,1811300
2657,227,221,171912,4275,823813,1818800
2658,210,210,171702,4275,824023,1796700
2659,191,206,171511,4260,824229,1864900
2660,216,205,171295,4271,824434,1822700
2661,209,222,171086,4258,824656,1801000
2662,215,201,170871,4272,824857,1805600
2663,191,218,170680,4245,825075,1802900
2664,210,219,170470,4236,825294,1789800
2665,204,214,170266,4226,825508,1833000
2666,210,199,170056,4237,825707,1905300
2667,224,238,169832,4223,825945,1905500
2668,205,208,169627,4220,826153,2054200
2669,220,217,169407,4223,826370,1886700
2670,186,213,169221,4196,826583,1824200
2671,227,194,168994,4229,826777,1825600
2672,218,193,168776,4254,826970,1833100
2673,229,232,168547,4251,827202,1893900
2674,230,213,168317,4268,827415,1851800
2675,214,228,168103,4254,827643,1870300
2676,247,204,167856,4297,827847,1987500
2677,234,223,167622,4308,828070,1923400
2678,220,219,167402,4309,828289,1871100
2679,215,204,167187,4320,828493,1782000
2680,230,193,166957,4357,828686,1784000
2681,200,257,166757,4300,828943,1828500
2682,241,219,166516,4322,829162,1814700
2683,240,233,166276,4329,829395,2090500
2684,235,223,166041,4341,829618,1864000
2685,206,212,165835,4335,829830,1893200
2686,204,210,165631,4329,830040,1865500
2687,231,232,165400,4328,830272,1887200
2688,202,243,165198,4287,830515,1845200
2689,187,250,165011,4224,830765,1816100
2690,206,213,164805,4217,830978,1897200
2691,201,222,164604,4196,831200,1973700
2692,203,217,164401,4182,831417,1896600
2693,204,175,164197,4211,831592,2025900
2694,214,182,163983,4243,831774,3903300
2695,191,182,163792,4252,831956,5179100
2696,192,229,163600,4215,832185,2240600
2697,218,228,163382,4205,832413,2031000
2698,204,209,163178,4200,832622,1998700
2699,210,199,162968,4211,832821,1952200
2700,220,208,162748,4223,833029,1900300
2701,197,220,162551,4200,833249,2052900
2702,193,219,162358,4174,833468,2079100
2703,202,195,162156,4181,833663,2032500
2704,208,219,161948,4170,833882,2038100
2705,212,215,161736,4167,834097,2507300
2706,210,191,161526,4186,834288,2588500
2707,233,213,161293,4206,834501,2213300
2708,208,213,161085,4201,834714,2071800
2709,204,206,160881,4199,834920,2047000
2710,182,214,160699,4167,835134,2069900
2711,200,191,160499,4176,835325,2015500
2712,196,210,160303,4162,835535,1951200
2713,195,192,160108,4165,835727,2257400
2714,202,202,159906,4165,835929,2096700
2715,207,203,159699,4169,836132,6024300
2716,189,208,159510,4150,836340,2813000
2717,195,221,159315,4124,836561,2296500
2718,189,196,159126,4117,836757,2180300
2719,200,224,158926,4093,836981,2068300
2720,205,213,158721,4085,837194,1863300
2721,210,211,158511,4084,837405,1731700
2722,191,182,158320,4093,837587,1804700
2723,214,197,158106,4110,837784,1883100
2724,199,208,157907,4101,837992,1949300
2725,209,205,157698,4105,838197,1876400
2726,201,184,157497,4122,838381,1963700
2727,202,208,157295,4116,838589,2229100
2728,191,195,157104,4112,838784,2187000
2729,211,210,156893,4113,838994,1947700
2730,191,213,156702,4091,839207,1853700
2731,209,190,156493,4110,839397,1924700
2732,209,203,156284,4116,839600,1862000
2733,199,209,156085,4106,839809,1822200
2734,212,188,155873,4130,839997,1888700
2735,204,209,155669,4125,840206,1830600
2736,222,224,155447,4123,840430,1825500
2737,178,214,155269,4087,840644,1808700
2738,180,194,155089,4073,840838,2069100
2739,204,195,154885,4082,841033,1805400
2740,193,222,154692,4053,841255,1866700
2741,177,200,154515,4030,841455,2045800
2742,176,201,154339,4005,841656,1758100
2743,190,217,154149,3978,841873,1715500
2744,201,173,153948,4006,842046,1742900
2745,185,212,153763,3979,842258,2102300
2746,167,218,153596,3928,842476,1792300
2747,198,180,153398,3946,842656,1751900
2748,196,218,153202,3924,842874,1667100
2749,177,213,153025,3888,843087,1661200
2750,185,175,152840,3898,843262,1801400
2751,202,191,152638,3909,843453,1717000
2752,206,198,152432,3917,843651,1883500
2753,213,191,152219,3939,843842,1669400
2754,141,214,152078,3866,844056,2001900
2755,189,182,151889,3873,844238,1828500
2756,168,177,151721,3864,844415,1886000
2757,152,205,151569,3811,844620,1707700
2758,178,205,151391,3784,844825,1677200
2759,194,198,151197,3780,845023,1747100
2760,183,199,151014,3764,845222,1767000
2761,201,222,150813,3743,845444,1743900
2762,164,185,150649,3722,845629,1668200
2763,197,191,150452,3728,845820,1746400
2764,179,188,150273,3719,846008,1789900
2765,173,177,150100,3715,846185,1657800
2766,182,198,149918,3699,846383,1644500
2767,165,165,149753,3699,846548,1772400
2768,179,176,149574,3702,846724,1658100
2769,182,178,149392,3706,846902,1681100
2770,188,178,149204,3716,847080,1717600
2771,203,194,149001,3725,847274,1734400
2772,188,183,148813,3730,847457,1652900
2773,199,193,148614,3736,847650,2118200
2774,181,169,148433,3748,847819,1976100
2775,176,176,148257,3748,847995,1783700
2776,165,191,148092,3722,848186,1780900
2777,165,232,147927,3655,848418,1742500
2778,163,165,147764,3653,848583,1935700
2779,176,192,147588,3637,848775,1683500
2780,159,182,147429,3614,848957,1814400
2781,169,182,147260,3601,849139,1779000
2782,185,166,147075,3620,849305,1716800
2783,173,187,146902,3606,849492,1676700
2784,183,185,146719,3604,849677,1675700
2785,170,170,146549,3604,849847,1750600
2786,181,197,146368,3588,850044,1802100
2787,183,183,146185,3588,850227,1693100
2788,192,182,145993,3598,850409,1661800
2789,178,183,145815,3593,850592,1709200
2790,225,173,145590,3645,850765,1654400
2791,192,174,145398,3663,850939,1658600
2792,191,197,145207,3657,851136,1712800
2793,203,202,145004,3658,851338,1656700
2794,165,190,144839,3633,851528,1653300
2795,189,170,144650,3652,851698,2010800
2796,201,197,144449,3656,851895,1780300
2797,173,199,144276,3630,852094,1672300
2798,169,179,144107,3620,852273,1648900
2799,196,171,143911,3645,852444,1766000
2800,176,183,143735,3638,852627,1705500
2801,209,186,143526,3661,852813,1653700
2802,183,176,143343,3668,852989,1664300
2803,181,194,143162,3655,853183,1712600
2804,182,177,142980,3660,853360,1668000
2805,186,178,142794,3668,853538,1683100
2806,184,176,142610,3676,853714,1764800
2807,179,152,142431,3703,853866,1656500
2808,165,180,142266,3688,854046,1669700
2809,200,170,142066,3718,854216,1794400
2810,209,158,141857,3769,854374,1750200
2811,181,183,141676,3767,854557,1671500
2812,183,188,141493,3762,854745,1704600
2813,194,200,141299,3756,854945,1827000
2814,184,194,141115,3746,855139,1781200
2815,168,178,140947,3736,855317,1966300
2816,179,183,140768,3732,855500,1632800
2817,184,192,140584,3724,855692,1648500
2818,183,182,140401,3725,855874,1707800
2819,174,183,140227,3716,856057,1643200
2820,186,166,140041,3736,856223,1700900
2821,176,192,139865,3720,856415,1713300
2822,180,187,139685,3713,856602,1672100
2823,190,172,139495,3731,856774,1665000
2824,184,207,139311,3708,856981,1771800
2825,184,195,139127,3697,857176,1656300
2826,170,178,138957,3689,857354,1735500
2827,178,192,138779,3675,857546,1769300
2828,189,205,138590,3659,857751,1755300
2829,162,171,138428,3650,857922,1658800
2830,149,190,138279,3609,858112,1655400
2831,166,195,138113,3580,858307,1873000
2832,177,185,137936,3572,858492,1727400
2833,182,203,137754,3551,858695,1616000
2834,193,147,137561,3597,858842,1636000
2835,164,182,137397,3579,859024,1730100
2836,197,187,137200,3589,859211,1641200
2837,174,179,137026,3584,859390,1954300
2838,184,190,136842,3578,859580,1956900
2839,187,148,136655,3617,859728,1865800
2840,186,183,136469,3620,859911,1672400
2841,189,210,136280,3599,860121,1657900
2842,183,191,136097,3591,860312,1662800
2843,193,187,135904,3597,860499,1644100
2844,194,165,135710,3626,860664,1656100
2845,195,210,135515,3611,860874,1619000
2846,179,157,135336,3633,861031,1751200
2847,190,155,135146,3668,861186,1661800
2848,198,173,134948,3693,861359,1666600
2849,192,193,134756,3692,861552,1834300
2850,166,185,134590,3673,861737,1770700
2851,177,198,134413,3652,861935,1759900
2852,171,213,134242,3610,862148,1681200
2853,201,196,134041,3615,862344,1780400
2854,198,180,133843,3633,862524,1715700
2855,164,195,133679,3602,862719,1655500
2856,199,177,133480,3624,862896,1797500
2857,162,191,133318,3595,863087,1769300
2858,159,186,133159,3568,863273,1789100
2859,170,179,132989,3559,863452,1669300
2860,176,198,132813,3537,863650,1711400
2861,185,180,132628,3542,863830,1772000
2862,171,186,132457,3527,864016,1881400
2863,148,170,132309,3505,864186,1646800
2864,168,184,132141,3489,864370,1663000
2865,187,180,131954,3496,864550,1803900
2866,164,183,131790,3477,864733,1706900
2867,180,187,131610,3470,864920,1678300
2868,155,174,131455,3451,865094,1673900
2869,174,203,131281,3422,865297,1731400
2870,163,172,131118,3413,865469,1707000
2871,169,178,130949,3404,865647,1662500
2872,156,163,130793,3397,865810,1752300
2873,172,168,130621,3401,865978,1686600
2874,160,171,130461,3390,866149,1653600
2875,179,174,130282,3395,866323,1758500
2876,164,176,130118,3383,866499,1709100
2877,162,170,129956,3375,866669,1682100
2878,155,173,129801,3357,866842,1639300
2879,157,157,129644,3357,866999,1721700
2880,165,160,129479,3362,867159,1606000
2881,153,181,129326,3334,867340,1633600
2882,172,157,129154,3349,867497,1727900
2883,156,153,128998,3352,867650,1657200
2884,166,181,128832,3337,867831,1657100
2885,148,156,128684,3329,867987,1803300
2886,164,178,128520,3315,868165,1663200
2887,162,166,128358,3311,868331,1713900
2888,174,184,128184,3301,868515,1762900
2889,167,194,128017,3274,868709,1725400
2890,167,147,127850,3294,868856,1744300
2891,169,171,127681,3292,869027,1638000
2892,159,166,127522,3285,869193,1755400
2893,169,179,127353,3275,869372,1658600
2894,166,145,127187,3296,869517,1663800
2895,160,165,127027,3291,869682,1726900
2896,174,167,126853,3298,869849,1717500
2897,174,166,126679,3306,870015,1702700
2898,179,181,126500,3304,870196,1642700
2899,169,153,126331,3320,870349,1754900
2900,174,169,126157,3325,870518,1638900
2901,156,167,126001,3314,870685,1683700
2902,140,160,125861,3294,870845,1757200
2903,159,176,125702,3277,871021,1685100
2904,145,143,125557,3279,871164,1669300
2905,173,148,125384,3304,871312,1761800
2906,172,159,125212,3317,871471,1723800
2907,173,179,125039,3311,871650,1674100
2908,173,167,124866,3317,871817,1683400
2909,166,163,124700,3320,871980,1743100
2910,180,176,124520,3324,872156,1668500
2911,204,146,124316,3382,872302,1630700
2912,163,138,124153,3407,872440,1770700
2913,184,156,123969,3435,872596,1662500
2914,165,181,123804,3419,872777,1634000
2915,158,168,123646,3409,872945,1761200
2916,173,154,123473,3428,873099,1664500
2917,183,184,123290,3427,873283,1913000
2918,148,168,123142,3407,873451,1763800
2919,156,146,122986,3417,873597,1753900
2920,159,202,122827,3374,873799,1838600
2921,174,163,122653,3385,873962,1935500
2922,166,170,122487,3381,874132,2062800
2923,156,145,122331,3392,874277,1833500
2924,166,171,122165,3387,874448,1772500
2925,176,156,121989,3407,874604,2003300
2926,162,170,121827,3399,874774,1676500
2927,166,168,121661,3397,874942,1793700
2928,191,198,121470,3390,875140,1794700
2929,148,182,121322,3356,875322,1762300
2930,164,161,121158,3359,875483,1677800
2931,180,165,120978,3374,875648,1796900
2932,169,174,120809,3369,875822,1765100
2933,172,181,120637,3360,876003,1662400
2934,149,170,120488,3339,876173,1666900
2935,149,172,120339,3316,876345,1764400
2936,155,161,120184,3310,876506,1700700
2937,149,146,120035,3313,876652,1647800
2938,169,182,119866,3300,876834,1754500
2939,158,161,119708,3297,876995,1673600
2940,140,164,119568,3273,877159,1678700
2941,157,182,119411,3248,877341,1652300
2942,153,170,119258,3231,877511,1752300
2943,164,145,119094,3250,877656,1653500
2944,146,153,118948,3243,877809,1639100
2945,178,161,118770,3260,877970,1766500
2946,166,170,118604,3256,878140,1640600
2947,169,170,118435,3255,878310,1669700
2948,156,159,118279,3252,878469,1676100
2949,166,162,118113,3256,878631,1676400
2950,146,151,117967,3251,878782,1653400
2951,167,172,117800,3246,878954,1758700
2952,168,169,117632,3245,879123,1715000
2953,162,176,117470,3231,879299,1663800
2954,139,150,117331,3220,879449,1648200
2955,151,172,117180,3199,879621,1723400
2956,162,143,117018,3218,879764,1916300
2957,160,179,116858,3199,879943,1740500
2958,135,149,116723,3185,880092,1679000
2959,145,170,116578,3160,880262,1766100
2960,165,154,116413,3171,880416,1716000
2961,166,170,116247,3167,880586,1672900
2962,159,144,116088,3182,880730,1765100
2963,140,160,115948,3162,880890,1728000
2964,169,157,115779,3174,881047,1727900
2965,152,147,115627,3179,881194,1685300
2966,141,165,115486,3155,881359,1742800
2967,198,172,115288,3181,881531,1750200
2968,173,145,115115,3209,881676,1721500
2969,169,160,114946,3218,881836,1677400
2970,160,173,114786,3205,882009,1653300
2971,164,167,114622,3202,882176,1662900
2972,163,169,114459,3196,882345,1645800
2973,131,140,114328,3187,882485,1744200
2974,159,156,114169,3190,882641,1667100
2975,155,146,114014,3199,882787,1655400
2976,164,157,113850,3206,882944,1775800
2977,156,174,113694,3188,883118,1713600
2978,138,161,113556,3165,883279,1639000
2979,137,178,113419,3124,883457,1758400
2980,126,161,113293,3089,883618,1720600
2981,147,143,113146,3093,883761,1660600
2982,159,171,112987,3081,883932,1666100
2983,161,164,112826,3078,884096,1757400
2984,133,158,112693,3053,884254,1746200
2985,159,167,112534,3045,884421,1658000
2986,155,139,112379,3061,884560,2082400
2987,161,135,112218,3087,884695,1748800
2988,161,150,112057,3098,884845,1741400
2989,159,156,111898,3101,885001,1644900
2990,164,137,111734,3128,885138,1635100
2991,171,151,111563,3148,885289,1754500
2992,150,162,111413,3136,885451,1661200
2993,136,137,111277,3135,885588,1970800
2994,154,168,111123,3121,885756,1690400
2995,159,155,110964,3125,885911,1794900
2996,162,139,110802,3148,886050,1718700
2997,142,174,110660,3116,886224,1662000
2998,162,154,110498,3124,886378,1658800
2999,157,164,110341,3117,886542,1745600
3000,165,176,110176,3106,886718,1660500
3001,157,158,110019,3105,886876,1661500
3002,147,163,109872,3089,887039,1801400
3003,159,136,109713,3112,887175,1707200
3004,146,154,109567,3104,887329,1760600
3005,155,157,109412,3102,887486,1788500
3006,151,167,109261,3086,887653,1708400
3007,163,162,109098,3087,887815,1710000
3008,154,172,108944,3069,887987,1709500
3009,165,157,108779,3077,888144,1649900
3010,179,151,108600,3105,888295,1727400
3011,154,152,108446,3107,888447,1770600
3012,166,176,108280,3097,888623,1710700
3013,165,128,108115,3134,888751,1769600
3014,153,179,107962,3108,888930,1729100
3015,158,155,107804,3111,889085,1661600
3016,138,167,107666,3082,889252,1720900
3017,147,170,107519,3059,889422,1751700
3018,179,168,107340,3070,889590,1671300
3019,159,152,107181,3077,889742,1776700
3020,156,142,107025,3091,889884,1655200
3021,166,153,106859,3104,890037,1728000
3022,157,155,106702,3106,890192,1668900
3023,134,158,106568,3082,890350,1633300
3024,142,162,106426,3062,890512,1726300
3025,161,137,106265,3086,890649,1641400
3026,160,151,106105,3095,890800,1765400
3027,137,159,105968,3073,890959,1799100
3028,143,187,105825,3029,891146,1774900
3029,136,142,105689,3023,891288,1963800
3030,138,138,105551,3023,891426,2069400
3031,158,151,105393,3030,891577,1765300
3032,133,160,105260,3003,891737,1719800
3033,145,154,105115,2994,891891,1657400
3034,142,150,104973,2986,892041,1708000
3035,154,167,104819,2973,892208,1654200
3036,145,153,104674,2965,892361,1742200
3037,151,156,104523,2960,892517,2244900
3038,144,151,104379,2953,892668,1754500
3039,129,152,104250,2930,892820,1784400
3040,148,161,104102,2917,892981,1660000
3041,144,156,103958,2905,893137,1735400
3042,153,147,103805,2911,893284,1777300
3043,153,141,103652,2923,893425,1790900
3044,168,147,103484,2944,893572,1692400
3045,160,164,103324,2940,893736,1701600
3046,136,142,103188,2934,893878,1759300
3047,152,139,103036,2947,894017,1736700
3048,152,155,102884,2944,894172,1660100
3049,175,149,102709,2970,894321,1664000
3050,150,171,102559,2949,894492,1749200
3051,145,148,102414,2946,894640,1664300
3052,157,155,102257,2948,894795,1634900
3053,141,134,102116,2955,894929,1756000
3054,149,133,101967,2971,895062,1717600
3055,142,155,101825,2958,895217,1834100
3056,164,174,101661,2948,895391,1790900
3057,145,151,101516,2942,895542,1814300
3058,155,139,101361,2958,895681,1756700
3059,158,126,101203,2990,895807,1776200
3060,156,142,101047,3004,895949,1736500
3061,150,143,100897,3011,896092,1733600
3062,144,138,100753,3017,896230,1760500
3063,180,138,100573,3059,896368,2069200
3064,160,146,100413,3073,896514,1862400
3065,177,186,100236,3064,896700,2008400
3066,156,156,100080,3064,896856,1876400
3067,162,150,99918,3076,897006,1886200
3068,168,131,99750,3113,897137,1877200
3069,157,143,99593,3127,897280,1901100
3070,159,164,99434,3122,897444,1880900
3071,193,146,99241,3169,897590,1785000
3072,185,140,99056,3214,897730,1876900
3073,144,145,98912,3213,897875,2047900
3074,163,165,98749,3211,898040,1666700
3075,164,169,98585,3206,898209,1670500
3076,159,174,98426,3191,898383,1668100
3077,153,166,98273,3178,898549,2079600
3078,186,155,98087,3209,898704,1779700
3079,170,180,97917,3199,898884,1696300
3080,151,159,97766,3191,899043,1756300
3081,162,177,97604,3176,899220,1773700
3082,143,143,97461,3176,899363,1777500
3083,153,146,97308,3183,899509,1655200
3084,171,170,97137,3184,899679,1627900
3085,149,157,96988,3176,899836,1768600
3086,163,153,96825,3186,899989,1725800
3087,154,154,96671,3186,900143,1639300
3088,143,150,96528,3179,900293,1669700
3089,149,171,96379,3157,900464,1751200
3090,139,146,96240,3150,900610,1848900
3091,132,189,96108,3093,900799,1744000
3092,141,161,95967,3073,900960,1729700
3093,136,167,95831,3042,901127,1751100
3094,157,165,95674,3034,901292,1911400
3095,146,140,95528,3040,901432,1737300
3096,164,160,95364,3044,901592,1743900
3097,163,156,95201,3051,901748,1761900
3098,148,173,95053,3026,901921,1737700
3099,155,145,94898,3036,902066,1730300
3100,141,139,94757,3038,902205,1735000
3101,135,136,94622,3037,902341,1731700
3102,157,138,94465,3056,902479,1729500
3103,145,174,94320,3027,902653,1634500
3104,167,143,94153,3051,902796,1645700
3105,155,164,93998,3042,902960,1842500
3106,137,139,93861,3040,903099,1890400
3107,138,157,93723,3021,903256,1836600
3108,138,152,93585,3007,903408,1745800
3109,137,163,93448,2981,903571,1761300
3110,142,155,93306,2968,903726,1744800
3111,137,146,93169,2959,903872,2165500
3112,139,140,93030,2958,904012,1774300
3113,140,139,92890,2959,904151,1753100
3114,144,154,92746,2949,904305,1717100
3115,139,143,92607,2945,904448,1723900
3116,134,166,92473,2913,904614,1818100
3117,147,134,92326,2926,904748,1752000
3118,135,148,92191,2913,904896,1757600
3119,152,141,92039,2924,905037,1759800
3120,137,168,91902,2893,905205,1757900
3121,128,139,91774,2882,905344,1731800
3122,123,150,91651,2855,905494,2047000
3123,131,149,91520,2837,905643,1801000
3124,138,125,91382,2850,905768,1721400
3125,115,152,91267,2813,905920,1771300
3126,135,158,91132,2790,906078,1905300
3127,130,145,91002,2775,906223,1749000
3128,134,148,90868,2761,906371,1716300
3129,128,149,90740,2740,906520,1718200
3130,134,138,90606,2736,906658,1738500
3131,138,138,90468,2736,906796,1720400
3132,149,133,90319,2752,906929,1721700
3133,141,152,90178,2741,907081,1774600
3134,141,127,90037,2755,907208,1951000
3135,149,146,89888,2758,907354,1751500
3136,154,165,89734,2747,907519,1684800
3137,127,137,89607,2737,907656,1658000
3138,160,129,89447,2768,907785,1745300
3139,146,122,89301,2792,907907,1663400
3140,129,139,89172,2782,908046,1662700
3141,141,124,89031,2799,908170,1758700
3142,143,141,88888,2801,908311,1698500
3143,147,145,88741,2803,908456,1730700
3144,116,153,88625,2766,908609,1963600
3145,126,141,88499,2751,908750,1777100
3146,103,139,88396,2715,908889,1843200
3147,148,150,88248,2713,909039,1771400
3148,123,135,88125,2701,909174,1657600
3149,143,133,87982,2711,909307,1742100
3150,138,133,87844,2716,909440,1764100
3151,128,149,87716,2695,909589,1934400
3152,131,138,87585,2688,909727,1732100
3153,129,153,87456,2664,909880,1717900
3154,138,128,87318,2674,910008,1788300
3155,136,140,87182,2670,910148,1790100
3156,135,140,87047,2665,910288,1785100
3157,148,140,86899,2673,910428,1715300
3158,130,136,86769,2667,910564,1638300
3159,126,131,86643,2662,910695,1765700
3160,131,135,86512,2658,910830,1684900
3161,127,119,86385,2666,910949,1653900
3162,145,160,86240,2651,911109,1750600
3163,138,128,86102,2661,911237,1750900
3164,128,126,85974,2663,911363,1658700
3165,127,133,85847,2657,911496,1642300
3166,134,129,85713,2662,911625,1705400
3167,128,156,85585,2634,911781,1635400
3168,117,141,85468,2610,911922,1661200
3169,136,133,85332,2613,912055,1674500
3170,133,132,85199,2614,912187,1947000
3171,118,138,85081,2594,912325,1736500
3172,119,134,84962,2579,912459,1724100
3173,117,129,84845,2567,912588,1764900
3174,140,132,84705,2575,912720,1737300
3175,133,123,84572,2585,912843,1732000
3176,112,142,84460,2555,912985,1760200
3177,127,115,84333,2567,913100,1764200
3178,125,124,84208,2568,913224,1780700
3179,127,142,84081,2553,913366,1732200
3180,121,133,83960,2541,913499,1724200
3181,143,134,83817,2550,913633,1772900
3182,123,132,83694,2541,913765,1747600
3183,116,126,83578,2531,913891,1721900
3184,125,126,83453,2530,914017,1753900
3185,115,123,83338,2522,914140,1760200
3186,114,140,83224,2496,914280,1751300
3187,137,124,83087,2509,914404,1968700
3188,130,130,82957,2509,914534,1747200
3189,122,112,82835,2519,914646,1706800
3190,128,127,82707,2520,914773,1933900
3191,120,118,82587,2522,914891,1891800
3192,124,135,82463,2511,915026,1716400
3193,116,138,82347,2489,915164,2082900
3194,116,107,82231,2498,915271,1780100
3195,128,143,82103,2483,915414,1719200
3196,123,129,81980,2477,915543,1913800
3197,125,105,81855,2497,915648,1740000
3198,132,117,81723,2512,915765,1735200
3199,126,136,81597,2502,915901,1947700
3200,123,121,81474,2504,916022,1738700
3201,128,129,81346,2503,916151,1722700
3202,133,143,81213,2493,916294,1757600
3203,129,126,81084,2496,916420,1926500
3204,126,133,80958,2489,916553,1723400
3205,122,104,80836,2507,916657,1762600
3206,145,139,80691,2513,916796,1943700
3207,107,123,80584,2497,916919,1745700
3208,112,117,80472,2492,917036,1671100
3209,117,136,80355,2473,917172,1737400
3210,126,114,80229,2485,917286,1727300
3211,120,131,80109,2474,917417,2015700
3212,121,137,79988,2458,917554,1771500
3213,129,126,79859,2461,917680,1775200
3214,109,125,79750,2445,917805,1717800
3215,110,123,79640,2432,917928,1680700
3216,106,132,79534,2406,918060,1745000
3217,128,128,79406,2406,918188,1729300
3218,134,122,79272,2418,918310,1924500
3219,112,127,79160,2403,918437,1748300
3220,106,132,79054,2377,918569,1953300
3221,138,103,78916,2412,918672,1770000
3222,126,119,78790,2419,918791,1779600
3223,137,120,78653,2436,918911,1957200
3224,138,132,78515,2442,919043,1728500
3225,121,107,78394,2456,919150,1698000
3226,141,103,78253,2494,919253,1773400
3227,145,143,78108,2496,919396,1718500
3228,151,140,77957,2507,919536,1754900
3229,110,131,77847,2486,919667,1717000
3230,110,126,77737,2470,919793,2321600
3231,119,125,77618,2464,919918,1785700
3232,123,126,77495,2461,920044,1790200
3233,111,134,77384,2438,920178,1897400
3234,111,132,77273,2417,920310,1716400
3235,112,107,77161,2422,920417,1726600
3236,115,117,77046,2420,920534,1740700
3237,110,128,76936,2402,920662,1763200
3238,101,124,76835,2379,920786,1765800
3239,98,124,76737,2353,920910,1886300
3240,110,131,76627,2332,921041,1717500
3241,113,106,76514,2339,921147,1740600
3242,102,117,76412,2324,921264,1754400
3243,122,123,76290,2323,921387,1665800
3244,105,121,76185,2307,921508,1737900
3245,111,116,76074,2302,921624,1766500
3246,116,100,75958,2318,921724,1667900
3247,104,122,75854,2300,921846,1716200
3248,117,130,75737,2287,921976,1677600
3249,94,104,75643,2277,922080,1749500
3250,112,111,75531,2278,922191,1697700
3251,99,105,75432,2272,922296,1695600
3252,124,124,75308,2272,922420,1893600
3253,124,115,75184,2281,922535,2034200
3254,115,110,75069,2286,922645,1781300
3255,104,100,74965,2290,922745,1761300
3256,119,109,74846,2300,922854,1757400
3257,103,120,74743,2283,922974,1722100
3258,120,114,74623,2289,923088,1764900
3259,130,115,74493,2304,923203,1702000
3260,129,102,74364,2331,923305,1702100
3261,119,116,74245,2334,923421,1720700
3262,114,115,74131,2333,923536,1739300
3263,115,126,74016,2322,923662,1649400
3264,110,115,73906,2317,923777,1661300
3265,120,111,73786,2326,923888,2010900
3266,126,127,73660,2325,924015,1776800
3267,127,116,73533,2336,924131,1794900
3268,117,115,73416,2338,924246,1979200
3269,138,127,73278,2349,924373,1922100
3270,121,121,73157,2349,924494,1848000
3271,123,115,73034,2357,924609,1652000
3272,120,116,72914,2361,924725,1764100
3273,114,134,72800,2341,924859,1769800
3274,136,113,72664,2364,924972,1653300
3275,126,120,72538,2370,925092,1651900
3276,116,121,72422,2365,925213,1706900
3277,108,123,72314,2350,925336,1652600
3278,96,130,72218,2316,925466,1671900
3279,103,125,72115,2294,925591,2098400
3280,125,123,71990,2296,925714,2207400
3281,123,112,71867,2307,925826,1963000
3282,116,113,71751,2310,925939,1769100
3283,121,102,71630,2329,926041,1639200
3284,111,109,71519,2331,926150,1654600
3285,122,120,71397,2333,926270,1644700
3286,112,112,71285,2333,926382,1736700
3287,102,117,71183,2318,926499,1655400
3288,120,113,71063,2325,926612,1634000
3289,118,129,70945,2314,926741,1749900
3290,130,117,70815,2327,926858,1641400
3291,127,116,70688,2338,926974,1693300
3292,102,127,70586,2313,927101,1701400
3293,143,91,70443,2365,927192,1718300
3294,127,143,70316,2349,927335,1657000
3295,116,127,70200,2338,927462,1661000
3296,113,108,70087,2343,927570,1689600
3297,116,111,69971,2348,927681,1655000
3298,114,109,69857,2353,927790,1635200
3299,108,116,69749,2345,927906,1714100
3300,90,115,69659,2320,928021,1696400
3301,118,113,69541,2325,928134,1963000
3302,143,118,69398,2350,928252,1969100
3303,112,120,69286,2342,928372,1843600
3304,115,118,69171,2339,928490,1774700
3305,90,104,69081,2325,928594,1721400
3306,119,105,68962,2339,928699,1678000
3307,113,138,68849,2314,928837,1665800
3308,113,125,68736,2302,928962,1741100
3309,134,114,68602,2322,929076,1684500
3310,124,148,68478,2298,929224,1700700
3311,138,125,68340,2311,929349,1812300
3312,118,130,68222,2299,929479,1705400
3313,118,114,68104,2303,929593,1862200
3314,145,120,67959,2328,929713,1633200
3315,104,131,67855,2301,929844,1636200
3316,113,121,67742,2293,929965,1660700
3317,125,112,67617,2306,930077,1638100
3318,113,112,67504,2307,930189,1778100
3319,96,100,67408,2303,930289,1661100
3320,130,128,67278,2305,930417,1639700
3321,115,131,67163,2289,930548,1744300
3322,112,135,67051,2266,930683,1686900
3323,110,136,66941,2240,930819,1668000
3324,94,106,66847,2228,930925,1738300
3325,114,106,66733,2236,931031,1742900
3326,108,113,66625,2231,931144,1801300
3327,121,108,66504,2244,931252,1936000
3328,117,118,66387,2243,931370,2013200
3329,114,119,66273,2238,931489,2526000
3330,122,126,66151,2234,931615,3108800
3331,117,107,66034,2244,931722,6369400
3332,123,97,65911,2270,931819,6783900
3333,127,122,65784,2275,931941,4514400
3334,115,124,65669,2266,932065,2718100
3335,126,111,65543,2281,932176,3299500
3336,116,122,65427,2275,932298,2473000
3337,113,130,65314,2258,932428,2174600
3338,111,114,65203,2255,932542,2215600
3339,118,126,65085,2247,932668,2591800
3340,124,109,64961,2262,932777,2175400
3341,104,119,64857,2247,932896,2185000
3342,108,113,64749,2242,933009,2190300
3343,113,119,64636,2236,933128,2050600
3344,110,107,64526,2239,933235,2063400
3345,119,114,64407,2244,933349,2092600
3346,119,120,64288,2243,933469,2669900
3347,122,121,64166,2244,933590,4471800
3348,130,121,64036,2253,933711,2164100
3349,102,111,63934,2244,933822,2215200
3350,114,132,63820,2226,933954,2025800
3351,89,100,63731,2215,934054,2054700
3352,112,127,63619,2200,934181,1915200
3353,105,88,63514,2217,934269,1860000
3354,111,124,63403,2204,934393,2015200
3355,118,99,63285,2223,934492,2208300
3356,99,112,63186,2210,934604,1914200
3357,90,119,63096,2181,934723,1839400
3358,105,95,62991,2191,934818,2131100
3359,105,105,62886,2191,934923,1802100
3360,120,132,62766,2179,935055,1800500
3361,105,100,62661,2184,935155,1791300
3362,100,107,62561,2177,935262,1837700
3363,94,111,62467,2160,935373,1871500
3364,112,101,62355,2171,935474,1817800
3365,94,116,62261,2149,935590,1820600
3366,99,94,62162,2154,935684,1799400
3367,88,114,62074,2128,935798,1813600
3368,97,110,61977,2115,935908,1794600
3369,102,78,61875,2139,935986,1778800
3370,109,114,61766,2134,936100,1700400
3371,99,103,61667,2130,936203,1776200
3372,87,107,61580,2110,936310,1835400
3373,94,113,61486,2091,936423,1786800
3374,104,115,61382,2080,936538,1966500
3375,101,104,61281,2077,936642,1859100
3376,100,87,61181,2090,936729,1723800
3377,84,106,61097,2068,936835,1763100
3378,104,110,60993,2062,936945,1730800
3379,104,101,60889,2065,937046,1720800
3380,103,99,60786,2069,937145,1929700
3381,109,88,60677,2090,937233,1846000
3382,98,107,60579,2081,937340,1825200
3383,91,76,60488,2096,937416,2073700
3384,114,99,60374,2111,937515,2021300
3385,101,98,60273,2114,937613,1793900
3386,110,91,60163,2133,937704,1862000
3387,82,106,60081,2109,937810,1810100
3388,104,101,59977,2112,937911,1921500
3389,103,102,59874,2113,938013,1910100
3390,104,106,59770,2111,938119,1959500
3391,119,121,59651,2109,938240,1852200
3392,110,126,59541,2093,938366,1839000
3393,79,110,59462,2062,938476,1788500
3394,94,98,59368,2058,938574,1777800
3395,104,95,59264,2067,938669,1832400
3396,104,104,59160,2067,938773,1958300
3397,101,109,59059,2059,938882,2060100
3398,97,98,58962,2058,938980,1800500
3399,90,88,58872,2060,939068,1782100
3400,89,105,58783,2044,939173,2071700
3401,117,98,58666,2063,939271,1798400
3402,93,87,58573,2069,939358,1759300
3403,86,108,58487,2047,939466,1776800
3404,102,100,58385,2049,939566,1952300
3405,95,86,58290,2058,939652,1832400
3406,94,108,58196,2044,939760,1781700
3407,90,99,58106,2035,939859,1801800
3408,106,84,58000,2057,939943,1814800
3409,108,88,57892,2077,940031,1789300
3410,90,96,57802,2071,940127,1771100
3411,93,102,57709,2062,940229,1654400
3412,86,110,57623,2038,940339,1667600
3413,88,96,57535,2030,940435,1683600
3414,112,84,57423,2058,940519,1965100
3415,105,100,57318,2063,940619,1672200
3416,109,94,57209,2078,940713,1743900
3417,107,96,57102,2089,940809,1761500
3418,86,106,57016,2069,940915,1659200
3419,87,100,56929,2056,941015,1657100
3420,116,104,56813,2068,941119,1748700
3421,87,100,56726,2055,941219,1975200
3422,98,92,56628,2061,941311,1680700
3423,101,110,56527,2052,941421,1659900
3424,88,103,56439,2037,941524,1767700
3425,107,102,56332,2042,941626,1720000
3426,92,101,56240,2033,941727,1646800
3427,100,129,56140,2004,941856,1647500
3428,94,108,56046,1990,941964,1724000
3429,93,93,55953,1990,942057,1629300
3430,91,109,55862,1972,942166,1907400
3431,93,88,55769,1977,942254,1667400
3432,85,106,55684,1956,942360,1689400
3433,89,99,55595,1946,942459,1662900
3434,97,96,55498,1947,942555,1662100
3435,101,115,55397,1933,942670,1722300
3436,91,80,55306,1944,942750,1662600
3437,89,87,55217,1946,942837,1647500
3438,91,72,55126,1965,942909,1739800
3439,97,98,55029,1964,943007,1755200
3440,102,94,54927,1972,943101,1687600
3441,89,93,54838,1968,943194,1774200
3442,90,96,54748,1962,943290,1736100
3443,85,98,54663,1949,943388,1660600
3444,92,109,54571,1932,943497,1639100
3445,90,89,54481,1933,943586,1722100
3446,86,92,54395,1927,943678,1657300
3447,96,80,54299,1943,943758,1659100
3448,92,101,54207,1934,943859,1805600
3449,92,88,54115,1938,943947,2078200
3450,79,98,54036,1919,944045,1821500
3451,77,75,53959,1921,944120,1652000
3452,99,94,53860,1926,944214,1657500
3453,81,85,53779,1922,944299,1754500
3454,95,100,53684,1917,944399,1682800
3455,89,105,53595,1901,944504,1652300
3456,83,103,53512,1881,944607,1744500
3457,72,99,53440,1854,944706,1741300
3458,80,83,53360,1851,944789,1657200
3459,80,104,53280,1827,944893,1637000
3460,73,114,53207,1786,945007,1732100
3461,68,89,53139,1765,945096,1640800
3462,59,94,53080,1730,945190,1652300
3463,80,88,53000,1722,945278,1730200
3464,61,83,52939,1700,945361,1647200
3465,62,94,52877,1668,945455,1651100
3466,62,74,52815,1656,945529,1739800
3467,77,85,52738,1648,945614,1726900
3468,70,74,52668,1644,945688,1662600
3469,77,75,52591,1646,945763,1772200
3470,70,78,52521,1638,945841,1723700
3471,77,78,52444,1637,945919,1649000
3472,64,78,52380,1623,945997,2068400
3473,69,69,52311,1623,946066,1941600
3474,77,66,52234,1634,946132,1942800
3475,63,89,52171,1608,946221,1845900
3476,70,77,52101,1601,946298,1885900
3477,74,81,52027,1594,946379,2048200
3478,68,73,51959,1589,946452,1818700
3479,73,72,51886,1590,946524,1850000
3480,75,91,51811,1574,946615,1717600
3481,58,70,51753,1562,946685,1954600
3482,70,82,51683,1550,946767,1686800
3483,79,63,51604,1566,946830,1776900
3484,80,72,51524,1574,946902,1800400
3485,62,81,51462,1555,946983,1728000
3486,68,87,51394,1536,947070,1668600
3487,66,89,51328,1513,947159,1780200
3488,55,74,51273,1494,947233,1724000
3489,62,78,51211,1478,947311,1639600
3490,73,76,51138,1475,947387,1733800
3491,77,88,51061,1464,947475,1740800
3492,85,85,50976,1464,947560,1627900
3493,65,67,50911,1462,947627,1939200
3494,83,70,50828,1475,947697,1761300
3495,78,75,50750,1478,947772,1753900
3496,78,85,50672,1471,947857,2001500
3497,79,78,50593,1472,947935,2243000
3498,87,81,50506,1478,948016,1758400
3499,63,63,50443,1478,948079,1692200
3500,73,79,50370,1472,948158,1706200
3501,87,70,50283,1489,948228,1647600
3502,80,70,50203,1499,948298,1755500
3503,75,80,50128,1494,948378,1652200
3504,69,61,50059,1502,948439,1627200
3505,83,61,49976,1524,948500,1731500
3506,89,60,49887,1553,948560,1625800
3507,80,96,49807,1537,948656,1638900
3508,81,78,49726,1540,948734,1738800
3509,63,65,49663,1538,948799,1655500
3510,71,70,49592,1539,948869,1699400
3511,84,88,49508,1535,948957,2192200
3512,70,77,49438,1528,949034,1935800
3513,74,63,49364,1539,949097,1935300
3514,84,78,49280,1545,949175,1765900
3515,77,78,49203,1544,949253,2071600
3516,82,95,49121,1531,949348,1805800
3517,79,72,49042,1538,949420,1713500
3518,68,63,48974,1543,949483,1744200
3519,74,71,48900,1546,949554,1753500
3520,62,73,48838,1535,949627,1770400
3521,82,67,48756,1550,949694,1692600
3522,69,79,48687,1540,949773,1636000
3523,73,75,48614,1538,949848,1652300
3524,76,77,48538,1537,949925,1634900
3525,69,70,48469,1536,949995,1652100
3526,80,85,48389,1531,950080,1749300
3527,73,85,48316,1519,950165,1718400
3528,65,71,48251,1513,950236,1695400
3529,58,67,48193,1504,950303,1859600
3530,73,83,48120,1494,950386,1959600
3531,58,71,48062,1481,950457,1759600
3532,64,54,47998,1491,950511,1704800
3533,74,84,47924,1481,950595,1653800
3534,72,72,47852,1481,950667,1663700
3535,63,65,47789,1479,950732,1719700
3536,74,70,47715,1483,950802,1641600
3537,79,73,47636,1489,950875,1709900
3538,76,93,47560,1472,950968,1766900
3539,79,66,47481,1485,951034,1636200
3540,76,72,47405,1489,951106,1906600
3541,68,61,47337,1496,951167,1664700
3542,61,68,47276,1489,951235,1745000
3543,88,78,47188,1499,951313,1647500
3544,81,81,47107,1499,951394,1645800
3545,79,84,47028,1494,951478,1775100
3546,64,70,46964,1488,951548,1711200
3547,78,87,46886,1479,951635,1680100
3548,66,76,46820,1469,951711,1730600
3549,80,87,46740,1462,951798,1736500
3550,79,66,46661,1475,951864,1861400
3551,71,79,46590,1467,951943,1675200
3552,70,75,46520,1462,952018,1697800
3553,76,67,46444,1471,952085,1831200
3554,74,66,46370,1479,952151,1693300
3555,61,51,46309,1489,952202,1699700
3556,91,68,46218,1512,952270,1767300
3557,63,79,46155,1496,952349,1741000
3558,68,75,46087,1489,952424,1656200
3559,75,67,46012,1497,952491,1657000
3560,63,76,45949,1484,952567,1753500
3561,87,77,45862,1494,952644,1685500
3562,76,70,45786,1500,952714,1650400
3563,68,56,45718,1512,952770,1769300
3564,58,92,45660,1478,952862,1739300
3565,69,64,45591,1483,952926,1706700
3566,59,74,45532,1468,953000,1971300
3567,74,72,45458,1470,953072,1825900
3568,59,76,45399,1453,953148,1749500
3569,58,98,45341,1413,953246,1818500
3570,58,73,45283,1398,953319,1696900
3571,65,58,45218,1405,953377,1680300
3572,49,63,45169,1391,953440,1756800
3573,74,60,45095,1405,953500,1780300
3574,64,77,45031,1392,953577,1993800
3575,78,75,44953,1395,953652,1939700
3576,67,84,44886,1378,953736,1794900
3577,76,61,44810,1393,953797,1709600
3578,64,69,44746,1388,953866,1762700
3579,70,57,44676,1401,953923,1762700
3580,65,51,44611,1415,953974,1933300
3581,60,67,44551,1408,954041,1703500
3582,68,45,44483,1431,954086,1795200
3583,67,60,44416,1438,954146,1806800
3584,70,67,44346,1441,954213,1734000
3585,70,73,44276,1438,954286,1799400
3586,64,85,44212,1417,954371,1750800
3587,70,69,44142,1418,954440,2099300
3588,68,65,44074,1421,954505,1769300
3589,69,70,44005,1420,954575,1776300
3590,80,54,43925,1446,954629,2099400
3591,74,58,43851,1462,954687,1837500
3592,54,69,43797,1447,954756,2166100
3593,92,79,43705,1460,954835,1837000
3594,64,64,43641,1460,954899,1958200
3595,73,88,43568,1445,954987,1857900
3596,65,76,43503,1434,955063,1879000
3597,72,64,43431,1442,955127,2062300
3598,71,76,43360,1437,955203,2031100
3599,67,67,43293,1437,955270,1915500
3600,60,78,43233,1419,955348,1901600
3601,63,60,43170,1422,955408,2042800
3602,59,59,43111,1422,955467,2081200
3603,65,66,43046,1421,955533,1804100
3604,70,74,42976,1417,955607,2207300
3605,71,67,42905,1421,955674,1789800
3606,65,60,42840,1426,955734,1787700
3607,66,73,42774,1419,955807,1945200
3608,72,72,42702,1419,955879,1886500
3609,70,58,42632,1431,955937,1917500
3610,61,72,42571,1420,956009,1839200
3611,58,76,42513,1402,956085,1863500
3612,63,65,42450,1400,956150,2195000
3613,56,76,42394,1380,956226,1915400
3614,68,68,42326,1380,956294,1830200
3615,79,66,42247,1393,956360,2073500
3616,69,55,42178,1407,956415,1766100
3617,60,74,42118,1393,956489,1864600
3618,66,63,42052,1396,956552,1997800
3619,68,63,41984,1401,956615,1773600
3620,66,62,41918,1405,956677,2057600
3621,70,75,41848,1400,956752,2305600
3622,66,65,41782,1401,956817,1804500
3623,72,76,41710,1397,956893,2014800
3624,61,75,41649,1383,956968,1818400
3625,71,66,41578,1388,957034,1822700
3626,72,46,41506,1414,957080,2056500
3627,70,57,41436,1427,957137,1839300
3628,75,66,41361,1436,957203,2088200
3629,83,76,41278,1443,957279,1945000
3630,70,62,41208,1451,957341,1930900
3631,73,88,41135,1436,957429,1793100
3632,74,75,41061,1435,957504,2064800
3633,72,50,40989,1457,957554,1862900
3634,72,67,40917,1462,957621,1813300
3635,68,66,40849,1464,957687,2045700
3636,80,87,40769,1457,957774,1849100
3637,59,73,40710,1443,957847,2029900
3638,59,72,40651,1430,957919,1963900
3639,61,73,40590,1418,957992,1850800
3640,63,80,40527,1401,958072,1882000
3641,69,71,40458,1399,958143,1797700
3642,57,72,40401,1384,958215,2026200
3643,69,64,40332,1389,958279,1908400
3644,76,66,40256,1399,958345,1813000
3645,77,90,40179,1386,958435,1804400
3646,75,85,40104,1376,958520,1703800
3647,58,73,40046,1361,958593,1798700
3648,64,57,39982,1368,958650,1756100
3649,58,68,39924,1358,958718,1758400
3650,65,64,39859,1359,958782,1773800
3651,53,69,39806,1343,958851,1728700
3652,60,67,39746,1336,958918,1770100
3653,57,67,39689,1326,958985,1782000
3654,75,74,39614,1327,959059,1758200
3655,52,65,39562,1314,959124,1772300
3656,69,64,39493,1319,959188,1826000
3657,47,68,39446,1298,959256,1768700
3658,61,68,39385,1291,959324,1782500
3659,65,80,39320,1276,959404,1777600
3660,63,62,39257,1277,959466,1747200
3661,57,50,39200,1284,959516,1777000
3662,67,49,39133,1302,959565,1771900
3663,70,66,39063,1306,959631,1754300
3664,55,70,39008,1291,959701,1741900
3665,69,69,38939,1291,959770,1759500
3666,67,78,38872,1280,959848,1757400
3667,75,65,38797,1290,959913,1732100
3668,73,64,38724,1299,959977,1778500
3669,62,65,38662,1296,960042,1817100
3670,73,56,38589,1313,960098,1808900
3671,63,64,38526,1312,960162,1752000
3672,63,50,38463,1325,960212,1771000
3673,50,66,38413,1309,960278,1762800
3674,53,69,38360,1293,960347,1704300
3675,63,85,38297,1271,960432,1769800
3676,43,73,38254,1241,960505,1782000
3677,55,69,38199,1227,960574,1795600
3678,46,56,38153,1217,960630,1794800
3679,62,55,38091,1224,960685,1795700
3680,60,62,38031,1222,960747,1760400
3681,52,54,37979,1220,960801,1729500
3682,58,64,37921,1214,960865,1766700
3683,61,58,37860,1217,960923,1780500
3684,46,62,37814,1201,960985,1793800
3685,44,63,37770,1182,961048,1748300
3686,55,57,37715,1180,961105,1780500
3687,61,50,37654,1191,961155,1808900
3688,55,65,37599,1181,961220,1910400
3689,57,54,37542,1184,961274,1901200
3690,71,58,37471,1197,961332,1745700
3691,61,61,37410,1197,961393,1783900
3692,58,70,37352,1185,961463,1795100
3693,68,61,37284,1192,961524,1955600
3694,53,60,37231,1185,961584,1936900
3695,71,48,37160,1208,961632,1845400
3696,63,61,37097,1210,961693,1803500
3697,54,52,37043,1212,961745,1995300
3698,43,64,37000,1191,961809,2189100
3699,53,49,36947,1195,961858,1812400
3700,65,49,36882,1211,961907,1844100
3701,49,66,36833,1194,961973,2101100
3702,56,65,36777,1185,962038,1841900
3703,59,52,36718,1192,962090,1842600
3704,54,52,36664,1194,962142,1927700
3705,54,49,36610,1199,962191,1744700
3706,60,60,36550,1199,962251,1784800
3707,55,68,36495,1186,962319,1781400
3708,46,54,36449,1178,962373,1790200
3709,58,63,36391,1173,962436,1800300
3710,47,54,36344,1166,962490,1774000
3711,45,49,36299,1162,962539,1769100
3712,48,51,36251,1159,962590,1727400
3713,61,54,36190,1166,962644,1810700
3714,44,71,36146,1139,962715,1804100
3715,49,54,36097,1134,962769,1910600
3716,58,69,36039,1123,962838,1807200
3717,60,52,35979,1131,962890,1782300
3718,52,61,35927,1122,962951,2017400
3719,69,53,35858,1138,963004,1922900
3720,48,47,35810,1139,963051,1853100
3721,56,68,35754,1127,963119,1764500
3722,51,49,35703,1129,963168,2049400
3723,51,54,35652,1126,963222,1789900
3724,52,50,35600,1128,963272,1816800
3725,48,58,35552,1118,963330,1773000
3726,41,62,35511,1097,963392,1953400
3727,48,52,35463,1093,963444,2109000
3728,40,55,35423,1078,963499,1961300
3729,52,56,35371,1074,963555,2021900
3730,47,51,35324,1070,963606,2348800
3731,61,46,35263,1085,963652,2101700
3732,46,41,35217,1090,963693,1947100
3733,62,52,35155,1100,963745,2001700
3734,45,51,35110,1094,963796,1979000
3735,48,52,35062,1090,963848,1952700
3736,58,43,35004,1105,963891,2162500
3737,70,59,34934,1116,963950,1985300
3738,55,66,34879,1105,964016,2074500
3739,64,61,34815,1108,964077,2042700
3740,52,54,34763,1106,964131,1841200
3741,60,44,34703,1122,964175,1985200
3742,62,45,34641,1139,964220,1879500
3743,64,63,34577,1140,964283,1868000
3744,60,63,34517,1137,964346,2121100
3745,58,57,34459,1138,964403,2055000
3746,73,57,34386,1154,964460,1911800
3747,69,53,34317,1170,964513,1851600
3748,63,50,34254,1183,964563,1795900
3749,63,59,34191,1187,964622,1925300
3750,63,61,34128,1189,964683,2034500
3751,54,73,34074,1170,964756,1831300
3752,49,65,34025,1154,964821,1996100
3753,59,51,33966,1162,964872,2053300
3754,68,60,33898,1170,964932,1881200
3755,57,57,33841,1170,964989,1813600
3756,50,55,33791,1165,965044,1981500
3757,53,50,33738,1168,965094,1863600
3758,58,61,33680,1165,965155,1986900
3759,53,69,33627,1149,965224,2156100
3760,56,54,33571,1151,965278,1871500
3761,62,50,33509,1163,965328,1870500
3762,60,59,33449,1164,965387,1908000
3763,55,68,33394,1151,965455,2141700
3764,64,46,33330,1169,965501,1824000
3765,53,55,33277,1167,965556,1995900
3766,63,52,33214,1178,965608,2069800
3767,52,39,33162,1191,965647,1941600
3768,52,53,33110,1190,965700,1981800
3769,59,63,33051,1186,965763,1852300
3770,59,67,32992,1178,965830,1868100
3771,41,66,32951,1153,965896,1862000
3772,67,54,32884,1166,965950,1879900
3773,64,63,32820,1167,966013,1833700
3774,65,65,32755,1167,966078,1812300
3775,60,61,32695,1166,966139,1846800
3776,66,45,32629,1187,966184,1803000
3777,51,71,32578,1167,966255,1840800
3778,43,46,32535,1164,966301,1810500
3779,58,41,32477,1181,966342,1799400
3780,54,65,32423,1170,966407,1947700
3781,48,56,32375,1162,966463,1898600
3782,47,54,32328,1155,966517,1824400
3783,38,58,32290,1135,966575,2061200
3784,41,65,32249,1111,966640,1786000
3785,56,52,32193,1115,966692,1768700
3786,37,52,32156,1100,966744,1809600
3787,54,68,32102,1086,966812,1863300
3788,62,56,32040,1092,966868,2017100
3789,56,54,31984,1094,966922,1836800
3790,60,51,31924,1103,966973,1836100
3791,61,49,31863,1115,967022,2196200
3792,63,66,31800,1112,967088,2003600
3793,50,58,31750,1104,967146,1904200
3794,53,62,31697,1095,967208,2043500
3795,51,46,31646,1100,967254,1813700
3796,49,51,31597,1098,967305,1847800
3797,56,51,31541,1103,967356,2119500
3798,49,59,31492,1093,967415,2068000
3799,51,48,31441,1096,967463,2214000
3800,44,56,31397,1084,967519,1998400
3801,40,54,31357,1070,967573,2041800
3802,46,63,31311,1053,967636,2105300
3803,51,41,31260,1063,967677,2207900
3804,39,55,31221,1047,967732,2294000
3805,55,40,31166,1062,967772,2373300
3806,42,60,31124,1044,967832,2254400
3807,58,51,31066,1051,967883,1957100
3808,60,50,31006,1061,967933,1930400
3809,49,47,30957,1063,967980,2001600
3810,53,55,30904,1061,968035,1914500
3811,57,49,30847,1069,968084,2118300
3812,50,48,30797,1071,968132,2103800
3813,50,49,30747,1072,968181,1948400
3814,46,55,30701,1063,968236,1964300
3815,59,44,30642,1078,968280,2168100
3816,42,46,30600,1074,968326,2001200
3817,41,64,30559,1051,968390,2299300
3818,57,57,30502,1051,968447,2045000
3819,47,50,30455,1048,968497,2044000
3820,41,49,30414,1040,968546,2092000
3821,46,45,30368,1041,968591,2116700
3822,61,59,30307,1043,968650,2297900
3823,59,60,30248,1042,968710,2253400
3824,50,49,30198,1043,968759,2346900
3825,53,50,30145,1046,968809,2260200
3826,53,49,30092,1050,968858,2206600
3827,52,60,30040,1042,968918,2108800
3828,46,56,29994,1032,968974,2130300
3829,42,56,29952,1018,969030,2315900
3830,51,49,29901,1020,969079,2284700
3831,53,50,29848,1023,969129,2089700
3832,53,53,29795,1023,969182,2043600
3833,52,53,29743,1022,969235,2043800
3834,48,50,29695,1020,969285,4614800
3835,45,45,29650,1020,969330,2430800
3836,57,49,29593,1028,969379,2257600
3837,41,44,29552,1025,969423,2049700
3838,55,50,29497,1030,969473,12893300
3839,39,69,29458,1000,969542,3685600
3840,48,56,29410,992,969598,2885100
3841,54,54,29356,992,969652,2573300
3842,47,52,29309,987,969704,2886200
3843,43,54,29266,976,969758,2398000
3844,53,45,29213,984,969803,2541800
3845,52,49,29161,987,969852,2176200
3846,58,50,29103,995,969902,2558600
3847,45,47,29058,993,969949,2554500
3848,44,54,29014,983,970003,2268300
3849,48,59,28966,972,970062,2214500
3850,46,51,28920,967,970113,2061600
3851,34,59,28886,942,970172,1948300
3852,50,44,28836,948,970216,2080600
3853,46,49,28790,945,970265,1961100
3854,39,65,28751,919,970330,1872000
3855,42,39,28709,922,970369,2163000
3856,49,39,28660,932,970408,1996400
3857,47,50,28613,929,970458,2140700
3858,50,36,28563,943,970494,1980400
3859,46,53,28517,936,970547,1978000
3860,37,51,28480,922,970598,2003300
3861,35,43,28445,914,970641,1934600
3862,50,36,28395,928,970677,2108200
3863,40,50,28355,918,970727,2169900
3864,52,40,28303,930,970767,1960900
3865,45,43,28258,932,970810,1960900
3866,38,53,28220,917,970863,2106700
3867,54,39,28166,932,970902,2381400
3868,44,49,28122,927,970951,1995200
3869,33,42,28089,918,970993,1959600
3870,45,47,28044,916,971040,2450000
3871,45,34,27999,927,971074,1915400
3872,57,42,27942,942,971116,2155100
3873,42,48,27900,936,971164,2438100
3874,43,60,27857,919,971224,2011000
3875,37,51,27820,905,971275,2035600
3876,42,41,27778,906,971316,2351300
3877,59,47,27719,918,971363,2036100
3878,44,51,27675,911,971414,2072000
3879,39,50,27636,900,971464,2113700
3880,33,34,27603,899,971498,1950200
3881,42,48,27561,893,971546,2127000
3882,35,38,27526,890,971584,2225300
3883,46,55,27480,881,971639,2043200
3884,56,50,27424,887,971689,2032000
3885,46,37,27378,896,971726,2010200
3886,36,49,27342,883,971775,1935500
3887,46,46,27296,883,971821,2164700
3888,52,50,27244,885,971871,1907800
3889,48,44,27196,889,971915,1927800
3890,53,52,27143,890,971967,1900100
3891,39,47,27104,882,972014,2028000
3892,42,38,27062,886,972052,2073800
3893,39,41,27023,884,972093,1953100
3894,35,45,26988,874,972138,1944900
3895,51,40,26937,885,972178,1925000
3896,33,48,26904,870,972226,1992700
3897,55,38,26849,887,972264,1978400
3898,38,39,26811,886,972303,1963400
3899,53,48,26758,891,972351,2074100
3900,53,30,26705,914,972381,2061400
3901,39,50,26666,903,972431,2195100
3902,48,45,26618,906,972476,1965300
3903,40,40,26578,906,972516,1859200
3904,60,48,26518,918,972564,2197600
3905,44,46,26474,916,972610,1960800
3906,48,50,26426,914,972660,1901400
3907,47,52,26379,909,972712,2059900
3908,53,39,26326,923,972751,1897700
3909,57,52,26269,928,972803,2414900
3910,44,34,26225,938,972837,2047600
3911,53,48,26172,943,972885,1961100
3912,50,38,26122,955,972923,1946700
3913,50,44,26072,961,972967,1983800
3914,35,55,26037,941,973022,2060900
3915,44,41,25993,944,973063,1872200
3916,40,51,25953,933,973114,1934600
3917,48,45,25905,936,973159,1922400
3918,45,46,25860,935,973205,1884500
3919,49,54,25811,930,973259,1889400
3920,38,55,25773,913,973314,1895300
3921,42,40,25731,915,973354,2042000
3922,41,54,25690,902,973408,1885700
3923,23,50,25667,875,973458,2295100
3924,36,44,25631,867,973502,2008600
3925,34,45,25597,856,973547,2209500
3926,41,51,25556,846,973598,2002900
3927,27,49,25529,824,973647,1961500
3928,35,45,25494,814,973692,2117100
3929,43,42,25451,815,973734,2166700
3930,29,38,25422,806,973772,2033900
3931,33,43,25389,796,973815,2190700
3932,33,44,25356,785,973859,1856100
3933,34,44,25322,775,973903,2027100
3934,39,40,25283,774,973943,1901600
3935,32,41,25251,765,973984,2101700
3936,32,33,25219,764,974017,2118100
3937,34,30,25185,768,974047,1918100
3938,30,39,25155,759,974086,1774600
3939,45,39,25110,765,974125,1855700
3940,41,39,25069,767,974164,2013700
3941,33,46,25036,754,974210,2014600
3942,38,39,24998,753,974249,1839600
3943,30,37,24968,746,974286,1865700
3944,39,30,24929,755,974316,1922000
3945,27,28,24902,754,974344,1936400
3946,45,39,24857,760,974383,2033100
3947,31,34,24826,757,974417,1958400
3948,30,39,24796,748,974456,2064000
3949,34,38,24762,744,974494,1867400
3950,35,43,24727,736,974537,1813000
3951,37,44,24690,729,974581,1872300
3952,32,31,24658,730,974612,1696500
3953,32,30,24626,732,974642,2013600
3954,30,40,24596,722,974682,1980400
3955,38,36,24558,724,974718,1789300
3956,29,43,24529,710,974761,1758100
3957,34,25,24495,719,974786,1828700
3958,36,38,24459,717,974824,2079100
3959,39,35,24420,721,974859,1787900
3960,27,30,24393,718,974889,1662700
3961,39,41,24354,716,974930,1802300
3962,40,29,24314,727,974959,1779700
3963,29,31,24285,725,974990,1680000
3964,30,44,24255,711,975034,1730200
3965,41,36,24214,716,975070,1782500
3966,36,28,24178,724,975098,1699600
3967,36,39,24142,721,975137,1771300
3968,25,30,24117,716,975167,1731800
3969,38,33,24079,721,975200,1792000
3970,31,36,24048,716,975236,1794400
3971,36,25,24012,727,975261,1808300
3972,52,33,23960,746,975294,1749100
3973,33,42,23927,737,975336,1762900
3974,44,37,23883,744,975373,2150400
3975,33,40,23850,737,975413,1960900
3976,42,28,23808,751,975441,1795700
3977,44,29,23764,766,975470,1775500
3978,30,42,23734,754,975512,1758600
3979,42,40,23692,756,975552,1913900
3980,41,33,23651,764,975585,1787500
3981,39,37,23612,766,975622,2060200
3982,41,35,23571,772,975657,1894100
3983,35,38,23536,769,975695,1837700
3984,43,34,23493,778,975729,1805900
3985,45,37,23448,786,975766,1811300
3986,47,44,23401,789,975810,1778700
3987,40,38,23361,791,975848,1751600
3988,43,33,23318,801,975881,1894900
3989,41,38,23277,804,975919,1972100
3990,46,38,23231,812,975957,2251600
3991,35,44,23196,803,976001,2010700
3992,33,44,23163,792,976045,1894500
3993,32,35,23131,789,976080,1943100
3994,31,46,23100,774,976126,1912900
3995,34,30,23066,778,976156,1871700
3996,29,37,23037,770,976193,2151700
3997,46,39,22991,777,976232,1925100
3998,37,33,22954,781,976265,2124200
3999,35,39,22919,777,976304,2049800
4000,42,49,22877,770,976353,1978400
4001,30,38,22847,762,976391,1931300
4002,33,30,22814,765,976421,2008100
4003,34,40,22780,759,976461,1934600
4004,32,41,22748,750,976502,1964700
4005,35,44,22713,741,976546,2070600
4006,33,35,22680,739,976581,1979800
4007,35,38,22645,736,976619,2005700
4008,34,42,22611,728,976661,2005200
4009,26,41,22585,713,976702,1927900
4010,25,30,22560,708,976732,1931800
4011,32,43,22528,697,976775,2045900
4012,34,45,22494,686,976820,2097900
4013,27,34,22467,679,976854,2193100
4014,28,31,22439,676,976885,1929100
4015,28,38,22411,666,976923,2143400
4016,28,40,22383,654,976963,1975700
4017,27,38,22356,643,977001,1931300
4018,27,30,22329,640,977031,1949200
4019,28,39,22301,629,977070,1922500
4020,33,27,22268,635,977097,2362300
4021,32,37,22236,630,977134,2121800
4022,26,27,22210,629,977161,1964400
4023,31,31,22179,629,977192,1913300
4024,24,29,22155,624,977221,2051700
4025,25,31,22130,618,977252,2115400
4026,16,34,22114,600,977286,2080800
4027,30,35,22084,595,977321,2075100
4028,31,32,22053,594,977353,2151800
4029,30,42,22023,582,977395,1974200
4030,24,33,21999,573,977428,1936600
4031,26,35,21973,564,977463,2067100
4032,30,27,21943,567,977490,2138900
4033,24,31,21919,560,977521,1817700
4034,24,35,21895,549,977556,1960300
4035,24,43,21871,530,977599,1884500
4036,29,25,21842,534,977624,1899000
4037,29,24,21813,539,977648,1800800
4038,35,24,21778,550,977672,1771100
4039,25,27,21753,548,977699,1848700
4040,30,23,21723,555,977722,1806100
4041,23,23,21700,555,977745,1829200
4042,20,24,21680,551,977769,1794700
4043,33,31,21647,553,977800,1784200
4044,26,23,21621,556,977823,1788000
4045,26,25,21595,557,977848,1739800
4046,22,27,21573,552,977875,1759900
4047,27,23,21546,556,977898,1757400
4048,26,30,21520,552,977928,2073300
4049,28,30,21492,550,977958,1834800
4050,26,31,21466,545,977989,2007100
4051,23,22,21443,546,978011,1779800
4052,16,27,21427,535,978038,1769300
4053,23,23,21404,535,978061,1817300
4054,28,29,21376,534,978090,1689400
4055,21,27,21355,528,978117,1764900
4056,28,23,21327,533,978140,1765600
4057,22,34,21305,521,978174,1778300
4058,36,32,21269,525,978206,1783500
4059,18,31,21251,512,978237,1804500
4060,21,23,21230,510,978260,1764300
4061,22,22,21208,510,978282,1782200
4062,32,23,21176,519,978305,1798700
4063,23,28,21153,514,978333,1753100
4064,23,27,21130,510,978360,1766200
4065,22,22,21108,510,978382,1749300
4066,25,31,21083,504,978413,1796300
4067,20,20,21063,504,978433,1705700
4068,19,25,21044,498,978458,1673700
4069,24,25,21020,497,978483,1751200
4070,29,30,20991,496,978513,1735200
4071,25,20,20966,501,978533,1729700
4072,23,36,20943,488,978569,1729100
4073,20,29,20923,479,978598,1779200
4074,28,23,20895,484,978621,1776700
4075,31,23,20864,492,978644,1694300
4076,33,20,20831,505,978664,1789400
4077,23,21,20808,507,978685,1780500
4078,27,27,20781,507,978712,1701500
4079,31,21,20750,517,978733,1890900
4080,31,21,20719,527,978754,1725500
4081,26,28,20693,525,978782,1674200
4082,20,40,20673,505,978822,1729000
4083,23,19,20650,509,978841,1792600
4084,24,15,20626,518,978856,1920000
4085,23,31,20603,510,978887,1915700
4086,18,23,20585,505,978910,1816900
4087,26,36,20559,495,978946,1781600
4088,34,16,20525,513,978962,2048100
4089,27,24,20498,516,978986,1736000
4090,27,18,20471,525,979004,1802100
4091,28,29,20443,524,979033,1782700
4092,35,21,20408,538,979054,1757000
4093,29,20,20379,547,979074,1727800
4094,34,22,20345,559,979096,2038400
4095,30,24,20315,565,979120,1796500
4096,36,25,20279,576,979145,2019700
4097,31,28,20248,579,979173,1897100
4098,26,34,20222,571,979207,1848900
4099,24,27,20198,568,979234,2005100
4100,26,25,20172,569,979259,1895900
4101,31,20,20141,580,979279,1749900
4102,29,35,20112,574,979314,1777700
4103,35,28,20077,581,979342,1790400
4104,33,38,20044,576,979380,1665900
4105,26,32,20018,570,979412,2010600
4106,27,27,19991,570,979439,2037300
4107,21,26,19970,565,979465,1827700
4108,31,15,19939,581,979480,1795200
4109,30,30,19909,581,979510,1985900
4110,27,25,19882,583,979535,1819500
4111,35,23,19847,595,979558,1926500
4112,26,25,19821,596,979583,1755100
4113,22,25,19799,593,979608,1881700
4114,23,33,19776,583,979641,1959400
4115,29,22,19747,590,979663,1800500
4116,25,33,19722,582,979696,1846600
4117,27,25,19695,584,979721,1796900
4118,19,36,19676,567,979757,1731700
4119,36,25,19640,578,979782,2082200
4120,22,27,19618,573,979809,1946300
4121,16,32,19602,557,979841,1768700
4122,26,29,19576,554,979870,1890100
4123,22,25,19554,551,979895,1828200
4124,23,22,19531,552,979917,2137000
4125,11,22,19520,541,979939,1779500
4126,29,20,19491,550,979959,1842300
4127,15,24,19476,541,979983,1848900
4128,25,30,19451,536,980013,1867300
4129,32,26,19419,542,980039,1872100
4130,28,32,19391,538,980071,1808700
4131,21,22,19370,537,980093,1898300
4132,31,26,19339,542,980119,1999600
4133,33,25,19306,550,980144,1814000
4134,27,28,19279,549,980172,1943400
4135,21,36,19258,534,980208,1972200
4136,18,31,19240,521,980239,1831700
4137,21,28,19219,514,980267,1778300
4138,23,31,19196,506,980298,1691300
4139,21,25,19175,502,980323,1810200
4140,17,31,19158,488,980354,1715100
4141,17,27,19141,478,980381,1793600
4142,14,24,19127,468,980405,1676100
4143,18,13,19109,473,980418,1772400
4144,20,24,19089,469,980442,2043300
4145,18,26,19071,461,980468,1795900
4146,16,23,19055,454,980491,2060000
4147,11,26,19044,439,980517,2002200
4148,14,22,19030,431,980539,1803100
4149,18,21,19012,428,980560,1962000
4150,21,18,18991,431,980578,1868800
4151,26,26,18965,431,980604,1862300
4152,17,19,18948,429,980623,2052200
4153,15,20,18933,424,980643,1773400
4154,13,19,18920,418,980662,1838700
4155,12,17,18908,413,980679,2056100
4156,17,20,18891,410,980699,1775700
4157,20,28,18871,402,980727,1743600
4158,21,21,18850,402,980748,1816100
4159,19,10,18831,411,980758,1747600
4160,24,18,18807,417,980776,1728900
4161,23,24,18784,416,980800,1776700
4162,19,25,18765,410,980825,2060800
4163,25,27,18740,408,980852,2049500
4164,22,24,18718,406,980876,1785700
4165,17,24,18701,399,980900,1778600
4166,14,23,18687,390,980923,1767800
4167,17,26,18670,381,980949,2061900
4168,15,11,18655,385,980960,1927300
4169,22,21,18633,386,980981,1886700
4170,25,12,18608,399,980993,2068000
4171,22,23,18586,398,981016,1823200
4172,18,25,18568,391,981041,1803500
4173,14,16,18554,389,981057,1904000
4174,15,21,18539,383,981078,1726600
4175,22,15,18517,390,981093,1942300
4176,25,12,18492,403,981105,1921300
4177,17,15,18475,405,981120,1799100
4178,18,21,18457,402,981141,1778200
4179,18,17,18439,403,981158,1736300
4180,13,23,18426,393,981181,1786700
4181,21,20,18405,394,981201,1908200
4182,13,15,18392,392,981216,1946900
4183,14,23,18378,383,981239,2040000
4184,15,24,18363,374,981263,1957100
4185,19,15,18344,378,981278,2028100
4186,21,14,18323,385,981292,1845600
4187,17,21,18306,381,981313,1905500
4188,12,20,18294,373,981333,1753700
4189,17,17,18277,373,981350,1767500
4190,16,8,18261,381,981358,1795800
4191,15,19,18246,377,981377,1786700
4192,16,22,18230,371,981399,1747900
4193,13,19,18217,365,981418,1953200
4194,17,18,18200,364,981436,2020700
4195,17,16,18183,365,981452,1824000
4196,10,25,18173,350,981477,1923700
4197,20,15,18153,355,981492,1843500
4198,15,19,18138,351,981511,1784300
4199,22,9,18116,364,981520,1774400
4200,22,20,18094,366,981540,1776100
4201,22,19,18072,369,981559,1789400
4202,11,24,18061,356,981583,1873900
4203,13,23,18048,346,981606,1739300
4204,20,18,18028,348,981624,1772400
4205,14,16,18014,346,981640,1761600
4206,19,16,17995,349,981656,1895700
4207,20,21,17975,348,981677,1760000
4208,21,25,17954,344,981702,1689100
4209,14,15,17940,343,981717,1758900
4210,16,16,17924,343,981733,1819500
4211,15,16,17909,342,981749,1718300
4212,17,15,17892,344,981764,1760700
4213,11,25,17881,330,981789,1694500
4214,16,19,17865,327,981808,1771000
4215,12,17,17853,322,981825,1790700
4216,17,17,17836,322,981842,1780300
4217,14,12,17822,324,981854,1768000
4218,16,13,17806,327,981867,1779200
4219,20,15,17786,332,981882,1738100
4220,6,19,17780,319,981901,2042000
4221,17,12,17763,324,981913,1888300
4222,23,23,17740,324,981936,1855800
4223,17,13,17723,328,981949,1759800
4224,13,18,17710,323,981967,1815800
4225,10,16,17700,317,981983,2094300
4226,12,13,17688,316,981996,2228400
4227,19,19,17669,316,982015,2011100
4228,19,12,17650,323,982027,2160300
4229,15,14,17635,324,982041,2030200
4230,17,15,17618,326,982056,1911900
4231,11,14,17607,323,982070,1810100
4232,19,11,17588,331,982081,1761500
4233,15,24,17573,322,982105,1761900
4234,13,23,17560,312,982128,1763000
4235,14,12,17546,314,982140,1774900
4236,16,11,17530,319,982151,1767800
4237,11,20,17519,310,982171,1739100
4238,17,13,17502,314,982184,1998800
4239,13,13,17489,314,982197,1939300
4240,15,12,17474,317,982209,1792600
4241,11,13,17463,315,982222,1693500
4242,16,9,17447,322,982231,1769400
4243,18,13,17429,327,982244,1774600
4244,17,16,17412,328,982260,2056800
4245,18,20,17394,326,982280,1959700
4246,24,20,17370,330,982300,1931100
4247,16,15,17354,331,982315,1831600
4248,17,16,17337,332,982331,1941300
4249,16,17,17321,331,982348,1746800
4250,19,17,17302,333,982365,1728100
4251,14,15,17288,332,982380,1757900
4252,10,16,17278,326,982396,1780600
4253,13,13,17265,326,982409,1781500
4254,13,19,17252,320,982428,1867400
4255,14,16,17238,318,982444,2057400
4256,13,20,17225,311,982464,2114200
4257,16,23,17209,304,982487,1879100
4258,12,14,17197,302,982501,1712300
4259,14,16,17183,300,982517,1793800
4260,15,15,17168,300,982532,1788600
4261,20,17,17148,303,982549,1737600
4262,14,16,17134,301,982565,1684600
4263,11,18,17123,294,982583,1686700
4264,17,12,17106,299,982595,1757900
4265,12,12,17094,299,982607,1763100
4266,14,11,17080,302,982618,1704200
4267,12,15,17068,299,982633,1753000
4268,18,14,17050,303,982647,1892700
4269,9,23,17041,289,982670,1733500
4270,9,18,17032,280,982688,1667000
4271,10,16,17022,274,982704,1765200
4272,16,16,17006,274,982720,1779600
4273,14,20,16992,268,982740,1759500
4274,11,12,16981,267,982752,1782000
4275,12,8,16969,271,982760,1793400
4276,16,20,16953,267,982780,1740000
4277,12,16,16941,263,982796,1775700
4278,16,12,16925,267,982808,1825000
4279,7,13,16918,261,982821,1788400
4280,15,15,16903,261,982836,1736500
4281,12,12,16891,261,982848,1745000
4282,7,19,16884,249,982867,1777000
4283,9,13,16875,245,982880,1715100
4284,12,9,16863,248,982889,1775900
4285,10,12,16853,246,982901,1745700
4286,7,15,16846,238,982916,1763600
4287,6,7,16840,237,982923,1661700
4288,6,14,16834,229,982937,1791000
4289,11,13,16823,227,982950,1776400
4290,9,10,16814,226,982960,1710800
4291,9,9,16805,226,982969,1783700
4292,7,13,16798,220,982982,1799000
4293,11,13,16787,218,982995,1763400
4294,13,20,16774,211,983015,1719100
4295,10,8,16764,213,983023,1905500
4296,8,7,16756,214,983030,1911300
4297,6,14,16750,206,983044,1853200
4298,10,11,16740,205,983055,1709500
4299,10,10,16730,205,983065,1737500
4300,6,6,16724,205,983071,1765700
4301,6,9,16718,202,983080,1921700
4302,13,12,16705,203,983092,2026200
4303,15,8,16690,210,983100,1718300
4304,9,13,16681,206,983113,1876500
4305,9,14,16672,201,983127,1799000
4306,12,3,16660,210,983130,1743200
4307,5,9,16655,206,983139,1758600
4308,8,13,16647,201,983152,1807600
4309,8,9,16639,200,983161,1703700
4310,8,9,16631,199,983170,1763400
4311,6,13,16625,192,983183,1931300
4312,5,8,16620,189,983191,1959300
4313,9,10,16611,188,983201,1786300
4314,9,12,16602,185,983213,1763100
4315,3,5,16599,183,983218,1795000
4316,6,4,16593,185,983222,1787200
4317,10,11,16583,184,983233,1798700
4318,8,5,16575,187,983238,2313800
4319,10,10,16565,187,983248,5822300
4320,8,7,16557,188,983255,2605900
4321,7,10,16550,185,983265,2692200
4322,6,13,16544,178,983278,2597100
4323,16,6,16528,188,983284,2579400
4324,10,11,16518,187,983295,2167000
4325,10,16,16508,181,983311,2158500
4326,11,11,16497,181,983322,1934400
4327,13,10,16484,184,983332,1947600
4328,13,5,16471,192,983337,2141300
4329,9,7,16462,194,983344,2188400
4330,11,8,16451,197,983352,2017700
4331,18,12,16433,203,983364,2131900
4332,7,9,16426,201,983373,1830800
4333,13,8,16413,206,983381,1962800
4334,6,12,16407,200,983393,2212600
4335,12,14,16395,198,983407,2146300
4336,9,12,16386,195,983419,2372600
4337,5,12,16381,188,983431,2223800
4338,8,5,16373,191,983436,2040800
4339,12,7,16361,196,983443,1911400
4340,9,10,16352,195,983453,1912200
4341,13,9,16339,199,983462,2084600
4342,5,8,16334,196,983470,1947800
4343,12,18,16322,190,983488,1877400
4344,7,9,16315,188,983497,2096400
4345,8,9,16307,187,983506,2018400
4346,9,6,16298,190,983512,1768500
4347,14,10,16284,194,983522,1743600
4348,11,15,16273,190,983537,1787300
4349,18,9,16255,199,983546,1878300
4350,9,8,16246,200,983554,1892700
4351,13,9,16233,204,983563,1899400
4352,11,9,16222,206,983572,2169800
4353,12,11,16210,207,983583,1916500
4354,11,13,16199,205,983596,1841300
4355,6,12,16193,199,983608,1901700
4356,7,12,16186,194,983620,2943400
4357,10,3,16176,201,983623,6863700
4358,8,10,16168,199,983633,2538100
4359,11,12,16157,198,983645,2793700
4360,9,10,16148,197,983655,2145500
4361,11,9,16137,199,983664,2138400
4362,10,7,16127,202,983671,1969200
4363,9,14,16118,197,983685,1995200
4364,9,11,16109,195,983696,1871100
4365,12,11,16097,196,983707,1884000
4366,9,14,16088,191,983721,1918700
4367,8,12,16080,187,983733,2145600
4368,6,15,16074,178,983748,2114300
4369,2,9,16072,171,983757,2089200
4370,6,8,16066,169,983765,1960300
4371,5,6,16061,168,983771,1801800
4372,13,10,16048,171,983781,1989100
4373,4,7,16044,168,983788,1872600
4374,4,10,16040,162,983798,1965000
4375,7,8,16033,161,983806,1947000
4376,3,11,16030,153,983817,2072700
4377,5,7,16025,151,983824,1824300
4378,2,7,16023,146,983831,1929800
4379,7,8,16016,145,983839,2085100
4380,10,8,16006,147,983847,1891900
4381,10,10,15996,147,983857,1933300
4382,8,4,15988,151,983861,1945900
4383,4,5,15984,150,983866,1978600
4384,3,9,15981,144,983875,1894000
4385,4,4,15977,144,983879,1835100
4386,9,3,15968,150,983882,1847500
4387,8,6,15960,152,983888,1989000
4388,5,12,15955,145,983900,1774500
4389,9,8,15946,146,983908,1845300
4390,4,8,15942,142,983916,1830400
4391,7,8,15935,141,983924,1904900
4392,5,7,15930,139,983931,2180000
4393,5,9,15925,135,983940,2858100
4394,3,2,15922,136,983942,7676700
4395,2,7,15920,131,983949,2367700
4396,8,7,15912,132,983956,2351900
4397,6,13,15906,125,983969,2131800
4398,5,9,15901,121,983978,2075300
4399,3,9,15898,115,983987,2247900
4400,3,6,15895,112,983993,2066500
4401,6,4,15889,114,983997,2153900
4402,6,5,15883,115,984002,1977200
4403,5,6,15878,114,984008,2356100
4404,4,8,15874,110,984016,2065600
4405,6,6,15868,110,984022,2059100
4406,3,5,15865,108,984027,1881100
4407,5,6,15860,107,984033,1778900
4408,2,5,15858,104,984038,2015400
4409,6,3,15852,107,984041,1940300
4410,4,10,15848,101,984051,1781600
4411,4,1,15844,104,984052,1663800
4412,5,10,15839,99,984062,1853000
4413,3,5,15836,97,984067,2078100
4414,8,3,15828,102,984070,2016100
4415,5,3,15823,104,984073,1863500
4416,4,3,15819,105,984076,1880900
4417,4,2,15815,107,984078,1799600
4418,4,6,15811,105,984084,1864200
4419,4,7,15807,102,984091,1739400
4420,6,3,15801,105,984094,1725400
4421,6,3,15795,108,984097,1797200
4422,7,3,15788,112,984100,1759200
4423,8,2,15780,118,984102,1876200
4424,4,0,15776,122,984102,1966200
4425,3,4,15773,121,984106,1937300
4426,4,12,15769,113,984118,1797100
4427,4,4,15765,113,984122,1782700
4428,4,3,15761,114,984125,1727600
4429,5,6,15756,113,984131,2080000
4430,0,3,15756,110,984134,1729400
4431,1,7,15755,104,984141,1975600
4432,3,7,15752,100,984148,1708800
4433,4,5,15748,99,984153,1772300
4434,5,4,15743,100,984157,1795700
4435,3,2,15740,101,984159,1810600
4436,2,3,15738,100,984162,2009200
4437,3,4,15735,99,984166,1991300
4438,6,6,15729,99,984172,1812600
4439,3,2,15726,100,984174,1866000
4440,1,7,15725,94,984181,2030400
4441,2,5,15723,91,984186,2013600
4442,0,5,15723,86,984191,1801400
4443,0,3,15723,83,984194,1914600
4444,4,2,15719,85,984196,2208800
4445,4,3,15715,86,984199,1900800
4446,2,4,15713,84,984203,2064000
4447,0,4,15713,80,984207,2047000
4448,4,2,15709,82,984209,1787200
4449,4,5,15705,81,984214,1917200
4450,3,3,15702,81,984217,2021700
4451,1,5,15701,77,984222,1851500
4452,1,5,15700,73,984227,1816100
4453,1,4,15699,70,984231,1976300
4454,2,2,15697,70,984233,1745400
4455,2,1,15695,71,984234,1817600
4456,1,4,15694,68,984238,1736300
4457,0,3,15694,65,984241,1773800
4458,1,2,15693,64,984243,1805700
4459,2,1,15691,65,984244,1761100
4460,0,2,15691,63,984246,1843300
4461,2,1,15689,64,984247,1815800
4462,0,3,15689,61,984250,1786600
4463,1,3,15688,59,984253,1794900
4464,0,2,15688,57,984255,2024200
4465,2,5,15686,54,984260,1901300
4466,3,1,15683,56,984261,1803200
4467,1,2,15682,55,984263,1768200
4468,0,3,15682,52,984266,1757600
4469,1,1,15681,52,984267,1771600
4470,1,1,15680,52,984268,1787900
4471,0,5,15680,47,984273,1708000
4472,0,0,15680,47,984273,1738500
4473,0,4,15680,43,984277,1764300
4474,0,1,15680,42,984278,1752600
4475,2,2,15678,42,984280,1797100
4476,0,2,15678,40,984282,1675500
4477,0,1,15678,39,984283,1765300
4478,1,0,15677,40,984283,1776600
4479,2,3,15675,39,984286,1791500
4480,2,2,15673,39,984288,1854100
4481,0,1,15673,38,984289,1866500
4482,1,3,15672,36,984292,1810400
4483,0,3,15672,33,984295,1820000
4484,0,2,15672,31,984297,2026500
4485,0,2,15672,29,984299,2111400
4486,0,0,15672,29,984299,1786400
4487,0,1,15672,28,984300,1767900
4488,0,1,15672,27,984301,1772000
4489,1,2,15671,26,984303,1800800
4490,1,0,15670,27,984303,1791000
4491,0,1,15670,26,984304,1817100
4492,0,1,15670,25,984305,1735500
4493,0,0,15670,25,984305,1776800
4494,0,3,15670,22,984308,1762300
4495,0,2,15670,20,984310,1767500
4496,0,0,15670,20,984310,1799300
4497,0,0,15670,20,984310,1781900
4498,0,0,15670,20,984310,1757300
4499,0,1,15670,19,984311,1786800
4500,0,1,15670,18,984312,1698500
4501,0,3,15670,15,984315,1779900
4502,0,2,15670,13,984317,1986300
4503,0,0,15670,13,984317,1744500
4504,0,1,15670,12,984318,1949700
4505,0,0,15670,12,984318,1772000
4506,0,0,15670,12,984318,1780000
4507,0,0,15670,12,984318,1754500
4508,0,0,15670,12,984318,1781600
4509,0,0,15670,12,984318,1845300
4510,0,0,15670,12,984318,1966400
4511,0,1,15670,11,984319,1799300
4512,0,0,15670,11,984319,1776400
4513,0,1,15670,10,984320,1761200
4514,0,0,15670,10,984320,1771800
4515,0,0,15670,10,984320,1780300
4516,0,0,15670,10,984320,1753600
4517,0,0,15670,10,984320,1798300
4518,0,1,15670,9,984321,1839500
4519,0,0,15670,9,984321,1828300
4520,0,0,15670,9,984321,1778100
4521,0,1,15670,8,984322,1738800
4522,0,0,15670,8,984322,1771900
4523,0,0,15670,8,984322,1766900
4524,0,1,15670,7,984323,1782900
4525,0,0,15670,7,984323,1818800
4526,0,1,15670,6,984324,1800300
4527,0,0,15670,6,984324,1780900
4528,0,0,15670,6,984324,1961100
4529,0,0,15670,6,984324,1836200
4530,0,0,15670,6,984324,1868000
4531,0,0,15670,6,984324,2040800
4532,0,0,15670,6,984324,1826200
4533,0,0,15670,6,984324,1795400
4534,0,0,15670,6,984324,1957600
4535,0,0,15670,6,984324,2056500
4536,0,0,15670,6,984324,1805300
4537,0,1,15670,5,984325,1772900
4538,0,2,15670,3,984327,1786800
4539,0,0,15670,3,984327,1788000
4540,0,0,15670,3,984327,1819600
4541,0,2,15670,1,984329,1837100
4542,0,0,15670,1,984329,1719900
4543,0,0,15670,1,984329,1770600
4544,0,0,15670,1,984329,1785500
4545,0,0,15670,1,984329,1782700
4546,0,0,15670,1,984329,1762700
4547,0,0,15670,1,984329,1789100
4548,0,0,15670,1,984329,1863400
4549,0,0,15670,1,984329,2050700
4550,0,0,15670,1,984329,1910900
4551,0,0,15670,1,984329,1792200
4552,0,0,15670,1,984329,1761900
4553,0,0,15670,1,984329,1822600
4554,0,0,15670,1,984329,1819400
4555,0,0,15670,1,984329,1816500
4556,0,0,15670,1,984329,1802300
4557,0,0,15670,1,984329,1760900
4558,0,0,15670,1,984329,1745400
4559,0,0,15670,1,984329,2067300
4560,0,0,15670,1,984329,1990500
4561,0,0,15670,1,984329,1805700
4562,0,0,15670,1,984329,1801300
4563,0,0,15670,1,984329,1789900
4564,0,0,15670,1,984329,1754000
4565,0,0,15670,1,984329,1754700
4566,0,0,15670,1,984329,1778500
4567,0,0,15670,1,984329,2007600
4568,0,0,15670,1,984329,1958100
4569,0,0,15670,1,984329,1833100
4570,0,0,15670,1,984329,1816600
4571,0,0,15670,1,984329,1906100
4572,0,0,15670,1,984329,1771900
4573,0,0,15670,1,984329,1790900
4574,0,0,15670,1,984329,1786100
4575,0,0,15670,1,984329,1803300
4576,0,0,15670,1,984329,1778800
4577,0,0,15670,1,984329,1785200
4578,0,0,15670,1,984329,1784300
4579,0,0,15670,1,984329,1784700
4580,0,0,15670,1,984329,1715100
4581,0,1,15670,0,984330,1760200
