Tick,NewlyInfected,NewlyRecovered,TotalSusceptible,TotalInfected,TotalRecovered,StepTimeNanos
0,2,0,999993,7,0,2331500
1,2,0,999991,9,0,1732700
2,5,0,999986,14,0,1622500
3,2,1,999984,15,1,1647200
4,1,0,999983,16,1,1622900
5,7,1,999976,22,2,1809300
6,4,0,999972,26,2,1782400
7,7,1,999965,32,3,1695000
8,8,0,999957,40,3,1657800
9,5,3,999952,42,6,1621400
10,8,6,999944,44,12,1634600
11,7,4,999937,47,16,1715000
12,6,5,999931,48,21,1721000
13,5,2,999926,51,23,1979800
14,7,2,999919,56,25,1630700
15,4,4,999915,56,29,1684300
16,1,2,999914,55,31,1617300
17,6,1,999908,60,32,1829600
18,9,5,999899,64,37,1721800
19,10,2,999889,72,39,1623200
20,7,2,999882,77,41,1717500
21,6,5,999876,78,46,1703200
22,8,3,999868,83,49,1621600
23,13,6,999855,90,55,1783900
24,7,7,999848,90,62,1715200
25,10,3,999838,97,65,1731200
26,14,3,999824,108,68,1711000
27,13,6,999811,115,74,1714700
28,9,7,999802,117,81,1706400
29,13,6,999789,124,87,1713900
30,18,11,999771,131,98,1621000
31,9,8,999762,132,106,1713700
32,13,6,999749,139,112,1726000
33,8,6,999741,141,118,1883000
34,14,8,999727,147,126,1626500
35,14,6,999713,155,132,1649100
36,15,1,999698,169,133,1637300
37,16,10,999682,175,143,1725300
38,24,5,999658,194,148,1716600
39,22,11,999636,205,159,1748500
40,24,7,999612,222,166,1906000
41,14,12,999598,224,178,1725000
42,17,8,999581,233,186,1624600
43,20,9,999561,244,195,1631600
44,20,12,999541,252,207,1719400
45,18,14,999523,256,221,1732700
46,17,9,999506,264,230,1710400
47,16,14,999490,266,244,1724500
48,24,10,999466,280,254,1718400
49,20,14,999446,286,268,1723600
50,23,13,999423,296,281,2040200
51,21,25,999402,292,306,1721700
52,28,15,999374,305,321,1718200
53,30,13,999344,322,334,1728100
54,24,10,999320,336,344,1715400
55,25,18,999295,343,362,1720700
56,40,21,999255,362,383,1716400
57,31,21,999224,372,404,1597700
58,20,18,999204,374,422,1877600
59,32,21,999172,385,443,1740200
60,30,16,999142,399,459,1693700
61,35,17,999107,417,476,1719000
62,43,20,999064,440,496,1721700
63,36,19,999028,457,515,1720800
64,38,21,998990,474,536,1725700
65,28,25,998962,477,561,2356100
66,39,30,998923,486,591,1679600
67,44,22,998879,508,613,1835400
68,33,26,998846,515,639,1640800
69,36,26,998810,525,665,1617000
70,42,27,998768,540,692,1615600
71,34,31,998734,543,723,1607000
72,38,39,998696,542,762,1721900
73,34,25,998662,551,787,1750000
74,38,23,998624,566,810,1617900
75,25,27,998599,564,837,1720200
76,33,36,998566,561,873,1833700
77,36,33,998530,564,906,1731600
78,32,30,998498,566,936,1735300
79,38,28,998460,576,964,1741900
80,32,27,998428,581,991,1744300
81,35,31,998393,585,1022,1808400
82,39,27,998354,597,1049,1740700
83,43,29,998311,611,1078,1731600
84,42,29,998269,624,1107,1785500
85,35,26,998234,633,1133,1738200
86,40,39,998194,634,1172,1714500
87,39,36,998155,637,1208,1737600
88,50,35,998105,652,1243,1728600
89,40,33,998065,659,1276,1761400
90,39,29,998026,669,1305,1743300
91,38,34,997988,673,1339,2023300
92,41,37,997947,677,1376,1764500
93,44,24,997903,697,1400,1762400
94,51,35,997852,713,1435,1739400
95,47,30,997805,730,1465,1746900
96,47,32,997758,745,1497,1696100
97,67,35,997691,777,1532,1802000
98,52,41,997639,788,1573,1791800
99,50,30,997589,808,1603,1821900
100,66,38,997523,836,1641,1778400
101,47,37,997476,846,1678,1705200
102,56,38,997420,864,1716,1784100
103,58,45,997362,877,1761,1717100
104,58,44,997304,891,1805,1725300
105,58,47,997246,902,1852,1782400
106,57,41,997189,918,1893,1733500
107,47,34,997142,931,1927,1824300
108,63,44,997079,950,1971,1709100
109,52,49,997027,953,2020,1677400
110,64,48,996963,969,2068,1740400
111,53,41,996910,981,2109,1958100
112,64,57,996846,988,2166,1867600
113,72,47,996774,1013,2213,1845800
114,75,55,996699,1033,2268,1741400
115,69,64,996630,1038,2332,1938800
116,59,54,996571,1043,2386,1715700
117,65,51,996506,1057,2437,1717000
118,64,49,996442,1072,2486,1689500
119,55,53,996387,1074,2539,1724100
120,66,52,996321,1088,2591,1757400
121,70,42,996251,1116,2633,1689000
122,68,47,996183,1137,2680,1657800
123,56,62,996127,1131,2742,1651800
124,73,53,996054,1151,2795,1766600
125,67,63,995987,1155,2858,1601600
126,87,59,995900,1183,2917,1760600
127,68,57,995832,1194,2974,1760800
128,80,61,995752,1213,3035,1660200
129,83,65,995669,1231,3100,1766600
130,62,65,995607,1228,3165,1788400
131,79,60,995528,1247,3225,1649900
132,80,56,995448,1271,3281,1924600
133,65,58,995383,1278,3339,1679500
134,68,50,995315,1296,3389,1762700
135,80,80,995235,1296,3469,2012700
136,79,66,995156,1309,3535,1810000
137,78,70,995078,1317,3605,1698500
138,80,72,994998,1325,3677,1756900
139,71,72,994927,1324,3749,1705100
140,75,72,994852,1327,3821,1701400
141,64,61,994788,1330,3882,1728900
142,87,66,994701,1351,3948,1714600
143,76,64,994625,1363,4012,1863300
144,73,63,994552,1373,4075,1786700
145,77,76,994475,1374,4151,1756100
146,86,64,994389,1396,4215,1734500
147,89,74,994300,1411,4289,1736700
148,81,56,994219,1436,4345,1739300
149,89,68,994130,1457,4413,2016000
150,84,90,994046,1451,4503,1663000
151,85,70,993961,1466,4573,1702200
152,94,75,993867,1485,4648,1742200
153,89,68,993778,1506,4716,1731500
154,90,75,993688,1521,4791,1735900
155,91,80,993597,1532,4871,1736900
156,101,80,993496,1553,4951,1756700
157,93,74,993403,1572,5025,1691000
158,98,82,993305,1588,5107,1700500
159,89,84,993216,1593,5191,1836000
160,105,69,993111,1629,5260,1744700
161,92,72,993019,1649,5332,1670800
162,96,88,992923,1657,5420,1685400
163,108,93,992815,1672,5513,1684000
164,79,71,992736,1680,5584,1639400
165,98,74,992638,1704,5658,1642800
166,101,81,992537,1724,5739,1741400
167,82,80,992455,1726,5819,1773800
168,96,72,992359,1750,5891,1633700
169,86,84,992273,1752,5975,1761800
170,108,91,992165,1769,6066,1744800
171,80,92,992085,1757,6158,1745800
172,102,80,991983,1779,6238,1742800
173,111,95,991872,1795,6333,1796400
174,73,110,991799,1758,6443,1644400
175,88,89,991711,1757,6532,1626900
176,84,80,991627,1761,6612,1859000
177,89,93,991538,1757,6705,1693400
178,91,81,991447,1767,6786,1654500
179,112,91,991335,1788,6877,1637400
180,87,92,991248,1783,6969,1789800
181,98,79,991150,1802,7048,1808700
182,113,83,991037,1832,7131,1624300
183,114,100,990923,1846,7231,1736700
184,111,95,990812,1862,7326,1779900
185,120,91,990692,1891,7417,1659700
186,103,85,990589,1909,7502,1642300
187,130,93,990459,1946,7595,1743100
188,116,106,990343,1956,7701,1704100
189,103,85,990240,1974,7786,1718900
190,123,92,990117,2005,7878,1729700
191,134,106,989983,2033,7984,1733100
192,111,91,989872,2053,8075,1683700
193,108,104,989764,2057,8179,1680700
194,138,92,989626,2103,8271,1707000
195,131,94,989495,2140,8365,1749100
196,124,119,989371,2145,8484,1749000
197,126,104,989245,2167,8588,1688600
198,123,115,989122,2175,8703,1684500
199,121,132,989001,2164,8835,1744200
200,120,108,988881,2176,8943,1737900
201,150,114,988731,2212,9057,1708600
202,143,109,988588,2246,9166,1862500
203,132,103,988456,2275,9269,1729300
204,131,110,988325,2296,9379,1692600
205,130,126,988195,2300,9505,1638500
206,120,106,988075,2314,9611,1682800
207,128,103,987947,2339,9714,1642600
208,125,134,987822,2330,9848,1756300
209,123,130,987699,2323,9978,1754700
210,134,122,987565,2335,10100,1799400
211,131,126,987434,2340,10226,1995100
212,136,121,987298,2355,10347,1966000
213,128,115,987170,2368,10462,1944800
214,128,126,987042,2370,10588,1661900
215,153,126,986889,2397,10714,1632900
216,136,113,986753,2420,10827,1723500
217,118,127,986635,2411,10954,1679200
218,130,124,986505,2417,11078,1668500
219,155,110,986350,2462,11188,1761500
220,111,133,986239,2440,11321,1761700
221,144,127,986095,2457,11448,1734300
222,144,115,985951,2486,11563,1661400
223,151,134,985800,2503,11697,1705200
224,122,117,985678,2508,11814,1644700
225,135,119,985543,2524,11933,1635700
226,157,120,985386,2561,12053,1625800
227,141,121,985245,2581,12174,1758800
228,149,141,985096,2589,12315,1751600
229,145,124,984951,2610,12439,1759000
230,124,119,984827,2615,12558,1855700
231,138,134,984689,2619,12692,1644300
232,166,127,984523,2658,12819,1740800
233,147,140,984376,2665,12959,1709100
234,150,136,984226,2679,13095,1685300
235,142,141,984084,2680,13236,1641900
236,131,142,983953,2669,13378,1662500
237,160,145,983793,2684,13523,1660600
238,146,123,983647,2707,13646,2123000
239,151,166,983496,2692,13812,1655900
240,134,134,983362,2692,13946,1762300
241,157,149,983205,2700,14095,1760600
242,137,118,983068,2719,14213,1689500
243,144,145,982924,2718,14358,1860700
244,151,150,982773,2719,14508,1777000
245,172,152,982601,2739,14660,1683800
246,154,128,982447,2765,14788,1773700
247,155,136,982292,2784,14924,1702100
248,151,129,982141,2806,15053,1725400
249,156,152,981985,2810,15205,1709300
250,150,153,981835,2807,15358,1655000
251,156,153,981679,2810,15511,1653700
252,150,125,981529,2835,15636,1627700
253,158,146,981371,2847,15782,1770000
254,151,154,981220,2844,15936,1825100
255,166,127,981054,2883,16063,1803100
256,179,141,980875,2921,16204,1777600
257,157,137,980718,2941,16341,1771500
258,154,154,980564,2941,16495,1737700
259,175,159,980389,2957,16654,1741100
260,147,157,980242,2947,16811,1727600
261,163,135,980079,2975,16946,1694900
262,165,140,979914,3000,17086,1666100
263,177,136,979737,3041,17222,1659800
264,167,154,979570,3054,17376,1745900
265,151,143,979419,3062,17519,2097800
266,165,155,979254,3072,17674,1952600
267,187,146,979067,3113,17820,1676400
268,171,168,978896,3116,17988,1653800
269,169,145,978727,3140,18133,1635800
270,152,169,978575,3123,18302,1651100
271,130,169,978445,3084,18471,1764900
272,170,168,978275,3086,18639,1776600
273,150,151,978125,3085,18790,2041500
274,158,181,977967,3062,18971,1773700
275,147,150,977820,3059,19121,1768600
276,169,144,977651,3084,19265,1763400
277,167,153,977484,3098,19418,1756600
278,163,168,977321,3093,19586,1884000
279,182,175,977139,3100,19761,1754700
280,159,141,976980,3118,19902,1767800
281,200,156,976780,3162,20058,1741500
282,158,148,976622,3172,20206,1759600
283,175,177,976447,3170,20383,1664400
284,180,156,976267,3194,20539,1644300
285,170,173,976097,3191,20712,1753300
286,199,161,975898,3229,20873,1667400
287,181,169,975717,3241,21042,1769300
288,174,166,975543,3249,21208,1769800
289,187,184,975356,3252,21392,1743600
290,189,163,975167,3278,21555,1767000
291,190,176,974977,3292,21731,1739700
292,180,166,974797,3306,21897,1700200
293,165,178,974632,3293,22075,1713500
294,184,170,974448,3307,22245,1714000
295,181,169,974267,3319,22414,1697400
296,187,151,974080,3355,22565,1748100
297,203,176,973877,3382,22741,1737100
298,182,167,973695,3397,22908,1752000
299,163,162,973532,3398,23070,1821800
300,191,140,973341,3449,23210,1767900
301,177,148,973164,3478,23358,1773400
302,207,181,972957,3504,23539,1745400
303,194,203,972763,3495,23742,1780000
304,188,175,972575,3508,23917,1735400
305,197,186,972378,3519,24103,1696300
306,188,167,972190,3540,24270,1664100
307,177,177,972013,3540,24447,1660200
308,175,178,971838,3537,24625,1647500
309,190,168,971648,3559,24793,1769500
310,210,175,971438,3594,24968,1781000
311,169,171,971269,3592,25139,1793900
312,197,184,971072,3605,25323,1770200
313,205,195,970867,3615,25518,2042200
314,207,169,970660,3653,25687,1794800
315,198,202,970462,3649,25889,1775800
316,205,223,970257,3631,26112,1792300
317,203,198,970054,3636,26310,1765600
318,185,198,969869,3623,26508,1937800
319,182,212,969687,3593,26720,1796000
320,194,167,969493,3620,26887,1770300
321,169,191,969324,3598,27078,1722800
322,163,171,969161,3590,27249,1686600
323,166,157,968995,3599,27406,1697300
324,186,184,968809,3601,27590,1867300
325,189,176,968620,3614,27766,1704700
326,199,171,968421,3642,27937,2102200
327,194,184,968227,3652,28121,1927900
328,224,202,968003,3674,28323,1884200
329,221,170,967782,3725,28493,1726800
330,203,201,967579,3727,28694,1727100
331,234,202,967345,3759,28896,1706500
332,203,171,967142,3791,29067,1680100
333,218,186,966924,3823,29253,1789200
334,215,164,966709,3874,29417,1797900
335,215,183,966494,3906,29600,1708600
336,222,194,966272,3934,29794,1761100
337,208,211,966064,3931,30005,1731100
338,217,218,965847,3930,30223,1723000
339,204,188,965643,3946,30411,1711300
340,234,197,965409,3983,30608,1684000
341,203,194,965206,3992,30802,1770500
342,225,205,964981,4012,31007,1925800
343,207,188,964774,4031,31195,1761000
344,202,203,964572,4030,31398,1776800
345,210,169,964362,4071,31567,1769500
346,208,196,964154,4083,31763,1773000
347,211,189,963943,4105,31952,1793100
348,244,196,963699,4153,32148,2029900
349,204,219,963495,4138,32367,1990500
350,230,218,963265,4150,32585,2153000
351,200,220,963065,4130,32805,1806500
352,217,216,962848,4131,33021,1704700
353,216,197,962632,4150,33218,1761600
354,211,181,962421,4180,33399,1789500
355,217,223,962204,4174,33622,1960600
356,246,195,961958,4225,33817,1715400
357,229,224,961729,4230,34041,1760900
358,232,194,961497,4268,34235,1826700
359,228,209,961269,4287,34444,1779400
360,238,221,961031,4304,34665,1781400
361,193,204,960838,4293,34869,1760400
362,222,211,960616,4304,35080,1740400
363,224,243,960392,4285,35323,1797000
364,247,213,960145,4319,35536,1712000
365,239,243,959906,4315,35779,1721000
366,226,211,959680,4330,35990,1733800
367,197,208,959483,4319,36198,1665200
368,241,211,959242,4349,36409,1773500
369,234,223,959008,4360,36632,1664200
370,238,214,958770,4384,36846,1721900
371,229,213,958541,4400,37059,1699100
372,219,186,958322,4433,37245,1692700
373,261,251,958061,4443,37496,1697400
374,245,230,957816,4458,37726,1741100
375,263,240,957553,4481,37966,1923900
376,216,242,957337,4455,38208,1848500
377,244,249,957093,4450,38457,1805600
378,252,209,956841,4493,38666,2223100
379,225,242,956616,4476,38908,1776300
380,217,234,956399,4459,39142,1767500
381,240,214,956159,4485,39356,1751300
382,246,224,955913,4507,39580,1875300
383,229,227,955684,4509,39807,1819100
384,232,251,955452,4490,40058,2048500
385,222,224,955230,4488,40282,2093200
386,245,223,954985,4510,40505,1886900
387,263,197,954722,4576,40702,1892400
388,262,206,954460,4632,40908,1977400
389,263,209,954197,4686,41117,2012000
390,243,240,953954,4689,41357,2062300
391,276,241,953678,4724,41598,2047900
392,279,255,953399,4748,41853,1918400
393,251,214,953148,4785,42067,1863300
394,243,232,952905,4796,42299,1842800
395,255,228,952650,4823,42527,2064500
396,261,229,952389,4855,42756,1909600
397,241,246,952148,4850,43002,1864500
398,243,239,951905,4854,43241,1855700
399,249,223,951656,4880,43464,1861300
400,274,264,951382,4890,43728,1854000
401,250,238,951132,4902,43966,1896600
402,270,247,950862,4925,44213,1894900
403,272,243,950590,4954,44456,1875100
404,275,248,950315,4981,44704,1922500
405,279,232,950036,5028,44936,1904700
406,276,244,949760,5060,45180,1824200
407,276,250,949484,5086,45430,1831500
408,244,264,949240,5066,45694,2136800
409,283,280,948957,5069,45974,1966300
410,266,255,948691,5080,46229,1893400
411,274,246,948417,5108,46475,1879000
412,271,221,948146,5158,46696,1876100
413,280,266,947866,5172,46962,1843800
414,284,267,947582,5189,47229,2040400
415,276,250,947306,5215,47479,1961800
416,256,241,947050,5230,47720,1872000
417,266,255,946784,5241,47975,1831400
418,267,253,946517,5255,48228,1781700
419,252,233,946265,5274,48461,1841700
420,255,239,946010,5290,48700,1963000
421,280,286,945730,5284,48986,1845200
422,267,259,945463,5292,49245,1703100
423,275,262,945188,5305,49507,1852500
424,248,239,944940,5314,49746,1909800
425,275,251,944665,5338,49997,1786600
426,288,271,944377,5355,50268,1897500
427,262,286,944115,5331,50554,1932400
428,266,279,943849,5318,50833,1837600
429,272,264,943577,5326,51097,1875300
430,298,279,943279,5345,51376,1810800
431,304,243,942975,5406,51619,1819300
432,272,271,942703,5407,51890,1850800
433,287,272,942416,5422,52162,1748800
434,285,271,942131,5436,52433,2038600
435,272,275,941859,5433,52708,1752300
436,288,281,941571,5440,52989,1824300
437,281,284,941290,5437,53273,1886800
438,287,263,941003,5461,53536,1880000
439,302,253,940701,5510,53789,1866700
440,294,258,940407,5546,54047,1810700
441,302,296,940105,5552,54343,1877000
442,300,298,939805,5554,54641,1804700
443,282,273,939523,5563,54914,1849700
444,294,273,939229,5584,55187,1866600
445,299,281,938930,5602,55468,1814800
446,302,285,938628,5619,55753,1862000
447,287,265,938341,5641,56018,1807500
448,309,287,938032,5663,56305,1836600
449,298,284,937734,5677,56589,1833300
450,289,290,937445,5676,56879,1926700
451,271,288,937174,5659,57167,1941100
452,311,293,936863,5677,57460,1798700
453,306,271,936557,5712,57731,1844500
454,295,313,936262,5694,58044,1878400
455,301,274,935961,5721,58318,1865100
456,288,264,935673,5745,58582,1791400
457,295,311,935378,5729,58893,1899400
458,284,273,935094,5740,59166,1878800
459,292,284,934802,5748,59450,1783700
460,289,268,934513,5769,59718,2025700
461,314,284,934199,5799,60002,1832600
462,296,278,933903,5817,60280,1794100
463,307,313,933596,5811,60593,1867400
464,291,268,933305,5834,60861,1824400
465,309,290,932996,5853,61151,2033900
466,325,287,932671,5891,61438,1901300
467,283,268,932388,5906,61706,1853100
468,289,314,932099,5881,62020,1852500
469,303,281,931796,5903,62301,1816400
470,292,285,931504,5910,62586,1837000
471,277,279,931227,5908,62865,1922800
472,302,282,930925,5928,63147,1888900
473,305,309,930620,5924,63456,1869900
474,317,285,930303,5956,63741,1879300
475,288,321,930015,5923,64062,1855600
476,255,302,929760,5876,64364,1836400
477,285,320,929475,5841,64684,1834900
478,284,309,929191,5816,64993,1897800
479,304,268,928887,5852,65261,2021400
480,291,299,928596,5844,65560,1810700
481,297,278,928299,5863,65838,1878900
482,309,284,927990,5888,66122,2078000
483,306,314,927684,5880,66436,1894600
484,330,281,927354,5929,66717,1882500
485,279,284,927075,5924,67001,1903500
486,277,283,926798,5918,67284,1788400
487,322,292,926476,5948,67576,1860800
488,305,298,926171,5955,67874,1833900
489,294,284,925877,5965,68158,2260400
490,324,312,925553,5977,68470,1990300
491,313,307,925240,5983,68777,1876700
492,319,304,924921,5998,69081,1939700
493,317,293,924604,6022,69374,1854800
494,311,309,924293,6024,69683,1725200
495,348,309,923945,6063,69992,1842200
496,317,293,923628,6087,70285,1830800
497,298,329,923330,6056,70614,1828900
498,308,330,923022,6034,70944,1853700
499,290,314,922732,6010,71258,1830100
500,313,336,922419,5987,71594,2028500
501,316,293,922103,6010,71887,1973200
502,336,305,921767,6041,72192,1997800
503,301,330,921466,6012,72522,2097100
504,317,299,921149,6030,72821,1966700
505,300,276,920849,6054,73097,1738000
506,316,301,920533,6069,73398,1678700
507,289,299,920244,6059,73697,1704100
508,344,304,919900,6099,74001,1812900
509,324,309,919576,6114,74310,1801700
510,288,306,919288,6096,74616,1747700
511,308,312,918980,6092,74928,1675300
512,339,327,918641,6104,75255,1698400
513,336,316,918305,6124,75571,1747800
514,351,310,917954,6165,75881,1816900
515,336,311,917618,6190,76192,1828100
516,342,284,917276,6248,76476,1739700
517,331,314,916945,6265,76790,1770200
518,330,345,916615,6250,77135,1751300
519,297,326,916318,6221,77461,1758700
520,357,283,915961,6295,77744,1800700
521,317,310,915644,6302,78054,1970400
522,320,300,915324,6322,78354,1840100
523,358,315,914966,6365,78669,1838800
524,334,329,914632,6370,78998,1816600
525,337,285,914295,6422,79283,1815400
526,346,321,913949,6447,79604,1850900
527,353,290,913596,6510,79894,1674000
528,343,336,913253,6517,80230,1676400
529,347,289,912906,6575,80519,1725500
530,362,325,912544,6612,80844,1709300
531,329,341,912215,6600,81185,1819800
532,365,319,911850,6646,81504,1819200
533,356,332,911494,6670,81836,1797100
534,344,330,911150,6684,82166,1771500
535,352,326,910798,6710,82492,1706000
536,340,339,910458,6711,82831,1676600
537,376,361,910082,6726,83192,1805600
538,335,327,909747,6734,83519,1834100
539,346,352,909401,6728,83871,1838900
540,415,352,908986,6791,84223,1815700
541,365,351,908621,6805,84574,1759300
542,342,308,908279,6839,84882,1683600
543,318,341,907961,6816,85223,1782600
544,372,335,907589,6853,85558,1723300
545,333,328,907256,6858,85886,2070100
546,408,338,906848,6928,86224,1813500
547,346,352,906502,6922,86576,1852000
548,363,342,906139,6943,86918,1870800
549,358,327,905781,6974,87245,1833000
550,344,348,905437,6970,87593,1825500
551,350,377,905087,6943,87970,2099400
552,388,369,904699,6962,88339,1848500
553,357,334,904342,6985,88673,1970500
554,366,363,903976,6988,89036,2134100
555,353,368,903623,6973,89404,1836600
556,362,340,903261,6995,89744,1826900
557,326,340,902935,6981,90084,1823600
558,384,361,902551,7004,90445,1816500
559,359,341,902192,7022,90786,1780200
560,341,361,901851,7002,91147,1742100
561,365,350,901486,7017,91497,1734300
562,350,343,901136,7024,91840,1662600
563,376,326,900760,7074,92166,1837600
564,403,370,900357,7107,92536,1828100
565,366,350,899991,7123,92886,1814800
566,324,338,899667,7109,93224,1703800
567,350,359,899317,7100,93583,1680400
568,348,339,898969,7109,93922,1716000
569,370,352,898599,7127,94274,1996100
570,331,368,898268,7090,94642,1892200
571,363,342,897905,7111,94984,1834500
572,361,347,897544,7125,95331,1842300
573,329,377,897215,7077,95708,1795900
574,336,314,896879,7099,96022,1755800
575,359,361,896520,7097,96383,1705900
576,349,321,896171,7125,96704,1689300
577,372,376,895799,7121,97080,1833400
578,388,344,895411,7165,97424,1729400
579,354,385,895057,7134,97809,1778700
580,356,338,894701,7152,98147,1667100
581,369,359,894332,7162,98506,1682300
582,392,327,893940,7227,98833,1836500
583,362,355,893578,7234,99188,1775200
584,377,369,893201,7242,99557,1765900
585,396,387,892805,7251,99944,1688600
586,393,398,892412,7246,100342,1727900
587,381,360,892031,7267,100702,1725200
588,367,359,891664,7275,101061,1832900
589,372,364,891292,7283,101425,1838400
590,395,360,890897,7318,101785,1784800
591,367,379,890530,7306,102164,1719200
592,387,329,890143,7364,102493,1714800
593,358,401,889785,7321,102894,1762900
594,390,376,889395,7335,103270,1824000
595,345,355,889050,7325,103625,1727300
596,370,372,888680,7323,103997,1904100
597,355,376,888325,7302,104373,1700000
598,378,387,887947,7293,104760,1697500
599,369,335,887578,7327,105095,1863500
600,319,359,887259,7287,105454,1789900
601,375,346,886884,7316,105800,1838500
602,374,358,886510,7332,106158,1780500
603,368,339,886142,7361,106497,2176800
604,358,347,885784,7372,106844,1866700
605,361,401,885423,7332,107245,2026600
606,373,379,885050,7326,107624,1907800
607,360,362,884690,7324,107986,1787300
608,388,365,884302,7347,108351,1752000
609,374,355,883928,7366,108706,1664300
610,374,402,883554,7338,109108,1690400
611,374,377,883180,7335,109485,1883400
612,379,349,882801,7365,109834,1900400
613,389,393,882412,7361,110227,1821400
614,373,382,882039,7352,110609,1752400
615,405,350,881634,7407,110959,1723300
616,402,390,881232,7419,111349,1719500
617,361,408,880871,7372,111757,1782500
618,397,375,880474,7394,112132,1826100
619,367,360,880107,7401,112492,1939100
620,392,352,879715,7441,112844,1869200
621,371,359,879344,7453,113203,1884900
622,403,389,878941,7467,113592,1840100
623,426,376,878515,7517,113968,1847600
624,381,375,878134,7523,114343,1810700
625,399,392,877735,7530,114735,1903000
626,400,347,877335,7583,115082,1876500
627,380,361,876955,7602,115443,1847900
628,398,389,876557,7611,115832,1967700
629,384,381,876173,7614,116213,1817400
630,374,362,875799,7626,116575,1843500
631,399,384,875400,7641,116959,1841400
632,417,400,874983,7658,117359,1763300
633,413,376,874570,7695,117735,1780400
634,409,361,874161,7743,118096,1825100
635,397,386,873764,7754,118482,1894300
636,408,384,873356,7778,118866,2102000
637,404,370,872952,7812,119236,1921000
638,383,379,872569,7816,119615,2047300
639,383,403,872186,7796,120018,1799800
640,371,399,871815,7768,120417,1747400
641,401,401,871414,7768,120818,1771500
642,366,382,871048,7752,121200,1792000
643,417,365,870631,7804,121565,2043000
644,397,394,870234,7807,121959,1803500
645,392,379,869842,7820,122338,1732800
646,416,364,869426,7872,122702,1740500
647,386,381,869040,7877,123083,1808100
648,389,380,868651,7886,123463,1958600
649,407,392,868244,7901,123855,1913100
650,402,393,867842,7910,124248,1856400
651,390,405,867452,7895,124653,1815400
652,391,403,867061,7883,125056,1882700
653,411,426,866650,7868,125482,1824000
654,390,386,866260,7872,125868,1830000
655,379,349,865881,7902,126217,1862500
656,416,403,865465,7915,126620,1835300
657,415,391,865050,7939,127011,1824600
658,393,382,864657,7950,127393,1903800
659,443,389,864214,8004,127782,2090900
660,413,392,863801,8025,128174,1891100
661,394,408,863407,8011,128582,1811000
662,407,408,863000,8010,128990,2302100
663,404,423,862596,7991,129413,1828300
664,426,385,862170,8032,129798,1785000
665,414,378,861756,8068,130176,1767900
666,398,390,861358,8076,130566,1818300
667,432,407,860926,8101,130973,1815900
668,420,372,860506,8149,131345,1794700
669,431,414,860075,8166,131759,1816300
670,469,415,859606,8220,132174,1786700
671,408,417,859198,8211,132591,1807700
672,440,444,858758,8207,133035,1777200
673,430,423,858328,8214,133458,1851400
674,387,386,857941,8215,133844,1784600
675,443,419,857498,8239,134263,1787300
676,407,429,857091,8217,134692,1782400
677,455,406,856636,8266,135098,2234900
678,446,391,856190,8321,135489,1828100
679,448,407,855742,8362,135896,1704900
680,429,421,855313,8370,136317,1774200
681,418,447,854895,8341,136764,1892600
682,430,402,854465,8369,137166,1771700
683,441,443,854024,8367,137609,1826600
684,434,426,853590,8375,138035,1857000
685,448,412,853142,8411,138447,1791700
686,436,403,852706,8444,138850,1759800
687,425,422,852281,8447,139272,1981800
688,464,393,851817,8518,139665,1770800
689,459,416,851358,8561,140081,1754800
690,457,423,850901,8595,140504,1755700
691,427,419,850474,8603,140923,1718200
692,406,386,850068,8623,141309,1727300
693,433,454,849635,8602,141763,2014700
694,441,383,849194,8660,142146,2027400
695,441,434,848753,8667,142580,2006500
696,430,456,848323,8641,143036,1883000
697,450,423,847873,8668,143459,1821100
698,466,453,847407,8681,143912,1772700
699,454,461,846953,8674,144373,1842700
700,406,441,846547,8639,144814,1772700
701,426,423,846121,8642,145237,1707600
702,441,436,845680,8647,145673,1747500
703,466,442,845214,8671,146115,1846900
704,445,456,844769,8660,146571,1846200
705,425,429,844344,8656,147000,1745100
706,461,410,843883,8707,147410,1728100
707,468,457,843415,8718,147867,1744500
708,435,454,842980,8699,148321,1967700
709,463,438,842517,8724,148759,1764700
710,470,419,842047,8775,149178,1826900
711,462,418,841585,8819,149596,1800500
712,471,419,841114,8871,150015,1837300
713,468,419,840646,8920,150434,1987000
714,440,452,840206,8908,150886,1787200
715,497,468,839709,8937,151354,1788600
716,481,441,839228,8977,151795,1785800
717,489,450,838739,9016,152245,1773100
718,451,449,838288,9018,152694,1792100
719,516,447,837772,9087,153141,2065400
720,507,483,837265,9111,153624,1846000
721,460,431,836805,9140,154055,1863200
722,505,483,836300,9162,154538,1853800
723,478,432,835822,9208,154970,1848600
724,479,421,835343,9266,155391,1837900
725,445,504,834898,9207,155895,1749700
726,456,447,834442,9216,156342,1688600
727,511,459,833931,9268,156801,1865900
728,515,511,833416,9272,157312,1906200
729,482,469,832934,9285,157781,1823800
730,474,476,832460,9283,158257,1741700
731,517,449,831943,9351,158706,1746500
732,468,452,831475,9367,159158,1776700
733,482,454,830993,9395,159612,1855800
734,481,467,830512,9409,160079,1816400
735,522,438,829990,9493,160517,1834100
736,497,494,829493,9496,161011,2076000
737,488,462,829005,9522,161473,1767800
738,504,492,828501,9534,161965,1738000
739,460,470,828041,9524,162435,1928600
740,468,482,827573,9510,162917,1870500
741,473,487,827100,9496,163404,1826000
742,477,461,826623,9512,163865,1742500
743,468,512,826155,9468,164377,1699400
744,493,519,825662,9442,164896,1906200
745,467,462,825195,9447,165358,1873700
746,509,484,824686,9472,165842,1892700
747,463,469,824223,9466,166311,2007900
748,465,457,823758,9474,166768,1799400
749,480,511,823278,9443,167279,1701500
750,471,447,822807,9467,167726,1744200
751,471,453,822336,9485,168179,2063900
752,470,467,821866,9488,168646,2077600
753,515,502,821351,9501,169148,1839200
754,454,456,820897,9499,169604,1970700
755,478,496,820419,9481,170100,2059500
756,459,460,819960,9480,170560,1853500
757,478,472,819482,9486,171032,1852500
758,495,483,818987,9498,171515,1797200
759,495,462,818492,9531,171977,1716500
760,464,456,818028,9539,172433,1761800
761,493,493,817535,9539,172926,2063800
762,459,476,817076,9522,173402,1757500
763,462,501,816614,9483,173903,1869800
764,460,463,816154,9480,174366,1754100
765,459,503,815695,9436,174869,1752300
766,467,429,815228,9474,175298,1757000
767,514,467,814714,9521,175765,1864100
768,459,496,814255,9484,176261,1944200
769,451,480,813804,9455,176741,1768500
770,454,474,813350,9435,177215,1746400
771,475,456,812875,9454,177671,1743800
772,465,470,812410,9449,178141,1880700
773,497,484,811913,9462,178625,1857700
774,464,497,811449,9429,179122,1821300
775,448,499,811001,9378,179621,1692600
776,491,462,810510,9407,180083,1698600
777,498,470,810012,9435,180553,1826300
778,437,461,809575,9411,181014,1749900
779,468,437,809107,9442,181451,1704200
780,481,446,808626,9477,181897,1747700
781,505,507,808121,9475,182404,1856300
782,453,480,807668,9448,182884,1974400
783,480,485,807188,9443,183369,2094200
784,495,508,806693,9430,183877,1846200
785,470,460,806223,9440,184337,1820400
786,507,471,805716,9476,184808,1740100
787,494,435,805222,9535,185243,1697800
788,494,512,804728,9517,185755,1699300
789,477,500,804251,9494,186255,1811100
790,488,455,803763,9527,186710,1697600
791,466,499,803297,9494,187209,1808600
792,495,460,802802,9529,187669,1859400
793,487,448,802315,9568,188117,1869700
794,459,478,801856,9549,188595,1892900
795,433,469,801423,9513,189064,1771100
796,497,489,800926,9521,189553,1743400
797,450,467,800476,9504,190020,1717600
798,476,447,800000,9533,190467,1853700
799,467,477,799533,9523,190944,1816400
800,476,482,799057,9517,191426,1737900
801,482,468,798575,9531,191894,1711100
802,501,463,798074,9569,192357,1866600
803,456,504,797618,9521,192861,1755100
804,489,477,797129,9533,193338,1814800
805,486,485,796643,9534,193823,1707700
806,466,499,796177,9501,194322,1785200
807,486,446,795691,9541,194768,1871300
808,472,508,795219,9505,195276,1849500
809,508,489,794711,9524,195765,1765100
810,487,461,794224,9550,196226,1745400
811,494,460,793730,9584,196686,1747400
812,495,516,793235,9563,197202,1760100
813,507,442,792728,9628,197644,1781000
814,500,458,792228,9670,198102,1745900
815,503,449,791725,9724,198551,1699800
816,490,487,791235,9727,199038,1855200
817,498,485,790737,9740,199523,1978600
818,501,467,790236,9774,199990,1828900
819,489,476,789747,9787,200466,1796500
820,502,505,789245,9784,200971,1724300
821,512,515,788733,9781,201486,1806800
822,508,474,788225,9815,201960,1846000
823,502,472,787723,9845,202432,1740100
824,533,478,787190,9900,202910,1726100
825,514,513,786676,9901,203423,1749100
826,544,520,786132,9925,203943,1822900
827,491,467,785641,9949,204410,2158400
828,500,503,785141,9946,204913,1952400
829,462,522,784679,9886,205435,1837700
830,464,480,784215,9870,205915,1877800
831,480,529,783735,9821,206444,1798200
832,475,473,783260,9823,206917,1719500
833,472,520,782788,9775,207437,1717700
834,421,498,782367,9698,207935,1747400
835,470,492,781897,9676,208427,1728100
836,494,499,781403,9671,208926,1709600
837,522,500,780881,9693,209426,1959000
838,486,488,780395,9691,209914,1774000
839,542,472,779853,9761,210386,1858600
840,490,493,779363,9758,210879,1850400
841,496,485,778867,9769,211364,1815600
842,496,479,778371,9786,211843,1760400
843,470,456,777901,9800,212299,1817700
844,487,475,777414,9812,212774,1857800
845,486,477,776928,9821,213251,1834600
846,535,469,776393,9887,213720,1781200
847,515,503,775878,9899,214223,1865400
848,519,516,775359,9902,214739,1786800
849,472,502,774887,9872,215241,1845900
850,479,501,774408,9850,215742,1882600
851,503,488,773905,9865,216230,1772900
852,528,504,773377,9889,216734,1716400
853,537,449,772840,9977,217183,1749100
854,543,515,772297,10005,217698,1862500
855,555,497,771742,10063,218195,1898800
856,551,518,771191,10096,218713,1813600
857,537,528,770654,10105,219241,1756400
858,507,500,770147,10112,219741,1749000
859,545,532,769602,10125,220273,1725000
860,541,513,769061,10153,220786,1842600
861,533,536,768528,10150,221322,1927200
862,520,548,768008,10122,221870,1723600
863,489,498,767519,10113,222368,1811500
864,486,474,767033,10125,222842,1863200
865,524,520,766509,10129,223362,1856100
866,481,502,766028,10108,223864,1840900
867,538,537,765490,10109,224401,1716900
868,511,480,764979,10140,224881,1717100
869,521,503,764458,10158,225384,1743200
870,510,498,763948,10170,225882,1876700
871,495,482,763453,10183,226364,1810800
872,516,540,762937,10159,226904,1761700
873,499,525,762438,10133,227429,1711100
874,494,503,761944,10124,227932,1845800
875,525,509,761419,10140,228441,2095400
876,500,519,760919,10121,228960,1914200
877,502,472,760417,10151,229432,1891800
878,521,509,759896,10163,229941,1765100
879,514,540,759382,10137,230481,1759300
880,503,534,758879,10106,231015,1762100
881,512,520,758367,10098,231535,1855400
882,473,506,757894,10065,232041,1871900
883,467,508,757427,10024,232549,1853500
884,480,488,756947,10016,233037,1774000
885,530,508,756417,10038,233545,1730000
886,484,526,755933,9996,234071,1752400
887,476,565,755457,9907,234636,1751500
888,497,519,754960,9885,235155,1862600
889,483,474,754477,9894,235629,1760300
890,487,485,753990,9896,236114,1746200
891,473,530,753517,9839,236644,1840300
892,501,464,753016,9876,237108,1860200
893,472,485,752544,9863,237593,1817600
894,465,495,752079,9833,238088,1702600
895,501,472,751578,9862,238560,1729300
896,516,526,751062,9852,239086,1898700
897,526,517,750536,9861,239603,1876900
898,473,544,750063,9790,240147,1755000
899,511,442,749552,9859,240589,1731600
900,472,498,749080,9833,241087,1745000
901,515,488,748565,9860,241575,1753900
902,511,483,748054,9888,242058,1762900
903,504,453,747550,9939,242511,1755000
904,476,485,747074,9930,242996,1741100
905,486,513,746588,9903,243509,1847000
906,500,529,746088,9874,244038,1839500
907,447,481,745641,9840,244519,1803700
908,500,516,745141,9824,245035,1744800
909,491,500,744650,9815,245535,1732000
910,476,482,744174,9809,246017,1852800
911,492,500,743682,9801,246517,1861500
912,488,477,743194,9812,246994,1792900
913,482,485,742712,9809,247479,1740500
914,466,489,742246,9786,247968,1837000
915,504,521,741742,9769,248489,1762500
916,452,527,741290,9694,249016,1885800
917,510,496,740780,9708,249512,1728800
918,498,491,740282,9715,250003,1749900
919,510,556,739772,9669,250559,1741100
920,492,538,739280,9623,251097,1850800
921,477,469,738803,9631,251566,1858400
922,500,476,738303,9655,252042,1768200
923,475,530,737828,9600,252572,1780900
924,502,509,737326,9593,253081,1752000
925,457,468,736869,9582,253549,1867800
926,506,493,736363,9595,254042,1812600
927,491,484,735872,9602,254526,2121700
928,500,460,735372,9642,254986,1762200
929,445,489,734927,9598,255475,1805300
930,485,452,734442,9631,255927,1989700
931,519,473,733923,9677,256400,1834000
932,526,487,733397,9716,256887,1762900
933,491,511,732906,9696,257398,1867200
934,522,462,732384,9756,257860,1843400
935,484,518,731900,9722,258378,1851200
936,530,523,731370,9729,258901,1766400
937,483,438,730887,9774,259339,1700200
938,504,480,730383,9798,259819,1859500
939,484,463,729899,9819,260282,1760800
940,496,483,729403,9832,260765,1756900
941,470,517,728933,9785,261282,1704800
942,515,492,728418,9808,261774,1851000
943,492,516,727926,9784,262290,1858800
944,537,522,727389,9799,262812,1812200
945,496,481,726893,9814,263293,1752500
946,497,505,726396,9806,263798,1743000
947,504,467,725892,9843,264265,1729400
948,520,452,725372,9911,264717,1834200
949,528,527,724844,9912,265244,1817400
950,468,465,724376,9915,265709,1796400
951,502,485,723874,9932,266194,1833600
952,478,523,723396,9887,266717,1766000
953,513,502,722883,9898,267219,1859900
954,499,495,722384,9902,267714,1835100
955,473,534,721911,9841,268248,1852800
956,485,485,721426,9841,268733,1795300
957,469,474,720957,9836,269207,1819800
958,493,447,720464,9882,269654,1816400
959,502,494,719962,9890,270148,1866000
960,477,463,719485,9904,270611,1869200
961,482,494,719003,9892,271105,1749600
962,487,505,718516,9874,271610,1777300
963,483,459,718033,9898,272069,1747200
964,485,514,717548,9869,272583,1859200
965,489,476,717059,9882,273059,1808700
966,487,474,716572,9895,273533,1807100
967,511,472,716061,9934,274005,1765800
968,501,512,715560,9923,274517,1829200
969,532,516,715028,9939,275033,1810700
970,498,506,714530,9931,275539,1834400
971,478,510,714052,9899,276049,1833900
972,537,468,713515,9968,276517,1782700
973,532,484,712983,10016,277001,1869900
974,520,538,712463,9998,277539,1879800
975,505,486,711958,10017,278025,1782600
976,470,459,711488,10028,278484,1828300
977,489,498,710999,10019,278982,1825900
978,528,495,710471,10052,279477,1784000
979,550,504,709921,10098,279981,1763200
980,515,523,709406,10090,280504,1857900
981,497,524,708909,10063,281028,1847900
982,521,509,708388,10075,281537,1799700
983,513,470,707875,10118,282007,1776300
984,552,467,707323,10203,282474,1713400
985,523,532,706800,10194,283006,1900200
986,500,522,706300,10172,283528,1865700
987,515,489,705785,10198,284017,1847200
988,481,483,705304,10196,284500,1858100
989,508,495,704796,10209,284995,1836900
990,520,489,704276,10240,285484,1769700
991,538,475,703738,10303,285959,1877000
992,500,501,703238,10302,286460,1816700
993,477,514,702761,10265,286974,1836500
994,535,534,702226,10266,287508,1777200
995,517,527,701709,10256,288035,1807300
996,506,547,701203,10215,288582,1795700
997,517,500,700686,10232,289082,1882400
998,504,472,700182,10264,289554,1892100
999,520,534,699662,10250,290088,1851600
1000,553,521,699109,10282,290609,1786300
1001,491,510,698618,10263,291119,1735800
1002,492,519,698126,10236,291638,1721100
1003,493,511,697633,10218,292149,1865500
1004,540,555,697093,10203,292704,1768100
1005,524,535,696569,10192,293239,1749600
1006,512,498,696057,10206,293737,1785100
1007,503,502,695554,10207,294239,1979500
1008,498,504,695056,10201,294743,2097900
1009,502,519,694554,10184,295262,1888700
1010,528,533,694026,10179,295795,1812700
1011,519,521,693507,10177,296316,1869200
1012,537,495,692970,10219,296811,1791300
1013,506,529,692464,10196,297340,1771000
1014,550,496,691914,10250,297836,1773400
1015,539,517,691375,10272,298353,1888500
1016,541,566,690834,10247,298919,1887200
1017,503,515,690331,10235,299434,2067100
1018,517,512,689814,10240,299946,1986900
1019,555,510,689259,10285,300456,1875800
1020,509,544,688750,10250,301000,1968000
1021,541,514,688209,10277,301514,1816400
1022,535,536,687674,10276,302050,1824800
1023,501,516,687173,10261,302566,1830400
1024,547,512,686626,10296,303078,1860600
1025,574,482,686052,10388,303560,2323100
1026,560,511,685492,10437,304071,1775400
1027,535,508,684957,10464,304579,1755100
1028,549,566,684408,10447,305145,1860700
1029,503,507,683905,10443,305652,1808300
1030,495,485,683410,10453,306137,1770800
1031,508,494,682902,10467,306631,1743200
1032,543,495,682359,10515,307126,1918100
1033,528,506,681831,10537,307632,1876000
1034,524,527,681307,10534,308159,1790200
1035,548,564,680759,10518,308723,1794300
1036,559,513,680200,10564,309236,1833300
1037,547,521,679653,10590,309757,1778900
1038,532,549,679121,10573,310306,1886000
1039,547,524,678574,10596,310830,1882800
1040,537,526,678037,10607,311356,1847900
1041,541,507,677496,10641,311863,1800700
1042,518,531,676978,10628,312394,1776900
1043,543,564,676435,10607,312958,1721600
1044,544,571,675891,10580,313529,1862900
1045,507,528,675384,10559,314057,1842300
1046,527,507,674857,10579,314564,1755000
1047,533,570,674324,10542,315134,1717800
1048,529,510,673795,10561,315644,1778400
1049,532,476,673263,10617,316120,1877800
1050,548,502,672715,10663,316622,1850000
1051,550,521,672165,10692,317143,1925400
1052,549,502,671616,10739,317645,1784500
1053,586,555,671030,10770,318200,1786900
1054,550,531,670480,10789,318731,1887400
1055,572,539,669908,10822,319270,1897400
1056,531,534,669377,10819,319804,1874600
1057,546,495,668831,10870,320299,4160600
1058,539,538,668292,10871,320837,2068700
1059,547,567,667745,10851,321404,1887500
1060,560,534,667185,10877,321938,1896700
1061,567,533,666618,10911,322471,1829400
1062,572,542,666046,10941,323013,1757300
1063,537,543,665509,10935,323556,1769700
1064,529,528,664980,10936,324084,1730400
1065,565,552,664415,10949,324636,1877100
1066,544,589,663871,10904,325225,1919600
1067,545,556,663326,10893,325781,1820700
1068,545,541,662781,10897,326322,1755400
1069,516,506,662265,10907,326828,1737400
1070,502,555,661763,10854,327383,1883200
1071,515,562,661248,10807,327945,1837300
1072,526,537,660722,10796,328482,1811900
1073,531,553,660191,10774,329035,1724700
1074,527,521,659664,10780,329556,1770200
1075,552,502,659112,10830,330058,1857300
1076,530,548,658582,10812,330606,1839500
1077,550,529,658032,10833,331135,1804400
1078,530,559,657502,10804,331694,1776200
1079,512,527,656990,10789,332221,1773600
1080,523,547,656467,10765,332768,1840400
1081,531,510,655936,10786,333278,1832300
1082,538,577,655398,10747,333855,2189400
1083,554,542,654844,10759,334397,2051300
1084,567,510,654277,10816,334907,1799300
1085,552,512,653725,10856,335419,1827900
1086,565,522,653160,10899,335941,1768900
1087,514,546,652646,10867,336487,1711100
1088,540,558,652106,10849,337045,1759900
1089,559,526,651547,10882,337571,1872600
1090,580,547,650967,10915,338118,1802100
1091,524,546,650443,10893,338664,1756900
1092,561,519,649882,10935,339183,2117400
1093,564,563,649318,10936,339746,1830700
1094,525,564,648793,10897,340310,1754200
1095,545,516,648248,10926,340826,1797700
1096,545,536,647703,10935,341362,1876900
1097,564,575,647139,10924,341937,1828500
1098,561,558,646578,10927,342495,1752000
1099,536,525,646042,10938,343020,1742200
1100,570,570,645472,10938,343590,1779400
1101,560,562,644912,10936,344152,1866000
1102,540,522,644372,10954,344674,1767600
1103,539,494,643833,10999,345168,1714200
1104,541,502,643292,11038,345670,1761900
1105,559,554,642733,11043,346224,1883100
1106,533,584,642200,10992,346808,1841200
1107,520,528,641680,10984,347336,1779300
1108,573,552,641107,11005,347888,1774100
1109,524,554,640583,10975,348442,1740000
1110,479,559,640104,10895,349001,1737100
1111,557,512,639547,10940,349513,1813900
1112,496,572,639051,10864,350085,1982600
1113,512,533,638539,10843,350618,1743700
1114,489,541,638050,10791,351159,1733800
1115,502,522,637548,10771,351681,1825600
1116,559,542,636989,10788,352223,1807300
1117,483,536,636506,10735,352759,1782200
1118,532,546,635974,10721,353305,2019400
1119,558,519,635416,10760,353824,1985200
1120,534,520,634882,10774,354344,1768400
1121,525,563,634357,10736,354907,1838300
1122,528,595,633829,10669,355502,1883000
1123,527,550,633302,10646,356052,1767400
1124,543,532,632759,10657,356584,1764000
1125,516,494,632243,10679,357078,1761900
1126,518,557,631725,10640,357635,1732800
1127,548,522,631177,10666,358157,1748700
1128,539,556,630638,10649,358713,1763100
1129,568,525,630070,10692,359238,1726700
1130,540,530,629530,10702,359768,1719500
1131,526,567,629004,10661,360335,1869600
1132,510,533,628494,10638,360868,1847500
1133,531,524,627963,10645,361392,1743000
1134,555,513,627408,10687,361905,1710500
1135,542,509,626866,10720,362414,1920200
1136,552,541,626314,10731,362955,1896000
1137,550,501,625764,10780,363456,1852700
1138,540,512,625224,10808,363968,2153700
1139,537,524,624687,10821,364492,1946100
1140,588,586,624099,10823,365078,1849800
1141,586,558,623513,10851,365636,1773900
1142,526,538,622987,10839,366174,1731900
1143,510,534,622477,10815,366708,1819000
1144,555,530,621922,10840,367238,1860200
1145,565,528,621357,10877,367766,1838800
1146,566,569,620791,10874,368335,1771700
1147,564,541,620227,10897,368876,1731200
1148,522,598,619705,10821,369474,1755600
1149,530,528,619175,10823,370002,1848800
1150,554,506,618621,10871,370508,1816600
1151,524,523,618097,10872,371031,1714500
1152,582,560,617515,10894,371591,1834400
1153,542,555,616973,10881,372146,1863300
1154,542,510,616431,10913,372656,1828200
1155,566,529,615865,10950,373185,1887800
1156,549,531,615316,10968,373716,1798800
1157,553,552,614763,10969,374268,1756600
1158,565,548,614198,10986,374816,1734300
1159,549,549,613649,10986,375365,1835500
1160,536,541,613113,10981,375906,2046400
1161,582,578,612531,10985,376484,2075300
1162,548,560,611983,10973,377044,1894900
1163,559,533,611424,10999,377577,1889300
1164,547,518,610877,11028,378095,1808800
1165,560,554,610317,11034,378649,1711700
1166,557,543,609760,11048,379192,1769900
1167,569,535,609191,11082,379727,1848700
1168,551,560,608640,11073,380287,1907800
1169,572,601,608068,11044,380888,1928200
1170,525,583,607543,10986,381471,1902600
1171,530,523,607013,10993,381994,1896300
1172,556,559,606457,10990,382553,1860000
1173,539,548,605918,10981,383101,1921000
1174,539,509,605379,11011,383610,1826700
1175,560,542,604819,11029,384152,1827100
1176,591,540,604228,11080,384692,1902900
1177,556,539,603672,11097,385231,2084500
1178,544,562,603128,11079,385793,1843700
1179,576,554,602552,11101,386347,1881400
1180,552,577,602000,11076,386924,1918900
1181,504,555,601496,11025,387479,1952800
1182,530,577,600966,10978,388056,2012200
1183,523,524,600443,10977,388580,1934200
1184,528,514,599915,10991,389094,1843800
1185,516,469,599399,11038,389563,2011000
1186,563,568,598836,11033,390131,1759800
1187,567,579,598269,11021,390710,1744200
1188,540,602,597729,10959,391312,1867700
1189,548,544,597181,10963,391856,1854600
1190,522,515,596659,10970,392371,1738900
1191,536,579,596123,10927,392950,1738200
1192,518,556,595605,10889,393506,1956400
1193,511,557,595094,10843,394063,2027900
1194,541,600,594553,10784,394663,1802000
1195,531,492,594022,10823,395155,1865000
1196,509,533,593513,10799,395688,1819600
1197,538,532,592975,10805,396220,1816200
1198,540,538,592435,10807,396758,1813900
1199,541,582,591894,10766,397340,1786900
1200,555,574,591339,10747,397914,1872400
1201,563,524,590776,10786,398438,2185000
1202,558,550,590218,10794,398988,1814100
1203,530,577,589688,10747,399565,1922700
1204,567,556,589121,10758,400121,1862000
1205,500,510,588621,10748,400631,1830800
1206,523,556,588098,10715,401187,1808100
1207,543,522,587555,10736,401709,1791600
1208,530,548,587025,10718,402257,1815200
1209,565,509,586460,10774,402766,1880800
1210,523,553,585937,10744,403319,1871800
1211,538,513,585399,10769,403832,1870400
1212,540,541,584859,10768,404373,1826400
1213,522,509,584337,10781,404882,1811200
1214,533,532,583804,10782,405414,1781800
1215,524,539,583280,10767,405953,1796900
1216,532,566,582748,10733,406519,1799900
1217,546,564,582202,10715,407083,1825200
1218,542,554,581660,10703,407637,1778800
1219,543,503,581117,10743,408140,2000600
1220,505,505,580612,10743,408645,1803200
1221,515,553,580097,10705,409198,1893500
1222,539,531,579558,10713,409729,1896700
1223,533,547,579025,10699,410276,1845700
1224,527,492,578498,10734,410768,1716900
1225,527,566,577971,10695,411334,1758700
1226,487,535,577484,10647,411869,1846600
1227,501,560,576983,10588,412429,1851600
1228,502,554,576481,10536,412983,1769000
1229,481,499,576000,10518,413482,1756500
1230,504,578,575496,10444,414060,1739400
1231,522,520,574974,10446,414580,1830900
1232,545,505,574429,10486,415085,1865400
1233,486,555,573943,10417,415640,1806400
1234,513,508,573430,10422,416148,1732000
1235,496,514,572934,10404,416662,1735900
1236,526,530,572408,10400,417192,1856200
1237,543,549,571865,10394,417741,2087500
1238,536,540,571329,10390,418281,1807000
1239,493,550,570836,10333,418831,1836300
1240,551,480,570285,10404,419311,1791900
1241,536,488,569749,10452,419799,1771000
1242,523,522,569226,10453,420321,1781800
1243,518,512,568708,10459,420833,1865900
1244,494,554,568214,10399,421387,1873100
1245,509,469,567705,10439,421856,2067100
1246,564,448,567141,10555,422304,1904600
1247,518,529,566623,10544,422833,1866500
1248,524,505,566099,10563,423338,1793900
1249,520,523,565579,10560,423861,1788000
1250,523,537,565056,10546,424398,1813300
1251,508,518,564548,10536,424916,1847300
1252,547,576,564001,10507,425492,1820100
1253,563,545,563438,10525,426037,1999700
1254,570,520,562868,10575,426557,1793800
1255,573,491,562295,10657,427048,1717700
1256,576,522,561719,10711,427570,1752000
1257,582,522,561137,10771,428092,1862100
1258,537,539,560600,10769,428631,1830900
1259,597,538,560003,10828,429169,1746800
1260,532,514,559471,10846,429683,1732900
1261,554,558,558917,10842,430241,1740200
1262,524,554,558393,10812,430795,1806100
1263,544,544,557849,10812,431339,1801900
1264,552,518,557297,10846,431857,1771400
1265,562,537,556735,10871,432394,1775200
1266,484,538,556251,10817,432932,1846400
1267,544,528,555707,10833,433460,1822200
1268,526,508,555181,10851,433968,1853700
1269,564,514,554617,10901,434482,2037400
1270,528,585,554089,10844,435067,2017700
1271,547,494,553542,10897,435561,2028400
1272,547,565,552995,10879,436126,1842200
1273,519,567,552476,10831,436693,1821700
1274,542,555,551934,10818,437248,1751500
1275,521,524,551413,10815,437772,1865200
1276,574,533,550839,10856,438305,1863700
1277,512,522,550327,10846,438827,1815100
1278,589,561,549738,10874,439388,1742600
1279,547,536,549191,10885,439924,2034800
1280,509,554,548682,10840,440478,1873100
1281,528,507,548154,10861,440985,1871500
1282,524,530,547630,10855,441515,1844200
1283,528,535,547102,10848,442050,1841300
1284,548,566,546554,10830,442616,1789900
1285,565,555,545989,10840,443171,1756900
1286,533,551,545456,10822,443722,1746500
1287,504,532,544952,10794,444254,1897700
1288,522,546,544430,10770,444800,1758100
1289,565,549,543865,10786,445349,1807400
1290,551,521,543314,10816,445870,1748300
1291,516,525,542798,10807,446395,1730500
1292,515,563,542283,10759,446958,1868600
1293,501,530,541782,10730,447488,1776800
1294,542,534,541240,10738,448022,1738000
1295,538,536,540702,10740,448558,1759200
1296,541,533,540161,10748,449091,1882700
1297,527,521,539634,10754,449612,1845300
1298,523,543,539111,10734,450155,1820000
1299,529,553,538582,10710,450708,1779300
1300,472,525,538110,10657,451233,1792000
1301,502,557,537608,10602,451790,1777100
1302,536,491,537072,10647,452281,1786200
1303,537,530,536535,10654,452811,1811100
1304,567,538,535968,10683,453349,1847900
1305,525,567,535443,10641,453916,1798700
1306,534,569,534909,10606,454485,1781000
1307,519,552,534390,10573,455037,2011000
1308,509,534,533881,10548,455571,1781900
1309,508,529,533373,10527,456100,1816500
1310,494,456,532879,10565,456556,1833400
1311,546,565,532333,10546,457121,1823900
1312,512,514,531821,10544,457635,1928700
1313,495,571,531326,10468,458206,1974300
1314,502,498,530824,10472,458704,1919800
1315,545,486,530279,10531,459190,1805800
1316,519,506,529760,10544,459696,1868700
1317,547,494,529213,10597,460190,1861700
1318,542,508,528671,10631,460698,1816700
1319,506,507,528165,10630,461205,1774200
1320,509,516,527656,10623,461721,1939500
1321,526,502,527130,10647,462223,2167800
1322,526,542,526604,10631,462765,1809300
1323,508,515,526096,10624,463280,1792800
1324,527,485,525569,10666,463765,1721800
1325,542,530,525027,10678,464295,1731600
1326,563,552,524464,10689,464847,1745200
1327,501,558,523963,10632,465405,1695300
1328,481,539,523482,10574,465944,1968800
1329,502,540,522980,10536,466484,1783300
1330,496,546,522484,10486,467030,1795800
1331,539,550,521945,10475,467580,1746400
1332,533,538,521412,10470,468118,1779100
1333,524,514,520888,10480,468632,2019900
1334,524,528,520364,10476,469160,1739500
1335,514,494,519850,10496,469654,2300700
1336,505,499,519345,10502,470153,1840800
1337,482,522,518863,10462,470675,1845200
1338,519,519,518344,10462,471194,1808900
1339,486,510,517858,10438,471704,1821500
1340,522,495,517336,10465,472199,1729800
1341,507,535,516829,10437,472734,1733200
1342,537,499,516292,10475,473233,1841100
1343,483,526,515809,10432,473759,1773300
1344,528,523,515281,10437,474282,1697300
1345,555,537,514726,10455,474819,1746800
1346,521,527,514205,10449,475346,1859800
1347,528,533,513677,10444,475879,1789300
1348,536,534,513141,10446,476413,1815700
1349,471,557,512670,10360,476970,1760600
1350,520,546,512150,10334,477516,1734000
1351,516,478,511634,10372,477994,1761200
1352,524,538,511110,10358,478532,1767100
1353,512,516,510598,10354,479048,1730400
1354,527,502,510071,10379,479550,1684400
1355,528,537,509543,10370,480087,1818400
1356,503,537,509040,10336,480624,1749700
1357,529,565,508511,10300,481189,1696200
1358,532,508,507979,10324,481697,1826100
1359,518,527,507461,10315,482224,1832100
1360,535,521,506926,10329,482745,1785100
1361,532,484,506394,10377,483229,1738900
1362,520,496,505874,10401,483725,1739800
1363,495,504,505379,10392,484229,1826900
1364,501,506,504878,10387,484735,1814800
1365,567,530,504311,10424,485265,2196900
1366,512,495,503799,10441,485760,2032400
1367,484,541,503315,10384,486301,1840400
1368,504,520,502811,10368,486821,1749200
1369,545,539,502266,10374,487360,1731000
1370,475,558,501791,10291,487918,1682600
1371,503,495,501288,10299,488413,1833600
1372,459,515,500829,10243,488928,1769400
1373,521,521,500308,10243,489449,1780400
1374,541,518,499767,10266,489967,1788900
1375,486,498,499281,10254,490465,1874900
1376,491,507,498790,10238,490972,1832900
1377,486,514,498304,10210,491486,1792400
1378,486,490,497818,10206,491976,1726000
1379,506,509,497312,10203,492485,1724200
1380,519,485,496793,10237,492970,1833000
1381,494,529,496299,10202,493499,1727800
1382,506,498,495793,10210,493997,1783100
1383,522,503,495271,10229,494500,1857100
1384,538,500,494733,10267,495000,1778900
1385,504,475,494229,10296,495475,1878000
1386,499,511,493730,10284,495986,1850600
1387,524,508,493206,10300,496494,1790700
1388,538,501,492668,10337,496995,1728300
1389,517,502,492151,10352,497497,1726200
1390,506,519,491645,10339,498016,1845400
1391,528,537,491117,10330,498553,2189800
1392,523,501,490594,10352,499054,1846400
1393,505,522,490089,10335,499576,1825300
1394,513,545,489576,10303,500121,1766200
1395,545,539,489031,10309,500660,1741100
1396,521,533,488510,10297,501193,1721800
1397,513,502,487997,10308,501695,1823600
1398,464,523,487533,10249,502218,1769500
1399,520,505,487013,10264,502723,1724600
1400,544,550,486469,10258,503273,1791500
1401,551,494,485918,10315,503767,1762500
1402,496,517,485422,10294,504284,1807100
1403,500,513,484922,10281,504797,1784900
1404,534,490,484388,10325,505287,1694600
1405,519,528,483869,10316,505815,1833000
1406,537,506,483332,10347,506321,1831100
1407,542,502,482790,10387,506823,1730000
1408,491,506,482299,10372,507329,1933500
1409,492,504,481807,10360,507833,1744200
1410,522,489,481285,10393,508322,1718500
1411,517,507,480768,10403,508829,1826500
1412,521,527,480247,10397,509356,1733900
1413,480,516,479767,10361,509872,1722800
1414,539,534,479228,10366,510406,1720000
1415,515,542,478713,10339,510948,1813100
1416,491,491,478222,10339,511439,1768400
1417,508,472,477714,10375,511911,1728500
1418,511,499,477203,10387,512410,1717600
1419,519,549,476684,10357,512959,1831900
1420,485,545,476199,10297,513504,1769700
1421,516,549,475683,10264,514053,1691900
1422,526,474,475157,10316,514527,1738800
1423,491,486,474666,10321,515013,1869300
1424,503,533,474163,10291,515546,1801400
1425,477,544,473686,10224,516090,1736800
1426,507,503,473179,10228,516593,1791200
1427,516,510,472663,10234,517103,1821000
1428,488,539,472175,10183,517642,1856700
1429,496,514,471679,10165,518156,1769500
1430,518,532,471161,10151,518688,1702500
1431,516,491,470645,10176,519179,1717700
1432,510,510,470135,10176,519689,1799800
1433,508,538,469627,10146,520227,1791700
1434,525,516,469102,10155,520743,1744400
1435,492,517,468610,10130,521260,1766300
1436,496,495,468114,10131,521755,1829700
1437,517,464,467597,10184,522219,1854300
1438,482,527,467115,10139,522746,1791000
1439,492,459,466623,10172,523205,1718900
1440,480,551,466143,10101,523756,1865300
1441,484,542,465659,10043,524298,1839400
1442,483,532,465176,9994,524830,1829100
1443,545,510,464631,10029,525340,1793500
1444,514,505,464117,10038,525845,2013400
1445,523,521,463594,10040,526366,1786900
1446,543,512,463051,10071,526878,1762700
1447,534,518,462517,10087,527396,1893600
1448,534,519,461983,10102,527915,1829800
1449,491,510,461492,10083,528425,1823800
1450,524,520,460968,10087,528945,1788500
1451,515,524,460453,10078,529469,1714800
1452,484,494,459969,10068,529963,1750800
1453,500,473,459469,10095,530436,1754500
1454,509,507,458960,10097,530943,1770600
1455,527,529,458433,10095,531472,1732200
1456,480,517,457953,10058,531989,1729300
1457,518,515,457435,10061,532504,2050300
1458,553,510,456882,10104,533014,1848100
1459,523,486,456359,10141,533500,1839000
1460,502,468,455857,10175,533968,1770100
1461,529,498,455328,10206,534466,1786100
1462,505,511,454823,10200,534977,1709400
1463,507,484,454316,10223,535461,1842600
1464,502,530,453814,10195,535991,1806600
1465,525,514,453289,10206,536505,1716700
1466,502,545,452787,10163,537050,1716600
1467,490,508,452297,10145,537558,1850900
1468,525,461,451772,10209,538019,1824500
1469,503,520,451269,10192,538539,1936900
1470,557,504,450712,10245,539043,1780000
1471,502,533,450210,10214,539576,1740100
1472,507,514,449703,10207,540090,1722400
1473,508,557,449195,10158,540647,1844400
1474,504,487,448691,10175,541134,1787200
1475,461,536,448230,10100,541670,1732100
1476,506,476,447724,10130,542146,1715700
1477,492,534,447232,10088,542680,1828400
1478,534,478,446698,10144,543158,1755900
1479,536,513,446162,10167,543671,1728900
1480,543,493,445619,10217,544164,1721500
1481,566,515,445053,10268,544679,1828700
1482,502,555,444551,10215,545234,1814100
1483,548,490,444003,10273,545724,1740100
1484,476,493,443527,10256,546217,1737500
1485,532,511,442995,10277,546728,1740900
1486,532,535,442463,10274,547263,1863600
1487,528,536,441935,10266,547799,1808100
1488,519,554,441416,10231,548353,1779600
1489,516,498,440900,10249,548851,1768500
1490,502,506,440398,10245,549357,1766500
1491,493,546,439905,10192,549903,1829300
1492,521,507,439384,10206,550410,2323300
1493,510,527,438874,10189,550937,2250200
1494,509,523,438365,10175,551460,2166000
1495,521,519,437844,10177,551979,1784800
1496,546,488,437298,10235,552467,1838000
1497,482,485,436816,10232,552952,1866900
1498,514,508,436302,10238,553460,1857300
1499,537,535,435765,10240,553995,1826500
1500,557,532,435208,10265,554527,1975900
1501,507,555,434701,10217,555082,1872800
1502,525,554,434176,10188,555636,1760600
1503,483,528,433693,10143,556164,1717100
1504,526,510,433167,10159,556674,1835700
1505,514,530,432653,10143,557204,1796300
1506,520,508,432133,10155,557712,1747600
1507,485,480,431648,10160,558192,1715600
1508,502,520,431146,10142,558712,1826500
1509,515,493,430631,10164,559205,1913200
1510,547,518,430084,10193,559723,1815100
1511,505,521,429579,10177,560244,1793400
1512,508,490,429071,10195,560734,1697300
1513,530,550,428541,10175,561284,1825200
1514,481,486,428060,10170,561770,1856300
1515,502,509,427558,10163,562279,1813000
1516,518,506,427040,10175,562785,1849500
1517,515,550,426525,10140,563335,1777400
1518,485,500,426040,10125,563835,1724700
1519,552,519,425488,10158,564354,1832300
1520,525,507,424963,10176,564861,1827700
1521,498,483,424465,10191,565344,1722300
1522,525,509,423940,10207,565853,1719100
1523,465,517,423475,10155,566370,1715400
1524,467,497,423008,10125,566867,1781900
1525,505,523,422503,10107,567390,1714700
1526,506,516,421997,10097,567906,1710000
1527,499,539,421498,10057,568445,1831300
1528,488,488,421010,10057,568933,1973500
1529,522,519,420488,10060,569452,1766200
1530,523,510,419965,10073,569962,1723500
1531,505,514,419460,10064,570476,1761800
1532,539,518,418921,10085,570994,1832000
1533,512,500,418409,10097,571494,1883600
1534,461,484,417948,10074,571978,1764700
1535,528,494,417420,10108,572472,1799800
1536,514,499,416906,10123,572971,1709600
1537,511,532,416395,10102,573503,1832400
1538,517,521,415878,10098,574024,1817800
1539,514,510,415364,10102,574534,1967200
1540,508,501,414856,10109,575035,1827300
1541,521,509,414335,10121,575544,1696400
1542,533,522,413802,10132,576066,1717700
1543,543,509,413259,10166,576575,1829100
1544,531,480,412728,10217,577055,1908800
1545,491,550,412237,10158,577605,1771300
1546,514,571,411723,10101,578176,1750700
1547,498,450,411225,10149,578626,1718100
1548,482,525,410743,10106,579151,1837400
1549,524,518,410219,10112,579669,1768800
1550,473,486,409746,10099,580155,1771600
1551,511,505,409235,10105,580660,1715700
1552,541,511,408694,10135,581171,1825900
1553,495,544,408199,10086,581715,1793600
1554,528,509,407671,10105,582224,1705100
1555,522,510,407149,10117,582734,1687500
1556,528,511,406621,10134,583245,2016800
1557,503,459,406118,10178,583704,1886600
1558,533,513,405585,10198,584217,2069900
1559,529,477,405056,10250,584694,1829700
1560,534,509,404522,10275,585203,1786400
1561,518,570,404004,10223,585773,1822100
1562,577,528,403427,10272,586301,1749200
1563,563,514,402864,10321,586815,1720100
1564,543,487,402321,10377,587302,1838300
1565,491,536,401830,10332,587838,1967200
1566,563,517,401267,10378,588355,1758300
1567,551,507,400716,10422,588862,1929600
1568,564,535,400152,10451,589397,1731900
1569,550,520,399602,10481,589917,1708400
1570,524,533,399078,10472,590450,1830500
1571,504,517,398574,10459,590967,1767100
1572,502,528,398072,10433,591495,1773500
1573,490,519,397582,10404,592014,1728000
1574,503,551,397079,10356,592565,1830100
1575,517,539,396562,10334,593104,1753400
1576,529,554,396033,10309,593658,1752800
1577,533,502,395500,10340,594160,1778600
1578,492,524,395008,10308,594684,1718300
1579,532,562,394476,10278,595246,1779600
1580,533,501,393943,10310,595747,1746900
1581,519,490,393424,10339,596237,1715500
1582,562,527,392862,10374,596764,2034300
1583,492,507,392370,10359,597271,2032400
1584,523,529,391847,10353,597800,1829700
1585,523,521,391324,10355,598321,1861100
1586,515,499,390809,10371,598820,1774900
1587,524,539,390285,10356,599359,1716100
1588,497,506,389788,10347,599865,1811000
1589,501,468,389287,10380,600333,1885200
1590,476,499,388811,10357,600832,1918100
1591,493,513,388318,10337,601345,1861500
1592,521,540,387797,10318,601885,1849100
1593,487,532,387310,10273,602417,1831800
1594,483,570,386827,10186,602987,1829300
1595,538,497,386289,10227,603484,1819600
1596,556,501,385733,10282,603985,1812300
1597,545,518,385188,10309,604503,1820400
1598,520,507,384668,10322,605010,1857200
1599,503,531,384165,10294,605541,1919900
1600,517,537,383648,10274,606078,1857100
1601,478,525,383170,10227,606603,1849800
1602,505,495,382665,10237,607098,1847300
1603,556,521,382109,10272,607619,1846700
1604,536,521,381573,10287,608140,1934200
1605,546,489,381027,10344,608629,1783400
1606,508,519,380519,10333,609148,1842500
1607,565,465,379954,10433,609613,1820700
1608,484,501,379470,10416,610114,2099500
1609,556,490,378914,10482,610604,1903200
1610,549,532,378365,10499,611136,2406500
1611,523,516,377842,10506,611652,2170000
1612,495,534,377347,10467,612186,2035900
1613,554,554,376793,10467,612740,2075800
1614,534,537,376259,10464,613277,1896700
1615,515,514,375744,10465,613791,1964800
1616,527,515,375217,10477,614306,1894800
1617,516,512,374701,10481,614818,1934100
1618,530,493,374171,10518,615311,1872600
1619,524,487,373647,10555,615798,2047000
1620,549,505,373098,10599,616303,1807300
1621,541,526,372557,10614,616829,1812300
1622,519,540,372038,10593,617369,1732700
1623,534,573,371504,10554,617942,2115800
1624,554,536,370950,10572,618478,1929300
1625,511,517,370439,10566,618995,2003900
1626,503,485,369936,10584,619480,1892400
1627,541,515,369395,10610,619995,1890100
1628,538,542,368857,10606,620537,1835800
1629,562,522,368295,10646,621059,1742800
1630,517,498,367778,10665,621557,1848200
1631,551,522,367227,10694,622079,1872100
1632,542,505,366685,10731,622584,1850000
1633,551,546,366134,10736,623130,1794000
1634,537,589,365597,10684,623719,1781500
1635,546,526,365051,10704,624245,1773200
1636,537,516,364514,10725,624761,1884400
1637,532,557,363982,10700,625318,1847700
1638,533,479,363449,10754,625797,1858400
1639,540,495,362909,10799,626292,2093400
1640,533,536,362376,10796,626828,1777600
1641,516,532,361860,10780,627360,1816900
1642,516,569,361344,10727,627929,1971000
1643,558,583,360786,10702,628512,1838100
1644,552,531,360234,10723,629043,1853800
1645,571,552,359663,10742,629595,1797200
1646,537,534,359126,10745,630129,1786900
1647,551,532,358575,10764,630661,1917000
1648,506,504,358069,10766,631165,1847200
1649,495,517,357574,10744,631682,1828900
1650,544,498,357030,10790,632180,1926700
1651,522,534,356508,10778,632714,1874100
1652,527,560,355981,10745,633274,1886400
1653,522,514,355459,10753,633788,1831300
1654,517,542,354942,10728,634330,1826200
1655,530,533,354412,10725,634863,1830800
1656,542,507,353870,10760,635370,2060500
1657,489,546,353381,10703,635916,1794700
1658,509,529,352872,10683,636445,1800700
1659,502,555,352370,10630,637000,1790000
1660,499,525,351871,10604,637525,2159400
1661,503,510,351368,10597,638035,1842600
1662,525,568,350843,10554,638603,1846800
1663,554,555,350289,10553,639158,1913200
1664,544,528,349745,10569,639686,1858400
1665,515,528,349230,10556,640214,1873800
1666,509,543,348721,10522,640757,1842400
1667,476,484,348245,10514,641241,1809000
1668,510,569,347735,10455,641810,1785800
1669,510,519,347225,10446,642329,1965500
1670,485,570,346740,10361,642899,1767300
1671,502,518,346238,10345,643417,1787300
1672,455,513,345783,10287,643930,2075900
1673,463,521,345320,10229,644451,1950600
1674,527,480,344793,10276,644931,1845800
1675,491,503,344302,10264,645434,1780700
1676,534,493,343768,10305,645927,1817600
1677,519,562,343249,10262,646489,1872000
1678,478,537,342771,10203,647026,1841000
1679,492,476,342279,10219,647502,1845500
1680,514,521,341765,10212,648023,1851000
1681,528,504,341237,10236,648527,1918200
1682,532,527,340705,10241,649054,1802400
1683,534,553,340171,10222,649607,1764500
1684,532,447,339639,10307,650054,1779800
1685,514,514,339125,10307,650568,1806400
1686,522,493,338603,10336,651061,1729500
1687,527,504,338076,10359,651565,1715000
1688,550,538,337526,10371,652103,1813700
1689,515,520,337011,10366,652623,1882200
1690,507,476,336504,10397,653099,1732000
1691,486,524,336018,10359,653623,1723900
1692,497,517,335521,10339,654140,1762600
1693,516,534,335005,10321,654674,1843100
1694,532,562,334473,10291,655236,1741600
1695,514,500,333959,10305,655736,1765000
1696,528,463,333431,10370,656199,1765800
1697,516,511,332915,10375,656710,1743300
1698,526,551,332389,10350,657261,2014000
1699,522,494,331867,10378,657755,2024900
1700,562,471,331305,10469,658226,1832300
1701,532,492,330773,10509,658718,1762900
1702,511,544,330262,10476,659262,1723700
1703,509,551,329753,10434,659813,1709200
1704,500,541,329253,10393,660354,1824300
1705,512,508,328741,10397,660862,1788100
1706,477,543,328264,10331,661405,1712400
1707,539,538,327725,10332,661943,1788000
1708,533,570,327192,10295,662513,1827700
1709,481,499,326711,10277,663012,1906500
1710,489,527,326222,10239,663539,1846700
1711,541,482,325681,10298,664021,1762700
1712,495,507,325186,10286,664528,1853200
1713,489,504,324697,10271,665032,1721700
1714,525,516,324172,10280,665548,1836300
1715,544,515,323628,10309,666063,1829200
1716,546,498,323082,10357,666561,1910500
1717,525,478,322557,10404,667039,2067200
1718,531,540,322026,10395,667579,1999100
1719,509,500,321517,10404,668079,1860300
1720,513,512,321004,10405,668591,2035800
1721,519,515,320485,10409,669106,1939300
1722,512,548,319973,10373,669654,1905500
1723,536,560,319437,10349,670214,2070500
1724,513,534,318924,10328,670748,7541400
1725,534,538,318390,10324,671286,12350800
1726,537,493,317853,10368,671779,3285200
1727,523,504,317330,10387,672283,3007800
1728,512,505,316818,10394,672788,2712700
1729,529,513,316289,10410,673301,2443800
1730,521,549,315768,10382,673850,3017300
1731,516,530,315252,10368,674380,2984000
1732,534,513,314718,10389,674893,2449500
1733,551,505,314167,10435,675398,2141300
1734,513,542,313654,10406,675940,2250700
1735,559,562,313095,10403,676502,2234100
1736,555,475,312540,10483,676977,2334900
1737,547,521,311993,10509,677498,2189200
1738,527,509,311466,10527,678007,2022000
1739,546,546,310920,10527,678553,2348000
1740,517,501,310403,10543,679054,3469000
1741,531,528,309872,10546,679582,2337700
1742,551,498,309321,10599,680080,2037600
1743,559,571,308762,10587,680651,1906700
1744,548,546,308214,10589,681197,1888400
1745,565,521,307649,10633,681718,1877800
1746,572,552,307077,10653,682270,1848700
1747,526,509,306551,10670,682779,1839300
1748,562,545,305989,10687,683324,1844400
1749,585,544,305404,10728,683868,1861000
1750,560,547,304844,10741,684415,1930400
1751,567,556,304277,10752,684971,1855300
1752,576,550,303701,10778,685521,2078100
1753,549,491,303152,10836,686012,1948800
1754,585,546,302567,10875,686558,1937700
1755,539,548,302028,10866,687106,2109000
1756,549,537,301479,10878,687643,1861600
1757,544,548,300935,10874,688191,1841000
1758,547,550,300388,10871,688741,1859700
1759,515,542,299873,10844,689283,1815300
1760,551,542,299322,10853,689825,1776300
1761,578,554,298744,10877,690379,1870800
1762,552,537,298192,10892,690916,1791000
1763,522,522,297670,10892,691438,1758100
1764,537,540,297133,10889,691978,1770200
1765,581,553,296552,10917,692531,1834900
1766,543,495,296009,10965,693026,1858700
1767,556,545,295453,10976,693571,2190700
1768,527,571,294926,10932,694142,1885500
1769,529,510,294397,10951,694652,1856000
1770,512,538,293885,10925,695190,2158700
1771,529,570,293356,10884,695760,1758700
1772,526,555,292830,10855,696315,1784100
1773,504,540,292326,10819,696855,1762400
1774,515,547,291811,10787,697402,1752300
1775,547,529,291264,10805,697931,1903900
1776,532,565,290732,10772,698496,1904100
1777,532,548,290200,10756,699044,1822800
1778,520,574,289680,10702,699618,1859700
1779,530,539,289150,10693,700157,1779100
1780,519,520,288631,10692,700677,2006200
1781,517,511,288114,10698,701188,1798500
1782,550,553,287564,10695,701741,1783200
1783,522,576,287042,10641,702317,1915300
1784,547,530,286495,10658,702847,1884100
1785,528,504,285967,10682,703351,1848200
1786,531,491,285436,10722,703842,1802900
1787,514,537,284922,10699,704379,1811400
1788,542,523,284380,10718,704902,1827300
1789,551,568,283829,10701,705470,1861000
1790,521,513,283308,10709,705983,1814400
1791,492,523,282816,10678,706506,1871900
1792,531,586,282285,10623,707092,1841900
1793,504,482,281781,10645,707574,1820100
1794,527,525,281254,10647,708099,1825600
1795,533,524,280721,10656,708623,1812200
1796,551,546,280170,10661,709169,1880800
1797,521,522,279649,10660,709691,1932700
1798,547,542,279102,10665,710233,1847600
1799,547,514,278555,10698,710747,1868500
1800,529,515,278026,10712,711262,1917600
1801,534,523,277492,10723,711785,1822400
1802,550,512,276942,10761,712297,1823500
1803,554,499,276388,10816,712796,1840000
1804,550,497,275838,10869,713293,1887400
1805,599,552,275239,10916,713845,1836500
1806,553,515,274686,10954,714360,1944000
1807,585,553,274101,10986,714913,1813600
1808,508,542,273593,10952,715455,1857400
1809,566,532,273027,10986,715987,1823600
1810,528,547,272499,10967,716534,1923200
1811,554,538,271945,10983,717072,1834800
1812,520,547,271425,10956,717619,1815600
1813,537,519,270888,10974,718138,1779300
1814,517,530,270371,10961,718668,1902200
1815,530,529,269841,10962,719197,1783800
1816,523,520,269318,10965,719717,1906700
1817,547,603,268771,10909,720320,2098400
1818,582,565,268189,10926,720885,1794700
1819,562,540,267627,10948,721425,1892500
1820,565,564,267062,10949,721989,1965500
1821,531,518,266531,10962,722507,1883700
1822,520,497,266011,10985,723004,1745100
1823,591,560,265420,11016,723564,1726600
1824,573,554,264847,11035,724118,1831200
1825,504,545,264343,10994,724663,1853200
1826,534,551,263809,10977,725214,1841500
1827,561,573,263248,10965,725787,1785600
1828,543,528,262705,10980,726315,1772100
1829,550,581,262155,10949,726896,1722200
1830,549,544,261606,10954,727440,1725600
1831,548,528,261058,10974,727968,1757900
1832,558,527,260500,11005,728495,1737400
1833,530,548,259970,10987,729043,1827000
1834,550,548,259420,10989,729591,1851100
1835,530,539,258890,10980,730130,1804000
1836,538,536,258352,10982,730666,1830000
1837,538,500,257814,11020,731166,1711400
1838,545,547,257269,11018,731713,1823800
1839,555,543,256714,11030,732256,1841500
1840,508,534,256206,11004,732790,1799300
1841,554,577,255652,10981,733367,1739700
1842,534,545,255118,10970,733912,2047100
1843,539,504,254579,11005,734416,1965500
1844,561,542,254018,11024,734958,1910000
1845,546,531,253472,11039,735489,1859700
1846,593,577,252879,11055,736066,1862700
1847,567,559,252312,11063,736625,1837200
1848,581,567,251731,11077,737192,1857800
1849,543,544,251188,11076,737736,1804300
1850,539,572,250649,11043,738308,2044500
1851,503,547,250146,10999,738855,1817000
1852,541,531,249605,11009,739386,1911100
1853,540,581,249065,10968,739967,1932700
1854,539,537,248526,10970,740504,1845600
1855,565,563,247961,10972,741067,1850900
1856,557,568,247404,10961,741635,1856400
1857,542,537,246862,10966,742172,1822100
1858,533,514,246329,10985,742686,1777600
1859,532,553,245797,10964,743239,1781200
1860,526,569,245271,10921,743808,1793200
1861,504,539,244767,10886,744347,1727000
1862,524,521,244243,10889,744868,1816800
1863,556,584,243687,10861,745452,1835200
1864,544,540,243143,10865,745992,1721200
1865,523,558,242620,10830,746550,1701300
1866,515,563,242105,10782,747113,1833100
1867,532,565,241573,10749,747678,1853200
1868,544,520,241029,10773,748198,1737800
1869,525,541,240504,10757,748739,1753100
1870,511,539,239993,10729,749278,1757000
1871,548,556,239445,10721,749834,1825200
1872,536,511,238909,10746,750345,1784500
1873,555,552,238354,10749,750897,1758300
1874,520,511,237834,10758,751408,1755900
1875,539,524,237295,10773,751932,1712800
1876,564,532,236731,10805,752464,1818800
1877,582,578,236149,10809,753042,1798300
1878,557,515,235592,10851,753557,1834600
1879,485,560,235107,10776,754117,1809500
1880,516,551,234591,10741,754668,1831600
1881,561,517,234030,10785,755185,1819700
1882,549,506,233481,10828,755691,1787700
1883,544,550,232937,10822,756241,1719000
1884,547,567,232390,10802,756808,1729800
1885,516,536,231874,10782,757344,1921200
1886,516,533,231358,10765,757877,1847100
1887,543,515,230815,10793,758392,1742700
1888,542,561,230273,10774,758953,1710600
1889,519,529,229754,10764,759482,1750200
1890,540,544,229214,10760,760026,1826200
1891,567,519,228647,10808,760545,1817400
1892,566,572,228081,10802,761117,1753600
1893,556,512,227525,10846,761629,1725300
1894,532,530,226993,10848,762159,1698000
1895,543,542,226450,10849,762701,2295200
1896,550,534,225900,10865,763235,1834700
1897,519,518,225381,10866,763753,1844900
1898,505,537,224876,10834,764290,1740700
1899,506,538,224370,10802,764828,1708300
1900,563,534,223807,10831,765362,1728200
1901,554,598,223253,10787,765960,1846600
1902,530,512,222723,10805,766472,1761100
1903,543,582,222180,10766,767054,1785100
1904,526,565,221654,10727,767619,1816500
1905,594,505,221060,10816,768124,1722500
1906,550,554,220510,10812,768678,1831400
1907,532,544,219978,10800,769222,1754600
1908,500,563,219478,10737,769785,1751300
1909,496,548,218982,10685,770333,1726100
1910,560,527,218422,10718,770860,1724300
1911,545,534,217877,10729,771394,1789800
1912,515,535,217362,10709,771929,1723300
1913,523,530,216839,10702,772459,1854400
1914,490,551,216349,10641,773010,1829400
1915,549,518,215800,10672,773528,1901100
1916,514,588,215286,10598,774116,1823200
1917,464,551,214822,10511,774667,1722800
1918,485,563,214337,10433,775230,1732500
1919,495,516,213842,10412,775746,1719200
1920,507,543,213335,10376,776289,1807500
1921,492,520,212843,10348,776809,1780100
1922,499,536,212344,10311,777345,1779200
1923,500,524,211844,10287,777869,1742100
1924,474,554,211370,10207,778423,1769700
1925,547,513,210823,10241,778936,1789600
1926,514,511,210309,10244,779447,1736300
1927,505,484,209804,10265,779931,1722400
1928,475,503,209329,10237,780434,1810800
1929,526,497,208803,10266,780931,1788400
1930,492,511,208311,10247,781442,1698300
1931,498,497,207813,10248,781939,1727200
1932,502,504,207311,10246,782443,1825200
1933,488,490,206823,10244,782933,1805700
1934,465,505,206358,10204,783438,1728300
1935,487,526,205871,10165,783964,1725600
1936,529,516,205342,10178,784480,1748400
1937,486,474,204856,10190,784954,1826200
1938,514,499,204342,10205,785453,1765200
1939,515,497,203827,10223,785950,1885500
1940,484,547,203343,10160,786497,1739300
1941,519,506,202824,10173,787003,1733800
1942,483,493,202341,10163,787496,1799700
1943,540,541,201801,10162,788037,1735400
1944,516,514,201285,10164,788551,1890400
1945,516,446,200769,10234,788997,1842100
1946,507,515,200262,10226,789512,1821300
1947,497,466,199765,10257,789978,1968000
1948,482,494,199283,10245,790472,2004500
1949,505,546,198778,10204,791018,1877900
1950,507,490,198271,10221,791508,1899200
1951,455,510,197816,10166,792018,2014000
1952,467,485,197349,10148,792503,2426500
1953,514,520,196835,10142,793023,2158300
1954,476,506,196359,10112,793529,6299200
1955,474,516,195885,10070,794045,6517000
1956,444,492,195441,10022,794537,2766800
1957,493,539,194948,9976,795076,2349400
1958,460,509,194488,9927,795585,2215000
1959,487,489,194001,9925,796074,2257800
1960,490,493,193511,9922,796567,2111100
1961,475,485,193036,9912,797052,2151200
1962,474,511,192562,9875,797563,2094500
1963,506,497,192056,9884,798060,2090700
1964,452,508,191604,9828,798568,2074600
1965,534,499,191070,9863,799067,2289300
1966,474,493,190596,9844,799560,2061400
1967,507,489,190089,9862,800049,2076000
1968,446,484,189643,9824,800533,2006800
1969,489,500,189154,9813,801033,1970800
1970,471,487,188683,9797,801520,2011400
1971,468,511,188215,9754,802031,2117100
1972,440,555,187775,9639,802586,2081000
1973,394,498,187381,9535,803084,1997400
1974,451,449,186930,9537,803533,2079500
1975,418,515,186512,9440,804048,2099300
1976,460,493,186052,9407,804541,1993400
1977,460,453,185592,9414,804994,2228100
1978,455,436,185137,9433,805430,2063500
1979,417,481,184720,9369,805911,1802700
1980,433,437,184287,9365,806348,1761500
1981,447,459,183840,9353,806807,1783400
1982,394,482,183446,9265,807289,1812100
1983,452,465,182994,9252,807754,1818600
1984,423,449,182571,9226,808203,1741400
1985,453,421,182118,9258,808624,1865200
1986,438,442,181680,9254,809066,1849900
1987,425,485,181255,9194,809551,1836600
1988,470,474,180785,9190,810025,1774500
1989,466,453,180319,9203,810478,1725300
1990,440,401,179879,9242,810879,1713200
1991,431,456,179448,9217,811335,1834100
1992,477,466,178971,9228,811801,1782900
1993,448,458,178523,9218,812259,1708700
1994,410,502,178113,9126,812761,1685600
1995,424,428,177689,9122,813189,1780500
1996,433,490,177256,9065,813679,1753100
1997,420,449,176836,9036,814128,1703500
1998,394,465,176442,8965,814593,1904100
1999,415,464,176027,8916,815057,1842200
2000,407,425,175620,8898,815482,1806700
2001,442,429,175178,8911,815911,1843600
2002,429,450,174749,8890,816361,1728400
2003,425,421,174324,8894,816782,1753300
2004,394,421,173930,8867,817203,1797700
2005,430,451,173500,8846,817654,1799900
2006,387,495,173113,8738,818149,1823500
2007,371,386,172742,8723,818535,1873700
2008,393,489,172349,8627,819024,1825100
2009,400,400,171949,8627,819424,1697800
2010,395,397,171554,8625,819821,1836300
2011,413,453,171141,8585,820274,1802900
2012,397,422,170744,8560,820696,1689000
2013,374,416,170370,8518,821112,1750200
2014,387,468,169983,8437,821580,1822900
2015,415,458,169568,8394,822038,1743000
2016,393,402,169175,8385,822440,1747100
2017,379,431,168796,8333,822871,1806600
2018,376,396,168420,8313,823267,1782200
2019,388,443,168032,8258,823710,1860600
2020,397,425,167635,8230,824135,1789200
2021,357,419,167278,8168,824554,1710100
2022,392,423,166886,8137,824977,1700100
2023,398,409,166488,8126,825386,2082000
2024,372,405,166116,8093,825791,1820400
2025,411,408,165705,8096,826199,1795500
2026,383,429,165322,8050,826628,1830500
2027,403,381,164919,8072,827009,1811700
2028,376,379,164543,8069,827388,1784200
2029,389,431,164154,8027,827819,1743300
2030,412,449,163742,7990,828268,1837700
2031,391,369,163351,8012,828637,1789100
2032,401,421,162950,7992,829058,1776200
2033,380,406,162570,7966,829464,1708400
2034,405,392,162165,7979,829856,1828900
2035,375,368,161790,7986,830224,1833700
2036,393,439,161397,7940,830663,1780700
2037,391,433,161006,7898,831096,1706200
2038,390,406,160616,7882,831502,1668100
2039,351,420,160265,7813,831922,1788500
2040,367,365,159898,7815,832287,1759400
2041,386,379,159512,7822,832666,1802000
2042,404,400,159108,7826,833066,1728300
2043,388,374,158720,7840,833440,1811800
2044,384,401,158336,7823,833841,1715400
2045,395,385,157941,7833,834226,1709900
2046,345,378,157596,7800,834604,2105500
2047,393,380,157203,7813,834984,2108500
2048,394,384,156809,7823,835368,1918700
2049,403,382,156406,7844,835750,1698300
2050,390,389,156016,7845,836139,1706300
2051,392,407,155624,7830,836546,1724100
2052,362,421,155262,7771,836967,1700000
2053,407,387,154855,7791,837354,1782000
2054,391,398,154464,7784,837752,1806800
2055,367,381,154097,7770,838133,1735400
2056,408,365,153689,7813,838498,1677700
2057,369,370,153320,7812,838868,1709600
2058,366,390,152954,7788,839258,1813500
2059,338,383,152616,7743,839641,1682000
2060,373,389,152243,7727,840030,1712500
2061,332,381,151911,7678,840411,1786100
2062,366,390,151545,7654,840801,1775700
2063,384,385,151161,7653,841186,1710700
2064,364,404,150797,7613,841590,1709600
2065,356,370,150441,7599,841960,1786400
2066,368,342,150073,7625,842302,1802700
2067,334,388,149739,7571,842690,1751600
2068,356,373,149383,7554,843063,1743100
2069,348,363,149035,7539,843426,1667400
2070,336,394,148699,7481,843820,1781700
2071,303,356,148396,7428,844176,1682500
2072,349,388,148047,7389,844564,1707400
2073,334,389,147713,7334,844953,1814500
2074,318,379,147395,7273,845332,1752700
2075,329,369,147066,7233,845701,1671400
2076,305,370,146761,7168,846071,1712400
2077,314,351,146447,7131,846422,1730500
2078,308,366,146139,7073,846788,1701400
2079,334,366,145805,7041,847154,1703300
2080,318,339,145487,7020,847493,1776500
2081,329,342,145158,7007,847835,1764800
2082,366,362,144792,7011,848197,1744300
2083,349,372,144443,6988,848569,1683900
2084,344,367,144099,6965,848936,1810100
2085,327,307,143772,6985,849243,1868800
2086,333,336,143439,6982,849579,1731300
2087,351,315,143088,7018,849894,1719400
2088,350,373,142738,6995,850267,1684400
2089,365,333,142373,7027,850600,1796400
2090,300,341,142073,6986,850941,1701900
2091,332,332,141741,6986,851273,1702000
2092,325,338,141416,6973,851611,1823300
2093,329,327,141087,6975,851938,1787700
2094,329,332,140758,6972,852270,1715200
2095,345,299,140413,7018,852569,1715700
2096,314,385,140099,6947,852954,1684500
2097,297,330,139802,6914,853284,1760300
2098,331,354,139471,6891,853638,1709700
2099,306,349,139165,6848,853987,1680500
2100,297,341,138868,6804,854328,1881400
2101,306,315,138562,6795,854643,1793900
2102,300,329,138262,6766,854972,1708500
2103,314,328,137948,6752,855300,1660800
2104,316,328,137632,6740,855628,1704800
2105,320,328,137312,6732,855956,1714800
2106,313,335,136999,6710,856291,1699200
2107,315,332,136684,6693,856623,1795600
2108,298,336,136386,6655,856959,1706700
2109,317,355,136069,6617,857314,1663900
2110,315,332,135754,6600,857646,1705500
2111,339,311,135415,6628,857957,1937900
2112,300,355,135115,6573,858312,1872500
2113,306,346,134809,6533,858658,1886100
2114,311,336,134498,6508,858994,1796100
2115,296,297,134202,6507,859291,1749800
2116,303,340,133899,6470,859631,1694200
2117,299,338,133600,6431,859969,1933500
2118,281,316,133319,6396,860285,1758300
2119,304,345,133015,6355,860630,1684700
2120,302,298,132713,6359,860928,1756500
2121,301,308,132412,6352,861236,1821400
2122,283,323,132129,6312,861559,1997700
2123,340,305,131789,6347,861864,1848900
2124,321,312,131468,6356,862176,1802900
2125,311,303,131157,6364,862479,1713100
2126,316,326,130841,6354,862805,1953900
2127,262,287,130579,6329,863092,1703200
2128,291,299,130288,6321,863391,1788600
2129,297,327,129991,6291,863718,1874400
2130,269,311,129722,6249,864029,1717700
2131,285,321,129437,6213,864350,1702900
2132,289,303,129148,6199,864653,1702400
2133,287,288,128861,6198,864941,1704700
2134,320,341,128541,6177,865282,1689200
2135,267,285,128274,6159,865567,1690400
2136,284,329,127990,6114,865896,1807500
2137,284,300,127706,6098,866196,1716000
2138,243,319,127463,6022,866515,1755000
2139,283,306,127180,5999,866821,1894500
2140,287,296,126893,5990,867117,1724400
2141,265,274,126628,5981,867391,1761700
2142,263,286,126365,5958,867677,1778200
2143,276,263,126089,5971,867940,1827700
2144,277,323,125812,5925,868263,2028600
2145,304,299,125508,5930,868562,1828000
2146,266,305,125242,5891,868867,2011900
2147,293,318,124949,5866,869185,1800400
2148,288,280,124661,5874,869465,1742900
2149,281,292,124380,5863,869757,1687600
2150,300,287,124080,5876,870044,1636400
2151,262,294,123818,5844,870338,1807700
2152,271,296,123547,5819,870634,1721700
2153,278,302,123269,5795,870936,1954000
2154,268,280,123001,5783,871216,1721000
2155,290,287,122711,5786,871503,1687400
2156,262,266,122449,5782,871769,1753900
2157,312,299,122137,5795,872068,1968500
2158,312,309,121825,5798,872377,1681200
2159,274,300,121551,5772,872677,1682400
2160,282,310,121269,5744,872987,1785300
2161,287,278,120982,5753,873265,1722700
2162,285,283,120697,5755,873548,1667600
2163,287,284,120410,5758,873832,1691900
2164,241,279,120169,5720,874111,1986400
2165,274,276,119895,5718,874387,2090800
2166,235,277,119660,5676,874664,1842100
2167,260,269,119400,5667,874933,1747400
2168,269,286,119131,5650,875219,1689400
2169,259,316,118872,5593,875535,1686100
2170,265,285,118607,5573,875820,1778600
2171,251,285,118356,5539,876105,1678500
2172,255,276,118101,5518,876381,1685000
2173,245,294,117856,5469,876675,1774400
2174,229,268,117627,5430,876943,1747500
2175,248,279,117379,5399,877222,1688000
2176,242,248,117137,5393,877470,1681800
2177,253,302,116884,5344,877772,1782900
2178,252,267,116632,5329,878039,1706600
2179,246,284,116386,5291,878323,1671800
2180,231,279,116155,5243,878602,1674000
2181,262,246,115893,5259,878848,1716600
2182,253,275,115640,5237,879123,1626800
2183,274,231,115366,5280,879354,1699800
2184,263,266,115103,5277,879620,1747900
2185,231,290,114872,5218,879910,1634800
2186,261,278,114611,5201,880188,1668900
2187,245,295,114366,5151,880483,1752200
2188,240,251,114126,5140,880734,1666300
2189,261,263,113865,5138,880997,1720400
2190,261,259,113604,5140,881256,1828100
2191,251,273,113353,5118,881529,1746000
2192,252,270,113101,5100,881799,1898600
2193,254,274,112847,5080,882073,1697300
2194,243,231,112604,5092,882304,1841500
2195,258,246,112346,5104,882550,1890200
2196,272,245,112074,5131,882795,1814400
2197,245,256,111829,5120,883051,1723500
2198,245,255,111584,5110,883306,1621200
2199,258,257,111326,5111,883563,1670900
2200,225,268,111101,5068,883831,1717400
2201,238,263,110863,5043,884094,1928800
2202,234,270,110629,5007,884364,1795100
2203,246,250,110383,5003,884614,1991800
2204,258,241,110125,5020,884855,1806500
2205,261,260,109864,5021,885115,1686900
2206,258,251,109606,5028,885366,1752700
2207,227,253,109379,5002,885619,1694500
2208,251,241,109128,5012,885860,1782600
2209,248,272,108880,4988,886132,1888300
2210,255,262,108625,4981,886394,1704300
2211,246,253,108379,4974,886647,1654500
2212,246,248,108133,4972,886895,1670500
2213,239,246,107894,4965,887141,1741800
2214,291,256,107603,5000,887397,1687900
2215,259,240,107344,5019,887637,1670200
2216,231,274,107113,4976,887911,1769000
2217,233,232,106880,4977,888143,1656500
2218,247,241,106633,4983,888384,1669500
2219,242,265,106391,4960,888649,1845400
2220,238,251,106153,4947,888900,1789400
2221,225,239,105928,4933,889139,1709800
2222,229,254,105699,4908,889393,1677800
2223,228,232,105471,4904,889625,1731300
2224,224,262,105247,4866,889887,1782300
2225,217,246,105030,4837,890133,1748200
2226,226,262,104804,4801,890395,1689100
2227,198,246,104606,4753,890641,1887800
2228,224,237,104382,4740,890878,1755400
2229,226,239,104156,4727,891117,1710800
2230,221,227,103935,4721,891344,1681200
2231,214,244,103721,4691,891588,1780200
2232,233,243,103488,4681,891831,1764100
2233,236,242,103252,4675,892073,1700000
2234,205,262,103047,4618,892335,1687000
2235,230,216,102817,4632,892551,1777000
2236,222,216,102595,4638,892767,1770100
2237,246,228,102349,4656,892995,2001900
2238,228,223,102121,4661,893218,1761000
2239,217,238,101904,4640,893456,1758100
2240,222,233,101682,4629,893689,1737700
2241,245,219,101437,4655,893908,1773800
2242,243,228,101194,4670,894136,1754600
2243,252,231,100942,4691,894367,1746300
2244,214,284,100728,4621,894651,1803700
2245,220,235,100508,4606,894886,2042100
2246,237,226,100271,4617,895112,2077200
2247,244,229,100027,4632,895341,1883600
2248,212,215,99815,4629,895556,1814800
2249,230,246,99585,4613,895802,1799000
2250,237,235,99348,4615,896037,1800700
2251,244,234,99104,4625,896271,1776200
2252,198,238,98906,4585,896509,1778900
2253,225,231,98681,4579,896740,1831900
2254,233,210,98448,4602,896950,1963800
2255,238,216,98210,4624,897166,1825500
2256,218,225,97992,4617,897391,1821500
2257,254,208,97738,4663,897599,1802700
2258,225,228,97513,4660,897827,1870200
2259,251,228,97262,4683,898055,1907700
2260,242,267,97020,4658,898322,1847400
2261,236,247,96784,4647,898569,1916500
2262,261,216,96523,4692,898785,1714800
2263,225,242,96298,4675,899027,1736700
2264,245,223,96053,4697,899250,1739300
2265,244,233,95809,4708,899483,1801100
2266,237,230,95572,4715,899713,1743300
2267,240,225,95332,4730,899938,1881900
2268,250,222,95082,4758,900160,1808000
2269,224,252,94858,4730,900412,1797800
2270,262,247,94596,4745,900659,2381300
2271,217,260,94379,4702,900919,1818800
2272,221,235,94158,4688,901154,1760600
2273,239,245,93919,4682,901399,1759000
2274,235,226,93684,4691,901625,1801700
2275,215,236,93469,4670,901861,1719500
2276,236,233,93233,4673,902094,1750100
2277,249,230,92984,4692,902324,1808500
2278,225,241,92759,4676,902565,2028100
2279,240,262,92519,4654,902827,1818200
2280,202,263,92317,4593,903090,1746500
2281,222,249,92095,4566,903339,1810100
2282,213,250,91882,4529,903589,1750100
2283,231,228,91651,4532,903817,1966300
2284,236,222,91415,4546,904039,1761400
2285,194,209,91221,4531,904248,1923000
2286,227,231,90994,4527,904479,1761300
2287,221,245,90773,4503,904724,2014900
2288,219,206,90554,4516,904930,1747500
2289,205,220,90349,4501,905150,1749000
2290,217,258,90132,4460,905408,1745300
2291,232,221,89900,4471,905629,1753200
2292,188,213,89712,4446,905842,1752000
2293,220,204,89492,4462,906046,1738600
2294,253,251,89239,4464,906297,1803900
2295,245,216,88994,4493,906513,1747900
2296,227,233,88767,4487,906746,1692600
2297,219,209,88548,4497,906955,1694200
2298,217,219,88331,4495,907174,1772600
2299,230,232,88101,4493,907406,1729400
2300,226,246,87875,4473,907652,1687300
2301,207,201,87668,4479,907853,1636300
2302,229,208,87439,4500,908061,1743200
2303,226,220,87213,4506,908281,1710300
2304,236,249,86977,4493,908530,1774800
2305,231,220,86746,4504,908750,1682400
2306,208,247,86538,4465,908997,1707200
2307,209,224,86329,4450,909221,1674700
2308,224,218,86105,4456,909439,1797300
2309,218,214,85887,4460,909653,1684800
2310,212,226,85675,4446,909879,1657900
2311,207,214,85468,4439,910093,1717500
2312,202,228,85266,4413,910321,1761000
2313,204,223,85062,4394,910544,1752800
2314,215,202,84847,4407,910746,1775200
2315,182,209,84665,4380,910955,1723000
2316,198,200,84467,4378,911155,1784400
2317,206,235,84261,4349,911390,1749000
2318,210,202,84051,4357,911592,1765700
2319,173,202,83878,4328,911794,1703200
2320,199,216,83679,4311,912010,1789500
2321,212,220,83467,4303,912230,1740500
2322,213,208,83254,4308,912438,1756000
2323,197,204,83057,4301,912642,1691200
2324,201,213,82856,4289,912855,1770700
2325,222,219,82634,4292,913074,1640300
2326,185,208,82449,4269,913282,1693400
2327,205,212,82244,4262,913494,1772300
2328,198,217,82046,4243,913711,1710000
2329,180,240,81866,4183,913951,1674900
2330,215,182,81651,4216,914133,1672400
2331,195,225,81456,4186,914358,1734400
2332,186,196,81270,4176,914554,1723800
2333,195,206,81075,4165,914760,1716600
2334,215,219,80860,4161,914979,1757200
2335,198,214,80662,4145,915193,1811100
2336,210,215,80452,4140,915408,1726000
2337,198,208,80254,4130,915616,1743800
2338,203,218,80051,4115,915834,1698500
2339,238,219,79813,4134,916053,1719500
2340,211,218,79602,4127,916271,1653500
2341,211,206,79391,4132,916477,2025100
2342,223,204,79168,4151,916681,1801000
2343,206,181,78962,4176,916862,1990300
2344,206,195,78756,4187,917057,1995100
2345,226,196,78530,4217,917253,2223900
2346,214,240,78316,4191,917493,1796500
2347,196,188,78120,4199,917681,1786500
2348,208,215,77912,4192,917896,1740000
2349,210,233,77702,4169,918129,1956800
2350,204,200,77498,4173,918329,1721200
2351,210,236,77288,4147,918565,1778600
2352,212,189,77076,4170,918754,1649100
2353,200,211,76876,4159,918965,1716200
2354,202,206,76674,4155,919171,1713500
2355,199,208,76475,4146,919379,1775200
2356,232,209,76243,4169,919588,1748300
2357,194,207,76049,4156,919795,2026400
2358,218,194,75831,4180,919989,1701800
2359,209,201,75622,4188,920190,1683700
2360,204,230,75418,4162,920420,1777800
2361,214,200,75204,4176,920620,1730200
2362,194,195,75010,4175,920815,1677000
2363,191,202,74819,4164,921017,1681700
2364,227,215,74592,4176,921232,1760700
2365,208,199,74384,4185,921431,1667700
2366,197,203,74187,4179,921634,1681000
2367,204,214,73983,4169,921848,1657900
2368,187,213,73796,4143,922061,1680100
2369,198,204,73598,4137,922265,1627800
2370,195,222,73403,4110,922487,1777800
2371,186,206,73217,4090,922693,1724700
2372,179,204,73038,4065,922897,1627500
2373,201,194,72837,4072,923091,1725200
2374,207,205,72630,4074,923296,1651200
2375,216,200,72414,4090,923496,1663800
2376,186,223,72228,4053,923719,1774600
2377,175,200,72053,4028,923919,1678200
2378,190,183,71863,4035,924102,1884600
2379,194,181,71669,4048,924283,1688700
2380,202,213,71467,4037,924496,1641400
2381,203,184,71264,4056,924680,1650000
2382,187,196,71077,4047,924876,1667600
2383,188,218,70889,4017,925094,1645300
2384,211,218,70678,4010,925312,1734300
2385,182,201,70496,3991,925513,1651700
2386,188,211,70308,3968,925724,1635200
2387,200,187,70108,3981,925911,1724500
2388,181,186,69927,3976,926097,1647300
2389,166,180,69761,3962,926277,1971800
2390,184,234,69577,3912,926511,1959500
2391,134,176,69443,3870,926687,1994400
2392,164,177,69279,3857,926864,1695600
2393,200,178,69079,3879,927042,1922600
2394,178,210,68901,3847,927252,1860300
2395,182,198,68719,3831,927450,1706300
2396,164,199,68555,3796,927649,1663800
2397,166,198,68389,3764,927847,1636300
2398,152,177,68237,3739,928024,1667500
2399,143,169,68094,3713,928193,1630100
2400,158,193,67936,3678,928386,1756400
2401,182,170,67754,3690,928556,1665900
2402,181,176,67573,3695,928732,1850200
2403,159,179,67414,3675,928911,1683500
2404,189,192,67225,3672,929103,1746900
2405,179,172,67046,3679,929275,1654800
2406,175,156,66871,3698,929431,1677800
2407,162,182,66709,3678,929613,1785000
2408,144,177,66565,3645,929790,1687400
2409,201,186,66364,3660,929976,1710000
2410,144,182,66220,3622,930158,1662300
2411,178,188,66042,3612,930346,1699200
2412,166,176,65876,3602,930522,1768500
2413,159,160,65717,3601,930682,1634500
2414,166,160,65551,3607,930842,1768600
2415,182,177,65369,3612,931019,1680200
2416,150,190,65219,3572,931209,1627000
2417,160,160,65059,3572,931369,1784800
2418,182,178,64877,3576,931547,1724600
2419,170,180,64707,3566,931727,1641500
2420,178,181,64529,3563,931908,1668900
2421,161,174,64368,3550,932082,1673400
2422,178,184,64190,3544,932266,1654600
2423,149,189,64041,3504,932455,1664500
2424,166,175,63875,3495,932630,1712000
2425,165,156,63710,3504,932786,1709200
2426,205,184,63505,3525,932970,1664300
2427,192,176,63313,3541,933146,1774500
2428,157,183,63156,3515,933329,1666200
2429,186,190,62970,3511,933519,1905900
2430,138,189,62832,3460,933708,1834900
2431,154,160,62678,3454,933868,1778600
2432,181,176,62497,3459,934044,1687500
2433,168,193,62329,3434,934237,1651900
2434,149,165,62180,3418,934402,1636400
2435,151,172,62029,3397,934574,1732700
2436,164,177,61865,3384,934751,1637900
2437,151,179,61714,3356,934930,1666900
2438,161,174,61553,3343,935104,1736400
2439,173,174,61380,3342,935278,1657700
2440,176,173,61204,3345,935451,1686800
2441,141,140,61063,3346,935591,1773300
2442,148,148,60915,3346,935739,1689700
2443,144,157,60771,3333,935896,1667000
2444,153,146,60618,3340,936042,1628000
2445,140,168,60478,3312,936210,1696600
2446,145,161,60333,3296,936371,1660300
2447,164,164,60169,3296,936535,1623400
2448,173,181,59996,3288,936716,1892000
2449,158,148,59838,3298,936864,1641400
2450,146,165,59692,3279,937029,1847500
2451,163,187,59529,3255,937216,1776100
2452,155,166,59374,3244,937382,1744900
2453,136,171,59238,3209,937553,1628200
2454,141,186,59097,3164,937739,1658000
2455,135,162,58962,3137,937901,1771700
2456,135,165,58827,3107,938066,1661900
2457,144,153,58683,3098,938219,1653000
2458,145,154,58538,3089,938373,1791100
2459,157,165,58381,3081,938538,1707300
2460,129,159,58252,3051,938697,1658600
2461,128,169,58124,3010,938866,1617400
2462,170,163,57954,3017,939029,1707500
2463,147,161,57807,3003,939190,1672300
2464,160,150,57647,3013,939340,1627000
2465,142,150,57505,3005,939490,1709300
2466,131,153,57374,2983,939643,1617600
2467,134,170,57240,2947,939813,1669000
2468,155,145,57085,2957,939958,1680900
2469,125,131,56960,2951,940089,1632000
2470,142,152,56818,2941,940241,1996300
2471,135,160,56683,2916,940401,1797700
2472,158,161,56525,2913,940562,1691200
2473,143,138,56382,2918,940700,1704100
2474,130,146,56252,2902,940846,1682300
2475,129,132,56123,2899,940978,1691600
2476,145,163,55978,2881,941141,1704900
2477,143,141,55835,2883,941282,1781300
2478,130,141,55705,2872,941423,1768600
2479,152,127,55553,2897,941550,1825000
2480,139,144,55414,2892,941694,1750700
2481,131,139,55283,2884,941833,1743600
2482,147,162,55136,2869,941995,1724200
2483,125,162,55011,2832,942157,1771200
2484,127,153,54884,2806,942310,1797100
2485,130,125,54754,2811,942435,1752900
2486,123,156,54631,2778,942591,1792500
2487,114,130,54517,2762,942721,1715900
2488,117,128,54400,2751,942849,1725900
2489,116,140,54284,2727,942989,1887700
2490,125,130,54159,2722,943119,1688000
2491,111,158,54048,2675,943277,1665800
2492,117,130,53931,2662,943407,1717200
2493,130,138,53801,2654,943545,1673200
2494,110,144,53691,2620,943689,1653000
2495,133,148,53558,2605,943837,1648000
2496,112,138,53446,2579,943975,1657700
2497,106,142,53340,2543,944117,1629500
2498,106,142,53234,2507,944259,1860600
2499,115,130,53119,2492,944389,1649900
2500,126,130,52993,2488,944519,1638400
2501,111,146,52882,2453,944665,1708800
2502,120,122,52762,2451,944787,1695900
2503,105,112,52657,2444,944899,1879800
2504,108,135,52549,2417,945034,1737200
2505,141,106,52408,2452,945140,1669000
2506,107,114,52301,2445,945254,1766500
2507,121,139,52180,2427,945393,1786000
2508,119,130,52061,2416,945523,2121800
2509,141,121,51920,2436,945644,2186200
2510,107,126,51813,2417,945770,2054900
2511,121,113,51692,2425,945883,2045600
2512,116,108,51576,2433,945991,1876600
2513,113,111,51463,2435,946102,1830100
2514,114,130,51349,2419,946232,1798800
2515,125,118,51224,2426,946350,1800000
2516,99,139,51125,2386,946489,1909500
2517,113,112,51012,2387,946601,1847700
2518,110,124,50902,2373,946725,1949300
2519,112,120,50790,2365,946845,1975400
2520,121,120,50669,2366,946965,1839200
2521,119,123,50550,2362,947088,1794100
2522,103,123,50447,2342,947211,1785700
2523,136,108,50311,2370,947319,2032500
2524,114,140,50197,2344,947459,1864300
2525,119,108,50078,2355,947567,2045000
2526,117,133,49961,2339,947700,1814600
2527,120,109,49841,2350,947809,2056500
2528,106,135,49735,2321,947944,1820400
2529,104,100,49631,2325,948044,1791700
2530,113,118,49518,2320,948162,1786100
2531,117,124,49401,2313,948286,1737600
2532,111,130,49290,2294,948416,1734000
2533,110,97,49180,2307,948513,1779800
2534,114,119,49066,2302,948632,1770900
2535,98,115,48968,2285,948747,1729300
2536,102,116,48866,2271,948863,1875900
2537,105,115,48761,2261,948978,1765100
2538,105,91,48656,2275,949069,1894100
2539,111,110,48545,2276,949179,1748600
2540,89,116,48456,2249,949295,1916500
2541,117,120,48339,2246,949415,1873200
2542,113,106,48226,2253,949521,1748500
2543,96,109,48130,2240,949630,1738800
2544,92,121,48038,2211,949751,1948900
2545,91,117,47947,2185,949868,1794700
2546,106,104,47841,2187,949972,2014700
2547,101,110,47740,2178,950082,2048700
2548,109,95,47631,2192,950177,1882600
2549,113,112,47518,2193,950289,1994700
2550,102,96,47416,2199,950385,1738300
2551,94,99,47322,2194,950484,1758600
2552,88,109,47234,2173,950593,1708900
2553,101,126,47133,2148,950719,1885000
2554,102,88,47031,2162,950807,1825000
2555,95,99,46936,2158,950906,1799300
2556,111,87,46825,2182,950993,1699900
2557,93,128,46732,2147,951121,1733200
2558,114,108,46618,2153,951229,1726300
2559,96,101,46522,2148,951330,1824600
2560,97,95,46425,2150,951425,1749500
2561,87,118,46338,2119,951543,1832800
2562,75,100,46263,2094,951643,1845800
2563,96,126,46167,2064,951769,1803800
2564,82,100,46085,2046,951869,1774300
2565,79,113,46006,2012,951982,1774900
2566,92,89,45914,2015,952071,1906800
2567,83,105,45831,1993,952176,1828300
2568,92,92,45739,1993,952268,1732400
2569,66,90,45673,1969,952358,1814400
2570,83,98,45590,1954,952456,1716300
2571,91,94,45499,1951,952550,1727600
2572,87,92,45412,1946,952642,1817200
2573,73,100,45339,1919,952742,1852900
2574,78,97,45261,1900,952839,2041600
2575,85,102,45176,1883,952941,1778800
2576,88,87,45088,1884,953028,1772500
2577,76,85,45012,1875,953113,2071900
2578,64,84,44948,1855,953197,1873000
2579,75,100,44873,1830,953297,1854000
2580,86,76,44787,1840,953373,1830400
2581,73,96,44714,1817,953469,1740500
2582,76,100,44638,1793,953569,1673000
2583,78,98,44560,1773,953667,2117500
2584,75,89,44485,1759,953756,1711000
2585,71,91,44414,1739,953847,1798400
2586,73,95,44341,1717,953942,1799300
2587,98,91,44243,1724,954033,1771400
2588,83,94,44160,1713,954127,1761900
2589,81,89,44079,1705,954216,2015400
2590,82,86,43997,1701,954302,2019600
2591,79,86,43918,1694,954388,1877600
2592,97,91,43821,1700,954479,1785500
2593,95,89,43726,1706,954568,1829400
2594,82,90,43644,1698,954658,1786700
2595,67,69,43577,1696,954727,1805900
2596,72,82,43505,1686,954809,1782700
2597,79,72,43426,1693,954881,1910300
2598,78,73,43348,1698,954954,1831300
2599,84,84,43264,1698,955038,1861600
2600,77,96,43187,1679,955134,1746200
2601,73,84,43114,1668,955218,1758300
2602,83,95,43031,1656,955313,1776400
2603,83,98,42948,1641,955411,1745400
2604,71,77,42877,1635,955488,1952900
2605,73,71,42804,1637,955559,1929500
2606,71,77,42733,1631,955636,1871700
2607,68,78,42665,1621,955714,1822800
2608,70,84,42595,1607,955798,1841000
2609,81,71,42514,1617,955869,1992200
2610,81,62,42433,1636,955931,1932700
2611,81,82,42352,1635,956013,1882300
2612,80,92,42272,1623,956105,2009200
2613,84,86,42188,1621,956191,1901500
2614,78,86,42110,1613,956277,1845400
2615,92,83,42018,1622,956360,1872500
2616,96,77,41922,1641,956437,1848200
2617,69,81,41853,1629,956518,1820000
2618,76,89,41777,1616,956607,1771200
2619,74,81,41703,1609,956688,1811900
2620,79,90,41624,1598,956778,2350300
2621,83,75,41541,1606,956853,2089300
2622,76,80,41465,1602,956933,1753500
2623,85,88,41380,1599,957021,1704200
2624,75,79,41305,1595,957100,1664600
2625,73,78,41232,1590,957178,1731500
2626,66,94,41166,1562,957272,1760000
2627,72,82,41094,1552,957354,1785000
2628,87,78,41007,1561,957432,1987500
2629,87,71,40920,1577,957503,2060500
2630,70,65,40850,1582,957568,1799700
2631,72,70,40778,1584,957638,1751200
2632,67,82,40711,1569,957720,1697900
2633,74,80,40637,1563,957800,1703700
2634,87,70,40550,1580,957870,1851800
2635,71,74,40479,1577,957944,1677500
2636,75,68,40404,1584,958012,1643200
2637,80,89,40324,1575,958101,1819200
2638,79,66,40245,1588,958167,1771200
2639,76,75,40169,1589,958242,1867600
2640,59,86,40110,1562,958328,1718700
2641,74,75,40036,1561,958403,1687800
2642,66,71,39970,1556,958474,1736800
2643,75,78,39895,1553,958552,1737500
2644,74,69,39821,1558,958621,1883800
2645,68,68,39753,1558,958689,1706300
2646,66,79,39687,1545,958768,1689900
2647,64,66,39623,1543,958834,1749200
2648,70,81,39553,1532,958915,1782700
2649,60,63,39493,1529,958978,1796400
2650,54,81,39439,1502,959059,1807200
2651,68,68,39371,1502,959127,1773300
2652,62,81,39309,1483,959208,1932600
2653,62,77,39247,1468,959285,2252300
2654,55,77,39192,1446,959362,1979400
2655,65,62,39127,1449,959424,2438500
2656,55,66,39072,1438,959490,2043500
2657,47,74,39025,1411,959564,2138000
2658,58,70,38967,1399,959634,1987700
2659,56,70,38911,1385,959704,1837700
2660,51,46,38860,1390,959750,1779000
2661,62,77,38798,1375,959827,1837900
2662,58,79,38740,1354,959906,1807300
2663,56,61,38684,1349,959967,1744000
2664,61,76,38623,1334,960043,2163600
2665,65,61,38558,1338,960104,1851900
2666,58,69,38500,1327,960173,1668500
2667,51,68,38449,1310,960241,1751400
2668,59,61,38390,1308,960302,1760000
2669,74,65,38316,1317,960367,1796400
2670,58,55,38258,1320,960422,2019400
2671,62,71,38196,1311,960493,2319900
2672,59,51,38137,1319,960544,1959900
2673,56,66,38081,1309,960610,1929000
2674,53,61,38028,1301,960671,1848500
2675,51,57,37977,1295,960728,1861400
2676,55,66,37922,1284,960794,1799100
2677,63,63,37859,1284,960857,1780200
2678,54,65,37805,1273,960922,1751300
2679,66,67,37739,1272,960989,1898400
2680,54,63,37685,1263,961052,1829500
2681,56,57,37629,1262,961109,1818100
2682,63,77,37566,1248,961186,1762700
2683,58,68,37508,1238,961254,1903300
2684,58,75,37450,1221,961329,1830900
2685,64,57,37386,1228,961386,1970500
2686,68,62,37318,1234,961448,1821300
2687,57,55,37261,1236,961503,2310300
2688,55,68,37206,1223,961571,1944700
2689,49,57,37157,1215,961628,1857200
2690,57,67,37100,1205,961695,1818900
2691,63,76,37037,1192,961771,1771800
2692,42,63,36995,1171,961834,1767900
2693,53,50,36942,1174,961884,1914000
2694,68,52,36874,1190,961936,2033800
2695,57,61,36817,1186,961997,2069000
2696,61,55,36756,1192,962052,1976600
2697,63,61,36693,1194,962113,1933700
2698,45,59,36648,1180,962172,1999800
2699,63,55,36585,1188,962227,1866100
2700,53,61,36532,1180,962288,1788400
2701,58,56,36474,1182,962344,1800800
2702,58,57,36416,1183,962401,1910300
2703,66,54,36350,1195,962455,1962400
2704,54,50,36296,1199,962505,2002100
2705,57,57,36239,1199,962562,1991000
2706,54,71,36185,1182,962633,1895000
2707,47,42,36138,1187,962675,1760700
2708,48,56,36090,1179,962731,1745100
2709,58,69,36032,1168,962800,1732100
2710,58,55,35974,1171,962855,2165500
2711,57,54,35917,1174,962909,1755300
2712,67,53,35850,1188,962962,1729800
2713,63,54,35787,1197,963016,1726200
2714,54,56,35733,1195,963072,1763700
2715,51,53,35682,1193,963125,1731300
2716,62,61,35620,1194,963186,1740100
2717,53,61,35567,1186,963247,2010200
2718,52,63,35515,1175,963310,1790800
2719,66,70,35449,1171,963380,1764300
2720,54,52,35395,1173,963432,1883300
2721,56,62,35339,1167,963494,1806600
2722,61,59,35278,1169,963553,1763300
2723,55,58,35223,1166,963611,1878800
2724,62,45,35161,1183,963656,1775100
2725,56,49,35105,1190,963705,1921800
2726,45,77,35060,1158,963782,1760800
2727,54,64,35006,1148,963846,2071500
2728,56,60,34950,1144,963906,1744100
2729,71,52,34879,1163,963958,1829700
2730,50,56,34829,1157,964014,1682500
2731,62,50,34767,1169,964064,1695100
2732,60,57,34707,1172,964121,1760600
2733,59,60,34648,1171,964181,1819900
2734,58,54,34590,1175,964235,1693800
2735,55,59,34535,1171,964294,1694000
2736,75,60,34460,1186,964354,1716900
2737,59,44,34401,1201,964398,1859600
2738,66,57,34335,1210,964455,1758000
2739,61,60,34274,1211,964515,1676800
2740,58,63,34216,1206,964578,1742100
2741,60,62,34156,1204,964640,1721000
2742,56,48,34100,1212,964688,1720800
2743,72,58,34028,1226,964746,1926800
2744,61,48,33967,1239,964794,1752600
2745,50,65,33917,1224,964859,1717000
2746,68,48,33849,1244,964907,1763800
2747,70,65,33779,1249,964972,1672300
2748,65,61,33714,1253,965033,1715200
2749,47,62,33667,1238,965095,1731900
2750,58,69,33609,1227,965164,1803200
2751,55,52,33554,1230,965216,4122600
2752,62,62,33492,1230,965278,5417500
2753,57,76,33435,1211,965354,2223300
2754,51,67,33384,1195,965421,2008100
2755,56,51,33328,1200,965472,1906300
2756,52,51,33276,1201,965523,1815200
2757,62,55,33214,1208,965578,1848300
2758,56,55,33158,1209,965633,1870200
2759,58,65,33100,1202,965698,2012300
2760,67,51,33033,1218,965749,1946400
2761,67,54,32966,1231,965803,9798900
2762,78,54,32888,1255,965857,2172600
2763,74,68,32814,1261,965925,2342800
2764,60,67,32754,1254,965992,1837800
2765,75,66,32679,1263,966058,1795900
2766,65,58,32614,1270,966116,1757800
2767,51,69,32563,1252,966185,1753600
2768,61,71,32502,1242,966256,1780600
2769,61,76,32441,1227,966332,1760100
2770,58,56,32383,1229,966388,1961500
2771,60,73,32323,1216,966461,2049400
2772,55,57,32268,1214,966518,1857000
2773,44,60,32224,1198,966578,1893200
2774,48,55,32176,1191,966633,1839100
2775,54,67,32122,1178,966700,1833700
2776,52,63,32070,1167,966763,1850600
2777,53,66,32017,1154,966829,1724700
2778,60,52,31957,1162,966881,1760700
2779,61,57,31896,1166,966938,1730600
2780,59,54,31837,1171,966992,1996200
2781,57,55,31780,1173,967047,1763100
2782,48,63,31732,1158,967110,1969700
2783,49,55,31683,1152,967165,1757100
2784,59,64,31624,1147,967229,1854400
2785,53,55,31571,1145,967284,1744500
2786,68,53,31503,1160,967337,1670800
2787,46,63,31457,1143,967400,1675600
2788,47,57,31410,1133,967457,1784000
2789,57,54,31353,1136,967511,1729100
2790,48,46,31305,1138,967557,1747400
2791,49,40,31256,1147,967597,1757000
2792,66,54,31190,1159,967651,1700000
2793,39,59,31151,1139,967710,1721200
2794,59,52,31092,1146,967762,2184800
2795,57,57,31035,1146,967819,1749700
2796,52,63,30983,1135,967882,2181300
2797,52,53,30931,1134,967935,1971400
2798,57,49,30874,1142,967984,1867900
2799,48,56,30826,1134,968040,1783800
2800,45,53,30781,1126,968093,1884900
2801,40,58,30741,1108,968151,1931100
2802,48,53,30693,1103,968204,1863700
2803,39,54,30654,1088,968258,1892100
2804,67,41,30587,1114,968299,1976800
2805,47,56,30540,1105,968355,1741300
2806,50,54,30490,1101,968409,2077000
2807,60,57,30430,1104,968466,1707600
2808,47,64,30383,1087,968530,1735100
2809,57,51,30326,1093,968581,1722300
2810,47,49,30279,1091,968630,1624900
2811,47,61,30232,1077,968691,1724200
2812,47,47,30185,1077,968738,1622600
2813,60,68,30125,1069,968806,1818600
2814,42,50,30083,1061,968856,1750600
2815,48,47,30035,1062,968903,1694900
2816,51,57,29984,1056,968960,1666500
2817,41,45,29943,1052,969005,1660500
2818,49,50,29894,1051,969055,2009400
2819,47,43,29847,1055,969098,1696800
2820,41,43,29806,1053,969141,1665500
2821,47,55,29759,1045,969196,1665600
2822,45,47,29714,1043,969243,1899000
2823,50,55,29664,1038,969298,1785100
2824,53,42,29611,1049,969340,1706600
2825,43,49,29568,1043,969389,1744200
2826,48,57,29520,1034,969446,1737300
2827,38,59,29482,1013,969505,1823200
2828,55,52,29427,1016,969557,1692200
2829,42,41,29385,1017,969598,1889900
2830,57,53,29328,1021,969651,1725000
2831,57,52,29271,1026,969703,1807500
2832,42,42,29229,1026,969745,1708700
2833,51,41,29178,1036,969786,1664700
2834,48,52,29130,1032,969838,1814600
2835,36,56,29094,1012,969894,1720800
2836,43,48,29051,1007,969942,1687500
2837,57,56,28994,1008,969998,1667400
2838,45,56,28949,997,970054,1712900
2839,47,50,28902,994,970104,1668100
2840,49,54,28853,989,970158,1686500
2841,40,53,28813,976,970211,1717500
2842,51,45,28762,982,970256,1683300
2843,50,59,28712,973,970315,1795400
2844,49,49,28663,973,970364,1577600
2845,38,57,28625,954,970421,1727300
2846,47,51,28578,950,970472,1659200
2847,46,35,28532,961,970507,1781800
2848,44,45,28488,960,970552,1690100
2849,45,49,28443,956,970601,1828800
2850,49,53,28394,952,970654,1758800
2851,37,56,28357,933,970710,1714100
2852,47,42,28310,938,970752,1614300
2853,46,47,28264,937,970799,1662300
2854,41,50,28223,928,970849,1654600
2855,46,50,28177,924,970899,1829100
2856,39,51,28138,912,970950,1698800
2857,41,42,28097,911,970992,1686600
2858,48,58,28049,901,971050,1700900
2859,48,37,28001,912,971087,1676100
2860,42,42,27959,912,971129,1888800
2861,52,50,27907,914,971179,1728200
2862,47,50,27860,911,971229,1692300
2863,44,48,27816,907,971277,1849000
2864,56,51,27760,912,971328,1704500
2865,35,48,27725,899,971376,1683200
2866,52,51,27673,900,971427,1694400
2867,34,53,27639,881,971480,1784200
2868,41,56,27598,866,971536,1624000
2869,42,47,27556,861,971583,1655000
2870,43,38,27513,866,971621,1821300
2871,46,38,27467,874,971659,1675000
2872,53,38,27414,889,971697,1659100
2873,47,39,27367,897,971736,1681400
2874,50,41,27317,906,971777,1673700
2875,43,34,27274,915,971811,1670600
2876,40,48,27234,907,971859,1665600
2877,49,42,27185,914,971901,1785800
2878,50,47,27135,917,971948,1738500
2879,49,41,27086,925,971989,1719100
2880,49,35,27037,939,972024,1895000
2881,52,44,26985,947,972068,1769600
2882,51,47,26934,951,972115,1710800
2883,53,48,26881,956,972163,1727800
2884,36,40,26845,952,972203,1716200
2885,47,54,26798,945,972257,1750300
2886,42,45,26756,942,972302,1727900
2887,57,54,26699,945,972356,1738500
2888,36,35,26663,946,972391,1711500
2889,40,45,26623,941,972436,1672100
2890,40,54,26583,927,972490,1702800
2891,41,39,26542,929,972529,1660600
2892,39,39,26503,929,972568,1708200
2893,47,38,26456,938,972606,1740100
2894,47,49,26409,936,972655,1714100
2895,48,40,26361,944,972695,1718200
2896,42,35,26319,951,972730,1728700
2897,50,41,26269,960,972771,1739500
2898,35,48,26234,947,972819,1716400
2899,45,64,26189,928,972883,1838000
2900,46,53,26143,921,972936,1737500
2901,47,50,26096,918,972986,1870500
2902,49,54,26047,913,973040,1791300
2903,50,44,25997,919,973084,1775400
2904,47,53,25950,913,973137,1760200
2905,42,47,25908,908,973184,1756400
2906,49,37,25859,920,973221,1741200
2907,51,51,25808,920,973272,1704900
2908,47,43,25761,924,973315,1690200
2909,44,40,25717,928,973355,1819300
2910,45,38,25672,935,973393,1712500
2911,45,54,25627,926,973447,1688600
2912,45,48,25582,923,973495,1824000
2913,32,40,25550,915,973535,1866400
2914,44,41,25506,918,973576,1717400
2915,50,60,25456,908,973636,1743000
2916,42,39,25414,911,973675,1643400
2917,39,38,25375,912,973713,1712600
2918,44,38,25331,918,973751,1707100
2919,44,49,25287,913,973800,1675600
2920,49,39,25238,923,973839,1953000
2921,45,41,25193,927,973880,1926500
2922,55,35,25138,947,973915,2020800
2923,40,41,25098,946,973956,1742400
2924,45,44,25053,947,974000,1761100
2925,44,42,25009,949,974042,1674200
2926,40,51,24969,938,974093,1793500
2927,43,43,24926,938,974136,1654600
2928,45,43,24881,940,974179,1895900
2929,38,50,24843,928,974229,1822900
2930,43,39,24800,932,974268,1712200
2931,54,39,24746,947,974307,2218200
2932,61,45,24685,963,974352,1877300
2933,50,56,24635,957,974408,1685700
2934,49,42,24586,964,974450,2004200
2935,48,47,24538,965,974497,1705300
2936,48,46,24490,967,974543,1703100
2937,56,45,24434,978,974588,1707300
2938,46,56,24388,968,974644,1714900
2939,45,47,24343,966,974691,1902700
2940,51,55,24292,962,974746,1930200
2941,38,48,24254,952,974794,1655400
2942,34,53,24220,933,974847,1822300
2943,49,40,24171,942,974887,1895900
2944,39,51,24132,930,974938,1771700
2945,31,38,24101,923,974976,1758200
2946,40,56,24061,907,975032,1852700
2947,40,46,24021,901,975078,2124800
2948,48,45,23973,904,975123,1894100
2949,50,54,23923,900,975177,1715500
2950,32,51,23891,881,975228,1666400
2951,46,46,23845,881,975274,1688400
2952,53,52,23792,882,975326,1647700
2953,40,37,23752,885,975363,1738100
2954,41,51,23711,875,975414,2006200
2955,32,47,23679,860,975461,1720100
2956,47,52,23632,855,975513,1688300
2957,44,46,23588,853,975559,1615000
2958,47,28,23541,872,975587,1658700
2959,48,42,23493,878,975629,1616200
2960,47,40,23446,885,975669,1724600
2961,42,37,23404,890,975706,1704200
2962,37,42,23367,885,975748,1625100
2963,31,32,23336,884,975780,1707800
2964,43,42,23293,885,975822,1716600
2965,43,43,23250,885,975865,1963000
2966,43,42,23207,886,975907,1641900
2967,40,52,23167,874,975959,1633400
2968,36,49,23131,861,976008,1665700
2969,41,40,23090,862,976048,1666400
2970,38,45,23052,855,976093,1715700
2971,43,41,23009,857,976134,1672500
2972,34,52,22975,839,976186,1669200
2973,42,44,22933,837,976230,1617400
2974,40,50,22893,827,976280,1886800
2975,27,45,22866,809,976325,1699300
2976,29,47,22837,791,976372,1668400
2977,44,49,22793,786,976421,1797900
2978,28,40,22765,774,976461,2193900
2979,30,30,22735,774,976491,1922400
2980,36,37,22699,773,976528,1725100
2981,40,39,22659,774,976567,1817900
2982,37,37,22622,774,976604,1622700
2983,34,34,22588,774,976638,1631400
2984,33,48,22555,759,976686,1640900
2985,43,43,22512,759,976729,1613000
2986,37,35,22475,761,976764,1708700
2987,43,47,22432,757,976811,1639000
2988,40,29,22392,768,976840,1609500
2989,33,43,22359,758,976883,1720100
2990,29,35,22330,752,976918,1627300
2991,41,41,22289,752,976959,1734100
2992,33,35,22256,750,976994,1623700
2993,29,41,22227,738,977035,1781500
2994,28,45,22199,721,977080,1605600
2995,33,40,22166,714,977120,1607700
2996,39,34,22127,719,977154,1632900
2997,37,37,22090,719,977191,1629300
2998,28,47,22062,700,977238,1707300
2999,39,27,22023,712,977265,1600000
3000,27,39,21996,700,977304,1610800
3001,24,33,21972,691,977337,1723400
3002,45,33,21927,703,977370,1658900
3003,37,50,21890,690,977420,1781300
3004,40,24,21850,706,977444,1931000
3005,45,38,21805,713,977482,1710400
3006,36,33,21769,716,977515,1634900
3007,41,26,21728,731,977541,1631600
3008,45,35,21683,741,977576,1707300
3009,32,26,21651,747,977602,1624400
3010,42,32,21609,757,977634,1825700
3011,43,38,21566,762,977672,1608900
3012,53,39,21513,776,977711,1659200
3013,38,42,21475,772,977753,1657900
3014,44,41,21431,775,977794,1618300
3015,41,52,21390,764,977846,1666700
3016,53,35,21337,782,977881,1700900
3017,45,38,21292,789,977919,1953800
3018,50,39,21242,800,977958,1717700
3019,37,45,21205,792,978003,1676400
3020,35,42,21170,785,978045,1619800
3021,36,33,21134,788,978078,1607100
3022,40,44,21094,784,978122,1631900
3023,37,44,21057,777,978166,1606300
3024,40,34,21017,783,978200,1715000
3025,51,37,20966,797,978237,1767900
3026,37,39,20929,795,978276,1620300
3027,48,28,20881,815,978304,1716400
3028,42,32,20839,825,978336,1649000
3029,38,52,20801,811,978388,1620500
3030,45,39,20756,817,978427,1708800
3031,40,38,20716,819,978465,1655200
3032,49,37,20667,831,978502,1621900
3033,46,55,20621,822,978557,1719000
3034,35,35,20586,822,978592,1644200
3035,46,32,20540,836,978624,1608200
3036,35,44,20505,827,978668,1712700
3037,33,48,20472,812,978716,1637900
3038,34,36,20438,810,978752,1721000
3039,40,38,20398,812,978790,1702100
3040,43,35,20355,820,978825,1752000
3041,41,47,20314,814,978872,1605200
3042,40,31,20274,823,978903,1673400
3043,45,38,20229,830,978941,1661000
3044,38,41,20191,827,978982,1611000
3045,35,50,20156,812,979032,1704500
3046,32,43,20124,801,979075,1652500
3047,38,43,20086,796,979118,1619200
3048,41,41,20045,796,979159,1613900
3049,32,44,20013,784,979203,1613900
3050,41,37,19972,788,979240,1611600
3051,40,47,19932,781,979287,1763500
3052,44,30,19888,795,979317,1607700
3053,43,30,19845,808,979347,1657900
3054,37,31,19808,814,979378,1714000
3055,41,44,19767,811,979422,1616700
3056,39,43,19728,807,979465,1689900
3057,35,44,19693,798,979509,1627300
3058,38,37,19655,799,979546,1777200
3059,35,35,19620,799,979581,1641400
3060,28,37,19592,790,979618,1732900
3061,36,34,19556,792,979652,1589200
3062,28,44,19528,776,979696,1630500
3063,36,49,19492,763,979745,1719700
3064,32,31,19460,764,979776,1629800
3065,38,50,19422,752,979826,2092100
3066,41,34,19381,759,979860,1645900
3067,44,38,19337,765,979898,1628100
3068,36,26,19301,775,979924,1900500
3069,31,38,19270,768,979962,1665500
3070,27,42,19243,753,980004,1839500
3071,26,48,19217,731,980052,1623900
3072,24,36,19193,719,980088,1682200
3073,29,35,19164,713,980123,1694000
3074,30,50,19134,693,980173,1781300
3075,30,29,19104,694,980202,1672000
3076,20,40,19084,674,980242,1714300
3077,29,34,19055,669,980276,1664800
3078,31,32,19024,668,980308,2161200
3079,40,38,18984,670,980346,1680900
3080,30,42,18954,658,980388,1626100
3081,33,43,18921,648,980431,1636800
3082,20,30,18901,638,980461,1666300
3083,18,21,18883,635,980482,1631100
3084,21,27,18862,629,980509,1849500
3085,22,39,18840,612,980548,1603100
3086,33,29,18807,616,980577,1689600
3087,25,26,18782,615,980603,1675100
3088,31,23,18751,623,980626,1647000
3089,29,29,18722,623,980655,1632500
3090,38,32,18684,629,980687,1684100
3091,22,35,18662,616,980722,1886700
3092,30,31,18632,615,980753,1680100
3093,21,39,18611,597,980792,1721900
3094,18,24,18593,591,980816,1690500
3095,33,35,18560,589,980851,1751600
3096,25,29,18535,585,980880,1887000
3097,30,32,18505,583,980912,1675100
3098,18,48,18487,553,980960,1726800
3099,24,22,18463,555,980982,1823000
3100,22,35,18441,542,981017,1700500
3101,23,29,18418,536,981046,1644900
3102,22,30,18396,528,981076,1740000
3103,22,19,18374,531,981095,1756700
3104,28,35,18346,524,981130,1777900
3105,21,29,18325,516,981159,1701500
3106,28,25,18297,519,981184,1637700
3107,16,24,18281,511,981208,1681400
3108,20,19,18261,512,981227,1679200
3109,17,14,18244,515,981241,1677600
3110,20,20,18224,515,981261,1682100
3111,26,30,18198,511,981291,1742600
3112,20,24,18178,507,981315,1740000
3113,24,30,18154,501,981345,1724400
3114,29,26,18125,504,981371,1722900
3115,22,27,18103,499,981398,1738600
3116,15,25,18088,489,981423,1710800
3117,20,29,18068,480,981452,1670500
3118,20,34,18048,466,981486,1627200
3119,23,20,18025,469,981506,1752300
3120,20,19,18005,470,981525,1640500
3121,27,22,17978,475,981547,1674600
3122,13,22,17965,466,981569,1711300
3123,26,25,17939,467,981594,1649900
3124,19,22,17920,464,981616,1632300
3125,25,26,17895,463,981642,1655400
3126,24,19,17871,468,981661,1703000
3127,17,24,17854,461,981685,1687200
3128,21,24,17833,458,981709,1685900
3129,24,26,17809,456,981735,1666200
3130,9,25,17800,440,981760,1909300
3131,16,23,17784,433,981783,1727900
3132,20,21,17764,432,981804,1728400
3133,19,24,17745,427,981828,1811500
3134,22,25,17723,424,981853,1713000
3135,26,25,17697,425,981878,1701700
3136,18,24,17679,419,981902,1756500
3137,19,20,17660,418,981922,1681600
3138,13,18,17647,413,981940,1736700
3139,19,18,17628,414,981958,1666700
3140,28,16,17600,426,981974,1665500
3141,14,14,17586,426,981988,1675100
3142,18,19,17568,425,982007,1785700
3143,18,20,17550,423,982027,1704200
3144,19,21,17531,421,982048,1681700
3145,18,27,17513,412,982075,1689700
3146,17,18,17496,411,982093,1635600
3147,24,24,17472,411,982117,1697200
3148,22,17,17450,416,982134,1689200
3149,15,20,17435,411,982154,1664200
3150,12,21,17423,402,982175,1708200
3151,15,14,17408,403,982189,1666900
3152,18,25,17390,396,982214,1651400
3153,21,19,17369,398,982233,1659500
3154,19,20,17350,397,982253,1832900
3155,15,20,17335,392,982273,1777600
3156,16,16,17319,392,982289,1632800
3157,17,22,17302,387,982311,1655600
3158,22,26,17280,383,982337,1645600
3159,14,14,17266,383,982351,1637800
3160,16,13,17250,386,982364,1629600
3161,15,13,17235,388,982377,1866300
3162,15,19,17220,384,982396,1843700
3163,16,23,17204,377,982419,1625900
3164,29,19,17175,387,982438,1659300
3165,22,22,17153,387,982460,1655300
3166,17,22,17136,382,982482,1660600
3167,12,16,17124,378,982498,1751700
3168,19,18,17105,379,982516,1647100
3169,23,16,17082,386,982532,1644900
3170,17,23,17065,380,982555,1800600
3171,19,19,17046,380,982574,1702200
3172,16,16,17030,380,982590,1828200
3173,19,17,17011,382,982607,1677200
3174,19,18,16992,383,982625,1705600
3175,17,24,16975,376,982649,2225800
3176,13,12,16962,377,982661,1660400
3177,21,22,16941,376,982683,1924800
3178,20,23,16921,373,982706,1715200
3179,18,20,16903,371,982726,1634000
3180,14,19,16889,366,982745,1615500
3181,16,18,16873,364,982763,1718400
3182,17,11,16856,370,982774,1704900
3183,15,20,16841,365,982794,1576000
3184,21,17,16820,369,982811,1740100
3185,22,18,16798,373,982829,1646400
3186,13,17,16785,369,982846,1600700
3187,19,19,16766,369,982865,1723200
3188,15,16,16751,368,982881,1685900
3189,18,24,16733,362,982905,1920900
3190,23,17,16710,368,982922,1868100
3191,24,16,16686,376,982938,1739300
3192,19,26,16667,369,982964,1707300
3193,19,13,16648,375,982977,1637000
3194,14,16,16634,373,982993,1623000
3195,17,17,16617,373,983010,1683000
3196,20,16,16597,377,983026,1654700
3197,16,17,16581,376,983043,1601000
3198,15,16,16566,375,983059,1669200
3199,14,19,16552,370,983078,1608300
3200,14,24,16538,360,983102,1628300
3201,8,17,16530,351,983119,1630100
3202,19,19,16511,351,983138,1602300
3203,16,19,16495,348,983157,1855400
3204,12,18,16483,342,983175,1728100
3205,11,15,16472,338,983190,1615300
3206,9,17,16463,330,983207,1610100
3207,18,14,16445,334,983221,1705700
3208,22,21,16423,335,983242,1617000
3209,16,18,16407,333,983260,1668400
3210,16,14,16391,335,983274,1665200
3211,19,16,16372,338,983290,1666200
3212,21,26,16351,333,983316,1836600
3213,17,17,16334,333,983333,2004700
3214,12,13,16322,332,983346,1888700
3215,17,13,16305,336,983359,1692000
3216,21,18,16284,339,983377,1608800
3217,15,16,16269,338,983393,1613600
3218,17,17,16252,338,983410,1658200
3219,20,21,16232,337,983431,1615300
3220,15,20,16217,332,983451,1733800
3221,10,16,16207,326,983467,1822100
3222,11,15,16196,322,983482,1608400
3223,14,19,16182,317,983501,1611200
3224,10,16,16172,311,983517,1669500
3225,16,19,16156,308,983536,1607800
3226,11,16,16145,303,983552,1626600
3227,7,13,16138,297,983565,1648100
3228,11,10,16127,298,983575,1613100
3229,17,10,16110,305,983585,1710300
3230,10,12,16100,303,983597,1675000
3231,8,12,16092,299,983609,1617500
3232,7,15,16085,291,983624,1706600
3233,12,12,16073,291,983636,1845500
3234,9,16,16064,284,983652,1577400
3235,8,13,16056,279,983665,1625400
3236,14,12,16042,281,983677,1651400
3237,16,15,16026,282,983692,1625500
3238,8,14,16018,276,983706,1710700
3239,10,23,16008,263,983729,1666300
3240,9,10,15999,262,983739,1900800
3241,8,14,15991,256,983753,1621400
3242,17,12,15974,261,983765,1741000
3243,10,13,15964,258,983778,1639000
3244,8,15,15956,251,983793,1665300
3245,8,7,15948,252,983800,1712000
3246,7,12,15941,247,983812,1640200
3247,8,14,15933,241,983826,1607700
3248,9,15,15924,235,983841,1717600
3249,10,9,15914,236,983850,1855000
3250,6,9,15908,233,983859,1588700
3251,8,11,15900,230,983870,1710200
3252,9,11,15891,228,983881,1617600
3253,14,13,15877,229,983894,1629000
3254,8,14,15869,223,983908,1611600
3255,7,14,15862,216,983922,1649100
3256,10,13,15852,213,983935,1606000
3257,11,13,15841,211,983948,1704200
3258,10,11,15831,210,983959,1963400
3259,10,6,15821,214,983965,1627200
3260,12,13,15809,213,983978,1611200
3261,10,13,15799,210,983991,1706900
3262,9,10,15790,209,984001,1631800
3263,10,16,15780,203,984017,1601700
3264,9,12,15771,200,984029,1682200
3265,9,6,15762,203,984035,1604500
3266,7,8,15755,202,984043,1604600
3267,9,9,15746,202,984052,1870400
3268,7,13,15739,196,984065,1613600
3269,8,8,15731,196,984073,1604800
3270,3,8,15728,191,984081,1693500
3271,5,9,15723,187,984090,1610100
3272,5,7,15718,185,984097,1612000
3273,4,6,15714,183,984103,1659100
3274,5,9,15709,179,984112,1611100
3275,8,5,15701,182,984117,1614300
3276,2,10,15699,174,984127,1676700
3277,5,6,15694,173,984133,1640800
3278,13,9,15681,177,984142,1708200
3279,4,9,15677,172,984151,1625600
3280,11,13,15666,170,984164,1608800
3281,9,11,15657,168,984175,1709900
3282,6,12,15651,162,984187,1607700
3283,8,7,15643,163,984194,1660900
3284,5,9,15638,159,984203,1614800
3285,7,2,15631,164,984205,1712100
3286,7,13,15624,158,984218,1639300
3287,6,6,15618,158,984224,1700600
3288,5,9,15613,154,984233,1606700
3289,7,10,15606,151,984243,1832400
3290,8,4,15598,155,984247,1725300
3291,11,6,15587,160,984253,2107500
3292,4,5,15583,159,984258,2199200
3293,9,5,15574,163,984263,1736100
3294,4,8,15570,159,984271,1688700
3295,9,9,15561,159,984280,1868300
3296,8,8,15553,159,984288,1610900
3297,11,5,15542,165,984293,1714900
3298,6,11,15536,160,984304,1629300
3299,5,6,15531,159,984310,1597300
3300,8,5,15523,162,984315,1728300
3301,14,5,15509,171,984320,1617100
3302,4,7,15505,168,984327,1613200
3303,13,12,15492,169,984339,1709600
3304,3,16,15489,156,984355,1954000
3305,5,2,15484,159,984357,1672800
3306,6,9,15478,156,984366,1702300
3307,7,12,15471,151,984378,1710100
3308,4,8,15467,147,984386,1608500
3309,7,10,15460,144,984396,1609000
3310,8,8,15452,144,984404,1706200
3311,8,7,15444,145,984411,1609200
3312,7,6,15437,146,984417,1705400
3313,3,4,15434,145,984421,1621100
3314,4,3,15430,146,984424,1612100
3315,8,8,15422,146,984432,1616400
3316,8,10,15414,144,984442,1639900
3317,7,13,15407,138,984455,1598700
3318,6,10,15401,134,984465,1722600
3319,4,4,15397,134,984469,1601200
3320,8,6,15389,136,984475,1610200
3321,13,4,15376,145,984479,1742300
3322,5,8,15371,142,984487,1856200
3323,9,7,15362,144,984494,1884700
3324,13,9,15349,148,984503,1896000
3325,6,12,15343,142,984515,1816900
3326,8,8,15335,142,984523,1830500
3327,6,8,15329,140,984531,1948000
3328,6,4,15323,142,984535,1803900
3329,4,9,15319,137,984544,1931300
3330,7,11,15312,133,984555,1906500
3331,4,7,15308,130,984562,1707300
3332,9,3,15299,136,984565,2081500
3333,5,2,15294,139,984567,1764000
3334,9,7,15285,141,984574,1643700
3335,7,8,15278,140,984582,1690700
3336,3,5,15275,138,984587,1617300
3337,7,10,15268,135,984597,1641400
3338,8,7,15260,136,984604,1669900
3339,5,7,15255,134,984611,1621700
3340,6,7,15249,133,984618,1615000
3341,3,8,15246,128,984626,1660200
3342,3,4,15243,127,984630,1625500
3343,7,11,15236,123,984641,1707200
3344,3,8,15233,118,984649,1630700
3345,5,11,15228,112,984660,1601400
3346,8,7,15220,113,984667,1712100
3347,5,3,15215,115,984670,1614000
3348,4,2,15211,117,984672,1629900
3349,5,8,15206,114,984680,1699400
3350,3,4,15203,113,984684,1613800
3351,7,5,15196,115,984689,1612800
3352,7,4,15189,118,984693,1677800
3353,3,5,15186,116,984698,1606100
3354,4,7,15182,113,984705,1809600
3355,5,5,15177,113,984710,1714300
3356,5,4,15172,114,984714,1610800
3357,5,6,15167,113,984720,1617700
3358,5,4,15162,114,984724,1600200
3359,3,5,15159,112,984729,1614200
3360,5,9,15154,108,984738,1718200
3361,4,2,15150,110,984740,2011500
3362,4,4,15146,110,984744,1959800
3363,6,10,15140,106,984754,1826100
3364,5,8,15135,103,984762,1763900
3365,4,9,15131,98,984771,1793800
3366,6,5,15125,99,984776,1722100
3367,3,7,15122,95,984783,1938100
3368,4,3,15118,96,984786,1769100
3369,5,8,15113,93,984794,1881500
3370,3,7,15110,89,984801,1653200
3371,1,2,15109,88,984803,1693500
3372,2,7,15107,83,984810,1634300
3373,1,4,15106,80,984814,1618700
3374,2,1,15104,81,984815,1685200
3375,1,6,15103,76,984821,1872300
3376,0,1,15103,75,984822,1743400
3377,2,3,15101,74,984825,1735200
3378,3,5,15098,72,984830,1665100
3379,2,2,15096,72,984832,1693400
3380,1,5,15095,68,984837,1671100
3381,2,2,15093,68,984839,1905800
3382,1,8,15092,61,984847,1720700
3383,1,4,15091,58,984851,1760000
3384,2,1,15089,59,984852,1858800
3385,1,1,15088,59,984853,1892900
3386,2,1,15086,60,984854,2082200
3387,4,2,15082,62,984856,1835300
3388,3,4,15079,61,984860,1732100
3389,0,3,15079,58,984863,1767100
3390,3,5,15076,56,984868,1807000
3391,0,3,15076,53,984871,1731100
3392,3,0,15073,56,984871,1886100
3393,1,1,15072,56,984872,1917100
3394,3,5,15069,54,984877,1691900
3395,4,3,15065,55,984880,1698100
3396,0,5,15065,50,984885,1656800
3397,3,2,15062,51,984887,1663800
3398,2,3,15060,50,984890,1715800
3399,2,1,15058,51,984891,1674200
3400,4,9,15054,46,984900,1674800
3401,2,4,15052,44,984904,1675900
3402,1,1,15051,44,984905,1662700
3403,0,3,15051,41,984908,1647200
3404,3,4,15048,40,984912,1728100
3405,2,0,15046,42,984912,1669300
3406,1,1,15045,42,984913,1909600
3407,0,4,15045,38,984917,1881700
3408,0,0,15045,38,984917,1664600
3409,1,2,15044,37,984919,1744800
3410,0,2,15044,35,984921,1688600
3411,2,4,15042,33,984925,1664900
3412,1,2,15041,32,984927,1728400
3413,1,0,15040,33,984927,1662300
3414,1,2,15039,32,984929,1655900
3415,0,1,15039,31,984930,1743100
3416,2,1,15037,32,984931,1701000
3417,1,3,15036,30,984934,1666900
3418,0,2,15036,28,984936,1704300
3419,1,1,15035,28,984937,1646700
3420,1,0,15034,29,984937,1672400
3421,2,1,15032,30,984938,1570700
3422,0,4,15032,26,984942,2015600
3423,0,2,15032,24,984944,1630700
3424,1,1,15031,24,984945,1609900
3425,0,3,15031,21,984948,1713500
3426,1,0,15030,22,984948,1626600
3427,1,1,15029,22,984949,1600600
3428,0,1,15029,21,984950,1785400
3429,0,2,15029,19,984952,1605100
3430,0,0,15029,19,984952,1607000
3431,0,4,15029,15,984956,1710100
3432,0,1,15029,14,984957,1623300
3433,0,0,15029,14,984957,1605100
3434,0,1,15029,13,984958,1711200
3435,0,1,15029,12,984959,1607800
3436,0,2,15029,10,984961,1626400
3437,0,0,15029,10,984961,1697200
3438,0,0,15029,10,984961,1618800
3439,0,0,15029,10,984961,1606700
3440,0,2,15029,8,984963,1656900
3441,0,0,15029,8,984963,1607400
3442,0,1,15029,7,984964,1700800
3443,0,1,15029,6,984965,1814300
3444,0,0,15029,6,984965,1615800
3445,0,1,15029,5,984966,1683700
3446,0,0,15029,5,984966,1736400
3447,0,1,15029,4,984967,1626400
3448,0,0,15029,4,984967,1613400
3449,0,0,15029,4,984967,1605400
3450,0,0,15029,4,984967,1605200
3451,0,0,15029,4,984967,1609900
3452,0,0,15029,4,984967,1718500
3453,0,0,15029,4,984967,1607700
3454,0,0,15029,4,984967,1704400
3455,0,0,15029,4,984967,1646700
3456,0,0,15029,4,984967,1617400
3457,0,0,15029,4,984967,1603500
3458,0,0,15029,4,984967,1606900
3459,0,0,15029,4,984967,1618500
3460,0,0,15029,4,984967,1692300
3461,0,1,15029,3,984968,1600900
3462,0,0,15029,3,984968,1645300
3463,0,0,15029,3,984968,1684200
3464,0,0,15029,3,984968,1617600
3465,0,0,15029,3,984968,1617000
3466,0,0,15029,3,984968,1704100
3467,0,0,15029,3,984968,1842700
3468,0,0,15029,3,984968,1617800
3469,0,0,15029,3,984968,1702600
3470,0,0,15029,3,984968,1608500
3471,0,0,15029,3,984968,1606800
3472,0,0,15029,3,984968,1697500
3473,0,0,15029,3,984968,1606400
3474,0,1,15029,2,984969,1603000
3475,0,0,15029,2,984969,1705600
3476,0,0,15029,2,984969,1679500
3477,0,1,15029,1,984970,1657100
3478,0,0,15029,1,984970,1697500
3479,0,0,15029,1,984970,1956400
3480,0,0,15029,1,984970,1656300
3481,0,0,15029,1,984970,1632000
3482,0,0,15029,1,984970,1703500
3483,0,0,15029,1,984970,1840200
3484,0,1,15029,0,984971,1883000
