Tick,NewlyInfected,NewlyRecovered,TotalSusceptible,TotalInfected,TotalRecovered,StepTimeNanos
0,1,0,1562494,6,0,3857000
1,4,0,1562490,10,0,3739400
2,3,0,1562487,13,0,3938000
3,3,0,1562484,16,0,3774000
4,6,0,1562478,22,0,3749600
5,4,1,1562474,25,1,3858400
6,1,2,1562473,24,3,3909700
7,5,1,1562468,28,4,3804500
8,4,2,1562464,30,6,3778800
9,14,4,1562450,40,10,3995200
10,4,3,1562446,41,13,4274800
11,5,3,1562441,43,16,3767800
12,6,3,1562435,46,19,3834400
13,6,1,1562429,51,20,3858000
14,4,1,1562425,54,21,3805200
15,9,0,1562416,63,21,3848300
16,7,4,1562409,66,25,3845000
17,6,3,1562403,69,28,3902600
18,5,2,1562398,72,30,3925300
19,7,7,1562391,72,37,3911000
20,6,8,1562385,70,45,3887300
21,9,5,1562376,74,50,3886700
22,7,5,1562369,76,55,3809700
23,8,0,1562361,84,55,3853600
24,3,3,1562358,84,58,3783000
25,6,6,1562352,84,64,4076100
26,13,6,1562339,91,70,3943600
27,10,3,1562329,98,73,3841500
28,9,8,1562320,99,81,3849200
29,9,6,1562311,102,87,4063800
30,13,6,1562298,109,93,4147700
31,13,8,1562285,114,101,4145700
32,12,12,1562273,114,113,4300100
33,14,1,1562259,127,114,3961100
34,13,9,1562246,131,123,3881800
35,16,7,1562230,140,130,4442800
36,23,3,1562207,160,133,4010800
37,15,9,1562192,166,142,3828700
38,18,6,1562174,178,148,3868400
39,14,8,1562160,184,156,4279800
40,11,7,1562149,188,163,3848100
41,26,8,1562123,206,171,3782300
42,18,14,1562105,210,185,3899400
43,21,15,1562084,216,200,3850300
44,25,10,1562059,231,210,3811800
45,22,14,1562037,239,224,3836900
46,31,16,1562006,254,240,3913600
47,20,15,1561986,259,255,4119400
48,29,10,1561957,278,265,3983700
49,21,16,1561936,283,281,4083100
50,23,22,1561913,284,303,3882200
51,27,18,1561886,293,321,3863500
52,20,17,1561866,296,338,3824800
53,30,11,1561836,315,349,3951300
54,31,21,1561805,325,370,3859300
55,34,17,1561771,342,387,4390500
56,24,18,1561747,348,405,4043700
57,37,18,1561710,367,423,3955000
58,38,17,1561672,388,440,3838100
59,32,14,1561640,406,454,3796700
60,29,13,1561611,422,467,3903700
61,41,25,1561570,438,492,3848400
62,39,17,1561531,460,509,3819900
63,35,19,1561496,476,528,3955800
64,40,22,1561456,494,550,3912600
65,33,24,1561423,503,574,3863200
66,36,22,1561387,517,596,3820200
67,33,27,1561354,523,623,4337800
68,41,25,1561313,539,648,3993400
69,44,29,1561269,554,677,3996900
70,40,33,1561229,561,710,4127800
71,35,24,1561194,572,734,4193300
72,42,28,1561152,586,762,4007800
73,40,24,1561112,602,786,3924300
74,42,32,1561070,612,818,3862500
75,38,33,1561032,617,851,3941000
76,46,27,1560986,636,878,3836700
77,35,27,1560951,644,905,3831600
78,50,37,1560901,657,942,3927800
79,60,33,1560841,684,975,3892200
80,48,28,1560793,704,1003,3869700
81,56,45,1560737,715,1048,3879500
82,48,39,1560689,724,1087,3935800
83,56,46,1560633,734,1133,3870800
84,45,26,1560588,753,1159,3861700
85,53,32,1560535,774,1191,3908600
86,47,38,1560488,783,1229,3914300
87,61,41,1560427,803,1270,3860400
88,45,38,1560382,810,1308,3886700
89,58,44,1560324,824,1352,3899200
90,56,42,1560268,838,1394,4146500
91,60,35,1560208,863,1429,4267800
92,67,46,1560141,884,1475,4040700
93,83,43,1560058,924,1518,4080400
94,65,41,1559993,948,1559,4353900
95,54,47,1559939,955,1606,4022700
96,64,60,1559875,959,1666,4038000
97,74,52,1559801,981,1718,3987100
98,73,41,1559728,1013,1759,3992000
99,50,63,1559678,1000,1822,3871300
100,69,48,1559609,1021,1870,3957500
101,73,52,1559536,1042,1922,3958100
102,60,47,1559476,1055,1969,3930400
103,74,53,1559402,1076,2022,3902800
104,66,51,1559336,1091,2073,3936100
105,79,56,1559257,1114,2129,3885100
106,78,59,1559179,1133,2188,3966400
107,64,46,1559115,1151,2234,3944600
108,75,68,1559040,1158,2302,3940400
109,83,57,1558957,1184,2359,3984300
110,82,74,1558875,1192,2433,3934600
111,88,61,1558787,1219,2494,3988800
112,75,48,1558712,1246,2542,3895700
113,76,62,1558636,1260,2604,4009500
114,82,73,1558554,1269,2677,3901500
115,71,68,1558483,1272,2745,3994000
116,91,74,1558392,1289,2819,3882200
117,78,57,1558314,1310,2876,4067700
118,72,65,1558242,1317,2941,4142800
119,62,68,1558180,1311,3009,3963500
120,77,59,1558103,1329,3068,3911000
121,93,69,1558010,1353,3137,4003200
122,71,66,1557939,1358,3203,4104800
123,80,70,1557859,1368,3273,4013300
124,89,75,1557770,1382,3348,4014600
125,74,81,1557696,1375,3429,4083700
126,100,67,1557596,1408,3496,4102800
127,106,63,1557490,1451,3559,4107300
128,93,78,1557397,1466,3637,4039500
129,95,64,1557302,1497,3701,4248100
130,89,90,1557213,1496,3791,4184100
131,85,71,1557128,1510,3862,3983800
132,96,72,1557032,1534,3934,4120000
133,112,75,1556920,1571,4009,4089300
134,98,85,1556822,1584,4094,4075200
135,88,61,1556734,1611,4155,4013300
136,93,82,1556641,1622,4237,4470000
137,82,70,1556559,1634,4307,4017300
138,84,92,1556475,1626,4399,4081700
139,99,84,1556376,1641,4483,4040200
140,105,84,1556271,1662,4567,4075800
141,87,95,1556184,1654,4662,4008200
142,105,86,1556079,1673,4748,4156900
143,111,90,1555968,1694,4838,4185800
144,107,76,1555861,1725,4914,4214600
145,98,74,1555763,1749,4988,4069200
146,111,82,1555652,1778,5070,4176900
147,111,81,1555541,1808,5151,4436900
148,113,73,1555428,1848,5224,4072900
149,103,96,1555325,1855,5320,4367600
150,112,102,1555213,1865,5422,4197600
151,89,101,1555124,1853,5523,4338000
152,97,84,1555027,1866,5607,4055300
153,97,94,1554930,1869,5701,4038000
154,124,92,1554806,1901,5793,4137900
155,125,95,1554681,1931,5888,4081300
156,94,99,1554587,1926,5987,4037500
157,104,112,1554483,1918,6099,4120200
158,106,115,1554377,1909,6214,4114000
159,112,98,1554265,1923,6312,4103700
160,118,95,1554147,1946,6407,4061600
161,124,91,1554023,1979,6498,4052800
162,117,91,1553906,2005,6589,4289400
163,119,109,1553787,2015,6698,4422800
164,111,107,1553676,2019,6805,4126800
165,117,101,1553559,2035,6906,4075500
166,121,105,1553438,2051,7011,4374800
167,129,96,1553309,2084,7107,4275700
168,128,101,1553181,2111,7208,4075500
169,116,97,1553065,2130,7305,4394600
170,118,112,1552947,2136,7417,3961000
171,148,97,1552799,2187,7514,4086500
172,118,121,1552681,2184,7635,3979300
173,103,113,1552578,2174,7748,4082700
174,115,125,1552463,2164,7873,4057500
175,129,106,1552334,2187,7979,4218800
176,140,106,1552194,2221,8085,4003900
177,126,108,1552068,2239,8193,4764100
178,114,125,1551954,2228,8318,4048600
179,134,99,1551820,2263,8417,4109600
180,117,113,1551703,2267,8530,4262300
181,114,113,1551589,2268,8643,4245300
182,113,104,1551476,2277,8747,4104600
183,140,123,1551336,2294,8870,4145600
184,114,113,1551222,2295,8983,4323300
185,127,110,1551095,2312,9093,4069000
186,134,107,1550961,2339,9200,4042800
187,151,115,1550810,2375,9315,4102000
188,128,113,1550682,2390,9428,4226100
189,134,112,1550548,2412,9540,4027900
190,146,116,1550402,2442,9656,4014300
191,134,127,1550268,2449,9783,4374800
192,142,118,1550126,2473,9901,4218000
193,114,106,1550012,2481,10007,4038200
194,152,134,1549860,2499,10141,4116900
195,139,142,1549721,2496,10283,4084200
196,142,131,1549579,2507,10414,4102400
197,161,134,1549418,2534,10548,4016400
198,154,127,1549264,2561,10675,3968700
199,140,128,1549124,2573,10803,4140500
200,138,130,1548986,2581,10933,4038600
201,129,126,1548857,2584,11059,3995700
202,154,126,1548703,2612,11185,3991400
203,163,154,1548540,2621,11339,4181000
204,145,139,1548395,2627,11478,4044000
205,157,129,1548238,2655,11607,3988200
206,162,146,1548076,2671,11753,4065100
207,145,146,1547931,2670,11899,4673700
208,151,130,1547780,2691,12029,4087800
209,139,131,1547641,2699,12160,4019100
210,158,119,1547483,2738,12279,4011800
211,148,129,1547335,2757,12408,4180100
212,177,134,1547158,2800,12542,4050200
213,172,133,1546986,2839,12675,4020500
214,180,138,1546806,2881,12813,4205900
215,171,141,1546635,2911,12954,4128500
216,148,152,1546487,2907,13106,4072200
217,159,141,1546328,2925,13247,4070300
218,171,158,1546157,2938,13405,4207800
219,174,149,1545983,2963,13554,4134700
220,144,159,1545839,2948,13713,4025500
221,160,137,1545679,2971,13850,4326400
222,194,139,1545485,3026,13989,4162500
223,171,146,1545314,3051,14135,4149800
224,166,133,1545148,3084,14268,4039500
225,197,140,1544951,3141,14408,4113200
226,184,152,1544767,3173,14560,4046500
227,184,157,1544583,3200,14717,4194700
228,212,143,1544371,3269,14860,4058200
229,181,165,1544190,3285,15025,4099900
230,195,165,1543995,3315,15190,4065500
231,195,158,1543800,3352,15348,4124700
232,193,171,1543607,3374,15519,4066800
233,194,165,1543413,3403,15684,4143600
234,170,147,1543243,3426,15831,4112300
235,185,157,1543058,3454,15988,4149100
236,199,181,1542859,3472,16169,4081800
237,215,194,1542644,3493,16363,4408700
238,200,173,1542444,3520,16536,4106500
239,191,179,1542253,3532,16715,4172600
240,198,168,1542055,3562,16883,4120600
241,217,174,1541838,3605,17057,4097100
242,195,175,1541643,3625,17232,4119600
243,185,176,1541458,3634,17408,4170300
244,181,168,1541277,3647,17576,4075100
245,192,191,1541085,3648,17767,4077700
246,215,184,1540870,3679,17951,4081900
247,192,160,1540678,3711,18111,4178700
248,210,173,1540468,3748,18284,4543800
249,202,184,1540266,3766,18468,4088200
250,184,189,1540082,3761,18657,4114300
251,198,182,1539884,3777,18839,4168100
252,212,199,1539672,3790,19038,4145600
253,189,187,1539483,3792,19225,4160300
254,190,182,1539293,3800,19407,4180100
255,173,161,1539120,3812,19568,4448600
256,213,196,1538907,3829,19764,4245500
257,214,167,1538693,3876,19931,4245800
258,188,173,1538505,3891,20104,4108200
259,182,205,1538323,3868,20309,4357800
260,192,182,1538131,3878,20491,4316700
261,184,185,1537947,3877,20676,4187600
262,185,199,1537762,3863,20875,4137300
263,188,188,1537574,3863,21063,4173600
264,232,211,1537342,3884,21274,4213300
265,195,182,1537147,3897,21456,4115100
266,199,181,1536948,3915,21637,4134500
267,216,188,1536732,3943,21825,4138300
268,213,172,1536519,3984,21997,4199500
269,219,209,1536300,3994,22206,4135100
270,222,187,1536078,4029,22393,4261800
271,227,200,1535851,4056,22593,4206700
272,198,230,1535653,4024,22823,4195600
273,224,212,1535429,4036,23035,4204400
274,216,211,1535213,4041,23246,4283300
275,229,192,1534984,4078,23438,4239200
276,248,191,1534736,4135,23629,4292100
277,237,209,1534499,4163,23838,4584000
278,237,225,1534262,4175,24063,4231700
279,241,206,1534021,4210,24269,4163100
280,210,208,1533811,4212,24477,4647200
281,230,231,1533581,4211,24708,4547500
282,216,206,1533365,4221,24914,4322600
283,217,203,1533148,4235,25117,4149300
284,231,229,1532917,4237,25346,4182000
285,204,216,1532713,4225,25562,4194500
286,234,221,1532479,4238,25783,4203900
287,245,214,1532234,4269,25997,4146100
288,234,225,1532000,4278,26222,4214600
289,236,237,1531764,4277,26459,4244700
290,224,232,1531540,4269,26691,4189200
291,225,211,1531315,4283,26902,4132300
292,213,240,1531102,4256,27142,4137900
293,217,205,1530885,4268,27347,4162400
294,227,195,1530658,4300,27542,4229000
295,234,223,1530424,4311,27765,4311900
296,231,225,1530193,4317,27990,4180300
297,230,214,1529963,4333,28204,4265600
298,240,238,1529723,4335,28442,4203500
299,223,231,1529500,4327,28673,4238700
300,228,231,1529272,4324,28904,4134200
301,235,226,1529037,4333,29130,4197700
302,234,227,1528803,4340,29357,4265200
303,227,226,1528576,4341,29583,4213800
304,205,211,1528371,4335,29794,4148900
305,229,238,1528142,4326,30032,4166300
306,221,215,1527921,4332,30247,4781200
307,220,233,1527701,4319,30480,4249800
308,221,227,1527480,4313,30707,4179900
309,232,198,1527248,4347,30905,4164600
310,213,230,1527035,4330,31135,4641900
311,218,222,1526817,4326,31357,4427200
312,231,199,1526586,4358,31556,4355500
313,228,219,1526358,4367,31775,4484100
314,230,231,1526128,4366,32006,4743100
315,252,213,1525876,4405,32219,4316700
316,212,239,1525664,4378,32458,4246600
317,254,210,1525410,4422,32668,4312500
318,245,200,1525165,4467,32868,4159300
319,233,237,1524932,4463,33105,4143900
320,244,206,1524688,4501,33311,4317700
321,240,218,1524448,4523,33529,4250700
322,248,236,1524200,4535,33765,4178000
323,234,220,1523966,4549,33985,4170200
324,260,242,1523706,4567,34227,4592300
325,232,224,1523474,4575,34451,4308500
326,236,221,1523238,4590,34672,4214000
327,246,228,1522992,4608,34900,4211600
328,261,240,1522731,4629,35140,4201100
329,222,230,1522509,4621,35370,4284800
330,223,228,1522286,4616,35598,4194700
331,254,245,1522032,4625,35843,4270300
332,265,218,1521767,4672,36061,4205600
333,226,231,1521541,4667,36292,4294700
334,237,253,1521304,4651,36545,4467500
335,267,251,1521037,4667,36796,4220300
336,259,235,1520778,4691,37031,4234500
337,229,219,1520549,4701,37250,4269900
338,242,265,1520307,4678,37515,4407200
339,236,246,1520071,4668,37761,4346500
340,243,247,1519828,4664,38008,4381600
341,253,255,1519575,4662,38263,4358500
342,262,253,1519313,4671,38516,4482300
343,247,246,1519066,4672,38762,4425700
344,245,252,1518821,4665,39014,4364400
345,254,252,1518567,4667,39266,4309000
346,231,220,1518336,4678,39486,4242100
347,252,230,1518084,4700,39716,4284200
348,284,224,1517800,4760,39940,4332600
349,239,232,1517561,4767,40172,4603500
350,250,254,1517311,4763,40426,4245100
351,272,199,1517039,4836,40625,4224000
352,272,249,1516767,4859,40874,4557800
353,267,231,1516500,4895,41105,4300100
354,283,241,1516217,4937,41346,4267000
355,289,229,1515928,4997,41575,4285300
356,277,259,1515651,5015,41834,4475000
357,265,265,1515386,5015,42099,4345700
358,253,254,1515133,5014,42353,4318900
359,301,270,1514832,5045,42623,4474700
360,276,259,1514556,5062,42882,4481000
361,296,243,1514260,5115,43125,4405200
362,258,253,1514002,5120,43378,4362500
363,291,247,1513711,5164,43625,4793400
364,301,282,1513410,5183,43907,4662000
365,271,241,1513139,5213,44148,4333000
366,266,292,1512873,5187,44440,4335900
367,276,258,1512597,5205,44698,4382300
368,270,265,1512327,5210,44963,4305300
369,259,258,1512068,5211,45221,4393800
370,286,281,1511782,5216,45502,4458300
371,250,271,1511532,5195,45773,4384200
372,272,246,1511260,5221,46019,4445800
373,266,262,1510994,5225,46281,4351800
374,252,235,1510742,5242,46516,4520900
375,271,248,1510471,5265,46764,4407900
376,245,263,1510226,5247,47027,4432800
377,273,261,1509953,5259,47288,4540800
378,286,278,1509667,5267,47566,4452900
379,267,238,1509400,5296,47804,6624000
380,285,246,1509115,5335,48050,7215900
381,313,283,1508802,5365,48333,7123900
382,295,260,1508507,5400,48593,5519700
383,298,286,1508209,5412,48879,4617700
384,302,288,1507907,5426,49167,4744700
385,319,264,1507588,5481,49431,6202500
386,262,266,1507326,5477,49697,5098100
387,281,254,1507045,5504,49951,4869600
388,295,289,1506750,5510,50240,4594500
389,302,307,1506448,5505,50547,4726100
390,273,252,1506175,5526,50799,4434500
391,300,267,1505875,5559,51066,4432400
392,291,275,1505584,5575,51341,4528900
393,315,261,1505269,5629,51602,4470900
394,285,288,1504984,5626,51890,4440400
395,303,284,1504681,5645,52174,4534200
396,308,290,1504373,5663,52464,4421800
397,297,289,1504076,5671,52753,4388300
398,318,272,1503758,5717,53025,4467200
399,288,285,1503470,5720,53310,4381000
400,317,290,1503153,5747,53600,4288300
401,304,278,1502849,5773,53878,4314000
402,321,288,1502528,5806,54166,4880300
403,330,278,1502198,5858,54444,4707700
404,275,311,1501923,5822,54755,4914500
405,289,304,1501634,5807,55059,4572800
406,313,301,1501321,5819,55360,4532500
407,313,305,1501008,5827,55665,4649900
408,321,306,1500687,5842,55971,4518000
409,290,329,1500397,5803,56300,4729300
410,308,280,1500089,5831,56580,4602100
411,310,307,1499779,5834,56887,4664800
412,325,274,1499454,5885,57161,4564800
413,320,303,1499134,5902,57464,4597100
414,309,309,1498825,5902,57773,4551600
415,341,287,1498484,5956,58060,4639200
416,309,299,1498175,5966,58359,4793600
417,308,299,1497867,5975,58658,4607300
418,347,287,1497520,6035,58945,4529700
419,327,294,1497193,6068,59239,4567200
420,303,254,1496890,6117,59493,4549900
421,326,313,1496564,6130,59806,4523600
422,306,301,1496258,6135,60107,4621700
423,316,287,1495942,6164,60394,4503700
424,324,305,1495618,6183,60699,4515700
425,316,319,1495302,6180,61018,4484900
426,320,315,1494982,6185,61333,4563700
427,304,310,1494678,6179,61643,4665800
428,310,292,1494368,6197,61935,4531800
429,309,307,1494059,6199,62242,4510900
430,328,300,1493731,6227,62542,4446700
431,325,320,1493406,6232,62862,4467600
432,359,281,1493047,6310,63143,4588500
433,303,302,1492744,6311,63445,4497200
434,297,310,1492447,6298,63755,4460000
435,352,308,1492095,6342,64063,4509300
436,327,337,1491768,6332,64400,4506000
437,313,331,1491455,6314,64731,4525400
438,312,333,1491143,6293,65064,4595500
439,353,303,1490790,6343,65367,4522300
440,335,316,1490455,6362,65683,4555900
441,341,297,1490114,6406,65980,4566400
442,339,322,1489775,6423,66302,4557200
443,307,289,1489468,6441,66591,5122300
444,350,342,1489118,6449,66933,4620300
445,346,309,1488772,6486,67242,4615600
446,329,341,1488443,6474,67583,5057700
447,348,299,1488095,6523,67882,4489600
448,357,317,1487738,6563,68199,4448300
449,385,336,1487353,6612,68535,4526100
450,347,338,1487006,6621,68873,4744600
451,353,365,1486653,6609,69238,4708300
452,342,319,1486311,6632,69557,4710300
453,344,332,1485967,6644,69889,4742600
454,345,325,1485622,6664,70214,4465500
455,341,342,1485281,6663,70556,4501300
456,341,332,1484940,6672,70888,4774800
457,348,320,1484592,6700,71208,4797400
458,361,338,1484231,6723,71546,4574500
459,332,357,1483899,6698,71903,4701000
460,351,327,1483548,6722,72230,4669800
461,339,299,1483209,6762,72529,4694800
462,364,323,1482845,6803,72852,4618500
463,333,350,1482512,6786,73202,4841400
464,357,349,1482155,6794,73551,4628300
465,348,336,1481807,6806,73887,4507000
466,331,342,1481476,6795,74229,5092900
467,370,326,1481106,6839,74555,4629900
468,380,320,1480726,6899,74875,4510800
469,342,328,1480384,6913,75203,4639100
470,335,349,1480049,6899,75552,4541900
471,360,334,1479689,6925,75886,4545700
472,356,337,1479333,6944,76223,4643700
473,377,344,1478956,6977,76567,4689100
474,354,328,1478602,7003,76895,4516900
475,348,357,1478254,6994,77252,4517700
476,377,361,1477877,7010,77613,4657500
477,348,363,1477529,6995,77976,4648900
478,364,322,1477165,7037,78298,4582500
479,368,349,1476797,7056,78647,4836200
480,356,383,1476441,7029,79030,4575900
481,372,357,1476069,7044,79387,4501200
482,366,370,1475703,7040,79757,4504700
483,373,345,1475330,7068,80102,4762500
484,380,352,1474950,7096,80454,4572100
485,377,322,1474573,7151,80776,4506000
486,384,351,1474189,7184,81127,4841800
487,344,384,1473845,7144,81511,4585800
488,366,357,1473479,7153,81868,4489500
489,388,349,1473091,7192,82217,4408300
490,330,367,1472761,7155,82584,4544700
491,340,329,1472421,7166,82913,4422200
492,372,357,1472049,7181,83270,4427300
493,363,355,1471686,7189,83625,4614600
494,338,368,1471348,7159,83993,4575800
495,355,377,1470993,7137,84370,4537300
496,350,368,1470643,7119,84738,4624200
497,362,338,1470281,7143,85076,4640900
498,395,351,1469886,7187,85427,4780200
499,384,342,1469502,7229,85769,5488000
500,389,344,1469113,7274,86113,5419300
501,403,360,1468710,7317,86473,5070600
502,365,338,1468345,7344,86811,4917000
503,394,347,1467951,7391,87158,5224500
504,385,390,1467566,7386,87548,5036400
505,442,349,1467124,7479,87897,4553200
506,370,405,1466754,7444,88302,4624900
507,389,380,1466365,7453,88682,4604300
508,403,392,1465962,7464,89074,4691600
509,423,398,1465539,7489,89472,4815300
510,410,388,1465129,7511,89860,4687800
511,386,391,1464743,7506,90251,4751400
512,385,361,1464358,7530,90612,4786400
513,403,368,1463955,7565,90980,5104700
514,417,380,1463538,7602,91360,5000800
515,413,375,1463125,7640,91735,5288100
516,414,390,1462711,7664,92125,6639000
517,416,403,1462295,7677,92528,5170500
518,411,364,1461884,7724,92892,5066400
519,383,373,1461501,7734,93265,5148600
520,422,398,1461079,7758,93663,4754300
521,428,358,1460651,7828,94021,4606700
522,418,405,1460233,7841,94426,4924700
523,438,385,1459795,7894,94811,4653300
524,405,404,1459390,7895,95215,4556600
525,383,392,1459007,7886,95607,4609200
526,413,387,1458594,7912,95994,4550800
527,384,432,1458210,7864,96426,4540600
528,430,404,1457780,7890,96830,4534200
529,415,392,1457365,7913,97222,5695800
530,410,434,1456955,7889,97656,4772500
531,423,381,1456532,7931,98037,5131600
532,423,394,1456109,7960,98431,5550900
533,405,375,1455704,7990,98806,4811200
534,388,402,1455316,7976,99208,4800400
535,393,395,1454923,7974,99603,4740000
536,416,399,1454507,7991,100002,4801200
537,420,398,1454087,8013,100400,4717800
538,438,442,1453649,8009,100842,5351200
539,401,389,1453248,8021,101231,4681600
540,440,420,1452808,8041,101651,4637900
541,395,423,1452413,8013,102074,4803700
542,422,417,1451991,8018,102491,4544100
543,440,392,1451551,8066,102883,4512600
544,446,412,1451105,8100,103295,4648600
545,414,395,1450691,8119,103690,6159400
546,405,401,1450286,8123,104091,4785800
547,398,433,1449888,8088,104524,4945600
548,427,404,1449461,8111,104928,4734100
549,422,400,1449039,8133,105328,4756000
550,406,374,1448633,8165,105702,4600800
551,417,412,1448216,8170,106114,4959700
552,438,377,1447778,8231,106491,4697600
553,408,404,1447370,8235,106895,4654200
554,404,411,1446966,8228,107306,4699100
555,401,405,1446565,8224,107711,4619200
556,431,414,1446134,8241,108125,4610700
557,443,408,1445691,8276,108533,4657400
558,466,405,1445225,8337,108938,4855900
559,417,413,1444808,8341,109351,4830900
560,471,407,1444337,8405,109758,4806700
561,415,424,1443922,8396,110182,4974200
562,430,420,1443492,8406,110602,4720100
563,449,468,1443043,8387,111070,4704700
564,446,432,1442597,8401,111502,5155700
565,427,398,1442170,8430,111900,4686400
566,466,410,1441704,8486,112310,4687700
567,446,421,1441258,8511,112731,4710800
568,460,403,1440798,8568,113134,4630400
569,453,471,1440345,8550,113605,4670700
570,474,424,1439871,8600,114029,4718300
571,440,409,1439431,8631,114438,4723700
572,476,429,1438955,8678,114867,5624800
573,450,432,1438505,8696,115299,5711100
574,452,414,1438053,8734,115713,5139300
575,477,449,1437576,8762,116162,4732200
576,475,476,1437101,8761,116638,4717400
577,427,420,1436674,8768,117058,4890100
578,464,430,1436210,8802,117488,4679300
579,493,407,1435717,8888,117895,4624500
580,508,430,1435209,8966,118325,4820100
581,447,461,1434762,8952,118786,4752700
582,488,462,1434274,8978,119248,4736800
583,452,466,1433822,8964,119714,4800300
584,422,438,1433400,8948,120152,4839800
585,443,433,1432957,8958,120585,4682300
586,454,434,1432503,8978,121019,4960900
587,420,473,1432083,8925,121492,4650500
588,490,451,1431593,8964,121943,4838400
589,422,438,1431171,8948,122381,4723500
590,458,411,1430713,8995,122792,4720800
591,455,474,1430258,8976,123266,4596400
592,445,410,1429813,9011,123676,4603800
593,495,499,1429318,9007,124175,4769300
594,438,471,1428880,8974,124646,4591600
595,436,438,1428444,8972,125084,4618300
596,459,477,1427985,8954,125561,4653600
597,468,473,1427517,8949,126034,5091100
598,435,485,1427082,8899,126519,4714000
599,475,416,1426607,8958,126935,6435100
600,481,431,1426126,9008,127366,5945600
601,480,455,1425646,9033,127821,5700200
602,469,444,1425177,9058,128265,5980000
603,456,447,1424721,9067,128712,5468500
604,446,447,1424275,9066,129159,5837700
605,426,472,1423849,9020,129631,6377800
606,495,455,1423354,9060,130086,5142600
607,468,416,1422886,9112,130502,5187900
608,471,434,1422415,9149,130936,5110600
609,449,441,1421966,9157,131377,5484500
610,483,477,1421483,9163,131854,4816700
611,484,470,1420999,9177,132324,5187800
612,474,446,1420525,9205,132770,4685500
613,488,451,1420037,9242,133221,4803600
614,506,420,1419531,9328,133641,4828200
615,471,469,1419060,9330,134110,5673400
616,475,486,1418585,9319,134596,6563800
617,501,504,1418084,9316,135100,5109700
618,475,465,1417609,9326,135565,4758600
619,495,476,1417114,9345,136041,4648200
620,523,479,1416591,9389,136520,4744300
621,484,443,1416107,9430,136963,4694400
622,505,459,1415602,9476,137422,4574100
623,523,443,1415079,9556,137865,4873200
624,528,461,1414551,9623,138326,4579200
625,484,474,1414067,9633,138800,4488000
626,493,476,1413574,9650,139276,4655700
627,477,476,1413097,9651,139752,5033000
628,485,492,1412612,9644,140244,4573100
629,488,467,1412124,9665,140711,4456200
630,510,478,1411614,9697,141189,4436800
631,459,469,1411155,9687,141658,4407100
632,491,443,1410664,9735,142101,4354700
633,510,493,1410154,9752,142594,4479400
634,503,502,1409651,9753,143096,4561500
635,536,475,1409115,9814,143571,4474800
636,520,473,1408595,9861,144044,4410500
637,472,502,1408123,9831,144546,4889300
638,525,495,1407598,9861,145041,4381200
639,480,536,1407118,9805,145577,4321700
640,530,458,1406588,9877,146035,4396600
641,526,498,1406062,9905,146533,4586400
642,494,502,1405568,9897,147035,4434900
643,503,512,1405065,9888,147547,4407600
644,520,481,1404545,9927,148028,4465400
645,516,507,1404029,9936,148535,4351300
646,529,479,1403500,9986,149014,4761000
647,513,519,1402987,9980,149533,5496200
648,484,495,1402503,9969,150028,5293600
649,460,511,1402043,9918,150539,5066400
650,494,477,1401549,9935,151016,5113600
651,530,489,1401019,9976,151505,4619900
652,506,453,1400513,10029,151958,4636500
653,518,477,1399995,10070,152435,4960700
654,510,527,1399485,10053,152962,5027600
655,530,539,1398955,10044,153501,4898200
656,495,486,1398460,10053,153987,5047700
657,505,499,1397955,10059,154486,5268300
658,531,495,1397424,10095,154981,4702500
659,528,506,1396896,10117,155487,4702800
660,498,504,1396398,10111,155991,5318700
661,486,516,1395912,10081,156507,4672900
662,499,499,1395413,10081,157006,4772700
663,498,490,1394915,10089,157496,4969400
664,473,499,1394442,10063,157995,4691600
665,517,535,1393925,10045,158530,4691600
666,474,497,1393451,10022,159027,5026000
667,464,482,1392987,10004,159509,4824200
668,505,496,1392482,10013,160005,4948600
669,495,487,1391987,10021,160492,5025800
670,529,519,1391458,10031,161011,5709500
671,515,527,1390943,10019,161538,5995400
672,524,484,1390419,10059,162022,5546000
673,517,472,1389902,10104,162494,4902200
674,544,514,1389358,10134,163008,4848000
675,553,494,1388805,10193,163502,5089400
676,510,514,1388295,10189,164016,4754300
677,505,500,1387790,10194,164516,4686600
678,507,518,1387283,10183,165034,5043700
679,558,482,1386725,10259,165516,4743700
680,571,551,1386154,10279,166067,4726900
681,545,518,1385609,10306,166585,4753100
682,512,495,1385097,10323,167080,4927300
683,540,532,1384557,10331,167612,4904600
684,556,503,1384001,10384,168115,4793600
685,553,510,1383448,10427,168625,4777100
686,537,526,1382911,10438,169151,4765700
687,515,554,1382396,10399,169705,4767100
688,539,545,1381857,10393,170250,4810800
689,561,517,1381296,10437,170767,4749000
690,549,515,1380747,10471,171282,4692500
691,537,551,1380210,10457,171833,4813400
692,524,491,1379686,10490,172324,4844100
693,575,506,1379111,10559,172830,5483400
694,555,528,1378556,10586,173358,5781800
695,543,511,1378013,10618,173869,5705500
696,549,517,1377464,10650,174386,5468200
697,512,513,1376952,10649,174899,5220900
698,579,510,1376373,10718,175409,5568100
699,532,517,1375841,10733,175926,5610800
700,532,522,1375309,10743,176448,5069100
701,570,555,1374739,10758,177003,5460900
702,543,503,1374196,10798,177506,5688800
703,506,538,1373690,10766,178044,5290200
704,515,572,1373175,10709,178616,5318800
705,544,526,1372631,10727,179142,5889900
706,509,511,1372122,10725,179653,4686100
707,534,513,1371588,10746,180166,4627900
708,573,557,1371015,10762,180723,4660300
709,562,578,1370453,10746,181301,5244600
710,553,568,1369900,10731,181869,4765700
711,526,536,1369374,10721,182405,4682800
712,532,534,1368842,10719,182939,4685500
713,549,497,1368293,10771,183436,4686300
714,553,522,1367740,10802,183958,4589700
715,519,559,1367221,10762,184517,5075200
716,517,536,1366704,10743,185053,5017800
717,524,534,1366180,10733,185587,4716600
718,515,511,1365665,10737,186098,4932500
719,506,524,1365159,10719,186622,4831000
720,551,567,1364608,10703,187189,4536000
721,550,567,1364058,10686,187756,4601400
722,596,563,1363462,10719,188319,4643500
723,563,554,1362899,10728,188873,4564800
724,523,534,1362376,10717,189407,4531300
725,547,541,1361829,10723,189948,4674700
726,582,504,1361247,10801,190452,4571200
727,551,518,1360696,10834,190970,4611900
728,516,585,1360180,10765,191555,4732600
729,542,521,1359638,10786,192076,4644000
730,527,566,1359111,10747,192642,4681100
731,576,509,1358535,10814,193151,4711800
732,566,564,1357969,10816,193715,4761200
733,557,483,1357412,10890,194198,4675800
734,566,578,1356846,10878,194776,4733400
735,550,532,1356296,10896,195308,4923800
736,547,575,1355749,10868,195883,4896400
737,578,518,1355171,10928,196401,4852800
738,565,532,1354606,10961,196933,5324200
739,555,550,1354051,10966,197483,5082400
740,541,532,1353510,10975,198015,4774500
741,571,548,1352939,10998,198563,4766600
742,594,567,1352345,11025,199130,4696000
743,578,556,1351767,11047,199686,4681100
744,594,505,1351173,11136,200191,4794500
745,601,583,1350572,11154,200774,4694400
746,577,540,1349995,11191,201314,4612700
747,580,546,1349415,11225,201860,4751500
748,591,553,1348824,11263,202413,4734300
749,586,549,1348238,11300,202962,4524900
750,561,614,1347677,11247,203576,4564400
751,608,554,1347069,11301,204130,4734300
752,619,555,1346450,11365,204685,4843000
753,586,575,1345864,11376,205260,4839800
754,587,592,1345277,11371,205852,5126600
755,616,565,1344661,11422,206417,4817800
756,639,571,1344022,11490,206988,5199800
757,629,578,1343393,11541,207566,5414300
758,600,556,1342793,11585,208122,4911800
759,597,565,1342196,11617,208687,4844400
760,608,559,1341588,11666,209246,4943300
761,600,566,1340988,11700,209812,4948800
762,619,603,1340369,11716,210415,4941300
763,623,621,1339746,11718,211036,5263400
764,609,616,1339137,11711,211652,6695600
765,590,574,1338547,11727,212226,5266500
766,604,572,1337943,11759,212798,5927300
767,556,587,1337387,11728,213385,5813300
768,631,571,1336756,11788,213956,5804900
769,578,579,1336178,11787,214535,5549200
770,599,586,1335579,11800,215121,5932100
771,606,550,1334973,11856,215671,5700900
772,618,584,1334355,11890,216255,9141400
773,606,609,1333749,11887,216864,7031900
774,593,570,1333156,11910,217434,7097000
775,589,598,1332567,11901,218032,6244600
776,584,551,1331983,11934,218583,6570300
777,604,579,1331379,11959,219162,5183600
778,616,630,1330763,11945,219792,5615400
779,585,597,1330178,11933,220389,5464700
780,593,614,1329585,11912,221003,5213800
781,574,553,1329011,11933,221556,5963000
782,595,613,1328416,11915,222169,14885800
783,635,607,1327781,11943,222776,7322800
784,636,595,1327145,11984,223371,9558200
785,622,600,1326523,12006,223971,6317900
786,576,542,1325947,12040,224513,5341900
787,631,599,1325316,12072,225112,5856000
788,600,593,1324716,12079,225705,5065300
789,627,564,1324089,12142,226269,5492200
790,601,596,1323488,12147,226865,5628200
791,606,587,1322882,12166,227452,5233200
792,590,588,1322292,12168,228040,5918600
793,616,579,1321676,12205,228619,5169500
794,586,648,1321090,12143,229267,5110900
795,586,617,1320504,12112,229884,5416300
796,650,606,1319854,12156,230490,5448900
797,635,600,1319219,12191,231090,4985400
798,582,608,1318637,12165,231698,5375300
799,647,608,1317990,12204,232306,5049800
800,626,614,1317364,12216,232920,4981800
801,589,578,1316775,12227,233498,5118200
802,599,628,1316176,12198,234126,5073700
803,597,601,1315579,12194,234727,5036700
804,621,565,1314958,12250,235292,5086400
805,612,585,1314346,12277,235877,5012100
806,601,638,1313745,12240,236515,5010100
807,572,597,1313173,12215,237112,5216800
808,573,616,1312600,12172,237728,4909800
809,601,610,1311999,12163,238338,4880600
810,618,640,1311381,12141,238978,4974400
811,612,604,1310769,12149,239582,4964800
812,574,610,1310195,12113,240192,4889300
813,612,637,1309583,12088,240829,4999800
814,619,629,1308964,12078,241458,5339500
815,608,636,1308356,12050,242094,5065300
816,585,630,1307771,12005,242724,5124000
817,570,584,1307201,11991,243308,5409600
818,563,608,1306638,11946,243916,4957600
819,552,643,1306086,11855,244559,4910000
820,518,599,1305568,11774,245158,5569100
821,603,606,1304965,11771,245764,5253800
822,533,564,1304432,11740,246328,4998200
823,549,613,1303883,11676,246941,4980700
824,577,568,1303306,11685,247509,4780600
825,501,577,1302805,11609,248086,4815400
826,581,568,1302224,11622,248654,4871400
827,571,585,1301653,11608,249239,4691900
828,562,598,1301091,11572,249837,4791400
829,561,574,1300530,11559,250411,4823400
830,569,589,1299961,11539,251000,4650100
831,591,549,1299370,11581,251549,4725500
832,576,618,1298794,11539,252167,4815600
833,586,585,1298208,11540,252752,4805000
834,577,554,1297631,11563,253306,4821300
835,578,579,1297053,11562,253885,4712500
836,562,571,1296491,11553,254456,5122300
837,544,541,1295947,11556,254997,4691900
838,582,568,1295365,11570,255565,4680300
839,565,580,1294800,11555,256145,4938100
840,568,587,1294232,11536,256732,4858000
841,582,583,1293650,11535,257315,4706400
842,568,573,1293082,11530,257888,4967500
843,546,537,1292536,11539,258425,4685400
844,570,590,1291966,11519,259015,4750300
845,631,600,1291335,11550,259615,4680900
846,601,612,1290734,11539,260227,4697000
847,584,540,1290150,11583,260767,4716800
848,534,610,1289616,11507,261377,4775200
849,590,604,1289026,11493,261981,5084100
850,601,612,1288425,11482,262593,5038500
851,560,591,1287865,11451,263184,5062400
852,595,581,1287270,11465,263765,4913300
853,603,571,1286667,11497,264336,4841600
854,600,596,1286067,11501,264932,4798900
855,630,561,1285437,11570,265493,5149900
856,600,626,1284837,11544,266119,4785500
857,575,575,1284262,11544,266694,4650600
858,581,592,1283681,11533,267286,4776700
859,609,548,1283072,11594,267834,4759200
860,625,597,1282447,11622,268431,4637000
861,604,576,1281843,11650,269007,4743300
862,584,569,1281259,11665,269576,4992200
863,598,566,1280661,11697,270142,4853800
864,630,587,1280031,11740,270729,4783700
865,641,568,1279390,11813,271297,5166500
866,596,620,1278794,11789,271917,5434000
867,598,592,1278196,11795,272509,5090300
868,615,593,1277581,11817,273102,4847500
869,597,584,1276984,11830,273686,4774700
870,611,578,1276373,11863,274264,4664000
871,639,604,1275734,11898,274868,5191700
872,599,565,1275135,11932,275433,4831900
873,620,625,1274515,11927,276058,4981500
874,597,594,1273918,11930,276652,5127800
875,590,600,1273328,11920,277252,4726600
876,588,621,1272740,11887,277873,4634600
877,635,621,1272105,11901,278494,4682800
878,583,636,1271522,11848,279130,4563000
879,580,588,1270942,11840,279718,4543500
880,603,557,1270339,11886,280275,4488600
881,570,628,1269769,11828,280903,4579700
882,549,593,1269220,11784,281496,4517100
883,636,626,1268584,11794,282122,4505600
884,553,577,1268031,11770,282699,4588100
885,595,609,1267436,11756,283308,4634800
886,613,610,1266823,11759,283918,4504900
887,588,583,1266235,11764,284501,4510000
888,595,588,1265640,11771,285089,4745100
889,572,593,1265068,11750,285682,4712900
890,572,602,1264496,11720,286284,4809800
891,569,576,1263927,11713,286860,4995300
892,582,577,1263345,11718,287437,5181400
893,565,532,1262780,11751,287969,5176800
894,568,578,1262212,11741,288547,5360100
895,592,524,1261620,11809,289071,5047900
896,582,584,1261038,11807,289655,5291400
897,569,604,1260469,11772,290259,5084100
898,593,568,1259876,11797,290827,4915200
899,627,560,1259249,11864,291387,4845800
900,609,615,1258640,11858,292002,5072600
901,611,614,1258029,11855,292616,5273800
902,585,601,1257444,11839,293217,4822500
903,563,604,1256881,11798,293821,4791300
904,563,583,1256318,11778,294404,4976900
905,586,530,1255732,11834,294934,4702800
906,547,564,1255185,11817,295498,4654900
907,545,593,1254640,11769,296091,4732900
908,566,559,1254074,11776,296650,4713600
909,576,571,1253498,11781,297221,4686800
910,595,577,1252903,11799,297798,4746200
911,600,618,1252303,11781,298416,4850100
912,594,603,1251709,11772,299019,4899100
913,585,572,1251124,11785,299591,4803700
914,573,566,1250551,11792,300157,4804000
915,547,598,1250004,11741,300755,4835700
916,568,533,1249436,11776,301288,4768900
917,601,592,1248835,11785,301880,4902200
918,601,558,1248234,11828,302438,4785400
919,581,581,1247653,11828,303019,4732800
920,560,558,1247093,11830,303577,4827300
921,608,545,1246485,11893,304122,4742200
922,574,548,1245911,11919,304670,4724500
923,570,546,1245341,11943,305216,5027100
924,583,630,1244758,11896,305846,5194600
925,574,594,1244184,11876,306440,4680400
926,597,636,1243587,11837,307076,4787300
927,556,600,1243031,11793,307676,4697400
928,587,596,1242444,11784,308272,4621700
929,532,602,1241912,11714,308874,5003500
930,601,565,1241311,11750,309439,4795200
931,537,603,1240774,11684,310042,4700700
932,587,567,1240187,11704,310609,4859400
933,532,562,1239655,11674,311171,5138500
934,508,580,1239147,11602,311751,4587100
935,542,573,1238605,11571,312324,4590900
936,554,544,1238051,11581,312868,4825500
937,529,571,1237522,11539,313439,4690800
938,526,587,1236996,11478,314026,4568900
939,570,554,1236426,11494,314580,4854600
940,527,579,1235899,11442,315159,4518300
941,510,565,1235389,11387,315724,4460700
942,567,554,1234822,11400,316278,4530700
943,564,530,1234258,11434,316808,4540500
944,540,563,1233718,11411,317371,4981400
945,559,616,1233159,11354,317987,5003000
946,588,531,1232571,11411,318518,5293400
947,521,573,1232050,11359,319091,4606600
948,539,561,1231511,11337,319652,4633200
949,543,561,1230968,11319,320213,5082000
950,590,576,1230378,11333,320789,5547100
951,545,536,1229833,11342,321325,5588000
952,579,561,1229254,11360,321886,5330300
953,546,592,1228708,11314,322478,4701400
954,602,546,1228106,11370,323024,4612900
955,583,563,1227523,11390,323587,4789500
956,518,581,1227005,11327,324168,4476400
957,528,593,1226477,11262,324761,4486000
958,556,593,1225921,11225,325354,4828700
959,534,553,1225387,11206,325907,4731300
960,521,546,1224866,11181,326453,4717800
961,570,535,1224296,11216,326988,4736400
962,555,553,1223741,11218,327541,4798500
963,537,589,1223204,11166,328130,4464300
964,588,570,1222616,11184,328700,4423900
965,555,550,1222061,11189,329250,4527500
966,578,568,1221483,11199,329818,4448000
967,522,548,1220961,11173,330366,4416100
968,505,573,1220456,11105,330939,4519000
969,499,551,1219957,11053,331490,4489700
970,517,567,1219440,11003,332057,4435200
971,569,542,1218871,11030,332599,4428600
972,547,543,1218324,11034,333142,4528800
973,559,537,1217765,11056,333679,4614400
974,536,555,1217229,11037,334234,4514100
975,542,564,1216687,11015,334798,4888100
976,489,581,1216198,10923,335379,4754800
977,523,546,1215675,10900,335925,4554900
978,544,561,1215131,10883,336486,4452900
979,534,552,1214597,10865,337038,4646700
980,506,561,1214091,10810,337599,4601200
981,534,518,1213557,10826,338117,4617100
982,565,522,1212992,10869,338639,4719400
983,554,563,1212438,10860,339202,4668900
984,539,540,1211899,10859,339742,4647700
985,546,523,1211353,10882,340265,4806700
986,560,568,1210793,10874,340833,5499600
987,601,539,1210192,10936,341372,4587700
988,550,520,1209642,10966,341892,4952300
989,532,553,1209110,10945,342445,5176600
990,579,538,1208531,10986,342983,4469900
991,553,542,1207978,10997,343525,4487000
992,572,534,1207406,11035,344059,4533200
993,535,551,1206871,11019,344610,4430100
994,561,528,1206310,11052,345138,4479400
995,538,515,1205772,11075,345653,4560100
996,594,511,1205178,11158,346164,4408000
997,541,536,1204637,11163,346700,4422700
998,547,587,1204090,11123,347287,4340500
999,522,567,1203568,11078,347854,4864500
1000,544,535,1203024,11087,348389,4792600
1001,554,506,1202470,11135,348895,4726700
1002,545,554,1201925,11126,349449,5163400
1003,557,502,1201368,11181,349951,4833300
1004,524,571,1200844,11134,350522,4518100
1005,555,515,1200289,11174,351037,4672500
1006,547,563,1199742,11158,351600,4567500
1007,562,550,1199180,11170,352150,4528200
1008,528,493,1198652,11205,352643,4602700
1009,533,535,1198119,11203,353178,4929300
1010,558,564,1197561,11197,353742,4515200
1011,519,571,1197042,11145,354313,4471900
1012,560,577,1196482,11128,354890,4813400
1013,534,560,1195948,11102,355450,4405100
1014,558,582,1195390,11078,356032,4331000
1015,514,570,1194876,11022,356602,4898300
1016,563,536,1194313,11049,357138,5112500
1017,530,531,1193783,11048,357669,4583300
1018,514,574,1193269,10988,358243,4546000
1019,537,531,1192732,10994,358774,4620000
1020,553,574,1192179,10973,359348,4543200
1021,538,572,1191641,10939,359920,4463400
1022,540,537,1191101,10942,360457,5194300
1023,527,552,1190574,10917,361009,4682700
1024,527,507,1190047,10937,361516,4517000
1025,536,533,1189511,10940,362049,4733300
1026,528,538,1188983,10930,362587,4696500
1027,543,552,1188440,10921,363139,4465100
1028,529,523,1187911,10927,363662,4485100
1029,533,536,1187378,10924,364198,4876900
1030,556,569,1186822,10911,364767,4667100
1031,536,549,1186286,10898,365316,4584100
1032,522,534,1185764,10886,365850,5048600
1033,503,514,1185261,10875,366364,4757400
1034,549,567,1184712,10857,366931,4459200
1035,522,543,1184190,10836,367474,4426900
1036,518,546,1183672,10808,368020,4576700
1037,541,502,1183131,10847,368522,4399900
1038,560,519,1182571,10888,369041,4352200
1039,558,521,1182013,10925,369562,4781500
1040,553,558,1181460,10920,370120,4397500
1041,521,531,1180939,10910,370651,4401000
1042,491,556,1180448,10845,371207,4485200
1043,512,547,1179936,10810,371754,4417500
1044,509,503,1179427,10816,372257,4552800
1045,563,519,1178864,10860,372776,4529700
1046,540,549,1178324,10851,373325,4658800
1047,501,552,1177823,10800,373877,4456600
1048,543,574,1177280,10769,374451,4460000
1049,511,554,1176769,10726,375005,4508600
1050,572,519,1176197,10779,375524,4469400
1051,562,513,1175635,10828,376037,4405300
1052,535,489,1175100,10874,376526,4380500
1053,543,519,1174557,10898,377045,4469800
1054,505,547,1174052,10856,377592,4372100
1055,524,534,1173528,10846,378126,4394800
1056,483,564,1173045,10765,378690,4596000
1057,528,587,1172517,10706,379277,4487000
1058,537,532,1171980,10711,379809,4388800
1059,506,563,1171474,10654,380372,4545700
1060,508,556,1170966,10606,380928,4965500
1061,541,498,1170425,10649,381426,4546700
1062,535,519,1169890,10665,381945,4516200
1063,513,518,1169377,10660,382463,5118500
1064,505,568,1168872,10597,383031,5360400
1065,514,529,1168358,10582,383560,4585100
1066,510,532,1167848,10560,384092,5236300
1067,503,527,1167345,10536,384619,4536800
1068,523,565,1166822,10494,385184,4504000
1069,506,527,1166316,10473,385711,4979100
1070,473,568,1165843,10378,386279,4563300
1071,501,501,1165342,10378,386780,4480200
1072,481,484,1164861,10375,387264,4511700
1073,491,544,1164370,10322,387808,4653100
1074,524,486,1163846,10360,388294,4626200
1075,502,509,1163344,10353,388803,4595700
1076,518,539,1162826,10332,389342,4963700
1077,498,511,1162328,10319,389853,5426900
1078,484,522,1161844,10281,390375,5463800
1079,515,563,1161329,10233,390938,5576700
1080,511,484,1160818,10260,391422,5916000
1081,545,485,1160273,10320,391907,5763500
1082,523,547,1159750,10296,392454,5460000
1083,468,520,1159282,10244,392974,4767000
1084,484,461,1158798,10267,393435,4916000
1085,485,506,1158313,10246,393941,5082500
1086,490,492,1157823,10244,394433,5220100
1087,502,501,1157321,10245,394934,4820300
1088,528,484,1156793,10289,395418,5977300
1089,497,548,1156296,10238,395966,6326100
1090,507,537,1155789,10208,396503,6472200
1091,531,522,1155258,10217,397025,4857000
1092,489,458,1154769,10248,397483,4939700
1093,503,523,1154266,10228,398006,4904800
1094,482,491,1153784,10219,398497,4734100
1095,540,527,1153244,10232,399024,4671800
1096,507,492,1152737,10247,399516,4901000
1097,509,523,1152228,10233,400039,5338200
1098,548,482,1151680,10299,400521,5168000
1099,543,513,1151137,10329,401034,4993400
1100,503,541,1150634,10291,401575,4951600
1101,557,474,1150077,10374,402049,4851900
1102,498,530,1149579,10342,402579,4826000
1103,530,530,1149049,10342,403109,4990800
1104,524,505,1148525,10361,403614,4830200
1105,518,520,1148007,10359,404134,5046200
1106,512,494,1147495,10377,404628,5528700
1107,526,536,1146969,10367,405164,5042200
1108,522,508,1146447,10381,405672,5409400
1109,535,548,1145912,10368,406220,5092400
1110,522,496,1145390,10394,406716,4820000
1111,503,523,1144887,10374,407239,4810900
1112,505,505,1144382,10374,407744,5293500
1113,485,514,1143897,10345,408258,4833000
1114,460,543,1143437,10262,408801,4714700
1115,492,507,1142945,10247,409308,4937700
1116,500,554,1142445,10193,409862,4795800
1117,540,511,1141905,10222,410373,4767900
1118,527,490,1141378,10259,410863,4884500
1119,514,520,1140864,10253,411383,5311300
1120,500,488,1140364,10265,411871,4827000
1121,490,492,1139874,10263,412363,4707900
1122,492,529,1139382,10226,412892,4794000
1123,502,506,1138880,10222,413398,4716300
1124,507,488,1138373,10241,413886,4665000
1125,466,504,1137907,10203,414390,4864100
1126,515,506,1137392,10212,414896,4756300
1127,523,461,1136869,10274,415357,4746100
1128,509,523,1136360,10260,415880,5223600
1129,501,482,1135859,10279,416362,4820100
1130,480,512,1135379,10247,416874,4657100
1131,503,522,1134876,10228,417396,5127300
1132,482,511,1134394,10199,417907,4904300
1133,471,497,1133923,10173,418404,4821900
1134,487,506,1133436,10154,418910,4986300
1135,526,474,1132910,10206,419384,4989500
1136,491,482,1132419,10215,419866,4817800
1137,501,479,1131918,10237,420345,4758100
1138,512,528,1131406,10221,420873,5317800
1139,476,506,1130930,10191,421379,6104500
1140,494,480,1130436,10205,421859,6095800
1141,497,505,1129939,10197,422364,5917600
1142,526,495,1129413,10228,422859,5590000
1143,490,534,1128923,10184,423393,5951400
1144,472,500,1128451,10156,423893,6241000
1145,499,486,1127952,10169,424379,6195800
1146,535,506,1127417,10198,424885,5746000
1147,474,497,1126943,10175,425382,5059200
1148,493,499,1126450,10169,425881,5503200
1149,508,524,1125942,10153,426405,4906400
1150,500,495,1125442,10158,426900,4863600
1151,502,530,1124940,10130,427430,4940100
1152,505,496,1124435,10139,427926,5123900
1153,493,512,1123942,10120,428438,4851900
1154,465,472,1123477,10113,428910,4877000
1155,497,491,1122980,10119,429401,5078500
1156,500,549,1122480,10070,429950,5724800
1157,500,492,1121980,10078,430442,7947300
1158,502,520,1121478,10060,430962,5015900
1159,509,511,1120969,10058,431473,4894800
1160,509,515,1120460,10052,431988,4906200
1161,484,485,1119976,10051,432473,4920100
1162,471,515,1119505,10007,432988,4773500
1163,500,498,1119005,10009,433486,5077000
1164,504,497,1118501,10016,433983,4908300
1165,447,484,1118054,9979,434467,4915100
1166,492,482,1117562,9989,434949,5047500
1167,483,526,1117079,9946,435475,5059600
1168,508,498,1116571,9956,435973,4940800
1169,487,507,1116084,9936,436480,4916400
1170,458,488,1115626,9906,436968,5153200
1171,508,527,1115118,9887,437495,4945600
1172,485,500,1114633,9872,437995,4954100
1173,452,510,1114181,9814,438505,6121200
1174,477,524,1113704,9767,439029,5704500
1175,446,495,1113258,9718,439524,5416800
1176,467,507,1112791,9678,440031,5136500
1177,447,468,1112344,9657,440499,4906700
1178,488,487,1111856,9658,440986,5059500
1179,468,522,1111388,9604,441508,4814100
1180,482,456,1110906,9630,441964,4913500
1181,436,469,1110470,9597,442433,5322500
1182,467,485,1110003,9579,442918,5203800
1183,473,463,1109530,9589,443381,5215300
1184,446,456,1109084,9579,443837,5188000
1185,479,484,1108605,9574,444321,5270500
1186,492,464,1108113,9602,444785,5086700
1187,487,501,1107626,9588,445286,5006300
1188,464,518,1107162,9534,445804,5691500
1189,471,463,1106691,9542,446267,5387500
1190,495,440,1106196,9597,446707,5337100
1191,460,514,1105736,9543,447221,5594100
1192,457,500,1105279,9500,447721,5888400
1193,446,440,1104833,9506,448161,6231000
1194,491,469,1104342,9528,448630,4799100
1195,464,478,1103878,9514,449108,4671200
1196,469,473,1103409,9510,449581,4956100
1197,460,456,1102949,9514,450037,4938300
1198,457,468,1102492,9503,450505,4603900
1199,466,462,1102026,9507,450967,4840000
1200,446,439,1101580,9514,451406,4779800
1201,455,531,1101125,9438,451937,4617900
1202,457,458,1100668,9437,452395,4745100
1203,473,474,1100195,9436,452869,4797800
1204,464,495,1099731,9405,453364,4629900
1205,498,473,1099233,9430,453837,4549600
1206,466,475,1098767,9421,454312,4883900
1207,431,510,1098336,9342,454822,4625900
1208,426,498,1097910,9270,455320,4649800
1209,411,472,1097499,9209,455792,4755900
1210,423,451,1097076,9181,456243,4787400
1211,441,461,1096635,9161,456704,4765500
1212,438,474,1096197,9125,457178,4890500
1213,445,484,1095752,9086,457662,4957500
1214,440,474,1095312,9052,458136,4844900
1215,426,454,1094886,9024,458590,4636500
1216,425,444,1094461,9005,459034,4909700
1217,404,460,1094057,8949,459494,4689400
1218,416,451,1093641,8914,459945,4682600
1219,453,436,1093188,8931,460381,4811100
1220,431,421,1092757,8941,460802,4785000
1221,432,409,1092325,8964,461211,4688100
1222,430,429,1091895,8965,461640,4624600
1223,427,421,1091468,8971,462061,4910200
1224,407,437,1091061,8941,462498,4707800
1225,425,473,1090636,8893,462971,4818200
1226,418,479,1090218,8832,463450,4800100
1227,411,436,1089807,8807,463886,4828000
1228,434,422,1089373,8819,464308,4622000
1229,439,418,1088934,8840,464726,4826800
1230,417,437,1088517,8820,465163,4701100
1231,419,470,1088098,8769,465633,4620500
1232,425,439,1087673,8755,466072,4668900
1233,414,393,1087259,8776,466465,4550300
1234,427,444,1086832,8759,466909,4546600
1235,393,441,1086439,8711,467350,4515300
1236,395,420,1086044,8686,467770,4632200
1237,413,416,1085631,8683,468186,4729700
1238,410,440,1085221,8653,468626,4601800
1239,399,426,1084822,8626,469052,4586000
1240,429,451,1084393,8604,469503,4544400
1241,394,419,1083999,8579,469922,4471800
1242,431,447,1083568,8563,470369,4471000
1243,392,413,1083176,8542,470782,4590500
1244,378,452,1082798,8468,471234,4493400
1245,379,428,1082419,8419,471662,4448600
1246,418,411,1082001,8426,472073,4470800
1247,417,438,1081584,8405,472511,4469600
1248,433,407,1081151,8431,472918,4490500
1249,419,400,1080732,8450,473318,4548000
1250,420,458,1080312,8412,473776,5119900
1251,400,419,1079912,8393,474195,5512700
1252,382,426,1079530,8349,474621,5547700
1253,402,423,1079128,8328,475044,5579200
1254,383,413,1078745,8298,475457,4675400
1255,418,398,1078327,8318,475855,4564000
1256,398,414,1077929,8302,476269,5119000
1257,392,428,1077537,8266,476697,4497200
1258,386,405,1077151,8247,477102,4475000
1259,436,437,1076715,8246,477539,4738500
1260,397,445,1076318,8198,477984,4489900
1261,378,423,1075940,8153,478407,4448300
1262,379,413,1075561,8119,478820,4463500
1263,399,417,1075162,8101,479237,4562600
1264,408,399,1074754,8110,479636,4445700
1265,404,418,1074350,8096,480054,4374900
1266,414,404,1073936,8106,480458,4780000
1267,380,379,1073556,8107,480837,4679100
1268,391,363,1073165,8135,481200,4339700
1269,377,439,1072788,8073,481639,4617800
1270,386,427,1072402,8032,482066,4420900
1271,395,409,1072007,8018,482475,4281800
1272,392,392,1071615,8018,482867,4297400
1273,372,416,1071243,7974,483283,4497100
1274,372,445,1070871,7901,483728,4445100
1275,397,398,1070474,7900,484126,4366100
1276,403,364,1070071,7939,484490,4739300
1277,362,419,1069709,7882,484909,4394800
1278,401,419,1069308,7864,485328,4320000
1279,350,396,1068958,7818,485724,4292600
1280,360,407,1068598,7771,486131,5368100
1281,396,422,1068202,7745,486553,4817700
1282,387,382,1067815,7750,486935,19043200
1283,404,415,1067411,7739,487350,6203600
1284,376,388,1067035,7727,487738,4797200
1285,376,400,1066659,7703,488138,4620300
1286,391,380,1066268,7714,488518,4827000
1287,359,385,1065909,7688,488903,4573800
1288,378,371,1065531,7695,489274,4646800
1289,410,365,1065121,7740,489639,8393500
1290,414,395,1064707,7759,490034,5849900
1291,409,362,1064298,7806,490396,5260300
1292,387,360,1063911,7833,490756,4814500
1293,370,431,1063541,7772,491187,4600600
1294,372,380,1063169,7764,491567,4530400
1295,345,396,1062824,7713,491963,4748500
1296,373,385,1062451,7701,492348,4450200
1297,366,390,1062085,7677,492738,4459100
1298,338,372,1061747,7643,493110,4558100
1299,355,371,1061392,7627,493481,4502900
1300,354,397,1061038,7584,493878,4427000
1301,370,383,1060668,7571,494261,4364500
1302,390,379,1060278,7582,494640,4833300
1303,370,387,1059908,7565,495027,4703700
1304,370,375,1059538,7560,495402,4662600
1305,384,379,1059154,7565,495781,5338000
1306,395,390,1058759,7570,496171,4568100
1307,356,384,1058403,7542,496555,4861700
1308,355,384,1058048,7513,496939,4804700
1309,349,385,1057699,7477,497324,4448300
1310,371,395,1057328,7453,497719,4418800
1311,350,379,1056978,7424,498098,4368300
1312,363,397,1056615,7390,498495,4515300
1313,374,371,1056241,7393,498866,4428600
1314,340,385,1055901,7348,499251,4352500
1315,350,364,1055551,7334,499615,4679900
1316,360,369,1055191,7325,499984,5113400
1317,341,334,1054850,7332,500318,5175500
1318,350,369,1054500,7313,500687,4939100
1319,352,345,1054148,7320,501032,5155800
1320,338,354,1053810,7304,501386,4937400
1321,319,336,1053491,7287,501722,4845100
1322,349,395,1053142,7241,502117,5263400
1323,363,378,1052779,7226,502495,4728800
1324,421,335,1052358,7312,502830,4706500
1325,382,337,1051976,7357,503167,5567100
1326,386,364,1051590,7379,503531,4639900
1327,391,361,1051199,7409,503892,4793800
1328,388,365,1050811,7432,504257,5704800
1329,413,377,1050398,7468,504634,5353000
1330,388,372,1050010,7484,505006,5648800
1331,368,371,1049642,7481,505377,5150500
1332,379,363,1049263,7497,505740,4686000
1333,357,379,1048906,7475,506119,4644600
1334,401,354,1048505,7522,506473,4678800
1335,367,374,1048138,7515,506847,4637300
1336,367,368,1047771,7514,507215,4527600
1337,350,328,1047421,7536,507543,4726700
1338,403,394,1047018,7545,507937,4628700
1339,370,338,1046648,7577,508275,5073700
1340,370,368,1046278,7579,508643,4937600
1341,399,383,1045879,7595,509026,4691800
1342,381,365,1045498,7611,509391,4775800
1343,402,402,1045096,7611,509793,4862700
1344,341,372,1044755,7580,510165,5386700
1345,384,358,1044371,7606,510523,5685400
1346,377,388,1043994,7595,510911,5560900
1347,384,381,1043610,7598,511292,5661800
1348,380,417,1043230,7561,511709,6033100
1349,368,394,1042862,7535,512103,5569800
1350,348,341,1042514,7542,512444,5096600
1351,368,405,1042146,7505,512849,5902600
1352,372,341,1041774,7536,513190,5347400
1353,368,395,1041406,7509,513585,5598200
1354,368,359,1041038,7518,513944,5633400
1355,333,381,1040705,7470,514325,5684600
1356,382,396,1040323,7456,514721,5663400
1357,338,372,1039985,7422,515093,5632700
1358,383,412,1039602,7393,515505,5638100
1359,369,357,1039233,7405,515862,5687700
1360,351,365,1038882,7391,516227,5414400
1361,333,351,1038549,7373,516578,5626200
1362,373,379,1038176,7367,516957,5917900
1363,333,394,1037843,7306,517351,4710500
1364,339,336,1037504,7309,517687,4637200
1365,362,380,1037142,7291,518067,4645700
1366,357,360,1036785,7288,518427,4718500
1367,321,352,1036464,7257,518779,4600300
1368,378,359,1036086,7276,519138,4568200
1369,365,401,1035721,7240,519539,4594500
1370,357,345,1035364,7252,519884,4581500
1371,340,356,1035024,7236,520240,4572300
1372,359,372,1034665,7223,520612,4548600
1373,379,337,1034286,7265,520949,5273000
1374,382,387,1033904,7260,521336,5429200
1375,335,375,1033569,7220,521711,5508500
1376,360,357,1033209,7223,522068,5488800
1377,343,369,1032866,7197,522437,4572700
1378,349,362,1032517,7184,522799,4481800
1379,378,330,1032139,7232,523129,5349400
1380,384,344,1031755,7272,523473,5491500
1381,372,356,1031383,7288,523829,5949100
1382,310,378,1031073,7220,524207,5492400
1383,335,386,1030738,7169,524593,5450500
1384,340,334,1030398,7175,524927,5714800
1385,324,395,1030074,7104,525322,5438400
1386,313,336,1029761,7081,525658,4937000
1387,281,308,1029480,7054,525966,4814000
1388,338,344,1029142,7048,526310,4957100
1389,325,361,1028817,7012,526671,5042400
1390,338,362,1028479,6988,527033,4746200
1391,322,328,1028157,6982,527361,4990700
1392,302,338,1027855,6946,527699,4634600
1393,287,332,1027568,6901,528031,4629600
1394,352,385,1027216,6868,528416,5079800
1395,325,386,1026891,6807,528802,5212500
1396,332,332,1026559,6807,529134,5102100
1397,349,346,1026210,6810,529480,5156900
1398,346,344,1025864,6812,529824,5063900
1399,331,377,1025533,6766,530201,4917400
1400,339,351,1025194,6754,530552,5100100
1401,344,349,1024850,6749,530901,4694200
1402,333,323,1024517,6759,531224,5109500
1403,324,323,1024193,6760,531547,5516900
1404,321,329,1023872,6752,531876,5113900
1405,335,352,1023537,6735,532228,4646500
1406,303,307,1023234,6731,532535,4904100
1407,369,316,1022865,6784,532851,4672700
1408,327,298,1022538,6813,533149,4645600
1409,319,348,1022219,6784,533497,4714500
1410,351,375,1021868,6760,533872,4868600
1411,327,347,1021541,6740,534219,4606400
1412,341,335,1021200,6746,534554,4681900
1413,352,357,1020848,6741,534911,4999200
1414,311,362,1020537,6690,535273,4758100
1415,332,334,1020205,6688,535607,4524000
1416,305,307,1019900,6686,535914,4657100
1417,358,334,1019542,6710,536248,4692000
1418,324,330,1019218,6704,536578,4597500
1419,323,327,1018895,6700,536905,4692900
1420,320,299,1018575,6721,537204,4670700
1421,351,348,1018224,6724,537552,5506700
1422,320,346,1017904,6698,537898,5823800
1423,306,340,1017598,6664,538238,4655000
1424,336,349,1017262,6651,538587,4481100
1425,318,315,1016944,6654,538902,4423000
1426,328,312,1016616,6670,539214,4445200
1427,306,326,1016310,6650,539540,4384200
1428,328,339,1015982,6639,539879,4364900
1429,301,371,1015681,6569,540250,4407300
1430,327,336,1015354,6560,540586,4396800
1431,313,343,1015041,6530,540929,4396600
1432,293,314,1014748,6509,541243,4283400
1433,310,324,1014438,6495,541567,5011400
1434,298,336,1014140,6457,541903,4457200
1435,308,289,1013832,6476,542192,4336100
1436,303,339,1013529,6440,542531,4432700
1437,307,323,1013222,6424,542854,4334000
1438,306,310,1012916,6420,543164,4298300
1439,316,297,1012600,6439,543461,4341800
1440,330,320,1012270,6449,543781,4535900
1441,329,321,1011941,6457,544102,4389100
1442,320,301,1011621,6476,544403,4364000
1443,306,343,1011315,6439,544746,5043300
1444,336,303,1010979,6472,545049,5244700
1445,324,343,1010655,6453,545392,5563400
1446,377,364,1010278,6466,545756,5626800
1447,339,325,1009939,6480,546081,5282900
1448,337,370,1009602,6447,546451,4965700
1449,323,347,1009279,6423,546798,4971000
1450,322,314,1008957,6431,547112,5193700
1451,310,348,1008647,6393,547460,5193100
1452,330,318,1008317,6405,547778,5313700
1453,324,315,1007993,6414,548093,5194700
1454,305,317,1007688,6402,548410,4988600
1455,330,323,1007358,6409,548733,5135400
1456,336,314,1007022,6431,549047,4701000
1457,322,326,1006700,6427,549373,4959100
1458,330,326,1006370,6431,549699,5207800
1459,313,328,1006057,6416,550027,5043200
1460,310,335,1005747,6391,550362,4665800
1461,312,322,1005435,6381,550684,4683400
1462,311,335,1005124,6357,551019,4543900
1463,266,333,1004858,6290,551352,4510800
1464,290,322,1004568,6258,551674,4548700
1465,307,298,1004261,6267,551972,4669300
1466,298,328,1003963,6237,552300,4445400
1467,332,334,1003631,6235,552634,4936000
1468,279,318,1003352,6196,552952,5465000
1469,316,288,1003036,6224,553240,4583500
1470,296,319,1002740,6201,553559,4475900
1471,303,291,1002437,6213,553850,7577700
1472,302,344,1002135,6171,554194,5572500
1473,310,310,1001825,6171,554504,5645200
1474,319,292,1001506,6198,554796,6243700
1475,302,305,1001204,6195,555101,5563700
1476,293,333,1000911,6155,555434,5716700
1477,286,330,1000625,6111,555764,5779000
1478,312,358,1000313,6065,556122,5818600
1479,279,299,1000034,6045,556421,5318500
1480,268,301,999766,6012,556722,5716500
1481,316,315,999450,6013,557037,6422700
1482,283,308,999167,5988,557345,6738800
1483,290,310,998877,5968,557655,7800000
1484,267,303,998610,5932,557958,6072100
1485,305,286,998305,5951,558244,5634700
1486,310,271,997995,5990,558515,5778500
1487,291,284,997704,5997,558799,5836100
1488,286,317,997418,5966,559116,4607600
1489,276,338,997142,5904,559454,4808000
1490,311,320,996831,5895,559774,4793400
1491,269,294,996562,5870,560068,4547400
1492,334,299,996228,5905,560367,4507200
1493,307,312,995921,5900,560679,4703600
1494,281,284,995640,5897,560963,4955500
1495,306,284,995334,5919,561247,4831900
1496,289,302,995045,5906,561549,4676900
1497,323,311,994722,5918,561860,4539900
1498,336,303,994386,5951,562163,4556500
1499,318,291,994068,5978,562454,4916600
1500,328,311,993740,5995,562765,4925800
1501,311,312,993429,5994,563077,4621200
1502,318,306,993111,6006,563383,4751200
1503,298,314,992813,5990,563697,4920500
1504,319,336,992494,5973,564033,4518500
1505,309,298,992185,5984,564331,4730900
1506,310,275,991875,6019,564606,5191300
1507,299,298,991576,6020,564904,4653200
1508,317,279,991259,6058,565183,4773900
1509,309,304,990950,6063,565487,4616000
1510,318,304,990632,6077,565791,4525100
1511,330,300,990302,6107,566091,4535500
1512,325,292,989977,6140,566383,4653500
1513,335,310,989642,6165,566693,4914500
1514,339,313,989303,6191,567006,4398800
1515,286,324,989017,6153,567330,4441600
1516,359,288,988658,6224,567618,4971400
1517,330,327,988328,6227,567945,4489000
1518,316,303,988012,6240,568248,4554000
1519,298,303,987714,6235,568551,4892600
1520,318,316,987396,6237,568867,4522500
1521,310,312,987086,6235,569179,4497500
1522,298,334,986788,6199,569513,4686300
1523,315,285,986473,6229,569798,4870200
1524,315,317,986158,6227,570115,4669000
1525,363,329,985795,6261,570444,4612700
1526,372,325,985423,6308,570769,4854600
1527,309,332,985114,6285,571101,4593900
1528,332,354,984782,6263,571455,4450400
1529,342,294,984440,6311,571749,4888400
1530,315,298,984125,6328,572047,4515200
1531,361,297,983764,6392,572344,4483600
1532,337,328,983427,6401,572672,4420500
1533,329,290,983098,6440,572962,4442000
1534,339,307,982759,6472,573269,4444900
1535,351,306,982408,6517,573575,4388100
1536,333,302,982075,6548,573877,5012600
1537,303,322,981772,6529,574199,5092700
1538,337,280,981435,6586,574479,5057200
1539,328,317,981107,6597,574796,5715400
1540,306,317,980801,6586,575113,5462000
1541,310,315,980491,6581,575428,6198800
1542,314,309,980177,6586,575737,6178000
1543,320,310,979857,6596,576047,5757000
1544,326,304,979531,6618,576351,5455500
1545,338,337,979193,6619,576688,5181700
1546,309,302,978884,6626,576990,6406000
1547,318,304,978566,6640,577294,5767600
1548,325,372,978241,6593,577666,5881400
1549,320,361,977921,6552,578027,5981900
1550,331,312,977590,6571,578339,6077600
1551,334,277,977256,6628,578616,5634200
1552,317,321,976939,6624,578937,5641000
1553,343,303,976596,6664,579240,5348500
1554,305,321,976291,6648,579561,4714900
1555,328,370,975963,6606,579931,4775900
1556,325,335,975638,6596,580266,5054200
1557,306,335,975332,6567,580601,6073000
1558,332,298,975000,6601,580899,4922100
1559,326,365,974674,6562,581264,5062400
1560,290,337,974384,6515,581601,5008900
1561,320,332,974064,6503,581933,5088700
1562,352,339,973712,6516,582272,5285700
1563,326,320,973386,6522,582592,6293200
1564,311,299,973075,6534,582891,6449700
1565,349,311,972726,6572,583202,5820900
1566,330,296,972396,6606,583498,6076600
1567,317,347,972079,6576,583845,5034500
1568,348,344,971731,6580,584189,6098400
1569,348,336,971383,6592,584525,6226800
1570,333,314,971050,6611,584839,5873800
1571,303,333,970747,6581,585172,6046500
1572,333,292,970414,6622,585464,5739400
1573,347,308,970067,6661,585772,5510300
1574,298,304,969769,6655,586076,6132100
1575,326,322,969443,6659,586398,5726700
1576,330,353,969113,6636,586751,6071900
1577,348,343,968765,6641,587094,5956800
1578,325,364,968440,6602,587458,5653600
1579,326,327,968114,6601,587785,5808500
1580,296,342,967818,6555,588127,5650300
1581,350,329,967468,6576,588456,5257500
1582,330,315,967138,6591,588771,5141400
1583,314,330,966824,6575,589101,5359000
1584,310,310,966514,6575,589411,4823900
1585,315,319,966199,6571,589730,4777600
1586,317,329,965882,6559,590059,5407400
1587,340,315,965542,6584,590374,5169800
1588,320,330,965222,6574,590704,6128700
1589,323,333,964899,6564,591037,5137200
1590,299,332,964600,6531,591369,5612700
1591,333,307,964267,6557,591676,5902700
1592,297,353,963970,6501,592029,5670400
1593,342,327,963628,6516,592356,4790000
1594,340,318,963288,6538,592674,4899100
1595,358,336,962930,6560,593010,5472100
1596,335,354,962595,6541,593364,5460700
1597,344,353,962251,6532,593717,5060900
1598,356,328,961895,6560,594045,5838700
1599,310,305,961585,6565,594350,6841600
1600,334,302,961251,6597,594652,5207300
1601,325,322,960926,6600,594974,5510900
1602,311,303,960615,6608,595277,5518500
1603,323,343,960292,6588,595620,5304900
1604,321,329,959971,6580,595949,5698200
1605,346,335,959625,6591,596284,6374100
1606,307,321,959318,6577,596605,7650500
1607,355,304,958963,6628,596909,6467800
1608,323,358,958640,6593,597267,6349300
1609,296,327,958344,6562,597594,5650900
1610,318,369,958026,6511,597963,6113000
1611,334,335,957692,6510,598298,6167700
1612,299,326,957393,6483,598624,5736700
1613,310,326,957083,6467,598950,5669700
1614,328,327,956755,6468,599277,6236300
1615,290,334,956465,6424,599611,6399600
1616,316,324,956149,6416,599935,6303100
1617,304,339,955845,6381,600274,6026100
1618,303,300,955542,6384,600574,6833500
1619,332,310,955210,6406,600884,6664600
1620,294,346,954916,6354,601230,5940200
1621,312,332,954604,6334,601562,5683500
1622,331,331,954273,6334,601893,5803900
1623,324,337,953949,6321,602230,6669900
1624,323,345,953626,6299,602575,5921800
1625,299,320,953327,6278,602895,5477600
1626,318,274,953009,6322,603169,5869700
1627,326,319,952683,6329,603488,5903300
1628,301,328,952382,6302,603816,6869200
1629,331,309,952051,6324,604125,5928000
1630,313,313,951738,6324,604438,5682200
1631,296,342,951442,6278,604780,5654100
1632,317,302,951125,6293,605082,5476700
1633,328,281,950797,6340,605363,5571800
1634,344,330,950453,6354,605693,5641800
1635,301,299,950152,6356,605992,5794100
1636,330,296,949822,6390,606288,7601900
1637,319,343,949503,6366,606631,8751400
1638,300,322,949203,6344,606953,12191800
1639,288,312,948915,6320,607265,8499700
1640,292,305,948623,6307,607570,7026600
1641,297,317,948326,6287,607887,6930000
1642,290,327,948036,6250,608214,5521700
1643,318,317,947718,6251,608531,5929700
1644,293,310,947425,6234,608841,5496900
1645,333,291,947092,6276,609132,5797100
1646,303,311,946789,6268,609443,4805100
1647,316,332,946473,6252,609775,4995200
1648,289,329,946184,6212,610104,4927300
1649,307,303,945877,6216,610407,5978000
1650,303,296,945574,6223,610703,4788200
1651,320,293,945254,6250,610996,4915500
1652,324,312,944930,6262,611308,4777100
1653,317,337,944613,6242,611645,5128200
1654,319,318,944294,6243,611963,4774500
1655,337,317,943957,6263,612280,4713700
1656,348,337,943609,6274,612617,4982600
1657,332,316,943277,6290,612933,4663900
1658,340,307,942937,6323,613240,4641400
1659,307,333,942630,6297,613573,4725800
1660,342,302,942288,6337,613875,4808800
1661,313,304,941975,6346,614179,4762600
1662,329,298,941646,6377,614477,4700000
1663,304,341,941342,6340,614818,4658000
1664,302,314,941040,6328,615132,4603300
1665,334,322,940706,6340,615454,4513300
1666,321,322,940385,6339,615776,4888900
1667,354,339,940031,6354,616115,4699000
1668,343,323,939688,6374,616438,4665400
1669,319,336,939369,6357,616774,4846600
1670,333,294,939036,6396,617068,4581500
1671,338,348,938698,6386,617416,4508000
1672,353,294,938345,6445,617710,4594400
1673,322,319,938023,6448,618029,5173900
1674,321,323,937702,6446,618352,4684100
1675,314,321,937388,6439,618673,4628900
1676,348,306,937040,6481,618979,4881100
1677,317,326,936723,6472,619305,4499500
1678,312,321,936411,6463,619626,4497700
1679,335,317,936076,6481,619943,5161900
1680,322,326,935754,6477,620269,4549200
1681,356,344,935398,6489,620613,4492100
1682,358,340,935040,6507,620953,4667100
1683,346,316,934694,6537,621269,4775300
1684,350,323,934344,6564,621592,4550400
1685,340,317,934004,6587,621909,4525000
1686,328,333,933676,6582,622242,5331900
1687,346,319,933330,6609,622561,5207500
1688,344,332,932986,6621,622893,4816300
1689,304,346,932682,6579,623239,5382300
1690,314,374,932368,6519,623613,5013000
1691,317,323,932051,6513,623936,4914200
1692,320,320,931731,6513,624256,4520700
1693,320,292,931411,6541,624548,4402500
1694,348,336,931063,6553,624884,4413500
1695,332,312,930731,6573,625196,4508400
1696,321,317,930410,6577,625513,4484600
1697,309,314,930101,6572,625827,4407100
1698,287,322,929814,6537,626149,4433800
1699,310,347,929504,6500,626496,4433000
1700,291,325,929213,6466,626821,4588000
1701,318,303,928895,6481,627124,4449800
1702,351,351,928544,6481,627475,4509700
1703,308,319,928236,6470,627794,4439200
1704,298,314,927938,6454,628108,4384900
1705,298,287,927640,6465,628395,4550600
1706,341,305,927299,6501,628700,4659100
1707,336,313,926963,6524,629013,4373900
1708,318,362,926645,6480,629375,4413300
1709,319,329,926326,6470,629704,4835100
1710,331,304,925995,6497,630008,4499200
1711,344,297,925651,6544,630305,4498000
1712,358,331,925293,6571,630636,4564700
1713,339,347,924954,6563,630983,4393300
1714,370,331,924584,6602,631314,4459100
1715,320,350,924264,6572,631664,4503100
1716,317,344,923947,6545,632008,4538500
1717,311,345,923636,6511,632353,4459200
1718,331,313,923305,6529,632666,4395100
1719,356,355,922949,6530,633021,4741000
1720,326,310,922623,6546,633331,4428200
1721,338,355,922285,6529,633686,4459700
1722,294,316,921991,6507,634002,4497400
1723,329,332,921662,6504,634334,4773100
1724,356,339,921306,6521,634673,4577600
1725,336,317,920970,6540,634990,4544500
1726,319,321,920651,6538,635311,4504900
1727,343,276,920308,6605,635587,4954900
1728,343,317,919965,6631,635904,4476600
1729,353,338,919612,6646,636242,4816800
1730,343,329,919269,6660,636571,4513900
1731,338,333,918931,6665,636904,4429900
1732,359,335,918572,6689,637239,4489400
1733,350,328,918222,6711,637567,4594500
1734,341,345,917881,6707,637912,4607600
1735,362,322,917519,6747,638234,4478700
1736,337,341,917182,6743,638575,4565100
1737,340,311,916842,6772,638886,4573800
1738,349,345,916493,6776,639231,4724500
1739,408,331,916085,6853,639562,4816200
1740,341,359,915744,6835,639921,4920100
1741,351,319,915393,6867,640240,4631500
1742,362,353,915031,6876,640593,4422800
1743,319,338,914712,6857,640931,4489700
1744,331,371,914381,6817,641302,4727400
1745,317,367,914064,6767,641669,4503700
1746,306,356,913758,6717,642025,4506600
1747,340,309,913418,6748,642334,4416800
1748,326,321,913092,6753,642655,4436800
1749,347,339,912745,6761,642994,4429500
1750,309,322,912436,6748,643316,4765100
1751,325,324,912111,6749,643640,4778100
1752,330,341,911781,6738,643981,4628500
1753,338,326,911443,6750,644307,5134500
1754,332,345,911111,6737,644652,5009400
1755,321,326,910790,6732,644978,4971200
1756,319,335,910471,6716,645313,4680000
1757,328,346,910143,6698,645659,4577700
1758,316,325,909827,6689,645984,4655400
1759,344,362,909483,6671,646346,4687500
1760,322,352,909161,6641,646698,4546500
1761,335,312,908826,6664,647010,4682200
1762,323,354,908503,6633,647364,4554600
1763,345,338,908158,6640,647702,4498600
1764,346,332,907812,6654,648034,4516800
1765,355,306,907457,6703,648340,4483600
1766,364,349,907093,6718,648689,4703600
1767,305,346,906788,6677,649035,4561200
1768,344,332,906444,6689,649367,4434900
1769,315,335,906129,6669,649702,4585200
1770,296,355,905833,6610,650057,4518800
1771,346,350,905487,6606,650407,4477400
1772,338,329,905149,6615,650736,4528500
1773,332,340,904817,6607,651076,4972200
1774,325,359,904492,6573,651435,4646700
1775,354,347,904138,6580,651782,4547800
1776,358,344,903780,6594,652126,4751900
1777,349,310,903431,6633,652436,4433900
1778,347,321,903084,6659,652757,4368700
1779,361,341,902723,6679,653098,4408000
1780,342,346,902381,6675,653444,4458200
1781,310,323,902071,6662,653767,4450700
1782,313,320,901758,6655,654087,4418500
1783,326,339,901432,6642,654426,4496000
1784,310,319,901122,6633,654745,4418500
1785,366,358,900756,6641,655103,4456600
1786,334,340,900422,6635,655443,4524300
1787,310,299,900112,6646,655742,4613600
1788,276,299,899836,6623,656041,4405400
1789,321,369,899515,6575,656410,4483000
1790,307,330,899208,6552,656740,4856400
1791,314,333,898894,6533,657073,4668200
1792,315,309,898579,6539,657382,4930900
1793,322,349,898257,6512,657731,4982800
1794,306,325,897951,6493,658056,4537000
1795,296,308,897655,6481,658364,4480800
1796,323,372,897332,6432,658736,4510900
1797,303,330,897029,6405,659066,4677300
1798,303,291,896726,6417,659357,4585600
1799,335,320,896391,6432,659677,4568000
1800,338,300,896053,6470,659977,4703300
1801,322,334,895731,6458,660311,4694400
1802,316,332,895415,6442,660643,4601100
1803,340,302,895075,6480,660945,4699500
1804,324,308,894751,6496,661253,4684200
1805,313,353,894438,6456,661606,4525400
1806,316,280,894122,6492,661886,4633600
1807,314,343,893808,6463,662229,5025000
1808,308,307,893500,6464,662536,5014900
1809,322,330,893178,6456,662866,4794600
1810,313,329,892865,6440,663195,5096600
1811,303,313,892562,6430,663508,5342000
1812,325,311,892237,6444,663819,5012900
1813,316,316,891921,6444,664135,5226600
1814,336,301,891585,6479,664436,5316700
1815,288,300,891297,6467,664736,5341900
1816,332,321,890965,6478,665057,5518500
1817,345,351,890620,6472,665408,5607200
1818,338,322,890282,6488,665730,5068300
1819,324,307,889958,6505,666037,5084900
1820,296,332,889662,6469,666369,5058500
1821,355,289,889307,6535,666658,5088200
1822,314,311,888993,6538,666969,4679300
1823,319,340,888674,6517,667309,4732200
1824,337,324,888337,6530,667633,4983500
1825,314,318,888023,6526,667951,5776300
1826,309,320,887714,6515,668271,5819500
1827,312,321,887402,6506,668592,5861000
1828,331,323,887071,6514,668915,4571800
1829,310,339,886761,6485,669254,4531700
1830,331,315,886430,6501,669569,4605500
1831,326,344,886104,6483,669913,4636500
1832,344,318,885760,6509,670231,4673000
1833,304,338,885456,6475,670569,4591700
1834,335,333,885121,6477,670902,4760400
1835,301,328,884820,6450,671230,4781300
1836,321,310,884499,6461,671540,4624500
1837,311,300,884188,6472,671840,4797000
1838,327,312,883861,6487,672152,7862700
1839,319,314,883542,6492,672466,7325400
1840,294,312,883248,6474,672778,5901000
1841,290,334,882958,6430,673112,5231800
1842,314,340,882644,6404,673452,4908600
1843,300,340,882344,6364,673792,6334500
1844,289,335,882055,6318,674127,5338200
1845,258,338,881797,6238,674465,4970800
1846,291,310,881506,6219,674775,4534300
1847,265,322,881241,6162,675097,4550300
1848,278,308,880963,6132,675405,4669200
1849,281,310,880682,6103,675715,5197200
1850,324,289,880358,6138,676004,4634300
1851,303,335,880055,6106,676339,4519900
1852,293,284,879762,6115,676623,4533900
1853,318,354,879444,6079,676977,4512400
1854,303,324,879141,6058,677301,4594300
1855,296,344,878845,6010,677645,4571500
1856,295,289,878550,6016,677934,4556300
1857,319,322,878231,6013,678256,4495500
1858,323,321,877908,6015,678577,4447100
1859,317,291,877591,6041,678868,4638300
1860,315,303,877276,6053,679171,4844800
1861,303,306,876973,6050,679477,4657300
1862,288,307,876685,6031,679784,4554800
1863,331,302,876354,6060,680086,4505500
1864,292,304,876062,6048,680390,4450800
1865,302,332,875760,6018,680722,4611100
1866,297,294,875463,6021,681016,4585100
1867,298,302,875165,6017,681318,4493500
1868,293,312,874872,5998,681630,4706100
1869,316,309,874556,6005,681939,4483300
1870,333,289,874223,6049,682228,4473500
1871,336,313,873887,6072,682541,4549400
1872,320,303,873567,6089,682844,4512500
1873,297,324,873270,6062,683168,4455400
1874,331,299,872939,6094,683467,4469000
1875,325,300,872614,6119,683767,4539200
1876,326,315,872288,6130,684082,4765200
1877,313,302,871975,6141,684384,4780000
1878,317,307,871658,6151,684691,4724400
1879,317,302,871341,6166,684993,4945700
1880,338,293,871003,6211,685286,4585400
1881,306,298,870697,6219,685584,4633400
1882,301,301,870396,6219,685885,4789500
1883,339,321,870057,6237,686206,4705300
1884,313,334,869744,6216,686540,4687900
1885,325,299,869419,6242,686839,4684400
1886,312,333,869107,6221,687172,4599400
1887,338,305,868769,6254,687477,4555500
1888,320,283,868449,6291,687760,4571600
1889,339,314,868110,6316,688074,4777900
1890,323,315,867787,6324,688389,4778600
1891,329,319,867458,6334,688708,4630900
1892,317,318,867141,6333,689026,5093700
1893,312,314,866829,6331,689340,4903700
1894,336,314,866493,6353,689654,5287200
1895,316,290,866177,6379,689944,4780500
1896,304,293,865873,6390,690237,5348400
1897,326,301,865547,6415,690538,5128900
1898,306,302,865241,6419,690840,5050500
1899,304,344,864937,6379,691184,4859700
1900,319,318,864618,6380,691502,5149600
1901,315,340,864303,6355,691842,5289700
1902,308,346,863995,6317,692188,5383400
1903,309,335,863686,6291,692523,4952200
1904,311,312,863375,6290,692835,5204000
1905,285,315,863090,6260,693150,5022300
1906,329,336,862761,6253,693486,4927100
1907,313,312,862448,6254,693798,4931900
1908,307,331,862141,6230,694129,4505600
1909,294,325,861847,6199,694454,4562200
1910,341,313,861506,6227,694767,4697400
1911,330,278,861176,6279,695045,4564600
1912,317,319,860859,6277,695364,4540400
1913,299,292,860560,6284,695656,4636800
1914,305,340,860255,6249,695996,4888100
1915,292,302,859963,6239,696298,5126200
1916,331,311,859632,6259,696609,4848900
1917,348,329,859284,6278,696938,4734200
1918,291,299,858993,6270,697237,4803200
1919,286,290,858707,6266,697527,4768300
1920,337,333,858370,6270,697860,4920600
1921,331,345,858039,6256,698205,4662600
1922,307,339,857732,6224,698544,4479300
1923,324,308,857408,6240,698852,4583900
1924,309,313,857099,6236,699165,4625000
1925,313,318,856786,6231,699483,4502400
1926,325,318,856461,6238,699801,4490400
1927,319,305,856142,6252,700106,4745400
1928,336,338,855806,6250,700444,4505000
1929,274,310,855532,6214,700754,4734900
1930,318,294,855214,6238,701048,4771800
1931,306,275,854908,6269,701323,5205000
1932,299,300,854609,6268,701623,5544700
1933,310,335,854299,6243,701958,5143000
1934,321,304,853978,6260,702262,4526700
1935,307,310,853671,6257,702572,4836300
1936,311,328,853360,6240,702900,4581700
1937,298,303,853062,6235,703203,4917700
1938,309,296,852753,6248,703499,4631600
1939,347,323,852406,6272,703822,4672100
1940,347,318,852059,6301,704140,4435300
1941,355,308,851704,6348,704448,4417700
1942,332,348,851372,6332,704796,4391600
1943,326,289,851046,6369,705085,4686800
1944,325,305,850721,6389,705390,4527500
1945,319,302,850402,6406,705692,4451800
1946,316,282,850086,6440,705974,4574100
1947,312,318,849774,6434,706292,5070500
1948,344,302,849430,6476,706594,4625600
1949,352,299,849078,6529,706893,4691700
1950,335,312,848743,6552,707205,5285000
1951,335,300,848408,6587,707505,4995500
1952,341,307,848067,6621,707812,4983300
1953,342,358,847725,6605,708170,5073400
1954,312,320,847413,6597,708490,5012100
1955,305,337,847108,6565,708827,4977500
1956,321,341,846787,6545,709168,4642600
1957,333,298,846454,6580,709466,4547200
1958,330,336,846124,6574,709802,5145100
1959,339,325,845785,6588,710127,5170300
1960,281,336,845504,6533,710463,5341800
1961,325,320,845179,6538,710783,5115400
1962,310,344,844869,6504,711127,5213200
1963,354,332,844515,6526,711459,4950300
1964,307,315,844208,6518,711774,4991900
1965,320,340,843888,6498,712114,5262800
1966,331,319,843557,6510,712433,4971900
1967,321,330,843236,6501,712763,4784000
1968,327,336,842909,6492,713099,4897300
1969,331,340,842578,6483,713439,4903500
1970,327,312,842251,6498,713751,4846900
1971,324,342,841927,6480,714093,5188400
1972,318,331,841609,6467,714424,5127100
1973,314,349,841295,6432,714773,4934900
1974,297,317,840998,6412,715090,5209400
1975,332,288,840666,6456,715378,5134200
1976,314,338,840352,6432,715716,5220200
1977,296,342,840056,6386,716058,5126500
1978,302,355,839754,6333,716413,4858800
1979,317,319,839437,6331,716732,5246700
1980,313,317,839124,6327,717049,4676900
1981,342,309,838782,6360,717358,5176600
1982,327,291,838455,6396,717649,4884700
1983,326,336,838129,6386,717985,4938700
1984,316,337,837813,6365,718322,5280000
1985,332,309,837481,6388,718631,4955000
1986,364,317,837117,6435,718948,4991100
1987,352,319,836765,6468,719267,5692000
1988,365,306,836400,6527,719573,5260200
1989,362,327,836038,6562,719900,4888700
1990,364,326,835674,6600,720226,4751300
1991,352,321,835322,6631,720547,4922900
1992,332,326,834990,6637,720873,5169400
1993,320,364,834670,6593,721237,5051800
1994,359,336,834311,6616,721573,5339300
1995,331,340,833980,6607,721913,5019700
1996,340,325,833640,6622,722238,5010400
1997,347,318,833293,6651,722556,4810300
1998,343,349,832950,6645,722905,4868600
1999,325,308,832625,6662,723213,5251900
2000,334,329,832291,6667,723542,4624200
2001,291,331,832000,6627,723873,4656100
2002,334,304,831666,6657,724177,4931500
2003,311,342,831355,6626,724519,4974700
2004,325,341,831030,6610,724860,4789700
2005,312,323,830718,6599,725183,5184000
2006,357,318,830361,6638,725501,4869000
2007,335,306,830026,6667,725807,4601000
2008,340,319,829686,6688,726126,4750800
2009,347,325,829339,6710,726451,4673500
2010,334,299,829005,6745,726750,4975300
2011,332,339,828673,6738,727089,4870800
2012,345,318,828328,6765,727407,5296500
2013,342,302,827986,6805,727709,4700100
2014,348,368,827638,6785,728077,5001300
2015,305,343,827333,6747,728420,4801000
2016,314,313,827019,6748,728733,5074400
2017,341,314,826678,6775,729047,4670300
2018,342,352,826336,6765,729399,4898200
2019,344,308,825992,6801,729707,4698900
2020,334,368,825658,6767,730075,4885200
2021,325,335,825333,6757,730410,5321500
2022,353,316,824980,6794,730726,5017600
2023,321,312,824659,6803,731038,4720500
2024,337,384,824322,6756,731422,4843600
2025,333,368,823989,6721,731790,5168900
2026,340,332,823649,6729,732122,5227200
2027,341,364,823308,6706,732486,4735800
2028,340,366,822968,6680,732852,4827100
2029,342,336,822626,6686,733188,4692200
2030,329,314,822297,6701,733502,4943000
2031,340,327,821957,6714,733829,4769900
2032,290,326,821667,6678,734155,4935900
2033,333,316,821334,6695,734471,4757500
2034,337,359,820997,6673,734830,4884400
2035,333,307,820664,6699,735137,4766000
2036,315,295,820349,6719,735432,5001400
2037,287,307,820062,6699,735739,4904300
2038,328,365,819734,6662,736104,5456400
2039,317,301,819417,6678,736405,4740100
2040,318,364,819099,6632,736769,4767400
2041,298,312,818801,6618,737081,4601800
2042,324,322,818477,6620,737403,4530400
2043,322,324,818155,6618,737727,4628700
2044,305,321,817850,6602,738048,4695500
2045,330,326,817520,6606,738374,4700800
2046,319,332,817201,6593,738706,4635400
2047,332,312,816869,6613,739018,4988400
2048,324,345,816545,6592,739363,4582100
2049,323,318,816222,6597,739681,4525200
2050,316,316,815906,6597,739997,5057100
2051,311,312,815595,6596,740309,5222800
2052,334,362,815261,6568,740671,4776900
2053,295,361,814966,6502,741032,4976000
2054,312,334,814654,6480,741366,4959600
2055,318,324,814336,6474,741690,5015500
2056,338,333,813998,6479,742023,4903100
2057,300,340,813698,6439,742363,4579600
2058,307,326,813391,6420,742689,4573400
2059,348,345,813043,6423,743034,4666000
2060,291,342,812752,6372,743376,4703300
2061,312,329,812440,6355,743705,4644000
2062,313,319,812127,6349,744024,4627000
2063,316,315,811811,6350,744339,4780300
2064,307,329,811504,6328,744668,4613000
2065,323,295,811181,6356,744963,4719000
2066,299,344,810882,6311,745307,4922500
2067,327,290,810555,6348,745597,5162100
2068,337,309,810218,6376,745906,4704500
2069,334,332,809884,6378,746238,4806900
2070,337,348,809547,6367,746586,4993800
2071,328,343,809219,6352,746929,4740300
2072,313,321,808906,6344,747250,4720100
2073,315,286,808591,6373,747536,4524800
2074,329,332,808262,6370,747868,4824600
2075,282,317,807980,6335,748185,4676500
2076,316,325,807664,6326,748510,4638100
2077,342,316,807322,6352,748826,4569400
2078,317,311,807005,6358,749137,4544300
2079,329,287,806676,6400,749424,4773000
2080,314,329,806362,6385,749753,4770000
2081,306,303,806056,6388,750056,4645300
2082,344,328,805712,6404,750384,5172900
2083,314,309,805398,6409,750693,5533600
2084,330,323,805068,6416,751016,5307600
2085,311,336,804757,6391,751352,5082000
2086,290,327,804467,6354,751679,4700500
2087,300,299,804167,6355,751978,4683800
2088,316,330,803851,6341,752308,4949300
2089,338,306,803513,6373,752614,5102200
2090,291,314,803222,6350,752928,4776300
2091,287,280,802935,6357,753208,4967800
2092,305,327,802630,6335,753535,4916800
2093,311,307,802319,6339,753842,5452200
2094,336,313,801983,6362,754155,5583200
2095,320,301,801663,6381,754456,4962700
2096,309,311,801354,6379,754767,4765500
2097,321,318,801033,6382,755085,4956300
2098,334,318,800699,6398,755403,5246400
2099,321,304,800378,6415,755707,4857600
2100,347,291,800031,6471,755998,5162900
2101,328,326,799703,6473,756324,5408100
2102,316,309,799387,6480,756633,5668300
2103,308,359,799079,6429,756992,5206300
2104,321,312,798758,6438,757304,5275200
2105,347,321,798411,6464,757625,5541100
2106,331,339,798080,6456,757964,5108400
2107,336,299,797744,6493,758263,4715600
2108,326,350,797418,6469,758613,4740000
2109,323,325,797095,6467,758938,4601900
2110,305,329,796790,6443,759267,4618600
2111,333,313,796457,6463,759580,4484900
2112,296,354,796161,6405,759934,4479100
2113,352,328,795809,6429,760262,4716800
2114,317,323,795492,6423,760585,5356100
2115,336,324,795156,6435,760909,5279800
2116,316,312,794840,6439,761221,5582800
2117,311,328,794529,6422,761549,4581900
2118,318,332,794211,6408,761881,4516600
2119,322,316,793889,6414,762197,4510600
2120,294,340,793595,6368,762537,4524100
2121,296,328,793299,6336,762865,4665800
2122,297,322,793002,6311,763187,4612800
2123,317,303,792685,6325,763490,4674800
2124,298,322,792387,6301,763812,4545200
2125,307,338,792080,6270,764150,4490900
2126,266,319,791814,6217,764469,4686600
2127,289,304,791525,6202,764773,4856600
2128,303,306,791222,6199,765079,4796700
2129,293,315,790929,6177,765394,4817800
2130,301,321,790628,6157,765715,4616400
2131,303,317,790325,6143,766032,4797600
2132,283,310,790042,6116,766342,4871500
2133,342,291,789700,6167,766633,4739000
2134,316,319,789384,6164,766952,4778900
2135,287,306,789097,6145,767258,32728600
2136,329,307,788768,6167,767565,5217700
2137,309,325,788459,6151,767890,4993300
2138,325,319,788134,6157,768209,4906400
2139,300,344,787834,6113,768553,5128800
2140,327,302,787507,6138,768855,4737800
2141,293,297,787214,6134,769152,4741900
2142,295,311,786919,6118,769463,4799500
2143,314,316,786605,6116,769779,4889700
2144,275,318,786330,6073,770097,4849500
2145,302,317,786028,6058,770414,4926300
2146,294,286,785734,6066,770700,5052500
2147,320,314,785414,6072,771014,4975200
2148,329,306,785085,6095,771320,4996900
2149,297,298,784788,6094,771618,5053700
2150,298,315,784490,6077,771933,4855700
2151,307,320,784183,6064,772253,4707700
2152,300,324,783883,6040,772577,4816500
2153,313,302,783570,6051,772879,4693900
2154,303,301,783267,6053,773180,4692900
2155,320,321,782947,6052,773501,4706800
2156,287,307,782660,6032,773808,4719000
2157,307,345,782353,5994,774153,4837800
2158,341,297,782012,6038,774450,5029200
2159,291,296,781721,6033,774746,4770900
2160,303,282,781418,6054,775028,4781400
2161,300,289,781118,6065,775317,5240000
2162,345,302,780773,6108,775619,4761000
2163,311,309,780462,6110,775928,4736300
2164,339,289,780123,6160,776217,4674000
2165,307,301,779816,6166,776518,4709400
2166,331,305,779485,6192,776823,4572400
2167,307,279,779178,6220,777102,4628600
2168,320,332,778858,6208,777434,4976700
2169,303,308,778555,6203,777742,4583200
2170,328,305,778227,6226,778047,4551300
2171,338,317,777889,6247,778364,4609600
2172,308,299,777581,6256,778663,4622200
2173,301,289,777280,6268,778952,4668300
2174,344,322,776936,6290,779274,4626600
2175,301,315,776635,6276,779589,4964900
2176,309,332,776326,6253,779921,4440900
2177,329,324,775997,6258,780245,4483100
2178,306,308,775691,6256,780553,5037900
2179,331,341,775360,6246,780894,4574200
2180,320,313,775040,6253,781207,4565800
2181,310,294,774730,6269,781501,4702700
2182,323,319,774407,6273,781820,4660700
2183,337,324,774070,6286,782144,4520000
2184,320,321,773750,6285,782465,4506200
2185,365,286,773385,6364,782751,4558500
2186,316,314,773069,6366,783065,4569400
2187,320,338,772749,6348,783403,4571700
2188,312,337,772437,6323,783740,4742400
2189,326,313,772111,6336,784053,4541600
2190,334,307,771777,6363,784360,4526700
2191,309,318,771468,6354,784678,4593800
2192,326,293,771142,6387,784971,4553100
2193,332,291,770810,6428,785262,4569600
2194,344,332,770466,6440,785594,4653800
2195,312,307,770154,6445,785901,4578200
2196,324,332,769830,6437,786233,4626500
2197,337,318,769493,6456,786551,4657400
2198,306,310,769187,6452,786861,4859800
2199,321,327,768866,6446,787188,4593100
2200,320,322,768546,6444,787510,4555400
2201,317,310,768229,6451,787820,5327600
2202,308,341,767921,6418,788161,4585200
2203,341,325,767580,6434,788486,4809000
2204,320,323,767260,6431,788809,4677100
2205,349,344,766911,6436,789153,4653300
2206,319,290,766592,6465,789443,4570500
2207,317,328,766275,6454,789771,4598300
2208,329,320,765946,6463,790091,4620800
2209,321,354,765625,6430,790445,4599200
2210,337,339,765288,6428,790784,4706400
2211,330,332,764958,6426,791116,4665500
2212,328,302,764630,6452,791418,4616200
2213,346,319,764284,6479,791737,4590700
2214,332,328,763952,6483,792065,4581500
2215,325,310,763627,6498,792375,4605400
2216,334,319,763293,6513,792694,4974400
2217,311,296,762982,6528,792990,4657200
2218,323,328,762659,6523,793318,4869900
2219,325,322,762334,6526,793640,4753100
2220,308,348,762026,6486,793988,4702400
2221,313,314,761713,6485,794302,4662800
2222,324,357,761389,6452,794659,4704600
2223,336,323,761053,6465,794982,4805000
2224,326,299,760727,6492,795281,4791200
2225,352,328,760375,6516,795609,5648500
2226,352,326,760023,6542,795935,5305400
2227,347,303,759676,6586,796238,5367700
2228,325,356,759351,6555,796594,4965200
2229,320,329,759031,6546,796923,5050500
2230,343,336,758688,6553,797259,4618000
2231,318,328,758370,6543,797587,4660900
2232,337,350,758033,6530,797937,4745800
2233,325,353,757708,6502,798290,4881900
2234,341,308,757367,6535,798598,4880600
2235,330,295,757037,6570,798893,4805800
2236,303,323,756734,6550,799216,4689800
2237,319,334,756415,6535,799550,4659600
2238,364,305,756051,6594,799855,4636400
2239,314,322,755737,6586,800177,4580700
2240,334,370,755403,6550,800547,4805500
2241,326,353,755077,6523,800900,4707700
2242,302,324,754775,6501,801224,4555300
2243,294,358,754481,6437,801582,4555300
2244,310,304,754171,6443,801886,4572500
2245,349,346,753822,6446,802232,4529600
2246,339,332,753483,6453,802564,4537700
2247,346,357,753137,6442,802921,4582600
2248,333,315,752804,6460,803236,4495100
2249,281,317,752523,6424,803553,4511500
2250,332,309,752191,6447,803862,4595600
2251,321,350,751870,6418,804212,4730100
2252,312,333,751558,6397,804545,4695300
2253,329,301,751229,6425,804846,4523900
2254,314,311,750915,6428,805157,4555900
2255,310,332,750605,6406,805489,4540400
2256,326,329,750279,6403,805818,4523400
2257,320,343,749959,6380,806161,4599400
2258,322,352,749637,6350,806513,4635500
2259,318,318,749319,6350,806831,4537500
2260,312,309,749007,6353,807140,4518800
2261,314,332,748693,6335,807472,4923300
2262,327,321,748366,6341,807793,4486200
2263,332,327,748034,6346,808120,4525100
2264,316,313,747718,6349,808433,4884600
2265,317,305,747401,6361,808738,4554200
2266,328,327,747073,6362,809065,4532300
2267,328,331,746745,6359,809396,4586700
2268,308,329,746437,6338,809725,4562500
2269,340,315,746097,6363,810040,4588600
2270,349,309,745748,6403,810349,4601300
2271,341,305,745407,6439,810654,4614800
2272,320,331,745087,6428,810985,4551700
2273,296,320,744791,6404,811305,4585200
2274,353,319,744438,6438,811624,4975400
2275,315,342,744123,6411,811966,4622600
2276,291,285,743832,6417,812251,4545400
2277,340,324,743492,6433,812575,4565700
2278,329,285,743163,6477,812860,4580800
2279,340,316,742823,6501,813176,4554300
2280,338,318,742485,6521,813494,4510100
2281,324,310,742161,6535,813804,4817700
2282,338,339,741823,6534,814143,4579800
2283,312,344,741511,6502,814487,4557600
2284,355,331,741156,6526,814818,4679300
2285,342,325,740814,6543,815143,4724500
2286,312,378,740502,6477,815521,4548100
2287,349,311,740153,6515,815832,4630400
2288,341,310,739812,6546,816142,4684700
2289,336,324,739476,6558,816466,4562400
2290,336,324,739140,6570,816790,4622200
2291,339,320,738801,6589,817110,4635000
2292,331,325,738470,6595,817435,4537700
2293,367,354,738103,6608,817789,4664800
2294,350,344,737753,6614,818133,4645900
2295,327,344,737426,6597,818477,4601000
2296,353,323,737073,6627,818800,4570900
2297,342,341,736731,6628,819141,4549700
2298,351,342,736380,6637,819483,4763200
2299,315,332,736065,6620,819815,4666700
2300,365,351,735700,6634,820166,4621600
2301,350,368,735350,6616,820534,5096900
2302,379,347,734971,6648,820881,4575900
2303,337,343,734634,6642,821224,4592800
2304,380,346,734254,6676,821570,4903200
2305,342,343,733912,6675,821913,4999100
2306,350,342,733562,6683,822255,4676500
2307,345,332,733217,6696,822587,4661100
2308,348,331,732869,6713,822918,4766000
2309,357,367,732512,6703,823285,4633700
2310,314,317,732198,6700,823602,4888800
2311,332,321,731866,6711,823923,4784000
2312,330,361,731536,6680,824284,4535800
2313,322,324,731214,6678,824608,4452200
2314,337,359,730877,6656,824967,4880400
2315,358,325,730519,6689,825292,4738400
2316,325,383,730194,6631,825675,4592000
2317,326,334,729868,6623,826009,4534600
2318,333,357,729535,6599,826366,4511900
2319,360,326,729175,6633,826692,4464200
2320,361,317,728814,6677,827009,4624000
2321,341,315,728473,6703,827324,4720200
2322,333,340,728140,6696,827664,4582800
2323,352,332,727788,6716,827996,4551400
2324,344,325,727444,6735,828321,4730400
2325,372,352,727072,6755,828673,4491100
2326,310,336,726762,6729,829009,4578600
2327,330,335,726432,6724,829344,4394700
2328,326,329,726106,6721,829673,4853300
2329,344,315,725762,6750,829988,4475300
2330,331,310,725431,6771,830298,4519400
2331,337,358,725094,6750,830656,4485900
2332,318,331,724776,6737,830987,4470500
2333,334,344,724442,6727,831331,4431100
2334,363,356,724079,6734,831687,4501000
2335,356,323,723723,6767,832010,4596100
2336,340,343,723383,6764,832353,4693400
2337,332,310,723051,6786,832663,4604500
2338,321,346,722730,6761,833009,5092500
2339,316,341,722414,6736,833350,4615200
2340,331,318,722083,6749,833668,4669100
2341,326,372,721757,6703,834040,4752700
2342,331,337,721426,6697,834377,4490200
2343,310,314,721116,6693,834691,4431600
2344,342,345,720774,6690,835036,4554800
2345,344,330,720430,6704,835366,5605800
2346,344,330,720086,6718,835696,5377400
2347,332,326,719754,6724,836022,4514400
2348,330,315,719424,6739,836337,4789800
2349,349,348,719075,6740,836685,4426900
2350,348,319,718727,6769,837004,4401700
2351,326,320,718401,6775,837324,4483700
2352,357,273,718044,6859,837597,4431700
2353,350,355,717694,6854,837952,4396100
2354,355,329,717339,6880,838281,4424300
2355,362,334,716977,6908,838615,4597100
2356,334,362,716643,6880,838977,4443400
2357,368,346,716275,6902,839323,4749800
2358,329,370,715946,6861,839693,4955900
2359,352,329,715594,6884,840022,4556100
2360,346,348,715248,6882,840370,4860400
2361,346,416,714902,6812,840786,4640200
2362,342,353,714560,6801,841139,5015600
2363,334,332,714226,6803,841471,4694400
2364,321,345,713905,6779,841816,4658900
2365,351,322,713554,6808,842138,4643800
2366,334,328,713220,6814,842466,4591600
2367,336,351,712884,6799,842817,4475800
2368,333,336,712551,6796,843153,5042300
2369,329,356,712222,6769,843509,5583000
2370,332,323,711890,6778,843832,4513800
2371,378,396,711512,6760,844228,4443300
2372,326,369,711186,6717,844597,4538900
2373,343,344,710843,6716,844941,4707700
2374,316,340,710527,6692,845281,4585400
2375,312,346,710215,6658,845627,4522800
2376,359,366,709856,6651,845993,4483100
2377,313,304,709543,6660,846297,4467300
2378,354,324,709189,6690,846621,4684000
2379,332,320,708857,6702,846941,4702700
2380,321,319,708536,6704,847260,4564300
2381,307,345,708229,6666,847605,4717500
2382,345,329,707884,6682,847934,4686100
2383,338,313,707546,6707,848247,4627000
2384,314,309,707232,6712,848556,4600700
2385,329,337,706903,6704,848893,5888300
2386,317,342,706586,6679,849235,5907600
2387,334,346,706252,6667,849581,5874100
2388,316,360,705936,6623,849941,4944400
2389,310,300,705626,6633,850241,4567200
2390,315,336,705311,6612,850577,4545600
2391,345,350,704966,6607,850927,4832500
2392,321,340,704645,6588,851267,4511200
2393,313,332,704332,6569,851599,4453000
2394,343,311,703989,6601,851910,4838600
2395,328,343,703661,6586,852253,5717500
2396,323,325,703338,6584,852578,5753800
2397,311,357,703027,6538,852935,5816300
2398,325,330,702702,6533,853265,5693300
2399,342,336,702360,6539,853601,5789000
2400,328,324,702032,6543,853925,5872600
2401,317,327,701715,6533,854252,5736700
2402,326,329,701389,6530,854581,4790200
2403,311,309,701078,6532,854890,5767400
2404,351,351,700727,6532,855241,5745900
2405,292,304,700435,6520,855545,5869600
2406,333,337,700102,6516,855882,4684900
2407,354,300,699748,6570,856182,4631000
2408,355,345,699393,6580,856527,4626900
2409,327,290,699066,6617,856817,4603500
2410,364,323,698702,6658,857140,4557300
2411,351,367,698351,6642,857507,4723400
2412,347,351,698004,6638,857858,5555800
2413,311,343,697693,6606,858201,5380600
2414,318,351,697375,6573,858552,5481100
2415,317,338,697058,6552,858890,5182400
2416,339,292,696719,6599,859182,4991700
2417,335,286,696384,6648,859468,4872200
2418,370,302,696014,6716,859770,4691100
2419,336,315,695678,6737,860085,4759500
2420,326,350,695352,6713,860435,4544400
2421,358,344,694994,6727,860779,4947300
2422,344,344,694650,6727,861123,4541800
2423,335,360,694315,6702,861483,4547200
2424,353,350,693962,6705,861833,4760700
2425,341,339,693621,6707,862172,6599000
2426,335,322,693286,6720,862494,5083000
2427,327,349,692959,6698,862843,5039200
2428,326,307,692633,6717,863150,4579900
2429,326,314,692307,6729,863464,4603500
2430,338,333,691969,6734,863797,4575700
2431,342,335,691627,6741,864132,4530700
2432,310,313,691317,6738,864445,4873600
2433,367,339,690950,6766,864784,4548600
2434,332,346,690618,6752,865130,4553600
2435,307,320,690311,6739,865450,4510700
2436,372,384,689939,6727,865834,4551400
2437,312,352,689627,6687,866186,4635200
2438,317,345,689310,6659,866531,4528800
2439,335,362,688975,6632,866893,4600900
2440,284,350,688691,6566,867243,4622500
2441,318,326,688373,6558,867569,4849200
2442,301,304,688072,6555,867873,4514300
2443,350,357,687722,6548,868230,4483200
2444,304,305,687418,6547,868535,4919400
2445,294,343,687124,6498,868878,5461000
2446,358,311,686766,6545,869189,4411600
2447,334,320,686432,6559,869509,5135700
2448,320,343,686112,6536,869852,4723800
2449,322,288,685790,6570,870140,4734400
2450,304,344,685486,6530,870484,4805300
2451,323,305,685163,6548,870789,5100600
2452,341,361,684822,6528,871150,5253100
2453,342,354,684480,6516,871504,5434000
2454,329,319,684151,6526,871823,4831400
2455,290,331,683861,6485,872154,4701000
2456,333,323,683528,6495,872477,4664900
2457,321,318,683207,6498,872795,4562600
2458,326,309,682881,6515,873104,4355900
2459,318,345,682563,6488,873449,4533800
2460,315,340,682248,6463,873789,5417000
2461,319,320,681929,6462,874109,5621300
2462,312,327,681617,6447,874436,4931500
2463,291,347,681326,6391,874783,4467500
2464,316,332,681010,6375,875115,4401500
2465,324,334,680686,6365,875449,4414900
2466,310,328,680376,6347,875777,4426300
2467,326,326,680050,6347,876103,4624900
2468,298,320,679752,6325,876423,4540900
2469,300,323,679452,6302,876746,4445100
2470,275,333,679177,6244,877079,4500500
2471,329,283,678848,6290,877362,4413300
2472,319,302,678529,6307,877664,4379200
2473,266,347,678263,6226,878011,4630700
2474,311,323,677952,6214,878334,4531400
2475,306,348,677646,6172,878682,4382900
2476,317,262,677329,6227,878944,4414900
2477,290,316,677039,6201,879260,4616400
2478,292,319,676747,6174,879579,4423700
2479,302,279,676445,6197,879858,4403600
2480,309,301,676136,6205,880159,4461900
2481,273,299,675863,6179,880458,4490600
2482,313,288,675550,6204,880746,4584600
2483,320,337,675230,6187,881083,4525300
2484,325,323,674905,6189,881406,4548200
2485,319,285,674586,6223,881691,4456200
2486,306,291,674280,6238,881982,4390200
2487,369,278,673911,6329,882260,4714000
2488,313,297,673598,6345,882557,4467700
2489,299,285,673299,6359,882842,4392200
2490,328,325,672971,6362,883167,4410800
2491,314,301,672657,6375,883468,4837000
2492,317,324,672340,6368,883792,4508700
2493,310,345,672030,6333,884137,4398700
2494,323,328,671707,6328,884465,4750500
2495,313,308,671394,6333,884773,4584900
2496,333,304,671061,6362,885077,4503000
2497,290,338,670771,6314,885415,4535500
2498,348,311,670423,6351,885726,4885100
2499,338,334,670085,6355,886060,4422800
2500,340,331,669745,6364,886391,4398000
2501,326,333,669419,6357,886724,4739400
2502,308,312,669111,6353,887036,4536000
2503,336,292,668775,6397,887328,4361000
2504,315,317,668460,6395,887645,4401500
2505,358,343,668102,6410,887988,4462200
2506,334,303,667768,6441,888291,4358900
2507,329,331,667439,6439,888622,4355700
2508,347,320,667092,6466,888942,4521300
2509,340,303,666752,6503,889245,4373400
2510,365,317,666387,6551,889562,4330700
2511,364,338,666023,6577,889900,4347500
2512,374,327,665649,6624,890227,4598500
2513,330,328,665319,6626,890555,4426100
2514,327,332,664992,6621,890887,4419200
2515,335,326,664657,6630,891213,4932400
2516,344,354,664313,6620,891567,4737200
2517,308,296,664005,6632,891863,4624400
2518,358,323,663647,6667,892186,4632000
2519,351,328,663296,6690,892514,4768500
2520,352,323,662944,6719,892837,4730300
2521,355,336,662589,6738,893173,4813200
2522,307,336,662282,6709,893509,4930000
2523,336,340,661946,6705,893849,4655000
2524,321,347,661625,6679,894196,4624200
2525,334,333,661291,6680,894529,5196700
2526,343,322,660948,6701,894851,4822300
2527,340,341,660608,6700,895192,4592000
2528,349,357,660259,6692,895549,4767500
2529,319,342,659940,6669,895891,4577900
2530,326,332,659614,6663,896223,4473000
2531,341,327,659273,6677,896550,4429300
2532,361,355,658912,6683,896905,4886100
2533,307,347,658605,6643,897252,4487600
2534,322,295,658283,6670,897547,4455500
2535,353,324,657930,6699,897871,5116800
2536,327,352,657603,6674,898223,4421200
2537,332,332,657271,6674,898555,4398000
2538,321,338,656950,6657,898893,4356000
2539,347,344,656603,6660,899237,4401000
2540,325,335,656278,6650,899572,4499100
2541,312,346,655966,6616,899918,4456100
2542,332,306,655634,6642,900224,4765800
2543,329,317,655305,6654,900541,4501800
2544,323,341,654982,6636,900882,4440200
2545,331,324,654651,6643,901206,4406100
2546,329,337,654322,6635,901543,4485700
2547,342,327,653980,6650,901870,4433300
2548,322,331,653658,6641,902201,4374900
2549,344,318,653314,6667,902519,4561900
2550,335,337,652979,6665,902856,4411700
2551,339,328,652640,6676,903184,4356600
2552,344,331,652296,6689,903515,4331900
2553,310,318,651986,6681,903833,4760000
2554,319,325,651667,6675,904158,4319800
2555,319,344,651348,6650,904502,4458700
2556,319,323,651029,6646,904825,4421100
2557,326,321,650703,6651,905146,4816700
2558,305,298,650398,6658,905444,4286300
2559,315,316,650083,6657,905760,4288800
2560,318,356,649765,6619,906116,4411100
2561,328,351,649437,6596,906467,4375700
2562,315,331,649122,6580,906798,4349100
2563,296,307,648826,6569,907105,4417900
2564,344,286,648482,6627,907391,4404300
2565,304,337,648178,6594,907728,4340400
2566,329,354,647849,6569,908082,4359600
2567,306,321,647543,6554,908403,4424300
2568,317,310,647226,6561,908713,4325700
2569,339,301,646887,6599,909014,4314200
2570,313,332,646574,6580,909346,4511200
2571,303,324,646271,6559,909670,4484800
2572,353,307,645918,6605,909977,4390700
2573,321,315,645597,6611,910292,4382100
2574,325,326,645272,6610,910618,4745200
2575,345,331,644927,6624,910949,4562500
2576,313,316,644614,6621,911265,4501800
2577,332,355,644282,6598,911620,4537300
2578,329,298,643953,6629,911918,4512700
2579,342,330,643611,6641,912248,4458400
2580,315,321,643296,6635,912569,4399300
2581,357,345,642939,6647,912914,4666100
2582,334,298,642605,6683,913212,4323500
2583,327,341,642278,6669,913553,4288400
2584,378,306,641900,6741,913859,4381400
2585,357,322,641543,6776,914181,4537100
2586,366,319,641177,6823,914500,4472500
2587,334,357,640843,6800,914857,4401100
2588,330,327,640513,6803,915184,4515100
2589,358,375,640155,6786,915559,4432100
2590,350,322,639805,6814,915881,4380200
2591,373,332,639432,6855,916213,4594400
2592,345,326,639087,6874,916539,4598600
2593,362,326,638725,6910,916865,4395600
2594,374,332,638351,6952,917197,4347500
2595,343,404,638008,6891,917601,4950000
2596,374,354,637634,6911,917955,4302000
2597,304,319,637330,6896,918274,4319600
2598,359,350,636971,6905,918624,4345000
2599,349,361,636622,6893,918985,4390300
2600,358,349,636264,6902,919334,4507500
2601,370,319,635894,6953,919653,4449700
2602,324,329,635570,6948,919982,4837200
2603,341,345,635229,6944,920327,4430400
2604,328,323,634901,6949,920650,4421400
2605,321,339,634580,6931,920989,4387200
2606,341,350,634239,6922,921339,4456500
2607,358,350,633881,6930,921689,4409700
2608,349,352,633532,6927,922041,4357200
2609,366,351,633166,6942,922392,4362500
2610,372,347,632794,6967,922739,4322300
2611,380,336,632414,7011,923075,4360600
2612,360,295,632054,7076,923370,4353500
2613,340,344,631714,7072,923714,4439400
2614,343,366,631371,7049,924080,4416800
2615,323,349,631048,7023,924429,4556800
2616,329,386,630719,6966,924815,4879400
2617,333,339,630386,6960,925154,4457000
2618,362,353,630024,6969,925507,4402800
2619,350,334,629674,6985,925841,4351400
2620,343,365,629331,6963,926206,5031400
2621,323,346,629008,6940,926552,4301100
2622,314,364,628694,6890,926916,4361600
2623,358,322,628336,6926,927238,4348500
2624,321,339,628015,6908,927577,4379700
2625,345,361,627670,6892,927938,4319900
2626,332,347,627338,6877,928285,4321100
2627,306,342,627032,6841,928627,4420800
2628,343,358,626689,6826,928985,4391300
2629,325,335,626364,6816,929320,4418300
2630,365,318,625999,6863,929638,4808500
2631,362,364,625637,6861,930002,4563500
2632,316,346,625321,6831,930348,4396600
2633,349,322,624972,6858,930670,4378300
2634,327,329,624645,6856,930999,4949200
2635,338,358,624307,6836,931357,4397000
2636,320,339,623987,6817,931696,4387500
2637,319,327,623668,6809,932023,4529900
2638,345,316,623323,6838,932339,4549500
2639,349,347,622974,6840,932686,4519500
2640,367,321,622607,6886,933007,4586200
2641,339,343,622268,6882,933350,4915800
2642,336,337,621932,6881,933687,4632900
2643,341,367,621591,6855,934054,4578800
2644,329,346,621262,6838,934400,4750400
2645,345,338,620917,6845,934738,4712700
2646,342,334,620575,6853,935072,4699200
2647,338,348,620237,6843,935420,5031900
2648,371,362,619866,6852,935782,4654400
2649,326,334,619540,6844,936116,4657600
2650,344,344,619196,6844,936460,4643600
2651,326,362,618870,6808,936822,4639700
2652,328,326,618542,6810,937148,4625000
2653,337,358,618205,6789,937506,4611600
2654,353,374,617852,6768,937880,4634300
2655,331,321,617521,6778,938201,4633500
2656,354,315,617167,6817,938516,4608900
2657,351,321,616816,6847,938837,5175400
2658,353,330,616463,6870,939167,4888200
2659,350,340,616113,6880,939507,4561800
2660,353,334,615760,6899,939841,4709200
2661,372,349,615388,6922,940190,4599900
2662,360,371,615028,6911,940561,4560800
2663,313,346,614715,6878,940907,4558400
2664,346,343,614369,6881,941250,4564900
2665,304,356,614065,6829,941606,4479600
2666,362,324,613703,6867,941930,4532900
2667,342,356,613361,6853,942286,4756000
2668,311,320,613050,6844,942606,4921100
2669,323,357,612727,6810,942963,4975600
2670,340,323,612387,6827,943286,4924300
2671,309,348,612078,6788,943634,5192100
2672,344,356,611734,6776,943990,5311400
2673,351,329,611383,6798,944319,5320400
2674,333,326,611050,6805,944645,5224000
2675,345,334,610705,6816,944979,5480800
2676,357,347,610348,6826,945326,5944100
2677,311,337,610037,6800,945663,5811200
2678,330,376,609707,6754,946039,8877200
2679,321,334,609386,6741,946373,7906900
2680,317,323,609069,6735,946696,8023100
2681,346,329,608723,6752,947025,5744800
2682,356,365,608367,6743,947390,5103100
2683,344,302,608023,6785,947692,6547700
2684,338,340,607685,6783,948032,5461600
2685,364,328,607321,6819,948360,4848200
2686,329,342,606992,6806,948702,5649500
2687,372,343,606620,6835,949045,5205900
2688,374,335,606246,6874,949380,5330600
2689,346,334,605900,6886,949714,5933500
2690,362,351,605538,6897,950065,5754500
2691,330,365,605208,6862,950430,5044600
2692,365,348,604843,6879,950778,4898000
2693,362,344,604481,6897,951122,5239400
2694,335,356,604146,6876,951478,5608900
2695,345,324,603801,6897,951802,4837400
2696,349,300,603452,6946,952102,4970600
2697,313,346,603139,6913,952448,4966600
2698,335,352,602804,6896,952800,4865800
2699,377,399,602427,6874,953199,4860900
2700,336,340,602091,6870,953539,5083800
2701,332,337,601759,6865,953876,4910200
2702,308,332,601451,6841,954208,4915000
2703,326,340,601125,6827,954548,4875000
2704,310,324,600815,6813,954872,4879800
2705,332,355,600483,6790,955227,4735700
2706,320,301,600163,6809,955528,4737300
2707,305,348,599858,6766,955876,4824700
2708,335,321,599523,6780,956197,4965200
2709,317,307,599206,6790,956504,4809600
2710,341,325,598865,6806,956829,5102500
2711,279,364,598586,6721,957193,4933100
2712,347,319,598239,6749,957512,4791600
2713,359,351,597880,6757,957863,5488500
2714,375,335,597505,6797,958198,6149700
2715,343,336,597162,6804,958534,6821900
2716,318,368,596844,6754,958902,5197200
2717,356,378,596488,6732,959280,5327000
2718,349,365,596139,6716,959645,4978700
2719,329,329,595810,6716,959974,4994600
2720,321,339,595489,6698,960313,4868100
2721,367,303,595122,6762,960616,4776200
2722,342,339,594780,6765,960955,5031900
2723,341,363,594439,6743,961318,5561700
2724,347,325,594092,6765,961643,5860900
2725,321,334,593771,6752,961977,5268500
2726,329,358,593442,6723,962335,5609700
2727,355,354,593087,6724,962689,5314000
2728,362,318,592725,6768,963007,5582500
2729,366,337,592359,6797,963344,5586500
2730,340,338,592019,6799,963682,4989100
2731,363,368,591656,6794,964050,4744400
2732,383,335,591273,6842,964385,4661000
2733,351,312,590922,6881,964697,4937900
2734,349,341,590573,6889,965038,4882100
2735,341,357,590232,6873,965395,4745900
2736,362,333,589870,6902,965728,4790500
2737,321,317,589549,6906,966045,4967700
2738,343,338,589206,6911,966383,4700300
2739,353,355,588853,6909,966738,4839900
2740,356,390,588497,6875,967128,4881700
2741,309,332,588188,6852,967460,5159300
2742,320,346,587868,6826,967806,5068200
2743,350,361,587518,6815,968167,5388800
2744,340,348,587178,6807,968515,6405100
2745,324,322,586854,6809,968837,6397000
2746,333,338,586521,6804,969175,5297800
2747,336,328,586185,6812,969503,5042800
2748,307,310,585878,6809,969813,4847600
2749,325,313,585553,6821,970126,4908600
2750,341,337,585212,6825,970463,4909900
2751,340,354,584872,6811,970817,4658000
2752,333,333,584539,6811,971150,4864600
2753,313,337,584226,6787,971487,4739800
2754,350,340,583876,6797,971827,4863800
2755,312,337,583564,6772,972164,5195800
2756,328,351,583236,6749,972515,4698400
2757,332,324,582904,6757,972839,4767800
2758,351,341,582553,6767,973180,4733200
2759,352,351,582201,6768,973531,4660900
2760,345,346,581856,6767,973877,4741400
2761,353,339,581503,6781,974216,4829900
2762,336,343,581167,6774,974559,4780200
2763,332,329,580835,6777,974888,4726100
2764,354,327,580481,6804,975215,4638200
2765,354,347,580127,6811,975562,4745900
2766,354,343,579773,6822,975905,4848500
2767,346,345,579427,6823,976250,4851600
2768,332,322,579095,6833,976572,4881000
2769,335,381,578760,6787,976953,4791100
2770,337,314,578423,6810,977267,4738400
2771,347,340,578076,6817,977607,5119800
2772,334,341,577742,6810,977948,4782500
2773,360,352,577382,6818,978300,4767900
2774,351,320,577031,6849,978620,4892900
2775,334,343,576697,6840,978963,4823000
2776,319,313,576378,6846,979276,4816400
2777,365,304,576013,6907,979580,4814700
2778,365,369,575648,6903,979949,4889900
2779,366,393,575282,6876,980342,5072800
2780,358,330,574924,6904,980672,4847900
2781,355,330,574569,6929,981002,4924400
2782,321,363,574248,6887,981365,4937700
2783,364,346,573884,6905,981711,5249500
2784,346,336,573538,6915,982047,5285600
2785,350,349,573188,6916,982396,6102100
2786,353,340,572835,6929,982736,6028200
2787,326,356,572509,6899,983092,4998900
2788,344,364,572165,6879,983456,4937200
2789,336,327,571829,6888,983783,4989000
2790,374,354,571455,6908,984137,5054600
2791,352,341,571103,6919,984478,5265700
2792,352,362,570751,6909,984840,5129300
2793,342,352,570409,6899,985192,5536300
2794,375,351,570034,6923,985543,5325700
2795,342,337,569692,6928,985880,5516300
2796,331,344,569361,6915,986224,5355300
2797,356,326,569005,6945,986550,4917400
2798,341,334,568664,6952,986884,4793600
2799,332,327,568332,6957,987211,5012700
2800,332,359,568000,6930,987570,4960700
2801,337,359,567663,6908,987929,4912100
2802,336,328,567327,6916,988257,5103200
2803,323,341,567004,6898,988598,4930000
2804,387,358,566617,6927,988956,4865400
2805,367,383,566250,6911,989339,5007800
2806,364,371,565886,6904,989710,4671000
2807,354,350,565532,6908,990060,4624600
2808,330,358,565202,6880,990418,4696500
2809,333,330,564869,6883,990748,4659600
2810,322,308,564547,6897,991056,4610600
2811,336,366,564211,6867,991422,4590000
2812,326,327,563885,6866,991749,4668800
2813,354,336,563531,6884,992085,4652700
2814,356,366,563175,6874,992451,4708600
2815,346,350,562829,6870,992801,5119500
2816,353,354,562476,6869,993155,4756500
2817,337,345,562139,6861,993500,4803800
2818,354,341,561785,6874,993841,5186700
2819,323,354,561462,6843,994195,4662100
2820,334,350,561128,6827,994545,4649100
2821,340,329,560788,6838,994874,5039900
2822,349,350,560439,6837,995224,5502600
2823,338,351,560101,6824,995575,4692600
2824,318,345,559783,6797,995920,4647800
2825,357,339,559426,6815,996259,4666800
2826,337,332,559089,6820,996591,4589800
2827,329,358,558760,6791,996949,4555300
2828,306,339,558454,6758,997288,4781300
2829,361,335,558093,6784,997623,4604600
2830,337,347,557756,6774,997970,4604100
2831,364,313,557392,6825,998283,4624100
2832,340,336,557052,6829,998619,4641700
2833,356,348,556696,6837,998967,4566900
2834,343,280,556353,6900,999247,4575700
2835,344,341,556009,6903,999588,4792700
2836,338,358,555671,6883,999946,4629100
2837,346,315,555325,6914,1000261,4764600
2838,322,360,555003,6876,1000621,4918700
2839,330,330,554673,6876,1000951,4650800
2840,356,378,554317,6854,1001329,4641400
2841,317,341,554000,6830,1001670,5029500
2842,303,364,553697,6769,1002034,4911500
2843,339,311,553358,6797,1002345,4709300
2844,357,354,553001,6800,1002699,4712700
2845,308,335,552693,6773,1003034,4700300
2846,363,351,552330,6785,1003385,4665400
2847,335,339,551995,6781,1003724,4618900
2848,349,360,551646,6770,1004084,4732100
2849,355,353,551291,6772,1004437,4680300
2850,342,387,550949,6727,1004824,4636700
2851,343,363,550606,6707,1005187,4753100
2852,354,343,550252,6718,1005530,5157000
2853,298,367,549954,6649,1005897,5533700
2854,327,331,549627,6645,1006228,6432000
2855,347,318,549280,6674,1006546,5506900
2856,329,334,548951,6669,1006880,5066800
2857,334,376,548617,6627,1007256,4948600
2858,343,348,548274,6622,1007604,4766400
2859,356,330,547918,6648,1007934,4746800
2860,372,342,547546,6678,1008276,5210900
2861,320,350,547226,6648,1008626,4912600
2862,352,351,546874,6649,1008977,4716500
2863,330,317,546544,6662,1009294,5108000
2864,319,303,546225,6678,1009597,4658200
2865,334,315,545891,6697,1009912,4556900
2866,348,354,545543,6691,1010266,4592700
2867,315,338,545228,6668,1010604,4604000
2868,337,356,544891,6649,1010960,4707600
2869,366,319,544525,6696,1011279,5881800
2870,348,311,544177,6733,1011590,4757100
2871,346,347,543831,6732,1011937,4752100
2872,327,317,543504,6742,1012254,4641400
2873,327,350,543177,6719,1012604,5261200
2874,345,359,542832,6705,1012963,4568800
2875,358,357,542474,6706,1013320,4841000
2876,335,336,542139,6705,1013656,5035700
2877,325,384,541814,6646,1014040,4727600
2878,344,330,541470,6660,1014370,4667100
2879,337,293,541133,6704,1014663,4756100
2880,323,361,540810,6666,1015024,4999300
2881,369,347,540441,6688,1015371,5317500
2882,336,332,540105,6692,1015703,5059400
2883,370,354,539735,6708,1016057,5001400
2884,345,336,539390,6717,1016393,4762100
2885,364,336,539026,6745,1016729,5082200
2886,340,339,538686,6746,1017068,4996400
2887,358,340,538328,6764,1017408,4832200
2888,362,344,537966,6782,1017752,4956000
2889,349,323,537617,6808,1018075,5716400
2890,352,360,537265,6800,1018435,5317600
2891,379,353,536886,6826,1018788,5816100
2892,347,348,536539,6825,1019136,5689500
2893,348,307,536191,6866,1019443,5532200
2894,371,337,535820,6900,1019780,5980100
2895,359,339,535461,6920,1020119,5242100
2896,395,319,535066,6996,1020438,5049800
2897,350,343,534716,7003,1020781,5381200
2898,338,345,534378,6996,1021126,4934100
2899,370,342,534008,7024,1021468,4936500
2900,362,350,533646,7036,1021818,5253200
2901,348,356,533298,7028,1022174,4692000
2902,371,376,532927,7023,1022550,4732600
2903,372,356,532555,7039,1022906,4893900
2904,332,370,532223,7001,1023276,5537000
2905,332,335,531891,6998,1023611,4755600
2906,322,383,531569,6937,1023994,4778500
2907,339,361,531230,6915,1024355,4680200
2908,354,337,530876,6932,1024692,4686200
2909,307,350,530569,6889,1025042,4755200
2910,332,359,530237,6862,1025401,4743900
2911,343,343,529894,6862,1025744,4755000
2912,332,348,529562,6846,1026092,4751200
2913,353,363,529209,6836,1026455,5193800
2914,329,369,528880,6796,1026824,5490400
2915,359,329,528521,6826,1027153,4979500
2916,334,350,528187,6810,1027503,4824800
2917,333,335,527854,6808,1027838,4701900
2918,347,332,527507,6823,1028170,4682700
2919,324,346,527183,6801,1028516,5430800
2920,354,310,526829,6845,1028826,5111700
2921,333,307,526496,6871,1029133,4581100
2922,369,311,526127,6929,1029444,4901100
2923,341,351,525786,6919,1029795,4558200
2924,340,301,525446,6958,1030096,4544000
2925,354,360,525092,6952,1030456,4480500
2926,347,350,524745,6949,1030806,5588100
2927,326,337,524419,6938,1031143,4759800
2928,345,305,524074,6978,1031448,4649300
2929,339,344,523735,6973,1031792,4917800
2930,332,340,523403,6965,1032132,4620400
2931,357,370,523046,6952,1032502,4703000
2932,321,401,522725,6872,1032903,5290400
2933,380,353,522345,6899,1033256,4870300
2934,366,343,521979,6922,1033599,4861000
2935,340,380,521639,6882,1033979,4818800
2936,356,355,521283,6883,1034334,4588100
2937,335,329,520948,6889,1034663,4530900
2938,354,370,520594,6873,1035033,4451100
2939,357,324,520237,6906,1035357,5069000
2940,392,363,519845,6935,1035720,5071200
2941,350,344,519495,6941,1036064,4926400
2942,338,355,519157,6924,1036419,4575600
2943,375,361,518782,6938,1036780,4498200
2944,307,358,518475,6887,1037138,4525900
2945,317,335,518158,6869,1037473,4546400
2946,362,358,517796,6873,1037831,4588500
2947,373,336,517423,6910,1038167,4514900
2948,370,347,517053,6933,1038514,4506200
2949,371,346,516682,6958,1038860,4891400
2950,330,355,516352,6933,1039215,4663800
2951,341,329,516011,6945,1039544,4581500
2952,353,338,515658,6960,1039882,4634900
2953,354,342,515304,6972,1040224,4598300
2954,391,354,514913,7009,1040578,4659400
2955,351,338,514562,7022,1040916,4953200
2956,371,330,514191,7063,1041246,5504800
2957,353,344,513838,7072,1041590,5100600
2958,405,350,513433,7127,1041940,5170000
2959,372,388,513061,7111,1042328,4724600
2960,362,334,512699,7139,1042662,4455500
2961,364,331,512335,7172,1042993,4616800
2962,380,365,511955,7187,1043358,4936500
2963,344,315,511611,7216,1043673,4404300
2964,373,337,511238,7252,1044010,4450200
2965,342,369,510896,7225,1044379,5006900
2966,331,353,510565,7203,1044732,4763400
2967,388,358,510177,7233,1045090,4676200
2968,369,393,509808,7209,1045483,5097400
2969,361,370,509447,7200,1045853,4482100
2970,363,363,509084,7200,1046216,4443500
2971,387,404,508697,7183,1046620,4427700
2972,340,347,508357,7176,1046967,4702000
2973,362,352,507995,7186,1047319,4702600
2974,366,330,507629,7222,1047649,4591800
2975,338,354,507291,7206,1048003,4813600
2976,337,338,506954,7205,1048341,4478100
2977,373,348,506581,7230,1048689,4772900
2978,341,372,506240,7199,1049061,5186000
2979,343,389,505897,7153,1049450,4597500
2980,343,375,505554,7121,1049825,4515900
2981,314,373,505240,7062,1050198,4473400
2982,337,345,504903,7054,1050543,4913900
2983,324,378,504579,7000,1050921,4333800
2984,343,381,504236,6962,1051302,4343000
2985,359,345,503877,6976,1051647,4389100
2986,337,348,503540,6965,1051995,4388700
2987,354,343,503186,6976,1052338,4355400
2988,329,335,502857,6970,1052673,4374300
2989,367,391,502490,6946,1053064,5119600
2990,355,364,502135,6937,1053428,4490200
2991,345,358,501790,6924,1053786,4506400
2992,375,344,501415,6955,1054130,4558800
2993,340,347,501075,6948,1054477,4847700
2994,334,308,500741,6974,1054785,4896300
2995,352,361,500389,6965,1055146,5343800
2996,355,354,500034,6966,1055500,4904200
2997,329,308,499705,6987,1055808,4611100
2998,335,350,499370,6972,1056158,4557800
2999,348,339,499022,6981,1056497,4612400
3000,356,380,498666,6957,1056877,4522800
3001,333,368,498333,6922,1057245,4480300
3002,355,330,497978,6947,1057575,4592000
3003,340,357,497638,6930,1057932,4446500
3004,323,363,497315,6890,1058295,4420200
3005,343,348,496972,6885,1058643,4795300
3006,357,305,496615,6937,1058948,4483700
3007,355,348,496260,6944,1059296,4403200
3008,346,374,495914,6916,1059670,4465700
3009,354,303,495560,6967,1059973,4531800
3010,362,320,495198,7009,1060293,4645200
3011,377,356,494821,7030,1060649,4407800
3012,356,351,494465,7035,1061000,4464300
3013,352,350,494113,7037,1061350,4518800
3014,331,334,493782,7034,1061684,4446900
3015,325,371,493457,6988,1062055,4401600
3016,396,369,493061,7015,1062424,4616100
3017,351,354,492710,7012,1062778,4472800
3018,366,325,492344,7053,1063103,4406800
3019,333,363,492011,7023,1063466,4425400
3020,339,350,491672,7012,1063816,4467900
3021,341,343,491331,7010,1064159,4389800
3022,363,363,490968,7010,1064522,4459200
3023,358,384,490610,6984,1064906,4594900
3024,338,335,490272,6987,1065241,4624900
3025,389,333,489883,7043,1065574,4644900
3026,377,336,489506,7084,1065910,4752200
3027,377,339,489129,7122,1066249,4756200
3028,343,331,488786,7134,1066580,4315100
3029,375,338,488411,7171,1066918,4300500
3030,338,366,488073,7143,1067284,4441600
3031,367,369,487706,7141,1067653,4368200
3032,371,362,487335,7150,1068015,4362700
3033,356,322,486979,7184,1068337,4362600
3034,349,333,486630,7200,1068670,4461200
3035,365,336,486265,7229,1069006,4394300
3036,377,355,485888,7251,1069361,4387400
3037,385,356,485503,7280,1069717,4883200
3038,363,382,485140,7261,1070099,4544200
3039,354,355,484786,7260,1070454,4434200
3040,377,370,484409,7267,1070824,4984600
3041,388,381,484021,7274,1071205,4659100
3042,385,344,483636,7315,1071549,4876300
3043,355,370,483281,7300,1071919,4895000
3044,351,334,482930,7317,1072253,4734600
3045,358,379,482572,7296,1072632,4462000
3046,361,347,482211,7310,1072979,4272300
3047,343,373,481868,7280,1073352,4795900
3048,333,379,481535,7234,1073731,4431800
3049,337,351,481198,7220,1074082,4401700
3050,368,343,480830,7245,1074425,4402900
3051,341,369,480489,7217,1074794,4453700
3052,345,362,480144,7200,1075156,4574400
3053,371,366,479773,7205,1075522,4652300
3054,352,397,479421,7160,1075919,4693200
3055,341,373,479080,7128,1076292,4556800
3056,363,381,478717,7110,1076673,4533000
3057,353,356,478364,7107,1077029,4696700
3058,341,364,478023,7084,1077393,4557400
3059,346,341,477677,7089,1077734,4517700
3060,359,329,477318,7119,1078063,4752700
3061,364,367,476954,7116,1078430,4727800
3062,340,397,476614,7059,1078827,4639600
3063,328,357,476286,7030,1079184,4635700
3064,322,356,475964,6996,1079540,4688800
3065,345,320,475619,7021,1079860,4576600
3066,355,348,475264,7028,1080208,4577300
3067,340,377,474924,6991,1080585,4616900
3068,359,385,474565,6965,1080970,4505200
3069,377,355,474188,6987,1081325,4466300
3070,350,351,473838,6986,1081676,4507700
3071,383,315,473455,7054,1081991,4758800
3072,343,363,473112,7034,1082354,4427300
3073,360,401,472752,6993,1082755,4408700
3074,346,333,472406,7006,1083088,4968600
3075,379,319,472027,7066,1083407,4429500
3076,379,337,471648,7108,1083744,4426900
3077,373,369,471275,7112,1084113,4402700
3078,356,390,470919,7078,1084503,4406000
3079,383,338,470536,7123,1084841,4362000
3080,338,375,470198,7086,1085216,4640300
3081,383,392,469815,7077,1085608,4701400
3082,367,322,469448,7122,1085930,4772600
3083,346,346,469102,7122,1086276,5024500
3084,340,358,468762,7104,1086634,4838600
3085,363,352,468399,7115,1086986,4717800
3086,337,348,468062,7104,1087334,4491200
3087,345,346,467717,7103,1087680,5212100
3088,340,370,467377,7073,1088050,4561400
3089,304,318,467073,7059,1088368,4465700
3090,342,347,466731,7054,1088715,4428100
3091,353,353,466378,7054,1089068,4517500
3092,324,353,466054,7025,1089421,4477300
3093,352,323,465702,7054,1089744,4423400
3094,352,328,465350,7078,1090072,4449400
3095,351,321,464999,7108,1090393,4532700
3096,332,348,464667,7092,1090741,4592000
3097,326,362,464341,7056,1091103,4606700
3098,368,341,463973,7083,1091444,4552500
3099,366,340,463607,7109,1091784,4665600
3100,375,353,463232,7131,1092137,4636000
3101,367,377,462865,7121,1092514,4669500
3102,359,354,462506,7126,1092868,4648600
3103,389,321,462117,7194,1093189,4637300
3104,360,361,461757,7193,1093550,4488200
3105,364,383,461393,7174,1093933,5148000
3106,330,346,461063,7158,1094279,4513700
3107,398,338,460665,7218,1094617,4527000
3108,367,376,460298,7209,1094993,4899200
3109,365,382,459933,7192,1095375,4853100
3110,329,390,459604,7131,1095765,4660400
3111,352,336,459252,7147,1096101,4703600
3112,342,354,458910,7135,1096455,4608900
3113,332,345,458578,7122,1096800,4570100
3114,410,340,458168,7192,1097140,4592300
3115,357,344,457811,7205,1097484,4766000
3116,393,370,457418,7228,1097854,4603300
3117,368,389,457050,7207,1098243,4605200
3118,364,401,456686,7170,1098644,4926600
3119,344,367,456342,7147,1099011,4681700
3120,339,356,456003,7130,1099367,4605700
3121,355,346,455648,7139,1099713,4913700
3122,377,349,455271,7167,1100062,4691400
3123,357,344,454914,7180,1100406,4600300
3124,363,337,454551,7206,1100743,4858200
3125,389,349,454162,7246,1101092,4738100
3126,370,386,453792,7230,1101478,4680900
3127,366,341,453426,7255,1101819,4558300
3128,381,365,453045,7271,1102184,5191200
3129,366,385,452679,7252,1102569,4715900
3130,369,347,452310,7274,1102916,4698600
3131,373,377,451937,7270,1103293,5023300
3132,362,392,451575,7240,1103685,4714800
3133,356,360,451219,7236,1104045,4618100
3134,366,361,450853,7241,1104406,4713100
3135,361,372,450492,7230,1104778,4774000
3136,385,405,450107,7210,1105183,4631400
3137,364,369,449743,7205,1105552,4699200
3138,345,352,449398,7198,1105904,5280200
3139,352,393,449046,7157,1106297,4952200
3140,349,344,448697,7162,1106641,4970200
3141,341,340,448356,7163,1106981,4799900
3142,324,332,448032,7155,1107313,4977000
3143,355,363,447677,7147,1107676,5091800
3144,344,353,447333,7138,1108029,5946600
3145,373,366,446960,7145,1108395,5451100
3146,321,351,446639,7115,1108746,5608400
3147,375,337,446264,7153,1109083,7045100
3148,355,320,445909,7188,1109403,5690000
3149,371,342,445538,7217,1109745,5925000
3150,359,351,445179,7225,1110096,6054900
3151,354,347,444825,7232,1110443,5221600
3152,365,344,444460,7253,1110787,5883700
3153,351,405,444109,7199,1111192,5845200
3154,355,365,443754,7189,1111557,5647300
3155,330,390,443424,7129,1111947,5379600
3156,351,370,443073,7110,1112317,5991600
3157,361,349,442712,7122,1112666,5510100
3158,356,359,442356,7119,1113025,5572000
3159,348,334,442008,7133,1113359,5354300
3160,375,353,441633,7155,1113712,5642300
3161,359,367,441274,7147,1114079,5025100
3162,384,325,440890,7206,1114404,4942200
3163,377,391,440513,7192,1114795,4897400
3164,372,347,440141,7217,1115142,4866800
3165,381,350,439760,7248,1115492,4917100
3166,339,366,439421,7221,1115858,5103600
3167,341,333,439080,7229,1116191,4939200
3168,415,349,438665,7295,1116540,5052100
3169,383,382,438282,7296,1116922,5532300
3170,378,384,437904,7290,1117306,4797400
3171,353,393,437551,7250,1117699,4776600
3172,360,384,437191,7226,1118083,5032800
3173,348,362,436843,7212,1118445,4791100
3174,346,378,436497,7180,1118823,4794500
3175,337,369,436160,7148,1119192,5048200
3176,385,400,435775,7133,1119592,5042400
3177,328,351,435447,7110,1119943,4926000
3178,373,367,435074,7116,1120310,5181200
3179,379,323,434695,7172,1120633,4804500
3180,372,362,434323,7182,1120995,4791600
3181,334,392,433989,7124,1121387,4957100
3182,354,361,433635,7117,1121748,5813500
3183,402,366,433233,7153,1122114,5738900
3184,367,382,432866,7138,1122496,5267700
3185,355,355,432511,7138,1122851,4889800
3186,333,360,432178,7111,1123211,4840200
3187,365,361,431813,7115,1123572,4829500
3188,347,360,431466,7102,1123932,4760500
3189,349,348,431117,7103,1124280,4689200
3190,359,345,430758,7117,1124625,4759900
3191,363,353,430395,7127,1124978,4918900
3192,378,379,430017,7126,1125357,4741400
3193,366,371,429651,7121,1125728,4771300
3194,349,342,429302,7128,1126070,4758200
3195,363,337,428939,7154,1126407,4715400
3196,305,382,428634,7077,1126789,4719600
3197,330,346,428304,7061,1127135,8887700
3198,336,330,427968,7067,1127465,6859000
3199,342,351,427626,7058,1127816,7734400
3200,361,350,427265,7069,1128166,5960000
3201,339,348,426926,7060,1128514,5965400
3202,328,360,426598,7028,1128874,6140500
3203,361,333,426237,7056,1129207,6154200
3204,363,343,425874,7076,1129550,5102500
3205,309,341,425565,7044,1129891,4951100
3206,327,349,425238,7022,1130240,8996000
3207,368,362,424870,7028,1130602,5969900
3208,340,323,424530,7045,1130925,7151100
3209,367,386,424163,7026,1131311,7194600
3210,342,361,423821,7007,1131672,5892000
3211,372,353,423449,7026,1132025,5287500
3212,352,386,423097,6992,1132411,4965300
3213,326,387,422771,6931,1132798,5080000
3214,319,357,422452,6893,1133155,5776300
3215,331,344,422121,6880,1133499,4755800
3216,333,317,421788,6896,1133816,4650300
3217,343,322,421445,6917,1134138,4674400
3218,383,327,421062,6973,1134465,4584500
3219,370,337,420692,7006,1134802,4516400
3220,386,360,420306,7032,1135162,4562200
3221,386,353,419920,7065,1135515,5171400
3222,355,347,419565,7073,1135862,4725700
3223,367,365,419198,7075,1136227,4707500
3224,359,369,418839,7065,1136596,4684500
3225,375,386,418464,7054,1136982,4624100
3226,376,376,418088,7054,1137358,4529900
3227,347,365,417741,7036,1137723,4651000
3228,346,358,417395,7024,1138081,4875200
3229,373,339,417022,7058,1138420,4800400
3230,365,363,416657,7060,1138783,4632600
3231,366,336,416291,7090,1139119,4748800
3232,351,389,415940,7052,1139508,4594900
3233,344,351,415596,7045,1139859,4518000
3234,385,377,415211,7053,1140236,4832200
3235,345,349,414866,7049,1140585,4555500
3236,369,379,414497,7039,1140964,4740400
3237,384,326,414113,7097,1141290,4706400
3238,338,360,413775,7075,1141650,4653600
3239,366,361,413409,7080,1142011,4575000
3240,364,361,413045,7083,1142372,4678200
3241,388,335,412657,7136,1142707,4625100
3242,372,349,412285,7159,1143056,4544400
3243,360,362,411925,7157,1143418,4521900
3244,346,331,411579,7172,1143749,5037200
3245,373,316,411206,7229,1144065,4620500
3246,379,329,410827,7279,1144394,4557800
3247,375,378,410452,7276,1144772,4944000
3248,353,409,410099,7220,1145181,4711100
3249,348,376,409751,7192,1145557,4725400
3250,363,314,409388,7241,1145871,4498300
3251,357,333,409031,7265,1146204,4955100
3252,361,402,408670,7224,1146606,4694800
3253,333,356,408337,7201,1146962,4644300
3254,335,336,408002,7200,1147298,4648200
3255,380,357,407622,7223,1147655,4610200
3256,380,369,407242,7234,1148024,4582900
3257,380,350,406862,7264,1148374,4609600
3258,343,343,406519,7264,1148717,4745200
3259,347,363,406172,7248,1149080,4687600
3260,376,337,405796,7287,1149417,4590800
3261,387,395,405409,7279,1149812,4661500
3262,367,366,405042,7280,1150178,4601600
3263,370,329,404672,7321,1150507,4562400
3264,404,341,404268,7384,1150848,4991400
3265,362,374,403906,7372,1151222,4748200
3266,400,386,403506,7386,1151608,4633700
3267,416,396,403090,7406,1152004,4723000
3268,331,350,402759,7387,1152354,4822500
3269,381,377,402378,7391,1152731,4533700
3270,359,400,402019,7350,1153131,4508600
3271,333,383,401686,7300,1153514,4545400
3272,352,406,401334,7246,1153920,4464700
3273,391,379,400943,7258,1154299,4422600
3274,388,368,400555,7278,1154667,4467700
3275,382,355,400173,7305,1155022,4520800
3276,380,392,399793,7293,1155414,4450400
3277,368,372,399425,7289,1155786,4412800
3278,372,354,399053,7307,1156140,4524000
3279,371,331,398682,7347,1156471,4439200
3280,355,376,398327,7326,1156847,4428000
3281,382,372,397945,7336,1157219,4516300
3282,386,377,397559,7345,1157596,5587900
3283,375,363,397184,7357,1157959,5423600
3284,353,370,396831,7340,1158329,5342600
3285,370,373,396461,7337,1158702,5244900
3286,354,354,396107,7337,1159056,5003800
3287,361,370,395746,7328,1159426,4868000
3288,392,373,395354,7347,1159799,4979100
3289,335,378,395019,7304,1160177,4773300
3290,353,392,394666,7265,1160569,5976700
3291,374,366,394292,7273,1160935,4941900
3292,337,400,393955,7210,1161335,4726800
3293,355,346,393600,7219,1161681,4717900
3294,371,349,393229,7241,1162030,4688600
3295,353,330,392876,7264,1162360,4931200
3296,393,366,392483,7291,1162726,5565300
3297,369,414,392114,7246,1163140,4940200
3298,378,333,391736,7291,1163473,5612000
3299,387,336,391349,7342,1163809,5310800
3300,390,373,390959,7359,1164182,5665400
3301,374,380,390585,7353,1164562,5501300
3302,389,410,390196,7332,1164972,5348600
3303,360,343,389836,7349,1165315,5191300
3304,380,343,389456,7386,1165658,4933400
3305,391,401,389065,7376,1166059,5197500
3306,350,384,388715,7342,1166443,4753300
3307,375,379,388340,7338,1166822,4744100
3308,393,358,387947,7373,1167180,4795400
3309,335,357,387612,7351,1167537,4651600
3310,405,368,387207,7388,1167905,4609000
3311,350,411,386857,7327,1168316,4624500
3312,350,341,386507,7336,1168657,5055000
3313,390,376,386117,7350,1169033,4841100
3314,337,351,385780,7336,1169384,4646200
3315,320,387,385460,7269,1169771,4802000
3316,348,362,385112,7255,1170133,4595900
3317,330,357,384782,7228,1170490,4574400
3318,362,341,384420,7249,1170831,4991800
3319,351,362,384069,7238,1171193,4913000
3320,343,342,383726,7239,1171535,4765000
3321,351,389,383375,7201,1171924,5049800
3322,339,340,383036,7200,1172264,4908800
3323,338,375,382698,7163,1172639,4693700
3324,347,363,382351,7147,1173002,4572900
3325,361,359,381990,7149,1173361,4924300
3326,358,369,381632,7138,1173730,4632500
3327,361,346,381271,7153,1174076,4575700
3328,342,354,380929,7141,1174430,4645400
3329,357,346,380572,7152,1174776,4627400
3330,391,352,380181,7191,1175128,4638100
3331,339,324,379842,7206,1175452,4710600
3332,370,341,379472,7235,1175793,4679100
3333,410,364,379062,7281,1176157,4621100
3334,351,346,378711,7286,1176503,4736900
3335,376,420,378335,7242,1176923,5078300
3336,392,347,377943,7287,1177270,4729100
3337,377,313,377566,7351,1177583,4681800
3338,357,341,377209,7367,1177924,4885300
3339,380,351,376829,7396,1178275,4731500
3340,364,357,376465,7403,1178632,4824700
3341,421,382,376044,7442,1179014,5933300
3342,370,363,375674,7449,1179377,5039500
3343,381,382,375293,7448,1179759,4946000
3344,387,394,374906,7441,1180153,5271000
3345,405,377,374501,7469,1180530,4746800
3346,369,353,374132,7485,1180883,4658800
3347,396,351,373736,7530,1181234,5394600
3348,402,370,373334,7562,1181604,5483100
3349,392,385,372942,7569,1181989,5780800
3350,351,380,372591,7540,1182369,6774400
3351,394,386,372197,7548,1182755,5167900
3352,378,394,371819,7532,1183149,5095400
3353,362,392,371457,7502,1183541,4869200
3354,385,386,371072,7501,1183927,4778400
3355,359,339,370713,7521,1184266,4806600
3356,366,384,370347,7503,1184650,4935200
3357,382,349,369965,7536,1184999,5010300
3358,364,363,369601,7537,1185362,5000400
3359,357,391,369244,7503,1185753,5166400
3360,380,418,368864,7465,1186171,5231700
3361,345,395,368519,7415,1186566,4805200
3362,385,385,368134,7415,1186951,4796100
3363,378,355,367756,7438,1187306,4920400
3364,380,373,367376,7445,1187679,4822900
3365,360,389,367016,7416,1188068,4702300
3366,329,383,366687,7362,1188451,4726200
3367,379,364,366308,7377,1188815,4664400
3368,339,379,365969,7337,1189194,4589500
3369,359,356,365610,7340,1189550,4710600
3370,356,360,365254,7336,1189910,4628400
3371,356,388,364898,7304,1190298,4636500
3372,363,384,364535,7283,1190682,4686900
3373,374,346,364161,7311,1191028,4776800
3374,344,374,363817,7281,1191402,4772100
3375,356,355,363461,7282,1191757,4731400
3376,329,352,363132,7259,1192109,4860200
3377,354,358,362778,7255,1192467,4863800
3378,327,430,362451,7152,1192897,4679300
3379,362,363,362089,7151,1193260,4718500
3380,348,349,361741,7150,1193609,4725400
3381,363,376,361378,7137,1193985,4663800
3382,346,375,361032,7108,1194360,4740600
3383,359,395,360673,7072,1194755,4819800
3384,357,359,360316,7070,1195114,4822100
3385,326,360,359990,7036,1195474,4848000
3386,345,375,359645,7006,1195849,5226100
3387,362,382,359283,6986,1196231,4857000
3388,341,339,358942,6988,1196570,4815300
3389,356,355,358586,6989,1196925,4968800
3390,347,366,358239,6970,1197291,4792600
3391,373,361,357866,6982,1197652,4801300
3392,393,343,357473,7032,1197995,5839100
3393,335,366,357138,7001,1198361,5493700
3394,334,381,356804,6954,1198742,5870400
3395,336,349,356468,6941,1199091,6518800
3396,341,342,356127,6940,1199433,5084400
3397,376,355,355751,6961,1199788,5382100
3398,365,370,355386,6956,1200158,5842600
3399,369,372,355017,6953,1200530,5693300
3400,366,359,354651,6960,1200889,6628300
3401,359,367,354292,6952,1201256,6885900
3402,354,342,353938,6964,1201598,5402600
3403,350,328,353588,6986,1201926,5830800
3404,325,339,353263,6972,1202265,5179900
3405,342,342,352921,6972,1202607,5137900
3406,350,392,352571,6930,1202999,4786100
3407,354,323,352217,6961,1203322,4586700
3408,386,360,351831,6987,1203682,4698200
3409,388,365,351443,7010,1204047,4721500
3410,349,341,351094,7018,1204388,4843500
3411,351,343,350743,7026,1204731,5011000
3412,351,352,350392,7025,1205083,5106900
3413,373,346,350019,7052,1205429,5098800
3414,336,354,349683,7034,1205783,5283200
3415,390,358,349293,7066,1206141,5523800
3416,365,360,348928,7071,1206501,5503500
3417,325,376,348603,7020,1206877,5578200
3418,352,359,348251,7013,1207236,4899300
3419,345,320,347906,7038,1207556,4749200
3420,372,345,347534,7065,1207901,4765500
3421,367,389,347167,7043,1208290,4671000
3422,372,334,346795,7081,1208624,4724100
3423,330,353,346465,7058,1208977,4701300
3424,327,317,346138,7068,1209294,4988000
3425,365,343,345773,7090,1209637,4569100
3426,361,367,345412,7084,1210004,4579900
3427,338,372,345074,7050,1210376,5170400
3428,374,352,344700,7072,1210728,5170200
3429,390,347,344310,7115,1211075,5186500
3430,345,360,343965,7100,1211435,4728200
3431,381,351,343584,7130,1211786,4698700
3432,358,366,343226,7122,1212152,4583300
3433,351,369,342875,7104,1212521,4620700
3434,347,345,342528,7106,1212866,4620600
3435,370,359,342158,7117,1213225,4570500
3436,366,356,341792,7127,1213581,4534200
3437,359,341,341433,7145,1213922,4693500
3438,317,351,341116,7111,1214273,4625000
3439,330,342,340786,7099,1214615,5639800
3440,387,374,340399,7112,1214989,5576200
3441,361,366,340038,7107,1215355,6131700
3442,311,362,339727,7056,1215717,5036000
3443,326,362,339401,7020,1216079,4898800
3444,311,350,339090,6981,1216429,4723800
3445,359,362,338731,6978,1216791,4665900
3446,307,334,338424,6951,1217125,5024300
3447,360,343,338064,6968,1217468,4690800
3448,333,358,337731,6943,1217826,4955600
3449,330,370,337401,6903,1218196,5407500
3450,355,333,337046,6925,1218529,5357200
3451,354,356,336692,6923,1218885,4660400
3452,335,382,336357,6876,1219267,4727800
3453,346,368,336011,6854,1219635,4589800
3454,350,323,335661,6881,1219958,4661400
3455,377,364,335284,6894,1220322,4839100
3456,346,365,334938,6875,1220687,4698200
3457,341,332,334597,6884,1221019,4689800
3458,338,334,334259,6888,1221353,4637600
3459,335,347,333924,6876,1221700,4671700
3460,350,334,333574,6892,1222034,4574500
3461,382,345,333192,6929,1222379,4526000
3462,359,347,332833,6941,1222726,5001900
3463,360,303,332473,6998,1223029,5376800
3464,388,357,332085,7029,1223386,5147700
3465,376,362,331709,7043,1223748,4789100
3466,361,337,331348,7067,1224085,4709000
3467,360,354,330988,7073,1224439,4629600
3468,319,361,330669,7031,1224800,4551700
3469,346,353,330323,7024,1225153,4618200
3470,361,396,329962,6989,1225549,4665000
3471,356,324,329606,7021,1225873,4641400
3472,323,356,329283,6988,1226229,4924900
3473,376,355,328907,7009,1226584,4504000
3474,353,332,328554,7030,1226916,4496100
3475,354,358,328200,7026,1227274,4507000
3476,351,331,327849,7046,1227605,4496200
3477,344,369,327505,7021,1227974,4454700
3478,334,341,327171,7014,1228315,4553600
3479,341,330,326830,7025,1228645,4446500
3480,349,339,326481,7035,1228984,4422700
3481,333,336,326148,7032,1229320,4400200
3482,338,366,325810,7004,1229686,4412900
3483,350,343,325460,7011,1230029,4953500
3484,348,358,325112,7001,1230387,5393700
3485,334,343,324778,6992,1230730,4988000
3486,346,358,324432,6980,1231088,5209100
3487,325,310,324107,6995,1231398,5072000
3488,358,358,323749,6995,1231756,4867100
3489,296,320,323453,6971,1232076,5043700
3490,323,338,323130,6956,1232414,5247700
3491,341,333,322789,6964,1232747,5076100
3492,379,352,322410,6991,1233099,5128800
3493,363,354,322047,7000,1233453,4891300
3494,346,356,321701,6990,1233809,4736400
3495,352,337,321349,7005,1234146,5030000
3496,361,355,320988,7011,1234501,5026900
3497,383,343,320605,7051,1234844,4880300
3498,345,358,320260,7038,1235202,5189100
3499,365,344,319895,7059,1235546,4757500
3500,381,367,319514,7073,1235913,4848700
3501,361,350,319153,7084,1236263,4990900
3502,348,353,318805,7079,1236616,4808300
3503,365,381,318440,7063,1236997,4798700
3504,367,368,318073,7062,1237365,5129700
3505,346,338,317727,7070,1237703,4905600
3506,356,340,317371,7086,1238043,4807800
3507,351,353,317020,7084,1238396,4989300
3508,381,293,316639,7172,1238689,5863300
3509,375,356,316264,7191,1239045,5230000
3510,349,386,315915,7154,1239431,5014900
3511,352,343,315563,7163,1239774,4755000
3512,395,344,315168,7214,1240118,4771600
3513,356,358,314812,7212,1240476,4790000
3514,361,366,314451,7207,1240842,4759600
3515,343,363,314108,7187,1241205,4686600
3516,364,399,313744,7152,1241604,4564200
3517,362,355,313382,7159,1241959,4781800
3518,374,364,313008,7169,1242323,4621500
3519,356,349,312652,7176,1242672,4616400
3520,335,370,312317,7141,1243042,4700100
3521,325,361,311992,7105,1243403,4649900
3522,336,340,311656,7101,1243743,4538800
3523,345,350,311311,7096,1244093,4580800
3524,328,330,310983,7094,1244423,4581900
3525,336,367,310647,7063,1244790,4600200
3526,336,358,310311,7041,1245148,4593300
3527,343,353,309968,7031,1245501,4929300
3528,333,354,309635,7010,1245855,4649200
3529,366,320,309269,7056,1246175,4607900
3530,339,371,308930,7024,1246546,4632200
3531,337,379,308593,6982,1246925,4609700
3532,390,337,308203,7035,1247262,4577800
3533,345,373,307858,7007,1247635,4547000
3534,334,313,307524,7028,1247948,4866900
3535,337,348,307187,7017,1248296,4538200
3536,334,353,306853,6998,1248649,4623000
3537,388,341,306465,7045,1248990,4883800
3538,354,368,306111,7031,1249358,4651500
3539,386,319,305725,7098,1249677,4547500
3540,347,379,305378,7066,1250056,4609100
3541,351,352,305027,7065,1250408,4576100
3542,346,340,304681,7071,1250748,4657100
3543,336,321,304345,7086,1251069,4590600
3544,337,360,304008,7063,1251429,5573700
3545,315,316,303693,7062,1251745,4980800
3546,354,373,303339,7043,1252118,4880000
3547,338,356,303001,7025,1252474,5089900
3548,358,342,302643,7041,1252816,4903400
3549,342,352,302301,7031,1253168,4925000
3550,369,364,301932,7036,1253532,5119200
3551,348,381,301584,7003,1253913,4742100
3552,354,374,301230,6983,1254287,4908400
3553,351,351,300879,6983,1254638,4974000
3554,319,332,300560,6970,1254970,5489600
3555,346,383,300214,6933,1255353,5792400
3556,360,362,299854,6931,1255715,5725100
3557,332,357,299522,6906,1256072,6056800
3558,372,336,299150,6942,1256408,5204700
3559,317,337,298833,6922,1256745,4805200
3560,343,322,298490,6943,1257067,4792400
3561,320,347,298170,6916,1257414,4873600
3562,313,330,297857,6899,1257744,5072200
3563,320,358,297537,6861,1258102,5215300
3564,315,374,297222,6802,1258476,5090700
3565,333,337,296889,6798,1258813,5980100
3566,334,350,296555,6782,1259163,6240000
3567,315,334,296240,6763,1259497,5481700
3568,338,304,295902,6797,1259801,6087300
3569,334,318,295568,6813,1260119,6112500
3570,326,324,295242,6815,1260443,5172200
3571,313,344,294929,6784,1260787,5182000
3572,354,300,294575,6838,1261087,5093800
3573,353,370,294222,6821,1261457,5222000
3574,315,338,293907,6798,1261795,4779800
3575,304,328,293603,6774,1262123,4927700
3576,355,318,293248,6811,1262441,4787600
3577,353,344,292895,6820,1262785,4757500
3578,336,341,292559,6815,1263126,4705300
3579,348,332,292211,6831,1263458,4784300
3580,367,340,291844,6858,1263798,4756200
3581,329,328,291515,6859,1264126,4711000
3582,353,321,291162,6891,1264447,4795200
3583,340,384,290822,6847,1264831,5026500
3584,343,306,290479,6884,1265137,4870900
3585,359,358,290120,6885,1265495,4853900
3586,353,334,289767,6904,1265829,5299100
3587,346,336,289421,6914,1266165,4905400
3588,345,372,289076,6887,1266537,4820400
3589,341,363,288735,6865,1266900,5061200
3590,324,348,288411,6841,1267248,5002300
3591,376,347,288035,6870,1267595,4836500
3592,372,341,287663,6901,1267936,4841400
3593,334,362,287329,6873,1268298,4788700
3594,379,335,286950,6917,1268633,4779000
3595,356,360,286594,6913,1268993,4836700
3596,338,349,286256,6902,1269342,4771000
3597,334,342,285922,6894,1269684,4758100
3598,334,343,285588,6885,1270027,4942900
3599,342,363,285246,6864,1270390,4984100
3600,335,368,284911,6831,1270758,4832300
3601,353,321,284558,6863,1271079,4734200
3602,322,360,284236,6825,1271439,5119000
3603,325,356,283911,6794,1271795,4762300
3604,338,353,283573,6779,1272148,4803600
3605,363,334,283210,6808,1272482,4822300
3606,353,302,282857,6859,1272784,4994500
3607,399,321,282458,6937,1273105,5144400
3608,327,329,282131,6935,1273434,5004100
3609,316,350,281815,6901,1273784,4853500
3610,355,351,281460,6905,1274135,4869800
3611,330,367,281130,6868,1274502,4820800
3612,365,361,280765,6872,1274863,4715400
3613,333,327,280432,6878,1275190,4698200
3614,358,326,280074,6910,1275516,4720400
3615,360,336,279714,6934,1275852,4732800
3616,322,362,279392,6894,1276214,4651400
3617,341,329,279051,6906,1276543,4651300
3618,387,369,278664,6924,1276912,4702300
3619,360,344,278304,6940,1277256,4671900
3620,346,349,277958,6937,1277605,4619300
3621,370,341,277588,6966,1277946,4644100
3622,366,343,277222,6989,1278289,4625900
3623,365,315,276857,7039,1278604,4607400
3624,345,344,276512,7040,1278948,4717800
3625,354,401,276158,6993,1279349,4682700
3626,351,346,275807,6998,1279695,4637200
3627,340,365,275467,6973,1280060,4685900
3628,331,338,275136,6966,1280398,4820200
3629,332,331,274804,6967,1280729,4633800
3630,300,334,274504,6933,1281063,4629400
3631,327,361,274177,6899,1281424,4801200
3632,340,345,273837,6894,1281769,4807700
3633,329,372,273508,6851,1282141,4743500
3634,337,339,273171,6849,1282480,4746900
3635,302,363,272869,6788,1282843,4833400
3636,348,307,272521,6829,1283150,4818400
3637,329,334,272192,6824,1283484,4786500
3638,299,370,271893,6753,1283854,4781200
3639,346,339,271547,6760,1284193,5113800
3640,346,326,271201,6780,1284519,5109500
3641,315,335,270886,6760,1284854,8026500
3642,321,339,270565,6742,1285193,7714600
3643,326,353,270239,6715,1285546,5479100
3644,319,325,269920,6709,1285871,4976100
3645,331,335,269589,6705,1286206,4807600
3646,314,304,269275,6715,1286510,4851000
3647,329,325,268946,6719,1286835,4748300
3648,343,312,268603,6750,1287147,4674900
3649,327,329,268276,6748,1287476,4742300
3650,301,306,267975,6743,1287782,4679000
3651,292,306,267683,6729,1288088,4652500
3652,306,344,267377,6691,1288432,4702400
3653,319,327,267058,6683,1288759,4676100
3654,319,322,266739,6680,1289081,4656900
3655,319,300,266420,6699,1289381,5723100
3656,323,347,266097,6675,1289728,4828400
3657,297,347,265800,6625,1290075,4714800
3658,350,309,265450,6666,1290384,4939000
3659,330,343,265120,6653,1290727,4774600
3660,302,337,264818,6618,1291064,4691200
3661,308,327,264510,6599,1291391,4641200
3662,295,293,264215,6601,1291684,4792200
3663,303,341,263912,6563,1292025,4687200
3664,299,312,263613,6550,1292337,4652200
3665,342,330,263271,6562,1292667,4718600
3666,339,300,262932,6601,1292967,4949300
3667,324,303,262608,6622,1293270,5048800
3668,337,318,262271,6641,1293588,4633700
3669,331,302,261940,6670,1293890,4750100
3670,353,362,261587,6661,1294252,4647300
3671,358,337,261229,6682,1294589,4547800
3672,316,361,260913,6637,1294950,5046200
3673,360,331,260553,6666,1295281,4663100
3674,311,335,260242,6642,1295616,4531300
3675,314,336,259928,6620,1295952,4910200
3676,334,344,259594,6610,1296296,4613800
3677,320,335,259274,6595,1296631,4564200
3678,320,323,258954,6592,1296954,4626900
3679,357,355,258597,6594,1297309,4706000
3680,342,311,258255,6625,1297620,4535100
3681,310,327,257945,6608,1297947,4520800
3682,322,335,257623,6595,1298282,4538100
3683,324,346,257299,6573,1298628,4521200
3684,297,330,257002,6540,1298958,4533200
3685,320,339,256682,6521,1299297,4547600
3686,314,319,256368,6516,1299616,4589700
3687,316,344,256052,6488,1299960,4553000
3688,345,324,255707,6509,1300284,4520300
3689,343,351,255364,6501,1300635,4587500
3690,338,338,255026,6501,1300973,4522800
3691,317,297,254709,6521,1301270,4435600
3692,346,318,254363,6549,1301588,4550300
3693,330,334,254033,6545,1301922,4621500
3694,297,312,253736,6530,1302234,4528800
3695,333,313,253403,6550,1302547,4469100
3696,358,313,253045,6595,1302860,4505900
3697,323,332,252722,6586,1303192,4421700
3698,327,315,252395,6598,1303507,4441700
3699,300,329,252095,6569,1303836,4581700
3700,333,337,251762,6565,1304173,4619900
3701,330,313,251432,6582,1304486,4595300
3702,317,346,251115,6553,1304832,4591900
3703,325,325,250790,6553,1305157,4745100
3704,335,317,250455,6571,1305474,4388800
3705,337,300,250118,6608,1305774,4442300
3706,331,362,249787,6577,1306136,4898500
3707,324,327,249463,6574,1306463,4664500
3708,293,314,249170,6553,1306777,4749700
3709,325,327,248845,6551,1307104,5240500
3710,296,305,248549,6542,1307409,4941500
3711,328,316,248221,6554,1307725,4831700
3712,336,325,247885,6565,1308050,4874000
3713,348,347,247537,6566,1308397,5053300
3714,289,337,247248,6518,1308734,4890500
3715,319,324,246929,6513,1309058,4853600
3716,314,277,246615,6550,1309335,4980800
3717,335,320,246280,6565,1309655,5069100
3718,290,315,245990,6540,1309970,4996700
3719,310,320,245680,6530,1310290,5675300
3720,333,333,245347,6530,1310623,5837900
3721,279,301,245068,6508,1310924,5838600
3722,313,346,244755,6475,1311270,5200800
3723,334,364,244421,6445,1311634,5401500
3724,305,306,244116,6444,1311940,5843900
3725,346,337,243770,6453,1312277,5529300
3726,317,308,243453,6462,1312585,5462300
3727,321,353,243132,6430,1312938,5170400
3728,321,328,242811,6423,1313266,4989100
3729,334,299,242477,6458,1313565,4749900
3730,326,297,242151,6487,1313862,4880400
3731,304,311,241847,6480,1314173,9128200
3732,310,345,241537,6445,1314518,7482400
3733,301,358,241236,6388,1314876,7210100
3734,303,333,240933,6358,1315209,5082500
3735,304,328,240629,6334,1315537,5456600
3736,329,334,240300,6329,1315871,6310200
3737,277,334,240023,6272,1316205,5430900
3738,278,313,239745,6237,1316518,5069800
3739,301,334,239444,6204,1316852,5114300
3740,301,312,239143,6193,1317164,5167100
3741,289,303,238854,6179,1317467,4899400
3742,269,302,238585,6146,1317769,5035700
3743,306,287,238279,6165,1318056,5458500
3744,318,298,237961,6185,1318354,5912600
3745,285,298,237676,6172,1318652,5342200
3746,318,306,237358,6184,1318958,5542000
3747,316,311,237042,6189,1319269,5475400
3748,319,326,236723,6182,1319595,5677000
3749,310,291,236413,6201,1319886,5293800
3750,303,306,236110,6198,1320192,5073200
3751,321,289,235789,6230,1320481,5133800
3752,309,313,235480,6226,1320794,5225900
3753,330,310,235150,6246,1321104,4929400
3754,329,323,234821,6252,1321427,5063100
3755,319,332,234502,6239,1321759,5468300
3756,308,282,234194,6265,1322041,4920200
3757,306,315,233888,6256,1322356,4754000
3758,322,291,233566,6287,1322647,4895200
3759,314,286,233252,6315,1322933,5142400
3760,299,308,232953,6306,1323241,5094600
3761,297,314,232656,6289,1323555,5086900
3762,319,332,232337,6276,1323887,4778800
3763,291,301,232046,6266,1324188,4663000
3764,334,336,231712,6264,1324524,4675500
3765,298,339,231414,6223,1324863,4624000
3766,313,310,231101,6226,1325173,4661100
3767,297,317,230804,6206,1325490,4652000
3768,292,275,230512,6223,1325765,4907200
3769,336,296,230176,6263,1326061,4631200
3770,343,290,229833,6316,1326351,4864000
3771,311,349,229522,6278,1326700,4754400
3772,299,300,229223,6277,1327000,4629300
3773,278,321,228945,6234,1327321,5460000
3774,310,284,228635,6260,1327605,5796800
3775,294,312,228341,6242,1327917,5666700
3776,318,322,228023,6238,1328239,4805600
3777,313,299,227710,6252,1328538,4833800
3778,317,318,227393,6251,1328856,4769400
3779,289,299,227104,6241,1329155,4745800
3780,293,321,226811,6213,1329476,4973900
3781,305,318,226506,6200,1329794,5048000
3782,285,316,226221,6169,1330110,4910300
3783,316,307,225905,6178,1330417,5146600
3784,293,309,225612,6162,1330726,5049300
3785,273,299,225339,6136,1331025,5547100
3786,280,322,225059,6094,1331347,5212100
3787,305,304,224754,6095,1331651,5559700
3788,304,295,224450,6104,1331946,5320000
3789,295,321,224155,6078,1332267,4953400
3790,263,294,223892,6047,1332561,5410300
3791,301,302,223591,6046,1332863,4930300
3792,285,286,223306,6045,1333149,4722400
3793,308,292,222998,6061,1333441,4660100
3794,275,302,222723,6034,1333743,4595900
3795,288,288,222435,6034,1334031,4621000
3796,303,303,222132,6034,1334334,5492000
3797,277,323,221855,5988,1334657,5331100
3798,277,286,221578,5979,1334943,4600100
3799,306,302,221272,5983,1335245,5451400
3800,301,282,220971,6002,1335527,5823000
3801,294,310,220677,5986,1335837,5403300
3802,307,303,220370,5990,1336140,5042400
3803,297,296,220073,5991,1336436,4776900
3804,302,306,219771,5987,1336742,5400700
3805,286,294,219485,5979,1337036,5227800
3806,260,275,219225,5964,1337311,5006700
3807,300,328,218925,5936,1337639,5144600
3808,296,304,218629,5928,1337943,6487000
3809,289,312,218340,5905,1338255,6645200
3810,283,298,218057,5890,1338553,6877600
3811,257,284,217800,5863,1338837,4841200
3812,253,299,217547,5817,1339136,4766900
3813,266,303,217281,5780,1339439,4839600
3814,280,255,217001,5805,1339694,4627000
3815,293,315,216708,5783,1340009,4569100
3816,271,301,216437,5753,1340310,4615400
3817,261,319,216176,5695,1340629,5224500
3818,260,286,215916,5669,1340915,5483300
3819,276,242,215640,5703,1341157,4852700
3820,308,292,215332,5719,1341449,5017200
3821,273,290,215059,5702,1341739,4680700
3822,302,290,214757,5714,1342029,4561200
3823,301,259,214456,5756,1342288,4902100
3824,300,257,214156,5799,1342545,4588600
3825,285,285,213871,5799,1342830,4618700
3826,292,293,213579,5798,1343123,4869300
3827,300,298,213279,5800,1343421,4643700
3828,264,296,213015,5768,1343717,4575900
3829,270,286,212745,5752,1344003,4575200
3830,269,284,212476,5737,1344287,4630700
3831,311,283,212165,5765,1344570,4534800
3832,260,295,211905,5730,1344865,4552200
3833,280,280,211625,5730,1345145,4825800
3834,281,314,211344,5697,1345459,4643900
3835,281,286,211063,5692,1345745,4764700
3836,293,254,210770,5731,1345999,4788500
3837,282,288,210488,5725,1346287,5200600
3838,269,273,210219,5721,1346560,5711400
3839,264,304,209955,5681,1346864,5049800
3840,253,289,209702,5645,1347153,4553900
3841,290,274,209412,5661,1347427,4582000
3842,262,271,209150,5652,1347698,4918700
3843,279,285,208871,5646,1347983,5061600
3844,283,292,208588,5637,1348275,4620500
3845,309,270,208279,5676,1348545,4666300
3846,310,282,207969,5704,1348827,4627200
3847,268,276,207701,5696,1349103,4389100
3848,294,288,207407,5702,1349391,4427000
3849,271,279,207136,5694,1349670,4614300
3850,303,311,206833,5686,1349981,4394700
3851,268,287,206565,5667,1350268,4388300
3852,290,273,206275,5684,1350541,5282100
3853,253,247,206022,5690,1350788,4652500
3854,249,277,205773,5662,1351065,4817800
3855,258,283,205515,5637,1351348,4812600
3856,290,292,205225,5635,1351640,4397700
3857,260,289,204965,5606,1351929,4357200
3858,294,273,204671,5627,1352202,4415600
3859,264,296,204407,5595,1352498,4591700
3860,278,276,204129,5597,1352774,4549600
3861,238,269,203891,5566,1353043,4438200
3862,265,297,203626,5534,1353340,4454900
3863,272,283,203354,5523,1353623,4452700
3864,259,271,203095,5511,1353894,4388200
3865,243,300,202852,5454,1354194,4372100
3866,263,289,202589,5428,1354483,4795900
3867,302,281,202287,5449,1354764,4358000
3868,258,258,202029,5449,1355022,4337600
3869,261,277,201768,5433,1355299,4854300
3870,248,257,201520,5424,1355556,4346300
3871,238,277,201282,5385,1355833,4470000
3872,262,258,201020,5389,1356091,4528400
3873,245,266,200775,5368,1356357,4550600
3874,261,273,200514,5356,1356630,4517200
3875,251,261,200263,5346,1356891,4496700
3876,251,286,200012,5311,1357177,4701900
3877,241,300,199771,5252,1357477,4972500
3878,268,276,199503,5244,1357753,4775100
3879,251,257,199252,5238,1358010,5037100
3880,231,278,199021,5191,1358288,4718300
3881,230,241,198791,5180,1358529,4476300
3882,233,235,198558,5178,1358764,4425900
3883,276,238,198282,5216,1359002,4516200
3884,259,266,198023,5209,1359268,4453100
3885,237,282,197786,5164,1359550,4398900
3886,259,270,197527,5153,1359820,4540200
3887,255,241,197272,5167,1360061,4524300
3888,250,270,197022,5147,1360331,4548000
3889,248,264,196774,5131,1360595,4471900
3890,228,263,196546,5096,1360858,4916100
3891,259,264,196287,5091,1361122,4560700
3892,244,267,196043,5068,1361389,4418600
3893,244,237,195799,5075,1361626,4623700
3894,248,263,195551,5060,1361889,5188300
3895,268,275,195283,5053,1362164,6225800
3896,262,264,195021,5051,1362428,5541600
3897,252,261,194769,5042,1362689,5386100
3898,270,254,194499,5058,1362943,4833100
3899,244,266,194255,5036,1363209,4730000
3900,259,257,193996,5038,1363466,4632700
3901,248,247,193748,5039,1363713,4706300
3902,256,259,193492,5036,1363972,5162400
3903,261,241,193231,5056,1364213,5327100
3904,213,268,193018,5001,1364481,4681300
3905,253,242,192765,5012,1364723,5269100
3906,253,228,192512,5037,1364951,4744600
3907,254,276,192258,5015,1365227,4742000
3908,250,250,192008,5015,1365477,4816800
3909,244,256,191764,5003,1365733,4507800
3910,239,258,191525,4984,1365991,4859300
3911,245,232,191280,4997,1366223,5348500
3912,250,255,191030,4992,1366478,4818200
3913,244,246,190786,4990,1366724,4556300
3914,253,227,190533,5016,1366951,4537200
3915,228,258,190305,4986,1367209,12761300
3916,243,240,190062,4989,1367449,6468400
3917,234,248,189828,4975,1367697,6134800
3918,268,246,189560,4997,1367943,5747800
3919,247,237,189313,5007,1368180,5445600
3920,251,277,189062,4981,1368457,6069700
3921,228,259,188834,4950,1368716,5382900
3922,250,260,188584,4940,1368976,5308100
3923,253,221,188331,4972,1369197,4632900
3924,223,256,188108,4939,1369453,4642300
3925,237,256,187871,4920,1369709,4775400
3926,221,217,187650,4924,1369926,5340900
3927,239,249,187411,4914,1370175,6804200
3928,247,229,187164,4932,1370404,4974200
3929,239,248,186925,4923,1370652,5072000
3930,245,280,186680,4888,1370932,4988100
3931,215,230,186465,4873,1371162,4856800
3932,246,262,186219,4857,1371424,4566900
3933,230,221,185989,4866,1371645,4439100
3934,257,237,185732,4886,1371882,4490700
3935,253,274,185479,4865,1372156,4844000
3936,250,239,185229,4876,1372395,5193700
3937,254,229,184975,4901,1372624,5349000
3938,227,242,184748,4886,1372866,5069700
3939,232,228,184516,4890,1373094,4690900
3940,235,217,184281,4908,1373311,4953800
3941,253,250,184028,4911,1373561,5489900
3942,285,256,183743,4940,1373817,4946300
3943,221,259,183522,4902,1374076,4832400
3944,258,235,183264,4925,1374311,4700200
3945,278,231,182986,4972,1374542,4668200
3946,256,249,182730,4979,1374791,4635400
3947,264,212,182466,5031,1375003,4976900
3948,270,268,182196,5033,1375271,4492000
3949,255,267,181941,5021,1375538,5021500
3950,266,273,181675,5014,1375811,4707700
3951,240,260,181435,4994,1376071,5276100
3952,258,231,181177,5021,1376302,4470300
3953,259,266,180918,5014,1376568,4490600
3954,251,258,180667,5007,1376826,4405100
3955,300,234,180367,5073,1377060,4359500
3956,239,242,180128,5070,1377302,4324700
3957,248,258,179880,5060,1377560,5020600
3958,237,255,179643,5042,1377815,4659000
3959,271,265,179372,5048,1378080,4532400
3960,249,258,179123,5039,1378338,5089200
3961,261,231,178862,5069,1378569,4971500
3962,248,288,178614,5029,1378857,4566300
3963,236,245,178378,5020,1379102,4372900
3964,241,244,178137,5017,1379346,4422600
3965,240,266,177897,4991,1379612,4356800
3966,253,263,177644,4981,1379875,4327500
3967,245,240,177399,4986,1380115,4471900
3968,247,263,177152,4970,1380378,4689700
3969,268,231,176884,5007,1380609,4500100
3970,261,247,176623,5021,1380856,4338500
3971,262,268,176361,5015,1381124,4574800
3972,271,231,176090,5055,1381355,4421800
3973,244,231,175846,5068,1381586,4369100
3974,260,255,175586,5073,1381841,4904300
3975,256,249,175330,5080,1382090,4453900
3976,249,244,175081,5085,1382334,4535900
3977,230,253,174851,5062,1382587,4519200
3978,261,252,174590,5071,1382839,4435800
3979,259,267,174331,5063,1383106,4409000
3980,279,259,174052,5083,1383365,4515000
3981,241,265,173811,5059,1383630,5041300
3982,246,289,173565,5016,1383919,5359700
3983,265,251,173300,5030,1384170,4474400
3984,246,244,173054,5032,1384414,4768400
3985,254,247,172800,5039,1384661,4452600
3986,225,247,172575,5017,1384908,4402200
3987,246,249,172329,5014,1385157,4464400
3988,271,267,172058,5018,1385424,4460700
3989,240,251,171818,5007,1385675,4392200
3990,268,251,171550,5024,1385926,4375200
3991,250,268,171300,5006,1386194,5219600
3992,226,244,171074,4988,1386438,5704900
3993,262,259,170812,4991,1386697,4723900
3994,246,257,170566,4980,1386954,4520800
3995,242,258,170324,4964,1387212,4425900
3996,224,207,170100,4981,1387419,4374800
3997,238,266,169862,4953,1387685,4402200
3998,238,260,169624,4931,1387945,4530900
3999,234,246,169390,4919,1388191,4456200
4000,226,233,169164,4912,1388424,4405000
4001,240,246,168924,4906,1388670,4445700
4002,250,232,168674,4924,1388902,4348300
4003,232,234,168442,4922,1389136,4344100
4004,246,272,168196,4896,1389408,4377100
4005,263,246,167933,4913,1389654,4836200
4006,266,248,167667,4931,1389902,4448200
4007,242,239,167425,4934,1390141,4411800
4008,261,266,167164,4929,1390407,4901400
4009,247,234,166917,4942,1390641,4746200
4010,236,230,166681,4948,1390871,4530200
4011,238,264,166443,4922,1391135,4602000
4012,269,236,166174,4955,1391371,4469000
4013,250,236,165924,4969,1391607,4376800
4014,239,258,165685,4950,1391865,4392500
4015,250,240,165435,4960,1392105,4457000
4016,248,239,165187,4969,1392344,4324500
4017,212,281,164975,4900,1392625,4342400
4018,204,242,164771,4862,1392867,4544400
4019,250,234,164521,4878,1393101,4466600
4020,254,246,164267,4886,1393347,4457100
4021,227,246,164040,4867,1393593,4442900
4022,216,256,163824,4827,1393849,4596000
4023,249,277,163575,4799,1394126,4500300
4024,224,250,163351,4773,1394376,4426300
4025,256,245,163095,4784,1394621,4418900
4026,235,225,162860,4794,1394846,4402700
4027,264,245,162596,4813,1395091,4393000
4028,257,211,162339,4859,1395302,4425300
4029,258,248,162081,4869,1395550,4465900
4030,247,229,161834,4887,1395779,4385900
4031,246,236,161588,4897,1396015,4327300
4032,258,248,161330,4907,1396263,4334300
4033,242,238,161088,4911,1396501,4485300
4034,230,275,160858,4866,1396776,4317600
4035,242,234,160616,4874,1397010,4319200
4036,259,249,160357,4884,1397259,4327200
4037,254,249,160103,4889,1397508,4349800
4038,245,239,159858,4895,1397747,4302400
4039,231,240,159627,4886,1397987,4294200
4040,205,259,159422,4832,1398246,4638100
4041,205,262,159217,4775,1398508,4322400
4042,229,268,158988,4736,1398776,4276300
4043,218,233,158770,4721,1399009,4291100
4044,196,243,158574,4674,1399252,4280900
4045,199,238,158375,4635,1399490,4254700
4046,218,242,158157,4611,1399732,4465700
4047,213,232,157944,4592,1399964,9172600
4048,233,225,157711,4600,1400189,4773000
4049,194,227,157517,4567,1400416,5377300
4050,233,229,157284,4571,1400645,4708000
4051,237,237,157047,4571,1400882,4617200
4052,244,211,156803,4604,1401093,4488300
4053,217,229,156586,4592,1401322,4405600
4054,229,228,156357,4593,1401550,4650500
4055,222,204,156135,4611,1401754,4501500
4056,222,216,155913,4617,1401970,4608200
4057,210,238,155703,4589,1402208,4393500
4058,234,221,155469,4602,1402429,4424200
4059,209,223,155260,4588,1402652,4906900
4060,217,224,155043,4581,1402876,5897900
4061,244,249,154799,4576,1403125,4676700
4062,219,237,154580,4558,1403362,4330600
4063,205,229,154375,4534,1403591,4347700
4064,194,252,154181,4476,1403843,4247800
4065,233,262,153948,4447,1404105,4214100
4066,214,225,153734,4436,1404330,4303600
4067,220,209,153514,4447,1404539,4208500
4068,212,214,153302,4445,1404753,4165500
4069,225,192,153077,4478,1404945,4348800
4070,228,228,152849,4478,1405173,4349600
4071,228,231,152621,4475,1405404,4297600
4072,234,227,152387,4482,1405631,4321200
4073,196,229,152191,4449,1405860,4398400
4074,241,211,151950,4479,1406071,4372000
4075,204,213,151746,4470,1406284,4326100
4076,219,220,151527,4469,1406504,4374800
4077,225,229,151302,4465,1406733,4323000
4078,201,226,151101,4440,1406959,4248900
4079,203,216,150898,4427,1407175,4342800
4080,204,225,150694,4406,1407400,4475900
4081,223,203,150471,4426,1407603,4313300
4082,196,197,150275,4425,1407800,4382000
4083,246,213,150029,4458,1408013,4381800
4084,213,193,149816,4478,1408206,4385700
4085,214,216,149602,4476,1408422,4430900
4086,220,207,149382,4489,1408629,4314600
4087,207,231,149175,4465,1408860,4813500
4088,231,220,148944,4476,1409080,4314500
4089,232,228,148712,4480,1409308,4278700
4090,219,227,148493,4472,1409535,4397000
4091,223,211,148270,4484,1409746,4336700
4092,207,224,148063,4467,1409970,4287900
4093,219,208,147844,4478,1410178,4233100
4094,255,221,147589,4512,1410399,4349000
4095,232,218,147357,4526,1410617,4367200
4096,193,230,147164,4489,1410847,4278800
4097,207,226,146957,4470,1411073,4313500
4098,223,232,146734,4461,1411305,4495600
4099,229,201,146505,4489,1411506,4298300
4100,229,198,146276,4520,1411704,4323800
4101,218,222,146058,4516,1411926,4714800
4102,203,225,145855,4494,1412151,4245500
4103,226,231,145629,4489,1412382,4250100
4104,237,226,145392,4500,1412608,4214300
4105,197,214,145195,4483,1412822,4298300
4106,207,227,144988,4463,1413049,4225400
4107,199,217,144789,4445,1413266,4225900
4108,206,235,144583,4416,1413501,4244800
4109,205,223,144378,4398,1413724,4586700
4110,191,239,144187,4350,1413963,4203800
4111,230,207,143957,4373,1414170,4192500
4112,212,191,143745,4394,1414361,4236900
4113,216,241,143529,4369,1414602,4262500
4114,211,207,143318,4373,1414809,4203800
4115,199,253,143119,4319,1415062,4283500
4116,218,189,142901,4348,1415251,4309600
4117,191,222,142710,4317,1415473,4193800
4118,222,201,142488,4338,1415674,4216000
4119,197,218,142291,4317,1415892,4281400
4120,205,226,142086,4296,1416118,5795800
4121,230,227,141856,4299,1416345,4369000
4122,218,208,141638,4309,1416553,4192100
4123,221,222,141417,4308,1416775,4340700
4124,194,219,141223,4283,1416994,4344700
4125,216,236,141007,4263,1417230,4248200
4126,224,250,140783,4237,1417480,4687300
4127,215,224,140568,4228,1417704,4263800
4128,241,215,140327,4254,1417919,4546900
4129,215,213,140112,4256,1418132,4119300
4130,216,217,139896,4255,1418349,4240900
4131,233,209,139663,4279,1418558,4278900
4132,192,224,139471,4247,1418782,4307500
4133,209,204,139262,4252,1418986,4254500
4134,234,203,139028,4283,1419189,5760000
4135,209,209,138819,4283,1419398,5521500
4136,229,249,138590,4263,1419647,4896600
4137,205,197,138385,4271,1419844,4650700
4138,209,216,138176,4264,1420060,4408800
4139,203,219,137973,4248,1420279,4290800
4140,206,213,137767,4241,1420492,4585600
4141,208,190,137559,4259,1420682,4395500
4142,183,203,137376,4239,1420885,4356400
4143,231,215,137145,4255,1421100,4397800
4144,193,233,136952,4215,1421333,4439100
4145,208,212,136744,4211,1421545,4386100
4146,225,190,136519,4246,1421735,4382500
4147,200,199,136319,4247,1421934,5563600
4148,222,207,136097,4262,1422141,5458600
4149,236,208,135861,4290,1422349,4361800
4150,237,217,135624,4310,1422566,4744300
4151,222,195,135402,4337,1422761,5130200
4152,208,211,135194,4334,1422972,4623900
4153,233,208,134961,4359,1423180,4571400
4154,220,220,134741,4359,1423400,4499300
4155,208,259,134533,4308,1423659,4471300
4156,244,242,134289,4310,1423901,4508100
4157,234,214,134055,4330,1424115,4960200
4158,238,234,133817,4334,1424349,4823200
4159,221,207,133596,4348,1424556,5262400
4160,224,214,133372,4358,1424770,4921800
4161,223,209,133149,4372,1424979,4721200
4162,211,214,132938,4369,1425193,4566600
4163,211,217,132727,4363,1425410,4824900
4164,239,209,132488,4393,1425619,4883100
4165,223,216,132265,4400,1425835,4667300
4166,217,235,132048,4382,1426070,4963700
4167,214,224,131834,4372,1426294,5513500
4168,226,208,131608,4390,1426502,5606200
4169,203,211,131405,4382,1426713,5617900
4170,213,213,131192,4382,1426926,4652100
4171,201,224,130991,4359,1427150,4968900
4172,202,221,130789,4340,1427371,5665700
4173,216,221,130573,4335,1427592,4604800
4174,188,200,130385,4323,1427792,4391800
4175,210,211,130175,4322,1428003,4455000
4176,216,200,129959,4338,1428203,4425500
4177,216,219,129743,4335,1428422,4410000
4178,211,207,129532,4339,1428629,4419500
4179,218,227,129314,4330,1428856,4303300
4180,202,223,129112,4309,1429079,4277000
4181,195,235,128917,4269,1429314,4248600
4182,211,248,128706,4232,1429562,4360300
4183,213,217,128493,4228,1429779,4287000
4184,203,198,128290,4233,1429977,4261200
4185,217,221,128073,4229,1430198,4307300
4186,213,194,127860,4248,1430392,4364400
4187,201,205,127659,4244,1430597,4309100
4188,221,209,127438,4256,1430806,4310500
4189,212,183,127226,4285,1430989,4421700
4190,209,188,127017,4306,1431177,4281900
4191,224,216,126793,4314,1431393,4282500
4192,191,233,126602,4272,1431626,4257600
4193,209,214,126393,4267,1431840,5099300
4194,207,234,126186,4240,1432074,4465700
4195,217,209,125969,4248,1432283,4242500
4196,207,208,125762,4247,1432491,4454800
4197,196,220,125566,4223,1432711,4461800
4198,208,213,125358,4218,1432924,4446300
4199,228,224,125130,4222,1433148,4190500
4200,214,217,124916,4219,1433365,4411500
4201,229,226,124687,4222,1433591,4262900
4202,196,218,124491,4200,1433809,4256600
4203,193,234,124298,4159,1434043,4234000
4204,211,202,124087,4168,1434245,5502300
4205,190,188,123897,4170,1434433,4841600
4206,231,226,123666,4175,1434659,4299700
4207,204,195,123462,4184,1434854,4795900
4208,196,211,123266,4169,1435065,4278800
4209,207,202,123059,4174,1435267,4247600
4210,211,211,122848,4174,1435478,4146800
4211,193,201,122655,4166,1435679,4795400
4212,207,197,122448,4176,1435876,4585700
4213,187,223,122261,4140,1436099,4192400
4214,202,203,122059,4139,1436302,4598200
4215,224,231,121835,4132,1436533,4141100
4216,185,227,121650,4090,1436760,4138900
4217,193,180,121457,4103,1436940,4120800
4218,206,210,121251,4099,1437150,5045100
4219,175,202,121076,4072,1437352,4846900
4220,209,201,120867,4080,1437553,4198100
4221,184,185,120683,4079,1437738,4251800
4222,209,203,120474,4085,1437941,4189300
4223,198,214,120276,4069,1438155,4175900
4224,198,218,120078,4049,1438373,4143000
4225,188,166,119890,4071,1438539,5238500
4226,185,207,119705,4049,1438746,5570800
4227,185,198,119520,4036,1438944,4182500
4228,208,189,119312,4055,1439133,4171400
4229,179,206,119133,4028,1439339,4138600
4230,212,169,118921,4071,1439508,4111800
4231,206,197,118715,4080,1439705,4110700
4232,208,207,118507,4081,1439912,4879800
4233,211,202,118296,4090,1440114,4638700
4234,198,189,118098,4099,1440303,4238900
4235,208,215,117890,4092,1440518,4438600
4236,192,246,117698,4038,1440764,4430200
4237,214,199,117484,4053,1440963,4184600
4238,217,207,117267,4063,1441170,4216100
4239,189,194,117078,4058,1441364,4762100
4240,191,209,116887,4040,1441573,5643100
4241,215,206,116672,4049,1441779,4879100
4242,182,187,116490,4044,1441966,4569700
4243,224,208,116266,4060,1442174,5607000
4244,209,185,116057,4084,1442359,4872000
4245,228,204,115829,4108,1442563,4904500
4246,197,231,115632,4074,1442794,5148700
4247,200,202,115432,4072,1442996,4226000
4248,177,187,115255,4062,1443183,4321100
4249,214,213,115041,4063,1443396,4256500
4250,192,218,114849,4037,1443614,4223400
4251,209,188,114640,4058,1443802,4220500
4252,211,199,114429,4070,1444001,4428000
4253,194,199,114235,4065,1444200,4294500
4254,184,190,114051,4059,1444390,4212400
4255,195,194,113856,4060,1444584,4206100
4256,220,185,113636,4095,1444769,4295300
4257,189,186,113447,4098,1444955,4215400
4258,197,196,113250,4099,1445151,4200600
4259,207,210,113043,4096,1445361,4291900
4260,199,220,112844,4075,1445581,4232800
4261,188,191,112656,4072,1445772,4227400
4262,178,198,112478,4052,1445970,4221600
4263,187,183,112291,4056,1446153,4715400
4264,186,214,112105,4028,1446367,5557500
4265,186,196,111919,4018,1446563,5267100
4266,172,203,111747,3987,1446766,4612900
4267,188,190,111559,3985,1446956,4197200
4268,184,218,111375,3951,1447174,4142700
4269,183,200,111192,3934,1447374,4212900
4270,196,213,110996,3917,1447587,5325100
4271,188,185,110808,3920,1447772,5435300
4272,180,191,110628,3909,1447963,5028100
4273,205,200,110423,3914,1448163,4545400
4274,212,194,110211,3932,1448357,4181400
4275,187,200,110024,3919,1448557,4241200
4276,165,195,109859,3889,1448752,4493000
4277,194,156,109665,3927,1448908,4265300
4278,195,197,109470,3925,1449105,4194300
4279,200,209,109270,3916,1449314,4160200
4280,174,203,109096,3887,1449517,4232300
4281,171,200,108925,3858,1449717,4159400
4282,199,205,108726,3852,1449922,4149300
4283,200,195,108526,3857,1450117,4229700
4284,182,207,108344,3832,1450324,4242900
4285,187,183,108157,3836,1450507,4286600
4286,168,208,107989,3796,1450715,4308600
4287,177,194,107812,3779,1450909,4339800
4288,182,193,107630,3768,1451102,4302300
4289,186,201,107444,3753,1451303,4325600
4290,157,169,107287,3741,1451472,4307600
4291,182,202,107105,3721,1451674,4499200
4292,171,193,106934,3699,1451867,4378500
4293,183,191,106751,3691,1452058,4505800
4294,185,184,106566,3692,1452242,4502000
4295,174,192,106392,3674,1452434,4489000
4296,161,172,106231,3663,1452606,4338100
4297,155,179,106076,3639,1452785,4408800
4298,165,171,105911,3633,1452956,4691700
4299,167,168,105744,3632,1453124,4434900
4300,161,175,105583,3618,1453299,4439200
4301,179,187,105404,3610,1453486,4420100
4302,150,164,105254,3596,1453650,4529400
4303,152,178,105102,3570,1453828,4445100
4304,175,182,104927,3563,1454010,4486300
4305,147,197,104780,3513,1454207,4661000
4306,166,184,104614,3495,1454391,4762600
4307,172,152,104442,3515,1454543,4897700
4308,158,164,104284,3509,1454707,4992300
4309,163,191,104121,3481,1454898,5219800
4310,153,177,103968,3457,1455075,4442200
4311,146,191,103822,3412,1455266,4760700
4312,138,189,103684,3361,1455455,4300800
4313,163,170,103521,3354,1455625,4425000
4314,160,180,103361,3334,1455805,4153500
4315,173,178,103188,3329,1455983,4189800
4316,142,161,103046,3310,1456144,4187700
4317,148,146,102898,3312,1456290,4124000
4318,151,151,102747,3312,1456441,4110600
4319,155,166,102592,3301,1456607,4192600
4320,136,165,102456,3272,1456772,4198100
4321,145,150,102311,3267,1456922,4206100
4322,172,156,102139,3283,1457078,4219700
4323,200,165,101939,3318,1457243,4268300
4324,154,173,101785,3299,1457416,4131000
4325,136,162,101649,3273,1457578,4137000
4326,140,158,101509,3255,1457736,4322300
4327,163,169,101346,3249,1457905,5438500
4328,173,158,101173,3264,1458063,5137400
4329,173,175,101000,3262,1458238,4170700
4330,141,184,100859,3219,1458422,4453200
4331,176,158,100683,3237,1458580,4217100
4332,158,137,100525,3258,1458717,4120000
4333,162,160,100363,3260,1458877,4112700
4334,160,174,100203,3246,1459051,4129000
4335,149,160,100054,3235,1459211,4071100
4336,167,172,99887,3230,1459383,4506400
4337,159,173,99728,3216,1459556,4279900
4338,159,157,99569,3218,1459713,4175200
4339,168,165,99401,3221,1459878,4123900
4340,162,157,99239,3226,1460035,4114200
4341,185,191,99054,3220,1460226,4190200
4342,167,156,98887,3231,1460382,4106800
4343,160,163,98727,3228,1460545,4109600
4344,176,165,98551,3239,1460710,4565700
4345,174,174,98377,3239,1460884,4210800
4346,151,185,98226,3205,1461069,4234600
4347,144,173,98082,3176,1461242,4163500
4348,186,151,97896,3211,1461393,4274100
4349,144,167,97752,3188,1461560,4181800
4350,149,163,97603,3174,1461723,4179700
4351,154,179,97449,3149,1461902,4237900
4352,172,139,97277,3182,1462041,4362200
4353,142,184,97135,3140,1462225,4256800
4354,165,147,96970,3158,1462372,4263500
4355,171,150,96799,3179,1462522,4867400
4356,148,139,96651,3188,1462661,5418000
4357,161,177,96490,3172,1462838,5635500
4358,147,168,96343,3151,1463006,5507500
4359,162,171,96181,3142,1463177,5460600
4360,164,153,96017,3153,1463330,4742000
4361,175,142,95842,3186,1463472,4448800
4362,164,153,95678,3197,1463625,4291000
4363,151,190,95527,3158,1463815,4272000
4364,140,150,95387,3148,1463965,4298100
4365,172,170,95215,3150,1464135,4164200
4366,160,154,95055,3156,1464289,4223600
4367,182,167,94873,3171,1464456,4198500
4368,162,146,94711,3187,1464602,4583300
4369,176,149,94535,3214,1464751,6196400
4370,177,162,94358,3229,1464913,5567900
4371,145,181,94213,3193,1465094,4904800
4372,167,153,94046,3207,1465247,4195800
4373,137,125,93909,3219,1465372,4117400
4374,164,159,93745,3224,1465531,4156400
4375,159,150,93586,3233,1465681,4397900
4376,161,154,93425,3240,1465835,4133100
4377,171,173,93254,3238,1466008,4180400
4378,174,168,93080,3244,1466176,4229100
4379,178,170,92902,3252,1466346,4145800
4380,166,171,92736,3247,1466517,4113300
4381,150,155,92586,3242,1466672,4141900
4382,162,166,92424,3238,1466838,4720600
4383,167,151,92257,3254,1466989,4396200
4384,164,178,92093,3240,1467167,4274800
4385,164,167,91929,3237,1467334,4235400
4386,156,164,91773,3229,1467498,4159100
4387,158,171,91615,3216,1467669,4126800
4388,152,165,91463,3203,1467834,4173800
4389,145,149,91318,3199,1467983,4386400
4390,129,152,91189,3176,1468135,4581800
4391,139,163,91050,3152,1468298,4305300
4392,148,157,90902,3143,1468455,4172600
4393,150,168,90752,3125,1468623,4530300
4394,154,134,90598,3145,1468757,4245700
4395,147,165,90451,3127,1468922,4250200
4396,145,164,90306,3108,1469086,4955700
4397,142,133,90164,3117,1469219,4688800
4398,167,169,89997,3115,1469388,4451000
4399,148,157,89849,3106,1469545,4513900
4400,145,154,89704,3097,1469699,4190900
4401,137,171,89567,3063,1469870,4148800
4402,126,142,89441,3047,1470012,4318700
4403,143,135,89298,3055,1470147,4174900
4404,121,157,89177,3019,1470304,4071400
4405,136,153,89041,3002,1470457,4125700
4406,123,144,88918,2981,1470601,4051200
4407,143,150,88775,2974,1470751,4272300
4408,129,151,88646,2952,1470902,4185000
4409,130,134,88516,2948,1471036,4253100
4410,158,131,88358,2975,1471167,4283200
4411,128,133,88230,2970,1471300,4262500
4412,114,157,88116,2927,1471457,4259000
4413,142,134,87974,2935,1471591,4232100
4414,136,167,87838,2904,1471758,4502700
4415,118,158,87720,2864,1471916,4202600
4416,133,133,87587,2864,1472049,4203900
4417,130,141,87457,2853,1472190,4193000
4418,129,132,87328,2850,1472322,4257300
4419,114,144,87214,2820,1472466,4150200
4420,129,151,87085,2798,1472617,4179400
4421,132,158,86953,2772,1472775,4171400
4422,132,150,86821,2754,1472925,4168400
4423,125,139,86696,2740,1473064,4236300
4424,107,135,86589,2712,1473199,4164600
4425,133,121,86456,2724,1473320,4255500
4426,113,129,86343,2708,1473449,4482900
4427,123,125,86220,2706,1473574,4457000
4428,114,125,86106,2695,1473699,4739200
4429,126,138,85980,2683,1473837,4584000
4430,131,142,85849,2672,1473979,4336800
4431,93,132,85756,2633,1474111,4368700
4432,138,134,85618,2637,1474245,4459400
4433,119,134,85499,2622,1474379,5441400
4434,137,132,85362,2627,1474511,4968500
4435,110,132,85252,2605,1474643,4192900
4436,126,120,85126,2611,1474763,4164500
4437,127,126,84999,2612,1474889,4113700
4438,135,151,84864,2596,1475040,4210000
4439,122,137,84742,2581,1475177,4346200
4440,130,152,84612,2559,1475329,4107600
4441,126,122,84486,2563,1475451,4089600
4442,105,115,84381,2553,1475566,4207700
4443,144,114,84237,2583,1475680,4341000
4444,129,147,84108,2565,1475827,4281800
4445,127,127,83981,2565,1475954,4182600
4446,123,136,83858,2552,1476090,4164100
4447,123,119,83735,2556,1476209,4349700
4448,118,129,83617,2545,1476338,4121400
4449,116,129,83501,2532,1476467,4128900
4450,114,144,83387,2502,1476611,4210200
4451,121,122,83266,2501,1476733,4162400
4452,115,129,83151,2487,1476862,4077400
4453,129,137,83022,2479,1476999,4020800
4454,119,121,82903,2477,1477120,4103100
4455,122,123,82781,2476,1477243,4093600
4456,124,112,82657,2488,1477355,4031700
4457,113,111,82544,2490,1477466,4003200
4458,108,125,82436,2473,1477591,4100200
4459,133,132,82303,2474,1477723,4084100
4460,111,116,82192,2469,1477839,4165900
4461,128,117,82064,2480,1477956,4093400
4462,130,125,81934,2485,1478081,4121400
4463,112,120,81822,2477,1478201,3973000
4464,121,126,81701,2472,1478327,3951500
4465,101,112,81600,2461,1478439,3994600
4466,133,132,81467,2462,1478571,4372300
4467,126,126,81341,2462,1478697,4537700
4468,121,117,81220,2466,1478814,4256900
4469,134,107,81086,2493,1478921,4265100
4470,113,123,80973,2483,1479044,4461400
4471,112,124,80861,2471,1479168,4110600
4472,138,109,80723,2500,1479277,4048400
4473,138,115,80585,2523,1479392,4195300
4474,122,142,80463,2503,1479534,4506500
4475,98,135,80365,2466,1479669,4775200
4476,121,120,80244,2467,1479789,4368500
4477,117,124,80127,2460,1479913,4324600
4478,106,119,80021,2447,1480032,4173600
4479,129,122,79892,2454,1480154,4152100
4480,120,107,79772,2467,1480261,4386400
4481,128,139,79644,2456,1480400,4265500
4482,108,112,79536,2452,1480512,4151700
4483,127,132,79409,2447,1480644,4052300
4484,124,107,79285,2464,1480751,4261800
4485,103,107,79182,2460,1480858,4270200
4486,118,119,79064,2459,1480977,4126600
4487,127,118,78937,2468,1481095,4125000
4488,127,144,78810,2451,1481239,4457200
4489,92,124,78718,2419,1481363,4002500
4490,117,132,78601,2404,1481495,3996000
4491,124,129,78477,2399,1481624,4222600
4492,111,100,78366,2410,1481724,4144000
4493,110,119,78256,2401,1481843,4110800
4494,102,117,78154,2386,1481960,4055500
4495,116,110,78038,2392,1482070,4356600
4496,109,115,77929,2386,1482185,4022900
4497,119,130,77810,2375,1482315,4106000
4498,123,120,77687,2378,1482435,4124900
4499,125,127,77562,2376,1482562,4575000
4500,140,119,77422,2397,1482681,3985100
4501,103,103,77319,2397,1482784,4515600
4502,128,107,77191,2418,1482891,4010800
4503,137,128,77054,2427,1483019,4139600
4504,117,117,76937,2427,1483136,4000000
4505,110,96,76827,2441,1483232,3998000
4506,98,134,76729,2405,1483366,4115900
4507,119,114,76610,2410,1483480,4156900
4508,117,122,76493,2405,1483602,4168000
4509,115,125,76378,2395,1483727,4122400
4510,117,128,76261,2384,1483855,4457900
4511,104,131,76157,2357,1483986,4357800
4512,110,108,76047,2359,1484094,4242400
4513,109,115,75938,2353,1484209,4110200
4514,96,109,75842,2340,1484318,4108800
4515,123,116,75719,2347,1484434,4061700
4516,111,119,75608,2339,1484553,4053400
4517,130,149,75478,2320,1484702,4046900
4518,114,115,75364,2319,1484817,4579200
4519,88,121,75276,2286,1484938,4127400
4520,98,103,75178,2281,1485041,4122300
4521,112,126,75066,2267,1485167,4240100
4522,118,113,74948,2272,1485280,4249400
4523,114,101,74834,2285,1485381,4066900
4524,109,132,74725,2262,1485513,4185000
4525,112,108,74613,2266,1485621,4756200
4526,110,95,74503,2281,1485716,4221300
4527,111,95,74392,2297,1485811,4077100
4528,144,110,74248,2331,1485921,4082100
4529,109,99,74139,2341,1486020,5013700
4530,123,135,74016,2329,1486155,4796400
4531,122,110,73894,2341,1486265,4786400
4532,112,120,73782,2333,1486385,5137500
4533,110,102,73672,2341,1486487,4070700
4534,139,112,73533,2368,1486599,4064600
4535,111,120,73422,2359,1486719,4008300
4536,116,99,73306,2376,1486818,4105000
4537,95,144,73211,2327,1486962,4048300
4538,106,125,73105,2308,1487087,4055100
4539,97,126,73008,2279,1487213,4185300
4540,129,117,72879,2291,1487330,4116400
4541,109,117,72770,2283,1487447,4001800
4542,120,101,72650,2302,1487548,4013100
4543,115,136,72535,2281,1487684,4954000
4544,123,102,72412,2302,1487786,4475900
4545,112,111,72300,2303,1487897,4888500
4546,105,138,72195,2270,1488035,4911800
4547,109,96,72086,2283,1488131,4634700
4548,101,117,71985,2267,1488248,4959200
4549,108,109,71877,2266,1488357,4363200
4550,101,137,71776,2230,1488494,5518600
4551,91,105,71685,2216,1488599,4346300
4552,94,102,71591,2208,1488701,4149900
4553,110,115,71481,2203,1488816,4815000
4554,106,110,71375,2199,1488926,4420900
4555,94,120,71281,2173,1489046,4172100
4556,86,119,71195,2140,1489165,4243900
4557,98,101,71097,2137,1489266,4116900
4558,101,116,70996,2122,1489382,4192000
4559,99,116,70897,2105,1489498,4389600
4560,94,99,70803,2100,1489597,4468200
4561,107,109,70696,2098,1489706,5457700
4562,93,104,70603,2087,1489810,4086600
4563,108,112,70495,2083,1489922,4083300
4564,97,116,70398,2064,1490038,4216900
4565,108,107,70290,2065,1490145,4122600
4566,106,104,70184,2067,1490249,4098200
4567,115,96,70069,2086,1490345,4150300
4568,101,103,69968,2084,1490448,4125100
4569,96,111,69872,2069,1490559,4132300
4570,94,106,69778,2057,1490665,4115400
4571,112,110,69666,2059,1490775,4275800
4572,101,112,69565,2048,1490887,4270900
4573,82,112,69483,2018,1490999,4370600
4574,100,124,69383,1994,1491123,4370500
4575,98,117,69285,1975,1491240,4239600
4576,116,95,69169,1996,1491335,4881200
4577,74,86,69095,1984,1491421,5402100
4578,111,108,68984,1987,1491529,4155200
4579,102,95,68882,1994,1491624,4126700
4580,81,110,68801,1965,1491734,4113700
4581,94,77,68707,1982,1491811,4116300
4582,85,100,68622,1967,1491911,4093200
4583,95,94,68527,1968,1492005,4067600
4584,101,104,68426,1965,1492109,4439100
4585,83,97,68343,1951,1492206,5200500
4586,94,97,68249,1948,1492303,4076700
4587,95,81,68154,1962,1492384,4116600
4588,79,107,68075,1934,1492491,4085500
4589,92,90,67983,1936,1492581,4160200
4590,76,98,67907,1914,1492679,4085400
4591,97,89,67810,1922,1492768,4075500
4592,77,95,67733,1904,1492863,4142900
4593,89,88,67644,1905,1492951,4086900
4594,85,97,67559,1893,1493048,4055300
4595,73,106,67486,1860,1493154,4085100
4596,85,85,67401,1860,1493239,4162900
4597,98,99,67303,1859,1493338,4147500
4598,66,88,67237,1837,1493426,4130800
4599,86,92,67151,1831,1493518,4049900
4600,79,94,67072,1816,1493612,4051000
4601,80,82,66992,1814,1493694,4117600
4602,73,84,66919,1803,1493778,4052900
4603,51,95,66868,1759,1493873,4014600
4604,87,94,66781,1752,1493967,4366600
4605,62,99,66719,1715,1494066,4121200
4606,78,67,66641,1726,1494133,4137500
4607,89,108,66552,1707,1494241,4271600
4608,74,84,66478,1697,1494325,4041900
4609,64,80,66414,1681,1494405,4131400
4610,82,97,66332,1666,1494502,5008700
4611,71,55,66261,1682,1494557,4109000
4612,86,89,66175,1679,1494646,4090300
4613,94,90,66081,1683,1494736,4675200
4614,67,85,66014,1665,1494821,4402100
4615,77,83,65937,1659,1494904,4508800
4616,81,79,65856,1661,1494983,4542200
4617,83,81,65773,1663,1495064,4738300
4618,70,84,65703,1649,1495148,4211100
4619,83,82,65620,1650,1495230,4175000
4620,82,95,65538,1637,1495325,4136900
4621,69,77,65469,1629,1495402,4106700
4622,75,68,65394,1636,1495470,4096800
4623,71,81,65323,1626,1495551,4067800
4624,68,94,65255,1600,1495645,4020700
4625,65,80,65190,1585,1495725,4046800
4626,76,73,65114,1588,1495798,4478400
4627,91,78,65023,1601,1495876,4040400
4628,74,80,64949,1595,1495956,4157000
4629,76,92,64873,1579,1496048,4100500
4630,79,74,64794,1584,1496122,4042200
4631,61,85,64733,1560,1496207,4020000
4632,60,67,64673,1553,1496274,4341700
4633,68,82,64605,1539,1496356,4074300
4634,63,88,64542,1514,1496444,4002100
4635,72,70,64470,1516,1496514,4118400
4636,65,75,64405,1506,1496589,3981200
4637,76,69,64329,1513,1496658,4007200
4638,58,75,64271,1496,1496733,4071300
4639,84,84,64187,1496,1496817,4002900
4640,74,76,64113,1494,1496893,4066900
4641,80,80,64033,1494,1496973,4049800
4642,83,67,63950,1510,1497040,4065900
4643,85,81,63865,1514,1497121,4061600
4644,81,82,63784,1513,1497203,4004800
4645,88,58,63696,1543,1497261,4082500
4646,80,65,63616,1558,1497326,4084700
4647,88,77,63528,1569,1497403,4085100
4648,84,89,63444,1564,1497492,4013500
4649,87,73,63357,1578,1497565,4202400
4650,74,81,63283,1571,1497646,4059900
4651,82,82,63201,1571,1497728,4014100
4652,89,66,63112,1594,1497794,4788100
4653,76,75,63036,1595,1497869,5328800
4654,97,63,62939,1629,1497932,5418700
4655,77,78,62862,1628,1498010,5361400
4656,83,86,62779,1625,1498096,4141500
4657,67,74,62712,1618,1498170,3973000
4658,87,82,62625,1623,1498252,4093600
4659,78,83,62547,1618,1498335,4171800
4660,79,92,62468,1605,1498427,4490400
4661,91,77,62377,1619,1498504,4110700
4662,73,79,62304,1613,1498583,4214800
4663,85,85,62219,1613,1498668,4144000
4664,88,75,62131,1626,1498743,4127100
4665,80,91,62051,1615,1498834,4199900
4666,85,99,61966,1601,1498933,4088700
4667,94,81,61872,1614,1499014,4085600
4668,68,74,61804,1608,1499088,4159800
4669,87,89,61717,1606,1499177,4113600
4670,82,94,61635,1594,1499271,4111500
4671,85,77,61550,1602,1499348,4267900
4672,89,79,61461,1612,1499427,4162400
4673,89,89,61372,1612,1499516,4206000
4674,80,83,61292,1609,1499599,4290400
4675,81,78,61211,1612,1499677,4315400
4676,84,71,61127,1625,1499748,4398600
4677,83,71,61044,1637,1499819,4238500
4678,84,84,60960,1637,1499903,4119500
4679,81,88,60879,1630,1499991,4132900
4680,87,90,60792,1627,1500081,4085700
4681,75,88,60717,1614,1500169,4097300
4682,71,90,60646,1595,1500259,4100700
4683,69,78,60577,1586,1500337,4082100
4684,90,83,60487,1593,1500420,4116400
4685,72,85,60415,1580,1500505,4096500
4686,91,82,60324,1589,1500587,4098100
4687,76,94,60248,1571,1500681,4168600
4688,62,83,60186,1550,1500764,4087600
4689,59,73,60127,1536,1500837,4126500
4690,66,74,60061,1528,1500911,4145300
4691,83,89,59978,1522,1501000,4083600
4692,62,61,59916,1523,1501061,4127900
4693,73,70,59843,1526,1501131,4076400
4694,78,68,59765,1536,1501199,3982200
4695,90,85,59675,1541,1501284,4005800
4696,85,87,59590,1539,1501371,4072400
4697,90,71,59500,1558,1501442,4017000
4698,75,83,59425,1550,1501525,4014800
4699,96,70,59329,1576,1501595,4022900
4700,75,82,59254,1569,1501677,4041100
4701,76,82,59178,1563,1501759,3988700
4702,80,73,59098,1570,1501832,3959200
4703,72,75,59026,1567,1501907,3958100
4704,79,71,58947,1575,1501978,4077400
4705,72,82,58875,1565,1502060,5370800
4706,75,74,58800,1566,1502134,4574600
4707,65,69,58735,1562,1502203,4027200
4708,76,66,58659,1572,1502269,3967900
4709,68,87,58591,1553,1502356,3976900
4710,87,92,58504,1548,1502448,4130100
4711,70,72,58434,1546,1502520,4102300
4712,76,87,58358,1535,1502607,4230800
4713,74,75,58284,1534,1502682,4242300
4714,71,67,58213,1538,1502749,4231900
4715,79,71,58134,1546,1502820,4532900
4716,78,74,58056,1550,1502894,5502200
4717,82,73,57974,1559,1502967,5324300
4718,70,76,57904,1553,1503043,4155200
4719,81,80,57823,1554,1503123,4077000
4720,94,82,57729,1566,1503205,4593800
4721,85,75,57644,1576,1503280,4031300
4722,80,76,57564,1580,1503356,4025000
4723,83,81,57481,1582,1503437,4207100
4724,69,83,57412,1568,1503520,4138200
4725,84,66,57328,1586,1503586,4085500
4726,89,80,57239,1595,1503666,5323300
4727,87,70,57152,1612,1503736,5358500
4728,84,86,57068,1610,1503822,4355000
4729,78,68,56990,1620,1503890,4137500
4730,74,86,56916,1608,1503976,4196300
4731,70,89,56846,1589,1504065,4170300
4732,69,83,56777,1575,1504148,4085600
4733,83,98,56694,1560,1504246,4280300
4734,71,65,56623,1566,1504311,4424300
4735,82,75,56541,1573,1504386,4080500
4736,63,77,56478,1559,1504463,4305300
4737,78,67,56400,1570,1504530,4082300
4738,79,83,56321,1566,1504613,4066100
4739,87,89,56234,1564,1504702,4220000
4740,91,93,56143,1562,1504795,4078200
4741,80,74,56063,1568,1504869,4064500
4742,76,79,55987,1565,1504948,4112900
4743,87,98,55900,1554,1505046,4037900
4744,74,85,55826,1543,1505131,4022000
4745,71,88,55755,1526,1505219,4152900
4746,78,68,55677,1536,1505287,4051900
4747,73,63,55604,1546,1505350,4082100
4748,77,55,55527,1568,1505405,4083900
4749,75,96,55452,1547,1505501,4025000
4750,72,89,55380,1530,1505590,4069900
4751,72,65,55308,1537,1505655,4050700
4752,84,88,55224,1533,1505743,4019500
4753,64,88,55160,1509,1505831,4117800
4754,67,72,55093,1504,1505903,4010300
4755,66,76,55027,1494,1505979,4030700
4756,68,80,54959,1482,1506059,4141100
4757,72,76,54887,1478,1506135,4099000
4758,63,74,54824,1467,1506209,4106300
4759,56,76,54768,1447,1506285,4142400
4760,71,81,54697,1437,1506366,4011700
4761,71,69,54626,1439,1506435,4149800
4762,57,77,54569,1419,1506512,4169100
4763,67,74,54502,1412,1506586,4078700
4764,66,69,54436,1409,1506655,4064500
4765,76,60,54360,1425,1506715,4062400
4766,71,84,54289,1412,1506799,4012800
4767,69,72,54220,1409,1506871,4029700
4768,55,77,54165,1387,1506948,4028500
4769,57,67,54108,1377,1507015,4102300
4770,81,60,54027,1398,1507075,4139400
4771,66,75,53961,1389,1507150,4115400
4772,67,74,53894,1382,1507224,4086900
4773,70,61,53824,1391,1507285,4118800
4774,61,74,53763,1378,1507359,4201400
4775,69,68,53694,1379,1507427,4104000
4776,76,79,53618,1376,1507506,4440700
4777,58,70,53560,1364,1507576,4274900
4778,70,64,53490,1370,1507640,4163300
4779,88,65,53402,1393,1507705,4493800
4780,87,73,53315,1407,1507778,4098500
4781,74,77,53241,1404,1507855,4111300
4782,88,60,53153,1432,1507915,4063300
4783,80,58,53073,1454,1507973,4056800
4784,60,72,53013,1442,1508045,4062600
4785,86,63,52927,1465,1508108,4083700
4786,82,58,52845,1489,1508166,4060300
4787,83,75,52762,1497,1508241,4398800
4788,83,66,52679,1514,1508307,4067100
4789,73,84,52606,1503,1508391,4300800
4790,91,65,52515,1529,1508456,5326400
4791,67,81,52448,1515,1508537,4609200
4792,56,72,52392,1499,1508609,5187600
4793,52,73,52340,1478,1508682,5116200
4794,41,82,52299,1437,1508764,4593100
4795,64,84,52235,1417,1508848,4701900
4796,64,62,52171,1419,1508910,4319700
4797,50,64,52121,1405,1508974,4339200
4798,65,69,52056,1401,1509043,4298600
4799,77,78,51979,1400,1509121,4216600
4800,62,78,51917,1384,1509199,4363500
4801,69,58,51848,1395,1509257,4252300
4802,45,62,51803,1378,1509319,4339700
4803,56,66,51747,1368,1509385,4106400
4804,69,59,51678,1378,1509444,4092200
4805,68,69,51610,1377,1509513,4207300
4806,68,82,51542,1363,1509595,4101200
4807,53,83,51489,1333,1509678,4110400
4808,57,60,51432,1330,1509738,5286400
4809,72,59,51360,1343,1509797,4937400
4810,72,61,51288,1354,1509858,5650600
4811,73,80,51215,1347,1509938,6695900
4812,77,68,51138,1356,1510006,5706100
4813,62,72,51076,1346,1510078,6063000
4814,74,67,51002,1353,1510145,5694900
4815,69,70,50933,1352,1510215,5423900
4816,74,58,50859,1368,1510273,5425400
4817,79,60,50780,1387,1510333,4958700
4818,66,87,50714,1366,1510420,5991000
4819,69,65,50645,1370,1510485,4988200
4820,62,72,50583,1360,1510557,5039200
4821,70,70,50513,1360,1510627,5985400
4822,67,73,50446,1354,1510700,7595200
4823,61,65,50385,1350,1510765,6043400
4824,73,67,50312,1356,1510832,4407800
4825,67,57,50245,1366,1510889,7460200
4826,58,59,50187,1365,1510948,10186500
4827,50,71,50137,1344,1511019,5603800
4828,58,68,50079,1334,1511087,5667000
4829,67,59,50012,1342,1511146,4828600
4830,54,53,49958,1343,1511199,4832300
4831,60,77,49898,1326,1511276,4887700
4832,67,66,49831,1327,1511342,5050500
4833,72,55,49759,1344,1511397,4929500
4834,74,71,49685,1347,1511468,4591800
4835,69,77,49616,1339,1511545,4605700
4836,71,67,49545,1343,1511612,4675200
4837,65,79,49480,1329,1511691,5644800
4838,71,75,49409,1325,1511766,4704600
4839,60,56,49349,1329,1511822,4486300
4840,60,70,49289,1319,1511892,4813300
4841,68,61,49221,1326,1511953,4980200
4842,60,65,49161,1321,1512018,4545600
4843,67,65,49094,1323,1512083,4417000
4844,58,71,49036,1310,1512154,4545300
4845,57,60,48979,1307,1512214,4364800
4846,71,59,48908,1319,1512273,4287200
4847,65,67,48843,1317,1512340,4921100
4848,70,58,48773,1329,1512398,5172200
4849,70,70,48703,1329,1512468,4988200
4850,64,70,48639,1323,1512538,4741900
4851,57,83,48582,1297,1512621,4228400
4852,57,79,48525,1275,1512700,4243000
4853,61,57,48464,1279,1512757,4424900
4854,73,64,48391,1288,1512821,4608600
4855,82,70,48309,1300,1512891,4503400
4856,58,62,48251,1296,1512953,4334000
4857,59,72,48192,1283,1513025,4921000
4858,57,62,48135,1278,1513087,5923000
4859,65,58,48070,1285,1513145,4606700
4860,59,58,48011,1286,1513203,9307300
4861,52,65,47959,1273,1513268,9835200
4862,48,58,47911,1263,1513326,7041200
4863,65,63,47846,1265,1513389,5437100
4864,61,69,47785,1257,1513458,6628000
4865,66,67,47719,1256,1513525,5092600
4866,65,59,47654,1262,1513584,4831900
4867,60,53,47594,1269,1513637,4738700
4868,50,80,47544,1239,1513717,4878500
4869,73,61,47471,1251,1513778,4816700
4870,66,56,47405,1261,1513834,4813200
4871,55,67,47350,1249,1513901,5026600
4872,68,61,47282,1256,1513962,4487300
4873,43,64,47239,1235,1514026,4498600
4874,61,70,47178,1226,1514096,4426700
4875,62,69,47116,1219,1514165,4501800
4876,69,55,47047,1233,1514220,5369300
4877,60,63,46987,1230,1514283,4504300
4878,69,64,46918,1235,1514347,5055300
4879,61,61,46857,1235,1514408,4971600
4880,62,61,46795,1236,1514469,4963500
4881,54,61,46741,1229,1514530,4739600
4882,64,52,46677,1241,1514582,4788300
4883,67,62,46610,1246,1514644,4738300
4884,59,63,46551,1242,1514707,4278500
4885,63,60,46488,1245,1514767,5301900
4886,71,70,46417,1246,1514837,4575000
4887,53,60,46364,1239,1514897,4360600
4888,55,52,46309,1242,1514949,4724900
4889,61,57,46248,1246,1515006,4581700
4890,67,55,46181,1258,1515061,4659700
4891,70,60,46111,1268,1515121,4274900
4892,56,60,46055,1264,1515181,4328900
4893,73,47,45982,1290,1515228,4222200
4894,58,56,45924,1292,1515284,4143600
4895,60,74,45864,1278,1515358,4184600
4896,72,49,45792,1301,1515407,4196300
4897,50,45,45742,1306,1515452,4136100
4898,54,69,45688,1291,1515521,4194600
4899,57,61,45631,1287,1515582,4096700
4900,68,54,45563,1301,1515636,4157900
4901,65,56,45498,1310,1515692,4234000
4902,50,72,45448,1288,1515764,4179800
4903,71,72,45377,1287,1515836,4149100
4904,64,64,45313,1287,1515900,4544900
4905,41,64,45272,1264,1515964,5577100
4906,56,63,45216,1257,1516027,4765600
4907,56,62,45160,1251,1516089,4126600
4908,63,78,45097,1236,1516167,4180600
4909,58,56,45039,1238,1516223,4594600
4910,54,60,44985,1232,1516283,4122700
4911,59,62,44926,1229,1516345,4140100
4912,62,54,44864,1237,1516399,4188400
4913,65,53,44799,1249,1516452,4166100
4914,66,65,44733,1250,1516517,4208700
4915,49,69,44684,1230,1516586,4097600
4916,62,51,44622,1241,1516637,4139800
4917,56,74,44566,1223,1516711,4504400
4918,55,56,44511,1222,1516767,4370200
4919,46,58,44465,1210,1516825,4173400
4920,51,61,44414,1200,1516886,4239200
4921,50,50,44364,1200,1516936,4197700
4922,45,40,44319,1205,1516976,4130500
4923,67,65,44252,1207,1517041,4288700
4924,47,64,44205,1190,1517105,4146600
4925,61,48,44144,1203,1517153,4151200
4926,48,75,44096,1176,1517228,4236300
4927,47,64,44049,1159,1517292,4340900
4928,62,56,43987,1165,1517348,4217400
4929,58,52,43929,1171,1517400,4110200
4930,60,67,43869,1164,1517467,4043800
4931,63,71,43806,1156,1517538,4085800
4932,57,56,43749,1157,1517594,4001500
4933,64,59,43685,1162,1517653,3975400
4934,50,47,43635,1165,1517700,4439700
4935,60,70,43575,1155,1517770,4016900
4936,54,51,43521,1158,1517821,4005100
4937,54,42,43467,1170,1517863,4030900
4938,64,48,43403,1186,1517911,4000400
4939,64,54,43339,1196,1517965,4194200
4940,55,54,43284,1197,1518019,3893500
4941,54,53,43230,1198,1518072,4701400
4942,39,58,43191,1179,1518130,4863400
4943,53,53,43138,1179,1518183,5279800
4944,55,67,43083,1167,1518250,4231500
4945,46,63,43037,1150,1518313,4144400
4946,51,55,42986,1146,1518368,4099200
4947,48,59,42938,1135,1518427,4462700
4948,48,58,42890,1125,1518485,4034900
4949,40,68,42850,1097,1518553,4099100
4950,53,59,42797,1091,1518612,5406700
4951,55,64,42742,1082,1518676,3951100
4952,47,45,42695,1084,1518721,4015500
4953,48,37,42647,1095,1518758,3920300
4954,48,50,42599,1093,1518808,3931600
4955,42,65,42557,1070,1518873,4395700
4956,40,59,42517,1051,1518932,3990700
4957,57,50,42460,1058,1518982,3967900
4958,66,50,42394,1074,1519032,4314500
4959,68,59,42326,1083,1519091,4357000
4960,43,54,42283,1072,1519145,4605600
4961,53,49,42230,1076,1519194,4071300
4962,62,48,42168,1090,1519242,4047500
4963,58,56,42110,1092,1519298,4482000
4964,52,60,42058,1084,1519358,4007200
4965,60,36,41998,1108,1519394,4031600
4966,55,45,41943,1118,1519439,4078700
4967,59,47,41884,1130,1519486,3968600
4968,60,52,41824,1138,1519538,3990500
4969,63,66,41761,1135,1519604,4112700
4970,58,38,41703,1155,1519642,5095200
4971,47,62,41656,1140,1519704,5444200
4972,46,58,41610,1128,1519762,4044800
4973,54,48,41556,1134,1519810,3960900
4974,41,51,41515,1124,1519861,4094400
4975,42,55,41473,1111,1519916,3973500
4976,46,79,41427,1078,1519995,3956600
4977,51,47,41376,1082,1520042,5266900
4978,36,50,41340,1068,1520092,4301400
4979,55,58,41285,1065,1520150,4205600
4980,58,58,41227,1065,1520208,5304300
4981,53,63,41174,1055,1520271,3992800
4982,42,55,41132,1042,1520326,4167700
4983,59,51,41073,1050,1520377,4279300
4984,77,53,40996,1074,1520430,5190000
4985,50,72,40946,1052,1520502,4660300
4986,51,49,40895,1054,1520551,4049900
4987,57,54,40838,1057,1520605,4184900
4988,46,55,40792,1048,1520660,4329900
4989,46,55,40746,1039,1520715,4121200
4990,49,41,40697,1047,1520756,4134400
4991,48,52,40649,1043,1520808,9670000
4992,46,50,40603,1039,1520858,6817500
4993,57,60,40546,1036,1520918,5070700
4994,56,46,40490,1046,1520964,4153400
4995,61,58,40429,1049,1521022,4098700
4996,59,53,40370,1055,1521075,4044600
4997,51,50,40319,1056,1521125,4003200
4998,47,48,40272,1055,1521173,4349100
4999,57,58,40215,1054,1521231,4098300
5000,54,36,40161,1072,1521267,4102800
5001,44,44,40117,1072,1521311,4325500
5002,47,36,40070,1083,1521347,4030100
5003,43,55,40027,1071,1521402,4120000
5004,48,58,39979,1061,1521460,4203900
5005,59,60,39920,1060,1521520,4120800
5006,43,62,39877,1041,1521582,4161100
5007,46,69,39831,1018,1521651,4220800
5008,38,41,39793,1015,1521692,4022300
5009,55,46,39738,1024,1521738,4130400
5010,52,44,39686,1032,1521782,3991700
5011,41,57,39645,1016,1521839,3999600
5012,37,52,39608,1001,1521891,4176600
5013,49,46,39559,1004,1521937,4035600
5014,38,62,39521,980,1521999,4019500
5015,44,49,39477,975,1522048,4310800
5016,57,49,39420,983,1522097,3974100
5017,56,56,39364,983,1522153,4442700
5018,35,53,39329,965,1522206,4024800
5019,44,54,39285,955,1522260,3927500
5020,57,61,39228,951,1522321,4224900
5021,42,46,39186,947,1522367,4417000
5022,57,51,39129,953,1522418,3943900
5023,48,44,39081,957,1522462,3894400
5024,37,54,39044,940,1522516,3987400
5025,43,49,39001,934,1522565,3915300
5026,46,52,38955,928,1522617,4585500
5027,40,48,38915,920,1522665,4068700
5028,40,60,38875,900,1522725,4078100
5029,44,58,38831,886,1522783,4054000
5030,36,36,38795,886,1522819,3990000
5031,41,36,38754,891,1522855,4433100
5032,35,46,38719,880,1522901,3999100
5033,23,42,38696,861,1522943,3899700
5034,39,39,38657,861,1522982,4039400
5035,36,34,38621,863,1523016,3890900
5036,29,53,38592,839,1523069,4073900
5037,35,36,38557,838,1523105,5325800
5038,28,38,38529,828,1523143,4347300
5039,41,51,38488,818,1523194,4470100
5040,38,48,38450,808,1523242,4637800
5041,43,37,38407,814,1523279,4996800
5042,40,43,38367,811,1523322,3962600
5043,35,34,38332,812,1523356,3982300
5044,35,37,38297,810,1523393,3994300
5045,52,35,38245,827,1523428,3923300
5046,44,40,38201,831,1523468,3913200
5047,35,49,38166,817,1523517,4238900
5048,45,32,38121,830,1523549,3940800
5049,49,43,38072,836,1523592,3887600
5050,54,37,38018,853,1523629,4002400
5051,46,44,37972,855,1523673,3975100
5052,45,42,37927,858,1523715,3897100
5053,53,47,37874,864,1523762,3890300
5054,35,60,37839,839,1523822,3831900
5055,51,28,37788,862,1523850,3933100
5056,40,53,37748,849,1523903,3839300
5057,43,40,37705,852,1523943,3838800
5058,59,40,37646,871,1523983,3880700
5059,47,46,37599,872,1524029,3986300
5060,48,39,37551,881,1524068,3887100
5061,49,54,37502,876,1524122,4466600
5062,51,42,37451,885,1524164,3915600
5063,45,46,37406,884,1524210,3832200
5064,45,53,37361,876,1524263,4120300
5065,50,45,37311,881,1524308,3974700
5066,53,40,37258,894,1524348,4250200
5067,41,40,37217,895,1524388,3993200
5068,32,36,37185,891,1524424,3978900
5069,43,55,37142,879,1524479,4393800
5070,36,48,37106,867,1524527,4073700
5071,38,48,37068,857,1524575,4122300
5072,35,48,37033,844,1524623,4096000
5073,41,47,36992,838,1524670,4001700
5074,43,38,36949,843,1524708,4004500
5075,36,42,36913,837,1524750,4204300
5076,50,42,36863,845,1524792,4016000
5077,34,33,36829,846,1524825,4004600
5078,48,50,36781,844,1524875,4033600
5079,45,47,36736,842,1524922,4004800
5080,46,42,36690,846,1524964,4123800
5081,49,47,36641,848,1525011,3982700
5082,51,48,36590,851,1525059,3969300
5083,55,31,36535,875,1525090,4159100
5084,51,40,36484,886,1525130,4017100
5085,32,42,36452,876,1525172,4086500
5086,34,47,36418,863,1525219,4294500
5087,31,47,36387,847,1525266,3951500
5088,53,45,36334,855,1525311,3946700
5089,37,44,36297,848,1525355,4265000
5090,42,39,36255,851,1525394,4020100
5091,46,39,36209,858,1525433,4019800
5092,39,48,36170,849,1525481,4064900
5093,63,34,36107,878,1525515,4101100
5094,32,39,36075,871,1525554,4096000
5095,49,38,36026,882,1525592,4054000
5096,45,53,35981,874,1525645,3981600
5097,43,40,35938,877,1525685,4202700
5098,43,47,35895,873,1525732,3943300
5099,52,57,35843,868,1525789,3969100
5100,47,46,35796,869,1525835,4221300
5101,56,40,35740,885,1525875,3948900
5102,46,36,35694,895,1525911,3941700
5103,61,48,35633,908,1525959,3950600
5104,52,47,35581,913,1526006,3935300
5105,40,38,35541,915,1526044,3982400
5106,42,41,35499,916,1526085,3979100
5107,37,41,35462,912,1526126,3986800
5108,49,37,35413,924,1526163,4162200
5109,38,50,35375,912,1526213,3952400
5110,34,35,35341,911,1526248,3973300
5111,32,49,35309,894,1526297,4104600
5112,59,43,35250,910,1526340,4100400
5113,45,48,35205,907,1526388,4109400
5114,45,50,35160,902,1526438,3979500
5115,46,37,35114,911,1526475,3969700
5116,41,42,35073,910,1526517,3956100
5117,33,44,35040,899,1526561,4428100
5118,37,38,35003,898,1526599,4192000
5119,42,44,34961,896,1526643,4270600
5120,36,46,34925,886,1526689,4149600
5121,36,62,34889,860,1526751,4188000
5122,32,42,34857,850,1526793,4466000
5123,39,41,34818,848,1526834,4061800
5124,35,36,34783,847,1526870,4035800
5125,32,40,34751,839,1526910,4112200
5126,39,55,34712,823,1526965,4004100
5127,27,47,34685,803,1527012,4569800
5128,27,40,34658,790,1527052,4598700
5129,37,51,34621,776,1527103,4056500
5130,30,39,34591,767,1527142,4059500
5131,29,33,34562,763,1527175,3961600
5132,39,42,34523,760,1527217,4020100
5133,40,42,34483,758,1527259,4054000
5134,38,43,34445,753,1527302,3949600
5135,33,40,34412,746,1527342,4064000
5136,40,38,34372,748,1527380,3950400
5137,33,43,34339,738,1527423,3936500
5138,43,44,34296,737,1527467,4105400
5139,43,34,34253,746,1527501,4152900
5140,45,34,34208,757,1527535,4032700
5141,44,40,34164,761,1527575,4100900
5142,44,41,34120,764,1527616,4065300
5143,32,38,34088,758,1527654,4053400
5144,57,35,34031,780,1527689,4000100
5145,45,34,33986,791,1527723,3956000
5146,42,39,33944,794,1527762,4101300
5147,35,37,33909,792,1527799,3979000
5148,27,37,33882,782,1527836,3949000
5149,34,32,33848,784,1527868,4451600
5150,36,27,33812,793,1527895,3937800
5151,36,46,33776,783,1527941,4175600
5152,40,36,33736,787,1527977,4388100
5153,37,48,33699,776,1528025,4019800
5154,45,39,33654,782,1528064,4021100
5155,39,36,33615,785,1528100,4020800
5156,38,32,33577,791,1528132,3953600
5157,35,35,33542,791,1528167,4014800
5158,46,47,33496,790,1528214,3939400
5159,34,38,33462,786,1528252,3993700
5160,37,45,33425,778,1528297,3978900
5161,30,43,33395,765,1528340,3936300
5162,27,38,33368,754,1528378,3950100
5163,40,38,33328,756,1528416,4265400
5164,21,32,33307,745,1528448,3953300
5165,37,37,33270,745,1528485,3995000
5166,27,29,33243,743,1528514,3964000
5167,36,35,33207,744,1528549,3927500
5168,33,50,33174,727,1528599,3915300
5169,33,30,33141,730,1528629,3934100
5170,38,31,33103,737,1528660,3980500
5171,37,23,33066,751,1528683,3913200
5172,29,48,33037,732,1528731,4331200
5173,24,41,33013,715,1528772,3913400
5174,29,28,32984,716,1528800,3871900
5175,39,42,32945,713,1528842,3891200
5176,33,38,32912,708,1528880,3905600
5177,34,31,32878,711,1528911,3982600
5178,27,28,32851,710,1528939,3925900
5179,25,42,32826,693,1528981,3919000
5180,29,34,32797,688,1529015,3984800
5181,28,36,32769,680,1529051,3995100
5182,32,24,32737,688,1529075,3962400
5183,31,37,32706,682,1529112,4287400
5184,32,31,32674,683,1529143,4283700
5185,22,46,32652,659,1529189,4352400
5186,36,31,32616,664,1529220,3907400
5187,18,43,32598,639,1529263,3823900
5188,33,25,32565,647,1529288,3814800
5189,33,39,32532,641,1529327,4061600
5190,23,37,32509,627,1529364,3858300
5191,32,35,32477,624,1529399,3875800
5192,28,29,32449,623,1529428,4012200
5193,26,24,32423,625,1529452,3942500
5194,29,32,32394,622,1529484,3825800
5195,28,31,32366,619,1529515,3896200
5196,25,27,32341,617,1529542,3847600
5197,21,32,32320,606,1529574,4121600
5198,35,35,32285,606,1529609,4148800
5199,20,37,32265,589,1529646,4016400
5200,34,26,32231,597,1529672,4066500
5201,29,27,32202,599,1529699,4026600
5202,33,39,32169,593,1529738,3914900
5203,31,30,32138,594,1529768,4162200
5204,34,32,32104,596,1529800,3871400
5205,23,20,32081,599,1529820,3819000
5206,28,20,32053,607,1529840,3904500
5207,29,38,32024,598,1529878,3834200
5208,25,27,31999,596,1529905,3837500
5209,26,31,31973,591,1529936,3973700
5210,24,38,31949,577,1529974,3838100
5211,31,28,31918,580,1530002,3842100
5212,26,23,31892,583,1530025,3956800
5213,35,34,31857,584,1530059,4049800
5214,38,32,31819,590,1530091,4432800
5215,24,31,31795,583,1530122,4240500
5216,34,35,31761,582,1530157,4387200
5217,34,26,31727,590,1530183,4396200
5218,41,30,31686,601,1530213,4001100
5219,28,27,31658,602,1530240,3945400
5220,35,32,31623,605,1530272,4476100
5221,22,40,31601,587,1530312,3839600
5222,32,34,31569,585,1530346,3874000
5223,36,20,31533,601,1530366,3906600
5224,33,38,31500,596,1530404,3883900
5225,28,28,31472,596,1530432,4278400
5226,39,23,31433,612,1530455,4024900
5227,32,32,31401,612,1530487,3902100
5228,32,41,31369,603,1530528,3941200
5229,39,26,31330,616,1530554,3904800
5230,28,36,31302,608,1530590,3874000
5231,35,41,31267,602,1530631,4248200
5232,29,40,31238,591,1530671,3757500
5233,29,28,31209,592,1530699,3789500
5234,37,26,31172,603,1530725,4227400
5235,25,34,31147,594,1530759,3926200
5236,39,19,31108,614,1530778,3932700
5237,19,19,31089,614,1530797,4013000
5238,37,37,31052,614,1530834,3942100
5239,35,33,31017,616,1530867,3871100
5240,32,27,30985,621,1530894,4382700
5241,32,28,30953,625,1530922,3875700
5242,44,22,30909,647,1530944,3842600
5243,28,26,30881,649,1530970,3853900
5244,29,33,30852,645,1531003,3826500
5245,39,25,30813,659,1531028,3861800
5246,34,33,30779,660,1531061,3910700
5247,27,36,30752,651,1531097,3867600
5248,38,35,30714,654,1531132,3881700
5249,36,36,30678,654,1531168,3972300
5250,30,32,30648,652,1531200,3874800
5251,37,31,30611,658,1531231,3892400
5252,31,31,30580,658,1531262,3864700
5253,20,24,30560,654,1531286,3834600
5254,38,33,30522,659,1531319,3848400
5255,34,26,30488,667,1531345,3866800
5256,29,34,30459,662,1531379,3808200
5257,38,32,30421,668,1531411,3884100
5258,40,26,30381,682,1531437,3838600
5259,39,30,30342,691,1531467,3874600
5260,39,19,30303,711,1531486,4452200
5261,39,30,30264,720,1531516,3786000
5262,44,42,30220,722,1531558,3890700
5263,35,45,30185,712,1531603,3946500
5264,28,33,30157,707,1531636,3832900
5265,28,39,30129,696,1531675,3824500
5266,27,27,30102,696,1531702,3945700
5267,44,39,30058,701,1531741,3859000
5268,30,35,30028,696,1531776,3817800
5269,41,44,29987,693,1531820,4193600
5270,42,39,29945,696,1531859,3850900
5271,30,36,29915,690,1531895,3861000
5272,35,35,29880,690,1531930,4105000
5273,27,33,29853,684,1531963,3837100
5274,36,50,29817,670,1532013,3969500
5275,29,34,29788,665,1532047,3889900
5276,28,39,29760,654,1532086,3837800
5277,35,42,29725,647,1532128,4356300
5278,33,31,29692,649,1532159,3930200
5279,25,29,29667,645,1532188,3980700
5280,32,23,29635,654,1532211,4625500
5281,21,24,29614,651,1532235,3953400
5282,23,36,29591,638,1532271,3989100
5283,33,30,29558,641,1532301,4042200
5284,29,31,29529,639,1532332,3987700
5285,23,36,29506,626,1532368,3986200
5286,36,32,29470,630,1532400,4417700
5287,34,37,29436,627,1532437,4324300
5288,23,33,29413,617,1532470,4205200
5289,28,27,29385,618,1532497,4015000
5290,21,23,29364,616,1532520,3967500
5291,35,28,29329,623,1532548,4049100
5292,27,27,29302,623,1532575,3914900
5293,31,36,29271,618,1532611,3889600
5294,28,25,29243,621,1532636,4067100
5295,34,32,29209,623,1532668,3971200
5296,26,32,29183,617,1532700,3955700
5297,34,23,29149,628,1532723,4239700
5298,31,43,29118,616,1532766,4132500
5299,31,30,29087,617,1532796,4252700
5300,24,27,29063,614,1532823,4461700
5301,33,24,29030,623,1532847,4529200
5302,31,30,28999,624,1532877,4427600
5303,28,31,28971,621,1532908,4107800
5304,31,26,28940,626,1532934,4035600
5305,29,18,28911,637,1532952,4018100
5306,32,32,28879,637,1532984,4114300
5307,28,35,28851,630,1533019,4738000
5308,27,35,28824,622,1533054,4063000
5309,19,29,28805,612,1533083,4028200
5310,34,32,28771,614,1533115,4375900
5311,17,33,28754,598,1533148,4469900
5312,29,33,28725,594,1533181,3897200
5313,30,27,28695,597,1533208,3923800
5314,34,25,28661,606,1533233,3849000
5315,25,44,28636,587,1533277,3921300
5316,27,29,28609,585,1533306,3874300
5317,29,25,28580,589,1533331,3823600
5318,22,22,28558,589,1533353,3867900
5319,30,28,28528,591,1533381,3820500
5320,30,27,28498,594,1533408,3898000
5321,24,29,28474,589,1533437,4030500
5322,32,28,28442,593,1533465,4006700
5323,26,35,28416,584,1533500,3861900
5324,28,27,28388,585,1533527,4023600
5325,28,28,28360,585,1533555,4003300
5326,28,31,28332,582,1533586,3960600
5327,34,31,28298,585,1533617,3985500
5328,24,22,28274,587,1533639,3963600
5329,21,28,28253,580,1533667,4263700
5330,24,25,28229,579,1533692,4355800
5331,22,35,28207,566,1533727,3881700
5332,23,30,28184,559,1533757,4378800
5333,23,29,28161,553,1533786,3898700
5334,24,25,28137,552,1533811,3892900
5335,29,26,28108,555,1533837,4211000
5336,22,23,28086,554,1533860,3780400
5337,24,33,28062,545,1533893,3785800
5338,27,27,28035,545,1533920,3925000
5339,21,31,28014,535,1533951,3759700
5340,25,26,27989,534,1533977,4239500
5341,27,27,27962,534,1534004,3839300
5342,19,35,27943,518,1534039,3826500
5343,31,33,27912,516,1534072,3912800
5344,23,23,27889,516,1534095,3928700
5345,27,34,27862,509,1534129,3897900
5346,32,21,27830,520,1534150,3947800
5347,21,27,27809,514,1534177,3863900
5348,26,25,27783,515,1534202,3809100
5349,14,32,27769,497,1534234,3938300
5350,26,23,27743,500,1534257,3835500
5351,26,22,27717,504,1534279,3926700
5352,22,29,27695,497,1534308,3950800
5353,16,21,27679,492,1534329,3930700
5354,15,28,27664,479,1534357,3899000
5355,19,22,27645,476,1534379,3912800
5356,25,30,27620,471,1534409,3991900
5357,24,19,27596,476,1534428,4053800
5358,22,25,27574,473,1534453,3995600
5359,23,21,27551,475,1534474,3991200
5360,18,24,27533,469,1534498,4081100
5361,20,17,27513,472,1534515,4025900
5362,23,24,27490,471,1534539,4109100
5363,18,23,27472,466,1534562,4189200
5364,12,22,27460,456,1534584,4122300
5365,18,24,27442,450,1534608,4023200
5366,20,18,27422,452,1534626,4035900
5367,12,20,27410,444,1534646,4006500
5368,16,22,27394,438,1534668,4153000
5369,15,23,27379,430,1534691,4062400
5370,9,22,27370,417,1534713,3925900
5371,20,11,27350,426,1534724,4101100
5372,26,26,27324,426,1534750,4077300
5373,23,17,27301,432,1534767,3928400
5374,16,20,27285,428,1534787,4217200
5375,19,19,27266,428,1534806,3925600
5376,21,19,27245,430,1534825,4059200
5377,17,26,27228,421,1534851,4455900
5378,19,25,27209,415,1534876,4082500
5379,26,12,27183,429,1534888,4061000
5380,21,18,27162,432,1534906,3961900
5381,21,26,27141,427,1534932,4070300
5382,26,19,27115,434,1534951,3986300
5383,15,23,27100,426,1534974,3967100
5384,21,24,27079,423,1534998,3899800
5385,25,23,27054,425,1535021,3948100
5386,16,18,27038,423,1535039,3923500
5387,23,22,27015,424,1535061,3915200
5388,28,14,26987,438,1535075,4018800
5389,26,31,26961,433,1535106,3896800
5390,23,27,26938,429,1535133,3925800
5391,26,14,26912,441,1535147,3978200
5392,23,17,26889,447,1535164,3950300
5393,18,25,26871,440,1535189,3995500
5394,17,26,26854,431,1535215,3958700
5395,19,20,26835,430,1535235,4020300
5396,25,15,26810,440,1535250,4365500
5397,21,22,26789,439,1535272,3902900
5398,17,14,26772,442,1535286,3915900
5399,22,16,26750,448,1535302,4730300
5400,19,24,26731,443,1535326,4602700
5401,11,15,26720,439,1535341,4429300
5402,27,33,26693,433,1535374,3952600
5403,15,23,26678,425,1535397,3958100
5404,16,19,26662,422,1535416,3858200
5405,19,15,26643,426,1535431,3832400
5406,25,20,26618,431,1535451,3898100
5407,12,17,26606,426,1535468,3891000
5408,20,19,26586,427,1535487,3858500
5409,17,18,26569,426,1535505,4530100
5410,15,18,26554,423,1535523,3987400
5411,22,21,26532,424,1535544,3905200
5412,17,28,26515,413,1535572,4143400
5413,17,24,26498,406,1535596,3891800
5414,18,21,26480,403,1535617,3877300
5415,16,19,26464,400,1535636,3926500
5416,15,17,26449,398,1535653,3884300
5417,20,15,26429,403,1535668,4041800
5418,24,25,26405,402,1535693,3787600
5419,22,23,26383,401,1535716,3798700
5420,17,18,26366,400,1535734,4247500
5421,17,21,26349,396,1535755,3775000
5422,18,23,26331,391,1535778,3782600
5423,14,16,26317,389,1535794,3931100
5424,19,11,26298,397,1535805,3930800
5425,21,25,26277,393,1535830,3832800
5426,11,20,26266,384,1535850,3912000
5427,21,17,26245,388,1535867,3987000
5428,16,21,26229,383,1535888,3911000
5429,17,13,26212,387,1535901,4084300
5430,18,18,26194,387,1535919,3797900
5431,21,15,26173,393,1535934,3769500
5432,17,26,26156,384,1535960,3810600
5433,25,23,26131,386,1535983,3774000
5434,19,16,26112,389,1535999,3802700
5435,17,24,26095,382,1536023,3813100
5436,14,22,26081,374,1536045,3770000
5437,15,23,26066,366,1536068,3787500
5438,19,13,26047,372,1536081,3842900
5439,14,22,26033,364,1536103,3901100
5440,15,21,26018,358,1536124,3905400
5441,15,16,26003,357,1536140,3857900
5442,9,18,25994,348,1536158,3800300
5443,18,16,25976,350,1536174,3839000
5444,16,21,25960,345,1536195,3795100
5445,19,18,25941,346,1536213,3792200
5446,18,17,25923,347,1536230,4127700
5447,11,17,25912,341,1536247,3855600
5448,14,17,25898,338,1536264,3832400
5449,11,19,25887,330,1536283,3897500
5450,17,16,25870,331,1536299,3812400
5451,20,15,25850,336,1536314,3883400
5452,14,13,25836,337,1536327,3989100
5453,18,10,25818,345,1536337,3856000
5454,14,14,25804,345,1536351,3826300
5455,21,21,25783,345,1536372,3827000
5456,19,22,25764,342,1536394,3793300
5457,21,25,25743,338,1536419,3812900
5458,16,14,25727,340,1536433,3828000
5459,12,16,25715,336,1536449,3780800
5460,23,27,25692,332,1536476,3843500
5461,10,23,25682,319,1536499,3829800
5462,13,15,25669,317,1536514,3791900
5463,12,13,25657,316,1536527,3923700
5464,13,14,25644,315,1536541,3877400
5465,13,17,25631,311,1536558,3916600
5466,14,13,25617,312,1536571,3886800
5467,15,8,25602,319,1536579,3834400
5468,11,13,25591,317,1536592,3875300
5469,14,19,25577,312,1536611,3881500
5470,15,13,25562,314,1536624,3844100
5471,16,12,25546,318,1536636,3871800
5472,10,20,25536,308,1536656,3894700
5473,16,16,25520,308,1536672,3829400
5474,21,17,25499,312,1536689,3875300
5475,20,18,25479,314,1536707,3926500
5476,8,15,25471,307,1536722,3907200
5477,17,19,25454,305,1536741,3946100
5478,24,13,25430,316,1536754,4002100
5479,13,15,25417,314,1536769,3970900
5480,18,20,25399,312,1536789,4315900
5481,18,19,25381,311,1536808,4049500
5482,18,14,25363,315,1536822,4120100
5483,12,21,25351,306,1536843,3907000
5484,15,12,25336,309,1536855,3910300
5485,10,17,25326,302,1536872,4105500
5486,18,17,25308,303,1536889,3777700
5487,6,21,25302,288,1536910,3897700
5488,13,12,25289,289,1536922,4441000
5489,16,12,25273,293,1536934,3857600
5490,14,7,25259,300,1536941,4055200
5491,13,14,25246,299,1536955,4298100
5492,14,15,25232,298,1536970,3965700
5493,8,12,25224,294,1536982,3925900
5494,12,17,25212,289,1536999,4072500
5495,9,7,25203,291,1537006,3983800
5496,17,13,25186,295,1537019,3980100
5497,13,20,25173,288,1537039,3964600
5498,12,14,25161,286,1537053,3984800
5499,7,12,25154,281,1537065,4249200
5500,11,17,25143,275,1537082,3954200
5501,12,14,25131,273,1537096,3927200
5502,15,17,25116,271,1537113,4022700
5503,15,17,25101,269,1537130,3916100
5504,8,17,25093,260,1537147,3900900
5505,10,13,25083,257,1537160,3899900
5506,14,13,25069,258,1537173,3901900
5507,10,11,25059,257,1537184,3934200
5508,8,15,25051,250,1537199,4052000
5509,12,13,25039,249,1537212,4112900
5510,11,11,25028,249,1537223,4326800
5511,11,16,25017,244,1537239,4461600
5512,8,18,25009,234,1537257,4885700
5513,10,14,24999,230,1537271,3947500
5514,11,9,24988,232,1537280,3931600
5515,11,16,24977,227,1537296,3992100
5516,7,10,24970,224,1537306,3953800
5517,4,12,24966,216,1537318,3923800
5518,9,17,24957,208,1537335,4144400
5519,10,10,24947,208,1537345,3992200
5520,14,11,24933,211,1537356,3953700
5521,18,6,24915,223,1537362,3970500
5522,9,4,24906,228,1537366,3971300
5523,14,8,24892,234,1537374,3970500
5524,9,12,24883,231,1537386,3883500
5525,12,13,24871,230,1537399,3914100
5526,8,9,24863,229,1537408,4239500
5527,4,7,24859,226,1537415,3899200
5528,8,15,24851,219,1537430,3869900
5529,9,8,24842,220,1537438,3899600
5530,15,7,24827,228,1537445,3873700
5531,11,13,24816,226,1537458,3872900
5532,16,17,24800,225,1537475,4001200
5533,12,13,24788,224,1537488,4024000
5534,8,9,24780,223,1537497,3964000
5535,10,13,24770,220,1537510,3930100
5536,5,9,24765,216,1537519,3977200
5537,8,5,24757,219,1537524,4070400
5538,13,14,24744,218,1537538,4064500
5539,7,12,24737,213,1537550,4009600
5540,8,13,24729,208,1537563,4042800
5541,6,5,24723,209,1537568,3993000
5542,6,12,24717,203,1537580,4031000
5543,5,9,24712,199,1537589,4020400
5544,7,13,24705,193,1537602,4110700
5545,9,8,24696,194,1537610,4198500
5546,7,9,24689,192,1537619,4056800
5547,7,12,24682,187,1537631,4068700
5548,6,9,24676,184,1537640,4054000
5549,7,6,24669,185,1537646,4039000
5550,10,12,24659,183,1537658,4021700
5551,4,8,24655,179,1537666,3920900
5552,11,8,24644,182,1537674,3880800
5553,9,13,24635,178,1537687,4040200
5554,9,7,24626,180,1537694,3933900
5555,11,6,24615,185,1537700,4055400
5556,11,6,24604,190,1537706,4154300
5557,5,8,24599,187,1537714,3889800
5558,5,6,24594,186,1537720,3849200
5559,12,5,24582,193,1537725,3963000
5560,13,13,24569,193,1537738,3894000
5561,12,12,24557,193,1537750,3951700
5562,11,11,24546,193,1537761,3857500
5563,12,11,24534,194,1537772,3858100
5564,12,12,24522,194,1537784,4292500
5565,9,5,24513,198,1537789,3838200
5566,10,8,24503,200,1537797,3829700
5567,4,13,24499,191,1537810,4152600
5568,8,6,24491,193,1537816,3916800
5569,5,10,24486,188,1537826,3848400
5570,10,6,24476,192,1537832,3957600
5571,11,7,24465,196,1537839,3950600
5572,7,16,24458,187,1537855,3865000
5573,5,9,24453,183,1537864,4654500
5574,10,7,24443,186,1537871,4722200
5575,4,11,24439,179,1537882,3918400
5576,6,8,24433,177,1537890,3880300
5577,8,14,24425,171,1537904,3917000
5578,7,7,24418,171,1537911,4588700
5579,3,9,24415,165,1537920,4282600
5580,8,7,24407,166,1537927,3972900
5581,9,2,24398,173,1537929,3845600
5582,7,8,24391,172,1537937,3816900
5583,7,12,24384,167,1537949,3862300
5584,9,9,24375,167,1537958,3840700
5585,11,6,24364,172,1537964,3916000
5586,8,14,24356,166,1537978,3936400
5587,4,7,24352,163,1537985,3897400
5588,8,6,24344,165,1537991,4287000
5589,12,10,24332,167,1538001,3881700
5590,4,14,24328,157,1538015,3867300
5591,11,3,24317,165,1538018,4041600
5592,8,13,24309,160,1538031,3861000
5593,4,9,24305,155,1538040,3850300
5594,5,9,24300,151,1538049,3914500
5595,2,6,24298,147,1538055,3850100
5596,9,8,24289,148,1538063,3901400
5597,13,10,24276,151,1538073,3876600
5598,11,10,24265,152,1538083,3857100
5599,7,12,24258,147,1538095,3926000
5600,6,4,24252,149,1538099,3902000
5601,8,7,24244,150,1538106,3864900
5602,12,12,24232,150,1538118,4213000
5603,10,5,24222,155,1538123,3912700
5604,12,12,24210,155,1538135,3855600
5605,8,11,24202,152,1538146,3888400
5606,8,5,24194,155,1538151,3861600
5607,10,9,24184,156,1538160,3857200
5608,7,10,24177,153,1538170,4268200
5609,6,6,24171,153,1538176,4007300
5610,6,7,24165,152,1538183,3886000
5611,7,11,24158,148,1538194,3999600
5612,7,7,24151,148,1538201,3920700
5613,2,8,24149,142,1538209,4018100
5614,8,7,24141,143,1538216,3929000
5615,4,6,24137,141,1538222,3933700
5616,3,9,24134,135,1538231,3909000
5617,8,5,24126,138,1538236,4068000
5618,7,11,24119,134,1538247,4010800
5619,7,7,24112,134,1538254,3941600
5620,4,6,24108,132,1538260,3920600
5621,10,8,24098,134,1538268,3897600
5622,4,6,24094,132,1538274,4183200
5623,2,6,24092,128,1538280,3884200
5624,3,3,24089,128,1538283,4120600
5625,4,7,24085,125,1538290,4191400
5626,6,7,24079,124,1538297,3937600
5627,3,8,24076,119,1538305,3905900
5628,5,6,24071,118,1538311,3870600
5629,4,8,24067,114,1538319,3860000
5630,10,10,24057,114,1538329,4056600
5631,4,5,24053,113,1538334,3883400
5632,3,5,24050,111,1538339,3828100
5633,6,7,24044,110,1538346,3885100
5634,6,4,24038,112,1538350,3855600
5635,6,7,24032,111,1538357,3873000
5636,5,6,24027,110,1538363,3896300
5637,3,8,24024,105,1538371,3860600
5638,3,5,24021,103,1538376,3986500
5639,6,4,24015,105,1538380,3922900
5640,8,11,24007,102,1538391,3995300
5641,1,4,24006,99,1538395,4336500
5642,6,7,24000,98,1538402,3880600
5643,1,6,23999,93,1538408,3866400
5644,3,4,23996,92,1538412,4247400
5645,4,5,23992,91,1538417,3838600
5646,3,5,23989,89,1538422,3825900
5647,5,5,23984,89,1538427,3813200
5648,1,5,23983,85,1538432,3807700
5649,3,4,23980,84,1538436,3816200
5650,3,4,23977,83,1538440,4000100
5651,2,3,23975,82,1538443,3876800
5652,3,2,23972,83,1538445,3941000
5653,2,5,23970,80,1538450,4099000
5654,2,1,23968,81,1538451,4098500
5655,3,4,23965,80,1538455,4410500
5656,3,3,23962,80,1538458,4424400
5657,5,6,23957,79,1538464,4193800
5658,1,5,23956,75,1538469,3961800
5659,2,5,23954,72,1538474,4072400
5660,1,3,23953,70,1538477,4080800
5661,3,3,23950,70,1538480,4017400
5662,3,3,23947,70,1538483,3988900
5663,1,5,23946,66,1538488,4218200
5664,0,3,23946,63,1538491,4088600
5665,0,3,23946,60,1538494,6453700
5666,2,2,23944,60,1538496,5231300
5667,2,3,23942,59,1538499,5351200
5668,3,3,23939,59,1538502,4146100
5669,3,4,23936,58,1538506,5043300
5670,1,1,23935,58,1538507,3991500
5671,1,4,23934,55,1538511,4061700
5672,0,6,23934,49,1538517,4017400
5673,1,2,23933,48,1538519,4005600
5674,2,4,23931,46,1538523,3999800
5675,0,2,23931,44,1538525,3948900
5676,3,4,23928,43,1538529,3969000
5677,4,1,23924,46,1538530,3979400
5678,0,1,23924,45,1538531,3889200
5679,0,4,23924,41,1538535,3847400
5680,1,2,23923,40,1538537,3902100
5681,0,1,23923,39,1538538,4010400
5682,2,0,23921,41,1538538,4025500
5683,1,5,23920,37,1538543,4186800
5684,0,0,23920,37,1538543,4038500
5685,0,2,23920,35,1538545,4026700
5686,0,1,23920,34,1538546,4108600
5687,2,1,23918,35,1538547,3974400
5688,1,2,23917,34,1538549,4118400
5689,0,0,23917,34,1538549,4018500
5690,0,0,23917,34,1538549,3946200
5691,0,4,23917,30,1538553,3908300
5692,0,5,23917,25,1538558,3896700
5693,0,0,23917,25,1538558,3969000
5694,1,2,23916,24,1538560,3932700
5695,0,1,23916,23,1538561,3905000
5696,0,2,23916,21,1538563,4106000
5697,0,1,23916,20,1538564,4040000
5698,0,2,23916,18,1538566,4531000
5699,0,1,23916,17,1538567,4426000
5700,0,0,23916,17,1538567,4400400
5701,2,2,23914,17,1538569,4496800
5702,1,0,23913,18,1538569,4416700
5703,0,0,23913,18,1538569,5090000
5704,0,1,23913,17,1538570,3891200
5705,0,0,23913,17,1538570,4086200
5706,1,1,23912,17,1538571,4725400
5707,2,0,23910,19,1538571,4023100
5708,3,1,23907,21,1538572,4139600
5709,2,0,23905,23,1538572,4077400
5710,1,0,23904,24,1538572,3947900
5711,1,2,23903,23,1538574,4148400
5712,2,1,23901,24,1538575,4155100
5713,3,1,23898,26,1538576,4577800
5714,2,4,23896,24,1538580,4213100
5715,1,1,23895,24,1538581,4267300
5716,1,1,23894,24,1538582,4531800
5717,2,0,23892,26,1538582,4122000
5718,0,0,23892,26,1538582,4057800
5719,2,5,23890,23,1538587,4013300
5720,2,0,23888,25,1538587,4005500
5721,1,1,23887,25,1538588,4584000
5722,2,3,23885,24,1538591,4183300
5723,1,2,23884,23,1538593,4096400
5724,1,1,23883,23,1538594,4492000
5725,1,1,23882,23,1538595,4055200
5726,1,0,23881,24,1538595,4252400
5727,0,1,23881,23,1538596,4115600
5728,0,1,23881,22,1538597,4030900
5729,1,2,23880,21,1538599,4082700
5730,1,1,23879,21,1538600,3984600
5731,1,0,23878,22,1538600,4269600
5732,2,1,23876,23,1538601,4084200
5733,0,2,23876,21,1538603,3987500
5734,1,1,23875,21,1538604,4098000
5735,1,1,23874,21,1538605,4211400
5736,0,2,23874,19,1538607,4139300
5737,1,1,23873,19,1538608,3900500
5738,0,0,23873,19,1538608,4219000
5739,1,2,23872,18,1538610,4491100
5740,0,1,23872,17,1538611,4114400
5741,0,0,23872,17,1538611,4028300
5742,1,0,23871,18,1538611,3960400
5743,0,0,23871,18,1538611,3971400
5744,0,1,23871,17,1538612,3974700
5745,0,0,23871,17,1538612,3918700
5746,0,0,23871,17,1538612,3990900
5747,0,3,23871,14,1538615,4250000
5748,0,0,23871,14,1538615,3924300
5749,1,1,23870,14,1538616,3902400
5750,0,0,23870,14,1538616,3880400
5751,0,0,23870,14,1538616,3881300
5752,1,0,23869,15,1538616,4238700
5753,1,2,23868,14,1538618,3945100
5754,1,0,23867,15,1538618,4120100
5755,0,1,23867,14,1538619,4104800
5756,0,0,23867,14,1538619,3940000
5757,0,0,23867,14,1538619,3882200
5758,0,1,23867,13,1538620,4367400
5759,1,1,23866,13,1538621,4037000
5760,0,1,23866,12,1538622,4048900
5761,0,0,23866,12,1538622,3931000
5762,0,1,23866,11,1538623,3903400
5763,0,1,23866,10,1538624,4400700
5764,0,0,23866,10,1538624,3992200
5765,0,1,23866,9,1538625,3889500
5766,0,0,23866,9,1538625,3973200
5767,0,0,23866,9,1538625,3859900
5768,0,0,23866,9,1538625,3916500
5769,0,1,23866,8,1538626,3888100
5770,0,1,23866,7,1538627,3835000
5771,0,0,23866,7,1538627,3968800
5772,0,0,23866,7,1538627,3984800
5773,0,0,23866,7,1538627,3877300
5774,0,1,23866,6,1538628,4009600
5775,0,0,23866,6,1538628,3874000
5776,0,0,23866,6,1538628,3830300
5777,0,0,23866,6,1538628,3901700
5778,0,0,23866,6,1538628,3817300
5779,0,0,23866,6,1538628,3940400
5780,0,0,23866,6,1538628,3879800
5781,0,0,23866,6,1538628,3865600
5782,0,1,23866,5,1538629,3989300
5783,0,0,23866,5,1538629,3934100
5784,0,0,23866,5,1538629,3891200
5785,0,0,23866,5,1538629,4043300
5786,0,1,23866,4,1538630,3957800
5787,0,0,23866,4,1538630,3904700
5788,0,1,23866,3,1538631,4006500
5789,0,0,23866,3,1538631,3916900
5790,0,0,23866,3,1538631,3968000
5791,0,0,23866,3,1538631,3919800
5792,0,0,23866,3,1538631,3972700
5793,0,0,23866,3,1538631,4624200
5794,0,0,23866,3,1538631,4060500
5795,0,0,23866,3,1538631,4017200
5796,0,0,23866,3,1538631,4037800
5797,0,0,23866,3,1538631,4284800
5798,0,0,23866,3,1538631,4500700
5799,0,0,23866,3,1538631,4194400
5800,0,0,23866,3,1538631,4206500
5801,0,2,23866,1,1538633,4048100
5802,0,0,23866,1,1538633,4015200
5803,0,0,23866,1,1538633,4258400
5804,0,0,23866,1,1538633,4034100
5805,0,0,23866,1,1538633,4051200
5806,0,0,23866,1,1538633,4101100
5807,0,0,23866,1,1538633,3987300
5808,0,0,23866,1,1538633,4052100
5809,0,0,23866,1,1538633,3994400
5810,0,0,23866,1,1538633,4068100
5811,0,0,23866,1,1538633,4596500
5812,0,0,23866,1,1538633,4431900
5813,0,0,23866,1,1538633,4418500
5814,0,0,23866,1,1538633,4023400
5815,0,0,23866,1,1538633,4121200
5816,0,0,23866,1,1538633,4424000
5817,0,0,23866,1,1538633,4316800
5818,0,0,23866,1,1538633,4105800
5819,0,0,23866,1,1538633,4399900
5820,0,0,23866,1,1538633,4115000
5821,0,0,23866,1,1538633,4199800
5822,0,0,23866,1,1538633,4258000
5823,0,0,23866,1,1538633,4279500
5824,0,0,23866,1,1538633,4133100
5825,0,0,23866,1,1538633,4462500
5826,0,0,23866,1,1538633,4403900
5827,0,0,23866,1,1538633,4652500
5828,0,0,23866,1,1538633,4093300
5829,0,0,23866,1,1538633,4140000
5830,0,0,23866,1,1538633,4146700
5831,0,0,23866,1,1538633,4194500
5832,0,0,23866,1,1538633,4126400
5833,0,0,23866,1,1538633,4238500
5834,0,0,23866,1,1538633,4105400
5835,0,0,23866,1,1538633,4251300
5836,0,0,23866,1,1538633,4118200
5837,0,0,23866,1,1538633,4039100
5838,0,0,23866,1,1538633,4316500
5839,0,0,23866,1,1538633,4546500
5840,0,0,23866,1,1538633,4276600
5841,0,0,23866,1,1538633,4167600
5842,0,1,23866,0,1538634,4121500
