Tick,NewlyInfected,NewlyRecovered,TotalSusceptible,TotalInfected,TotalRecovered,StepTimeNanos
0,1,0,1562494,6,0,4065500
1,4,0,1562490,10,0,3605400
2,3,0,1562487,13,0,3558800
3,3,0,1562484,16,0,3559300
4,6,0,1562478,22,0,3680300
5,4,1,1562474,25,1,3595700
6,1,2,1562473,24,3,3594600
7,5,1,1562468,28,4,3586600
8,4,2,1562464,30,6,3994700
9,14,4,1562450,40,10,3771600
10,4,3,1562446,41,13,3587900
11,5,3,1562441,43,16,3599000
12,6,3,1562435,46,19,3593900
13,6,1,1562429,51,20,3634000
14,4,1,1562425,54,21,3622300
15,9,0,1562416,63,21,3651600
16,7,4,1562409,66,25,3709900
17,6,3,1562403,69,28,4160800
18,5,2,1562398,72,30,3852100
19,7,7,1562391,72,37,3636200
20,6,8,1562385,70,45,3632300
21,9,5,1562376,74,50,3671700
22,7,5,1562369,76,55,3640000
23,8,0,1562361,84,55,3622900
24,3,3,1562358,84,58,3612200
25,6,6,1562352,84,64,3688700
26,13,6,1562339,91,70,3633500
27,10,3,1562329,98,73,3626900
28,9,8,1562320,99,81,3613300
29,9,6,1562311,102,87,4009400
30,13,6,1562298,109,93,3656200
31,13,8,1562285,114,101,3608600
32,12,12,1562273,114,113,4041500
33,14,1,1562259,127,114,3748300
34,13,9,1562246,131,123,3673700
35,16,7,1562230,140,130,3681800
36,23,3,1562207,160,133,3660400
37,15,9,1562192,166,142,4005200
38,18,6,1562174,178,148,3635800
39,14,8,1562160,184,156,3641900
40,11,7,1562149,188,163,3642600
41,26,8,1562123,206,171,3828400
42,18,14,1562105,210,185,3853700
43,21,15,1562084,216,200,3654500
44,25,10,1562059,231,210,3638800
45,22,14,1562037,239,224,3933500
46,31,16,1562006,254,240,3725000
47,20,15,1561986,259,255,3618700
48,29,10,1561957,278,265,3643200
49,21,16,1561936,283,281,3952800
50,23,22,1561913,284,303,3961300
51,27,18,1561886,293,321,3872300
52,20,17,1561866,296,338,3740200
53,30,11,1561836,315,349,3688700
54,31,21,1561805,325,370,3694800
55,34,17,1561771,342,387,3685700
56,24,18,1561747,348,405,3711900
57,37,18,1561710,367,423,3656800
58,38,17,1561672,388,440,3731700
59,32,14,1561640,406,454,3675400
60,29,13,1561611,422,467,3651200
61,41,25,1561570,438,492,3644000
62,39,17,1561531,460,509,4009600
63,35,19,1561496,476,528,3674200
64,40,22,1561456,494,550,3662700
65,33,24,1561423,503,574,3640700
66,36,22,1561387,517,596,4066300
67,33,27,1561354,523,623,3794500
68,41,25,1561313,539,648,3769900
69,44,29,1561269,554,677,3999600
70,40,33,1561229,561,710,4039500
71,35,24,1561194,572,734,3729200
72,42,28,1561152,586,762,3695800
73,40,24,1561112,602,786,3680000
74,42,32,1561070,612,818,3719900
75,38,33,1561032,617,851,3829600
76,46,27,1560986,636,878,3817100
77,35,27,1560951,644,905,3862100
78,50,37,1560901,657,942,3829300
79,60,33,1560841,684,975,3842900
80,48,28,1560793,704,1003,3821400
81,56,45,1560737,715,1048,3737900
82,48,39,1560689,724,1087,3732100
83,56,46,1560633,734,1133,3759200
84,45,26,1560588,753,1159,3738000
85,53,32,1560535,774,1191,3732500
86,47,38,1560488,783,1229,3749600
87,61,41,1560427,803,1270,3890500
88,45,38,1560382,810,1308,3717100
89,58,44,1560324,824,1352,3696600
90,56,42,1560268,838,1394,3683200
91,60,35,1560208,863,1429,3756700
92,67,46,1560141,884,1475,3692800
93,83,43,1560058,924,1518,3674800
94,65,41,1559993,948,1559,3683100
95,54,47,1559939,955,1606,3738600
96,64,60,1559875,959,1666,3695800
97,74,52,1559801,981,1718,3675200
98,73,41,1559728,1013,1759,3690300
99,50,63,1559678,1000,1822,3772900
100,69,48,1559609,1021,1870,3690000
101,73,52,1559536,1042,1922,3693800
102,60,47,1559476,1055,1969,3696300
103,74,53,1559402,1076,2022,3791500
104,66,51,1559336,1091,2073,3750000
105,79,56,1559257,1114,2129,3742000
106,78,59,1559179,1133,2188,3746100
107,64,46,1559115,1151,2234,3716100
108,75,68,1559040,1158,2302,3720500
109,83,57,1558957,1184,2359,3706400
110,82,74,1558875,1192,2433,3692300
111,88,61,1558787,1219,2494,3760500
112,75,48,1558712,1246,2542,3706400
113,76,62,1558636,1260,2604,3726900
114,82,73,1558554,1269,2677,3684200
115,71,68,1558483,1272,2745,3758400
116,91,74,1558392,1289,2819,3841700
117,78,57,1558314,1310,2876,3882300
118,72,65,1558242,1317,2941,3857600
119,62,68,1558180,1311,3009,3853100
120,77,59,1558103,1329,3068,4000600
121,93,69,1558010,1353,3137,3877300
122,71,66,1557939,1358,3203,3889000
123,80,70,1557859,1368,3273,3866900
124,89,75,1557770,1382,3348,3935200
125,74,81,1557696,1375,3429,3846500
126,100,67,1557596,1408,3496,3854400
127,106,63,1557490,1451,3559,3837200
128,93,78,1557397,1466,3637,3829100
129,95,64,1557302,1497,3701,3829900
130,89,90,1557213,1496,3791,3850000
131,85,71,1557128,1510,3862,3844200
132,96,72,1557032,1534,3934,4168100
133,112,75,1556920,1571,4009,3856200
134,98,85,1556822,1584,4094,3858100
135,88,61,1556734,1611,4155,3794100
136,93,82,1556641,1622,4237,4261100
137,82,70,1556559,1634,4307,3874300
138,84,92,1556475,1626,4399,3847000
139,99,84,1556376,1641,4483,3853300
140,105,84,1556271,1662,4567,4268200
141,87,95,1556184,1654,4662,3871100
142,105,86,1556079,1673,4748,3832600
143,111,90,1555968,1694,4838,3853400
144,107,76,1555861,1725,4914,4280400
145,98,74,1555763,1749,4988,3879000
146,111,82,1555652,1778,5070,3858200
147,111,81,1555541,1808,5151,3878600
148,113,73,1555428,1848,5224,3811100
149,103,96,1555325,1855,5320,3843700
150,112,102,1555213,1865,5422,3830600
151,89,101,1555124,1853,5523,3832200
152,97,84,1555027,1866,5607,3894600
153,97,94,1554930,1869,5701,3867900
154,124,92,1554806,1901,5793,3953900
155,125,95,1554681,1931,5888,3933900
156,94,99,1554587,1926,5987,4208700
157,104,112,1554483,1918,6099,3944100
158,106,115,1554377,1909,6214,3918400
159,112,98,1554265,1923,6312,3966400
160,118,95,1554147,1946,6407,3935500
161,124,91,1554023,1979,6498,3860700
162,117,91,1553906,2005,6589,3822100
163,119,109,1553787,2015,6698,3850700
164,111,107,1553676,2019,6805,3866700
165,117,101,1553559,2035,6906,3847200
166,121,105,1553438,2051,7011,3818000
167,129,96,1553309,2084,7107,3832000
168,128,101,1553181,2111,7208,3857800
169,116,97,1553065,2130,7305,3816500
170,118,112,1552947,2136,7417,3766600
171,148,97,1552799,2187,7514,3825100
172,118,121,1552681,2184,7635,4308700
173,103,113,1552578,2174,7748,3806300
174,115,125,1552463,2164,7873,3818400
175,129,106,1552334,2187,7979,3766000
176,140,106,1552194,2221,8085,3815600
177,126,108,1552068,2239,8193,3792300
178,114,125,1551954,2228,8318,3781900
179,134,99,1551820,2263,8417,3784400
180,117,113,1551703,2267,8530,4131600
181,114,113,1551589,2268,8643,3804600
182,113,104,1551476,2277,8747,3792600
183,140,123,1551336,2294,8870,3832200
184,114,113,1551222,2295,8983,4445300
185,127,110,1551095,2312,9093,3878700
186,134,107,1550961,2339,9200,3739000
187,151,115,1550810,2375,9315,3780500
188,128,113,1550682,2390,9428,4142400
189,134,112,1550548,2412,9540,3856600
190,146,116,1550402,2442,9656,3820200
191,134,127,1550268,2449,9783,3824900
192,142,118,1550126,2473,9901,3838700
193,114,106,1550012,2481,10007,3782000
194,152,134,1549860,2499,10141,3796400
195,139,142,1549721,2496,10283,3823900
196,142,131,1549579,2507,10414,3894300
197,161,134,1549418,2534,10548,3861000
198,154,127,1549264,2561,10675,3978600
199,140,128,1549124,2573,10803,3925400
200,138,130,1548986,2581,10933,3938700
201,129,126,1548857,2584,11059,3875100
202,154,126,1548703,2612,11185,3902400
203,163,154,1548540,2621,11339,4029100
204,145,139,1548395,2627,11478,3937200
205,157,129,1548238,2655,11607,3961900
206,162,146,1548076,2671,11753,3926400
207,145,146,1547931,2670,11899,3890500
208,151,130,1547780,2691,12029,4322200
209,139,131,1547641,2699,12160,3911800
210,158,119,1547483,2738,12279,3950100
211,148,129,1547335,2757,12408,4472600
212,177,134,1547158,2800,12542,4191200
213,172,133,1546986,2839,12675,3975700
214,180,138,1546806,2881,12813,3934800
215,171,141,1546635,2911,12954,3971800
216,148,152,1546487,2907,13106,3955200
217,159,141,1546328,2925,13247,3924800
218,171,158,1546157,2938,13405,3935000
219,174,149,1545983,2963,13554,3941100
220,144,159,1545839,2948,13713,3916500
221,160,137,1545679,2971,13850,3940900
222,194,139,1545485,3026,13989,3989700
223,171,146,1545314,3051,14135,3983400
224,166,133,1545148,3084,14268,4593600
225,197,140,1544951,3141,14408,4129900
226,184,152,1544767,3173,14560,4088200
227,184,157,1544583,3200,14717,4480300
228,212,143,1544371,3269,14860,4048300
229,181,165,1544190,3285,15025,4048700
230,195,165,1543995,3315,15190,4171700
231,195,158,1543800,3352,15348,4165300
232,193,171,1543607,3374,15519,4012300
233,194,165,1543413,3403,15684,3999100
234,170,147,1543243,3426,15831,4326500
235,185,157,1543058,3454,15988,4298200
236,199,181,1542859,3472,16169,4063100
237,215,194,1542644,3493,16363,4027400
238,200,173,1542444,3520,16536,4010500
239,191,179,1542253,3532,16715,3969400
240,198,168,1542055,3562,16883,3954200
241,217,174,1541838,3605,17057,3928400
242,195,175,1541643,3625,17232,3947100
243,185,176,1541458,3634,17408,4058100
244,181,168,1541277,3647,17576,4029200
245,192,191,1541085,3648,17767,4035400
246,215,184,1540870,3679,17951,4040900
247,192,160,1540678,3711,18111,4062100
248,210,173,1540468,3748,18284,4033500
249,202,184,1540266,3766,18468,3939100
250,184,189,1540082,3761,18657,4352400
251,198,182,1539884,3777,18839,3941300
252,212,199,1539672,3790,19038,3940900
253,189,187,1539483,3792,19225,3912000
254,190,182,1539293,3800,19407,4051900
255,173,161,1539120,3812,19568,3989900
256,213,196,1538907,3829,19764,3960600
257,214,167,1538693,3876,19931,3924100
258,188,173,1538505,3891,20104,3987500
259,182,205,1538323,3868,20309,3926900
260,192,182,1538131,3878,20491,3921600
261,184,185,1537947,3877,20676,3938200
262,185,199,1537762,3863,20875,4255200
263,188,188,1537574,3863,21063,4004900
264,232,211,1537342,3884,21274,3958900
265,195,182,1537147,3897,21456,3991000
266,199,181,1536948,3915,21637,3957700
267,216,188,1536732,3943,21825,4014400
268,213,172,1536519,3984,21997,3967800
269,219,209,1536300,3994,22206,4217100
270,222,187,1536078,4029,22393,4061100
271,227,200,1535851,4056,22593,4006900
272,198,230,1535653,4024,22823,4006500
273,224,212,1535429,4036,23035,4070700
274,216,211,1535213,4041,23246,3971100
275,229,192,1534984,4078,23438,3953400
276,248,191,1534736,4135,23629,3932100
277,237,209,1534499,4163,23838,4337800
278,237,225,1534262,4175,24063,3965600
279,241,206,1534021,4210,24269,4037100
280,210,208,1533811,4212,24477,4002000
281,230,231,1533581,4211,24708,3984000
282,216,206,1533365,4221,24914,3947600
283,217,203,1533148,4235,25117,3985100
284,231,229,1532917,4237,25346,4057800
285,204,216,1532713,4225,25562,4022300
286,234,221,1532479,4238,25783,3983700
287,245,214,1532234,4269,25997,4039900
288,234,225,1532000,4278,26222,4054400
289,236,237,1531764,4277,26459,4193000
290,224,232,1531540,4269,26691,4011000
291,225,211,1531315,4283,26902,3994100
292,213,240,1531102,4256,27142,3995500
293,217,205,1530885,4268,27347,4138100
294,227,195,1530658,4300,27542,4017000
295,234,223,1530424,4311,27765,3980500
296,231,225,1530193,4317,27990,3981900
297,230,214,1529963,4333,28204,4003500
298,240,238,1529723,4335,28442,3954700
299,223,231,1529500,4327,28673,3941600
300,228,231,1529272,4324,28904,3926000
301,235,226,1529037,4333,29130,3919400
302,234,227,1528803,4340,29357,3917900
303,227,226,1528576,4341,29583,3926600
304,205,211,1528371,4335,29794,3982500
305,229,238,1528142,4326,30032,4067000
306,221,215,1527921,4332,30247,4093400
307,220,233,1527701,4319,30480,4016900
308,221,227,1527480,4313,30707,3997600
309,232,198,1527248,4347,30905,4065100
310,213,230,1527035,4330,31135,4054800
311,218,222,1526817,4326,31357,4090500
312,231,199,1526586,4358,31556,4062500
313,228,219,1526358,4367,31775,4095300
314,230,231,1526128,4366,32006,4000700
315,252,213,1525876,4405,32219,3963300
316,212,239,1525664,4378,32458,4236400
317,254,210,1525410,4422,32668,4130600
318,245,200,1525165,4467,32868,3987800
319,233,237,1524932,4463,33105,3953400
320,244,206,1524688,4501,33311,3994900
321,240,218,1524448,4523,33529,4210400
322,248,236,1524200,4535,33765,4128000
323,234,220,1523966,4549,33985,4073300
324,260,242,1523706,4567,34227,4509200
325,232,224,1523474,4575,34451,4103000
326,236,221,1523238,4590,34672,4152500
327,246,228,1522992,4608,34900,4018100
328,261,240,1522731,4629,35140,4715000
329,222,230,1522509,4621,35370,4055200
330,223,228,1522286,4616,35598,4112600
331,254,245,1522032,4625,35843,4151400
332,265,218,1521767,4672,36061,4294200
333,226,231,1521541,4667,36292,4706600
334,237,253,1521304,4651,36545,4650200
335,267,251,1521037,4667,36796,4395300
336,259,235,1520778,4691,37031,4418700
337,229,219,1520549,4701,37250,4469800
338,242,265,1520307,4678,37515,4315900
339,236,246,1520071,4668,37761,4671400
340,243,247,1519828,4664,38008,4490300
341,253,255,1519575,4662,38263,4416000
342,262,253,1519313,4671,38516,4663400
343,247,246,1519066,4672,38762,4210700
344,245,252,1518821,4665,39014,4070400
345,254,252,1518567,4667,39266,4250000
346,231,220,1518336,4678,39486,4090800
347,252,230,1518084,4700,39716,4253200
348,284,224,1517800,4760,39940,4166000
349,239,232,1517561,4767,40172,4641800
350,250,254,1517311,4763,40426,4153100
351,272,199,1517039,4836,40625,4112000
352,272,249,1516767,4859,40874,4136300
353,267,231,1516500,4895,41105,4249700
354,283,241,1516217,4937,41346,4135800
355,289,229,1515928,4997,41575,4093400
356,277,259,1515651,5015,41834,4062300
357,265,265,1515386,5015,42099,4159900
358,253,254,1515133,5014,42353,4098500
359,301,270,1514832,5045,42623,4062700
360,276,259,1514556,5062,42882,4078900
361,296,243,1514260,5115,43125,4090500
362,258,253,1514002,5120,43378,4047500
363,291,247,1513711,5164,43625,4044400
364,301,282,1513410,5183,43907,4067100
365,271,241,1513139,5213,44148,4049200
366,266,292,1512873,5187,44440,4044000
367,276,258,1512597,5205,44698,4076300
368,270,265,1512327,5210,44963,4333500
369,259,258,1512068,5211,45221,4268500
370,286,281,1511782,5216,45502,4085500
371,250,271,1511532,5195,45773,4017900
372,272,246,1511260,5221,46019,4021500
373,266,262,1510994,5225,46281,4056200
374,252,235,1510742,5242,46516,4033200
375,271,248,1510471,5265,46764,3990500
376,245,263,1510226,5247,47027,4379700
377,273,261,1509953,5259,47288,4070600
378,286,278,1509667,5267,47566,4055200
379,267,238,1509400,5296,47804,3996100
380,285,246,1509115,5335,48050,4058500
381,313,283,1508802,5365,48333,4020200
382,295,260,1508507,5400,48593,3983000
383,298,286,1508209,5412,48879,4076900
384,302,288,1507907,5426,49167,4459600
385,319,264,1507588,5481,49431,4397100
386,262,266,1507326,5477,49697,4384600
387,281,254,1507045,5504,49951,4271500
388,295,289,1506750,5510,50240,4741300
389,302,307,1506448,5505,50547,4205300
390,273,252,1506175,5526,50799,4127500
391,300,267,1505875,5559,51066,4106800
392,291,275,1505584,5575,51341,4185600
393,315,261,1505269,5629,51602,4058200
394,285,288,1504984,5626,51890,4033100
395,303,284,1504681,5645,52174,4524900
396,308,290,1504373,5663,52464,4047800
397,297,289,1504076,5671,52753,4039300
398,318,272,1503758,5717,53025,4008300
399,288,285,1503470,5720,53310,4173800
400,317,290,1503153,5747,53600,4260800
401,304,278,1502849,5773,53878,4128200
402,321,288,1502528,5806,54166,4151700
403,330,278,1502198,5858,54444,4126300
404,275,311,1501923,5822,54755,4089300
405,289,304,1501634,5807,55059,4104200
406,313,301,1501321,5819,55360,4320000
407,313,305,1501008,5827,55665,4752400
408,321,306,1500687,5842,55971,4326900
409,290,329,1500397,5803,56300,4265100
410,308,280,1500089,5831,56580,4312700
411,310,307,1499779,5834,56887,4305900
412,325,274,1499454,5885,57161,4259400
413,320,303,1499134,5902,57464,4262000
414,309,309,1498825,5902,57773,4284700
415,341,287,1498484,5956,58060,4282600
416,309,299,1498175,5966,58359,4270200
417,308,299,1497867,5975,58658,4297300
418,347,287,1497520,6035,58945,4478900
419,327,294,1497193,6068,59239,5104500
420,303,254,1496890,6117,59493,4339700
421,326,313,1496564,6130,59806,4498200
422,306,301,1496258,6135,60107,4250200
423,316,287,1495942,6164,60394,4254700
424,324,305,1495618,6183,60699,4251600
425,316,319,1495302,6180,61018,4235600
426,320,315,1494982,6185,61333,4268200
427,304,310,1494678,6179,61643,4260000
428,310,292,1494368,6197,61935,4340600
429,309,307,1494059,6199,62242,4521400
430,328,300,1493731,6227,62542,4385700
431,325,320,1493406,6232,62862,4337000
432,359,281,1493047,6310,63143,4332100
433,303,302,1492744,6311,63445,4303300
434,297,310,1492447,6298,63755,4326000
435,352,308,1492095,6342,64063,4317900
436,327,337,1491768,6332,64400,4280400
437,313,331,1491455,6314,64731,4350400
438,312,333,1491143,6293,65064,4284500
439,353,303,1490790,6343,65367,4283700
440,335,316,1490455,6362,65683,4275100
441,341,297,1490114,6406,65980,4318500
442,339,322,1489775,6423,66302,4379600
443,307,289,1489468,6441,66591,4302200
444,350,342,1489118,6449,66933,4290600
445,346,309,1488772,6486,67242,4394700
446,329,341,1488443,6474,67583,4330000
447,348,299,1488095,6523,67882,4314200
448,357,317,1487738,6563,68199,4276300
449,385,336,1487353,6612,68535,4294200
450,347,338,1487006,6621,68873,4181700
451,353,365,1486653,6609,69238,4172000
452,342,319,1486311,6632,69557,4149200
453,344,332,1485967,6644,69889,4422400
454,345,325,1485622,6664,70214,4151600
455,341,342,1485281,6663,70556,4274100
456,341,332,1484940,6672,70888,4332500
457,348,320,1484592,6700,71208,4135500
458,361,338,1484231,6723,71546,4105900
459,332,357,1483899,6698,71903,4085800
460,351,327,1483548,6722,72230,4086100
461,339,299,1483209,6762,72529,4142900
462,364,323,1482845,6803,72852,4181400
463,333,350,1482512,6786,73202,4417600
464,357,349,1482155,6794,73551,4189700
465,348,336,1481807,6806,73887,4140200
466,331,342,1481476,6795,74229,4084700
467,370,326,1481106,6839,74555,4137000
468,380,320,1480726,6899,74875,4338900
469,342,328,1480384,6913,75203,4298700
470,335,349,1480049,6899,75552,4251600
471,360,334,1479689,6925,75886,4710600
472,356,337,1479333,6944,76223,4292700
473,377,344,1478956,6977,76567,4547700
474,354,328,1478602,7003,76895,4313100
475,348,357,1478254,6994,77252,4232400
476,377,361,1477877,7010,77613,4236500
477,348,363,1477529,6995,77976,4180100
478,364,322,1477165,7037,78298,4281300
479,368,349,1476797,7056,78647,4222500
480,356,383,1476441,7029,79030,4157500
481,372,357,1476069,7044,79387,4126400
482,366,370,1475703,7040,79757,4239400
483,373,345,1475330,7068,80102,4369800
484,380,352,1474950,7096,80454,4237900
485,377,322,1474573,7151,80776,4358600
486,384,351,1474189,7184,81127,4238500
487,344,384,1473845,7144,81511,4238800
488,366,357,1473479,7153,81868,4139200
489,388,349,1473091,7192,82217,4192300
490,330,367,1472761,7155,82584,4179400
491,340,329,1472421,7166,82913,4109900
492,372,357,1472049,7181,83270,4180300
493,363,355,1471686,7189,83625,4290600
494,338,368,1471348,7159,83993,4218900
495,355,377,1470993,7137,84370,4176100
496,350,368,1470643,7119,84738,4153500
497,362,338,1470281,7143,85076,4262100
498,395,351,1469886,7187,85427,4278000
499,384,342,1469502,7229,85769,4206900
500,389,344,1469113,7274,86113,4634900
501,403,360,1468710,7317,86473,4239500
502,365,338,1468345,7344,86811,4217300
503,394,347,1467951,7391,87158,4192500
504,385,390,1467566,7386,87548,4587500
505,442,349,1467124,7479,87897,4222700
506,370,405,1466754,7444,88302,4205200
507,389,380,1466365,7453,88682,4222600
508,403,392,1465962,7464,89074,4424100
509,423,398,1465539,7489,89472,4420600
510,410,388,1465129,7511,89860,4260800
511,386,391,1464743,7506,90251,4255100
512,385,361,1464358,7530,90612,4226700
513,403,368,1463955,7565,90980,4265600
514,417,380,1463538,7602,91360,4242100
515,413,375,1463125,7640,91735,4599100
516,414,390,1462711,7664,92125,4268300
517,416,403,1462295,7677,92528,4219200
518,411,364,1461884,7724,92892,4209400
519,383,373,1461501,7734,93265,4462600
520,422,398,1461079,7758,93663,4220300
521,428,358,1460651,7828,94021,4228200
522,418,405,1460233,7841,94426,4181600
523,438,385,1459795,7894,94811,4277700
524,405,404,1459390,7895,95215,4374200
525,383,392,1459007,7886,95607,4347200
526,413,387,1458594,7912,95994,4440800
527,384,432,1458210,7864,96426,4337300
528,430,404,1457780,7890,96830,4287500
529,415,392,1457365,7913,97222,4278000
530,410,434,1456955,7889,97656,4419900
531,423,381,1456532,7931,98037,4289400
532,423,394,1456109,7960,98431,4277800
533,405,375,1455704,7990,98806,4496000
534,388,402,1455316,7976,99208,4266200
535,393,395,1454923,7974,99603,4274700
536,416,399,1454507,7991,100002,4263300
537,420,398,1454087,8013,100400,4887600
538,438,442,1453649,8009,100842,4571600
539,401,389,1453248,8021,101231,4459000
540,440,420,1452808,8041,101651,4459400
541,395,423,1452413,8013,102074,4343100
542,422,417,1451991,8018,102491,4297600
543,440,392,1451551,8066,102883,4307300
544,446,412,1451105,8100,103295,4654700
545,414,395,1450691,8119,103690,4333000
546,405,401,1450286,8123,104091,4306100
547,398,433,1449888,8088,104524,4301000
548,427,404,1449461,8111,104928,4554700
549,422,400,1449039,8133,105328,4218800
550,406,374,1448633,8165,105702,4207000
551,417,412,1448216,8170,106114,4239900
552,438,377,1447778,8231,106491,4241400
553,408,404,1447370,8235,106895,4264500
554,404,411,1446966,8228,107306,4336800
555,401,405,1446565,8224,107711,4380600
556,431,414,1446134,8241,108125,4318400
557,443,408,1445691,8276,108533,4350900
558,466,405,1445225,8337,108938,4347700
559,417,413,1444808,8341,109351,4317300
560,471,407,1444337,8405,109758,4294300
561,415,424,1443922,8396,110182,4296100
562,430,420,1443492,8406,110602,4566100
563,449,468,1443043,8387,111070,4287600
564,446,432,1442597,8401,111502,4278900
565,427,398,1442170,8430,111900,4300400
566,466,410,1441704,8486,112310,4338100
567,446,421,1441258,8511,112731,4306400
568,460,403,1440798,8568,113134,4298500
569,453,471,1440345,8550,113605,4397000
570,474,424,1439871,8600,114029,4441000
571,440,409,1439431,8631,114438,4492300
572,476,429,1438955,8678,114867,4452600
573,450,432,1438505,8696,115299,4454000
574,452,414,1438053,8734,115713,4355200
575,477,449,1437576,8762,116162,4355200
576,475,476,1437101,8761,116638,4764900
577,427,420,1436674,8768,117058,4351500
578,464,430,1436210,8802,117488,4289300
579,493,407,1435717,8888,117895,4633800
580,508,430,1435209,8966,118325,4490200
581,447,461,1434762,8952,118786,4334500
582,488,462,1434274,8978,119248,4357500
583,452,466,1433822,8964,119714,4461100
584,422,438,1433400,8948,120152,4447300
585,443,433,1432957,8958,120585,4461500
586,454,434,1432503,8978,121019,4365100
587,420,473,1432083,8925,121492,4360000
588,490,451,1431593,8964,121943,4323700
589,422,438,1431171,8948,122381,4315200
590,458,411,1430713,8995,122792,4603400
591,455,474,1430258,8976,123266,4364000
592,445,410,1429813,9011,123676,4291800
593,495,499,1429318,9007,124175,4446800
594,438,471,1428880,8974,124646,4493800
595,436,438,1428444,8972,125084,4365600
596,459,477,1427985,8954,125561,4604100
597,468,473,1427517,8949,126034,4426100
598,435,485,1427082,8899,126519,4362900
599,475,416,1426607,8958,126935,4398900
600,481,431,1426126,9008,127366,4453000
601,480,455,1425646,9033,127821,4393300
602,469,444,1425177,9058,128265,4385200
603,456,447,1424721,9067,128712,4351100
604,446,447,1424275,9066,129159,4373800
605,426,472,1423849,9020,129631,4380700
606,495,455,1423354,9060,130086,4379100
607,468,416,1422886,9112,130502,4514700
608,471,434,1422415,9149,130936,4513400
609,449,441,1421966,9157,131377,4502900
610,483,477,1421483,9163,131854,4495300
611,484,470,1420999,9177,132324,4525700
612,474,446,1420525,9205,132770,4437400
613,488,451,1420037,9242,133221,4375000
614,506,420,1419531,9328,133641,4450300
615,471,469,1419060,9330,134110,4468900
616,475,486,1418585,9319,134596,4438100
617,501,504,1418084,9316,135100,4433300
618,475,465,1417609,9326,135565,4381300
619,495,476,1417114,9345,136041,4465500
620,523,479,1416591,9389,136520,4357800
621,484,443,1416107,9430,136963,4627900
622,505,459,1415602,9476,137422,4376800
623,523,443,1415079,9556,137865,4364000
624,528,461,1414551,9623,138326,4275500
625,484,474,1414067,9633,138800,4455900
626,493,476,1413574,9650,139276,4286600
627,477,476,1413097,9651,139752,4343300
628,485,492,1412612,9644,140244,4337800
629,488,467,1412124,9665,140711,4440500
630,510,478,1411614,9697,141189,4528700
631,459,469,1411155,9687,141658,4446700
632,491,443,1410664,9735,142101,4514000
633,510,493,1410154,9752,142594,4446400
634,503,502,1409651,9753,143096,4407900
635,536,475,1409115,9814,143571,4439100
636,520,473,1408595,9861,144044,4403700
637,472,502,1408123,9831,144546,4449300
638,525,495,1407598,9861,145041,4394500
639,480,536,1407118,9805,145577,4416700
640,530,458,1406588,9877,146035,4449400
641,526,498,1406062,9905,146533,4497500
642,494,502,1405568,9897,147035,4485700
643,503,512,1405065,9888,147547,5044800
644,520,481,1404545,9927,148028,4709700
645,516,507,1404029,9936,148535,4550000
646,529,479,1403500,9986,149014,5801900
647,513,519,1402987,9980,149533,4495200
648,484,495,1402503,9969,150028,4583900
649,460,511,1402043,9918,150539,4967500
650,494,477,1401549,9935,151016,4727200
651,530,489,1401019,9976,151505,4676400
652,506,453,1400513,10029,151958,4680600
653,518,477,1399995,10070,152435,4699300
654,510,527,1399485,10053,152962,4927800
655,530,539,1398955,10044,153501,4669300
656,495,486,1398460,10053,153987,4697300
657,505,499,1397955,10059,154486,4714200
658,531,495,1397424,10095,154981,4765300
659,528,506,1396896,10117,155487,4746000
660,498,504,1396398,10111,155991,4713400
661,486,516,1395912,10081,156507,4715700
662,499,499,1395413,10081,157006,4812900
663,498,490,1394915,10089,157496,4740700
664,473,499,1394442,10063,157995,4701700
665,517,535,1393925,10045,158530,4772500
666,474,497,1393451,10022,159027,4750800
667,464,482,1392987,10004,159509,4712600
668,505,496,1392482,10013,160005,4743100
669,495,487,1391987,10021,160492,4722300
670,529,519,1391458,10031,161011,4714300
671,515,527,1390943,10019,161538,4753200
672,524,484,1390419,10059,162022,4785800
673,517,472,1389902,10104,162494,4630000
674,544,514,1389358,10134,163008,4740700
675,553,494,1388805,10193,163502,4799400
676,510,514,1388295,10189,164016,4720900
677,505,500,1387790,10194,164516,4774600
678,507,518,1387283,10183,165034,4759300
679,558,482,1386725,10259,165516,4731500
680,571,551,1386154,10279,166067,4876100
681,545,518,1385609,10306,166585,4919100
682,512,495,1385097,10323,167080,4803800
683,540,532,1384557,10331,167612,4787300
684,556,503,1384001,10384,168115,4934700
685,553,510,1383448,10427,168625,5092400
686,537,526,1382911,10438,169151,4847300
687,515,554,1382396,10399,169705,4888800
688,539,545,1381857,10393,170250,4923800
689,561,517,1381296,10437,170767,4912600
690,549,515,1380747,10471,171282,4901200
691,537,551,1380210,10457,171833,5010100
692,524,491,1379686,10490,172324,4907400
693,575,506,1379111,10559,172830,4895000
694,555,528,1378556,10586,173358,5001800
695,543,511,1378013,10618,173869,5129400
696,549,517,1377464,10650,174386,5253100
697,512,513,1376952,10649,174899,4991500
698,579,510,1376373,10718,175409,4731500
699,532,517,1375841,10733,175926,4793500
700,532,522,1375309,10743,176448,5020700
701,570,555,1374739,10758,177003,5339300
702,543,503,1374196,10798,177506,4995900
703,506,538,1373690,10766,178044,4840600
704,515,572,1373175,10709,178616,4530900
705,544,526,1372631,10727,179142,4523100
706,509,511,1372122,10725,179653,4565200
707,534,513,1371588,10746,180166,4835200
708,573,557,1371015,10762,180723,4779100
709,562,578,1370453,10746,181301,4707200
710,553,568,1369900,10731,181869,4748300
711,526,536,1369374,10721,182405,4704800
712,532,534,1368842,10719,182939,4747900
713,549,497,1368293,10771,183436,4909300
714,553,522,1367740,10802,183958,4757200
715,519,559,1367221,10762,184517,4850700
716,517,536,1366704,10743,185053,4900700
717,524,534,1366180,10733,185587,5317000
718,515,511,1365665,10737,186098,5441600
719,506,524,1365159,10719,186622,5141100
720,551,567,1364608,10703,187189,4826700
721,550,567,1364058,10686,187756,4795800
722,596,563,1363462,10719,188319,4834500
723,563,554,1362899,10728,188873,4603500
724,523,534,1362376,10717,189407,4494100
725,547,541,1361829,10723,189948,4656000
726,582,504,1361247,10801,190452,4697800
727,551,518,1360696,10834,190970,4798000
728,516,585,1360180,10765,191555,4849200
729,542,521,1359638,10786,192076,5005000
730,527,566,1359111,10747,192642,4829600
731,576,509,1358535,10814,193151,4783400
732,566,564,1357969,10816,193715,4774300
733,557,483,1357412,10890,194198,4669100
734,566,578,1356846,10878,194776,4769700
735,550,532,1356296,10896,195308,4798600
736,547,575,1355749,10868,195883,4775300
737,578,518,1355171,10928,196401,4761800
738,565,532,1354606,10961,196933,4724000
739,555,550,1354051,10966,197483,4765000
740,541,532,1353510,10975,198015,4739100
741,571,548,1352939,10998,198563,4877100
742,594,567,1352345,11025,199130,4885800
743,578,556,1351767,11047,199686,4698300
744,594,505,1351173,11136,200191,4778800
745,601,583,1350572,11154,200774,4911600
746,577,540,1349995,11191,201314,4874100
747,580,546,1349415,11225,201860,4794500
748,591,553,1348824,11263,202413,4776400
749,586,549,1348238,11300,202962,5139100
750,561,614,1347677,11247,203576,4809300
751,608,554,1347069,11301,204130,4805900
752,619,555,1346450,11365,204685,4821800
753,586,575,1345864,11376,205260,4701700
754,587,592,1345277,11371,205852,4850500
755,616,565,1344661,11422,206417,5338100
756,639,571,1344022,11490,206988,4849600
757,629,578,1343393,11541,207566,4826100
758,600,556,1342793,11585,208122,4816700
759,597,565,1342196,11617,208687,4646300
760,608,559,1341588,11666,209246,4503900
761,600,566,1340988,11700,209812,4457500
762,619,603,1340369,11716,210415,4781500
763,623,621,1339746,11718,211036,4606100
764,609,616,1339137,11711,211652,4378000
765,590,574,1338547,11727,212226,4398700
766,604,572,1337943,11759,212798,4417100
767,556,587,1337387,11728,213385,4387600
768,631,571,1336756,11788,213956,4383900
769,578,579,1336178,11787,214535,4473700
770,599,586,1335579,11800,215121,4494300
771,606,550,1334973,11856,215671,4412800
772,618,584,1334355,11890,216255,4494700
773,606,609,1333749,11887,216864,4523900
774,593,570,1333156,11910,217434,4401800
775,589,598,1332567,11901,218032,4390000
776,584,551,1331983,11934,218583,4511700
777,604,579,1331379,11959,219162,4371400
778,616,630,1330763,11945,219792,4340700
779,585,597,1330178,11933,220389,4319000
780,593,614,1329585,11912,221003,4383500
781,574,553,1329011,11933,221556,4361100
782,595,613,1328416,11915,222169,4322200
783,635,607,1327781,11943,222776,4568700
784,636,595,1327145,11984,223371,4648600
785,622,600,1326523,12006,223971,4586900
786,576,542,1325947,12040,224513,4545000
787,631,599,1325316,12072,225112,4848800
788,600,593,1324716,12079,225705,4503700
789,627,564,1324089,12142,226269,4484900
790,601,596,1323488,12147,226865,4741400
791,606,587,1322882,12166,227452,4565400
792,590,588,1322292,12168,228040,4587100
793,616,579,1321676,12205,228619,4518100
794,586,648,1321090,12143,229267,4772800
795,586,617,1320504,12112,229884,4687700
796,650,606,1319854,12156,230490,4847800
797,635,600,1319219,12191,231090,4786800
798,582,608,1318637,12165,231698,4553000
799,647,608,1317990,12204,232306,4556600
800,626,614,1317364,12216,232920,4505900
801,589,578,1316775,12227,233498,4633600
802,599,628,1316176,12198,234126,4644600
803,597,601,1315579,12194,234727,4641200
804,621,565,1314958,12250,235292,4729200
805,612,585,1314346,12277,235877,4661600
806,601,638,1313745,12240,236515,4501900
807,572,597,1313173,12215,237112,4493700
808,573,616,1312600,12172,237728,4491900
809,601,610,1311999,12163,238338,4458100
810,618,640,1311381,12141,238978,4484600
811,612,604,1310769,12149,239582,4545700
812,574,610,1310195,12113,240192,4466200
813,612,637,1309583,12088,240829,4517900
814,619,629,1308964,12078,241458,4715500
815,608,636,1308356,12050,242094,4513100
816,585,630,1307771,12005,242724,4420700
817,570,584,1307201,11991,243308,4393000
818,563,608,1306638,11946,243916,4459600
819,552,643,1306086,11855,244559,4388200
820,518,599,1305568,11774,245158,4374000
821,603,606,1304965,11771,245764,4444400
822,533,564,1304432,11740,246328,4384800
823,549,613,1303883,11676,246941,4359500
824,577,568,1303306,11685,247509,4323900
825,501,577,1302805,11609,248086,4414100
826,581,568,1302224,11622,248654,4360000
827,571,585,1301653,11608,249239,4357500
828,562,598,1301091,11572,249837,4793300
829,561,574,1300530,11559,250411,4609400
830,569,589,1299961,11539,251000,4347700
831,591,549,1299370,11581,251549,4380300
832,576,618,1298794,11539,252167,4479100
833,586,585,1298208,11540,252752,4365700
834,577,554,1297631,11563,253306,4383000
835,578,579,1297053,11562,253885,4579700
836,562,571,1296491,11553,254456,4590100
837,544,541,1295947,11556,254997,4366800
838,582,568,1295365,11570,255565,4371500
839,565,580,1294800,11555,256145,4774200
840,568,587,1294232,11536,256732,4384000
841,582,583,1293650,11535,257315,4363100
842,568,573,1293082,11530,257888,4640100
843,546,537,1292536,11539,258425,4855200
844,570,590,1291966,11519,259015,4568600
845,631,600,1291335,11550,259615,4528000
846,601,612,1290734,11539,260227,5173700
847,584,540,1290150,11583,260767,4536800
848,534,610,1289616,11507,261377,4504400
849,590,604,1289026,11493,261981,4495800
850,601,612,1288425,11482,262593,4453900
851,560,591,1287865,11451,263184,4446900
852,595,581,1287270,11465,263765,4465900
853,603,571,1286667,11497,264336,4579000
854,600,596,1286067,11501,264932,4475200
855,630,561,1285437,11570,265493,4447700
856,600,626,1284837,11544,266119,4758900
857,575,575,1284262,11544,266694,4553000
858,581,592,1283681,11533,267286,4508900
859,609,548,1283072,11594,267834,4438600
860,625,597,1282447,11622,268431,4844400
861,604,576,1281843,11650,269007,4440700
862,584,569,1281259,11665,269576,4388000
863,598,566,1280661,11697,270142,4775300
864,630,587,1280031,11740,270729,5313600
865,641,568,1279390,11813,271297,4439400
866,596,620,1278794,11789,271917,4408800
867,598,592,1278196,11795,272509,4417700
868,615,593,1277581,11817,273102,4380300
869,597,584,1276984,11830,273686,4331800
870,611,578,1276373,11863,274264,4369500
871,639,604,1275734,11898,274868,4431500
872,599,565,1275135,11932,275433,4520100
873,620,625,1274515,11927,276058,4461800
874,597,594,1273918,11930,276652,4900500
875,590,600,1273328,11920,277252,4462600
876,588,621,1272740,11887,277873,4415200
877,635,621,1272105,11901,278494,5092000
878,583,636,1271522,11848,279130,4482000
879,580,588,1270942,11840,279718,4348300
880,603,557,1270339,11886,280275,4322200
881,570,628,1269769,11828,280903,4679900
882,549,593,1269220,11784,281496,4359300
883,636,626,1268584,11794,282122,4300700
884,553,577,1268031,11770,282699,4415600
885,595,609,1267436,11756,283308,4366100
886,613,610,1266823,11759,283918,4410700
887,588,583,1266235,11764,284501,4742000
888,595,588,1265640,11771,285089,4805500
889,572,593,1265068,11750,285682,4441700
890,572,602,1264496,11720,286284,4355700
891,569,576,1263927,11713,286860,4684500
892,582,577,1263345,11718,287437,4413200
893,565,532,1262780,11751,287969,4383600
894,568,578,1262212,11741,288547,4400000
895,592,524,1261620,11809,289071,4368500
896,582,584,1261038,11807,289655,4359300
897,569,604,1260469,11772,290259,4317400
898,593,568,1259876,11797,290827,4389500
899,627,560,1259249,11864,291387,4387300
900,609,615,1258640,11858,292002,4368700
901,611,614,1258029,11855,292616,4554100
902,585,601,1257444,11839,293217,4912000
903,563,604,1256881,11798,293821,4510000
904,563,583,1256318,11778,294404,4436000
905,586,530,1255732,11834,294934,5074900
906,547,564,1255185,11817,295498,4748000
907,545,593,1254640,11769,296091,4693600
908,566,559,1254074,11776,296650,4942300
909,576,571,1253498,11781,297221,4669100
910,595,577,1252903,11799,297798,4779700
911,600,618,1252303,11781,298416,4709500
912,594,603,1251709,11772,299019,4604000
913,585,572,1251124,11785,299591,4523400
914,573,566,1250551,11792,300157,4485900
915,547,598,1250004,11741,300755,4527600
916,568,533,1249436,11776,301288,4577000
917,601,592,1248835,11785,301880,4528300
918,601,558,1248234,11828,302438,4676500
919,581,581,1247653,11828,303019,4455700
920,560,558,1247093,11830,303577,4396300
921,608,545,1246485,11893,304122,4367300
922,574,548,1245911,11919,304670,4653400
923,570,546,1245341,11943,305216,4428100
924,583,630,1244758,11896,305846,4415800
925,574,594,1244184,11876,306440,4572300
926,597,636,1243587,11837,307076,4611800
927,556,600,1243031,11793,307676,4532800
928,587,596,1242444,11784,308272,4489700
929,532,602,1241912,11714,308874,4599800
930,601,565,1241311,11750,309439,5024300
931,537,603,1240774,11684,310042,4825200
932,587,567,1240187,11704,310609,5044100
933,532,562,1239655,11674,311171,4457000
934,508,580,1239147,11602,311751,4403300
935,542,573,1238605,11571,312324,4379300
936,554,544,1238051,11581,312868,4908400
937,529,571,1237522,11539,313439,4432200
938,526,587,1236996,11478,314026,4355000
939,570,554,1236426,11494,314580,4792100
940,527,579,1235899,11442,315159,4965300
941,510,565,1235389,11387,315724,4745300
942,567,554,1234822,11400,316278,5174700
943,564,530,1234258,11434,316808,5296200
944,540,563,1233718,11411,317371,5251000
945,559,616,1233159,11354,317987,5142300
946,588,531,1232571,11411,318518,4796200
947,521,573,1232050,11359,319091,4741300
948,539,561,1231511,11337,319652,4796600
949,543,561,1230968,11319,320213,4743600
950,590,576,1230378,11333,320789,4646300
951,545,536,1229833,11342,321325,4613300
952,579,561,1229254,11360,321886,5141300
953,546,592,1228708,11314,322478,5335700
954,602,546,1228106,11370,323024,4807600
955,583,563,1227523,11390,323587,4907900
956,518,581,1227005,11327,324168,4627800
957,528,593,1226477,11262,324761,4884300
958,556,593,1225921,11225,325354,4662700
959,534,553,1225387,11206,325907,4612400
960,521,546,1224866,11181,326453,4578100
961,570,535,1224296,11216,326988,4529000
962,555,553,1223741,11218,327541,4589200
963,537,589,1223204,11166,328130,4494700
964,588,570,1222616,11184,328700,4739800
965,555,550,1222061,11189,329250,4653200
966,578,568,1221483,11199,329818,4625800
967,522,548,1220961,11173,330366,4518900
968,505,573,1220456,11105,330939,4540600
969,499,551,1219957,11053,331490,4693400
970,517,567,1219440,11003,332057,4542100
971,569,542,1218871,11030,332599,4552700
972,547,543,1218324,11034,333142,4674900
973,559,537,1217765,11056,333679,4666800
974,536,555,1217229,11037,334234,4626300
975,542,564,1216687,11015,334798,4629800
976,489,581,1216198,10923,335379,4600400
977,523,546,1215675,10900,335925,4577600
978,544,561,1215131,10883,336486,4504700
979,534,552,1214597,10865,337038,6393000
980,506,561,1214091,10810,337599,5021800
981,534,518,1213557,10826,338117,4473700
982,565,522,1212992,10869,338639,4698000
983,554,563,1212438,10860,339202,4413900
984,539,540,1211899,10859,339742,4419200
985,546,523,1211353,10882,340265,4642100
986,560,568,1210793,10874,340833,4678200
987,601,539,1210192,10936,341372,4574400
988,550,520,1209642,10966,341892,4501500
989,532,553,1209110,10945,342445,4569100
990,579,538,1208531,10986,342983,4522100
991,553,542,1207978,10997,343525,4476300
992,572,534,1207406,11035,344059,4666500
993,535,551,1206871,11019,344610,4620700
994,561,528,1206310,11052,345138,4548700
995,538,515,1205772,11075,345653,4491400
996,594,511,1205178,11158,346164,4539400
997,541,536,1204637,11163,346700,4530300
998,547,587,1204090,11123,347287,4520800
999,522,567,1203568,11078,347854,4500000
1000,544,535,1203024,11087,348389,4557300
1001,554,506,1202470,11135,348895,4550700
1002,545,554,1201925,11126,349449,4676500
1003,557,502,1201368,11181,349951,5000900
1004,524,571,1200844,11134,350522,4531200
1005,555,515,1200289,11174,351037,4558400
1006,547,563,1199742,11158,351600,5063800
1007,562,550,1199180,11170,352150,4695800
1008,528,493,1198652,11205,352643,4605600
1009,533,535,1198119,11203,353178,4673600
1010,558,564,1197561,11197,353742,4495700
1011,519,571,1197042,11145,354313,4442800
1012,560,577,1196482,11128,354890,4822300
1013,534,560,1195948,11102,355450,4819000
1014,558,582,1195390,11078,356032,4399700
1015,514,570,1194876,11022,356602,4466900
1016,563,536,1194313,11049,357138,4891400
1017,530,531,1193783,11048,357669,4457100
1018,514,574,1193269,10988,358243,4511900
1019,537,531,1192732,10994,358774,4461800
1020,553,574,1192179,10973,359348,4667800
1021,538,572,1191641,10939,359920,4402300
1022,540,537,1191101,10942,360457,4356000
1023,527,552,1190574,10917,361009,4812700
1024,527,507,1190047,10937,361516,4424300
1025,536,533,1189511,10940,362049,4458100
1026,528,538,1188983,10930,362587,4528900
1027,543,552,1188440,10921,363139,4598000
1028,529,523,1187911,10927,363662,4541800
1029,533,536,1187378,10924,364198,4456600
1030,556,569,1186822,10911,364767,4513400
1031,536,549,1186286,10898,365316,4477900
1032,522,534,1185764,10886,365850,4397800
1033,503,514,1185261,10875,366364,4369100
1034,549,567,1184712,10857,366931,4460800
1035,522,543,1184190,10836,367474,4359700
1036,518,546,1183672,10808,368020,4349600
1037,541,502,1183131,10847,368522,4316400
1038,560,519,1182571,10888,369041,4337100
1039,558,521,1182013,10925,369562,4320400
1040,553,558,1181460,10920,370120,4309600
1041,521,531,1180939,10910,370651,4984200
1042,491,556,1180448,10845,371207,4318600
1043,512,547,1179936,10810,371754,4304900
1044,509,503,1179427,10816,372257,4349400
1045,563,519,1178864,10860,372776,4454400
1046,540,549,1178324,10851,373325,4437800
1047,501,552,1177823,10800,373877,4429400
1048,543,574,1177280,10769,374451,4961300
1049,511,554,1176769,10726,375005,4642300
1050,572,519,1176197,10779,375524,4547100
1051,562,513,1175635,10828,376037,4541900
1052,535,489,1175100,10874,376526,4516900
1053,543,519,1174557,10898,377045,4520800
1054,505,547,1174052,10856,377592,4435600
1055,524,534,1173528,10846,378126,4700700
1056,483,564,1173045,10765,378690,4383200
1057,528,587,1172517,10706,379277,4366400
1058,537,532,1171980,10711,379809,4867600
1059,506,563,1171474,10654,380372,4392500
1060,508,556,1170966,10606,380928,4499900
1061,541,498,1170425,10649,381426,4533600
1062,535,519,1169890,10665,381945,4500500
1063,513,518,1169377,10660,382463,4433500
1064,505,568,1168872,10597,383031,4392100
1065,514,529,1168358,10582,383560,4439000
1066,510,532,1167848,10560,384092,4410300
1067,503,527,1167345,10536,384619,4428900
1068,523,565,1166822,10494,385184,4390000
1069,506,527,1166316,10473,385711,5337500
1070,473,568,1165843,10378,386279,5097200
1071,501,501,1165342,10378,386780,5067200
1072,481,484,1164861,10375,387264,4839600
1073,491,544,1164370,10322,387808,4516300
1074,524,486,1163846,10360,388294,4414900
1075,502,509,1163344,10353,388803,4464700
1076,518,539,1162826,10332,389342,4477300
1077,498,511,1162328,10319,389853,4359400
1078,484,522,1161844,10281,390375,4334700
1079,515,563,1161329,10233,390938,4691600
1080,511,484,1160818,10260,391422,4339800
1081,545,485,1160273,10320,391907,4287500
1082,523,547,1159750,10296,392454,4714500
1083,468,520,1159282,10244,392974,4418100
1084,484,461,1158798,10267,393435,4349700
1085,485,506,1158313,10246,393941,4384600
1086,490,492,1157823,10244,394433,4324200
1087,502,501,1157321,10245,394934,4289600
1088,528,484,1156793,10289,395418,4281300
1089,497,548,1156296,10238,395966,4711000
1090,507,537,1155789,10208,396503,4787100
1091,531,522,1155258,10217,397025,4320200
1092,489,458,1154769,10248,397483,4266500
1093,503,523,1154266,10228,398006,4376800
1094,482,491,1153784,10219,398497,4304000
1095,540,527,1153244,10232,399024,4275900
1096,507,492,1152737,10247,399516,4318800
1097,509,523,1152228,10233,400039,4298600
1098,548,482,1151680,10299,400521,4291300
1099,543,513,1151137,10329,401034,4259100
1100,503,541,1150634,10291,401575,4597300
1101,557,474,1150077,10374,402049,4280300
1102,498,530,1149579,10342,402579,4291100
1103,530,530,1149049,10342,403109,4712700
1104,524,505,1148525,10361,403614,4615600
1105,518,520,1148007,10359,404134,4425900
1106,512,494,1147495,10377,404628,4359900
1107,526,536,1146969,10367,405164,4434800
1108,522,508,1146447,10381,405672,4343900
1109,535,548,1145912,10368,406220,4323600
1110,522,496,1145390,10394,406716,4304000
1111,503,523,1144887,10374,407239,4319100
1112,505,505,1144382,10374,407744,4297800
1113,485,514,1143897,10345,408258,4390500
1114,460,543,1143437,10262,408801,4605500
1115,492,507,1142945,10247,409308,4307700
1116,500,554,1142445,10193,409862,4310100
1117,540,511,1141905,10222,410373,4284400
1118,527,490,1141378,10259,410863,4376800
1119,514,520,1140864,10253,411383,4407400
1120,500,488,1140364,10265,411871,4476400
1121,490,492,1139874,10263,412363,4464600
1122,492,529,1139382,10226,412892,4434500
1123,502,506,1138880,10222,413398,4392400
1124,507,488,1138373,10241,413886,4346300
1125,466,504,1137907,10203,414390,4678300
1126,515,506,1137392,10212,414896,4634600
1127,523,461,1136869,10274,415357,4624700
1128,509,523,1136360,10260,415880,4640200
1129,501,482,1135859,10279,416362,4593300
1130,480,512,1135379,10247,416874,4856500
1131,503,522,1134876,10228,417396,4588900
1132,482,511,1134394,10199,417907,4509500
1133,471,497,1133923,10173,418404,4558500
1134,487,506,1133436,10154,418910,4473800
1135,526,474,1132910,10206,419384,4792900
1136,491,482,1132419,10215,419866,4419300
1137,501,479,1131918,10237,420345,4448400
1138,512,528,1131406,10221,420873,4698800
1139,476,506,1130930,10191,421379,4371800
1140,494,480,1130436,10205,421859,4405400
1141,497,505,1129939,10197,422364,4482500
1142,526,495,1129413,10228,422859,4639700
1143,490,534,1128923,10184,423393,4370100
1144,472,500,1128451,10156,423893,4380800
1145,499,486,1127952,10169,424379,4596800
1146,535,506,1127417,10198,424885,5343800
1147,474,497,1126943,10175,425382,5323200
1148,493,499,1126450,10169,425881,5077300
1149,508,524,1125942,10153,426405,4638400
1150,500,495,1125442,10158,426900,4562700
1151,502,530,1124940,10130,427430,4451700
1152,505,496,1124435,10139,427926,4481900
1153,493,512,1123942,10120,428438,4391600
1154,465,472,1123477,10113,428910,4344600
1155,497,491,1122980,10119,429401,4399100
1156,500,549,1122480,10070,429950,4408600
1157,500,492,1121980,10078,430442,4349500
1158,502,520,1121478,10060,430962,4360200
1159,509,511,1120969,10058,431473,4741300
1160,509,515,1120460,10052,431988,4431100
1161,484,485,1119976,10051,432473,4385300
1162,471,515,1119505,10007,432988,4454400
1163,500,498,1119005,10009,433486,4439300
1164,504,497,1118501,10016,433983,4448400
1165,447,484,1118054,9979,434467,4441200
1166,492,482,1117562,9989,434949,4478200
1167,483,526,1117079,9946,435475,4410100
1168,508,498,1116571,9956,435973,4337300
1169,487,507,1116084,9936,436480,4376600
1170,458,488,1115626,9906,436968,4400300
1171,508,527,1115118,9887,437495,4363200
1172,485,500,1114633,9872,437995,4347200
1173,452,510,1114181,9814,438505,4362200
1174,477,524,1113704,9767,439029,4415100
1175,446,495,1113258,9718,439524,4315700
1176,467,507,1112791,9678,440031,4349900
1177,447,468,1112344,9657,440499,4392400
1178,488,487,1111856,9658,440986,4416800
1179,468,522,1111388,9604,441508,4442900
1180,482,456,1110906,9630,441964,4464800
1181,436,469,1110470,9597,442433,4359800
1182,467,485,1110003,9579,442918,4334000
1183,473,463,1109530,9589,443381,4365200
1184,446,456,1109084,9579,443837,4347000
1185,479,484,1108605,9574,444321,4423200
1186,492,464,1108113,9602,444785,4394600
1187,487,501,1107626,9588,445286,4476800
1188,464,518,1107162,9534,445804,4418000
1189,471,463,1106691,9542,446267,4364900
1190,495,440,1106196,9597,446707,4602700
1191,460,514,1105736,9543,447221,4417400
1192,457,500,1105279,9500,447721,4340200
1193,446,440,1104833,9506,448161,4376000
1194,491,469,1104342,9528,448630,4431900
1195,464,478,1103878,9514,449108,4352000
1196,469,473,1103409,9510,449581,4347500
1197,460,456,1102949,9514,450037,4478100
1198,457,468,1102492,9503,450505,4432400
1199,466,462,1102026,9507,450967,4344700
1200,446,439,1101580,9514,451406,4319800
1201,455,531,1101125,9438,451937,4538700
1202,457,458,1100668,9437,452395,4542400
1203,473,474,1100195,9436,452869,4487100
1204,464,495,1099731,9405,453364,4521400
1205,498,473,1099233,9430,453837,4741700
1206,466,475,1098767,9421,454312,4570000
1207,431,510,1098336,9342,454822,4545100
1208,426,498,1097910,9270,455320,4527400
1209,411,472,1097499,9209,455792,4536900
1210,423,451,1097076,9181,456243,4498200
1211,441,461,1096635,9161,456704,4814200
1212,438,474,1096197,9125,457178,4585600
1213,445,484,1095752,9086,457662,4366600
1214,440,474,1095312,9052,458136,4404300
1215,426,454,1094886,9024,458590,4400300
1216,425,444,1094461,9005,459034,4422500
1217,404,460,1094057,8949,459494,4687900
1218,416,451,1093641,8914,459945,4718500
1219,453,436,1093188,8931,460381,4573000
1220,431,421,1092757,8941,460802,4509600
1221,432,409,1092325,8964,461211,4873700
1222,430,429,1091895,8965,461640,4540500
1223,427,421,1091468,8971,462061,4473800
1224,407,437,1091061,8941,462498,4477600
1225,425,473,1090636,8893,462971,4482400
1226,418,479,1090218,8832,463450,4414100
1227,411,436,1089807,8807,463886,4429900
1228,434,422,1089373,8819,464308,4564800
1229,439,418,1088934,8840,464726,4759800
1230,417,437,1088517,8820,465163,4812100
1231,419,470,1088098,8769,465633,4675800
1232,425,439,1087673,8755,466072,4779200
1233,414,393,1087259,8776,466465,4809800
1234,427,444,1086832,8759,466909,4821600
1235,393,441,1086439,8711,467350,4766100
1236,395,420,1086044,8686,467770,4542100
1237,413,416,1085631,8683,468186,4716100
1238,410,440,1085221,8653,468626,4835600
1239,399,426,1084822,8626,469052,4607100
1240,429,451,1084393,8604,469503,4594600
1241,394,419,1083999,8579,469922,4637900
1242,431,447,1083568,8563,470369,4415300
1243,392,413,1083176,8542,470782,4373200
1244,378,452,1082798,8468,471234,4361700
1245,379,428,1082419,8419,471662,4517000
1246,418,411,1082001,8426,472073,4465600
1247,417,438,1081584,8405,472511,4386000
1248,433,407,1081151,8431,472918,4458400
1249,419,400,1080732,8450,473318,4749400
1250,420,458,1080312,8412,473776,4474800
1251,400,419,1079912,8393,474195,4725600
1252,382,426,1079530,8349,474621,4985800
1253,402,423,1079128,8328,475044,5017300
1254,383,413,1078745,8298,475457,5866700
1255,418,398,1078327,8318,475855,4602900
1256,398,414,1077929,8302,476269,4578000
1257,392,428,1077537,8266,476697,4533800
1258,386,405,1077151,8247,477102,4874300
1259,436,437,1076715,8246,477539,4455200
1260,397,445,1076318,8198,477984,4417500
1261,378,423,1075940,8153,478407,4730900
1262,379,413,1075561,8119,478820,4519700
1263,399,417,1075162,8101,479237,4654700
1264,408,399,1074754,8110,479636,4762800
1265,404,418,1074350,8096,480054,5235200
1266,414,404,1073936,8106,480458,4704900
1267,380,379,1073556,8107,480837,5462700
1268,391,363,1073165,8135,481200,5392400
1269,377,439,1072788,8073,481639,4738400
1270,386,427,1072402,8032,482066,4857500
1271,395,409,1072007,8018,482475,5851700
1272,392,392,1071615,8018,482867,5097900
1273,372,416,1071243,7974,483283,4737400
1274,372,445,1070871,7901,483728,4877100
1275,397,398,1070474,7900,484126,4716100
1276,403,364,1070071,7939,484490,4769700
1277,362,419,1069709,7882,484909,4913800
1278,401,419,1069308,7864,485328,5373800
1279,350,396,1068958,7818,485724,4573300
1280,360,407,1068598,7771,486131,4623800
1281,396,422,1068202,7745,486553,4615100
1282,387,382,1067815,7750,486935,4600500
1283,404,415,1067411,7739,487350,4734100
1284,376,388,1067035,7727,487738,4615700
1285,376,400,1066659,7703,488138,4578700
1286,391,380,1066268,7714,488518,4576300
1287,359,385,1065909,7688,488903,4687000
1288,378,371,1065531,7695,489274,4653300
1289,410,365,1065121,7740,489639,4679800
1290,414,395,1064707,7759,490034,4864500
1291,409,362,1064298,7806,490396,4792900
1292,387,360,1063911,7833,490756,5263800
1293,370,431,1063541,7772,491187,4819700
1294,372,380,1063169,7764,491567,4812800
1295,345,396,1062824,7713,491963,4887400
1296,373,385,1062451,7701,492348,4787900
1297,366,390,1062085,7677,492738,4582600
1298,338,372,1061747,7643,493110,4474500
1299,355,371,1061392,7627,493481,4565500
1300,354,397,1061038,7584,493878,5306400
1301,370,383,1060668,7571,494261,4648300
1302,390,379,1060278,7582,494640,4718700
1303,370,387,1059908,7565,495027,5126400
1304,370,375,1059538,7560,495402,5693700
1305,384,379,1059154,7565,495781,4581800
1306,395,390,1058759,7570,496171,4925300
1307,356,384,1058403,7542,496555,4871500
1308,355,384,1058048,7513,496939,4766300
1309,349,385,1057699,7477,497324,4548300
1310,371,395,1057328,7453,497719,4500400
1311,350,379,1056978,7424,498098,4623000
1312,363,397,1056615,7390,498495,4765800
1313,374,371,1056241,7393,498866,4656300
1314,340,385,1055901,7348,499251,4787900
1315,350,364,1055551,7334,499615,4595200
1316,360,369,1055191,7325,499984,4837500
1317,341,334,1054850,7332,500318,5555900
1318,350,369,1054500,7313,500687,4462600
1319,352,345,1054148,7320,501032,4811100
1320,338,354,1053810,7304,501386,4751200
1321,319,336,1053491,7287,501722,4598100
1322,349,395,1053142,7241,502117,4544300
1323,363,378,1052779,7226,502495,4545400
1324,421,335,1052358,7312,502830,4434400
1325,382,337,1051976,7357,503167,4491400
1326,386,364,1051590,7379,503531,5033000
1327,391,361,1051199,7409,503892,4616200
1328,388,365,1050811,7432,504257,4574400
1329,413,377,1050398,7468,504634,4716500
1330,388,372,1050010,7484,505006,4509400
1331,368,371,1049642,7481,505377,5214000
1332,379,363,1049263,7497,505740,4874500
1333,357,379,1048906,7475,506119,4642700
1334,401,354,1048505,7522,506473,4774900
1335,367,374,1048138,7515,506847,4742300
1336,367,368,1047771,7514,507215,4987300
1337,350,328,1047421,7536,507543,4656300
1338,403,394,1047018,7545,507937,5472100
1339,370,338,1046648,7577,508275,5073200
1340,370,368,1046278,7579,508643,5696000
1341,399,383,1045879,7595,509026,4735100
1342,381,365,1045498,7611,509391,4639900
1343,402,402,1045096,7611,509793,5233300
1344,341,372,1044755,7580,510165,4627600
1345,384,358,1044371,7606,510523,4925200
1346,377,388,1043994,7595,510911,4960300
1347,384,381,1043610,7598,511292,4584800
1348,380,417,1043230,7561,511709,4590600
1349,368,394,1042862,7535,512103,4595200
1350,348,341,1042514,7542,512444,4515800
1351,368,405,1042146,7505,512849,4461600
1352,372,341,1041774,7536,513190,4463500
1353,368,395,1041406,7509,513585,4467800
1354,368,359,1041038,7518,513944,4469600
1355,333,381,1040705,7470,514325,4454400
1356,382,396,1040323,7456,514721,4543800
1357,338,372,1039985,7422,515093,4437400
1358,383,412,1039602,7393,515505,4440900
1359,369,357,1039233,7405,515862,4522900
1360,351,365,1038882,7391,516227,5033200
1361,333,351,1038549,7373,516578,4721200
1362,373,379,1038176,7367,516957,4700900
1363,333,394,1037843,7306,517351,5003000
1364,339,336,1037504,7309,517687,4601700
1365,362,380,1037142,7291,518067,4486100
1366,357,360,1036785,7288,518427,4460300
1367,321,352,1036464,7257,518779,4456100
1368,378,359,1036086,7276,519138,4493200
1369,365,401,1035721,7240,519539,4548700
1370,357,345,1035364,7252,519884,4704000
1371,340,356,1035024,7236,520240,4393700
1372,359,372,1034665,7223,520612,4481300
1373,379,337,1034286,7265,520949,4422800
1374,382,387,1033904,7260,521336,4407100
1375,335,375,1033569,7220,521711,4732800
1376,360,357,1033209,7223,522068,4814100
1377,343,369,1032866,7197,522437,4511500
1378,349,362,1032517,7184,522799,4480800
1379,378,330,1032139,7232,523129,4478900
1380,384,344,1031755,7272,523473,4522400
1381,372,356,1031383,7288,523829,4398200
1382,310,378,1031073,7220,524207,4397200
1383,335,386,1030738,7169,524593,4882200
1384,340,334,1030398,7175,524927,4422200
1385,324,395,1030074,7104,525322,4400900
1386,313,336,1029761,7081,525658,4389900
1387,281,308,1029480,7054,525966,4383600
1388,338,344,1029142,7048,526310,4367200
1389,325,361,1028817,7012,526671,4498700
1390,338,362,1028479,6988,527033,5158500
1391,322,328,1028157,6982,527361,4793100
1392,302,338,1027855,6946,527699,4471400
1393,287,332,1027568,6901,528031,4472000
1394,352,385,1027216,6868,528416,4597600
1395,325,386,1026891,6807,528802,4384600
1396,332,332,1026559,6807,529134,4299900
1397,349,346,1026210,6810,529480,4417300
1398,346,344,1025864,6812,529824,4303200
1399,331,377,1025533,6766,530201,4316600
1400,339,351,1025194,6754,530552,4306100
1401,344,349,1024850,6749,530901,4409500
1402,333,323,1024517,6759,531224,4314000
1403,324,323,1024193,6760,531547,4331100
1404,321,329,1023872,6752,531876,4549700
1405,335,352,1023537,6735,532228,4455700
1406,303,307,1023234,6731,532535,4404500
1407,369,316,1022865,6784,532851,4603100
1408,327,298,1022538,6813,533149,4852100
1409,319,348,1022219,6784,533497,4583200
1410,351,375,1021868,6760,533872,4994500
1411,327,347,1021541,6740,534219,4506500
1412,341,335,1021200,6746,534554,4377000
1413,352,357,1020848,6741,534911,4340900
1414,311,362,1020537,6690,535273,4409900
1415,332,334,1020205,6688,535607,4636000
1416,305,307,1019900,6686,535914,4382900
1417,358,334,1019542,6710,536248,4365700
1418,324,330,1019218,6704,536578,4586700
1419,323,327,1018895,6700,536905,4337000
1420,320,299,1018575,6721,537204,4372800
1421,351,348,1018224,6724,537552,4524100
1422,320,346,1017904,6698,537898,5730900
1423,306,340,1017598,6664,538238,4569700
1424,336,349,1017262,6651,538587,4522500
1425,318,315,1016944,6654,538902,4988400
1426,328,312,1016616,6670,539214,4545800
1427,306,326,1016310,6650,539540,4429800
1428,328,339,1015982,6639,539879,4492600
1429,301,371,1015681,6569,540250,4461800
1430,327,336,1015354,6560,540586,4378100
1431,313,343,1015041,6530,540929,4394100
1432,293,314,1014748,6509,541243,4967200
1433,310,324,1014438,6495,541567,4389500
1434,298,336,1014140,6457,541903,4400600
1435,308,289,1013832,6476,542192,4740600
1436,303,339,1013529,6440,542531,4966400
1437,307,323,1013222,6424,542854,4438700
1438,306,310,1012916,6420,543164,4532100
1439,316,297,1012600,6439,543461,4431400
1440,330,320,1012270,6449,543781,4327700
1441,329,321,1011941,6457,544102,4296000
1442,320,301,1011621,6476,544403,4505200
1443,306,343,1011315,6439,544746,4317700
1444,336,303,1010979,6472,545049,4365200
1445,324,343,1010655,6453,545392,4569900
1446,377,364,1010278,6466,545756,4425700
1447,339,325,1009939,6480,546081,4436800
1448,337,370,1009602,6447,546451,4457900
1449,323,347,1009279,6423,546798,4673000
1450,322,314,1008957,6431,547112,4479700
1451,310,348,1008647,6393,547460,4581500
1452,330,318,1008317,6405,547778,4596000
1453,324,315,1007993,6414,548093,4599400
1454,305,317,1007688,6402,548410,4674000
1455,330,323,1007358,6409,548733,4578600
1456,336,314,1007022,6431,549047,4584500
1457,322,326,1006700,6427,549373,4533800
1458,330,326,1006370,6431,549699,4527900
1459,313,328,1006057,6416,550027,4552500
1460,310,335,1005747,6391,550362,4626800
1461,312,322,1005435,6381,550684,4706300
1462,311,335,1005124,6357,551019,5057200
1463,266,333,1004858,6290,551352,5497700
1464,290,322,1004568,6258,551674,5023200
1465,307,298,1004261,6267,551972,4877400
1466,298,328,1003963,6237,552300,5052200
1467,332,334,1003631,6235,552634,4759500
1468,279,318,1003352,6196,552952,5093600
1469,316,288,1003036,6224,553240,4558500
1470,296,319,1002740,6201,553559,4545500
1471,303,291,1002437,6213,553850,4573700
1472,302,344,1002135,6171,554194,5752900
1473,310,310,1001825,6171,554504,4638800
1474,319,292,1001506,6198,554796,4635000
1475,302,305,1001204,6195,555101,5406900
1476,293,333,1000911,6155,555434,4551800
1477,286,330,1000625,6111,555764,4789200
1478,312,358,1000313,6065,556122,4504900
1479,279,299,1000034,6045,556421,4637400
1480,268,301,999766,6012,556722,4517100
1481,316,315,999450,6013,557037,4753900
1482,283,308,999167,5988,557345,4469300
1483,290,310,998877,5968,557655,4687900
1484,267,303,998610,5932,557958,4673900
1485,305,286,998305,5951,558244,4590900
1486,310,271,997995,5990,558515,4677000
1487,291,284,997704,5997,558799,4780800
1488,286,317,997418,5966,559116,4704500
1489,276,338,997142,5904,559454,4629200
1490,311,320,996831,5895,559774,4655300
1491,269,294,996562,5870,560068,4981400
1492,334,299,996228,5905,560367,4741000
1493,307,312,995921,5900,560679,5025600
1494,281,284,995640,5897,560963,5334200
1495,306,284,995334,5919,561247,6008000
1496,289,302,995045,5906,561549,5970300
1497,323,311,994722,5918,561860,5544500
1498,336,303,994386,5951,562163,5330400
1499,318,291,994068,5978,562454,5713600
1500,328,311,993740,5995,562765,5015900
1501,311,312,993429,5994,563077,5200400
1502,318,306,993111,6006,563383,4941600
1503,298,314,992813,5990,563697,5478600
1504,319,336,992494,5973,564033,5528300
1505,309,298,992185,5984,564331,5716100
1506,310,275,991875,6019,564606,5466100
1507,299,298,991576,6020,564904,4748200
1508,317,279,991259,6058,565183,4642700
1509,309,304,990950,6063,565487,5688500
1510,318,304,990632,6077,565791,4924000
1511,330,300,990302,6107,566091,4480900
1512,325,292,989977,6140,566383,4886100
1513,335,310,989642,6165,566693,4450800
1514,339,313,989303,6191,567006,4553800
1515,286,324,989017,6153,567330,5028500
1516,359,288,988658,6224,567618,4566000
1517,330,327,988328,6227,567945,4535600
1518,316,303,988012,6240,568248,4858800
1519,298,303,987714,6235,568551,5023100
1520,318,316,987396,6237,568867,4499300
1521,310,312,987086,6235,569179,4388800
1522,298,334,986788,6199,569513,4774700
1523,315,285,986473,6229,569798,4613000
1524,315,317,986158,6227,570115,4537400
1525,363,329,985795,6261,570444,4812500
1526,372,325,985423,6308,570769,4512300
1527,309,332,985114,6285,571101,4897000
1528,332,354,984782,6263,571455,4838800
1529,342,294,984440,6311,571749,4703600
1530,315,298,984125,6328,572047,4447200
1531,361,297,983764,6392,572344,4631800
1532,337,328,983427,6401,572672,4622600
1533,329,290,983098,6440,572962,4538500
1534,339,307,982759,6472,573269,4476800
1535,351,306,982408,6517,573575,4554000
1536,333,302,982075,6548,573877,4757500
1537,303,322,981772,6529,574199,4634400
1538,337,280,981435,6586,574479,4622900
1539,328,317,981107,6597,574796,5018500
1540,306,317,980801,6586,575113,5015000
1541,310,315,980491,6581,575428,4710400
1542,314,309,980177,6586,575737,4850700
1543,320,310,979857,6596,576047,4703600
1544,326,304,979531,6618,576351,5466500
1545,338,337,979193,6619,576688,4760700
1546,309,302,978884,6626,576990,4714000
1547,318,304,978566,6640,577294,4974600
1548,325,372,978241,6593,577666,4841900
1549,320,361,977921,6552,578027,4845800
1550,331,312,977590,6571,578339,4811300
1551,334,277,977256,6628,578616,4778900
1552,317,321,976939,6624,578937,5727400
1553,343,303,976596,6664,579240,5088000
1554,305,321,976291,6648,579561,5145200
1555,328,370,975963,6606,579931,5600100
1556,325,335,975638,6596,580266,5269200
1557,306,335,975332,6567,580601,5498400
1558,332,298,975000,6601,580899,5028400
1559,326,365,974674,6562,581264,5391000
1560,290,337,974384,6515,581601,4603900
1561,320,332,974064,6503,581933,4653000
1562,352,339,973712,6516,582272,4786400
1563,326,320,973386,6522,582592,4543400
1564,311,299,973075,6534,582891,4629600
1565,349,311,972726,6572,583202,4485600
1566,330,296,972396,6606,583498,4546600
1567,317,347,972079,6576,583845,5072800
1568,348,344,971731,6580,584189,4502800
1569,348,336,971383,6592,584525,4503200
1570,333,314,971050,6611,584839,4574200
1571,303,333,970747,6581,585172,4554300
1572,333,292,970414,6622,585464,4383100
1573,347,308,970067,6661,585772,4541400
1574,298,304,969769,6655,586076,4681000
1575,326,322,969443,6659,586398,4972500
1576,330,353,969113,6636,586751,5350000
1577,348,343,968765,6641,587094,5006700
1578,325,364,968440,6602,587458,4578900
1579,326,327,968114,6601,587785,4385700
1580,296,342,967818,6555,588127,4892200
1581,350,329,967468,6576,588456,4568800
1582,330,315,967138,6591,588771,5026200
1583,314,330,966824,6575,589101,5024900
1584,310,310,966514,6575,589411,4365100
1585,315,319,966199,6571,589730,4282000
1586,317,329,965882,6559,590059,4473100
1587,340,315,965542,6584,590374,4264700
1588,320,330,965222,6574,590704,4241400
1589,323,333,964899,6564,591037,4255700
1590,299,332,964600,6531,591369,4410400
1591,333,307,964267,6557,591676,4832700
1592,297,353,963970,6501,592029,5789500
1593,342,327,963628,6516,592356,5227800
1594,340,318,963288,6538,592674,5309600
1595,358,336,962930,6560,593010,5046200
1596,335,354,962595,6541,593364,4518300
1597,344,353,962251,6532,593717,5023700
1598,356,328,961895,6560,594045,4603600
1599,310,305,961585,6565,594350,4591500
1600,334,302,961251,6597,594652,4669900
1601,325,322,960926,6600,594974,4522700
1602,311,303,960615,6608,595277,5530300
1603,323,343,960292,6588,595620,5332600
1604,321,329,959971,6580,595949,5933300
1605,346,335,959625,6591,596284,5646300
1606,307,321,959318,6577,596605,5916500
1607,355,304,958963,6628,596909,5142600
1608,323,358,958640,6593,597267,4766600
1609,296,327,958344,6562,597594,5216700
1610,318,369,958026,6511,597963,4502500
1611,334,335,957692,6510,598298,4457400
1612,299,326,957393,6483,598624,4369500
1613,310,326,957083,6467,598950,4425700
1614,328,327,956755,6468,599277,4554300
1615,290,334,956465,6424,599611,4878100
1616,316,324,956149,6416,599935,4482200
1617,304,339,955845,6381,600274,4472900
1618,303,300,955542,6384,600574,4632900
1619,332,310,955210,6406,600884,4498800
1620,294,346,954916,6354,601230,4439600
1621,312,332,954604,6334,601562,4466800
1622,331,331,954273,6334,601893,4616700
1623,324,337,953949,6321,602230,4581900
1624,323,345,953626,6299,602575,4475400
1625,299,320,953327,6278,602895,4666600
1626,318,274,953009,6322,603169,4447300
1627,326,319,952683,6329,603488,4375000
1628,301,328,952382,6302,603816,4464700
1629,331,309,952051,6324,604125,4466600
1630,313,313,951738,6324,604438,4486100
1631,296,342,951442,6278,604780,4611200
1632,317,302,951125,6293,605082,4541700
1633,328,281,950797,6340,605363,4422700
1634,344,330,950453,6354,605693,4498700
1635,301,299,950152,6356,605992,4914700
1636,330,296,949822,6390,606288,5427100
1637,319,343,949503,6366,606631,5652300
1638,300,322,949203,6344,606953,4958300
1639,288,312,948915,6320,607265,5500500
1640,292,305,948623,6307,607570,5633800
1641,297,317,948326,6287,607887,5123400
1642,290,327,948036,6250,608214,5210900
1643,318,317,947718,6251,608531,5723100
1644,293,310,947425,6234,608841,5981300
1645,333,291,947092,6276,609132,6129900
1646,303,311,946789,6268,609443,5688700
1647,316,332,946473,6252,609775,5688900
1648,289,329,946184,6212,610104,5187300
1649,307,303,945877,6216,610407,5357800
1650,303,296,945574,6223,610703,5710600
1651,320,293,945254,6250,610996,5021700
1652,324,312,944930,6262,611308,5207100
1653,317,337,944613,6242,611645,4719300
1654,319,318,944294,6243,611963,5450500
1655,337,317,943957,6263,612280,5904600
1656,348,337,943609,6274,612617,6015100
1657,332,316,943277,6290,612933,5672200
1658,340,307,942937,6323,613240,5809100
1659,307,333,942630,6297,613573,5260800
1660,342,302,942288,6337,613875,5678800
1661,313,304,941975,6346,614179,5432300
1662,329,298,941646,6377,614477,5538900
1663,304,341,941342,6340,614818,5913100
1664,302,314,941040,6328,615132,5665700
1665,334,322,940706,6340,615454,5306200
1666,321,322,940385,6339,615776,5284900
1667,354,339,940031,6354,616115,5832900
1668,343,323,939688,6374,616438,6033000
1669,319,336,939369,6357,616774,5425100
1670,333,294,939036,6396,617068,5640300
1671,338,348,938698,6386,617416,6228600
1672,353,294,938345,6445,617710,5993300
1673,322,319,938023,6448,618029,6403000
1674,321,323,937702,6446,618352,5667200
1675,314,321,937388,6439,618673,5002500
1676,348,306,937040,6481,618979,5938000
1677,317,326,936723,6472,619305,6594900
1678,312,321,936411,6463,619626,6855500
1679,335,317,936076,6481,619943,6508400
1680,322,326,935754,6477,620269,8042300
1681,356,344,935398,6489,620613,5449600
1682,358,340,935040,6507,620953,6985000
1683,346,316,934694,6537,621269,6699500
1684,350,323,934344,6564,621592,6607700
1685,340,317,934004,6587,621909,6354300
1686,328,333,933676,6582,622242,7120100
1687,346,319,933330,6609,622561,6161600
1688,344,332,932986,6621,622893,6559000
1689,304,346,932682,6579,623239,6624800
1690,314,374,932368,6519,623613,6121500
1691,317,323,932051,6513,623936,6335100
1692,320,320,931731,6513,624256,5698700
1693,320,292,931411,6541,624548,5350800
1694,348,336,931063,6553,624884,5863000
1695,332,312,930731,6573,625196,7080100
1696,321,317,930410,6577,625513,7469700
1697,309,314,930101,6572,625827,7508000
1698,287,322,929814,6537,626149,6736700
1699,310,347,929504,6500,626496,5609000
1700,291,325,929213,6466,626821,5839400
1701,318,303,928895,6481,627124,6114200
1702,351,351,928544,6481,627475,5513000
1703,308,319,928236,6470,627794,5664300
1704,298,314,927938,6454,628108,5889400
1705,298,287,927640,6465,628395,7005500
1706,341,305,927299,6501,628700,5536500
1707,336,313,926963,6524,629013,5200700
1708,318,362,926645,6480,629375,5559400
1709,319,329,926326,6470,629704,6046300
1710,331,304,925995,6497,630008,6112000
1711,344,297,925651,6544,630305,5766800
1712,358,331,925293,6571,630636,6051600
1713,339,347,924954,6563,630983,5913900
1714,370,331,924584,6602,631314,5718900
1715,320,350,924264,6572,631664,5443200
1716,317,344,923947,6545,632008,5325400
1717,311,345,923636,6511,632353,6863000
1718,331,313,923305,6529,632666,5850000
1719,356,355,922949,6530,633021,5374000
1720,326,310,922623,6546,633331,5499000
1721,338,355,922285,6529,633686,6007900
1722,294,316,921991,6507,634002,6051800
1723,329,332,921662,6504,634334,5539100
1724,356,339,921306,6521,634673,5680100
1725,336,317,920970,6540,634990,5067500
1726,319,321,920651,6538,635311,5482000
1727,343,276,920308,6605,635587,5464900
1728,343,317,919965,6631,635904,6276600
1729,353,338,919612,6646,636242,5984600
1730,343,329,919269,6660,636571,5988400
1731,338,333,918931,6665,636904,5284600
1732,359,335,918572,6689,637239,5490900
1733,350,328,918222,6711,637567,5352000
1734,341,345,917881,6707,637912,5655600
1735,362,322,917519,6747,638234,6125600
1736,337,341,917182,6743,638575,6103800
1737,340,311,916842,6772,638886,5687600
1738,349,345,916493,6776,639231,4747300
1739,408,331,916085,6853,639562,4936800
1740,341,359,915744,6835,639921,5067300
1741,351,319,915393,6867,640240,4835000
1742,362,353,915031,6876,640593,4994500
1743,319,338,914712,6857,640931,5548700
1744,331,371,914381,6817,641302,5358800
1745,317,367,914064,6767,641669,5177500
1746,306,356,913758,6717,642025,4955900
1747,340,309,913418,6748,642334,5461100
1748,326,321,913092,6753,642655,4880500
1749,347,339,912745,6761,642994,4659400
1750,309,322,912436,6748,643316,4594000
1751,325,324,912111,6749,643640,4596600
1752,330,341,911781,6738,643981,5005500
1753,338,326,911443,6750,644307,4859300
1754,332,345,911111,6737,644652,4805500
1755,321,326,910790,6732,644978,4712200
1756,319,335,910471,6716,645313,4574600
1757,328,346,910143,6698,645659,4621500
1758,316,325,909827,6689,645984,4677800
1759,344,362,909483,6671,646346,4543000
1760,322,352,909161,6641,646698,4519000
1761,335,312,908826,6664,647010,4682700
1762,323,354,908503,6633,647364,5620000
1763,345,338,908158,6640,647702,5598400
1764,346,332,907812,6654,648034,5610100
1765,355,306,907457,6703,648340,4657900
1766,364,349,907093,6718,648689,5223100
1767,305,346,906788,6677,649035,6071500
1768,344,332,906444,6689,649367,4559900
1769,315,335,906129,6669,649702,4545500
1770,296,355,905833,6610,650057,4449000
1771,346,350,905487,6606,650407,4536300
1772,338,329,905149,6615,650736,4421500
1773,332,340,904817,6607,651076,4494900
1774,325,359,904492,6573,651435,4824300
1775,354,347,904138,6580,651782,4520500
1776,358,344,903780,6594,652126,4474800
1777,349,310,903431,6633,652436,5038800
1778,347,321,903084,6659,652757,4539600
1779,361,341,902723,6679,653098,4552800
1780,342,346,902381,6675,653444,4425800
1781,310,323,902071,6662,653767,4677600
1782,313,320,901758,6655,654087,4329600
1783,326,339,901432,6642,654426,4362300
1784,310,319,901122,6633,654745,4387000
1785,366,358,900756,6641,655103,4628000
1786,334,340,900422,6635,655443,4355100
1787,310,299,900112,6646,655742,4291600
1788,276,299,899836,6623,656041,4371600
1789,321,369,899515,6575,656410,4329100
1790,307,330,899208,6552,656740,4277500
1791,314,333,898894,6533,657073,4535600
1792,315,309,898579,6539,657382,4356200
1793,322,349,898257,6512,657731,4218300
1794,306,325,897951,6493,658056,4141600
1795,296,308,897655,6481,658364,4181100
1796,323,372,897332,6432,658736,4158700
1797,303,330,897029,6405,659066,4137400
1798,303,291,896726,6417,659357,4096900
1799,335,320,896391,6432,659677,4183200
1800,338,300,896053,6470,659977,4176400
1801,322,334,895731,6458,660311,4175800
1802,316,332,895415,6442,660643,4194900
1803,340,302,895075,6480,660945,4233100
1804,324,308,894751,6496,661253,4398300
1805,313,353,894438,6456,661606,4269000
1806,316,280,894122,6492,661886,4255000
1807,314,343,893808,6463,662229,4269200
1808,308,307,893500,6464,662536,4257000
1809,322,330,893178,6456,662866,4205100
1810,313,329,892865,6440,663195,4492200
1811,303,313,892562,6430,663508,4223300
1812,325,311,892237,6444,663819,4194600
1813,316,316,891921,6444,664135,4210400
1814,336,301,891585,6479,664436,4215500
1815,288,300,891297,6467,664736,4199900
1816,332,321,890965,6478,665057,4176400
1817,345,351,890620,6472,665408,4219300
1818,338,322,890282,6488,665730,4286000
1819,324,307,889958,6505,666037,4270900
1820,296,332,889662,6469,666369,4324500
1821,355,289,889307,6535,666658,4305900
1822,314,311,888993,6538,666969,4246800
1823,319,340,888674,6517,667309,4214700
1824,337,324,888337,6530,667633,4487300
1825,314,318,888023,6526,667951,4246300
1826,309,320,887714,6515,668271,4212200
1827,312,321,887402,6506,668592,4161000
1828,331,323,887071,6514,668915,4295400
1829,310,339,886761,6485,669254,4243400
1830,331,315,886430,6501,669569,4222400
1831,326,344,886104,6483,669913,4402300
1832,344,318,885760,6509,670231,4387500
1833,304,338,885456,6475,670569,4185500
1834,335,333,885121,6477,670902,4219000
1835,301,328,884820,6450,671230,4371300
1836,321,310,884499,6461,671540,4293600
1837,311,300,884188,6472,671840,4246600
1838,327,312,883861,6487,672152,4207300
1839,319,314,883542,6492,672466,4522600
1840,294,312,883248,6474,672778,4220200
1841,290,334,882958,6430,673112,4186700
1842,314,340,882644,6404,673452,4213000
1843,300,340,882344,6364,673792,4360400
1844,289,335,882055,6318,674127,4197300
1845,258,338,881797,6238,674465,4167300
1846,291,310,881506,6219,674775,4400800
1847,265,322,881241,6162,675097,4788200
1848,278,308,880963,6132,675405,5694000
1849,281,310,880682,6103,675715,5097000
1850,324,289,880358,6138,676004,4413000
1851,303,335,880055,6106,676339,4367600
1852,293,284,879762,6115,676623,4338400
1853,318,354,879444,6079,676977,4331700
1854,303,324,879141,6058,677301,4296600
1855,296,344,878845,6010,677645,4288100
1856,295,289,878550,6016,677934,4372100
1857,319,322,878231,6013,678256,4329700
1858,323,321,877908,6015,678577,4545300
1859,317,291,877591,6041,678868,4291300
1860,315,303,877276,6053,679171,4415500
1861,303,306,876973,6050,679477,4610800
1862,288,307,876685,6031,679784,4435500
1863,331,302,876354,6060,680086,4415100
1864,292,304,876062,6048,680390,4345800
1865,302,332,875760,6018,680722,4340400
1866,297,294,875463,6021,681016,4944600
1867,298,302,875165,6017,681318,4351400
1868,293,312,874872,5998,681630,4726200
1869,316,309,874556,6005,681939,4288700
1870,333,289,874223,6049,682228,4341600
1871,336,313,873887,6072,682541,4537100
1872,320,303,873567,6089,682844,4596600
1873,297,324,873270,6062,683168,4455300
1874,331,299,872939,6094,683467,4317000
1875,325,300,872614,6119,683767,4324800
1876,326,315,872288,6130,684082,4324100
1877,313,302,871975,6141,684384,4471500
1878,317,307,871658,6151,684691,4375200
1879,317,302,871341,6166,684993,4589200
1880,338,293,871003,6211,685286,4372400
1881,306,298,870697,6219,685584,4374300
1882,301,301,870396,6219,685885,4824800
1883,339,321,870057,6237,686206,4927400
1884,313,334,869744,6216,686540,4705000
1885,325,299,869419,6242,686839,5399600
1886,312,333,869107,6221,687172,4760500
1887,338,305,868769,6254,687477,4448600
1888,320,283,868449,6291,687760,4358100
1889,339,314,868110,6316,688074,4671400
1890,323,315,867787,6324,688389,4355100
1891,329,319,867458,6334,688708,4513000
1892,317,318,867141,6333,689026,4326800
1893,312,314,866829,6331,689340,4363200
1894,336,314,866493,6353,689654,4624100
1895,316,290,866177,6379,689944,4766200
1896,304,293,865873,6390,690237,5696100
1897,326,301,865547,6415,690538,4874700
1898,306,302,865241,6419,690840,4699400
1899,304,344,864937,6379,691184,4709300
1900,319,318,864618,6380,691502,4456100
1901,315,340,864303,6355,691842,4338800
1902,308,346,863995,6317,692188,4323100
1903,309,335,863686,6291,692523,4273500
1904,311,312,863375,6290,692835,4291400
1905,285,315,863090,6260,693150,4237000
1906,329,336,862761,6253,693486,4209300
1907,313,312,862448,6254,693798,4217400
1908,307,331,862141,6230,694129,4206900
1909,294,325,861847,6199,694454,4399800
1910,341,313,861506,6227,694767,4192200
1911,330,278,861176,6279,695045,4198300
1912,317,319,860859,6277,695364,4148100
1913,299,292,860560,6284,695656,4123400
1914,305,340,860255,6249,695996,4103700
1915,292,302,859963,6239,696298,4137900
1916,331,311,859632,6259,696609,4409500
1917,348,329,859284,6278,696938,4312100
1918,291,299,858993,6270,697237,4500600
1919,286,290,858707,6266,697527,5094700
1920,337,333,858370,6270,697860,5079100
1921,331,345,858039,6256,698205,5727600
1922,307,339,857732,6224,698544,4680700
1923,324,308,857408,6240,698852,5164200
1924,309,313,857099,6236,699165,5133600
1925,313,318,856786,6231,699483,4456600
1926,325,318,856461,6238,699801,4739600
1927,319,305,856142,6252,700106,4601200
1928,336,338,855806,6250,700444,5120100
1929,274,310,855532,6214,700754,4801200
1930,318,294,855214,6238,701048,4588300
1931,306,275,854908,6269,701323,4719600
1932,299,300,854609,6268,701623,4383500
1933,310,335,854299,6243,701958,4498200
1934,321,304,853978,6260,702262,4385100
1935,307,310,853671,6257,702572,4408000
1936,311,328,853360,6240,702900,4391000
1937,298,303,853062,6235,703203,4360500
1938,309,296,852753,6248,703499,4965200
1939,347,323,852406,6272,703822,4403000
1940,347,318,852059,6301,704140,4487600
1941,355,308,851704,6348,704448,4498900
1942,332,348,851372,6332,704796,4596200
1943,326,289,851046,6369,705085,4479000
1944,325,305,850721,6389,705390,4412200
1945,319,302,850402,6406,705692,4370300
1946,316,282,850086,6440,705974,4281000
1947,312,318,849774,6434,706292,4361100
1948,344,302,849430,6476,706594,4676600
1949,352,299,849078,6529,706893,4330600
1950,335,312,848743,6552,707205,4420500
1951,335,300,848408,6587,707505,4640400
1952,341,307,848067,6621,707812,4896000
1953,342,358,847725,6605,708170,4760100
1954,312,320,847413,6597,708490,5253300
1955,305,337,847108,6565,708827,4619100
1956,321,341,846787,6545,709168,4680800
1957,333,298,846454,6580,709466,4633700
1958,330,336,846124,6574,709802,4665800
1959,339,325,845785,6588,710127,4744400
1960,281,336,845504,6533,710463,4571600
1961,325,320,845179,6538,710783,4895800
1962,310,344,844869,6504,711127,4891800
1963,354,332,844515,6526,711459,4759000
1964,307,315,844208,6518,711774,4919200
1965,320,340,843888,6498,712114,5525500
1966,331,319,843557,6510,712433,4692200
1967,321,330,843236,6501,712763,4520300
1968,327,336,842909,6492,713099,4991700
1969,331,340,842578,6483,713439,4543200
1970,327,312,842251,6498,713751,4792100
1971,324,342,841927,6480,714093,4571600
1972,318,331,841609,6467,714424,4519200
1973,314,349,841295,6432,714773,4624700
1974,297,317,840998,6412,715090,4735400
1975,332,288,840666,6456,715378,4707100
1976,314,338,840352,6432,715716,4619400
1977,296,342,840056,6386,716058,4920600
1978,302,355,839754,6333,716413,5163800
1979,317,319,839437,6331,716732,4790800
1980,313,317,839124,6327,717049,4910900
1981,342,309,838782,6360,717358,5277300
1982,327,291,838455,6396,717649,5089700
1983,326,336,838129,6386,717985,5313500
1984,316,337,837813,6365,718322,4905200
1985,332,309,837481,6388,718631,4774100
1986,364,317,837117,6435,718948,4912400
1987,352,319,836765,6468,719267,4782400
1988,365,306,836400,6527,719573,4628000
1989,362,327,836038,6562,719900,4708600
1990,364,326,835674,6600,720226,4689100
1991,352,321,835322,6631,720547,4597500
1992,332,326,834990,6637,720873,4612300
1993,320,364,834670,6593,721237,4889700
1994,359,336,834311,6616,721573,5365000
1995,331,340,833980,6607,721913,4909600
1996,340,325,833640,6622,722238,4719100
1997,347,318,833293,6651,722556,4964600
1998,343,349,832950,6645,722905,5009100
1999,325,308,832625,6662,723213,4793400
2000,334,329,832291,6667,723542,4944800
2001,291,331,832000,6627,723873,4896400
2002,334,304,831666,6657,724177,4882300
2003,311,342,831355,6626,724519,5132500
2004,325,341,831030,6610,724860,4673200
2005,312,323,830718,6599,725183,4476100
2006,357,318,830361,6638,725501,4489300
2007,335,306,830026,6667,725807,4421700
2008,340,319,829686,6688,726126,4438500
2009,347,325,829339,6710,726451,4440900
2010,334,299,829005,6745,726750,4669500
2011,332,339,828673,6738,727089,4597700
2012,345,318,828328,6765,727407,4517500
2013,342,302,827986,6805,727709,4646800
2014,348,368,827638,6785,728077,4726100
2015,305,343,827333,6747,728420,4614800
2016,314,313,827019,6748,728733,4550600
2017,341,314,826678,6775,729047,4560600
2018,342,352,826336,6765,729399,4900700
2019,344,308,825992,6801,729707,4479000
2020,334,368,825658,6767,730075,4557800
2021,325,335,825333,6757,730410,4507400
2022,353,316,824980,6794,730726,5239400
2023,321,312,824659,6803,731038,4864100
2024,337,384,824322,6756,731422,4497800
2025,333,368,823989,6721,731790,4628700
2026,340,332,823649,6729,732122,4457500
2027,341,364,823308,6706,732486,4787900
2028,340,366,822968,6680,732852,4467100
2029,342,336,822626,6686,733188,4323800
2030,329,314,822297,6701,733502,4482000
2031,340,327,821957,6714,733829,4307300
2032,290,326,821667,6678,734155,4336600
2033,333,316,821334,6695,734471,4407700
2034,337,359,820997,6673,734830,4307600
2035,333,307,820664,6699,735137,4231500
2036,315,295,820349,6719,735432,4332800
2037,287,307,820062,6699,735739,4398400
2038,328,365,819734,6662,736104,4339500
2039,317,301,819417,6678,736405,4273700
2040,318,364,819099,6632,736769,4480800
2041,298,312,818801,6618,737081,5209500
2042,324,322,818477,6620,737403,4326300
2043,322,324,818155,6618,737727,4342800
2044,305,321,817850,6602,738048,4782500
2045,330,326,817520,6606,738374,5581000
2046,319,332,817201,6593,738706,4332000
2047,332,312,816869,6613,739018,4303100
2048,324,345,816545,6592,739363,4282800
2049,323,318,816222,6597,739681,4205300
2050,316,316,815906,6597,739997,4211400
2051,311,312,815595,6596,740309,4473600
2052,334,362,815261,6568,740671,4212900
2053,295,361,814966,6502,741032,4234600
2054,312,334,814654,6480,741366,4248500
2055,318,324,814336,6474,741690,4159600
2056,338,333,813998,6479,742023,4143300
2057,300,340,813698,6439,742363,4112600
2058,307,326,813391,6420,742689,4150800
2059,348,345,813043,6423,743034,4136600
2060,291,342,812752,6372,743376,4106800
2061,312,329,812440,6355,743705,4083800
2062,313,319,812127,6349,744024,4129600
2063,316,315,811811,6350,744339,4096700
2064,307,329,811504,6328,744668,4168900
2065,323,295,811181,6356,744963,4411600
2066,299,344,810882,6311,745307,5232000
2067,327,290,810555,6348,745597,4345400
2068,337,309,810218,6376,745906,4472000
2069,334,332,809884,6378,746238,4403300
2070,337,348,809547,6367,746586,4323400
2071,328,343,809219,6352,746929,4244000
2072,313,321,808906,6344,747250,4228500
2073,315,286,808591,6373,747536,4595200
2074,329,332,808262,6370,747868,4197200
2075,282,317,807980,6335,748185,4184000
2076,316,325,807664,6326,748510,4141800
2077,342,316,807322,6352,748826,4158000
2078,317,311,807005,6358,749137,4121300
2079,329,287,806676,6400,749424,4086700
2080,314,329,806362,6385,749753,4111000
2081,306,303,806056,6388,750056,4180000
2082,344,328,805712,6404,750384,4231700
2083,314,309,805398,6409,750693,4191700
2084,330,323,805068,6416,751016,4248500
2085,311,336,804757,6391,751352,4209700
2086,290,327,804467,6354,751679,4154300
2087,300,299,804167,6355,751978,4125000
2088,316,330,803851,6341,752308,4291400
2089,338,306,803513,6373,752614,4156500
2090,291,314,803222,6350,752928,4090100
2091,287,280,802935,6357,753208,4372500
2092,305,327,802630,6335,753535,4376100
2093,311,307,802319,6339,753842,4242400
2094,336,313,801983,6362,754155,4258800
2095,320,301,801663,6381,754456,4246300
2096,309,311,801354,6379,754767,4250400
2097,321,318,801033,6382,755085,4222600
2098,334,318,800699,6398,755403,4227400
2099,321,304,800378,6415,755707,4357600
2100,347,291,800031,6471,755998,4364600
2101,328,326,799703,6473,756324,4455500
2102,316,309,799387,6480,756633,4235000
2103,308,359,799079,6429,756992,4287100
2104,321,312,798758,6438,757304,4228300
2105,347,321,798411,6464,757625,4265700
2106,331,339,798080,6456,757964,5026900
2107,336,299,797744,6493,758263,5096400
2108,326,350,797418,6469,758613,4275600
2109,323,325,797095,6467,758938,4255800
2110,305,329,796790,6443,759267,4552500
2111,333,313,796457,6463,759580,4231300
2112,296,354,796161,6405,759934,4217900
2113,352,328,795809,6429,760262,4257900
2114,317,323,795492,6423,760585,4222700
2115,336,324,795156,6435,760909,4366300
2116,316,312,794840,6439,761221,4271800
2117,311,328,794529,6422,761549,4299000
2118,318,332,794211,6408,761881,4254900
2119,322,316,793889,6414,762197,4375900
2120,294,340,793595,6368,762537,4315500
2121,296,328,793299,6336,762865,4359800
2122,297,322,793002,6311,763187,4417300
2123,317,303,792685,6325,763490,4411100
2124,298,322,792387,6301,763812,4737800
2125,307,338,792080,6270,764150,4970500
2126,266,319,791814,6217,764469,4956400
2127,289,304,791525,6202,764773,4992200
2128,303,306,791222,6199,765079,4517700
2129,293,315,790929,6177,765394,4409100
2130,301,321,790628,6157,765715,4285800
2131,303,317,790325,6143,766032,4259900
2132,283,310,790042,6116,766342,4218100
2133,342,291,789700,6167,766633,4324800
2134,316,319,789384,6164,766952,4207800
2135,287,306,789097,6145,767258,4198700
2136,329,307,788768,6167,767565,4214700
2137,309,325,788459,6151,767890,4221800
2138,325,319,788134,6157,768209,4385400
2139,300,344,787834,6113,768553,4210800
2140,327,302,787507,6138,768855,4364600
2141,293,297,787214,6134,769152,4223900
2142,295,311,786919,6118,769463,4227500
2143,314,316,786605,6116,769779,4206800
2144,275,318,786330,6073,770097,4270900
2145,302,317,786028,6058,770414,4613200
2146,294,286,785734,6066,770700,4303800
2147,320,314,785414,6072,771014,4242300
2148,329,306,785085,6095,771320,4252300
2149,297,298,784788,6094,771618,4300300
2150,298,315,784490,6077,771933,4225600
2151,307,320,784183,6064,772253,4201500
2152,300,324,783883,6040,772577,4416200
2153,313,302,783570,6051,772879,4195900
2154,303,301,783267,6053,773180,4174400
2155,320,321,782947,6052,773501,4147700
2156,287,307,782660,6032,773808,4167100
2157,307,345,782353,5994,774153,4214200
2158,341,297,782012,6038,774450,4424400
2159,291,296,781721,6033,774746,4537600
2160,303,282,781418,6054,775028,4409800
2161,300,289,781118,6065,775317,4237700
2162,345,302,780773,6108,775619,4203600
2163,311,309,780462,6110,775928,4192600
2164,339,289,780123,6160,776217,4153900
2165,307,301,779816,6166,776518,4288100
2166,331,305,779485,6192,776823,4237500
2167,307,279,779178,6220,777102,4162900
2168,320,332,778858,6208,777434,4117900
2169,303,308,778555,6203,777742,4093900
2170,328,305,778227,6226,778047,4144800
2171,338,317,777889,6247,778364,4167300
2172,308,299,777581,6256,778663,4098300
2173,301,289,777280,6268,778952,4100100
2174,344,322,776936,6290,779274,4442900
2175,301,315,776635,6276,779589,4125700
2176,309,332,776326,6253,779921,4185400
2177,329,324,775997,6258,780245,4196500
2178,306,308,775691,6256,780553,4236700
2179,331,341,775360,6246,780894,4180800
2180,320,313,775040,6253,781207,4191600
2181,310,294,774730,6269,781501,4123400
2182,323,319,774407,6273,781820,4109700
2183,337,324,774070,6286,782144,4122900
2184,320,321,773750,6285,782465,4087300
2185,365,286,773385,6364,782751,4156800
2186,316,314,773069,6366,783065,4389600
2187,320,338,772749,6348,783403,4428600
2188,312,337,772437,6323,783740,4335900
2189,326,313,772111,6336,784053,4814500
2190,334,307,771777,6363,784360,4271700
2191,309,318,771468,6354,784678,4259400
2192,326,293,771142,6387,784971,4622100
2193,332,291,770810,6428,785262,4466800
2194,344,332,770466,6440,785594,4252300
2195,312,307,770154,6445,785901,4210700
2196,324,332,769830,6437,786233,4508900
2197,337,318,769493,6456,786551,4218500
2198,306,310,769187,6452,786861,4131700
2199,321,327,768866,6446,787188,4160500
2200,320,322,768546,6444,787510,4437200
2201,317,310,768229,6451,787820,4191300
2202,308,341,767921,6418,788161,4152400
2203,341,325,767580,6434,788486,4155100
2204,320,323,767260,6431,788809,4234100
2205,349,344,766911,6436,789153,4170000
2206,319,290,766592,6465,789443,4171200
2207,317,328,766275,6454,789771,4353300
2208,329,320,765946,6463,790091,4443200
2209,321,354,765625,6430,790445,4239500
2210,337,339,765288,6428,790784,4230300
2211,330,332,764958,6426,791116,4575800
2212,328,302,764630,6452,791418,4362600
2213,346,319,764284,6479,791737,4318300
2214,332,328,763952,6483,792065,4494600
2215,325,310,763627,6498,792375,4495000
2216,334,319,763293,6513,792694,4335800
2217,311,296,762982,6528,792990,4216700
2218,323,328,762659,6523,793318,4467600
2219,325,322,762334,6526,793640,4223400
2220,308,348,762026,6486,793988,4161400
2221,313,314,761713,6485,794302,4181000
2222,324,357,761389,6452,794659,4232300
2223,336,323,761053,6465,794982,4293600
2224,326,299,760727,6492,795281,4237500
2225,352,328,760375,6516,795609,4420800
2226,352,326,760023,6542,795935,5262200
2227,347,303,759676,6586,796238,4219900
2228,325,356,759351,6555,796594,4235600
2229,320,329,759031,6546,796923,4251600
2230,343,336,758688,6553,797259,4202000
2231,318,328,758370,6543,797587,4194000
2232,337,350,758033,6530,797937,4429900
2233,325,353,757708,6502,798290,4379800
2234,341,308,757367,6535,798598,4237500
2235,330,295,757037,6570,798893,4206600
2236,303,323,756734,6550,799216,4347800
2237,319,334,756415,6535,799550,4360000
2238,364,305,756051,6594,799855,4844700
2239,314,322,755737,6586,800177,4589100
2240,334,370,755403,6550,800547,4559400
2241,326,353,755077,6523,800900,4302500
2242,302,324,754775,6501,801224,4268500
2243,294,358,754481,6437,801582,4236100
2244,310,304,754171,6443,801886,4208100
2245,349,346,753822,6446,802232,4192900
2246,339,332,753483,6453,802564,4164000
2247,346,357,753137,6442,802921,4142700
2248,333,315,752804,6460,803236,4152200
2249,281,317,752523,6424,803553,4117600
2250,332,309,752191,6447,803862,4466800
2251,321,350,751870,6418,804212,4149400
2252,312,333,751558,6397,804545,4120000
2253,329,301,751229,6425,804846,4157400
2254,314,311,750915,6428,805157,4483400
2255,310,332,750605,6406,805489,4159300
2256,326,329,750279,6403,805818,4229300
2257,320,343,749959,6380,806161,4217700
2258,322,352,749637,6350,806513,4444000
2259,318,318,749319,6350,806831,4405600
2260,312,309,749007,6353,807140,4369700
2261,314,332,748693,6335,807472,4412500
2262,327,321,748366,6341,807793,4384900
2263,332,327,748034,6346,808120,4404500
2264,316,313,747718,6349,808433,4342200
2265,317,305,747401,6361,808738,4742000
2266,328,327,747073,6362,809065,4380100
2267,328,331,746745,6359,809396,4362500
2268,308,329,746437,6338,809725,4362900
2269,340,315,746097,6363,810040,4346400
2270,349,309,745748,6403,810349,4598100
2271,341,305,745407,6439,810654,4507700
2272,320,331,745087,6428,810985,4736700
2273,296,320,744791,6404,811305,4390500
2274,353,319,744438,6438,811624,4337300
2275,315,342,744123,6411,811966,4324000
2276,291,285,743832,6417,812251,4332100
2277,340,324,743492,6433,812575,4307900
2278,329,285,743163,6477,812860,4298200
2279,340,316,742823,6501,813176,4802900
2280,338,318,742485,6521,813494,4427400
2281,324,310,742161,6535,813804,4293900
2282,338,339,741823,6534,814143,4286800
2283,312,344,741511,6502,814487,4277800
2284,355,331,741156,6526,814818,4318700
2285,342,325,740814,6543,815143,4318200
2286,312,378,740502,6477,815521,4400500
2287,349,311,740153,6515,815832,4395500
2288,341,310,739812,6546,816142,4398900
2289,336,324,739476,6558,816466,4457700
2290,336,324,739140,6570,816790,4365700
2291,339,320,738801,6589,817110,4284200
2292,331,325,738470,6595,817435,4443200
2293,367,354,738103,6608,817789,4323200
2294,350,344,737753,6614,818133,4279400
2295,327,344,737426,6597,818477,6895400
2296,353,323,737073,6627,818800,18701700
2297,342,341,736731,6628,819141,6076000
2298,351,342,736380,6637,819483,5806500
2299,315,332,736065,6620,819815,5228400
2300,365,351,735700,6634,820166,5448000
2301,350,368,735350,6616,820534,7158700
2302,379,347,734971,6648,820881,5414200
2303,337,343,734634,6642,821224,4825800
2304,380,346,734254,6676,821570,4860000
2305,342,343,733912,6675,821913,5448600
2306,350,342,733562,6683,822255,5029700
2307,345,332,733217,6696,822587,5734700
2308,348,331,732869,6713,822918,8229500
2309,357,367,732512,6703,823285,10116800
2310,314,317,732198,6700,823602,6286800
2311,332,321,731866,6711,823923,7067100
2312,330,361,731536,6680,824284,5000400
2313,322,324,731214,6678,824608,5067800
2314,337,359,730877,6656,824967,4664600
2315,358,325,730519,6689,825292,4578100
2316,325,383,730194,6631,825675,4599600
2317,326,334,729868,6623,826009,4630500
2318,333,357,729535,6599,826366,5456700
2319,360,326,729175,6633,826692,4565700
2320,361,317,728814,6677,827009,4625400
2321,341,315,728473,6703,827324,5416100
2322,333,340,728140,6696,827664,4530300
2323,352,332,727788,6716,827996,4970000
2324,344,325,727444,6735,828321,4754400
2325,372,352,727072,6755,828673,4700600
2326,310,336,726762,6729,829009,4539700
2327,330,335,726432,6724,829344,4800900
2328,326,329,726106,6721,829673,4442100
2329,344,315,725762,6750,829988,4447500
2330,331,310,725431,6771,830298,4413300
2331,337,358,725094,6750,830656,4510600
2332,318,331,724776,6737,830987,4448300
2333,334,344,724442,6727,831331,4482400
2334,363,356,724079,6734,831687,4397600
2335,356,323,723723,6767,832010,4756600
2336,340,343,723383,6764,832353,4384400
2337,332,310,723051,6786,832663,4627800
2338,321,346,722730,6761,833009,4342200
2339,316,341,722414,6736,833350,4242000
2340,331,318,722083,6749,833668,4272500
2341,326,372,721757,6703,834040,4307400
2342,331,337,721426,6697,834377,4219600
2343,310,314,721116,6693,834691,4202900
2344,342,345,720774,6690,835036,4196700
2345,344,330,720430,6704,835366,4702400
2346,344,330,720086,6718,835696,4914500
2347,332,326,719754,6724,836022,4967400
2348,330,315,719424,6739,836337,4703400
2349,349,348,719075,6740,836685,4346500
2350,348,319,718727,6769,837004,4313400
2351,326,320,718401,6775,837324,4224500
2352,357,273,718044,6859,837597,4231000
2353,350,355,717694,6854,837952,4170600
2354,355,329,717339,6880,838281,4138400
2355,362,334,716977,6908,838615,4134200
2356,334,362,716643,6880,838977,4171500
2357,368,346,716275,6902,839323,4126200
2358,329,370,715946,6861,839693,4107400
2359,352,329,715594,6884,840022,4730000
2360,346,348,715248,6882,840370,4136500
2361,346,416,714902,6812,840786,4133400
2362,342,353,714560,6801,841139,4133900
2363,334,332,714226,6803,841471,4557000
2364,321,345,713905,6779,841816,4746600
2365,351,322,713554,6808,842138,4366800
2366,334,328,713220,6814,842466,4192400
2367,336,351,712884,6799,842817,4378800
2368,333,336,712551,6796,843153,4183700
2369,329,356,712222,6769,843509,4110900
2370,332,323,711890,6778,843832,4291800
2371,378,396,711512,6760,844228,4203500
2372,326,369,711186,6717,844597,4114700
2373,343,344,710843,6716,844941,4119000
2374,316,340,710527,6692,845281,4127800
2375,312,346,710215,6658,845627,4107100
2376,359,366,709856,6651,845993,4079300
2377,313,304,709543,6660,846297,4277900
2378,354,324,709189,6690,846621,5215000
2379,332,320,708857,6702,846941,4233500
2380,321,319,708536,6704,847260,4246500
2381,307,345,708229,6666,847605,4618600
2382,345,329,707884,6682,847934,4389000
2383,338,313,707546,6707,848247,4212200
2384,314,309,707232,6712,848556,4296100
2385,329,337,706903,6704,848893,4477400
2386,317,342,706586,6679,849235,4280900
2387,334,346,706252,6667,849581,4212600
2388,316,360,705936,6623,849941,4431900
2389,310,300,705626,6633,850241,4182900
2390,315,336,705311,6612,850577,4158500
2391,345,350,704966,6607,850927,4145600
2392,321,340,704645,6588,851267,4447000
2393,313,332,704332,6569,851599,4132200
2394,343,311,703989,6601,851910,4315900
2395,328,343,703661,6586,852253,4251000
2396,323,325,703338,6584,852578,4212800
2397,311,357,703027,6538,852935,4143000
2398,325,330,702702,6533,853265,4165700
2399,342,336,702360,6539,853601,4546800
2400,328,324,702032,6543,853925,4213400
2401,317,327,701715,6533,854252,4210600
2402,326,329,701389,6530,854581,4154200
2403,311,309,701078,6532,854890,4727000
2404,351,351,700727,6532,855241,4166900
2405,292,304,700435,6520,855545,4117600
2406,333,337,700102,6516,855882,4219600
2407,354,300,699748,6570,856182,4756300
2408,355,345,699393,6580,856527,4311000
2409,327,290,699066,6617,856817,4281400
2410,364,323,698702,6658,857140,4653200
2411,351,367,698351,6642,857507,4390000
2412,347,351,698004,6638,857858,4555300
2413,311,343,697693,6606,858201,4519000
2414,318,351,697375,6573,858552,4444100
2415,317,338,697058,6552,858890,4205300
2416,339,292,696719,6599,859182,4212500
2417,335,286,696384,6648,859468,4145100
2418,370,302,696014,6716,859770,4165000
2419,336,315,695678,6737,860085,4421900
2420,326,350,695352,6713,860435,4140100
2421,358,344,694994,6727,860779,4646000
2422,344,344,694650,6727,861123,4155100
2423,335,360,694315,6702,861483,4150200
2424,353,350,693962,6705,861833,4412300
2425,341,339,693621,6707,862172,4903100
2426,335,322,693286,6720,862494,4618700
2427,327,349,692959,6698,862843,4288100
2428,326,307,692633,6717,863150,4291100
2429,326,314,692307,6729,863464,4221800
2430,338,333,691969,6734,863797,4218900
2431,342,335,691627,6741,864132,4168900
2432,310,313,691317,6738,864445,4270400
2433,367,339,690950,6766,864784,4296400
2434,332,346,690618,6752,865130,4278300
2435,307,320,690311,6739,865450,4300500
2436,372,384,689939,6727,865834,4263000
2437,312,352,689627,6687,866186,4258300
2438,317,345,689310,6659,866531,4113100
2439,335,362,688975,6632,866893,4173700
2440,284,350,688691,6566,867243,4484600
2441,318,326,688373,6558,867569,4401000
2442,301,304,688072,6555,867873,4409600
2443,350,357,687722,6548,868230,4298000
2444,304,305,687418,6547,868535,4305600
2445,294,343,687124,6498,868878,4231300
2446,358,311,686766,6545,869189,4258400
2447,334,320,686432,6559,869509,4232600
2448,320,343,686112,6536,869852,4192900
2449,322,288,685790,6570,870140,4192200
2450,304,344,685486,6530,870484,4549100
2451,323,305,685163,6548,870789,4252000
2452,341,361,684822,6528,871150,4167100
2453,342,354,684480,6516,871504,4170800
2454,329,319,684151,6526,871823,4591700
2455,290,331,683861,6485,872154,4273200
2456,333,323,683528,6495,872477,4272200
2457,321,318,683207,6498,872795,4247600
2458,326,309,682881,6515,873104,4279800
2459,318,345,682563,6488,873449,4214400
2460,315,340,682248,6463,873789,4182600
2461,319,320,681929,6462,874109,4184500
2462,312,327,681617,6447,874436,4156100
2463,291,347,681326,6391,874783,4155700
2464,316,332,681010,6375,875115,4106300
2465,324,334,680686,6365,875449,4228400
2466,310,328,680376,6347,875777,4133300
2467,326,326,680050,6347,876103,4091500
2468,298,320,679752,6325,876423,4509000
2469,300,323,679452,6302,876746,4203700
2470,275,333,679177,6244,877079,4104900
2471,329,283,678848,6290,877362,4068100
2472,319,302,678529,6307,877664,4232200
2473,266,347,678263,6226,878011,4233100
2474,311,323,677952,6214,878334,4162400
2475,306,348,677646,6172,878682,4153400
2476,317,262,677329,6227,878944,4461900
2477,290,316,677039,6201,879260,4175300
2478,292,319,676747,6174,879579,4144200
2479,302,279,676445,6197,879858,4367700
2480,309,301,676136,6205,880159,4614200
2481,273,299,675863,6179,880458,4170900
2482,313,288,675550,6204,880746,4136900
2483,320,337,675230,6187,881083,4567800
2484,325,323,674905,6189,881406,4183400
2485,319,285,674586,6223,881691,4108200
2486,306,291,674280,6238,881982,4109100
2487,369,278,673911,6329,882260,4656700
2488,313,297,673598,6345,882557,4301200
2489,299,285,673299,6359,882842,4305200
2490,328,325,672971,6362,883167,4786400
2491,314,301,672657,6375,883468,4539500
2492,317,324,672340,6368,883792,4364400
2493,310,345,672030,6333,884137,4726000
2494,323,328,671707,6328,884465,4425000
2495,313,308,671394,6333,884773,4246900
2496,333,304,671061,6362,885077,4199000
2497,290,338,670771,6314,885415,4395200
2498,348,311,670423,6351,885726,4183000
2499,338,334,670085,6355,886060,4144700
2500,340,331,669745,6364,886391,4157400
2501,326,333,669419,6357,886724,4166800
2502,308,312,669111,6353,887036,4212800
2503,336,292,668775,6397,887328,4247100
2504,315,317,668460,6395,887645,4197300
2505,358,343,668102,6410,887988,4279400
2506,334,303,667768,6441,888291,4181000
2507,329,331,667439,6439,888622,4236400
2508,347,320,667092,6466,888942,4169700
2509,340,303,666752,6503,889245,4128300
2510,365,317,666387,6551,889562,4141000
2511,364,338,666023,6577,889900,4112700
2512,374,327,665649,6624,890227,4434500
2513,330,328,665319,6626,890555,4128000
2514,327,332,664992,6621,890887,4043700
2515,335,326,664657,6630,891213,4097500
2516,344,354,664313,6620,891567,4385300
2517,308,296,664005,6632,891863,4228000
2518,358,323,663647,6667,892186,4176300
2519,351,328,663296,6690,892514,4255400
2520,352,323,662944,6719,892837,4581300
2521,355,336,662589,6738,893173,4136300
2522,307,336,662282,6709,893509,4100300
2523,336,340,661946,6705,893849,4209600
2524,321,347,661625,6679,894196,4293300
2525,334,333,661291,6680,894529,4343100
2526,343,322,660948,6701,894851,4294800
2527,340,341,660608,6700,895192,4637500
2528,349,357,660259,6692,895549,4314000
2529,319,342,659940,6669,895891,4301900
2530,326,332,659614,6663,896223,4345300
2531,341,327,659273,6677,896550,4313100
2532,361,355,658912,6683,896905,4354400
2533,307,347,658605,6643,897252,4484200
2534,322,295,658283,6670,897547,4809600
2535,353,324,657930,6699,897871,4351100
2536,327,352,657603,6674,898223,4331400
2537,332,332,657271,6674,898555,4568500
2538,321,338,656950,6657,898893,4611600
2539,347,344,656603,6660,899237,4549900
2540,325,335,656278,6650,899572,4402300
2541,312,346,655966,6616,899918,4394000
2542,332,306,655634,6642,900224,4364500
2543,329,317,655305,6654,900541,4332400
2544,323,341,654982,6636,900882,4673900
2545,331,324,654651,6643,901206,4359300
2546,329,337,654322,6635,901543,4396300
2547,342,327,653980,6650,901870,4281500
2548,322,331,653658,6641,902201,4352700
2549,344,318,653314,6667,902519,4340800
2550,335,337,652979,6665,902856,4331500
2551,339,328,652640,6676,903184,4455700
2552,344,331,652296,6689,903515,4319500
2553,310,318,651986,6681,903833,4276000
2554,319,325,651667,6675,904158,4260800
2555,319,344,651348,6650,904502,4342200
2556,319,323,651029,6646,904825,4309700
2557,326,321,650703,6651,905146,4642900
2558,305,298,650398,6658,905444,4603400
2559,315,316,650083,6657,905760,4647900
2560,318,356,649765,6619,906116,4495500
2561,328,351,649437,6596,906467,4327100
2562,315,331,649122,6580,906798,4807000
2563,296,307,648826,6569,907105,4307500
2564,344,286,648482,6627,907391,4386200
2565,304,337,648178,6594,907728,4329900
2566,329,354,647849,6569,908082,4246700
2567,306,321,647543,6554,908403,4820000
2568,317,310,647226,6561,908713,4261600
2569,339,301,646887,6599,909014,4310200
2570,313,332,646574,6580,909346,4288100
2571,303,324,646271,6559,909670,4245900
2572,353,307,645918,6605,909977,4263400
2573,321,315,645597,6611,910292,4217300
2574,325,326,645272,6610,910618,4228100
2575,345,331,644927,6624,910949,4258300
2576,313,316,644614,6621,911265,4531600
2577,332,355,644282,6598,911620,4913100
2578,329,298,643953,6629,911918,4893800
2579,342,330,643611,6641,912248,4876900
2580,315,321,643296,6635,912569,4464300
2581,357,345,642939,6647,912914,4280300
2582,334,298,642605,6683,913212,4256300
2583,327,341,642278,6669,913553,4342300
2584,378,306,641900,6741,913859,4377900
2585,357,322,641543,6776,914181,4430300
2586,366,319,641177,6823,914500,4677500
2587,334,357,640843,6800,914857,4445800
2588,330,327,640513,6803,915184,4373600
2589,358,375,640155,6786,915559,4338700
2590,350,322,639805,6814,915881,4366000
2591,373,332,639432,6855,916213,4287800
2592,345,326,639087,6874,916539,4280500
2593,362,326,638725,6910,916865,4277200
2594,374,332,638351,6952,917197,4605200
2595,343,404,638008,6891,917601,4312500
2596,374,354,637634,6911,917955,4335100
2597,304,319,637330,6896,918274,4366200
2598,359,350,636971,6905,918624,4308100
2599,349,361,636622,6893,918985,4329800
2600,358,349,636264,6902,919334,4802300
2601,370,319,635894,6953,919653,4293900
2602,324,329,635570,6948,919982,4295400
2603,341,345,635229,6944,920327,4269700
2604,328,323,634901,6949,920650,4319900
2605,321,339,634580,6931,920989,4428800
2606,341,350,634239,6922,921339,4262700
2607,358,350,633881,6930,921689,4261900
2608,349,352,633532,6927,922041,4289300
2609,366,351,633166,6942,922392,4300000
2610,372,347,632794,6967,922739,4359600
2611,380,336,632414,7011,923075,4377800
2612,360,295,632054,7076,923370,4378700
2613,340,344,631714,7072,923714,4585600
2614,343,366,631371,7049,924080,4285000
2615,323,349,631048,7023,924429,4471300
2616,329,386,630719,6966,924815,4356600
2617,333,339,630386,6960,925154,4301700
2618,362,353,630024,6969,925507,4262600
2619,350,334,629674,6985,925841,4344000
2620,343,365,629331,6963,926206,4277100
2621,323,346,629008,6940,926552,4273800
2622,314,364,628694,6890,926916,4637900
2623,358,322,628336,6926,927238,4272900
2624,321,339,628015,6908,927577,4286500
2625,345,361,627670,6892,927938,4504100
2626,332,347,627338,6877,928285,4482300
2627,306,342,627032,6841,928627,4276600
2628,343,358,626689,6826,928985,4303400
2629,325,335,626364,6816,929320,4294000
2630,365,318,625999,6863,929638,4368500
2631,362,364,625637,6861,930002,4293900
2632,316,346,625321,6831,930348,4273700
2633,349,322,624972,6858,930670,4324700
2634,327,329,624645,6856,930999,4303000
2635,338,358,624307,6836,931357,4423400
2636,320,339,623987,6817,931696,4225300
2637,319,327,623668,6809,932023,4414100
2638,345,316,623323,6838,932339,4430000
2639,349,347,622974,6840,932686,4392300
2640,367,321,622607,6886,933007,4771300
2641,339,343,622268,6882,933350,4546500
2642,336,337,621932,6881,933687,4342500
2643,341,367,621591,6855,934054,4319700
2644,329,346,621262,6838,934400,4663100
2645,345,338,620917,6845,934738,4317900
2646,342,334,620575,6853,935072,4267600
2647,338,348,620237,6843,935420,4479100
2648,371,362,619866,6852,935782,4218300
2649,326,334,619540,6844,936116,4170900
2650,344,344,619196,6844,936460,4125400
2651,326,362,618870,6808,936822,4214700
2652,328,326,618542,6810,937148,4175900
2653,337,358,618205,6789,937506,4220500
2654,353,374,617852,6768,937880,4201900
2655,331,321,617521,6778,938201,4471800
2656,354,315,617167,6817,938516,4301300
2657,351,321,616816,6847,938837,4258000
2658,353,330,616463,6870,939167,4259300
2659,350,340,616113,6880,939507,4227900
2660,353,334,615760,6899,939841,4226200
2661,372,349,615388,6922,940190,4241300
2662,360,371,615028,6911,940561,4248800
2663,313,346,614715,6878,940907,4412400
2664,346,343,614369,6881,941250,4364300
2665,304,356,614065,6829,941606,4352600
2666,362,324,613703,6867,941930,4360500
2667,342,356,613361,6853,942286,4362100
2668,311,320,613050,6844,942606,4418200
2669,323,357,612727,6810,942963,4686400
2670,340,323,612387,6827,943286,4297500
2671,309,348,612078,6788,943634,4358500
2672,344,356,611734,6776,943990,4282800
2673,351,329,611383,6798,944319,4528600
2674,333,326,611050,6805,944645,4244500
2675,345,334,610705,6816,944979,4280400
2676,357,347,610348,6826,945326,4221200
2677,311,337,610037,6800,945663,4242300
2678,330,376,609707,6754,946039,4220500
2679,321,334,609386,6741,946373,4245400
2680,317,323,609069,6735,946696,4675400
2681,346,329,608723,6752,947025,4549000
2682,356,365,608367,6743,947390,4236000
2683,344,302,608023,6785,947692,4731800
2684,338,340,607685,6783,948032,4269500
2685,364,328,607321,6819,948360,4364000
2686,329,342,606992,6806,948702,4823400
2687,372,343,606620,6835,949045,4702600
2688,374,335,606246,6874,949380,4269400
2689,346,334,605900,6886,949714,4233300
2690,362,351,605538,6897,950065,4259400
2691,330,365,605208,6862,950430,4259100
2692,365,348,604843,6879,950778,4235000
2693,362,344,604481,6897,951122,4310800
2694,335,356,604146,6876,951478,4725600
2695,345,324,603801,6897,951802,4264700
2696,349,300,603452,6946,952102,4233000
2697,313,346,603139,6913,952448,4580100
2698,335,352,602804,6896,952800,4316700
2699,377,399,602427,6874,953199,4261600
2700,336,340,602091,6870,953539,4237300
2701,332,337,601759,6865,953876,4645800
2702,308,332,601451,6841,954208,4377000
2703,326,340,601125,6827,954548,4268800
2704,310,324,600815,6813,954872,4301100
2705,332,355,600483,6790,955227,4430400
2706,320,301,600163,6809,955528,4386900
2707,305,348,599858,6766,955876,4245400
2708,335,321,599523,6780,956197,4354700
2709,317,307,599206,6790,956504,4320600
2710,341,325,598865,6806,956829,4342500
2711,279,364,598586,6721,957193,4359800
2712,347,319,598239,6749,957512,4343800
2713,359,351,597880,6757,957863,4311400
2714,375,335,597505,6797,958198,4296700
2715,343,336,597162,6804,958534,4379200
2716,318,368,596844,6754,958902,4409400
2717,356,378,596488,6732,959280,4343600
2718,349,365,596139,6716,959645,4319200
2719,329,329,595810,6716,959974,4437300
2720,321,339,595489,6698,960313,4296200
2721,367,303,595122,6762,960616,4256600
2722,342,339,594780,6765,960955,4568500
2723,341,363,594439,6743,961318,4385000
2724,347,325,594092,6765,961643,4285700
2725,321,334,593771,6752,961977,4254000
2726,329,358,593442,6723,962335,4537100
2727,355,354,593087,6724,962689,4282300
2728,362,318,592725,6768,963007,4238500
2729,366,337,592359,6797,963344,4274500
2730,340,338,592019,6799,963682,4281000
2731,363,368,591656,6794,964050,4253900
2732,383,335,591273,6842,964385,4252600
2733,351,312,590922,6881,964697,4672000
2734,349,341,590573,6889,965038,4555400
2735,341,357,590232,6873,965395,4519200
2736,362,333,589870,6902,965728,4709700
2737,321,317,589549,6906,966045,4854500
2738,343,338,589206,6911,966383,4495400
2739,353,355,588853,6909,966738,4306600
2740,356,390,588497,6875,967128,4369000
2741,309,332,588188,6852,967460,4302000
2742,320,346,587868,6826,967806,4306800
2743,350,361,587518,6815,968167,4298300
2744,340,348,587178,6807,968515,4305600
2745,324,322,586854,6809,968837,4436900
2746,333,338,586521,6804,969175,4349300
2747,336,328,586185,6812,969503,4707600
2748,307,310,585878,6809,969813,4333000
2749,325,313,585553,6821,970126,4285200
2750,341,337,585212,6825,970463,4313400
2751,340,354,584872,6811,970817,5512400
2752,333,333,584539,6811,971150,4716900
2753,313,337,584226,6787,971487,5692100
2754,350,340,583876,6797,971827,4850800
2755,312,337,583564,6772,972164,4512400
2756,328,351,583236,6749,972515,4443400
2757,332,324,582904,6757,972839,5182200
2758,351,341,582553,6767,973180,5229600
2759,352,351,582201,6768,973531,4941500
2760,345,346,581856,6767,973877,4554600
2761,353,339,581503,6781,974216,4472100
2762,336,343,581167,6774,974559,4503400
2763,332,329,580835,6777,974888,4615600
2764,354,327,580481,6804,975215,4528200
2765,354,347,580127,6811,975562,4374900
2766,354,343,579773,6822,975905,4448900
2767,346,345,579427,6823,976250,5044500
2768,332,322,579095,6833,976572,5392100
2769,335,381,578760,6787,976953,5424300
2770,337,314,578423,6810,977267,4943200
2771,347,340,578076,6817,977607,4477900
2772,334,341,577742,6810,977948,4499300
2773,360,352,577382,6818,978300,4868100
2774,351,320,577031,6849,978620,5150900
2775,334,343,576697,6840,978963,4722900
2776,319,313,576378,6846,979276,4688500
2777,365,304,576013,6907,979580,4821600
2778,365,369,575648,6903,979949,4906200
2779,366,393,575282,6876,980342,4891800
2780,358,330,574924,6904,980672,5000900
2781,355,330,574569,6929,981002,4975400
2782,321,363,574248,6887,981365,4448700
2783,364,346,573884,6905,981711,4563900
2784,346,336,573538,6915,982047,4464900
2785,350,349,573188,6916,982396,4467200
2786,353,340,572835,6929,982736,4397400
2787,326,356,572509,6899,983092,4721900
2788,344,364,572165,6879,983456,4625500
2789,336,327,571829,6888,983783,4450400
2790,374,354,571455,6908,984137,4542400
2791,352,341,571103,6919,984478,4949600
2792,352,362,570751,6909,984840,5438800
2793,342,352,570409,6899,985192,5086000
2794,375,351,570034,6923,985543,5347200
2795,342,337,569692,6928,985880,5349200
2796,331,344,569361,6915,986224,5111400
2797,356,326,569005,6945,986550,4809700
2798,341,334,568664,6952,986884,5917500
2799,332,327,568332,6957,987211,5469800
2800,332,359,568000,6930,987570,5049600
2801,337,359,567663,6908,987929,5115100
2802,336,328,567327,6916,988257,5336400
2803,323,341,567004,6898,988598,4794500
2804,387,358,566617,6927,988956,4857200
2805,367,383,566250,6911,989339,5321200
2806,364,371,565886,6904,989710,4697400
2807,354,350,565532,6908,990060,4535500
2808,330,358,565202,6880,990418,4530300
2809,333,330,564869,6883,990748,4910700
2810,322,308,564547,6897,991056,4767200
2811,336,366,564211,6867,991422,4737700
2812,326,327,563885,6866,991749,4818800
2813,354,336,563531,6884,992085,4919000
2814,356,366,563175,6874,992451,4753500
2815,346,350,562829,6870,992801,4715100
2816,353,354,562476,6869,993155,4674300
2817,337,345,562139,6861,993500,4684800
2818,354,341,561785,6874,993841,4757700
2819,323,354,561462,6843,994195,4601800
2820,334,350,561128,6827,994545,4547800
2821,340,329,560788,6838,994874,4556600
2822,349,350,560439,6837,995224,4503600
2823,338,351,560101,6824,995575,4519700
2824,318,345,559783,6797,995920,4507100
2825,357,339,559426,6815,996259,4587800
2826,337,332,559089,6820,996591,4443900
2827,329,358,558760,6791,996949,4897900
2828,306,339,558454,6758,997288,4822600
2829,361,335,558093,6784,997623,5042400
2830,337,347,557756,6774,997970,4962700
2831,364,313,557392,6825,998283,4721100
2832,340,336,557052,6829,998619,4914100
2833,356,348,556696,6837,998967,4404700
2834,343,280,556353,6900,999247,4373900
2835,344,341,556009,6903,999588,4367800
2836,338,358,555671,6883,999946,4622300
2837,346,315,555325,6914,1000261,4343200
2838,322,360,555003,6876,1000621,4293900
2839,330,330,554673,6876,1000951,4531100
2840,356,378,554317,6854,1001329,4295900
2841,317,341,554000,6830,1001670,4316900
2842,303,364,553697,6769,1002034,4267800
2843,339,311,553358,6797,1002345,4337500
2844,357,354,553001,6800,1002699,4313300
2845,308,335,552693,6773,1003034,4274500
2846,363,351,552330,6785,1003385,4310600
2847,335,339,551995,6781,1003724,4254400
2848,349,360,551646,6770,1004084,4270400
2849,355,353,551291,6772,1004437,4246800
2850,342,387,550949,6727,1004824,4285100
2851,343,363,550606,6707,1005187,4280600
2852,354,343,550252,6718,1005530,4265900
2853,298,367,549954,6649,1005897,4241700
2854,327,331,549627,6645,1006228,4565600
2855,347,318,549280,6674,1006546,4350200
2856,329,334,548951,6669,1006880,4540500
2857,334,376,548617,6627,1007256,4379300
2858,343,348,548274,6622,1007604,4593400
2859,356,330,547918,6648,1007934,4540200
2860,372,342,547546,6678,1008276,4475600
2861,320,350,547226,6648,1008626,4985600
2862,352,351,546874,6649,1008977,4405800
2863,330,317,546544,6662,1009294,4483300
2864,319,303,546225,6678,1009597,4760100
2865,334,315,545891,6697,1009912,4408800
2866,348,354,545543,6691,1010266,4367900
2867,315,338,545228,6668,1010604,4332200
2868,337,356,544891,6649,1010960,4378200
2869,366,319,544525,6696,1011279,4284800
2870,348,311,544177,6733,1011590,4578100
2871,346,347,543831,6732,1011937,4398400
2872,327,317,543504,6742,1012254,4321000
2873,327,350,543177,6719,1012604,4296100
2874,345,359,542832,6705,1012963,4314800
2875,358,357,542474,6706,1013320,4453500
2876,335,336,542139,6705,1013656,4293200
2877,325,384,541814,6646,1014040,4269500
2878,344,330,541470,6660,1014370,4311800
2879,337,293,541133,6704,1014663,4284700
2880,323,361,540810,6666,1015024,4271400
2881,369,347,540441,6688,1015371,4253100
2882,336,332,540105,6692,1015703,4403600
2883,370,354,539735,6708,1016057,4416600
2884,345,336,539390,6717,1016393,4447500
2885,364,336,539026,6745,1016729,4401100
2886,340,339,538686,6746,1017068,4722900
2887,358,340,538328,6764,1017408,4394200
2888,362,344,537966,6782,1017752,4294600
2889,349,323,537617,6808,1018075,4567500
2890,352,360,537265,6800,1018435,4372500
2891,379,353,536886,6826,1018788,4289300
2892,347,348,536539,6825,1019136,4723100
2893,348,307,536191,6866,1019443,4634100
2894,371,337,535820,6900,1019780,4316600
2895,359,339,535461,6920,1020119,4293400
2896,395,319,535066,6996,1020438,4305200
2897,350,343,534716,7003,1020781,4298800
2898,338,345,534378,6996,1021126,4286000
2899,370,342,534008,7024,1021468,4324000
2900,362,350,533646,7036,1021818,4710100
2901,348,356,533298,7028,1022174,4292600
2902,371,376,532927,7023,1022550,4283100
2903,372,356,532555,7039,1022906,4432200
2904,332,370,532223,7001,1023276,4357600
2905,332,335,531891,6998,1023611,4417900
2906,322,383,531569,6937,1023994,4360400
2907,339,361,531230,6915,1024355,4320700
2908,354,337,530876,6932,1024692,4334000
2909,307,350,530569,6889,1025042,4336900
2910,332,359,530237,6862,1025401,4273900
2911,343,343,529894,6862,1025744,4312400
2912,332,348,529562,6846,1026092,4340600
2913,353,363,529209,6836,1026455,4289600
2914,329,369,528880,6796,1026824,4490000
2915,359,329,528521,6826,1027153,4325600
2916,334,350,528187,6810,1027503,4299200
2917,333,335,527854,6808,1027838,4266200
2918,347,332,527507,6823,1028170,4683700
2919,324,346,527183,6801,1028516,4496900
2920,354,310,526829,6845,1028826,4404400
2921,333,307,526496,6871,1029133,4531000
2922,369,311,526127,6929,1029444,4402300
2923,341,351,525786,6919,1029795,4357500
2924,340,301,525446,6958,1030096,4300100
2925,354,360,525092,6952,1030456,4322600
2926,347,350,524745,6949,1030806,4316400
2927,326,337,524419,6938,1031143,4304600
2928,345,305,524074,6978,1031448,4293300
2929,339,344,523735,6973,1031792,4330500
2930,332,340,523403,6965,1032132,4391500
2931,357,370,523046,6952,1032502,4315800
2932,321,401,522725,6872,1032903,4587300
2933,380,353,522345,6899,1033256,4391800
2934,366,343,521979,6922,1033599,4313600
2935,340,380,521639,6882,1033979,4364000
2936,356,355,521283,6883,1034334,4614900
2937,335,329,520948,6889,1034663,4392700
2938,354,370,520594,6873,1035033,4342800
2939,357,324,520237,6906,1035357,4381600
2940,392,363,519845,6935,1035720,4428000
2941,350,344,519495,6941,1036064,4383200
2942,338,355,519157,6924,1036419,4330300
2943,375,361,518782,6938,1036780,4346900
2944,307,358,518475,6887,1037138,4279100
2945,317,335,518158,6869,1037473,4275600
2946,362,358,517796,6873,1037831,4366000
2947,373,336,517423,6910,1038167,4481300
2948,370,347,517053,6933,1038514,4286600
2949,371,346,516682,6958,1038860,4261400
2950,330,355,516352,6933,1039215,4664700
2951,341,329,516011,6945,1039544,4359700
2952,353,338,515658,6960,1039882,4267200
2953,354,342,515304,6972,1040224,4252500
2954,391,354,514913,7009,1040578,4593000
2955,351,338,514562,7022,1040916,4320500
2956,371,330,514191,7063,1041246,4377300
2957,353,344,513838,7072,1041590,5068000
2958,405,350,513433,7127,1041940,4667900
2959,372,388,513061,7111,1042328,5216200
2960,362,334,512699,7139,1042662,4882700
2961,364,331,512335,7172,1042993,4630400
2962,380,365,511955,7187,1043358,4398400
2963,344,315,511611,7216,1043673,4472100
2964,373,337,511238,7252,1044010,4947800
2965,342,369,510896,7225,1044379,4559600
2966,331,353,510565,7203,1044732,4524900
2967,388,358,510177,7233,1045090,4486200
2968,369,393,509808,7209,1045483,4445100
2969,361,370,509447,7200,1045853,4379800
2970,363,363,509084,7200,1046216,5173800
2971,387,404,508697,7183,1046620,12115600
2972,340,347,508357,7176,1046967,12203200
2973,362,352,507995,7186,1047319,6356600
2974,366,330,507629,7222,1047649,6767600
2975,338,354,507291,7206,1048003,6192100
2976,337,338,506954,7205,1048341,5667300
2977,373,348,506581,7230,1048689,5293400
2978,341,372,506240,7199,1049061,4860000
2979,343,389,505897,7153,1049450,5015100
2980,343,375,505554,7121,1049825,4721600
2981,314,373,505240,7062,1050198,5089200
2982,337,345,504903,7054,1050543,7438500
2983,324,378,504579,7000,1050921,5111100
2984,343,381,504236,6962,1051302,4485400
2985,359,345,503877,6976,1051647,4637700
2986,337,348,503540,6965,1051995,4407800
2987,354,343,503186,6976,1052338,4437600
2988,329,335,502857,6970,1052673,4517300
2989,367,391,502490,6946,1053064,4512700
2990,355,364,502135,6937,1053428,4557000
2991,345,358,501790,6924,1053786,4455900
2992,375,344,501415,6955,1054130,4445700
2993,340,347,501075,6948,1054477,4402800
2994,334,308,500741,6974,1054785,4347900
2995,352,361,500389,6965,1055146,4385900
2996,355,354,500034,6966,1055500,4806000
2997,329,308,499705,6987,1055808,4482900
2998,335,350,499370,6972,1056158,4376300
2999,348,339,499022,6981,1056497,4406600
3000,356,380,498666,6957,1056877,4406500
3001,333,368,498333,6922,1057245,4435600
3002,355,330,497978,6947,1057575,4397400
3003,340,357,497638,6930,1057932,4517700
3004,323,363,497315,6890,1058295,4582100
3005,343,348,496972,6885,1058643,4421800
3006,357,305,496615,6937,1058948,4593700
3007,355,348,496260,6944,1059296,4502900
3008,346,374,495914,6916,1059670,4430500
3009,354,303,495560,6967,1059973,4480900
3010,362,320,495198,7009,1060293,4411800
3011,377,356,494821,7030,1060649,4540400
3012,356,351,494465,7035,1061000,4574700
3013,352,350,494113,7037,1061350,4660000
3014,331,334,493782,7034,1061684,4660200
3015,325,371,493457,6988,1062055,4524100
3016,396,369,493061,7015,1062424,4752200
3017,351,354,492710,7012,1062778,4902100
3018,366,325,492344,7053,1063103,4804300
3019,333,363,492011,7023,1063466,4463400
3020,339,350,491672,7012,1063816,4456400
3021,341,343,491331,7010,1064159,4446700
3022,363,363,490968,7010,1064522,4592300
3023,358,384,490610,6984,1064906,4550800
3024,338,335,490272,6987,1065241,4473000
3025,389,333,489883,7043,1065574,4426600
3026,377,336,489506,7084,1065910,4449400
3027,377,339,489129,7122,1066249,4469600
3028,343,331,488786,7134,1066580,4488300
3029,375,338,488411,7171,1066918,4404000
3030,338,366,488073,7143,1067284,4502900
3031,367,369,487706,7141,1067653,4454700
3032,371,362,487335,7150,1068015,4517400
3033,356,322,486979,7184,1068337,4879300
3034,349,333,486630,7200,1068670,4525700
3035,365,336,486265,7229,1069006,4471500
3036,377,355,485888,7251,1069361,4432900
3037,385,356,485503,7280,1069717,5418200
3038,363,382,485140,7261,1070099,5399500
3039,354,355,484786,7260,1070454,4745400
3040,377,370,484409,7267,1070824,4646600
3041,388,381,484021,7274,1071205,4610700
3042,385,344,483636,7315,1071549,4575300
3043,355,370,483281,7300,1071919,4865400
3044,351,334,482930,7317,1072253,4801600
3045,358,379,482572,7296,1072632,4709200
3046,361,347,482211,7310,1072979,4638000
3047,343,373,481868,7280,1073352,4549300
3048,333,379,481535,7234,1073731,4510700
3049,337,351,481198,7220,1074082,4517000
3050,368,343,480830,7245,1074425,4433900
3051,341,369,480489,7217,1074794,4446500
3052,345,362,480144,7200,1075156,4523200
3053,371,366,479773,7205,1075522,4855600
3054,352,397,479421,7160,1075919,4881600
3055,341,373,479080,7128,1076292,4624700
3056,363,381,478717,7110,1076673,4762300
3057,353,356,478364,7107,1077029,4607900
3058,341,364,478023,7084,1077393,4559300
3059,346,341,477677,7089,1077734,4622400
3060,359,329,477318,7119,1078063,4629100
3061,364,367,476954,7116,1078430,4532400
3062,340,397,476614,7059,1078827,4867900
3063,328,357,476286,7030,1079184,4854500
3064,322,356,475964,6996,1079540,4899600
3065,345,320,475619,7021,1079860,4775800
3066,355,348,475264,7028,1080208,4758500
3067,340,377,474924,6991,1080585,4701100
3068,359,385,474565,6965,1080970,4733100
3069,377,355,474188,6987,1081325,4911100
3070,350,351,473838,6986,1081676,4754000
3071,383,315,473455,7054,1081991,4863300
3072,343,363,473112,7034,1082354,4712300
3073,360,401,472752,6993,1082755,4602900
3074,346,333,472406,7006,1083088,4736900
3075,379,319,472027,7066,1083407,5037000
3076,379,337,471648,7108,1083744,5282700
3077,373,369,471275,7112,1084113,4877800
3078,356,390,470919,7078,1084503,4940500
3079,383,338,470536,7123,1084841,4632500
3080,338,375,470198,7086,1085216,4895800
3081,383,392,469815,7077,1085608,5062700
3082,367,322,469448,7122,1085930,4798300
3083,346,346,469102,7122,1086276,4769600
3084,340,358,468762,7104,1086634,4508900
3085,363,352,468399,7115,1086986,4677200
3086,337,348,468062,7104,1087334,4491700
3087,345,346,467717,7103,1087680,4509700
3088,340,370,467377,7073,1088050,4562300
3089,304,318,467073,7059,1088368,4745400
3090,342,347,466731,7054,1088715,4511100
3091,353,353,466378,7054,1089068,4465000
3092,324,353,466054,7025,1089421,4496100
3093,352,323,465702,7054,1089744,4526200
3094,352,328,465350,7078,1090072,4590100
3095,351,321,464999,7108,1090393,4481000
3096,332,348,464667,7092,1090741,4383400
3097,326,362,464341,7056,1091103,4359100
3098,368,341,463973,7083,1091444,4356600
3099,366,340,463607,7109,1091784,4802000
3100,375,353,463232,7131,1092137,4591000
3101,367,377,462865,7121,1092514,4505900
3102,359,354,462506,7126,1092868,4797100
3103,389,321,462117,7194,1093189,4496800
3104,360,361,461757,7193,1093550,4516000
3105,364,383,461393,7174,1093933,4631800
3106,330,346,461063,7158,1094279,5241900
3107,398,338,460665,7218,1094617,4852000
3108,367,376,460298,7209,1094993,4544200
3109,365,382,459933,7192,1095375,4397000
3110,329,390,459604,7131,1095765,4363200
3111,352,336,459252,7147,1096101,4419400
3112,342,354,458910,7135,1096455,4417500
3113,332,345,458578,7122,1096800,4357800
3114,410,340,458168,7192,1097140,4350800
3115,357,344,457811,7205,1097484,4311700
3116,393,370,457418,7228,1097854,4997600
3117,368,389,457050,7207,1098243,5254900
3118,364,401,456686,7170,1098644,4400500
3119,344,367,456342,7147,1099011,4842900
3120,339,356,456003,7130,1099367,4383900
3121,355,346,455648,7139,1099713,4525700
3122,377,349,455271,7167,1100062,4644300
3123,357,344,454914,7180,1100406,4831200
3124,363,337,454551,7206,1100743,4543900
3125,389,349,454162,7246,1101092,4394100
3126,370,386,453792,7230,1101478,4636900
3127,366,341,453426,7255,1101819,4370100
3128,381,365,453045,7271,1102184,4378300
3129,366,385,452679,7252,1102569,4619700
3130,369,347,452310,7274,1102916,4534100
3131,373,377,451937,7270,1103293,4359600
3132,362,392,451575,7240,1103685,4379500
3133,356,360,451219,7236,1104045,4606000
3134,366,361,450853,7241,1104406,4363600
3135,361,372,450492,7230,1104778,4339800
3136,385,405,450107,7210,1105183,4763200
3137,364,369,449743,7205,1105552,4344900
3138,345,352,449398,7198,1105904,4382200
3139,352,393,449046,7157,1106297,4371700
3140,349,344,448697,7162,1106641,4841800
3141,341,340,448356,7163,1106981,4424700
3142,324,332,448032,7155,1107313,4422300
3143,355,363,447677,7147,1107676,4415700
3144,344,353,447333,7138,1108029,4637800
3145,373,366,446960,7145,1108395,4370800
3146,321,351,446639,7115,1108746,4358200
3147,375,337,446264,7153,1109083,4739700
3148,355,320,445909,7188,1109403,4398500
3149,371,342,445538,7217,1109745,4629700
3150,359,351,445179,7225,1110096,4439600
3151,354,347,444825,7232,1110443,4420500
3152,365,344,444460,7253,1110787,4373200
3153,351,405,444109,7199,1111192,4351500
3154,355,365,443754,7189,1111557,4593700
3155,330,390,443424,7129,1111947,4405500
3156,351,370,443073,7110,1112317,4367100
3157,361,349,442712,7122,1112666,4537700
3158,356,359,442356,7119,1113025,4342400
3159,348,334,442008,7133,1113359,4360100
3160,375,353,441633,7155,1113712,4323700
3161,359,367,441274,7147,1114079,4375600
3162,384,325,440890,7206,1114404,4373500
3163,377,391,440513,7192,1114795,4389300
3164,372,347,440141,7217,1115142,4534900
3165,381,350,439760,7248,1115492,4639800
3166,339,366,439421,7221,1115858,4356300
3167,341,333,439080,7229,1116191,4322000
3168,415,349,438665,7295,1116540,4382500
3169,383,382,438282,7296,1116922,4382600
3170,378,384,437904,7290,1117306,4370600
3171,353,393,437551,7250,1117699,4384600
3172,360,384,437191,7226,1118083,4389800
3173,348,362,436843,7212,1118445,4520200
3174,346,378,436497,7180,1118823,4481600
3175,337,369,436160,7148,1119192,4502900
3176,385,400,435775,7133,1119592,4549500
3177,328,351,435447,7110,1119943,4434300
3178,373,367,435074,7116,1120310,4950000
3179,379,323,434695,7172,1120633,4676000
3180,372,362,434323,7182,1120995,4572000
3181,334,392,433989,7124,1121387,4415800
3182,354,361,433635,7117,1121748,4487000
3183,402,366,433233,7153,1122114,4425800
3184,367,382,432866,7138,1122496,4655800
3185,355,355,432511,7138,1122851,4824800
3186,333,360,432178,7111,1123211,4487600
3187,365,361,431813,7115,1123572,4403900
3188,347,360,431466,7102,1123932,4666600
3189,349,348,431117,7103,1124280,4536900
3190,359,345,430758,7117,1124625,4385600
3191,363,353,430395,7127,1124978,4414700
3192,378,379,430017,7126,1125357,4912200
3193,366,371,429651,7121,1125728,4339200
3194,349,342,429302,7128,1126070,4335400
3195,363,337,428939,7154,1126407,4492600
3196,305,382,428634,7077,1126789,4665900
3197,330,346,428304,7061,1127135,4361300
3198,336,330,427968,7067,1127465,4339600
3199,342,351,427626,7058,1127816,4408300
3200,361,350,427265,7069,1128166,4361100
3201,339,348,426926,7060,1128514,4367200
3202,328,360,426598,7028,1128874,4333100
3203,361,333,426237,7056,1129207,4407300
3204,363,343,425874,7076,1129550,4508200
3205,309,341,425565,7044,1129891,4723300
3206,327,349,425238,7022,1130240,4873700
3207,368,362,424870,7028,1130602,4683100
3208,340,323,424530,7045,1130925,4512800
3209,367,386,424163,7026,1131311,4798300
3210,342,361,423821,7007,1131672,5304500
3211,372,353,423449,7026,1132025,5335500
3212,352,386,423097,6992,1132411,5427100
3213,326,387,422771,6931,1132798,4592100
3214,319,357,422452,6893,1133155,4645100
3215,331,344,422121,6880,1133499,4790000
3216,333,317,421788,6896,1133816,4744100
3217,343,322,421445,6917,1134138,4549400
3218,383,327,421062,6973,1134465,4558500
3219,370,337,420692,7006,1134802,4688600
3220,386,360,420306,7032,1135162,4653400
3221,386,353,419920,7065,1135515,4961200
3222,355,347,419565,7073,1135862,4424700
3223,367,365,419198,7075,1136227,5841600
3224,359,369,418839,7065,1136596,5445800
3225,375,386,418464,7054,1136982,5848400
3226,376,376,418088,7054,1137358,5556500
3227,347,365,417741,7036,1137723,8929000
3228,346,358,417395,7024,1138081,6384000
3229,373,339,417022,7058,1138420,8148400
3230,365,363,416657,7060,1138783,5390700
3231,366,336,416291,7090,1139119,4880100
3232,351,389,415940,7052,1139508,5049500
3233,344,351,415596,7045,1139859,5147600
3234,385,377,415211,7053,1140236,6526400
3235,345,349,414866,7049,1140585,4728900
3236,369,379,414497,7039,1140964,4894900
3237,384,326,414113,7097,1141290,4648900
3238,338,360,413775,7075,1141650,4828100
3239,366,361,413409,7080,1142011,4744000
3240,364,361,413045,7083,1142372,4564700
3241,388,335,412657,7136,1142707,4833800
3242,372,349,412285,7159,1143056,4669400
3243,360,362,411925,7157,1143418,4494900
3244,346,331,411579,7172,1143749,4575400
3245,373,316,411206,7229,1144065,4692400
3246,379,329,410827,7279,1144394,4735500
3247,375,378,410452,7276,1144772,4722500
3248,353,409,410099,7220,1145181,4710200
3249,348,376,409751,7192,1145557,4586800
3250,363,314,409388,7241,1145871,4517300
3251,357,333,409031,7265,1146204,4646500
3252,361,402,408670,7224,1146606,4616900
3253,333,356,408337,7201,1146962,4601000
3254,335,336,408002,7200,1147298,4631700
3255,380,357,407622,7223,1147655,4578800
3256,380,369,407242,7234,1148024,4555100
3257,380,350,406862,7264,1148374,4467900
3258,343,343,406519,7264,1148717,4558200
3259,347,363,406172,7248,1149080,4838400
3260,376,337,405796,7287,1149417,4871400
3261,387,395,405409,7279,1149812,4809100
3262,367,366,405042,7280,1150178,5214700
3263,370,329,404672,7321,1150507,4843600
3264,404,341,404268,7384,1150848,4852700
3265,362,374,403906,7372,1151222,4921700
3266,400,386,403506,7386,1151608,4791300
3267,416,396,403090,7406,1152004,4599300
3268,331,350,402759,7387,1152354,4875200
3269,381,377,402378,7391,1152731,4656000
3270,359,400,402019,7350,1153131,4823000
3271,333,383,401686,7300,1153514,4515300
3272,352,406,401334,7246,1153920,4495600
3273,391,379,400943,7258,1154299,4642800
3274,388,368,400555,7278,1154667,4736200
3275,382,355,400173,7305,1155022,5207800
3276,380,392,399793,7293,1155414,5396900
3277,368,372,399425,7289,1155786,5553300
3278,372,354,399053,7307,1156140,4833200
3279,371,331,398682,7347,1156471,4597000
3280,355,376,398327,7326,1156847,4518200
3281,382,372,397945,7336,1157219,5447400
3282,386,377,397559,7345,1157596,5332100
3283,375,363,397184,7357,1157959,5357700
3284,353,370,396831,7340,1158329,5082900
3285,370,373,396461,7337,1158702,5118500
3286,354,354,396107,7337,1159056,5128200
3287,361,370,395746,7328,1159426,5177100
3288,392,373,395354,7347,1159799,5153000
3289,335,378,395019,7304,1160177,4984700
3290,353,392,394666,7265,1160569,5630000
3291,374,366,394292,7273,1160935,5105700
3292,337,400,393955,7210,1161335,4996600
3293,355,346,393600,7219,1161681,4881700
3294,371,349,393229,7241,1162030,4744800
3295,353,330,392876,7264,1162360,4663400
3296,393,366,392483,7291,1162726,4916200
3297,369,414,392114,7246,1163140,4641900
3298,378,333,391736,7291,1163473,4596300
3299,387,336,391349,7342,1163809,4600300
3300,390,373,390959,7359,1164182,4627500
3301,374,380,390585,7353,1164562,4605800
3302,389,410,390196,7332,1164972,4830200
3303,360,343,389836,7349,1165315,4842100
3304,380,343,389456,7386,1165658,4715300
3305,391,401,389065,7376,1166059,4726300
3306,350,384,388715,7342,1166443,4664400
3307,375,379,388340,7338,1166822,4872600
3308,393,358,387947,7373,1167180,4682300
3309,335,357,387612,7351,1167537,5203300
3310,405,368,387207,7388,1167905,5615700
3311,350,411,386857,7327,1168316,5601000
3312,350,341,386507,7336,1168657,5372900
3313,390,376,386117,7350,1169033,5280700
3314,337,351,385780,7336,1169384,5063700
3315,320,387,385460,7269,1169771,5179400
3316,348,362,385112,7255,1170133,5005000
3317,330,357,384782,7228,1170490,5048800
3318,362,341,384420,7249,1170831,5134000
3319,351,362,384069,7238,1171193,4697500
3320,343,342,383726,7239,1171535,4818300
3321,351,389,383375,7201,1171924,4831100
3322,339,340,383036,7200,1172264,4756600
3323,338,375,382698,7163,1172639,4986300
3324,347,363,382351,7147,1173002,5014000
3325,361,359,381990,7149,1173361,4902200
3326,358,369,381632,7138,1173730,4695100
3327,361,346,381271,7153,1174076,4833800
3328,342,354,380929,7141,1174430,4649000
3329,357,346,380572,7152,1174776,4572500
3330,391,352,380181,7191,1175128,4711900
3331,339,324,379842,7206,1175452,4683200
3332,370,341,379472,7235,1175793,4622800
3333,410,364,379062,7281,1176157,4611000
3334,351,346,378711,7286,1176503,4646400
3335,376,420,378335,7242,1176923,4606900
3336,392,347,377943,7287,1177270,4649100
3337,377,313,377566,7351,1177583,4757600
3338,357,341,377209,7367,1177924,4643300
3339,380,351,376829,7396,1178275,4601900
3340,364,357,376465,7403,1178632,4562000
3341,421,382,376044,7442,1179014,4595200
3342,370,363,375674,7449,1179377,4637400
3343,381,382,375293,7448,1179759,4749300
3344,387,394,374906,7441,1180153,4757100
3345,405,377,374501,7469,1180530,4748900
3346,369,353,374132,7485,1180883,4560500
3347,396,351,373736,7530,1181234,4582500
3348,402,370,373334,7562,1181604,4620000
3349,392,385,372942,7569,1181989,4748100
3350,351,380,372591,7540,1182369,4768300
3351,394,386,372197,7548,1182755,5213900
3352,378,394,371819,7532,1183149,4927800
3353,362,392,371457,7502,1183541,4813700
3354,385,386,371072,7501,1183927,4748900
3355,359,339,370713,7521,1184266,4953500
3356,366,384,370347,7503,1184650,4490500
3357,382,349,369965,7536,1184999,4934900
3358,364,363,369601,7537,1185362,4570800
3359,357,391,369244,7503,1185753,4473400
3360,380,418,368864,7465,1186171,4437700
3361,345,395,368519,7415,1186566,4776100
3362,385,385,368134,7415,1186951,4455000
3363,378,355,367756,7438,1187306,4542800
3364,380,373,367376,7445,1187679,4801800
3365,360,389,367016,7416,1188068,4451200
3366,329,383,366687,7362,1188451,4400000
3367,379,364,366308,7377,1188815,4468000
3368,339,379,365969,7337,1189194,4650800
3369,359,356,365610,7340,1189550,4569500
3370,356,360,365254,7336,1189910,4497300
3371,356,388,364898,7304,1190298,4520400
3372,363,384,364535,7283,1190682,4493900
3373,374,346,364161,7311,1191028,4465500
3374,344,374,363817,7281,1191402,4845600
3375,356,355,363461,7282,1191757,4597900
3376,329,352,363132,7259,1192109,4489300
3377,354,358,362778,7255,1192467,4438700
3378,327,430,362451,7152,1192897,4455000
3379,362,363,362089,7151,1193260,4505900
3380,348,349,361741,7150,1193609,4877700
3381,363,376,361378,7137,1193985,4796400
3382,346,375,361032,7108,1194360,4609200
3383,359,395,360673,7072,1194755,4415200
3384,357,359,360316,7070,1195114,4479100
3385,326,360,359990,7036,1195474,4560500
3386,345,375,359645,7006,1195849,4550400
3387,362,382,359283,6986,1196231,4448400
3388,341,339,358942,6988,1196570,4773400
3389,356,355,358586,6989,1196925,4489800
3390,347,366,358239,6970,1197291,4433200
3391,373,361,357866,6982,1197652,4535800
3392,393,343,357473,7032,1197995,4505500
3393,335,366,357138,7001,1198361,4395800
3394,334,381,356804,6954,1198742,4465100
3395,336,349,356468,6941,1199091,4511800
3396,341,342,356127,6940,1199433,5246400
3397,376,355,355751,6961,1199788,4557000
3398,365,370,355386,6956,1200158,4887500
3399,369,372,355017,6953,1200530,4487100
3400,366,359,354651,6960,1200889,4417400
3401,359,367,354292,6952,1201256,4467600
3402,354,342,353938,6964,1201598,4449700
3403,350,328,353588,6986,1201926,4551100
3404,325,339,353263,6972,1202265,4527600
3405,342,342,352921,6972,1202607,4629200
3406,350,392,352571,6930,1202999,4428800
3407,354,323,352217,6961,1203322,4506100
3408,386,360,351831,6987,1203682,4666000
3409,388,365,351443,7010,1204047,4716600
3410,349,341,351094,7018,1204388,4472500
3411,351,343,350743,7026,1204731,4513600
3412,351,352,350392,7025,1205083,4535200
3413,373,346,350019,7052,1205429,4594300
3414,336,354,349683,7034,1205783,5070300
3415,390,358,349293,7066,1206141,4849200
3416,365,360,348928,7071,1206501,4495700
3417,325,376,348603,7020,1206877,4444300
3418,352,359,348251,7013,1207236,4483800
3419,345,320,347906,7038,1207556,4451200
3420,372,345,347534,7065,1207901,4511700
3421,367,389,347167,7043,1208290,4487800
3422,372,334,346795,7081,1208624,4753400
3423,330,353,346465,7058,1208977,4635100
3424,327,317,346138,7068,1209294,4522300
3425,365,343,345773,7090,1209637,4850300
3426,361,367,345412,7084,1210004,4560200
3427,338,372,345074,7050,1210376,4538700
3428,374,352,344700,7072,1210728,4509700
3429,390,347,344310,7115,1211075,4603100
3430,345,360,343965,7100,1211435,4993200
3431,381,351,343584,7130,1211786,4505500
3432,358,366,343226,7122,1212152,5660400
3433,351,369,342875,7104,1212521,5093900
3434,347,345,342528,7106,1212866,4842800
3435,370,359,342158,7117,1213225,4918000
3436,366,356,341792,7127,1213581,4845300
3437,359,341,341433,7145,1213922,4645000
3438,317,351,341116,7111,1214273,4836000
3439,330,342,340786,7099,1214615,4814600
3440,387,374,340399,7112,1214989,4947700
3441,361,366,340038,7107,1215355,4946500
3442,311,362,339727,7056,1215717,4920100
3443,326,362,339401,7020,1216079,4883200
3444,311,350,339090,6981,1216429,4548000
3445,359,362,338731,6978,1216791,4451600
3446,307,334,338424,6951,1217125,4449300
3447,360,343,338064,6968,1217468,4529400
3448,333,358,337731,6943,1217826,4596100
3449,330,370,337401,6903,1218196,4513400
3450,355,333,337046,6925,1218529,4429900
3451,354,356,336692,6923,1218885,4499000
3452,335,382,336357,6876,1219267,4444000
3453,346,368,336011,6854,1219635,4591300
3454,350,323,335661,6881,1219958,4865700
3455,377,364,335284,6894,1220322,4590700
3456,346,365,334938,6875,1220687,4462700
3457,341,332,334597,6884,1221019,4446100
3458,338,334,334259,6888,1221353,4924600
3459,335,347,333924,6876,1221700,4541200
3460,350,334,333574,6892,1222034,4513600
3461,382,345,333192,6929,1222379,4390400
3462,359,347,332833,6941,1222726,4432000
3463,360,303,332473,6998,1223029,4407400
3464,388,357,332085,7029,1223386,4509500
3465,376,362,331709,7043,1223748,4657100
3466,361,337,331348,7067,1224085,4452100
3467,360,354,330988,7073,1224439,4570200
3468,319,361,330669,7031,1224800,4871600
3469,346,353,330323,7024,1225153,4962500
3470,361,396,329962,6989,1225549,4794600
3471,356,324,329606,7021,1225873,5228400
3472,323,356,329283,6988,1226229,4825300
3473,376,355,328907,7009,1226584,4551500
3474,353,332,328554,7030,1226916,4471100
3475,354,358,328200,7026,1227274,4590600
3476,351,331,327849,7046,1227605,4449300
3477,344,369,327505,7021,1227974,4555800
3478,334,341,327171,7014,1228315,4574000
3479,341,330,326830,7025,1228645,4589000
3480,349,339,326481,7035,1228984,4536400
3481,333,336,326148,7032,1229320,4566900
3482,338,366,325810,7004,1229686,5066300
3483,350,343,325460,7011,1230029,4684000
3484,348,358,325112,7001,1230387,4830200
3485,334,343,324778,6992,1230730,4663500
3486,346,358,324432,6980,1231088,4407200
3487,325,310,324107,6995,1231398,4414600
3488,358,358,323749,6995,1231756,4699000
3489,296,320,323453,6971,1232076,4457800
3490,323,338,323130,6956,1232414,4476600
3491,341,333,322789,6964,1232747,4443700
3492,379,352,322410,6991,1233099,4693900
3493,363,354,322047,7000,1233453,4416200
3494,346,356,321701,6990,1233809,4432500
3495,352,337,321349,7005,1234146,4837500
3496,361,355,320988,7011,1234501,4438000
3497,383,343,320605,7051,1234844,4394000
3498,345,358,320260,7038,1235202,4421200
3499,365,344,319895,7059,1235546,4670300
3500,381,367,319514,7073,1235913,4696100
3501,361,350,319153,7084,1236263,4865000
3502,348,353,318805,7079,1236616,4706100
3503,365,381,318440,7063,1236997,4888200
3504,367,368,318073,7062,1237365,4924700
3505,346,338,317727,7070,1237703,4673800
3506,356,340,317371,7086,1238043,4491100
3507,351,353,317020,7084,1238396,4499900
3508,381,293,316639,7172,1238689,4459800
3509,375,356,316264,7191,1239045,4581700
3510,349,386,315915,7154,1239431,4383500
3511,352,343,315563,7163,1239774,4413900
3512,395,344,315168,7214,1240118,4577100
3513,356,358,314812,7212,1240476,4610300
3514,361,366,314451,7207,1240842,4476500
3515,343,363,314108,7187,1241205,4416900
3516,364,399,313744,7152,1241604,4538300
3517,362,355,313382,7159,1241959,4474600
3518,374,364,313008,7169,1242323,4550400
3519,356,349,312652,7176,1242672,4732400
3520,335,370,312317,7141,1243042,4388700
3521,325,361,311992,7105,1243403,4442000
3522,336,340,311656,7101,1243743,4388900
3523,345,350,311311,7096,1244093,4532500
3524,328,330,310983,7094,1244423,4474900
3525,336,367,310647,7063,1244790,4408900
3526,336,358,310311,7041,1245148,5066000
3527,343,353,309968,7031,1245501,4511000
3528,333,354,309635,7010,1245855,4563700
3529,366,320,309269,7056,1246175,4657800
3530,339,371,308930,7024,1246546,4827000
3531,337,379,308593,6982,1246925,4555800
3532,390,337,308203,7035,1247262,4579100
3533,345,373,307858,7007,1247635,4946600
3534,334,313,307524,7028,1247948,4588400
3535,337,348,307187,7017,1248296,5375500
3536,334,353,306853,6998,1248649,4864100
3537,388,341,306465,7045,1248990,4499000
3538,354,368,306111,7031,1249358,4419000
3539,386,319,305725,7098,1249677,4414300
3540,347,379,305378,7066,1250056,4467200
3541,351,352,305027,7065,1250408,4487200
3542,346,340,304681,7071,1250748,4457300
3543,336,321,304345,7086,1251069,4552100
3544,337,360,304008,7063,1251429,4373700
3545,315,316,303693,7062,1251745,4368900
3546,354,373,303339,7043,1252118,4433500
3547,338,356,303001,7025,1252474,4523400
3548,358,342,302643,7041,1252816,4421900
3549,342,352,302301,7031,1253168,4361900
3550,369,364,301932,7036,1253532,4446400
3551,348,381,301584,7003,1253913,4470300
3552,354,374,301230,6983,1254287,4457400
3553,351,351,300879,6983,1254638,4604100
3554,319,332,300560,6970,1254970,4486300
3555,346,383,300214,6933,1255353,4430700
3556,360,362,299854,6931,1255715,4399200
3557,332,357,299522,6906,1256072,4830800
3558,372,336,299150,6942,1256408,4485700
3559,317,337,298833,6922,1256745,4390300
3560,343,322,298490,6943,1257067,4755100
3561,320,347,298170,6916,1257414,4389900
3562,313,330,297857,6899,1257744,4455200
3563,320,358,297537,6861,1258102,5026400
3564,315,374,297222,6802,1258476,5196400
3565,333,337,296889,6798,1258813,4588500
3566,334,350,296555,6782,1259163,4424900
3567,315,334,296240,6763,1259497,4690400
3568,338,304,295902,6797,1259801,4391800
3569,334,318,295568,6813,1260119,4474600
3570,326,324,295242,6815,1260443,4990700
3571,313,344,294929,6784,1260787,4435800
3572,354,300,294575,6838,1261087,4391400
3573,353,370,294222,6821,1261457,4692500
3574,315,338,293907,6798,1261795,5511700
3575,304,328,293603,6774,1262123,5352200
3576,355,318,293248,6811,1262441,5076700
3577,353,344,292895,6820,1262785,5282800
3578,336,341,292559,6815,1263126,4876900
3579,348,332,292211,6831,1263458,4880800
3580,367,340,291844,6858,1263798,5008700
3581,329,328,291515,6859,1264126,4613800
3582,353,321,291162,6891,1264447,4495400
3583,340,384,290822,6847,1264831,4791900
3584,343,306,290479,6884,1265137,4938700
3585,359,358,290120,6885,1265495,4934200
3586,353,334,289767,6904,1265829,4944100
3587,346,336,289421,6914,1266165,4658000
3588,345,372,289076,6887,1266537,4556500
3589,341,363,288735,6865,1266900,4499900
3590,324,348,288411,6841,1267248,4729600
3591,376,347,288035,6870,1267595,4616100
3592,372,341,287663,6901,1267936,4684600
3593,334,362,287329,6873,1268298,4566100
3594,379,335,286950,6917,1268633,4527100
3595,356,360,286594,6913,1268993,4502500
3596,338,349,286256,6902,1269342,4523100
3597,334,342,285922,6894,1269684,4577700
3598,334,343,285588,6885,1270027,4695200
3599,342,363,285246,6864,1270390,4568100
3600,335,368,284911,6831,1270758,4808600
3601,353,321,284558,6863,1271079,4599600
3602,322,360,284236,6825,1271439,4519600
3603,325,356,283911,6794,1271795,4634700
3604,338,353,283573,6779,1272148,4674700
3605,363,334,283210,6808,1272482,4570300
3606,353,302,282857,6859,1272784,4503900
3607,399,321,282458,6937,1273105,4511600
3608,327,329,282131,6935,1273434,4528500
3609,316,350,281815,6901,1273784,4582500
3610,355,351,281460,6905,1274135,4676500
3611,330,367,281130,6868,1274502,4617900
3612,365,361,280765,6872,1274863,4504800
3613,333,327,280432,6878,1275190,4594900
3614,358,326,280074,6910,1275516,5027400
3615,360,336,279714,6934,1275852,4606100
3616,322,362,279392,6894,1276214,4678100
3617,341,329,279051,6906,1276543,4528000
3618,387,369,278664,6924,1276912,4380500
3619,360,344,278304,6940,1277256,4404900
3620,346,349,277958,6937,1277605,4640800
3621,370,341,277588,6966,1277946,4523600
3622,366,343,277222,6989,1278289,4514700
3623,365,315,276857,7039,1278604,4596900
3624,345,344,276512,7040,1278948,4599700
3625,354,401,276158,6993,1279349,4422300
3626,351,346,275807,6998,1279695,4615400
3627,340,365,275467,6973,1280060,4954300
3628,331,338,275136,6966,1280398,4466000
3629,332,331,274804,6967,1280729,4386700
3630,300,334,274504,6933,1281063,4716300
3631,327,361,274177,6899,1281424,4505200
3632,340,345,273837,6894,1281769,4506200
3633,329,372,273508,6851,1282141,4646100
3634,337,339,273171,6849,1282480,4442500
3635,302,363,272869,6788,1282843,4393300
3636,348,307,272521,6829,1283150,4380400
3637,329,334,272192,6824,1283484,4704300
3638,299,370,271893,6753,1283854,4549100
3639,346,339,271547,6760,1284193,4441400
3640,346,326,271201,6780,1284519,4382900
3641,315,335,270886,6760,1284854,4694000
3642,321,339,270565,6742,1285193,4382100
3643,326,353,270239,6715,1285546,4614700
3644,319,325,269920,6709,1285871,5297800
3645,331,335,269589,6705,1286206,4527800
3646,314,304,269275,6715,1286510,4430600
3647,329,325,268946,6719,1286835,4460400
3648,343,312,268603,6750,1287147,4508100
3649,327,329,268276,6748,1287476,4562400
3650,301,306,267975,6743,1287782,4530600
3651,292,306,267683,6729,1288088,4473900
3652,306,344,267377,6691,1288432,4446900
3653,319,327,267058,6683,1288759,4454500
3654,319,322,266739,6680,1289081,4663600
3655,319,300,266420,6699,1289381,5308000
3656,323,347,266097,6675,1289728,5153700
3657,297,347,265800,6625,1290075,5185200
3658,350,309,265450,6666,1290384,5142400
3659,330,343,265120,6653,1290727,4446400
3660,302,337,264818,6618,1291064,4389300
3661,308,327,264510,6599,1291391,4614900
3662,295,293,264215,6601,1291684,4457100
3663,303,341,263912,6563,1292025,4496600
3664,299,312,263613,6550,1292337,4770700
3665,342,330,263271,6562,1292667,4424900
3666,339,300,262932,6601,1292967,4449500
3667,324,303,262608,6622,1293270,4442000
3668,337,318,262271,6641,1293588,4565300
3669,331,302,261940,6670,1293890,4479100
3670,353,362,261587,6661,1294252,4432600
3671,358,337,261229,6682,1294589,4710500
3672,316,361,260913,6637,1294950,4448600
3673,360,331,260553,6666,1295281,4530000
3674,311,335,260242,6642,1295616,4710900
3675,314,336,259928,6620,1295952,4873500
3676,334,344,259594,6610,1296296,4449900
3677,320,335,259274,6595,1296631,4392500
3678,320,323,258954,6592,1296954,4464400
3679,357,355,258597,6594,1297309,4585600
3680,342,311,258255,6625,1297620,4483000
3681,310,327,257945,6608,1297947,4774100
3682,322,335,257623,6595,1298282,4566700
3683,324,346,257299,6573,1298628,4465300
3684,297,330,257002,6540,1298958,4501600
3685,320,339,256682,6521,1299297,4617500
3686,314,319,256368,6516,1299616,4540800
3687,316,344,256052,6488,1299960,4516300
3688,345,324,255707,6509,1300284,4605700
3689,343,351,255364,6501,1300635,4578800
3690,338,338,255026,6501,1300973,4533200
3691,317,297,254709,6521,1301270,4529900
3692,346,318,254363,6549,1301588,4709100
3693,330,334,254033,6545,1301922,4586300
3694,297,312,253736,6530,1302234,4424300
3695,333,313,253403,6550,1302547,4517800
3696,358,313,253045,6595,1302860,4666700
3697,323,332,252722,6586,1303192,4487200
3698,327,315,252395,6598,1303507,4518500
3699,300,329,252095,6569,1303836,4441200
3700,333,337,251762,6565,1304173,4443500
3701,330,313,251432,6582,1304486,5338000
3702,317,346,251115,6553,1304832,4730000
3703,325,325,250790,6553,1305157,4742700
3704,335,317,250455,6571,1305474,4652500
3705,337,300,250118,6608,1305774,4546500
3706,331,362,249787,6577,1306136,4527100
3707,324,327,249463,6574,1306463,4579700
3708,293,314,249170,6553,1306777,4637000
3709,325,327,248845,6551,1307104,4874800
3710,296,305,248549,6542,1307409,4716600
3711,328,316,248221,6554,1307725,4826100
3712,336,325,247885,6565,1308050,4455100
3713,348,347,247537,6566,1308397,4428000
3714,289,337,247248,6518,1308734,4527500
3715,319,324,246929,6513,1309058,4593500
3716,314,277,246615,6550,1309335,4428400
3717,335,320,246280,6565,1309655,4444700
3718,290,315,245990,6540,1309970,4669900
3719,310,320,245680,6530,1310290,4445400
3720,333,333,245347,6530,1310623,4574800
3721,279,301,245068,6508,1310924,4550600
3722,313,346,244755,6475,1311270,5188700
3723,334,364,244421,6445,1311634,5028500
3724,305,306,244116,6444,1311940,5127900
3725,346,337,243770,6453,1312277,4824400
3726,317,308,243453,6462,1312585,4904500
3727,321,353,243132,6430,1312938,4802400
3728,321,328,242811,6423,1313266,4611900
3729,334,299,242477,6458,1313565,4455500
3730,326,297,242151,6487,1313862,4390200
3731,304,311,241847,6480,1314173,4654900
3732,310,345,241537,6445,1314518,4410300
3733,301,358,241236,6388,1314876,4492000
3734,303,333,240933,6358,1315209,4503000
3735,304,328,240629,6334,1315537,4419300
3736,329,334,240300,6329,1315871,4396600
3737,277,334,240023,6272,1316205,4402800
3738,278,313,239745,6237,1316518,4967200
3739,301,334,239444,6204,1316852,5372300
3740,301,312,239143,6193,1317164,5201400
3741,289,303,238854,6179,1317467,5573700
3742,269,302,238585,6146,1317769,5410500
3743,306,287,238279,6165,1318056,5457100
3744,318,298,237961,6185,1318354,5064900
3745,285,298,237676,6172,1318652,4467100
3746,318,306,237358,6184,1318958,4416700
3747,316,311,237042,6189,1319269,4445100
3748,319,326,236723,6182,1319595,4584000
3749,310,291,236413,6201,1319886,4637200
3750,303,306,236110,6198,1320192,4570600
3751,321,289,235789,6230,1320481,5074800
3752,309,313,235480,6226,1320794,4939400
3753,330,310,235150,6246,1321104,4762900
3754,329,323,234821,6252,1321427,4827000
3755,319,332,234502,6239,1321759,4454200
3756,308,282,234194,6265,1322041,4525000
3757,306,315,233888,6256,1322356,4478100
3758,322,291,233566,6287,1322647,4558900
3759,314,286,233252,6315,1322933,4477000
3760,299,308,232953,6306,1323241,4435700
3761,297,314,232656,6289,1323555,4681700
3762,319,332,232337,6276,1323887,4948600
3763,291,301,232046,6266,1324188,4427100
3764,334,336,231712,6264,1324524,4593100
3765,298,339,231414,6223,1324863,4467600
3766,313,310,231101,6226,1325173,4426100
3767,297,317,230804,6206,1325490,4677800
3768,292,275,230512,6223,1325765,4543800
3769,336,296,230176,6263,1326061,4441200
3770,343,290,229833,6316,1326351,4468200
3771,311,349,229522,6278,1326700,4480900
3772,299,300,229223,6277,1327000,4485200
3773,278,321,228945,6234,1327321,4517800
3774,310,284,228635,6260,1327605,4588500
3775,294,312,228341,6242,1327917,4448400
3776,318,322,228023,6238,1328239,4455700
3777,313,299,227710,6252,1328538,5064200
3778,317,318,227393,6251,1328856,4969200
3779,289,299,227104,6241,1329155,8116000
3780,293,321,226811,6213,1329476,6728400
3781,305,318,226506,6200,1329794,6015000
3782,285,316,226221,6169,1330110,4840700
3783,316,307,225905,6178,1330417,5919400
3784,293,309,225612,6162,1330726,5390800
3785,273,299,225339,6136,1331025,5109400
3786,280,322,225059,6094,1331347,4697900
3787,305,304,224754,6095,1331651,4583700
3788,304,295,224450,6104,1331946,4451300
3789,295,321,224155,6078,1332267,4625300
3790,263,294,223892,6047,1332561,4556000
3791,301,302,223591,6046,1332863,4510700
3792,285,286,223306,6045,1333149,4441800
3793,308,292,222998,6061,1333441,4418000
3794,275,302,222723,6034,1333743,4456700
3795,288,288,222435,6034,1334031,4568800
3796,303,303,222132,6034,1334334,4537700
3797,277,323,221855,5988,1334657,4475000
3798,277,286,221578,5979,1334943,4358700
3799,306,302,221272,5983,1335245,4563900
3800,301,282,220971,6002,1335527,4986900
3801,294,310,220677,5986,1335837,5036600
3802,307,303,220370,5990,1336140,4756700
3803,297,296,220073,5991,1336436,4807200
3804,302,306,219771,5987,1336742,4641800
3805,286,294,219485,5979,1337036,4515800
3806,260,275,219225,5964,1337311,5198900
3807,300,328,218925,5936,1337639,6108700
3808,296,304,218629,5928,1337943,6211800
3809,289,312,218340,5905,1338255,6145900
3810,283,298,218057,5890,1338553,6009500
3811,257,284,217800,5863,1338837,5681200
3812,253,299,217547,5817,1339136,4696300
3813,266,303,217281,5780,1339439,4598400
3814,280,255,217001,5805,1339694,5061200
3815,293,315,216708,5783,1340009,4539700
3816,271,301,216437,5753,1340310,4662000
3817,261,319,216176,5695,1340629,4738700
3818,260,286,215916,5669,1340915,4506900
3819,276,242,215640,5703,1341157,4503200
3820,308,292,215332,5719,1341449,4514900
3821,273,290,215059,5702,1341739,5640800
3822,302,290,214757,5714,1342029,5722200
3823,301,259,214456,5756,1342288,5696400
3824,300,257,214156,5799,1342545,4612400
3825,285,285,213871,5799,1342830,4891500
3826,292,293,213579,5798,1343123,5180100
3827,300,298,213279,5800,1343421,4836900
3828,264,296,213015,5768,1343717,4424000
3829,270,286,212745,5752,1344003,4443800
3830,269,284,212476,5737,1344287,4573100
3831,311,283,212165,5765,1344570,4852200
3832,260,295,211905,5730,1344865,4728600
3833,280,280,211625,5730,1345145,4794000
3834,281,314,211344,5697,1345459,4545600
3835,281,286,211063,5692,1345745,4579600
3836,293,254,210770,5731,1345999,4480500
3837,282,288,210488,5725,1346287,4767200
3838,269,273,210219,5721,1346560,5102900
3839,264,304,209955,5681,1346864,4708600
3840,253,289,209702,5645,1347153,4785800
3841,290,274,209412,5661,1347427,4547000
3842,262,271,209150,5652,1347698,4599400
3843,279,285,208871,5646,1347983,4788800
3844,283,292,208588,5637,1348275,4740700
3845,309,270,208279,5676,1348545,4727700
3846,310,282,207969,5704,1348827,4708200
3847,268,276,207701,5696,1349103,4647600
3848,294,288,207407,5702,1349391,4504900
3849,271,279,207136,5694,1349670,4575800
3850,303,311,206833,5686,1349981,4821100
3851,268,287,206565,5667,1350268,4654700
3852,290,273,206275,5684,1350541,4729800
3853,253,247,206022,5690,1350788,4702300
3854,249,277,205773,5662,1351065,4785700
3855,258,283,205515,5637,1351348,4740600
3856,290,292,205225,5635,1351640,5028900
3857,260,289,204965,5606,1351929,4628100
3858,294,273,204671,5627,1352202,4686000
3859,264,296,204407,5595,1352498,4779600
3860,278,276,204129,5597,1352774,4797300
3861,238,269,203891,5566,1353043,4561800
3862,265,297,203626,5534,1353340,4646600
3863,272,283,203354,5523,1353623,4634700
3864,259,271,203095,5511,1353894,4646300
3865,243,300,202852,5454,1354194,4747500
3866,263,289,202589,5428,1354483,4749100
3867,302,281,202287,5449,1354764,4590900
3868,258,258,202029,5449,1355022,4565500
3869,261,277,201768,5433,1355299,4710800
3870,248,257,201520,5424,1355556,4600300
3871,238,277,201282,5385,1355833,4763600
3872,262,258,201020,5389,1356091,4607100
3873,245,266,200775,5368,1356357,4630700
3874,261,273,200514,5356,1356630,4445100
3875,251,261,200263,5346,1356891,4441200
3876,251,286,200012,5311,1357177,4481400
3877,241,300,199771,5252,1357477,4903900
3878,268,276,199503,5244,1357753,4493600
3879,251,257,199252,5238,1358010,4319500
3880,231,278,199021,5191,1358288,4810800
3881,230,241,198791,5180,1358529,4896200
3882,233,235,198558,5178,1358764,4438600
3883,276,238,198282,5216,1359002,4792700
3884,259,266,198023,5209,1359268,4519900
3885,237,282,197786,5164,1359550,4374500
3886,259,270,197527,5153,1359820,4323000
3887,255,241,197272,5167,1360061,4405200
3888,250,270,197022,5147,1360331,4497800
3889,248,264,196774,5131,1360595,4412000
3890,228,263,196546,5096,1360858,4406600
3891,259,264,196287,5091,1361122,4388400
3892,244,267,196043,5068,1361389,4286200
3893,244,237,195799,5075,1361626,4490400
3894,248,263,195551,5060,1361889,4750400
3895,268,275,195283,5053,1362164,4782800
3896,262,264,195021,5051,1362428,4375800
3897,252,261,194769,5042,1362689,4387300
3898,270,254,194499,5058,1362943,4428700
3899,244,266,194255,5036,1363209,4441700
3900,259,257,193996,5038,1363466,4361900
3901,248,247,193748,5039,1363713,4377500
3902,256,259,193492,5036,1363972,4409600
3903,261,241,193231,5056,1364213,4409400
3904,213,268,193018,5001,1364481,4523400
3905,253,242,192765,5012,1364723,4304400
3906,253,228,192512,5037,1364951,4355200
3907,254,276,192258,5015,1365227,4300400
3908,250,250,192008,5015,1365477,4782600
3909,244,256,191764,5003,1365733,4577300
3910,239,258,191525,4984,1365991,4427400
3911,245,232,191280,4997,1366223,4413300
3912,250,255,191030,4992,1366478,4314300
3913,244,246,190786,4990,1366724,4437100
3914,253,227,190533,5016,1366951,4412700
3915,228,258,190305,4986,1367209,4919800
3916,243,240,190062,4989,1367449,4554800
3917,234,248,189828,4975,1367697,4377600
3918,268,246,189560,4997,1367943,4475900
3919,247,237,189313,5007,1368180,4604000
3920,251,277,189062,4981,1368457,4540900
3921,228,259,188834,4950,1368716,4463700
3922,250,260,188584,4940,1368976,4637300
3923,253,221,188331,4972,1369197,4397300
3924,223,256,188108,4939,1369453,4568200
3925,237,256,187871,4920,1369709,4856100
3926,221,217,187650,4924,1369926,4416100
3927,239,249,187411,4914,1370175,4339000
3928,247,229,187164,4932,1370404,4273800
3929,239,248,186925,4923,1370652,4524100
3930,245,280,186680,4888,1370932,4452000
3931,215,230,186465,4873,1371162,4432600
3932,246,262,186219,4857,1371424,4606000
3933,230,221,185989,4866,1371645,4704000
3934,257,237,185732,4886,1371882,4335100
3935,253,274,185479,4865,1372156,4483500
3936,250,239,185229,4876,1372395,4922200
3937,254,229,184975,4901,1372624,4680500
3938,227,242,184748,4886,1372866,4409100
3939,232,228,184516,4890,1373094,5046300
3940,235,217,184281,4908,1373311,4593200
3941,253,250,184028,4911,1373561,4608600
3942,285,256,183743,4940,1373817,4975600
3943,221,259,183522,4902,1374076,4423700
3944,258,235,183264,4925,1374311,4311100
3945,278,231,182986,4972,1374542,4335100
3946,256,249,182730,4979,1374791,4461500
3947,264,212,182466,5031,1375003,4702200
3948,270,268,182196,5033,1375271,4423900
3949,255,267,181941,5021,1375538,4710600
3950,266,273,181675,5014,1375811,4600800
3951,240,260,181435,4994,1376071,4302100
3952,258,231,181177,5021,1376302,4448800
3953,259,266,180918,5014,1376568,4440300
3954,251,258,180667,5007,1376826,4337500
3955,300,234,180367,5073,1377060,4297200
3956,239,242,180128,5070,1377302,4339800
3957,248,258,179880,5060,1377560,4479500
3958,237,255,179643,5042,1377815,4451400
3959,271,265,179372,5048,1378080,4349400
3960,249,258,179123,5039,1378338,4646400
3961,261,231,178862,5069,1378569,4276100
3962,248,288,178614,5029,1378857,4412600
3963,236,245,178378,5020,1379102,5207600
3964,241,244,178137,5017,1379346,4513700
3965,240,266,177897,4991,1379612,4541100
3966,253,263,177644,4981,1379875,4500200
3967,245,240,177399,4986,1380115,4570600
3968,247,263,177152,4970,1380378,4539200
3969,268,231,176884,5007,1380609,4373100
3970,261,247,176623,5021,1380856,4394800
3971,262,268,176361,5015,1381124,4340800
3972,271,231,176090,5055,1381355,4268600
3973,244,231,175846,5068,1381586,4699100
3974,260,255,175586,5073,1381841,4370600
3975,256,249,175330,5080,1382090,4324100
3976,249,244,175081,5085,1382334,4264600
3977,230,253,174851,5062,1382587,4524600
3978,261,252,174590,5071,1382839,4482200
3979,259,267,174331,5063,1383106,4404700
3980,279,259,174052,5083,1383365,4424500
3981,241,265,173811,5059,1383630,4310900
3982,246,289,173565,5016,1383919,4365900
3983,265,251,173300,5030,1384170,4448800
3984,246,244,173054,5032,1384414,4748000
3985,254,247,172800,5039,1384661,4280000
3986,225,247,172575,5017,1384908,4377200
3987,246,249,172329,5014,1385157,4312400
3988,271,267,172058,5018,1385424,4584800
3989,240,251,171818,5007,1385675,4386000
3990,268,251,171550,5024,1385926,4337300
3991,250,268,171300,5006,1386194,4555700
3992,226,244,171074,4988,1386438,4264400
3993,262,259,170812,4991,1386697,4436500
3994,246,257,170566,4980,1386954,4451900
3995,242,258,170324,4964,1387212,4287300
3996,224,207,170100,4981,1387419,4257400
3997,238,266,169862,4953,1387685,4319600
3998,238,260,169624,4931,1387945,4510700
3999,234,246,169390,4919,1388191,4301900
4000,226,233,169164,4912,1388424,4327500
4001,240,246,168924,4906,1388670,4301700
4002,250,232,168674,4924,1388902,4742200
4003,232,234,168442,4922,1389136,4433400
4004,246,272,168196,4896,1389408,4288300
4005,263,246,167933,4913,1389654,4774900
4006,266,248,167667,4931,1389902,4595500
4007,242,239,167425,4934,1390141,4403400
4008,261,266,167164,4929,1390407,4408500
4009,247,234,166917,4942,1390641,4771500
4010,236,230,166681,4948,1390871,4284300
4011,238,264,166443,4922,1391135,4277600
4012,269,236,166174,4955,1391371,4563200
4013,250,236,165924,4969,1391607,4604800
4014,239,258,165685,4950,1391865,4484400
4015,250,240,165435,4960,1392105,4398300
4016,248,239,165187,4969,1392344,4311400
4017,212,281,164975,4900,1392625,4321000
4018,204,242,164771,4862,1392867,4390800
4019,250,234,164521,4878,1393101,4752400
4020,254,246,164267,4886,1393347,4433100
4021,227,246,164040,4867,1393593,4345700
4022,216,256,163824,4827,1393849,4262700
4023,249,277,163575,4799,1394126,4520700
4024,224,250,163351,4773,1394376,4240600
4025,256,245,163095,4784,1394621,4280200
4026,235,225,162860,4794,1394846,4342600
4027,264,245,162596,4813,1395091,4471000
4028,257,211,162339,4859,1395302,4429100
4029,258,248,162081,4869,1395550,4342400
4030,247,229,161834,4887,1395779,4371000
4031,246,236,161588,4897,1396015,4327900
4032,258,248,161330,4907,1396263,4504000
4033,242,238,161088,4911,1396501,4699900
4034,230,275,160858,4866,1396776,4436100
4035,242,234,160616,4874,1397010,4438900
4036,259,249,160357,4884,1397259,4379600
4037,254,249,160103,4889,1397508,5572100
4038,245,239,159858,4895,1397747,4518200
4039,231,240,159627,4886,1397987,4481900
4040,205,259,159422,4832,1398246,4814700
4041,205,262,159217,4775,1398508,4657100
4042,229,268,158988,4736,1398776,4325000
4043,218,233,158770,4721,1399009,4540800
4044,196,243,158574,4674,1399252,4841300
4045,199,238,158375,4635,1399490,4436200
4046,218,242,158157,4611,1399732,4260300
4047,213,232,157944,4592,1399964,4516000
4048,233,225,157711,4600,1400189,4258300
4049,194,227,157517,4567,1400416,4290700
4050,233,229,157284,4571,1400645,4378700
4051,237,237,157047,4571,1400882,4250400
4052,244,211,156803,4604,1401093,4230500
4053,217,229,156586,4592,1401322,4257500
4054,229,228,156357,4593,1401550,4325000
4055,222,204,156135,4611,1401754,4210300
4056,222,216,155913,4617,1401970,4183300
4057,210,238,155703,4589,1402208,4254300
4058,234,221,155469,4602,1402429,4561300
4059,209,223,155260,4588,1402652,4284700
4060,217,224,155043,4581,1402876,4182300
4061,244,249,154799,4576,1403125,4319000
4062,219,237,154580,4558,1403362,4309000
4063,205,229,154375,4534,1403591,4273800
4064,194,252,154181,4476,1403843,4175700
4065,233,262,153948,4447,1404105,4238900
4066,214,225,153734,4436,1404330,4281300
4067,220,209,153514,4447,1404539,4271700
4068,212,214,153302,4445,1404753,4398900
4069,225,192,153077,4478,1404945,4410500
4070,228,228,152849,4478,1405173,4301300
4071,228,231,152621,4475,1405404,4304900
4072,234,227,152387,4482,1405631,4643800
4073,196,229,152191,4449,1405860,4353500
4074,241,211,151950,4479,1406071,4185100
4075,204,213,151746,4470,1406284,4210000
4076,219,220,151527,4469,1406504,5170600
4077,225,229,151302,4465,1406733,4321400
4078,201,226,151101,4440,1406959,4175200
4079,203,216,150898,4427,1407175,4386900
4080,204,225,150694,4406,1407400,4235100
4081,223,203,150471,4426,1407603,4352900
4082,196,197,150275,4425,1407800,4294200
4083,246,213,150029,4458,1408013,4375700
4084,213,193,149816,4478,1408206,4273900
4085,214,216,149602,4476,1408422,4273700
4086,220,207,149382,4489,1408629,4540400
4087,207,231,149175,4465,1408860,4218700
4088,231,220,148944,4476,1409080,4253800
4089,232,228,148712,4480,1409308,4247600
4090,219,227,148493,4472,1409535,4975600
4091,223,211,148270,4484,1409746,4683000
4092,207,224,148063,4467,1409970,4359700
4093,219,208,147844,4478,1410178,4242500
4094,255,221,147589,4512,1410399,4284700
4095,232,218,147357,4526,1410617,4260800
4096,193,230,147164,4489,1410847,4227400
4097,207,226,146957,4470,1411073,4216600
4098,223,232,146734,4461,1411305,4211000
4099,229,201,146505,4489,1411506,4227600
4100,229,198,146276,4520,1411704,4321100
4101,218,222,146058,4516,1411926,4591500
4102,203,225,145855,4494,1412151,4297400
4103,226,231,145629,4489,1412382,4317600
4104,237,226,145392,4500,1412608,4468800
4105,197,214,145195,4483,1412822,4352500
4106,207,227,144988,4463,1413049,4258100
4107,199,217,144789,4445,1413266,4280100
4108,206,235,144583,4416,1413501,4428500
4109,205,223,144378,4398,1413724,4386000
4110,191,239,144187,4350,1413963,4266100
4111,230,207,143957,4373,1414170,4248300
4112,212,191,143745,4394,1414361,4308900
4113,216,241,143529,4369,1414602,4330800
4114,211,207,143318,4373,1414809,4353000
4115,199,253,143119,4319,1415062,4670600
4116,218,189,142901,4348,1415251,4366700
4117,191,222,142710,4317,1415473,4296600
4118,222,201,142488,4338,1415674,4346800
4119,197,218,142291,4317,1415892,4422600
4120,205,226,142086,4296,1416118,4226700
4121,230,227,141856,4299,1416345,4276400
4122,218,208,141638,4309,1416553,4418400
4123,221,222,141417,4308,1416775,4519600
4124,194,219,141223,4283,1416994,4333800
4125,216,236,141007,4263,1417230,4278900
4126,224,250,140783,4237,1417480,4814800
4127,215,224,140568,4228,1417704,4304800
4128,241,215,140327,4254,1417919,4466500
4129,215,213,140112,4256,1418132,4793700
4130,216,217,139896,4255,1418349,4282300
4131,233,209,139663,4279,1418558,4309800
4132,192,224,139471,4247,1418782,4265000
4133,209,204,139262,4252,1418986,4598200
4134,234,203,139028,4283,1419189,4368400
4135,209,209,138819,4283,1419398,4299700
4136,229,249,138590,4263,1419647,4339600
4137,205,197,138385,4271,1419844,4365200
4138,209,216,138176,4264,1420060,4306500
4139,203,219,137973,4248,1420279,4235100
4140,206,213,137767,4241,1420492,4350200
4141,208,190,137559,4259,1420682,4385500
4142,183,203,137376,4239,1420885,4421800
4143,231,215,137145,4255,1421100,4303700
4144,193,233,136952,4215,1421333,4347100
4145,208,212,136744,4211,1421545,4268400
4146,225,190,136519,4246,1421735,4215300
4147,200,199,136319,4247,1421934,4260000
4148,222,207,136097,4262,1422141,4204300
4149,236,208,135861,4290,1422349,4165400
4150,237,217,135624,4310,1422566,4183000
4151,222,195,135402,4337,1422761,4530600
4152,208,211,135194,4334,1422972,4299500
4153,233,208,134961,4359,1423180,4301100
4154,220,220,134741,4359,1423400,4226500
4155,208,259,134533,4308,1423659,4488700
4156,244,242,134289,4310,1423901,4318300
4157,234,214,134055,4330,1424115,4257400
4158,238,234,133817,4334,1424349,4517200
4159,221,207,133596,4348,1424556,4519700
4160,224,214,133372,4358,1424770,4256800
4161,223,209,133149,4372,1424979,4199200
4162,211,214,132938,4369,1425193,4690300
4163,211,217,132727,4363,1425410,4307400
4164,239,209,132488,4393,1425619,4340500
4165,223,216,132265,4400,1425835,4488800
4166,217,235,132048,4382,1426070,4850900
4167,214,224,131834,4372,1426294,4296100
4168,226,208,131608,4390,1426502,4909600
4169,203,211,131405,4382,1426713,4435100
4170,213,213,131192,4382,1426926,4279000
4171,201,224,130991,4359,1427150,4219900
4172,202,221,130789,4340,1427371,4203900
4173,216,221,130573,4335,1427592,4191700
4174,188,200,130385,4323,1427792,4184400
4175,210,211,130175,4322,1428003,4237700
4176,216,200,129959,4338,1428203,4385000
4177,216,219,129743,4335,1428422,4119000
4178,211,207,129532,4339,1428629,4186000
4179,218,227,129314,4330,1428856,4231500
4180,202,223,129112,4309,1429079,4251700
4181,195,235,128917,4269,1429314,4127600
4182,211,248,128706,4232,1429562,4227800
4183,213,217,128493,4228,1429779,4246500
4184,203,198,128290,4233,1429977,4901600
4185,217,221,128073,4229,1430198,4311300
4186,213,194,127860,4248,1430392,4199500
4187,201,205,127659,4244,1430597,4296200
4188,221,209,127438,4256,1430806,4211100
4189,212,183,127226,4285,1430989,4181600
4190,209,188,127017,4306,1431177,4156700
4191,224,216,126793,4314,1431393,4403500
4192,191,233,126602,4272,1431626,4434100
4193,209,214,126393,4267,1431840,4343300
4194,207,234,126186,4240,1432074,4361000
4195,217,209,125969,4248,1432283,4288500
4196,207,208,125762,4247,1432491,4293200
4197,196,220,125566,4223,1432711,4233400
4198,208,213,125358,4218,1432924,4342600
4199,228,224,125130,4222,1433148,4183400
4200,214,217,124916,4219,1433365,4203000
4201,229,226,124687,4222,1433591,4245000
4202,196,218,124491,4200,1433809,4445500
4203,193,234,124298,4159,1434043,4158600
4204,211,202,124087,4168,1434245,4168400
4205,190,188,123897,4170,1434433,4711600
4206,231,226,123666,4175,1434659,4315300
4207,204,195,123462,4184,1434854,4162500
4208,196,211,123266,4169,1435065,4140400
4209,207,202,123059,4174,1435267,4579700
4210,211,211,122848,4174,1435478,4446500
4211,193,201,122655,4166,1435679,4223900
4212,207,197,122448,4176,1435876,4203100
4213,187,223,122261,4140,1436099,4210000
4214,202,203,122059,4139,1436302,4251400
4215,224,231,121835,4132,1436533,4239300
4216,185,227,121650,4090,1436760,4325400
4217,193,180,121457,4103,1436940,4195300
4218,206,210,121251,4099,1437150,4167600
4219,175,202,121076,4072,1437352,4208400
4220,209,201,120867,4080,1437553,4761300
4221,184,185,120683,4079,1437738,4278700
4222,209,203,120474,4085,1437941,4274400
4223,198,214,120276,4069,1438155,4261500
4224,198,218,120078,4049,1438373,4603400
4225,188,166,119890,4071,1438539,4262000
4226,185,207,119705,4049,1438746,4179300
4227,185,198,119520,4036,1438944,4229100
4228,208,189,119312,4055,1439133,4290300
4229,179,206,119133,4028,1439339,4197000
4230,212,169,118921,4071,1439508,4221700
4231,206,197,118715,4080,1439705,4701100
4232,208,207,118507,4081,1439912,4321200
4233,211,202,118296,4090,1440114,4275800
4234,198,189,118098,4099,1440303,4170200
4235,208,215,117890,4092,1440518,4336100
4236,192,246,117698,4038,1440764,4358900
4237,214,199,117484,4053,1440963,4271100
4238,217,207,117267,4063,1441170,4291000
4239,189,194,117078,4058,1441364,4222800
4240,191,209,116887,4040,1441573,4184200
4241,215,206,116672,4049,1441779,4276700
4242,182,187,116490,4044,1441966,4507700
4243,224,208,116266,4060,1442174,4293600
4244,209,185,116057,4084,1442359,4197200
4245,228,204,115829,4108,1442563,4256700
4246,197,231,115632,4074,1442794,4750500
4247,200,202,115432,4072,1442996,4218800
4248,177,187,115255,4062,1443183,4142500
4249,214,213,115041,4063,1443396,4583500
4250,192,218,114849,4037,1443614,4356000
4251,209,188,114640,4058,1443802,4222100
4252,211,199,114429,4070,1444001,4160800
4253,194,199,114235,4065,1444200,4546500
4254,184,190,114051,4059,1444390,4159100
4255,195,194,113856,4060,1444584,4227000
4256,220,185,113636,4095,1444769,4288500
4257,189,186,113447,4098,1444955,4493700
4258,197,196,113250,4099,1445151,4233000
4259,207,210,113043,4096,1445361,4198200
4260,199,220,112844,4075,1445581,4247500
4261,188,191,112656,4072,1445772,4092300
4262,178,198,112478,4052,1445970,4127500
4263,187,183,112291,4056,1446153,4178200
4264,186,214,112105,4028,1446367,4232700
4265,186,196,111919,4018,1446563,4113100
4266,172,203,111747,3987,1446766,4213000
4267,188,190,111559,3985,1446956,4215200
4268,184,218,111375,3951,1447174,4226300
4269,183,200,111192,3934,1447374,4140700
4270,196,213,110996,3917,1447587,4127900
4271,188,185,110808,3920,1447772,4168100
4272,180,191,110628,3909,1447963,4213400
4273,205,200,110423,3914,1448163,4132000
4274,212,194,110211,3932,1448357,4114000
4275,187,200,110024,3919,1448557,4528200
4276,165,195,109859,3889,1448752,4270300
4277,194,156,109665,3927,1448908,4100600
4278,195,197,109470,3925,1449105,4104100
4279,200,209,109270,3916,1449314,4461500
4280,174,203,109096,3887,1449517,4264600
4281,171,200,108925,3858,1449717,4145300
4282,199,205,108726,3852,1449922,4231400
4283,200,195,108526,3857,1450117,4210700
4284,182,207,108344,3832,1450324,4266200
4285,187,183,108157,3836,1450507,4227600
4286,168,208,107989,3796,1450715,4176300
4287,177,194,107812,3779,1450909,4256000
4288,182,193,107630,3768,1451102,4211700
4289,186,201,107444,3753,1451303,4255500
4290,157,169,107287,3741,1451472,4225100
4291,182,202,107105,3721,1451674,4200100
4292,171,193,106934,3699,1451867,4185600
4293,183,191,106751,3691,1452058,4375500
4294,185,184,106566,3692,1452242,4126300
4295,174,192,106392,3674,1452434,4166000
4296,161,172,106231,3663,1452606,4122800
4297,155,179,106076,3639,1452785,4499300
4298,165,171,105911,3633,1452956,4179500
4299,167,168,105744,3632,1453124,4104200
4300,161,175,105583,3618,1453299,4096700
4301,179,187,105404,3610,1453486,4575500
4302,150,164,105254,3596,1453650,4178000
4303,152,178,105102,3570,1453828,4079300
4304,175,182,104927,3563,1454010,4180200
4305,147,197,104780,3513,1454207,4159000
4306,166,184,104614,3495,1454391,4107600
4307,172,152,104442,3515,1454543,4065600
4308,158,164,104284,3509,1454707,4091300
4309,163,191,104121,3481,1454898,4368900
4310,153,177,103968,3457,1455075,4193200
4311,146,191,103822,3412,1455266,4139100
4312,138,189,103684,3361,1455455,4272500
4313,163,170,103521,3354,1455625,4237300
4314,160,180,103361,3334,1455805,4188600
4315,173,178,103188,3329,1455983,4106800
4316,142,161,103046,3310,1456144,4270900
4317,148,146,102898,3312,1456290,4202900
4318,151,151,102747,3312,1456441,4193900
4319,155,166,102592,3301,1456607,4306100
4320,136,165,102456,3272,1456772,4141000
4321,145,150,102311,3267,1456922,4195700
4322,172,156,102139,3283,1457078,4216400
4323,200,165,101939,3318,1457243,5132300
4324,154,173,101785,3299,1457416,4219300
4325,136,162,101649,3273,1457578,4109600
4326,140,158,101509,3255,1457736,4334300
4327,163,169,101346,3249,1457905,4862900
4328,173,158,101173,3264,1458063,4050600
4329,173,175,101000,3262,1458238,4074300
4330,141,184,100859,3219,1458422,4365000
4331,176,158,100683,3237,1458580,4720000
4332,158,137,100525,3258,1458717,4135200
4333,162,160,100363,3260,1458877,4301600
4334,160,174,100203,3246,1459051,4185300
4335,149,160,100054,3235,1459211,4126900
4336,167,172,99887,3230,1459383,4123200
4337,159,173,99728,3216,1459556,4180300
4338,159,157,99569,3218,1459713,4065500
4339,168,165,99401,3221,1459878,4173100
4340,162,157,99239,3226,1460035,4137200
4341,185,191,99054,3220,1460226,4155400
4342,167,156,98887,3231,1460382,4083700
4343,160,163,98727,3228,1460545,4099500
4344,176,165,98551,3239,1460710,4276400
4345,174,174,98377,3239,1460884,4265100
4346,151,185,98226,3205,1461069,4310300
4347,144,173,98082,3176,1461242,4186500
4348,186,151,97896,3211,1461393,4365600
4349,144,167,97752,3188,1461560,4183600
4350,149,163,97603,3174,1461723,4179400
4351,154,179,97449,3149,1461902,4152300
4352,172,139,97277,3182,1462041,4191700
4353,142,184,97135,3140,1462225,4108900
4354,165,147,96970,3158,1462372,4130400
4355,171,150,96799,3179,1462522,4155700
4356,148,139,96651,3188,1462661,4292300
4357,161,177,96490,3172,1462838,4126900
4358,147,168,96343,3151,1463006,4163800
4359,162,171,96181,3142,1463177,4113100
4360,164,153,96017,3153,1463330,4590700
4361,175,142,95842,3186,1463472,4137600
4362,164,153,95678,3197,1463625,4096200
4363,151,190,95527,3158,1463815,4601600
4364,140,150,95387,3148,1463965,4250800
4365,172,170,95215,3150,1464135,4233600
4366,160,154,95055,3156,1464289,4059800
4367,182,167,94873,3171,1464456,4180700
4368,162,146,94711,3187,1464602,4165200
4369,176,149,94535,3214,1464751,4198500
4370,177,162,94358,3229,1464913,4115300
4371,145,181,94213,3193,1465094,4280200
4372,167,153,94046,3207,1465247,4204200
4373,137,125,93909,3219,1465372,4111800
4374,164,159,93745,3224,1465531,4098900
4375,159,150,93586,3233,1465681,4209600
4376,161,154,93425,3240,1465835,4175400
4377,171,173,93254,3238,1466008,4169400
4378,174,168,93080,3244,1466176,4169600
4379,178,170,92902,3252,1466346,4142400
4380,166,171,92736,3247,1466517,4167100
4381,150,155,92586,3242,1466672,4121100
4382,162,166,92424,3238,1466838,4203900
4383,167,151,92257,3254,1466989,4207800
4384,164,178,92093,3240,1467167,4236000
4385,164,167,91929,3237,1467334,4219500
4386,156,164,91773,3229,1467498,4187900
4387,158,171,91615,3216,1467669,4165900
4388,152,165,91463,3203,1467834,4161100
4389,145,149,91318,3199,1467983,4289200
4390,129,152,91189,3176,1468135,4176700
4391,139,163,91050,3152,1468298,4146500
4392,148,157,90902,3143,1468455,4157600
4393,150,168,90752,3125,1468623,4706300
4394,154,134,90598,3145,1468757,4294800
4395,147,165,90451,3127,1468922,4225500
4396,145,164,90306,3108,1469086,4223700
4397,142,133,90164,3117,1469219,4762700
4398,167,169,89997,3115,1469388,4416500
4399,148,157,89849,3106,1469545,4316400
4400,145,154,89704,3097,1469699,4633100
4401,137,171,89567,3063,1469870,4749400
4402,126,142,89441,3047,1470012,4235100
4403,143,135,89298,3055,1470147,4348800
4404,121,157,89177,3019,1470304,4594700
4405,136,153,89041,3002,1470457,4366500
4406,123,144,88918,2981,1470601,4338500
4407,143,150,88775,2974,1470751,4589700
4408,129,151,88646,2952,1470902,4229300
4409,130,134,88516,2948,1471036,4130000
4410,158,131,88358,2975,1471167,4163100
4411,128,133,88230,2970,1471300,4229900
4412,114,157,88116,2927,1471457,4218000
4413,142,134,87974,2935,1471591,4127900
4414,136,167,87838,2904,1471758,4182200
4415,118,158,87720,2864,1471916,4139000
4416,133,133,87587,2864,1472049,4250800
4417,130,141,87457,2853,1472190,4149800
4418,129,132,87328,2850,1472322,4178100
4419,114,144,87214,2820,1472466,4140700
4420,129,151,87085,2798,1472617,4208200
4421,132,158,86953,2772,1472775,4150800
4422,132,150,86821,2754,1472925,4250000
4423,125,139,86696,2740,1473064,4156100
4424,107,135,86589,2712,1473199,4265400
4425,133,121,86456,2724,1473320,4532500
4426,113,129,86343,2708,1473449,5102200
4427,123,125,86220,2706,1473574,4520300
4428,114,125,86106,2695,1473699,4286100
4429,126,138,85980,2683,1473837,4429700
4430,131,142,85849,2672,1473979,4289600
4431,93,132,85756,2633,1474111,4205800
4432,138,134,85618,2637,1474245,4129700
4433,119,134,85499,2622,1474379,4127400
4434,137,132,85362,2627,1474511,4183700
4435,110,132,85252,2605,1474643,4071400
4436,126,120,85126,2611,1474763,4187800
4437,127,126,84999,2612,1474889,4056300
4438,135,151,84864,2596,1475040,4172100
4439,122,137,84742,2581,1475177,4020300
4440,130,152,84612,2559,1475329,4441700
4441,126,122,84486,2563,1475451,4035800
4442,105,115,84381,2553,1475566,4124400
4443,144,114,84237,2583,1475680,4060700
4444,129,147,84108,2565,1475827,4042100
4445,127,127,83981,2565,1475954,4070900
4446,123,136,83858,2552,1476090,4116300
4447,123,119,83735,2556,1476209,4061500
4448,118,129,83617,2545,1476338,4015300
4449,116,129,83501,2532,1476467,4096700
4450,114,144,83387,2502,1476611,4128300
4451,121,122,83266,2501,1476733,4459400
4452,115,129,83151,2487,1476862,4084300
4453,129,137,83022,2479,1476999,4081300
4454,119,121,82903,2477,1477120,4068200
4455,122,123,82781,2476,1477243,4411000
4456,124,112,82657,2488,1477355,4142700
4457,113,111,82544,2490,1477466,4164900
4458,108,125,82436,2473,1477591,4135100
4459,133,132,82303,2474,1477723,3987700
4460,111,116,82192,2469,1477839,4042200
4461,128,117,82064,2480,1477956,4046100
4462,130,125,81934,2485,1478081,4161700
4463,112,120,81822,2477,1478201,3992500
4464,121,126,81701,2472,1478327,4060500
4465,101,112,81600,2461,1478439,4107200
4466,133,132,81467,2462,1478571,4114700
4467,126,126,81341,2462,1478697,4033300
4468,121,117,81220,2466,1478814,4073700
4469,134,107,81086,2493,1478921,4096400
4470,113,123,80973,2483,1479044,4095500
4471,112,124,80861,2471,1479168,4003500
4472,138,109,80723,2500,1479277,4039800
4473,138,115,80585,2523,1479392,4068500
4474,122,142,80463,2503,1479534,4100600
4475,98,135,80365,2466,1479669,4028100
4476,121,120,80244,2467,1479789,4055700
4477,117,124,80127,2460,1479913,4041200
4478,106,119,80021,2447,1480032,4336600
4479,129,122,79892,2454,1480154,4132300
4480,120,107,79772,2467,1480261,4098700
4481,128,139,79644,2456,1480400,4216800
4482,108,112,79536,2452,1480512,4066800
4483,127,132,79409,2447,1480644,4019800
4484,124,107,79285,2464,1480751,4170700
4485,103,107,79182,2460,1480858,4121000
4486,118,119,79064,2459,1480977,4084100
4487,127,118,78937,2468,1481095,4061800
4488,127,144,78810,2451,1481239,4130800
4489,92,124,78718,2419,1481363,4114200
4490,117,132,78601,2404,1481495,4256600
4491,124,129,78477,2399,1481624,4101100
4492,111,100,78366,2410,1481724,4100100
4493,110,119,78256,2401,1481843,4142700
4494,102,117,78154,2386,1481960,4039100
4495,116,110,78038,2392,1482070,4089600
4496,109,115,77929,2386,1482185,4119100
4497,119,130,77810,2375,1482315,4478200
4498,123,120,77687,2378,1482435,4137300
4499,125,127,77562,2376,1482562,4091300
4500,140,119,77422,2397,1482681,4314400
4501,103,103,77319,2397,1482784,4254300
4502,128,107,77191,2418,1482891,4248300
4503,137,128,77054,2427,1483019,4108000
4504,117,117,76937,2427,1483136,4143200
4505,110,96,76827,2441,1483232,4029900
4506,98,134,76729,2405,1483366,4092400
4507,119,114,76610,2410,1483480,3999500
4508,117,122,76493,2405,1483602,4189300
4509,115,125,76378,2395,1483727,3970000
4510,117,128,76261,2384,1483855,3998400
4511,104,131,76157,2357,1483986,4057000
4512,110,108,76047,2359,1484094,4230400
4513,109,115,75938,2353,1484209,4024900
4514,96,109,75842,2340,1484318,4141700
4515,123,116,75719,2347,1484434,4085400
4516,111,119,75608,2339,1484553,4171700
4517,130,149,75478,2320,1484702,3974300
4518,114,115,75364,2319,1484817,4053300
4519,88,121,75276,2286,1484938,4121800
4520,98,103,75178,2281,1485041,4131500
4521,112,126,75066,2267,1485167,3998100
4522,118,113,74948,2272,1485280,4011800
4523,114,101,74834,2285,1485381,4072500
4524,109,132,74725,2262,1485513,4092000
4525,112,108,74613,2266,1485621,4014500
4526,110,95,74503,2281,1485716,4037700
4527,111,95,74392,2297,1485811,4046500
4528,144,110,74248,2331,1485921,4083600
4529,109,99,74139,2341,1486020,4060800
4530,123,135,74016,2329,1486155,4120000
4531,122,110,73894,2341,1486265,4107700
4532,112,120,73782,2333,1486385,4011700
4533,110,102,73672,2341,1486487,4042100
4534,139,112,73533,2368,1486599,4085300
4535,111,120,73422,2359,1486719,4036600
4536,116,99,73306,2376,1486818,3993200
4537,95,144,73211,2327,1486962,4016000
4538,106,125,73105,2308,1487087,4082600
4539,97,126,73008,2279,1487213,4297300
4540,129,117,72879,2291,1487330,4194000
4541,109,117,72770,2283,1487447,4030600
4542,120,101,72650,2302,1487548,4134500
4543,115,136,72535,2281,1487684,4258200
4544,123,102,72412,2302,1487786,3993100
4545,112,111,72300,2303,1487897,4081100
4546,105,138,72195,2270,1488035,4309700
4547,109,96,72086,2283,1488131,4114700
4548,101,117,71985,2267,1488248,4334800
4549,108,109,71877,2266,1488357,4068800
4550,101,137,71776,2230,1488494,4182500
4551,91,105,71685,2216,1488599,4026600
4552,94,102,71591,2208,1488701,4057700
4553,110,115,71481,2203,1488816,4021100
4554,106,110,71375,2199,1488926,4156700
4555,94,120,71281,2173,1489046,4011000
4556,86,119,71195,2140,1489165,4022800
4557,98,101,71097,2137,1489266,4061100
4558,101,116,70996,2122,1489382,4176000
4559,99,116,70897,2105,1489498,4044300
4560,94,99,70803,2100,1489597,4014300
4561,107,109,70696,2098,1489706,4121200
4562,93,104,70603,2087,1489810,4051400
4563,108,112,70495,2083,1489922,4007200
4564,97,116,70398,2064,1490038,3984100
4565,108,107,70290,2065,1490145,4462200
4566,106,104,70184,2067,1490249,4374800
4567,115,96,70069,2086,1490345,4066100
4568,101,103,69968,2084,1490448,3977400
4569,96,111,69872,2069,1490559,4092600
4570,94,106,69778,2057,1490665,4121200
4571,112,110,69666,2059,1490775,4105900
4572,101,112,69565,2048,1490887,4376000
4573,82,112,69483,2018,1490999,4271700
4574,100,124,69383,1994,1491123,4112900
4575,98,117,69285,1975,1491240,4228200
4576,116,95,69169,1996,1491335,4141400
4577,74,86,69095,1984,1491421,4080800
4578,111,108,68984,1987,1491529,4169000
4579,102,95,68882,1994,1491624,4066400
4580,81,110,68801,1965,1491734,4048400
4581,94,77,68707,1982,1491811,4056100
4582,85,100,68622,1967,1491911,4024100
4583,95,94,68527,1968,1492005,4010700
4584,101,104,68426,1965,1492109,4040800
4585,83,97,68343,1951,1492206,4060200
4586,94,97,68249,1948,1492303,4054700
4587,95,81,68154,1962,1492384,4262700
4588,79,107,68075,1934,1492491,4098400
4589,92,90,67983,1936,1492581,4050300
4590,76,98,67907,1914,1492679,4014600
4591,97,89,67810,1922,1492768,3987000
4592,77,95,67733,1904,1492863,4459100
4593,89,88,67644,1905,1492951,4095200
4594,85,97,67559,1893,1493048,4077000
4595,73,106,67486,1860,1493154,4080100
4596,85,85,67401,1860,1493239,3991500
4597,98,99,67303,1859,1493338,3999100
4598,66,88,67237,1837,1493426,4022700
4599,86,92,67151,1831,1493518,4135000
4600,79,94,67072,1816,1493612,4034400
4601,80,82,66992,1814,1493694,4067800
4602,73,84,66919,1803,1493778,4036800
4603,51,95,66868,1759,1493873,4081400
4604,87,94,66781,1752,1493967,4144800
4605,62,99,66719,1715,1494066,4069500
4606,78,67,66641,1726,1494133,4105700
4607,89,108,66552,1707,1494241,4593400
4608,74,84,66478,1697,1494325,4167700
4609,64,80,66414,1681,1494405,4130200
4610,82,97,66332,1666,1494502,4067000
4611,71,55,66261,1682,1494557,4066500
4612,86,89,66175,1679,1494646,4092600
4613,94,90,66081,1683,1494736,4087100
4614,67,85,66014,1665,1494821,4064000
4615,77,83,65937,1659,1494904,4087900
4616,81,79,65856,1661,1494983,4025300
4617,83,81,65773,1663,1495064,4005600
4618,70,84,65703,1649,1495148,4416200
4619,83,82,65620,1650,1495230,4334700
4620,82,95,65538,1637,1495325,4025600
4621,69,77,65469,1629,1495402,4432100
4622,75,68,65394,1636,1495470,4308200
4623,71,81,65323,1626,1495551,4110100
4624,68,94,65255,1600,1495645,4659600
4625,65,80,65190,1585,1495725,4176200
4626,76,73,65114,1588,1495798,4031300
4627,91,78,65023,1601,1495876,4501100
4628,74,80,64949,1595,1495956,4271500
4629,76,92,64873,1579,1496048,4204300
4630,79,74,64794,1584,1496122,4135000
4631,61,85,64733,1560,1496207,4109700
4632,60,67,64673,1553,1496274,4443300
4633,68,82,64605,1539,1496356,4124200
4634,63,88,64542,1514,1496444,4028400
4635,72,70,64470,1516,1496514,4051400
4636,65,75,64405,1506,1496589,4034800
4637,76,69,64329,1513,1496658,4013000
4638,58,75,64271,1496,1496733,4203500
4639,84,84,64187,1496,1496817,4007500
4640,74,76,64113,1494,1496893,3974300
4641,80,80,64033,1494,1496973,4063500
4642,83,67,63950,1510,1497040,4058500
4643,85,81,63865,1514,1497121,4009000
4644,81,82,63784,1513,1497203,4370100
4645,88,58,63696,1543,1497261,4234200
4646,80,65,63616,1558,1497326,4036200
4647,88,77,63528,1569,1497403,4142300
4648,84,89,63444,1564,1497492,4332400
4649,87,73,63357,1578,1497565,4250000
4650,74,81,63283,1571,1497646,4162700
4651,82,82,63201,1571,1497728,4116400
4652,89,66,63112,1594,1497794,4452200
4653,76,75,63036,1595,1497869,4193700
4654,97,63,62939,1629,1497932,4103300
4655,77,78,62862,1628,1498010,4247500
4656,83,86,62779,1625,1498096,4101800
4657,67,74,62712,1618,1498170,4092300
4658,87,82,62625,1623,1498252,4390500
4659,78,83,62547,1618,1498335,4371400
4660,79,92,62468,1605,1498427,4083700
4661,91,77,62377,1619,1498504,4086800
4662,73,79,62304,1613,1498583,4151700
4663,85,85,62219,1613,1498668,4180700
4664,88,75,62131,1626,1498743,4073200
4665,80,91,62051,1615,1498834,4074800
4666,85,99,61966,1601,1498933,4420300
4667,94,81,61872,1614,1499014,4066400
4668,68,74,61804,1608,1499088,4137100
4669,87,89,61717,1606,1499177,4129700
4670,82,94,61635,1594,1499271,4016300
4671,85,77,61550,1602,1499348,4168300
4672,89,79,61461,1612,1499427,4147300
4673,89,89,61372,1612,1499516,4077200
4674,80,83,61292,1609,1499599,4117100
4675,81,78,61211,1612,1499677,4802600
4676,84,71,61127,1625,1499748,4187400
4677,83,71,61044,1637,1499819,4453300
4678,84,84,60960,1637,1499903,4160500
4679,81,88,60879,1630,1499991,4260000
4680,87,90,60792,1627,1500081,4139600
4681,75,88,60717,1614,1500169,4741200
4682,71,90,60646,1595,1500259,4511700
4683,69,78,60577,1586,1500337,4360600
4684,90,83,60487,1593,1500420,4615800
4685,72,85,60415,1580,1500505,4517400
4686,91,82,60324,1589,1500587,4466200
4687,76,94,60248,1571,1500681,4388500
4688,62,83,60186,1550,1500764,4395800
4689,59,73,60127,1536,1500837,4212700
4690,66,74,60061,1528,1500911,5056300
4691,83,89,59978,1522,1501000,5199000
4692,62,61,59916,1523,1501061,4861800
4693,73,70,59843,1526,1501131,5119700
4694,78,68,59765,1536,1501199,4400100
4695,90,85,59675,1541,1501284,4967700
4696,85,87,59590,1539,1501371,4499900
4697,90,71,59500,1558,1501442,4180800
4698,75,83,59425,1550,1501525,4005400
4699,96,70,59329,1576,1501595,4056500
4700,75,82,59254,1569,1501677,4052100
4701,76,82,59178,1563,1501759,3999000
4702,80,73,59098,1570,1501832,4125300
4703,72,75,59026,1567,1501907,4012600
4704,79,71,58947,1575,1501978,3998100
4705,72,82,58875,1565,1502060,3980900
4706,75,74,58800,1566,1502134,4019900
4707,65,69,58735,1562,1502203,4064100
4708,76,66,58659,1572,1502269,4016500
4709,68,87,58591,1553,1502356,4254600
4710,87,92,58504,1548,1502448,4006000
4711,70,72,58434,1546,1502520,4077600
4712,76,87,58358,1535,1502607,4061300
4713,74,75,58284,1534,1502682,4070200
4714,71,67,58213,1538,1502749,4036800
4715,79,71,58134,1546,1502820,4456900
4716,78,74,58056,1550,1502894,4081100
4717,82,73,57974,1559,1502967,4059900
4718,70,76,57904,1553,1503043,4129700
4719,81,80,57823,1554,1503123,4071400
4720,94,82,57729,1566,1503205,4152400
4721,85,75,57644,1576,1503280,4104700
4722,80,76,57564,1580,1503356,4082900
4723,83,81,57481,1582,1503437,4166500
4724,69,83,57412,1568,1503520,4808900
4725,84,66,57328,1586,1503586,5227200
4726,89,80,57239,1595,1503666,5297100
4727,87,70,57152,1612,1503736,5272500
4728,84,86,57068,1610,1503822,4294700
4729,78,68,56990,1620,1503890,4763000
4730,74,86,56916,1608,1503976,4817400
4731,70,89,56846,1589,1504065,3917400
4732,69,83,56777,1575,1504148,4161500
4733,83,98,56694,1560,1504246,4438700
4734,71,65,56623,1566,1504311,4019300
4735,82,75,56541,1573,1504386,4048300
4736,63,77,56478,1559,1504463,4483900
4737,78,67,56400,1570,1504530,4014100
4738,79,83,56321,1566,1504613,4075400
4739,87,89,56234,1564,1504702,4036900
4740,91,93,56143,1562,1504795,4008600
4741,80,74,56063,1568,1504869,4410800
4742,76,79,55987,1565,1504948,3966600
4743,87,98,55900,1554,1505046,4125100
4744,74,85,55826,1543,1505131,4083500
4745,71,88,55755,1526,1505219,4005400
4746,78,68,55677,1536,1505287,3978600
4747,73,63,55604,1546,1505350,4214700
4748,77,55,55527,1568,1505405,4158400
4749,75,96,55452,1547,1505501,4039700
4750,72,89,55380,1530,1505590,4054400
4751,72,65,55308,1537,1505655,3993800
4752,84,88,55224,1533,1505743,4024900
4753,64,88,55160,1509,1505831,4342700
4754,67,72,55093,1504,1505903,4081700
4755,66,76,55027,1494,1505979,4068200
4756,68,80,54959,1482,1506059,4069700
4757,72,76,54887,1478,1506135,4042000
4758,63,74,54824,1467,1506209,4091100
4759,56,76,54768,1447,1506285,4064500
4760,71,81,54697,1437,1506366,4040800
4761,71,69,54626,1439,1506435,4303600
4762,57,77,54569,1419,1506512,4064800
4763,67,74,54502,1412,1506586,4089300
4764,66,69,54436,1409,1506655,4097700
4765,76,60,54360,1425,1506715,4010100
4766,71,84,54289,1412,1506799,4098500
4767,69,72,54220,1409,1506871,4046800
4768,55,77,54165,1387,1506948,4002700
4769,57,67,54108,1377,1507015,4041300
4770,81,60,54027,1398,1507075,4141900
4771,66,75,53961,1389,1507150,3982700
4772,67,74,53894,1382,1507224,4014500
4773,70,61,53824,1391,1507285,4332600
4774,61,74,53763,1378,1507359,4144800
4775,69,68,53694,1379,1507427,4018300
4776,76,79,53618,1376,1507506,4065000
4777,58,70,53560,1364,1507576,3997000
4778,70,64,53490,1370,1507640,3968900
4779,88,65,53402,1393,1507705,4014000
4780,87,73,53315,1407,1507778,4012100
4781,74,77,53241,1404,1507855,3992800
4782,88,60,53153,1432,1507915,4003400
4783,80,58,53073,1454,1507973,4017300
4784,60,72,53013,1442,1508045,3961300
4785,86,63,52927,1465,1508108,4057100
4786,82,58,52845,1489,1508166,4022600
4787,83,75,52762,1497,1508241,4014700
4788,83,66,52679,1514,1508307,4072700
4789,73,84,52606,1503,1508391,4025500
4790,91,65,52515,1529,1508456,4032500
4791,67,81,52448,1515,1508537,4076600
4792,56,72,52392,1499,1508609,4074500
4793,52,73,52340,1478,1508682,4135100
4794,41,82,52299,1437,1508764,4083500
4795,64,84,52235,1417,1508848,4068200
4796,64,62,52171,1419,1508910,4109500
4797,50,64,52121,1405,1508974,4071600
4798,65,69,52056,1401,1509043,4050800
4799,77,78,51979,1400,1509121,4344900
4800,62,78,51917,1384,1509199,4221600
4801,69,58,51848,1395,1509257,4193500
4802,45,62,51803,1378,1509319,4218100
4803,56,66,51747,1368,1509385,4212300
4804,69,59,51678,1378,1509444,4422700
4805,68,69,51610,1377,1509513,4292000
4806,68,82,51542,1363,1509595,4052200
4807,53,83,51489,1333,1509678,4260200
4808,57,60,51432,1330,1509738,4053000
4809,72,59,51360,1343,1509797,4077200
4810,72,61,51288,1354,1509858,4055400
4811,73,80,51215,1347,1509938,4020500
4812,77,68,51138,1356,1510006,4068100
4813,62,72,51076,1346,1510078,4205500
4814,74,67,51002,1353,1510145,4158900
4815,69,70,50933,1352,1510215,4118700
4816,74,58,50859,1368,1510273,4158400
4817,79,60,50780,1387,1510333,4120800
4818,66,87,50714,1366,1510420,4120900
4819,69,65,50645,1370,1510485,4043400
4820,62,72,50583,1360,1510557,4019000
4821,70,70,50513,1360,1510627,3985900
4822,67,73,50446,1354,1510700,3933600
4823,61,65,50385,1350,1510765,4013700
4824,73,67,50312,1356,1510832,4108000
4825,67,57,50245,1366,1510889,4299400
4826,58,59,50187,1365,1510948,4056600
4827,50,71,50137,1344,1511019,4197300
4828,58,68,50079,1334,1511087,4075900
4829,67,59,50012,1342,1511146,4090800
4830,54,53,49958,1343,1511199,4635300
4831,60,77,49898,1326,1511276,4289700
4832,67,66,49831,1327,1511342,4289500
4833,72,55,49759,1344,1511397,4153800
4834,74,71,49685,1347,1511468,4041100
4835,69,77,49616,1339,1511545,3990000
4836,71,67,49545,1343,1511612,4492500
4837,65,79,49480,1329,1511691,4062000
4838,71,75,49409,1325,1511766,3988500
4839,60,56,49349,1329,1511822,4496800
4840,60,70,49289,1319,1511892,5364600
4841,68,61,49221,1326,1511953,4858900
4842,60,65,49161,1321,1512018,4096800
4843,67,65,49094,1323,1512083,5110300
4844,58,71,49036,1310,1512154,4077200
4845,57,60,48979,1307,1512214,4031900
4846,71,59,48908,1319,1512273,4057600
4847,65,67,48843,1317,1512340,3980600
4848,70,58,48773,1329,1512398,3928800
4849,70,70,48703,1329,1512468,4262500
4850,64,70,48639,1323,1512538,4267000
4851,57,83,48582,1297,1512621,4007300
4852,57,79,48525,1275,1512700,3987700
4853,61,57,48464,1279,1512757,3969700
4854,73,64,48391,1288,1512821,3958200
4855,82,70,48309,1300,1512891,4363200
4856,58,62,48251,1296,1512953,4186700
4857,59,72,48192,1283,1513025,3997000
4858,57,62,48135,1278,1513087,4415300
4859,65,58,48070,1285,1513145,4064700
4860,59,58,48011,1286,1513203,3966200
4861,52,65,47959,1273,1513268,3980100
4862,48,58,47911,1263,1513326,3947100
4863,65,63,47846,1265,1513389,3957800
4864,61,69,47785,1257,1513458,4384400
4865,66,67,47719,1256,1513525,4108100
4866,65,59,47654,1262,1513584,4148800
4867,60,53,47594,1269,1513637,4123500
4868,50,80,47544,1239,1513717,4037200
4869,73,61,47471,1251,1513778,4177200
4870,66,56,47405,1261,1513834,4009900
4871,55,67,47350,1249,1513901,4045300
4872,68,61,47282,1256,1513962,4197100
4873,43,64,47239,1235,1514026,4119500
4874,61,70,47178,1226,1514096,4025300
4875,62,69,47116,1219,1514165,4422600
4876,69,55,47047,1233,1514220,4080300
4877,60,63,46987,1230,1514283,4031700
4878,69,64,46918,1235,1514347,4007000
4879,61,61,46857,1235,1514408,4100100
4880,62,61,46795,1236,1514469,4230900
4881,54,61,46741,1229,1514530,4037100
4882,64,52,46677,1241,1514582,4020800
4883,67,62,46610,1246,1514644,4102600
4884,59,63,46551,1242,1514707,4037100
4885,63,60,46488,1245,1514767,4040000
4886,71,70,46417,1246,1514837,4367200
4887,53,60,46364,1239,1514897,3993500
4888,55,52,46309,1242,1514949,4119800
4889,61,57,46248,1246,1515006,4711400
4890,67,55,46181,1258,1515061,4090600
4891,70,60,46111,1268,1515121,4054600
4892,56,60,46055,1264,1515181,3980900
4893,73,47,45982,1290,1515228,4130700
4894,58,56,45924,1292,1515284,4016600
4895,60,74,45864,1278,1515358,4013800
4896,72,49,45792,1301,1515407,4064900
4897,50,45,45742,1306,1515452,4091400
4898,54,69,45688,1291,1515521,4048400
4899,57,61,45631,1287,1515582,3997100
4900,68,54,45563,1301,1515636,4046500
4901,65,56,45498,1310,1515692,4024200
4902,50,72,45448,1288,1515764,3981000
4903,71,72,45377,1287,1515836,4390200
4904,64,64,45313,1287,1515900,4104200
4905,41,64,45272,1264,1515964,4014700
4906,56,63,45216,1257,1516027,3992900
4907,56,62,45160,1251,1516089,4007800
4908,63,78,45097,1236,1516167,3935500
4909,58,56,45039,1238,1516223,3992600
4910,54,60,44985,1232,1516283,3976200
4911,59,62,44926,1229,1516345,3971800
4912,62,54,44864,1237,1516399,4353100
4913,65,53,44799,1249,1516452,4030500
4914,66,65,44733,1250,1516517,4017600
4915,49,69,44684,1230,1516586,4120300
4916,62,51,44622,1241,1516637,4037100
4917,56,74,44566,1223,1516711,3962800
4918,55,56,44511,1222,1516767,4511500
4919,46,58,44465,1210,1516825,3996200
4920,51,61,44414,1200,1516886,4068200
4921,50,50,44364,1200,1516936,3936600
4922,45,40,44319,1205,1516976,4072100
4923,67,65,44252,1207,1517041,4153800
4924,47,64,44205,1190,1517105,3982900
4925,61,48,44144,1203,1517153,4009300
4926,48,75,44096,1176,1517228,4105500
4927,47,64,44049,1159,1517292,3969000
4928,62,56,43987,1165,1517348,3935400
4929,58,52,43929,1171,1517400,4051800
4930,60,67,43869,1164,1517467,3946400
4931,63,71,43806,1156,1517538,3966400
4932,57,56,43749,1157,1517594,4240800
4933,64,59,43685,1162,1517653,4031900
4934,50,47,43635,1165,1517700,4045300
4935,60,70,43575,1155,1517770,3952900
4936,54,51,43521,1158,1517821,3967900
4937,54,42,43467,1170,1517863,4045200
4938,64,48,43403,1186,1517911,4130400
4939,64,54,43339,1196,1517965,3966900
4940,55,54,43284,1197,1518019,4037000
4941,54,53,43230,1198,1518072,4051400
4942,39,58,43191,1179,1518130,4021400
4943,53,53,43138,1179,1518183,4313500
4944,55,67,43083,1167,1518250,4079100
4945,46,63,43037,1150,1518313,4030600
4946,51,55,42986,1146,1518368,4440900
4947,48,59,42938,1135,1518427,4264900
4948,48,58,42890,1125,1518485,4093400
4949,40,68,42850,1097,1518553,4085400
4950,53,59,42797,1091,1518612,4006000
4951,55,64,42742,1082,1518676,3990400
4952,47,45,42695,1084,1518721,4007800
4953,48,37,42647,1095,1518758,4041000
4954,48,50,42599,1093,1518808,4336200
4955,42,65,42557,1070,1518873,3985100
4956,40,59,42517,1051,1518932,4044800
4957,57,50,42460,1058,1518982,4041900
4958,66,50,42394,1074,1519032,4025300
4959,68,59,42326,1083,1519091,3990500
4960,43,54,42283,1072,1519145,4110800
4961,53,49,42230,1076,1519194,4065600
4962,62,48,42168,1090,1519242,4008300
4963,58,56,42110,1092,1519298,4313600
4964,52,60,42058,1084,1519358,4132300
4965,60,36,41998,1108,1519394,4027600
4966,55,45,41943,1118,1519439,4318600
4967,59,47,41884,1130,1519486,4134700
4968,60,52,41824,1138,1519538,4015700
4969,63,66,41761,1135,1519604,4453600
4970,58,38,41703,1155,1519642,4066500
4971,47,62,41656,1140,1519704,4109300
4972,46,58,41610,1128,1519762,4140700
4973,54,48,41556,1134,1519810,4134700
4974,41,51,41515,1124,1519861,4025800
4975,42,55,41473,1111,1519916,4037900
4976,46,79,41427,1078,1519995,4050100
4977,51,47,41376,1082,1520042,4030900
4978,36,50,41340,1068,1520092,4000200
4979,55,58,41285,1065,1520150,3991400
4980,58,58,41227,1065,1520208,4246200
4981,53,63,41174,1055,1520271,4331200
4982,42,55,41132,1042,1520326,4146700
4983,59,51,41073,1050,1520377,4298700
4984,77,53,40996,1074,1520430,4123700
4985,50,72,40946,1052,1520502,4454700
4986,51,49,40895,1054,1520551,4246100
4987,57,54,40838,1057,1520605,3924700
4988,46,55,40792,1048,1520660,4235200
4989,46,55,40746,1039,1520715,4008100
4990,49,41,40697,1047,1520756,3967700
4991,48,52,40649,1043,1520808,4219100
4992,46,50,40603,1039,1520858,4055200
4993,57,60,40546,1036,1520918,3949900
4994,56,46,40490,1046,1520964,3974000
4995,61,58,40429,1049,1521022,3951700
4996,59,53,40370,1055,1521075,3986000
4997,51,50,40319,1056,1521125,3952100
4998,47,48,40272,1055,1521173,4035600
4999,57,58,40215,1054,1521231,3998500
5000,54,36,40161,1072,1521267,3989800
5001,44,44,40117,1072,1521311,4075000
5002,47,36,40070,1083,1521347,4070800
5003,43,55,40027,1071,1521402,4064100
5004,48,58,39979,1061,1521460,4028700
5005,59,60,39920,1060,1521520,4041500
5006,43,62,39877,1041,1521582,3968800
5007,46,69,39831,1018,1521651,3939700
5008,38,41,39793,1015,1521692,4072100
5009,55,46,39738,1024,1521738,4059700
5010,52,44,39686,1032,1521782,4091300
5011,41,57,39645,1016,1521839,4028300
5012,37,52,39608,1001,1521891,3981600
5013,49,46,39559,1004,1521937,3976100
5014,38,62,39521,980,1521999,3930500
5015,44,49,39477,975,1522048,3965000
5016,57,49,39420,983,1522097,4316900
5017,56,56,39364,983,1522153,4123200
5018,35,53,39329,965,1522206,3930500
5019,44,54,39285,955,1522260,4021000
5020,57,61,39228,951,1522321,3939200
5021,42,46,39186,947,1522367,3926700
5022,57,51,39129,953,1522418,3947300
5023,48,44,39081,957,1522462,3950900
5024,37,54,39044,940,1522516,3934600
5025,43,49,39001,934,1522565,3927100
5026,46,52,38955,928,1522617,3963600
5027,40,48,38915,920,1522665,4030600
5028,40,60,38875,900,1522725,3940800
5029,44,58,38831,886,1522783,3920500
5030,36,36,38795,886,1522819,4274200
5031,41,36,38754,891,1522855,3907800
5032,35,46,38719,880,1522901,4091200
5033,23,42,38696,861,1522943,4034200
5034,39,39,38657,861,1522982,3946400
5035,36,34,38621,863,1523016,3935200
5036,29,53,38592,839,1523069,4596500
5037,35,36,38557,838,1523105,3960900
5038,28,38,38529,828,1523143,4122800
5039,41,51,38488,818,1523194,3941000
5040,38,48,38450,808,1523242,3929300
5041,43,37,38407,814,1523279,3946200
5042,40,43,38367,811,1523322,3953000
5043,35,34,38332,812,1523356,3911700
5044,35,37,38297,810,1523393,4561400
5045,52,35,38245,827,1523428,4113800
5046,44,40,38201,831,1523468,3923000
5047,35,49,38166,817,1523517,4013700
5048,45,32,38121,830,1523549,3913400
5049,49,43,38072,836,1523592,3904200
5050,54,37,38018,853,1523629,3983000
5051,46,44,37972,855,1523673,3926200
5052,45,42,37927,858,1523715,3913400
5053,53,47,37874,864,1523762,4097000
5054,35,60,37839,839,1523822,3939400
5055,51,28,37788,862,1523850,4037100
5056,40,53,37748,849,1523903,3862300
5057,43,40,37705,852,1523943,4056600
5058,59,40,37646,871,1523983,4045000
5059,47,46,37599,872,1524029,3945800
5060,48,39,37551,881,1524068,3936300
5061,49,54,37502,876,1524122,4227000
5062,51,42,37451,885,1524164,3975700
5063,45,46,37406,884,1524210,3896200
5064,45,53,37361,876,1524263,3947100
5065,50,45,37311,881,1524308,3934300
5066,53,40,37258,894,1524348,3970300
5067,41,40,37217,895,1524388,3970500
5068,32,36,37185,891,1524424,4314200
5069,43,55,37142,879,1524479,4033900
5070,36,48,37106,867,1524527,3984800
5071,38,48,37068,857,1524575,3894100
5072,35,48,37033,844,1524623,3997300
5073,41,47,36992,838,1524670,3932800
5074,43,38,36949,843,1524708,3965500
5075,36,42,36913,837,1524750,3984100
5076,50,42,36863,845,1524792,3945900
5077,34,33,36829,846,1524825,4315400
5078,48,50,36781,844,1524875,3990100
5079,45,47,36736,842,1524922,3909600
5080,46,42,36690,846,1524964,4172300
5081,49,47,36641,848,1525011,4204000
5082,51,48,36590,851,1525059,4091300
5083,55,31,36535,875,1525090,4216600
5084,51,40,36484,886,1525130,4042500
5085,32,42,36452,876,1525172,4162400
5086,34,47,36418,863,1525219,3966000
5087,31,47,36387,847,1525266,4020900
5088,53,45,36334,855,1525311,3996200
5089,37,44,36297,848,1525355,4027000
5090,42,39,36255,851,1525394,4020900
5091,46,39,36209,858,1525433,4500500
5092,39,48,36170,849,1525481,4016900
5093,63,34,36107,878,1525515,4140000
5094,32,39,36075,871,1525554,4468000
5095,49,38,36026,882,1525592,4130400
5096,45,53,35981,874,1525645,4060900
5097,43,40,35938,877,1525685,4242600
5098,43,47,35895,873,1525732,4251300
5099,52,57,35843,868,1525789,4365900
5100,47,46,35796,869,1525835,4122600
5101,56,40,35740,885,1525875,4212500
5102,46,36,35694,895,1525911,4462500
5103,61,48,35633,908,1525959,4236200
5104,52,47,35581,913,1526006,4060000
5105,40,38,35541,915,1526044,3988600
5106,42,41,35499,916,1526085,4061400
5107,37,41,35462,912,1526126,4036400
5108,49,37,35413,924,1526163,4088800
5109,38,50,35375,912,1526213,3996700
5110,34,35,35341,911,1526248,4092200
5111,32,49,35309,894,1526297,4009600
5112,59,43,35250,910,1526340,3966800
5113,45,48,35205,907,1526388,4014400
5114,45,50,35160,902,1526438,3955300
5115,46,37,35114,911,1526475,4099600
5116,41,42,35073,910,1526517,3947300
5117,33,44,35040,899,1526561,3909000
5118,37,38,35003,898,1526599,3896700
5119,42,44,34961,896,1526643,3923300
5120,36,46,34925,886,1526689,3913500
5121,36,62,34889,860,1526751,4187700
5122,32,42,34857,850,1526793,3972100
5123,39,41,34818,848,1526834,3908600
5124,35,36,34783,847,1526870,4206400
5125,32,40,34751,839,1526910,3888600
5126,39,55,34712,823,1526965,4005100
5127,27,47,34685,803,1527012,4038100
5128,27,40,34658,790,1527052,3927400
5129,37,51,34621,776,1527103,3909300
5130,30,39,34591,767,1527142,3918100
5131,29,33,34562,763,1527175,3905100
5132,39,42,34523,760,1527217,3905200
5133,40,42,34483,758,1527259,3923600
5134,38,43,34445,753,1527302,3947600
5135,33,40,34412,746,1527342,3964300
5136,40,38,34372,748,1527380,3906000
5137,33,43,34339,738,1527423,3885400
5138,43,44,34296,737,1527467,4153400
5139,43,34,34253,746,1527501,3918700
5140,45,34,34208,757,1527535,3939900
5141,44,40,34164,761,1527575,4051300
5142,44,41,34120,764,1527616,3928400
5143,32,38,34088,758,1527654,3893700
5144,57,35,34031,780,1527689,4030600
5145,45,34,33986,791,1527723,3930600
5146,42,39,33944,794,1527762,3934500
5147,35,37,33909,792,1527799,4014400
5148,27,37,33882,782,1527836,4014300
5149,34,32,33848,784,1527868,4019600
5150,36,27,33812,793,1527895,3973600
5151,36,46,33776,783,1527941,4072500
5152,40,36,33736,787,1527977,4050400
5153,37,48,33699,776,1528025,3913900
5154,45,39,33654,782,1528064,3910500
5155,39,36,33615,785,1528100,4033200
5156,38,32,33577,791,1528132,3950600
5157,35,35,33542,791,1528167,3923400
5158,46,47,33496,790,1528214,4824900
5159,34,38,33462,786,1528252,4074100
5160,37,45,33425,778,1528297,4117100
5161,30,43,33395,765,1528340,3956600
5162,27,38,33368,754,1528378,4320100
5163,40,38,33328,756,1528416,4127300
5164,21,32,33307,745,1528448,3942900
5165,37,37,33270,745,1528485,3974600
5166,27,29,33243,743,1528514,4247300
5167,36,35,33207,744,1528549,3970700
5168,33,50,33174,727,1528599,3915300
5169,33,30,33141,730,1528629,4200700
5170,38,31,33103,737,1528660,3988600
5171,37,23,33066,751,1528683,3922600
5172,29,48,33037,732,1528731,3818000
5173,24,41,33013,715,1528772,4169700
5174,29,28,32984,716,1528800,3968000
5175,39,42,32945,713,1528842,3884700
5176,33,38,32912,708,1528880,3947300
5177,34,31,32878,711,1528911,4303000
5178,27,28,32851,710,1528939,4080600
5179,25,42,32826,693,1528981,3956300
5180,29,34,32797,688,1529015,3983700
5181,28,36,32769,680,1529051,3917000
5182,32,24,32737,688,1529075,4030100
5183,31,37,32706,682,1529112,4042100
5184,32,31,32674,683,1529143,3982500
5185,22,46,32652,659,1529189,3971500
5186,36,31,32616,664,1529220,3983400
5187,18,43,32598,639,1529263,3984000
5188,33,25,32565,647,1529288,4076800
5189,33,39,32532,641,1529327,4018700
5190,23,37,32509,627,1529364,3992100
5191,32,35,32477,624,1529399,4013200
5192,28,29,32449,623,1529428,4027000
5193,26,24,32423,625,1529452,3912500
5194,29,32,32394,622,1529484,3960100
5195,28,31,32366,619,1529515,3903400
5196,25,27,32341,617,1529542,3894100
5197,21,32,32320,606,1529574,3975200
5198,35,35,32285,606,1529609,3908800
5199,20,37,32265,589,1529646,3951400
5200,34,26,32231,597,1529672,4250700
5201,29,27,32202,599,1529699,3997400
5202,33,39,32169,593,1529738,3940600
5203,31,30,32138,594,1529768,4003500
5204,34,32,32104,596,1529800,3980200
5205,23,20,32081,599,1529820,3914900
5206,28,20,32053,607,1529840,3908600
5207,29,38,32024,598,1529878,3893800
5208,25,27,31999,596,1529905,4030100
5209,26,31,31973,591,1529936,3934900
5210,24,38,31949,577,1529974,3892100
5211,31,28,31918,580,1530002,4395400
5212,26,23,31892,583,1530025,3915500
5213,35,34,31857,584,1530059,3876900
5214,38,32,31819,590,1530091,4019700
5215,24,31,31795,583,1530122,3903400
5216,34,35,31761,582,1530157,3885600
5217,34,26,31727,590,1530183,3936400
5218,41,30,31686,601,1530213,3915300
5219,28,27,31658,602,1530240,3921600
5220,35,32,31623,605,1530272,3973400
5221,22,40,31601,587,1530312,3903500
5222,32,34,31569,585,1530346,3919900
5223,36,20,31533,601,1530366,3983100
5224,33,38,31500,596,1530404,3956700
5225,28,28,31472,596,1530432,3957400
5226,39,23,31433,612,1530455,3919800
5227,32,32,31401,612,1530487,3938300
5228,32,41,31369,603,1530528,4200000
5229,39,26,31330,616,1530554,3900000
5230,28,36,31302,608,1530590,3930600
5231,35,41,31267,602,1530631,3983300
5232,29,40,31238,591,1530671,4033900
5233,29,28,31209,592,1530699,3877400
5234,37,26,31172,603,1530725,4034800
5235,25,34,31147,594,1530759,3946100
5236,39,19,31108,614,1530778,3903100
5237,19,19,31089,614,1530797,4043200
5238,37,37,31052,614,1530834,4035200
5239,35,33,31017,616,1530867,3920700
5240,32,27,30985,621,1530894,4195100
5241,32,28,30953,625,1530922,5063400
5242,44,22,30909,647,1530944,4691200
5243,28,26,30881,649,1530970,5046000
5244,29,33,30852,645,1531003,4892700
5245,39,25,30813,659,1531028,3932900
5246,34,33,30779,660,1531061,3898800
5247,27,36,30752,651,1531097,3938700
5248,38,35,30714,654,1531132,3914900
5249,36,36,30678,654,1531168,3917600
5250,30,32,30648,652,1531200,4224400
5251,37,31,30611,658,1531231,5077900
5252,31,31,30580,658,1531262,4279600
5253,20,24,30560,654,1531286,3956400
5254,38,33,30522,659,1531319,3960300
5255,34,26,30488,667,1531345,4347800
5256,29,34,30459,662,1531379,4187800
5257,38,32,30421,668,1531411,4026200
5258,40,26,30381,682,1531437,5216100
5259,39,30,30342,691,1531467,4030400
5260,39,19,30303,711,1531486,3989700
5261,39,30,30264,720,1531516,4191000
5262,44,42,30220,722,1531558,3938700
5263,35,45,30185,712,1531603,4256600
5264,28,33,30157,707,1531636,3981600
5265,28,39,30129,696,1531675,3922900
5266,27,27,30102,696,1531702,4014000
5267,44,39,30058,701,1531741,3857100
5268,30,35,30028,696,1531776,3880000
5269,41,44,29987,693,1531820,4105000
5270,42,39,29945,696,1531859,3967400
5271,30,36,29915,690,1531895,4018100
5272,35,35,29880,690,1531930,4035200
5273,27,33,29853,684,1531963,3974700
5274,36,50,29817,670,1532013,3921000
5275,29,34,29788,665,1532047,4253500
5276,28,39,29760,654,1532086,3977600
5277,35,42,29725,647,1532128,3940100
5278,33,31,29692,649,1532159,3934700
5279,25,29,29667,645,1532188,3986100
5280,32,23,29635,654,1532211,4231200
5281,21,24,29614,651,1532235,3829300
5282,23,36,29591,638,1532271,4063000
5283,33,30,29558,641,1532301,4281900
5284,29,31,29529,639,1532332,3934100
5285,23,36,29506,626,1532368,3903400
5286,36,32,29470,630,1532400,3959700
5287,34,37,29436,627,1532437,3897200
5288,23,33,29413,617,1532470,3851600
5289,28,27,29385,618,1532497,4269500
5290,21,23,29364,616,1532520,4017800
5291,35,28,29329,623,1532548,3879000
5292,27,27,29302,623,1532575,4296400
5293,31,36,29271,618,1532611,3968900
5294,28,25,29243,621,1532636,3987800
5295,34,32,29209,623,1532668,4060700
5296,26,32,29183,617,1532700,3980100
5297,34,23,29149,628,1532723,4440300
5298,31,43,29118,616,1532766,4158900
5299,31,30,29087,617,1532796,4006500
5300,24,27,29063,614,1532823,4248500
5301,33,24,29030,623,1532847,4190700
5302,31,30,28999,624,1532877,4300500
5303,28,31,28971,621,1532908,3991000
5304,31,26,28940,626,1532934,4221700
5305,29,18,28911,637,1532952,4262400
5306,32,32,28879,637,1532984,4098300
5307,28,35,28851,630,1533019,4035800
5308,27,35,28824,622,1533054,4157500
5309,19,29,28805,612,1533083,4162100
5310,34,32,28771,614,1533115,4102800
5311,17,33,28754,598,1533148,3989300
5312,29,33,28725,594,1533181,4054700
5313,30,27,28695,597,1533208,4097700
5314,34,25,28661,606,1533233,3909000
5315,25,44,28636,587,1533277,3988000
5316,27,29,28609,585,1533306,4114600
5317,29,25,28580,589,1533331,3983500
5318,22,22,28558,589,1533353,3937200
5319,30,28,28528,591,1533381,4108600
5320,30,27,28498,594,1533408,3942400
5321,24,29,28474,589,1533437,3994200
5322,32,28,28442,593,1533465,3982600
5323,26,35,28416,584,1533500,3940600
5324,28,27,28388,585,1533527,4039500
5325,28,28,28360,585,1533555,3916300
5326,28,31,28332,582,1533586,3971100
5327,34,31,28298,585,1533617,4216800
5328,24,22,28274,587,1533639,4258100
5329,21,28,28253,580,1533667,4099500
5330,24,25,28229,579,1533692,4061100
5331,22,35,28207,566,1533727,3908600
5332,23,30,28184,559,1533757,3900500
5333,23,29,28161,553,1533786,4429700
5334,24,25,28137,552,1533811,3988300
5335,29,26,28108,555,1533837,4016300
5336,22,23,28086,554,1533860,3930600
5337,24,33,28062,545,1533893,3889700
5338,27,27,28035,545,1533920,4023000
5339,21,31,28014,535,1533951,4069500
5340,25,26,27989,534,1533977,4005900
5341,27,27,27962,534,1534004,4440700
5342,19,35,27943,518,1534039,4083600
5343,31,33,27912,516,1534072,4496900
5344,23,23,27889,516,1534095,4075700
5345,27,34,27862,509,1534129,3938800
5346,32,21,27830,520,1534150,4359700
5347,21,27,27809,514,1534177,4005600
5348,26,25,27783,515,1534202,3921200
5349,14,32,27769,497,1534234,4039500
5350,26,23,27743,500,1534257,4052100
5351,26,22,27717,504,1534279,3974300
5352,22,29,27695,497,1534308,3947600
5353,16,21,27679,492,1534329,3879800
5354,15,28,27664,479,1534357,4319000
5355,19,22,27645,476,1534379,3977600
5356,25,30,27620,471,1534409,3899500
5357,24,19,27596,476,1534428,4573700
5358,22,25,27574,473,1534453,4003900
5359,23,21,27551,475,1534474,3946800
5360,18,24,27533,469,1534498,3984500
5361,20,17,27513,472,1534515,3913000
5362,23,24,27490,471,1534539,3931400
5363,18,23,27472,466,1534562,3897300
5364,12,22,27460,456,1534584,3881000
5365,18,24,27442,450,1534608,4044900
5366,20,18,27422,452,1534626,4085600
5367,12,20,27410,444,1534646,4057500
5368,16,22,27394,438,1534668,4086400
5369,15,23,27379,430,1534691,4046900
5370,9,22,27370,417,1534713,4008800
5371,20,11,27350,426,1534724,3867200
5372,26,26,27324,426,1534750,3866600
5373,23,17,27301,432,1534767,3944700
5374,16,20,27285,428,1534787,4169300
5375,19,19,27266,428,1534806,3971800
5376,21,19,27245,430,1534825,4297800
5377,17,26,27228,421,1534851,4035700
5378,19,25,27209,415,1534876,3876800
5379,26,12,27183,429,1534888,3993700
5380,21,18,27162,432,1534906,3837900
5381,21,26,27141,427,1534932,3857300
5382,26,19,27115,434,1534951,3951300
5383,15,23,27100,426,1534974,3879900
5384,21,24,27079,423,1534998,3851600
5385,25,23,27054,425,1535021,4275000
5386,16,18,27038,423,1535039,4039400
5387,23,22,27015,424,1535061,3959400
5388,28,14,26987,438,1535075,3882800
5389,26,31,26961,433,1535106,3825200
5390,23,27,26938,429,1535133,3907600
5391,26,14,26912,441,1535147,3869600
5392,23,17,26889,447,1535164,3884000
5393,18,25,26871,440,1535189,3966600
5394,17,26,26854,431,1535215,3855600
5395,19,20,26835,430,1535235,3865100
5396,25,15,26810,440,1535250,4144300
5397,21,22,26789,439,1535272,3990700
5398,17,14,26772,442,1535286,3854400
5399,22,16,26750,448,1535302,4236900
5400,19,24,26731,443,1535326,3962700
5401,11,15,26720,439,1535341,3900200
5402,27,33,26693,433,1535374,3829900
5403,15,23,26678,425,1535397,3944600
5404,16,19,26662,422,1535416,3993000
5405,19,15,26643,426,1535431,3866800
5406,25,20,26618,431,1535451,3859000
5407,12,17,26606,426,1535468,3974200
5408,20,19,26586,427,1535487,3874800
5409,17,18,26569,426,1535505,3956800
5410,15,18,26554,423,1535523,3968800
5411,22,21,26532,424,1535544,3841300
5412,17,28,26515,413,1535572,3900200
5413,17,24,26498,406,1535596,4129700
5414,18,21,26480,403,1535617,3865200
5415,16,19,26464,400,1535636,4034700
5416,15,17,26449,398,1535653,3898400
5417,20,15,26429,403,1535668,3865200
5418,24,25,26405,402,1535693,3844100
5419,22,23,26383,401,1535716,4154700
5420,17,18,26366,400,1535734,4010000
5421,17,21,26349,396,1535755,4102900
5422,18,23,26331,391,1535778,3880800
5423,14,16,26317,389,1535794,3854800
5424,19,11,26298,397,1535805,4335100
5425,21,25,26277,393,1535830,3921600
5426,11,20,26266,384,1535850,3865000
5427,21,17,26245,388,1535867,3962300
5428,16,21,26229,383,1535888,3913800
5429,17,13,26212,387,1535901,3862700
5430,18,18,26194,387,1535919,4383400
5431,21,15,26173,393,1535934,3931500
5432,17,26,26156,384,1535960,3828700
5433,25,23,26131,386,1535983,3954500
5434,19,16,26112,389,1535999,3846700
5435,17,24,26095,382,1536023,3848000
5436,14,22,26081,374,1536045,3861200
5437,15,23,26066,366,1536068,3875600
5438,19,13,26047,372,1536081,3834500
5439,14,22,26033,364,1536103,3907300
5440,15,21,26018,358,1536124,3864200
5441,15,16,26003,357,1536140,3947800
5442,9,18,25994,348,1536158,3920600
5443,18,16,25976,350,1536174,3828000
5444,16,21,25960,345,1536195,4117800
5445,19,18,25941,346,1536213,3944800
5446,18,17,25923,347,1536230,3865600
5447,11,17,25912,341,1536247,4045100
5448,14,17,25898,338,1536264,3860900
5449,11,19,25887,330,1536283,3919600
5450,17,16,25870,331,1536299,4104700
5451,20,15,25850,336,1536314,4080800
5452,14,13,25836,337,1536327,3909900
5453,18,10,25818,345,1536337,3866700
5454,14,14,25804,345,1536351,3922100
5455,21,21,25783,345,1536372,3897100
5456,19,22,25764,342,1536394,4685100
5457,21,25,25743,338,1536419,4032800
5458,16,14,25727,340,1536433,4090600
5459,12,16,25715,336,1536449,3984400
5460,23,27,25692,332,1536476,3955500
5461,10,23,25682,319,1536499,4081300
5462,13,15,25669,317,1536514,3993100
5463,12,13,25657,316,1536527,4040500
5464,13,14,25644,315,1536541,3991300
5465,13,17,25631,311,1536558,3924800
5466,14,13,25617,312,1536571,3925500
5467,15,8,25602,319,1536579,4535900
5468,11,13,25591,317,1536592,4001200
5469,14,19,25577,312,1536611,3931100
5470,15,13,25562,314,1536624,3903400
5471,16,12,25546,318,1536636,3901600
5472,10,20,25536,308,1536656,4120000
5473,16,16,25520,308,1536672,4257000
5474,21,17,25499,312,1536689,3872200
5475,20,18,25479,314,1536707,3847200
5476,8,15,25471,307,1536722,3853800
5477,17,19,25454,305,1536741,5347800
5478,24,13,25430,316,1536754,4848600
5479,13,15,25417,314,1536769,4722100
5480,18,20,25399,312,1536789,4287000
5481,18,19,25381,311,1536808,4294400
5482,18,14,25363,315,1536822,4723400
5483,12,21,25351,306,1536843,4150800
5484,15,12,25336,309,1536855,4200100
5485,10,17,25326,302,1536872,3946900
5486,18,17,25308,303,1536889,3951000
5487,6,21,25302,288,1536910,3990600
5488,13,12,25289,289,1536922,3961900
5489,16,12,25273,293,1536934,3924000
5490,14,7,25259,300,1536941,4057700
5491,13,14,25246,299,1536955,3985100
5492,14,15,25232,298,1536970,3958800
5493,8,12,25224,294,1536982,4073800
5494,12,17,25212,289,1536999,3901100
5495,9,7,25203,291,1537006,3909400
5496,17,13,25186,295,1537019,3982000
5497,13,20,25173,288,1537039,3879200
5498,12,14,25161,286,1537053,3895200
5499,7,12,25154,281,1537065,3977300
5500,11,17,25143,275,1537082,3878300
5501,12,14,25131,273,1537096,3899300
5502,15,17,25116,271,1537113,3905600
5503,15,17,25101,269,1537130,3896200
5504,8,17,25093,260,1537147,3956300
5505,10,13,25083,257,1537160,3989900
5506,14,13,25069,258,1537173,3935100
5507,10,11,25059,257,1537184,3988700
5508,8,15,25051,250,1537199,4001300
5509,12,13,25039,249,1537212,3981600
5510,11,11,25028,249,1537223,4068600
5511,11,16,25017,244,1537239,4009400
5512,8,18,25009,234,1537257,4000700
5513,10,14,24999,230,1537271,4051300
5514,11,9,24988,232,1537280,4028100
5515,11,16,24977,227,1537296,4455100
5516,7,10,24970,224,1537306,4049100
5517,4,12,24966,216,1537318,4136000
5518,9,17,24957,208,1537335,4080500
5519,10,10,24947,208,1537345,4167700
5520,14,11,24933,211,1537356,4613100
5521,18,6,24915,223,1537362,4054300
5522,9,4,24906,228,1537366,3838300
5523,14,8,24892,234,1537374,4073400
5524,9,12,24883,231,1537386,3979000
5525,12,13,24871,230,1537399,3909800
5526,8,9,24863,229,1537408,3911400
5527,4,7,24859,226,1537415,4041400
5528,8,15,24851,219,1537430,3899800
5529,9,8,24842,220,1537438,3870300
5530,15,7,24827,228,1537445,4079600
5531,11,13,24816,226,1537458,4047300
5532,16,17,24800,225,1537475,3986700
5533,12,13,24788,224,1537488,4046800
5534,8,9,24780,223,1537497,4290300
5535,10,13,24770,220,1537510,4141900
5536,5,9,24765,216,1537519,4021700
5537,8,5,24757,219,1537524,3978100
5538,13,14,24744,218,1537538,3982300
5539,7,12,24737,213,1537550,4017000
5540,8,13,24729,208,1537563,3931600
5541,6,5,24723,209,1537568,3955900
5542,6,12,24717,203,1537580,4042500
5543,5,9,24712,199,1537589,4018000
5544,7,13,24705,193,1537602,3925500
5545,9,8,24696,194,1537610,4255800
5546,7,9,24689,192,1537619,3990100
5547,7,12,24682,187,1537631,3820700
5548,6,9,24676,184,1537640,3931100
5549,7,6,24669,185,1537646,3970600
5550,10,12,24659,183,1537658,3973900
5551,4,8,24655,179,1537666,3921400
5552,11,8,24644,182,1537674,3887300
5553,9,13,24635,178,1537687,4147000
5554,9,7,24626,180,1537694,3964300
5555,11,6,24615,185,1537700,3905300
5556,11,6,24604,190,1537706,3989000
5557,5,8,24599,187,1537714,3839200
5558,5,6,24594,186,1537720,3877700
5559,12,5,24582,193,1537725,4378400
5560,13,13,24569,193,1537738,4076700
5561,12,12,24557,193,1537750,3868700
5562,11,11,24546,193,1537761,3905000
5563,12,11,24534,194,1537772,3822800
5564,12,12,24522,194,1537784,3955700
5565,9,5,24513,198,1537789,3841600
5566,10,8,24503,200,1537797,3831900
5567,4,13,24499,191,1537810,4045300
5568,8,6,24491,193,1537816,3851800
5569,5,10,24486,188,1537826,3845900
5570,10,6,24476,192,1537832,4069200
5571,11,7,24465,196,1537839,3846900
5572,7,16,24458,187,1537855,3836900
5573,5,9,24453,183,1537864,4017400
5574,10,7,24443,186,1537871,3863900
5575,4,11,24439,179,1537882,3855100
5576,6,8,24433,177,1537890,4020100
5577,8,14,24425,171,1537904,3907800
5578,7,7,24418,171,1537911,4695900
5579,3,9,24415,165,1537920,4187400
5580,8,7,24407,166,1537927,4210100
5581,9,2,24398,173,1537929,4533500
5582,7,8,24391,172,1537937,4435000
5583,7,12,24384,167,1537949,4376600
5584,9,9,24375,167,1537958,4821100
5585,11,6,24364,172,1537964,3904400
5586,8,14,24356,166,1537978,4170300
5587,4,7,24352,163,1537985,3965300
5588,8,6,24344,165,1537991,3996600
5589,12,10,24332,167,1538001,3904200
5590,4,14,24328,157,1538015,3955000
5591,11,3,24317,165,1538018,3927400
5592,8,13,24309,160,1538031,3895900
5593,4,9,24305,155,1538040,3938900
5594,5,9,24300,151,1538049,3966700
5595,2,6,24298,147,1538055,3906700
5596,9,8,24289,148,1538063,3896800
5597,13,10,24276,151,1538073,4002000
5598,11,10,24265,152,1538083,3935100
5599,7,12,24258,147,1538095,3907600
5600,6,4,24252,149,1538099,3936300
5601,8,7,24244,150,1538106,3955000
5602,12,12,24232,150,1538118,4093900
5603,10,5,24222,155,1538123,3907400
5604,12,12,24210,155,1538135,3917100
5605,8,11,24202,152,1538146,4002800
5606,8,5,24194,155,1538151,3966500
5607,10,9,24184,156,1538160,3890100
5608,7,10,24177,153,1538170,3993100
5609,6,6,24171,153,1538176,3956500
5610,6,7,24165,152,1538183,3910900
5611,7,11,24158,148,1538194,3979500
5612,7,7,24151,148,1538201,3920200
5613,2,8,24149,142,1538209,3948200
5614,8,7,24141,143,1538216,3870400
5615,4,6,24137,141,1538222,3813000
5616,3,9,24134,135,1538231,4176800
5617,8,5,24126,138,1538236,3946600
5618,7,11,24119,134,1538247,3931400
5619,7,7,24112,134,1538254,3914500
5620,4,6,24108,132,1538260,3800600
5621,10,8,24098,134,1538268,3830800
5622,4,6,24094,132,1538274,4024900
5623,2,6,24092,128,1538280,3943700
5624,3,3,24089,128,1538283,3914300
5625,4,7,24085,125,1538290,4613500
5626,6,7,24079,124,1538297,4009200
5627,3,8,24076,119,1538305,4119700
5628,5,6,24071,118,1538311,3813500
5629,4,8,24067,114,1538319,3885900
5630,10,10,24057,114,1538329,4199600
5631,4,5,24053,113,1538334,3964200
5632,3,5,24050,111,1538339,3841700
5633,6,7,24044,110,1538346,4197400
5634,6,4,24038,112,1538350,3943000
5635,6,7,24032,111,1538357,3839000
5636,5,6,24027,110,1538363,3943100
5637,3,8,24024,105,1538371,3846000
5638,3,5,24021,103,1538376,3818500
5639,6,4,24015,105,1538380,4246500
5640,8,11,24007,102,1538391,3894400
5641,1,4,24006,99,1538395,3971700
5642,6,7,24000,98,1538402,3894000
5643,1,6,23999,93,1538408,3946100
5644,3,4,23996,92,1538412,4004000
5645,4,5,23992,91,1538417,3824400
5646,3,5,23989,89,1538422,3987100
5647,5,5,23984,89,1538427,3953400
5648,1,5,23983,85,1538432,3892200
5649,3,4,23980,84,1538436,3888500
5650,3,4,23977,83,1538440,4346200
5651,2,3,23975,82,1538443,3971400
5652,3,2,23972,83,1538445,3881700
5653,2,5,23970,80,1538450,3964300
5654,2,1,23968,81,1538451,3969600
5655,3,4,23965,80,1538455,3977400
5656,3,3,23962,80,1538458,3841900
5657,5,6,23957,79,1538464,3830800
5658,1,5,23956,75,1538469,3904300
5659,2,5,23954,72,1538474,3841700
5660,1,3,23953,70,1538477,3829200
5661,3,3,23950,70,1538480,3808000
5662,3,3,23947,70,1538483,3843300
5663,1,5,23946,66,1538488,3820900
5664,0,3,23946,63,1538491,3764400
5665,0,3,23946,60,1538494,3960400
5666,2,2,23944,60,1538496,4206700
5667,2,3,23942,59,1538499,4093300
5668,3,3,23939,59,1538502,3945500
5669,3,4,23936,58,1538506,3901200
5670,1,1,23935,58,1538507,3773600
5671,1,4,23934,55,1538511,3823300
5672,0,6,23934,49,1538517,3870000
5673,1,2,23933,48,1538519,3871800
5674,2,4,23931,46,1538523,3953500
5675,0,2,23931,44,1538525,3815900
5676,3,4,23928,43,1538529,3837100
5677,4,1,23924,46,1538530,3832400
5678,0,1,23924,45,1538531,3944400
5679,0,4,23924,41,1538535,3909500
5680,1,2,23923,40,1538537,4116500
5681,0,1,23923,39,1538538,4122400
5682,2,0,23921,41,1538538,3935900
5683,1,5,23920,37,1538543,4021500
5684,0,0,23920,37,1538543,3876500
5685,0,2,23920,35,1538545,3820100
5686,0,1,23920,34,1538546,4470000
5687,2,1,23918,35,1538547,4024900
5688,1,2,23917,34,1538549,3939300
5689,0,0,23917,34,1538549,3874400
5690,0,0,23917,34,1538549,3893500
5691,0,4,23917,30,1538553,3919600
5692,0,5,23917,25,1538558,4037400
5693,0,0,23917,25,1538558,3994600
5694,1,2,23916,24,1538560,3939800
5695,0,1,23916,23,1538561,4051000
5696,0,2,23916,21,1538563,3976100
5697,0,1,23916,20,1538564,4205700
5698,0,2,23916,18,1538566,3898300
5699,0,1,23916,17,1538567,4108700
5700,0,0,23916,17,1538567,3930000
5701,2,2,23914,17,1538569,3948700
5702,1,0,23913,18,1538569,3992000
5703,0,0,23913,18,1538569,3810100
5704,0,1,23913,17,1538570,3864200
5705,0,0,23913,17,1538570,4193500
5706,1,1,23912,17,1538571,4020100
5707,2,0,23910,19,1538571,3821200
5708,3,1,23907,21,1538572,3717000
5709,2,0,23905,23,1538572,3916100
5710,1,0,23904,24,1538572,4155800
5711,1,2,23903,23,1538574,4157700
5712,2,1,23901,24,1538575,3939700
5713,3,1,23898,26,1538576,3897200
5714,2,4,23896,24,1538580,3905100
5715,1,1,23895,24,1538581,3845300
5716,1,1,23894,24,1538582,4215900
5717,2,0,23892,26,1538582,3883200
5718,0,0,23892,26,1538582,3898900
5719,2,5,23890,23,1538587,4034300
5720,2,0,23888,25,1538587,4084600
5721,1,1,23887,25,1538588,4487100
5722,2,3,23885,24,1538591,4097300
5723,1,2,23884,23,1538593,3905000
5724,1,1,23883,23,1538594,3933100
5725,1,1,23882,23,1538595,3878900
5726,1,0,23881,24,1538595,3899400
5727,0,1,23881,23,1538596,3888500
5728,0,1,23881,22,1538597,3885700
5729,1,2,23880,21,1538599,4027100
5730,1,1,23879,21,1538600,3994200
5731,1,0,23878,22,1538600,3901900
5732,2,1,23876,23,1538601,3974100
5733,0,2,23876,21,1538603,3895000
5734,1,1,23875,21,1538604,3880500
5735,1,1,23874,21,1538605,4071300
5736,0,2,23874,19,1538607,3890600
5737,1,1,23873,19,1538608,3905700
5738,0,0,23873,19,1538608,3893400
5739,1,2,23872,18,1538610,3927400
5740,0,1,23872,17,1538611,4006000
5741,0,0,23872,17,1538611,3939600
5742,1,0,23871,18,1538611,3927100
5743,0,0,23871,18,1538611,4027900
5744,0,1,23871,17,1538612,3984600
5745,0,0,23871,17,1538612,3987700
5746,0,0,23871,17,1538612,4040100
5747,0,3,23871,14,1538615,3965900
5748,0,0,23871,14,1538615,3998900
5749,1,1,23870,14,1538616,4084800
5750,0,0,23870,14,1538616,4019600
5751,0,0,23870,14,1538616,4236700
5752,1,0,23869,15,1538616,3993600
5753,1,2,23868,14,1538618,3905700
5754,1,0,23867,15,1538618,4297500
5755,0,1,23867,14,1538619,3869900
5756,0,0,23867,14,1538619,3873000
5757,0,0,23867,14,1538619,3903700
5758,0,1,23867,13,1538620,3865200
5759,1,1,23866,13,1538621,3897500
5760,0,1,23866,12,1538622,3877700
5761,0,0,23866,12,1538622,3897600
5762,0,1,23866,11,1538623,3903400
5763,0,1,23866,10,1538624,3842600
5764,0,0,23866,10,1538624,3830800
5765,0,1,23866,9,1538625,4211900
5766,0,0,23866,9,1538625,3881400
5767,0,0,23866,9,1538625,3776500
5768,0,0,23866,9,1538625,3812100
5769,0,1,23866,8,1538626,3849500
5770,0,1,23866,7,1538627,3887800
5771,0,0,23866,7,1538627,3819800
5772,0,0,23866,7,1538627,3853700
5773,0,0,23866,7,1538627,4304000
5774,0,1,23866,6,1538628,3794000
5775,0,0,23866,6,1538628,3919100
5776,0,0,23866,6,1538628,4127900
5777,0,0,23866,6,1538628,4208300
5778,0,0,23866,6,1538628,3871400
5779,0,0,23866,6,1538628,4027400
5780,0,0,23866,6,1538628,3939500
5781,0,0,23866,6,1538628,3863600
5782,0,1,23866,5,1538629,3944000
5783,0,0,23866,5,1538629,3893100
5784,0,0,23866,5,1538629,3977000
5785,0,0,23866,5,1538629,3901200
5786,0,1,23866,4,1538630,3906500
5787,0,0,23866,4,1538630,4604500
5788,0,1,23866,3,1538631,4070300
5789,0,0,23866,3,1538631,3933700
5790,0,0,23866,3,1538631,3893500
5791,0,0,23866,3,1538631,3837700
5792,0,0,23866,3,1538631,3846300
5793,0,0,23866,3,1538631,3884000
5794,0,0,23866,3,1538631,3845700
5795,0,0,23866,3,1538631,3926300
5796,0,0,23866,3,1538631,3876800
5797,0,0,23866,3,1538631,3898200
5798,0,0,23866,3,1538631,4040100
5799,0,0,23866,3,1538631,3877800
5800,0,0,23866,3,1538631,3872900
5801,0,2,23866,1,1538633,4262900
5802,0,0,23866,1,1538633,4132800
5803,0,0,23866,1,1538633,4008900
5804,0,0,23866,1,1538633,3842300
5805,0,0,23866,1,1538633,3842600
5806,0,0,23866,1,1538633,3971700
5807,0,0,23866,1,1538633,3833000
5808,0,0,23866,1,1538633,3823900
5809,0,0,23866,1,1538633,4030000
5810,0,0,23866,1,1538633,4041200
5811,0,0,23866,1,1538633,3882900
5812,0,0,23866,1,1538633,3941400
5813,0,0,23866,1,1538633,3973700
5814,0,0,23866,1,1538633,4120900
5815,0,0,23866,1,1538633,4400900
5816,0,0,23866,1,1538633,3984200
5817,0,0,23866,1,1538633,4272000
5818,0,0,23866,1,1538633,4027800
5819,0,0,23866,1,1538633,3967500
5820,0,0,23866,1,1538633,3814900
5821,0,0,23866,1,1538633,3861100
5822,0,0,23866,1,1538633,4274900
5823,0,0,23866,1,1538633,3708500
5824,0,0,23866,1,1538633,3947000
5825,0,0,23866,1,1538633,3946800
5826,0,0,23866,1,1538633,3820900
5827,0,0,23866,1,1538633,3780900
5828,0,0,23866,1,1538633,4000400
5829,0,0,23866,1,1538633,3879800
5830,0,0,23866,1,1538633,3803500
5831,0,0,23866,1,1538633,3895200
5832,0,0,23866,1,1538633,3832800
5833,0,0,23866,1,1538633,3895000
5834,0,0,23866,1,1538633,3787800
5835,0,0,23866,1,1538633,3828300
5836,0,0,23866,1,1538633,4193600
5837,0,0,23866,1,1538633,3925400
5838,0,0,23866,1,1538633,3956900
5839,0,0,23866,1,1538633,3901000
5840,0,0,23866,1,1538633,3832500
5841,0,0,23866,1,1538633,3803900
5842,0,1,23866,0,1538634,3822500
