Tick,NewlyInfected,NewlyRecovered,TotalSusceptible,TotalInfected,TotalRecovered,StepTimeNanos
0,1,0,1562494,6,0,3985800
1,4,0,1562490,10,0,4138700
2,3,0,1562487,13,0,4035100
3,3,0,1562484,16,0,3936300
4,6,0,1562478,22,0,4937400
5,4,1,1562474,25,1,4853500
6,1,2,1562473,24,3,3876800
7,5,1,1562468,28,4,3863600
8,4,2,1562464,30,6,3901800
9,14,4,1562450,40,10,3924000
10,4,3,1562446,41,13,3841300
11,5,3,1562441,43,16,4640800
12,6,3,1562435,46,19,3741100
13,6,1,1562429,51,20,3799100
14,4,1,1562425,54,21,3733600
15,9,0,1562416,63,21,3771500
16,7,4,1562409,66,25,3738600
17,6,3,1562403,69,28,4292600
18,5,2,1562398,72,30,4008000
19,7,7,1562391,72,37,3819200
20,6,8,1562385,70,45,3821900
21,9,5,1562376,74,50,3710100
22,7,5,1562369,76,55,3675600
23,8,0,1562361,84,55,3659500
24,3,3,1562358,84,58,3721200
25,6,6,1562352,84,64,3695300
26,13,6,1562339,91,70,3691700
27,10,3,1562329,98,73,3687700
28,9,8,1562320,99,81,3813300
29,9,6,1562311,102,87,3764500
30,13,6,1562298,109,93,3832900
31,13,8,1562285,114,101,3720900
32,12,12,1562273,114,113,3884100
33,14,1,1562259,127,114,3821100
34,13,9,1562246,131,123,3866000
35,16,7,1562230,140,130,4259400
36,23,3,1562207,160,133,3856500
37,15,9,1562192,166,142,3804900
38,18,6,1562174,178,148,3768700
39,14,8,1562160,184,156,4152900
40,11,7,1562149,188,163,3858100
41,26,8,1562123,206,171,3812000
42,18,14,1562105,210,185,3799300
43,21,15,1562084,216,200,4042600
44,25,10,1562059,231,210,3767600
45,22,14,1562037,239,224,3763300
46,31,16,1562006,254,240,3762000
47,20,15,1561986,259,255,4472200
48,29,10,1561957,278,265,3856500
49,21,16,1561936,283,281,4254500
50,23,22,1561913,284,303,4171300
51,27,18,1561886,293,321,4021500
52,20,17,1561866,296,338,3964000
53,30,11,1561836,315,349,3811500
54,31,21,1561805,325,370,4179100
55,34,17,1561771,342,387,3867600
56,24,18,1561747,348,405,3802000
57,37,18,1561710,367,423,3824700
58,38,17,1561672,388,440,3872400
59,32,14,1561640,406,454,3803400
60,29,13,1561611,422,467,3792900
61,41,25,1561570,438,492,3771000
62,39,17,1561531,460,509,3809900
63,35,19,1561496,476,528,3766300
64,40,22,1561456,494,550,3841300
65,33,24,1561423,503,574,3741800
66,36,22,1561387,517,596,3768600
67,33,27,1561354,523,623,3801200
68,41,25,1561313,539,648,3822200
69,44,29,1561269,554,677,3781200
70,40,33,1561229,561,710,3908400
71,35,24,1561194,572,734,4249600
72,42,28,1561152,586,762,4071200
73,40,24,1561112,602,786,3963100
74,42,32,1561070,612,818,3974400
75,38,33,1561032,617,851,4005600
76,46,27,1560986,636,878,4090600
77,35,27,1560951,644,905,4104200
78,50,37,1560901,657,942,4123000
79,60,33,1560841,684,975,4094800
80,48,28,1560793,704,1003,4041200
81,56,45,1560737,715,1048,4116100
82,48,39,1560689,724,1087,4142400
83,56,46,1560633,734,1133,4083600
84,45,26,1560588,753,1159,4064300
85,53,32,1560535,774,1191,3909500
86,47,38,1560488,783,1229,4546500
87,61,41,1560427,803,1270,4189200
88,45,38,1560382,810,1308,4076000
89,58,44,1560324,824,1352,4157900
90,56,42,1560268,838,1394,4036200
91,60,35,1560208,863,1429,4099000
92,67,46,1560141,884,1475,4035000
93,83,43,1560058,924,1518,4470200
94,65,41,1559993,948,1559,4066600
95,54,47,1559939,955,1606,4078700
96,64,60,1559875,959,1666,3995000
97,74,52,1559801,981,1718,4406400
98,73,41,1559728,1013,1759,4056700
99,50,63,1559678,1000,1822,4072300
100,69,48,1559609,1021,1870,4560800
101,73,52,1559536,1042,1922,4072400
102,60,47,1559476,1055,1969,3995600
103,74,53,1559402,1076,2022,3987100
104,66,51,1559336,1091,2073,4464400
105,79,56,1559257,1114,2129,4176200
106,78,59,1559179,1133,2188,4072400
107,64,46,1559115,1151,2234,4013500
108,75,68,1559040,1158,2302,4121000
109,83,57,1558957,1184,2359,3960500
110,82,74,1558875,1192,2433,3937100
111,88,61,1558787,1219,2494,4080900
112,75,48,1558712,1246,2542,4383100
113,76,62,1558636,1260,2604,4151700
114,82,73,1558554,1269,2677,3951400
115,71,68,1558483,1272,2745,4325700
116,91,74,1558392,1289,2819,4068900
117,78,57,1558314,1310,2876,4039300
118,72,65,1558242,1317,2941,4097000
119,62,68,1558180,1311,3009,4397800
120,77,59,1558103,1329,3068,4158600
121,93,69,1558010,1353,3137,4148700
122,71,66,1557939,1358,3203,4059400
123,80,70,1557859,1368,3273,4188900
124,89,75,1557770,1382,3348,4013500
125,74,81,1557696,1375,3429,4093300
126,100,67,1557596,1408,3496,3916800
127,106,63,1557490,1451,3559,4005300
128,93,78,1557397,1466,3637,3914700
129,95,64,1557302,1497,3701,3912000
130,89,90,1557213,1496,3791,3948600
131,85,71,1557128,1510,3862,4014600
132,96,72,1557032,1534,3934,3935800
133,112,75,1556920,1571,4009,3938800
134,98,85,1556822,1584,4094,4307000
135,88,61,1556734,1611,4155,4003300
136,93,82,1556641,1622,4237,3952200
137,82,70,1556559,1634,4307,4027000
138,84,92,1556475,1626,4399,5309700
139,99,84,1556376,1641,4483,5373800
140,105,84,1556271,1662,4567,5476800
141,87,95,1556184,1654,4662,5222400
142,105,86,1556079,1673,4748,4903600
143,111,90,1555968,1694,4838,4114300
144,107,76,1555861,1725,4914,4169100
145,98,74,1555763,1749,4988,4312400
146,111,82,1555652,1778,5070,4163300
147,111,81,1555541,1808,5151,4915400
148,113,73,1555428,1848,5224,4505600
149,103,96,1555325,1855,5320,4044200
150,112,102,1555213,1865,5422,3924600
151,89,101,1555124,1853,5523,3949100
152,97,84,1555027,1866,5607,3925800
153,97,94,1554930,1869,5701,3899500
154,124,92,1554806,1901,5793,3861000
155,125,95,1554681,1931,5888,4280300
156,94,99,1554587,1926,5987,3889300
157,104,112,1554483,1918,6099,3929900
158,106,115,1554377,1909,6214,3919000
159,112,98,1554265,1923,6312,4260700
160,118,95,1554147,1946,6407,3877400
161,124,91,1554023,1979,6498,3865300
162,117,91,1553906,2005,6589,3953100
163,119,109,1553787,2015,6698,4351300
164,111,107,1553676,2019,6805,4114300
165,117,101,1553559,2035,6906,3964400
166,121,105,1553438,2051,7011,3998600
167,129,96,1553309,2084,7107,4330900
168,128,101,1553181,2111,7208,4080300
169,116,97,1553065,2130,7305,3936800
170,118,112,1552947,2136,7417,4064000
171,148,97,1552799,2187,7514,4500500
172,118,121,1552681,2184,7635,3996600
173,103,113,1552578,2174,7748,3936400
174,115,125,1552463,2164,7873,4149000
175,129,106,1552334,2187,7979,4057600
176,140,106,1552194,2221,8085,4029600
177,126,108,1552068,2239,8193,4080100
178,114,125,1551954,2228,8318,4306500
179,134,99,1551820,2263,8417,4286200
180,117,113,1551703,2267,8530,4083600
181,114,113,1551589,2268,8643,4032600
182,113,104,1551476,2277,8747,4076800
183,140,123,1551336,2294,8870,3986000
184,114,113,1551222,2295,8983,3987100
185,127,110,1551095,2312,9093,4296300
186,134,107,1550961,2339,9200,4064100
187,151,115,1550810,2375,9315,4084300
188,128,113,1550682,2390,9428,4017400
189,134,112,1550548,2412,9540,4076700
190,146,116,1550402,2442,9656,4025700
191,134,127,1550268,2449,9783,4023900
192,142,118,1550126,2473,9901,4044000
193,114,106,1550012,2481,10007,4021300
194,152,134,1549860,2499,10141,3953800
195,139,142,1549721,2496,10283,3989300
196,142,131,1549579,2507,10414,3969400
197,161,134,1549418,2534,10548,4051400
198,154,127,1549264,2561,10675,3961100
199,140,128,1549124,2573,10803,3896700
200,138,130,1548986,2581,10933,3912300
201,129,126,1548857,2584,11059,4198800
202,154,126,1548703,2612,11185,4024600
203,163,154,1548540,2621,11339,3990200
204,145,139,1548395,2627,11478,4016400
205,157,129,1548238,2655,11607,4370400
206,162,146,1548076,2671,11753,4380300
207,145,146,1547931,2670,11899,4317900
208,151,130,1547780,2691,12029,4209300
209,139,131,1547641,2699,12160,4124300
210,158,119,1547483,2738,12279,3929300
211,148,129,1547335,2757,12408,3981300
212,177,134,1547158,2800,12542,4233300
213,172,133,1546986,2839,12675,4159500
214,180,138,1546806,2881,12813,4137500
215,171,141,1546635,2911,12954,4064800
216,148,152,1546487,2907,13106,3952200
217,159,141,1546328,2925,13247,3922800
218,171,158,1546157,2938,13405,3915500
219,174,149,1545983,2963,13554,3939000
220,144,159,1545839,2948,13713,4220500
221,160,137,1545679,2971,13850,3875300
222,194,139,1545485,3026,13989,3852300
223,171,146,1545314,3051,14135,3820000
224,166,133,1545148,3084,14268,3920600
225,197,140,1544951,3141,14408,3833800
226,184,152,1544767,3173,14560,3835200
227,184,157,1544583,3200,14717,3826700
228,212,143,1544371,3269,14860,4015100
229,181,165,1544190,3285,15025,3952700
230,195,165,1543995,3315,15190,3926600
231,195,158,1543800,3352,15348,3908500
232,193,171,1543607,3374,15519,4341600
233,194,165,1543413,3403,15684,3876400
234,170,147,1543243,3426,15831,3838900
235,185,157,1543058,3454,15988,3787700
236,199,181,1542859,3472,16169,3802800
237,215,194,1542644,3493,16363,3818500
238,200,173,1542444,3520,16536,3875300
239,191,179,1542253,3532,16715,3855700
240,198,168,1542055,3562,16883,4227300
241,217,174,1541838,3605,17057,3929700
242,195,175,1541643,3625,17232,3862500
243,185,176,1541458,3634,17408,3916900
244,181,168,1541277,3647,17576,3956300
245,192,191,1541085,3648,17767,4038600
246,215,184,1540870,3679,17951,3969800
247,192,160,1540678,3711,18111,3943200
248,210,173,1540468,3748,18284,4450400
249,202,184,1540266,3766,18468,4141600
250,184,189,1540082,3761,18657,4002700
251,198,182,1539884,3777,18839,3967700
252,212,199,1539672,3790,19038,3943000
253,189,187,1539483,3792,19225,3994500
254,190,182,1539293,3800,19407,3938700
255,173,161,1539120,3812,19568,3982400
256,213,196,1538907,3829,19764,4099000
257,214,167,1538693,3876,19931,4044000
258,188,173,1538505,3891,20104,4064700
259,182,205,1538323,3868,20309,4063800
260,192,182,1538131,3878,20491,4069600
261,184,185,1537947,3877,20676,4096100
262,185,199,1537762,3863,20875,4083100
263,188,188,1537574,3863,21063,4397500
264,232,211,1537342,3884,21274,4379800
265,195,182,1537147,3897,21456,4203500
266,199,181,1536948,3915,21637,4208300
267,216,188,1536732,3943,21825,4279800
268,213,172,1536519,3984,21997,4320100
269,219,209,1536300,3994,22206,4342500
270,222,187,1536078,4029,22393,4260000
271,227,200,1535851,4056,22593,4213500
272,198,230,1535653,4024,22823,4217800
273,224,212,1535429,4036,23035,4224000
274,216,211,1535213,4041,23246,4722500
275,229,192,1534984,4078,23438,4233500
276,248,191,1534736,4135,23629,4217200
277,237,209,1534499,4163,23838,4391300
278,237,225,1534262,4175,24063,4214100
279,241,206,1534021,4210,24269,4230600
280,210,208,1533811,4212,24477,4291400
281,230,231,1533581,4211,24708,4412700
282,216,206,1533365,4221,24914,4393300
283,217,203,1533148,4235,25117,4248300
284,231,229,1532917,4237,25346,4381900
285,204,216,1532713,4225,25562,4257100
286,234,221,1532479,4238,25783,4321000
287,245,214,1532234,4269,25997,4239100
288,234,225,1532000,4278,26222,4654700
289,236,237,1531764,4277,26459,4505900
290,224,232,1531540,4269,26691,4374300
291,225,211,1531315,4283,26902,4579000
292,213,240,1531102,4256,27142,5097700
293,217,205,1530885,4268,27347,4494700
294,227,195,1530658,4300,27542,4569000
295,234,223,1530424,4311,27765,4481500
296,231,225,1530193,4317,27990,4288000
297,230,214,1529963,4333,28204,4295400
298,240,238,1529723,4335,28442,4281200
299,223,231,1529500,4327,28673,4258800
300,228,231,1529272,4324,28904,4249700
301,235,226,1529037,4333,29130,4318600
302,234,227,1528803,4340,29357,4332100
303,227,226,1528576,4341,29583,4216100
304,205,211,1528371,4335,29794,4245800
305,229,238,1528142,4326,30032,4542400
306,221,215,1527921,4332,30247,4530800
307,220,233,1527701,4319,30480,4492600
308,221,227,1527480,4313,30707,4267400
309,232,198,1527248,4347,30905,4479000
310,213,230,1527035,4330,31135,4664700
311,218,222,1526817,4326,31357,4330300
312,231,199,1526586,4358,31556,4404300
313,228,219,1526358,4367,31775,4335500
314,230,231,1526128,4366,32006,4240200
315,252,213,1525876,4405,32219,4333900
316,212,239,1525664,4378,32458,4373200
317,254,210,1525410,4422,32668,4189800
318,245,200,1525165,4467,32868,4230300
319,233,237,1524932,4463,33105,4263500
320,244,206,1524688,4501,33311,4308800
321,240,218,1524448,4523,33529,4241000
322,248,236,1524200,4535,33765,4307900
323,234,220,1523966,4549,33985,4327000
324,260,242,1523706,4567,34227,4422800
325,232,224,1523474,4575,34451,4362200
326,236,221,1523238,4590,34672,4288000
327,246,228,1522992,4608,34900,4677900
328,261,240,1522731,4629,35140,4301800
329,222,230,1522509,4621,35370,4467000
330,223,228,1522286,4616,35598,4385500
331,254,245,1522032,4625,35843,4303100
332,265,218,1521767,4672,36061,4308300
333,226,231,1521541,4667,36292,4313300
334,237,253,1521304,4651,36545,4532900
335,267,251,1521037,4667,36796,4358300
336,259,235,1520778,4691,37031,4285400
337,229,219,1520549,4701,37250,4488700
338,242,265,1520307,4678,37515,4295400
339,236,246,1520071,4668,37761,4257000
340,243,247,1519828,4664,38008,4178100
341,253,255,1519575,4662,38263,4245400
342,262,253,1519313,4671,38516,4249400
343,247,246,1519066,4672,38762,4256000
344,245,252,1518821,4665,39014,4184800
345,254,252,1518567,4667,39266,4329400
346,231,220,1518336,4678,39486,4278300
347,252,230,1518084,4700,39716,4341500
348,284,224,1517800,4760,39940,4365400
349,239,232,1517561,4767,40172,4377800
350,250,254,1517311,4763,40426,4284900
351,272,199,1517039,4836,40625,4219900
352,272,249,1516767,4859,40874,4447200
353,267,231,1516500,4895,41105,4246400
354,283,241,1516217,4937,41346,4208900
355,289,229,1515928,4997,41575,4368500
356,277,259,1515651,5015,41834,4506300
357,265,265,1515386,5015,42099,4223500
358,253,254,1515133,5014,42353,4146400
359,301,270,1514832,5045,42623,4207400
360,276,259,1514556,5062,42882,4259000
361,296,243,1514260,5115,43125,4168200
362,258,253,1514002,5120,43378,4126300
363,291,247,1513711,5164,43625,4354200
364,301,282,1513410,5183,43907,4306800
365,271,241,1513139,5213,44148,4280500
366,266,292,1512873,5187,44440,4299000
367,276,258,1512597,5205,44698,4322900
368,270,265,1512327,5210,44963,4317300
369,259,258,1512068,5211,45221,4301900
370,286,281,1511782,5216,45502,4342200
371,250,271,1511532,5195,45773,4278200
372,272,246,1511260,5221,46019,4362000
373,266,262,1510994,5225,46281,4286800
374,252,235,1510742,5242,46516,4972300
375,271,248,1510471,5265,46764,4388500
376,245,263,1510226,5247,47027,4323500
377,273,261,1509953,5259,47288,4639900
378,286,278,1509667,5267,47566,4774300
379,267,238,1509400,5296,47804,4258500
380,285,246,1509115,5335,48050,4316600
381,313,283,1508802,5365,48333,4232700
382,295,260,1508507,5400,48593,4275500
383,298,286,1508209,5412,48879,4272100
384,302,288,1507907,5426,49167,4408800
385,319,264,1507588,5481,49431,4295400
386,262,266,1507326,5477,49697,4286000
387,281,254,1507045,5504,49951,4655500
388,295,289,1506750,5510,50240,4335400
389,302,307,1506448,5505,50547,4438600
390,273,252,1506175,5526,50799,4568400
391,300,267,1505875,5559,51066,4695400
392,291,275,1505584,5575,51341,4271100
393,315,261,1505269,5629,51602,4227100
394,285,288,1504984,5626,51890,4215600
395,303,284,1504681,5645,52174,4266100
396,308,290,1504373,5663,52464,4178600
397,297,289,1504076,5671,52753,4178400
398,318,272,1503758,5717,53025,4225600
399,288,285,1503470,5720,53310,4327900
400,317,290,1503153,5747,53600,4235500
401,304,278,1502849,5773,53878,4231500
402,321,288,1502528,5806,54166,4372000
403,330,278,1502198,5858,54444,4251000
404,275,311,1501923,5822,54755,4227300
405,289,304,1501634,5807,55059,4415500
406,313,301,1501321,5819,55360,4878700
407,313,305,1501008,5827,55665,4111100
408,321,306,1500687,5842,55971,4289700
409,290,329,1500397,5803,56300,5037100
410,308,280,1500089,5831,56580,4335700
411,310,307,1499779,5834,56887,4243000
412,325,274,1499454,5885,57161,4208700
413,320,303,1499134,5902,57464,4342100
414,309,309,1498825,5902,57773,4248200
415,341,287,1498484,5956,58060,4202100
416,309,299,1498175,5966,58359,4145000
417,308,299,1497867,5975,58658,4674800
418,347,287,1497520,6035,58945,4126400
419,327,294,1497193,6068,59239,4052900
420,303,254,1496890,6117,59493,4422300
421,326,313,1496564,6130,59806,4320800
422,306,301,1496258,6135,60107,4133600
423,316,287,1495942,6164,60394,4074200
424,324,305,1495618,6183,60699,4167700
425,316,319,1495302,6180,61018,4134500
426,320,315,1494982,6185,61333,4124100
427,304,310,1494678,6179,61643,4102500
428,310,292,1494368,6197,61935,4632300
429,309,307,1494059,6199,62242,4441200
430,328,300,1493731,6227,62542,4321200
431,325,320,1493406,6232,62862,4248200
432,359,281,1493047,6310,63143,4382500
433,303,302,1492744,6311,63445,4206200
434,297,310,1492447,6298,63755,4168800
435,352,308,1492095,6342,64063,4240800
436,327,337,1491768,6332,64400,4736700
437,313,331,1491455,6314,64731,4389700
438,312,333,1491143,6293,65064,4398400
439,353,303,1490790,6343,65367,4393900
440,335,316,1490455,6362,65683,4385300
441,341,297,1490114,6406,65980,4731400
442,339,322,1489775,6423,66302,4311800
443,307,289,1489468,6441,66591,4313400
444,350,342,1489118,6449,66933,4384200
445,346,309,1488772,6486,67242,4539000
446,329,341,1488443,6474,67583,4410700
447,348,299,1488095,6523,67882,4280500
448,357,317,1487738,6563,68199,4249600
449,385,336,1487353,6612,68535,4459500
450,347,338,1487006,6621,68873,4345700
451,353,365,1486653,6609,69238,4394200
452,342,319,1486311,6632,69557,4354700
453,344,332,1485967,6644,69889,4723700
454,345,325,1485622,6664,70214,4188000
455,341,342,1485281,6663,70556,4134800
456,341,332,1484940,6672,70888,4112100
457,348,320,1484592,6700,71208,4142400
458,361,338,1484231,6723,71546,4094300
459,332,357,1483899,6698,71903,4081700
460,351,327,1483548,6722,72230,4162400
461,339,299,1483209,6762,72529,4262300
462,364,323,1482845,6803,72852,4267500
463,333,350,1482512,6786,73202,4716100
464,357,349,1482155,6794,73551,4601500
465,348,336,1481807,6806,73887,4369700
466,331,342,1481476,6795,74229,4308800
467,370,326,1481106,6839,74555,4391100
468,380,320,1480726,6899,74875,4818400
469,342,328,1480384,6913,75203,4153500
470,335,349,1480049,6899,75552,4143700
471,360,334,1479689,6925,75886,4542400
472,356,337,1479333,6944,76223,4505700
473,377,344,1478956,6977,76567,4116700
474,354,328,1478602,7003,76895,4122100
475,348,357,1478254,6994,77252,4516100
476,377,361,1477877,7010,77613,4307000
477,348,363,1477529,6995,77976,4259500
478,364,322,1477165,7037,78298,4289800
479,368,349,1476797,7056,78647,4361100
480,356,383,1476441,7029,79030,4068900
481,372,357,1476069,7044,79387,4092100
482,366,370,1475703,7040,79757,4182000
483,373,345,1475330,7068,80102,4130100
484,380,352,1474950,7096,80454,4127900
485,377,322,1474573,7151,80776,4095300
486,384,351,1474189,7184,81127,4138000
487,344,384,1473845,7144,81511,4115300
488,366,357,1473479,7153,81868,4104300
489,388,349,1473091,7192,82217,4079300
490,330,367,1472761,7155,82584,4320400
491,340,329,1472421,7166,82913,4381000
492,372,357,1472049,7181,83270,4344600
493,363,355,1471686,7189,83625,4256200
494,338,368,1471348,7159,83993,4656700
495,355,377,1470993,7137,84370,4145100
496,350,368,1470643,7119,84738,4121100
497,362,338,1470281,7143,85076,4620600
498,395,351,1469886,7187,85427,4509400
499,384,342,1469502,7229,85769,4153600
500,389,344,1469113,7274,86113,4304900
501,403,360,1468710,7317,86473,4902900
502,365,338,1468345,7344,86811,4606000
503,394,347,1467951,7391,87158,4882200
504,385,390,1467566,7386,87548,5129500
505,442,349,1467124,7479,87897,4840500
506,370,405,1466754,7444,88302,4808300
507,389,380,1466365,7453,88682,4606900
508,403,392,1465962,7464,89074,4532800
509,423,398,1465539,7489,89472,4804200
510,410,388,1465129,7511,89860,4870400
511,386,391,1464743,7506,90251,4842800
512,385,361,1464358,7530,90612,4527600
513,403,368,1463955,7565,90980,4759400
514,417,380,1463538,7602,91360,5092300
515,413,375,1463125,7640,91735,4952800
516,414,390,1462711,7664,92125,4782000
517,416,403,1462295,7677,92528,5217200
518,411,364,1461884,7724,92892,4840400
519,383,373,1461501,7734,93265,4844700
520,422,398,1461079,7758,93663,4944800
521,428,358,1460651,7828,94021,4831900
522,418,405,1460233,7841,94426,4740000
523,438,385,1459795,7894,94811,5312600
524,405,404,1459390,7895,95215,4945600
525,383,392,1459007,7886,95607,4779500
526,413,387,1458594,7912,95994,4784500
527,384,432,1458210,7864,96426,4709500
528,430,404,1457780,7890,96830,4702300
529,415,392,1457365,7913,97222,4689800
530,410,434,1456955,7889,97656,5425700
531,423,381,1456532,7931,98037,4865200
532,423,394,1456109,7960,98431,5030300
533,405,375,1455704,7990,98806,4861500
534,388,402,1455316,7976,99208,5028100
535,393,395,1454923,7974,99603,4907000
536,416,399,1454507,7991,100002,5048300
537,420,398,1454087,8013,100400,5096800
538,438,442,1453649,8009,100842,4895400
539,401,389,1453248,8021,101231,5106100
540,440,420,1452808,8041,101651,4957900
541,395,423,1452413,8013,102074,4991200
542,422,417,1451991,8018,102491,5190200
543,440,392,1451551,8066,102883,4820500
544,446,412,1451105,8100,103295,4996200
545,414,395,1450691,8119,103690,5088700
546,405,401,1450286,8123,104091,5005500
547,398,433,1449888,8088,104524,4633700
548,427,404,1449461,8111,104928,4616500
549,422,400,1449039,8133,105328,5075700
550,406,374,1448633,8165,105702,4953000
551,417,412,1448216,8170,106114,4691100
552,438,377,1447778,8231,106491,4808400
553,408,404,1447370,8235,106895,4944600
554,404,411,1446966,8228,107306,4759300
555,401,405,1446565,8224,107711,4851000
556,431,414,1446134,8241,108125,4693200
557,443,408,1445691,8276,108533,4825300
558,466,405,1445225,8337,108938,4981700
559,417,413,1444808,8341,109351,4659000
560,471,407,1444337,8405,109758,4860300
561,415,424,1443922,8396,110182,4668300
562,430,420,1443492,8406,110602,4533900
563,449,468,1443043,8387,111070,4467800
564,446,432,1442597,8401,111502,4448000
565,427,398,1442170,8430,111900,4522800
566,466,410,1441704,8486,112310,4514700
567,446,421,1441258,8511,112731,4409100
568,460,403,1440798,8568,113134,4817900
569,453,471,1440345,8550,113605,4552500
570,474,424,1439871,8600,114029,4480100
571,440,409,1439431,8631,114438,4488300
572,476,429,1438955,8678,114867,4806500
573,450,432,1438505,8696,115299,4424900
574,452,414,1438053,8734,115713,4380400
575,477,449,1437576,8762,116162,4934700
576,475,476,1437101,8761,116638,4473700
577,427,420,1436674,8768,117058,4430700
578,464,430,1436210,8802,117488,4604500
579,493,407,1435717,8888,117895,5760800
580,508,430,1435209,8966,118325,5006500
581,447,461,1434762,8952,118786,5324300
582,488,462,1434274,8978,119248,5233600
583,452,466,1433822,8964,119714,5126500
584,422,438,1433400,8948,120152,4801000
585,443,433,1432957,8958,120585,4742100
586,454,434,1432503,8978,121019,4659700
587,420,473,1432083,8925,121492,4749700
588,490,451,1431593,8964,121943,5402900
589,422,438,1431171,8948,122381,5005600
590,458,411,1430713,8995,122792,5413600
591,455,474,1430258,8976,123266,5063600
592,445,410,1429813,9011,123676,5651900
593,495,499,1429318,9007,124175,6135900
594,438,471,1428880,8974,124646,6082400
595,436,438,1428444,8972,125084,5623700
596,459,477,1427985,8954,125561,5003700
597,468,473,1427517,8949,126034,4961000
598,435,485,1427082,8899,126519,4627900
599,475,416,1426607,8958,126935,4872000
600,481,431,1426126,9008,127366,5005600
601,480,455,1425646,9033,127821,4589700
602,469,444,1425177,9058,128265,4807400
603,456,447,1424721,9067,128712,4999300
604,446,447,1424275,9066,129159,4749700
605,426,472,1423849,9020,129631,4688100
606,495,455,1423354,9060,130086,4665300
607,468,416,1422886,9112,130502,4558800
608,471,434,1422415,9149,130936,4531500
609,449,441,1421966,9157,131377,4843300
610,483,477,1421483,9163,131854,4835800
611,484,470,1420999,9177,132324,4736700
612,474,446,1420525,9205,132770,4712000
613,488,451,1420037,9242,133221,4964000
614,506,420,1419531,9328,133641,4748900
615,471,469,1419060,9330,134110,4876200
616,475,486,1418585,9319,134596,4720500
617,501,504,1418084,9316,135100,4646000
618,475,465,1417609,9326,135565,4585000
619,495,476,1417114,9345,136041,5035600
620,523,479,1416591,9389,136520,4563500
621,484,443,1416107,9430,136963,4584800
622,505,459,1415602,9476,137422,4683400
623,523,443,1415079,9556,137865,4744200
624,528,461,1414551,9623,138326,4688200
625,484,474,1414067,9633,138800,4822100
626,493,476,1413574,9650,139276,4819100
627,477,476,1413097,9651,139752,4736900
628,485,492,1412612,9644,140244,4857000
629,488,467,1412124,9665,140711,4942000
630,510,478,1411614,9697,141189,4887600
631,459,469,1411155,9687,141658,4774300
632,491,443,1410664,9735,142101,4813000
633,510,493,1410154,9752,142594,4712100
634,503,502,1409651,9753,143096,4877900
635,536,475,1409115,9814,143571,5116300
636,520,473,1408595,9861,144044,4902500
637,472,502,1408123,9831,144546,4800600
638,525,495,1407598,9861,145041,4788700
639,480,536,1407118,9805,145577,4705900
640,530,458,1406588,9877,146035,4760900
641,526,498,1406062,9905,146533,4735200
642,494,502,1405568,9897,147035,4801900
643,503,512,1405065,9888,147547,4757500
644,520,481,1404545,9927,148028,4738700
645,516,507,1404029,9936,148535,4786700
646,529,479,1403500,9986,149014,4762400
647,513,519,1402987,9980,149533,4715300
648,484,495,1402503,9969,150028,4894600
649,460,511,1402043,9918,150539,4951000
650,494,477,1401549,9935,151016,4874600
651,530,489,1401019,9976,151505,5087900
652,506,453,1400513,10029,151958,5064400
653,518,477,1399995,10070,152435,4977500
654,510,527,1399485,10053,152962,5421600
655,530,539,1398955,10044,153501,5027100
656,495,486,1398460,10053,153987,4904900
657,505,499,1397955,10059,154486,4761400
658,531,495,1397424,10095,154981,5163700
659,528,506,1396896,10117,155487,5147700
660,498,504,1396398,10111,155991,4828500
661,486,516,1395912,10081,156507,4972500
662,499,499,1395413,10081,157006,6453800
663,498,490,1394915,10089,157496,5225400
664,473,499,1394442,10063,157995,5084000
665,517,535,1393925,10045,158530,5021900
666,474,497,1393451,10022,159027,5171800
667,464,482,1392987,10004,159509,4942600
668,505,496,1392482,10013,160005,4921600
669,495,487,1391987,10021,160492,4875700
670,529,519,1391458,10031,161011,10566100
671,515,527,1390943,10019,161538,9186700
672,524,484,1390419,10059,162022,7655300
673,517,472,1389902,10104,162494,4978200
674,544,514,1389358,10134,163008,4833000
675,553,494,1388805,10193,163502,4838500
676,510,514,1388295,10189,164016,4896800
677,505,500,1387790,10194,164516,4939600
678,507,518,1387283,10183,165034,4900300
679,558,482,1386725,10259,165516,4872600
680,571,551,1386154,10279,166067,5954600
681,545,518,1385609,10306,166585,4922400
682,512,495,1385097,10323,167080,4878500
683,540,532,1384557,10331,167612,6344000
684,556,503,1384001,10384,168115,7353900
685,553,510,1383448,10427,168625,5698400
686,537,526,1382911,10438,169151,6329900
687,515,554,1382396,10399,169705,6496100
688,539,545,1381857,10393,170250,5752400
689,561,517,1381296,10437,170767,4944200
690,549,515,1380747,10471,171282,5314700
691,537,551,1380210,10457,171833,7809400
692,524,491,1379686,10490,172324,4972400
693,575,506,1379111,10559,172830,8031100
694,555,528,1378556,10586,173358,4714200
695,543,511,1378013,10618,173869,6788600
696,549,517,1377464,10650,174386,6269500
697,512,513,1376952,10649,174899,7126700
698,579,510,1376373,10718,175409,5482200
699,532,517,1375841,10733,175926,4838700
700,532,522,1375309,10743,176448,5255300
701,570,555,1374739,10758,177003,4793200
702,543,503,1374196,10798,177506,4861700
703,506,538,1373690,10766,178044,5151100
704,515,572,1373175,10709,178616,5002500
705,544,526,1372631,10727,179142,4923000
706,509,511,1372122,10725,179653,5277200
707,534,513,1371588,10746,180166,5110700
708,573,557,1371015,10762,180723,5021400
709,562,578,1370453,10746,181301,5068200
710,553,568,1369900,10731,181869,5112600
711,526,536,1369374,10721,182405,5011900
712,532,534,1368842,10719,182939,5065000
713,549,497,1368293,10771,183436,5025000
714,553,522,1367740,10802,183958,5103100
715,519,559,1367221,10762,184517,5083500
716,517,536,1366704,10743,185053,5075100
717,524,534,1366180,10733,185587,4961400
718,515,511,1365665,10737,186098,4945100
719,506,524,1365159,10719,186622,5081200
720,551,567,1364608,10703,187189,4988900
721,550,567,1364058,10686,187756,4858000
722,596,563,1363462,10719,188319,5041700
723,563,554,1362899,10728,188873,4907800
724,523,534,1362376,10717,189407,4799600
725,547,541,1361829,10723,189948,5082500
726,582,504,1361247,10801,190452,4660800
727,551,518,1360696,10834,190970,4731800
728,516,585,1360180,10765,191555,4631500
729,542,521,1359638,10786,192076,4714400
730,527,566,1359111,10747,192642,4696800
731,576,509,1358535,10814,193151,4842500
732,566,564,1357969,10816,193715,4943400
733,557,483,1357412,10890,194198,5490800
734,566,578,1356846,10878,194776,4855000
735,550,532,1356296,10896,195308,5074900
736,547,575,1355749,10868,195883,4740900
737,578,518,1355171,10928,196401,4690300
738,565,532,1354606,10961,196933,4871900
739,555,550,1354051,10966,197483,4803100
740,541,532,1353510,10975,198015,4763200
741,571,548,1352939,10998,198563,4749100
742,594,567,1352345,11025,199130,4759900
743,578,556,1351767,11047,199686,4755200
744,594,505,1351173,11136,200191,4966600
745,601,583,1350572,11154,200774,4794300
746,577,540,1349995,11191,201314,4838700
747,580,546,1349415,11225,201860,4787300
748,591,553,1348824,11263,202413,5158800
749,586,549,1348238,11300,202962,4879300
750,561,614,1347677,11247,203576,4943000
751,608,554,1347069,11301,204130,5136100
752,619,555,1346450,11365,204685,4889900
753,586,575,1345864,11376,205260,4796200
754,587,592,1345277,11371,205852,4868900
755,616,565,1344661,11422,206417,4834400
756,639,571,1344022,11490,206988,4761300
757,629,578,1343393,11541,207566,5109700
758,600,556,1342793,11585,208122,4815300
759,597,565,1342196,11617,208687,4711800
760,608,559,1341588,11666,209246,4784800
761,600,566,1340988,11700,209812,4794700
762,619,603,1340369,11716,210415,4788700
763,623,621,1339746,11718,211036,4690800
764,609,616,1339137,11711,211652,4747700
765,590,574,1338547,11727,212226,4722200
766,604,572,1337943,11759,212798,4733200
767,556,587,1337387,11728,213385,4791000
768,631,571,1336756,11788,213956,5437700
769,578,579,1336178,11787,214535,5277300
770,599,586,1335579,11800,215121,4930300
771,606,550,1334973,11856,215671,4840700
772,618,584,1334355,11890,216255,5045800
773,606,609,1333749,11887,216864,5037700
774,593,570,1333156,11910,217434,4749900
775,589,598,1332567,11901,218032,4687200
776,584,551,1331983,11934,218583,5064400
777,604,579,1331379,11959,219162,4639800
778,616,630,1330763,11945,219792,4606400
779,585,597,1330178,11933,220389,4583300
780,593,614,1329585,11912,221003,4677300
781,574,553,1329011,11933,221556,4547400
782,595,613,1328416,11915,222169,4537800
783,635,607,1327781,11943,222776,4764100
784,636,595,1327145,11984,223371,4559700
785,622,600,1326523,12006,223971,4656000
786,576,542,1325947,12040,224513,4615900
787,631,599,1325316,12072,225112,4547200
788,600,593,1324716,12079,225705,4538700
789,627,564,1324089,12142,226269,4494300
790,601,596,1323488,12147,226865,4994100
791,606,587,1322882,12166,227452,4517200
792,590,588,1322292,12168,228040,4588800
793,616,579,1321676,12205,228619,5020200
794,586,648,1321090,12143,229267,4918200
795,586,617,1320504,12112,229884,4916500
796,650,606,1319854,12156,230490,5217600
797,635,600,1319219,12191,231090,4640700
798,582,608,1318637,12165,231698,4659700
799,647,608,1317990,12204,232306,4929500
800,626,614,1317364,12216,232920,4919800
801,589,578,1316775,12227,233498,4683500
802,599,628,1316176,12198,234126,4712900
803,597,601,1315579,12194,234727,4894500
804,621,565,1314958,12250,235292,4771000
805,612,585,1314346,12277,235877,4902200
806,601,638,1313745,12240,236515,5220300
807,572,597,1313173,12215,237112,4912800
808,573,616,1312600,12172,237728,4895100
809,601,610,1311999,12163,238338,5005000
810,618,640,1311381,12141,238978,4729400
811,612,604,1310769,12149,239582,4722500
812,574,610,1310195,12113,240192,4680400
813,612,637,1309583,12088,240829,4792600
814,619,629,1308964,12078,241458,4767700
815,608,636,1308356,12050,242094,4700600
816,585,630,1307771,12005,242724,4752400
817,570,584,1307201,11991,243308,4753500
818,563,608,1306638,11946,243916,4683100
819,552,643,1306086,11855,244559,5120600
820,518,599,1305568,11774,245158,4940100
821,603,606,1304965,11771,245764,4676300
822,533,564,1304432,11740,246328,4747500
823,549,613,1303883,11676,246941,4688000
824,577,568,1303306,11685,247509,4671400
825,501,577,1302805,11609,248086,4808500
826,581,568,1302224,11622,248654,5357900
827,571,585,1301653,11608,249239,4819600
828,562,598,1301091,11572,249837,4780300
829,561,574,1300530,11559,250411,4949200
830,569,589,1299961,11539,251000,4676200
831,591,549,1299370,11581,251549,4688100
832,576,618,1298794,11539,252167,5470800
833,586,585,1298208,11540,252752,4882800
834,577,554,1297631,11563,253306,4741000
835,578,579,1297053,11562,253885,4984400
836,562,571,1296491,11553,254456,4788000
837,544,541,1295947,11556,254997,4761600
838,582,568,1295365,11570,255565,4776900
839,565,580,1294800,11555,256145,4718200
840,568,587,1294232,11536,256732,4801600
841,582,583,1293650,11535,257315,4872800
842,568,573,1293082,11530,257888,4861600
843,546,537,1292536,11539,258425,4799300
844,570,590,1291966,11519,259015,4725300
845,631,600,1291335,11550,259615,5068800
846,601,612,1290734,11539,260227,4914600
847,584,540,1290150,11583,260767,4924700
848,534,610,1289616,11507,261377,5692800
849,590,604,1289026,11493,261981,5614200
850,601,612,1288425,11482,262593,4820700
851,560,591,1287865,11451,263184,5867200
852,595,581,1287270,11465,263765,5142400
853,603,571,1286667,11497,264336,5304400
854,600,596,1286067,11501,264932,5094200
855,630,561,1285437,11570,265493,4872600
856,600,626,1284837,11544,266119,5080600
857,575,575,1284262,11544,266694,5016200
858,581,592,1283681,11533,267286,4883300
859,609,548,1283072,11594,267834,4776900
860,625,597,1282447,11622,268431,5013900
861,604,576,1281843,11650,269007,4796200
862,584,569,1281259,11665,269576,4749000
863,598,566,1280661,11697,270142,4964000
864,630,587,1280031,11740,270729,5036500
865,641,568,1279390,11813,271297,4884700
866,596,620,1278794,11789,271917,4916800
867,598,592,1278196,11795,272509,5084100
868,615,593,1277581,11817,273102,5779100
869,597,584,1276984,11830,273686,5830900
870,611,578,1276373,11863,274264,6063900
871,639,604,1275734,11898,274868,5790400
872,599,565,1275135,11932,275433,5629600
873,620,625,1274515,11927,276058,5837400
874,597,594,1273918,11930,276652,5317600
875,590,600,1273328,11920,277252,4960400
876,588,621,1272740,11887,277873,5252900
877,635,621,1272105,11901,278494,5648000
878,583,636,1271522,11848,279130,5630600
879,580,588,1270942,11840,279718,6010400
880,603,557,1270339,11886,280275,5234100
881,570,628,1269769,11828,280903,5423500
882,549,593,1269220,11784,281496,5618700
883,636,626,1268584,11794,282122,6032000
884,553,577,1268031,11770,282699,5108700
885,595,609,1267436,11756,283308,5307200
886,613,610,1266823,11759,283918,4980800
887,588,583,1266235,11764,284501,4863200
888,595,588,1265640,11771,285089,4803700
889,572,593,1265068,11750,285682,5163100
890,572,602,1264496,11720,286284,4958200
891,569,576,1263927,11713,286860,5000700
892,582,577,1263345,11718,287437,5156100
893,565,532,1262780,11751,287969,4840600
894,568,578,1262212,11741,288547,4814500
895,592,524,1261620,11809,289071,5079300
896,582,584,1261038,11807,289655,5262000
897,569,604,1260469,11772,290259,5193000
898,593,568,1259876,11797,290827,5580400
899,627,560,1259249,11864,291387,5702700
900,609,615,1258640,11858,292002,5558300
901,611,614,1258029,11855,292616,5222600
902,585,601,1257444,11839,293217,5529900
903,563,604,1256881,11798,293821,5582000
904,563,583,1256318,11778,294404,4889800
905,586,530,1255732,11834,294934,4804000
906,547,564,1255185,11817,295498,4774800
907,545,593,1254640,11769,296091,4979500
908,566,559,1254074,11776,296650,5177500
909,576,571,1253498,11781,297221,4756800
910,595,577,1252903,11799,297798,4917300
911,600,618,1252303,11781,298416,5290300
912,594,603,1251709,11772,299019,5539100
913,585,572,1251124,11785,299591,5214500
914,573,566,1250551,11792,300157,5040400
915,547,598,1250004,11741,300755,5003900
916,568,533,1249436,11776,301288,5061000
917,601,592,1248835,11785,301880,5571100
918,601,558,1248234,11828,302438,5048300
919,581,581,1247653,11828,303019,5062400
920,560,558,1247093,11830,303577,4855000
921,608,545,1246485,11893,304122,4791000
922,574,548,1245911,11919,304670,4750600
923,570,546,1245341,11943,305216,4693300
924,583,630,1244758,11896,305846,4618700
925,574,594,1244184,11876,306440,4621700
926,597,636,1243587,11837,307076,5069600
927,556,600,1243031,11793,307676,5183200
928,587,596,1242444,11784,308272,4919200
929,532,602,1241912,11714,308874,5293200
930,601,565,1241311,11750,309439,5032500
931,537,603,1240774,11684,310042,4825400
932,587,567,1240187,11704,310609,4919600
933,532,562,1239655,11674,311171,5920200
934,508,580,1239147,11602,311751,5892500
935,542,573,1238605,11571,312324,5441700
936,554,544,1238051,11581,312868,5661300
937,529,571,1237522,11539,313439,5331600
938,526,587,1236996,11478,314026,5797400
939,570,554,1236426,11494,314580,4730700
940,527,579,1235899,11442,315159,4646900
941,510,565,1235389,11387,315724,5058600
942,567,554,1234822,11400,316278,5180200
943,564,530,1234258,11434,316808,4825700
944,540,563,1233718,11411,317371,5017900
945,559,616,1233159,11354,317987,4850800
946,588,531,1232571,11411,318518,4684000
947,521,573,1232050,11359,319091,4806700
948,539,561,1231511,11337,319652,4649500
949,543,561,1230968,11319,320213,4619300
950,590,576,1230378,11333,320789,4617700
951,545,536,1229833,11342,321325,4614000
952,579,561,1229254,11360,321886,4577000
953,546,592,1228708,11314,322478,4496800
954,602,546,1228106,11370,323024,4600100
955,583,563,1227523,11390,323587,4568500
956,518,581,1227005,11327,324168,4614500
957,528,593,1226477,11262,324761,4769500
958,556,593,1225921,11225,325354,4611200
959,534,553,1225387,11206,325907,4602200
960,521,546,1224866,11181,326453,4490200
961,570,535,1224296,11216,326988,4607000
962,555,553,1223741,11218,327541,4490100
963,537,589,1223204,11166,328130,4413300
964,588,570,1222616,11184,328700,4763700
965,555,550,1222061,11189,329250,4521700
966,578,568,1221483,11199,329818,4426400
967,522,548,1220961,11173,330366,4531400
968,505,573,1220456,11105,330939,4765300
969,499,551,1219957,11053,331490,4520900
970,517,567,1219440,11003,332057,4390900
971,569,542,1218871,11030,332599,4885500
972,547,543,1218324,11034,333142,4578300
973,559,537,1217765,11056,333679,4493500
974,536,555,1217229,11037,334234,4744300
975,542,564,1216687,11015,334798,4586300
976,489,581,1216198,10923,335379,4445000
977,523,546,1215675,10900,335925,4374600
978,544,561,1215131,10883,336486,4963500
979,534,552,1214597,10865,337038,4420800
980,506,561,1214091,10810,337599,4387200
981,534,518,1213557,10826,338117,4795200
982,565,522,1212992,10869,338639,4535200
983,554,563,1212438,10860,339202,4406600
984,539,540,1211899,10859,339742,4391000
985,546,523,1211353,10882,340265,4646500
986,560,568,1210793,10874,340833,4532400
987,601,539,1210192,10936,341372,4494300
988,550,520,1209642,10966,341892,4889600
989,532,553,1209110,10945,342445,4858800
990,579,538,1208531,10986,342983,4356300
991,553,542,1207978,10997,343525,4467000
992,572,534,1207406,11035,344059,4831800
993,535,551,1206871,11019,344610,4577400
994,561,528,1206310,11052,345138,4515100
995,538,515,1205772,11075,345653,5064400
996,594,511,1205178,11158,346164,4751100
997,541,536,1204637,11163,346700,4838900
998,547,587,1204090,11123,347287,5137700
999,522,567,1203568,11078,347854,4591200
1000,544,535,1203024,11087,348389,4548900
1001,554,506,1202470,11135,348895,4759700
1002,545,554,1201925,11126,349449,4587200
1003,557,502,1201368,11181,349951,4540800
1004,524,571,1200844,11134,350522,4584600
1005,555,515,1200289,11174,351037,4520200
1006,547,563,1199742,11158,351600,4472700
1007,562,550,1199180,11170,352150,4447200
1008,528,493,1198652,11205,352643,4489100
1009,533,535,1198119,11203,353178,4382400
1010,558,564,1197561,11197,353742,4417900
1011,519,571,1197042,11145,354313,4404000
1012,560,577,1196482,11128,354890,4575200
1013,534,560,1195948,11102,355450,4436400
1014,558,582,1195390,11078,356032,4586600
1015,514,570,1194876,11022,356602,4726200
1016,563,536,1194313,11049,357138,4568700
1017,530,531,1193783,11048,357669,4577500
1018,514,574,1193269,10988,358243,4504900
1019,537,531,1192732,10994,358774,4478000
1020,553,574,1192179,10973,359348,4426400
1021,538,572,1191641,10939,359920,4431400
1022,540,537,1191101,10942,360457,4819200
1023,527,552,1190574,10917,361009,4522500
1024,527,507,1190047,10937,361516,4425200
1025,536,533,1189511,10940,362049,4533000
1026,528,538,1188983,10930,362587,4478000
1027,543,552,1188440,10921,363139,4463900
1028,529,523,1187911,10927,363662,4408800
1029,533,536,1187378,10924,364198,5460800
1030,556,569,1186822,10911,364767,4569400
1031,536,549,1186286,10898,365316,4473100
1032,522,534,1185764,10886,365850,4951400
1033,503,514,1185261,10875,366364,4646500
1034,549,567,1184712,10857,366931,4460300
1035,522,543,1184190,10836,367474,4410100
1036,518,546,1183672,10808,368020,4407500
1037,541,502,1183131,10847,368522,4398800
1038,560,519,1182571,10888,369041,4366100
1039,558,521,1182013,10925,369562,4926700
1040,553,558,1181460,10920,370120,4399600
1041,521,531,1180939,10910,370651,4393800
1042,491,556,1180448,10845,371207,4395400
1043,512,547,1179936,10810,371754,4663800
1044,509,503,1179427,10816,372257,4623800
1045,563,519,1178864,10860,372776,4621400
1046,540,549,1178324,10851,373325,4639500
1047,501,552,1177823,10800,373877,4551900
1048,543,574,1177280,10769,374451,4477500
1049,511,554,1176769,10726,375005,4775200
1050,572,519,1176197,10779,375524,4904100
1051,562,513,1175635,10828,376037,4858400
1052,535,489,1175100,10874,376526,5401200
1053,543,519,1174557,10898,377045,5064000
1054,505,547,1174052,10856,377592,4988000
1055,524,534,1173528,10846,378126,5236000
1056,483,564,1173045,10765,378690,4935200
1057,528,587,1172517,10706,379277,4780400
1058,537,532,1171980,10711,379809,4904300
1059,506,563,1171474,10654,380372,4773000
1060,508,556,1170966,10606,380928,4802800
1061,541,498,1170425,10649,381426,4951000
1062,535,519,1169890,10665,381945,5120500
1063,513,518,1169377,10660,382463,4525000
1064,505,568,1168872,10597,383031,4520300
1065,514,529,1168358,10582,383560,4912300
1066,510,532,1167848,10560,384092,4748700
1067,503,527,1167345,10536,384619,4632200
1068,523,565,1166822,10494,385184,4728600
1069,506,527,1166316,10473,385711,4557600
1070,473,568,1165843,10378,386279,4496800
1071,501,501,1165342,10378,386780,5011900
1072,481,484,1164861,10375,387264,4723200
1073,491,544,1164370,10322,387808,4449400
1074,524,486,1163846,10360,388294,4381300
1075,502,509,1163344,10353,388803,4607600
1076,518,539,1162826,10332,389342,4373900
1077,498,511,1162328,10319,389853,4339000
1078,484,522,1161844,10281,390375,4516900
1079,515,563,1161329,10233,390938,4494300
1080,511,484,1160818,10260,391422,4295600
1081,545,485,1160273,10320,391907,4300900
1082,523,547,1159750,10296,392454,4627500
1083,468,520,1159282,10244,392974,4386500
1084,484,461,1158798,10267,393435,4324700
1085,485,506,1158313,10246,393941,4427200
1086,490,492,1157823,10244,394433,4393100
1087,502,501,1157321,10245,394934,4463700
1088,528,484,1156793,10289,395418,4460600
1089,497,548,1156296,10238,395966,4715700
1090,507,537,1155789,10208,396503,4622700
1091,531,522,1155258,10217,397025,4633600
1092,489,458,1154769,10248,397483,4629200
1093,503,523,1154266,10228,398006,4491700
1094,482,491,1153784,10219,398497,4487200
1095,540,527,1153244,10232,399024,4459300
1096,507,492,1152737,10247,399516,4483300
1097,509,523,1152228,10233,400039,4376400
1098,548,482,1151680,10299,400521,4412300
1099,543,513,1151137,10329,401034,4483100
1100,503,541,1150634,10291,401575,4371200
1101,557,474,1150077,10374,402049,4392200
1102,498,530,1149579,10342,402579,4626800
1103,530,530,1149049,10342,403109,4832400
1104,524,505,1148525,10361,403614,4358200
1105,518,520,1148007,10359,404134,4318900
1106,512,494,1147495,10377,404628,4400000
1107,526,536,1146969,10367,405164,4365000
1108,522,508,1146447,10381,405672,4366400
1109,535,548,1145912,10368,406220,4330000
1110,522,496,1145390,10394,406716,4676000
1111,503,523,1144887,10374,407239,4436700
1112,505,505,1144382,10374,407744,4381500
1113,485,514,1143897,10345,408258,4416000
1114,460,543,1143437,10262,408801,4455900
1115,492,507,1142945,10247,409308,4431000
1116,500,554,1142445,10193,409862,4384900
1117,540,511,1141905,10222,410373,4675100
1118,527,490,1141378,10259,410863,4621800
1119,514,520,1140864,10253,411383,4634000
1120,500,488,1140364,10265,411871,4717600
1121,490,492,1139874,10263,412363,4717900
1122,492,529,1139382,10226,412892,4606400
1123,502,506,1138880,10222,413398,4692600
1124,507,488,1138373,10241,413886,4573000
1125,466,504,1137907,10203,414390,4627100
1126,515,506,1137392,10212,414896,4622100
1127,523,461,1136869,10274,415357,4583200
1128,509,523,1136360,10260,415880,4535900
1129,501,482,1135859,10279,416362,4521100
1130,480,512,1135379,10247,416874,4918200
1131,503,522,1134876,10228,417396,4662600
1132,482,511,1134394,10199,417907,4627300
1133,471,497,1133923,10173,418404,5121600
1134,487,506,1133436,10154,418910,4896100
1135,526,474,1132910,10206,419384,5063900
1136,491,482,1132419,10215,419866,4786200
1137,501,479,1131918,10237,420345,4761400
1138,512,528,1131406,10221,420873,4754200
1139,476,506,1130930,10191,421379,4688600
1140,494,480,1130436,10205,421859,4814900
1141,497,505,1129939,10197,422364,4705300
1142,526,495,1129413,10228,422859,4691300
1143,490,534,1128923,10184,423393,5583100
1144,472,500,1128451,10156,423893,4697200
1145,499,486,1127952,10169,424379,4738100
1146,535,506,1127417,10198,424885,5256900
1147,474,497,1126943,10175,425382,5527000
1148,493,499,1126450,10169,425881,4985200
1149,508,524,1125942,10153,426405,4806200
1150,500,495,1125442,10158,426900,4765500
1151,502,530,1124940,10130,427430,4677300
1152,505,496,1124435,10139,427926,4873800
1153,493,512,1123942,10120,428438,5901200
1154,465,472,1123477,10113,428910,4658100
1155,497,491,1122980,10119,429401,4831800
1156,500,549,1122480,10070,429950,4596800
1157,500,492,1121980,10078,430442,4420100
1158,502,520,1121478,10060,430962,4442700
1159,509,511,1120969,10058,431473,4987200
1160,509,515,1120460,10052,431988,4512400
1161,484,485,1119976,10051,432473,4469900
1162,471,515,1119505,10007,432988,4743900
1163,500,498,1119005,10009,433486,4580900
1164,504,497,1118501,10016,433983,4367000
1165,447,484,1118054,9979,434467,4369300
1166,492,482,1117562,9989,434949,4751300
1167,483,526,1117079,9946,435475,4375200
1168,508,498,1116571,9956,435973,4317300
1169,487,507,1116084,9936,436480,4501900
1170,458,488,1115626,9906,436968,4857900
1171,508,527,1115118,9887,437495,5225300
1172,485,500,1114633,9872,437995,4961600
1173,452,510,1114181,9814,438505,4653400
1174,477,524,1113704,9767,439029,4547200
1175,446,495,1113258,9718,439524,4496400
1176,467,507,1112791,9678,440031,4695500
1177,447,468,1112344,9657,440499,4319700
1178,488,487,1111856,9658,440986,4250900
1179,468,522,1111388,9604,441508,4329600
1180,482,456,1110906,9630,441964,4462000
1181,436,469,1110470,9597,442433,4313300
1182,467,485,1110003,9579,442918,4430100
1183,473,463,1109530,9589,443381,4794500
1184,446,456,1109084,9579,443837,4316900
1185,479,484,1108605,9574,444321,4294200
1186,492,464,1108113,9602,444785,4771800
1187,487,501,1107626,9588,445286,4482200
1188,464,518,1107162,9534,445804,4470500
1189,471,463,1106691,9542,446267,4478600
1190,495,440,1106196,9597,446707,4326500
1191,460,514,1105736,9543,447221,4296100
1192,457,500,1105279,9500,447721,4308000
1193,446,440,1104833,9506,448161,4751900
1194,491,469,1104342,9528,448630,4606900
1195,464,478,1103878,9514,449108,4325600
1196,469,473,1103409,9510,449581,4317600
1197,460,456,1102949,9514,450037,4383400
1198,457,468,1102492,9503,450505,4309300
1199,466,462,1102026,9507,450967,4259500
1200,446,439,1101580,9514,451406,4353000
1201,455,531,1101125,9438,451937,4281300
1202,457,458,1100668,9437,452395,4279100
1203,473,474,1100195,9436,452869,4360000
1204,464,495,1099731,9405,453364,4677400
1205,498,473,1099233,9430,453837,4626600
1206,466,475,1098767,9421,454312,4472500
1207,431,510,1098336,9342,454822,5015300
1208,426,498,1097910,9270,455320,4897100
1209,411,472,1097499,9209,455792,4628700
1210,423,451,1097076,9181,456243,4588700
1211,441,461,1096635,9161,456704,4512000
1212,438,474,1096197,9125,457178,4470300
1213,445,484,1095752,9086,457662,4434500
1214,440,474,1095312,9052,458136,4743700
1215,426,454,1094886,9024,458590,4379500
1216,425,444,1094461,9005,459034,4382100
1217,404,460,1094057,8949,459494,4478500
1218,416,451,1093641,8914,459945,4550900
1219,453,436,1093188,8931,460381,4558200
1220,431,421,1092757,8941,460802,4944600
1221,432,409,1092325,8964,461211,4733300
1222,430,429,1091895,8965,461640,4555700
1223,427,421,1091468,8971,462061,4458200
1224,407,437,1091061,8941,462498,4531800
1225,425,473,1090636,8893,462971,4486900
1226,418,479,1090218,8832,463450,4399700
1227,411,436,1089807,8807,463886,4364600
1228,434,422,1089373,8819,464308,4414300
1229,439,418,1088934,8840,464726,4332100
1230,417,437,1088517,8820,465163,4256700
1231,419,470,1088098,8769,465633,4289100
1232,425,439,1087673,8755,466072,4402200
1233,414,393,1087259,8776,466465,4380800
1234,427,444,1086832,8759,466909,4343500
1235,393,441,1086439,8711,467350,4652800
1236,395,420,1086044,8686,467770,4549400
1237,413,416,1085631,8683,468186,4546700
1238,410,440,1085221,8653,468626,4630100
1239,399,426,1084822,8626,469052,4616400
1240,429,451,1084393,8604,469503,4582500
1241,394,419,1083999,8579,469922,5137000
1242,431,447,1083568,8563,470369,5094500
1243,392,413,1083176,8542,470782,4643300
1244,378,452,1082798,8468,471234,4574400
1245,379,428,1082419,8419,471662,4694800
1246,418,411,1082001,8426,472073,4901900
1247,417,438,1081584,8405,472511,4810400
1248,433,407,1081151,8431,472918,4948200
1249,419,400,1080732,8450,473318,4490600
1250,420,458,1080312,8412,473776,4436100
1251,400,419,1079912,8393,474195,4832400
1252,382,426,1079530,8349,474621,4645200
1253,402,423,1079128,8328,475044,4583400
1254,383,413,1078745,8298,475457,4552600
1255,418,398,1078327,8318,475855,4837200
1256,398,414,1077929,8302,476269,4459500
1257,392,428,1077537,8266,476697,4360000
1258,386,405,1077151,8247,477102,4545300
1259,436,437,1076715,8246,477539,4388400
1260,397,445,1076318,8198,477984,4316100
1261,378,423,1075940,8153,478407,4663000
1262,379,413,1075561,8119,478820,4576500
1263,399,417,1075162,8101,479237,4239400
1264,408,399,1074754,8110,479636,4254700
1265,404,418,1074350,8096,480054,4461000
1266,414,404,1073936,8106,480458,4580500
1267,380,379,1073556,8107,480837,4482900
1268,391,363,1073165,8135,481200,4576200
1269,377,439,1072788,8073,481639,4742900
1270,386,427,1072402,8032,482066,4533600
1271,395,409,1072007,8018,482475,4647500
1272,392,392,1071615,8018,482867,5063700
1273,372,416,1071243,7974,483283,4478200
1274,372,445,1070871,7901,483728,4427400
1275,397,398,1070474,7900,484126,4396100
1276,403,364,1070071,7939,484490,4390200
1277,362,419,1069709,7882,484909,4366700
1278,401,419,1069308,7864,485328,4312200
1279,350,396,1068958,7818,485724,5118500
1280,360,407,1068598,7771,486131,4222400
1281,396,422,1068202,7745,486553,4188800
1282,387,382,1067815,7750,486935,4207900
1283,404,415,1067411,7739,487350,4264100
1284,376,388,1067035,7727,487738,4248400
1285,376,400,1066659,7703,488138,4165100
1286,391,380,1066268,7714,488518,4247100
1287,359,385,1065909,7688,488903,4368600
1288,378,371,1065531,7695,489274,4315500
1289,410,365,1065121,7740,489639,4250900
1290,414,395,1064707,7759,490034,4709800
1291,409,362,1064298,7806,490396,4468700
1292,387,360,1063911,7833,490756,4357000
1293,370,431,1063541,7772,491187,4790800
1294,372,380,1063169,7764,491567,4528900
1295,345,396,1062824,7713,491963,4272600
1296,373,385,1062451,7701,492348,4167400
1297,366,390,1062085,7677,492738,4470300
1298,338,372,1061747,7643,493110,4210000
1299,355,371,1061392,7627,493481,4111500
1300,354,397,1061038,7584,493878,4195500
1301,370,383,1060668,7571,494261,4187300
1302,390,379,1060278,7582,494640,4175100
1303,370,387,1059908,7565,495027,4132500
1304,370,375,1059538,7560,495402,4221100
1305,384,379,1059154,7565,495781,4348100
1306,395,390,1058759,7570,496171,4314500
1307,356,384,1058403,7542,496555,4350200
1308,355,384,1058048,7513,496939,4439000
1309,349,385,1057699,7477,497324,4281500
1310,371,395,1057328,7453,497719,4208700
1311,350,379,1056978,7424,498098,4389500
1312,363,397,1056615,7390,498495,4378300
1313,374,371,1056241,7393,498866,4198000
1314,340,385,1055901,7348,499251,4125700
1315,350,364,1055551,7334,499615,4192800
1316,360,369,1055191,7325,499984,4210800
1317,341,334,1054850,7332,500318,4125200
1318,350,369,1054500,7313,500687,4104800
1319,352,345,1054148,7320,501032,4211900
1320,338,354,1053810,7304,501386,4182000
1321,319,336,1053491,7287,501722,4140400
1322,349,395,1053142,7241,502117,4231400
1323,363,378,1052779,7226,502495,4460000
1324,421,335,1052358,7312,502830,4297200
1325,382,337,1051976,7357,503167,4265900
1326,386,364,1051590,7379,503531,4782500
1327,391,361,1051199,7409,503892,4578300
1328,388,365,1050811,7432,504257,4191500
1329,413,377,1050398,7468,504634,4123600
1330,388,372,1050010,7484,505006,4355000
1331,368,371,1049642,7481,505377,4152000
1332,379,363,1049263,7497,505740,4122700
1333,357,379,1048906,7475,506119,4232700
1334,401,354,1048505,7522,506473,4536700
1335,367,374,1048138,7515,506847,4391200
1336,367,368,1047771,7514,507215,4307500
1337,350,328,1047421,7536,507543,4710200
1338,403,394,1047018,7545,507937,4366500
1339,370,338,1046648,7577,508275,4494900
1340,370,368,1046278,7579,508643,4841000
1341,399,383,1045879,7595,509026,4699100
1342,381,365,1045498,7611,509391,4464500
1343,402,402,1045096,7611,509793,4403900
1344,341,372,1044755,7580,510165,4474300
1345,384,358,1044371,7606,510523,4185500
1346,377,388,1043994,7595,510911,4123200
1347,384,381,1043610,7598,511292,4572600
1348,380,417,1043230,7561,511709,4195800
1349,368,394,1042862,7535,512103,4148300
1350,348,341,1042514,7542,512444,4163200
1351,368,405,1042146,7505,512849,4349800
1352,372,341,1041774,7536,513190,4302600
1353,368,395,1041406,7509,513585,4377600
1354,368,359,1041038,7518,513944,4294400
1355,333,381,1040705,7470,514325,4444000
1356,382,396,1040323,7456,514721,4469900
1357,338,372,1039985,7422,515093,4404600
1358,383,412,1039602,7393,515505,4428400
1359,369,357,1039233,7405,515862,4326800
1360,351,365,1038882,7391,516227,4260000
1361,333,351,1038549,7373,516578,4355400
1362,373,379,1038176,7367,516957,4590300
1363,333,394,1037843,7306,517351,4250400
1364,339,336,1037504,7309,517687,4120900
1365,362,380,1037142,7291,518067,4324100
1366,357,360,1036785,7288,518427,4346700
1367,321,352,1036464,7257,518779,4416700
1368,378,359,1036086,7276,519138,4501400
1369,365,401,1035721,7240,519539,4579800
1370,357,345,1035364,7252,519884,4443900
1371,340,356,1035024,7236,520240,4404900
1372,359,372,1034665,7223,520612,4362100
1373,379,337,1034286,7265,520949,4445200
1374,382,387,1033904,7260,521336,4317900
1375,335,375,1033569,7220,521711,4298700
1376,360,357,1033209,7223,522068,4629400
1377,343,369,1032866,7197,522437,4228700
1378,349,362,1032517,7184,522799,4192900
1379,378,330,1032139,7232,523129,4140700
1380,384,344,1031755,7272,523473,4184200
1381,372,356,1031383,7288,523829,4168700
1382,310,378,1031073,7220,524207,4533700
1383,335,386,1030738,7169,524593,5288300
1384,340,334,1030398,7175,524927,4698200
1385,324,395,1030074,7104,525322,4579100
1386,313,336,1029761,7081,525658,4616900
1387,281,308,1029480,7054,525966,4550700
1388,338,344,1029142,7048,526310,4539000
1389,325,361,1028817,7012,526671,4496700
1390,338,362,1028479,6988,527033,4802200
1391,322,328,1028157,6982,527361,4321500
1392,302,338,1027855,6946,527699,4282900
1393,287,332,1027568,6901,528031,4656100
1394,352,385,1027216,6868,528416,4469800
1395,325,386,1026891,6807,528802,4404400
1396,332,332,1026559,6807,529134,4433500
1397,349,346,1026210,6810,529480,4893000
1398,346,344,1025864,6812,529824,4576900
1399,331,377,1025533,6766,530201,4372000
1400,339,351,1025194,6754,530552,4432100
1401,344,349,1024850,6749,530901,4404900
1402,333,323,1024517,6759,531224,4362100
1403,324,323,1024193,6760,531547,4369100
1404,321,329,1023872,6752,531876,4847200
1405,335,352,1023537,6735,532228,4329500
1406,303,307,1023234,6731,532535,4277600
1407,369,316,1022865,6784,532851,5242100
1408,327,298,1022538,6813,533149,4586400
1409,319,348,1022219,6784,533497,4288800
1410,351,375,1021868,6760,533872,4414900
1411,327,347,1021541,6740,534219,4317300
1412,341,335,1021200,6746,534554,4371500
1413,352,357,1020848,6741,534911,4344900
1414,311,362,1020537,6690,535273,4439500
1415,332,334,1020205,6688,535607,4331800
1416,305,307,1019900,6686,535914,4340800
1417,358,334,1019542,6710,536248,4371800
1418,324,330,1019218,6704,536578,4425200
1419,323,327,1018895,6700,536905,4415700
1420,320,299,1018575,6721,537204,4431000
1421,351,348,1018224,6724,537552,4490000
1422,320,346,1017904,6698,537898,4358900
1423,306,340,1017598,6664,538238,4359000
1424,336,349,1017262,6651,538587,4745000
1425,318,315,1016944,6654,538902,4642900
1426,328,312,1016616,6670,539214,4306200
1427,306,326,1016310,6650,539540,4252200
1428,328,339,1015982,6639,539879,4386400
1429,301,371,1015681,6569,540250,4219900
1430,327,336,1015354,6560,540586,4176200
1431,313,343,1015041,6530,540929,4127300
1432,293,314,1014748,6509,541243,4519200
1433,310,324,1014438,6495,541567,4373400
1434,298,336,1014140,6457,541903,4363400
1435,308,289,1013832,6476,542192,4894900
1436,303,339,1013529,6440,542531,4418700
1437,307,323,1013222,6424,542854,4646800
1438,306,310,1012916,6420,543164,4504400
1439,316,297,1012600,6439,543461,4782300
1440,330,320,1012270,6449,543781,4391500
1441,329,321,1011941,6457,544102,4388100
1442,320,301,1011621,6476,544403,4326000
1443,306,343,1011315,6439,544746,4276300
1444,336,303,1010979,6472,545049,4218900
1445,324,343,1010655,6453,545392,4221800
1446,377,364,1010278,6466,545756,4320500
1447,339,325,1009939,6480,546081,4221200
1448,337,370,1009602,6447,546451,4175700
1449,323,347,1009279,6423,546798,4438100
1450,322,314,1008957,6431,547112,4515400
1451,310,348,1008647,6393,547460,4458900
1452,330,318,1008317,6405,547778,4384800
1453,324,315,1007993,6414,548093,4577000
1454,305,317,1007688,6402,548410,4213300
1455,330,323,1007358,6409,548733,4152300
1456,336,314,1007022,6431,549047,4165200
1457,322,326,1006700,6427,549373,4157500
1458,330,326,1006370,6431,549699,4188000
1459,313,328,1006057,6416,550027,4232600
1460,310,335,1005747,6391,550362,4779800
1461,312,322,1005435,6381,550684,4213500
1462,311,335,1005124,6357,551019,4125200
1463,266,333,1004858,6290,551352,4073900
1464,290,322,1004568,6258,551674,4274500
1465,307,298,1004261,6267,551972,4172700
1466,298,328,1003963,6237,552300,4229200
1467,332,334,1003631,6235,552634,4168200
1468,279,318,1003352,6196,552952,4245600
1469,316,288,1003036,6224,553240,4162000
1470,296,319,1002740,6201,553559,4125600
1471,303,291,1002437,6213,553850,4101900
1472,302,344,1002135,6171,554194,4117900
1473,310,310,1001825,6171,554504,4189200
1474,319,292,1001506,6198,554796,4215700
1475,302,305,1001204,6195,555101,4548600
1476,293,333,1000911,6155,555434,4163400
1477,286,330,1000625,6111,555764,4148500
1478,312,358,1000313,6065,556122,4097500
1479,279,299,1000034,6045,556421,4472100
1480,268,301,999766,6012,556722,4401500
1481,316,315,999450,6013,557037,4106900
1482,283,308,999167,5988,557345,3986900
1483,290,310,998877,5968,557655,4381200
1484,267,303,998610,5932,557958,4157400
1485,305,286,998305,5951,558244,4105700
1486,310,271,997995,5990,558515,4096300
1487,291,284,997704,5997,558799,4167000
1488,286,317,997418,5966,559116,4119700
1489,276,338,997142,5904,559454,4371900
1490,311,320,996831,5895,559774,4733600
1491,269,294,996562,5870,560068,4849600
1492,334,299,996228,5905,560367,4317000
1493,307,312,995921,5900,560679,4476200
1494,281,284,995640,5897,560963,4603100
1495,306,284,995334,5919,561247,4349800
1496,289,302,995045,5906,561549,4324900
1497,323,311,994722,5918,561860,4967300
1498,336,303,994386,5951,562163,4650200
1499,318,291,994068,5978,562454,4629500
1500,328,311,993740,5995,562765,4284700
1501,311,312,993429,5994,563077,4429200
1502,318,306,993111,6006,563383,4255400
1503,298,314,992813,5990,563697,4322200
1504,319,336,992494,5973,564033,4897300
1505,309,298,992185,5984,564331,4657800
1506,310,275,991875,6019,564606,4272900
1507,299,298,991576,6020,564904,4259800
1508,317,279,991259,6058,565183,4330000
1509,309,304,990950,6063,565487,4183500
1510,318,304,990632,6077,565791,4034500
1511,330,300,990302,6107,566091,4436900
1512,325,292,989977,6140,566383,4620900
1513,335,310,989642,6165,566693,4119100
1514,339,313,989303,6191,567006,4015200
1515,286,324,989017,6153,567330,4170000
1516,359,288,988658,6224,567618,4188600
1517,330,327,988328,6227,567945,4143300
1518,316,303,988012,6240,568248,4134000
1519,298,303,987714,6235,568551,4724800
1520,318,316,987396,6237,568867,4713600
1521,310,312,987086,6235,569179,4279500
1522,298,334,986788,6199,569513,4234100
1523,315,285,986473,6229,569798,4156400
1524,315,317,986158,6227,570115,4136900
1525,363,329,985795,6261,570444,4117700
1526,372,325,985423,6308,570769,4624300
1527,309,332,985114,6285,571101,4081500
1528,332,354,984782,6263,571455,4077800
1529,342,294,984440,6311,571749,4065800
1530,315,298,984125,6328,572047,4169700
1531,361,297,983764,6392,572344,4120100
1532,337,328,983427,6401,572672,4454700
1533,329,290,983098,6440,572962,4420400
1534,339,307,982759,6472,573269,4487500
1535,351,306,982408,6517,573575,4333400
1536,333,302,982075,6548,573877,4344900
1537,303,322,981772,6529,574199,4629700
1538,337,280,981435,6586,574479,4191100
1539,328,317,981107,6597,574796,4133500
1540,306,317,980801,6586,575113,4083400
1541,310,315,980491,6581,575428,4305500
1542,314,309,980177,6586,575737,4243500
1543,320,310,979857,6596,576047,4322000
1544,326,304,979531,6618,576351,4319100
1545,338,337,979193,6619,576688,4159300
1546,309,302,978884,6626,576990,4160000
1547,318,304,978566,6640,577294,4090200
1548,325,372,978241,6593,577666,4259400
1549,320,361,977921,6552,578027,4370900
1550,331,312,977590,6571,578339,4400400
1551,334,277,977256,6628,578616,4340500
1552,317,321,976939,6624,578937,4490900
1553,343,303,976596,6664,579240,4266900
1554,305,321,976291,6648,579561,4190000
1555,328,370,975963,6606,579931,4522800
1556,325,335,975638,6596,580266,4213900
1557,306,335,975332,6567,580601,4190900
1558,332,298,975000,6601,580899,4128300
1559,326,365,974674,6562,581264,4287100
1560,290,337,974384,6515,581601,4518100
1561,320,332,974064,6503,581933,4462900
1562,352,339,973712,6516,582272,4443400
1563,326,320,973386,6522,582592,6304000
1564,311,299,973075,6534,582891,5630700
1565,349,311,972726,6572,583202,5815700
1566,330,296,972396,6606,583498,4709300
1567,317,347,972079,6576,583845,4768900
1568,348,344,971731,6580,584189,5444900
1569,348,336,971383,6592,584525,5348800
1570,333,314,971050,6611,584839,4680500
1571,303,333,970747,6581,585172,4585800
1572,333,292,970414,6622,585464,4422800
1573,347,308,970067,6661,585772,4327700
1574,298,304,969769,6655,586076,4298200
1575,326,322,969443,6659,586398,4645200
1576,330,353,969113,6636,586751,4306300
1577,348,343,968765,6641,587094,4059200
1578,325,364,968440,6602,587458,4564800
1579,326,327,968114,6601,587785,4385400
1580,296,342,967818,6555,588127,4284300
1581,350,329,967468,6576,588456,4200700
1582,330,315,967138,6591,588771,4690300
1583,314,330,966824,6575,589101,4264800
1584,310,310,966514,6575,589411,4248800
1585,315,319,966199,6571,589730,4341800
1586,317,329,965882,6559,590059,4344100
1587,340,315,965542,6584,590374,4613500
1588,320,330,965222,6574,590704,4454300
1589,323,333,964899,6564,591037,4585600
1590,299,332,964600,6531,591369,4322100
1591,333,307,964267,6557,591676,4329000
1592,297,353,963970,6501,592029,4565400
1593,342,327,963628,6516,592356,4639000
1594,340,318,963288,6538,592674,4357200
1595,358,336,962930,6560,593010,4262500
1596,335,354,962595,6541,593364,4342200
1597,344,353,962251,6532,593717,4204900
1598,356,328,961895,6560,594045,4159400
1599,310,305,961585,6565,594350,4161900
1600,334,302,961251,6597,594652,5361000
1601,325,322,960926,6600,594974,4659800
1602,311,303,960615,6608,595277,4574700
1603,323,343,960292,6588,595620,4849700
1604,321,329,959971,6580,595949,4474400
1605,346,335,959625,6591,596284,4317800
1606,307,321,959318,6577,596605,4756200
1607,355,304,958963,6628,596909,4225300
1608,323,358,958640,6593,597267,4120500
1609,296,327,958344,6562,597594,4232000
1610,318,369,958026,6511,597963,4744000
1611,334,335,957692,6510,598298,4304600
1612,299,326,957393,6483,598624,4293000
1613,310,326,957083,6467,598950,4306200
1614,328,327,956755,6468,599277,4284500
1615,290,334,956465,6424,599611,4207600
1616,316,324,956149,6416,599935,4227700
1617,304,339,955845,6381,600274,4584900
1618,303,300,955542,6384,600574,4500000
1619,332,310,955210,6406,600884,4221000
1620,294,346,954916,6354,601230,4377400
1621,312,332,954604,6334,601562,4262800
1622,331,331,954273,6334,601893,4352000
1623,324,337,953949,6321,602230,4170000
1624,323,345,953626,6299,602575,4438600
1625,299,320,953327,6278,602895,4451500
1626,318,274,953009,6322,603169,4205800
1627,326,319,952683,6329,603488,4138800
1628,301,328,952382,6302,603816,4396800
1629,331,309,952051,6324,604125,4653000
1630,313,313,951738,6324,604438,4443800
1631,296,342,951442,6278,604780,4752900
1632,317,302,951125,6293,605082,4577900
1633,328,281,950797,6340,605363,4319100
1634,344,330,950453,6354,605693,4614800
1635,301,299,950152,6356,605992,4497900
1636,330,296,949822,6390,606288,4342800
1637,319,343,949503,6366,606631,4317800
1638,300,322,949203,6344,606953,4907600
1639,288,312,948915,6320,607265,4711200
1640,292,305,948623,6307,607570,4263000
1641,297,317,948326,6287,607887,4217500
1642,290,327,948036,6250,608214,4228600
1643,318,317,947718,6251,608531,4174900
1644,293,310,947425,6234,608841,4108200
1645,333,291,947092,6276,609132,4125200
1646,303,311,946789,6268,609443,4271800
1647,316,332,946473,6252,609775,4137900
1648,289,329,946184,6212,610104,4204700
1649,307,303,945877,6216,610407,4540200
1650,303,296,945574,6223,610703,4538800
1651,320,293,945254,6250,610996,4118200
1652,324,312,944930,6262,611308,4080300
1653,317,337,944613,6242,611645,4968500
1654,319,318,944294,6243,611963,4978000
1655,337,317,943957,6263,612280,4755400
1656,348,337,943609,6274,612617,5097000
1657,332,316,943277,6290,612933,4651900
1658,340,307,942937,6323,613240,4309900
1659,307,333,942630,6297,613573,4248400
1660,342,302,942288,6337,613875,4869100
1661,313,304,941975,6346,614179,4254000
1662,329,298,941646,6377,614477,4208200
1663,304,341,941342,6340,614818,4265500
1664,302,314,941040,6328,615132,4850100
1665,334,322,940706,6340,615454,4314800
1666,321,322,940385,6339,615776,4242300
1667,354,339,940031,6354,616115,4282300
1668,343,323,939688,6374,616438,4256600
1669,319,336,939369,6357,616774,4278300
1670,333,294,939036,6396,617068,4368000
1671,338,348,938698,6386,617416,4340900
1672,353,294,938345,6445,617710,4341800
1673,322,319,938023,6448,618029,4294500
1674,321,323,937702,6446,618352,4327800
1675,314,321,937388,6439,618673,4300700
1676,348,306,937040,6481,618979,4297600
1677,317,326,936723,6472,619305,4718100
1678,312,321,936411,6463,619626,4755100
1679,335,317,936076,6481,619943,4415700
1680,322,326,935754,6477,620269,4323200
1681,356,344,935398,6489,620613,4803200
1682,358,340,935040,6507,620953,4315000
1683,346,316,934694,6537,621269,4281800
1684,350,323,934344,6564,621592,4317000
1685,340,317,934004,6587,621909,4459000
1686,328,333,933676,6582,622242,4306800
1687,346,319,933330,6609,622561,4303300
1688,344,332,932986,6621,622893,4329900
1689,304,346,932682,6579,623239,4574800
1690,314,374,932368,6519,623613,4820600
1691,317,323,932051,6513,623936,4552200
1692,320,320,931731,6513,624256,4434700
1693,320,292,931411,6541,624548,4226400
1694,348,336,931063,6553,624884,4250300
1695,332,312,930731,6573,625196,4390900
1696,321,317,930410,6577,625513,4372500
1697,309,314,930101,6572,625827,4259000
1698,287,322,929814,6537,626149,4195800
1699,310,347,929504,6500,626496,4353200
1700,291,325,929213,6466,626821,4154600
1701,318,303,928895,6481,627124,4172300
1702,351,351,928544,6481,627475,4127200
1703,308,319,928236,6470,627794,4490500
1704,298,314,927938,6454,628108,4094500
1705,298,287,927640,6465,628395,4067000
1706,341,305,927299,6501,628700,4068600
1707,336,313,926963,6524,629013,4131800
1708,318,362,926645,6480,629375,4081000
1709,319,329,926326,6470,629704,4042700
1710,331,304,925995,6497,630008,4482700
1711,344,297,925651,6544,630305,4105500
1712,358,331,925293,6571,630636,4132300
1713,339,347,924954,6563,630983,4375100
1714,370,331,924584,6602,631314,4510900
1715,320,350,924264,6572,631664,4416600
1716,317,344,923947,6545,632008,4328700
1717,311,345,923636,6511,632353,4350300
1718,331,313,923305,6529,632666,4453200
1719,356,355,922949,6530,633021,4184900
1720,326,310,922623,6546,633331,4159200
1721,338,355,922285,6529,633686,4525200
1722,294,316,921991,6507,634002,4464900
1723,329,332,921662,6504,634334,4333700
1724,356,339,921306,6521,634673,4337300
1725,336,317,920970,6540,634990,4727400
1726,319,321,920651,6538,635311,4356700
1727,343,276,920308,6605,635587,4628400
1728,343,317,919965,6631,635904,4815000
1729,353,338,919612,6646,636242,4257800
1730,343,329,919269,6660,636571,4234200
1731,338,333,918931,6665,636904,4206600
1732,359,335,918572,6689,637239,4675900
1733,350,328,918222,6711,637567,4153900
1734,341,345,917881,6707,637912,4140100
1735,362,322,917519,6747,638234,4282100
1736,337,341,917182,6743,638575,4372500
1737,340,311,916842,6772,638886,4075100
1738,349,345,916493,6776,639231,4025300
1739,408,331,916085,6853,639562,4067100
1740,341,359,915744,6835,639921,4117600
1741,351,319,915393,6867,640240,4092000
1742,362,353,915031,6876,640593,4141400
1743,319,338,914712,6857,640931,4122100
1744,331,371,914381,6817,641302,4087000
1745,317,367,914064,6767,641669,4048900
1746,306,356,913758,6717,642025,4102800
1747,340,309,913418,6748,642334,4345300
1748,326,321,913092,6753,642655,4417500
1749,347,339,912745,6761,642994,4463500
1750,309,322,912436,6748,643316,4779700
1751,325,324,912111,6749,643640,4241200
1752,330,341,911781,6738,643981,4103000
1753,338,326,911443,6750,644307,4039000
1754,332,345,911111,6737,644652,4107700
1755,321,326,910790,6732,644978,4022700
1756,319,335,910471,6716,645313,3998500
1757,328,346,910143,6698,645659,3981200
1758,316,325,909827,6689,645984,4105900
1759,344,362,909483,6671,646346,4053600
1760,322,352,909161,6641,646698,4035800
1761,335,312,908826,6664,647010,4078900
1762,323,354,908503,6633,647364,4183700
1763,345,338,908158,6640,647702,4209800
1764,346,332,907812,6654,648034,4265600
1765,355,306,907457,6703,648340,4568800
1766,364,349,907093,6718,648689,4236100
1767,305,346,906788,6677,649035,4353700
1768,344,332,906444,6689,649367,4594300
1769,315,335,906129,6669,649702,5155000
1770,296,355,905833,6610,650057,4281100
1771,346,350,905487,6606,650407,4257400
1772,338,329,905149,6615,650736,4442600
1773,332,340,904817,6607,651076,4368000
1774,325,359,904492,6573,651435,4155300
1775,354,347,904138,6580,651782,4153400
1776,358,344,903780,6594,652126,4451800
1777,349,310,903431,6633,652436,4117100
1778,347,321,903084,6659,652757,4163900
1779,361,341,902723,6679,653098,4152500
1780,342,346,902381,6675,653444,4460800
1781,310,323,902071,6662,653767,4111800
1782,313,320,901758,6655,654087,4105300
1783,326,339,901432,6642,654426,4049400
1784,310,319,901122,6633,654745,4130300
1785,366,358,900756,6641,655103,4088500
1786,334,340,900422,6635,655443,4026700
1787,310,299,900112,6646,655742,4040400
1788,276,299,899836,6623,656041,4090800
1789,321,369,899515,6575,656410,4073800
1790,307,330,899208,6552,656740,4046600
1791,314,333,898894,6533,657073,4065100
1792,315,309,898579,6539,657382,4269200
1793,322,349,898257,6512,657731,4183500
1794,306,325,897951,6493,658056,4181400
1795,296,308,897655,6481,658364,4424100
1796,323,372,897332,6432,658736,4531100
1797,303,330,897029,6405,659066,4377600
1798,303,291,896726,6417,659357,4302200
1799,335,320,896391,6432,659677,4283600
1800,338,300,896053,6470,659977,4198200
1801,322,334,895731,6458,660311,4187000
1802,316,332,895415,6442,660643,4157600
1803,340,302,895075,6480,660945,4211600
1804,324,308,894751,6496,661253,4128500
1805,313,353,894438,6456,661606,4108300
1806,316,280,894122,6492,661886,4449200
1807,314,343,893808,6463,662229,4059100
1808,308,307,893500,6464,662536,3977200
1809,322,330,893178,6456,662866,4024600
1810,313,329,892865,6440,663195,4431000
1811,303,313,892562,6430,663508,4197000
1812,325,311,892237,6444,663819,4164000
1813,316,316,891921,6444,664135,4159900
1814,336,301,891585,6479,664436,4230200
1815,288,300,891297,6467,664736,4222500
1816,332,321,890965,6478,665057,4313200
1817,345,351,890620,6472,665408,4247400
1818,338,322,890282,6488,665730,4204100
1819,324,307,889958,6505,666037,4139600
1820,296,332,889662,6469,666369,4074600
1821,355,289,889307,6535,666658,4200500
1822,314,311,888993,6538,666969,4097500
1823,319,340,888674,6517,667309,4057700
1824,337,324,888337,6530,667633,4041300
1825,314,318,888023,6526,667951,4191300
1826,309,320,887714,6515,668271,4178800
1827,312,321,887402,6506,668592,4269800
1828,331,323,887071,6514,668915,4465700
1829,310,339,886761,6485,669254,4415100
1830,331,315,886430,6501,669569,4304800
1831,326,344,886104,6483,669913,4267300
1832,344,318,885760,6509,670231,4298500
1833,304,338,885456,6475,670569,4206000
1834,335,333,885121,6477,670902,4189000
1835,301,328,884820,6450,671230,4464700
1836,321,310,884499,6461,671540,4161100
1837,311,300,884188,6472,671840,4098500
1838,327,312,883861,6487,672152,4064500
1839,319,314,883542,6492,672466,4137400
1840,294,312,883248,6474,672778,4199100
1841,290,334,882958,6430,673112,4302200
1842,314,340,882644,6404,673452,4397600
1843,300,340,882344,6364,673792,4515400
1844,289,335,882055,6318,674127,4405400
1845,258,338,881797,6238,674465,4343900
1846,291,310,881506,6219,674775,4362500
1847,265,322,881241,6162,675097,4247800
1848,278,308,880963,6132,675405,4196200
1849,281,310,880682,6103,675715,4180300
1850,324,289,880358,6138,676004,4237200
1851,303,335,880055,6106,676339,4157000
1852,293,284,879762,6115,676623,4167000
1853,318,354,879444,6079,676977,4456100
1854,303,324,879141,6058,677301,4634700
1855,296,344,878845,6010,677645,4493100
1856,295,289,878550,6016,677934,4342000
1857,319,322,878231,6013,678256,4314000
1858,323,321,877908,6015,678577,4220400
1859,317,291,877591,6041,678868,4211500
1860,315,303,877276,6053,679171,4154300
1861,303,306,876973,6050,679477,4160700
1862,288,307,876685,6031,679784,4120300
1863,331,302,876354,6060,680086,4090400
1864,292,304,876062,6048,680390,4049900
1865,302,332,875760,6018,680722,4660900
1866,297,294,875463,6021,681016,4424200
1867,298,302,875165,6017,681318,4384900
1868,293,312,874872,5998,681630,4683500
1869,316,309,874556,6005,681939,4349300
1870,333,289,874223,6049,682228,4250300
1871,336,313,873887,6072,682541,4202800
1872,320,303,873567,6089,682844,4419100
1873,297,324,873270,6062,683168,4311600
1874,331,299,872939,6094,683467,4226000
1875,325,300,872614,6119,683767,4202100
1876,326,315,872288,6130,684082,4588200
1877,313,302,871975,6141,684384,4189900
1878,317,307,871658,6151,684691,4103800
1879,317,302,871341,6166,684993,4109100
1880,338,293,871003,6211,685286,4126000
1881,306,298,870697,6219,685584,4125400
1882,301,301,870396,6219,685885,4105400
1883,339,321,870057,6237,686206,4216700
1884,313,334,869744,6216,686540,4148800
1885,325,299,869419,6242,686839,4077000
1886,312,333,869107,6221,687172,4043200
1887,338,305,868769,6254,687477,4144700
1888,320,283,868449,6291,687760,4202200
1889,339,314,868110,6316,688074,4170000
1890,323,315,867787,6324,688389,4113100
1891,329,319,867458,6334,688708,4590300
1892,317,318,867141,6333,689026,4084100
1893,312,314,866829,6331,689340,4062400
1894,336,314,866493,6353,689654,4066200
1895,316,290,866177,6379,689944,4265500
1896,304,293,865873,6390,690237,4109900
1897,326,301,865547,6415,690538,4082300
1898,306,302,865241,6419,690840,4586700
1899,304,344,864937,6379,691184,4146200
1900,319,318,864618,6380,691502,4054700
1901,315,340,864303,6355,691842,4018000
1902,308,346,863995,6317,692188,4107900
1903,309,335,863686,6291,692523,4209500
1904,311,312,863375,6290,692835,4479200
1905,285,315,863090,6260,693150,4398900
1906,329,336,862761,6253,693486,4353200
1907,313,312,862448,6254,693798,4300700
1908,307,331,862141,6230,694129,4234900
1909,294,325,861847,6199,694454,4243500
1910,341,313,861506,6227,694767,4215400
1911,330,278,861176,6279,695045,4168600
1912,317,319,860859,6277,695364,4151600
1913,299,292,860560,6284,695656,4181900
1914,305,340,860255,6249,695996,4114000
1915,292,302,859963,6239,696298,4054800
1916,331,311,859632,6259,696609,4093400
1917,348,329,859284,6278,696938,4132800
1918,291,299,858993,6270,697237,4045600
1919,286,290,858707,6266,697527,4028200
1920,337,333,858370,6270,697860,4161300
1921,331,345,858039,6256,698205,4206700
1922,307,339,857732,6224,698544,4392700
1923,324,308,857408,6240,698852,4395000
1924,309,313,857099,6236,699165,4574000
1925,313,318,856786,6231,699483,4284600
1926,325,318,856461,6238,699801,4211300
1927,319,305,856142,6252,700106,4212300
1928,336,338,855806,6250,700444,4254600
1929,274,310,855532,6214,700754,4206700
1930,318,294,855214,6238,701048,4147700
1931,306,275,854908,6269,701323,4151400
1932,299,300,854609,6268,701623,4133500
1933,310,335,854299,6243,701958,4097900
1934,321,304,853978,6260,702262,4073800
1935,307,310,853671,6257,702572,4425500
1936,311,328,853360,6240,702900,4502100
1937,298,303,853062,6235,703203,4339400
1938,309,296,852753,6248,703499,4316500
1939,347,323,852406,6272,703822,4772900
1940,347,318,852059,6301,704140,4341800
1941,355,308,851704,6348,704448,4294100
1942,332,348,851372,6332,704796,4588400
1943,326,289,851046,6369,705085,4370700
1944,325,305,850721,6389,705390,4366100
1945,319,302,850402,6406,705692,4269600
1946,316,282,850086,6440,705974,4328600
1947,312,318,849774,6434,706292,4250300
1948,344,302,849430,6476,706594,4503400
1949,352,299,849078,6529,706893,4622600
1950,335,312,848743,6552,707205,4465200
1951,335,300,848408,6587,707505,4621100
1952,341,307,848067,6621,707812,4383100
1953,342,358,847725,6605,708170,4471300
1954,312,320,847413,6597,708490,4514300
1955,305,337,847108,6565,708827,4469000
1956,321,341,846787,6545,709168,4673300
1957,333,298,846454,6580,709466,4587900
1958,330,336,846124,6574,709802,4587200
1959,339,325,845785,6588,710127,4643500
1960,281,336,845504,6533,710463,4901100
1961,325,320,845179,6538,710783,4534200
1962,310,344,844869,6504,711127,4645600
1963,354,332,844515,6526,711459,4933700
1964,307,315,844208,6518,711774,4571900
1965,320,340,843888,6498,712114,4702800
1966,331,319,843557,6510,712433,4359800
1967,321,330,843236,6501,712763,4333400
1968,327,336,842909,6492,713099,4292100
1969,331,340,842578,6483,713439,4558300
1970,327,312,842251,6498,713751,4768400
1971,324,342,841927,6480,714093,4775900
1972,318,331,841609,6467,714424,4378200
1973,314,349,841295,6432,714773,4402700
1974,297,317,840998,6412,715090,4329600
1975,332,288,840666,6456,715378,4295100
1976,314,338,840352,6432,715716,4260400
1977,296,342,840056,6386,716058,4353400
1978,302,355,839754,6333,716413,4187800
1979,317,319,839437,6331,716732,4122200
1980,313,317,839124,6327,717049,4490500
1981,342,309,838782,6360,717358,4654000
1982,327,291,838455,6396,717649,4458500
1983,326,336,838129,6386,717985,4198700
1984,316,337,837813,6365,718322,4308600
1985,332,309,837481,6388,718631,4438600
1986,364,317,837117,6435,718948,4364800
1987,352,319,836765,6468,719267,4580300
1988,365,306,836400,6527,719573,4413500
1989,362,327,836038,6562,719900,4390700
1990,364,326,835674,6600,720226,4377900
1991,352,321,835322,6631,720547,4412100
1992,332,326,834990,6637,720873,4282600
1993,320,364,834670,6593,721237,4218500
1994,359,336,834311,6616,721573,4211800
1995,331,340,833980,6607,721913,4601200
1996,340,325,833640,6622,722238,4254900
1997,347,318,833293,6651,722556,4205300
1998,343,349,832950,6645,722905,4196900
1999,325,308,832625,6662,723213,4135400
2000,334,329,832291,6667,723542,4090300
2001,291,331,832000,6627,723873,4079900
2002,334,304,831666,6657,724177,4635600
2003,311,342,831355,6626,724519,4258200
2004,325,341,831030,6610,724860,4320200
2005,312,323,830718,6599,725183,4390600
2006,357,318,830361,6638,725501,4719900
2007,335,306,830026,6667,725807,4255800
2008,340,319,829686,6688,726126,4222300
2009,347,325,829339,6710,726451,4424600
2010,334,299,829005,6745,726750,4355100
2011,332,339,828673,6738,727089,4319300
2012,345,318,828328,6765,727407,4301100
2013,342,302,827986,6805,727709,4256100
2014,348,368,827638,6785,728077,4184000
2015,305,343,827333,6747,728420,4262100
2016,314,313,827019,6748,728733,4593700
2017,341,314,826678,6775,729047,4764700
2018,342,352,826336,6765,729399,4434500
2019,344,308,825992,6801,729707,4412000
2020,334,368,825658,6767,730075,4465900
2021,325,335,825333,6757,730410,4324800
2022,353,316,824980,6794,730726,4251300
2023,321,312,824659,6803,731038,4627800
2024,337,384,824322,6756,731422,4740400
2025,333,368,823989,6721,731790,4053600
2026,340,332,823649,6729,732122,4120500
2027,341,364,823308,6706,732486,4340600
2028,340,366,822968,6680,732852,4244600
2029,342,336,822626,6686,733188,4243700
2030,329,314,822297,6701,733502,4190200
2031,340,327,821957,6714,733829,4171000
2032,290,326,821667,6678,734155,4108700
2033,333,316,821334,6695,734471,4131800
2034,337,359,820997,6673,734830,4086900
2035,333,307,820664,6699,735137,4075500
2036,315,295,820349,6719,735432,4077800
2037,287,307,820062,6699,735739,4099900
2038,328,365,819734,6662,736104,4272500
2039,317,301,819417,6678,736405,4245800
2040,318,364,819099,6632,736769,4189900
2041,298,312,818801,6618,737081,4134900
2042,324,322,818477,6620,737403,4723900
2043,322,324,818155,6618,737727,4174600
2044,305,321,817850,6602,738048,4076800
2045,330,326,817520,6606,738374,4596700
2046,319,332,817201,6593,738706,4436300
2047,332,312,816869,6613,739018,4395800
2048,324,345,816545,6592,739363,4265700
2049,323,318,816222,6597,739681,4717500
2050,316,316,815906,6597,739997,4335800
2051,311,312,815595,6596,740309,4317800
2052,334,362,815261,6568,740671,4357700
2053,295,361,814966,6502,741032,5056200
2054,312,334,814654,6480,741366,5378700
2055,318,324,814336,6474,741690,4419100
2056,338,333,813998,6479,742023,4531300
2057,300,340,813698,6439,742363,4345500
2058,307,326,813391,6420,742689,4311600
2059,348,345,813043,6423,743034,4560300
2060,291,342,812752,6372,743376,4235700
2061,312,329,812440,6355,743705,4179100
2062,313,319,812127,6349,744024,4201000
2063,316,315,811811,6350,744339,4216200
2064,307,329,811504,6328,744668,4180500
2065,323,295,811181,6356,744963,4138700
2066,299,344,810882,6311,745307,4456000
2067,327,290,810555,6348,745597,4156300
2068,337,309,810218,6376,745906,4095300
2069,334,332,809884,6378,746238,4057900
2070,337,348,809547,6367,746586,4261000
2071,328,343,809219,6352,746929,4240000
2072,313,321,808906,6344,747250,4248300
2073,315,286,808591,6373,747536,4282200
2074,329,332,808262,6370,747868,4289200
2075,282,317,807980,6335,748185,4322900
2076,316,325,807664,6326,748510,4520800
2077,342,316,807322,6352,748826,4922000
2078,317,311,807005,6358,749137,4766000
2079,329,287,806676,6400,749424,4674100
2080,314,329,806362,6385,749753,4989900
2081,306,303,806056,6388,750056,5080400
2082,344,328,805712,6404,750384,5073300
2083,314,309,805398,6409,750693,5084500
2084,330,323,805068,6416,751016,4996100
2085,311,336,804757,6391,751352,4575600
2086,290,327,804467,6354,751679,4212500
2087,300,299,804167,6355,751978,4319500
2088,316,330,803851,6341,752308,4178500
2089,338,306,803513,6373,752614,4233900
2090,291,314,803222,6350,752928,4657000
2091,287,280,802935,6357,753208,4099400
2092,305,327,802630,6335,753535,4084900
2093,311,307,802319,6339,753842,4039500
2094,336,313,801983,6362,754155,4679000
2095,320,301,801663,6381,754456,4111200
2096,309,311,801354,6379,754767,4048500
2097,321,318,801033,6382,755085,4076100
2098,334,318,800699,6398,755403,4823600
2099,321,304,800378,6415,755707,4551500
2100,347,291,800031,6471,755998,4357500
2101,328,326,799703,6473,756324,4379800
2102,316,309,799387,6480,756633,4275000
2103,308,359,799079,6429,756992,4210200
2104,321,312,798758,6438,757304,4230800
2105,347,321,798411,6464,757625,4200100
2106,331,339,798080,6456,757964,4164300
2107,336,299,797744,6493,758263,4115400
2108,326,350,797418,6469,758613,4392300
2109,323,325,797095,6467,758938,4162300
2110,305,329,796790,6443,759267,4365400
2111,333,313,796457,6463,759580,4463000
2112,296,354,796161,6405,759934,4520600
2113,352,328,795809,6429,760262,4331500
2114,317,323,795492,6423,760585,4263900
2115,336,324,795156,6435,760909,4264200
2116,316,312,794840,6439,761221,4225300
2117,311,328,794529,6422,761549,4221900
2118,318,332,794211,6408,761881,4230700
2119,322,316,793889,6414,762197,4284700
2120,294,340,793595,6368,762537,4209400
2121,296,328,793299,6336,762865,4136100
2122,297,322,793002,6311,763187,4121000
2123,317,303,792685,6325,763490,4399400
2124,298,322,792387,6301,763812,4117200
2125,307,338,792080,6270,764150,4112000
2126,266,319,791814,6217,764469,4238300
2127,289,304,791525,6202,764773,4435200
2128,303,306,791222,6199,765079,3989700
2129,293,315,790929,6177,765394,4407300
2130,301,321,790628,6157,765715,4019600
2131,303,317,790325,6143,766032,4212900
2132,283,310,790042,6116,766342,4452500
2133,342,291,789700,6167,766633,4412900
2134,316,319,789384,6164,766952,4685300
2135,287,306,789097,6145,767258,4317400
2136,329,307,788768,6167,767565,4291000
2137,309,325,788459,6151,767890,4263600
2138,325,319,788134,6157,768209,4321700
2139,300,344,787834,6113,768553,4245100
2140,327,302,787507,6138,768855,4165700
2141,293,297,787214,6134,769152,4705600
2142,295,311,786919,6118,769463,4198300
2143,314,316,786605,6116,769779,4432500
2144,275,318,786330,6073,770097,4549800
2145,302,317,786028,6058,770414,4804700
2146,294,286,785734,6066,770700,4440900
2147,320,314,785414,6072,771014,4381600
2148,329,306,785085,6095,771320,4294200
2149,297,298,784788,6094,771618,4226900
2150,298,315,784490,6077,771933,4251100
2151,307,320,784183,6064,772253,4712200
2152,300,324,783883,6040,772577,4365400
2153,313,302,783570,6051,772879,4108800
2154,303,301,783267,6053,773180,4110600
2155,320,321,782947,6052,773501,4129100
2156,287,307,782660,6032,773808,4079400
2157,307,345,782353,5994,774153,4175900
2158,341,297,782012,6038,774450,4084900
2159,291,296,781721,6033,774746,4562900
2160,303,282,781418,6054,775028,4113300
2161,300,289,781118,6065,775317,4067400
2162,345,302,780773,6108,775619,4071000
2163,311,309,780462,6110,775928,4106900
2164,339,289,780123,6160,776217,4197100
2165,307,301,779816,6166,776518,4181100
2166,331,305,779485,6192,776823,4171600
2167,307,279,779178,6220,777102,4143100
2168,320,332,778858,6208,777434,4089900
2169,303,308,778555,6203,777742,4062000
2170,328,305,778227,6226,778047,4207900
2171,338,317,777889,6247,778364,4147300
2172,308,299,777581,6256,778663,4073300
2173,301,289,777280,6268,778952,4067800
2174,344,322,776936,6290,779274,4163300
2175,301,315,776635,6276,779589,4036300
2176,309,332,776326,6253,779921,4053700
2177,329,324,775997,6258,780245,4038500
2178,306,308,775691,6256,780553,4111000
2179,331,341,775360,6246,780894,4067000
2180,320,313,775040,6253,781207,4106100
2181,310,294,774730,6269,781501,4725900
2182,323,319,774407,6273,781820,4190200
2183,337,324,774070,6286,782144,4006600
2184,320,321,773750,6285,782465,3994100
2185,365,286,773385,6364,782751,4128100
2186,316,314,773069,6366,783065,4413500
2187,320,338,772749,6348,783403,4316200
2188,312,337,772437,6323,783740,4295600
2189,326,313,772111,6336,784053,5261300
2190,334,307,771777,6363,784360,4356800
2191,309,318,771468,6354,784678,4802500
2192,326,293,771142,6387,784971,4499800
2193,332,291,770810,6428,785262,4944900
2194,344,332,770466,6440,785594,4621900
2195,312,307,770154,6445,785901,4364600
2196,324,332,769830,6437,786233,4322400
2197,337,318,769493,6456,786551,4243700
2198,306,310,769187,6452,786861,4197600
2199,321,327,768866,6446,787188,4277000
2200,320,322,768546,6444,787510,4169000
2201,317,310,768229,6451,787820,4144100
2202,308,341,767921,6418,788161,4133500
2203,341,325,767580,6434,788486,4608500
2204,320,323,767260,6431,788809,4103500
2205,349,344,766911,6436,789153,4061800
2206,319,290,766592,6465,789443,4347300
2207,317,328,766275,6454,789771,4347100
2208,329,320,765946,6463,790091,4065000
2209,321,354,765625,6430,790445,4062800
2210,337,339,765288,6428,790784,4107700
2211,330,332,764958,6426,791116,4299900
2212,328,302,764630,6452,791418,4375400
2213,346,319,764284,6479,791737,4363300
2214,332,328,763952,6483,792065,4524500
2215,325,310,763627,6498,792375,4349800
2216,334,319,763293,6513,792694,4321700
2217,311,296,762982,6528,792990,4327200
2218,323,328,762659,6523,793318,4333400
2219,325,322,762334,6526,793640,4281700
2220,308,348,762026,6486,793988,4330100
2221,313,314,761713,6485,794302,4410300
2222,324,357,761389,6452,794659,4581100
2223,336,323,761053,6465,794982,4636200
2224,326,299,760727,6492,795281,4527900
2225,352,328,760375,6516,795609,4327000
2226,352,326,760023,6542,795935,4362300
2227,347,303,759676,6586,796238,4482700
2228,325,356,759351,6555,796594,4361100
2229,320,329,759031,6546,796923,4327900
2230,343,336,758688,6553,797259,4307700
2231,318,328,758370,6543,797587,4279400
2232,337,350,758033,6530,797937,4362100
2233,325,353,757708,6502,798290,4347000
2234,341,308,757367,6535,798598,4290400
2235,330,295,757037,6570,798893,4279300
2236,303,323,756734,6550,799216,4475500
2237,319,334,756415,6535,799550,5285300
2238,364,305,756051,6594,799855,4706100
2239,314,322,755737,6586,800177,4954700
2240,334,370,755403,6550,800547,4619600
2241,326,353,755077,6523,800900,4533700
2242,302,324,754775,6501,801224,4803500
2243,294,358,754481,6437,801582,4882500
2244,310,304,754171,6443,801886,4957900
2245,349,346,753822,6446,802232,5388300
2246,339,332,753483,6453,802564,4430800
2247,346,357,753137,6442,802921,4373900
2248,333,315,752804,6460,803236,4525500
2249,281,317,752523,6424,803553,4332600
2250,332,309,752191,6447,803862,4346200
2251,321,350,751870,6418,804212,4368200
2252,312,333,751558,6397,804545,4670400
2253,329,301,751229,6425,804846,4976100
2254,314,311,750915,6428,805157,4686100
2255,310,332,750605,6406,805489,4725500
2256,326,329,750279,6403,805818,4536000
2257,320,343,749959,6380,806161,4498800
2258,322,352,749637,6350,806513,4380400
2259,318,318,749319,6350,806831,4495800
2260,312,309,749007,6353,807140,4379800
2261,314,332,748693,6335,807472,4368300
2262,327,321,748366,6341,807793,4622800
2263,332,327,748034,6346,808120,4412700
2264,316,313,747718,6349,808433,4374100
2265,317,305,747401,6361,808738,4362700
2266,328,327,747073,6362,809065,4541000
2267,328,331,746745,6359,809396,4458300
2268,308,329,746437,6338,809725,4422300
2269,340,315,746097,6363,810040,5042100
2270,349,309,745748,6403,810349,4593100
2271,341,305,745407,6439,810654,4474800
2272,320,331,745087,6428,810985,4587300
2273,296,320,744791,6404,811305,4521900
2274,353,319,744438,6438,811624,4433900
2275,315,342,744123,6411,811966,4414400
2276,291,285,743832,6417,812251,4568700
2277,340,324,743492,6433,812575,4422600
2278,329,285,743163,6477,812860,4340900
2279,340,316,742823,6501,813176,4642800
2280,338,318,742485,6521,813494,4568600
2281,324,310,742161,6535,813804,4452700
2282,338,339,741823,6534,814143,4477200
2283,312,344,741511,6502,814487,4650600
2284,355,331,741156,6526,814818,4534900
2285,342,325,740814,6543,815143,4465100
2286,312,378,740502,6477,815521,4723200
2287,349,311,740153,6515,815832,4366900
2288,341,310,739812,6546,816142,4390700
2289,336,324,739476,6558,816466,4406900
2290,336,324,739140,6570,816790,5238600
2291,339,320,738801,6589,817110,4856200
2292,331,325,738470,6595,817435,4601100
2293,367,354,738103,6608,817789,4804400
2294,350,344,737753,6614,818133,4443500
2295,327,344,737426,6597,818477,4447900
2296,353,323,737073,6627,818800,4750000
2297,342,341,736731,6628,819141,4457400
2298,351,342,736380,6637,819483,4489200
2299,315,332,736065,6620,819815,4989800
2300,365,351,735700,6634,820166,4878300
2301,350,368,735350,6616,820534,4747800
2302,379,347,734971,6648,820881,4441700
2303,337,343,734634,6642,821224,5278700
2304,380,346,734254,6676,821570,4686000
2305,342,343,733912,6675,821913,4445200
2306,350,342,733562,6683,822255,4840300
2307,345,332,733217,6696,822587,5341300
2308,348,331,732869,6713,822918,4486600
2309,357,367,732512,6703,823285,4719700
2310,314,317,732198,6700,823602,5590100
2311,332,321,731866,6711,823923,4705400
2312,330,361,731536,6680,824284,4702900
2313,322,324,731214,6678,824608,4686500
2314,337,359,730877,6656,824967,4477800
2315,358,325,730519,6689,825292,4474200
2316,325,383,730194,6631,825675,4555900
2317,326,334,729868,6623,826009,4512500
2318,333,357,729535,6599,826366,4539500
2319,360,326,729175,6633,826692,4590200
2320,361,317,728814,6677,827009,4533200
2321,341,315,728473,6703,827324,4402500
2322,333,340,728140,6696,827664,4437300
2323,352,332,727788,6716,827996,4743000
2324,344,325,727444,6735,828321,4867400
2325,372,352,727072,6755,828673,4983300
2326,310,336,726762,6729,829009,4775100
2327,330,335,726432,6724,829344,4554500
2328,326,329,726106,6721,829673,4436700
2329,344,315,725762,6750,829988,4466700
2330,331,310,725431,6771,830298,4453600
2331,337,358,725094,6750,830656,4515800
2332,318,331,724776,6737,830987,4463300
2333,334,344,724442,6727,831331,4458900
2334,363,356,724079,6734,831687,4431400
2335,356,323,723723,6767,832010,4416900
2336,340,343,723383,6764,832353,4362300
2337,332,310,723051,6786,832663,4594700
2338,321,346,722730,6761,833009,4492300
2339,316,341,722414,6736,833350,4408400
2340,331,318,722083,6749,833668,4726700
2341,326,372,721757,6703,834040,4421900
2342,331,337,721426,6697,834377,4471700
2343,310,314,721116,6693,834691,4453000
2344,342,345,720774,6690,835036,4424600
2345,344,330,720430,6704,835366,4440400
2346,344,330,720086,6718,835696,4453500
2347,332,326,719754,6724,836022,4611300
2348,330,315,719424,6739,836337,4443200
2349,349,348,719075,6740,836685,4416800
2350,348,319,718727,6769,837004,4466300
2351,326,320,718401,6775,837324,4483000
2352,357,273,718044,6859,837597,4405000
2353,350,355,717694,6854,837952,4461000
2354,355,329,717339,6880,838281,4617500
2355,362,334,716977,6908,838615,4454700
2356,334,362,716643,6880,838977,4434600
2357,368,346,716275,6902,839323,4845600
2358,329,370,715946,6861,839693,4547500
2359,352,329,715594,6884,840022,4555800
2360,346,348,715248,6882,840370,4824400
2361,346,416,714902,6812,840786,4707200
2362,342,353,714560,6801,841139,4465100
2363,334,332,714226,6803,841471,4414000
2364,321,345,713905,6779,841816,4852500
2365,351,322,713554,6808,842138,4456800
2366,334,328,713220,6814,842466,4505400
2367,336,351,712884,6799,842817,4938600
2368,333,336,712551,6796,843153,4575000
2369,329,356,712222,6769,843509,4716700
2370,332,323,711890,6778,843832,4637500
2371,378,396,711512,6760,844228,4512400
2372,326,369,711186,6717,844597,4486900
2373,343,344,710843,6716,844941,4437700
2374,316,340,710527,6692,845281,4675700
2375,312,346,710215,6658,845627,4370300
2376,359,366,709856,6651,845993,4727200
2377,313,304,709543,6660,846297,5007300
2378,354,324,709189,6690,846621,4407400
2379,332,320,708857,6702,846941,4304500
2380,321,319,708536,6704,847260,4251000
2381,307,345,708229,6666,847605,4642600
2382,345,329,707884,6682,847934,4192900
2383,338,313,707546,6707,848247,4160500
2384,314,309,707232,6712,848556,4150500
2385,329,337,706903,6704,848893,4142200
2386,317,342,706586,6679,849235,4168500
2387,334,346,706252,6667,849581,4203800
2388,316,360,705936,6623,849941,4241900
2389,310,300,705626,6633,850241,4154900
2390,315,336,705311,6612,850577,4096500
2391,345,350,704966,6607,850927,4092200
2392,321,340,704645,6588,851267,4201900
2393,313,332,704332,6569,851599,4106000
2394,343,311,703989,6601,851910,4078700
2395,328,343,703661,6586,852253,4147900
2396,323,325,703338,6584,852578,4168800
2397,311,357,703027,6538,852935,4090600
2398,325,330,702702,6533,853265,4078100
2399,342,336,702360,6539,853601,4102800
2400,328,324,702032,6543,853925,4056300
2401,317,327,701715,6533,854252,4048100
2402,326,329,701389,6530,854581,4151800
2403,311,309,701078,6532,854890,4460200
2404,351,351,700727,6532,855241,4269700
2405,292,304,700435,6520,855545,4213200
2406,333,337,700102,6516,855882,4161000
2407,354,300,699748,6570,856182,4153200
2408,355,345,699393,6580,856527,4137900
2409,327,290,699066,6617,856817,4140100
2410,364,323,698702,6658,857140,4476900
2411,351,367,698351,6642,857507,5142500
2412,347,351,698004,6638,857858,4508000
2413,311,343,697693,6606,858201,4440800
2414,318,351,697375,6573,858552,4705100
2415,317,338,697058,6552,858890,4580100
2416,339,292,696719,6599,859182,4247400
2417,335,286,696384,6648,859468,4837300
2418,370,302,696014,6716,859770,4930300
2419,336,315,695678,6737,860085,4337300
2420,326,350,695352,6713,860435,4264800
2421,358,344,694994,6727,860779,4246800
2422,344,344,694650,6727,861123,4201700
2423,335,360,694315,6702,861483,4163800
2424,353,350,693962,6705,861833,4177700
2425,341,339,693621,6707,862172,4129200
2426,335,322,693286,6720,862494,4141900
2427,327,349,692959,6698,862843,4107700
2428,326,307,692633,6717,863150,4220900
2429,326,314,692307,6729,863464,4152300
2430,338,333,691969,6734,863797,4093200
2431,342,335,691627,6741,864132,4074700
2432,310,313,691317,6738,864445,4174300
2433,367,339,690950,6766,864784,4192300
2434,332,346,690618,6752,865130,4465300
2435,307,320,690311,6739,865450,4746800
2436,372,384,689939,6727,865834,4462800
2437,312,352,689627,6687,866186,4173700
2438,317,345,689310,6659,866531,4134100
2439,335,362,688975,6632,866893,4222700
2440,284,350,688691,6566,867243,4163000
2441,318,326,688373,6558,867569,4030700
2442,301,304,688072,6555,867873,3977800
2443,350,357,687722,6548,868230,4358300
2444,304,305,687418,6547,868535,4058800
2445,294,343,687124,6498,868878,4079400
2446,358,311,686766,6545,869189,4013700
2447,334,320,686432,6559,869509,4101300
2448,320,343,686112,6536,869852,4098100
2449,322,288,685790,6570,870140,4199900
2450,304,344,685486,6530,870484,4753300
2451,323,305,685163,6548,870789,4284700
2452,341,361,684822,6528,871150,4036300
2453,342,354,684480,6516,871504,3983700
2454,329,319,684151,6526,871823,4667200
2455,290,331,683861,6485,872154,4113200
2456,333,323,683528,6495,872477,4062100
2457,321,318,683207,6498,872795,4046700
2458,326,309,682881,6515,873104,4121900
2459,318,345,682563,6488,873449,4103000
2460,315,340,682248,6463,873789,4060300
2461,319,320,681929,6462,874109,4070900
2462,312,327,681617,6447,874436,4211500
2463,291,347,681326,6391,874783,4112300
2464,316,332,681010,6375,875115,4098800
2465,324,334,680686,6365,875449,4302100
2466,310,328,680376,6347,875777,4322900
2467,326,326,680050,6347,876103,4102900
2468,298,320,679752,6325,876423,3980500
2469,300,323,679452,6302,876746,4051200
2470,275,333,679177,6244,877079,4158700
2471,329,283,678848,6290,877362,4088900
2472,319,302,678529,6307,877664,4078000
2473,266,347,678263,6226,878011,4589200
2474,311,323,677952,6214,878334,4090000
2475,306,348,677646,6172,878682,4040100
2476,317,262,677329,6227,878944,4092900
2477,290,316,677039,6201,879260,4132100
2478,292,319,676747,6174,879579,4024900
2479,302,279,676445,6197,879858,4016900
2480,309,301,676136,6205,880159,4006000
2481,273,299,675863,6179,880458,4203800
2482,313,288,675550,6204,880746,4199000
2483,320,337,675230,6187,881083,4178900
2484,325,323,674905,6189,881406,4140700
2485,319,285,674586,6223,881691,4337600
2486,306,291,674280,6238,881982,4329400
2487,369,278,673911,6329,882260,4320700
2488,313,297,673598,6345,882557,4646100
2489,299,285,673299,6359,882842,4355100
2490,328,325,672971,6362,883167,4440800
2491,314,301,672657,6375,883468,4599500
2492,317,324,672340,6368,883792,4477400
2493,310,345,672030,6333,884137,4221800
2494,323,328,671707,6328,884465,4185200
2495,313,308,671394,6333,884773,4634700
2496,333,304,671061,6362,885077,4272600
2497,290,338,670771,6314,885415,4336700
2498,348,311,670423,6351,885726,4280600
2499,338,334,670085,6355,886060,4721500
2500,340,331,669745,6364,886391,4272200
2501,326,333,669419,6357,886724,4203400
2502,308,312,669111,6353,887036,4902600
2503,336,292,668775,6397,887328,4413400
2504,315,317,668460,6395,887645,4231800
2505,358,343,668102,6410,887988,4211500
2506,334,303,667768,6441,888291,4245000
2507,329,331,667439,6439,888622,4222500
2508,347,320,667092,6466,888942,4176900
2509,340,303,666752,6503,889245,4278800
2510,365,317,666387,6551,889562,4863700
2511,364,338,666023,6577,889900,4392300
2512,374,327,665649,6624,890227,4449400
2513,330,328,665319,6626,890555,4471600
2514,327,332,664992,6621,890887,4364900
2515,335,326,664657,6630,891213,4282000
2516,344,354,664313,6620,891567,4281600
2517,308,296,664005,6632,891863,4283100
2518,358,323,663647,6667,892186,4261600
2519,351,328,663296,6690,892514,4216100
2520,352,323,662944,6719,892837,4360900
2521,355,336,662589,6738,893173,4261200
2522,307,336,662282,6709,893509,4225700
2523,336,340,661946,6705,893849,4233600
2524,321,347,661625,6679,894196,4256200
2525,334,333,661291,6680,894529,4219400
2526,343,322,660948,6701,894851,4279400
2527,340,341,660608,6700,895192,4574500
2528,349,357,660259,6692,895549,4293700
2529,319,342,659940,6669,895891,4243500
2530,326,332,659614,6663,896223,4185100
2531,341,327,659273,6677,896550,4226100
2532,361,355,658912,6683,896905,4171400
2533,307,347,658605,6643,897252,4156100
2534,322,295,658283,6670,897547,4405900
2535,353,324,657930,6699,897871,5134400
2536,327,352,657603,6674,898223,5137600
2537,332,332,657271,6674,898555,5277900
2538,321,338,656950,6657,898893,4590600
2539,347,344,656603,6660,899237,4362000
2540,325,335,656278,6650,899572,4358100
2541,312,346,655966,6616,899918,4352700
2542,332,306,655634,6642,900224,4268700
2543,329,317,655305,6654,900541,4202500
2544,323,341,654982,6636,900882,4190900
2545,331,324,654651,6643,901206,4200100
2546,329,337,654322,6635,901543,4112700
2547,342,327,653980,6650,901870,4107700
2548,322,331,653658,6641,902201,4153400
2549,344,318,653314,6667,902519,4105300
2550,335,337,652979,6665,902856,4054700
2551,339,328,652640,6676,903184,4032100
2552,344,331,652296,6689,903515,4135900
2553,310,318,651986,6681,903833,4298200
2554,319,325,651667,6675,904158,4289000
2555,319,344,651348,6650,904502,4327200
2556,319,323,651029,6646,904825,4800100
2557,326,321,650703,6651,905146,4799700
2558,305,298,650398,6658,905444,4810600
2559,315,316,650083,6657,905760,4892700
2560,318,356,649765,6619,906116,4173000
2561,328,351,649437,6596,906467,4039500
2562,315,331,649122,6580,906798,4501300
2563,296,307,648826,6569,907105,4260000
2564,344,286,648482,6627,907391,4081400
2565,304,337,648178,6594,907728,4046400
2566,329,354,647849,6569,908082,4359600
2567,306,321,647543,6554,908403,4066400
2568,317,310,647226,6561,908713,3972000
2569,339,301,646887,6599,909014,3985900
2570,313,332,646574,6580,909346,4065400
2571,303,324,646271,6559,909670,4063800
2572,353,307,645918,6605,909977,4043500
2573,321,315,645597,6611,910292,4135000
2574,325,326,645272,6610,910618,4295600
2575,345,331,644927,6624,910949,4224200
2576,313,316,644614,6621,911265,4174100
2577,332,355,644282,6598,911620,4222600
2578,329,298,643953,6629,911918,4628100
2579,342,330,643611,6641,912248,4066100
2580,315,321,643296,6635,912569,4008900
2581,357,345,642939,6647,912914,4010700
2582,334,298,642605,6683,913212,4139300
2583,327,341,642278,6669,913553,4103900
2584,378,306,641900,6741,913859,4046100
2585,357,322,641543,6776,914181,4351000
2586,366,319,641177,6823,914500,4158500
2587,334,357,640843,6800,914857,4009900
2588,330,327,640513,6803,915184,4024500
2589,358,375,640155,6786,915559,4619400
2590,350,322,639805,6814,915881,4226900
2591,373,332,639432,6855,916213,4119300
2592,345,326,639087,6874,916539,4050900
2593,362,326,638725,6910,916865,4172600
2594,374,332,638351,6952,917197,4363900
2595,343,404,638008,6891,917601,4456500
2596,374,354,637634,6911,917955,4710100
2597,304,319,637330,6896,918274,4433400
2598,359,350,636971,6905,918624,4233500
2599,349,361,636622,6893,918985,4019400
2600,358,349,636264,6902,919334,4642100
2601,370,319,635894,6953,919653,4052400
2602,324,329,635570,6948,919982,4025300
2603,341,345,635229,6944,920327,4033800
2604,328,323,634901,6949,920650,4246800
2605,321,339,634580,6931,920989,4222700
2606,341,350,634239,6922,921339,4199400
2607,358,350,633881,6930,921689,4628400
2608,349,352,633532,6927,922041,4140700
2609,366,351,633166,6942,922392,4033800
2610,372,347,632794,6967,922739,3997500
2611,380,336,632414,7011,923075,4478400
2612,360,295,632054,7076,923370,4066100
2613,340,344,631714,7072,923714,4002100
2614,343,366,631371,7049,924080,3985500
2615,323,349,631048,7023,924429,4075300
2616,329,386,630719,6966,924815,4192700
2617,333,339,630386,6960,925154,4103500
2618,362,353,630024,6969,925507,4605100
2619,350,334,629674,6985,925841,5218400
2620,343,365,629331,6963,926206,4477800
2621,323,346,629008,6940,926552,4427000
2622,314,364,628694,6890,926916,4504400
2623,358,322,628336,6926,927238,4241000
2624,321,339,628015,6908,927577,4185800
2625,345,361,627670,6892,927938,4227300
2626,332,347,627338,6877,928285,4213600
2627,306,342,627032,6841,928627,4177300
2628,343,358,626689,6826,928985,4135700
2629,325,335,626364,6816,929320,4202400
2630,365,318,625999,6863,929638,4101400
2631,362,364,625637,6861,930002,4058700
2632,316,346,625321,6831,930348,4079400
2633,349,322,624972,6858,930670,4353400
2634,327,329,624645,6856,930999,4122700
2635,338,358,624307,6836,931357,4406900
2636,320,339,623987,6817,931696,4733800
2637,319,327,623668,6809,932023,4489100
2638,345,316,623323,6838,932339,4380000
2639,349,347,622974,6840,932686,4035800
2640,367,321,622607,6886,933007,4591100
2641,339,343,622268,6882,933350,4060200
2642,336,337,621932,6881,933687,4038700
2643,341,367,621591,6855,934054,4047700
2644,329,346,621262,6838,934400,4352600
2645,345,338,620917,6845,934738,4390700
2646,342,334,620575,6853,935072,4733200
2647,338,348,620237,6843,935420,5297100
2648,371,362,619866,6852,935782,5576900
2649,326,334,619540,6844,936116,5528500
2650,344,344,619196,6844,936460,4604400
2651,326,362,618870,6808,936822,4358300
2652,328,326,618542,6810,937148,4548600
2653,337,358,618205,6789,937506,4230700
2654,353,374,617852,6768,937880,4204800
2655,331,321,617521,6778,938201,4086200
2656,354,315,617167,6817,938516,4061500
2657,351,321,616816,6847,938837,4572400
2658,353,330,616463,6870,939167,4151700
2659,350,340,616113,6880,939507,4105800
2660,353,334,615760,6899,939841,4080900
2661,372,349,615388,6922,940190,4112700
2662,360,371,615028,6911,940561,4050500
2663,313,346,614715,6878,940907,4008200
2664,346,343,614369,6881,941250,4052000
2665,304,356,614065,6829,941606,4082600
2666,362,324,613703,6867,941930,4099600
2667,342,356,613361,6853,942286,4257400
2668,311,320,613050,6844,942606,4195700
2669,323,357,612727,6810,942963,4362200
2670,340,323,612387,6827,943286,4428200
2671,309,348,612078,6788,943634,4435600
2672,344,356,611734,6776,943990,4355700
2673,351,329,611383,6798,944319,4289300
2674,333,326,611050,6805,944645,4270300
2675,345,334,610705,6816,944979,4209500
2676,357,347,610348,6826,945326,4541000
2677,311,337,610037,6800,945663,4234800
2678,330,376,609707,6754,946039,4212100
2679,321,334,609386,6741,946373,4407800
2680,317,323,609069,6735,946696,4311700
2681,346,329,608723,6752,947025,4145000
2682,356,365,608367,6743,947390,4158800
2683,344,302,608023,6785,947692,4267400
2684,338,340,607685,6783,948032,4168600
2685,364,328,607321,6819,948360,4168600
2686,329,342,606992,6806,948702,4079900
2687,372,343,606620,6835,949045,4212000
2688,374,335,606246,6874,949380,4290800
2689,346,334,605900,6886,949714,4463600
2690,362,351,605538,6897,950065,4472500
2691,330,365,605208,6862,950430,4329800
2692,365,348,604843,6879,950778,4305200
2693,362,344,604481,6897,951122,4255200
2694,335,356,604146,6876,951478,4288000
2695,345,324,603801,6897,951802,4252700
2696,349,300,603452,6946,952102,4181000
2697,313,346,603139,6913,952448,4170500
2698,335,352,602804,6896,952800,4294700
2699,377,399,602427,6874,953199,4253100
2700,336,340,602091,6870,953539,4171600
2701,332,337,601759,6865,953876,4167700
2702,308,332,601451,6841,954208,4198400
2703,326,340,601125,6827,954548,4114800
2704,310,324,600815,6813,954872,4085200
2705,332,355,600483,6790,955227,4071000
2706,320,301,600163,6809,955528,4103800
2707,305,348,599858,6766,955876,4048600
2708,335,321,599523,6780,956197,4006800
2709,317,307,599206,6790,956504,4064900
2710,341,325,598865,6806,956829,4075600
2711,279,364,598586,6721,957193,4156200
2712,347,319,598239,6749,957512,4087300
2713,359,351,597880,6757,957863,4151800
2714,375,335,597505,6797,958198,4225800
2715,343,336,597162,6804,958534,4455600
2716,318,368,596844,6754,958902,4472700
2717,356,378,596488,6732,959280,4437100
2718,349,365,596139,6716,959645,4384600
2719,329,329,595810,6716,959974,4324300
2720,321,339,595489,6698,960313,4398700
2721,367,303,595122,6762,960616,4289700
2722,342,339,594780,6765,960955,4246200
2723,341,363,594439,6743,961318,4220000
2724,347,325,594092,6765,961643,4277600
2725,321,334,593771,6752,961977,4169800
2726,329,358,593442,6723,962335,4139800
2727,355,354,593087,6724,962689,4129700
2728,362,318,592725,6768,963007,4129700
2729,366,337,592359,6797,963344,4141700
2730,340,338,592019,6799,963682,4223600
2731,363,368,591656,6794,964050,4213100
2732,383,335,591273,6842,964385,4171500
2733,351,312,590922,6881,964697,4088500
2734,349,341,590573,6889,965038,4200000
2735,341,357,590232,6873,965395,4190500
2736,362,333,589870,6902,965728,4117000
2737,321,317,589549,6906,966045,4093200
2738,343,338,589206,6911,966383,4075300
2739,353,355,588853,6909,966738,4151400
2740,356,390,588497,6875,967128,4067100
2741,309,332,588188,6852,967460,4055600
2742,320,346,587868,6826,967806,4081000
2743,350,361,587518,6815,968167,4097000
2744,340,348,587178,6807,968515,4085400
2745,324,322,586854,6809,968837,4129100
2746,333,338,586521,6804,969175,4238800
2747,336,328,586185,6812,969503,4328600
2748,307,310,585878,6809,969813,4270000
2749,325,313,585553,6821,970126,4268400
2750,341,337,585212,6825,970463,4255000
2751,340,354,584872,6811,970817,4290000
2752,333,333,584539,6811,971150,4258700
2753,313,337,584226,6787,971487,4091200
2754,350,340,583876,6797,971827,4537500
2755,312,337,583564,6772,972164,4073500
2756,328,351,583236,6749,972515,4065700
2757,332,324,582904,6757,972839,4057700
2758,351,341,582553,6767,973180,4095900
2759,352,351,582201,6768,973531,4059400
2760,345,346,581856,6767,973877,4034500
2761,353,339,581503,6781,974216,4217200
2762,336,343,581167,6774,974559,4442100
2763,332,329,580835,6777,974888,4445300
2764,354,327,580481,6804,975215,4396300
2765,354,347,580127,6811,975562,4437900
2766,354,343,579773,6822,975905,4408800
2767,346,345,579427,6823,976250,4371800
2768,332,322,579095,6833,976572,4613400
2769,335,381,578760,6787,976953,5037600
2770,337,314,578423,6810,977267,4997100
2771,347,340,578076,6817,977607,5115500
2772,334,341,577742,6810,977948,5109300
2773,360,352,577382,6818,978300,5270000
2774,351,320,577031,6849,978620,4306000
2775,334,343,576697,6840,978963,4407300
2776,319,313,576378,6846,979276,4498200
2777,365,304,576013,6907,979580,4392600
2778,365,369,575648,6903,979949,4332300
2779,366,393,575282,6876,980342,4328500
2780,358,330,574924,6904,980672,4717200
2781,355,330,574569,6929,981002,4365700
2782,321,363,574248,6887,981365,4702200
2783,364,346,573884,6905,981711,4312200
2784,346,336,573538,6915,982047,4232600
2785,350,349,573188,6916,982396,4290200
2786,353,340,572835,6929,982736,4313100
2787,326,356,572509,6899,983092,4193300
2788,344,364,572165,6879,983456,4218900
2789,336,327,571829,6888,983783,4285000
2790,374,354,571455,6908,984137,4254200
2791,352,341,571103,6919,984478,4310900
2792,352,362,570751,6909,984840,4327300
2793,342,352,570409,6899,985192,4817300
2794,375,351,570034,6923,985543,5041000
2795,342,337,569692,6928,985880,5080000
2796,331,344,569361,6915,986224,4904200
2797,356,326,569005,6945,986550,4534400
2798,341,334,568664,6952,986884,4560900
2799,332,327,568332,6957,987211,4641400
2800,332,359,568000,6930,987570,4796000
2801,337,359,567663,6908,987929,4926800
2802,336,328,567327,6916,988257,4703600
2803,323,341,567004,6898,988598,4413700
2804,387,358,566617,6927,988956,4251000
2805,367,383,566250,6911,989339,4240900
2806,364,371,565886,6904,989710,4263500
2807,354,350,565532,6908,990060,4220500
2808,330,358,565202,6880,990418,4166700
2809,333,330,564869,6883,990748,4130300
2810,322,308,564547,6897,991056,4165200
2811,336,366,564211,6867,991422,4221800
2812,326,327,563885,6866,991749,4165500
2813,354,336,563531,6884,992085,4149600
2814,356,366,563175,6874,992451,4239700
2815,346,350,562829,6870,992801,4188000
2816,353,354,562476,6869,993155,4139600
2817,337,345,562139,6861,993500,4532200
2818,354,341,561785,6874,993841,4225500
2819,323,354,561462,6843,994195,4119800
2820,334,350,561128,6827,994545,4161100
2821,340,329,560788,6838,994874,4699400
2822,349,350,560439,6837,995224,4213700
2823,338,351,560101,6824,995575,4096600
2824,318,345,559783,6797,995920,4387000
2825,357,339,559426,6815,996259,4655700
2826,337,332,559089,6820,996591,4082400
2827,329,358,558760,6791,996949,4044200
2828,306,339,558454,6758,997288,4170400
2829,361,335,558093,6784,997623,4314200
2830,337,347,557756,6774,997970,3971200
2831,364,313,557392,6825,998283,4006100
2832,340,336,557052,6829,998619,4017300
2833,356,348,556696,6837,998967,4049500
2834,343,280,556353,6900,999247,4244600
2835,344,341,556009,6903,999588,4418500
2836,338,358,555671,6883,999946,4570200
2837,346,315,555325,6914,1000261,4554400
2838,322,360,555003,6876,1000621,4458300
2839,330,330,554673,6876,1000951,4976700
2840,356,378,554317,6854,1001329,4348100
2841,317,341,554000,6830,1001670,4138100
2842,303,364,553697,6769,1002034,4029500
2843,339,311,553358,6797,1002345,4112400
2844,357,354,553001,6800,1002699,4059300
2845,308,335,552693,6773,1003034,3994200
2846,363,351,552330,6785,1003385,4009100
2847,335,339,551995,6781,1003724,4177900
2848,349,360,551646,6770,1004084,4191300
2849,355,353,551291,6772,1004437,4138300
2850,342,387,550949,6727,1004824,4119400
2851,343,363,550606,6707,1005187,4500400
2852,354,343,550252,6718,1005530,4140200
2853,298,367,549954,6649,1005897,4250700
2854,327,331,549627,6645,1006228,4492600
2855,347,318,549280,6674,1006546,4232000
2856,329,334,548951,6669,1006880,4014600
2857,334,376,548617,6627,1007256,4119300
2858,343,348,548274,6622,1007604,4518400
2859,356,330,547918,6648,1007934,4571700
2860,372,342,547546,6678,1008276,4361400
2861,320,350,547226,6648,1008626,4283200
2862,352,351,546874,6649,1008977,4381100
2863,330,317,546544,6662,1009294,4217100
2864,319,303,546225,6678,1009597,4185800
2865,334,315,545891,6697,1009912,4173500
2866,348,354,545543,6691,1010266,4172000
2867,315,338,545228,6668,1010604,4114000
2868,337,356,544891,6649,1010960,4169100
2869,366,319,544525,6696,1011279,4272500
2870,348,311,544177,6733,1011590,4179700
2871,346,347,543831,6732,1011937,4130300
2872,327,317,543504,6742,1012254,4067900
2873,327,350,543177,6719,1012604,4193200
2874,345,359,542832,6705,1012963,4126700
2875,358,357,542474,6706,1013320,4187600
2876,335,336,542139,6705,1013656,4167100
2877,325,384,541814,6646,1014040,4436500
2878,344,330,541470,6660,1014370,4339100
2879,337,293,541133,6704,1014663,4328000
2880,323,361,540810,6666,1015024,4476300
2881,369,347,540441,6688,1015371,4436200
2882,336,332,540105,6692,1015703,4424600
2883,370,354,539735,6708,1016057,4470100
2884,345,336,539390,6717,1016393,4842600
2885,364,336,539026,6745,1016729,4483400
2886,340,339,538686,6746,1017068,4466400
2887,358,340,538328,6764,1017408,4799700
2888,362,344,537966,6782,1017752,5526700
2889,349,323,537617,6808,1018075,4267000
2890,352,360,537265,6800,1018435,4807700
2891,379,353,536886,6826,1018788,4288100
2892,347,348,536539,6825,1019136,4169100
2893,348,307,536191,6866,1019443,4135500
2894,371,337,535820,6900,1019780,4143700
2895,359,339,535461,6920,1020119,4122100
2896,395,319,535066,6996,1020438,4097700
2897,350,343,534716,7003,1020781,4062800
2898,338,345,534378,6996,1021126,4217000
2899,370,342,534008,7024,1021468,4237300
2900,362,350,533646,7036,1021818,4263600
2901,348,356,533298,7028,1022174,4187600
2902,371,376,532927,7023,1022550,4147000
2903,372,356,532555,7039,1022906,4106200
2904,332,370,532223,7001,1023276,4091700
2905,332,335,531891,6998,1023611,4233500
2906,322,383,531569,6937,1023994,4280000
2907,339,361,531230,6915,1024355,3975800
2908,354,337,530876,6932,1024692,4158600
2909,307,350,530569,6889,1025042,4052000
2910,332,359,530237,6862,1025401,4124900
2911,343,343,529894,6862,1025744,4297000
2912,332,348,529562,6846,1026092,4438100
2913,353,363,529209,6836,1026455,4891900
2914,329,369,528880,6796,1026824,4349400
2915,359,329,528521,6826,1027153,4264000
2916,334,350,528187,6810,1027503,4173700
2917,333,335,527854,6808,1027838,4160100
2918,347,332,527507,6823,1028170,4135900
2919,324,346,527183,6801,1028516,4088200
2920,354,310,526829,6845,1028826,4102000
2921,333,307,526496,6871,1029133,4078600
2922,369,311,526127,6929,1029444,4074100
2923,341,351,525786,6919,1029795,4043000
2924,340,301,525446,6958,1030096,4091000
2925,354,360,525092,6952,1030456,4143600
2926,347,350,524745,6949,1030806,4077200
2927,326,337,524419,6938,1031143,4067900
2928,345,305,524074,6978,1031448,4114000
2929,339,344,523735,6973,1031792,4300700
2930,332,340,523403,6965,1032132,4488600
2931,357,370,523046,6952,1032502,4627500
2932,321,401,522725,6872,1032903,5273600
2933,380,353,522345,6899,1033256,4307800
2934,366,343,521979,6922,1033599,4246100
2935,340,380,521639,6882,1033979,4462100
2936,356,355,521283,6883,1034334,4211700
2937,335,329,520948,6889,1034663,4153800
2938,354,370,520594,6873,1035033,4139000
2939,357,324,520237,6906,1035357,4286700
2940,392,363,519845,6935,1035720,4177400
2941,350,344,519495,6941,1036064,4127400
2942,338,355,519157,6924,1036419,4117500
2943,375,361,518782,6938,1036780,4113000
2944,307,358,518475,6887,1037138,4104900
2945,317,335,518158,6869,1037473,4176200
2946,362,358,517796,6873,1037831,4431700
2947,373,336,517423,6910,1038167,4532600
2948,370,347,517053,6933,1038514,4594100
2949,371,346,516682,6958,1038860,4712300
2950,330,355,516352,6933,1039215,5090100
2951,341,329,516011,6945,1039544,4718200
2952,353,338,515658,6960,1039882,4647100
2953,354,342,515304,6972,1040224,4639700
2954,391,354,514913,7009,1040578,4583600
2955,351,338,514562,7022,1040916,4517500
2956,371,330,514191,7063,1041246,4665500
2957,353,344,513838,7072,1041590,4629800
2958,405,350,513433,7127,1041940,4448500
2959,372,388,513061,7111,1042328,4446700
2960,362,334,512699,7139,1042662,4867400
2961,364,331,512335,7172,1042993,4463400
2962,380,365,511955,7187,1043358,4409600
2963,344,315,511611,7216,1043673,4690000
2964,373,337,511238,7252,1044010,4480700
2965,342,369,510896,7225,1044379,4427800
2966,331,353,510565,7203,1044732,4371300
2967,388,358,510177,7233,1045090,4362200
2968,369,393,509808,7209,1045483,4356000
2969,361,370,509447,7200,1045853,4330500
2970,363,363,509084,7200,1046216,4489300
2971,387,404,508697,7183,1046620,4506600
2972,340,347,508357,7176,1046967,4188700
2973,362,352,507995,7186,1047319,4176800
2974,366,330,507629,7222,1047649,4618200
2975,338,354,507291,7206,1048003,4202200
2976,337,338,506954,7205,1048341,4230900
2977,373,348,506581,7230,1048689,4207500
2978,341,372,506240,7199,1049061,4295700
2979,343,389,505897,7153,1049450,4280000
2980,343,375,505554,7121,1049825,4261900
2981,314,373,505240,7062,1050198,4696200
2982,337,345,504903,7054,1050543,4351800
2983,324,378,504579,7000,1050921,4232100
2984,343,381,504236,6962,1051302,4086200
2985,359,345,503877,6976,1051647,4128200
2986,337,348,503540,6965,1051995,4095700
2987,354,343,503186,6976,1052338,4050100
2988,329,335,502857,6970,1052673,4002100
2989,367,391,502490,6946,1053064,4202000
2990,355,364,502135,6937,1053428,4238400
2991,345,358,501790,6924,1053786,4449300
2992,375,344,501415,6955,1054130,4349000
2993,340,347,501075,6948,1054477,4529100
2994,334,308,500741,6974,1054785,4172300
2995,352,361,500389,6965,1055146,4075500
2996,355,354,500034,6966,1055500,4736100
2997,329,308,499705,6987,1055808,4150800
2998,335,350,499370,6972,1056158,4112700
2999,348,339,499022,6981,1056497,4109600
3000,356,380,498666,6957,1056877,4249900
3001,333,368,498333,6922,1057245,4198900
3002,355,330,497978,6947,1057575,4151700
3003,340,357,497638,6930,1057932,4824900
3004,323,363,497315,6890,1058295,4355600
3005,343,348,496972,6885,1058643,4050300
3006,357,305,496615,6937,1058948,4125400
3007,355,348,496260,6944,1059296,4501500
3008,346,374,495914,6916,1059670,4220300
3009,354,303,495560,6967,1059973,4139100
3010,362,320,495198,7009,1060293,4106700
3011,377,356,494821,7030,1060649,4663100
3012,356,351,494465,7035,1061000,4094900
3013,352,350,494113,7037,1061350,4049900
3014,331,334,493782,7034,1061684,4073900
3015,325,371,493457,6988,1062055,4137000
3016,396,369,493061,7015,1062424,4071200
3017,351,354,492710,7012,1062778,4038000
3018,366,325,492344,7053,1063103,4506300
3019,333,363,492011,7023,1063466,4145000
3020,339,350,491672,7012,1063816,4044900
3021,341,343,491331,7010,1064159,4040300
3022,363,363,490968,7010,1064522,4516700
3023,358,384,490610,6984,1064906,4261400
3024,338,335,490272,6987,1065241,4150500
3025,389,333,489883,7043,1065574,4116200
3026,377,336,489506,7084,1065910,4272700
3027,377,339,489129,7122,1066249,4104000
3028,343,331,488786,7134,1066580,4096700
3029,375,338,488411,7171,1066918,4395400
3030,338,366,488073,7143,1067284,4285600
3031,367,369,487706,7141,1067653,4023900
3032,371,362,487335,7150,1068015,3994900
3033,356,322,486979,7184,1068337,4121200
3034,349,333,486630,7200,1068670,4528800
3035,365,336,486265,7229,1069006,4283000
3036,377,355,485888,7251,1069361,4324600
3037,385,356,485503,7280,1069717,4434100
3038,363,382,485140,7261,1070099,4483800
3039,354,355,484786,7260,1070454,4471600
3040,377,370,484409,7267,1070824,4888200
3041,388,381,484021,7274,1071205,4356300
3042,385,344,483636,7315,1071549,4315800
3043,355,370,483281,7300,1071919,4310300
3044,351,334,482930,7317,1072253,4999600
3045,358,379,482572,7296,1072632,4385600
3046,361,347,482211,7310,1072979,4542700
3047,343,373,481868,7280,1073352,4794400
3048,333,379,481535,7234,1073731,4631200
3049,337,351,481198,7220,1074082,4600000
3050,368,343,480830,7245,1074425,4485700
3051,341,369,480489,7217,1074794,4426900
3052,345,362,480144,7200,1075156,4387400
3053,371,366,479773,7205,1075522,4415300
3054,352,397,479421,7160,1075919,4523100
3055,341,373,479080,7128,1076292,4329100
3056,363,381,478717,7110,1076673,4340400
3057,353,356,478364,7107,1077029,4300900
3058,341,364,478023,7084,1077393,4373100
3059,346,341,477677,7089,1077734,4301800
3060,359,329,477318,7119,1078063,4308300
3061,364,367,476954,7116,1078430,4300300
3062,340,397,476614,7059,1078827,4306900
3063,328,357,476286,7030,1079184,4279600
3064,322,356,475964,6996,1079540,4304100
3065,345,320,475619,7021,1079860,4382300
3066,355,348,475264,7028,1080208,4358400
3067,340,377,474924,6991,1080585,4318500
3068,359,385,474565,6965,1080970,4347400
3069,377,355,474188,6987,1081325,5018200
3070,350,351,473838,6986,1081676,4864300
3071,383,315,473455,7054,1081991,4621500
3072,343,363,473112,7034,1082354,4662900
3073,360,401,472752,6993,1082755,4550900
3074,346,333,472406,7006,1083088,4457100
3075,379,319,472027,7066,1083407,4440500
3076,379,337,471648,7108,1083744,4378200
3077,373,369,471275,7112,1084113,4374800
3078,356,390,470919,7078,1084503,4421500
3079,383,338,470536,7123,1084841,4299700
3080,338,375,470198,7086,1085216,4255700
3081,383,392,469815,7077,1085608,4170200
3082,367,322,469448,7122,1085930,4186600
3083,346,346,469102,7122,1086276,4191800
3084,340,358,468762,7104,1086634,4225700
3085,363,352,468399,7115,1086986,4164100
3086,337,348,468062,7104,1087334,4648700
3087,345,346,467717,7103,1087680,4093000
3088,340,370,467377,7073,1088050,4068600
3089,304,318,467073,7059,1088368,4165600
3090,342,347,466731,7054,1088715,4183700
3091,353,353,466378,7054,1089068,4117600
3092,324,353,466054,7025,1089421,4056000
3093,352,323,465702,7054,1089744,4026100
3094,352,328,465350,7078,1090072,4153200
3095,351,321,464999,7108,1090393,4111900
3096,332,348,464667,7092,1090741,4078200
3097,326,362,464341,7056,1091103,4070100
3098,368,341,463973,7083,1091444,4119200
3099,366,340,463607,7109,1091784,4155900
3100,375,353,463232,7131,1092137,4240600
3101,367,377,462865,7121,1092514,4228800
3102,359,354,462506,7126,1092868,4167300
3103,389,321,462117,7194,1093189,4125000
3104,360,361,461757,7193,1093550,4085200
3105,364,383,461393,7174,1093933,4132600
3106,330,346,461063,7158,1094279,4120800
3107,398,338,460665,7218,1094617,4423300
3108,367,376,460298,7209,1094993,4394200
3109,365,382,459933,7192,1095375,4728800
3110,329,390,459604,7131,1095765,4513000
3111,352,336,459252,7147,1096101,4440300
3112,342,354,458910,7135,1096455,4545400
3113,332,345,458578,7122,1096800,4539900
3114,410,340,458168,7192,1097140,4413300
3115,357,344,457811,7205,1097484,4683300
3116,393,370,457418,7228,1097854,4375800
3117,368,389,457050,7207,1098243,4369200
3118,364,401,456686,7170,1098644,4265700
3119,344,367,456342,7147,1099011,4279300
3120,339,356,456003,7130,1099367,4212900
3121,355,346,455648,7139,1099713,4149200
3122,377,349,455271,7167,1100062,4140600
3123,357,344,454914,7180,1100406,4223300
3124,363,337,454551,7206,1100743,4235500
3125,389,349,454162,7246,1101092,4195600
3126,370,386,453792,7230,1101478,4166000
3127,366,341,453426,7255,1101819,4220800
3128,381,365,453045,7271,1102184,4126900
3129,366,385,452679,7252,1102569,4136500
3130,369,347,452310,7274,1102916,4144600
3131,373,377,451937,7270,1103293,4326800
3132,362,392,451575,7240,1103685,4190400
3133,356,360,451219,7236,1104045,4160100
3134,366,361,450853,7241,1104406,4135000
3135,361,372,450492,7230,1104778,4185300
3136,385,405,450107,7210,1105183,4124500
3137,364,369,449743,7205,1105552,4103200
3138,345,352,449398,7198,1105904,4542600
3139,352,393,449046,7157,1106297,4052600
3140,349,344,448697,7162,1106641,4005000
3141,341,340,448356,7163,1106981,3973600
3142,324,332,448032,7155,1107313,4177000
3143,355,363,447677,7147,1107676,4096300
3144,344,353,447333,7138,1108029,4097400
3145,373,366,446960,7145,1108395,4354300
3146,321,351,446639,7115,1108746,4777500
3147,375,337,446264,7153,1109083,4484200
3148,355,320,445909,7188,1109403,4472800
3149,371,342,445538,7217,1109745,4526800
3150,359,351,445179,7225,1110096,4439100
3151,354,347,444825,7232,1110443,4356700
3152,365,344,444460,7253,1110787,4481200
3153,351,405,444109,7199,1111192,4444500
3154,355,365,443754,7189,1111557,4266500
3155,330,390,443424,7129,1111947,4191800
3156,351,370,443073,7110,1112317,4646200
3157,361,349,442712,7122,1112666,4167200
3158,356,359,442356,7119,1113025,4119600
3159,348,334,442008,7133,1113359,4078300
3160,375,353,441633,7155,1113712,4231100
3161,359,367,441274,7147,1114079,4206500
3162,384,325,440890,7206,1114404,4287400
3163,377,391,440513,7192,1114795,4223000
3164,372,347,440141,7217,1115142,4201300
3165,381,350,439760,7248,1115492,4213500
3166,339,366,439421,7221,1115858,4312100
3167,341,333,439080,7229,1116191,4637800
3168,415,349,438665,7295,1116540,4302900
3169,383,382,438282,7296,1116922,4286700
3170,378,384,437904,7290,1117306,4271100
3171,353,393,437551,7250,1117699,4523700
3172,360,384,437191,7226,1118083,4186400
3173,348,362,436843,7212,1118445,4135200
3174,346,378,436497,7180,1118823,4626500
3175,337,369,436160,7148,1119192,4546400
3176,385,400,435775,7133,1119592,4471300
3177,328,351,435447,7110,1119943,4410700
3178,373,367,435074,7116,1120310,4478200
3179,379,323,434695,7172,1120633,4297100
3180,372,362,434323,7182,1120995,4274000
3181,334,392,433989,7124,1121387,4684700
3182,354,361,433635,7117,1121748,4191000
3183,402,366,433233,7153,1122114,4360700
3184,367,382,432866,7138,1122496,4016700
3185,355,355,432511,7138,1122851,4889300
3186,333,360,432178,7111,1123211,4173500
3187,365,361,431813,7115,1123572,4136600
3188,347,360,431466,7102,1123932,4179400
3189,349,348,431117,7103,1124280,4170600
3190,359,345,430758,7117,1124625,4231700
3191,363,353,430395,7127,1124978,5015200
3192,378,379,430017,7126,1125357,5034600
3193,366,371,429651,7121,1125728,4428400
3194,349,342,429302,7128,1126070,4327700
3195,363,337,428939,7154,1126407,4686500
3196,305,382,428634,7077,1126789,4194900
3197,330,346,428304,7061,1127135,4073300
3198,336,330,427968,7067,1127465,3991300
3199,342,351,427626,7058,1127816,4497200
3200,361,350,427265,7069,1128166,4091000
3201,339,348,426926,7060,1128514,4033900
3202,328,360,426598,7028,1128874,4063200
3203,361,333,426237,7056,1129207,4131700
3204,363,343,425874,7076,1129550,4096900
3205,309,341,425565,7044,1129891,4079600
3206,327,349,425238,7022,1130240,4113800
3207,368,362,424870,7028,1130602,4215500
3208,340,323,424530,7045,1130925,4270900
3209,367,386,424163,7026,1131311,4175700
3210,342,361,423821,7007,1131672,4243100
3211,372,353,423449,7026,1132025,4286000
3212,352,386,423097,6992,1132411,4570400
3213,326,387,422771,6931,1132798,4605900
3214,319,357,422452,6893,1133155,4536800
3215,331,344,422121,6880,1133499,4429400
3216,333,317,421788,6896,1133816,4346800
3217,343,322,421445,6917,1134138,4527600
3218,383,327,421062,6973,1134465,4085800
3219,370,337,420692,7006,1134802,4004000
3220,386,360,420306,7032,1135162,4002100
3221,386,353,419920,7065,1135515,4414800
3222,355,347,419565,7073,1135862,4283900
3223,367,365,419198,7075,1136227,4364100
3224,359,369,418839,7065,1136596,4331700
3225,375,386,418464,7054,1136982,4258100
3226,376,376,418088,7054,1137358,4213900
3227,347,365,417741,7036,1137723,4272300
3228,346,358,417395,7024,1138081,4603700
3229,373,339,417022,7058,1138420,4539800
3230,365,363,416657,7060,1138783,4416300
3231,366,336,416291,7090,1139119,4402400
3232,351,389,415940,7052,1139508,4334700
3233,344,351,415596,7045,1139859,4279100
3234,385,377,415211,7053,1140236,4302800
3235,345,349,414866,7049,1140585,4316900
3236,369,379,414497,7039,1140964,4283200
3237,384,326,414113,7097,1141290,4209400
3238,338,360,413775,7075,1141650,4218500
3239,366,361,413409,7080,1142011,4299700
3240,364,361,413045,7083,1142372,4228800
3241,388,335,412657,7136,1142707,4204700
3242,372,349,412285,7159,1143056,4262200
3243,360,362,411925,7157,1143418,4498900
3244,346,331,411579,7172,1143749,4202000
3245,373,316,411206,7229,1144065,4364800
3246,379,329,410827,7279,1144394,4673400
3247,375,378,410452,7276,1144772,5192400
3248,353,409,410099,7220,1145181,5375600
3249,348,376,409751,7192,1145557,4775300
3250,363,314,409388,7241,1145871,4507400
3251,357,333,409031,7265,1146204,4526500
3252,361,402,408670,7224,1146606,4533500
3253,333,356,408337,7201,1146962,4590000
3254,335,336,408002,7200,1147298,4518000
3255,380,357,407622,7223,1147655,4758400
3256,380,369,407242,7234,1148024,4639000
3257,380,350,406862,7264,1148374,4754500
3258,343,343,406519,7264,1148717,4570900
3259,347,363,406172,7248,1149080,4619200
3260,376,337,405796,7287,1149417,4773000
3261,387,395,405409,7279,1149812,4659100
3262,367,366,405042,7280,1150178,4591100
3263,370,329,404672,7321,1150507,4633200
3264,404,341,404268,7384,1150848,4817900
3265,362,374,403906,7372,1151222,4900700
3266,400,386,403506,7386,1151608,4709800
3267,416,396,403090,7406,1152004,4584000
3268,331,350,402759,7387,1152354,4611500
3269,381,377,402378,7391,1152731,5026900
3270,359,400,402019,7350,1153131,4854000
3271,333,383,401686,7300,1153514,4967600
3272,352,406,401334,7246,1153920,4812500
3273,391,379,400943,7258,1154299,4961100
3274,388,368,400555,7278,1154667,5217900
3275,382,355,400173,7305,1155022,4896800
3276,380,392,399793,7293,1155414,4640700
3277,368,372,399425,7289,1155786,4583600
3278,372,354,399053,7307,1156140,4729700
3279,371,331,398682,7347,1156471,4713800
3280,355,376,398327,7326,1156847,5052800
3281,382,372,397945,7336,1157219,4612300
3282,386,377,397559,7345,1157596,5228000
3283,375,363,397184,7357,1157959,5172200
3284,353,370,396831,7340,1158329,5175200
3285,370,373,396461,7337,1158702,4831500
3286,354,354,396107,7337,1159056,4646900
3287,361,370,395746,7328,1159426,4645300
3288,392,373,395354,7347,1159799,4655600
3289,335,378,395019,7304,1160177,4650000
3290,353,392,394666,7265,1160569,4834800
3291,374,366,394292,7273,1160935,4925900
3292,337,400,393955,7210,1161335,5177400
3293,355,346,393600,7219,1161681,4653900
3294,371,349,393229,7241,1162030,4646000
3295,353,330,392876,7264,1162360,4598700
3296,393,366,392483,7291,1162726,4644900
3297,369,414,392114,7246,1163140,4744900
3298,378,333,391736,7291,1163473,4853200
3299,387,336,391349,7342,1163809,4677700
3300,390,373,390959,7359,1164182,4691700
3301,374,380,390585,7353,1164562,4708400
3302,389,410,390196,7332,1164972,4751100
3303,360,343,389836,7349,1165315,4802400
3304,380,343,389456,7386,1165658,4565000
3305,391,401,389065,7376,1166059,4701600
3306,350,384,388715,7342,1166443,4587300
3307,375,379,388340,7338,1166822,4587500
3308,393,358,387947,7373,1167180,5108100
3309,335,357,387612,7351,1167537,4863000
3310,405,368,387207,7388,1167905,8838600
3311,350,411,386857,7327,1168316,5895900
3312,350,341,386507,7336,1168657,6008400
3313,390,376,386117,7350,1169033,5891200
3314,337,351,385780,7336,1169384,4956000
3315,320,387,385460,7269,1169771,5619400
3316,348,362,385112,7255,1170133,5863100
3317,330,357,384782,7228,1170490,5367700
3318,362,341,384420,7249,1170831,5051200
3319,351,362,384069,7238,1171193,4841800
3320,343,342,383726,7239,1171535,4932000
3321,351,389,383375,7201,1171924,5036900
3322,339,340,383036,7200,1172264,4719500
3323,338,375,382698,7163,1172639,4594000
3324,347,363,382351,7147,1173002,4566100
3325,361,359,381990,7149,1173361,4703900
3326,358,369,381632,7138,1173730,4510200
3327,361,346,381271,7153,1174076,4529900
3328,342,354,380929,7141,1174430,4647700
3329,357,346,380572,7152,1174776,5119500
3330,391,352,380181,7191,1175128,4818500
3331,339,324,379842,7206,1175452,4983900
3332,370,341,379472,7235,1175793,4861500
3333,410,364,379062,7281,1176157,4770700
3334,351,346,378711,7286,1176503,5021300
3335,376,420,378335,7242,1176923,4897800
3336,392,347,377943,7287,1177270,4692400
3337,377,313,377566,7351,1177583,4738900
3338,357,341,377209,7367,1177924,5007700
3339,380,351,376829,7396,1178275,5026200
3340,364,357,376465,7403,1178632,4856900
3341,421,382,376044,7442,1179014,5076000
3342,370,363,375674,7449,1179377,4582700
3343,381,382,375293,7448,1179759,4558600
3344,387,394,374906,7441,1180153,4600000
3345,405,377,374501,7469,1180530,5154000
3346,369,353,374132,7485,1180883,4607600
3347,396,351,373736,7530,1181234,4585600
3348,402,370,373334,7562,1181604,5250200
3349,392,385,372942,7569,1181989,4809500
3350,351,380,372591,7540,1182369,4996100
3351,394,386,372197,7548,1182755,4737300
3352,378,394,371819,7532,1183149,4501100
3353,362,392,371457,7502,1183541,4656200
3354,385,386,371072,7501,1183927,4642400
3355,359,339,370713,7521,1184266,4541600
3356,366,384,370347,7503,1184650,4495400
3357,382,349,369965,7536,1184999,4992100
3358,364,363,369601,7537,1185362,4472400
3359,357,391,369244,7503,1185753,4548900
3360,380,418,368864,7465,1186171,4502600
3361,345,395,368519,7415,1186566,4968500
3362,385,385,368134,7415,1186951,4459600
3363,378,355,367756,7438,1187306,4545300
3364,380,373,367376,7445,1187679,4714100
3365,360,389,367016,7416,1188068,4721700
3366,329,383,366687,7362,1188451,4693800
3367,379,364,366308,7377,1188815,4748000
3368,339,379,365969,7337,1189194,4819900
3369,359,356,365610,7340,1189550,4454000
3370,356,360,365254,7336,1189910,4449300
3371,356,388,364898,7304,1190298,4590200
3372,363,384,364535,7283,1190682,4558900
3373,374,346,364161,7311,1191028,4494200
3374,344,374,363817,7281,1191402,4478600
3375,356,355,363461,7282,1191757,4514200
3376,329,352,363132,7259,1192109,4485200
3377,354,358,362778,7255,1192467,4565000
3378,327,430,362451,7152,1192897,4928600
3379,362,363,362089,7151,1193260,4488600
3380,348,349,361741,7150,1193609,4437400
3381,363,376,361378,7137,1193985,4464800
3382,346,375,361032,7108,1194360,4580500
3383,359,395,360673,7072,1194755,4525300
3384,357,359,360316,7070,1195114,4510500
3385,326,360,359990,7036,1195474,4558600
3386,345,375,359645,7006,1195849,5220400
3387,362,382,359283,6986,1196231,5335600
3388,341,339,358942,6988,1196570,5105800
3389,356,355,358586,6989,1196925,4794900
3390,347,366,358239,6970,1197291,5259500
3391,373,361,357866,6982,1197652,5050000
3392,393,343,357473,7032,1197995,4909600
3393,335,366,357138,7001,1198361,4879700
3394,334,381,356804,6954,1198742,4771000
3395,336,349,356468,6941,1199091,4742900
3396,341,342,356127,6940,1199433,5363400
3397,376,355,355751,6961,1199788,5172100
3398,365,370,355386,6956,1200158,5516400
3399,369,372,355017,6953,1200530,4944400
3400,366,359,354651,6960,1200889,4793900
3401,359,367,354292,6952,1201256,5029900
3402,354,342,353938,6964,1201598,4813300
3403,350,328,353588,6986,1201926,4714800
3404,325,339,353263,6972,1202265,4922200
3405,342,342,352921,6972,1202607,4507000
3406,350,392,352571,6930,1202999,4469400
3407,354,323,352217,6961,1203322,4708900
3408,386,360,351831,6987,1203682,4473600
3409,388,365,351443,7010,1204047,4772700
3410,349,341,351094,7018,1204388,4788300
3411,351,343,350743,7026,1204731,4489600
3412,351,352,350392,7025,1205083,4510600
3413,373,346,350019,7052,1205429,4242700
3414,336,354,349683,7034,1205783,4336600
3415,390,358,349293,7066,1206141,4492500
3416,365,360,348928,7071,1206501,4356100
3417,325,376,348603,7020,1206877,4592300
3418,352,359,348251,7013,1207236,4577300
3419,345,320,347906,7038,1207556,4959700
3420,372,345,347534,7065,1207901,4440400
3421,367,389,347167,7043,1208290,4943100
3422,372,334,346795,7081,1208624,4503100
3423,330,353,346465,7058,1208977,4336500
3424,327,317,346138,7068,1209294,4596800
3425,365,343,345773,7090,1209637,4601100
3426,361,367,345412,7084,1210004,4555300
3427,338,372,345074,7050,1210376,4456300
3428,374,352,344700,7072,1210728,5001100
3429,390,347,344310,7115,1211075,4897800
3430,345,360,343965,7100,1211435,4598400
3431,381,351,343584,7130,1211786,4847700
3432,358,366,343226,7122,1212152,4444800
3433,351,369,342875,7104,1212521,4495200
3434,347,345,342528,7106,1212866,4605600
3435,370,359,342158,7117,1213225,4530300
3436,366,356,341792,7127,1213581,4638000
3437,359,341,341433,7145,1213922,4510400
3438,317,351,341116,7111,1214273,4746900
3439,330,342,340786,7099,1214615,4491600
3440,387,374,340399,7112,1214989,4466600
3441,361,366,340038,7107,1215355,4658800
3442,311,362,339727,7056,1215717,4515600
3443,326,362,339401,7020,1216079,4435500
3444,311,350,339090,6981,1216429,4655200
3445,359,362,338731,6978,1216791,4591900
3446,307,334,338424,6951,1217125,4414000
3447,360,343,338064,6968,1217468,4476600
3448,333,358,337731,6943,1217826,4644300
3449,330,370,337401,6903,1218196,4412300
3450,355,333,337046,6925,1218529,4355200
3451,354,356,336692,6923,1218885,4444600
3452,335,382,336357,6876,1219267,4392200
3453,346,368,336011,6854,1219635,4383600
3454,350,323,335661,6881,1219958,4360000
3455,377,364,335284,6894,1220322,4581600
3456,346,365,334938,6875,1220687,4506900
3457,341,332,334597,6884,1221019,4458100
3458,338,334,334259,6888,1221353,4486600
3459,335,347,333924,6876,1221700,4533200
3460,350,334,333574,6892,1222034,4356500
3461,382,345,333192,6929,1222379,4408300
3462,359,347,332833,6941,1222726,4449700
3463,360,303,332473,6998,1223029,4376100
3464,388,357,332085,7029,1223386,4339400
3465,376,362,331709,7043,1223748,4581400
3466,361,337,331348,7067,1224085,4360800
3467,360,354,330988,7073,1224439,4295700
3468,319,361,330669,7031,1224800,4314400
3469,346,353,330323,7024,1225153,4887600
3470,361,396,329962,6989,1225549,4469000
3471,356,324,329606,7021,1225873,4306700
3472,323,356,329283,6988,1226229,4602800
3473,376,355,328907,7009,1226584,4235900
3474,353,332,328554,7030,1226916,4202600
3475,354,358,328200,7026,1227274,4177200
3476,351,331,327849,7046,1227605,4520000
3477,344,369,327505,7021,1227974,4229600
3478,334,341,327171,7014,1228315,4318300
3479,341,330,326830,7025,1228645,4360000
3480,349,339,326481,7035,1228984,4569000
3481,333,336,326148,7032,1229320,4629000
3482,338,366,325810,7004,1229686,4670200
3483,350,343,325460,7011,1230029,5202800
3484,348,358,325112,7001,1230387,4365500
3485,334,343,324778,6992,1230730,4297000
3486,346,358,324432,6980,1231088,4313900
3487,325,310,324107,6995,1231398,4353100
3488,358,358,323749,6995,1231756,4355700
3489,296,320,323453,6971,1232076,4327200
3490,323,338,323130,6956,1232414,4878600
3491,341,333,322789,6964,1232747,4372900
3492,379,352,322410,6991,1233099,4358000
3493,363,354,322047,7000,1233453,4311700
3494,346,356,321701,6990,1233809,4246200
3495,352,337,321349,7005,1234146,4248500
3496,361,355,320988,7011,1234501,4439600
3497,383,343,320605,7051,1234844,5643500
3498,345,358,320260,7038,1235202,4711600
3499,365,344,319895,7059,1235546,4177800
3500,381,367,319514,7073,1235913,4388100
3501,361,350,319153,7084,1236263,4268800
3502,348,353,318805,7079,1236616,4196500
3503,365,381,318440,7063,1236997,4177600
3504,367,368,318073,7062,1237365,4284300
3505,346,338,317727,7070,1237703,4184800
3506,356,340,317371,7086,1238043,4134700
3507,351,353,317020,7084,1238396,4177700
3508,381,293,316639,7172,1238689,4316100
3509,375,356,316264,7191,1239045,4234600
3510,349,386,315915,7154,1239431,4178200
3511,352,343,315563,7163,1239774,4856200
3512,395,344,315168,7214,1240118,4518100
3513,356,358,314812,7212,1240476,4366900
3514,361,366,314451,7207,1240842,4349700
3515,343,363,314108,7187,1241205,4334900
3516,364,399,313744,7152,1241604,4275900
3517,362,355,313382,7159,1241959,4196700
3518,374,364,313008,7169,1242323,4253200
3519,356,349,312652,7176,1242672,4214600
3520,335,370,312317,7141,1243042,4146500
3521,325,361,311992,7105,1243403,4129700
3522,336,340,311656,7101,1243743,4273000
3523,345,350,311311,7096,1244093,4304500
3524,328,330,310983,7094,1244423,4230100
3525,336,367,310647,7063,1244790,4251200
3526,336,358,310311,7041,1245148,4278100
3527,343,353,309968,7031,1245501,4157300
3528,333,354,309635,7010,1245855,4113100
3529,366,320,309269,7056,1246175,4105500
3530,339,371,308930,7024,1246546,4177000
3531,337,379,308593,6982,1246925,4094100
3532,390,337,308203,7035,1247262,4058600
3533,345,373,307858,7007,1247635,4083800
3534,334,313,307524,7028,1247948,4120500
3535,337,348,307187,7017,1248296,4089800
3536,334,353,306853,6998,1248649,4054000
3537,388,341,306465,7045,1248990,4173400
3538,354,368,306111,7031,1249358,4109700
3539,386,319,305725,7098,1249677,4247500
3540,347,379,305378,7066,1250056,4218700
3541,351,352,305027,7065,1250408,4247900
3542,346,340,304681,7071,1250748,4150000
3543,336,321,304345,7086,1251069,4074300
3544,337,360,304008,7063,1251429,4087300
3545,315,316,303693,7062,1251745,4100800
3546,354,373,303339,7043,1252118,4048400
3547,338,356,303001,7025,1252474,4032400
3548,358,342,302643,7041,1252816,4140100
3549,342,352,302301,7031,1253168,4385500
3550,369,364,301932,7036,1253532,4368200
3551,348,381,301584,7003,1253913,4361800
3552,354,374,301230,6983,1254287,5136500
3553,351,351,300879,6983,1254638,4301000
3554,319,332,300560,6970,1254970,4566800
3555,346,383,300214,6933,1255353,4673300
3556,360,362,299854,6931,1255715,4329000
3557,332,357,299522,6906,1256072,4238400
3558,372,336,299150,6942,1256408,4241100
3559,317,337,298833,6922,1256745,4258000
3560,343,322,298490,6943,1257067,4171500
3561,320,347,298170,6916,1257414,4165800
3562,313,330,297857,6899,1257744,4131800
3563,320,358,297537,6861,1258102,4174700
3564,315,374,297222,6802,1258476,4090200
3565,333,337,296889,6798,1258813,4123000
3566,334,350,296555,6782,1259163,4108100
3567,315,334,296240,6763,1259497,4056100
3568,338,304,295902,6797,1259801,4032500
3569,334,318,295568,6813,1260119,4020400
3570,326,324,295242,6815,1260443,4423700
3571,313,344,294929,6784,1260787,4284700
3572,354,300,294575,6838,1261087,4279800
3573,353,370,294222,6821,1261457,4109400
3574,315,338,293907,6798,1261795,4387400
3575,304,328,293603,6774,1262123,4309000
3576,355,318,293248,6811,1262441,4303400
3577,353,344,292895,6820,1262785,4769100
3578,336,341,292559,6815,1263126,4353800
3579,348,332,292211,6831,1263458,4454200
3580,367,340,291844,6858,1263798,4394000
3581,329,328,291515,6859,1264126,4550300
3582,353,321,291162,6891,1264447,4341900
3583,340,384,290822,6847,1264831,4295800
3584,343,306,290479,6884,1265137,4390400
3585,359,358,290120,6885,1265495,4628400
3586,353,334,289767,6904,1265829,5045500
3587,346,336,289421,6914,1266165,4663600
3588,345,372,289076,6887,1266537,4407700
3589,341,363,288735,6865,1266900,4352200
3590,324,348,288411,6841,1267248,4328400
3591,376,347,288035,6870,1267595,4349700
3592,372,341,287663,6901,1267936,4300700
3593,334,362,287329,6873,1268298,4287200
3594,379,335,286950,6917,1268633,4258400
3595,356,360,286594,6913,1268993,4424800
3596,338,349,286256,6902,1269342,4233900
3597,334,342,285922,6894,1269684,4209100
3598,334,343,285588,6885,1270027,4219300
3599,342,363,285246,6864,1270390,4221800
3600,335,368,284911,6831,1270758,4284500
3601,353,321,284558,6863,1271079,4329200
3602,322,360,284236,6825,1271439,4370300
3603,325,356,283911,6794,1271795,4349800
3604,338,353,283573,6779,1272148,4267300
3605,363,334,283210,6808,1272482,4258500
3606,353,302,282857,6859,1272784,4314000
3607,399,321,282458,6937,1273105,4270700
3608,327,329,282131,6935,1273434,4211100
3609,316,350,281815,6901,1273784,4305700
3610,355,351,281460,6905,1274135,4961500
3611,330,367,281130,6868,1274502,4254800
3612,365,361,280765,6872,1274863,4228300
3613,333,327,280432,6878,1275190,4571000
3614,358,326,280074,6910,1275516,4232800
3615,360,336,279714,6934,1275852,4234900
3616,322,362,279392,6894,1276214,4497600
3617,341,329,279051,6906,1276543,4508300
3618,387,369,278664,6924,1276912,4302000
3619,360,344,278304,6940,1277256,4213500
3620,346,349,277958,6937,1277605,4223800
3621,370,341,277588,6966,1277946,4157700
3622,366,343,277222,6989,1278289,4110700
3623,365,315,276857,7039,1278604,4078700
3624,345,344,276512,7040,1278948,4574100
3625,354,401,276158,6993,1279349,4135000
3626,351,346,275807,6998,1279695,4070200
3627,340,365,275467,6973,1280060,4046800
3628,331,338,275136,6966,1280398,4415400
3629,332,331,274804,6967,1280729,3980900
3630,300,334,274504,6933,1281063,3992000
3631,327,361,274177,6899,1281424,4059800
3632,340,345,273837,6894,1281769,4295300
3633,329,372,273508,6851,1282141,4232400
3634,337,339,273171,6849,1282480,4208400
3635,302,363,272869,6788,1282843,4620000
3636,348,307,272521,6829,1283150,4158700
3637,329,334,272192,6824,1283484,3980500
3638,299,370,271893,6753,1283854,3983700
3639,346,339,271547,6760,1284193,4104600
3640,346,326,271201,6780,1284519,4073100
3641,315,335,270886,6760,1284854,4036600
3642,321,339,270565,6742,1285193,4013100
3643,326,353,270239,6715,1285546,4174600
3644,319,325,269920,6709,1285871,4089900
3645,331,335,269589,6705,1286206,4087400
3646,314,304,269275,6715,1286510,4014500
3647,329,325,268946,6719,1286835,4683300
3648,343,312,268603,6750,1287147,4093700
3649,327,329,268276,6748,1287476,4127600
3650,301,306,267975,6743,1287782,4222100
3651,292,306,267683,6729,1288088,4146700
3652,306,344,267377,6691,1288432,4079100
3653,319,327,267058,6683,1288759,4054200
3654,319,322,266739,6680,1289081,4085200
3655,319,300,266420,6699,1289381,4061500
3656,323,347,266097,6675,1289728,4033100
3657,297,347,265800,6625,1290075,4005000
3658,350,309,265450,6666,1290384,4115200
3659,330,343,265120,6653,1290727,4217000
3660,302,337,264818,6618,1291064,4185900
3661,308,327,264510,6599,1291391,4168500
3662,295,293,264215,6601,1291684,4275700
3663,303,341,263912,6563,1292025,4729400
3664,299,312,263613,6550,1292337,5099900
3665,342,330,263271,6562,1292667,5387500
3666,339,300,262932,6601,1292967,5075300
3667,324,303,262608,6622,1293270,4776500
3668,337,318,262271,6641,1293588,4988400
3669,331,302,261940,6670,1293890,4705800
3670,353,362,261587,6661,1294252,4611900
3671,358,337,261229,6682,1294589,4858000
3672,316,361,260913,6637,1294950,4594400
3673,360,331,260553,6666,1295281,4551800
3674,311,335,260242,6642,1295616,4553400
3675,314,336,259928,6620,1295952,4892300
3676,334,344,259594,6610,1296296,4768100
3677,320,335,259274,6595,1296631,4413500
3678,320,323,258954,6592,1296954,4416100
3679,357,355,258597,6594,1297309,4301400
3680,342,311,258255,6625,1297620,4258400
3681,310,327,257945,6608,1297947,4246500
3682,322,335,257623,6595,1298282,4463900
3683,324,346,257299,6573,1298628,4983100
3684,297,330,257002,6540,1298958,4544600
3685,320,339,256682,6521,1299297,4785300
3686,314,319,256368,6516,1299616,5170900
3687,316,344,256052,6488,1299960,5004400
3688,345,324,255707,6509,1300284,4987400
3689,343,351,255364,6501,1300635,4816600
3690,338,338,255026,6501,1300973,5445000
3691,317,297,254709,6521,1301270,5504600
3692,346,318,254363,6549,1301588,4968900
3693,330,334,254033,6545,1301922,4511100
3694,297,312,253736,6530,1302234,4737400
3695,333,313,253403,6550,1302547,4448900
3696,358,313,253045,6595,1302860,4405300
3697,323,332,252722,6586,1303192,4949300
3698,327,315,252395,6598,1303507,4624000
3699,300,329,252095,6569,1303836,4414500
3700,333,337,251762,6565,1304173,4366500
3701,330,313,251432,6582,1304486,4522500
3702,317,346,251115,6553,1304832,4872900
3703,325,325,250790,6553,1305157,4465000
3704,335,317,250455,6571,1305474,4674700
3705,337,300,250118,6608,1305774,4896600
3706,331,362,249787,6577,1306136,4668400
3707,324,327,249463,6574,1306463,4748500
3708,293,314,249170,6553,1306777,4624600
3709,325,327,248845,6551,1307104,4736900
3710,296,305,248549,6542,1307409,4799500
3711,328,316,248221,6554,1307725,5014400
3712,336,325,247885,6565,1308050,4506100
3713,348,347,247537,6566,1308397,4464700
3714,289,337,247248,6518,1308734,4521100
3715,319,324,246929,6513,1309058,5054700
3716,314,277,246615,6550,1309335,4575300
3717,335,320,246280,6565,1309655,4662600
3718,290,315,245990,6540,1309970,4574900
3719,310,320,245680,6530,1310290,4487700
3720,333,333,245347,6530,1310623,4497200
3721,279,301,245068,6508,1310924,4985000
3722,313,346,244755,6475,1311270,4699200
3723,334,364,244421,6445,1311634,4806400
3724,305,306,244116,6444,1311940,4857800
3725,346,337,243770,6453,1312277,4694400
3726,317,308,243453,6462,1312585,4579500
3727,321,353,243132,6430,1312938,4673400
3728,321,328,242811,6423,1313266,4479600
3729,334,299,242477,6458,1313565,4592900
3730,326,297,242151,6487,1313862,4594200
3731,304,311,241847,6480,1314173,5001000
3732,310,345,241537,6445,1314518,4954500
3733,301,358,241236,6388,1314876,4863800
3734,303,333,240933,6358,1315209,4737700
3735,304,328,240629,6334,1315537,4820000
3736,329,334,240300,6329,1315871,4709600
3737,277,334,240023,6272,1316205,5196600
3738,278,313,239745,6237,1316518,4806300
3739,301,334,239444,6204,1316852,4799900
3740,301,312,239143,6193,1317164,4575900
3741,289,303,238854,6179,1317467,4494600
3742,269,302,238585,6146,1317769,4425800
3743,306,287,238279,6165,1318056,5049600
3744,318,298,237961,6185,1318354,4948300
3745,285,298,237676,6172,1318652,4589200
3746,318,306,237358,6184,1318958,4550800
3747,316,311,237042,6189,1319269,4498200
3748,319,326,236723,6182,1319595,4462900
3749,310,291,236413,6201,1319886,4550100
3750,303,306,236110,6198,1320192,4526200
3751,321,289,235789,6230,1320481,4566900
3752,309,313,235480,6226,1320794,4385800
3753,330,310,235150,6246,1321104,4380200
3754,329,323,234821,6252,1321427,4519500
3755,319,332,234502,6239,1321759,4575200
3756,308,282,234194,6265,1322041,4543400
3757,306,315,233888,6256,1322356,4408000
3758,322,291,233566,6287,1322647,4445700
3759,314,286,233252,6315,1322933,4413200
3760,299,308,232953,6306,1323241,4482100
3761,297,314,232656,6289,1323555,4540900
3762,319,332,232337,6276,1323887,4512700
3763,291,301,232046,6266,1324188,4433000
3764,334,336,231712,6264,1324524,4514000
3765,298,339,231414,6223,1324863,4531900
3766,313,310,231101,6226,1325173,4506000
3767,297,317,230804,6206,1325490,4356800
3768,292,275,230512,6223,1325765,4405300
3769,336,296,230176,6263,1326061,4348800
3770,343,290,229833,6316,1326351,4375900
3771,311,349,229522,6278,1326700,4414800
3772,299,300,229223,6277,1327000,4884300
3773,278,321,228945,6234,1327321,4824200
3774,310,284,228635,6260,1327605,5295300
3775,294,312,228341,6242,1327917,5762700
3776,318,322,228023,6238,1328239,6173300
3777,313,299,227710,6252,1328538,6147800
3778,317,318,227393,6251,1328856,5655200
3779,289,299,227104,6241,1329155,4936300
3780,293,321,226811,6213,1329476,5203600
3781,305,318,226506,6200,1329794,4878900
3782,285,316,226221,6169,1330110,5497100
3783,316,307,225905,6178,1330417,5468600
3784,293,309,225612,6162,1330726,4572700
3785,273,299,225339,6136,1331025,4505700
3786,280,322,225059,6094,1331347,4614800
3787,305,304,224754,6095,1331651,4848800
3788,304,295,224450,6104,1331946,4659100
3789,295,321,224155,6078,1332267,4424200
3790,263,294,223892,6047,1332561,4881800
3791,301,302,223591,6046,1332863,4494100
3792,285,286,223306,6045,1333149,4549200
3793,308,292,222998,6061,1333441,4584300
3794,275,302,222723,6034,1333743,5685700
3795,288,288,222435,6034,1334031,4479800
3796,303,303,222132,6034,1334334,4427200
3797,277,323,221855,5988,1334657,4486300
3798,277,286,221578,5979,1334943,4432200
3799,306,302,221272,5983,1335245,4578300
3800,301,282,220971,6002,1335527,4379700
3801,294,310,220677,5986,1335837,4374500
3802,307,303,220370,5990,1336140,4296800
3803,297,296,220073,5991,1336436,4399800
3804,302,306,219771,5987,1336742,4810500
3805,286,294,219485,5979,1337036,4342000
3806,260,275,219225,5964,1337311,4314200
3807,300,328,218925,5936,1337639,4381800
3808,296,304,218629,5928,1337943,4478100
3809,289,312,218340,5905,1338255,4358800
3810,283,298,218057,5890,1338553,4323000
3811,257,284,217800,5863,1338837,4352700
3812,253,299,217547,5817,1339136,4264300
3813,266,303,217281,5780,1339439,4353100
3814,280,255,217001,5805,1339694,4346700
3815,293,315,216708,5783,1340009,4430200
3816,271,301,216437,5753,1340310,4294000
3817,261,319,216176,5695,1340629,4354600
3818,260,286,215916,5669,1340915,4409200
3819,276,242,215640,5703,1341157,4349600
3820,308,292,215332,5719,1341449,4404300
3821,273,290,215059,5702,1341739,4343900
3822,302,290,214757,5714,1342029,4378100
3823,301,259,214456,5756,1342288,4443700
3824,300,257,214156,5799,1342545,4367100
3825,285,285,213871,5799,1342830,4684900
3826,292,293,213579,5798,1343123,4358200
3827,300,298,213279,5800,1343421,4336500
3828,264,296,213015,5768,1343717,4308700
3829,270,286,212745,5752,1344003,4329200
3830,269,284,212476,5737,1344287,4501500
3831,311,283,212165,5765,1344570,4261000
3832,260,295,211905,5730,1344865,4469800
3833,280,280,211625,5730,1345145,4455300
3834,281,314,211344,5697,1345459,4413100
3835,281,286,211063,5692,1345745,4350000
3836,293,254,210770,5731,1345999,4655600
3837,282,288,210488,5725,1346287,4624900
3838,269,273,210219,5721,1346560,4611900
3839,264,304,209955,5681,1346864,4487300
3840,253,289,209702,5645,1347153,4690800
3841,290,274,209412,5661,1347427,4443300
3842,262,271,209150,5652,1347698,4366500
3843,279,285,208871,5646,1347983,4751400
3844,283,292,208588,5637,1348275,4670900
3845,309,270,208279,5676,1348545,4464800
3846,310,282,207969,5704,1348827,4511300
3847,268,276,207701,5696,1349103,4488200
3848,294,288,207407,5702,1349391,4445200
3849,271,279,207136,5694,1349670,4503200
3850,303,311,206833,5686,1349981,4602100
3851,268,287,206565,5667,1350268,4790700
3852,290,273,206275,5684,1350541,4394200
3853,253,247,206022,5690,1350788,4415700
3854,249,277,205773,5662,1351065,4590400
3855,258,283,205515,5637,1351348,4446600
3856,290,292,205225,5635,1351640,4392300
3857,260,289,204965,5606,1351929,4516700
3858,294,273,204671,5627,1352202,4318700
3859,264,296,204407,5595,1352498,4580600
3860,278,276,204129,5597,1352774,4432000
3861,238,269,203891,5566,1353043,4360800
3862,265,297,203626,5534,1353340,4327000
3863,272,283,203354,5523,1353623,4329000
3864,259,271,203095,5511,1353894,4749300
3865,243,300,202852,5454,1354194,4454700
3866,263,289,202589,5428,1354483,4358700
3867,302,281,202287,5449,1354764,4454500
3868,258,258,202029,5449,1355022,4661800
3869,261,277,201768,5433,1355299,5164500
3870,248,257,201520,5424,1355556,4679100
3871,238,277,201282,5385,1355833,4417000
3872,262,258,201020,5389,1356091,4319800
3873,245,266,200775,5368,1356357,4389900
3874,261,273,200514,5356,1356630,4473400
3875,251,261,200263,5346,1356891,4725200
3876,251,286,200012,5311,1357177,4566700
3877,241,300,199771,5252,1357477,4475400
3878,268,276,199503,5244,1357753,4511000
3879,251,257,199252,5238,1358010,4621500
3880,231,278,199021,5191,1358288,4596500
3881,230,241,198791,5180,1358529,4822200
3882,233,235,198558,5178,1358764,4617500
3883,276,238,198282,5216,1359002,4474300
3884,259,266,198023,5209,1359268,4824500
3885,237,282,197786,5164,1359550,4345700
3886,259,270,197527,5153,1359820,4408200
3887,255,241,197272,5167,1360061,4432000
3888,250,270,197022,5147,1360331,4503300
3889,248,264,196774,5131,1360595,4629200
3890,228,263,196546,5096,1360858,4842900
3891,259,264,196287,5091,1361122,4403300
3892,244,267,196043,5068,1361389,4426600
3893,244,237,195799,5075,1361626,4418000
3894,248,263,195551,5060,1361889,4359700
3895,268,275,195283,5053,1362164,4446100
3896,262,264,195021,5051,1362428,4226300
3897,252,261,194769,5042,1362689,4402500
3898,270,254,194499,5058,1362943,4251700
3899,244,266,194255,5036,1363209,4306200
3900,259,257,193996,5038,1363466,4248200
3901,248,247,193748,5039,1363713,4258000
3902,256,259,193492,5036,1363972,4393200
3903,261,241,193231,5056,1364213,4288900
3904,213,268,193018,5001,1364481,4231500
3905,253,242,192765,5012,1364723,4199300
3906,253,228,192512,5037,1364951,5029000
3907,254,276,192258,5015,1365227,4592100
3908,250,250,192008,5015,1365477,4320800
3909,244,256,191764,5003,1365733,4711500
3910,239,258,191525,4984,1365991,4277200
3911,245,232,191280,4997,1366223,4233200
3912,250,255,191030,4992,1366478,4254600
3913,244,246,190786,4990,1366724,4974900
3914,253,227,190533,5016,1366951,5033400
3915,228,258,190305,4986,1367209,4270200
3916,243,240,190062,4989,1367449,4269700
3917,234,248,189828,4975,1367697,4319200
3918,268,246,189560,4997,1367943,4208900
3919,247,237,189313,5007,1368180,4242600
3920,251,277,189062,4981,1368457,4474200
3921,228,259,188834,4950,1368716,4256000
3922,250,260,188584,4940,1368976,4300900
3923,253,221,188331,4972,1369197,4247900
3924,223,256,188108,4939,1369453,4287100
3925,237,256,187871,4920,1369709,4267900
3926,221,217,187650,4924,1369926,4325700
3927,239,249,187411,4914,1370175,4401500
3928,247,229,187164,4932,1370404,4200900
3929,239,248,186925,4923,1370652,4174200
3930,245,280,186680,4888,1370932,4259300
3931,215,230,186465,4873,1371162,4706400
3932,246,262,186219,4857,1371424,4154300
3933,230,221,185989,4866,1371645,4146000
3934,257,237,185732,4886,1371882,4523500
3935,253,274,185479,4865,1372156,4470300
3936,250,239,185229,4876,1372395,4269100
3937,254,229,184975,4901,1372624,4257900
3938,227,242,184748,4886,1372866,5049300
3939,232,228,184516,4890,1373094,4288700
3940,235,217,184281,4908,1373311,4341900
3941,253,250,184028,4911,1373561,4286400
3942,285,256,183743,4940,1373817,4234800
3943,221,259,183522,4902,1374076,4142700
3944,258,235,183264,4925,1374311,4263400
3945,278,231,182986,4972,1374542,4537500
3946,256,249,182730,4979,1374791,4235700
3947,264,212,182466,5031,1375003,4166100
3948,270,268,182196,5033,1375271,4207300
3949,255,267,181941,5021,1375538,4780500
3950,266,273,181675,5014,1375811,4401800
3951,240,260,181435,4994,1376071,4341300
3952,258,231,181177,5021,1376302,4535800
3953,259,266,180918,5014,1376568,4566300
3954,251,258,180667,5007,1376826,4614800
3955,300,234,180367,5073,1377060,4544700
3956,239,242,180128,5070,1377302,4320800
3957,248,258,179880,5060,1377560,4237600
3958,237,255,179643,5042,1377815,4210400
3959,271,265,179372,5048,1378080,4302900
3960,249,258,179123,5039,1378338,4281900
3961,261,231,178862,5069,1378569,4195000
3962,248,288,178614,5029,1378857,4166000
3963,236,245,178378,5020,1379102,4335300
3964,241,244,178137,5017,1379346,4223200
3965,240,266,177897,4991,1379612,4198600
3966,253,263,177644,4981,1379875,4149500
3967,245,240,177399,4986,1380115,4352100
3968,247,263,177152,4970,1380378,4435900
3969,268,231,176884,5007,1380609,4161400
3970,261,247,176623,5021,1380856,4186000
3971,262,268,176361,5015,1381124,4557200
3972,271,231,176090,5055,1381355,4283000
3973,244,231,175846,5068,1381586,4233200
3974,260,255,175586,5073,1381841,4819400
3975,256,249,175330,5080,1382090,4212000
3976,249,244,175081,5085,1382334,4193400
3977,230,253,174851,5062,1382587,4248500
3978,261,252,174590,5071,1382839,4646200
3979,259,267,174331,5063,1383106,4184100
3980,279,259,174052,5083,1383365,4145400
3981,241,265,173811,5059,1383630,4385700
3982,246,289,173565,5016,1383919,4210500
3983,265,251,173300,5030,1384170,4163400
3984,246,244,173054,5032,1384414,4159200
3985,254,247,172800,5039,1384661,4923400
3986,225,247,172575,5017,1384908,4837600
3987,246,249,172329,5014,1385157,4244200
3988,271,267,172058,5018,1385424,4197700
3989,240,251,171818,5007,1385675,4162900
3990,268,251,171550,5024,1385926,4215700
3991,250,268,171300,5006,1386194,4676600
3992,226,244,171074,4988,1386438,4435700
3993,262,259,170812,4991,1386697,4360100
3994,246,257,170566,4980,1386954,4203300
3995,242,258,170324,4964,1387212,4311300
3996,224,207,170100,4981,1387419,4567900
3997,238,266,169862,4953,1387685,4291100
3998,238,260,169624,4931,1387945,4293100
3999,234,246,169390,4919,1388191,4572800
4000,226,233,169164,4912,1388424,4530500
4001,240,246,168924,4906,1388670,4529900
4002,250,232,168674,4924,1388902,4520400
4003,232,234,168442,4922,1389136,4211100
4004,246,272,168196,4896,1389408,4159700
4005,263,246,167933,4913,1389654,4278500
4006,266,248,167667,4931,1389902,4509600
4007,242,239,167425,4934,1390141,4489400
4008,261,266,167164,4929,1390407,4626500
4009,247,234,166917,4942,1390641,5000300
4010,236,230,166681,4948,1390871,5376800
4011,238,264,166443,4922,1391135,5262200
4012,269,236,166174,4955,1391371,4614200
4013,250,236,165924,4969,1391607,4454300
4014,239,258,165685,4950,1391865,4386600
4015,250,240,165435,4960,1392105,4763500
4016,248,239,165187,4969,1392344,4795800
4017,212,281,164975,4900,1392625,4312600
4018,204,242,164771,4862,1392867,4579800
4019,250,234,164521,4878,1393101,5157000
4020,254,246,164267,4886,1393347,4618700
4021,227,246,164040,4867,1393593,4242500
4022,216,256,163824,4827,1393849,4356300
4023,249,277,163575,4799,1394126,4376400
4024,224,250,163351,4773,1394376,4218900
4025,256,245,163095,4784,1394621,4133700
4026,235,225,162860,4794,1394846,4201800
4027,264,245,162596,4813,1395091,4203100
4028,257,211,162339,4859,1395302,4226300
4029,258,248,162081,4869,1395550,4141300
4030,247,229,161834,4887,1395779,4555300
4031,246,236,161588,4897,1396015,4212300
4032,258,248,161330,4907,1396263,4275300
4033,242,238,161088,4911,1396501,4304000
4034,230,275,160858,4866,1396776,4326900
4035,242,234,160616,4874,1397010,4227300
4036,259,249,160357,4884,1397259,4342700
4037,254,249,160103,4889,1397508,4602900
4038,245,239,159858,4895,1397747,4164200
4039,231,240,159627,4886,1397987,4144300
4040,205,259,159422,4832,1398246,4164800
4041,205,262,159217,4775,1398508,4521200
4042,229,268,158988,4736,1398776,4232700
4043,218,233,158770,4721,1399009,4193700
4044,196,243,158574,4674,1399252,4190000
4045,199,238,158375,4635,1399490,4925400
4046,218,242,158157,4611,1399732,4366200
4047,213,232,157944,4592,1399964,4267300
4048,233,225,157711,4600,1400189,4454500
4049,194,227,157517,4567,1400416,4140700
4050,233,229,157284,4571,1400645,4258800
4051,237,237,157047,4571,1400882,4253900
4052,244,211,156803,4604,1401093,4161300
4053,217,229,156586,4592,1401322,4119900
4054,229,228,156357,4593,1401550,4253800
4055,222,204,156135,4611,1401754,4208800
4056,222,216,155913,4617,1401970,4158200
4057,210,238,155703,4589,1402208,4133300
4058,234,221,155469,4602,1402429,4221100
4059,209,223,155260,4588,1402652,4280400
4060,217,224,155043,4581,1402876,4123400
4061,244,249,154799,4576,1403125,4192700
4062,219,237,154580,4558,1403362,4237900
4063,205,229,154375,4534,1403591,4330100
4064,194,252,154181,4476,1403843,4139000
4065,233,262,153948,4447,1404105,4101500
4066,214,225,153734,4436,1404330,4250500
4067,220,209,153514,4447,1404539,4214500
4068,212,214,153302,4445,1404753,4151100
4069,225,192,153077,4478,1404945,4163700
4070,228,228,152849,4478,1405173,4638800
4071,228,231,152621,4475,1405404,4351500
4072,234,227,152387,4482,1405631,4223500
4073,196,229,152191,4449,1405860,4191500
4074,241,211,151950,4479,1406071,4177500
4075,204,213,151746,4470,1406284,4433400
4076,219,220,151527,4469,1406504,4221300
4077,225,229,151302,4465,1406733,4542600
4078,201,226,151101,4440,1406959,4206800
4079,203,216,150898,4427,1407175,4190100
4080,204,225,150694,4406,1407400,4355300
4081,223,203,150471,4426,1407603,4527700
4082,196,197,150275,4425,1407800,4106400
4083,246,213,150029,4458,1408013,4078900
4084,213,193,149816,4478,1408206,4433000
4085,214,216,149602,4476,1408422,4349400
4086,220,207,149382,4489,1408629,4088400
4087,207,231,149175,4465,1408860,4330100
4088,231,220,148944,4476,1409080,4204700
4089,232,228,148712,4480,1409308,4204200
4090,219,227,148493,4472,1409535,4071400
4091,223,211,148270,4484,1409746,4126100
4092,207,224,148063,4467,1409970,4277700
4093,219,208,147844,4478,1410178,4239300
4094,255,221,147589,4512,1410399,4205300
4095,232,218,147357,4526,1410617,4266000
4096,193,230,147164,4489,1410847,4219600
4097,207,226,146957,4470,1411073,4227100
4098,223,232,146734,4461,1411305,4140600
4099,229,201,146505,4489,1411506,4205000
4100,229,198,146276,4520,1411704,4123100
4101,218,222,146058,4516,1411926,4210500
4102,203,225,145855,4494,1412151,4292900
4103,226,231,145629,4489,1412382,4156000
4104,237,226,145392,4500,1412608,4109200
4105,197,214,145195,4483,1412822,4336600
4106,207,227,144988,4463,1413049,4683000
4107,199,217,144789,4445,1413266,4325100
4108,206,235,144583,4416,1413501,4411900
4109,205,223,144378,4398,1413724,4201600
4110,191,239,144187,4350,1413963,4791700
4111,230,207,143957,4373,1414170,4395500
4112,212,191,143745,4394,1414361,4209600
4113,216,241,143529,4369,1414602,4170700
4114,211,207,143318,4373,1414809,4210900
4115,199,253,143119,4319,1415062,4222500
4116,218,189,142901,4348,1415251,4166400
4117,191,222,142710,4317,1415473,4451800
4118,222,201,142488,4338,1415674,4524800
4119,197,218,142291,4317,1415892,4495000
4120,205,226,142086,4296,1416118,4419300
4121,230,227,141856,4299,1416345,4313400
4122,218,208,141638,4309,1416553,4322200
4123,221,222,141417,4308,1416775,4320300
4124,194,219,141223,4283,1416994,4533800
4125,216,236,141007,4263,1417230,4347600
4126,224,250,140783,4237,1417480,4190700
4127,215,224,140568,4228,1417704,4244000
4128,241,215,140327,4254,1417919,4595500
4129,215,213,140112,4256,1418132,4403900
4130,216,217,139896,4255,1418349,4236300
4131,233,209,139663,4279,1418558,4473500
4132,192,224,139471,4247,1418782,4193100
4133,209,204,139262,4252,1418986,4308900
4134,234,203,139028,4283,1419189,4467500
4135,209,209,138819,4283,1419398,4201700
4136,229,249,138590,4263,1419647,4354900
4137,205,197,138385,4271,1419844,4200800
4138,209,216,138176,4264,1420060,4623200
4139,203,219,137973,4248,1420279,4590700
4140,206,213,137767,4241,1420492,4209900
4141,208,190,137559,4259,1420682,4251300
4142,183,203,137376,4239,1420885,4305600
4143,231,215,137145,4255,1421100,4280500
4144,193,233,136952,4215,1421333,4190700
4145,208,212,136744,4211,1421545,4223400
4146,225,190,136519,4246,1421735,4602800
4147,200,199,136319,4247,1421934,4478100
4148,222,207,136097,4262,1422141,4326200
4149,236,208,135861,4290,1422349,4220600
4150,237,217,135624,4310,1422566,4219700
4151,222,195,135402,4337,1422761,4286100
4152,208,211,135194,4334,1422972,4375000
4153,233,208,134961,4359,1423180,4228000
4154,220,220,134741,4359,1423400,4271900
4155,208,259,134533,4308,1423659,4319300
4156,244,242,134289,4310,1423901,4650400
4157,234,214,134055,4330,1424115,4528500
4158,238,234,133817,4334,1424349,4479700
4159,221,207,133596,4348,1424556,4515900
4160,224,214,133372,4358,1424770,4706700
4161,223,209,133149,4372,1424979,4254600
4162,211,214,132938,4369,1425193,4319400
4163,211,217,132727,4363,1425410,4289000
4164,239,209,132488,4393,1425619,4095200
4165,223,216,132265,4400,1425835,4113900
4166,217,235,132048,4382,1426070,4174300
4167,214,224,131834,4372,1426294,4058900
4168,226,208,131608,4390,1426502,4066200
4169,203,211,131405,4382,1426713,4150200
4170,213,213,131192,4382,1426926,4191700
4171,201,224,130991,4359,1427150,4065800
4172,202,221,130789,4340,1427371,4109400
4173,216,221,130573,4335,1427592,4113500
4174,188,200,130385,4323,1427792,4400500
4175,210,211,130175,4322,1428003,4057700
4176,216,200,129959,4338,1428203,4381900
4177,216,219,129743,4335,1428422,4112900
4178,211,207,129532,4339,1428629,4767400
4179,218,227,129314,4330,1428856,4105900
4180,202,223,129112,4309,1429079,4067200
4181,195,235,128917,4269,1429314,4074800
4182,211,248,128706,4232,1429562,4169300
4183,213,217,128493,4228,1429779,4058300
4184,203,198,128290,4233,1429977,4070200
4185,217,221,128073,4229,1430198,4423100
4186,213,194,127860,4248,1430392,4269200
4187,201,205,127659,4244,1430597,4093500
4188,221,209,127438,4256,1430806,4050000
4189,212,183,127226,4285,1430989,4098400
4190,209,188,127017,4306,1431177,4279600
4191,224,216,126793,4314,1431393,4274400
4192,191,233,126602,4272,1431626,4467100
4193,209,214,126393,4267,1431840,4556900
4194,207,234,126186,4240,1432074,4252600
4195,217,209,125969,4248,1432283,4307100
4196,207,208,125762,4247,1432491,4124300
4197,196,220,125566,4223,1432711,4131100
4198,208,213,125358,4218,1432924,4069200
4199,228,224,125130,4222,1433148,4439700
4200,214,217,124916,4219,1433365,4436500
4201,229,226,124687,4222,1433591,4234000
4202,196,218,124491,4200,1433809,4176000
4203,193,234,124298,4159,1434043,4304900
4204,211,202,124087,4168,1434245,4580900
4205,190,188,123897,4170,1434433,4414900
4206,231,226,123666,4175,1434659,4218900
4207,204,195,123462,4184,1434854,4770200
4208,196,211,123266,4169,1435065,4172700
4209,207,202,123059,4174,1435267,4089500
4210,211,211,122848,4174,1435478,4059300
4211,193,201,122655,4166,1435679,4623700
4212,207,197,122448,4176,1435876,4326500
4213,187,223,122261,4140,1436099,4483000
4214,202,203,122059,4139,1436302,4457400
4215,224,231,121835,4132,1436533,4103600
4216,185,227,121650,4090,1436760,4082400
4217,193,180,121457,4103,1436940,4180200
4218,206,210,121251,4099,1437150,4128800
4219,175,202,121076,4072,1437352,4063100
4220,209,201,120867,4080,1437553,4052900
4221,184,185,120683,4079,1437738,4163600
4222,209,203,120474,4085,1437941,4242500
4223,198,214,120276,4069,1438155,4098800
4224,198,218,120078,4049,1438373,4067000
4225,188,166,119890,4071,1438539,4221700
4226,185,207,119705,4049,1438746,4466800
4227,185,198,119520,4036,1438944,4701900
4228,208,189,119312,4055,1439133,4196900
4229,179,206,119133,4028,1439339,4475800
4230,212,169,118921,4071,1439508,4782800
4231,206,197,118715,4080,1439705,4340000
4232,208,207,118507,4081,1439912,4406200
4233,211,202,118296,4090,1440114,4247700
4234,198,189,118098,4099,1440303,4207900
4235,208,215,117890,4092,1440518,4581000
4236,192,246,117698,4038,1440764,4604900
4237,214,199,117484,4053,1440963,4087400
4238,217,207,117267,4063,1441170,4049500
4239,189,194,117078,4058,1441364,4138000
4240,191,209,116887,4040,1441573,4066700
4241,215,206,116672,4049,1441779,4044600
4242,182,187,116490,4044,1441966,4049200
4243,224,208,116266,4060,1442174,4317600
4244,209,185,116057,4084,1442359,4650100
4245,228,204,115829,4108,1442563,4163000
4246,197,231,115632,4074,1442794,4089300
4247,200,202,115432,4072,1442996,4407300
4248,177,187,115255,4062,1443183,4161300
4249,214,213,115041,4063,1443396,4142600
4250,192,218,114849,4037,1443614,4092700
4251,209,188,114640,4058,1443802,4251400
4252,211,199,114429,4070,1444001,4240600
4253,194,199,114235,4065,1444200,4197900
4254,184,190,114051,4059,1444390,4186300
4255,195,194,113856,4060,1444584,4184000
4256,220,185,113636,4095,1444769,4137000
4257,189,186,113447,4098,1444955,4099600
4258,197,196,113250,4099,1445151,4075500
4259,207,210,113043,4096,1445361,4117600
4260,199,220,112844,4075,1445581,4112800
4261,188,191,112656,4072,1445772,4020400
4262,178,198,112478,4052,1445970,4367500
4263,187,183,112291,4056,1446153,4143900
4264,186,214,112105,4028,1446367,4144000
4265,186,196,111919,4018,1446563,4015100
4266,172,203,111747,3987,1446766,4077900
4267,188,190,111559,3985,1446956,4238500
4268,184,218,111375,3951,1447174,4119900
4269,183,200,111192,3934,1447374,4137600
4270,196,213,110996,3917,1447587,4053800
4271,188,185,110808,3920,1447772,4166500
4272,180,191,110628,3909,1447963,4067300
4273,205,200,110423,3914,1448163,4137300
4274,212,194,110211,3932,1448357,4252400
4275,187,200,110024,3919,1448557,4155200
4276,165,195,109859,3889,1448752,4062500
4277,194,156,109665,3927,1448908,4220100
4278,195,197,109470,3925,1449105,4044900
4279,200,209,109270,3916,1449314,4164600
4280,174,203,109096,3887,1449517,4094000
4281,171,200,108925,3858,1449717,4201700
4282,199,205,108726,3852,1449922,4030600
4283,200,195,108526,3857,1450117,4140700
4284,182,207,108344,3832,1450324,4278700
4285,187,183,108157,3836,1450507,4310800
4286,168,208,107989,3796,1450715,4164600
4287,177,194,107812,3779,1450909,4210900
4288,182,193,107630,3768,1451102,4282600
4289,186,201,107444,3753,1451303,4213000
4290,157,169,107287,3741,1451472,4209300
4291,182,202,107105,3721,1451674,4233100
4292,171,193,106934,3699,1451867,4134400
4293,183,191,106751,3691,1452058,4041700
4294,185,184,106566,3692,1452242,4004200
4295,174,192,106392,3674,1452434,4141500
4296,161,172,106231,3663,1452606,4132800
4297,155,179,106076,3639,1452785,4003100
4298,165,171,105911,3633,1452956,4026700
4299,167,168,105744,3632,1453124,4100600
4300,161,175,105583,3618,1453299,4084500
4301,179,187,105404,3610,1453486,4028100
4302,150,164,105254,3596,1453650,4022800
4303,152,178,105102,3570,1453828,4107700
4304,175,182,104927,3563,1454010,4052100
4305,147,197,104780,3513,1454207,3991300
4306,166,184,104614,3495,1454391,4074300
4307,172,152,104442,3515,1454543,4078500
4308,158,164,104284,3509,1454707,4019300
4309,163,191,104121,3481,1454898,4006300
4310,153,177,103968,3457,1455075,4142800
4311,146,191,103822,3412,1455266,4111500
4312,138,189,103684,3361,1455455,4051000
4313,163,170,103521,3354,1455625,4083400
4314,160,180,103361,3334,1455805,4098700
4315,173,178,103188,3329,1455983,4234300
4316,142,161,103046,3310,1456144,4078000
4317,148,146,102898,3312,1456290,3992700
4318,151,151,102747,3312,1456441,4091400
4319,155,166,102592,3301,1456607,4043200
4320,136,165,102456,3272,1456772,3990900
4321,145,150,102311,3267,1456922,4055200
4322,172,156,102139,3283,1457078,4107700
4323,200,165,101939,3318,1457243,4579800
4324,154,173,101785,3299,1457416,3996800
4325,136,162,101649,3273,1457578,5030700
4326,140,158,101509,3255,1457736,6576200
4327,163,169,101346,3249,1457905,4898700
4328,173,158,101173,3264,1458063,5634800
4329,173,175,101000,3262,1458238,4676000
4330,141,184,100859,3219,1458422,4335600
4331,176,158,100683,3237,1458580,4664100
4332,158,137,100525,3258,1458717,5514700
4333,162,160,100363,3260,1458877,5005200
4334,160,174,100203,3246,1459051,4361200
4335,149,160,100054,3235,1459211,4390600
4336,167,172,99887,3230,1459383,4341100
4337,159,173,99728,3216,1459556,4234700
4338,159,157,99569,3218,1459713,4406800
4339,168,165,99401,3221,1459878,4277200
4340,162,157,99239,3226,1460035,4383700
4341,185,191,99054,3220,1460226,4155900
4342,167,156,98887,3231,1460382,4149600
4343,160,163,98727,3228,1460545,4167500
4344,176,165,98551,3239,1460710,4156900
4345,174,174,98377,3239,1460884,4369400
4346,151,185,98226,3205,1461069,4235300
4347,144,173,98082,3176,1461242,4332900
4348,186,151,97896,3211,1461393,4163300
4349,144,167,97752,3188,1461560,4289800
4350,149,163,97603,3174,1461723,4320800
4351,154,179,97449,3149,1461902,4090100
4352,172,139,97277,3182,1462041,4051500
4353,142,184,97135,3140,1462225,4166700
4354,165,147,96970,3158,1462372,4232100
4355,171,150,96799,3179,1462522,4070300
4356,148,139,96651,3188,1462661,4067000
4357,161,177,96490,3172,1462838,4167900
4358,147,168,96343,3151,1463006,4313100
4359,162,171,96181,3142,1463177,4021200
4360,164,153,96017,3153,1463330,3949900
4361,175,142,95842,3186,1463472,4127000
4362,164,153,95678,3197,1463625,3994800
4363,151,190,95527,3158,1463815,4022200
4364,140,150,95387,3148,1463965,3965700
4365,172,170,95215,3150,1464135,4104800
4366,160,154,95055,3156,1464289,4000900
4367,182,167,94873,3171,1464456,3960100
4368,162,146,94711,3187,1464602,4077400
4369,176,149,94535,3214,1464751,4064000
4370,177,162,94358,3229,1464913,4010400
4371,145,181,94213,3193,1465094,3978400
4372,167,153,94046,3207,1465247,4061100
4373,137,125,93909,3219,1465372,4092600
4374,164,159,93745,3224,1465531,4008000
4375,159,150,93586,3233,1465681,4019000
4376,161,154,93425,3240,1465835,4108000
4377,171,173,93254,3238,1466008,4079000
4378,174,168,93080,3244,1466176,4037300
4379,178,170,92902,3252,1466346,4001900
4380,166,171,92736,3247,1466517,4019000
4381,150,155,92586,3242,1466672,4092200
4382,162,166,92424,3238,1466838,3971400
4383,167,151,92257,3254,1466989,4072500
4384,164,178,92093,3240,1467167,4139600
4385,164,167,91929,3237,1467334,4061300
4386,156,164,91773,3229,1467498,3981900
4387,158,171,91615,3216,1467669,4064500
4388,152,165,91463,3203,1467834,4132900
4389,145,149,91318,3199,1467983,4053300
4390,129,152,91189,3176,1468135,4002500
4391,139,163,91050,3152,1468298,4120100
4392,148,157,90902,3143,1468455,4276900
4393,150,168,90752,3125,1468623,3986500
4394,154,134,90598,3145,1468757,3968000
4395,147,165,90451,3127,1468922,4008600
4396,145,164,90306,3108,1469086,4187600
4397,142,133,90164,3117,1469219,3966200
4398,167,169,89997,3115,1469388,4061100
4399,148,157,89849,3106,1469545,3981100
4400,145,154,89704,3097,1469699,4171700
4401,137,171,89567,3063,1469870,3980100
4402,126,142,89441,3047,1470012,4063000
4403,143,135,89298,3055,1470147,3984800
4404,121,157,89177,3019,1470304,4126500
4405,136,153,89041,3002,1470457,4112800
4406,123,144,88918,2981,1470601,4233200
4407,143,150,88775,2974,1470751,4098200
4408,129,151,88646,2952,1470902,4274100
4409,130,134,88516,2948,1471036,4258900
4410,158,131,88358,2975,1471167,4309900
4411,128,133,88230,2970,1471300,4209700
4412,114,157,88116,2927,1471457,4094500
4413,142,134,87974,2935,1471591,4065500
4414,136,167,87838,2904,1471758,4239400
4415,118,158,87720,2864,1471916,4415000
4416,133,133,87587,2864,1472049,4169800
4417,130,141,87457,2853,1472190,4047300
4418,129,132,87328,2850,1472322,4264300
4419,114,144,87214,2820,1472466,4648600
4420,129,151,87085,2798,1472617,4374100
4421,132,158,86953,2772,1472775,5099400
4422,132,150,86821,2754,1472925,4366600
4423,125,139,86696,2740,1473064,4236100
4424,107,135,86589,2712,1473199,4105000
4425,133,121,86456,2724,1473320,4036400
4426,113,129,86343,2708,1473449,4125500
4427,123,125,86220,2706,1473574,4123000
4428,114,125,86106,2695,1473699,4148900
4429,126,138,85980,2683,1473837,4588800
4430,131,142,85849,2672,1473979,4306700
4431,93,132,85756,2633,1474111,4080200
4432,138,134,85618,2637,1474245,4113500
4433,119,134,85499,2622,1474379,4275700
4434,137,132,85362,2627,1474511,4837800
4435,110,132,85252,2605,1474643,4485100
4436,126,120,85126,2611,1474763,4696600
4437,127,126,84999,2612,1474889,4432500
4438,135,151,84864,2596,1475040,4339900
4439,122,137,84742,2581,1475177,4109500
4440,130,152,84612,2559,1475329,4214400
4441,126,122,84486,2563,1475451,4516600
4442,105,115,84381,2553,1475566,4431500
4443,144,114,84237,2583,1475680,4329700
4444,129,147,84108,2565,1475827,4738000
4445,127,127,83981,2565,1475954,4230100
4446,123,136,83858,2552,1476090,4143000
4447,123,119,83735,2556,1476209,4285800
4448,118,129,83617,2545,1476338,4621600
4449,116,129,83501,2532,1476467,4347800
4450,114,144,83387,2502,1476611,4223900
4451,121,122,83266,2501,1476733,4621700
4452,115,129,83151,2487,1476862,4196500
4453,129,137,83022,2479,1476999,4090000
4454,119,121,82903,2477,1477120,4189100
4455,122,123,82781,2476,1477243,4315200
4456,124,112,82657,2488,1477355,3973300
4457,113,111,82544,2490,1477466,3902900
4458,108,125,82436,2473,1477591,3951400
4459,133,132,82303,2474,1477723,4244400
4460,111,116,82192,2469,1477839,4123800
4461,128,117,82064,2480,1477956,3932400
4462,130,125,81934,2485,1478081,4074800
4463,112,120,81822,2477,1478201,4349900
4464,121,126,81701,2472,1478327,4083800
4465,101,112,81600,2461,1478439,4062400
4466,133,132,81467,2462,1478571,4249900
4467,126,126,81341,2462,1478697,4802000
4468,121,117,81220,2466,1478814,4156700
4469,134,107,81086,2493,1478921,4292700
4470,113,123,80973,2483,1479044,5189700
4471,112,124,80861,2471,1479168,3985200
4472,138,109,80723,2500,1479277,4062800
4473,138,115,80585,2523,1479392,3988700
4474,122,142,80463,2503,1479534,3971200
4475,98,135,80365,2466,1479669,3941900
4476,121,120,80244,2467,1479789,3959000
4477,117,124,80127,2460,1479913,4022700
4478,106,119,80021,2447,1480032,3918700
4479,129,122,79892,2454,1480154,4021700
4480,120,107,79772,2467,1480261,3977600
4481,128,139,79644,2456,1480400,4027800
4482,108,112,79536,2452,1480512,3966100
4483,127,132,79409,2447,1480644,4055900
4484,124,107,79285,2464,1480751,3971900
4485,103,107,79182,2460,1480858,3958000
4486,118,119,79064,2459,1480977,4134500
4487,127,118,78937,2468,1481095,3963000
4488,127,144,78810,2451,1481239,4023800
4489,92,124,78718,2419,1481363,3924100
4490,117,132,78601,2404,1481495,4035500
4491,124,129,78477,2399,1481624,3952300
4492,111,100,78366,2410,1481724,4490700
4493,110,119,78256,2401,1481843,4324400
4494,102,117,78154,2386,1481960,4037100
4495,116,110,78038,2392,1482070,3910700
4496,109,115,77929,2386,1482185,3951300
4497,119,130,77810,2375,1482315,3989500
4498,123,120,77687,2378,1482435,4031500
4499,125,127,77562,2376,1482562,3941200
4500,140,119,77422,2397,1482681,3966500
4501,103,103,77319,2397,1482784,4149700
4502,128,107,77191,2418,1482891,4042200
4503,137,128,77054,2427,1483019,4142300
4504,117,117,76937,2427,1483136,4358700
4505,110,96,76827,2441,1483232,4128000
4506,98,134,76729,2405,1483366,4016300
4507,119,114,76610,2410,1483480,3996000
4508,117,122,76493,2405,1483602,3976200
4509,115,125,76378,2395,1483727,4062100
4510,117,128,76261,2384,1483855,3959500
4511,104,131,76157,2357,1483986,4477800
4512,110,108,76047,2359,1484094,4438300
4513,109,115,75938,2353,1484209,4468500
4514,96,109,75842,2340,1484318,4737000
4515,123,116,75719,2347,1484434,3968700
4516,111,119,75608,2339,1484553,3933000
4517,130,149,75478,2320,1484702,4101800
4518,114,115,75364,2319,1484817,4095900
4519,88,121,75276,2286,1484938,4045000
4520,98,103,75178,2281,1485041,3960000
4521,112,126,75066,2267,1485167,4160500
4522,118,113,74948,2272,1485280,4121900
4523,114,101,74834,2285,1485381,3994300
4524,109,132,74725,2262,1485513,3961200
4525,112,108,74613,2266,1485621,4200800
4526,110,95,74503,2281,1485716,3972500
4527,111,95,74392,2297,1485811,3917900
4528,144,110,74248,2331,1485921,3998100
4529,109,99,74139,2341,1486020,4032900
4530,123,135,74016,2329,1486155,3973800
4531,122,110,73894,2341,1486265,3904900
4532,112,120,73782,2333,1486385,4198400
4533,110,102,73672,2341,1486487,3924700
4534,139,112,73533,2368,1486599,4001900
4535,111,120,73422,2359,1486719,3964100
4536,116,99,73306,2376,1486818,4068500
4537,95,144,73211,2327,1486962,3952700
4538,106,125,73105,2308,1487087,4485600
4539,97,126,73008,2279,1487213,4011400
4540,129,117,72879,2291,1487330,3982700
4541,109,117,72770,2283,1487447,3922900
4542,120,101,72650,2302,1487548,3899200
4543,115,136,72535,2281,1487684,4018700
4544,123,102,72412,2302,1487786,3941600
4545,112,111,72300,2303,1487897,4424100
4546,105,138,72195,2270,1488035,3919200
4547,109,96,72086,2283,1488131,4057300
4548,101,117,71985,2267,1488248,3962900
4549,108,109,71877,2266,1488357,3970400
4550,101,137,71776,2230,1488494,3993000
4551,91,105,71685,2216,1488599,4021500
4552,94,102,71591,2208,1488701,3939400
4553,110,115,71481,2203,1488816,3968400
4554,106,110,71375,2199,1488926,4025200
4555,94,120,71281,2173,1489046,3907800
4556,86,119,71195,2140,1489165,3880100
4557,98,101,71097,2137,1489266,4311200
4558,101,116,70996,2122,1489382,4064500
4559,99,116,70897,2105,1489498,3902600
4560,94,99,70803,2100,1489597,3866800
4561,107,109,70696,2098,1489706,4148100
4562,93,104,70603,2087,1489810,3978800
4563,108,112,70495,2083,1489922,3927100
4564,97,116,70398,2064,1490038,3914700
4565,108,107,70290,2065,1490145,4090700
4566,106,104,70184,2067,1490249,3935600
4567,115,96,70069,2086,1490345,3899900
4568,101,103,69968,2084,1490448,4062000
4569,96,111,69872,2069,1490559,4674200
4570,94,106,69778,2057,1490665,4049000
4571,112,110,69666,2059,1490775,4015400
4572,101,112,69565,2048,1490887,4062200
4573,82,112,69483,2018,1490999,3992900
4574,100,124,69383,1994,1491123,3911800
4575,98,117,69285,1975,1491240,3929000
4576,116,95,69169,1996,1491335,3929200
4577,74,86,69095,1984,1491421,3901500
4578,111,108,68984,1987,1491529,3961600
4579,102,95,68882,1994,1491624,3887600
4580,81,110,68801,1965,1491734,3968900
4581,94,77,68707,1982,1491811,4048500
4582,85,100,68622,1967,1491911,3972700
4583,95,94,68527,1968,1492005,3968000
4584,101,104,68426,1965,1492109,4617500
4585,83,97,68343,1951,1492206,4086700
4586,94,97,68249,1948,1492303,4134000
4587,95,81,68154,1962,1492384,4360900
4588,79,107,68075,1934,1492491,4264100
4589,92,90,67983,1936,1492581,4327200
4590,76,98,67907,1914,1492679,3978300
4591,97,89,67810,1922,1492768,4001300
4592,77,95,67733,1904,1492863,3987700
4593,89,88,67644,1905,1492951,4234200
4594,85,97,67559,1893,1493048,3916700
4595,73,106,67486,1860,1493154,3910700
4596,85,85,67401,1860,1493239,3881600
4597,98,99,67303,1859,1493338,3972100
4598,66,88,67237,1837,1493426,3887500
4599,86,92,67151,1831,1493518,3900400
4600,79,94,67072,1816,1493612,3941000
4601,80,82,66992,1814,1493694,3965600
4602,73,84,66919,1803,1493778,3972300
4603,51,95,66868,1759,1493873,4034500
4604,87,94,66781,1752,1493967,4056000
4605,62,99,66719,1715,1494066,4041700
4606,78,67,66641,1726,1494133,3981600
4607,89,108,66552,1707,1494241,3917000
4608,74,84,66478,1697,1494325,3892600
4609,64,80,66414,1681,1494405,3927400
4610,82,97,66332,1666,1494502,3903800
4611,71,55,66261,1682,1494557,3884600
4612,86,89,66175,1679,1494646,3886400
4613,94,90,66081,1683,1494736,3886000
4614,67,85,66014,1665,1494821,3892900
4615,77,83,65937,1659,1494904,3965600
4616,81,79,65856,1661,1494983,3939400
4617,83,81,65773,1663,1495064,3990400
4618,70,84,65703,1649,1495148,4323700
4619,83,82,65620,1650,1495230,3980100
4620,82,95,65538,1637,1495325,4052000
4621,69,77,65469,1629,1495402,4423600
4622,75,68,65394,1636,1495470,3981400
4623,71,81,65323,1626,1495551,3964200
4624,68,94,65255,1600,1495645,4342600
4625,65,80,65190,1585,1495725,4025800
4626,76,73,65114,1588,1495798,3890100
4627,91,78,65023,1601,1495876,3976400
4628,74,80,64949,1595,1495956,3885000
4629,76,92,64873,1579,1496048,3886700
4630,79,74,64794,1584,1496122,4008900
4631,61,85,64733,1560,1496207,3934000
4632,60,67,64673,1553,1496274,3881400
4633,68,82,64605,1539,1496356,3908700
4634,63,88,64542,1514,1496444,3917500
4635,72,70,64470,1516,1496514,3882400
4636,65,75,64405,1506,1496589,4212200
4637,76,69,64329,1513,1496658,4052900
4638,58,75,64271,1496,1496733,4008100
4639,84,84,64187,1496,1496817,5060500
4640,74,76,64113,1494,1496893,3892100
4641,80,80,64033,1494,1496973,3871300
4642,83,67,63950,1510,1497040,4163600
4643,85,81,63865,1514,1497121,3980900
4644,81,82,63784,1513,1497203,3979300
4645,88,58,63696,1543,1497261,4007600
4646,80,65,63616,1558,1497326,3956700
4647,88,77,63528,1569,1497403,4303300
4648,84,89,63444,1564,1497492,3990600
4649,87,73,63357,1578,1497565,3941500
4650,74,81,63283,1571,1497646,4062300
4651,82,82,63201,1571,1497728,3936800
4652,89,66,63112,1594,1497794,3866200
4653,76,75,63036,1595,1497869,4180500
4654,97,63,62939,1629,1497932,3944100
4655,77,78,62862,1628,1498010,3925000
4656,83,86,62779,1625,1498096,3933600
4657,67,74,62712,1618,1498170,3902800
4658,87,82,62625,1623,1498252,3861800
4659,78,83,62547,1618,1498335,4135000
4660,79,92,62468,1605,1498427,4028600
4661,91,77,62377,1619,1498504,4066500
4662,73,79,62304,1613,1498583,4278900
4663,85,85,62219,1613,1498668,4078500
4664,88,75,62131,1626,1498743,4026900
4665,80,91,62051,1615,1498834,4277200
4666,85,99,61966,1601,1498933,4018300
4667,94,81,61872,1614,1499014,4015600
4668,68,74,61804,1608,1499088,4274700
4669,87,89,61717,1606,1499177,4028900
4670,82,94,61635,1594,1499271,4012800
4671,85,77,61550,1602,1499348,3971500
4672,89,79,61461,1612,1499427,3973400
4673,89,89,61372,1612,1499516,4165300
4674,80,83,61292,1609,1499599,4172000
4675,81,78,61211,1612,1499677,4613200
4676,84,71,61127,1625,1499748,4486000
4677,83,71,61044,1637,1499819,4307700
4678,84,84,60960,1637,1499903,4360000
4679,81,88,60879,1630,1499991,4328000
4680,87,90,60792,1627,1500081,4179600
4681,75,88,60717,1614,1500169,4063600
4682,71,90,60646,1595,1500259,4023800
4683,69,78,60577,1586,1500337,4000800
4684,90,83,60487,1593,1500420,4504800
4685,72,85,60415,1580,1500505,3993200
4686,91,82,60324,1589,1500587,3996700
4687,76,94,60248,1571,1500681,4295300
4688,62,83,60186,1550,1500764,4012000
4689,59,73,60127,1536,1500837,4000200
4690,66,74,60061,1528,1500911,4049700
4691,83,89,59978,1522,1501000,4076800
4692,62,61,59916,1523,1501061,4008200
4693,73,70,59843,1526,1501131,4032800
4694,78,68,59765,1536,1501199,3990300
4695,90,85,59675,1541,1501284,3922500
4696,85,87,59590,1539,1501371,4065000
4697,90,71,59500,1558,1501442,4543000
4698,75,83,59425,1550,1501525,3995300
4699,96,70,59329,1576,1501595,4023700
4700,75,82,59254,1569,1501677,3958100
4701,76,82,59178,1563,1501759,3992900
4702,80,73,59098,1570,1501832,3983900
4703,72,75,59026,1567,1501907,4046900
4704,79,71,58947,1575,1501978,4082400
4705,72,82,58875,1565,1502060,4022700
4706,75,74,58800,1566,1502134,4420900
4707,65,69,58735,1562,1502203,3956800
4708,76,66,58659,1572,1502269,3905300
4709,68,87,58591,1553,1502356,3936600
4710,87,92,58504,1548,1502448,3997100
4711,70,72,58434,1546,1502520,3996100
4712,76,87,58358,1535,1502607,3937900
4713,74,75,58284,1534,1502682,4229800
4714,71,67,58213,1538,1502749,3959400
4715,79,71,58134,1546,1502820,3940100
4716,78,74,58056,1550,1502894,4053300
4717,82,73,57974,1559,1502967,3904300
4718,70,76,57904,1553,1503043,3866500
4719,81,80,57823,1554,1503123,3923200
4720,94,82,57729,1566,1503205,3910700
4721,85,75,57644,1576,1503280,3866300
4722,80,76,57564,1580,1503356,3914400
4723,83,81,57481,1582,1503437,3875500
4724,69,83,57412,1568,1503520,3872700
4725,84,66,57328,1586,1503586,4271700
4726,89,80,57239,1595,1503666,3872900
4727,87,70,57152,1612,1503736,3875900
4728,84,86,57068,1610,1503822,4578400
4729,78,68,56990,1620,1503890,3940000
4730,74,86,56916,1608,1503976,3928400
4731,70,89,56846,1589,1504065,4368500
4732,69,83,56777,1575,1504148,4408300
4733,83,98,56694,1560,1504246,4215700
4734,71,65,56623,1566,1504311,3988300
4735,82,75,56541,1573,1504386,4028600
4736,63,77,56478,1559,1504463,4150700
4737,78,67,56400,1570,1504530,3987200
4738,79,83,56321,1566,1504613,4343400
4739,87,89,56234,1564,1504702,4389600
4740,91,93,56143,1562,1504795,4059100
4741,80,74,56063,1568,1504869,4136300
4742,76,79,55987,1565,1504948,4186100
4743,87,98,55900,1554,1505046,3860300
4744,74,85,55826,1543,1505131,4095600
4745,71,88,55755,1526,1505219,3927100
4746,78,68,55677,1536,1505287,3894100
4747,73,63,55604,1546,1505350,3983500
4748,77,55,55527,1568,1505405,3980800
4749,75,96,55452,1547,1505501,4016900
4750,72,89,55380,1530,1505590,4033500
4751,72,65,55308,1537,1505655,4003900
4752,84,88,55224,1533,1505743,4006900
4753,64,88,55160,1509,1505831,3974600
4754,67,72,55093,1504,1505903,4067800
4755,66,76,55027,1494,1505979,3893900
4756,68,80,54959,1482,1506059,3842400
4757,72,76,54887,1478,1506135,3894400
4758,63,74,54824,1467,1506209,3865000
4759,56,76,54768,1447,1506285,3903600
4760,71,81,54697,1437,1506366,3890700
4761,71,69,54626,1439,1506435,3885700
4762,57,77,54569,1419,1506512,3939000
4763,67,74,54502,1412,1506586,3851600
4764,66,69,54436,1409,1506655,3880500
4765,76,60,54360,1425,1506715,4050900
4766,71,84,54289,1412,1506799,5203100
4767,69,72,54220,1409,1506871,4610100
4768,55,77,54165,1387,1506948,5034600
4769,57,67,54108,1377,1507015,4444200
4770,81,60,54027,1398,1507075,4425700
4771,66,75,53961,1389,1507150,4225400
4772,67,74,53894,1382,1507224,4528600
4773,70,61,53824,1391,1507285,4429400
4774,61,74,53763,1378,1507359,4133300
4775,69,68,53694,1379,1507427,4053000
4776,76,79,53618,1376,1507506,4095000
4777,58,70,53560,1364,1507576,4018200
4778,70,64,53490,1370,1507640,3960300
4779,88,65,53402,1393,1507705,4021000
4780,87,73,53315,1407,1507778,3953700
4781,74,77,53241,1404,1507855,3962700
4782,88,60,53153,1432,1507915,3942400
4783,80,58,53073,1454,1507973,3885000
4784,60,72,53013,1442,1508045,3886000
4785,86,63,52927,1465,1508108,3937800
4786,82,58,52845,1489,1508166,3890600
4787,83,75,52762,1497,1508241,3838700
4788,83,66,52679,1514,1508307,4089000
4789,73,84,52606,1503,1508391,3902900
4790,91,65,52515,1529,1508456,3902100
4791,67,81,52448,1515,1508537,3951800
4792,56,72,52392,1499,1508609,3893200
4793,52,73,52340,1478,1508682,4241300
4794,41,82,52299,1437,1508764,3857300
4795,64,84,52235,1417,1508848,3854900
4796,64,62,52171,1419,1508910,3874000
4797,50,64,52121,1405,1508974,3860100
4798,65,69,52056,1401,1509043,3843800
4799,77,78,51979,1400,1509121,3928600
4800,62,78,51917,1384,1509199,3952500
4801,69,58,51848,1395,1509257,3943200
4802,45,62,51803,1378,1509319,4023700
4803,56,66,51747,1368,1509385,4061700
4804,69,59,51678,1378,1509444,3917200
4805,68,69,51610,1377,1509513,3952200
4806,68,82,51542,1363,1509595,3880700
4807,53,83,51489,1333,1509678,3903600
4808,57,60,51432,1330,1509738,3917600
4809,72,59,51360,1343,1509797,3880700
4810,72,61,51288,1354,1509858,3830900
4811,73,80,51215,1347,1509938,4084400
4812,77,68,51138,1356,1510006,3863700
4813,62,72,51076,1346,1510078,3827600
4814,74,67,51002,1353,1510145,3929900
4815,69,70,50933,1352,1510215,3876900
4816,74,58,50859,1368,1510273,3846300
4817,79,60,50780,1387,1510333,3908900
4818,66,87,50714,1366,1510420,3900700
4819,69,65,50645,1370,1510485,3889900
4820,62,72,50583,1360,1510557,4087400
4821,70,70,50513,1360,1510627,3958300
4822,67,73,50446,1354,1510700,3945500
4823,61,65,50385,1350,1510765,4005100
4824,73,67,50312,1356,1510832,3956700
4825,67,57,50245,1366,1510889,3953700
4826,58,59,50187,1365,1510948,3954100
4827,50,71,50137,1344,1511019,3860900
4828,58,68,50079,1334,1511087,3854600
4829,67,59,50012,1342,1511146,3852700
4830,54,53,49958,1343,1511199,3911800
4831,60,77,49898,1326,1511276,3876200
4832,67,66,49831,1327,1511342,3895500
4833,72,55,49759,1344,1511397,3847900
4834,74,71,49685,1347,1511468,4314300
4835,69,77,49616,1339,1511545,3876700
4836,71,67,49545,1343,1511612,3850800
4837,65,79,49480,1329,1511691,3834100
4838,71,75,49409,1325,1511766,4007400
4839,60,56,49349,1329,1511822,3908800
4840,60,70,49289,1319,1511892,4056200
4841,68,61,49221,1326,1511953,4542400
4842,60,65,49161,1321,1512018,4506800
4843,67,65,49094,1323,1512083,4907200
4844,58,71,49036,1310,1512154,4715700
4845,57,60,48979,1307,1512214,4292200
4846,71,59,48908,1319,1512273,3998600
4847,65,67,48843,1317,1512340,3951300
4848,70,58,48773,1329,1512398,4192200
4849,70,70,48703,1329,1512468,4048300
4850,64,70,48639,1323,1512538,4131200
4851,57,83,48582,1297,1512621,4109800
4852,57,79,48525,1275,1512700,4036300
4853,61,57,48464,1279,1512757,4051000
4854,73,64,48391,1288,1512821,3874800
4855,82,70,48309,1300,1512891,3866100
4856,58,62,48251,1296,1512953,3820900
4857,59,72,48192,1283,1513025,3912200
4858,57,62,48135,1278,1513087,3853200
4859,65,58,48070,1285,1513145,3880500
4860,59,58,48011,1286,1513203,3867900
4861,52,65,47959,1273,1513268,3832500
4862,48,58,47911,1263,1513326,4026200
4863,65,63,47846,1265,1513389,4102900
4864,61,69,47785,1257,1513458,3976100
4865,66,67,47719,1256,1513525,4184100
4866,65,59,47654,1262,1513584,4712100
4867,60,53,47594,1269,1513637,4179300
4868,50,80,47544,1239,1513717,4190900
4869,73,61,47471,1251,1513778,3857500
4870,66,56,47405,1261,1513834,3828600
4871,55,67,47350,1249,1513901,3890900
4872,68,61,47282,1256,1513962,3908800
4873,43,64,47239,1235,1514026,3847500
4874,61,70,47178,1226,1514096,3858000
4875,62,69,47116,1219,1514165,3865100
4876,69,55,47047,1233,1514220,3921300
4877,60,63,46987,1230,1514283,3883700
4878,69,64,46918,1235,1514347,3836300
4879,61,61,46857,1235,1514408,4205700
4880,62,61,46795,1236,1514469,3838600
4881,54,61,46741,1229,1514530,3838200
4882,64,52,46677,1241,1514582,3872200
4883,67,62,46610,1246,1514644,3901100
4884,59,63,46551,1242,1514707,3907800
4885,63,60,46488,1245,1514767,4179500
4886,71,70,46417,1246,1514837,3994800
4887,53,60,46364,1239,1514897,3982200
4888,55,52,46309,1242,1514949,4023600
4889,61,57,46248,1246,1515006,3964500
4890,67,55,46181,1258,1515061,3923100
4891,70,60,46111,1268,1515121,4210600
4892,56,60,46055,1264,1515181,4087900
4893,73,47,45982,1290,1515228,4005800
4894,58,56,45924,1292,1515284,4215900
4895,60,74,45864,1278,1515358,4489800
4896,72,49,45792,1301,1515407,4339900
4897,50,45,45742,1306,1515452,4089700
4898,54,69,45688,1291,1515521,4065200
4899,57,61,45631,1287,1515582,4168100
4900,68,54,45563,1301,1515636,4103600
4901,65,56,45498,1310,1515692,4070700
4902,50,72,45448,1288,1515764,4653300
4903,71,72,45377,1287,1515836,4210200
4904,64,64,45313,1287,1515900,4306600
4905,41,64,45272,1264,1515964,4343600
4906,56,63,45216,1257,1516027,4355900
4907,56,62,45160,1251,1516089,4249000
4908,63,78,45097,1236,1516167,3922400
4909,58,56,45039,1238,1516223,3952100
4910,54,60,44985,1232,1516283,3929300
4911,59,62,44926,1229,1516345,3970700
4912,62,54,44864,1237,1516399,3969300
4913,65,53,44799,1249,1516452,3996500
4914,66,65,44733,1250,1516517,3948800
4915,49,69,44684,1230,1516586,3938800
4916,62,51,44622,1241,1516637,4290900
4917,56,74,44566,1223,1516711,3930200
4918,55,56,44511,1222,1516767,3899500
4919,46,58,44465,1210,1516825,3905100
4920,51,61,44414,1200,1516886,3930900
4921,50,50,44364,1200,1516936,3891200
4922,45,40,44319,1205,1516976,4011200
4923,67,65,44252,1207,1517041,4013700
4924,47,64,44205,1190,1517105,4126400
4925,61,48,44144,1203,1517153,4060000
4926,48,75,44096,1176,1517228,4470700
4927,47,64,44049,1159,1517292,4014100
4928,62,56,43987,1165,1517348,3989700
4929,58,52,43929,1171,1517400,3909000
4930,60,67,43869,1164,1517467,3913500
4931,63,71,43806,1156,1517538,3886800
4932,57,56,43749,1157,1517594,3905400
4933,64,59,43685,1162,1517653,4495000
4934,50,47,43635,1165,1517700,3870700
4935,60,70,43575,1155,1517770,3877800
4936,54,51,43521,1158,1517821,3970100
4937,54,42,43467,1170,1517863,3916100
4938,64,48,43403,1186,1517911,3943400
4939,64,54,43339,1196,1517965,3967700
4940,55,54,43284,1197,1518019,3914100
4941,54,53,43230,1198,1518072,3905800
4942,39,58,43191,1179,1518130,3878400
4943,53,53,43138,1179,1518183,3837700
4944,55,67,43083,1167,1518250,3823500
4945,46,63,43037,1150,1518313,3854500
4946,51,55,42986,1146,1518368,3858200
4947,48,59,42938,1135,1518427,3816100
4948,48,58,42890,1125,1518485,3946400
4949,40,68,42850,1097,1518553,3858400
4950,53,59,42797,1091,1518612,3911500
4951,55,64,42742,1082,1518676,3942200
4952,47,45,42695,1084,1518721,3895100
4953,48,37,42647,1095,1518758,3919100
4954,48,50,42599,1093,1518808,3872900
4955,42,65,42557,1070,1518873,3871900
4956,40,59,42517,1051,1518932,4288900
4957,57,50,42460,1058,1518982,4240900
4958,66,50,42394,1074,1519032,3992100
4959,68,59,42326,1083,1519091,4025000
4960,43,54,42283,1072,1519145,4012600
4961,53,49,42230,1076,1519194,3981400
4962,62,48,42168,1090,1519242,3826300
4963,58,56,42110,1092,1519298,3821200
4964,52,60,42058,1084,1519358,3835800
4965,60,36,41998,1108,1519394,3823900
4966,55,45,41943,1118,1519439,3815800
4967,59,47,41884,1130,1519486,3954600
4968,60,52,41824,1138,1519538,3955800
4969,63,66,41761,1135,1519604,3918000
4970,58,38,41703,1155,1519642,4087000
4971,47,62,41656,1140,1519704,3957600
4972,46,58,41610,1128,1519762,4020700
4973,54,48,41556,1134,1519810,4071600
4974,41,51,41515,1124,1519861,4125400
4975,42,55,41473,1111,1519916,4037900
4976,46,79,41427,1078,1519995,4088700
4977,51,47,41376,1082,1520042,3919200
4978,36,50,41340,1068,1520092,3928200
4979,55,58,41285,1065,1520150,3945900
4980,58,58,41227,1065,1520208,3872100
4981,53,63,41174,1055,1520271,3950000
4982,42,55,41132,1042,1520326,3848700
4983,59,51,41073,1050,1520377,3833700
4984,77,53,40996,1074,1520430,3877200
4985,50,72,40946,1052,1520502,3879500
4986,51,49,40895,1054,1520551,3897700
4987,57,54,40838,1057,1520605,3980600
4988,46,55,40792,1048,1520660,3887700
4989,46,55,40746,1039,1520715,3839200
4990,49,41,40697,1047,1520756,4061100
4991,48,52,40649,1043,1520808,3862700
4992,46,50,40603,1039,1520858,3833900
4993,57,60,40546,1036,1520918,4144300
4994,56,46,40490,1046,1520964,3838200
4995,61,58,40429,1049,1521022,3832400
4996,59,53,40370,1055,1521075,4068500
4997,51,50,40319,1056,1521125,3841100
4998,47,48,40272,1055,1521173,3834900
4999,57,58,40215,1054,1521231,3875700
5000,54,36,40161,1072,1521267,3841800
5001,44,44,40117,1072,1521311,3810900
5002,47,36,40070,1083,1521347,3880900
5003,43,55,40027,1071,1521402,3987000
5004,48,58,39979,1061,1521460,3875800
5005,59,60,39920,1060,1521520,4480300
5006,43,62,39877,1041,1521582,3815800
5007,46,69,39831,1018,1521651,3850000
5008,38,41,39793,1015,1521692,4174400
5009,55,46,39738,1024,1521738,3834900
5010,52,44,39686,1032,1521782,4039500
5011,41,57,39645,1016,1521839,3924700
5012,37,52,39608,1001,1521891,3865300
5013,49,46,39559,1004,1521937,3881700
5014,38,62,39521,980,1521999,3948900
5015,44,49,39477,975,1522048,3878600
5016,57,49,39420,983,1522097,4076500
5017,56,56,39364,983,1522153,4000200
5018,35,53,39329,965,1522206,3935000
5019,44,54,39285,955,1522260,4153200
5020,57,61,39228,951,1522321,3933300
5021,42,46,39186,947,1522367,3911500
5022,57,51,39129,953,1522418,3970500
5023,48,44,39081,957,1522462,4042100
5024,37,54,39044,940,1522516,3938600
5025,43,49,39001,934,1522565,3946700
5026,46,52,38955,928,1522617,3834700
5027,40,48,38915,920,1522665,3815300
5028,40,60,38875,900,1522725,4006400
5029,44,58,38831,886,1522783,3957100
5030,36,36,38795,886,1522819,3950600
5031,41,36,38754,891,1522855,3986000
5032,35,46,38719,880,1522901,3936300
5033,23,42,38696,861,1522943,3911600
5034,39,39,38657,861,1522982,4071600
5035,36,34,38621,863,1523016,4010700
5036,29,53,38592,839,1523069,4038700
5037,35,36,38557,838,1523105,4002500
5038,28,38,38529,828,1523143,4009000
5039,41,51,38488,818,1523194,4553600
5040,38,48,38450,808,1523242,4095500
5041,43,37,38407,814,1523279,4060800
5042,40,43,38367,811,1523322,4077100
5043,35,34,38332,812,1523356,3926300
5044,35,37,38297,810,1523393,3933600
5045,52,35,38245,827,1523428,4052600
5046,44,40,38201,831,1523468,4038400
5047,35,49,38166,817,1523517,4097900
5048,45,32,38121,830,1523549,4192900
5049,49,43,38072,836,1523592,4085000
5050,54,37,38018,853,1523629,4371200
5051,46,44,37972,855,1523673,3965500
5052,45,42,37927,858,1523715,3906500
5053,53,47,37874,864,1523762,4373200
5054,35,60,37839,839,1523822,3929600
5055,51,28,37788,862,1523850,3867000
5056,40,53,37748,849,1523903,4182400
5057,43,40,37705,852,1523943,3859900
5058,59,40,37646,871,1523983,3845200
5059,47,46,37599,872,1524029,3881600
5060,48,39,37551,881,1524068,3854100
5061,49,54,37502,876,1524122,3796500
5062,51,42,37451,885,1524164,4065000
5063,45,46,37406,884,1524210,3896800
5064,45,53,37361,876,1524263,3790700
5065,50,45,37311,881,1524308,3848000
5066,53,40,37258,894,1524348,3807200
5067,41,40,37217,895,1524388,3791900
5068,32,36,37185,891,1524424,3805400
5069,43,55,37142,879,1524479,3807400
5070,36,48,37106,867,1524527,3844200
5071,38,48,37068,857,1524575,3845500
5072,35,48,37033,844,1524623,3849400
5073,41,47,36992,838,1524670,3985400
5074,43,38,36949,843,1524708,3826700
5075,36,42,36913,837,1524750,3824900
5076,50,42,36863,845,1524792,4083700
5077,34,33,36829,846,1524825,3893400
5078,48,50,36781,844,1524875,3891800
5079,45,47,36736,842,1524922,4001100
5080,46,42,36690,846,1524964,3930500
5081,49,47,36641,848,1525011,3911700
5082,51,48,36590,851,1525059,4211600
5083,55,31,36535,875,1525090,4070200
5084,51,40,36484,886,1525130,3991200
5085,32,42,36452,876,1525172,4437800
5086,34,47,36418,863,1525219,3942100
5087,31,47,36387,847,1525266,3964100
5088,53,45,36334,855,1525311,4006300
5089,37,44,36297,848,1525355,3912600
5090,42,39,36255,851,1525394,3989600
5091,46,39,36209,858,1525433,3929200
5092,39,48,36170,849,1525481,3946500
5093,63,34,36107,878,1525515,3924700
5094,32,39,36075,871,1525554,3930700
5095,49,38,36026,882,1525592,3927600
5096,45,53,35981,874,1525645,4120500
5097,43,40,35938,877,1525685,3858300
5098,43,47,35895,873,1525732,3817100
5099,52,57,35843,868,1525789,4364200
5100,47,46,35796,869,1525835,4007700
5101,56,40,35740,885,1525875,3972400
5102,46,36,35694,895,1525911,4051800
5103,61,48,35633,908,1525959,3807900
5104,52,47,35581,913,1526006,3788200
5105,40,38,35541,915,1526044,4175400
5106,42,41,35499,916,1526085,3862700
5107,37,41,35462,912,1526126,3907500
5108,49,37,35413,924,1526163,4483600
5109,38,50,35375,912,1526213,3946200
5110,34,35,35341,911,1526248,3963300
5111,32,49,35309,894,1526297,3867300
5112,59,43,35250,910,1526340,3830600
5113,45,48,35205,907,1526388,3959200
5114,45,50,35160,902,1526438,4819100
5115,46,37,35114,911,1526475,4603400
5116,41,42,35073,910,1526517,5451000
5117,33,44,35040,899,1526561,5306000
5118,37,38,35003,898,1526599,5207800
5119,42,44,34961,896,1526643,4834900
5120,36,46,34925,886,1526689,4435200
5121,36,62,34889,860,1526751,5290300
5122,32,42,34857,850,1526793,4866900
5123,39,41,34818,848,1526834,4197900
5124,35,36,34783,847,1526870,3915800
5125,32,40,34751,839,1526910,3904600
5126,39,55,34712,823,1526965,3945200
5127,27,47,34685,803,1527012,3952100
5128,27,40,34658,790,1527052,4094500
5129,37,51,34621,776,1527103,3970500
5130,30,39,34591,767,1527142,4524300
5131,29,33,34562,763,1527175,4204200
5132,39,42,34523,760,1527217,4729300
5133,40,42,34483,758,1527259,4269300
5134,38,43,34445,753,1527302,4201600
5135,33,40,34412,746,1527342,4428700
5136,40,38,34372,748,1527380,4033200
5137,33,43,34339,738,1527423,4027800
5138,43,44,34296,737,1527467,4656400
5139,43,34,34253,746,1527501,4208600
5140,45,34,34208,757,1527535,4371700
5141,44,40,34164,761,1527575,4513200
5142,44,41,34120,764,1527616,4135200
5143,32,38,34088,758,1527654,4175000
5144,57,35,34031,780,1527689,3936600
5145,45,34,33986,791,1527723,3906900
5146,42,39,33944,794,1527762,3934300
5147,35,37,33909,792,1527799,3935100
5148,27,37,33882,782,1527836,3900200
5149,34,32,33848,784,1527868,3994100
5150,36,27,33812,793,1527895,3901200
5151,36,46,33776,783,1527941,3853800
5152,40,36,33736,787,1527977,3852700
5153,37,48,33699,776,1528025,3762300
5154,45,39,33654,782,1528064,3814700
5155,39,36,33615,785,1528100,3805400
5156,38,32,33577,791,1528132,3804400
5157,35,35,33542,791,1528167,3834800
5158,46,47,33496,790,1528214,3844700
5159,34,38,33462,786,1528252,3842100
5160,37,45,33425,778,1528297,3950000
5161,30,43,33395,765,1528340,3885500
5162,27,38,33368,754,1528378,3970900
5163,40,38,33328,756,1528416,4016100
5164,21,32,33307,745,1528448,3895200
5165,37,37,33270,745,1528485,3875800
5166,27,29,33243,743,1528514,3966500
5167,36,35,33207,744,1528549,3821900
5168,33,50,33174,727,1528599,3787100
5169,33,30,33141,730,1528629,3904100
5170,38,31,33103,737,1528660,3793600
5171,37,23,33066,751,1528683,3779500
5172,29,48,33037,732,1528731,3800800
5173,24,41,33013,715,1528772,3776700
5174,29,28,32984,716,1528800,3786500
5175,39,42,32945,713,1528842,3790100
5176,33,38,32912,708,1528880,3809600
5177,34,31,32878,711,1528911,3799800
5178,27,28,32851,710,1528939,3786500
5179,25,42,32826,693,1528981,3778900
5180,29,34,32797,688,1529015,3802000
5181,28,36,32769,680,1529051,3782800
5182,32,24,32737,688,1529075,3794400
5183,31,37,32706,682,1529112,3908600
5184,32,31,32674,683,1529143,3893000
5185,22,46,32652,659,1529189,3881200
5186,36,31,32616,664,1529220,3958000
5187,18,43,32598,639,1529263,4067500
5188,33,25,32565,647,1529288,4075700
5189,33,39,32532,641,1529327,4446000
5190,23,37,32509,627,1529364,3920300
5191,32,35,32477,624,1529399,3925300
5192,28,29,32449,623,1529428,4067800
5193,26,24,32423,625,1529452,3983300
5194,29,32,32394,622,1529484,4066100
5195,28,31,32366,619,1529515,3916500
5196,25,27,32341,617,1529542,3908500
5197,21,32,32320,606,1529574,3958000
5198,35,35,32285,606,1529609,3933200
5199,20,37,32265,589,1529646,3876500
5200,34,26,32231,597,1529672,4267700
5201,29,27,32202,599,1529699,3858400
5202,33,39,32169,593,1529738,3810300
5203,31,30,32138,594,1529768,4208000
5204,34,32,32104,596,1529800,3863400
5205,23,20,32081,599,1529820,3809000
5206,28,20,32053,607,1529840,3887900
5207,29,38,32024,598,1529878,3833100
5208,25,27,31999,596,1529905,3816100
5209,26,31,31973,591,1529936,3804600
5210,24,38,31949,577,1529974,3807400
5211,31,28,31918,580,1530002,3786500
5212,26,23,31892,583,1530025,3775600
5213,35,34,31857,584,1530059,3795600
5214,38,32,31819,590,1530091,3865900
5215,24,31,31795,583,1530122,3777700
5216,34,35,31761,582,1530157,3791800
5217,34,26,31727,590,1530183,3812600
5218,41,30,31686,601,1530213,3786500
5219,28,27,31658,602,1530240,3807500
5220,35,32,31623,605,1530272,3877000
5221,22,40,31601,587,1530312,3843000
5222,32,34,31569,585,1530346,3891800
5223,36,20,31533,601,1530366,3968200
5224,33,38,31500,596,1530404,4101000
5225,28,28,31472,596,1530432,4068400
5226,39,23,31433,612,1530455,4462800
5227,32,32,31401,612,1530487,4360500
5228,32,41,31369,603,1530528,4520800
5229,39,26,31330,616,1530554,4177200
5230,28,36,31302,608,1530590,4100400
5231,35,41,31267,602,1530631,4052000
5232,29,40,31238,591,1530671,3831800
5233,29,28,31209,592,1530699,3745700
5234,37,26,31172,603,1530725,3816200
5235,25,34,31147,594,1530759,3777700
5236,39,19,31108,614,1530778,3785700
5237,19,19,31089,614,1530797,4046300
5238,37,37,31052,614,1530834,3849900
5239,35,33,31017,616,1530867,3820000
5240,32,27,30985,621,1530894,3873600
5241,32,28,30953,625,1530922,3792800
5242,44,22,30909,647,1530944,3833200
5243,28,26,30881,649,1530970,3863200
5244,29,33,30852,645,1531003,3865800
5245,39,25,30813,659,1531028,3918100
5246,34,33,30779,660,1531061,3903700
5247,27,36,30752,651,1531097,3864200
5248,38,35,30714,654,1531132,3871700
5249,36,36,30678,654,1531168,3868700
5250,30,32,30648,652,1531200,3874900
5251,37,31,30611,658,1531231,4108000
5252,31,31,30580,658,1531262,3936300
5253,20,24,30560,654,1531286,3774100
5254,38,33,30522,659,1531319,3814600
5255,34,26,30488,667,1531345,3796200
5256,29,34,30459,662,1531379,3764700
5257,38,32,30421,668,1531411,3778700
5258,40,26,30381,682,1531437,3776000
5259,39,30,30342,691,1531467,3758800
5260,39,19,30303,711,1531486,3959700
5261,39,30,30264,720,1531516,3814200
5262,44,42,30220,722,1531558,3813900
5263,35,45,30185,712,1531603,4267700
5264,28,33,30157,707,1531636,3793800
5265,28,39,30129,696,1531675,3787000
5266,27,27,30102,696,1531702,3798900
5267,44,39,30058,701,1531741,3785800
5268,30,35,30028,696,1531776,3779000
5269,41,44,29987,693,1531820,3872300
5270,42,39,29945,696,1531859,3785900
5271,30,36,29915,690,1531895,3838900
5272,35,35,29880,690,1531930,3895500
5273,27,33,29853,684,1531963,3875300
5274,36,50,29817,670,1532013,3955400
5275,29,34,29788,665,1532047,3923000
5276,28,39,29760,654,1532086,3844100
5277,35,42,29725,647,1532128,3823500
5278,33,31,29692,649,1532159,3772300
5279,25,29,29667,645,1532188,3941600
5280,32,23,29635,654,1532211,3827300
5281,21,24,29614,651,1532235,3800100
5282,23,36,29591,638,1532271,3833500
5283,33,30,29558,641,1532301,4738800
5284,29,31,29529,639,1532332,4008800
5285,23,36,29506,626,1532368,3883100
5286,36,32,29470,630,1532400,3955300
5287,34,37,29436,627,1532437,3857100
5288,23,33,29413,617,1532470,3873400
5289,28,27,29385,618,1532497,3795500
5290,21,23,29364,616,1532520,3794900
5291,35,28,29329,623,1532548,3874800
5292,27,27,29302,623,1532575,3905100
5293,31,36,29271,618,1532611,3855400
5294,28,25,29243,621,1532636,3863900
5295,34,32,29209,623,1532668,4240200
5296,26,32,29183,617,1532700,4690100
5297,34,23,29149,628,1532723,4627100
5298,31,43,29118,616,1532766,4390000
5299,31,30,29087,617,1532796,4732700
5300,24,27,29063,614,1532823,3905100
5301,33,24,29030,623,1532847,3933500
5302,31,30,28999,624,1532877,4511700
5303,28,31,28971,621,1532908,4038200
5304,31,26,28940,626,1532934,3906900
5305,29,18,28911,637,1532952,3790500
5306,32,32,28879,637,1532984,3761400
5307,28,35,28851,630,1533019,3832700
5308,27,35,28824,622,1533054,4376500
5309,19,29,28805,612,1533083,4056900
5310,34,32,28771,614,1533115,5353000
5311,17,33,28754,598,1533148,4956100
5312,29,33,28725,594,1533181,4790300
5313,30,27,28695,597,1533208,4126300
5314,34,25,28661,606,1533233,4091900
5315,25,44,28636,587,1533277,3833800
5316,27,29,28609,585,1533306,3766600
5317,29,25,28580,589,1533331,4081000
5318,22,22,28558,589,1533353,3796500
5319,30,28,28528,591,1533381,3745700
5320,30,27,28498,594,1533408,4355300
5321,24,29,28474,589,1533437,4057200
5322,32,28,28442,593,1533465,3910700
5323,26,35,28416,584,1533500,3976300
5324,28,27,28388,585,1533527,3805200
5325,28,28,28360,585,1533555,3703300
5326,28,31,28332,582,1533586,4200100
5327,34,31,28298,585,1533617,3785200
5328,24,22,28274,587,1533639,3750300
5329,21,28,28253,580,1533667,4041500
5330,24,25,28229,579,1533692,3825600
5331,22,35,28207,566,1533727,3721200
5332,23,30,28184,559,1533757,3866200
5333,23,29,28161,553,1533786,3821800
5334,24,25,28137,552,1533811,3817000
5335,29,26,28108,555,1533837,3892200
5336,22,23,28086,554,1533860,3826300
5337,24,33,28062,545,1533893,3785900
5338,27,27,28035,545,1533920,3832300
5339,21,31,28014,535,1533951,3774800
5340,25,26,27989,534,1533977,3808300
5341,27,27,27962,534,1534004,3795800
5342,19,35,27943,518,1534039,3763200
5343,31,33,27912,516,1534072,3765400
5344,23,23,27889,516,1534095,3783800
5345,27,34,27862,509,1534129,3793100
5346,32,21,27830,520,1534150,3812800
5347,21,27,27809,514,1534177,3751100
5348,26,25,27783,515,1534202,3752600
5349,14,32,27769,497,1534234,3944600
5350,26,23,27743,500,1534257,3757300
5351,26,22,27717,504,1534279,3756500
5352,22,29,27695,497,1534308,3928100
5353,16,21,27679,492,1534329,3786200
5354,15,28,27664,479,1534357,3750900
5355,19,22,27645,476,1534379,4154100
5356,25,30,27620,471,1534409,3895600
5357,24,19,27596,476,1534428,3885200
5358,22,25,27574,473,1534453,4181600
5359,23,21,27551,475,1534474,3765600
5360,18,24,27533,469,1534498,3748000
5361,20,17,27513,472,1534515,4225500
5362,23,24,27490,471,1534539,3789000
5363,18,23,27472,466,1534562,3722800
5364,12,22,27460,456,1534584,3965800
5365,18,24,27442,450,1534608,3812500
5366,20,18,27422,452,1534626,3782600
5367,12,20,27410,444,1534646,4118800
5368,16,22,27394,438,1534668,3733700
5369,15,23,27379,430,1534691,3754100
5370,9,22,27370,417,1534713,4683000
5371,20,11,27350,426,1534724,3713000
5372,26,26,27324,426,1534750,3774500
5373,23,17,27301,432,1534767,3783300
5374,16,20,27285,428,1534787,3740500
5375,19,19,27266,428,1534806,4090200
5376,21,19,27245,430,1534825,3698800
5377,17,26,27228,421,1534851,3618200
5378,19,25,27209,415,1534876,3687600
5379,26,12,27183,429,1534888,3581200
5380,21,18,27162,432,1534906,3560900
5381,21,26,27141,427,1534932,3624700
5382,26,19,27115,434,1534951,3676700
5383,15,23,27100,426,1534974,3608600
5384,21,24,27079,423,1534998,4282300
5385,25,23,27054,425,1535021,3652400
5386,16,18,27038,423,1535039,3613500
5387,23,22,27015,424,1535061,3737600
5388,28,14,26987,438,1535075,3711800
5389,26,31,26961,433,1535106,3676200
5390,23,27,26938,429,1535133,3767000
5391,26,14,26912,441,1535147,3703900
5392,23,17,26889,447,1535164,3629400
5393,18,25,26871,440,1535189,3666000
5394,17,26,26854,431,1535215,3622800
5395,19,20,26835,430,1535235,3675800
5396,25,15,26810,440,1535250,3712200
5397,21,22,26789,439,1535272,3609700
5398,17,14,26772,442,1535286,3580100
5399,22,16,26750,448,1535302,3666900
5400,19,24,26731,443,1535326,3594200
5401,11,15,26720,439,1535341,3555900
5402,27,33,26693,433,1535374,4003800
5403,15,23,26678,425,1535397,3785100
5404,16,19,26662,422,1535416,3816800
5405,19,15,26643,426,1535431,4368000
5406,25,20,26618,431,1535451,3755600
5407,12,17,26606,426,1535468,3620900
5408,20,19,26586,427,1535487,4313000
5409,17,18,26569,426,1535505,3789900
5410,15,18,26554,423,1535523,3793900
5411,22,21,26532,424,1535544,3973900
5412,17,28,26515,413,1535572,3949700
5413,17,24,26498,406,1535596,3910500
5414,18,21,26480,403,1535617,3787400
5415,16,19,26464,400,1535636,3775000
5416,15,17,26449,398,1535653,3701900
5417,20,15,26429,403,1535668,3657500
5418,24,25,26405,402,1535693,3636400
5419,22,23,26383,401,1535716,3990200
5420,17,18,26366,400,1535734,3665000
5421,17,21,26349,396,1535755,3569300
5422,18,23,26331,391,1535778,4059100
5423,14,16,26317,389,1535794,3656900
5424,19,11,26298,397,1535805,3610600
5425,21,25,26277,393,1535830,3828000
5426,11,20,26266,384,1535850,3498700
5427,21,17,26245,388,1535867,3523800
5428,16,21,26229,383,1535888,3517800
5429,17,13,26212,387,1535901,3555900
5430,18,18,26194,387,1535919,3543400
5431,21,15,26173,393,1535934,3529200
5432,17,26,26156,384,1535960,3611600
5433,25,23,26131,386,1535983,3691400
5434,19,16,26112,389,1535999,3592600
5435,17,24,26095,382,1536023,3615000
5436,14,22,26081,374,1536045,3577300
5437,15,23,26066,366,1536068,3551700
5438,19,13,26047,372,1536081,5074100
5439,14,22,26033,364,1536103,4300200
5440,15,21,26018,358,1536124,3529800
5441,15,16,26003,357,1536140,3565400
5442,9,18,25994,348,1536158,3526700
5443,18,16,25976,350,1536174,3701200
5444,16,21,25960,345,1536195,3692900
5445,19,18,25941,346,1536213,3672000
5446,18,17,25923,347,1536230,3687300
5447,11,17,25912,341,1536247,3615300
5448,14,17,25898,338,1536264,3578800
5449,11,19,25887,330,1536283,3602900
5450,17,16,25870,331,1536299,3644900
5451,20,15,25850,336,1536314,3571600
5452,14,13,25836,337,1536327,3842500
5453,18,10,25818,345,1536337,3550200
5454,14,14,25804,345,1536351,3522300
5455,21,21,25783,345,1536372,3529300
5456,19,22,25764,342,1536394,3701700
5457,21,25,25743,338,1536419,3689200
5458,16,14,25727,340,1536433,3756800
5459,12,16,25715,336,1536449,3704700
5460,23,27,25692,332,1536476,3679400
5461,10,23,25682,319,1536499,3669300
5462,13,15,25669,317,1536514,3623700
5463,12,13,25657,316,1536527,3593500
5464,13,14,25644,315,1536541,3675100
5465,13,17,25631,311,1536558,3781200
5466,14,13,25617,312,1536571,3720100
5467,15,8,25602,319,1536579,3706100
5468,11,13,25591,317,1536592,3638100
5469,14,19,25577,312,1536611,3600700
5470,15,13,25562,314,1536624,3747200
5471,16,12,25546,318,1536636,3723300
5472,10,20,25536,308,1536656,3647300
5473,16,16,25520,308,1536672,3769000
5474,21,17,25499,312,1536689,3617700
5475,20,18,25479,314,1536707,3583400
5476,8,15,25471,307,1536722,4190800
5477,17,19,25454,305,1536741,3542400
5478,24,13,25430,316,1536754,3492000
5479,13,15,25417,314,1536769,3849600
5480,18,20,25399,312,1536789,3694300
5481,18,19,25381,311,1536808,3674100
5482,18,14,25363,315,1536822,4021500
5483,12,21,25351,306,1536843,3527200
5484,15,12,25336,309,1536855,3586200
5485,10,17,25326,302,1536872,3992500
5486,18,17,25308,303,1536889,3536900
5487,6,21,25302,288,1536910,3540800
5488,13,12,25289,289,1536922,4133600
5489,16,12,25273,293,1536934,3570900
5490,14,7,25259,300,1536941,3542100
5491,13,14,25246,299,1536955,3979100
5492,14,15,25232,298,1536970,3536400
5493,8,12,25224,294,1536982,3508800
5494,12,17,25212,289,1536999,3679400
5495,9,7,25203,291,1537006,3553000
5496,17,13,25186,295,1537019,3612800
5497,13,20,25173,288,1537039,3857900
5498,12,14,25161,286,1537053,3694600
5499,7,12,25154,281,1537065,3701100
5500,11,17,25143,275,1537082,3806300
5501,12,14,25131,273,1537096,3635100
5502,15,17,25116,271,1537113,3617500
5503,15,17,25101,269,1537130,3720600
5504,8,17,25093,260,1537147,3672300
5505,10,13,25083,257,1537160,3650900
5506,14,13,25069,258,1537173,3706100
5507,10,11,25059,257,1537184,3628200
5508,8,15,25051,250,1537199,3553200
5509,12,13,25039,249,1537212,3714300
5510,11,11,25028,249,1537223,3773100
5511,11,16,25017,244,1537239,3713500
5512,8,18,25009,234,1537257,3786100
5513,10,14,24999,230,1537271,3672100
5514,11,9,24988,232,1537280,3555700
5515,11,16,24977,227,1537296,3709000
5516,7,10,24970,224,1537306,3635700
5517,4,12,24966,216,1537318,3593400
5518,9,17,24957,208,1537335,3625200
5519,10,10,24947,208,1537345,3592500
5520,14,11,24933,211,1537356,3534300
5521,18,6,24915,223,1537362,3664400
5522,9,4,24906,228,1537366,3619600
5523,14,8,24892,234,1537374,3619500
5524,9,12,24883,231,1537386,3702000
5525,12,13,24871,230,1537399,3611700
5526,8,9,24863,229,1537408,3551800
5527,4,7,24859,226,1537415,3752800
5528,8,15,24851,219,1537430,3598800
5529,9,8,24842,220,1537438,3572500
5530,15,7,24827,228,1537445,3659300
5531,11,13,24816,226,1537458,3593100
5532,16,17,24800,225,1537475,3527300
5533,12,13,24788,224,1537488,3978300
5534,8,9,24780,223,1537497,3484500
5535,10,13,24770,220,1537510,3598800
5536,5,9,24765,216,1537519,4239100
5537,8,5,24757,219,1537524,3625500
5538,13,14,24744,218,1537538,3580200
5539,7,12,24737,213,1537550,4202700
5540,8,13,24729,208,1537563,3570300
5541,6,5,24723,209,1537568,3542400
5542,6,12,24717,203,1537580,3599400
5543,5,9,24712,199,1537589,3547900
5544,7,13,24705,193,1537602,3530700
5545,9,8,24696,194,1537610,3712400
5546,7,9,24689,192,1537619,4458400
5547,7,12,24682,187,1537631,3584500
5548,6,9,24676,184,1537640,3930500
5549,7,6,24669,185,1537646,3617700
5550,10,12,24659,183,1537658,3648800
5551,4,8,24655,179,1537666,3655200
5552,11,8,24644,182,1537674,3564000
5553,9,13,24635,178,1537687,3568300
5554,9,7,24626,180,1537694,3598800
5555,11,6,24615,185,1537700,3615800
5556,11,6,24604,190,1537706,3596100
5557,5,8,24599,187,1537714,3621800
5558,5,6,24594,186,1537720,3679900
5559,12,5,24582,193,1537725,3691600
5560,13,13,24569,193,1537738,3741200
5561,12,12,24557,193,1537750,3800000
5562,11,11,24546,193,1537761,3746600
5563,12,11,24534,194,1537772,3787800
5564,12,12,24522,194,1537784,3708100
5565,9,5,24513,198,1537789,3740000
5566,10,8,24503,200,1537797,3742100
5567,4,13,24499,191,1537810,3696700
5568,8,6,24491,193,1537816,3703400
5569,5,10,24486,188,1537826,4125700
5570,10,6,24476,192,1537832,3861000
5571,11,7,24465,196,1537839,3592100
5572,7,16,24458,187,1537855,3640200
5573,5,9,24453,183,1537864,3701100
5574,10,7,24443,186,1537871,3710500
5575,4,11,24439,179,1537882,3677500
5576,6,8,24433,177,1537890,3713200
5577,8,14,24425,171,1537904,3661900
5578,7,7,24418,171,1537911,3710800
5579,3,9,24415,165,1537920,3721600
5580,8,7,24407,166,1537927,3728000
5581,9,2,24398,173,1537929,3701700
5582,7,8,24391,172,1537937,3696600
5583,7,12,24384,167,1537949,3730000
5584,9,9,24375,167,1537958,3723100
5585,11,6,24364,172,1537964,3829400
5586,8,14,24356,166,1537978,3791500
5587,4,7,24352,163,1537985,3733600
5588,8,6,24344,165,1537991,3696600
5589,12,10,24332,167,1538001,3769500
5590,4,14,24328,157,1538015,3704600
5591,11,3,24317,165,1538018,3704500
5592,8,13,24309,160,1538031,3761400
5593,4,9,24305,155,1538040,3731600
5594,5,9,24300,151,1538049,3662300
5595,2,6,24298,147,1538055,3657100
5596,9,8,24289,148,1538063,3550000
5597,13,10,24276,151,1538073,3541400
5598,11,10,24265,152,1538083,3671600
5599,7,12,24258,147,1538095,3809300
5600,6,4,24252,149,1538099,3741300
5601,8,7,24244,150,1538106,4634100
5602,12,12,24232,150,1538118,4445100
5603,10,5,24222,155,1538123,4022200
5604,12,12,24210,155,1538135,3908900
5605,8,11,24202,152,1538146,3648600
5606,8,5,24194,155,1538151,3724900
5607,10,9,24184,156,1538160,3706800
5608,7,10,24177,153,1538170,3717000
5609,6,6,24171,153,1538176,4121200
5610,6,7,24165,152,1538183,3745600
5611,7,11,24158,148,1538194,3650900
5612,7,7,24151,148,1538201,3776600
5613,2,8,24149,142,1538209,3607600
5614,8,7,24141,143,1538216,3561900
5615,4,6,24137,141,1538222,3673700
5616,3,9,24134,135,1538231,3571200
5617,8,5,24126,138,1538236,3561100
5618,7,11,24119,134,1538247,3602400
5619,7,7,24112,134,1538254,3556900
5620,4,6,24108,132,1538260,3510600
5621,10,8,24098,134,1538268,3539300
5622,4,6,24094,132,1538274,3531600
5623,2,6,24092,128,1538280,3595900
5624,3,3,24089,128,1538283,3664600
5625,4,7,24085,125,1538290,3575700
5626,6,7,24079,124,1538297,3532400
5627,3,8,24076,119,1538305,3583900
5628,5,6,24071,118,1538311,3586000
5629,4,8,24067,114,1538319,3561800
5630,10,10,24057,114,1538329,3697000
5631,4,5,24053,113,1538334,3585900
5632,3,5,24050,111,1538339,3572900
5633,6,7,24044,110,1538346,3584600
5634,6,4,24038,112,1538350,3526800
5635,6,7,24032,111,1538357,3537000
5636,5,6,24027,110,1538363,3579300
5637,3,8,24024,105,1538371,3639700
5638,3,5,24021,103,1538376,3593900
5639,6,4,24015,105,1538380,3581000
5640,8,11,24007,102,1538391,3559900
5641,1,4,24006,99,1538395,3549200
5642,6,7,24000,98,1538402,3577000
5643,1,6,23999,93,1538408,3577500
5644,3,4,23996,92,1538412,3546100
5645,4,5,23992,91,1538417,3575600
5646,3,5,23989,89,1538422,3588900
5647,5,5,23984,89,1538427,3568500
5648,1,5,23983,85,1538432,3567400
5649,3,4,23980,84,1538436,3637900
5650,3,4,23977,83,1538440,3654700
5651,2,3,23975,82,1538443,3644100
5652,3,2,23972,83,1538445,3700600
5653,2,5,23970,80,1538450,3663300
5654,2,1,23968,81,1538451,3810100
5655,3,4,23965,80,1538455,3510700
5656,3,3,23962,80,1538458,3482100
5657,5,6,23957,79,1538464,3460200
5658,1,5,23956,75,1538469,3567000
5659,2,5,23954,72,1538474,3509900
5660,1,3,23953,70,1538477,3509700
5661,3,3,23950,70,1538480,3620000
5662,3,3,23947,70,1538483,3618000
5663,1,5,23946,66,1538488,3587200
5664,0,3,23946,63,1538491,3603100
5665,0,3,23946,60,1538494,3515200
5666,2,2,23944,60,1538496,3502000
5667,2,3,23942,59,1538499,3581700
5668,3,3,23939,59,1538502,3901600
5669,3,4,23936,58,1538506,3463000
5670,1,1,23935,58,1538507,3661600
5671,1,4,23934,55,1538511,3478600
5672,0,6,23934,49,1538517,3476400
5673,1,2,23933,48,1538519,3569300
5674,2,4,23931,46,1538523,3803000
5675,0,2,23931,44,1538525,3583100
5676,3,4,23928,43,1538529,3545000
5677,4,1,23924,46,1538530,3529300
5678,0,1,23924,45,1538531,3498500
5679,0,4,23924,41,1538535,3538500
5680,1,2,23923,40,1538537,3466800
5681,0,1,23923,39,1538538,3492400
5682,2,0,23921,41,1538538,3542400
5683,1,5,23920,37,1538543,3546600
5684,0,0,23920,37,1538543,3532200
5685,0,2,23920,35,1538545,3656000
5686,0,1,23920,34,1538546,3593300
5687,2,1,23918,35,1538547,3686500
5688,1,2,23917,34,1538549,3663400
5689,0,0,23917,34,1538549,3639300
5690,0,0,23917,34,1538549,3644600
5691,0,4,23917,30,1538553,3613300
5692,0,5,23917,25,1538558,3587200
5693,0,0,23917,25,1538558,3582100
5694,1,2,23916,24,1538560,3651400
5695,0,1,23916,23,1538561,3640600
5696,0,2,23916,21,1538563,3633400
5697,0,1,23916,20,1538564,3655300
5698,0,2,23916,18,1538566,3560900
5699,0,1,23916,17,1538567,3550700
5700,0,0,23916,17,1538567,3744200
5701,2,2,23914,17,1538569,3698600
5702,1,0,23913,18,1538569,3687300
5703,0,0,23913,18,1538569,3932100
5704,0,1,23913,17,1538570,3581100
5705,0,0,23913,17,1538570,3494000
5706,1,1,23912,17,1538571,3569400
5707,2,0,23910,19,1538571,3514400
5708,3,1,23907,21,1538572,3499000
5709,2,0,23905,23,1538572,3731400
5710,1,0,23904,24,1538572,3661500
5711,1,2,23903,23,1538574,3605900
5712,2,1,23901,24,1538575,3962200
5713,3,1,23898,26,1538576,3631800
5714,2,4,23896,24,1538580,3721900
5715,1,1,23895,24,1538581,3578600
5716,1,1,23894,24,1538582,4065100
5717,2,0,23892,26,1538582,3972800
5718,0,0,23892,26,1538582,4176400
5719,2,5,23890,23,1538587,3868000
5720,2,0,23888,25,1538587,4138000
5721,1,1,23887,25,1538588,3748200
5722,2,3,23885,24,1538591,3714500
5723,1,2,23884,23,1538593,3881800
5724,1,1,23883,23,1538594,3790400
5725,1,1,23882,23,1538595,3913200
5726,1,0,23881,24,1538595,3927600
5727,0,1,23881,23,1538596,3833000
5728,0,1,23881,22,1538597,3916500
5729,1,2,23880,21,1538599,4446000
5730,1,1,23879,21,1538600,3936100
5731,1,0,23878,22,1538600,4338500
5732,2,1,23876,23,1538601,4439500
5733,0,2,23876,21,1538603,3978200
5734,1,1,23875,21,1538604,6343800
5735,1,1,23874,21,1538605,5159100
5736,0,2,23874,19,1538607,3961100
5737,1,1,23873,19,1538608,3987500
5738,0,0,23873,19,1538608,3752100
5739,1,2,23872,18,1538610,3692800
5740,0,1,23872,17,1538611,3700100
5741,0,0,23872,17,1538611,3663700
5742,1,0,23871,18,1538611,3745200
5743,0,0,23871,18,1538611,4011800
5744,0,1,23871,17,1538612,3967500
5745,0,0,23871,17,1538612,3862700
5746,0,0,23871,17,1538612,3946500
5747,0,3,23871,14,1538615,3848800
5748,0,0,23871,14,1538615,3787000
5749,1,1,23870,14,1538616,3725600
5750,0,0,23870,14,1538616,3720400
5751,0,0,23870,14,1538616,3707700
5752,1,0,23869,15,1538616,4843500
5753,1,2,23868,14,1538618,3769200
5754,1,0,23867,15,1538618,3869500
5755,0,1,23867,14,1538619,3723400
5756,0,0,23867,14,1538619,3729100
5757,0,0,23867,14,1538619,3796500
5758,0,1,23867,13,1538620,3761700
5759,1,1,23866,13,1538621,3731400
5760,0,1,23866,12,1538622,3820900
5761,0,0,23866,12,1538622,3719000
5762,0,1,23866,11,1538623,3755600
5763,0,1,23866,10,1538624,3816200
5764,0,0,23866,10,1538624,3755900
5765,0,1,23866,9,1538625,3781200
5766,0,0,23866,9,1538625,3749200
5767,0,0,23866,9,1538625,3721600
5768,0,0,23866,9,1538625,3783100
5769,0,1,23866,8,1538626,3715100
5770,0,1,23866,7,1538627,3741900
5771,0,0,23866,7,1538627,3828700
5772,0,0,23866,7,1538627,3769700
5773,0,0,23866,7,1538627,3853500
5774,0,1,23866,6,1538628,4030400
5775,0,0,23866,6,1538628,4028500
5776,0,0,23866,6,1538628,4058100
5777,0,0,23866,6,1538628,4216100
5778,0,0,23866,6,1538628,3826300
5779,0,0,23866,6,1538628,3860100
5780,0,0,23866,6,1538628,3922600
5781,0,0,23866,6,1538628,3961800
5782,0,1,23866,5,1538629,4233900
5783,0,0,23866,5,1538629,4084500
5784,0,0,23866,5,1538629,4043100
5785,0,0,23866,5,1538629,4564400
5786,0,1,23866,4,1538630,4570300
5787,0,0,23866,4,1538630,4153200
5788,0,1,23866,3,1538631,3833000
5789,0,0,23866,3,1538631,3852800
5790,0,0,23866,3,1538631,3974200
5791,0,0,23866,3,1538631,3992900
5792,0,0,23866,3,1538631,3858000
5793,0,0,23866,3,1538631,4328400
5794,0,0,23866,3,1538631,4237000
5795,0,0,23866,3,1538631,4273300
5796,0,0,23866,3,1538631,4154200
5797,0,0,23866,3,1538631,4093400
5798,0,0,23866,3,1538631,3967000
5799,0,0,23866,3,1538631,3912100
5800,0,0,23866,3,1538631,3956600
5801,0,2,23866,1,1538633,3853200
5802,0,0,23866,1,1538633,3774900
5803,0,0,23866,1,1538633,3859400
5804,0,0,23866,1,1538633,3796800
5805,0,0,23866,1,1538633,3782300
5806,0,0,23866,1,1538633,3886500
5807,0,0,23866,1,1538633,3818500
5808,0,0,23866,1,1538633,3809000
5809,0,0,23866,1,1538633,4312200
5810,0,0,23866,1,1538633,4243700
5811,0,0,23866,1,1538633,4191200
5812,0,0,23866,1,1538633,4515800
5813,0,0,23866,1,1538633,4074500
5814,0,0,23866,1,1538633,4266100
5815,0,0,23866,1,1538633,4421800
5816,0,0,23866,1,1538633,3857800
5817,0,0,23866,1,1538633,3710000
5818,0,0,23866,1,1538633,3714900
5819,0,0,23866,1,1538633,3895300
5820,0,0,23866,1,1538633,3741400
5821,0,0,23866,1,1538633,3731200
5822,0,0,23866,1,1538633,3858900
5823,0,0,23866,1,1538633,3843700
5824,0,0,23866,1,1538633,4109100
5825,0,0,23866,1,1538633,3848500
5826,0,0,23866,1,1538633,3723300
5827,0,0,23866,1,1538633,3792200
5828,0,0,23866,1,1538633,3702200
5829,0,0,23866,1,1538633,3695300
5830,0,0,23866,1,1538633,4163100
5831,0,0,23866,1,1538633,3704400
5832,0,0,23866,1,1538633,3699900
5833,0,0,23866,1,1538633,3710000
5834,0,0,23866,1,1538633,3696800
5835,0,0,23866,1,1538633,3710600
5836,0,0,23866,1,1538633,3777500
5837,0,0,23866,1,1538633,3686900
5838,0,0,23866,1,1538633,3687800
5839,0,0,23866,1,1538633,3826200
5840,0,0,23866,1,1538633,3752500
5841,0,0,23866,1,1538633,3680400
5842,0,1,23866,0,1538634,3896100
