Tick,NewlyInfected,NewlyRecovered,TotalSusceptible,TotalInfected,TotalRecovered,StepTimeNanos
0,1,0,1562494,6,0,16877900
1,4,0,1562490,10,0,17868300
2,3,0,1562487,13,0,3463700
3,3,0,1562484,16,0,3425800
4,6,0,1562478,22,0,4221400
5,4,1,1562474,25,1,3513300
6,1,2,1562473,24,3,3799100
7,5,1,1562468,28,4,3737200
8,4,2,1562464,30,6,3958600
9,14,4,1562450,40,10,3709900
10,4,3,1562446,41,13,3695000
11,5,3,1562441,43,16,3668400
12,6,3,1562435,46,19,3671000
13,6,1,1562429,51,20,3959500
14,4,1,1562425,54,21,3625400
15,9,0,1562416,63,21,3707000
16,7,4,1562409,66,25,3963600
17,6,3,1562403,69,28,4129200
18,5,2,1562398,72,30,3980500
19,7,7,1562391,72,37,3797300
20,6,8,1562385,70,45,4072300
21,9,5,1562376,74,50,4170700
22,7,5,1562369,76,55,3586100
23,8,0,1562361,84,55,3579200
24,3,3,1562358,84,58,3600600
25,6,6,1562352,84,64,3627500
26,13,6,1562339,91,70,3686200
27,10,3,1562329,98,73,3614700
28,9,8,1562320,99,81,3612400
29,9,6,1562311,102,87,3731000
30,13,6,1562298,109,93,3745400
31,13,8,1562285,114,101,3878300
32,12,12,1562273,114,113,3893200
33,14,1,1562259,127,114,3953200
34,13,9,1562246,131,123,3781900
35,16,7,1562230,140,130,3876200
36,23,3,1562207,160,133,3836500
37,15,9,1562192,166,142,3985100
38,18,6,1562174,178,148,3905800
39,14,8,1562160,184,156,3797300
40,11,7,1562149,188,163,3869000
41,26,8,1562123,206,171,3923200
42,18,14,1562105,210,185,3852300
43,21,15,1562084,216,200,3939400
44,25,10,1562059,231,210,4039100
45,22,14,1562037,239,224,3800800
46,31,16,1562006,254,240,3789700
47,20,15,1561986,259,255,3823400
48,29,10,1561957,278,265,3861200
49,21,16,1561936,283,281,3839500
50,23,22,1561913,284,303,3799800
51,27,18,1561886,293,321,3845700
52,20,17,1561866,296,338,3942800
53,30,11,1561836,315,349,3825800
54,31,21,1561805,325,370,3821800
55,34,17,1561771,342,387,3846400
56,24,18,1561747,348,405,4141900
57,37,18,1561710,367,423,3835600
58,38,17,1561672,388,440,3799000
59,32,14,1561640,406,454,3801700
60,29,13,1561611,422,467,4330600
61,41,25,1561570,438,492,3947300
62,39,17,1561531,460,509,3870000
63,35,19,1561496,476,528,3828400
64,40,22,1561456,494,550,3855200
65,33,24,1561423,503,574,3856200
66,36,22,1561387,517,596,3881600
67,33,27,1561354,523,623,3887600
68,41,25,1561313,539,648,4269200
69,44,29,1561269,554,677,3872100
70,40,33,1561229,561,710,4020300
71,35,24,1561194,572,734,3852100
72,42,28,1561152,586,762,3730500
73,40,24,1561112,602,786,3688400
74,42,32,1561070,612,818,3686300
75,38,33,1561032,617,851,3653100
76,46,27,1560986,636,878,4042000
77,35,27,1560951,644,905,3728800
78,50,37,1560901,657,942,3684600
79,60,33,1560841,684,975,3667800
80,48,28,1560793,704,1003,3703100
81,56,45,1560737,715,1048,3720800
82,48,39,1560689,724,1087,3774400
83,56,46,1560633,734,1133,3769300
84,45,26,1560588,753,1159,4034600
85,53,32,1560535,774,1191,3995000
86,47,38,1560488,783,1229,3891600
87,61,41,1560427,803,1270,4305000
88,45,38,1560382,810,1308,4133100
89,58,44,1560324,824,1352,3852500
90,56,42,1560268,838,1394,3790500
91,60,35,1560208,863,1429,3715900
92,67,46,1560141,884,1475,3725500
93,83,43,1560058,924,1518,3776300
94,65,41,1559993,948,1559,4312700
95,54,47,1559939,955,1606,4159400
96,64,60,1559875,959,1666,4727600
97,74,52,1559801,981,1718,4466300
98,73,41,1559728,1013,1759,4222600
99,50,63,1559678,1000,1822,4197800
100,69,48,1559609,1021,1870,4346100
101,73,52,1559536,1042,1922,4117900
102,60,47,1559476,1055,1969,4048000
103,74,53,1559402,1076,2022,4250800
104,66,51,1559336,1091,2073,11037900
105,79,56,1559257,1114,2129,6644500
106,78,59,1559179,1133,2188,15484600
107,64,46,1559115,1151,2234,5353900
108,75,68,1559040,1158,2302,5522600
109,83,57,1558957,1184,2359,4702600
110,82,74,1558875,1192,2433,4421200
111,88,61,1558787,1219,2494,4915000
112,75,48,1558712,1246,2542,5152900
113,76,62,1558636,1260,2604,4139600
114,82,73,1558554,1269,2677,3985500
115,71,68,1558483,1272,2745,10528400
116,91,74,1558392,1289,2819,5390600
117,78,57,1558314,1310,2876,5556400
118,72,65,1558242,1317,2941,5406800
119,62,68,1558180,1311,3009,4703300
120,77,59,1558103,1329,3068,4987800
121,93,69,1558010,1353,3137,5312100
122,71,66,1557939,1358,3203,4493300
123,80,70,1557859,1368,3273,4347000
124,89,75,1557770,1382,3348,4233300
125,74,81,1557696,1375,3429,4379400
126,100,67,1557596,1408,3496,4475100
127,106,63,1557490,1451,3559,5501300
128,93,78,1557397,1466,3637,5359000
129,95,64,1557302,1497,3701,4509800
130,89,90,1557213,1496,3791,4076500
131,85,71,1557128,1510,3862,4019900
132,96,72,1557032,1534,3934,4020500
133,112,75,1556920,1571,4009,4538100
134,98,85,1556822,1584,4094,4143200
135,88,61,1556734,1611,4155,4249700
136,93,82,1556641,1622,4237,4386000
137,82,70,1556559,1634,4307,4367400
138,84,92,1556475,1626,4399,4097100
139,99,84,1556376,1641,4483,3937300
140,105,84,1556271,1662,4567,4258800
141,87,95,1556184,1654,4662,3934100
142,105,86,1556079,1673,4748,4120600
143,111,90,1555968,1694,4838,4123600
144,107,76,1555861,1725,4914,4041600
145,98,74,1555763,1749,4988,4098900
146,111,82,1555652,1778,5070,3872000
147,111,81,1555541,1808,5151,3878300
148,113,73,1555428,1848,5224,4347600
149,103,96,1555325,1855,5320,3963000
150,112,102,1555213,1865,5422,3943800
151,89,101,1555124,1853,5523,4000700
152,97,84,1555027,1866,5607,5101700
153,97,94,1554930,1869,5701,4513600
154,124,92,1554806,1901,5793,4172600
155,125,95,1554681,1931,5888,4656800
156,94,99,1554587,1926,5987,3939300
157,104,112,1554483,1918,6099,3924100
158,106,115,1554377,1909,6214,3919300
159,112,98,1554265,1923,6312,4054600
160,118,95,1554147,1946,6407,4024400
161,124,91,1554023,1979,6498,4001400
162,117,91,1553906,2005,6589,3985600
163,119,109,1553787,2015,6698,4069900
164,111,107,1553676,2019,6805,3960000
165,117,101,1553559,2035,6906,4031400
166,121,105,1553438,2051,7011,3966700
167,129,96,1553309,2084,7107,3946800
168,128,101,1553181,2111,7208,3993700
169,116,97,1553065,2130,7305,3972900
170,118,112,1552947,2136,7417,3965600
171,148,97,1552799,2187,7514,4217500
172,118,121,1552681,2184,7635,3951800
173,103,113,1552578,2174,7748,3934900
174,115,125,1552463,2164,7873,3921200
175,129,106,1552334,2187,7979,3921900
176,140,106,1552194,2221,8085,4043800
177,126,108,1552068,2239,8193,3915300
178,114,125,1551954,2228,8318,3988800
179,134,99,1551820,2263,8417,4226300
180,117,113,1551703,2267,8530,4137200
181,114,113,1551589,2268,8643,4169400
182,113,104,1551476,2277,8747,4720000
183,140,123,1551336,2294,8870,4167900
184,114,113,1551222,2295,8983,3979500
185,127,110,1551095,2312,9093,4044300
186,134,107,1550961,2339,9200,4011900
187,151,115,1550810,2375,9315,4050800
188,128,113,1550682,2390,9428,4485500
189,134,112,1550548,2412,9540,5086200
190,146,116,1550402,2442,9656,4626200
191,134,127,1550268,2449,9783,4449800
192,142,118,1550126,2473,9901,4897000
193,114,106,1550012,2481,10007,4439400
194,152,134,1549860,2499,10141,4638300
195,139,142,1549721,2496,10283,4551500
196,142,131,1549579,2507,10414,4161200
197,161,134,1549418,2534,10548,4363400
198,154,127,1549264,2561,10675,4646300
199,140,128,1549124,2573,10803,4872700
200,138,130,1548986,2581,10933,7811800
201,129,126,1548857,2584,11059,7393100
202,154,126,1548703,2612,11185,10360700
203,163,154,1548540,2621,11339,4457400
204,145,139,1548395,2627,11478,4282000
205,157,129,1548238,2655,11607,4482700
206,162,146,1548076,2671,11753,4276000
207,145,146,1547931,2670,11899,4462400
208,151,130,1547780,2691,12029,4280400
209,139,131,1547641,2699,12160,4543000
210,158,119,1547483,2738,12279,6811200
211,148,129,1547335,2757,12408,5789300
212,177,134,1547158,2800,12542,6095000
213,172,133,1546986,2839,12675,4639500
214,180,138,1546806,2881,12813,4891400
215,171,141,1546635,2911,12954,4949700
216,148,152,1546487,2907,13106,4377000
217,159,141,1546328,2925,13247,4704700
218,171,158,1546157,2938,13405,4297900
219,174,149,1545983,2963,13554,4762800
220,144,159,1545839,2948,13713,4354600
221,160,137,1545679,2971,13850,4317600
222,194,139,1545485,3026,13989,4451100
223,171,146,1545314,3051,14135,4786300
224,166,133,1545148,3084,14268,4883300
225,197,140,1544951,3141,14408,4553800
226,184,152,1544767,3173,14560,5209900
227,184,157,1544583,3200,14717,5342700
228,212,143,1544371,3269,14860,5320700
229,181,165,1544190,3285,15025,5235400
230,195,165,1543995,3315,15190,5372700
231,195,158,1543800,3352,15348,4374000
232,193,171,1543607,3374,15519,5195500
233,194,165,1543413,3403,15684,4995100
234,170,147,1543243,3426,15831,4615700
235,185,157,1543058,3454,15988,4166400
236,199,181,1542859,3472,16169,4059900
237,215,194,1542644,3493,16363,4158200
238,200,173,1542444,3520,16536,4089300
239,191,179,1542253,3532,16715,4636600
240,198,168,1542055,3562,16883,4128100
241,217,174,1541838,3605,17057,4056600
242,195,175,1541643,3625,17232,4190200
243,185,176,1541458,3634,17408,4122300
244,181,168,1541277,3647,17576,3961800
245,192,191,1541085,3648,17767,3933400
246,215,184,1540870,3679,17951,3936700
247,192,160,1540678,3711,18111,3910700
248,210,173,1540468,3748,18284,3942900
249,202,184,1540266,3766,18468,3889600
250,184,189,1540082,3761,18657,4261300
251,198,182,1539884,3777,18839,4063000
252,212,199,1539672,3790,19038,3944900
253,189,187,1539483,3792,19225,4191900
254,190,182,1539293,3800,19407,4325100
255,173,161,1539120,3812,19568,5190100
256,213,196,1538907,3829,19764,4048700
257,214,167,1538693,3876,19931,3926200
258,188,173,1538505,3891,20104,4385600
259,182,205,1538323,3868,20309,3958500
260,192,182,1538131,3878,20491,3989400
261,184,185,1537947,3877,20676,4015800
262,185,199,1537762,3863,20875,4381500
263,188,188,1537574,3863,21063,4079400
264,232,211,1537342,3884,21274,3995800
265,195,182,1537147,3897,21456,4203900
266,199,181,1536948,3915,21637,4021800
267,216,188,1536732,3943,21825,3907100
268,213,172,1536519,3984,21997,3866500
269,219,209,1536300,3994,22206,4070100
270,222,187,1536078,4029,22393,4033300
271,227,200,1535851,4056,22593,3992500
272,198,230,1535653,4024,22823,3965400
273,224,212,1535429,4036,23035,4232200
274,216,211,1535213,4041,23246,3928200
275,229,192,1534984,4078,23438,3900200
276,248,191,1534736,4135,23629,3981000
277,237,209,1534499,4163,23838,4491400
278,237,225,1534262,4175,24063,3983800
279,241,206,1534021,4210,24269,3944600
280,210,208,1533811,4212,24477,3920500
281,230,231,1533581,4211,24708,3957400
282,216,206,1533365,4221,24914,3899300
283,217,203,1533148,4235,25117,3896200
284,231,229,1532917,4237,25346,3894300
285,204,216,1532713,4225,25562,4360100
286,234,221,1532479,4238,25783,3986800
287,245,214,1532234,4269,25997,4039100
288,234,225,1532000,4278,26222,4006700
289,236,237,1531764,4277,26459,4213000
290,224,232,1531540,4269,26691,4146900
291,225,211,1531315,4283,26902,4158600
292,213,240,1531102,4256,27142,4627800
293,217,205,1530885,4268,27347,4142700
294,227,195,1530658,4300,27542,4196300
295,234,223,1530424,4311,27765,4066800
296,231,225,1530193,4317,27990,4497900
297,230,214,1529963,4333,28204,4016700
298,240,238,1529723,4335,28442,3971200
299,223,231,1529500,4327,28673,3938400
300,228,231,1529272,4324,28904,3957200
301,235,226,1529037,4333,29130,3981100
302,234,227,1528803,4340,29357,4011200
303,227,226,1528576,4341,29583,4055500
304,205,211,1528371,4335,29794,4259600
305,229,238,1528142,4326,30032,4353500
306,221,215,1527921,4332,30247,4256700
307,220,233,1527701,4319,30480,4422500
308,221,227,1527480,4313,30707,4501900
309,232,198,1527248,4347,30905,3992700
310,213,230,1527035,4330,31135,3873800
311,218,222,1526817,4326,31357,4162700
312,231,199,1526586,4358,31556,3773900
313,228,219,1526358,4367,31775,3929200
314,230,231,1526128,4366,32006,3998900
315,252,213,1525876,4405,32219,3941100
316,212,239,1525664,4378,32458,3786800
317,254,210,1525410,4422,32668,3754100
318,245,200,1525165,4467,32868,3814300
319,233,237,1524932,4463,33105,4794100
320,244,206,1524688,4501,33311,4758200
321,240,218,1524448,4523,33529,4488200
322,248,236,1524200,4535,33765,4704500
323,234,220,1523966,4549,33985,4384400
324,260,242,1523706,4567,34227,4277300
325,232,224,1523474,4575,34451,4362700
326,236,221,1523238,4590,34672,4960200
327,246,228,1522992,4608,34900,4850000
328,261,240,1522731,4629,35140,4262800
329,222,230,1522509,4621,35370,4297900
330,223,228,1522286,4616,35598,4212600
331,254,245,1522032,4625,35843,4246400
332,265,218,1521767,4672,36061,4294200
333,226,231,1521541,4667,36292,4369900
334,237,253,1521304,4651,36545,4287000
335,267,251,1521037,4667,36796,4229600
336,259,235,1520778,4691,37031,4250000
337,229,219,1520549,4701,37250,4290600
338,242,265,1520307,4678,37515,4256800
339,236,246,1520071,4668,37761,4173000
340,243,247,1519828,4664,38008,4221700
341,253,255,1519575,4662,38263,4257400
342,262,253,1519313,4671,38516,5086700
343,247,246,1519066,4672,38762,5548600
344,245,252,1518821,4665,39014,4765300
345,254,252,1518567,4667,39266,4677300
346,231,220,1518336,4678,39486,4381400
347,252,230,1518084,4700,39716,4583300
348,284,224,1517800,4760,39940,4447600
349,239,232,1517561,4767,40172,4853800
350,250,254,1517311,4763,40426,4220400
351,272,199,1517039,4836,40625,4185800
352,272,249,1516767,4859,40874,4119100
353,267,231,1516500,4895,41105,4115900
354,283,241,1516217,4937,41346,4114100
355,289,229,1515928,4997,41575,4058500
356,277,259,1515651,5015,41834,4018300
357,265,265,1515386,5015,42099,4048100
358,253,254,1515133,5014,42353,4109400
359,301,270,1514832,5045,42623,4626100
360,276,259,1514556,5062,42882,4693800
361,296,243,1514260,5115,43125,4629400
362,258,253,1514002,5120,43378,4360500
363,291,247,1513711,5164,43625,4375600
364,301,282,1513410,5183,43907,4636900
365,271,241,1513139,5213,44148,4449500
366,266,292,1512873,5187,44440,4471500
367,276,258,1512597,5205,44698,4371900
368,270,265,1512327,5210,44963,4447500
369,259,258,1512068,5211,45221,4337900
370,286,281,1511782,5216,45502,4320400
371,250,271,1511532,5195,45773,4572100
372,272,246,1511260,5221,46019,4533400
373,266,262,1510994,5225,46281,4400900
374,252,235,1510742,5242,46516,4438200
375,271,248,1510471,5265,46764,5339900
376,245,263,1510226,5247,47027,4455600
377,273,261,1509953,5259,47288,4969700
378,286,278,1509667,5267,47566,4888700
379,267,238,1509400,5296,47804,4474100
380,285,246,1509115,5335,48050,4419400
381,313,283,1508802,5365,48333,4808600
382,295,260,1508507,5400,48593,4461400
383,298,286,1508209,5412,48879,4309600
384,302,288,1507907,5426,49167,4238500
385,319,264,1507588,5481,49431,4617600
386,262,266,1507326,5477,49697,4195600
387,281,254,1507045,5504,49951,4146300
388,295,289,1506750,5510,50240,4086000
389,302,307,1506448,5505,50547,4099800
390,273,252,1506175,5526,50799,4039600
391,300,267,1505875,5559,51066,4032500
392,291,275,1505584,5575,51341,4049200
393,315,261,1505269,5629,51602,4097400
394,285,288,1504984,5626,51890,4106500
395,303,284,1504681,5645,52174,4128800
396,308,290,1504373,5663,52464,4149700
397,297,289,1504076,5671,52753,4430200
398,318,272,1503758,5717,53025,4090100
399,288,285,1503470,5720,53310,4057200
400,317,290,1503153,5747,53600,4031600
401,304,278,1502849,5773,53878,4014200
402,321,288,1502528,5806,54166,4004000
403,330,278,1502198,5858,54444,3974300
404,275,311,1501923,5822,54755,4231300
405,289,304,1501634,5807,55059,4060000
406,313,301,1501321,5819,55360,4048800
407,313,305,1501008,5827,55665,4018000
408,321,306,1500687,5842,55971,4341800
409,290,329,1500397,5803,56300,4205600
410,308,280,1500089,5831,56580,4145700
411,310,307,1499779,5834,56887,4136500
412,325,274,1499454,5885,57161,4579900
413,320,303,1499134,5902,57464,4080900
414,309,309,1498825,5902,57773,4084100
415,341,287,1498484,5956,58060,4063300
416,309,299,1498175,5966,58359,4097700
417,308,299,1497867,5975,58658,4054700
418,347,287,1497520,6035,58945,4017100
419,327,294,1497193,6068,59239,4120800
420,303,254,1496890,6117,59493,4382300
421,326,313,1496564,6130,59806,4387900
422,306,301,1496258,6135,60107,4688600
423,316,287,1495942,6164,60394,4943100
424,324,305,1495618,6183,60699,4483700
425,316,319,1495302,6180,61018,4560900
426,320,315,1494982,6185,61333,5369800
427,304,310,1494678,6179,61643,5002900
428,310,292,1494368,6197,61935,4653100
429,309,307,1494059,6199,62242,5088200
430,328,300,1493731,6227,62542,5266200
431,325,320,1493406,6232,62862,4636700
432,359,281,1493047,6310,63143,4846400
433,303,302,1492744,6311,63445,4752400
434,297,310,1492447,6298,63755,4813700
435,352,308,1492095,6342,64063,4477700
436,327,337,1491768,6332,64400,4764600
437,313,331,1491455,6314,64731,4565000
438,312,333,1491143,6293,65064,4550400
439,353,303,1490790,6343,65367,4832300
440,335,316,1490455,6362,65683,4507400
441,341,297,1490114,6406,65980,4419500
442,339,322,1489775,6423,66302,4751500
443,307,289,1489468,6441,66591,4558700
444,350,342,1489118,6449,66933,5007700
445,346,309,1488772,6486,67242,4786000
446,329,341,1488443,6474,67583,4503100
447,348,299,1488095,6523,67882,4468500
448,357,317,1487738,6563,68199,4567800
449,385,336,1487353,6612,68535,4577700
450,347,338,1487006,6621,68873,4530000
451,353,365,1486653,6609,69238,4454700
452,342,319,1486311,6632,69557,4703900
453,344,332,1485967,6644,69889,4702800
454,345,325,1485622,6664,70214,4559000
455,341,342,1485281,6663,70556,4525300
456,341,332,1484940,6672,70888,4926500
457,348,320,1484592,6700,71208,4481200
458,361,338,1484231,6723,71546,4479500
459,332,357,1483899,6698,71903,4676200
460,351,327,1483548,6722,72230,4512600
461,339,299,1483209,6762,72529,4486500
462,364,323,1482845,6803,72852,4628300
463,333,350,1482512,6786,73202,4562300
464,357,349,1482155,6794,73551,4528900
465,348,336,1481807,6806,73887,4516800
466,331,342,1481476,6795,74229,4661100
467,370,326,1481106,6839,74555,4521700
468,380,320,1480726,6899,74875,4578200
469,342,328,1480384,6913,75203,5172200
470,335,349,1480049,6899,75552,5791800
471,360,334,1479689,6925,75886,5509300
472,356,337,1479333,6944,76223,4650700
473,377,344,1478956,6977,76567,4512100
474,354,328,1478602,7003,76895,4420200
475,348,357,1478254,6994,77252,4400300
476,377,361,1477877,7010,77613,4660400
477,348,363,1477529,6995,77976,4455100
478,364,322,1477165,7037,78298,4353400
479,368,349,1476797,7056,78647,4794700
480,356,383,1476441,7029,79030,4422900
481,372,357,1476069,7044,79387,4440400
482,366,370,1475703,7040,79757,4462000
483,373,345,1475330,7068,80102,4563800
484,380,352,1474950,7096,80454,4738100
485,377,322,1474573,7151,80776,4559200
486,384,351,1474189,7184,81127,4803500
487,344,384,1473845,7144,81511,4549300
488,366,357,1473479,7153,81868,4602700
489,388,349,1473091,7192,82217,4666700
490,330,367,1472761,7155,82584,4509900
491,340,329,1472421,7166,82913,4590200
492,372,357,1472049,7181,83270,4673900
493,363,355,1471686,7189,83625,5266200
494,338,368,1471348,7159,83993,4828600
495,355,377,1470993,7137,84370,4742200
496,350,368,1470643,7119,84738,4696600
497,362,338,1470281,7143,85076,5085400
498,395,351,1469886,7187,85427,4658200
499,384,342,1469502,7229,85769,4628800
500,389,344,1469113,7274,86113,4530500
501,403,360,1468710,7317,86473,4570200
502,365,338,1468345,7344,86811,4918500
503,394,347,1467951,7391,87158,5039500
504,385,390,1467566,7386,87548,5250100
505,442,349,1467124,7479,87897,5409500
506,370,405,1466754,7444,88302,5714000
507,389,380,1466365,7453,88682,4815900
508,403,392,1465962,7464,89074,4829300
509,423,398,1465539,7489,89472,4856200
510,410,388,1465129,7511,89860,4816900
511,386,391,1464743,7506,90251,4894500
512,385,361,1464358,7530,90612,4874100
513,403,368,1463955,7565,90980,4926200
514,417,380,1463538,7602,91360,4974300
515,413,375,1463125,7640,91735,4965100
516,414,390,1462711,7664,92125,7009500
517,416,403,1462295,7677,92528,7997700
518,411,364,1461884,7724,92892,5331200
519,383,373,1461501,7734,93265,4997900
520,422,398,1461079,7758,93663,6311900
521,428,358,1460651,7828,94021,7909000
522,418,405,1460233,7841,94426,7528000
523,438,385,1459795,7894,94811,5414400
524,405,404,1459390,7895,95215,5651300
525,383,392,1459007,7886,95607,6435200
526,413,387,1458594,7912,95994,5867600
527,384,432,1458210,7864,96426,5279100
528,430,404,1457780,7890,96830,6155900
529,415,392,1457365,7913,97222,6280800
530,410,434,1456955,7889,97656,6573600
531,423,381,1456532,7931,98037,5625700
532,423,394,1456109,7960,98431,5365800
533,405,375,1455704,7990,98806,4845700
534,388,402,1455316,7976,99208,5181800
535,393,395,1454923,7974,99603,5407300
536,416,399,1454507,7991,100002,4762900
537,420,398,1454087,8013,100400,4896700
538,438,442,1453649,8009,100842,4824300
539,401,389,1453248,8021,101231,5809100
540,440,420,1452808,8041,101651,5418200
541,395,423,1452413,8013,102074,5103600
542,422,417,1451991,8018,102491,5040800
543,440,392,1451551,8066,102883,4899200
544,446,412,1451105,8100,103295,5081500
545,414,395,1450691,8119,103690,4927300
546,405,401,1450286,8123,104091,4773000
547,398,433,1449888,8088,104524,4804100
548,427,404,1449461,8111,104928,5285200
549,422,400,1449039,8133,105328,4640900
550,406,374,1448633,8165,105702,4506100
551,417,412,1448216,8170,106114,4826600
552,438,377,1447778,8231,106491,4839000
553,408,404,1447370,8235,106895,4549100
554,404,411,1446966,8228,107306,4554700
555,401,405,1446565,8224,107711,4548700
556,431,414,1446134,8241,108125,4720400
557,443,408,1445691,8276,108533,4730300
558,466,405,1445225,8337,108938,5132300
559,417,413,1444808,8341,109351,5052300
560,471,407,1444337,8405,109758,5562500
561,415,424,1443922,8396,110182,4813200
562,430,420,1443492,8406,110602,4813700
563,449,468,1443043,8387,111070,4728300
564,446,432,1442597,8401,111502,4970000
565,427,398,1442170,8430,111900,4631300
566,466,410,1441704,8486,112310,4878900
567,446,421,1441258,8511,112731,4804200
568,460,403,1440798,8568,113134,4799700
569,453,471,1440345,8550,113605,4771600
570,474,424,1439871,8600,114029,4741500
571,440,409,1439431,8631,114438,5149500
572,476,429,1438955,8678,114867,4930200
573,450,432,1438505,8696,115299,4703700
574,452,414,1438053,8734,115713,5051800
575,477,449,1437576,8762,116162,4650500
576,475,476,1437101,8761,116638,4660600
577,427,420,1436674,8768,117058,4972500
578,464,430,1436210,8802,117488,4734800
579,493,407,1435717,8888,117895,4921200
580,508,430,1435209,8966,118325,4813400
581,447,461,1434762,8952,118786,4837100
582,488,462,1434274,8978,119248,4759800
583,452,466,1433822,8964,119714,4917400
584,422,438,1433400,8948,120152,4921600
585,443,433,1432957,8958,120585,4711900
586,454,434,1432503,8978,121019,4719900
587,420,473,1432083,8925,121492,4852600
588,490,451,1431593,8964,121943,4704600
589,422,438,1431171,8948,122381,4610000
590,458,411,1430713,8995,122792,4863400
591,455,474,1430258,8976,123266,4703100
592,445,410,1429813,9011,123676,4645500
593,495,499,1429318,9007,124175,5048500
594,438,471,1428880,8974,124646,4722800
595,436,438,1428444,8972,125084,4672300
596,459,477,1427985,8954,125561,4707700
597,468,473,1427517,8949,126034,4725400
598,435,485,1427082,8899,126519,4680200
599,475,416,1426607,8958,126935,4703400
600,481,431,1426126,9008,127366,4969700
601,480,455,1425646,9033,127821,4704900
602,469,444,1425177,9058,128265,4662000
603,456,447,1424721,9067,128712,4694500
604,446,447,1424275,9066,129159,4672900
605,426,472,1423849,9020,129631,4672700
606,495,455,1423354,9060,130086,4956600
607,468,416,1422886,9112,130502,4666000
608,471,434,1422415,9149,130936,4634500
609,449,441,1421966,9157,131377,4681000
610,483,477,1421483,9163,131854,4620200
611,484,470,1420999,9177,132324,4639600
612,474,446,1420525,9205,132770,4712000
613,488,451,1420037,9242,133221,4799400
614,506,420,1419531,9328,133641,4678700
615,471,469,1419060,9330,134110,4735500
616,475,486,1418585,9319,134596,4861400
617,501,504,1418084,9316,135100,4721800
618,475,465,1417609,9326,135565,4663300
619,495,476,1417114,9345,136041,4753100
620,523,479,1416591,9389,136520,4764600
621,484,443,1416107,9430,136963,4697000
622,505,459,1415602,9476,137422,4708800
623,523,443,1415079,9556,137865,4846000
624,528,461,1414551,9623,138326,4704200
625,484,474,1414067,9633,138800,4718400
626,493,476,1413574,9650,139276,4813600
627,477,476,1413097,9651,139752,4758700
628,485,492,1412612,9644,140244,4725000
629,488,467,1412124,9665,140711,4806500
630,510,478,1411614,9697,141189,5144600
631,459,469,1411155,9687,141658,4720500
632,491,443,1410664,9735,142101,4740000
633,510,493,1410154,9752,142594,4985400
634,503,502,1409651,9753,143096,4734400
635,536,475,1409115,9814,143571,4759800
636,520,473,1408595,9861,144044,5303200
637,472,502,1408123,9831,144546,4729600
638,525,495,1407598,9861,145041,4672100
639,480,536,1407118,9805,145577,4756100
640,530,458,1406588,9877,146035,4714400
641,526,498,1406062,9905,146533,4733600
642,494,502,1405568,9897,147035,4812400
643,503,512,1405065,9888,147547,4746000
644,520,481,1404545,9927,148028,4718700
645,516,507,1404029,9936,148535,4765000
646,529,479,1403500,9986,149014,4749600
647,513,519,1402987,9980,149533,4744800
648,484,495,1402503,9969,150028,4707100
649,460,511,1402043,9918,150539,5043400
650,494,477,1401549,9935,151016,4752900
651,530,489,1401019,9976,151505,4735100
652,506,453,1400513,10029,151958,4848400
653,518,477,1399995,10070,152435,4793800
654,510,527,1399485,10053,152962,4726100
655,530,539,1398955,10044,153501,4757900
656,495,486,1398460,10053,153987,4845900
657,505,499,1397955,10059,154486,4761400
658,531,495,1397424,10095,154981,4891000
659,528,506,1396896,10117,155487,4990500
660,498,504,1396398,10111,155991,4937300
661,486,516,1395912,10081,156507,4832500
662,499,499,1395413,10081,157006,4790500
663,498,490,1394915,10089,157496,4782300
664,473,499,1394442,10063,157995,4791200
665,517,535,1393925,10045,158530,4689000
666,474,497,1393451,10022,159027,4726200
667,464,482,1392987,10004,159509,4705200
668,505,496,1392482,10013,160005,5313800
669,495,487,1391987,10021,160492,4721400
670,529,519,1391458,10031,161011,4795800
671,515,527,1390943,10019,161538,4960100
672,524,484,1390419,10059,162022,5799100
673,517,472,1389902,10104,162494,5869400
674,544,514,1389358,10134,163008,5737500
675,553,494,1388805,10193,163502,5796900
676,510,514,1388295,10189,164016,5431800
677,505,500,1387790,10194,164516,6284500
678,507,518,1387283,10183,165034,5697200
679,558,482,1386725,10259,165516,5412900
680,571,551,1386154,10279,166067,5198600
681,545,518,1385609,10306,166585,5269700
682,512,495,1385097,10323,167080,5463100
683,540,532,1384557,10331,167612,5517300
684,556,503,1384001,10384,168115,5789300
685,553,510,1383448,10427,168625,5235400
686,537,526,1382911,10438,169151,5128700
687,515,554,1382396,10399,169705,5453300
688,539,545,1381857,10393,170250,5404900
689,561,517,1381296,10437,170767,5554700
690,549,515,1380747,10471,171282,5766800
691,537,551,1380210,10457,171833,5949200
692,524,491,1379686,10490,172324,5723500
693,575,506,1379111,10559,172830,5620900
694,555,528,1378556,10586,173358,5765000
695,543,511,1378013,10618,173869,5887700
696,549,517,1377464,10650,174386,5926800
697,512,513,1376952,10649,174899,5923300
698,579,510,1376373,10718,175409,5481300
699,532,517,1375841,10733,175926,5376100
700,532,522,1375309,10743,176448,5240100
701,570,555,1374739,10758,177003,5186500
702,543,503,1374196,10798,177506,5206200
703,506,538,1373690,10766,178044,5264300
704,515,572,1373175,10709,178616,5231100
705,544,526,1372631,10727,179142,5318700
706,509,511,1372122,10725,179653,5377300
707,534,513,1371588,10746,180166,5828500
708,573,557,1371015,10762,180723,5222400
709,562,578,1370453,10746,181301,5244500
710,553,568,1369900,10731,181869,5219000
711,526,536,1369374,10721,182405,5112800
712,532,534,1368842,10719,182939,5181800
713,549,497,1368293,10771,183436,5274500
714,553,522,1367740,10802,183958,5355600
715,519,559,1367221,10762,184517,5327600
716,517,536,1366704,10743,185053,5008000
717,524,534,1366180,10733,185587,4975100
718,515,511,1365665,10737,186098,4837500
719,506,524,1365159,10719,186622,5216900
720,551,567,1364608,10703,187189,4764400
721,550,567,1364058,10686,187756,4775400
722,596,563,1363462,10719,188319,4742600
723,563,554,1362899,10728,188873,4814300
724,523,534,1362376,10717,189407,5060100
725,547,541,1361829,10723,189948,4829500
726,582,504,1361247,10801,190452,5378500
727,551,518,1360696,10834,190970,4960000
728,516,585,1360180,10765,191555,5044000
729,542,521,1359638,10786,192076,5134700
730,527,566,1359111,10747,192642,5113200
731,576,509,1358535,10814,193151,5057500
732,566,564,1357969,10816,193715,5403300
733,557,483,1357412,10890,194198,5159500
734,566,578,1356846,10878,194776,5043500
735,550,532,1356296,10896,195308,5314900
736,547,575,1355749,10868,195883,5402000
737,578,518,1355171,10928,196401,5134400
738,565,532,1354606,10961,196933,5195000
739,555,550,1354051,10966,197483,5040500
740,541,532,1353510,10975,198015,5635800
741,571,548,1352939,10998,198563,5234200
742,594,567,1352345,11025,199130,4965100
743,578,556,1351767,11047,199686,4947900
744,594,505,1351173,11136,200191,5133000
745,601,583,1350572,11154,200774,5358400
746,577,540,1349995,11191,201314,5011100
747,580,546,1349415,11225,201860,5050700
748,591,553,1348824,11263,202413,5036800
749,586,549,1348238,11300,202962,5078900
750,561,614,1347677,11247,203576,5302300
751,608,554,1347069,11301,204130,5403900
752,619,555,1346450,11365,204685,5080900
753,586,575,1345864,11376,205260,4953400
754,587,592,1345277,11371,205852,5042500
755,616,565,1344661,11422,206417,5383000
756,639,571,1344022,11490,206988,5484200
757,629,578,1343393,11541,207566,5320800
758,600,556,1342793,11585,208122,5551200
759,597,565,1342196,11617,208687,5391100
760,608,559,1341588,11666,209246,5581900
761,600,566,1340988,11700,209812,5423900
762,619,603,1340369,11716,210415,5592900
763,623,621,1339746,11718,211036,5167500
764,609,616,1339137,11711,211652,5650600
765,590,574,1338547,11727,212226,5146700
766,604,572,1337943,11759,212798,4979100
767,556,587,1337387,11728,213385,5561600
768,631,571,1336756,11788,213956,4977800
769,578,579,1336178,11787,214535,4977500
770,599,586,1335579,11800,215121,5063400
771,606,550,1334973,11856,215671,4940400
772,618,584,1334355,11890,216255,4884800
773,606,609,1333749,11887,216864,5006800
774,593,570,1333156,11910,217434,5066400
775,589,598,1332567,11901,218032,4873200
776,584,551,1331983,11934,218583,4792600
777,604,579,1331379,11959,219162,4894800
778,616,630,1330763,11945,219792,4865100
779,585,597,1330178,11933,220389,4841200
780,593,614,1329585,11912,221003,5128400
781,574,553,1329011,11933,221556,4784600
782,595,613,1328416,11915,222169,4797200
783,635,607,1327781,11943,222776,4927500
784,636,595,1327145,11984,223371,4974600
785,622,600,1326523,12006,223971,4907400
786,576,542,1325947,12040,224513,4917200
787,631,599,1325316,12072,225112,4864100
788,600,593,1324716,12079,225705,4842000
789,627,564,1324089,12142,226269,4823500
790,601,596,1323488,12147,226865,4974000
791,606,587,1322882,12166,227452,4827600
792,590,588,1322292,12168,228040,4916900
793,616,579,1321676,12205,228619,5208800
794,586,648,1321090,12143,229267,4941200
795,586,617,1320504,12112,229884,4960800
796,650,606,1319854,12156,230490,4924600
797,635,600,1319219,12191,231090,5069300
798,582,608,1318637,12165,231698,4902200
799,647,608,1317990,12204,232306,5174100
800,626,614,1317364,12216,232920,5061600
801,589,578,1316775,12227,233498,4891200
802,599,628,1316176,12198,234126,4976700
803,597,601,1315579,12194,234727,4846600
804,621,565,1314958,12250,235292,5354900
805,612,585,1314346,12277,235877,5310200
806,601,638,1313745,12240,236515,5264000
807,572,597,1313173,12215,237112,4889400
808,573,616,1312600,12172,237728,5362700
809,601,610,1311999,12163,238338,4911100
810,618,640,1311381,12141,238978,4754500
811,612,604,1310769,12149,239582,4675000
812,574,610,1310195,12113,240192,4636400
813,612,637,1309583,12088,240829,4547500
814,619,629,1308964,12078,241458,4515100
815,608,636,1308356,12050,242094,4978000
816,585,630,1307771,12005,242724,4608600
817,570,584,1307201,11991,243308,4512300
818,563,608,1306638,11946,243916,4463200
819,552,643,1306086,11855,244559,4491300
820,518,599,1305568,11774,245158,4412100
821,603,606,1304965,11771,245764,4374600
822,533,564,1304432,11740,246328,4776000
823,549,613,1303883,11676,246941,4372800
824,577,568,1303306,11685,247509,4299700
825,501,577,1302805,11609,248086,4488800
826,581,568,1302224,11622,248654,4585100
827,571,585,1301653,11608,249239,4597400
828,562,598,1301091,11572,249837,4589500
829,561,574,1300530,11559,250411,4624800
830,569,589,1299961,11539,251000,4562400
831,591,549,1299370,11581,251549,4563000
832,576,618,1298794,11539,252167,4525800
833,586,585,1298208,11540,252752,4524300
834,577,554,1297631,11563,253306,4505900
835,578,579,1297053,11562,253885,4541500
836,562,571,1296491,11553,254456,4725800
837,544,541,1295947,11556,254997,4446800
838,582,568,1295365,11570,255565,4712500
839,565,580,1294800,11555,256145,4617700
840,568,587,1294232,11536,256732,5226100
841,582,583,1293650,11535,257315,4611100
842,568,573,1293082,11530,257888,4670100
843,546,537,1292536,11539,258425,4621200
844,570,590,1291966,11519,259015,4527400
845,631,600,1291335,11550,259615,4541400
846,601,612,1290734,11539,260227,4564300
847,584,540,1290150,11583,260767,4553500
848,534,610,1289616,11507,261377,4512600
849,590,604,1289026,11493,261981,4611800
850,601,612,1288425,11482,262593,4600400
851,560,591,1287865,11451,263184,4590900
852,595,581,1287270,11465,263765,4642800
853,603,571,1286667,11497,264336,4701100
854,600,596,1286067,11501,264932,4712500
855,630,561,1285437,11570,265493,4655100
856,600,626,1284837,11544,266119,4628100
857,575,575,1284262,11544,266694,4568300
858,581,592,1283681,11533,267286,4532300
859,609,548,1283072,11594,267834,4572800
860,625,597,1282447,11622,268431,4555500
861,604,576,1281843,11650,269007,4617100
862,584,569,1281259,11665,269576,4958400
863,598,566,1280661,11697,270142,4741400
864,630,587,1280031,11740,270729,4581700
865,641,568,1279390,11813,271297,4465400
866,596,620,1278794,11789,271917,4476100
867,598,592,1278196,11795,272509,4421200
868,615,593,1277581,11817,273102,4630600
869,597,584,1276984,11830,273686,4983000
870,611,578,1276373,11863,274264,4597700
871,639,604,1275734,11898,274868,4555900
872,599,565,1275135,11932,275433,4522000
873,620,625,1274515,11927,276058,4715700
874,597,594,1273918,11930,276652,4743200
875,590,600,1273328,11920,277252,4599400
876,588,621,1272740,11887,277873,5082500
877,635,621,1272105,11901,278494,4529100
878,583,636,1271522,11848,279130,4452200
879,580,588,1270942,11840,279718,4430400
880,603,557,1270339,11886,280275,4447400
881,570,628,1269769,11828,280903,4418800
882,549,593,1269220,11784,281496,4512200
883,636,626,1268584,11794,282122,4669700
884,553,577,1268031,11770,282699,4546200
885,595,609,1267436,11756,283308,4440000
886,613,610,1266823,11759,283918,4425800
887,588,583,1266235,11764,284501,4380300
888,595,588,1265640,11771,285089,4377800
889,572,593,1265068,11750,285682,4624400
890,572,602,1264496,11720,286284,5115900
891,569,576,1263927,11713,286860,4981000
892,582,577,1263345,11718,287437,4515600
893,565,532,1262780,11751,287969,4792800
894,568,578,1262212,11741,288547,4365500
895,592,524,1261620,11809,289071,4334800
896,582,584,1261038,11807,289655,4583300
897,569,604,1260469,11772,290259,4577100
898,593,568,1259876,11797,290827,4506300
899,627,560,1259249,11864,291387,4481200
900,609,615,1258640,11858,292002,4541700
901,611,614,1258029,11855,292616,4472600
902,585,601,1257444,11839,293217,4483800
903,563,604,1256881,11798,293821,5026900
904,563,583,1256318,11778,294404,4808300
905,586,530,1255732,11834,294934,4698400
906,547,564,1255185,11817,295498,4640800
907,545,593,1254640,11769,296091,4833700
908,566,559,1254074,11776,296650,4524300
909,576,571,1253498,11781,297221,4491500
910,595,577,1252903,11799,297798,4484800
911,600,618,1252303,11781,298416,4622500
912,594,603,1251709,11772,299019,4647200
913,585,572,1251124,11785,299591,4852400
914,573,566,1250551,11792,300157,4603000
915,547,598,1250004,11741,300755,4518700
916,568,533,1249436,11776,301288,4677200
917,601,592,1248835,11785,301880,5228100
918,601,558,1248234,11828,302438,4752600
919,581,581,1247653,11828,303019,4961000
920,560,558,1247093,11830,303577,5097300
921,608,545,1246485,11893,304122,4545100
922,574,548,1245911,11919,304670,4477800
923,570,546,1245341,11943,305216,4550300
924,583,630,1244758,11896,305846,4755800
925,574,594,1244184,11876,306440,4689400
926,597,636,1243587,11837,307076,4809400
927,556,600,1243031,11793,307676,5122200
928,587,596,1242444,11784,308272,4776200
929,532,602,1241912,11714,308874,4800300
930,601,565,1241311,11750,309439,5135800
931,537,603,1240774,11684,310042,4992600
932,587,567,1240187,11704,310609,5178300
933,532,562,1239655,11674,311171,4921400
934,508,580,1239147,11602,311751,4856000
935,542,573,1238605,11571,312324,4848700
936,554,544,1238051,11581,312868,5016400
937,529,571,1237522,11539,313439,4932300
938,526,587,1236996,11478,314026,4829900
939,570,554,1236426,11494,314580,4772200
940,527,579,1235899,11442,315159,4767400
941,510,565,1235389,11387,315724,4738900
942,567,554,1234822,11400,316278,4878000
943,564,530,1234258,11434,316808,5569400
944,540,563,1233718,11411,317371,5050100
945,559,616,1233159,11354,317987,5099100
946,588,531,1232571,11411,318518,4995100
947,521,573,1232050,11359,319091,4948400
948,539,561,1231511,11337,319652,5086900
949,543,561,1230968,11319,320213,5333200
950,590,576,1230378,11333,320789,4864900
951,545,536,1229833,11342,321325,4737500
952,579,561,1229254,11360,321886,4925100
953,546,592,1228708,11314,322478,4744900
954,602,546,1228106,11370,323024,4766500
955,583,563,1227523,11390,323587,5112000
956,518,581,1227005,11327,324168,4750800
957,528,593,1226477,11262,324761,4701100
958,556,593,1225921,11225,325354,4704900
959,534,553,1225387,11206,325907,4940600
960,521,546,1224866,11181,326453,4649900
961,570,535,1224296,11216,326988,4778700
962,555,553,1223741,11218,327541,4669500
963,537,589,1223204,11166,328130,4620600
964,588,570,1222616,11184,328700,4585800
965,555,550,1222061,11189,329250,4932200
966,578,568,1221483,11199,329818,5263100
967,522,548,1220961,11173,330366,5170300
968,505,573,1220456,11105,330939,5274000
969,499,551,1219957,11053,331490,4703500
970,517,567,1219440,11003,332057,5116500
971,569,542,1218871,11030,332599,4836800
972,547,543,1218324,11034,333142,4881400
973,559,537,1217765,11056,333679,4585800
974,536,555,1217229,11037,334234,4575100
975,542,564,1216687,11015,334798,4501000
976,489,581,1216198,10923,335379,4579900
977,523,546,1215675,10900,335925,4916000
978,544,561,1215131,10883,336486,5495100
979,534,552,1214597,10865,337038,17484800
980,506,561,1214091,10810,337599,6184500
981,534,518,1213557,10826,338117,5043100
982,565,522,1212992,10869,338639,4922800
983,554,563,1212438,10860,339202,11617300
984,539,540,1211899,10859,339742,9225900
985,546,523,1211353,10882,340265,9271500
986,560,568,1210793,10874,340833,7307200
987,601,539,1210192,10936,341372,8709500
988,550,520,1209642,10966,341892,6218300
989,532,553,1209110,10945,342445,5264500
990,579,538,1208531,10986,342983,5444600
991,553,542,1207978,10997,343525,5206000
992,572,534,1207406,11035,344059,4969500
993,535,551,1206871,11019,344610,4964100
994,561,528,1206310,11052,345138,5144100
995,538,515,1205772,11075,345653,6534900
996,594,511,1205178,11158,346164,6587100
997,541,536,1204637,11163,346700,6183400
998,547,587,1204090,11123,347287,5171800
999,522,567,1203568,11078,347854,4856300
1000,544,535,1203024,11087,348389,4992200
1001,554,506,1202470,11135,348895,4801100
1002,545,554,1201925,11126,349449,4789000
1003,557,502,1201368,11181,349951,4816100
1004,524,571,1200844,11134,350522,4697000
1005,555,515,1200289,11174,351037,4701300
1006,547,563,1199742,11158,351600,5022600
1007,562,550,1199180,11170,352150,4865000
1008,528,493,1198652,11205,352643,4677200
1009,533,535,1198119,11203,353178,4674700
1010,558,564,1197561,11197,353742,4782900
1011,519,571,1197042,11145,354313,4900800
1012,560,577,1196482,11128,354890,4942300
1013,534,560,1195948,11102,355450,4988500
1014,558,582,1195390,11078,356032,4853900
1015,514,570,1194876,11022,356602,4850900
1016,563,536,1194313,11049,357138,4907800
1017,530,531,1193783,11048,357669,4867500
1018,514,574,1193269,10988,358243,4880900
1019,537,531,1192732,10994,358774,5105500
1020,553,574,1192179,10973,359348,4854700
1021,538,572,1191641,10939,359920,4777400
1022,540,537,1191101,10942,360457,4823700
1023,527,552,1190574,10917,361009,4847700
1024,527,507,1190047,10937,361516,4870400
1025,536,533,1189511,10940,362049,5075200
1026,528,538,1188983,10930,362587,4817400
1027,543,552,1188440,10921,363139,5028400
1028,529,523,1187911,10927,363662,4784200
1029,533,536,1187378,10924,364198,5238000
1030,556,569,1186822,10911,364767,4866900
1031,536,549,1186286,10898,365316,4832800
1032,522,534,1185764,10886,365850,4877900
1033,503,514,1185261,10875,366364,5206600
1034,549,567,1184712,10857,366931,4873400
1035,522,543,1184190,10836,367474,5046100
1036,518,546,1183672,10808,368020,4966000
1037,541,502,1183131,10847,368522,4811100
1038,560,519,1182571,10888,369041,5488100
1039,558,521,1182013,10925,369562,4959500
1040,553,558,1181460,10920,370120,4796900
1041,521,531,1180939,10910,370651,4859100
1042,491,556,1180448,10845,371207,4754600
1043,512,547,1179936,10810,371754,4801000
1044,509,503,1179427,10816,372257,4946200
1045,563,519,1178864,10860,372776,5230800
1046,540,549,1178324,10851,373325,4825700
1047,501,552,1177823,10800,373877,4824600
1048,543,574,1177280,10769,374451,4800600
1049,511,554,1176769,10726,375005,4803300
1050,572,519,1176197,10779,375524,4903600
1051,562,513,1175635,10828,376037,4949700
1052,535,489,1175100,10874,376526,4863000
1053,543,519,1174557,10898,377045,4834000
1054,505,547,1174052,10856,377592,5202200
1055,524,534,1173528,10846,378126,4831800
1056,483,564,1173045,10765,378690,4720200
1057,528,587,1172517,10706,379277,4892000
1058,537,532,1171980,10711,379809,4833000
1059,506,563,1171474,10654,380372,4885400
1060,508,556,1170966,10606,380928,5332100
1061,541,498,1170425,10649,381426,4912600
1062,535,519,1169890,10665,381945,5213600
1063,513,518,1169377,10660,382463,5597000
1064,505,568,1168872,10597,383031,4881800
1065,514,529,1168358,10582,383560,4874200
1066,510,532,1167848,10560,384092,4970100
1067,503,527,1167345,10536,384619,4905400
1068,523,565,1166822,10494,385184,4885400
1069,506,527,1166316,10473,385711,5161700
1070,473,568,1165843,10378,386279,4983000
1071,501,501,1165342,10378,386780,4800900
1072,481,484,1164861,10375,387264,5233400
1073,491,544,1164370,10322,387808,4915400
1074,524,486,1163846,10360,388294,4774200
1075,502,509,1163344,10353,388803,4706600
1076,518,539,1162826,10332,389342,4584200
1077,498,511,1162328,10319,389853,4544300
1078,484,522,1161844,10281,390375,4522000
1079,515,563,1161329,10233,390938,4926600
1080,511,484,1160818,10260,391422,4507400
1081,545,485,1160273,10320,391907,4469500
1082,523,547,1159750,10296,392454,4930800
1083,468,520,1159282,10244,392974,4830800
1084,484,461,1158798,10267,393435,4822500
1085,485,506,1158313,10246,393941,4558900
1086,490,492,1157823,10244,394433,4813900
1087,502,501,1157321,10245,394934,4509000
1088,528,484,1156793,10289,395418,4720400
1089,497,548,1156296,10238,395966,4905900
1090,507,537,1155789,10208,396503,4556100
1091,531,522,1155258,10217,397025,4479100
1092,489,458,1154769,10248,397483,4489000
1093,503,523,1154266,10228,398006,4758800
1094,482,491,1153784,10219,398497,4475700
1095,540,527,1153244,10232,399024,4773600
1096,507,492,1152737,10247,399516,4542400
1097,509,523,1152228,10233,400039,4474800
1098,548,482,1151680,10299,400521,4418100
1099,543,513,1151137,10329,401034,4500800
1100,503,541,1150634,10291,401575,4433100
1101,557,474,1150077,10374,402049,4398200
1102,498,530,1149579,10342,402579,4761900
1103,530,530,1149049,10342,403109,4326900
1104,524,505,1148525,10361,403614,4350800
1105,518,520,1148007,10359,404134,4345200
1106,512,494,1147495,10377,404628,4438000
1107,526,536,1146969,10367,405164,4398500
1108,522,508,1146447,10381,405672,4592100
1109,535,548,1145912,10368,406220,4565800
1110,522,496,1145390,10394,406716,4473000
1111,503,523,1144887,10374,407239,4413400
1112,505,505,1144382,10374,407744,4357300
1113,485,514,1143897,10345,408258,4338600
1114,460,543,1143437,10262,408801,4304900
1115,492,507,1142945,10247,409308,4291900
1116,500,554,1142445,10193,409862,4651900
1117,540,511,1141905,10222,410373,4367100
1118,527,490,1141378,10259,410863,4378900
1119,514,520,1140864,10253,411383,4546000
1120,500,488,1140364,10265,411871,4712800
1121,490,492,1139874,10263,412363,4328100
1122,492,529,1139382,10226,412892,4527300
1123,502,506,1138880,10222,413398,4697000
1124,507,488,1138373,10241,413886,4472500
1125,466,504,1137907,10203,414390,4419800
1126,515,506,1137392,10212,414896,4379900
1127,523,461,1136869,10274,415357,4757900
1128,509,523,1136360,10260,415880,4768500
1129,501,482,1135859,10279,416362,4826500
1130,480,512,1135379,10247,416874,4880200
1131,503,522,1134876,10228,417396,4822800
1132,482,511,1134394,10199,417907,4847400
1133,471,497,1133923,10173,418404,4947200
1134,487,506,1133436,10154,418910,5068300
1135,526,474,1132910,10206,419384,5039300
1136,491,482,1132419,10215,419866,5095100
1137,501,479,1131918,10237,420345,4987300
1138,512,528,1131406,10221,420873,5076300
1139,476,506,1130930,10191,421379,4955800
1140,494,480,1130436,10205,421859,4934000
1141,497,505,1129939,10197,422364,4860700
1142,526,495,1129413,10228,422859,5116300
1143,490,534,1128923,10184,423393,5138000
1144,472,500,1128451,10156,423893,5007500
1145,499,486,1127952,10169,424379,4757500
1146,535,506,1127417,10198,424885,5610600
1147,474,497,1126943,10175,425382,5305800
1148,493,499,1126450,10169,425881,5337600
1149,508,524,1125942,10153,426405,5368100
1150,500,495,1125442,10158,426900,5113500
1151,502,530,1124940,10130,427430,4984900
1152,505,496,1124435,10139,427926,5003800
1153,493,512,1123942,10120,428438,4863700
1154,465,472,1123477,10113,428910,4793300
1155,497,491,1122980,10119,429401,4887700
1156,500,549,1122480,10070,429950,4872500
1157,500,492,1121980,10078,430442,4754300
1158,502,520,1121478,10060,430962,4912000
1159,509,511,1120969,10058,431473,4874200
1160,509,515,1120460,10052,431988,4934500
1161,484,485,1119976,10051,432473,4990000
1162,471,515,1119505,10007,432988,5396800
1163,500,498,1119005,10009,433486,5241600
1164,504,497,1118501,10016,433983,5624000
1165,447,484,1118054,9979,434467,5525400
1166,492,482,1117562,9989,434949,5528300
1167,483,526,1117079,9946,435475,5383500
1168,508,498,1116571,9956,435973,5033800
1169,487,507,1116084,9936,436480,5041100
1170,458,488,1115626,9906,436968,5446000
1171,508,527,1115118,9887,437495,5309400
1172,485,500,1114633,9872,437995,5367300
1173,452,510,1114181,9814,438505,5241800
1174,477,524,1113704,9767,439029,5285800
1175,446,495,1113258,9718,439524,5338300
1176,467,507,1112791,9678,440031,5247000
1177,447,468,1112344,9657,440499,5231000
1178,488,487,1111856,9658,440986,5330000
1179,468,522,1111388,9604,441508,5191300
1180,482,456,1110906,9630,441964,5539800
1181,436,469,1110470,9597,442433,5266600
1182,467,485,1110003,9579,442918,5267300
1183,473,463,1109530,9589,443381,5242300
1184,446,456,1109084,9579,443837,5131100
1185,479,484,1108605,9574,444321,5147400
1186,492,464,1108113,9602,444785,4858200
1187,487,501,1107626,9588,445286,4764900
1188,464,518,1107162,9534,445804,4967700
1189,471,463,1106691,9542,446267,4787500
1190,495,440,1106196,9597,446707,4757900
1191,460,514,1105736,9543,447221,5123900
1192,457,500,1105279,9500,447721,4769700
1193,446,440,1104833,9506,448161,4735000
1194,491,469,1104342,9528,448630,4747300
1195,464,478,1103878,9514,449108,4888200
1196,469,473,1103409,9510,449581,4734400
1197,460,456,1102949,9514,450037,4657300
1198,457,468,1102492,9503,450505,5002500
1199,466,462,1102026,9507,450967,4829400
1200,446,439,1101580,9514,451406,4783300
1201,455,531,1101125,9438,451937,5282700
1202,457,458,1100668,9437,452395,4808500
1203,473,474,1100195,9436,452869,4854600
1204,464,495,1099731,9405,453364,4746500
1205,498,473,1099233,9430,453837,4604300
1206,466,475,1098767,9421,454312,4798200
1207,431,510,1098336,9342,454822,4771600
1208,426,498,1097910,9270,455320,4715500
1209,411,472,1097499,9209,455792,4583800
1210,423,451,1097076,9181,456243,4568500
1211,441,461,1096635,9161,456704,4984100
1212,438,474,1096197,9125,457178,4732300
1213,445,484,1095752,9086,457662,4806200
1214,440,474,1095312,9052,458136,4729600
1215,426,454,1094886,9024,458590,4659900
1216,425,444,1094461,9005,459034,4883600
1217,404,460,1094057,8949,459494,5005000
1218,416,451,1093641,8914,459945,4761600
1219,453,436,1093188,8931,460381,4658800
1220,431,421,1092757,8941,460802,4828100
1221,432,409,1092325,8964,461211,4729500
1222,430,429,1091895,8965,461640,4704400
1223,427,421,1091468,8971,462061,4694300
1224,407,437,1091061,8941,462498,4615000
1225,425,473,1090636,8893,462971,4785300
1226,418,479,1090218,8832,463450,4962400
1227,411,436,1089807,8807,463886,4653400
1228,434,422,1089373,8819,464308,4678100
1229,439,418,1088934,8840,464726,4888300
1230,417,437,1088517,8820,465163,4733800
1231,419,470,1088098,8769,465633,4852500
1232,425,439,1087673,8755,466072,4761100
1233,414,393,1087259,8776,466465,5120500
1234,427,444,1086832,8759,466909,4699900
1235,393,441,1086439,8711,467350,4801800
1236,395,420,1086044,8686,467770,4875000
1237,413,416,1085631,8683,468186,4974300
1238,410,440,1085221,8653,468626,4779200
1239,399,426,1084822,8626,469052,4821900
1240,429,451,1084393,8604,469503,4767600
1241,394,419,1083999,8579,469922,4889800
1242,431,447,1083568,8563,470369,5993800
1243,392,413,1083176,8542,470782,4790200
1244,378,452,1082798,8468,471234,4823700
1245,379,428,1082419,8419,471662,4880800
1246,418,411,1082001,8426,472073,4885000
1247,417,438,1081584,8405,472511,4849600
1248,433,407,1081151,8431,472918,4774600
1249,419,400,1080732,8450,473318,5154700
1250,420,458,1080312,8412,473776,5945800
1251,400,419,1079912,8393,474195,4964900
1252,382,426,1079530,8349,474621,4876900
1253,402,423,1079128,8328,475044,4773900
1254,383,413,1078745,8298,475457,4822400
1255,418,398,1078327,8318,475855,5176800
1256,398,414,1077929,8302,476269,5640100
1257,392,428,1077537,8266,476697,4931000
1258,386,405,1077151,8247,477102,4953400
1259,436,437,1076715,8246,477539,4832900
1260,397,445,1076318,8198,477984,4701600
1261,378,423,1075940,8153,478407,4998800
1262,379,413,1075561,8119,478820,4686700
1263,399,417,1075162,8101,479237,4647900
1264,408,399,1074754,8110,479636,4698100
1265,404,418,1074350,8096,480054,4789000
1266,414,404,1073936,8106,480458,4859400
1267,380,379,1073556,8107,480837,5057800
1268,391,363,1073165,8135,481200,7554100
1269,377,439,1072788,8073,481639,5815300
1270,386,427,1072402,8032,482066,5341400
1271,395,409,1072007,8018,482475,12807200
1272,392,392,1071615,8018,482867,10393800
1273,372,416,1071243,7974,483283,6446500
1274,372,445,1070871,7901,483728,4979300
1275,397,398,1070474,7900,484126,6537700
1276,403,364,1070071,7939,484490,5044300
1277,362,419,1069709,7882,484909,5176800
1278,401,419,1069308,7864,485328,5269300
1279,350,396,1068958,7818,485724,5163500
1280,360,407,1068598,7771,486131,5651600
1281,396,422,1068202,7745,486553,4700700
1282,387,382,1067815,7750,486935,4835400
1283,404,415,1067411,7739,487350,4599100
1284,376,388,1067035,7727,487738,4691000
1285,376,400,1066659,7703,488138,4911600
1286,391,380,1066268,7714,488518,4943700
1287,359,385,1065909,7688,488903,4651300
1288,378,371,1065531,7695,489274,4597600
1289,410,365,1065121,7740,489639,4705100
1290,414,395,1064707,7759,490034,4603100
1291,409,362,1064298,7806,490396,4614100
1292,387,360,1063911,7833,490756,4514400
1293,370,431,1063541,7772,491187,4475000
1294,372,380,1063169,7764,491567,4537500
1295,345,396,1062824,7713,491963,4875200
1296,373,385,1062451,7701,492348,4888700
1297,366,390,1062085,7677,492738,5204200
1298,338,372,1061747,7643,493110,4915100
1299,355,371,1061392,7627,493481,5122800
1300,354,397,1061038,7584,493878,5245400
1301,370,383,1060668,7571,494261,5489600
1302,390,379,1060278,7582,494640,4931800
1303,370,387,1059908,7565,495027,4928200
1304,370,375,1059538,7560,495402,4802600
1305,384,379,1059154,7565,495781,4724200
1306,395,390,1058759,7570,496171,4646100
1307,356,384,1058403,7542,496555,5021200
1308,355,384,1058048,7513,496939,4730500
1309,349,385,1057699,7477,497324,4957900
1310,371,395,1057328,7453,497719,4974000
1311,350,379,1056978,7424,498098,4701100
1312,363,397,1056615,7390,498495,4476800
1313,374,371,1056241,7393,498866,4440400
1314,340,385,1055901,7348,499251,4723700
1315,350,364,1055551,7334,499615,4384800
1316,360,369,1055191,7325,499984,4367000
1317,341,334,1054850,7332,500318,4964700
1318,350,369,1054500,7313,500687,4527100
1319,352,345,1054148,7320,501032,4693900
1320,338,354,1053810,7304,501386,4478100
1321,319,336,1053491,7287,501722,4567400
1322,349,395,1053142,7241,502117,4584800
1323,363,378,1052779,7226,502495,4448400
1324,421,335,1052358,7312,502830,4494100
1325,382,337,1051976,7357,503167,4406300
1326,386,364,1051590,7379,503531,4374400
1327,391,361,1051199,7409,503892,4349800
1328,388,365,1050811,7432,504257,4461400
1329,413,377,1050398,7468,504634,4366800
1330,388,372,1050010,7484,505006,4316300
1331,368,371,1049642,7481,505377,4616700
1332,379,363,1049263,7497,505740,4303000
1333,357,379,1048906,7475,506119,4239100
1334,401,354,1048505,7522,506473,4206100
1335,367,374,1048138,7515,506847,4722800
1336,367,368,1047771,7514,507215,4874900
1337,350,328,1047421,7536,507543,4632200
1338,403,394,1047018,7545,507937,5225300
1339,370,338,1046648,7577,508275,5382100
1340,370,368,1046278,7579,508643,5067400
1341,399,383,1045879,7595,509026,4392800
1342,381,365,1045498,7611,509391,4321400
1343,402,402,1045096,7611,509793,4296400
1344,341,372,1044755,7580,510165,4290300
1345,384,358,1044371,7606,510523,4263000
1346,377,388,1043994,7595,510911,4257300
1347,384,381,1043610,7598,511292,4239400
1348,380,417,1043230,7561,511709,4446600
1349,368,394,1042862,7535,512103,5024200
1350,348,341,1042514,7542,512444,4975100
1351,368,405,1042146,7505,512849,4589700
1352,372,341,1041774,7536,513190,4404500
1353,368,395,1041406,7509,513585,4429100
1354,368,359,1041038,7518,513944,4334200
1355,333,381,1040705,7470,514325,4372100
1356,382,396,1040323,7456,514721,4410200
1357,338,372,1039985,7422,515093,4605700
1358,383,412,1039602,7393,515505,4389200
1359,369,357,1039233,7405,515862,4358200
1360,351,365,1038882,7391,516227,4362400
1361,333,351,1038549,7373,516578,4251000
1362,373,379,1038176,7367,516957,4548100
1363,333,394,1037843,7306,517351,4590400
1364,339,336,1037504,7309,517687,4535700
1365,362,380,1037142,7291,518067,4603100
1366,357,360,1036785,7288,518427,4549800
1367,321,352,1036464,7257,518779,4547900
1368,378,359,1036086,7276,519138,4632400
1369,365,401,1035721,7240,519539,4433100
1370,357,345,1035364,7252,519884,4361300
1371,340,356,1035024,7236,520240,4280900
1372,359,372,1034665,7223,520612,4368000
1373,379,337,1034286,7265,520949,4610400
1374,382,387,1033904,7260,521336,4309800
1375,335,375,1033569,7220,521711,4228300
1376,360,357,1033209,7223,522068,4238700
1377,343,369,1032866,7197,522437,4168600
1378,349,362,1032517,7184,522799,4181300
1379,378,330,1032139,7232,523129,4146900
1380,384,344,1031755,7272,523473,4915700
1381,372,356,1031383,7288,523829,5040800
1382,310,378,1031073,7220,524207,5542300
1383,335,386,1030738,7169,524593,5021900
1384,340,334,1030398,7175,524927,4756300
1385,324,395,1030074,7104,525322,4817100
1386,313,336,1029761,7081,525658,4889000
1387,281,308,1029480,7054,525966,4861700
1388,338,344,1029142,7048,526310,4956500
1389,325,361,1028817,7012,526671,4758800
1390,338,362,1028479,6988,527033,5158000
1391,322,328,1028157,6982,527361,5215700
1392,302,338,1027855,6946,527699,5126600
1393,287,332,1027568,6901,528031,5293700
1394,352,385,1027216,6868,528416,4843000
1395,325,386,1026891,6807,528802,5090700
1396,332,332,1026559,6807,529134,4688400
1397,349,346,1026210,6810,529480,4564800
1398,346,344,1025864,6812,529824,4639700
1399,331,377,1025533,6766,530201,4616200
1400,339,351,1025194,6754,530552,5252700
1401,344,349,1024850,6749,530901,4750500
1402,333,323,1024517,6759,531224,4855300
1403,324,323,1024193,6760,531547,4771200
1404,321,329,1023872,6752,531876,4603800
1405,335,352,1023537,6735,532228,4884200
1406,303,307,1023234,6731,532535,4661500
1407,369,316,1022865,6784,532851,5178900
1408,327,298,1022538,6813,533149,4917300
1409,319,348,1022219,6784,533497,4750000
1410,351,375,1021868,6760,533872,4678900
1411,327,347,1021541,6740,534219,4872700
1412,341,335,1021200,6746,534554,4983900
1413,352,357,1020848,6741,534911,5228900
1414,311,362,1020537,6690,535273,5293300
1415,332,334,1020205,6688,535607,5439900
1416,305,307,1019900,6686,535914,4854100
1417,358,334,1019542,6710,536248,4898500
1418,324,330,1019218,6704,536578,5051800
1419,323,327,1018895,6700,536905,4998500
1420,320,299,1018575,6721,537204,5013200
1421,351,348,1018224,6724,537552,5216800
1422,320,346,1017904,6698,537898,5088800
1423,306,340,1017598,6664,538238,4847400
1424,336,349,1017262,6651,538587,5230200
1425,318,315,1016944,6654,538902,4723600
1426,328,312,1016616,6670,539214,4760900
1427,306,326,1016310,6650,539540,4555000
1428,328,339,1015982,6639,539879,4484000
1429,301,371,1015681,6569,540250,4434600
1430,327,336,1015354,6560,540586,4518200
1431,313,343,1015041,6530,540929,4452000
1432,293,314,1014748,6509,541243,4387200
1433,310,324,1014438,6495,541567,4698700
1434,298,336,1014140,6457,541903,4385800
1435,308,289,1013832,6476,542192,4434900
1436,303,339,1013529,6440,542531,4576500
1437,307,323,1013222,6424,542854,4547400
1438,306,310,1012916,6420,543164,4392800
1439,316,297,1012600,6439,543461,4395200
1440,330,320,1012270,6449,543781,4426100
1441,329,321,1011941,6457,544102,4426600
1442,320,301,1011621,6476,544403,4406800
1443,306,343,1011315,6439,544746,4463000
1444,336,303,1010979,6472,545049,4673500
1445,324,343,1010655,6453,545392,4406300
1446,377,364,1010278,6466,545756,4346500
1447,339,325,1009939,6480,546081,5131600
1448,337,370,1009602,6447,546451,4604000
1449,323,347,1009279,6423,546798,4494000
1450,322,314,1008957,6431,547112,4732700
1451,310,348,1008647,6393,547460,4682800
1452,330,318,1008317,6405,547778,4444400
1453,324,315,1007993,6414,548093,4291700
1454,305,317,1007688,6402,548410,4820000
1455,330,323,1007358,6409,548733,4245300
1456,336,314,1007022,6431,549047,4175300
1457,322,326,1006700,6427,549373,4149500
1458,330,326,1006370,6431,549699,4351700
1459,313,328,1006057,6416,550027,4354300
1460,310,335,1005747,6391,550362,4273300
1461,312,322,1005435,6381,550684,4241400
1462,311,335,1005124,6357,551019,4198900
1463,266,333,1004858,6290,551352,4126200
1464,290,322,1004568,6258,551674,4133200
1465,307,298,1004261,6267,551972,4311500
1466,298,328,1003963,6237,552300,4238000
1467,332,334,1003631,6235,552634,4196000
1468,279,318,1003352,6196,552952,4135000
1469,316,288,1003036,6224,553240,4167200
1470,296,319,1002740,6201,553559,4118500
1471,303,291,1002437,6213,553850,4101900
1472,302,344,1002135,6171,554194,4230500
1473,310,310,1001825,6171,554504,4346900
1474,319,292,1001506,6198,554796,4171000
1475,302,305,1001204,6195,555101,4093400
1476,293,333,1000911,6155,555434,4349600
1477,286,330,1000625,6111,555764,4129300
1478,312,358,1000313,6065,556122,4082100
1479,279,299,1000034,6045,556421,4066900
1480,268,301,999766,6012,556722,4187800
1481,316,315,999450,6013,557037,4338200
1482,283,308,999167,5988,557345,4356800
1483,290,310,998877,5968,557655,4351800
1484,267,303,998610,5932,557958,4337700
1485,305,286,998305,5951,558244,4308700
1486,310,271,997995,5990,558515,4301600
1487,291,284,997704,5997,558799,4257200
1488,286,317,997418,5966,559116,4174800
1489,276,338,997142,5904,559454,4092100
1490,311,320,996831,5895,559774,4066200
1491,269,294,996562,5870,560068,4781300
1492,334,299,996228,5905,560367,4595400
1493,307,312,995921,5900,560679,4403100
1494,281,284,995640,5897,560963,4264100
1495,306,284,995334,5919,561247,5449600
1496,289,302,995045,5906,561549,5387100
1497,323,311,994722,5918,561860,4580600
1498,336,303,994386,5951,562163,4512900
1499,318,291,994068,5978,562454,4248200
1500,328,311,993740,5995,562765,4178500
1501,311,312,993429,5994,563077,4458500
1502,318,306,993111,6006,563383,4224700
1503,298,314,992813,5990,563697,4505400
1504,319,336,992494,5973,564033,4479500
1505,309,298,992185,5984,564331,4697200
1506,310,275,991875,6019,564606,4414400
1507,299,298,991576,6020,564904,4312700
1508,317,279,991259,6058,565183,4344700
1509,309,304,990950,6063,565487,4251300
1510,318,304,990632,6077,565791,4223800
1511,330,300,990302,6107,566091,4294800
1512,325,292,989977,6140,566383,4562200
1513,335,310,989642,6165,566693,4206600
1514,339,313,989303,6191,567006,4407300
1515,286,324,989017,6153,567330,4819300
1516,359,288,988658,6224,567618,8865700
1517,330,327,988328,6227,567945,8287900
1518,316,303,988012,6240,568248,11288900
1519,298,303,987714,6235,568551,5290300
1520,318,316,987396,6237,568867,4933000
1521,310,312,987086,6235,569179,4719000
1522,298,334,986788,6199,569513,5079800
1523,315,285,986473,6229,569798,5112600
1524,315,317,986158,6227,570115,5070700
1525,363,329,985795,6261,570444,5039100
1526,372,325,985423,6308,570769,5278800
1527,309,332,985114,6285,571101,6458500
1528,332,354,984782,6263,571455,6957700
1529,342,294,984440,6311,571749,6413800
1530,315,298,984125,6328,572047,5606600
1531,361,297,983764,6392,572344,6226100
1532,337,328,983427,6401,572672,5972100
1533,329,290,983098,6440,572962,5525100
1534,339,307,982759,6472,573269,5353300
1535,351,306,982408,6517,573575,5395600
1536,333,302,982075,6548,573877,5563500
1537,303,322,981772,6529,574199,4910000
1538,337,280,981435,6586,574479,5073000
1539,328,317,981107,6597,574796,5921200
1540,306,317,980801,6586,575113,5805100
1541,310,315,980491,6581,575428,5831400
1542,314,309,980177,6586,575737,5622000
1543,320,310,979857,6596,576047,4528900
1544,326,304,979531,6618,576351,4506500
1545,338,337,979193,6619,576688,4474500
1546,309,302,978884,6626,576990,4655300
1547,318,304,978566,6640,577294,4657100
1548,325,372,978241,6593,577666,4846500
1549,320,361,977921,6552,578027,4618500
1550,331,312,977590,6571,578339,4680600
1551,334,277,977256,6628,578616,5226000
1552,317,321,976939,6624,578937,5152200
1553,343,303,976596,6664,579240,5059200
1554,305,321,976291,6648,579561,5072900
1555,328,370,975963,6606,579931,5436300
1556,325,335,975638,6596,580266,4351800
1557,306,335,975332,6567,580601,4267200
1558,332,298,975000,6601,580899,4279800
1559,326,365,974674,6562,581264,4313300
1560,290,337,974384,6515,581601,4461700
1561,320,332,974064,6503,581933,4606900
1562,352,339,973712,6516,582272,4547800
1563,326,320,973386,6522,582592,4728900
1564,311,299,973075,6534,582891,4969400
1565,349,311,972726,6572,583202,13422700
1566,330,296,972396,6606,583498,8215700
1567,317,347,972079,6576,583845,5404800
1568,348,344,971731,6580,584189,4858500
1569,348,336,971383,6592,584525,4717500
1570,333,314,971050,6611,584839,4890500
1571,303,333,970747,6581,585172,5607800
1572,333,292,970414,6622,585464,5825600
1573,347,308,970067,6661,585772,5525800
1574,298,304,969769,6655,586076,5411400
1575,326,322,969443,6659,586398,6518300
1576,330,353,969113,6636,586751,5245700
1577,348,343,968765,6641,587094,4568200
1578,325,364,968440,6602,587458,4476300
1579,326,327,968114,6601,587785,4443800
1580,296,342,967818,6555,588127,4800500
1581,350,329,967468,6576,588456,4479100
1582,330,315,967138,6591,588771,4438100
1583,314,330,966824,6575,589101,4613200
1584,310,310,966514,6575,589411,4415900
1585,315,319,966199,6571,589730,5050900
1586,317,329,965882,6559,590059,4369300
1587,340,315,965542,6584,590374,4643600
1588,320,330,965222,6574,590704,4574900
1589,323,333,964899,6564,591037,4588500
1590,299,332,964600,6531,591369,4685100
1591,333,307,964267,6557,591676,4508500
1592,297,353,963970,6501,592029,4422500
1593,342,327,963628,6516,592356,4732500
1594,340,318,963288,6538,592674,4844100
1595,358,336,962930,6560,593010,4489000
1596,335,354,962595,6541,593364,4681000
1597,344,353,962251,6532,593717,4468800
1598,356,328,961895,6560,594045,4410000
1599,310,305,961585,6565,594350,4680200
1600,334,302,961251,6597,594652,4572000
1601,325,322,960926,6600,594974,4556700
1602,311,303,960615,6608,595277,4466200
1603,323,343,960292,6588,595620,4496700
1604,321,329,959971,6580,595949,4426100
1605,346,335,959625,6591,596284,4362900
1606,307,321,959318,6577,596605,4359100
1607,355,304,958963,6628,596909,4417700
1608,323,358,958640,6593,597267,4419500
1609,296,327,958344,6562,597594,4357900
1610,318,369,958026,6511,597963,4339000
1611,334,335,957692,6510,598298,4359200
1612,299,326,957393,6483,598624,4324500
1613,310,326,957083,6467,598950,4276700
1614,328,327,956755,6468,599277,4648200
1615,290,334,956465,6424,599611,4369600
1616,316,324,956149,6416,599935,4314300
1617,304,339,955845,6381,600274,4241200
1618,303,300,955542,6384,600574,4248400
1619,332,310,955210,6406,600884,4307800
1620,294,346,954916,6354,601230,4230200
1621,312,332,954604,6334,601562,4203400
1622,331,331,954273,6334,601893,4190800
1623,324,337,953949,6321,602230,4177900
1624,323,345,953626,6299,602575,4153200
1625,299,320,953327,6278,602895,4467300
1626,318,274,953009,6322,603169,4254000
1627,326,319,952683,6329,603488,4271200
1628,301,328,952382,6302,603816,4181400
1629,331,309,952051,6324,604125,4281100
1630,313,313,951738,6324,604438,4332200
1631,296,342,951442,6278,604780,4271800
1632,317,302,951125,6293,605082,4218400
1633,328,281,950797,6340,605363,4186800
1634,344,330,950453,6354,605693,4263300
1635,301,299,950152,6356,605992,4336200
1636,330,296,949822,6390,606288,4325000
1637,319,343,949503,6366,606631,4245000
1638,300,322,949203,6344,606953,4231400
1639,288,312,948915,6320,607265,4220200
1640,292,305,948623,6307,607570,4290700
1641,297,317,948326,6287,607887,4181200
1642,290,327,948036,6250,608214,4172000
1643,318,317,947718,6251,608531,4220900
1644,293,310,947425,6234,608841,4281700
1645,333,291,947092,6276,609132,4226400
1646,303,311,946789,6268,609443,4298800
1647,316,332,946473,6252,609775,4280700
1648,289,329,946184,6212,610104,4207400
1649,307,303,945877,6216,610407,4173900
1650,303,296,945574,6223,610703,4160800
1651,320,293,945254,6250,610996,4652600
1652,324,312,944930,6262,611308,4200000
1653,317,337,944613,6242,611645,4272000
1654,319,318,944294,6243,611963,4409300
1655,337,317,943957,6263,612280,4254600
1656,348,337,943609,6274,612617,4224500
1657,332,316,943277,6290,612933,4231200
1658,340,307,942937,6323,613240,4387100
1659,307,333,942630,6297,613573,4143400
1660,342,302,942288,6337,613875,4109400
1661,313,304,941975,6346,614179,4267300
1662,329,298,941646,6377,614477,5008300
1663,304,341,941342,6340,614818,4269300
1664,302,314,941040,6328,615132,4189800
1665,334,322,940706,6340,615454,4203200
1666,321,322,940385,6339,615776,4343700
1667,354,339,940031,6354,616115,4327800
1668,343,323,939688,6374,616438,4312300
1669,319,336,939369,6357,616774,5019400
1670,333,294,939036,6396,617068,4386300
1671,338,348,938698,6386,617416,4495600
1672,353,294,938345,6445,617710,4719300
1673,322,319,938023,6448,618029,4524400
1674,321,323,937702,6446,618352,4349800
1675,314,321,937388,6439,618673,4361600
1676,348,306,937040,6481,618979,4458900
1677,317,326,936723,6472,619305,4367900
1678,312,321,936411,6463,619626,4456400
1679,335,317,936076,6481,619943,4389600
1680,322,326,935754,6477,620269,4611100
1681,356,344,935398,6489,620613,4419300
1682,358,340,935040,6507,620953,4367700
1683,346,316,934694,6537,621269,4648400
1684,350,323,934344,6564,621592,4447300
1685,340,317,934004,6587,621909,4408200
1686,328,333,933676,6582,622242,4642800
1687,346,319,933330,6609,622561,4754700
1688,344,332,932986,6621,622893,4465400
1689,304,346,932682,6579,623239,4414700
1690,314,374,932368,6519,623613,4401600
1691,317,323,932051,6513,623936,4496100
1692,320,320,931731,6513,624256,4386100
1693,320,292,931411,6541,624548,4397200
1694,348,336,931063,6553,624884,4716200
1695,332,312,930731,6573,625196,4361000
1696,321,317,930410,6577,625513,4329500
1697,309,314,930101,6572,625827,4542300
1698,287,322,929814,6537,626149,4269700
1699,310,347,929504,6500,626496,4771000
1700,291,325,929213,6466,626821,4399300
1701,318,303,928895,6481,627124,4425500
1702,351,351,928544,6481,627475,4311700
1703,308,319,928236,6470,627794,4296200
1704,298,314,927938,6454,628108,4419300
1705,298,287,927640,6465,628395,4510600
1706,341,305,927299,6501,628700,4902600
1707,336,313,926963,6524,629013,4393600
1708,318,362,926645,6480,629375,4323000
1709,319,329,926326,6470,629704,4254200
1710,331,304,925995,6497,630008,4224700
1711,344,297,925651,6544,630305,4557200
1712,358,331,925293,6571,630636,4183800
1713,339,347,924954,6563,630983,4059600
1714,370,331,924584,6602,631314,4340800
1715,320,350,924264,6572,631664,4461800
1716,317,344,923947,6545,632008,4133400
1717,311,345,923636,6511,632353,4264600
1718,331,313,923305,6529,632666,4571800
1719,356,355,922949,6530,633021,4338900
1720,326,310,922623,6546,633331,4139600
1721,338,355,922285,6529,633686,4208800
1722,294,316,921991,6507,634002,4289700
1723,329,332,921662,6504,634334,4185900
1724,356,339,921306,6521,634673,4134300
1725,336,317,920970,6540,634990,4101300
1726,319,321,920651,6538,635311,4497600
1727,343,276,920308,6605,635587,4096900
1728,343,317,919965,6631,635904,4080000
1729,353,338,919612,6646,636242,4108900
1730,343,329,919269,6660,636571,4476800
1731,338,333,918931,6665,636904,4285900
1732,359,335,918572,6689,637239,4374700
1733,350,328,918222,6711,637567,4462300
1734,341,345,917881,6707,637912,4633100
1735,362,322,917519,6747,638234,4458200
1736,337,341,917182,6743,638575,4490800
1737,340,311,916842,6772,638886,4610800
1738,349,345,916493,6776,639231,4332100
1739,408,331,916085,6853,639562,4295600
1740,341,359,915744,6835,639921,4334200
1741,351,319,915393,6867,640240,4276400
1742,362,353,915031,6876,640593,4199200
1743,319,338,914712,6857,640931,4202700
1744,331,371,914381,6817,641302,4162700
1745,317,367,914064,6767,641669,4126500
1746,306,356,913758,6717,642025,4086500
1747,340,309,913418,6748,642334,4396200
1748,326,321,913092,6753,642655,4231800
1749,347,339,912745,6761,642994,4066100
1750,309,322,912436,6748,643316,4171900
1751,325,324,912111,6749,643640,4619300
1752,330,341,911781,6738,643981,4310400
1753,338,326,911443,6750,644307,4238300
1754,332,345,911111,6737,644652,4178300
1755,321,326,910790,6732,644978,4635700
1756,319,335,910471,6716,645313,4158100
1757,328,346,910143,6698,645659,4149300
1758,316,325,909827,6689,645984,4182200
1759,344,362,909483,6671,646346,4221800
1760,322,352,909161,6641,646698,4277700
1761,335,312,908826,6664,647010,4259700
1762,323,354,908503,6633,647364,4292600
1763,345,338,908158,6640,647702,4329700
1764,346,332,907812,6654,648034,4430800
1765,355,306,907457,6703,648340,4538500
1766,364,349,907093,6718,648689,4445400
1767,305,346,906788,6677,649035,4488300
1768,344,332,906444,6689,649367,4474400
1769,315,335,906129,6669,649702,4819400
1770,296,355,905833,6610,650057,4832300
1771,346,350,905487,6606,650407,4594900
1772,338,329,905149,6615,650736,4713600
1773,332,340,904817,6607,651076,4772400
1774,325,359,904492,6573,651435,4535000
1775,354,347,904138,6580,651782,4711100
1776,358,344,903780,6594,652126,4423600
1777,349,310,903431,6633,652436,4402100
1778,347,321,903084,6659,652757,4383500
1779,361,341,902723,6679,653098,4537900
1780,342,346,902381,6675,653444,4614600
1781,310,323,902071,6662,653767,4454200
1782,313,320,901758,6655,654087,4400100
1783,326,339,901432,6642,654426,4432500
1784,310,319,901122,6633,654745,4436200
1785,366,358,900756,6641,655103,4414800
1786,334,340,900422,6635,655443,5422000
1787,310,299,900112,6646,655742,5171200
1788,276,299,899836,6623,656041,4809500
1789,321,369,899515,6575,656410,4866900
1790,307,330,899208,6552,656740,4766700
1791,314,333,898894,6533,657073,4577000
1792,315,309,898579,6539,657382,4943700
1793,322,349,898257,6512,657731,4764800
1794,306,325,897951,6493,658056,4571500
1795,296,308,897655,6481,658364,4580000
1796,323,372,897332,6432,658736,4792000
1797,303,330,897029,6405,659066,4622600
1798,303,291,896726,6417,659357,4421800
1799,335,320,896391,6432,659677,5217500
1800,338,300,896053,6470,659977,5062200
1801,322,334,895731,6458,660311,4933800
1802,316,332,895415,6442,660643,4748200
1803,340,302,895075,6480,660945,4639100
1804,324,308,894751,6496,661253,4602100
1805,313,353,894438,6456,661606,4539600
1806,316,280,894122,6492,661886,4552400
1807,314,343,893808,6463,662229,4579000
1808,308,307,893500,6464,662536,4563900
1809,322,330,893178,6456,662866,4474200
1810,313,329,892865,6440,663195,4451500
1811,303,313,892562,6430,663508,4602400
1812,325,311,892237,6444,663819,5363700
1813,316,316,891921,6444,664135,4519800
1814,336,301,891585,6479,664436,4452100
1815,288,300,891297,6467,664736,4373200
1816,332,321,890965,6478,665057,4415100
1817,345,351,890620,6472,665408,4778100
1818,338,322,890282,6488,665730,5044200
1819,324,307,889958,6505,666037,4587700
1820,296,332,889662,6469,666369,4524200
1821,355,289,889307,6535,666658,4459300
1822,314,311,888993,6538,666969,4430400
1823,319,340,888674,6517,667309,4421900
1824,337,324,888337,6530,667633,4653800
1825,314,318,888023,6526,667951,4793900
1826,309,320,887714,6515,668271,4766400
1827,312,321,887402,6506,668592,4569600
1828,331,323,887071,6514,668915,4530900
1829,310,339,886761,6485,669254,4721700
1830,331,315,886430,6501,669569,4478900
1831,326,344,886104,6483,669913,4389700
1832,344,318,885760,6509,670231,4382800
1833,304,338,885456,6475,670569,4860600
1834,335,333,885121,6477,670902,5023100
1835,301,328,884820,6450,671230,4611100
1836,321,310,884499,6461,671540,4775600
1837,311,300,884188,6472,671840,4514800
1838,327,312,883861,6487,672152,4474100
1839,319,314,883542,6492,672466,4644700
1840,294,312,883248,6474,672778,4824600
1841,290,334,882958,6430,673112,4854900
1842,314,340,882644,6404,673452,4530000
1843,300,340,882344,6364,673792,4469400
1844,289,335,882055,6318,674127,4461700
1845,258,338,881797,6238,674465,4469400
1846,291,310,881506,6219,674775,4491300
1847,265,322,881241,6162,675097,4385900
1848,278,308,880963,6132,675405,4411500
1849,281,310,880682,6103,675715,4384600
1850,324,289,880358,6138,676004,4516100
1851,303,335,880055,6106,676339,4505800
1852,293,284,879762,6115,676623,4414200
1853,318,354,879444,6079,676977,4787700
1854,303,324,879141,6058,677301,4619600
1855,296,344,878845,6010,677645,4624000
1856,295,289,878550,6016,677934,4569400
1857,319,322,878231,6013,678256,4559400
1858,323,321,877908,6015,678577,4811400
1859,317,291,877591,6041,678868,4560400
1860,315,303,877276,6053,679171,4676600
1861,303,306,876973,6050,679477,4606100
1862,288,307,876685,6031,679784,4564700
1863,331,302,876354,6060,680086,4464200
1864,292,304,876062,6048,680390,4392200
1865,302,332,875760,6018,680722,4405300
1866,297,294,875463,6021,681016,4377100
1867,298,302,875165,6017,681318,4389100
1868,293,312,874872,5998,681630,4537400
1869,316,309,874556,6005,681939,4435400
1870,333,289,874223,6049,682228,4405400
1871,336,313,873887,6072,682541,4466100
1872,320,303,873567,6089,682844,4431500
1873,297,324,873270,6062,683168,4510400
1874,331,299,872939,6094,683467,4486300
1875,325,300,872614,6119,683767,4423500
1876,326,315,872288,6130,684082,4351100
1877,313,302,871975,6141,684384,4368800
1878,317,307,871658,6151,684691,4607600
1879,317,302,871341,6166,684993,4527900
1880,338,293,871003,6211,685286,4481300
1881,306,298,870697,6219,685584,4650600
1882,301,301,870396,6219,685885,4549300
1883,339,321,870057,6237,686206,4668500
1884,313,334,869744,6216,686540,4758200
1885,325,299,869419,6242,686839,4581500
1886,312,333,869107,6221,687172,4537300
1887,338,305,868769,6254,687477,8548400
1888,320,283,868449,6291,687760,4964100
1889,339,314,868110,6316,688074,5486500
1890,323,315,867787,6324,688389,11398300
1891,329,319,867458,6334,688708,6457900
1892,317,318,867141,6333,689026,6671700
1893,312,314,866829,6331,689340,6125800
1894,336,314,866493,6353,689654,5134100
1895,316,290,866177,6379,689944,4853000
1896,304,293,865873,6390,690237,4538200
1897,326,301,865547,6415,690538,5093100
1898,306,302,865241,6419,690840,4797400
1899,304,344,864937,6379,691184,4693500
1900,319,318,864618,6380,691502,4634800
1901,315,340,864303,6355,691842,4722900
1902,308,346,863995,6317,692188,4588700
1903,309,335,863686,6291,692523,4597400
1904,311,312,863375,6290,692835,4635600
1905,285,315,863090,6260,693150,4669400
1906,329,336,862761,6253,693486,4893200
1907,313,312,862448,6254,693798,5269500
1908,307,331,862141,6230,694129,4916500
1909,294,325,861847,6199,694454,4666600
1910,341,313,861506,6227,694767,5287100
1911,330,278,861176,6279,695045,6695400
1912,317,319,860859,6277,695364,5038800
1913,299,292,860560,6284,695656,4773000
1914,305,340,860255,6249,695996,4495900
1915,292,302,859963,6239,696298,4490000
1916,331,311,859632,6259,696609,4461200
1917,348,329,859284,6278,696938,4458300
1918,291,299,858993,6270,697237,4290800
1919,286,290,858707,6266,697527,4243500
1920,337,333,858370,6270,697860,4380000
1921,331,345,858039,6256,698205,4602900
1922,307,339,857732,6224,698544,4302700
1923,324,308,857408,6240,698852,4214900
1924,309,313,857099,6236,699165,4265700
1925,313,318,856786,6231,699483,4348200
1926,325,318,856461,6238,699801,4339200
1927,319,305,856142,6252,700106,4333100
1928,336,338,855806,6250,700444,4729200
1929,274,310,855532,6214,700754,4393600
1930,318,294,855214,6238,701048,4737700
1931,306,275,854908,6269,701323,5086100
1932,299,300,854609,6268,701623,4995800
1933,310,335,854299,6243,701958,4728800
1934,321,304,853978,6260,702262,4675100
1935,307,310,853671,6257,702572,4426400
1936,311,328,853360,6240,702900,4423700
1937,298,303,853062,6235,703203,4428100
1938,309,296,852753,6248,703499,5015100
1939,347,323,852406,6272,703822,4333100
1940,347,318,852059,6301,704140,4288400
1941,355,308,851704,6348,704448,4312600
1942,332,348,851372,6332,704796,4317600
1943,326,289,851046,6369,705085,4313400
1944,325,305,850721,6389,705390,4435300
1945,319,302,850402,6406,705692,4497300
1946,316,282,850086,6440,705974,4404600
1947,312,318,849774,6434,706292,4541000
1948,344,302,849430,6476,706594,4808200
1949,352,299,849078,6529,706893,4361200
1950,335,312,848743,6552,707205,4374800
1951,335,300,848408,6587,707505,4493400
1952,341,307,848067,6621,707812,4407300
1953,342,358,847725,6605,708170,4645500
1954,312,320,847413,6597,708490,4304700
1955,305,337,847108,6565,708827,4808600
1956,321,341,846787,6545,709168,4815500
1957,333,298,846454,6580,709466,4601900
1958,330,336,846124,6574,709802,4549600
1959,339,325,845785,6588,710127,4485700
1960,281,336,845504,6533,710463,4713700
1961,325,320,845179,6538,710783,4389800
1962,310,344,844869,6504,711127,4836400
1963,354,332,844515,6526,711459,4699100
1964,307,315,844208,6518,711774,4629400
1965,320,340,843888,6498,712114,5145900
1966,331,319,843557,6510,712433,4326200
1967,321,330,843236,6501,712763,4292900
1968,327,336,842909,6492,713099,4197500
1969,331,340,842578,6483,713439,4257900
1970,327,312,842251,6498,713751,4163700
1971,324,342,841927,6480,714093,4271100
1972,318,331,841609,6467,714424,4214600
1973,314,349,841295,6432,714773,4206500
1974,297,317,840998,6412,715090,4139500
1975,332,288,840666,6456,715378,4117900
1976,314,338,840352,6432,715716,4569900
1977,296,342,840056,6386,716058,4150800
1978,302,355,839754,6333,716413,4118400
1979,317,319,839437,6331,716732,4106800
1980,313,317,839124,6327,717049,4154200
1981,342,309,838782,6360,717358,4319000
1982,327,291,838455,6396,717649,4273100
1983,326,336,838129,6386,717985,4278300
1984,316,337,837813,6365,718322,4570800
1985,332,309,837481,6388,718631,4277700
1986,364,317,837117,6435,718948,4301900
1987,352,319,836765,6468,719267,4313100
1988,365,306,836400,6527,719573,4333000
1989,362,327,836038,6562,719900,4428400
1990,364,326,835674,6600,720226,4532800
1991,352,321,835322,6631,720547,4516200
1992,332,326,834990,6637,720873,4278500
1993,320,364,834670,6593,721237,4260400
1994,359,336,834311,6616,721573,4252200
1995,331,340,833980,6607,721913,4287600
1996,340,325,833640,6622,722238,4507000
1997,347,318,833293,6651,722556,4324000
1998,343,349,832950,6645,722905,4659700
1999,325,308,832625,6662,723213,4279300
2000,334,329,832291,6667,723542,4266100
2001,291,331,832000,6627,723873,4220600
2002,334,304,831666,6657,724177,4375600
2003,311,342,831355,6626,724519,4272700
2004,325,341,831030,6610,724860,4242600
2005,312,323,830718,6599,725183,4382800
2006,357,318,830361,6638,725501,4376000
2007,335,306,830026,6667,725807,4341400
2008,340,319,829686,6688,726126,4349600
2009,347,325,829339,6710,726451,4650900
2010,334,299,829005,6745,726750,4677400
2011,332,339,828673,6738,727089,5022400
2012,345,318,828328,6765,727407,4782900
2013,342,302,827986,6805,727709,4766100
2014,348,368,827638,6785,728077,4722000
2015,305,343,827333,6747,728420,4645700
2016,314,313,827019,6748,728733,4764900
2017,341,314,826678,6775,729047,4435000
2018,342,352,826336,6765,729399,4456800
2019,344,308,825992,6801,729707,4790800
2020,334,368,825658,6767,730075,4599800
2021,325,335,825333,6757,730410,4386800
2022,353,316,824980,6794,730726,4396900
2023,321,312,824659,6803,731038,4355500
2024,337,384,824322,6756,731422,4401200
2025,333,368,823989,6721,731790,4829700
2026,340,332,823649,6729,732122,4968600
2027,341,364,823308,6706,732486,4645500
2028,340,366,822968,6680,732852,4548500
2029,342,336,822626,6686,733188,4819100
2030,329,314,822297,6701,733502,4562600
2031,340,327,821957,6714,733829,4809400
2032,290,326,821667,6678,734155,4912900
2033,333,316,821334,6695,734471,4494300
2034,337,359,820997,6673,734830,4408200
2035,333,307,820664,6699,735137,4533500
2036,315,295,820349,6719,735432,4476700
2037,287,307,820062,6699,735739,4409800
2038,328,365,819734,6662,736104,4361100
2039,317,301,819417,6678,736405,4439200
2040,318,364,819099,6632,736769,4458500
2041,298,312,818801,6618,737081,4542800
2042,324,322,818477,6620,737403,4558000
2043,322,324,818155,6618,737727,4369900
2044,305,321,817850,6602,738048,4326700
2045,330,326,817520,6606,738374,4286000
2046,319,332,817201,6593,738706,4307200
2047,332,312,816869,6613,739018,4317300
2048,324,345,816545,6592,739363,4289600
2049,323,318,816222,6597,739681,4278300
2050,316,316,815906,6597,739997,4345300
2051,311,312,815595,6596,740309,4293000
2052,334,362,815261,6568,740671,4272200
2053,295,361,814966,6502,741032,4264800
2054,312,334,814654,6480,741366,4350000
2055,318,324,814336,6474,741690,4380800
2056,338,333,813998,6479,742023,4328900
2057,300,340,813698,6439,742363,4376500
2058,307,326,813391,6420,742689,4336700
2059,348,345,813043,6423,743034,4302600
2060,291,342,812752,6372,743376,4364500
2061,312,329,812440,6355,743705,4557300
2062,313,319,812127,6349,744024,4459200
2063,316,315,811811,6350,744339,4407300
2064,307,329,811504,6328,744668,4520300
2065,323,295,811181,6356,744963,4469400
2066,299,344,810882,6311,745307,4458800
2067,327,290,810555,6348,745597,4786400
2068,337,309,810218,6376,745906,4702900
2069,334,332,809884,6378,746238,4453100
2070,337,348,809547,6367,746586,4488400
2071,328,343,809219,6352,746929,4445800
2072,313,321,808906,6344,747250,4407100
2073,315,286,808591,6373,747536,4397100
2074,329,332,808262,6370,747868,4421800
2075,282,317,807980,6335,748185,4620200
2076,316,325,807664,6326,748510,4439100
2077,342,316,807322,6352,748826,4403900
2078,317,311,807005,6358,749137,4390000
2079,329,287,806676,6400,749424,4414400
2080,314,329,806362,6385,749753,4390700
2081,306,303,806056,6388,750056,4444400
2082,344,328,805712,6404,750384,4413000
2083,314,309,805398,6409,750693,4443000
2084,330,323,805068,6416,751016,4386900
2085,311,336,804757,6391,751352,5092100
2086,290,327,804467,6354,751679,4529400
2087,300,299,804167,6355,751978,4425300
2088,316,330,803851,6341,752308,4427700
2089,338,306,803513,6373,752614,4446000
2090,291,314,803222,6350,752928,4383300
2091,287,280,802935,6357,753208,4368400
2092,305,327,802630,6335,753535,4859300
2093,311,307,802319,6339,753842,4591700
2094,336,313,801983,6362,754155,4667000
2095,320,301,801663,6381,754456,4901300
2096,309,311,801354,6379,754767,4375900
2097,321,318,801033,6382,755085,4657700
2098,334,318,800699,6398,755403,4441300
2099,321,304,800378,6415,755707,4321100
2100,347,291,800031,6471,755998,4376300
2101,328,326,799703,6473,756324,4366000
2102,316,309,799387,6480,756633,4382900
2103,308,359,799079,6429,756992,4259000
2104,321,312,798758,6438,757304,4231400
2105,347,321,798411,6464,757625,4380800
2106,331,339,798080,6456,757964,4332300
2107,336,299,797744,6493,758263,4170400
2108,326,350,797418,6469,758613,4131500
2109,323,325,797095,6467,758938,4144700
2110,305,329,796790,6443,759267,4222300
2111,333,313,796457,6463,759580,4146100
2112,296,354,796161,6405,759934,4131000
2113,352,328,795809,6429,760262,4197800
2114,317,323,795492,6423,760585,4093300
2115,336,324,795156,6435,760909,4110400
2116,316,312,794840,6439,761221,4320700
2117,311,328,794529,6422,761549,4282800
2118,318,332,794211,6408,761881,4202800
2119,322,316,793889,6414,762197,4173900
2120,294,340,793595,6368,762537,4341500
2121,296,328,793299,6336,762865,4297000
2122,297,322,793002,6311,763187,4140300
2123,317,303,792685,6325,763490,4095100
2124,298,322,792387,6301,763812,4183300
2125,307,338,792080,6270,764150,4185000
2126,266,319,791814,6217,764469,4155800
2127,289,304,791525,6202,764773,4149600
2128,303,306,791222,6199,765079,4318800
2129,293,315,790929,6177,765394,4128200
2130,301,321,790628,6157,765715,4108100
2131,303,317,790325,6143,766032,4118800
2132,283,310,790042,6116,766342,4814900
2133,342,291,789700,6167,766633,4290400
2134,316,319,789384,6164,766952,4224800
2135,287,306,789097,6145,767258,4199200
2136,329,307,788768,6167,767565,4220800
2137,309,325,788459,6151,767890,4150900
2138,325,319,788134,6157,768209,4126500
2139,300,344,787834,6113,768553,4578700
2140,327,302,787507,6138,768855,4105400
2141,293,297,787214,6134,769152,4211500
2142,295,311,786919,6118,769463,4152800
2143,314,316,786605,6116,769779,4181300
2144,275,318,786330,6073,770097,4112300
2145,302,317,786028,6058,770414,4109600
2146,294,286,785734,6066,770700,4097600
2147,320,314,785414,6072,771014,4220400
2148,329,306,785085,6095,771320,4286500
2149,297,298,784788,6094,771618,4251700
2150,298,315,784490,6077,771933,4215600
2151,307,320,784183,6064,772253,4211200
2152,300,324,783883,6040,772577,4178700
2153,313,302,783570,6051,772879,4138500
2154,303,301,783267,6053,773180,4178100
2155,320,321,782947,6052,773501,4135200
2156,287,307,782660,6032,773808,4139800
2157,307,345,782353,5994,774153,4088500
2158,341,297,782012,6038,774450,4220500
2159,291,296,781721,6033,774746,4401200
2160,303,282,781418,6054,775028,4419600
2161,300,289,781118,6065,775317,4401700
2162,345,302,780773,6108,775619,4426900
2163,311,309,780462,6110,775928,4438000
2164,339,289,780123,6160,776217,4402600
2165,307,301,779816,6166,776518,4422300
2166,331,305,779485,6192,776823,4395300
2167,307,279,779178,6220,777102,4327600
2168,320,332,778858,6208,777434,4445300
2169,303,308,778555,6203,777742,4535700
2170,328,305,778227,6226,778047,4258000
2171,338,317,777889,6247,778364,4217500
2172,308,299,777581,6256,778663,4538700
2173,301,289,777280,6268,778952,4185800
2174,344,322,776936,6290,779274,4191200
2175,301,315,776635,6276,779589,4146900
2176,309,332,776326,6253,779921,4216000
2177,329,324,775997,6258,780245,4181800
2178,306,308,775691,6256,780553,4348900
2179,331,341,775360,6246,780894,4524700
2180,320,313,775040,6253,781207,4308000
2181,310,294,774730,6269,781501,4171300
2182,323,319,774407,6273,781820,4143700
2183,337,324,774070,6286,782144,4562100
2184,320,321,773750,6285,782465,4150600
2185,365,286,773385,6364,782751,4149700
2186,316,314,773069,6366,783065,4238300
2187,320,338,772749,6348,783403,4297200
2188,312,337,772437,6323,783740,4198900
2189,326,313,772111,6336,784053,4163300
2190,334,307,771777,6363,784360,4309800
2191,309,318,771468,6354,784678,4517200
2192,326,293,771142,6387,784971,4105900
2193,332,291,770810,6428,785262,4121800
2194,344,332,770466,6440,785594,4635700
2195,312,307,770154,6445,785901,4445200
2196,324,332,769830,6437,786233,4396300
2197,337,318,769493,6456,786551,4392200
2198,306,310,769187,6452,786861,4390900
2199,321,327,768866,6446,787188,4426300
2200,320,322,768546,6444,787510,4512400
2201,317,310,768229,6451,787820,4831600
2202,308,341,767921,6418,788161,4409200
2203,341,325,767580,6434,788486,4438100
2204,320,323,767260,6431,788809,4435600
2205,349,344,766911,6436,789153,4525600
2206,319,290,766592,6465,789443,4303100
2207,317,328,766275,6454,789771,4287500
2208,329,320,765946,6463,790091,4539600
2209,321,354,765625,6430,790445,4794100
2210,337,339,765288,6428,790784,4523300
2211,330,332,764958,6426,791116,4514600
2212,328,302,764630,6452,791418,4544300
2213,346,319,764284,6479,791737,4555100
2214,332,328,763952,6483,792065,4575700
2215,325,310,763627,6498,792375,4610600
2216,334,319,763293,6513,792694,4636500
2217,311,296,762982,6528,792990,4620000
2218,323,328,762659,6523,793318,4567500
2219,325,322,762334,6526,793640,4565900
2220,308,348,762026,6486,793988,4462800
2221,313,314,761713,6485,794302,4449700
2222,324,357,761389,6452,794659,4711200
2223,336,323,761053,6465,794982,4550200
2224,326,299,760727,6492,795281,4455100
2225,352,328,760375,6516,795609,4436300
2226,352,326,760023,6542,795935,4425300
2227,347,303,759676,6586,796238,4405600
2228,325,356,759351,6555,796594,4363100
2229,320,329,759031,6546,796923,4701500
2230,343,336,758688,6553,797259,4900300
2231,318,328,758370,6543,797587,4364900
2232,337,350,758033,6530,797937,4366400
2233,325,353,757708,6502,798290,4372300
2234,341,308,757367,6535,798598,4357000
2235,330,295,757037,6570,798893,4286800
2236,303,323,756734,6550,799216,4574600
2237,319,334,756415,6535,799550,4510000
2238,364,305,756051,6594,799855,4454900
2239,314,322,755737,6586,800177,4440500
2240,334,370,755403,6550,800547,4631300
2241,326,353,755077,6523,800900,4383600
2242,302,324,754775,6501,801224,4323900
2243,294,358,754481,6437,801582,4807300
2244,310,304,754171,6443,801886,4691900
2245,349,346,753822,6446,802232,4388400
2246,339,332,753483,6453,802564,4342600
2247,346,357,753137,6442,802921,4296500
2248,333,315,752804,6460,803236,4221700
2249,281,317,752523,6424,803553,4222500
2250,332,309,752191,6447,803862,4242100
2251,321,350,751870,6418,804212,4385500
2252,312,333,751558,6397,804545,4317900
2253,329,301,751229,6425,804846,4301900
2254,314,311,750915,6428,805157,4894500
2255,310,332,750605,6406,805489,4247000
2256,326,329,750279,6403,805818,4217400
2257,320,343,749959,6380,806161,4379500
2258,322,352,749637,6350,806513,4477600
2259,318,318,749319,6350,806831,4465400
2260,312,309,749007,6353,807140,4392500
2261,314,332,748693,6335,807472,4571400
2262,327,321,748366,6341,807793,4571100
2263,332,327,748034,6346,808120,4653200
2264,316,313,747718,6349,808433,4711100
2265,317,305,747401,6361,808738,4655000
2266,328,327,747073,6362,809065,4617700
2267,328,331,746745,6359,809396,4581800
2268,308,329,746437,6338,809725,4474700
2269,340,315,746097,6363,810040,4450800
2270,349,309,745748,6403,810349,4492100
2271,341,305,745407,6439,810654,4704100
2272,320,331,745087,6428,810985,4480000
2273,296,320,744791,6404,811305,4603000
2274,353,319,744438,6438,811624,4582100
2275,315,342,744123,6411,811966,4662400
2276,291,285,743832,6417,812251,4476200
2277,340,324,743492,6433,812575,4566100
2278,329,285,743163,6477,812860,4828900
2279,340,316,742823,6501,813176,4776500
2280,338,318,742485,6521,813494,4857700
2281,324,310,742161,6535,813804,4651400
2282,338,339,741823,6534,814143,4596100
2283,312,344,741511,6502,814487,4560400
2284,355,331,741156,6526,814818,4591000
2285,342,325,740814,6543,815143,4572600
2286,312,378,740502,6477,815521,4541300
2287,349,311,740153,6515,815832,4605200
2288,341,310,739812,6546,816142,4454600
2289,336,324,739476,6558,816466,4412700
2290,336,324,739140,6570,816790,4434300
2291,339,320,738801,6589,817110,4476600
2292,331,325,738470,6595,817435,4414000
2293,367,354,738103,6608,817789,4442300
2294,350,344,737753,6614,818133,4392200
2295,327,344,737426,6597,818477,4623100
2296,353,323,737073,6627,818800,4341200
2297,342,341,736731,6628,819141,4374900
2298,351,342,736380,6637,819483,4347700
2299,315,332,736065,6620,819815,4329900
2300,365,351,735700,6634,820166,4284500
2301,350,368,735350,6616,820534,4226500
2302,379,347,734971,6648,820881,4245700
2303,337,343,734634,6642,821224,4218200
2304,380,346,734254,6676,821570,4167200
2305,342,343,733912,6675,821913,4294000
2306,350,342,733562,6683,822255,4529000
2307,345,332,733217,6696,822587,4167100
2308,348,331,732869,6713,822918,4146600
2309,357,367,732512,6703,823285,4559400
2310,314,317,732198,6700,823602,4178700
2311,332,321,731866,6711,823923,4246200
2312,330,361,731536,6680,824284,4198700
2313,322,324,731214,6678,824608,4711900
2314,337,359,730877,6656,824967,4313600
2315,358,325,730519,6689,825292,4247400
2316,325,383,730194,6631,825675,4591800
2317,326,334,729868,6623,826009,4232300
2318,333,357,729535,6599,826366,4182900
2319,360,326,729175,6633,826692,4168200
2320,361,317,728814,6677,827009,4206100
2321,341,315,728473,6703,827324,4168400
2322,333,340,728140,6696,827664,4156900
2323,352,332,727788,6716,827996,4198700
2324,344,325,727444,6735,828321,4540000
2325,372,352,727072,6755,828673,4144800
2326,310,336,726762,6729,829009,4081900
2327,330,335,726432,6724,829344,4212400
2328,326,329,726106,6721,829673,4315400
2329,344,315,725762,6750,829988,4300200
2330,331,310,725431,6771,830298,4270500
2331,337,358,725094,6750,830656,4830100
2332,318,331,724776,6737,830987,4245900
2333,334,344,724442,6727,831331,4218300
2334,363,356,724079,6734,831687,4490500
2335,356,323,723723,6767,832010,4246600
2336,340,343,723383,6764,832353,4202200
2337,332,310,723051,6786,832663,4155400
2338,321,346,722730,6761,833009,4222100
2339,316,341,722414,6736,833350,4132600
2340,331,318,722083,6749,833668,4119800
2341,326,372,721757,6703,834040,4108500
2342,331,337,721426,6697,834377,4377100
2343,310,314,721116,6693,834691,4203300
2344,342,345,720774,6690,835036,4281000
2345,344,330,720430,6704,835366,4286400
2346,344,330,720086,6718,835696,4255000
2347,332,326,719754,6724,836022,4187700
2348,330,315,719424,6739,836337,4138000
2349,349,348,719075,6740,836685,4210700
2350,348,319,718727,6769,837004,4160800
2351,326,320,718401,6775,837324,4138000
2352,357,273,718044,6859,837597,4125900
2353,350,355,717694,6854,837952,4259100
2354,355,329,717339,6880,838281,4189000
2355,362,334,716977,6908,838615,4151500
2356,334,362,716643,6880,838977,4450100
2357,368,346,716275,6902,839323,4452900
2358,329,370,715946,6861,839693,4120400
2359,352,329,715594,6884,840022,4204100
2360,346,348,715248,6882,840370,4368100
2361,346,416,714902,6812,840786,4300200
2362,342,353,714560,6801,841139,4247900
2363,334,332,714226,6803,841471,4172100
2364,321,345,713905,6779,841816,4558600
2365,351,322,713554,6808,842138,4194900
2366,334,328,713220,6814,842466,4169600
2367,336,351,712884,6799,842817,4450800
2368,333,336,712551,6796,843153,4302200
2369,329,356,712222,6769,843509,4113400
2370,332,323,711890,6778,843832,4110000
2371,378,396,711512,6760,844228,4163700
2372,326,369,711186,6717,844597,4126800
2373,343,344,710843,6716,844941,4121900
2374,316,340,710527,6692,845281,4106000
2375,312,346,710215,6658,845627,4710000
2376,359,366,709856,6651,845993,4272900
2377,313,304,709543,6660,846297,4544700
2378,354,324,709189,6690,846621,4365700
2379,332,320,708857,6702,846941,4406200
2380,321,319,708536,6704,847260,4369800
2381,307,345,708229,6666,847605,4295600
2382,345,329,707884,6682,847934,4594500
2383,338,313,707546,6707,848247,4242100
2384,314,309,707232,6712,848556,4201300
2385,329,337,706903,6704,848893,4236100
2386,317,342,706586,6679,849235,4227300
2387,334,346,706252,6667,849581,4272300
2388,316,360,705936,6623,849941,4290500
2389,310,300,705626,6633,850241,4648300
2390,315,336,705311,6612,850577,4290000
2391,345,350,704966,6607,850927,4313800
2392,321,340,704645,6588,851267,4248100
2393,313,332,704332,6569,851599,4272000
2394,343,311,703989,6601,851910,4207900
2395,328,343,703661,6586,852253,4195100
2396,323,325,703338,6584,852578,4168500
2397,311,357,703027,6538,852935,4178900
2398,325,330,702702,6533,853265,4137600
2399,342,336,702360,6539,853601,4154500
2400,328,324,702032,6543,853925,4151500
2401,317,327,701715,6533,854252,4174700
2402,326,329,701389,6530,854581,4160900
2403,311,309,701078,6532,854890,4147000
2404,351,351,700727,6532,855241,4498500
2405,292,304,700435,6520,855545,4179300
2406,333,337,700102,6516,855882,4282200
2407,354,300,699748,6570,856182,4291100
2408,355,345,699393,6580,856527,4647500
2409,327,290,699066,6617,856817,4230800
2410,364,323,698702,6658,857140,4166400
2411,351,367,698351,6642,857507,4333700
2412,347,351,698004,6638,857858,4229300
2413,311,343,697693,6606,858201,4175100
2414,318,351,697375,6573,858552,4118500
2415,317,338,697058,6552,858890,4130100
2416,339,292,696719,6599,859182,4114600
2417,335,286,696384,6648,859468,4081800
2418,370,302,696014,6716,859770,4128300
2419,336,315,695678,6737,860085,4651600
2420,326,350,695352,6713,860435,4350400
2421,358,344,694994,6727,860779,4662300
2422,344,344,694650,6727,861123,4547200
2423,335,360,694315,6702,861483,4310000
2424,353,350,693962,6705,861833,4216100
2425,341,339,693621,6707,862172,4192600
2426,335,322,693286,6720,862494,4210500
2427,327,349,692959,6698,862843,4152700
2428,326,307,692633,6717,863150,4141600
2429,326,314,692307,6729,863464,4111300
2430,338,333,691969,6734,863797,4478800
2431,342,335,691627,6741,864132,4160800
2432,310,313,691317,6738,864445,4129600
2433,367,339,690950,6766,864784,4182200
2434,332,346,690618,6752,865130,4182800
2435,307,320,690311,6739,865450,4125200
2436,372,384,689939,6727,865834,4129700
2437,312,352,689627,6687,866186,4227900
2438,317,345,689310,6659,866531,4362700
2439,335,362,688975,6632,866893,4447500
2440,284,350,688691,6566,867243,4324800
2441,318,326,688373,6558,867569,4799700
2442,301,304,688072,6555,867873,4383600
2443,350,357,687722,6548,868230,4447200
2444,304,305,687418,6547,868535,4701400
2445,294,343,687124,6498,868878,4459200
2446,358,311,686766,6545,869189,4428900
2447,334,320,686432,6559,869509,4415100
2448,320,343,686112,6536,869852,4309900
2449,322,288,685790,6570,870140,4371600
2450,304,344,685486,6530,870484,4258000
2451,323,305,685163,6548,870789,4661000
2452,341,361,684822,6528,871150,4849900
2453,342,354,684480,6516,871504,4381800
2454,329,319,684151,6526,871823,4301800
2455,290,331,683861,6485,872154,4861600
2456,333,323,683528,6495,872477,4202600
2457,321,318,683207,6498,872795,4177500
2458,326,309,682881,6515,873104,4728300
2459,318,345,682563,6488,873449,4312700
2460,315,340,682248,6463,873789,4118100
2461,319,320,681929,6462,874109,4145100
2462,312,327,681617,6447,874436,4203600
2463,291,347,681326,6391,874783,4094400
2464,316,332,681010,6375,875115,4098500
2465,324,334,680686,6365,875449,4123000
2466,310,328,680376,6347,875777,4340300
2467,326,326,680050,6347,876103,4412600
2468,298,320,679752,6325,876423,4460200
2469,300,323,679452,6302,876746,5020400
2470,275,333,679177,6244,877079,5013000
2471,329,283,678848,6290,877362,4841900
2472,319,302,678529,6307,877664,5131100
2473,266,347,678263,6226,878011,4591800
2474,311,323,677952,6214,878334,4872400
2475,306,348,677646,6172,878682,4778900
2476,317,262,677329,6227,878944,4517000
2477,290,316,677039,6201,879260,4462600
2478,292,319,676747,6174,879579,4443000
2479,302,279,676445,6197,879858,4555700
2480,309,301,676136,6205,880159,4398100
2481,273,299,675863,6179,880458,4410500
2482,313,288,675550,6204,880746,4671300
2483,320,337,675230,6187,881083,4786400
2484,325,323,674905,6189,881406,4728200
2485,319,285,674586,6223,881691,5100700
2486,306,291,674280,6238,881982,4379300
2487,369,278,673911,6329,882260,4393100
2488,313,297,673598,6345,882557,4376000
2489,299,285,673299,6359,882842,4665000
2490,328,325,672971,6362,883167,4402500
2491,314,301,672657,6375,883468,4325800
2492,317,324,672340,6368,883792,4401800
2493,310,345,672030,6333,884137,4411200
2494,323,328,671707,6328,884465,4461500
2495,313,308,671394,6333,884773,4385800
2496,333,304,671061,6362,885077,4691400
2497,290,338,670771,6314,885415,5367500
2498,348,311,670423,6351,885726,4815900
2499,338,334,670085,6355,886060,4799800
2500,340,331,669745,6364,886391,4935200
2501,326,333,669419,6357,886724,4545300
2502,308,312,669111,6353,887036,4452800
2503,336,292,668775,6397,887328,4430600
2504,315,317,668460,6395,887645,4483300
2505,358,343,668102,6410,887988,4361400
2506,334,303,667768,6441,888291,4382000
2507,329,331,667439,6439,888622,4386100
2508,347,320,667092,6466,888942,4357000
2509,340,303,666752,6503,889245,4383200
2510,365,317,666387,6551,889562,4476500
2511,364,338,666023,6577,889900,4304400
2512,374,327,665649,6624,890227,4273000
2513,330,328,665319,6626,890555,4594700
2514,327,332,664992,6621,890887,4776600
2515,335,326,664657,6630,891213,4139700
2516,344,354,664313,6620,891567,4595200
2517,308,296,664005,6632,891863,4273900
2518,358,323,663647,6667,892186,4133100
2519,351,328,663296,6690,892514,4125500
2520,352,323,662944,6719,892837,4142300
2521,355,336,662589,6738,893173,4141000
2522,307,336,662282,6709,893509,4515300
2523,336,340,661946,6705,893849,4282000
2524,321,347,661625,6679,894196,4388100
2525,334,333,661291,6680,894529,4254500
2526,343,322,660948,6701,894851,4259700
2527,340,341,660608,6700,895192,4373300
2528,349,357,660259,6692,895549,4299100
2529,319,342,659940,6669,895891,4229400
2530,326,332,659614,6663,896223,4195500
2531,341,327,659273,6677,896550,4230100
2532,361,355,658912,6683,896905,4191300
2533,307,347,658605,6643,897252,4156100
2534,322,295,658283,6670,897547,4115200
2535,353,324,657930,6699,897871,4455300
2536,327,352,657603,6674,898223,4125100
2537,332,332,657271,6674,898555,4145800
2538,321,338,656950,6657,898893,4412300
2539,347,344,656603,6660,899237,4322300
2540,325,335,656278,6650,899572,4148700
2541,312,346,655966,6616,899918,4207300
2542,332,306,655634,6642,900224,4339800
2543,329,317,655305,6654,900541,4286200
2544,323,341,654982,6636,900882,4284200
2545,331,324,654651,6643,901206,4217500
2546,329,337,654322,6635,901543,4224400
2547,342,327,653980,6650,901870,4174700
2548,322,331,653658,6641,902201,4154600
2549,344,318,653314,6667,902519,4150800
2550,335,337,652979,6665,902856,4139700
2551,339,328,652640,6676,903184,4121300
2552,344,331,652296,6689,903515,4170800
2553,310,318,651986,6681,903833,4432900
2554,319,325,651667,6675,904158,4166900
2555,319,344,651348,6650,904502,4113100
2556,319,323,651029,6646,904825,4152800
2557,326,321,650703,6651,905146,4323300
2558,305,298,650398,6658,905444,4335700
2559,315,316,650083,6657,905760,4300400
2560,318,356,649765,6619,906116,4244700
2561,328,351,649437,6596,906467,4315000
2562,315,331,649122,6580,906798,4179700
2563,296,307,648826,6569,907105,4179000
2564,344,286,648482,6627,907391,4419300
2565,304,337,648178,6594,907728,4299700
2566,329,354,647849,6569,908082,4232900
2567,306,321,647543,6554,908403,4179000
2568,317,310,647226,6561,908713,4227800
2569,339,301,646887,6599,909014,4193600
2570,313,332,646574,6580,909346,4158300
2571,303,324,646271,6559,909670,4124200
2572,353,307,645918,6605,909977,4155000
2573,321,315,645597,6611,910292,4225300
2574,325,326,645272,6610,910618,4271500
2575,345,331,644927,6624,910949,4285200
2576,313,316,644614,6621,911265,4253500
2577,332,355,644282,6598,911620,4234700
2578,329,298,643953,6629,911918,4142000
2579,342,330,643611,6641,912248,4169800
2580,315,321,643296,6635,912569,4205300
2581,357,345,642939,6647,912914,4184300
2582,334,298,642605,6683,913212,4154700
2583,327,341,642278,6669,913553,4589100
2584,378,306,641900,6741,913859,4247000
2585,357,322,641543,6776,914181,4323700
2586,366,319,641177,6823,914500,4158700
2587,334,357,640843,6800,914857,4235200
2588,330,327,640513,6803,915184,4184200
2589,358,375,640155,6786,915559,4372900
2590,350,322,639805,6814,915881,4584400
2591,373,332,639432,6855,916213,4449400
2592,345,326,639087,6874,916539,4417600
2593,362,326,638725,6910,916865,4389600
2594,374,332,638351,6952,917197,4825300
2595,343,404,638008,6891,917601,4315000
2596,374,354,637634,6911,917955,4253400
2597,304,319,637330,6896,918274,4225900
2598,359,350,636971,6905,918624,4233900
2599,349,361,636622,6893,918985,4155500
2600,358,349,636264,6902,919334,4116700
2601,370,319,635894,6953,919653,4202900
2602,324,329,635570,6948,919982,4138600
2603,341,345,635229,6944,920327,4134400
2604,328,323,634901,6949,920650,4188400
2605,321,339,634580,6931,920989,4390200
2606,341,350,634239,6922,921339,4395300
2607,358,350,633881,6930,921689,4356400
2608,349,352,633532,6927,922041,4322300
2609,366,351,633166,6942,922392,4918700
2610,372,347,632794,6967,922739,4405300
2611,380,336,632414,7011,923075,4374900
2612,360,295,632054,7076,923370,4346800
2613,340,344,631714,7072,923714,4288400
2614,343,366,631371,7049,924080,4231100
2615,323,349,631048,7023,924429,4227700
2616,329,386,630719,6966,924815,4299000
2617,333,339,630386,6960,925154,4349200
2618,362,353,630024,6969,925507,4288000
2619,350,334,629674,6985,925841,4659300
2620,343,365,629331,6963,926206,4560800
2621,323,346,629008,6940,926552,4316900
2622,314,364,628694,6890,926916,4255600
2623,358,322,628336,6926,927238,4786700
2624,321,339,628015,6908,927577,4243200
2625,345,361,627670,6892,927938,4241600
2626,332,347,627338,6877,928285,4258400
2627,306,342,627032,6841,928627,4613500
2628,343,358,626689,6826,928985,4132200
2629,325,335,626364,6816,929320,4062000
2630,365,318,625999,6863,929638,4149600
2631,362,364,625637,6861,930002,4146000
2632,316,346,625321,6831,930348,4138700
2633,349,322,624972,6858,930670,4140400
2634,327,329,624645,6856,930999,4345000
2635,338,358,624307,6836,931357,4378300
2636,320,339,623987,6817,931696,4360800
2637,319,327,623668,6809,932023,4549100
2638,345,316,623323,6838,932339,4347200
2639,349,347,622974,6840,932686,4191900
2640,367,321,622607,6886,933007,4163400
2641,339,343,622268,6882,933350,4557800
2642,336,337,621932,6881,933687,4152600
2643,341,367,621591,6855,934054,4102200
2644,329,346,621262,6838,934400,4121000
2645,345,338,620917,6845,934738,4180400
2646,342,334,620575,6853,935072,4149900
2647,338,348,620237,6843,935420,4114500
2648,371,362,619866,6852,935782,4103700
2649,326,334,619540,6844,936116,4160300
2650,344,344,619196,6844,936460,4156900
2651,326,362,618870,6808,936822,4251100
2652,328,326,618542,6810,937148,4561500
2653,337,358,618205,6789,937506,4366100
2654,353,374,617852,6768,937880,4290400
2655,331,321,617521,6778,938201,4160200
2656,354,315,617167,6817,938516,4229800
2657,351,321,616816,6847,938837,4162300
2658,353,330,616463,6870,939167,4146600
2659,350,340,616113,6880,939507,4129400
2660,353,334,615760,6899,939841,4187100
2661,372,349,615388,6922,940190,4128500
2662,360,371,615028,6911,940561,4167500
2663,313,346,614715,6878,940907,4167700
2664,346,343,614369,6881,941250,4232900
2665,304,356,614065,6829,941606,4134900
2666,362,324,613703,6867,941930,4231400
2667,342,356,613361,6853,942286,4288500
2668,311,320,613050,6844,942606,4395000
2669,323,357,612727,6810,942963,4336800
2670,340,323,612387,6827,943286,4319100
2671,309,348,612078,6788,943634,5023000
2672,344,356,611734,6776,943990,4762100
2673,351,329,611383,6798,944319,4517600
2674,333,326,611050,6805,944645,4572800
2675,345,334,610705,6816,944979,4463500
2676,357,347,610348,6826,945326,4398100
2677,311,337,610037,6800,945663,4298600
2678,330,376,609707,6754,946039,4329000
2679,321,334,609386,6741,946373,4297000
2680,317,323,609069,6735,946696,4388100
2681,346,329,608723,6752,947025,4349900
2682,356,365,608367,6743,947390,4373200
2683,344,302,608023,6785,947692,4305300
2684,338,340,607685,6783,948032,4345400
2685,364,328,607321,6819,948360,4333400
2686,329,342,606992,6806,948702,4351400
2687,372,343,606620,6835,949045,4334100
2688,374,335,606246,6874,949380,4312300
2689,346,334,605900,6886,949714,4609000
2690,362,351,605538,6897,950065,4270700
2691,330,365,605208,6862,950430,4256600
2692,365,348,604843,6879,950778,4357500
2693,362,344,604481,6897,951122,4635300
2694,335,356,604146,6876,951478,4552500
2695,345,324,603801,6897,951802,4366400
2696,349,300,603452,6946,952102,4467800
2697,313,346,603139,6913,952448,4527100
2698,335,352,602804,6896,952800,4486500
2699,377,399,602427,6874,953199,4490500
2700,336,340,602091,6870,953539,4387700
2701,332,337,601759,6865,953876,4506000
2702,308,332,601451,6841,954208,4390600
2703,326,340,601125,6827,954548,4738700
2704,310,324,600815,6813,954872,4650000
2705,332,355,600483,6790,955227,4828900
2706,320,301,600163,6809,955528,4721200
2707,305,348,599858,6766,955876,4609700
2708,335,321,599523,6780,956197,4790100
2709,317,307,599206,6790,956504,4746800
2710,341,325,598865,6806,956829,4584900
2711,279,364,598586,6721,957193,4706700
2712,347,319,598239,6749,957512,4631900
2713,359,351,597880,6757,957863,4462600
2714,375,335,597505,6797,958198,4697800
2715,343,336,597162,6804,958534,4421900
2716,318,368,596844,6754,958902,4471400
2717,356,378,596488,6732,959280,4456800
2718,349,365,596139,6716,959645,4421000
2719,329,329,595810,6716,959974,4530500
2720,321,339,595489,6698,960313,4762300
2721,367,303,595122,6762,960616,4445400
2722,342,339,594780,6765,960955,4384900
2723,341,363,594439,6743,961318,4609900
2724,347,325,594092,6765,961643,4378100
2725,321,334,593771,6752,961977,4394800
2726,329,358,593442,6723,962335,4435100
2727,355,354,593087,6724,962689,4527900
2728,362,318,592725,6768,963007,4337000
2729,366,337,592359,6797,963344,4277200
2730,340,338,592019,6799,963682,4801000
2731,363,368,591656,6794,964050,4442700
2732,383,335,591273,6842,964385,4648900
2733,351,312,590922,6881,964697,4669100
2734,349,341,590573,6889,965038,4933400
2735,341,357,590232,6873,965395,4794700
2736,362,333,589870,6902,965728,4776800
2737,321,317,589549,6906,966045,5085900
2738,343,338,589206,6911,966383,4745000
2739,353,355,588853,6909,966738,4735300
2740,356,390,588497,6875,967128,5014500
2741,309,332,588188,6852,967460,4749800
2742,320,346,587868,6826,967806,4815100
2743,350,361,587518,6815,968167,5018800
2744,340,348,587178,6807,968515,4819800
2745,324,322,586854,6809,968837,4849200
2746,333,338,586521,6804,969175,4862500
2747,336,328,586185,6812,969503,5003300
2748,307,310,585878,6809,969813,4804100
2749,325,313,585553,6821,970126,4851200
2750,341,337,585212,6825,970463,4934400
2751,340,354,584872,6811,970817,4895600
2752,333,333,584539,6811,971150,4790000
2753,313,337,584226,6787,971487,5039000
2754,350,340,583876,6797,971827,4841700
2755,312,337,583564,6772,972164,5000300
2756,328,351,583236,6749,972515,4942700
2757,332,324,582904,6757,972839,4756900
2758,351,341,582553,6767,973180,4681200
2759,352,351,582201,6768,973531,4858200
2760,345,346,581856,6767,973877,4808900
2761,353,339,581503,6781,974216,4739400
2762,336,343,581167,6774,974559,4945400
2763,332,329,580835,6777,974888,5615900
2764,354,327,580481,6804,975215,4802300
2765,354,347,580127,6811,975562,4871800
2766,354,343,579773,6822,975905,4880600
2767,346,345,579427,6823,976250,4833500
2768,332,322,579095,6833,976572,4678300
2769,335,381,578760,6787,976953,4656400
2770,337,314,578423,6810,977267,4570200
2771,347,340,578076,6817,977607,4592500
2772,334,341,577742,6810,977948,4684600
2773,360,352,577382,6818,978300,4540100
2774,351,320,577031,6849,978620,4531300
2775,334,343,576697,6840,978963,4628800
2776,319,313,576378,6846,979276,4569400
2777,365,304,576013,6907,979580,4506100
2778,365,369,575648,6903,979949,4454100
2779,366,393,575282,6876,980342,4505300
2780,358,330,574924,6904,980672,4418400
2781,355,330,574569,6929,981002,4428400
2782,321,363,574248,6887,981365,4357200
2783,364,346,573884,6905,981711,4341500
2784,346,336,573538,6915,982047,4276000
2785,350,349,573188,6916,982396,4232300
2786,353,340,572835,6929,982736,4547300
2787,326,356,572509,6899,983092,4359700
2788,344,364,572165,6879,983456,4226200
2789,336,327,571829,6888,983783,4317500
2790,374,354,571455,6908,984137,4496200
2791,352,341,571103,6919,984478,4239400
2792,352,362,570751,6909,984840,4178400
2793,342,352,570409,6899,985192,4150900
2794,375,351,570034,6923,985543,4236000
2795,342,337,569692,6928,985880,4179300
2796,331,344,569361,6915,986224,4178900
2797,356,326,569005,6945,986550,4252000
2798,341,334,568664,6952,986884,4386400
2799,332,327,568332,6957,987211,4293400
2800,332,359,568000,6930,987570,4272300
2801,337,359,567663,6908,987929,4349400
2802,336,328,567327,6916,988257,4295500
2803,323,341,567004,6898,988598,4247800
2804,387,358,566617,6927,988956,4301000
2805,367,383,566250,6911,989339,4547600
2806,364,371,565886,6904,989710,4296200
2807,354,350,565532,6908,990060,4324900
2808,330,358,565202,6880,990418,4621200
2809,333,330,564869,6883,990748,4424700
2810,322,308,564547,6897,991056,4473000
2811,336,366,564211,6867,991422,4604500
2812,326,327,563885,6866,991749,4883700
2813,354,336,563531,6884,992085,4519600
2814,356,366,563175,6874,992451,4420700
2815,346,350,562829,6870,992801,4437900
2816,353,354,562476,6869,993155,4364200
2817,337,345,562139,6861,993500,4309900
2818,354,341,561785,6874,993841,4278500
2819,323,354,561462,6843,994195,4552600
2820,334,350,561128,6827,994545,4241300
2821,340,329,560788,6838,994874,4193900
2822,349,350,560439,6837,995224,4523500
2823,338,351,560101,6824,995575,4462900
2824,318,345,559783,6797,995920,4385200
2825,357,339,559426,6815,996259,4343700
2826,337,332,559089,6820,996591,4786400
2827,329,358,558760,6791,996949,4625700
2828,306,339,558454,6758,997288,4375700
2829,361,335,558093,6784,997623,4398500
2830,337,347,557756,6774,997970,4299000
2831,364,313,557392,6825,998283,4232300
2832,340,336,557052,6829,998619,4222600
2833,356,348,556696,6837,998967,4505100
2834,343,280,556353,6900,999247,4303800
2835,344,341,556009,6903,999588,4312900
2836,338,358,555671,6883,999946,4272600
2837,346,315,555325,6914,1000261,4330100
2838,322,360,555003,6876,1000621,4214100
2839,330,330,554673,6876,1000951,4235300
2840,356,378,554317,6854,1001329,4276700
2841,317,341,554000,6830,1001670,4347000
2842,303,364,553697,6769,1002034,4284700
2843,339,311,553358,6797,1002345,4331300
2844,357,354,553001,6800,1002699,4307100
2845,308,335,552693,6773,1003034,4250300
2846,363,351,552330,6785,1003385,4369600
2847,335,339,551995,6781,1003724,4295100
2848,349,360,551646,6770,1004084,4241700
2849,355,353,551291,6772,1004437,4212200
2850,342,387,550949,6727,1004824,4197000
2851,343,363,550606,6707,1005187,4321700
2852,354,343,550252,6718,1005530,4188200
2853,298,367,549954,6649,1005897,4189300
2854,327,331,549627,6645,1006228,4153200
2855,347,318,549280,6674,1006546,4156700
2856,329,334,548951,6669,1006880,4173000
2857,334,376,548617,6627,1007256,4166300
2858,343,348,548274,6622,1007604,4309700
2859,356,330,547918,6648,1007934,4381700
2860,372,342,547546,6678,1008276,4349200
2861,320,350,547226,6648,1008626,4288300
2862,352,351,546874,6649,1008977,4312100
2863,330,317,546544,6662,1009294,4257300
2864,319,303,546225,6678,1009597,4211600
2865,334,315,545891,6697,1009912,4193100
2866,348,354,545543,6691,1010266,4224600
2867,315,338,545228,6668,1010604,4161400
2868,337,356,544891,6649,1010960,4156200
2869,366,319,544525,6696,1011279,4113300
2870,348,311,544177,6733,1011590,4300000
2871,346,347,543831,6732,1011937,4327000
2872,327,317,543504,6742,1012254,4262100
2873,327,350,543177,6719,1012604,4246500
2874,345,359,542832,6705,1012963,4363500
2875,358,357,542474,6706,1013320,4432300
2876,335,336,542139,6705,1013656,4652400
2877,325,384,541814,6646,1014040,5629300
2878,344,330,541470,6660,1014370,5563900
2879,337,293,541133,6704,1014663,4598100
2880,323,361,540810,6666,1015024,4595900
2881,369,347,540441,6688,1015371,4447800
2882,336,332,540105,6692,1015703,4443400
2883,370,354,539735,6708,1016057,4487900
2884,345,336,539390,6717,1016393,4420000
2885,364,336,539026,6745,1016729,4409800
2886,340,339,538686,6746,1017068,4441100
2887,358,340,538328,6764,1017408,4599100
2888,362,344,537966,6782,1017752,4450600
2889,349,323,537617,6808,1018075,4546900
2890,352,360,537265,6800,1018435,4585900
2891,379,353,536886,6826,1018788,4535600
2892,347,348,536539,6825,1019136,4547300
2893,348,307,536191,6866,1019443,4704700
2894,371,337,535820,6900,1019780,4806400
2895,359,339,535461,6920,1020119,4786000
2896,395,319,535066,6996,1020438,4716000
2897,350,343,534716,7003,1020781,4724900
2898,338,345,534378,6996,1021126,5053200
2899,370,342,534008,7024,1021468,5168700
2900,362,350,533646,7036,1021818,4538300
2901,348,356,533298,7028,1022174,4565400
2902,371,376,532927,7023,1022550,4703700
2903,372,356,532555,7039,1022906,4692300
2904,332,370,532223,7001,1023276,4675400
2905,332,335,531891,6998,1023611,4432200
2906,322,383,531569,6937,1023994,4423500
2907,339,361,531230,6915,1024355,4465100
2908,354,337,530876,6932,1024692,4400800
2909,307,350,530569,6889,1025042,4377600
2910,332,359,530237,6862,1025401,4637900
2911,343,343,529894,6862,1025744,4438000
2912,332,348,529562,6846,1026092,4304400
2913,353,363,529209,6836,1026455,4317000
2914,329,369,528880,6796,1026824,4669200
2915,359,329,528521,6826,1027153,4372300
2916,334,350,528187,6810,1027503,4428400
2917,333,335,527854,6808,1027838,4371700
2918,347,332,527507,6823,1028170,4498900
2919,324,346,527183,6801,1028516,4383200
2920,354,310,526829,6845,1028826,4391300
2921,333,307,526496,6871,1029133,4431700
2922,369,311,526127,6929,1029444,4534400
2923,341,351,525786,6919,1029795,5248000
2924,340,301,525446,6958,1030096,5790000
2925,354,360,525092,6952,1030456,4538300
2926,347,350,524745,6949,1030806,4782600
2927,326,337,524419,6938,1031143,4531000
2928,345,305,524074,6978,1031448,4795100
2929,339,344,523735,6973,1031792,4394100
2930,332,340,523403,6965,1032132,4323000
2931,357,370,523046,6952,1032502,4726600
2932,321,401,522725,6872,1032903,4364300
2933,380,353,522345,6899,1033256,4321400
2934,366,343,521979,6922,1033599,4267500
2935,340,380,521639,6882,1033979,4598000
2936,356,355,521283,6883,1034334,4279100
2937,335,329,520948,6889,1034663,4204300
2938,354,370,520594,6873,1035033,4204400
2939,357,324,520237,6906,1035357,4219300
2940,392,363,519845,6935,1035720,4212900
2941,350,344,519495,6941,1036064,4327300
2942,338,355,519157,6924,1036419,4397000
2943,375,361,518782,6938,1036780,4600400
2944,307,358,518475,6887,1037138,4372800
2945,317,335,518158,6869,1037473,4324400
2946,362,358,517796,6873,1037831,4375800
2947,373,336,517423,6910,1038167,4398900
2948,370,347,517053,6933,1038514,4388900
2949,371,346,516682,6958,1038860,4743300
2950,330,355,516352,6933,1039215,4294300
2951,341,329,516011,6945,1039544,4266200
2952,353,338,515658,6960,1039882,4208900
2953,354,342,515304,6972,1040224,4817000
2954,391,354,514913,7009,1040578,4327500
2955,351,338,514562,7022,1040916,4259800
2956,371,330,514191,7063,1041246,4333000
2957,353,344,513838,7072,1041590,4300000
2958,405,350,513433,7127,1041940,4566200
2959,372,388,513061,7111,1042328,4308600
2960,362,334,512699,7139,1042662,4706700
2961,364,331,512335,7172,1042993,4415200
2962,380,365,511955,7187,1043358,4424300
2963,344,315,511611,7216,1043673,4446500
2964,373,337,511238,7252,1044010,4513200
2965,342,369,510896,7225,1044379,4701100
2966,331,353,510565,7203,1044732,4647100
2967,388,358,510177,7233,1045090,4539800
2968,369,393,509808,7209,1045483,4520300
2969,361,370,509447,7200,1045853,4471700
2970,363,363,509084,7200,1046216,4402800
2971,387,404,508697,7183,1046620,4338100
2972,340,347,508357,7176,1046967,4672700
2973,362,352,507995,7186,1047319,4289200
2974,366,330,507629,7222,1047649,4570800
2975,338,354,507291,7206,1048003,4269000
2976,337,338,506954,7205,1048341,4295500
2977,373,348,506581,7230,1048689,4631600
2978,341,372,506240,7199,1049061,4835800
2979,343,389,505897,7153,1049450,4839200
2980,343,375,505554,7121,1049825,4285000
2981,314,373,505240,7062,1050198,4339900
2982,337,345,504903,7054,1050543,4318100
2983,324,378,504579,7000,1050921,4388300
2984,343,381,504236,6962,1051302,4456600
2985,359,345,503877,6976,1051647,4466900
2986,337,348,503540,6965,1051995,4192400
2987,354,343,503186,6976,1052338,4164200
2988,329,335,502857,6970,1052673,4303000
2989,367,391,502490,6946,1053064,4194300
2990,355,364,502135,6937,1053428,4182400
2991,345,358,501790,6924,1053786,4204300
2992,375,344,501415,6955,1054130,4783600
2993,340,347,501075,6948,1054477,4370400
2994,334,308,500741,6974,1054785,4306800
2995,352,361,500389,6965,1055146,4271000
2996,355,354,500034,6966,1055500,4241600
2997,329,308,499705,6987,1055808,4191300
2998,335,350,499370,6972,1056158,4183000
2999,348,339,499022,6981,1056497,4236700
3000,356,380,498666,6957,1056877,4199200
3001,333,368,498333,6922,1057245,4206300
3002,355,330,497978,6947,1057575,4227000
3003,340,357,497638,6930,1057932,4688900
3004,323,363,497315,6890,1058295,4172100
3005,343,348,496972,6885,1058643,4102200
3006,357,305,496615,6937,1058948,4162400
3007,355,348,496260,6944,1059296,4487800
3008,346,374,495914,6916,1059670,4437100
3009,354,303,495560,6967,1059973,4904900
3010,362,320,495198,7009,1060293,4465600
3011,377,356,494821,7030,1060649,4526500
3012,356,351,494465,7035,1061000,4486000
3013,352,350,494113,7037,1061350,4540600
3014,331,334,493782,7034,1061684,4518300
3015,325,371,493457,6988,1062055,4453100
3016,396,369,493061,7015,1062424,4417100
3017,351,354,492710,7012,1062778,4542300
3018,366,325,492344,7053,1063103,4440800
3019,333,363,492011,7023,1063466,4432700
3020,339,350,491672,7012,1063816,4430300
3021,341,343,491331,7010,1064159,4591800
3022,363,363,490968,7010,1064522,4578400
3023,358,384,490610,6984,1064906,4635100
3024,338,335,490272,6987,1065241,4613900
3025,389,333,489883,7043,1065574,4591500
3026,377,336,489506,7084,1065910,4538600
3027,377,339,489129,7122,1066249,4523100
3028,343,331,488786,7134,1066580,4526700
3029,375,338,488411,7171,1066918,4536000
3030,338,366,488073,7143,1067284,4834500
3031,367,369,487706,7141,1067653,4528600
3032,371,362,487335,7150,1068015,4446100
3033,356,322,486979,7184,1068337,4405800
3034,349,333,486630,7200,1068670,4587100
3035,365,336,486265,7229,1069006,4489900
3036,377,355,485888,7251,1069361,4494300
3037,385,356,485503,7280,1069717,4608200
3038,363,382,485140,7261,1070099,4586400
3039,354,355,484786,7260,1070454,4450200
3040,377,370,484409,7267,1070824,4438100
3041,388,381,484021,7274,1071205,5084900
3042,385,344,483636,7315,1071549,5022800
3043,355,370,483281,7300,1071919,4797700
3044,351,334,482930,7317,1072253,4802000
3045,358,379,482572,7296,1072632,4445200
3046,361,347,482211,7310,1072979,4404300
3047,343,373,481868,7280,1073352,4600500
3048,333,379,481535,7234,1073731,4463300
3049,337,351,481198,7220,1074082,4393700
3050,368,343,480830,7245,1074425,4397200
3051,341,369,480489,7217,1074794,4981700
3052,345,362,480144,7200,1075156,4365900
3053,371,366,479773,7205,1075522,4327400
3054,352,397,479421,7160,1075919,4540200
3055,341,373,479080,7128,1076292,4260900
3056,363,381,478717,7110,1076673,4213300
3057,353,356,478364,7107,1077029,4195400
3058,341,364,478023,7084,1077393,4617500
3059,346,341,477677,7089,1077734,4446200
3060,359,329,477318,7119,1078063,4427400
3061,364,367,476954,7116,1078430,4341500
3062,340,397,476614,7059,1078827,4284800
3063,328,357,476286,7030,1079184,4270300
3064,322,356,475964,6996,1079540,4274200
3065,345,320,475619,7021,1079860,4687600
3066,355,348,475264,7028,1080208,4349700
3067,340,377,474924,6991,1080585,4389300
3068,359,385,474565,6965,1080970,4308700
3069,377,355,474188,6987,1081325,4293700
3070,350,351,473838,6986,1081676,4230900
3071,383,315,473455,7054,1081991,4206500
3072,343,363,473112,7034,1082354,4577700
3073,360,401,472752,6993,1082755,4364900
3074,346,333,472406,7006,1083088,4207100
3075,379,319,472027,7066,1083407,4177900
3076,379,337,471648,7108,1083744,4213200
3077,373,369,471275,7112,1084113,4217900
3078,356,390,470919,7078,1084503,4150700
3079,383,338,470536,7123,1084841,4416100
3080,338,375,470198,7086,1085216,4255800
3081,383,392,469815,7077,1085608,4291200
3082,367,322,469448,7122,1085930,4331300
3083,346,346,469102,7122,1086276,4673300
3084,340,358,468762,7104,1086634,4312100
3085,363,352,468399,7115,1086986,4250200
3086,337,348,468062,7104,1087334,4233500
3087,345,346,467717,7103,1087680,4212100
3088,340,370,467377,7073,1088050,4231300
3089,304,318,467073,7059,1088368,4195000
3090,342,347,466731,7054,1088715,4798200
3091,353,353,466378,7054,1089068,4208300
3092,324,353,466054,7025,1089421,4161300
3093,352,323,465702,7054,1089744,4130300
3094,352,328,465350,7078,1090072,4193400
3095,351,321,464999,7108,1090393,4187800
3096,332,348,464667,7092,1090741,4141700
3097,326,362,464341,7056,1091103,4560700
3098,368,341,463973,7083,1091444,4375300
3099,366,340,463607,7109,1091784,4304500
3100,375,353,463232,7131,1092137,4265700
3101,367,377,462865,7121,1092514,4242300
3102,359,354,462506,7126,1092868,4212200
3103,389,321,462117,7194,1093189,4178700
3104,360,361,461757,7193,1093550,4392900
3105,364,383,461393,7174,1093933,4294400
3106,330,346,461063,7158,1094279,4233800
3107,398,338,460665,7218,1094617,4192400
3108,367,376,460298,7209,1094993,4185700
3109,365,382,459933,7192,1095375,4187600
3110,329,390,459604,7131,1095765,4146600
3111,352,336,459252,7147,1096101,4119300
3112,342,354,458910,7135,1096455,4302700
3113,332,345,458578,7122,1096800,4383900
3114,410,340,458168,7192,1097140,4416600
3115,357,344,457811,7205,1097484,4406500
3116,393,370,457418,7228,1097854,4393700
3117,368,389,457050,7207,1098243,4308800
3118,364,401,456686,7170,1098644,4428600
3119,344,367,456342,7147,1099011,4410300
3120,339,356,456003,7130,1099367,4605900
3121,355,346,455648,7139,1099713,4530800
3122,377,349,455271,7167,1100062,4779000
3123,357,344,454914,7180,1100406,4749000
3124,363,337,454551,7206,1100743,4380800
3125,389,349,454162,7246,1101092,4616100
3126,370,386,453792,7230,1101478,4871900
3127,366,341,453426,7255,1101819,4318100
3128,381,365,453045,7271,1102184,4297300
3129,366,385,452679,7252,1102569,4494800
3130,369,347,452310,7274,1102916,5618800
3131,373,377,451937,7270,1103293,5719600
3132,362,392,451575,7240,1103685,4822300
3133,356,360,451219,7236,1104045,4269600
3134,366,361,450853,7241,1104406,4205300
3135,361,372,450492,7230,1104778,4212200
3136,385,405,450107,7210,1105183,4261700
3137,364,369,449743,7205,1105552,4210500
3138,345,352,449398,7198,1105904,4173900
3139,352,393,449046,7157,1106297,4135000
3140,349,344,448697,7162,1106641,4325000
3141,341,340,448356,7163,1106981,4197200
3142,324,332,448032,7155,1107313,4267800
3143,355,363,447677,7147,1107676,4605900
3144,344,353,447333,7138,1108029,4352700
3145,373,366,446960,7145,1108395,4295000
3146,321,351,446639,7115,1108746,4244200
3147,375,337,446264,7153,1109083,4354500
3148,355,320,445909,7188,1109403,4615300
3149,371,342,445538,7217,1109745,5484600
3150,359,351,445179,7225,1110096,5616900
3151,354,347,444825,7232,1110443,4774300
3152,365,344,444460,7253,1110787,4849000
3153,351,405,444109,7199,1111192,4590200
3154,355,365,443754,7189,1111557,4456800
3155,330,390,443424,7129,1111947,4458800
3156,351,370,443073,7110,1112317,4388200
3157,361,349,442712,7122,1112666,4560200
3158,356,359,442356,7119,1113025,4394300
3159,348,334,442008,7133,1113359,4357100
3160,375,353,441633,7155,1113712,4432100
3161,359,367,441274,7147,1114079,4515600
3162,384,325,440890,7206,1114404,4300200
3163,377,391,440513,7192,1114795,4232200
3164,372,347,440141,7217,1115142,4183500
3165,381,350,439760,7248,1115492,4219100
3166,339,366,439421,7221,1115858,4162600
3167,341,333,439080,7229,1116191,4180300
3168,415,349,438665,7295,1116540,4584900
3169,383,382,438282,7296,1116922,4278800
3170,378,384,437904,7290,1117306,4222500
3171,353,393,437551,7250,1117699,4249700
3172,360,384,437191,7226,1118083,4383500
3173,348,362,436843,7212,1118445,4370500
3174,346,378,436497,7180,1118823,4309100
3175,337,369,436160,7148,1119192,4672000
3176,385,400,435775,7133,1119592,4601200
3177,328,351,435447,7110,1119943,4471100
3178,373,367,435074,7116,1120310,4469000
3179,379,323,434695,7172,1120633,4391900
3180,372,362,434323,7182,1120995,4353600
3181,334,392,433989,7124,1121387,4306400
3182,354,361,433635,7117,1121748,4580900
3183,402,366,433233,7153,1122114,4389400
3184,367,382,432866,7138,1122496,4282900
3185,355,355,432511,7138,1122851,4277000
3186,333,360,432178,7111,1123211,4268900
3187,365,361,431813,7115,1123572,4325400
3188,347,360,431466,7102,1123932,4406800
3189,349,348,431117,7103,1124280,4898400
3190,359,345,430758,7117,1124625,4355600
3191,363,353,430395,7127,1124978,4189800
3192,378,379,430017,7126,1125357,4148800
3193,366,371,429651,7121,1125728,4283500
3194,349,342,429302,7128,1126070,4211700
3195,363,337,428939,7154,1126407,4284900
3196,305,382,428634,7077,1126789,4186400
3197,330,346,428304,7061,1127135,4406100
3198,336,330,427968,7067,1127465,4378900
3199,342,351,427626,7058,1127816,4387100
3200,361,350,427265,7069,1128166,4706400
3201,339,348,426926,7060,1128514,4435100
3202,328,360,426598,7028,1128874,4389700
3203,361,333,426237,7056,1129207,4425000
3204,363,343,425874,7076,1129550,4562300
3205,309,341,425565,7044,1129891,4597700
3206,327,349,425238,7022,1130240,4218100
3207,368,362,424870,7028,1130602,4308500
3208,340,323,424530,7045,1130925,4278900
3209,367,386,424163,7026,1131311,4232500
3210,342,361,423821,7007,1131672,4328400
3211,372,353,423449,7026,1132025,4688800
3212,352,386,423097,6992,1132411,4529600
3213,326,387,422771,6931,1132798,4330900
3214,319,357,422452,6893,1133155,4296100
3215,331,344,422121,6880,1133499,4399300
3216,333,317,421788,6896,1133816,4368300
3217,343,322,421445,6917,1134138,4431100
3218,383,327,421062,6973,1134465,4821800
3219,370,337,420692,7006,1134802,4444100
3220,386,360,420306,7032,1135162,4404200
3221,386,353,419920,7065,1135515,4554800
3222,355,347,419565,7073,1135862,4411600
3223,367,365,419198,7075,1136227,4373300
3224,359,369,418839,7065,1136596,4378100
3225,375,386,418464,7054,1136982,4381100
3226,376,376,418088,7054,1137358,4637000
3227,347,365,417741,7036,1137723,4460900
3228,346,358,417395,7024,1138081,4842700
3229,373,339,417022,7058,1138420,4374600
3230,365,363,416657,7060,1138783,4298100
3231,366,336,416291,7090,1139119,4328400
3232,351,389,415940,7052,1139508,4609400
3233,344,351,415596,7045,1139859,4873700
3234,385,377,415211,7053,1140236,4514600
3235,345,349,414866,7049,1140585,4486200
3236,369,379,414497,7039,1140964,4434300
3237,384,326,414113,7097,1141290,4370800
3238,338,360,413775,7075,1141650,4351500
3239,366,361,413409,7080,1142011,4412600
3240,364,361,413045,7083,1142372,4368800
3241,388,335,412657,7136,1142707,4350500
3242,372,349,412285,7159,1143056,4348200
3243,360,362,411925,7157,1143418,4321300
3244,346,331,411579,7172,1143749,4286800
3245,373,316,411206,7229,1144065,4240700
3246,379,329,410827,7279,1144394,4762500
3247,375,378,410452,7276,1144772,4406300
3248,353,409,410099,7220,1145181,4746400
3249,348,376,409751,7192,1145557,4412200
3250,363,314,409388,7241,1145871,4373800
3251,357,333,409031,7265,1146204,4473300
3252,361,402,408670,7224,1146606,4297300
3253,333,356,408337,7201,1146962,4288600
3254,335,336,408002,7200,1147298,4222000
3255,380,357,407622,7223,1147655,4625100
3256,380,369,407242,7234,1148024,4221700
3257,380,350,406862,7264,1148374,4250100
3258,343,343,406519,7264,1148717,4181600
3259,347,363,406172,7248,1149080,4165300
3260,376,337,405796,7287,1149417,4363800
3261,387,395,405409,7279,1149812,4375700
3262,367,366,405042,7280,1150178,4351200
3263,370,329,404672,7321,1150507,4381300
3264,404,341,404268,7384,1150848,4792700
3265,362,374,403906,7372,1151222,4332900
3266,400,386,403506,7386,1151608,4304300
3267,416,396,403090,7406,1152004,4238100
3268,331,350,402759,7387,1152354,4294700
3269,381,377,402378,7391,1152731,4228000
3270,359,400,402019,7350,1153131,4179300
3271,333,383,401686,7300,1153514,4425900
3272,352,406,401334,7246,1153920,4427800
3273,391,379,400943,7258,1154299,4240900
3274,388,368,400555,7278,1154667,4219300
3275,382,355,400173,7305,1155022,4468400
3276,380,392,399793,7293,1155414,4226500
3277,368,372,399425,7289,1155786,4511200
3278,372,354,399053,7307,1156140,4591800
3279,371,331,398682,7347,1156471,4553400
3280,355,376,398327,7326,1156847,4673500
3281,382,372,397945,7336,1157219,4799600
3282,386,377,397559,7345,1157596,5092300
3283,375,363,397184,7357,1157959,4549300
3284,353,370,396831,7340,1158329,4913400
3285,370,373,396461,7337,1158702,5190900
3286,354,354,396107,7337,1159056,4594200
3287,361,370,395746,7328,1159426,4584900
3288,392,373,395354,7347,1159799,5122600
3289,335,378,395019,7304,1160177,4913500
3290,353,392,394666,7265,1160569,4830700
3291,374,366,394292,7273,1160935,5061600
3292,337,400,393955,7210,1161335,4785200
3293,355,346,393600,7219,1161681,4758000
3294,371,349,393229,7241,1162030,4734200
3295,353,330,392876,7264,1162360,4624800
3296,393,366,392483,7291,1162726,4568500
3297,369,414,392114,7246,1163140,4543900
3298,378,333,391736,7291,1163473,4717400
3299,387,336,391349,7342,1163809,4604800
3300,390,373,390959,7359,1164182,4513000
3301,374,380,390585,7353,1164562,4960500
3302,389,410,390196,7332,1164972,4551900
3303,360,343,389836,7349,1165315,4434900
3304,380,343,389456,7386,1165658,4433400
3305,391,401,389065,7376,1166059,4865000
3306,350,384,388715,7342,1166443,4687200
3307,375,379,388340,7338,1166822,4518800
3308,393,358,387947,7373,1167180,4711300
3309,335,357,387612,7351,1167537,4768500
3310,405,368,387207,7388,1167905,5144800
3311,350,411,386857,7327,1168316,4920800
3312,350,341,386507,7336,1168657,4453300
3313,390,376,386117,7350,1169033,4527700
3314,337,351,385780,7336,1169384,4450700
3315,320,387,385460,7269,1169771,4690200
3316,348,362,385112,7255,1170133,4985300
3317,330,357,384782,7228,1170490,4925000
3318,362,341,384420,7249,1170831,5106900
3319,351,362,384069,7238,1171193,4479000
3320,343,342,383726,7239,1171535,4423800
3321,351,389,383375,7201,1171924,4312200
3322,339,340,383036,7200,1172264,4425900
3323,338,375,382698,7163,1172639,4171300
3324,347,363,382351,7147,1173002,4137000
3325,361,359,381990,7149,1173361,4254300
3326,358,369,381632,7138,1173730,4566100
3327,361,346,381271,7153,1174076,4199200
3328,342,354,380929,7141,1174430,4169100
3329,357,346,380572,7152,1174776,4352300
3330,391,352,380181,7191,1175128,4352700
3331,339,324,379842,7206,1175452,4283000
3332,370,341,379472,7235,1175793,4236000
3333,410,364,379062,7281,1176157,4292700
3334,351,346,378711,7286,1176503,4260200
3335,376,420,378335,7242,1176923,4283600
3336,392,347,377943,7287,1177270,4650800
3337,377,313,377566,7351,1177583,4491600
3338,357,341,377209,7367,1177924,4416500
3339,380,351,376829,7396,1178275,4353800
3340,364,357,376465,7403,1178632,4497300
3341,421,382,376044,7442,1179014,4487200
3342,370,363,375674,7449,1179377,4409700
3343,381,382,375293,7448,1179759,4444300
3344,387,394,374906,7441,1180153,4524700
3345,405,377,374501,7469,1180530,4534900
3346,369,353,374132,7485,1180883,4521200
3347,396,351,373736,7530,1181234,5075500
3348,402,370,373334,7562,1181604,4679800
3349,392,385,372942,7569,1181989,4465700
3350,351,380,372591,7540,1182369,4386100
3351,394,386,372197,7548,1182755,4411900
3352,378,394,371819,7532,1183149,4347600
3353,362,392,371457,7502,1183541,4315100
3354,385,386,371072,7501,1183927,4403600
3355,359,339,370713,7521,1184266,4407000
3356,366,384,370347,7503,1184650,4354600
3357,382,349,369965,7536,1184999,4314000
3358,364,363,369601,7537,1185362,4276300
3359,357,391,369244,7503,1185753,4237200
3360,380,418,368864,7465,1186171,4250400
3361,345,395,368519,7415,1186566,4224000
3362,385,385,368134,7415,1186951,4234400
3363,378,355,367756,7438,1187306,4209000
3364,380,373,367376,7445,1187679,4186800
3365,360,389,367016,7416,1188068,4368000
3366,329,383,366687,7362,1188451,4363100
3367,379,364,366308,7377,1188815,4356100
3368,339,379,365969,7337,1189194,4707800
3369,359,356,365610,7340,1189550,4524800
3370,356,360,365254,7336,1189910,4313800
3371,356,388,364898,7304,1190298,4255100
3372,363,384,364535,7283,1190682,4442300
3373,374,346,364161,7311,1191028,4561200
3374,344,374,363817,7281,1191402,4489100
3375,356,355,363461,7282,1191757,4575900
3376,329,352,363132,7259,1192109,4496000
3377,354,358,362778,7255,1192467,4638800
3378,327,430,362451,7152,1192897,4596100
3379,362,363,362089,7151,1193260,4504900
3380,348,349,361741,7150,1193609,4388500
3381,363,376,361378,7137,1193985,4439800
3382,346,375,361032,7108,1194360,4929800
3383,359,395,360673,7072,1194755,4491800
3384,357,359,360316,7070,1195114,4305500
3385,326,360,359990,7036,1195474,4271400
3386,345,375,359645,7006,1195849,4350700
3387,362,382,359283,6986,1196231,4337900
3388,341,339,358942,6988,1196570,4725100
3389,356,355,358586,6989,1196925,4586300
3390,347,366,358239,6970,1197291,4398600
3391,373,361,357866,6982,1197652,4255200
3392,393,343,357473,7032,1197995,4214600
3393,335,366,357138,7001,1198361,4267900
3394,334,381,356804,6954,1198742,4347800
3395,336,349,356468,6941,1199091,4318900
3396,341,342,356127,6940,1199433,4350100
3397,376,355,355751,6961,1199788,4465500
3398,365,370,355386,6956,1200158,4291700
3399,369,372,355017,6953,1200530,4520000
3400,366,359,354651,6960,1200889,5200900
3401,359,367,354292,6952,1201256,4523000
3402,354,342,353938,6964,1201598,4432700
3403,350,328,353588,6986,1201926,4613700
3404,325,339,353263,6972,1202265,4451900
3405,342,342,352921,6972,1202607,4256500
3406,350,392,352571,6930,1202999,4632400
3407,354,323,352217,6961,1203322,4230300
3408,386,360,351831,6987,1203682,4200600
3409,388,365,351443,7010,1204047,4193400
3410,349,341,351094,7018,1204388,4289600
3411,351,343,350743,7026,1204731,4671100
3412,351,352,350392,7025,1205083,4348900
3413,373,346,350019,7052,1205429,4281300
3414,336,354,349683,7034,1205783,4300800
3415,390,358,349293,7066,1206141,4251400
3416,365,360,348928,7071,1206501,4214700
3417,325,376,348603,7020,1206877,4204100
3418,352,359,348251,7013,1207236,4275400
3419,345,320,347906,7038,1207556,4269700
3420,372,345,347534,7065,1207901,4245800
3421,367,389,347167,7043,1208290,4178700
3422,372,334,346795,7081,1208624,4729000
3423,330,353,346465,7058,1208977,4182200
3424,327,317,346138,7068,1209294,4200500
3425,365,343,345773,7090,1209637,4281300
3426,361,367,345412,7084,1210004,4318800
3427,338,372,345074,7050,1210376,4329300
3428,374,352,344700,7072,1210728,4280000
3429,390,347,344310,7115,1211075,4340800
3430,345,360,343965,7100,1211435,4395700
3431,381,351,343584,7130,1211786,4414200
3432,358,366,343226,7122,1212152,4492200
3433,351,369,342875,7104,1212521,4712100
3434,347,345,342528,7106,1212866,4508400
3435,370,359,342158,7117,1213225,4371400
3436,366,356,341792,7127,1213581,4710800
3437,359,341,341433,7145,1213922,4197300
3438,317,351,341116,7111,1214273,4162100
3439,330,342,340786,7099,1214615,4134700
3440,387,374,340399,7112,1214989,4318100
3441,361,366,340038,7107,1215355,4347400
3442,311,362,339727,7056,1215717,4309800
3443,326,362,339401,7020,1216079,4674200
3444,311,350,339090,6981,1216429,4327200
3445,359,362,338731,6978,1216791,4217000
3446,307,334,338424,6951,1217125,4097700
3447,360,343,338064,6968,1217468,4219800
3448,333,358,337731,6943,1217826,4178700
3449,330,370,337401,6903,1218196,4136000
3450,355,333,337046,6925,1218529,4344900
3451,354,356,336692,6923,1218885,4509400
3452,335,382,336357,6876,1219267,4320900
3453,346,368,336011,6854,1219635,4278900
3454,350,323,335661,6881,1219958,4275100
3455,377,364,335284,6894,1220322,4248100
3456,346,365,334938,6875,1220687,4281300
3457,341,332,334597,6884,1221019,4439700
3458,338,334,334259,6888,1221353,4561200
3459,335,347,333924,6876,1221700,4252300
3460,350,334,333574,6892,1222034,4123100
3461,382,345,333192,6929,1222379,4147900
3462,359,347,332833,6941,1222726,4145500
3463,360,303,332473,6998,1223029,4141900
3464,388,357,332085,7029,1223386,4140600
3465,376,362,331709,7043,1223748,4245700
3466,361,337,331348,7067,1224085,4248000
3467,360,354,330988,7073,1224439,4182900
3468,319,361,330669,7031,1224800,4480100
3469,346,353,330323,7024,1225153,4323800
3470,361,396,329962,6989,1225549,4145500
3471,356,324,329606,7021,1225873,4216000
3472,323,356,329283,6988,1226229,4308600
3473,376,355,328907,7009,1226584,4398200
3474,353,332,328554,7030,1226916,4286100
3475,354,358,328200,7026,1227274,4270700
3476,351,331,327849,7046,1227605,4272300
3477,344,369,327505,7021,1227974,4212700
3478,334,341,327171,7014,1228315,4199200
3479,341,330,326830,7025,1228645,4439400
3480,349,339,326481,7035,1228984,4288200
3481,333,336,326148,7032,1229320,4195900
3482,338,366,325810,7004,1229686,4183200
3483,350,343,325460,7011,1230029,4279100
3484,348,358,325112,7001,1230387,4183400
3485,334,343,324778,6992,1230730,4150400
3486,346,358,324432,6980,1231088,4141900
3487,325,310,324107,6995,1231398,4375200
3488,358,358,323749,6995,1231756,4373300
3489,296,320,323453,6971,1232076,4338800
3490,323,338,323130,6956,1232414,4341900
3491,341,333,322789,6964,1232747,4259400
3492,379,352,322410,6991,1233099,4253300
3493,363,354,322047,7000,1233453,4201200
3494,346,356,321701,6990,1233809,4320100
3495,352,337,321349,7005,1234146,4201300
3496,361,355,320988,7011,1234501,4171900
3497,383,343,320605,7051,1234844,4178300
3498,345,358,320260,7038,1235202,4165500
3499,365,344,319895,7059,1235546,4159200
3500,381,367,319514,7073,1235913,4157600
3501,361,350,319153,7084,1236263,4190100
3502,348,353,318805,7079,1236616,4207800
3503,365,381,318440,7063,1236997,4291300
3504,367,368,318073,7062,1237365,4365900
3505,346,338,317727,7070,1237703,4387500
3506,356,340,317371,7086,1238043,4285900
3507,351,353,317020,7084,1238396,4251300
3508,381,293,316639,7172,1238689,4224400
3509,375,356,316264,7191,1239045,4353700
3510,349,386,315915,7154,1239431,4276000
3511,352,343,315563,7163,1239774,4227800
3512,395,344,315168,7214,1240118,4712400
3513,356,358,314812,7212,1240476,4685200
3514,361,366,314451,7207,1240842,4614000
3515,343,363,314108,7187,1241205,4754400
3516,364,399,313744,7152,1241604,4690100
3517,362,355,313382,7159,1241959,4640200
3518,374,364,313008,7169,1242323,4793400
3519,356,349,312652,7176,1242672,4696700
3520,335,370,312317,7141,1243042,4453200
3521,325,361,311992,7105,1243403,4398900
3522,336,340,311656,7101,1243743,4705000
3523,345,350,311311,7096,1244093,4309000
3524,328,330,310983,7094,1244423,4299200
3525,336,367,310647,7063,1244790,4922900
3526,336,358,310311,7041,1245148,4585400
3527,343,353,309968,7031,1245501,4191700
3528,333,354,309635,7010,1245855,4169200
3529,366,320,309269,7056,1246175,4170600
3530,339,371,308930,7024,1246546,4204100
3531,337,379,308593,6982,1246925,4160500
3532,390,337,308203,7035,1247262,4215400
3533,345,373,307858,7007,1247635,5007500
3534,334,313,307524,7028,1247948,4402400
3535,337,348,307187,7017,1248296,4385300
3536,334,353,306853,6998,1248649,4306500
3537,388,341,306465,7045,1248990,4331900
3538,354,368,306111,7031,1249358,4230800
3539,386,319,305725,7098,1249677,4225400
3540,347,379,305378,7066,1250056,4241300
3541,351,352,305027,7065,1250408,4203600
3542,346,340,304681,7071,1250748,4314100
3543,336,321,304345,7086,1251069,4264800
3544,337,360,304008,7063,1251429,4782200
3545,315,316,303693,7062,1251745,4425800
3546,354,373,303339,7043,1252118,4366300
3547,338,356,303001,7025,1252474,5183300
3548,358,342,302643,7041,1252816,4701500
3549,342,352,302301,7031,1253168,4603700
3550,369,364,301932,7036,1253532,4373200
3551,348,381,301584,7003,1253913,4709100
3552,354,374,301230,6983,1254287,4556500
3553,351,351,300879,6983,1254638,4520900
3554,319,332,300560,6970,1254970,4549800
3555,346,383,300214,6933,1255353,4841400
3556,360,362,299854,6931,1255715,4596200
3557,332,357,299522,6906,1256072,4585700
3558,372,336,299150,6942,1256408,4666800
3559,317,337,298833,6922,1256745,4648800
3560,343,322,298490,6943,1257067,4656100
3561,320,347,298170,6916,1257414,4708100
3562,313,330,297857,6899,1257744,4692800
3563,320,358,297537,6861,1258102,4614300
3564,315,374,297222,6802,1258476,4757100
3565,333,337,296889,6798,1258813,4729300
3566,334,350,296555,6782,1259163,5481000
3567,315,334,296240,6763,1259497,4873200
3568,338,304,295902,6797,1259801,4670100
3569,334,318,295568,6813,1260119,4670200
3570,326,324,295242,6815,1260443,4875900
3571,313,344,294929,6784,1260787,5103500
3572,354,300,294575,6838,1261087,4794900
3573,353,370,294222,6821,1261457,4752000
3574,315,338,293907,6798,1261795,4921600
3575,304,328,293603,6774,1262123,4901800
3576,355,318,293248,6811,1262441,4646200
3577,353,344,292895,6820,1262785,4695400
3578,336,341,292559,6815,1263126,4574000
3579,348,332,292211,6831,1263458,4577200
3580,367,340,291844,6858,1263798,4767500
3581,329,328,291515,6859,1264126,4558000
3582,353,321,291162,6891,1264447,4729100
3583,340,384,290822,6847,1264831,4920200
3584,343,306,290479,6884,1265137,4814400
3585,359,358,290120,6885,1265495,4551400
3586,353,334,289767,6904,1265829,4504600
3587,346,336,289421,6914,1266165,4546900
3588,345,372,289076,6887,1266537,4538800
3589,341,363,288735,6865,1266900,4642800
3590,324,348,288411,6841,1267248,4762900
3591,376,347,288035,6870,1267595,4572400
3592,372,341,287663,6901,1267936,4445300
3593,334,362,287329,6873,1268298,4365200
3594,379,335,286950,6917,1268633,4472600
3595,356,360,286594,6913,1268993,4302900
3596,338,349,286256,6902,1269342,4606200
3597,334,342,285922,6894,1269684,4758300
3598,334,343,285588,6885,1270027,4585500
3599,342,363,285246,6864,1270390,4550500
3600,335,368,284911,6831,1270758,4511100
3601,353,321,284558,6863,1271079,4496200
3602,322,360,284236,6825,1271439,4524700
3603,325,356,283911,6794,1271795,4893400
3604,338,353,283573,6779,1272148,4645700
3605,363,334,283210,6808,1272482,4666500
3606,353,302,282857,6859,1272784,4498800
3607,399,321,282458,6937,1273105,4623300
3608,327,329,282131,6935,1273434,4663300
3609,316,350,281815,6901,1273784,4718000
3610,355,351,281460,6905,1274135,4961000
3611,330,367,281130,6868,1274502,4929200
3612,365,361,280765,6872,1274863,4959100
3613,333,327,280432,6878,1275190,4401400
3614,358,326,280074,6910,1275516,4539800
3615,360,336,279714,6934,1275852,4394200
3616,322,362,279392,6894,1276214,4360900
3617,341,329,279051,6906,1276543,4681500
3618,387,369,278664,6924,1276912,4369000
3619,360,344,278304,6940,1277256,4420200
3620,346,349,277958,6937,1277605,4461900
3621,370,341,277588,6966,1277946,4785300
3622,366,343,277222,6989,1278289,4516300
3623,365,315,276857,7039,1278604,4433400
3624,345,344,276512,7040,1278948,4904100
3625,354,401,276158,6993,1279349,4609800
3626,351,346,275807,6998,1279695,4438000
3627,340,365,275467,6973,1280060,4399100
3628,331,338,275136,6966,1280398,4392200
3629,332,331,274804,6967,1280729,4313300
3630,300,334,274504,6933,1281063,4264800
3631,327,361,274177,6899,1281424,4205300
3632,340,345,273837,6894,1281769,4409900
3633,329,372,273508,6851,1282141,4148700
3634,337,339,273171,6849,1282480,4152100
3635,302,363,272869,6788,1282843,4333200
3636,348,307,272521,6829,1283150,4351700
3637,329,334,272192,6824,1283484,4224500
3638,299,370,271893,6753,1283854,4272500
3639,346,339,271547,6760,1284193,4339600
3640,346,326,271201,6780,1284519,4310200
3641,315,335,270886,6760,1284854,4388500
3642,321,339,270565,6742,1285193,4428900
3643,326,353,270239,6715,1285546,4347600
3644,319,325,269920,6709,1285871,4313700
3645,331,335,269589,6705,1286206,4319600
3646,314,304,269275,6715,1286510,4340200
3647,329,325,268946,6719,1286835,4313000
3648,343,312,268603,6750,1287147,4303300
3649,327,329,268276,6748,1287476,4594800
3650,301,306,267975,6743,1287782,4454900
3651,292,306,267683,6729,1288088,4406600
3652,306,344,267377,6691,1288432,4451100
3653,319,327,267058,6683,1288759,4359900
3654,319,322,266739,6680,1289081,4316400
3655,319,300,266420,6699,1289381,4296000
3656,323,347,266097,6675,1289728,4956100
3657,297,347,265800,6625,1290075,4604800
3658,350,309,265450,6666,1290384,4733300
3659,330,343,265120,6653,1290727,4933500
3660,302,337,264818,6618,1291064,4640000
3661,308,327,264510,6599,1291391,4540800
3662,295,293,264215,6601,1291684,4557900
3663,303,341,263912,6563,1292025,4617300
3664,299,312,263613,6550,1292337,4545500
3665,342,330,263271,6562,1292667,4624700
3666,339,300,262932,6601,1292967,4449500
3667,324,303,262608,6622,1293270,4386300
3668,337,318,262271,6641,1293588,4320100
3669,331,302,261940,6670,1293890,4261700
3670,353,362,261587,6661,1294252,4758700
3671,358,337,261229,6682,1294589,4264700
3672,316,361,260913,6637,1294950,4307800
3673,360,331,260553,6666,1295281,5192100
3674,311,335,260242,6642,1295616,4537900
3675,314,336,259928,6620,1295952,4699200
3676,334,344,259594,6610,1296296,4657900
3677,320,335,259274,6595,1296631,4386400
3678,320,323,258954,6592,1296954,4374000
3679,357,355,258597,6594,1297309,4356500
3680,342,311,258255,6625,1297620,4405200
3681,310,327,257945,6608,1297947,4298700
3682,322,335,257623,6595,1298282,4228200
3683,324,346,257299,6573,1298628,4214900
3684,297,330,257002,6540,1298958,4281800
3685,320,339,256682,6521,1299297,4235700
3686,314,319,256368,6516,1299616,4214800
3687,316,344,256052,6488,1299960,4210700
3688,345,324,255707,6509,1300284,4305200
3689,343,351,255364,6501,1300635,4597300
3690,338,338,255026,6501,1300973,4546500
3691,317,297,254709,6521,1301270,4616600
3692,346,318,254363,6549,1301588,4534100
3693,330,334,254033,6545,1301922,4525200
3694,297,312,253736,6530,1302234,4580600
3695,333,313,253403,6550,1302547,4589900
3696,358,313,253045,6595,1302860,4606400
3697,323,332,252722,6586,1303192,4682100
3698,327,315,252395,6598,1303507,4682300
3699,300,329,252095,6569,1303836,4772800
3700,333,337,251762,6565,1304173,4670700
3701,330,313,251432,6582,1304486,5043000
3702,317,346,251115,6553,1304832,4932700
3703,325,325,250790,6553,1305157,4961500
3704,335,317,250455,6571,1305474,5024200
3705,337,300,250118,6608,1305774,4462800
3706,331,362,249787,6577,1306136,4419900
3707,324,327,249463,6574,1306463,4798500
3708,293,314,249170,6553,1306777,4569700
3709,325,327,248845,6551,1307104,4536500
3710,296,305,248549,6542,1307409,4539300
3711,328,316,248221,6554,1307725,4980300
3712,336,325,247885,6565,1308050,4490100
3713,348,347,247537,6566,1308397,4826700
3714,289,337,247248,6518,1308734,4588600
3715,319,324,246929,6513,1309058,4462600
3716,314,277,246615,6550,1309335,4373800
3717,335,320,246280,6565,1309655,4534600
3718,290,315,245990,6540,1309970,4372800
3719,310,320,245680,6530,1310290,4299800
3720,333,333,245347,6530,1310623,4323500
3721,279,301,245068,6508,1310924,4598100
3722,313,346,244755,6475,1311270,4359400
3723,334,364,244421,6445,1311634,4425500
3724,305,306,244116,6444,1311940,4613900
3725,346,337,243770,6453,1312277,4672700
3726,317,308,243453,6462,1312585,4376500
3727,321,353,243132,6430,1312938,4381000
3728,321,328,242811,6423,1313266,4471300
3729,334,299,242477,6458,1313565,4454300
3730,326,297,242151,6487,1313862,4383600
3731,304,311,241847,6480,1314173,4350200
3732,310,345,241537,6445,1314518,4404000
3733,301,358,241236,6388,1314876,4289100
3734,303,333,240933,6358,1315209,4250500
3735,304,328,240629,6334,1315537,4506700
3736,329,334,240300,6329,1315871,4557600
3737,277,334,240023,6272,1316205,4541300
3738,278,313,239745,6237,1316518,4404100
3739,301,334,239444,6204,1316852,4383600
3740,301,312,239143,6193,1317164,4340100
3741,289,303,238854,6179,1317467,4308200
3742,269,302,238585,6146,1317769,4380300
3743,306,287,238279,6165,1318056,4351100
3744,318,298,237961,6185,1318354,4310100
3745,285,298,237676,6172,1318652,4245900
3746,318,306,237358,6184,1318958,4317800
3747,316,311,237042,6189,1319269,4245900
3748,319,326,236723,6182,1319595,4213000
3749,310,291,236413,6201,1319886,4216800
3750,303,306,236110,6198,1320192,4282700
3751,321,289,235789,6230,1320481,4493100
3752,309,313,235480,6226,1320794,4785500
3753,330,310,235150,6246,1321104,4727400
3754,329,323,234821,6252,1321427,4382400
3755,319,332,234502,6239,1321759,4325500
3756,308,282,234194,6265,1322041,4275100
3757,306,315,233888,6256,1322356,4245700
3758,322,291,233566,6287,1322647,4207100
3759,314,286,233252,6315,1322933,4166600
3760,299,308,232953,6306,1323241,4251800
3761,297,314,232656,6289,1323555,4350000
3762,319,332,232337,6276,1323887,4280400
3763,291,301,232046,6266,1324188,4233100
3764,334,336,231712,6264,1324524,4257300
3765,298,339,231414,6223,1324863,4300700
3766,313,310,231101,6226,1325173,4207500
3767,297,317,230804,6206,1325490,4198500
3768,292,275,230512,6223,1325765,4236600
3769,336,296,230176,6263,1326061,4317200
3770,343,290,229833,6316,1326351,4249700
3771,311,349,229522,6278,1326700,4306400
3772,299,300,229223,6277,1327000,4455200
3773,278,321,228945,6234,1327321,4193100
3774,310,284,228635,6260,1327605,4150000
3775,294,312,228341,6242,1327917,4146300
3776,318,322,228023,6238,1328239,4169800
3777,313,299,227710,6252,1328538,4119000
3778,317,318,227393,6251,1328856,4086100
3779,289,299,227104,6241,1329155,4388100
3780,293,321,226811,6213,1329476,4100300
3781,305,318,226506,6200,1329794,4103300
3782,285,316,226221,6169,1330110,4185500
3783,316,307,225905,6178,1330417,4177900
3784,293,309,225612,6162,1330726,4233900
3785,273,299,225339,6136,1331025,4244400
3786,280,322,225059,6094,1331347,4427200
3787,305,304,224754,6095,1331651,4316900
3788,304,295,224450,6104,1331946,4311400
3789,295,321,224155,6078,1332267,4231800
3790,263,294,223892,6047,1332561,4679300
3791,301,302,223591,6046,1332863,4478900
3792,285,286,223306,6045,1333149,4310700
3793,308,292,222998,6061,1333441,4237600
3794,275,302,222723,6034,1333743,4658800
3795,288,288,222435,6034,1334031,4338400
3796,303,303,222132,6034,1334334,4335000
3797,277,323,221855,5988,1334657,4640700
3798,277,286,221578,5979,1334943,4686500
3799,306,302,221272,5983,1335245,4427100
3800,301,282,220971,6002,1335527,4306300
3801,294,310,220677,5986,1335837,4305300
3802,307,303,220370,5990,1336140,4236800
3803,297,296,220073,5991,1336436,4203700
3804,302,306,219771,5987,1336742,4216500
3805,286,294,219485,5979,1337036,4473100
3806,260,275,219225,5964,1337311,4215400
3807,300,328,218925,5936,1337639,4174500
3808,296,304,218629,5928,1337943,4180800
3809,289,312,218340,5905,1338255,4142800
3810,283,298,218057,5890,1338553,4099500
3811,257,284,217800,5863,1338837,4123500
3812,253,299,217547,5817,1339136,4323200
3813,266,303,217281,5780,1339439,4129600
3814,280,255,217001,5805,1339694,4145500
3815,293,315,216708,5783,1340009,4168300
3816,271,301,216437,5753,1340310,4510900
3817,261,319,216176,5695,1340629,4203500
3818,260,286,215916,5669,1340915,4147500
3819,276,242,215640,5703,1341157,4251200
3820,308,292,215332,5719,1341449,4594000
3821,273,290,215059,5702,1341739,4320400
3822,302,290,214757,5714,1342029,4307700
3823,301,259,214456,5756,1342288,4858100
3824,300,257,214156,5799,1342545,5032400
3825,285,285,213871,5799,1342830,5127800
3826,292,293,213579,5798,1343123,4891100
3827,300,298,213279,5800,1343421,5409300
3828,264,296,213015,5768,1343717,4839900
3829,270,286,212745,5752,1344003,4885700
3830,269,284,212476,5737,1344287,4559700
3831,311,283,212165,5765,1344570,4411800
3832,260,295,211905,5730,1344865,4457500
3833,280,280,211625,5730,1345145,4780400
3834,281,314,211344,5697,1345459,4400200
3835,281,286,211063,5692,1345745,4370200
3836,293,254,210770,5731,1345999,4352300
3837,282,288,210488,5725,1346287,4305800
3838,269,273,210219,5721,1346560,4339400
3839,264,304,209955,5681,1346864,4301400
3840,253,289,209702,5645,1347153,4456100
3841,290,274,209412,5661,1347427,4304200
3842,262,271,209150,5652,1347698,4291700
3843,279,285,208871,5646,1347983,4456800
3844,283,292,208588,5637,1348275,4490300
3845,309,270,208279,5676,1348545,4353600
3846,310,282,207969,5704,1348827,4329700
3847,268,276,207701,5696,1349103,4349300
3848,294,288,207407,5702,1349391,4251400
3849,271,279,207136,5694,1349670,4478600
3850,303,311,206833,5686,1349981,4405400
3851,268,287,206565,5667,1350268,4851000
3852,290,273,206275,5684,1350541,4504100
3853,253,247,206022,5690,1350788,4534200
3854,249,277,205773,5662,1351065,4500300
3855,258,283,205515,5637,1351348,4398300
3856,290,292,205225,5635,1351640,4316100
3857,260,289,204965,5606,1351929,4272800
3858,294,273,204671,5627,1352202,4745200
3859,264,296,204407,5595,1352498,4344700
3860,278,276,204129,5597,1352774,4450000
3861,238,269,203891,5566,1353043,4461800
3862,265,297,203626,5534,1353340,4184800
3863,272,283,203354,5523,1353623,4123300
3864,259,271,203095,5511,1353894,4681000
3865,243,300,202852,5454,1354194,4211900
3866,263,289,202589,5428,1354483,4175200
3867,302,281,202287,5449,1354764,4139000
3868,258,258,202029,5449,1355022,4076600
3869,261,277,201768,5433,1355299,4087300
3870,248,257,201520,5424,1355556,4031400
3871,238,277,201282,5385,1355833,4016100
3872,262,258,201020,5389,1356091,4018400
3873,245,266,200775,5368,1356357,4452700
3874,261,273,200514,5356,1356630,4057500
3875,251,261,200263,5346,1356891,4087200
3876,251,286,200012,5311,1357177,4184100
3877,241,300,199771,5252,1357477,4162700
3878,268,276,199503,5244,1357753,4098000
3879,251,257,199252,5238,1358010,4080200
3880,231,278,199021,5191,1358288,4327800
3881,230,241,198791,5180,1358529,4084300
3882,233,235,198558,5178,1358764,4004200
3883,276,238,198282,5216,1359002,3954000
3884,259,266,198023,5209,1359268,4023500
3885,237,282,197786,5164,1359550,4079500
3886,259,270,197527,5153,1359820,4037700
3887,255,241,197272,5167,1360061,4017400
3888,250,270,197022,5147,1360331,4012400
3889,248,264,196774,5131,1360595,4022700
3890,228,263,196546,5096,1360858,3979400
3891,259,264,196287,5091,1361122,4096200
3892,244,267,196043,5068,1361389,4453900
3893,244,237,195799,5075,1361626,4110300
3894,248,263,195551,5060,1361889,4081200
3895,268,275,195283,5053,1362164,4041800
3896,262,264,195021,5051,1362428,4638200
3897,252,261,194769,5042,1362689,4189100
3898,270,254,194499,5058,1362943,4190600
3899,244,266,194255,5036,1363209,4668200
3900,259,257,193996,5038,1363466,4353900
3901,248,247,193748,5039,1363713,4213800
3902,256,259,193492,5036,1363972,4213500
3903,261,241,193231,5056,1364213,4426500
3904,213,268,193018,5001,1364481,4087700
3905,253,242,192765,5012,1364723,4030100
3906,253,228,192512,5037,1364951,4018000
3907,254,276,192258,5015,1365227,4135500
3908,250,250,192008,5015,1365477,4157900
3909,244,256,191764,5003,1365733,4173100
3910,239,258,191525,4984,1365991,4111600
3911,245,232,191280,4997,1366223,4149900
3912,250,255,191030,4992,1366478,4141600
3913,244,246,190786,4990,1366724,4037000
3914,253,227,190533,5016,1366951,4050900
3915,228,258,190305,4986,1367209,4079200
3916,243,240,190062,4989,1367449,4134200
3917,234,248,189828,4975,1367697,4406300
3918,268,246,189560,4997,1367943,4338600
3919,247,237,189313,5007,1368180,4292400
3920,251,277,189062,4981,1368457,4158500
3921,228,259,188834,4950,1368716,4128200
3922,250,260,188584,4940,1368976,4428600
3923,253,221,188331,4972,1369197,4168200
3924,223,256,188108,4939,1369453,4198800
3925,237,256,187871,4920,1369709,4270700
3926,221,217,187650,4924,1369926,4484700
3927,239,249,187411,4914,1370175,4113700
3928,247,229,187164,4932,1370404,4066000
3929,239,248,186925,4923,1370652,4052100
3930,245,280,186680,4888,1370932,4062000
3931,215,230,186465,4873,1371162,3994000
3932,246,262,186219,4857,1371424,3990900
3933,230,221,185989,4866,1371645,3992800
3934,257,237,185732,4886,1371882,4021300
3935,253,274,185479,4865,1372156,3984700
3936,250,239,185229,4876,1372395,3952900
3937,254,229,184975,4901,1372624,3966300
3938,227,242,184748,4886,1372866,3963600
3939,232,228,184516,4890,1373094,4077500
3940,235,217,184281,4908,1373311,4099800
3941,253,250,184028,4911,1373561,4151200
3942,285,256,183743,4940,1373817,4070900
3943,221,259,183522,4902,1374076,4030900
3944,258,235,183264,4925,1374311,4019700
3945,278,231,182986,4972,1374542,4028100
3946,256,249,182730,4979,1374791,4082000
3947,264,212,182466,5031,1375003,4040300
3948,270,268,182196,5033,1375271,4003700
3949,255,267,181941,5021,1375538,4058200
3950,266,273,181675,5014,1375811,3988400
3951,240,260,181435,4994,1376071,3956300
3952,258,231,181177,5021,1376302,3969400
3953,259,266,180918,5014,1376568,4307800
3954,251,258,180667,5007,1376826,4038900
3955,300,234,180367,5073,1377060,4006700
3956,239,242,180128,5070,1377302,4063500
3957,248,258,179880,5060,1377560,4463300
3958,237,255,179643,5042,1377815,4119100
3959,271,265,179372,5048,1378080,4063300
3960,249,258,179123,5039,1378338,4063800
3961,261,231,178862,5069,1378569,4055600
3962,248,288,178614,5029,1378857,3998800
3963,236,245,178378,5020,1379102,4013400
3964,241,244,178137,5017,1379346,3978900
3965,240,266,177897,4991,1379612,4534500
3966,253,263,177644,4981,1379875,4011800
3967,245,240,177399,4986,1380115,3972100
3968,247,263,177152,4970,1380378,3966100
3969,268,231,176884,5007,1380609,4307900
3970,261,247,176623,5021,1380856,3999600
3971,262,268,176361,5015,1381124,4390000
3972,271,231,176090,5055,1381355,4739800
3973,244,231,175846,5068,1381586,4361100
3974,260,255,175586,5073,1381841,4212300
3975,256,249,175330,5080,1382090,4130900
3976,249,244,175081,5085,1382334,4418800
3977,230,253,174851,5062,1382587,4055100
3978,261,252,174590,5071,1382839,4034100
3979,259,267,174331,5063,1383106,3975700
3980,279,259,174052,5083,1383365,4306000
3981,241,265,173811,5059,1383630,3989600
3982,246,289,173565,5016,1383919,3980100
3983,265,251,173300,5030,1384170,3991300
3984,246,244,173054,5032,1384414,4001200
3985,254,247,172800,5039,1384661,4007100
3986,225,247,172575,5017,1384908,3959100
3987,246,249,172329,5014,1385157,3955900
3988,271,267,172058,5018,1385424,4136600
3989,240,251,171818,5007,1385675,4174200
3990,268,251,171550,5024,1385926,4108800
3991,250,268,171300,5006,1386194,4058800
3992,226,244,171074,4988,1386438,4036600
3993,262,259,170812,4991,1386697,4017100
3994,246,257,170566,4980,1386954,3976400
3995,242,258,170324,4964,1387212,4213500
3996,224,207,170100,4981,1387419,3996600
3997,238,266,169862,4953,1387685,3971800
3998,238,260,169624,4931,1387945,3945600
3999,234,246,169390,4919,1388191,4291300
4000,226,233,169164,4912,1388424,4020400
4001,240,246,168924,4906,1388670,3954200
4002,250,232,168674,4924,1388902,3937800
4003,232,234,168442,4922,1389136,3987100
4004,246,272,168196,4896,1389408,4071100
4005,263,246,167933,4913,1389654,4091300
4006,266,248,167667,4931,1389902,4081200
4007,242,239,167425,4934,1390141,4519700
4008,261,266,167164,4929,1390407,4074500
4009,247,234,166917,4942,1390641,4034300
4010,236,230,166681,4948,1390871,4014200
4011,238,264,166443,4922,1391135,4022300
4012,269,236,166174,4955,1391371,3980800
4013,250,236,165924,4969,1391607,3957600
4014,239,258,165685,4950,1391865,3938900
4015,250,240,165435,4960,1392105,4393100
4016,248,239,165187,4969,1392344,4059100
4017,212,281,164975,4900,1392625,4018700
4018,204,242,164771,4862,1392867,4139100
4019,250,234,164521,4878,1393101,4267400
4020,254,246,164267,4886,1393347,4072300
4021,227,246,164040,4867,1393593,4056200
4022,216,256,163824,4827,1393849,4382100
4023,249,277,163575,4799,1394126,4166000
4024,224,250,163351,4773,1394376,4138600
4025,256,245,163095,4784,1394621,4129200
4026,235,225,162860,4794,1394846,4137300
4027,264,245,162596,4813,1395091,4132100
4028,257,211,162339,4859,1395302,4099400
4029,258,248,162081,4869,1395550,4109400
4030,247,229,161834,4887,1395779,4449400
4031,246,236,161588,4897,1396015,4138700
4032,258,248,161330,4907,1396263,4098900
4033,242,238,161088,4911,1396501,4163300
4034,230,275,160858,4866,1396776,4745800
4035,242,234,160616,4874,1397010,4220300
4036,259,249,160357,4884,1397259,4302000
4037,254,249,160103,4889,1397508,4290100
4038,245,239,159858,4895,1397747,4252200
4039,231,240,159627,4886,1397987,4209500
4040,205,259,159422,4832,1398246,4071900
4041,205,262,159217,4775,1398508,4395400
4042,229,268,158988,4736,1398776,4053800
4043,218,233,158770,4721,1399009,4012700
4044,196,243,158574,4674,1399252,4029900
4045,199,238,158375,4635,1399490,4010700
4046,218,242,158157,4611,1399732,3995100
4047,213,232,157944,4592,1399964,3965000
4048,233,225,157711,4600,1400189,4149700
4049,194,227,157517,4567,1400416,4040600
4050,233,229,157284,4571,1400645,3959700
4051,237,237,157047,4571,1400882,3984000
4052,244,211,156803,4604,1401093,4046100
4053,217,229,156586,4592,1401322,4080800
4054,229,228,156357,4593,1401550,4089400
4055,222,204,156135,4611,1401754,4035600
4056,222,216,155913,4617,1401970,4521700
4057,210,238,155703,4589,1402208,4009600
4058,234,221,155469,4602,1402429,4001600
4059,209,223,155260,4588,1402652,3933200
4060,217,224,155043,4581,1402876,4592700
4061,244,249,154799,4576,1403125,4320800
4062,219,237,154580,4558,1403362,4250600
4063,205,229,154375,4534,1403591,4451700
4064,194,252,154181,4476,1403843,4427800
4065,233,262,153948,4447,1404105,4369500
4066,214,225,153734,4436,1404330,4361500
4067,220,209,153514,4447,1404539,4188500
4068,212,214,153302,4445,1404753,4198700
4069,225,192,153077,4478,1404945,4110100
4070,228,228,152849,4478,1405173,4113800
4071,228,231,152621,4475,1405404,4068900
4072,234,227,152387,4482,1405631,4067500
4073,196,229,152191,4449,1405860,3997000
4074,241,211,151950,4479,1406071,4023300
4075,204,213,151746,4470,1406284,4084500
4076,219,220,151527,4469,1406504,4040000
4077,225,229,151302,4465,1406733,3992500
4078,201,226,151101,4440,1406959,4349900
4079,203,216,150898,4427,1407175,3962600
4080,204,225,150694,4406,1407400,3971800
4081,223,203,150471,4426,1407603,3929100
4082,196,197,150275,4425,1407800,4309100
4083,246,213,150029,4458,1408013,3996000
4084,213,193,149816,4478,1408206,4038900
4085,214,216,149602,4476,1408422,4047500
4086,220,207,149382,4489,1408629,4220400
4087,207,231,149175,4465,1408860,4073300
4088,231,220,148944,4476,1409080,4006800
4089,232,228,148712,4480,1409308,3972400
4090,219,227,148493,4472,1409535,4126800
4091,223,211,148270,4484,1409746,3999900
4092,207,224,148063,4467,1409970,4016600
4093,219,208,147844,4478,1410178,4117600
4094,255,221,147589,4512,1410399,4025500
4095,232,218,147357,4526,1410617,4041400
4096,193,230,147164,4489,1410847,4228500
4097,207,226,146957,4470,1411073,4587800
4098,223,232,146734,4461,1411305,4452000
4099,229,201,146505,4489,1411506,4511600
4100,229,198,146276,4520,1411704,4641400
4101,218,222,146058,4516,1411926,4631600
4102,203,225,145855,4494,1412151,4253600
4103,226,231,145629,4489,1412382,4112200
4104,237,226,145392,4500,1412608,4257600
4105,197,214,145195,4483,1412822,4199800
4106,207,227,144988,4463,1413049,4178000
4107,199,217,144789,4445,1413266,4153200
4108,206,235,144583,4416,1413501,4297700
4109,205,223,144378,4398,1413724,4195200
4110,191,239,144187,4350,1413963,4175200
4111,230,207,143957,4373,1414170,4175600
4112,212,191,143745,4394,1414361,4451200
4113,216,241,143529,4369,1414602,4184300
4114,211,207,143318,4373,1414809,4145400
4115,199,253,143119,4319,1415062,4191400
4116,218,189,142901,4348,1415251,4165300
4117,191,222,142710,4317,1415473,4219100
4118,222,201,142488,4338,1415674,4237900
4119,197,218,142291,4317,1415892,4204100
4120,205,226,142086,4296,1416118,4152800
4121,230,227,141856,4299,1416345,4131000
4122,218,208,141638,4309,1416553,4104600
4123,221,222,141417,4308,1416775,4138500
4124,194,219,141223,4283,1416994,4113000
4125,216,236,141007,4263,1417230,4108500
4126,224,250,140783,4237,1417480,4144900
4127,215,224,140568,4228,1417704,4155800
4128,241,215,140327,4254,1417919,4167400
4129,215,213,140112,4256,1418132,4176200
4130,216,217,139896,4255,1418349,4196600
4131,233,209,139663,4279,1418558,4205600
4132,192,224,139471,4247,1418782,4208600
4133,209,204,139262,4252,1418986,4240100
4134,234,203,139028,4283,1419189,4191800
4135,209,209,138819,4283,1419398,4277700
4136,229,249,138590,4263,1419647,4142400
4137,205,197,138385,4271,1419844,4124400
4138,209,216,138176,4264,1420060,4434100
4139,203,219,137973,4248,1420279,4111700
4140,206,213,137767,4241,1420492,4112100
4141,208,190,137559,4259,1420682,4067500
4142,183,203,137376,4239,1420885,4206200
4143,231,215,137145,4255,1421100,4103000
4144,193,233,136952,4215,1421333,4210900
4145,208,212,136744,4211,1421545,4177100
4146,225,190,136519,4246,1421735,4190200
4147,200,199,136319,4247,1421934,4186300
4148,222,207,136097,4262,1422141,4155600
4149,236,208,135861,4290,1422349,4269000
4150,237,217,135624,4310,1422566,4194700
4151,222,195,135402,4337,1422761,4490300
4152,208,211,135194,4334,1422972,4194400
4153,233,208,134961,4359,1423180,4083800
4154,220,220,134741,4359,1423400,4025200
4155,208,259,134533,4308,1423659,3976200
4156,244,242,134289,4310,1423901,3957300
4157,234,214,134055,4330,1424115,4038300
4158,238,234,133817,4334,1424349,4131300
4159,221,207,133596,4348,1424556,4069800
4160,224,214,133372,4358,1424770,4014500
4161,223,209,133149,4372,1424979,4018300
4162,211,214,132938,4369,1425193,3987500
4163,211,217,132727,4363,1425410,3951600
4164,239,209,132488,4393,1425619,3985100
4165,223,216,132265,4400,1425835,4091800
4166,217,235,132048,4382,1426070,4054200
4167,214,224,131834,4372,1426294,3994700
4168,226,208,131608,4390,1426502,4033300
4169,203,211,131405,4382,1426713,4009000
4170,213,213,131192,4382,1426926,3945200
4171,201,224,130991,4359,1427150,3944700
4172,202,221,130789,4340,1427371,4067100
4173,216,221,130573,4335,1427592,4192900
4174,188,200,130385,4323,1427792,3995100
4175,210,211,130175,4322,1428003,3960800
4176,216,200,129959,4338,1428203,3963600
4177,216,219,129743,4335,1428422,3952400
4178,211,207,129532,4339,1428629,3922900
4179,218,227,129314,4330,1428856,3911900
4180,202,223,129112,4309,1429079,3977000
4181,195,235,128917,4269,1429314,4052100
4182,211,248,128706,4232,1429562,4100300
4183,213,217,128493,4228,1429779,4032300
4184,203,198,128290,4233,1429977,4506000
4185,217,221,128073,4229,1430198,4034800
4186,213,194,127860,4248,1430392,3951800
4187,201,205,127659,4244,1430597,3954500
4188,221,209,127438,4256,1430806,4030900
4189,212,183,127226,4285,1430989,4017500
4190,209,188,127017,4306,1431177,4023800
4191,224,216,126793,4314,1431393,4047000
4192,191,233,126602,4272,1431626,4055500
4193,209,214,126393,4267,1431840,3975200
4194,207,234,126186,4240,1432074,3930200
4195,217,209,125969,4248,1432283,3917500
4196,207,208,125762,4247,1432491,4016900
4197,196,220,125566,4223,1432711,3999600
4198,208,213,125358,4218,1432924,4028200
4199,228,224,125130,4222,1433148,4030600
4200,214,217,124916,4219,1433365,4201600
4201,229,226,124687,4222,1433591,4115200
4202,196,218,124491,4200,1433809,4085300
4203,193,234,124298,4159,1434043,4157200
4204,211,202,124087,4168,1434245,5225000
4205,190,188,123897,4170,1434433,3954200
4206,231,226,123666,4175,1434659,3930800
4207,204,195,123462,4184,1434854,4749400
4208,196,211,123266,4169,1435065,3981700
4209,207,202,123059,4174,1435267,3864000
4210,211,211,122848,4174,1435478,3884800
4211,193,201,122655,4166,1435679,3881400
4212,207,197,122448,4176,1435876,3890100
4213,187,223,122261,4140,1436099,4359700
4214,202,203,122059,4139,1436302,4264000
4215,224,231,121835,4132,1436533,4311800
4216,185,227,121650,4090,1436760,4226900
4217,193,180,121457,4103,1436940,4208400
4218,206,210,121251,4099,1437150,4127800
4219,175,202,121076,4072,1437352,4093300
4220,209,201,120867,4080,1437553,4039900
4221,184,185,120683,4079,1437738,4054300
4222,209,203,120474,4085,1437941,4211300
4223,198,214,120276,4069,1438155,4284000
4224,198,218,120078,4049,1438373,4014800
4225,188,166,119890,4071,1438539,3997300
4226,185,207,119705,4049,1438746,4031800
4227,185,198,119520,4036,1438944,4061400
4228,208,189,119312,4055,1439133,4286300
4229,179,206,119133,4028,1439339,4174600
4230,212,169,118921,4071,1439508,4264100
4231,206,197,118715,4080,1439705,4520600
4232,208,207,118507,4081,1439912,4375500
4233,211,202,118296,4090,1440114,4110300
4234,198,189,118098,4099,1440303,4129600
4235,208,215,117890,4092,1440518,4244800
4236,192,246,117698,4038,1440764,4086500
4237,214,199,117484,4053,1440963,4052900
4238,217,207,117267,4063,1441170,4052200
4239,189,194,117078,4058,1441364,4050000
4240,191,209,116887,4040,1441573,4049900
4241,215,206,116672,4049,1441779,4340200
4242,182,187,116490,4044,1441966,4061900
4243,224,208,116266,4060,1442174,4047500
4244,209,185,116057,4084,1442359,4035800
4245,228,204,115829,4108,1442563,4534800
4246,197,231,115632,4074,1442794,4442300
4247,200,202,115432,4072,1442996,4215700
4248,177,187,115255,4062,1443183,4181000
4249,214,213,115041,4063,1443396,4123200
4250,192,218,114849,4037,1443614,4143000
4251,209,188,114640,4058,1443802,4213700
4252,211,199,114429,4070,1444001,4228200
4253,194,199,114235,4065,1444200,4013400
4254,184,190,114051,4059,1444390,4013500
4255,195,194,113856,4060,1444584,4012300
4256,220,185,113636,4095,1444769,4032800
4257,189,186,113447,4098,1444955,4012400
4258,197,196,113250,4099,1445151,4027400
4259,207,210,113043,4096,1445361,4311500
4260,199,220,112844,4075,1445581,4331000
4261,188,191,112656,4072,1445772,4197900
4262,178,198,112478,4052,1445970,4438800
4263,187,183,112291,4056,1446153,4304000
4264,186,214,112105,4028,1446367,4210000
4265,186,196,111919,4018,1446563,4166500
4266,172,203,111747,3987,1446766,4218700
4267,188,190,111559,3985,1446956,4161100
4268,184,218,111375,3951,1447174,4156700
4269,183,200,111192,3934,1447374,4143500
4270,196,213,110996,3917,1447587,4319000
4271,188,185,110808,3920,1447772,4498100
4272,180,191,110628,3909,1447963,4180900
4273,205,200,110423,3914,1448163,4165700
4274,212,194,110211,3932,1448357,4140200
4275,187,200,110024,3919,1448557,4367600
4276,165,195,109859,3889,1448752,4106600
4277,194,156,109665,3927,1448908,4177500
4278,195,197,109470,3925,1449105,4243400
4279,200,209,109270,3916,1449314,4217600
4280,174,203,109096,3887,1449517,4374000
4281,171,200,108925,3858,1449717,4561800
4282,199,205,108726,3852,1449922,4240100
4283,200,195,108526,3857,1450117,4062800
4284,182,207,108344,3832,1450324,4386800
4285,187,183,108157,3836,1450507,4121300
4286,168,208,107989,3796,1450715,4072400
4287,177,194,107812,3779,1450909,4069400
4288,182,193,107630,3768,1451102,4275100
4289,186,201,107444,3753,1451303,4057100
4290,157,169,107287,3741,1451472,4026000
4291,182,202,107105,3721,1451674,4060300
4292,171,193,106934,3699,1451867,4130500
4293,183,191,106751,3691,1452058,4127400
4294,185,184,106566,3692,1452242,4085800
4295,174,192,106392,3674,1452434,4131900
4296,161,172,106231,3663,1452606,4087300
4297,155,179,106076,3639,1452785,4367900
4298,165,171,105911,3633,1452956,4035100
4299,167,168,105744,3632,1453124,4116200
4300,161,175,105583,3618,1453299,4346400
4301,179,187,105404,3610,1453486,4230000
4302,150,164,105254,3596,1453650,4233000
4303,152,178,105102,3570,1453828,4699200
4304,175,182,104927,3563,1454010,4166200
4305,147,197,104780,3513,1454207,4345900
4306,166,184,104614,3495,1454391,4428500
4307,172,152,104442,3515,1454543,4252200
4308,158,164,104284,3509,1454707,4285700
4309,163,191,104121,3481,1454898,4243400
4310,153,177,103968,3457,1455075,4367500
4311,146,191,103822,3412,1455266,4101800
4312,138,189,103684,3361,1455455,4073000
4313,163,170,103521,3354,1455625,4046600
4314,160,180,103361,3334,1455805,4394100
4315,173,178,103188,3329,1455983,4349300
4316,142,161,103046,3310,1456144,4063500
4317,148,146,102898,3312,1456290,4196800
4318,151,151,102747,3312,1456441,3956200
4319,155,166,102592,3301,1456607,3932300
4320,136,165,102456,3272,1456772,3912900
4321,145,150,102311,3267,1456922,4012400
4322,172,156,102139,3283,1457078,4301600
4323,200,165,101939,3318,1457243,4127300
4324,154,173,101785,3299,1457416,3972500
4325,136,162,101649,3273,1457578,4290500
4326,140,158,101509,3255,1457736,3957400
4327,163,169,101346,3249,1457905,3944400
4328,173,158,101173,3264,1458063,3885400
4329,173,175,101000,3262,1458238,4331900
4330,141,184,100859,3219,1458422,3935300
4331,176,158,100683,3237,1458580,3930000
4332,158,137,100525,3258,1458717,3864500
4333,162,160,100363,3260,1458877,4170800
4334,160,174,100203,3246,1459051,3924700
4335,149,160,100054,3235,1459211,3897600
4336,167,172,99887,3230,1459383,4007300
4337,159,173,99728,3216,1459556,4541500
4338,159,157,99569,3218,1459713,4185800
4339,168,165,99401,3221,1459878,4531300
4340,162,157,99239,3226,1460035,5019600
4341,185,191,99054,3220,1460226,6162900
4342,167,156,98887,3231,1460382,4345100
4343,160,163,98727,3228,1460545,4359000
4344,176,165,98551,3239,1460710,4304000
4345,174,174,98377,3239,1460884,4604500
4346,151,185,98226,3205,1461069,4049000
4347,144,173,98082,3176,1461242,4519200
4348,186,151,97896,3211,1461393,4265800
4349,144,167,97752,3188,1461560,4357100
4350,149,163,97603,3174,1461723,5148500
4351,154,179,97449,3149,1461902,5098600
4352,172,139,97277,3182,1462041,4579700
4353,142,184,97135,3140,1462225,4231100
4354,165,147,96970,3158,1462372,4401700
4355,171,150,96799,3179,1462522,4239100
4356,148,139,96651,3188,1462661,4064200
4357,161,177,96490,3172,1462838,4012900
4358,147,168,96343,3151,1463006,4062400
4359,162,171,96181,3142,1463177,4008700
4360,164,153,96017,3153,1463330,4373400
4361,175,142,95842,3186,1463472,4031300
4362,164,153,95678,3197,1463625,4053100
4363,151,190,95527,3158,1463815,4012100
4364,140,150,95387,3148,1463965,3932500
4365,172,170,95215,3150,1464135,3931000
4366,160,154,95055,3156,1464289,3931100
4367,182,167,94873,3171,1464456,3882200
4368,162,146,94711,3187,1464602,3890500
4369,176,149,94535,3214,1464751,3975800
4370,177,162,94358,3229,1464913,4181400
4371,145,181,94213,3193,1465094,3958700
4372,167,153,94046,3207,1465247,3914100
4373,137,125,93909,3219,1465372,4129800
4374,164,159,93745,3224,1465531,4120100
4375,159,150,93586,3233,1465681,3834800
4376,161,154,93425,3240,1465835,4080500
4377,171,173,93254,3238,1466008,4043400
4378,174,168,93080,3244,1466176,3883000
4379,178,170,92902,3252,1466346,3846500
4380,166,171,92736,3247,1466517,3841500
4381,150,155,92586,3242,1466672,4134000
4382,162,166,92424,3238,1466838,4074900
4383,167,151,92257,3254,1466989,3950900
4384,164,178,92093,3240,1467167,4043400
4385,164,167,91929,3237,1467334,4353700
4386,156,164,91773,3229,1467498,3949400
4387,158,171,91615,3216,1467669,3916700
4388,152,165,91463,3203,1467834,3969600
4389,145,149,91318,3199,1467983,4249300
4390,129,152,91189,3176,1468135,4126600
4391,139,163,91050,3152,1468298,4108000
4392,148,157,90902,3143,1468455,4119700
4393,150,168,90752,3125,1468623,4208000
4394,154,134,90598,3145,1468757,4156800
4395,147,165,90451,3127,1468922,4236100
4396,145,164,90306,3108,1469086,4298000
4397,142,133,90164,3117,1469219,4267100
4398,167,169,89997,3115,1469388,4270700
4399,148,157,89849,3106,1469545,4271800
4400,145,154,89704,3097,1469699,4320500
4401,137,171,89567,3063,1469870,4418200
4402,126,142,89441,3047,1470012,4544800
4403,143,135,89298,3055,1470147,4668300
4404,121,157,89177,3019,1470304,4329700
4405,136,153,89041,3002,1470457,4159000
4406,123,144,88918,2981,1470601,4082200
4407,143,150,88775,2974,1470751,4095400
4408,129,151,88646,2952,1470902,4040200
4409,130,134,88516,2948,1471036,4038400
4410,158,131,88358,2975,1471167,4044200
4411,128,133,88230,2970,1471300,4118300
4412,114,157,88116,2927,1471457,4053800
4413,142,134,87974,2935,1471591,4034700
4414,136,167,87838,2904,1471758,4031100
4415,118,158,87720,2864,1471916,4453800
4416,133,133,87587,2864,1472049,4074500
4417,130,141,87457,2853,1472190,4023900
4418,129,132,87328,2850,1472322,4077600
4419,114,144,87214,2820,1472466,4664500
4420,129,151,87085,2798,1472617,4161100
4421,132,158,86953,2772,1472775,4091700
4422,132,150,86821,2754,1472925,4003200
4423,125,139,86696,2740,1473064,4059300
4424,107,135,86589,2712,1473199,4021100
4425,133,121,86456,2724,1473320,3980100
4426,113,129,86343,2708,1473449,3999600
4427,123,125,86220,2706,1473574,4348800
4428,114,125,86106,2695,1473699,4001500
4429,126,138,85980,2683,1473837,3998200
4430,131,142,85849,2672,1473979,4006800
4431,93,132,85756,2633,1474111,4013200
4432,138,134,85618,2637,1474245,4013400
4433,119,134,85499,2622,1474379,4016800
4434,137,132,85362,2627,1474511,4163100
4435,110,132,85252,2605,1474643,3970600
4436,126,120,85126,2611,1474763,3963700
4437,127,126,84999,2612,1474889,3913000
4438,135,151,84864,2596,1475040,3926300
4439,122,137,84742,2581,1475177,3911900
4440,130,152,84612,2559,1475329,3862000
4441,126,122,84486,2563,1475451,3998300
4442,105,115,84381,2553,1475566,4004200
4443,144,114,84237,2583,1475680,4001600
4444,129,147,84108,2565,1475827,3968100
4445,127,127,83981,2565,1475954,3946200
4446,123,136,83858,2552,1476090,4320500
4447,123,119,83735,2556,1476209,4024700
4448,118,129,83617,2545,1476338,4007600
4449,116,129,83501,2532,1476467,4169300
4450,114,144,83387,2502,1476611,4077100
4451,121,122,83266,2501,1476733,4052700
4452,115,129,83151,2487,1476862,4071700
4453,129,137,83022,2479,1476999,4261300
4454,119,121,82903,2477,1477120,4332700
4455,122,123,82781,2476,1477243,4162700
4456,124,112,82657,2488,1477355,4133000
4457,113,111,82544,2490,1477466,4249300
4458,108,125,82436,2473,1477591,4132000
4459,133,132,82303,2474,1477723,3833400
4460,111,116,82192,2469,1477839,3817400
4461,128,117,82064,2480,1477956,3821200
4462,130,125,81934,2485,1478081,4054700
4463,112,120,81822,2477,1478201,3991100
4464,121,126,81701,2472,1478327,3791600
4465,101,112,81600,2461,1478439,3803600
4466,133,132,81467,2462,1478571,3840800
4467,126,126,81341,2462,1478697,3801400
4468,121,117,81220,2466,1478814,3913400
4469,134,107,81086,2493,1478921,4168800
4470,113,123,80973,2483,1479044,4511100
4471,112,124,80861,2471,1479168,3897000
4472,138,109,80723,2500,1479277,3852900
4473,138,115,80585,2523,1479392,3856500
4474,122,142,80463,2503,1479534,3912800
4475,98,135,80365,2466,1479669,3956000
4476,121,120,80244,2467,1479789,3878400
4477,117,124,80127,2460,1479913,4250100
4478,106,119,80021,2447,1480032,3838000
4479,129,122,79892,2454,1480154,3910000
4480,120,107,79772,2467,1480261,3884800
4481,128,139,79644,2456,1480400,4259900
4482,108,112,79536,2452,1480512,3861500
4483,127,132,79409,2447,1480644,3841300
4484,124,107,79285,2464,1480751,3822900
4485,103,107,79182,2460,1480858,3875500
4486,118,119,79064,2459,1480977,3902000
4487,127,118,78937,2468,1481095,3924600
4488,127,144,78810,2451,1481239,3860600
4489,92,124,78718,2419,1481363,3924900
4490,117,132,78601,2404,1481495,3847000
4491,124,129,78477,2399,1481624,3894200
4492,111,100,78366,2410,1481724,3918000
4493,110,119,78256,2401,1481843,3910500
4494,102,117,78154,2386,1481960,3896700
4495,116,110,78038,2392,1482070,3852300
4496,109,115,77929,2386,1482185,3832800
4497,119,130,77810,2375,1482315,3822000
4498,123,120,77687,2378,1482435,3844300
4499,125,127,77562,2376,1482562,3802500
4500,140,119,77422,2397,1482681,3768300
4501,103,103,77319,2397,1482784,3809100
4502,128,107,77191,2418,1482891,3885500
4503,137,128,77054,2427,1483019,3917900
4504,117,117,76937,2427,1483136,4031100
4505,110,96,76827,2441,1483232,4143900
4506,98,134,76729,2405,1483366,3989700
4507,119,114,76610,2410,1483480,3933100
4508,117,122,76493,2405,1483602,3895900
4509,115,125,76378,2395,1483727,4898900
4510,117,128,76261,2384,1483855,4640900
4511,104,131,76157,2357,1483986,4782700
4512,110,108,76047,2359,1484094,3998500
4513,109,115,75938,2353,1484209,3998800
4514,96,109,75842,2340,1484318,3972000
4515,123,116,75719,2347,1484434,3931100
4516,111,119,75608,2339,1484553,4680200
4517,130,149,75478,2320,1484702,4744900
4518,114,115,75364,2319,1484817,3996400
4519,88,121,75276,2286,1484938,3989200
4520,98,103,75178,2281,1485041,4131900
4521,112,126,75066,2267,1485167,4081700
4522,118,113,74948,2272,1485280,4048100
4523,114,101,74834,2285,1485381,4064300
4524,109,132,74725,2262,1485513,4512600
4525,112,108,74613,2266,1485621,4038700
4526,110,95,74503,2281,1485716,3911600
4527,111,95,74392,2297,1485811,3943800
4528,144,110,74248,2331,1485921,3967000
4529,109,99,74139,2341,1486020,3925500
4530,123,135,74016,2329,1486155,3927000
4531,122,110,73894,2341,1486265,3974100
4532,112,120,73782,2333,1486385,3941500
4533,110,102,73672,2341,1486487,3922700
4534,139,112,73533,2368,1486599,3979500
4535,111,120,73422,2359,1486719,4045700
4536,116,99,73306,2376,1486818,4028500
4537,95,144,73211,2327,1486962,3974000
4538,106,125,73105,2308,1487087,3972500
4539,97,126,73008,2279,1487213,4013300
4540,129,117,72879,2291,1487330,3961600
4541,109,117,72770,2283,1487447,4153400
4542,120,101,72650,2302,1487548,4000000
4543,115,136,72535,2281,1487684,4328800
4544,123,102,72412,2302,1487786,4275800
4545,112,111,72300,2303,1487897,4146800
4546,105,138,72195,2270,1488035,4171500
4547,109,96,72086,2283,1488131,4402800
4548,101,117,71985,2267,1488248,4102600
4549,108,109,71877,2266,1488357,4239000
4550,101,137,71776,2230,1488494,4114000
4551,91,105,71685,2216,1488599,3943100
4552,94,102,71591,2208,1488701,3978000
4553,110,115,71481,2203,1488816,3864600
4554,106,110,71375,2199,1488926,3843800
4555,94,120,71281,2173,1489046,3823300
4556,86,119,71195,2140,1489165,3754200
4557,98,101,71097,2137,1489266,3777400
4558,101,116,70996,2122,1489382,3797000
4559,99,116,70897,2105,1489498,3768800
4560,94,99,70803,2100,1489597,3803900
4561,107,109,70696,2098,1489706,3765900
4562,93,104,70603,2087,1489810,3786000
4563,108,112,70495,2083,1489922,3787700
4564,97,116,70398,2064,1490038,3780800
4565,108,107,70290,2065,1490145,3761200
4566,106,104,70184,2067,1490249,3780100
4567,115,96,70069,2086,1490345,3795000
4568,101,103,69968,2084,1490448,3881100
4569,96,111,69872,2069,1490559,3935600
4570,94,106,69778,2057,1490665,3941400
4571,112,110,69666,2059,1490775,3818800
4572,101,112,69565,2048,1490887,3854800
4573,82,112,69483,2018,1490999,4219100
4574,100,124,69383,1994,1491123,4153200
4575,98,117,69285,1975,1491240,3861000
4576,116,95,69169,1996,1491335,3850000
4577,74,86,69095,1984,1491421,3809100
4578,111,108,68984,1987,1491529,3799300
4579,102,95,68882,1994,1491624,3778200
4580,81,110,68801,1965,1491734,3844400
4581,94,77,68707,1982,1491811,3891000
4582,85,100,68622,1967,1491911,3940200
4583,95,94,68527,1968,1492005,3876500
4584,101,104,68426,1965,1492109,3834800
4585,83,97,68343,1951,1492206,3832000
4586,94,97,68249,1948,1492303,3810000
4587,95,81,68154,1962,1492384,3841500
4588,79,107,68075,1934,1492491,3976600
4589,92,90,67983,1936,1492581,3910800
4590,76,98,67907,1914,1492679,3829300
4591,97,89,67810,1922,1492768,3826300
4592,77,95,67733,1904,1492863,3798800
4593,89,88,67644,1905,1492951,3819700
4594,85,97,67559,1893,1493048,4013000
4595,73,106,67486,1860,1493154,3868700
4596,85,85,67401,1860,1493239,3846400
4597,98,99,67303,1859,1493338,3882400
4598,66,88,67237,1837,1493426,3826800
4599,86,92,67151,1831,1493518,3801800
4600,79,94,67072,1816,1493612,3799900
4601,80,82,66992,1814,1493694,3749600
4602,73,84,66919,1803,1493778,3828300
4603,51,95,66868,1759,1493873,3827800
4604,87,94,66781,1752,1493967,3792300
4605,62,99,66719,1715,1494066,4033200
4606,78,67,66641,1726,1494133,3851900
4607,89,108,66552,1707,1494241,3906300
4608,74,84,66478,1697,1494325,4114000
4609,64,80,66414,1681,1494405,3825600
4610,82,97,66332,1666,1494502,3781600
4611,71,55,66261,1682,1494557,4363700
4612,86,89,66175,1679,1494646,3730200
4613,94,90,66081,1683,1494736,3695700
4614,67,85,66014,1665,1494821,3801600
4615,77,83,65937,1659,1494904,3752100
4616,81,79,65856,1661,1494983,4224300
4617,83,81,65773,1663,1495064,4362200
4618,70,84,65703,1649,1495148,3769300
4619,83,82,65620,1650,1495230,3907400
4620,82,95,65538,1637,1495325,3960400
4621,69,77,65469,1629,1495402,3856700
4622,75,68,65394,1636,1495470,3819100
4623,71,81,65323,1626,1495551,3840600
4624,68,94,65255,1600,1495645,3805100
4625,65,80,65190,1585,1495725,3823300
4626,76,73,65114,1588,1495798,3835300
4627,91,78,65023,1601,1495876,3769700
4628,74,80,64949,1595,1495956,4189400
4629,76,92,64873,1579,1496048,3951200
4630,79,74,64794,1584,1496122,3975100
4631,61,85,64733,1560,1496207,4395100
4632,60,67,64673,1553,1496274,4037800
4633,68,82,64605,1539,1496356,3906600
4634,63,88,64542,1514,1496444,4019000
4635,72,70,64470,1516,1496514,3883100
4636,65,75,64405,1506,1496589,3856000
4637,76,69,64329,1513,1496658,3816400
4638,58,75,64271,1496,1496733,3884500
4639,84,84,64187,1496,1496817,3869400
4640,74,76,64113,1494,1496893,3852500
4641,80,80,64033,1494,1496973,3856700
4642,83,67,63950,1510,1497040,3892200
4643,85,81,63865,1514,1497121,3914200
4644,81,82,63784,1513,1497203,3980300
4645,88,58,63696,1543,1497261,3983800
4646,80,65,63616,1558,1497326,3876500
4647,88,77,63528,1569,1497403,3884700
4648,84,89,63444,1564,1497492,3876600
4649,87,73,63357,1578,1497565,3842300
4650,74,81,63283,1571,1497646,3807500
4651,82,82,63201,1571,1497728,3794100
4652,89,66,63112,1594,1497794,3827500
4653,76,75,63036,1595,1497869,3785900
4654,97,63,62939,1629,1497932,3753800
4655,77,78,62862,1628,1498010,3815200
4656,83,86,62779,1625,1498096,3978300
4657,67,74,62712,1618,1498170,3863600
4658,87,82,62625,1623,1498252,4013100
4659,78,83,62547,1618,1498335,4041800
4660,79,92,62468,1605,1498427,4131500
4661,91,77,62377,1619,1498504,4028900
4662,73,79,62304,1613,1498583,4147700
4663,85,85,62219,1613,1498668,4294100
4664,88,75,62131,1626,1498743,3990100
4665,80,91,62051,1615,1498834,3945400
4666,85,99,61966,1601,1498933,3976300
4667,94,81,61872,1614,1499014,4026500
4668,68,74,61804,1608,1499088,4043500
4669,87,89,61717,1606,1499177,4055400
4670,82,94,61635,1594,1499271,4016000
4671,85,77,61550,1602,1499348,3971300
4672,89,79,61461,1612,1499427,4059400
4673,89,89,61372,1612,1499516,3903100
4674,80,83,61292,1609,1499599,3982900
4675,81,78,61211,1612,1499677,4185900
4676,84,71,61127,1625,1499748,3950100
4677,83,71,61044,1637,1499819,3933700
4678,84,84,60960,1637,1499903,3951800
4679,81,88,60879,1630,1499991,3949400
4680,87,90,60792,1627,1500081,4012700
4681,75,88,60717,1614,1500169,4137600
4682,71,90,60646,1595,1500259,3985000
4683,69,78,60577,1586,1500337,3975800
4684,90,83,60487,1593,1500420,3951300
4685,72,85,60415,1580,1500505,3917500
4686,91,82,60324,1589,1500587,4014600
4687,76,94,60248,1571,1500681,3928600
4688,62,83,60186,1550,1500764,3933300
4689,59,73,60127,1536,1500837,4320400
4690,66,74,60061,1528,1500911,3893000
4691,83,89,59978,1522,1501000,3856700
4692,62,61,59916,1523,1501061,3836500
4693,73,70,59843,1526,1501131,3854400
4694,78,68,59765,1536,1501199,3799400
4695,90,85,59675,1541,1501284,3863300
4696,85,87,59590,1539,1501371,3780800
4697,90,71,59500,1558,1501442,3755600
4698,75,83,59425,1550,1501525,3905100
4699,96,70,59329,1576,1501595,4120100
4700,75,82,59254,1569,1501677,4000100
4701,76,82,59178,1563,1501759,3791600
4702,80,73,59098,1570,1501832,3756000
4703,72,75,59026,1567,1501907,4005800
4704,79,71,58947,1575,1501978,3849100
4705,72,82,58875,1565,1502060,4293900
4706,75,74,58800,1566,1502134,4411400
4707,65,69,58735,1562,1502203,4588700
4708,76,66,58659,1572,1502269,4720000
4709,68,87,58591,1553,1502356,4079100
4710,87,92,58504,1548,1502448,4104300
4711,70,72,58434,1546,1502520,3916500
4712,76,87,58358,1535,1502607,3891400
4713,74,75,58284,1534,1502682,3950600
4714,71,67,58213,1538,1502749,3931300
4715,79,71,58134,1546,1502820,3906700
4716,78,74,58056,1550,1502894,3853000
4717,82,73,57974,1559,1502967,3949300
4718,70,76,57904,1553,1503043,3871100
4719,81,80,57823,1554,1503123,3806400
4720,94,82,57729,1566,1503205,4033000
4721,85,75,57644,1576,1503280,3969700
4722,80,76,57564,1580,1503356,4443900
4723,83,81,57481,1582,1503437,3920600
4724,69,83,57412,1568,1503520,3791700
4725,84,66,57328,1586,1503586,3949800
4726,89,80,57239,1595,1503666,3788700
4727,87,70,57152,1612,1503736,3792700
4728,84,86,57068,1610,1503822,3856500
4729,78,68,56990,1620,1503890,3938000
4730,74,86,56916,1608,1503976,3814600
4731,70,89,56846,1589,1504065,3917700
4732,69,83,56777,1575,1504148,3786300
4733,83,98,56694,1560,1504246,3745700
4734,71,65,56623,1566,1504311,3971200
4735,82,75,56541,1573,1504386,4132900
4736,63,77,56478,1559,1504463,4045800
4737,78,67,56400,1570,1504530,4506700
4738,79,83,56321,1566,1504613,4002500
4739,87,89,56234,1564,1504702,4152900
4740,91,93,56143,1562,1504795,4160500
4741,80,74,56063,1568,1504869,4239200
4742,76,79,55987,1565,1504948,3928900
4743,87,98,55900,1554,1505046,3852400
4744,74,85,55826,1543,1505131,3867900
4745,71,88,55755,1526,1505219,4113100
4746,78,68,55677,1536,1505287,3797400
4747,73,63,55604,1546,1505350,3753700
4748,77,55,55527,1568,1505405,3814500
4749,75,96,55452,1547,1505501,3763700
4750,72,89,55380,1530,1505590,3743500
4751,72,65,55308,1537,1505655,4043400
4752,84,88,55224,1533,1505743,3804700
4753,64,88,55160,1509,1505831,3852800
4754,67,72,55093,1504,1505903,4126000
4755,66,76,55027,1494,1505979,3859700
4756,68,80,54959,1482,1506059,3796100
4757,72,76,54887,1478,1506135,3842000
4758,63,74,54824,1467,1506209,3878000
4759,56,76,54768,1447,1506285,3971500
4760,71,81,54697,1437,1506366,3822500
4761,71,69,54626,1439,1506435,3758600
4762,57,77,54569,1419,1506512,3997500
4763,67,74,54502,1412,1506586,3765300
4764,66,69,54436,1409,1506655,3830000
4765,76,60,54360,1425,1506715,3920600
4766,71,84,54289,1412,1506799,3880800
4767,69,72,54220,1409,1506871,3837900
4768,55,77,54165,1387,1506948,4095700
4769,57,67,54108,1377,1507015,3805700
4770,81,60,54027,1398,1507075,3761000
4771,66,75,53961,1389,1507150,3799200
4772,67,74,53894,1382,1507224,3757800
4773,70,61,53824,1391,1507285,3810900
4774,61,74,53763,1378,1507359,4103900
4775,69,68,53694,1379,1507427,3822000
4776,76,79,53618,1376,1507506,3781600
4777,58,70,53560,1364,1507576,4034300
4778,70,64,53490,1370,1507640,3876200
4779,88,65,53402,1393,1507705,3779900
4780,87,73,53315,1407,1507778,3829200
4781,74,77,53241,1404,1507855,4088500
4782,88,60,53153,1432,1507915,3966800
4783,80,58,53073,1454,1507973,3917700
4784,60,72,53013,1442,1508045,3877200
4785,86,63,52927,1465,1508108,3867300
4786,82,58,52845,1489,1508166,3861700
4787,83,75,52762,1497,1508241,3875900
4788,83,66,52679,1514,1508307,3953900
4789,73,84,52606,1503,1508391,3917500
4790,91,65,52515,1529,1508456,3926100
4791,67,81,52448,1515,1508537,3986000
4792,56,72,52392,1499,1508609,3923100
4793,52,73,52340,1478,1508682,4301500
4794,41,82,52299,1437,1508764,4145100
4795,64,84,52235,1417,1508848,3851600
4796,64,62,52171,1419,1508910,3834800
4797,50,64,52121,1405,1508974,3916600
4798,65,69,52056,1401,1509043,3851000
4799,77,78,51979,1400,1509121,3816400
4800,62,78,51917,1384,1509199,3800700
4801,69,58,51848,1395,1509257,3777600
4802,45,62,51803,1378,1509319,3851900
4803,56,66,51747,1368,1509385,3885500
4804,69,59,51678,1378,1509444,3810700
4805,68,69,51610,1377,1509513,3836200
4806,68,82,51542,1363,1509595,3825100
4807,53,83,51489,1333,1509678,3792400
4808,57,60,51432,1330,1509738,3766200
4809,72,59,51360,1343,1509797,3792700
4810,72,61,51288,1354,1509858,3808900
4811,73,80,51215,1347,1509938,3755300
4812,77,68,51138,1356,1510006,3816000
4813,62,72,51076,1346,1510078,3737000
4814,74,67,51002,1353,1510145,3795700
4815,69,70,50933,1352,1510215,3918300
4816,74,58,50859,1368,1510273,3874500
4817,79,60,50780,1387,1510333,3831400
4818,66,87,50714,1366,1510420,3940000
4819,69,65,50645,1370,1510485,3956400
4820,62,72,50583,1360,1510557,3997400
4821,70,70,50513,1360,1510627,4009400
4822,67,73,50446,1354,1510700,3885600
4823,61,65,50385,1350,1510765,3921900
4824,73,67,50312,1356,1510832,3794000
4825,67,57,50245,1366,1510889,3774500
4826,58,59,50187,1365,1510948,3879800
4827,50,71,50137,1344,1511019,4063600
4828,58,68,50079,1334,1511087,4030700
4829,67,59,50012,1342,1511146,4642200
4830,54,53,49958,1343,1511199,3979900
4831,60,77,49898,1326,1511276,4146900
4832,67,66,49831,1327,1511342,3801600
4833,72,55,49759,1344,1511397,3769200
4834,74,71,49685,1347,1511468,3759600
4835,69,77,49616,1339,1511545,3754900
4836,71,67,49545,1343,1511612,3739200
4837,65,79,49480,1329,1511691,4213400
4838,71,75,49409,1325,1511766,3940300
4839,60,56,49349,1329,1511822,3882700
4840,60,70,49289,1319,1511892,4471700
4841,68,61,49221,1326,1511953,3822600
4842,60,65,49161,1321,1512018,3804200
4843,67,65,49094,1323,1512083,4179300
4844,58,71,49036,1310,1512154,3675800
4845,57,60,48979,1307,1512214,3706700
4846,71,59,48908,1319,1512273,3913100
4847,65,67,48843,1317,1512340,4009500
4848,70,58,48773,1329,1512398,3833800
4849,70,70,48703,1329,1512468,3802100
4850,64,70,48639,1323,1512538,3780900
4851,57,83,48582,1297,1512621,3875400
4852,57,79,48525,1275,1512700,3877400
4853,61,57,48464,1279,1512757,3832700
4854,73,64,48391,1288,1512821,4050000
4855,82,70,48309,1300,1512891,3894200
4856,58,62,48251,1296,1512953,3859100
4857,59,72,48192,1283,1513025,4043500
4858,57,62,48135,1278,1513087,3795800
4859,65,58,48070,1285,1513145,3788500
4860,59,58,48011,1286,1513203,4135800
4861,52,65,47959,1273,1513268,3744300
4862,48,58,47911,1263,1513326,3756400
4863,65,63,47846,1265,1513389,3863100
4864,61,69,47785,1257,1513458,3785600
4865,66,67,47719,1256,1513525,3913700
4866,65,59,47654,1262,1513584,3873600
4867,60,53,47594,1269,1513637,3812400
4868,50,80,47544,1239,1513717,3801100
4869,73,61,47471,1251,1513778,3783200
4870,66,56,47405,1261,1513834,3783800
4871,55,67,47350,1249,1513901,3717200
4872,68,61,47282,1256,1513962,3909500
4873,43,64,47239,1235,1514026,3708000
4874,61,70,47178,1226,1514096,3749700
4875,62,69,47116,1219,1514165,4001200
4876,69,55,47047,1233,1514220,4007500
4877,60,63,46987,1230,1514283,3962900
4878,69,64,46918,1235,1514347,3967500
4879,61,61,46857,1235,1514408,3907500
4880,62,61,46795,1236,1514469,3925600
4881,54,61,46741,1229,1514530,3952900
4882,64,52,46677,1241,1514582,3940100
4883,67,62,46610,1246,1514644,4239800
4884,59,63,46551,1242,1514707,4701200
4885,63,60,46488,1245,1514767,4296700
4886,71,70,46417,1246,1514837,3985500
4887,53,60,46364,1239,1514897,3968400
4888,55,52,46309,1242,1514949,4069500
4889,61,57,46248,1246,1515006,3965600
4890,67,55,46181,1258,1515061,3969000
4891,70,60,46111,1268,1515121,4452700
4892,56,60,46055,1264,1515181,4128000
4893,73,47,45982,1290,1515228,4036600
4894,58,56,45924,1292,1515284,4004200
4895,60,74,45864,1278,1515358,3979800
4896,72,49,45792,1301,1515407,4116700
4897,50,45,45742,1306,1515452,4194200
4898,54,69,45688,1291,1515521,3956900
4899,57,61,45631,1287,1515582,4115200
4900,68,54,45563,1301,1515636,4014200
4901,65,56,45498,1310,1515692,4083300
4902,50,72,45448,1288,1515764,4013200
4903,71,72,45377,1287,1515836,3978000
4904,64,64,45313,1287,1515900,4049100
4905,41,64,45272,1264,1515964,4117000
4906,56,63,45216,1257,1516027,4172700
4907,56,62,45160,1251,1516089,4144700
4908,63,78,45097,1236,1516167,4020400
4909,58,56,45039,1238,1516223,3870300
4910,54,60,44985,1232,1516283,3943900
4911,59,62,44926,1229,1516345,3924500
4912,62,54,44864,1237,1516399,3906400
4913,65,53,44799,1249,1516452,3930900
4914,66,65,44733,1250,1516517,3869600
4915,49,69,44684,1230,1516586,3879300
4916,62,51,44622,1241,1516637,4067800
4917,56,74,44566,1223,1516711,4038200
4918,55,56,44511,1222,1516767,4049700
4919,46,58,44465,1210,1516825,4139400
4920,51,61,44414,1200,1516886,4403800
4921,50,50,44364,1200,1516936,4659100
4922,45,40,44319,1205,1516976,4389500
4923,67,65,44252,1207,1517041,4144300
4924,47,64,44205,1190,1517105,4012300
4925,61,48,44144,1203,1517153,3957300
4926,48,75,44096,1176,1517228,4108800
4927,47,64,44049,1159,1517292,3900200
4928,62,56,43987,1165,1517348,3993800
4929,58,52,43929,1171,1517400,3950600
4930,60,67,43869,1164,1517467,3948400
4931,63,71,43806,1156,1517538,3873500
4932,57,56,43749,1157,1517594,3913900
4933,64,59,43685,1162,1517653,3931000
4934,50,47,43635,1165,1517700,3914100
4935,60,70,43575,1155,1517770,3881900
4936,54,51,43521,1158,1517821,3885300
4937,54,42,43467,1170,1517863,3899100
4938,64,48,43403,1186,1517911,3827700
4939,64,54,43339,1196,1517965,3798400
4940,55,54,43284,1197,1518019,3815700
4941,54,53,43230,1198,1518072,3826000
4942,39,58,43191,1179,1518130,3786000
4943,53,53,43138,1179,1518183,3820200
4944,55,67,43083,1167,1518250,3781600
4945,46,63,43037,1150,1518313,3789200
4946,51,55,42986,1146,1518368,4136700
4947,48,59,42938,1135,1518427,3881800
4948,48,58,42890,1125,1518485,3837100
4949,40,68,42850,1097,1518553,3793900
4950,53,59,42797,1091,1518612,3755300
4951,55,64,42742,1082,1518676,3759600
4952,47,45,42695,1084,1518721,3802900
4953,48,37,42647,1095,1518758,3713100
4954,48,50,42599,1093,1518808,3828900
4955,42,65,42557,1070,1518873,3868000
4956,40,59,42517,1051,1518932,3835600
4957,57,50,42460,1058,1518982,3913400
4958,66,50,42394,1074,1519032,3894900
4959,68,59,42326,1083,1519091,3820200
4960,43,54,42283,1072,1519145,3813100
4961,53,49,42230,1076,1519194,3741300
4962,62,48,42168,1090,1519242,3717000
4963,58,56,42110,1092,1519298,4091600
4964,52,60,42058,1084,1519358,3719400
4965,60,36,41998,1108,1519394,3809700
4966,55,45,41943,1118,1519439,3974300
4967,59,47,41884,1130,1519486,3773400
4968,60,52,41824,1138,1519538,3741700
4969,63,66,41761,1135,1519604,3824400
4970,58,38,41703,1155,1519642,3811300
4971,47,62,41656,1140,1519704,3841000
4972,46,58,41610,1128,1519762,3768500
4973,54,48,41556,1134,1519810,3743900
4974,41,51,41515,1124,1519861,3925600
4975,42,55,41473,1111,1519916,3875600
4976,46,79,41427,1078,1519995,3780800
4977,51,47,41376,1082,1520042,3886600
4978,36,50,41340,1068,1520092,3847300
4979,55,58,41285,1065,1520150,3757000
4980,58,58,41227,1065,1520208,3745700
4981,53,63,41174,1055,1520271,3722800
4982,42,55,41132,1042,1520326,3685800
4983,59,51,41073,1050,1520377,3868400
4984,77,53,40996,1074,1520430,3867400
4985,50,72,40946,1052,1520502,3820600
4986,51,49,40895,1054,1520551,3789400
4987,57,54,40838,1057,1520605,3736000
4988,46,55,40792,1048,1520660,3796600
4989,46,55,40746,1039,1520715,3818800
4990,49,41,40697,1047,1520756,3744900
4991,48,52,40649,1043,1520808,3748600
4992,46,50,40603,1039,1520858,3779100
4993,57,60,40546,1036,1520918,3881200
4994,56,46,40490,1046,1520964,3815900
4995,61,58,40429,1049,1521022,3862400
4996,59,53,40370,1055,1521075,3802100
4997,51,50,40319,1056,1521125,3742400
4998,47,48,40272,1055,1521173,3771500
4999,57,58,40215,1054,1521231,3706300
5000,54,36,40161,1072,1521267,3703900
5001,44,44,40117,1072,1521311,3690700
5002,47,36,40070,1083,1521347,3696700
5003,43,55,40027,1071,1521402,3929500
5004,48,58,39979,1061,1521460,3967900
5005,59,60,39920,1060,1521520,3956600
5006,43,62,39877,1041,1521582,3916100
5007,46,69,39831,1018,1521651,3974000
5008,38,41,39793,1015,1521692,3938300
5009,55,46,39738,1024,1521738,3823400
5010,52,44,39686,1032,1521782,3769000
5011,41,57,39645,1016,1521839,3817300
5012,37,52,39608,1001,1521891,3928600
5013,49,46,39559,1004,1521937,3838200
5014,38,62,39521,980,1521999,3768000
5015,44,49,39477,975,1522048,4114400
5016,57,49,39420,983,1522097,3732000
5017,56,56,39364,983,1522153,3799100
5018,35,53,39329,965,1522206,3935800
5019,44,54,39285,955,1522260,3910700
5020,57,61,39228,951,1522321,4024400
5021,42,46,39186,947,1522367,4046600
5022,57,51,39129,953,1522418,3973300
5023,48,44,39081,957,1522462,4018500
5024,37,54,39044,940,1522516,3883200
5025,43,49,39001,934,1522565,3862600
5026,46,52,38955,928,1522617,3938800
5027,40,48,38915,920,1522665,3838300
5028,40,60,38875,900,1522725,3839400
5029,44,58,38831,886,1522783,3910300
5030,36,36,38795,886,1522819,3882500
5031,41,36,38754,891,1522855,3887400
5032,35,46,38719,880,1522901,4140400
5033,23,42,38696,861,1522943,4672000
5034,39,39,38657,861,1522982,3957400
5035,36,34,38621,863,1523016,4000100
5036,29,53,38592,839,1523069,3993200
5037,35,36,38557,838,1523105,3981800
5038,28,38,38529,828,1523143,4030100
5039,41,51,38488,818,1523194,4022000
5040,38,48,38450,808,1523242,4064000
5041,43,37,38407,814,1523279,3869100
5042,40,43,38367,811,1523322,4124400
5043,35,34,38332,812,1523356,3904300
5044,35,37,38297,810,1523393,3859900
5045,52,35,38245,827,1523428,3953500
5046,44,40,38201,831,1523468,3854400
5047,35,49,38166,817,1523517,3853300
5048,45,32,38121,830,1523549,3961200
5049,49,43,38072,836,1523592,3839300
5050,54,37,38018,853,1523629,3819200
5051,46,44,37972,855,1523673,3905800
5052,45,42,37927,858,1523715,3766700
5053,53,47,37874,864,1523762,3895600
5054,35,60,37839,839,1523822,3883100
5055,51,28,37788,862,1523850,3901100
5056,40,53,37748,849,1523903,3868500
5057,43,40,37705,852,1523943,3900900
5058,59,40,37646,871,1523983,3854500
5059,47,46,37599,872,1524029,3802500
5060,48,39,37551,881,1524068,3761200
5061,49,54,37502,876,1524122,3707400
5062,51,42,37451,885,1524164,3731100
5063,45,46,37406,884,1524210,3721100
5064,45,53,37361,876,1524263,3677700
5065,50,45,37311,881,1524308,3691200
5066,53,40,37258,894,1524348,3906400
5067,41,40,37217,895,1524388,3825900
5068,32,36,37185,891,1524424,4163600
5069,43,55,37142,879,1524479,3819300
5070,36,48,37106,867,1524527,3748000
5071,38,48,37068,857,1524575,3759000
5072,35,48,37033,844,1524623,3745300
5073,41,47,36992,838,1524670,4259900
5074,43,38,36949,843,1524708,4149200
5075,36,42,36913,837,1524750,3893800
5076,50,42,36863,845,1524792,3881600
5077,34,33,36829,846,1524825,3810600
5078,48,50,36781,844,1524875,3885900
5079,45,47,36736,842,1524922,3954000
5080,46,42,36690,846,1524964,3775500
5081,49,47,36641,848,1525011,4026500
5082,51,48,36590,851,1525059,3684600
5083,55,31,36535,875,1525090,3754400
5084,51,40,36484,886,1525130,3965200
5085,32,42,36452,876,1525172,4520500
5086,34,47,36418,863,1525219,4271400
5087,31,47,36387,847,1525266,4198600
5088,53,45,36334,855,1525311,3971900
5089,37,44,36297,848,1525355,3946100
5090,42,39,36255,851,1525394,3947600
5091,46,39,36209,858,1525433,4104900
5092,39,48,36170,849,1525481,7162200
5093,63,34,36107,878,1525515,5481100
5094,32,39,36075,871,1525554,4431100
5095,49,38,36026,882,1525592,4325000
5096,45,53,35981,874,1525645,4218300
5097,43,40,35938,877,1525685,4780500
5098,43,47,35895,873,1525732,4535000
5099,52,57,35843,868,1525789,4518000
5100,47,46,35796,869,1525835,5009700
5101,56,40,35740,885,1525875,4555000
5102,46,36,35694,895,1525911,4184100
5103,61,48,35633,908,1525959,4202400
5104,52,47,35581,913,1526006,4149000
5105,40,38,35541,915,1526044,4632000
5106,42,41,35499,916,1526085,4287900
5107,37,41,35462,912,1526126,5963300
5108,49,37,35413,924,1526163,4709500
5109,38,50,35375,912,1526213,4285500
5110,34,35,35341,911,1526248,4316700
5111,32,49,35309,894,1526297,4225600
5112,59,43,35250,910,1526340,4084600
5113,45,48,35205,907,1526388,4069900
5114,45,50,35160,902,1526438,4047700
5115,46,37,35114,911,1526475,8930500
5116,41,42,35073,910,1526517,5392200
5117,33,44,35040,899,1526561,4154900
5118,37,38,35003,898,1526599,4219200
5119,42,44,34961,896,1526643,4252300
5120,36,46,34925,886,1526689,4072100
5121,36,62,34889,860,1526751,4174800
5122,32,42,34857,850,1526793,3940400
5123,39,41,34818,848,1526834,4832200
5124,35,36,34783,847,1526870,3942300
5125,32,40,34751,839,1526910,3910500
5126,39,55,34712,823,1526965,4030200
5127,27,47,34685,803,1527012,3757300
5128,27,40,34658,790,1527052,3740700
5129,37,51,34621,776,1527103,3767600
5130,30,39,34591,767,1527142,3819600
5131,29,33,34562,763,1527175,3982000
5132,39,42,34523,760,1527217,4369600
5133,40,42,34483,758,1527259,4021600
5134,38,43,34445,753,1527302,3980700
5135,33,40,34412,746,1527342,4214400
5136,40,38,34372,748,1527380,3743500
5137,33,43,34339,738,1527423,3692100
5138,43,44,34296,737,1527467,3683600
5139,43,34,34253,746,1527501,3666800
5140,45,34,34208,757,1527535,3650400
5141,44,40,34164,761,1527575,3707600
5142,44,41,34120,764,1527616,3768600
5143,32,38,34088,758,1527654,3830600
5144,57,35,34031,780,1527689,3757900
5145,45,34,33986,791,1527723,3707300
5146,42,39,33944,794,1527762,3943600
5147,35,37,33909,792,1527799,3746900
5148,27,37,33882,782,1527836,3653600
5149,34,32,33848,784,1527868,4255400
5150,36,27,33812,793,1527895,3714700
5151,36,46,33776,783,1527941,3679100
5152,40,36,33736,787,1527977,3903900
5153,37,48,33699,776,1528025,3669400
5154,45,39,33654,782,1528064,3734300
5155,39,36,33615,785,1528100,3815300
5156,38,32,33577,791,1528132,3729600
5157,35,35,33542,791,1528167,3678800
5158,46,47,33496,790,1528214,3728800
5159,34,38,33462,786,1528252,3652700
5160,37,45,33425,778,1528297,3661600
5161,30,43,33395,765,1528340,3761800
5162,27,38,33368,754,1528378,3718500
5163,40,38,33328,756,1528416,3648400
5164,21,32,33307,745,1528448,3992200
5165,37,37,33270,745,1528485,3668500
5166,27,29,33243,743,1528514,3734500
5167,36,35,33207,744,1528549,3815500
5168,33,50,33174,727,1528599,3758600
5169,33,30,33141,730,1528629,3729100
5170,38,31,33103,737,1528660,3697100
5171,37,23,33066,751,1528683,3680700
5172,29,48,33037,732,1528731,3706600
5173,24,41,33013,715,1528772,3660800
5174,29,28,32984,716,1528800,3623500
5175,39,42,32945,713,1528842,3841100
5176,33,38,32912,708,1528880,3714700
5177,34,31,32878,711,1528911,3738100
5178,27,28,32851,710,1528939,4262600
5179,25,42,32826,693,1528981,4211100
5180,29,34,32797,688,1529015,3876700
5181,28,36,32769,680,1529051,4197400
5182,32,24,32737,688,1529075,3976100
5183,31,37,32706,682,1529112,3944700
5184,32,31,32674,683,1529143,3980300
5185,22,46,32652,659,1529189,3971900
5186,36,31,32616,664,1529220,3985900
5187,18,43,32598,639,1529263,3798500
5188,33,25,32565,647,1529288,3794500
5189,33,39,32532,641,1529327,3832300
5190,23,37,32509,627,1529364,3883200
5191,32,35,32477,624,1529399,3845200
5192,28,29,32449,623,1529428,3891500
5193,26,24,32423,625,1529452,3773600
5194,29,32,32394,622,1529484,3752600
5195,28,31,32366,619,1529515,3877100
5196,25,27,32341,617,1529542,3739600
5197,21,32,32320,606,1529574,3776500
5198,35,35,32285,606,1529609,4086000
5199,20,37,32265,589,1529646,3775900
5200,34,26,32231,597,1529672,3756900
5201,29,27,32202,599,1529699,3764200
5202,33,39,32169,593,1529738,3793400
5203,31,30,32138,594,1529768,4102200
5204,34,32,32104,596,1529800,3825900
5205,23,20,32081,599,1529820,3856100
5206,28,20,32053,607,1529840,3887500
5207,29,38,32024,598,1529878,3775100
5208,25,27,31999,596,1529905,3756400
5209,26,31,31973,591,1529936,4096000
5210,24,38,31949,577,1529974,3806500
5211,31,28,31918,580,1530002,3921300
5212,26,23,31892,583,1530025,3761800
5213,35,34,31857,584,1530059,3734500
5214,38,32,31819,590,1530091,4512700
5215,24,31,31795,583,1530122,3912900
5216,34,35,31761,582,1530157,3806400
5217,34,26,31727,590,1530183,4431400
5218,41,30,31686,601,1530213,3930800
5219,28,27,31658,602,1530240,3940600
5220,35,32,31623,605,1530272,4112200
5221,22,40,31601,587,1530312,3798000
5222,32,34,31569,585,1530346,3839400
5223,36,20,31533,601,1530366,3922200
5224,33,38,31500,596,1530404,3867300
5225,28,28,31472,596,1530432,4222000
5226,39,23,31433,612,1530455,3876700
5227,32,32,31401,612,1530487,3841600
5228,32,41,31369,603,1530528,4247100
5229,39,26,31330,616,1530554,3864400
5230,28,36,31302,608,1530590,3813500
5231,35,41,31267,602,1530631,3907100
5232,29,40,31238,591,1530671,3857700
5233,29,28,31209,592,1530699,3812100
5234,37,26,31172,603,1530725,4129600
5235,25,34,31147,594,1530759,3830500
5236,39,19,31108,614,1530778,3832000
5237,19,19,31089,614,1530797,3829900
5238,37,37,31052,614,1530834,3858800
5239,35,33,31017,616,1530867,3983000
5240,32,27,30985,621,1530894,3907000
5241,32,28,30953,625,1530922,3893400
5242,44,22,30909,647,1530944,3926400
5243,28,26,30881,649,1530970,3900100
5244,29,33,30852,645,1531003,3898900
5245,39,25,30813,659,1531028,4175900
5246,34,33,30779,660,1531061,3932600
5247,27,36,30752,651,1531097,3890400
5248,38,35,30714,654,1531132,4223100
5249,36,36,30678,654,1531168,3878500
5250,30,32,30648,652,1531200,3849200
5251,37,31,30611,658,1531231,4069400
5252,31,31,30580,658,1531262,4171400
5253,20,24,30560,654,1531286,3816700
5254,38,33,30522,659,1531319,4064400
5255,34,26,30488,667,1531345,3700900
5256,29,34,30459,662,1531379,3916600
5257,38,32,30421,668,1531411,3703600
5258,40,26,30381,682,1531437,3663100
5259,39,30,30342,691,1531467,5068100
5260,39,19,30303,711,1531486,3888700
5261,39,30,30264,720,1531516,3933800
5262,44,42,30220,722,1531558,3906000
5263,35,45,30185,712,1531603,3745600
5264,28,33,30157,707,1531636,4450000
5265,28,39,30129,696,1531675,3906300
5266,27,27,30102,696,1531702,3662800
5267,44,39,30058,701,1531741,3915400
5268,30,35,30028,696,1531776,3868200
5269,41,44,29987,693,1531820,3850500
5270,42,39,29945,696,1531859,3877800
5271,30,36,29915,690,1531895,4057700
5272,35,35,29880,690,1531930,4122400
5273,27,33,29853,684,1531963,3849500
5274,36,50,29817,670,1532013,3846800
5275,29,34,29788,665,1532047,3817400
5276,28,39,29760,654,1532086,3814900
5277,35,42,29725,647,1532128,4088800
5278,33,31,29692,649,1532159,4415200
5279,25,29,29667,645,1532188,3775200
5280,32,23,29635,654,1532211,3761600
5281,21,24,29614,651,1532235,3830200
5282,23,36,29591,638,1532271,3739900
5283,33,30,29558,641,1532301,3819200
5284,29,31,29529,639,1532332,3813500
5285,23,36,29506,626,1532368,3826800
5286,36,32,29470,630,1532400,3851800
5287,34,37,29436,627,1532437,3781300
5288,23,33,29413,617,1532470,3854700
5289,28,27,29385,618,1532497,4041400
5290,21,23,29364,616,1532520,3788300
5291,35,28,29329,623,1532548,3730500
5292,27,27,29302,623,1532575,4094600
5293,31,36,29271,618,1532611,3811300
5294,28,25,29243,621,1532636,3786300
5295,34,32,29209,623,1532668,3804600
5296,26,32,29183,617,1532700,3771500
5297,34,23,29149,628,1532723,3855600
5298,31,43,29118,616,1532766,3850100
5299,31,30,29087,617,1532796,3821300
5300,24,27,29063,614,1532823,3874500
5301,33,24,29030,623,1532847,3931300
5302,31,30,28999,624,1532877,3922300
5303,28,31,28971,621,1532908,4010900
5304,31,26,28940,626,1532934,3970300
5305,29,18,28911,637,1532952,3979300
5306,32,32,28879,637,1532984,3952700
5307,28,35,28851,630,1533019,3921600
5308,27,35,28824,622,1533054,3976700
5309,19,29,28805,612,1533083,4032900
5310,34,32,28771,614,1533115,3936400
5311,17,33,28754,598,1533148,3971300
5312,29,33,28725,594,1533181,3893900
5313,30,27,28695,597,1533208,3894600
5314,34,25,28661,606,1533233,3875800
5315,25,44,28636,587,1533277,3846000
5316,27,29,28609,585,1533306,3821400
5317,29,25,28580,589,1533331,3842500
5318,22,22,28558,589,1533353,3812200
5319,30,28,28528,591,1533381,3829200
5320,30,27,28498,594,1533408,3885900
5321,24,29,28474,589,1533437,3944600
5322,32,28,28442,593,1533465,3913600
5323,26,35,28416,584,1533500,3825500
5324,28,27,28388,585,1533527,3833200
5325,28,28,28360,585,1533555,3831100
5326,28,31,28332,582,1533586,3862100
5327,34,31,28298,585,1533617,3916000
5328,24,22,28274,587,1533639,3966900
5329,21,28,28253,580,1533667,3960200
5330,24,25,28229,579,1533692,4353800
5331,22,35,28207,566,1533727,3902800
5332,23,30,28184,559,1533757,3823700
5333,23,29,28161,553,1533786,3842200
5334,24,25,28137,552,1533811,3790900
5335,29,26,28108,555,1533837,3766000
5336,22,23,28086,554,1533860,3731400
5337,24,33,28062,545,1533893,3792300
5338,27,27,28035,545,1533920,3715400
5339,21,31,28014,535,1533951,3829500
5340,25,26,27989,534,1533977,3761500
5341,27,27,27962,534,1534004,3747300
5342,19,35,27943,518,1534039,3783200
5343,31,33,27912,516,1534072,3725900
5344,23,23,27889,516,1534095,4030500
5345,27,34,27862,509,1534129,3866200
5346,32,21,27830,520,1534150,3840300
5347,21,27,27809,514,1534177,3847600
5348,26,25,27783,515,1534202,3849100
5349,14,32,27769,497,1534234,3813400
5350,26,23,27743,500,1534257,3890900
5351,26,22,27717,504,1534279,3795300
5352,22,29,27695,497,1534308,3800500
5353,16,21,27679,492,1534329,4145600
5354,15,28,27664,479,1534357,4014300
5355,19,22,27645,476,1534379,3987800
5356,25,30,27620,471,1534409,3964300
5357,24,19,27596,476,1534428,3871000
5358,22,25,27574,473,1534453,3979300
5359,23,21,27551,475,1534474,3852900
5360,18,24,27533,469,1534498,3804500
5361,20,17,27513,472,1534515,4019500
5362,23,24,27490,471,1534539,3993500
5363,18,23,27472,466,1534562,3780300
5364,12,22,27460,456,1534584,3890200
5365,18,24,27442,450,1534608,3887900
5366,20,18,27422,452,1534626,4238500
5367,12,20,27410,444,1534646,3899900
5368,16,22,27394,438,1534668,3951900
5369,15,23,27379,430,1534691,4116900
5370,9,22,27370,417,1534713,3736200
5371,20,11,27350,426,1534724,3697500
5372,26,26,27324,426,1534750,3752700
5373,23,17,27301,432,1534767,3700100
5374,16,20,27285,428,1534787,3701100
5375,19,19,27266,428,1534806,3745600
5376,21,19,27245,430,1534825,3684800
5377,17,26,27228,421,1534851,3915100
5378,19,25,27209,415,1534876,4217300
5379,26,12,27183,429,1534888,3914000
5380,21,18,27162,432,1534906,3843900
5381,21,26,27141,427,1534932,3825300
5382,26,19,27115,434,1534951,4122900
5383,15,23,27100,426,1534974,3961300
5384,21,24,27079,423,1534998,4097400
5385,25,23,27054,425,1535021,3833600
5386,16,18,27038,423,1535039,4360500
5387,23,22,27015,424,1535061,3884000
5388,28,14,26987,438,1535075,3842200
5389,26,31,26961,433,1535106,3940000
5390,23,27,26938,429,1535133,3764800
5391,26,14,26912,441,1535147,3760400
5392,23,17,26889,447,1535164,3822600
5393,18,25,26871,440,1535189,3810100
5394,17,26,26854,431,1535215,3949500
5395,19,20,26835,430,1535235,3935000
5396,25,15,26810,440,1535250,3865800
5397,21,22,26789,439,1535272,3890800
5398,17,14,26772,442,1535286,3953800
5399,22,16,26750,448,1535302,3888800
5400,19,24,26731,443,1535326,4064700
5401,11,15,26720,439,1535341,4108400
5402,27,33,26693,433,1535374,3950500
5403,15,23,26678,425,1535397,3951600
5404,16,19,26662,422,1535416,4021500
5405,19,15,26643,426,1535431,3942100
5406,25,20,26618,431,1535451,3888300
5407,12,17,26606,426,1535468,3922900
5408,20,19,26586,427,1535487,3962100
5409,17,18,26569,426,1535505,3916400
5410,15,18,26554,423,1535523,3864500
5411,22,21,26532,424,1535544,3933700
5412,17,28,26515,413,1535572,3959500
5413,17,24,26498,406,1535596,3913500
5414,18,21,26480,403,1535617,3870600
5415,16,19,26464,400,1535636,3879700
5416,15,17,26449,398,1535653,3929800
5417,20,15,26429,403,1535668,4028100
5418,24,25,26405,402,1535693,3864000
5419,22,23,26383,401,1535716,3866700
5420,17,18,26366,400,1535734,3801500
5421,17,21,26349,396,1535755,3780500
5422,18,23,26331,391,1535778,4042500
5423,14,16,26317,389,1535794,4484500
5424,19,11,26298,397,1535805,4441500
5425,21,25,26277,393,1535830,3952200
5426,11,20,26266,384,1535850,3849100
5427,21,17,26245,388,1535867,3951900
5428,16,21,26229,383,1535888,3853100
5429,17,13,26212,387,1535901,3692000
5430,18,18,26194,387,1535919,3802800
5431,21,15,26173,393,1535934,3653100
5432,17,26,26156,384,1535960,3670900
5433,25,23,26131,386,1535983,3809300
5434,19,16,26112,389,1535999,3668900
5435,17,24,26095,382,1536023,3615400
5436,14,22,26081,374,1536045,3660300
5437,15,23,26066,366,1536068,3782100
5438,19,13,26047,372,1536081,3776600
5439,14,22,26033,364,1536103,4235000
5440,15,21,26018,358,1536124,3957800
5441,15,16,26003,357,1536140,3713600
5442,9,18,25994,348,1536158,3710700
5443,18,16,25976,350,1536174,4084400
5444,16,21,25960,345,1536195,3705300
5445,19,18,25941,346,1536213,3763500
5446,18,17,25923,347,1536230,3950400
5447,11,17,25912,341,1536247,3861700
5448,14,17,25898,338,1536264,4466600
5449,11,19,25887,330,1536283,3918900
5450,17,16,25870,331,1536299,4133800
5451,20,15,25850,336,1536314,3797400
5452,14,13,25836,337,1536327,3813900
5453,18,10,25818,345,1536337,3724800
5454,14,14,25804,345,1536351,3914100
5455,21,21,25783,345,1536372,3699600
5456,19,22,25764,342,1536394,3685900
5457,21,25,25743,338,1536419,3655200
5458,16,14,25727,340,1536433,3646900
5459,12,16,25715,336,1536449,3625400
5460,23,27,25692,332,1536476,3767200
5461,10,23,25682,319,1536499,3713300
5462,13,15,25669,317,1536514,3701600
5463,12,13,25657,316,1536527,3690700
5464,13,14,25644,315,1536541,3755700
5465,13,17,25631,311,1536558,3774200
5466,14,13,25617,312,1536571,3715500
5467,15,8,25602,319,1536579,3658000
5468,11,13,25591,317,1536592,3657400
5469,14,19,25577,312,1536611,3669800
5470,15,13,25562,314,1536624,3627000
5471,16,12,25546,318,1536636,3840400
5472,10,20,25536,308,1536656,3807300
5473,16,16,25520,308,1536672,4642000
5474,21,17,25499,312,1536689,4046100
5475,20,18,25479,314,1536707,3799500
5476,8,15,25471,307,1536722,3819200
5477,17,19,25454,305,1536741,4129800
5478,24,13,25430,316,1536754,3758300
5479,13,15,25417,314,1536769,3828300
5480,18,20,25399,312,1536789,4034400
5481,18,19,25381,311,1536808,4020100
5482,18,14,25363,315,1536822,3777700
5483,12,21,25351,306,1536843,3778300
5484,15,12,25336,309,1536855,3782700
5485,10,17,25326,302,1536872,3801700
5486,18,17,25308,303,1536889,3765900
5487,6,21,25302,288,1536910,3777900
5488,13,12,25289,289,1536922,3816700
5489,16,12,25273,293,1536934,3814300
5490,14,7,25259,300,1536941,3789300
5491,13,14,25246,299,1536955,3834900
5492,14,15,25232,298,1536970,4256400
5493,8,12,25224,294,1536982,3784100
5494,12,17,25212,289,1536999,3815900
5495,9,7,25203,291,1537006,3806800
5496,17,13,25186,295,1537019,3916100
5497,13,20,25173,288,1537039,3797400
5498,12,14,25161,286,1537053,3795300
5499,7,12,25154,281,1537065,3818900
5500,11,17,25143,275,1537082,3874600
5501,12,14,25131,273,1537096,3948200
5502,15,17,25116,271,1537113,4099100
5503,15,17,25101,269,1537130,4013600
5504,8,17,25093,260,1537147,3922200
5505,10,13,25083,257,1537160,4192900
5506,14,13,25069,258,1537173,3961500
5507,10,11,25059,257,1537184,4063200
5508,8,15,25051,250,1537199,4069900
5509,12,13,25039,249,1537212,4079200
5510,11,11,25028,249,1537223,4124800
5511,11,16,25017,244,1537239,4177100
5512,8,18,25009,234,1537257,4567400
5513,10,14,24999,230,1537271,4262700
5514,11,9,24988,232,1537280,4508500
5515,11,16,24977,227,1537296,4138600
5516,7,10,24970,224,1537306,4107900
5517,4,12,24966,216,1537318,4120300
5518,9,17,24957,208,1537335,4477300
5519,10,10,24947,208,1537345,4059100
5520,14,11,24933,211,1537356,4093300
5521,18,6,24915,223,1537362,4129000
5522,9,4,24906,228,1537366,3947900
5523,14,8,24892,234,1537374,4175600
5524,9,12,24883,231,1537386,3998900
5525,12,13,24871,230,1537399,3954700
5526,8,9,24863,229,1537408,4130400
5527,4,7,24859,226,1537415,3878400
5528,8,15,24851,219,1537430,3890100
5529,9,8,24842,220,1537438,4122200
5530,15,7,24827,228,1537445,3916700
5531,11,13,24816,226,1537458,3927800
5532,16,17,24800,225,1537475,4232900
5533,12,13,24788,224,1537488,3894600
5534,8,9,24780,223,1537497,3955300
5535,10,13,24770,220,1537510,3980600
5536,5,9,24765,216,1537519,3915900
5537,8,5,24757,219,1537524,3983200
5538,13,14,24744,218,1537538,4124700
5539,7,12,24737,213,1537550,4045600
5540,8,13,24729,208,1537563,3919000
5541,6,5,24723,209,1537568,3896600
5542,6,12,24717,203,1537580,4118900
5543,5,9,24712,199,1537589,4266900
5544,7,13,24705,193,1537602,4293600
5545,9,8,24696,194,1537610,4204600
5546,7,9,24689,192,1537619,4496900
5547,7,12,24682,187,1537631,3975200
5548,6,9,24676,184,1537640,3987700
5549,7,6,24669,185,1537646,3972900
5550,10,12,24659,183,1537658,4629300
5551,4,8,24655,179,1537666,4147900
5552,11,8,24644,182,1537674,4006100
5553,9,13,24635,178,1537687,3771000
5554,9,7,24626,180,1537694,3749200
5555,11,6,24615,185,1537700,3785000
5556,11,6,24604,190,1537706,3756200
5557,5,8,24599,187,1537714,3766800
5558,5,6,24594,186,1537720,3797600
5559,12,5,24582,193,1537725,3732100
5560,13,13,24569,193,1537738,3794500
5561,12,12,24557,193,1537750,4297800
5562,11,11,24546,193,1537761,3850900
5563,12,11,24534,194,1537772,3781000
5564,12,12,24522,194,1537784,4078000
5565,9,5,24513,198,1537789,3736700
5566,10,8,24503,200,1537797,3705100
5567,4,13,24499,191,1537810,3800300
5568,8,6,24491,193,1537816,3778900
5569,5,10,24486,188,1537826,3783100
5570,10,6,24476,192,1537832,3997000
5571,11,7,24465,196,1537839,4302600
5572,7,16,24458,187,1537855,4056200
5573,5,9,24453,183,1537864,3709000
5574,10,7,24443,186,1537871,3707900
5575,4,11,24439,179,1537882,3714200
5576,6,8,24433,177,1537890,3656600
5577,8,14,24425,171,1537904,3646100
5578,7,7,24418,171,1537911,3629800
5579,3,9,24415,165,1537920,3603100
5580,8,7,24407,166,1537927,3666600
5581,9,2,24398,173,1537929,3847000
5582,7,8,24391,172,1537937,4028600
5583,7,12,24384,167,1537949,3917600
5584,9,9,24375,167,1537958,3941100
5585,11,6,24364,172,1537964,3868200
5586,8,14,24356,166,1537978,3826300
5587,4,7,24352,163,1537985,3961000
5588,8,6,24344,165,1537991,3798600
5589,12,10,24332,167,1538001,3771400
5590,4,14,24328,157,1538015,3833900
5591,11,3,24317,165,1538018,3791800
5592,8,13,24309,160,1538031,3831700
5593,4,9,24305,155,1538040,3850400
5594,5,9,24300,151,1538049,3868100
5595,2,6,24298,147,1538055,4006700
5596,9,8,24289,148,1538063,3992900
5597,13,10,24276,151,1538073,3817300
5598,11,10,24265,152,1538083,4249400
5599,7,12,24258,147,1538095,4506300
5600,6,4,24252,149,1538099,3780400
5601,8,7,24244,150,1538106,3812800
5602,12,12,24232,150,1538118,3766000
5603,10,5,24222,155,1538123,3740300
5604,12,12,24210,155,1538135,3742800
5605,8,11,24202,152,1538146,3710900
5606,8,5,24194,155,1538151,3784700
5607,10,9,24184,156,1538160,4016600
5608,7,10,24177,153,1538170,4042400
5609,6,6,24171,153,1538176,5047800
5610,6,7,24165,152,1538183,3971000
5611,7,11,24158,148,1538194,3910700
5612,7,7,24151,148,1538201,3651800
5613,2,8,24149,142,1538209,3620800
5614,8,7,24141,143,1538216,3633000
5615,4,6,24137,141,1538222,4178100
5616,3,9,24134,135,1538231,4061200
5617,8,5,24126,138,1538236,4037800
5618,7,11,24119,134,1538247,3887400
5619,7,7,24112,134,1538254,3802000
5620,4,6,24108,132,1538260,3746100
5621,10,8,24098,134,1538268,3693900
5622,4,6,24094,132,1538274,3671500
5623,2,6,24092,128,1538280,3701400
5624,3,3,24089,128,1538283,3882000
5625,4,7,24085,125,1538290,3943800
5626,6,7,24079,124,1538297,4098900
5627,3,8,24076,119,1538305,3881400
5628,5,6,24071,118,1538311,4413300
5629,4,8,24067,114,1538319,3976200
5630,10,10,24057,114,1538329,3991900
5631,4,5,24053,113,1538334,4099700
5632,3,5,24050,111,1538339,3948900
5633,6,7,24044,110,1538346,4202600
5634,6,4,24038,112,1538350,4331800
5635,6,7,24032,111,1538357,4292200
5636,5,6,24027,110,1538363,4317600
5637,3,8,24024,105,1538371,4546300
5638,3,5,24021,103,1538376,4060500
5639,6,4,24015,105,1538380,4244900
5640,8,11,24007,102,1538391,4124600
5641,1,4,24006,99,1538395,4312300
5642,6,7,24000,98,1538402,4145800
5643,1,6,23999,93,1538408,3967700
5644,3,4,23996,92,1538412,4259300
5645,4,5,23992,91,1538417,4387300
5646,3,5,23989,89,1538422,4063700
5647,5,5,23984,89,1538427,4284600
5648,1,5,23983,85,1538432,4384500
5649,3,4,23980,84,1538436,4235900
5650,3,4,23977,83,1538440,3997300
5651,2,3,23975,82,1538443,4176500
5652,3,2,23972,83,1538445,4229100
5653,2,5,23970,80,1538450,4545100
5654,2,1,23968,81,1538451,4163000
5655,3,4,23965,80,1538455,4379700
5656,3,3,23962,80,1538458,3827600
5657,5,6,23957,79,1538464,3810600
5658,1,5,23956,75,1538469,3761300
5659,2,5,23954,72,1538474,3757600
5660,1,3,23953,70,1538477,3764900
5661,3,3,23950,70,1538480,3715400
5662,3,3,23947,70,1538483,4121000
5663,1,5,23946,66,1538488,3733800
5664,0,3,23946,63,1538491,3898700
5665,0,3,23946,60,1538494,3789800
5666,2,2,23944,60,1538496,3710500
5667,2,3,23942,59,1538499,3757300
5668,3,3,23939,59,1538502,4068200
5669,3,4,23936,58,1538506,3706400
5670,1,1,23935,58,1538507,3800200
5671,1,4,23934,55,1538511,3759900
5672,0,6,23934,49,1538517,3690200
5673,1,2,23933,48,1538519,3804300
5674,2,4,23931,46,1538523,3944100
5675,0,2,23931,44,1538525,3804800
5676,3,4,23928,43,1538529,3899900
5677,4,1,23924,46,1538530,3734700
5678,0,1,23924,45,1538531,3801300
5679,0,4,23924,41,1538535,3750800
5680,1,2,23923,40,1538537,3699900
5681,0,1,23923,39,1538538,3695700
5682,2,0,23921,41,1538538,3993400
5683,1,5,23920,37,1538543,3673400
5684,0,0,23920,37,1538543,3800500
5685,0,2,23920,35,1538545,4267000
5686,0,1,23920,34,1538546,3880600
5687,2,1,23918,35,1538547,3859700
5688,1,2,23917,34,1538549,3748900
5689,0,0,23917,34,1538549,3704900
5690,0,0,23917,34,1538549,3769700
5691,0,4,23917,30,1538553,3735900
5692,0,5,23917,25,1538558,3750600
5693,0,0,23917,25,1538558,3771100
5694,1,2,23916,24,1538560,3693800
5695,0,1,23916,23,1538561,3650500
5696,0,2,23916,21,1538563,4214200
5697,0,1,23916,20,1538564,3640700
5698,0,2,23916,18,1538566,3692600
5699,0,1,23916,17,1538567,3743000
5700,0,0,23916,17,1538567,3680200
5701,2,2,23914,17,1538569,3653800
5702,1,0,23913,18,1538569,3986300
5703,0,0,23913,18,1538569,3814500
5704,0,1,23913,17,1538570,4751100
5705,0,0,23913,17,1538570,4475700
5706,1,1,23912,17,1538571,13109100
5707,2,0,23910,19,1538571,4845300
5708,3,1,23907,21,1538572,5053600
5709,2,0,23905,23,1538572,4176300
5710,1,0,23904,24,1538572,4096200
5711,1,2,23903,23,1538574,8861100
5712,2,1,23901,24,1538575,4655300
5713,3,1,23898,26,1538576,4155800
5714,2,4,23896,24,1538580,4063400
5715,1,1,23895,24,1538581,3924800
5716,1,1,23894,24,1538582,3783100
5717,2,0,23892,26,1538582,3902800
5718,0,0,23892,26,1538582,3738400
5719,2,5,23890,23,1538587,3779900
5720,2,0,23888,25,1538587,4063600
5721,1,1,23887,25,1538588,3822500
5722,2,3,23885,24,1538591,3921400
5723,1,2,23884,23,1538593,3882200
5724,1,1,23883,23,1538594,3818300
5725,1,1,23882,23,1538595,4003600
5726,1,0,23881,24,1538595,3897800
5727,0,1,23881,23,1538596,3900300
5728,0,1,23881,22,1538597,3899500
5729,1,2,23880,21,1538599,3959500
5730,1,1,23879,21,1538600,3919800
5731,1,0,23878,22,1538600,3827700
5732,2,1,23876,23,1538601,3864200
5733,0,2,23876,21,1538603,4278300
5734,1,1,23875,21,1538604,4820500
5735,1,1,23874,21,1538605,4337300
5736,0,2,23874,19,1538607,3947800
5737,1,1,23873,19,1538608,3941000
5738,0,0,23873,19,1538608,4945700
5739,1,2,23872,18,1538610,4493700
5740,0,1,23872,17,1538611,4668300
5741,0,0,23872,17,1538611,12571900
5742,1,0,23871,18,1538611,5532900
5743,0,0,23871,18,1538611,5576200
5744,0,1,23871,17,1538612,5015000
5745,0,0,23871,17,1538612,5554400
5746,0,0,23871,17,1538612,4819900
5747,0,3,23871,14,1538615,13269600
5748,0,0,23871,14,1538615,4197800
5749,1,1,23870,14,1538616,6460700
5750,0,0,23870,14,1538616,6182600
5751,0,0,23870,14,1538616,6956100
5752,1,0,23869,15,1538616,5380500
5753,1,2,23868,14,1538618,4737000
5754,1,0,23867,15,1538618,4471700
5755,0,1,23867,14,1538619,4315400
5756,0,0,23867,14,1538619,4354100
5757,0,0,23867,14,1538619,4598500
5758,0,1,23867,13,1538620,4253500
5759,1,1,23866,13,1538621,4593700
5760,0,1,23866,12,1538622,4325700
5761,0,0,23866,12,1538622,4464800
5762,0,1,23866,11,1538623,4592500
5763,0,1,23866,10,1538624,4672200
5764,0,0,23866,10,1538624,4393100
5765,0,1,23866,9,1538625,5462900
5766,0,0,23866,9,1538625,4976000
5767,0,0,23866,9,1538625,4565800
5768,0,0,23866,9,1538625,4458500
5769,0,1,23866,8,1538626,3949300
5770,0,1,23866,7,1538627,3830700
5771,0,0,23866,7,1538627,3947400
5772,0,0,23866,7,1538627,3834800
5773,0,0,23866,7,1538627,3889900
5774,0,1,23866,6,1538628,4443000
5775,0,0,23866,6,1538628,3882200
5776,0,0,23866,6,1538628,3727300
5777,0,0,23866,6,1538628,4469600
5778,0,0,23866,6,1538628,3925000
5779,0,0,23866,6,1538628,3841000
5780,0,0,23866,6,1538628,4273700
5781,0,0,23866,6,1538628,3931300
5782,0,1,23866,5,1538629,4574300
5783,0,0,23866,5,1538629,4037500
5784,0,0,23866,5,1538629,4610500
5785,0,0,23866,5,1538629,3973500
5786,0,1,23866,4,1538630,3916600
5787,0,0,23866,4,1538630,3951000
5788,0,1,23866,3,1538631,3800700
5789,0,0,23866,3,1538631,3851000
5790,0,0,23866,3,1538631,4028300
5791,0,0,23866,3,1538631,3917200
5792,0,0,23866,3,1538631,3997000
5793,0,0,23866,3,1538631,3895900
5794,0,0,23866,3,1538631,4299300
5795,0,0,23866,3,1538631,4843200
5796,0,0,23866,3,1538631,4305500
5797,0,0,23866,3,1538631,4531600
5798,0,0,23866,3,1538631,3807800
5799,0,0,23866,3,1538631,3781700
5800,0,0,23866,3,1538631,3824800
5801,0,2,23866,1,1538633,3992700
5802,0,0,23866,1,1538633,3818900
5803,0,0,23866,1,1538633,3777000
5804,0,0,23866,1,1538633,3800900
5805,0,0,23866,1,1538633,3869800
5806,0,0,23866,1,1538633,4051100
5807,0,0,23866,1,1538633,4260500
5808,0,0,23866,1,1538633,4599900
5809,0,0,23866,1,1538633,4136400
5810,0,0,23866,1,1538633,4485100
5811,0,0,23866,1,1538633,3958700
5812,0,0,23866,1,1538633,4122600
5813,0,0,23866,1,1538633,3822300
5814,0,0,23866,1,1538633,3738700
5815,0,0,23866,1,1538633,3714100
5816,0,0,23866,1,1538633,3749300
5817,0,0,23866,1,1538633,3663000
5818,0,0,23866,1,1538633,3641900
5819,0,0,23866,1,1538633,4019100
5820,0,0,23866,1,1538633,3721300
5821,0,0,23866,1,1538633,3639400
5822,0,0,23866,1,1538633,3660800
5823,0,0,23866,1,1538633,3643600
5824,0,0,23866,1,1538633,3608900
5825,0,0,23866,1,1538633,3616200
5826,0,0,23866,1,1538633,3772200
5827,0,0,23866,1,1538633,3736900
5828,0,0,23866,1,1538633,3809700
5829,0,0,23866,1,1538633,3678300
5830,0,0,23866,1,1538633,3710500
5831,0,0,23866,1,1538633,3855100
5832,0,0,23866,1,1538633,3741200
5833,0,0,23866,1,1538633,3779000
5834,0,0,23866,1,1538633,3718800
5835,0,0,23866,1,1538633,3669200
5836,0,0,23866,1,1538633,4094500
5837,0,0,23866,1,1538633,3787100
5838,0,0,23866,1,1538633,3682600
5839,0,0,23866,1,1538633,4102400
5840,0,0,23866,1,1538633,3600900
5841,0,0,23866,1,1538633,3851600
5842,0,1,23866,0,1538634,3726600
