Tick,NewlyInfected,NewlyRecovered,TotalSusceptible,TotalInfected,TotalRecovered,StepTimeNanos
0,1,0,3999994,6,0,8540300
1,3,0,3999991,9,0,8098800
2,2,0,3999989,11,0,7759900
3,3,0,3999986,14,0,7765200
4,1,1,3999985,14,1,7883800
5,7,0,3999978,21,1,7911500
6,2,1,3999976,22,2,7988800
7,1,1,3999975,22,3,8423900
8,4,1,3999971,25,4,8007400
9,6,1,3999965,30,5,8196100
10,2,2,3999963,30,7,7942300
11,5,1,3999958,34,8,7934500
12,3,1,3999955,36,9,7905700
13,8,3,3999947,41,12,7905800
14,7,1,3999940,47,13,8326400
15,5,6,3999935,46,19,7964100
16,9,0,3999926,55,19,8129100
17,13,0,3999913,68,19,8171300
18,5,4,3999908,69,23,8397500
19,7,4,3999901,72,27,8712000
20,5,2,3999896,75,29,10235400
21,8,3,3999888,80,32,10047300
22,7,5,3999881,82,37,8109700
23,12,4,3999869,90,41,8559400
24,12,1,3999857,101,42,8397500
25,9,5,3999848,105,47,8607700
26,15,4,3999833,116,51,8329600
27,13,8,3999820,121,59,8419900
28,7,5,3999813,123,64,8225100
29,8,6,3999805,125,70,8011000
30,8,10,3999797,123,80,7951600
31,10,4,3999787,129,84,8258000
32,13,12,3999774,130,96,8184700
33,14,8,3999760,136,104,8153300
34,16,15,3999744,137,119,7956400
35,12,6,3999732,143,125,7871400
36,17,3,3999715,157,128,8020500
37,18,7,3999697,168,135,8370300
38,17,8,3999680,177,143,8139500
39,24,5,3999656,196,148,7876500
40,16,7,3999640,205,155,8055900
41,23,11,3999617,217,166,8094700
42,26,11,3999591,232,177,7963500
43,21,15,3999570,238,192,8246400
44,10,16,3999560,232,208,8073300
45,15,16,3999545,231,224,8231700
46,21,9,3999524,243,233,8104200
47,24,15,3999500,252,248,8183900
48,20,11,3999480,261,259,8153000
49,18,17,3999462,262,276,8142500
50,22,7,3999440,277,283,8174100
51,20,10,3999420,287,293,8146800
52,22,14,3999398,295,307,8495600
53,15,17,3999383,293,324,9143500
54,31,18,3999352,306,342,10773200
55,33,12,3999319,327,354,10296900
56,26,7,3999293,346,361,9149700
57,32,12,3999261,366,373,9109900
58,33,20,3999228,379,393,9488200
59,30,23,3999198,386,416,9277900
60,35,17,3999163,404,433,12108900
61,37,22,3999126,419,455,9026600
62,28,19,3999098,428,474,8663800
63,43,20,3999055,451,494,8539000
64,56,29,3998999,478,523,8407700
65,37,30,3998962,485,553,8347200
66,36,20,3998926,501,573,8496400
67,37,26,3998889,512,599,8255600
68,45,17,3998844,540,616,8218100
69,38,20,3998806,558,636,8109200
70,48,28,3998758,578,664,8085700
71,53,31,3998705,600,695,8060300
72,50,34,3998655,616,729,8069900
73,42,17,3998613,641,746,8005700
74,47,41,3998566,647,787,8112500
75,48,22,3998518,673,809,8208800
76,47,36,3998471,684,845,8143700
77,53,29,3998418,708,874,8038200
78,43,33,3998375,718,907,7858500
79,58,32,3998317,744,939,7999200
80,65,41,3998252,768,980,8518600
81,55,47,3998197,776,1027,8226500
82,54,46,3998143,784,1073,7859600
83,48,30,3998095,802,1103,8164300
84,65,42,3998030,825,1145,8066500
85,65,41,3997965,849,1186,7919100
86,52,41,3997913,860,1227,8190000
87,59,48,3997854,871,1275,8764000
88,52,37,3997802,886,1312,8115200
89,71,32,3997731,925,1344,7985700
90,69,45,3997662,949,1389,8043900
91,72,39,3997590,982,1428,8153400
92,64,49,3997526,997,1477,8252900
93,52,53,3997474,996,1530,7999000
94,63,48,3997411,1011,1578,7852500
95,58,38,3997353,1031,1616,7990200
96,53,49,3997300,1035,1665,8044800
97,61,52,3997239,1044,1717,8002200
98,65,56,3997174,1053,1773,8036800
99,65,57,3997109,1061,1830,8037700
100,51,63,3997058,1049,1893,8208600
101,67,50,3996991,1066,1943,8457700
102,67,50,3996924,1083,1993,8265500
103,84,50,3996840,1117,2043,8256900
104,75,57,3996765,1135,2100,8358100
105,85,55,3996680,1165,2155,8537600
106,75,53,3996605,1187,2208,8153500
107,73,58,3996532,1202,2266,8302300
108,66,61,3996466,1207,2327,8405000
109,76,60,3996390,1223,2387,8485200
110,80,56,3996310,1247,2443,8398700
111,86,56,3996224,1277,2499,8359000
112,88,79,3996136,1286,2578,8320700
113,82,69,3996054,1299,2647,8369600
114,91,80,3995963,1310,2727,8327300
115,81,56,3995882,1335,2783,8448800
116,81,49,3995801,1367,2832,8470600
117,89,73,3995712,1383,2905,8478000
118,83,63,3995629,1403,2968,8322000
119,71,69,3995558,1405,3037,8260000
120,78,68,3995480,1415,3105,8522800
121,85,60,3995395,1440,3165,8308500
122,92,70,3995303,1462,3235,8420700
123,88,78,3995215,1472,3313,8741400
124,97,78,3995118,1491,3391,8388300
125,88,78,3995030,1501,3469,8284200
126,87,73,3994943,1515,3542,8294100
127,86,84,3994857,1517,3626,8178800
128,81,61,3994776,1537,3687,8211800
129,90,74,3994686,1553,3761,8365800
130,83,73,3994603,1563,3834,8506500
131,102,61,3994501,1604,3895,8257100
132,101,101,3994400,1604,3996,8563700
133,96,71,3994304,1629,4067,8456300
134,99,77,3994205,1651,4144,8263400
135,93,77,3994112,1667,4221,8361900
136,76,61,3994036,1682,4282,8189200
137,107,64,3993929,1725,4346,8205100
138,116,71,3993813,1770,4417,8447700
139,106,68,3993707,1808,4485,8222700
140,97,81,3993610,1824,4566,8020400
141,101,84,3993509,1841,4650,8514200
142,116,103,3993393,1854,4753,8185600
143,102,85,3993291,1871,4838,8435000
144,107,95,3993184,1883,4933,8305700
145,107,87,3993077,1903,5020,8359000
146,99,96,3992978,1906,5116,8147800
147,93,105,3992885,1894,5221,8247800
148,97,98,3992788,1893,5319,8005100
149,99,99,3992689,1893,5418,8236800
150,107,107,3992582,1893,5525,8375800
151,83,80,3992499,1896,5605,8144200
152,103,84,3992396,1915,5689,8487300
153,115,91,3992281,1939,5780,8573700
154,108,95,3992173,1952,5875,8409900
155,107,108,3992066,1951,5983,8940800
156,111,94,3991955,1968,6077,8400900
157,110,94,3991845,1984,6171,8415000
158,108,103,3991737,1989,6274,8220300
159,108,96,3991629,2001,6370,8554900
160,111,84,3991518,2028,6454,9073300
161,121,111,3991397,2038,6565,9081500
162,118,103,3991279,2053,6668,9075200
163,106,87,3991173,2072,6755,9314200
164,124,104,3991049,2092,6859,8540200
165,118,108,3990931,2102,6967,8846500
166,148,116,3990783,2134,7083,8420200
167,102,87,3990681,2149,7170,8174600
168,111,90,3990570,2170,7260,8126700
169,118,106,3990452,2182,7366,8295400
170,107,122,3990345,2167,7488,8715700
171,118,109,3990227,2176,7597,9513400
172,113,94,3990114,2195,7691,9333200
173,135,115,3989979,2215,7806,8501800
174,117,121,3989862,2211,7927,8513300
175,116,115,3989746,2212,8042,8107500
176,118,132,3989628,2198,8174,8371800
177,111,126,3989517,2183,8300,8197000
178,122,86,3989395,2219,8386,8712400
179,134,119,3989261,2234,8505,8355800
180,137,108,3989124,2263,8613,8093100
181,134,124,3988990,2273,8737,8198800
182,110,124,3988880,2259,8861,8369800
183,115,126,3988765,2248,8987,8291200
184,126,119,3988639,2255,9106,8379500
185,124,121,3988515,2258,9227,8367300
186,110,110,3988405,2258,9337,8751300
187,123,114,3988282,2267,9451,8514200
188,133,118,3988149,2282,9569,8286300
189,141,115,3988008,2308,9684,8231400
190,116,103,3987892,2321,9787,8457400
191,139,107,3987753,2353,9894,8174000
192,157,138,3987596,2372,10032,8604500
193,149,130,3987447,2391,10162,8249200
194,142,120,3987305,2413,10282,8611100
195,161,122,3987144,2452,10404,9004100
196,151,133,3986993,2470,10537,8784500
197,145,133,3986848,2482,10670,9180800
198,174,136,3986674,2520,10806,8816700
199,159,125,3986515,2554,10931,8570200
200,188,134,3986327,2608,11065,8729200
201,160,155,3986167,2613,11220,8436200
202,175,121,3985992,2667,11341,9099500
203,150,127,3985842,2690,11468,9147400
204,150,143,3985692,2697,11611,8555700
205,144,145,3985548,2696,11756,8519700
206,154,136,3985394,2714,11892,8449200
207,161,138,3985233,2737,12030,8366600
208,178,148,3985055,2767,12178,8517500
209,180,136,3984875,2811,12314,9058800
210,174,131,3984701,2854,12445,8850000
211,156,158,3984545,2852,12603,9614500
212,182,143,3984363,2891,12746,8942800
213,175,139,3984188,2927,12885,9335600
214,182,156,3984006,2953,13041,9681000
215,194,154,3983812,2993,13195,8374400
216,201,117,3983611,3077,13312,8912200
217,183,141,3983428,3119,13453,8643200
218,172,147,3983256,3144,13600,8391300
219,194,148,3983062,3190,13748,8499400
220,188,176,3982874,3202,13924,8232100
221,183,168,3982691,3217,14092,8146100
222,196,155,3982495,3258,14247,8325500
223,177,180,3982318,3255,14427,8479700
224,175,149,3982143,3281,14576,8960900
225,199,171,3981944,3309,14747,8080600
226,214,152,3981730,3371,14899,8371800
227,186,178,3981544,3379,15077,8368600
228,204,176,3981340,3407,15253,8311500
229,187,170,3981153,3424,15423,8279400
230,189,156,3980964,3457,15579,8346400
231,181,169,3980783,3469,15748,8496700
232,176,193,3980607,3452,15941,8250800
233,184,192,3980423,3444,16133,8735300
234,179,147,3980244,3476,16280,8585500
235,164,155,3980080,3485,16435,8309000
236,211,179,3979869,3517,16614,8586600
237,201,192,3979668,3526,16806,8891600
238,196,179,3979472,3543,16985,8616900
239,198,181,3979274,3560,17166,8420600
240,201,192,3979073,3569,17358,8200900
241,196,162,3978877,3603,17520,8140400
242,206,190,3978671,3619,17710,7894000
243,195,177,3978476,3637,17887,8268600
244,203,180,3978273,3660,18067,7971700
245,193,184,3978080,3669,18251,8249800
246,193,184,3977887,3678,18435,7962300
247,183,164,3977704,3697,18599,7937800
248,211,170,3977493,3738,18769,8430100
249,182,179,3977311,3741,18948,8611800
250,210,177,3977101,3774,19125,8988400
251,208,180,3976893,3802,19305,8163300
252,180,192,3976713,3790,19497,8097400
253,219,180,3976494,3829,19677,8048200
254,209,191,3976285,3847,19868,7979400
255,199,208,3976086,3838,20076,8311800
256,206,182,3975880,3862,20258,8232800
257,197,202,3975683,3857,20460,8364600
258,230,187,3975453,3900,20647,7972000
259,204,203,3975249,3901,20850,7983100
260,188,196,3975061,3893,21046,8038800
261,202,220,3974859,3875,21266,8147500
262,205,220,3974654,3860,21486,8095100
263,198,188,3974456,3870,21674,8196700
264,211,204,3974245,3877,21878,7947600
265,210,209,3974035,3878,22087,7965600
266,218,171,3973817,3925,22258,8464800
267,192,210,3973625,3907,22468,8178500
268,209,194,3973416,3922,22662,8222800
269,197,182,3973219,3937,22844,7946000
270,194,189,3973025,3942,23033,8095600
271,242,228,3972783,3956,23261,8062000
272,216,212,3972567,3960,23473,8074000
273,233,207,3972334,3986,23680,7948800
274,238,189,3972096,4035,23869,7948600
275,244,213,3971852,4066,24082,7872900
276,230,221,3971622,4075,24303,8187300
277,240,217,3971382,4098,24520,8348800
278,210,189,3971172,4119,24709,8280800
279,215,219,3970957,4115,24928,7954200
280,195,192,3970762,4118,25120,8267100
281,223,209,3970539,4132,25329,8243500
282,222,178,3970317,4176,25507,8194400
283,192,199,3970125,4169,25706,8126100
284,219,226,3969906,4162,25932,8191800
285,216,220,3969690,4158,26152,8084000
286,217,220,3969473,4155,26372,8100700
287,217,199,3969256,4173,26571,8158800
288,237,228,3969019,4182,26799,7985500
289,212,220,3968807,4174,27019,8438400
290,222,204,3968585,4192,27223,8175400
291,226,221,3968359,4197,27444,8120300
292,257,207,3968102,4247,27651,8640200
293,249,190,3967853,4306,27841,9766000
294,209,225,3967644,4290,28066,12474400
295,210,216,3967434,4284,28282,9458400
296,252,214,3967182,4322,28496,9838500
297,221,213,3966961,4330,28709,9734100
298,250,214,3966711,4366,28923,8640700
299,217,218,3966494,4365,29141,8726800
300,225,213,3966269,4377,29354,8805200
301,259,235,3966010,4401,29589,14483500
302,245,193,3965765,4453,29782,12639800
303,269,208,3965496,4514,29990,9797000
304,258,190,3965238,4582,30180,8908400
305,252,227,3964986,4607,30407,8951500
306,256,221,3964730,4642,30628,8873000
307,256,225,3964474,4673,30853,8612800
308,244,251,3964230,4666,31104,8475200
309,256,250,3963974,4672,31354,8462300
310,244,220,3963730,4696,31574,8198600
311,262,242,3963468,4716,31816,8038300
312,247,216,3963221,4747,32032,8050500
313,290,281,3962931,4756,32313,8156300
314,258,227,3962673,4787,32540,8239300
315,254,235,3962419,4806,32775,8090800
316,269,247,3962150,4828,33022,7977000
317,283,269,3961867,4842,33291,8158400
318,247,250,3961620,4839,33541,8094500
319,288,250,3961332,4877,33791,8098200
320,270,235,3961062,4912,34026,8173900
321,266,237,3960796,4941,34263,8150200
322,284,251,3960512,4974,34514,8022100
323,287,251,3960225,5010,34765,8284300
324,279,263,3959946,5026,35028,8121800
325,256,222,3959690,5060,35250,8167100
326,267,254,3959423,5073,35504,8078400
327,278,247,3959145,5104,35751,8196000
328,231,260,3958914,5075,36011,8246000
329,271,231,3958643,5115,36242,8405100
330,280,258,3958363,5137,36500,8277300
331,296,268,3958067,5165,36768,8248700
332,279,260,3957788,5184,37028,8377500
333,258,248,3957530,5194,37276,8089500
334,273,270,3957257,5197,37546,8082200
335,256,256,3957001,5197,37802,8118200
336,272,285,3956729,5184,38087,8422400
337,304,280,3956425,5208,38367,8168400
338,276,263,3956149,5221,38630,8312200
339,296,246,3955853,5271,38876,8305600
340,282,247,3955571,5306,39123,8310200
341,302,253,3955269,5355,39376,8182200
342,284,251,3954985,5388,39627,8156000
343,255,248,3954730,5395,39875,8114800
344,285,259,3954445,5421,40134,8250000
345,297,259,3954148,5459,40393,8249900
346,285,290,3953863,5454,40683,8231400
347,279,244,3953584,5489,40927,8239700
348,247,282,3953337,5454,41209,8346200
349,287,278,3953050,5463,41487,8271200
350,300,295,3952750,5468,41782,8140800
351,277,270,3952473,5475,42052,8007600
352,306,291,3952167,5490,42343,8001800
353,296,259,3951871,5527,42602,8215000
354,280,278,3951591,5529,42880,8158100
355,277,256,3951314,5550,43136,8314000
356,289,257,3951025,5582,43393,8272400
357,308,279,3950717,5611,43672,7928800
358,319,297,3950398,5633,43969,8640200
359,287,302,3950111,5618,44271,8322800
360,304,280,3949807,5642,44551,8280400
361,295,289,3949512,5648,44840,8239900
362,289,270,3949223,5667,45110,8046200
363,320,252,3948903,5735,45362,7998100
364,276,300,3948627,5711,45662,8213100
365,304,272,3948323,5743,45934,7968300
366,290,311,3948033,5722,46245,8101500
367,282,277,3947751,5727,46522,8178600
368,286,294,3947465,5719,46816,8036300
369,297,305,3947168,5711,47121,8258200
370,316,291,3946852,5736,47412,8313000
371,311,318,3946541,5729,47730,8486900
372,276,273,3946265,5732,48003,12909500
373,287,264,3945978,5755,48267,12952700
374,327,305,3945651,5777,48572,8830400
375,322,302,3945329,5797,48874,10129700
376,300,276,3945029,5821,49150,9240600
377,281,309,3944748,5793,49459,9146200
378,308,283,3944440,5818,49742,9136500
379,294,292,3944146,5820,50034,8420600
380,288,297,3943858,5811,50331,9968400
381,313,283,3943545,5841,50614,8874600
382,312,297,3943233,5856,50911,8682500
383,327,317,3942906,5866,51228,10035200
384,351,298,3942555,5919,51526,9622000
385,310,276,3942245,5953,51802,15727700
386,298,293,3941947,5958,52095,8557600
387,313,250,3941634,6021,52345,9381900
388,325,295,3941309,6051,52640,9234000
389,306,308,3941003,6049,52948,8711400
390,319,302,3940684,6066,53250,8494300
391,301,290,3940383,6077,53540,8363900
392,310,277,3940073,6110,53817,9097600
393,314,323,3939759,6101,54140,10549100
394,311,307,3939448,6105,54447,9102800
395,312,293,3939136,6124,54740,8738900
396,299,329,3938837,6094,55069,8498300
397,298,298,3938539,6094,55367,8193300
398,284,300,3938255,6078,55667,8089200
399,338,315,3937917,6101,55982,8329600
400,325,314,3937592,6112,56296,8312200
401,330,277,3937262,6165,56573,8707000
402,294,315,3936968,6144,56888,8218000
403,321,297,3936647,6168,57185,8032900
404,314,320,3936333,6162,57505,12269500
405,294,310,3936039,6146,57815,14072000
406,308,342,3935731,6112,58157,8388300
407,323,318,3935408,6117,58475,8616600
408,324,333,3935084,6108,58808,8765500
409,325,314,3934759,6119,59122,8367800
410,339,303,3934420,6155,59425,8822200
411,323,308,3934097,6170,59733,8615400
412,304,298,3933793,6176,60031,8451100
413,371,304,3933422,6243,60335,8227000
414,292,335,3933130,6200,60670,8072400
415,321,307,3932809,6214,60977,8331100
416,329,315,3932480,6228,61292,8414400
417,306,309,3932174,6225,61601,8123200
418,364,288,3931810,6301,61889,8201300
419,326,333,3931484,6294,62222,8132300
420,333,286,3931151,6341,62508,8120500
421,334,281,3930817,6394,62789,8206200
422,345,313,3930472,6426,63102,8199400
423,330,332,3930142,6424,63434,8236600
424,328,321,3929814,6431,63755,8555000
425,344,309,3929470,6466,64064,7981500
426,315,331,3929155,6450,64395,8239100
427,363,323,3928792,6490,64718,8313600
428,325,350,3928467,6465,65068,8174000
429,376,287,3928091,6554,65355,8533800
430,355,309,3927736,6600,65664,8211200
431,340,325,3927396,6615,65989,8430100
432,334,344,3927062,6605,66333,8363100
433,352,325,3926710,6632,66658,8393400
434,330,280,3926380,6682,66938,8250000
435,319,323,3926061,6678,67261,8322400
436,356,350,3925705,6684,67611,8347200
437,316,327,3925389,6673,67938,8007200
438,361,308,3925028,6726,68246,8324000
439,351,354,3924677,6723,68600,8414700
440,355,342,3924322,6736,68942,8093600
441,340,305,3923982,6771,69247,8072400
442,346,354,3923636,6763,69601,7976300
443,352,332,3923284,6783,69933,8071800
444,345,324,3922939,6804,70257,8205200
445,340,360,3922599,6784,70617,8176500
446,356,337,3922243,6803,70954,8222400
447,350,328,3921893,6825,71282,8287500
448,350,341,3921543,6834,71623,8721600
449,335,340,3921208,6829,71963,8114300
450,358,352,3920850,6835,72315,8102600
451,396,333,3920454,6898,72648,8196300
452,375,320,3920079,6953,72968,8936700
453,378,346,3919701,6985,73314,8216400
454,378,345,3919323,7018,73659,8284500
455,401,382,3918922,7037,74041,8258900
456,357,329,3918565,7065,74370,8425700
457,345,339,3918220,7071,74709,8228000
458,373,345,3917847,7099,75054,8543100
459,383,353,3917464,7129,75407,8448900
460,387,382,3917077,7134,75789,8348500
461,353,345,3916724,7142,76134,8256100
462,345,349,3916379,7138,76483,8378900
463,370,377,3916009,7131,76860,8393800
464,364,348,3915645,7147,77208,8354800
465,383,359,3915262,7171,77567,9086000
466,378,374,3914884,7175,77941,8935900
467,396,359,3914488,7212,78300,9122200
468,367,341,3914121,7238,78641,8460000
469,380,360,3913741,7258,79001,8553800
470,354,344,3913387,7268,79345,8180900
471,374,353,3913013,7289,79698,8221400
472,357,360,3912656,7286,80058,8356300
473,380,385,3912276,7281,80443,8251000
474,359,323,3911917,7317,80766,8469800
475,348,376,3911569,7289,81142,8385600
476,332,337,3911237,7284,81479,8375600
477,378,347,3910859,7315,81826,8422200
478,361,349,3910498,7327,82175,8292000
479,350,369,3910148,7308,82544,8575000
480,369,379,3909779,7298,82923,8386600
481,369,335,3909410,7332,83258,8344500
482,358,408,3909052,7282,83666,8987500
483,369,375,3908683,7276,84041,8264600
484,393,382,3908290,7287,84423,8267400
485,366,391,3907924,7262,84814,8264300
486,359,369,3907565,7252,85183,8491800
487,343,362,3907222,7233,85545,8307300
488,346,394,3906876,7185,85939,8600700
489,386,366,3906490,7205,86305,8531900
490,370,349,3906120,7226,86654,8402200
491,386,377,3905734,7235,87031,8575800
492,382,344,3905352,7273,87375,8664500
493,340,349,3905012,7264,87724,8231400
494,346,405,3904666,7205,88129,9124200
495,378,398,3904288,7185,88527,8224700
496,365,376,3903923,7174,88903,8535700
497,401,365,3903522,7210,89268,8541900
498,352,331,3903170,7231,89599,8663100
499,389,347,3902781,7273,89946,8010300
500,360,349,3902421,7284,90295,8121400
501,366,382,3902055,7268,90677,8034900
502,392,349,3901663,7311,91026,8051600
503,377,386,3901286,7302,91412,8154600
504,372,368,3900914,7306,91780,8258400
505,405,365,3900509,7346,92145,8373300
506,372,351,3900137,7367,92496,8186800
507,377,352,3899760,7392,92848,8136000
508,385,394,3899375,7383,93242,8315100
509,403,401,3898972,7385,93643,8335400
510,378,347,3898594,7416,93990,8167700
511,409,348,3898185,7477,94338,8502600
512,387,372,3897798,7492,94710,8447800
513,384,356,3897414,7520,95066,8227500
514,385,399,3897029,7506,95465,8793000
515,388,385,3896641,7509,95850,8939300
516,380,368,3896261,7521,96218,9280500
517,366,408,3895895,7479,96626,8848100
518,369,338,3895526,7510,96964,8653200
519,433,365,3895093,7578,97329,8510900
520,377,356,3894716,7599,97685,8558100
521,394,402,3894322,7591,98087,8774500
522,385,370,3893937,7606,98457,8266500
523,390,411,3893547,7585,98868,8516700
524,393,374,3893154,7604,99242,8722500
525,407,390,3892747,7621,99632,8914500
526,401,391,3892346,7631,100023,8783300
527,405,370,3891941,7666,100393,8209700
528,399,393,3891542,7672,100786,8603300
529,436,399,3891106,7709,101185,8374600
530,435,361,3890671,7783,101546,8326300
531,451,386,3890220,7848,101932,8298100
532,409,389,3889811,7868,102321,8370000
533,407,396,3889404,7879,102717,8221500
534,434,412,3888970,7901,103129,8271500
535,430,394,3888540,7937,103523,8317800
536,459,395,3888081,8001,103918,8290900
537,408,373,3887673,8036,104291,8385100
538,403,416,3887270,8023,104707,8312600
539,426,382,3886844,8067,105089,8389000
540,436,380,3886408,8123,105469,8217200
541,431,415,3885977,8139,105884,8869000
542,446,418,3885531,8167,106302,8340900
543,428,435,3885103,8160,106737,8119500
544,457,392,3884646,8225,107129,8311500
545,456,413,3884190,8268,107542,8547000
546,424,403,3883766,8289,107945,9108100
547,408,418,3883358,8279,108363,11983100
548,438,430,3882920,8287,108793,14864900
549,459,403,3882461,8343,109196,9301400
550,415,425,3882046,8333,109621,9431900
551,404,436,3881642,8301,110057,8827600
552,403,384,3881239,8320,110441,9638700
553,414,415,3880825,8319,110856,9652400
554,443,442,3880382,8320,111298,9470800
555,412,446,3879970,8286,111744,12671000
556,405,414,3879565,8277,112158,8798100
557,382,411,3879183,8248,112569,9288600
558,441,380,3878742,8309,112949,8804700
559,398,423,3878344,8284,113372,8523100
560,389,408,3877955,8265,113780,8974300
561,443,422,3877512,8286,114202,8961200
562,416,392,3877096,8310,114594,8426400
563,425,422,3876671,8313,115016,8480100
564,413,416,3876258,8310,115432,8751600
565,416,415,3875842,8311,115847,9408000
566,430,422,3875412,8319,116269,11699900
567,438,403,3874974,8354,116672,9826100
568,451,400,3874523,8405,117072,13601400
569,442,391,3874081,8456,117463,8905100
570,441,458,3873640,8439,117921,9189700
571,473,408,3873167,8504,118329,8795300
572,453,438,3872714,8519,118767,9223300
573,453,439,3872261,8533,119206,8867400
574,423,444,3871838,8512,119650,8792200
575,423,420,3871415,8515,120070,8468500
576,466,421,3870949,8560,120491,8937300
577,472,414,3870477,8618,120905,12112900
578,442,436,3870035,8624,121341,9298900
579,462,422,3869573,8664,121763,8730600
580,440,418,3869133,8686,122181,8760500
581,443,436,3868690,8693,122617,8411500
582,456,416,3868234,8733,123033,8249900
583,452,430,3867782,8755,123463,8055500
584,432,433,3867350,8754,123896,8053400
585,431,430,3866919,8755,124326,8241400
586,443,452,3866476,8746,124778,8357400
587,445,445,3866031,8746,125223,8133400
588,464,450,3865567,8760,125673,8110400
589,438,416,3865129,8782,126089,8401000
590,460,457,3864669,8785,126546,8374500
591,458,426,3864211,8817,126972,8264500
592,471,465,3863740,8823,127437,8226900
593,466,491,3863274,8798,127928,8181700
594,443,439,3862831,8802,128367,8466300
595,457,448,3862374,8811,128815,8336700
596,487,446,3861887,8852,129261,8197700
597,480,449,3861407,8883,129710,8202300
598,452,444,3860955,8891,130154,8083800
599,484,430,3860471,8945,130584,8519000
600,453,411,3860018,8987,130995,8181400
601,462,445,3859556,9004,131440,8537400
602,502,479,3859054,9027,131919,8231200
603,482,458,3858572,9051,132377,8408200
604,469,458,3858103,9062,132835,8529500
605,488,451,3857615,9099,133286,8291700
606,472,404,3857143,9167,133690,8357000
607,458,448,3856685,9177,134138,8168900
608,478,469,3856207,9186,134607,8811300
609,486,463,3855721,9209,135070,8246100
610,479,489,3855242,9199,135559,8292200
611,470,469,3854772,9200,136028,8378900
612,466,437,3854306,9229,136465,8182100
613,458,502,3853848,9185,136967,8783300
614,478,444,3853370,9219,137411,8259000
615,469,478,3852901,9210,137889,8024300
616,503,469,3852398,9244,138358,8200700
617,474,488,3851924,9230,138846,8313200
618,475,504,3851449,9201,139350,8330200
619,429,474,3851020,9156,139824,8302900
620,448,432,3850572,9172,140256,8764200
621,501,449,3850071,9224,140705,8074900
622,461,477,3849610,9208,141182,8416600
623,460,436,3849150,9232,141618,8640300
624,436,449,3848714,9219,142067,9684300
625,477,434,3848237,9262,142501,11717700
626,478,480,3847759,9260,142981,11901800
627,513,483,3847246,9290,143464,9674300
628,463,500,3846783,9253,143964,9366800
629,495,485,3846288,9263,144449,9236200
630,473,433,3845815,9303,144882,9476400
631,487,468,3845328,9322,145350,10585100
632,447,466,3844881,9303,145816,9606400
633,478,434,3844403,9347,146250,9239600
634,476,443,3843927,9380,146693,9376000
635,487,468,3843440,9399,147161,8863600
636,512,454,3842928,9457,147615,8411300
637,511,481,3842417,9487,148096,8566400
638,508,443,3841909,9552,148539,8217100
639,502,455,3841407,9599,148994,8526900
640,472,502,3840935,9569,149496,8080600
641,502,517,3840433,9554,150013,8194400
642,459,535,3839974,9478,150548,8181100
643,494,481,3839480,9491,151029,8325500
644,526,499,3838954,9518,151528,8489200
645,485,492,3838469,9511,152020,8230800
646,483,446,3837986,9548,152466,8678800
647,512,482,3837474,9578,152948,8475500
648,482,474,3836992,9586,153422,8236200
649,471,442,3836521,9615,153864,8026600
650,502,493,3836019,9624,154357,8080800
651,507,438,3835512,9693,154795,8232800
652,501,473,3835011,9721,155268,8433200
653,501,500,3834510,9722,155768,8182600
654,527,471,3833983,9778,156239,8047200
655,498,453,3833485,9823,156692,8274600
656,501,480,3832984,9844,157172,8494700
657,543,518,3832441,9869,157690,8469200
658,511,570,3831930,9810,158260,8363400
659,493,502,3831437,9801,158762,8265300
660,495,477,3830942,9819,159239,8260300
661,539,471,3830403,9887,159710,8482200
662,497,516,3829906,9868,160226,8471900
663,495,507,3829411,9856,160733,8512000
664,518,480,3828893,9894,161213,8376900
665,517,546,3828376,9865,161759,8487400
666,527,462,3827849,9930,162221,8545600
667,519,473,3827330,9976,162694,8487000
668,577,496,3826753,10057,163190,8537600
669,539,516,3826214,10080,163706,8227000
670,510,534,3825704,10056,164240,8167300
671,537,503,3825167,10090,164743,8304900
672,549,514,3824618,10125,165257,8810000
673,540,533,3824078,10132,165790,8473100
674,526,517,3823552,10141,166307,8508800
675,495,515,3823057,10121,166822,8707200
676,531,512,3822526,10140,167334,8308500
677,538,517,3821988,10161,167851,8660300
678,538,524,3821450,10175,168375,9204500
679,555,481,3820895,10249,168856,8592400
680,544,540,3820351,10253,169396,9227100
681,501,505,3819850,10249,169901,8431600
682,535,501,3819315,10283,170402,9031100
683,500,553,3818815,10230,170955,8449000
684,514,523,3818301,10221,171478,8844500
685,515,496,3817786,10240,171974,8628500
686,511,522,3817275,10229,172496,8556400
687,510,502,3816765,10237,172998,8737000
688,543,482,3816222,10298,173480,8763200
689,548,532,3815674,10314,174012,8691900
690,517,526,3815157,10305,174538,8765000
691,546,485,3814611,10366,175023,8808400
692,571,495,3814040,10442,175518,8716600
693,584,500,3813456,10526,176018,8583200
694,578,522,3812878,10582,176540,8692300
695,518,519,3812360,10581,177059,8948000
696,576,513,3811784,10644,177572,8571400
697,568,564,3811216,10648,178136,8905100
698,547,549,3810669,10646,178685,8543800
699,567,519,3810102,10694,179204,8435200
700,603,567,3809499,10730,179771,8625900
701,551,561,3808948,10720,180332,8486500
702,607,541,3808341,10786,180873,8633300
703,559,525,3807782,10820,181398,8679800
704,569,572,3807213,10817,181970,8679000
705,553,510,3806660,10860,182480,8438600
706,529,523,3806131,10866,183003,8422200
707,582,530,3805549,10918,183533,8578700
708,525,580,3805024,10863,184113,8995500
709,549,557,3804475,10855,184670,8758500
710,606,530,3803869,10931,185200,8654800
711,552,526,3803317,10957,185726,8688900
712,567,561,3802750,10963,186287,8651200
713,605,565,3802145,11003,186852,8513800
714,548,554,3801597,10997,187406,8931300
715,621,517,3800976,11101,187923,8467900
716,579,570,3800397,11110,188493,8408300
717,547,567,3799850,11090,189060,8384100
718,590,568,3799260,11112,189628,8517400
719,562,503,3798698,11171,190131,8660100
720,590,568,3798108,11193,190699,9235300
721,578,555,3797530,11216,191254,8989500
722,579,566,3796951,11229,191820,8686900
723,585,557,3796366,11257,192377,8777200
724,615,535,3795751,11337,192912,8928100
725,569,608,3795182,11298,193520,9047000
726,597,537,3794585,11358,194057,8739000
727,586,622,3793999,11322,194679,8849300
728,616,566,3793383,11372,195245,8875000
729,592,551,3792791,11413,195796,9997000
730,555,544,3792236,11424,196340,10117800
731,568,570,3791668,11422,196910,10249100
732,536,574,3791132,11384,197484,11036600
733,603,563,3790529,11424,198047,9946500
734,569,562,3789960,11431,198609,9564600
735,556,553,3789404,11434,199162,10229500
736,573,578,3788831,11429,199740,9410900
737,564,562,3788267,11431,200302,8852600
738,570,528,3787697,11473,200830,8788700
739,602,595,3787095,11480,201425,9228300
740,579,581,3786516,11478,202006,8924300
741,574,568,3785942,11484,202574,9142200
742,603,612,3785339,11475,203186,9183200
743,574,561,3784765,11488,203747,8994400
744,585,554,3784180,11519,204301,9023000
745,593,587,3783587,11525,204888,8977800
746,571,550,3783016,11546,205438,8701500
747,622,600,3782394,11568,206038,9216800
748,601,581,3781793,11588,206619,9082200
749,551,605,3781242,11534,207224,9039400
750,559,567,3780683,11526,207791,8711900
751,579,573,3780104,11532,208364,8941300
752,599,591,3779505,11540,208955,8746600
753,567,578,3778938,11529,209533,8612400
754,599,593,3778339,11535,210126,8810200
755,619,544,3777720,11610,210670,8818500
756,579,588,3777141,11601,211258,8930700
757,602,577,3776539,11626,211835,8875600
758,599,611,3775940,11614,212446,8948100
759,647,577,3775293,11684,213023,9103600
760,576,554,3774717,11706,213577,8797500
761,605,576,3774112,11735,214153,8746900
762,616,595,3773496,11756,214748,8869200
763,645,566,3772851,11835,215314,9490700
764,588,573,3772263,11850,215887,9228600
765,639,580,3771624,11909,216467,9028100
766,681,611,3770943,11979,217078,8851100
767,623,600,3770320,12002,217678,9469300
768,634,597,3769686,12039,218275,9083600
769,599,600,3769087,12038,218875,8959600
770,632,601,3768455,12069,219476,8933300
771,639,572,3767816,12136,220048,9238400
772,622,623,3767194,12135,220671,9176000
773,623,597,3766571,12161,221268,9136700
774,645,628,3765926,12178,221896,9609900
775,611,592,3765315,12197,222488,9915700
776,626,593,3764689,12230,223081,9133400
777,597,630,3764092,12197,223711,9306600
778,645,595,3763447,12247,224306,9368500
779,624,653,3762823,12218,224959,9299400
780,604,596,3762219,12226,225555,8904100
781,635,612,3761584,12249,226167,8907300
782,555,634,3761029,12170,226801,9065000
783,591,652,3760438,12109,227453,8932100
784,636,617,3759802,12128,228070,9213000
785,593,613,3759209,12108,228683,10542800
786,604,583,3758605,12129,229266,9525400
787,599,620,3758006,12108,229886,9953800
788,594,602,3757412,12100,230488,9905300
789,583,593,3756829,12090,231081,10422600
790,591,581,3756238,12100,231662,9454400
791,601,623,3755637,12078,232285,9745700
792,601,583,3755036,12096,232868,10051100
793,628,625,3754408,12099,233493,11953000
794,636,581,3753772,12154,234074,11271000
795,590,621,3753182,12123,234695,9893400
796,624,606,3752558,12141,235301,9776800
797,603,576,3751955,12168,235877,9523300
798,594,605,3751361,12157,236482,9964000
799,584,598,3750777,12143,237080,9424500
800,640,591,3750137,12192,237671,9654700
801,626,624,3749511,12194,238295,13087400
802,604,608,3748907,12190,238903,9666400
803,608,620,3748299,12178,239523,9628000
804,602,583,3747697,12197,240106,8756000
805,592,607,3747105,12182,240713,8728200
806,601,654,3746504,12129,241367,8893600
807,637,657,3745867,12109,242024,9664000
808,623,619,3745244,12113,242643,10770400
809,599,596,3744645,12116,243239,10625500
810,629,651,3744016,12094,243890,9160500
811,584,635,3743432,12043,244525,9236500
812,626,651,3742806,12018,245176,9510900
813,638,568,3742168,12088,245744,9712500
814,623,596,3741545,12115,246340,9479100
815,609,614,3740936,12110,246954,8932800
816,673,630,3740263,12153,247584,8864700
817,686,633,3739577,12206,248217,8787400
818,668,627,3738909,12247,248844,8668300
819,646,617,3738263,12276,249461,8704400
820,653,633,3737610,12296,250094,8715400
821,666,594,3736944,12368,250688,8588400
822,680,599,3736264,12449,251287,8684000
823,682,632,3735582,12499,251919,8708100
824,629,652,3734953,12476,252571,8554000
825,677,581,3734276,12572,253152,8919900
826,691,602,3733585,12661,253754,9527000
827,681,635,3732904,12707,254389,13464500
828,672,656,3732232,12723,255045,9235800
829,678,656,3731554,12745,255701,9031300
830,642,664,3730912,12723,256365,10404400
831,648,633,3730264,12738,256998,10368700
832,662,681,3729602,12719,257679,10551400
833,658,637,3728944,12740,258316,9374700
834,641,639,3728303,12742,258955,8692900
835,676,675,3727627,12743,259630,9016700
836,668,620,3726959,12791,260250,9023900
837,692,715,3726267,12768,260965,9410200
838,655,665,3725612,12758,261630,9023100
839,620,632,3724992,12746,262262,9058500
840,659,595,3724333,12810,262857,9150400
841,656,638,3723677,12828,263495,8798000
842,669,599,3723008,12898,264094,8802000
843,685,590,3722323,12993,264684,10469700
844,696,659,3721627,13030,265343,12316000
845,675,682,3720952,13023,266025,12224500
846,623,642,3720329,13004,266667,8687500
847,637,635,3719692,13006,267302,8911200
848,675,651,3719017,13030,267953,9701300
849,672,683,3718345,13019,268636,9250300
850,631,654,3717714,12996,269290,8728800
851,671,654,3717043,13013,269944,8513800
852,654,668,3716389,12999,270612,8927800
853,662,686,3715727,12975,271298,8380000
854,729,607,3714998,13097,271905,8572500
855,733,673,3714265,13157,272578,8755700
856,679,615,3713586,13221,273193,8390800
857,681,682,3712905,13220,273875,8512200
858,654,651,3712251,13223,274526,9219200
859,673,686,3711578,13210,275212,9384300
860,698,677,3710880,13231,275889,15648900
861,686,675,3710194,13242,276564,8756900
862,636,672,3709558,13206,277236,8952000
863,665,686,3708893,13185,277922,9169900
864,701,669,3708192,13217,278591,9905500
865,655,650,3707537,13222,279241,9582100
866,657,664,3706880,13215,279905,9009900
867,667,677,3706213,13205,280582,8722200
868,665,661,3705548,13209,281243,8569900
869,661,721,3704887,13149,281964,8618000
870,654,647,3704233,13156,282611,8459900
871,671,655,3703562,13172,283266,8612200
872,639,619,3702923,13192,283885,8403900
873,650,691,3702273,13151,284576,8473600
874,688,632,3701585,13207,285208,8436300
875,666,664,3700919,13209,285872,8502000
876,642,649,3700277,13202,286521,8605100
877,652,636,3699625,13218,287157,8350300
878,649,642,3698976,13225,287799,8467800
879,667,643,3698309,13249,288442,8435700
880,691,657,3697618,13283,289099,8317100
881,712,712,3696906,13283,289811,8392600
882,700,636,3696206,13347,290447,8404200
883,694,659,3695512,13382,291106,8624500
884,664,672,3694848,13374,291778,8115700
885,699,636,3694149,13437,292414,8222200
886,648,667,3693501,13418,293081,8189800
887,749,673,3692752,13494,293754,8226800
888,727,635,3692025,13586,294389,8773700
889,691,695,3691334,13582,295084,8589700
890,666,653,3690668,13595,295737,8315700
891,710,648,3689958,13657,296385,8445700
892,710,714,3689248,13653,297099,8234700
893,721,704,3688527,13670,297803,8169500
894,703,695,3687824,13678,298498,8307200
895,738,697,3687086,13719,299195,8246300
896,706,694,3686380,13731,299889,8385500
897,707,688,3685673,13750,300577,8347100
898,669,662,3685004,13757,301239,8512400
899,739,700,3684265,13796,301939,8291400
900,703,710,3683562,13789,302649,8283300
901,708,704,3682854,13793,303353,8423200
902,680,682,3682174,13791,304035,8530200
903,717,680,3681457,13828,304715,8535800
904,723,686,3680734,13865,305401,8405400
905,680,686,3680054,13859,306087,8182100
906,674,650,3679380,13883,306737,8409000
907,723,690,3678657,13916,307427,8407800
908,756,700,3677901,13972,308127,9005700
909,742,721,3677159,13993,308848,8337800
910,784,683,3676375,14094,309531,8366500
911,730,686,3675645,14138,310217,8363200
912,762,752,3674883,14148,310969,8368100
913,739,666,3674144,14221,311635,8906800
914,699,688,3673445,14232,312323,8538900
915,706,672,3672739,14266,312995,8578100
916,730,688,3672009,14308,313683,8376400
917,684,708,3671325,14284,314391,8445000
918,704,715,3670621,14273,315106,8390200
919,724,689,3669897,14308,315795,8484900
920,706,641,3669191,14373,316436,8476500
921,744,736,3668447,14381,317172,8575500
922,711,732,3667736,14360,317904,8497700
923,750,700,3666986,14410,318604,8690100
924,667,744,3666319,14333,319348,8467200
925,699,751,3665620,14281,320099,8297000
926,661,730,3664959,14212,320829,8281600
927,695,684,3664264,14223,321513,8216300
928,684,742,3663580,14165,322255,8235600
929,723,720,3662857,14168,322975,8583500
930,703,751,3662154,14120,323726,8191700
931,701,648,3661453,14173,324374,8468100
932,763,694,3660690,14242,325068,8440200
933,700,730,3659990,14212,325798,8319100
934,725,740,3659265,14197,326538,8770100
935,661,739,3658604,14119,327277,8287100
936,725,728,3657879,14116,328005,8389500
937,720,750,3657159,14086,328755,8783000
938,688,720,3656471,14054,329475,8603100
939,718,723,3655753,14049,330198,8662500
940,709,684,3655044,14074,330882,8314700
941,759,703,3654285,14130,331585,8398000
942,730,722,3653555,14138,332307,8504800
943,703,688,3652852,14153,332995,8527500
944,676,695,3652176,14134,333690,8323400
945,727,737,3651449,14124,334427,8546200
946,677,704,3650772,14097,335131,8249100
947,726,703,3650046,14120,335834,8143500
948,674,734,3649372,14060,336568,8273600
949,671,679,3648701,14052,337247,8199100
950,738,726,3647963,14064,337973,8305000
951,709,682,3647254,14091,338655,8482900
952,691,677,3646563,14105,339332,8620100
953,708,678,3645855,14135,340010,8786900
954,696,717,3645159,14114,340727,8870100
955,711,724,3644448,14101,341451,8799200
956,734,693,3643714,14142,342144,9436400
957,705,766,3643009,14081,342910,9462400
958,699,757,3642310,14023,343667,8900600
959,716,723,3641594,14016,344390,8764200
960,723,726,3640871,14013,345116,9097000
961,725,727,3640146,14011,345843,10492600
962,743,670,3639403,14084,346513,9659200
963,726,691,3638677,14119,347204,8729300
964,698,754,3637979,14063,347958,10000100
965,717,698,3637262,14082,348656,9451000
966,697,687,3636565,14092,349343,8985400
967,706,707,3635859,14091,350050,8450000
968,688,734,3635171,14045,350784,9291600
969,684,724,3634487,14005,351508,9644000
970,732,690,3633755,14047,352198,10215500
971,743,675,3633012,14115,352873,10214100
972,730,727,3632282,14118,353600,9045300
973,705,696,3631577,14127,354296,9715500
974,698,730,3630879,14095,355026,8894100
975,775,689,3630104,14181,355715,8802200
976,748,739,3629356,14190,356454,8762000
977,794,712,3628562,14272,357166,9033600
978,719,757,3627843,14234,357923,9524000
979,754,698,3627089,14290,358621,9508800
980,711,701,3626378,14300,359322,9180500
981,741,711,3625637,14330,360033,9138000
982,745,714,3624892,14361,360747,8927200
983,734,703,3624158,14392,361450,11015700
984,691,787,3623467,14296,362237,9358500
985,733,793,3622734,14236,363030,10218800
986,748,700,3621986,14284,363730,9828500
987,729,718,3621257,14295,364448,9194100
988,738,703,3620519,14330,365151,9207700
989,767,733,3619752,14364,365884,9356800
990,759,756,3618993,14367,366640,10993800
991,708,723,3618285,14352,367363,10293600
992,726,672,3617559,14406,368035,9727200
993,736,741,3616823,14401,368776,9309900
994,720,721,3616103,14400,369497,9168000
995,734,721,3615369,14413,370218,8905100
996,734,643,3614635,14504,370861,8964400
997,727,764,3613908,14467,371625,8819200
998,791,734,3613117,14524,372359,8846800
999,721,759,3612396,14486,373118,9097800
1000,756,728,3611640,14514,373846,8871000
1001,754,723,3610886,14545,374569,9279000
1002,745,713,3610141,14577,375282,8926100
1003,714,756,3609427,14535,376038,9046600
1004,722,739,3608705,14518,376777,9086700
1005,752,732,3607953,14538,377509,8794500
1006,737,668,3607216,14607,378177,8940200
1007,750,671,3606466,14686,378848,8741100
1008,712,742,3605754,14656,379590,9013300
1009,714,729,3605040,14641,380319,9586400
1010,739,732,3604301,14648,381051,9057700
1011,703,737,3603598,14614,381788,9238900
1012,752,716,3602846,14650,382504,9324700
1013,763,728,3602083,14685,383232,8884100
1014,783,696,3601300,14772,383928,8985900
1015,759,767,3600541,14764,384695,9177800
1016,792,748,3599749,14808,385443,9013700
1017,743,750,3599006,14801,386193,8760400
1018,743,720,3598263,14824,386913,8537700
1019,790,737,3597473,14877,387650,8515500
1020,789,728,3596684,14938,388378,8593700
1021,799,779,3595885,14958,389157,8531100
1022,799,762,3595086,14995,389919,8931800
1023,771,759,3594315,15007,390678,10407600
1024,781,770,3593534,15018,391448,9571800
1025,765,772,3592769,15011,392220,8918400
1026,740,766,3592029,14985,392986,9175200
1027,753,760,3591276,14978,393746,20756900
1028,736,742,3590540,14972,394488,9213900
1029,776,764,3589764,14984,395252,9408800
1030,760,796,3589004,14948,396048,9071900
1031,761,772,3588243,14937,396820,9804100
1032,719,735,3587524,14921,397555,9316600
1033,787,732,3586737,14976,398287,11050100
1034,757,694,3585980,15039,398981,10980700
1035,744,797,3585236,14986,399778,10454100
1036,799,779,3584437,15006,400557,9387700
1037,765,716,3583672,15055,401273,9693000
1038,709,719,3582963,15045,401992,9544200
1039,768,791,3582195,15022,402783,9666800
1040,769,763,3581426,15028,403546,10203100
1041,813,767,3580613,15074,404313,10002700
1042,762,791,3579851,15045,405104,20343600
1043,742,706,3579109,15081,405810,10367700
1044,812,752,3578297,15141,406562,10488800
1045,727,778,3577570,15090,407340,9799600
1046,755,740,3576815,15105,408080,9504200
1047,792,730,3576023,15167,408810,9998800
1048,770,780,3575253,15157,409590,9457300
1049,777,753,3574476,15181,410343,16031700
1050,770,747,3573706,15204,411090,9079600
1051,745,747,3572961,15202,411837,8875700
1052,780,718,3572181,15264,412555,8943700
1053,792,748,3571389,15308,413303,8742700
1054,758,770,3570631,15296,414073,8640900
1055,737,764,3569894,15269,414837,8362500
1056,769,766,3569125,15272,415603,8534700
1057,732,789,3568393,15215,416392,8420100
1058,751,791,3567642,15175,417183,8489200
1059,697,754,3566945,15118,417937,8320800
1060,746,737,3566199,15127,418674,8487900
1061,755,737,3565444,15145,419411,9598100
1062,814,706,3564630,15253,420117,9449200
1063,786,731,3563844,15308,420848,8475200
1064,768,780,3563076,15296,421628,8530900
1065,767,741,3562309,15322,422369,8704000
1066,771,762,3561538,15331,423131,12218000
1067,772,776,3560766,15327,423907,10892000
1068,775,760,3559991,15342,424667,8797300
1069,720,772,3559271,15290,425439,9048800
1070,776,784,3558495,15282,426223,8991800
1071,780,751,3557715,15311,426974,9090400
1072,745,718,3556970,15338,427692,9316900
1073,758,760,3556212,15336,428452,8691000
1074,783,741,3555429,15378,429193,8324700
1075,800,788,3554629,15390,429981,8207600
1076,849,827,3553780,15412,430808,8227500
1077,804,715,3552976,15501,431523,9076300
1078,852,750,3552124,15603,432273,8426300
1079,811,782,3551313,15632,433055,8529400
1080,807,805,3550506,15634,433860,8280100
1081,828,748,3549678,15714,434608,8379300
1082,833,789,3548845,15758,435397,8517700
1083,811,775,3548034,15794,436172,8258100
1084,799,777,3547235,15816,436949,8477800
1085,807,834,3546428,15789,437783,8373900
1086,791,800,3545637,15780,438583,8292700
1087,829,783,3544808,15826,439366,8591200
1088,823,793,3543985,15856,440159,8522500
1089,798,787,3543187,15867,440946,8459100
1090,773,808,3542414,15832,441754,8522700
1091,796,835,3541618,15793,442589,8545700
1092,773,812,3540845,15754,443401,8430700
1093,763,781,3540082,15736,444182,8426700
1094,838,824,3539244,15750,445006,8339200
1095,808,823,3538436,15735,445829,8263700
1096,803,778,3537633,15760,446607,8498000
1097,799,809,3536834,15750,447416,8189900
1098,819,805,3536015,15764,448221,8621100
1099,844,799,3535171,15809,449020,8206700
1100,783,784,3534388,15808,449804,8556600
1101,778,789,3533610,15797,450593,8296100
1102,808,746,3532802,15859,451339,8287200
1103,816,835,3531986,15840,452174,8361500
1104,894,787,3531092,15947,452961,8894600
1105,799,871,3530293,15875,453832,8613900
1106,738,747,3529555,15866,454579,8232400
1107,767,791,3528788,15842,455370,8333300
1108,759,794,3528029,15807,456164,8290400
1109,777,786,3527252,15798,456950,8368900
1110,771,822,3526481,15747,457772,8575400
1111,820,780,3525661,15787,458552,8696200
1112,778,780,3524883,15785,459332,8567300
1113,781,795,3524102,15771,460127,8289900
1114,849,841,3523253,15779,460968,8516300
1115,772,760,3522481,15791,461728,8507200
1116,762,838,3521719,15715,462566,8456700
1117,786,788,3520933,15713,463354,8541100
1118,777,801,3520156,15689,464155,8691400
1119,797,753,3519359,15733,464908,8743600
1120,785,810,3518574,15708,465718,8334300
1121,786,796,3517788,15698,466514,9127600
1122,789,800,3516999,15687,467314,8661200
1123,853,755,3516146,15785,468069,8746000
1124,806,777,3515340,15814,468846,8639500
1125,778,770,3514562,15822,469616,8660500
1126,805,800,3513757,15827,470416,8625300
1127,837,754,3512920,15910,471170,8678000
1128,813,792,3512107,15931,471962,8597700
1129,878,798,3511229,16011,472760,8582500
1130,825,827,3510404,16009,473587,8596500
1131,849,817,3509555,16041,474404,8487500
1132,906,741,3508649,16206,475145,8562600
1133,872,763,3507777,16315,475908,8888900
1134,900,761,3506877,16454,476669,8584400
1135,878,841,3505999,16491,477510,8962100
1136,876,870,3505123,16497,478380,8679500
1137,870,757,3504253,16610,479137,8532600
1138,890,814,3503363,16686,479951,8581300
1139,931,821,3502432,16796,480772,8803800
1140,870,888,3501562,16778,481660,9031400
1141,885,798,3500677,16865,482458,8642600
1142,904,894,3499773,16875,483352,8946800
1143,865,804,3498908,16936,484156,8550300
1144,904,828,3498004,17012,484984,8521900
1145,869,909,3497135,16972,485893,8408900
1146,857,869,3496278,16960,486762,8484100
1147,847,804,3495431,17003,487566,8860500
1148,877,869,3494554,17011,488435,8956400
1149,914,894,3493640,17031,489329,8848200
1150,860,834,3492780,17057,490163,8988100
1151,921,785,3491859,17193,490948,8777500
1152,920,879,3490939,17234,491827,9031700
1153,909,868,3490030,17275,492695,8938000
1154,871,894,3489159,17252,493589,9257100
1155,805,903,3488354,17154,494492,8943700
1156,886,852,3487468,17188,495344,9403300
1157,859,816,3486609,17231,496160,8609900
1158,847,908,3485762,17170,497068,8569100
1159,829,896,3484933,17103,497964,9156000
1160,874,857,3484059,17120,498821,8385400
1161,867,841,3483192,17146,499662,8465300
1162,825,871,3482367,17100,500533,8294900
1163,849,811,3481518,17138,501344,8672400
1164,829,830,3480689,17137,502174,8342000
1165,801,889,3479888,17049,503063,8334400
1166,804,850,3479084,17003,503913,8528100
1167,825,879,3478259,16949,504792,8520400
1168,790,834,3477469,16905,505626,8610900
1169,844,867,3476625,16882,506493,8350700
1170,808,867,3475817,16823,507360,8531500
1171,805,796,3475012,16832,508156,8611800
1172,824,821,3474188,16835,508977,8444000
1173,819,820,3473369,16834,509797,8462200
1174,826,841,3472543,16819,510638,8400700
1175,877,808,3471666,16888,511446,8710100
1176,891,833,3470775,16946,512279,9097300
1177,806,868,3469969,16884,513147,9278500
1178,822,808,3469147,16898,513955,9257500
1179,814,846,3468333,16866,514801,8983400
1180,807,794,3467526,16879,515595,8993700
1181,815,815,3466711,16879,516410,8566000
1182,840,887,3465871,16832,517297,8844900
1183,820,838,3465051,16814,518135,8434400
1184,857,822,3464194,16849,518957,8510300
1185,819,840,3463375,16828,519797,8864800
1186,849,838,3462526,16839,520635,8479100
1187,831,842,3461695,16828,521477,8764500
1188,850,851,3460845,16827,522328,8601300
1189,816,859,3460029,16784,523187,8503400
1190,850,861,3459179,16773,524048,8577800
1191,816,855,3458363,16734,524903,8621000
1192,846,800,3457517,16780,525703,8791000
1193,845,811,3456672,16814,526514,9431500
1194,867,844,3455805,16837,527358,8933300
1195,911,840,3454894,16908,528198,8606200
1196,849,819,3454045,16938,529017,8901800
1197,855,820,3453190,16973,529837,8696100
1198,826,830,3452364,16969,530667,9066600
1199,852,886,3451512,16935,531553,9664800
1200,827,887,3450685,16875,532440,8592400
1201,849,824,3449836,16900,533264,9318700
1202,859,832,3448977,16927,534096,8929600
1203,853,843,3448124,16937,534939,8596700
1204,856,816,3447268,16977,535755,9131500
1205,870,861,3446398,16986,536616,8510400
1206,880,912,3445518,16954,537528,8715200
1207,863,851,3444655,16966,538379,8505900
1208,902,855,3443753,17013,539234,8548500
1209,894,815,3442859,17092,540049,9160300
1210,854,832,3442005,17114,540881,9416300
1211,891,831,3441114,17174,541712,9382300
1212,887,856,3440227,17205,542568,8951200
1213,853,842,3439374,17216,543410,8924700
1214,833,810,3438541,17239,544220,9003200
1215,890,836,3437651,17293,545056,8617900
1216,893,845,3436758,17341,545901,8691800
1217,914,848,3435844,17407,546749,8738200
1218,879,871,3434965,17415,547620,8717500
1219,847,893,3434118,17369,548513,8789100
1220,889,875,3433229,17383,549388,9092800
1221,884,826,3432345,17441,550214,8760300
1222,904,910,3431441,17435,551124,8897600
1223,873,894,3430568,17414,552018,9175000
1224,902,887,3429666,17429,552905,8750700
1225,895,864,3428771,17460,553769,8905300
1226,915,896,3427856,17479,554665,8785200
1227,859,903,3426997,17435,555568,8564600
1228,894,886,3426103,17443,556454,9003400
1229,873,868,3425230,17448,557322,8503900
1230,940,854,3424290,17534,558176,8732700
1231,875,919,3423415,17490,559095,8698100
1232,888,877,3422527,17501,559972,11320800
1233,908,876,3421619,17533,560848,9679400
1234,867,914,3420752,17486,561762,9361800
1235,863,854,3419889,17495,562616,9804800
1236,891,844,3418998,17542,563460,20074900
1237,915,850,3418083,17607,564310,9368800
1238,873,856,3417210,17624,565166,10097600
1239,845,884,3416365,17585,566050,10682400
1240,874,886,3415491,17573,566936,9080400
1241,915,897,3414576,17591,567833,9213900
1242,866,863,3413710,17594,568696,8830900
1243,873,913,3412837,17554,569609,8842200
1244,857,876,3411980,17535,570485,8473400
1245,885,884,3411095,17536,571369,8458700
1246,850,872,3410245,17514,572241,8609500
1247,907,879,3409338,17542,573120,8963100
1248,908,923,3408430,17527,574043,8836500
1249,847,868,3407583,17506,574911,8360600
1250,903,901,3406680,17508,575812,8478300
1251,937,839,3405743,17606,576651,8504200
1252,874,885,3404869,17595,577536,8453600
1253,895,922,3403974,17568,578458,8570300
1254,822,941,3403152,17449,579399,8568200
1255,826,843,3402326,17432,580242,9506300
1256,872,854,3401454,17450,581096,8938000
1257,873,891,3400581,17432,581987,8858600
1258,827,908,3399754,17351,582895,8740200
1259,900,828,3398854,17423,583723,8595300
1260,878,839,3397976,17462,584562,8649000
1261,861,861,3397115,17462,585423,8803300
1262,882,888,3396233,17456,586311,8949000
1263,933,860,3395300,17529,587171,8693500
1264,908,904,3394392,17533,588075,8657000
1265,936,807,3393456,17662,588882,8795200
1266,874,845,3392582,17691,589727,8735900
1267,910,944,3391672,17657,590671,8579200
1268,875,873,3390797,17659,591544,8441700
1269,913,874,3389884,17698,592418,8784700
1270,885,888,3388999,17695,593306,9083700
1271,912,907,3388087,17700,594213,9731800
1272,906,895,3387181,17711,595108,10346300
1273,868,836,3386313,17743,595944,9530600
1274,895,895,3385418,17743,596839,8876900
1275,869,851,3384549,17761,597690,9463100
1276,858,933,3383691,17686,598623,10076800
1277,899,865,3382792,17720,599488,9538000
1278,918,877,3381874,17761,600365,9383500
1279,882,870,3380992,17773,601235,8787800
1280,884,843,3380108,17814,602078,8619000
1281,917,865,3379191,17866,602943,8633400
1282,884,834,3378307,17916,603777,8674400
1283,990,869,3377317,18037,604646,8763400
1284,967,977,3376350,18027,605623,8585700
1285,893,871,3375457,18049,606494,8504300
1286,982,935,3374475,18096,607429,8403500
1287,942,897,3373533,18141,608326,8671100
1288,936,962,3372597,18115,609288,8315300
1289,957,957,3371640,18115,610245,8483100
1290,936,863,3370704,18188,611108,8340200
1291,891,865,3369813,18214,611973,8464600
1292,907,937,3368906,18184,612910,8506700
1293,903,954,3368003,18133,613864,8525200
1294,893,928,3367110,18098,614792,8477800
1295,936,884,3366174,18150,615676,8464800
1296,936,871,3365238,18215,616547,8605500
1297,918,886,3364320,18247,617433,8380400
1298,881,900,3363439,18228,618333,8474000
1299,944,914,3362495,18258,619247,8594900
1300,916,920,3361579,18254,620167,8626400
1301,907,993,3360672,18168,621160,8507100
1302,942,904,3359730,18206,622064,8633600
1303,960,888,3358770,18278,622952,8491100
1304,934,1009,3357836,18203,623961,8637300
1305,950,939,3356886,18214,624900,8620900
1306,926,944,3355960,18196,625844,8526100
1307,908,849,3355052,18255,626693,8427700
1308,934,892,3354118,18297,627585,8802900
1309,916,899,3353202,18314,628484,8325400
1310,897,885,3352305,18326,629369,8369400
1311,903,970,3351402,18259,630339,8424100
1312,909,873,3350493,18295,631212,8366900
1313,930,954,3349563,18271,632166,8494600
1314,917,916,3348646,18272,633082,8705400
1315,918,909,3347728,18281,633991,8714600
1316,909,913,3346819,18277,634904,8242300
1317,942,910,3345877,18309,635814,8528000
1318,928,895,3344949,18342,636709,8733000
1319,985,876,3343964,18451,637585,8504400
1320,942,894,3343022,18499,638479,8465700
1321,935,934,3342087,18500,639413,9188300
1322,911,886,3341176,18525,640299,8851500
1323,943,898,3340233,18570,641197,8331600
1324,904,922,3339329,18552,642119,8440300
1325,935,889,3338394,18598,643008,8240300
1326,954,906,3337440,18646,643914,8299400
1327,938,980,3336502,18604,644894,8255000
1328,874,968,3335628,18510,645862,8522700
1329,940,899,3334688,18551,646761,8767800
1330,921,912,3333767,18560,647673,8368500
1331,953,901,3332814,18612,648574,9067400
1332,948,930,3331866,18630,649504,8354900
1333,935,955,3330931,18610,650459,8727000
1334,883,911,3330048,18582,651370,8380200
1335,942,948,3329106,18576,652318,8539400
1336,899,947,3328207,18528,653265,8677400
1337,948,886,3327259,18590,654151,8807500
1338,940,973,3326319,18557,655124,8330000
1339,878,973,3325441,18462,656097,8442900
1340,899,956,3324542,18405,657053,8853800
1341,947,950,3323595,18402,658003,8478200
1342,908,938,3322687,18372,658941,8569300
1343,921,913,3321766,18380,659854,8443100
1344,936,949,3320830,18367,660803,41886700
1345,917,948,3319913,18336,661751,8933200
1346,887,955,3319026,18268,662706,8593200
1347,941,907,3318085,18302,663613,8488100
1348,955,865,3317130,18392,664478,8535500
1349,914,938,3316216,18368,665416,8566100
1350,890,971,3315326,18287,666387,8579700
1351,968,946,3314358,18309,667333,8507100
1352,959,940,3313399,18328,668273,8820000
1353,940,890,3312459,18378,669163,8465200
1354,934,899,3311525,18413,670062,8366400
1355,919,889,3310606,18443,670951,8494300
1356,928,916,3309678,18455,671867,8665000
1357,941,898,3308737,18498,672765,8472900
1358,930,915,3307807,18513,673680,8424500
1359,974,896,3306833,18591,674576,8849500
1360,963,929,3305870,18625,675505,8484500
1361,911,888,3304959,18648,676393,8746900
1362,999,906,3303960,18741,677299,8747900
1363,956,946,3303004,18751,678245,9093100
1364,950,965,3302054,18736,679210,8716700
1365,917,932,3301137,18721,680142,8743400
1366,925,914,3300212,18732,681056,8762000
1367,906,946,3299306,18692,682002,8741400
1368,848,984,3298458,18556,682986,8743200
1369,919,964,3297539,18511,683950,8707900
1370,921,961,3296618,18471,684911,8975800
1371,893,910,3295725,18454,685821,9028300
1372,942,912,3294783,18484,686733,9974200
1373,906,931,3293877,18459,687664,9993700
1374,893,915,3292984,18437,688579,9133100
1375,942,904,3292042,18475,689483,9202500
1376,908,940,3291134,18443,690423,9150100
1377,968,928,3290166,18483,691351,9178400
1378,877,958,3289289,18402,692309,9619200
1379,907,941,3288382,18368,693250,9434800
1380,953,931,3287429,18390,694181,10343100
1381,937,919,3286492,18408,695100,9221400
1382,962,978,3285530,18392,696078,9276000
1383,974,904,3284556,18462,696982,9852200
1384,910,922,3283646,18450,697904,9838500
1385,922,957,3282724,18415,698861,9528600
1386,922,878,3281802,18459,699739,10134200
1387,888,905,3280914,18442,700644,9454300
1388,920,944,3279994,18418,701588,9504000
1389,911,879,3279083,18450,702467,9496800
1390,933,916,3278150,18467,703383,10193100
1391,960,959,3277190,18468,704342,9287200
1392,982,916,3276208,18534,705258,9055200
1393,907,909,3275301,18532,706167,8910200
1394,997,904,3274304,18625,707071,9015600
1395,913,951,3273391,18587,708022,8993800
1396,974,959,3272417,18602,708981,8864000
1397,956,906,3271461,18652,709887,8731000
1398,917,934,3270544,18635,710821,8893800
1399,996,946,3269548,18685,711767,9076500
1400,902,951,3268646,18636,712718,9164800
1401,999,960,3267647,18675,713678,8978300
1402,990,971,3266657,18694,714649,8949200
1403,957,892,3265700,18759,715541,8945500
1404,941,931,3264759,18769,716472,8977800
1405,988,945,3263771,18812,717417,9090200
1406,943,926,3262828,18829,718343,9138200
1407,953,927,3261875,18855,719270,8981500
1408,982,946,3260893,18891,720216,8986100
1409,961,975,3259932,18877,721191,9161100
1410,989,919,3258943,18947,722110,9606700
1411,976,916,3257967,19007,723026,9660500
1412,996,953,3256971,19050,723979,9597400
1413,987,930,3255984,19107,724909,9600700
1414,932,944,3255052,19095,725853,9133700
1415,959,943,3254093,19111,726796,9099100
1416,980,947,3253113,19144,727743,9076600
1417,1000,979,3252113,19165,728722,9262200
1418,950,941,3251163,19174,729663,8948400
1419,945,1004,3250218,19115,730667,9138300
1420,974,973,3249244,19116,731640,9341700
1421,948,983,3248296,19081,732623,8914400
1422,935,921,3247361,19095,733544,8991600
1423,930,901,3246431,19124,734445,8793800
1424,995,933,3245436,19186,735378,9018900
1425,952,943,3244484,19195,736321,8984100
1426,952,939,3243532,19208,737260,9003100
1427,996,915,3242536,19289,738175,9729600
1428,956,954,3241580,19291,739129,8992600
1429,1021,1011,3240559,19301,740140,9011600
1430,979,948,3239580,19332,741088,9006000
1431,999,1003,3238581,19328,742091,11310800
1432,977,977,3237604,19328,743068,9608000
1433,946,979,3236658,19295,744047,11421700
1434,963,952,3235695,19306,744999,12802400
1435,926,951,3234769,19281,745950,13149200
1436,971,1010,3233798,19242,746960,9726300
1437,953,1003,3232845,19192,747963,9943600
1438,981,958,3231864,19215,748921,9653300
1439,968,980,3230896,19203,749901,10227500
1440,973,950,3229923,19226,750851,9963800
1441,970,915,3228953,19281,751766,9492900
1442,993,957,3227960,19317,752723,9593500
1443,1032,861,3226928,19488,753584,10590100
1444,1052,966,3225876,19574,754550,9786500
1445,965,966,3224911,19573,755516,9296400
1446,971,957,3223940,19587,756473,9283600
1447,950,982,3222990,19555,757455,9527900
1448,975,887,3222015,19643,758342,9158600
1449,963,969,3221052,19637,759311,9286700
1450,976,908,3220076,19705,760219,8977700
1451,1012,955,3219064,19762,761174,9287400
1452,1031,977,3218033,19816,762151,10407200
1453,1063,1002,3216970,19877,763153,10090800
1454,1044,1010,3215926,19911,764163,11633200
1455,1009,1022,3214917,19898,765185,9249200
1456,1003,972,3213914,19929,766157,9098200
1457,1008,1007,3212906,19930,767164,9018800
1458,1045,1062,3211861,19913,768226,8778200
1459,1002,1007,3210859,19908,769233,8702600
1460,1025,958,3209834,19975,770191,8779700
1461,1014,992,3208820,19997,771183,8733500
1462,1022,954,3207798,20065,772137,8498700
1463,960,977,3206838,20048,773114,8764800
1464,976,984,3205862,20040,774098,8607700
1465,990,1008,3204872,20022,775106,8686400
1466,1046,1018,3203826,20050,776124,8683500
1467,973,999,3202853,20024,777123,8548300
1468,952,978,3201901,19998,778101,8526700
1469,1013,1043,3200888,19968,779144,8606600
1470,1005,1023,3199883,19950,780167,8788600
1471,988,982,3198895,19956,781149,8881800
1472,970,1019,3197925,19907,782168,8715100
1473,962,1062,3196963,19807,783230,8923300
1474,1024,923,3195939,19908,784153,8915800
1475,1051,990,3194888,19969,785143,8736900
1476,1015,1060,3193873,19924,786203,8705600
1477,1041,938,3192832,20027,787141,8561600
1478,1025,1004,3191807,20048,788145,9165200
1479,1017,969,3190790,20096,789114,8654700
1480,1009,973,3189781,20132,790087,8996800
1481,980,1014,3188801,20098,791101,9056600
1482,966,1004,3187835,20060,792105,8616400
1483,932,978,3186903,20014,793083,8545100
1484,1001,977,3185902,20038,794060,8691100
1485,917,1019,3184985,19936,795079,8642400
1486,966,1056,3184019,19846,796135,8733500
1487,1014,981,3183005,19879,797116,8744100
1488,984,986,3182021,19877,798102,8811800
1489,985,998,3181036,19864,799100,8888900
1490,938,973,3180098,19829,800073,8642100
1491,913,1010,3179185,19732,801083,8689600
1492,975,966,3178210,19741,802049,8711900
1493,1003,982,3177207,19762,803031,8738300
1494,972,1012,3176235,19722,804043,8514300
1495,1031,941,3175204,19812,804984,8726500
1496,972,965,3174232,19819,805949,8560000
1497,962,1056,3173270,19725,807005,8480900
1498,971,937,3172299,19759,807942,8709400
1499,986,1000,3171313,19745,808942,8697000
1500,1002,971,3170311,19776,809913,9018800
1501,1017,967,3169294,19826,810880,8602800
1502,1047,1002,3168247,19871,811882,8747500
1503,1002,1003,3167245,19870,812885,8654300
1504,1011,970,3166234,19911,813855,8401100
1505,971,1055,3165263,19827,814910,8450400
1506,1026,1037,3164237,19816,815947,8751500
1507,1012,975,3163225,19853,816922,9133100
1508,976,992,3162249,19837,817914,8629200
1509,958,926,3161291,19869,818840,8786700
1510,1028,1054,3160263,19843,819894,8702100
1511,1006,1007,3159257,19842,820901,8824900
1512,1040,1019,3158217,19863,821920,8615800
1513,1049,971,3157168,19941,822891,8621400
1514,992,1026,3156176,19907,823917,8539400
1515,1049,1007,3155127,19949,824924,8587400
1516,1025,959,3154102,20015,825883,8543700
1517,1003,976,3153099,20042,826859,8522600
1518,1054,1010,3152045,20086,827869,8975800
1519,999,986,3151046,20099,828855,8877400
1520,1069,1031,3149977,20137,829886,8576500
1521,952,981,3149025,20108,830867,9093700
1522,955,952,3148070,20111,831819,8450200
1523,1024,980,3147046,20155,832799,8628200
1524,989,985,3146057,20159,833784,8626100
1525,971,987,3145086,20143,834771,8899600
1526,936,1073,3144150,20006,835844,8788300
1527,961,985,3143189,19982,836829,8691700
1528,1005,951,3142184,20036,837780,8984100
1529,985,988,3141199,20033,838768,8736400
1530,1026,1077,3140173,19982,839845,8742500
1531,1043,1027,3139130,19998,840872,9144300
1532,1037,941,3138093,20094,841813,8611000
1533,1019,1012,3137074,20101,842825,9231300
1534,986,985,3136088,20102,843810,9148600
1535,1023,1025,3135065,20100,844835,9947900
1536,991,1014,3134074,20077,845849,9330900
1537,987,1048,3133087,20016,846897,9214400
1538,980,1047,3132107,19949,847944,9764400
1539,1003,998,3131104,19954,848942,9569000
1540,1019,1026,3130085,19947,849968,9911800
1541,1036,971,3129049,20012,850939,10367300
1542,1034,1009,3128015,20037,851948,9896900
1543,1045,1019,3126970,20063,852967,9264600
1544,1092,986,3125878,20169,853953,9265600
1545,1007,994,3124871,20182,854947,9760600
1546,1080,1014,3123791,20248,855961,9766200
1547,1093,1038,3122698,20303,856999,9225600
1548,1075,988,3121623,20390,857987,9821400
1549,1044,979,3120579,20455,858966,9351300
1550,1014,1023,3119565,20446,859989,9237600
1551,1056,1023,3118509,20479,861012,9216500
1552,1028,1030,3117481,20477,862042,9389900
1553,1069,983,3116412,20563,863025,9221600
1554,1082,1090,3115330,20555,864115,8968200
1555,1030,987,3114300,20598,865102,9088700
1556,1119,1023,3113181,20694,866125,9190700
1557,1031,996,3112150,20729,867121,9720700
1558,1014,1037,3111136,20706,868158,8980900
1559,999,1007,3110137,20698,869165,9015900
1560,1020,1043,3109117,20675,870208,9308900
1561,1015,1067,3108102,20623,871275,8984000
1562,1079,1011,3107023,20691,872286,8936100
1563,1001,986,3106022,20706,873272,8986200
1564,1054,1049,3104968,20711,874321,9242800
1565,1046,1026,3103922,20731,875347,9111700
1566,1090,1104,3102832,20717,876451,9429800
1567,1047,1044,3101785,20720,877495,8977600
1568,1029,1052,3100756,20697,878547,8928500
1569,986,999,3099770,20684,879546,8952800
1570,1057,993,3098713,20748,880539,8874400
1571,1075,1074,3097638,20749,881613,8903400
1572,1019,1045,3096619,20723,882658,8724700
1573,1025,1029,3095594,20719,883687,8818300
1574,1064,1001,3094530,20782,884688,8906200
1575,1062,1043,3093468,20801,885731,8932300
1576,1021,1090,3092447,20732,886821,8633400
1577,1014,1062,3091433,20684,887883,8657600
1578,996,1015,3090437,20665,888898,9163300
1579,1040,1044,3089397,20661,889942,8843500
1580,1033,1002,3088364,20692,890944,8743700
1581,1066,1025,3087298,20733,891969,8772500
1582,1030,1090,3086268,20673,893059,8763800
1583,1093,1060,3085175,20706,894119,8635700
1584,1100,1015,3084075,20791,895134,8629600
1585,1009,1049,3083066,20751,896183,8580800
1586,1090,1021,3081976,20820,897204,8500200
1587,1078,1095,3080898,20803,898299,8596700
1588,1024,1033,3079874,20794,899332,8787400
1589,1060,1057,3078814,20797,900389,8489500
1590,1019,1087,3077795,20729,901476,8769800
1591,1053,1044,3076742,20738,902520,8611000
1592,1106,1138,3075636,20706,903658,8672000
1593,1031,1016,3074605,20721,904674,8531400
1594,1056,1042,3073549,20735,905716,8539700
1595,1041,990,3072508,20786,906706,8585900
1596,1052,1059,3071456,20779,907765,8648800
1597,1007,993,3070449,20793,908758,8600600
1598,1024,1040,3069425,20777,909798,8429000
1599,1026,1082,3068399,20721,910880,8486800
1600,1059,1086,3067340,20694,911966,8490300
1601,1033,1028,3066307,20699,912994,8438500
1602,1036,1034,3065271,20701,914028,8786000
1603,1049,1029,3064222,20721,915057,8573500
1604,1054,1044,3063168,20731,916101,9053600
1605,1044,1014,3062124,20761,917115,8593100
1606,1032,1013,3061092,20780,918128,8838400
1607,1039,1071,3060053,20748,919199,8647200
1608,1095,995,3058958,20848,920194,8664800
1609,1050,1047,3057908,20851,921241,8530600
1610,938,1012,3056970,20777,922253,8871300
1611,1047,1044,3055923,20780,923297,8454600
1612,1061,998,3054862,20843,924295,8505000
1613,1034,1022,3053828,20855,925317,8598900
1614,1039,1016,3052789,20878,926333,8757500
1615,1009,1074,3051780,20813,927407,8691400
1616,1029,1065,3050751,20777,928472,8776500
1617,990,1066,3049761,20701,929538,8636400
1618,998,1055,3048763,20644,930593,8593800
1619,1058,1069,3047705,20633,931662,8660000
1620,1056,1062,3046649,20627,932724,9066800
1621,1060,1035,3045589,20652,933759,8762500
1622,1016,1031,3044573,20637,934790,8650000
1623,1034,1070,3043539,20601,935860,8628400
1624,1036,1064,3042503,20573,936924,8642900
1625,1021,1052,3041482,20542,937976,8876200
1626,1054,1004,3040428,20592,938980,8701200
1627,995,1050,3039433,20537,940030,8604500
1628,1025,1024,3038408,20538,941054,8872500
1629,1042,1009,3037366,20571,942063,8702500
1630,1069,1050,3036297,20590,943113,8863900
1631,1011,1010,3035286,20591,944123,8672800
1632,1058,1095,3034228,20554,945218,8704700
1633,1054,993,3033174,20615,946211,8544500
1634,1057,1071,3032117,20601,947282,8436000
1635,1086,1012,3031031,20675,948294,8522200
1636,1038,973,3029993,20740,949267,8558000
1637,1073,1024,3028920,20789,950291,8935500
1638,1066,1063,3027854,20792,951354,8698800
1639,1079,1043,3026775,20828,952397,8743500
1640,1032,1079,3025743,20781,953476,9016900
1641,1130,1015,3024613,20896,954491,8558500
1642,1031,1023,3023582,20904,955514,9291800
1643,1046,1004,3022536,20946,956518,8766400
1644,1169,1018,3021367,21097,957536,8739600
1645,1103,1088,3020264,21112,958624,8868600
1646,1098,1052,3019166,21158,959676,8557600
1647,1109,1025,3018057,21242,960701,8883400
1648,1083,1052,3016974,21273,961753,8670000
1649,1141,1062,3015833,21352,962815,9105000
1650,1097,1051,3014736,21398,963866,9234900
1651,1125,1023,3013611,21500,964889,8947600
1652,1180,1064,3012431,21616,965953,8853600
1653,1094,1067,3011337,21643,967020,8842300
1654,1054,1056,3010283,21641,968076,8695000
1655,1131,1099,3009152,21673,969175,8961600
1656,1164,1095,3007988,21742,970270,8734200
1657,1100,1152,3006888,21690,971422,8833800
1658,1096,1069,3005792,21717,972491,8795200
1659,1111,1095,3004681,21733,973586,8844500
1660,1121,1101,3003560,21753,974687,8757100
1661,1130,1101,3002430,21782,975788,8856400
1662,1142,1136,3001288,21788,976924,8594400
1663,1071,1098,3000217,21761,978022,8589800
1664,1081,1101,2999136,21741,979123,8810600
1665,1129,1179,2998007,21691,980302,8885600
1666,1131,1016,2996876,21806,981318,8907200
1667,1111,1065,2995765,21852,982383,8622500
1668,1104,1110,2994661,21846,983493,9686700
1669,1107,1096,2993554,21857,984589,9191200
1670,1109,1063,2992445,21903,985652,8895100
1671,1145,1073,2991300,21975,986725,9012200
1672,1143,1114,2990157,22004,987839,8898600
1673,1093,1197,2989064,21900,989036,9034500
1674,1038,1122,2988026,21816,990158,9087700
1675,1079,1055,2986947,21840,991213,8931100
1676,1068,1069,2985879,21839,992282,9237000
1677,1098,1082,2984781,21855,993364,8860100
1678,1082,1045,2983699,21892,994409,8915300
1679,1088,1095,2982611,21885,995504,8992700
1680,1128,1115,2981483,21898,996619,8896700
1681,1116,1053,2980367,21961,997672,9085800
1682,1161,1085,2979206,22037,998757,8729700
1683,1138,1089,2978068,22086,999846,8761400
1684,1114,1118,2976954,22082,1000964,8663900
1685,1112,1082,2975842,22112,1002046,8721600
1686,1069,1147,2974773,22034,1003193,8687200
1687,1108,1091,2973665,22051,1004284,9576800
1688,1084,1071,2972581,22064,1005355,9304800
1689,1087,1100,2971494,22051,1006455,9044900
1690,1084,1103,2970410,22032,1007558,8684900
1691,1024,1096,2969386,21960,1008654,8509600
1692,1115,1062,2968271,22013,1009716,9009700
1693,1066,1104,2967205,21975,1010820,8973600
1694,1079,1107,2966126,21947,1011927,8804400
1695,1084,1103,2965042,21928,1013030,8663500
1696,1081,1098,2963961,21911,1014128,8580600
1697,1064,1032,2962897,21943,1015160,8442300
1698,1081,1067,2961816,21957,1016227,8526800
1699,1133,1141,2960683,21949,1017368,8755400
1700,1105,1102,2959578,21952,1018470,8767500
1701,1136,1066,2958442,22022,1019536,8658400
1702,1082,1058,2957360,22046,1020594,8732200
1703,1122,1059,2956238,22109,1021653,8793800
1704,1107,1044,2955131,22172,1022697,8723800
1705,1119,1098,2954012,22193,1023795,8649200
1706,1170,1100,2952842,22263,1024895,8802700
1707,1180,1086,2951662,22357,1025981,8941100
1708,1141,1096,2950521,22402,1027077,8572200
1709,1155,1133,2949366,22424,1028210,8591100
1710,1158,1122,2948208,22460,1029332,8616900
1711,1138,1109,2947070,22489,1030441,8549900
1712,1135,1120,2945935,22504,1031561,8597000
1713,1151,1179,2944784,22476,1032740,8698000
1714,1169,1054,2943615,22591,1033794,8716600
1715,1177,1134,2942438,22634,1034928,8697400
1716,1163,1139,2941275,22658,1036067,8670400
1717,1158,1131,2940117,22685,1037198,8977900
1718,1116,1164,2939001,22637,1038362,9083600
1719,1158,1109,2937843,22686,1039471,8889900
1720,1141,1153,2936702,22674,1040624,8574100
1721,1150,1131,2935552,22693,1041755,8649100
1722,1149,1157,2934403,22685,1042912,8810200
1723,1170,1106,2933233,22749,1044018,8621700
1724,1167,1128,2932066,22788,1045146,8644100
1725,1138,1150,2930928,22776,1046296,8816400
1726,1144,1145,2929784,22775,1047441,8598300
1727,1209,1144,2928575,22840,1048585,8797600
1728,1128,1057,2927447,22911,1049642,8456300
1729,1126,1196,2926321,22841,1050838,8578500
1730,1149,1123,2925172,22867,1051961,8997200
1731,1136,1165,2924036,22838,1053126,8621100
1732,1122,1161,2922914,22799,1054287,8726600
1733,1141,1187,2921773,22753,1055474,8594400
1734,1111,1186,2920662,22678,1056660,8603300
1735,1136,1159,2919526,22655,1057819,8854400
1736,1168,1154,2918358,22669,1058973,9094100
1737,1123,1127,2917235,22665,1060100,8648400
1738,1154,1178,2916081,22641,1061278,8637000
1739,1120,1125,2914961,22636,1062403,41288800
1740,1139,1148,2913822,22627,1063551,11124400
1741,1152,1120,2912670,22659,1064671,9518000
1742,1177,1066,2911493,22770,1065737,9570200
1743,1186,1108,2910307,22848,1066845,9271000
1744,1151,1164,2909156,22835,1068009,9168300
1745,1148,1171,2908008,22812,1069180,9379100
1746,1153,1110,2906855,22855,1070290,9189800
1747,1145,1125,2905710,22875,1071415,9084900
1748,1233,1141,2904477,22967,1072556,10780300
1749,1064,1126,2903413,22905,1073682,10882100
1750,1169,1145,2902244,22929,1074827,11567600
1751,1146,1154,2901098,22921,1075981,10048300
1752,1161,1135,2899937,22947,1077116,12967500
1753,1117,1100,2898820,22964,1078216,10987700
1754,1163,1164,2897657,22963,1079380,9612500
1755,1132,1136,2896525,22959,1080516,10327100
1756,1139,1116,2895386,22982,1081632,9059400
1757,1141,1146,2894245,22977,1082778,8789300
1758,1187,1218,2893058,22946,1083996,11234700
1759,1126,1124,2891932,22948,1085120,9227100
1760,1190,1173,2890742,22965,1086293,8691800
1761,1230,1155,2889512,23040,1087448,10811900
1762,1163,1160,2888349,23043,1088608,8697200
1763,1160,1203,2887189,23000,1089811,8901800
1764,1157,1135,2886032,23022,1090946,10067400
1765,1171,1103,2884861,23090,1092049,10158500
1766,1140,1181,2883721,23049,1093230,8936100
1767,1161,1156,2882560,23054,1094386,9035800
1768,1138,1186,2881422,23006,1095572,10622000
1769,1151,1154,2880271,23003,1096726,8608900
1770,1171,1123,2879100,23051,1097849,8619400
1771,1129,1104,2877971,23076,1098953,10690900
1772,1101,1177,2876870,23000,1100130,9189100
1773,1127,1125,2875743,23002,1101255,8520700
1774,1117,1106,2874626,23013,1102361,10598100
1775,1061,1089,2873565,22985,1103450,8487900
1776,1125,1228,2872440,22882,1104678,8826800
1777,1153,1141,2871287,22894,1105819,9976100
1778,1124,1126,2870163,22892,1106945,9756000
1779,1168,1122,2868995,22938,1108067,8775600
1780,1078,1171,2867917,22845,1109238,8659700
1781,1134,1174,2866783,22805,1110412,11026100
1782,1122,1117,2865661,22810,1111529,8753400
1783,1091,1106,2864570,22795,1112635,8635100
1784,1113,1179,2863457,22729,1113814,11423100
1785,1165,1148,2862292,22746,1114962,8698400
1786,1132,1167,2861160,22711,1116129,8552500
1787,1058,1092,2860102,22677,1117221,10148800
1788,1107,1177,2858995,22607,1118398,8512300
1789,1137,1129,2857858,22615,1119527,8518600
1790,1138,1136,2856720,22617,1120663,8614000
1791,1125,1120,2855595,22622,1121783,8838200
1792,1159,1105,2854436,22676,1122888,8873800
1793,1112,1147,2853324,22641,1124035,8779600
1794,1182,1074,2852142,22749,1125109,8617900
1795,1115,1121,2851027,22743,1126230,8798700
1796,1122,1088,2849905,22777,1127318,9014900
1797,1208,1175,2848697,22810,1128493,9221400
1798,1165,1138,2847532,22837,1129631,9183500
1799,1143,1197,2846389,22783,1130828,9126900
1800,1166,1149,2845223,22800,1131977,8977600
1801,1192,1149,2844031,22843,1133126,8955800
1802,1113,1131,2842918,22825,1134257,8924700
1803,1176,1090,2841742,22911,1135347,9196600
1804,1177,1123,2840565,22965,1136470,8600200
1805,1184,1175,2839381,22974,1137645,8722200
1806,1178,1170,2838203,22982,1138815,8976500
1807,1190,1204,2837013,22968,1140019,8713700
1808,1132,1137,2835881,22963,1141156,9027900
1809,1134,1160,2834747,22937,1142316,8637000
1810,1182,1147,2833565,22972,1143463,8778200
1811,1156,1161,2832409,22967,1144624,8784100
1812,1195,1165,2831214,22997,1145789,8679100
1813,1203,1137,2830011,23063,1146926,8666900
1814,1203,1102,2828808,23164,1148028,9030200
1815,1139,1179,2827669,23124,1149207,8870500
1816,1180,1186,2826489,23118,1150393,8809500
1817,1183,1144,2825306,23157,1151537,8898300
1818,1243,1133,2824063,23267,1152670,8649600
1819,1132,1137,2822931,23262,1153807,8666700
1820,1211,1136,2821720,23337,1154943,8851700
1821,1159,1161,2820561,23335,1156104,8979400
1822,1165,1150,2819396,23350,1157254,8623900
1823,1182,1200,2818214,23332,1158454,8524200
1824,1199,1178,2817015,23353,1159632,8634200
1825,1165,1175,2815850,23343,1160807,8603900
1826,1231,1186,2814619,23388,1161993,8621800
1827,1183,1151,2813436,23420,1163144,8519800
1828,1217,1138,2812219,23499,1164282,8484400
1829,1156,1175,2811063,23480,1165457,8904700
1830,1218,1166,2809845,23532,1166623,8524000
1831,1239,1113,2808606,23658,1167736,8820900
1832,1198,1163,2807408,23693,1168899,8822100
1833,1218,1201,2806190,23710,1170100,8560500
1834,1192,1166,2804998,23736,1171266,8491900
1835,1163,1148,2803835,23751,1172414,8735200
1836,1194,1209,2802641,23736,1173623,8977800
1837,1111,1176,2801530,23671,1174799,8704500
1838,1201,1174,2800329,23698,1175973,8956200
1839,1219,1107,2799110,23810,1177080,8569900
1840,1143,1206,2797967,23747,1178286,8598400
1841,1176,1149,2796791,23774,1179435,8622900
1842,1193,1128,2795598,23839,1180563,8528800
1843,1221,1226,2794377,23834,1181789,8544700
1844,1186,1171,2793191,23849,1182960,8797300
1845,1211,1189,2791980,23871,1184149,8693700
1846,1170,1180,2790810,23861,1185329,8667500
1847,1188,1203,2789622,23846,1186532,8817000
1848,1140,1217,2788482,23769,1187749,8666300
1849,1206,1169,2787276,23806,1188918,8691300
1850,1209,1174,2786067,23841,1190092,8723200
1851,1239,1163,2784828,23917,1191255,8554300
1852,1171,1153,2783657,23935,1192408,8622600
1853,1125,1203,2782532,23857,1193611,8585800
1854,1249,1199,2781283,23907,1194810,8580800
1855,1215,1134,2780068,23988,1195944,8726400
1856,1220,1199,2778848,24009,1197143,8600300
1857,1185,1187,2777663,24007,1198330,8657300
1858,1302,1216,2776361,24093,1199546,8746300
1859,1264,1238,2775097,24119,1200784,8691000
1860,1158,1161,2773939,24116,1201945,8995800
1861,1260,1223,2772679,24153,1203168,9012100
1862,1276,1190,2771403,24239,1204358,8848800
1863,1227,1161,2770176,24305,1205519,9058800
1864,1190,1219,2768986,24276,1206738,8593200
1865,1172,1204,2767814,24244,1207942,8699600
1866,1233,1235,2766581,24242,1209177,9146700
1867,1242,1168,2765339,24316,1210345,9843000
1868,1221,1219,2764118,24318,1211564,12480200
1869,1198,1200,2762920,24316,1212764,15136600
1870,1198,1206,2761722,24308,1213970,9412800
1871,1203,1218,2760519,24293,1215188,11020800
1872,1162,1184,2759357,24271,1216372,12960000
1873,1185,1195,2758172,24261,1217567,12353800
1874,1207,1260,2756965,24208,1218827,10054000
1875,1210,1192,2755755,24226,1220019,10995700
1876,1204,1226,2754551,24204,1221245,9985300
1877,1227,1249,2753324,24182,1222494,9824800
1878,1194,1219,2752130,24157,1223713,9745100
1879,1218,1217,2750912,24158,1224930,9825700
1880,1287,1164,2749625,24281,1226094,9507000
1881,1265,1248,2748360,24298,1227342,9537400
1882,1238,1179,2747122,24357,1228521,12184900
1883,1227,1266,2745895,24318,1229787,12405500
1884,1269,1189,2744626,24398,1230976,18346900
1885,1259,1278,2743367,24379,1232254,11159400
1886,1265,1237,2742102,24407,1233491,11708500
1887,1222,1213,2740880,24416,1234704,12463300
1888,1227,1222,2739653,24421,1235926,10494100
1889,1236,1170,2738417,24487,1237096,9776600
1890,1225,1145,2737192,24567,1238241,9761800
1891,1226,1231,2735966,24562,1239472,9851100
1892,1268,1214,2734698,24616,1240686,9867200
1893,1220,1205,2733478,24631,1241891,9260500
1894,1236,1238,2732242,24629,1243129,9539000
1895,1208,1199,2731034,24638,1244328,9110100
1896,1245,1283,2729789,24600,1245611,9609100
1897,1216,1240,2728573,24576,1246851,10968800
1898,1210,1268,2727363,24518,1248119,23410700
1899,1226,1214,2726137,24530,1249333,11063600
1900,1270,1192,2724867,24608,1250525,12163700
1901,1221,1236,2723646,24593,1251761,10843800
1902,1208,1184,2722438,24617,1252945,10487000
1903,1237,1272,2721201,24582,1254217,12126500
1904,1253,1252,2719948,24583,1255469,11802100
1905,1280,1204,2718668,24659,1256673,10858800
1906,1264,1205,2717404,24718,1257878,13135300
1907,1214,1141,2716190,24791,1259019,12103200
1908,1228,1191,2714962,24828,1260210,12923500
1909,1240,1253,2713722,24815,1261463,11835700
1910,1203,1218,2712519,24800,1262681,12581100
1911,1236,1225,2711283,24811,1263906,12403000
1912,1191,1232,2710092,24770,1265138,10188800
1913,1248,1255,2708844,24763,1266393,10573200
1914,1225,1265,2707619,24723,1267658,14620800
1915,1172,1217,2706447,24678,1268875,25194000
1916,1207,1206,2705240,24679,1270081,10795900
1917,1154,1255,2704086,24578,1271336,11752200
1918,1165,1229,2702921,24514,1272565,12121100
1919,1223,1197,2701698,24540,1273762,10528400
1920,1199,1288,2700499,24451,1275050,9656200
1921,1196,1254,2699303,24393,1276304,9610500
1922,1234,1173,2698069,24454,1277477,9010000
1923,1202,1197,2696867,24459,1278674,8864100
1924,1206,1218,2695661,24447,1279892,9036300
1925,1211,1227,2694450,24431,1281119,9035200
1926,1211,1218,2693239,24424,1282337,8964700
1927,1162,1219,2692077,24367,1283556,8723700
1928,1201,1203,2690876,24365,1284759,8859100
1929,1219,1242,2689657,24342,1286001,9029700
1930,1209,1166,2688448,24385,1287167,8933000
1931,1236,1190,2687212,24431,1288357,8864200
1932,1211,1208,2686001,24434,1289565,11391900
1933,1235,1192,2684766,24477,1290757,13483200
1934,1227,1237,2683539,24467,1291994,11223200
1935,1198,1212,2682341,24453,1293206,9282300
1936,1240,1209,2681101,24484,1294415,9640300
1937,1231,1220,2679870,24495,1295635,11259600
1938,1220,1279,2678650,24436,1296914,11463100
1939,1155,1246,2677495,24345,1298160,10280300
1940,1202,1157,2676293,24390,1299317,9450000
1941,1166,1283,2675127,24273,1300600,9094700
1942,1203,1273,2673924,24203,1301873,9172700
1943,1259,1151,2672665,24311,1303024,9009600
1944,1229,1264,2671436,24276,1304288,9524000
1945,1262,1201,2670174,24337,1305489,8952800
1946,1260,1235,2668914,24362,1306724,8946700
1947,1242,1210,2667672,24394,1307934,8660700
1948,1258,1246,2666414,24406,1309180,8559700
1949,1281,1232,2665133,24455,1310412,8985900
1950,1256,1298,2663877,24413,1311710,8549400
1951,1228,1284,2662649,24357,1312994,8728600
1952,1209,1236,2661440,24330,1314230,8770000
1953,1275,1200,2660165,24405,1315430,9964400
1954,1222,1231,2658943,24396,1316661,13099500
1955,1184,1190,2657759,24390,1317851,10865800
1956,1180,1213,2656579,24357,1319064,9117000
1957,1237,1243,2655342,24351,1320307,9857300
1958,1258,1216,2654084,24393,1321523,9878400
1959,1267,1194,2652817,24466,1322717,10361300
1960,1265,1263,2651552,24468,1323980,10312700
1961,1332,1250,2650220,24550,1325230,9349900
1962,1273,1208,2648947,24615,1326438,9133700
1963,1263,1328,2647684,24550,1327766,9175300
1964,1235,1151,2646449,24634,1328917,8824100
1965,1265,1311,2645184,24588,1330228,9031000
1966,1230,1218,2643954,24600,1331446,9062000
1967,1232,1238,2642722,24594,1332684,8812300
1968,1227,1144,2641495,24677,1333828,8842000
1969,1219,1215,2640276,24681,1335043,8809100
1970,1233,1268,2639043,24646,1336311,8878000
1971,1199,1232,2637844,24613,1337543,9171200
1972,1296,1282,2636548,24627,1338825,11696800
1973,1251,1172,2635297,24706,1339997,13819100
1974,1286,1267,2634011,24725,1341264,9151600
1975,1276,1251,2632735,24750,1342515,9332100
1976,1242,1234,2631493,24758,1343749,9611400
1977,1246,1262,2630247,24742,1345011,10641500
1978,1239,1243,2629008,24738,1346254,10238600
1979,1266,1249,2627742,24755,1347503,9205400
1980,1206,1226,2626536,24735,1348729,8873600
1981,1249,1246,2625287,24738,1349975,9174000
1982,1222,1239,2624065,24721,1351214,8959600
1983,1229,1190,2622836,24760,1352404,8850000
1984,1223,1239,2621613,24744,1353643,9002800
1985,1227,1261,2620386,24710,1354904,8836500
1986,1261,1174,2619125,24797,1356078,9100100
1987,1218,1271,2617907,24744,1357349,30792000
1988,1258,1272,2616649,24730,1358621,8897800
1989,1235,1273,2615414,24692,1359894,8881800
1990,1243,1266,2614171,24669,1361160,8662300
1991,1184,1184,2612987,24669,1362344,9024800
1992,1256,1244,2611731,24681,1363588,9256600
1993,1233,1259,2610498,24655,1364847,9404400
1994,1195,1217,2609303,24633,1366064,8945400
1995,1208,1255,2608095,24586,1367319,9021000
1996,1235,1295,2606860,24526,1368614,8864200
1997,1237,1202,2605623,24561,1369816,8859400
1998,1236,1259,2604387,24538,1371075,8994400
1999,1274,1265,2603113,24547,1372340,9350000
2000,1235,1200,2601878,24582,1373540,8814300
2001,1208,1232,2600670,24558,1374772,8792000
2002,1201,1248,2599469,24511,1376020,8810900
2003,1265,1294,2598204,24482,1377314,9123300
2004,1221,1201,2596983,24502,1378515,8922700
2005,1254,1213,2595729,24543,1379728,8689700
2006,1237,1261,2594492,24519,1380989,8846700
2007,1255,1220,2593237,24554,1382209,8891500
2008,1225,1266,2592012,24513,1383475,9223500
2009,1205,1205,2590807,24513,1384680,9207300
2010,1197,1249,2589610,24461,1385929,9052800
2011,1275,1236,2588335,24500,1387165,8902200
2012,1250,1240,2587085,24510,1388405,8703300
2013,1199,1310,2585886,24399,1389715,8896200
2014,1235,1185,2584651,24449,1390900,8809500
2015,1238,1230,2583413,24457,1392130,8844500
2016,1240,1247,2582173,24450,1393377,8708100
2017,1262,1197,2580911,24515,1394574,8823800
2018,1262,1216,2579649,24561,1395790,8837400
2019,1220,1252,2578429,24529,1397042,8629400
2020,1229,1249,2577200,24509,1398291,8792600
2021,1277,1212,2575923,24574,1399503,10943500
2022,1251,1211,2574672,24614,1400714,12706600
2023,1264,1223,2573408,24655,1401937,16401000
2024,1210,1213,2572198,24652,1403150,9863900
2025,1303,1191,2570895,24764,1404341,9993000
2026,1223,1274,2569672,24713,1405615,9334800
2027,1295,1218,2568377,24790,1406833,10092300
2028,1254,1195,2567123,24849,1408028,10040200
2029,1219,1178,2565904,24890,1409206,14161400
2030,1246,1307,2564658,24829,1410513,9446100
2031,1224,1253,2563434,24800,1411766,9415600
2032,1245,1144,2562189,24901,1412910,9637400
2033,1228,1248,2560961,24881,1414158,11482000
2034,1266,1228,2559695,24919,1415386,25378900
2035,1222,1253,2558473,24888,1416639,10023200
2036,1232,1268,2557241,24852,1417907,9965300
2037,1222,1207,2556019,24867,1419114,9811300
2038,1188,1221,2554831,24834,1420335,9399500
2039,1235,1282,2553596,24787,1421617,9600100
2040,1264,1243,2552332,24808,1422860,14972800
2041,1224,1217,2551108,24815,1424077,9534500
2042,1242,1232,2549866,24825,1425309,9470900
2043,1197,1255,2548669,24767,1426564,9493800
2044,1283,1262,2547386,24788,1427826,9518100
2045,1266,1278,2546120,24776,1429104,9070400
2046,1253,1199,2544867,24830,1430303,8870000
2047,1226,1293,2543641,24763,1431596,9070600
2048,1167,1269,2542474,24661,1432865,9266600
2049,1250,1229,2541224,24682,1434094,9324600
2050,1214,1172,2540010,24724,1435266,8832000
2051,1201,1280,2538809,24645,1436546,8968500
2052,1220,1246,2537589,24619,1437792,8957600
2053,1241,1259,2536348,24601,1439051,8867200
2054,1170,1274,2535178,24497,1440325,8763500
2055,1221,1276,2533957,24442,1441601,8802800
2056,1205,1160,2532752,24487,1442761,8729200
2057,1169,1269,2531583,24387,1444030,8902600
2058,1224,1243,2530359,24368,1445273,8798200
2059,1136,1221,2529223,24283,1446494,10074200
2060,1137,1184,2528086,24236,1447678,8911200
2061,1179,1207,2526907,24208,1448885,8818600
2062,1218,1163,2525689,24263,1450048,8876300
2063,1154,1151,2524535,24266,1451199,8764100
2064,1198,1215,2523337,24249,1452414,9489500
2065,1231,1223,2522106,24257,1453637,8786800
2066,1176,1228,2520930,24205,1454865,9523400
2067,1262,1162,2519668,24305,1456027,9064200
2068,1203,1230,2518465,24278,1457257,8878800
2069,1217,1222,2517248,24273,1458479,8746900
2070,1266,1234,2515982,24305,1459713,8810900
2071,1179,1234,2514803,24250,1460947,8849100
2072,1238,1204,2513565,24284,1462151,8734000
2073,1205,1219,2512360,24270,1463370,8650800
2074,1158,1248,2511202,24180,1464618,8803300
2075,1225,1227,2509977,24178,1465845,8900300
2076,1162,1245,2508815,24095,1467090,8711900
2077,1125,1179,2507690,24041,1468269,8886200
2078,1207,1188,2506483,24060,1469457,8619300
2079,1212,1261,2505271,24011,1470718,8878900
2080,1318,1148,2503953,24181,1471866,11610100
2081,1213,1185,2502740,24209,1473051,17209700
2082,1189,1204,2501551,24194,1474255,9943300
2083,1202,1199,2500349,24197,1475454,10011900
2084,1274,1255,2499075,24216,1476709,9485200
2085,1234,1198,2497841,24252,1477907,9474200
2086,1202,1207,2496639,24247,1479114,9461400
2087,1242,1219,2495397,24270,1480333,8943100
2088,1232,1197,2494165,24305,1481530,8911800
2089,1312,1175,2492853,24442,1482705,8808200
2090,1176,1217,2491677,24401,1483922,8806700
2091,1200,1203,2490477,24398,1485125,9248700
2092,1263,1223,2489214,24438,1486348,9019000
2093,1296,1233,2487918,24501,1487581,8738400
2094,1233,1218,2486685,24516,1488799,8985400
2095,1233,1205,2485452,24544,1490004,8748300
2096,1231,1134,2484221,24641,1491138,9533600
2097,1248,1172,2482973,24717,1492310,8798700
2098,1272,1233,2481701,24756,1493543,8945900
2099,1272,1285,2480429,24743,1494828,8746400
2100,1220,1158,2479209,24805,1495986,8840600
2101,1201,1218,2478008,24788,1497204,9499900
2102,1219,1226,2476789,24781,1498430,8776000
2103,1240,1271,2475549,24750,1499701,8993100
2104,1219,1238,2474330,24731,1500939,8710200
2105,1269,1255,2473061,24745,1502194,8911200
2106,1199,1264,2471862,24680,1503458,9145000
2107,1229,1209,2470633,24700,1504667,8763700
2108,1255,1269,2469378,24686,1505936,9072900
2109,1228,1219,2468150,24695,1507155,8701100
2110,1270,1185,2466880,24780,1508340,8727300
2111,1256,1263,2465624,24773,1509603,8864900
2112,1298,1204,2464326,24867,1510807,8790400
2113,1189,1184,2463137,24872,1511991,8654200
2114,1217,1235,2461920,24854,1513226,8640900
2115,1338,1286,2460582,24906,1514512,9020300
2116,1195,1274,2459387,24827,1515786,8856900
2117,1286,1252,2458101,24861,1517038,8771300
2118,1163,1322,2456938,24702,1518360,8953900
2119,1196,1256,2455742,24642,1519616,8821000
2120,1211,1231,2454531,24622,1520847,8620400
2121,1226,1246,2453305,24602,1522093,8804700
2122,1216,1279,2452089,24539,1523372,8772900
2123,1212,1222,2450877,24529,1524594,8755300
2124,1292,1196,2449585,24625,1525790,8799200
2125,1207,1207,2448378,24625,1526997,8716400
2126,1200,1244,2447178,24581,1528241,9154400
2127,1193,1275,2445985,24499,1529516,8910400
2128,1228,1222,2444757,24505,1530738,8824500
2129,1226,1238,2443531,24493,1531976,8792100
2130,1215,1188,2442316,24520,1533164,8654000
2131,1180,1193,2441136,24507,1534357,8904500
2132,1217,1210,2439919,24514,1535567,8830600
2133,1166,1207,2438753,24473,1536774,8844800
2134,1203,1210,2437550,24466,1537984,8963600
2135,1210,1212,2436340,24464,1539196,8938700
2136,1202,1249,2435138,24417,1540445,8672900
2137,1215,1280,2433923,24352,1541725,8810700
2138,1196,1228,2432727,24320,1542953,8907600
2139,1194,1263,2431533,24251,1544216,8619000
2140,1188,1205,2430345,24234,1545421,8897000
2141,1163,1262,2429182,24135,1546683,8800600
2142,1222,1178,2427960,24179,1547861,8968500
2143,1138,1240,2426822,24077,1549101,8841800
2144,1183,1192,2425639,24068,1550293,8774100
2145,1171,1197,2424468,24042,1551490,8930800
2146,1188,1234,2423280,23996,1552724,8594200
2147,1183,1252,2422097,23927,1553976,8651100
2148,1246,1157,2420851,24016,1555133,8684400
2149,1178,1190,2419673,24004,1556323,8862400
2150,1188,1170,2418485,24022,1557493,8635400
2151,1190,1236,2417295,23976,1558729,8740400
2152,1181,1223,2416114,23934,1559952,8736200
2153,1175,1262,2414939,23847,1561214,8657700
2154,1216,1221,2413723,23842,1562435,8589300
2155,1194,1176,2412529,23860,1563611,8584500
2156,1184,1193,2411345,23851,1564804,8889000
2157,1217,1128,2410128,23940,1565932,8559400
2158,1223,1196,2408905,23967,1567128,8582500
2159,1210,1216,2407695,23961,1568344,8633200
2160,1214,1237,2406481,23938,1569581,8750300
2161,1295,1166,2405186,24067,1570747,8727600
2162,1170,1175,2404016,24062,1571922,8706000
2163,1206,1168,2402810,24100,1573090,8721800
2164,1266,1173,2401544,24193,1574263,8771800
2165,1265,1210,2400279,24248,1575473,8657300
2166,1289,1164,2398990,24373,1576637,8743600
2167,1246,1214,2397744,24405,1577851,8891300
2168,1264,1181,2396480,24488,1579032,8717200
2169,1264,1195,2395216,24557,1580227,8790900
2170,1238,1214,2393978,24581,1581441,9075800
2171,1247,1189,2392731,24639,1582630,8808400
2172,1205,1218,2391526,24626,1583848,8960600
2173,1249,1252,2390277,24623,1585100,8712200
2174,1276,1183,2389001,24716,1586283,8719300
2175,1284,1202,2387717,24798,1587485,8615500
2176,1282,1227,2386435,24853,1588712,8707600
2177,1296,1208,2385139,24941,1589920,9211000
2178,1260,1270,2383879,24931,1591190,8769300
2179,1286,1268,2382593,24949,1592458,8999000
2180,1317,1267,2381276,24999,1593725,9145400
2181,1200,1262,2380076,24937,1594987,8779500
2182,1293,1201,2378783,25029,1596188,8705900
2183,1259,1212,2377524,25076,1597400,8929400
2184,1275,1242,2376249,25109,1598642,8783800
2185,1210,1312,2375039,25007,1599954,8702500
2186,1304,1307,2373735,25004,1601261,9090000
2187,1261,1257,2372474,25008,1602518,8929300
2188,1319,1267,2371155,25060,1603785,9039200
2189,1261,1200,2369894,25121,1604985,8826100
2190,1245,1198,2368649,25168,1606183,8777900
2191,1295,1234,2367354,25229,1607417,9618300
2192,1208,1218,2366146,25219,1608635,9866900
2193,1308,1231,2364838,25296,1609866,9918100
2194,1328,1292,2363510,25332,1611158,10596700
2195,1288,1203,2362222,25417,1612361,9576300
2196,1281,1293,2360941,25405,1613654,9368600
2197,1252,1270,2359689,25387,1614924,9148200
2198,1301,1311,2358388,25377,1616235,9231400
2199,1201,1280,2357187,25298,1617515,10066000
2200,1234,1167,2355953,25365,1618682,13401500
2201,1284,1311,2354669,25338,1619993,15881400
2202,1249,1267,2353420,25320,1621260,9807700
2203,1278,1289,2352142,25309,1622549,10898900
2204,1259,1305,2350883,25263,1623854,12202100
2205,1181,1273,2349702,25171,1625127,12971100
2206,1285,1254,2348417,25202,1626381,11234400
2207,1187,1238,2347230,25151,1627619,10712400
2208,1253,1284,2345977,25120,1628903,10201600
2209,1197,1259,2344780,25058,1630162,9859700
2210,1254,1307,2343526,25005,1631469,10309100
2211,1281,1293,2342245,24993,1632762,9797700
2212,1313,1172,2340932,25134,1633934,9765800
2213,1244,1238,2339688,25140,1635172,9647800
2214,1293,1306,2338395,25127,1636478,9639400
2215,1283,1315,2337112,25095,1637793,10110600
2216,1259,1232,2335853,25122,1639025,10683700
2217,1201,1204,2334652,25119,1640229,9623300
2218,1263,1282,2333389,25100,1641511,9626100
2219,1300,1249,2332089,25151,1642760,8878900
2220,1294,1327,2330795,25118,1644087,9467000
2221,1302,1264,2329493,25156,1645351,10130700
2222,1295,1330,2328198,25121,1646681,9936700
2223,1266,1295,2326932,25092,1647976,10064500
2224,1245,1276,2325687,25061,1649252,9119900
2225,1262,1248,2324425,25075,1650500,9199100
2226,1233,1297,2323192,25011,1651797,9219100
2227,1262,1263,2321930,25010,1653060,9208200
2228,1224,1232,2320706,25002,1654292,9293300
2229,1266,1262,2319440,25006,1655554,9183100
2230,1232,1241,2318208,24997,1656795,9174800
2231,1258,1264,2316950,24991,1658059,10339000
2232,1275,1210,2315675,25056,1659269,9296200
2233,1303,1281,2314372,25078,1660550,9540500
2234,1219,1214,2313153,25083,1661764,9771600
2235,1261,1192,2311892,25152,1662956,8990600
2236,1242,1227,2310650,25167,1664183,10808500
2237,1233,1222,2309417,25178,1665405,9562500
2238,1261,1202,2308156,25237,1666607,9494300
2239,1311,1273,2306845,25275,1667880,9282800
2240,1268,1306,2305577,25237,1669186,9221600
2241,1259,1255,2304318,25241,1670441,9653800
2242,1294,1196,2303024,25339,1671637,9517600
2243,1199,1304,2301825,25234,1672941,8941200
2244,1265,1224,2300560,25275,1674165,9126900
2245,1248,1272,2299312,25251,1675437,9377600
2246,1289,1240,2298023,25300,1676677,9099200
2247,1290,1248,2296733,25342,1677925,9111100
2248,1286,1346,2295447,25282,1679271,9090300
2249,1288,1191,2294159,25379,1680462,9275700
2250,1320,1273,2292839,25426,1681735,9189600
2251,1317,1261,2291522,25482,1682996,9769200
2252,1285,1287,2290237,25480,1684283,13663300
2253,1314,1325,2288923,25469,1685608,11288800
2254,1353,1281,2287570,25541,1686889,17436100
2255,1261,1238,2286309,25564,1688127,10450300
2256,1309,1327,2285000,25546,1689454,10180700
2257,1261,1215,2283739,25592,1690669,10370800
2258,1289,1264,2282450,25617,1691933,9626200
2259,1286,1291,2281164,25612,1693224,12975200
2260,1261,1330,2279903,25543,1694554,9359500
2261,1277,1252,2278626,25568,1695806,8900900
2262,1224,1359,2277402,25433,1697165,8830800
2263,1216,1322,2276186,25327,1698487,8784300
2264,1246,1227,2274940,25346,1699714,8902000
2265,1264,1272,2273676,25338,1700986,8810300
2266,1216,1291,2272460,25263,1702277,8807000
2267,1277,1320,2271183,25220,1703597,8773300
2268,1244,1260,2269939,25204,1704857,8741000
2269,1277,1284,2268662,25197,1706141,9114700
2270,1222,1238,2267440,25181,1707379,8701900
2271,1280,1280,2266160,25181,1708659,8799900
2272,1267,1247,2264893,25201,1709906,8833600
2273,1236,1241,2263657,25196,1711147,9233100
2274,1214,1270,2262443,25140,1712417,8998400
2275,1308,1263,2261135,25185,1713680,8925200
2276,1277,1204,2259858,25258,1714884,8906800
2277,1215,1271,2258643,25202,1716155,8614600
2278,1243,1256,2257400,25189,1717411,8674100
2279,1265,1286,2256135,25168,1718697,8805800
2280,1254,1232,2254881,25190,1719929,8860600
2281,1274,1193,2253607,25271,1721122,8832600
2282,1229,1278,2252378,25222,1722400,8953900
2283,1257,1217,2251121,25262,1723617,8685200
2284,1273,1250,2249848,25285,1724867,8779100
2285,1281,1174,2248567,25392,1726041,8602000
2286,1306,1349,2247261,25349,1727390,8676300
2287,1257,1277,2246004,25329,1728667,8850000
2288,1263,1249,2244741,25343,1729916,8856200
2289,1275,1235,2243466,25383,1731151,9000900
2290,1244,1268,2242222,25359,1732419,8743700
2291,1311,1328,2240911,25342,1733747,8878800
2292,1243,1267,2239668,25318,1735014,8670100
2293,1255,1203,2238413,25370,1736217,8740200
2294,1196,1247,2237217,25319,1737464,8853200
2295,1284,1254,2235933,25349,1738718,8654300
2296,1258,1276,2234675,25331,1739994,8939500
2297,1222,1268,2233453,25285,1741262,9301700
2298,1256,1253,2232197,25288,1742515,8693500
2299,1264,1318,2230933,25234,1743833,9057800
2300,1262,1303,2229671,25193,1745136,8773300
2301,1210,1253,2228461,25150,1746389,8696200
2302,1243,1270,2227218,25123,1747659,9096900
2303,1285,1247,2225933,25161,1748906,9699100
2304,1199,1306,2224734,25054,1750212,10176300
2305,1242,1212,2223492,25084,1751424,9715400
2306,1227,1257,2222265,25054,1752681,9385300
2307,1222,1258,2221043,25018,1753939,9050300
2308,1235,1289,2219808,24964,1755228,9168100
2309,1271,1258,2218537,24977,1756486,10273300
2310,1233,1263,2217304,24947,1757749,9044600
2311,1234,1238,2216070,24943,1758987,9388000
2312,1212,1253,2214858,24902,1760240,9209900
2313,1260,1235,2213598,24927,1761475,9277600
2314,1219,1266,2212379,24880,1762741,9450800
2315,1252,1165,2211127,24967,1763906,9285100
2316,1228,1243,2209899,24952,1765149,9743000
2317,1242,1194,2208657,25000,1766343,8932100
2318,1216,1302,2207441,24914,1767645,9032800
2319,1248,1217,2206193,24945,1768862,9401300
2320,1268,1265,2204925,24948,1770127,8928600
2321,1280,1274,2203645,24954,1771401,9990000
2322,1307,1285,2202338,24976,1772686,9436400
2323,1225,1277,2201113,24924,1773963,9711100
2324,1278,1258,2199835,24944,1775221,10263400
2325,1253,1300,2198582,24897,1776521,10488900
2326,1231,1281,2197351,24847,1777802,10003200
2327,1219,1283,2196132,24783,1779085,9684900
2328,1222,1206,2194910,24799,1780291,9917900
2329,1229,1253,2193681,24775,1781544,9996400
2330,1281,1230,2192400,24826,1782774,10490200
2331,1278,1238,2191122,24866,1784012,9672900
2332,1223,1237,2189899,24852,1785249,9566600
2333,1297,1268,2188602,24881,1786517,10198600
2334,1263,1232,2187339,24912,1787749,10448100
2335,1276,1205,2186063,24983,1788954,10146700
2336,1248,1247,2184815,24984,1790201,9722000
2337,1200,1184,2183615,25000,1791385,10680800
2338,1189,1230,2182426,24959,1792615,10639400
2339,1231,1245,2181195,24945,1793860,10425900
2340,1196,1256,2179999,24885,1795116,10027000
2341,1203,1285,2178796,24803,1796401,9954400
2342,1201,1297,2177595,24707,1797698,10081400
2343,1227,1243,2176368,24691,1798941,10151600
2344,1188,1247,2175180,24632,1800188,10369700
2345,1178,1248,2174002,24562,1801436,10959500
2346,1246,1245,2172756,24563,1802681,9930000
2347,1216,1289,2171540,24490,1803970,10347600
2348,1208,1226,2170332,24472,1805196,10556400
2349,1217,1174,2169115,24515,1806370,10388400
2350,1200,1238,2167915,24477,1807608,11768900
2351,1127,1216,2166788,24388,1808824,10524200
2352,1196,1228,2165592,24356,1810052,10280000
2353,1158,1156,2164434,24358,1811208,12588100
2354,1277,1238,2163157,24397,1812446,11316400
2355,1182,1202,2161975,24377,1813648,10333500
2356,1188,1254,2160787,24311,1814902,10116600
2357,1170,1238,2159617,24243,1816140,10346800
2358,1156,1212,2158461,24187,1817352,11565300
2359,1148,1177,2157313,24158,1818529,11025400
2360,1195,1224,2156118,24129,1819753,12706500
2361,1210,1228,2154908,24111,1820981,10296900
2362,1287,1129,2153621,24269,1822110,13077900
2363,1183,1222,2152438,24230,1823332,12873200
2364,1197,1246,2151241,24181,1824578,11324500
2365,1236,1218,2150005,24199,1825796,10553300
2366,1244,1239,2148761,24204,1827035,9988800
2367,1210,1291,2147551,24123,1828326,9462000
2368,1224,1218,2146327,24129,1829544,9581800
2369,1235,1175,2145092,24189,1830719,9088000
2370,1220,1184,2143872,24225,1831903,9509000
2371,1200,1201,2142672,24224,1833104,9203600
2372,1167,1170,2141505,24221,1834274,9155300
2373,1225,1162,2140280,24284,1835436,9153100
2374,1205,1182,2139075,24307,1836618,9390900
2375,1221,1204,2137854,24324,1837822,9903500
2376,1182,1210,2136672,24296,1839032,17916400
2377,1215,1197,2135457,24314,1840229,10909900
2378,1201,1249,2134256,24266,1841478,10352800
2379,1246,1245,2133010,24267,1842723,10723900
2380,1225,1188,2131785,24304,1843911,10387600
2381,1196,1239,2130589,24261,1845150,10536600
2382,1179,1220,2129410,24220,1846370,9924200
2383,1208,1143,2128202,24285,1847513,10195900
2384,1134,1222,2127068,24197,1848735,9704000
2385,1158,1181,2125910,24174,1849916,9928600
2386,1130,1170,2124780,24134,1851086,10029900
2387,1228,1197,2123552,24165,1852283,10605300
2388,1186,1288,2122366,24063,1853571,9735400
2389,1126,1209,2121240,23980,1854780,9633200
2390,1224,1263,2120016,23941,1856043,9192200
2391,1173,1194,2118843,23920,1857237,9238300
2392,1130,1153,2117713,23897,1858390,9064100
2393,1208,1233,2116505,23872,1859623,9141500
2394,1234,1202,2115271,23904,1860825,9671900
2395,1200,1129,2114071,23975,1861954,9221500
2396,1241,1241,2112830,23975,1863195,9435400
2397,1174,1221,2111656,23928,1864416,9177800
2398,1175,1201,2110481,23902,1865617,9625500
2399,1141,1153,2109340,23890,1866770,9448100
2400,1183,1156,2108157,23917,1867926,9211300
2401,1160,1189,2106997,23888,1869115,9464900
2402,1177,1198,2105820,23867,1870313,9475400
2403,1142,1193,2104678,23816,1871506,9115200
2404,1237,1213,2103441,23840,1872719,8989000
2405,1166,1179,2102275,23827,1873898,9066200
2406,1217,1136,2101058,23908,1875034,8676200
2407,1186,1211,2099872,23883,1876245,8675200
2408,1127,1235,2098745,23775,1877480,9076700
2409,1215,1165,2097530,23825,1878645,8983600
2410,1207,1191,2096323,23841,1879836,9651200
2411,1197,1183,2095126,23855,1881019,8830400
2412,1209,1203,2093917,23861,1882222,9202000
2413,1202,1173,2092715,23890,1883395,9436100
2414,1296,1211,2091419,23975,1884606,8906100
2415,1272,1205,2090147,24042,1885811,9141000
2416,1262,1191,2088885,24113,1887002,8774300
2417,1236,1193,2087649,24156,1888195,9232300
2418,1205,1241,2086444,24120,1889436,8956700
2419,1209,1184,2085235,24145,1890620,8844400
2420,1244,1214,2083991,24175,1891834,8855300
2421,1222,1146,2082769,24251,1892980,8724300
2422,1235,1140,2081534,24346,1894120,8990600
2423,1283,1205,2080251,24424,1895325,8886500
2424,1305,1191,2078946,24538,1896516,8991300
2425,1227,1223,2077719,24542,1897739,8904600
2426,1214,1233,2076505,24523,1898972,8994700
2427,1284,1266,2075221,24541,1900238,9224800
2428,1262,1226,2073959,24577,1901464,9051800
2429,1302,1196,2072657,24683,1902660,8911100
2430,1279,1240,2071378,24722,1903900,8857000
2431,1226,1272,2070152,24676,1905172,8893400
2432,1229,1206,2068923,24699,1906378,9312100
2433,1197,1233,2067726,24663,1907611,8906800
2434,1236,1279,2066490,24620,1908890,8811900
2435,1164,1233,2065326,24551,1910123,8763200
2436,1233,1160,2064093,24624,1911283,8799200
2437,1199,1212,2062894,24611,1912495,8766000
2438,1254,1260,2061640,24605,1913755,8795100
2439,1235,1195,2060405,24645,1914950,9139600
2440,1214,1302,2059191,24557,1916252,8840700
2441,1267,1247,2057924,24577,1917499,8820900
2442,1222,1196,2056702,24603,1918695,8970800
2443,1270,1259,2055432,24614,1919954,9070300
2444,1247,1232,2054185,24629,1921186,8896400
2445,1251,1268,2052934,24612,1922454,9049600
2446,1276,1266,2051658,24622,1923720,8887700
2447,1220,1207,2050438,24635,1924927,9035700
2448,1194,1280,2049244,24549,1926207,8944400
2449,1250,1173,2047994,24626,1927380,8748800
2450,1154,1187,2046840,24593,1928567,8930900
2451,1199,1189,2045641,24603,1929756,8775000
2452,1223,1207,2044418,24619,1930963,8923800
2453,1248,1191,2043170,24676,1932154,9338300
2454,1198,1226,2041972,24648,1933380,9048800
2455,1188,1283,2040784,24553,1934663,8921700
2456,1220,1296,2039564,24477,1935959,8914500
2457,1186,1217,2038378,24446,1937176,9008000
2458,1255,1179,2037123,24522,1938355,8901100
2459,1144,1248,2035979,24418,1939603,9037000
2460,1171,1168,2034808,24421,1940771,9083400
2461,1191,1168,2033617,24444,1941939,9021800
2462,1250,1229,2032367,24465,1943168,9417400
2463,1196,1199,2031171,24462,1944367,9267200
2464,1239,1250,2029932,24451,1945617,9134300
2465,1281,1215,2028651,24517,1946832,9292900
2466,1204,1182,2027447,24539,1948014,8861100
2467,1203,1270,2026244,24472,1949284,8918200
2468,1233,1200,2025011,24505,1950484,8867100
2469,1180,1221,2023831,24464,1951705,9890200
2470,1216,1302,2022615,24378,1953007,10455600
2471,1178,1179,2021437,24377,1954186,9860000
2472,1206,1232,2020231,24351,1955418,9312700
2473,1199,1316,2019032,24234,1956734,10061300
2474,1191,1252,2017841,24173,1957986,9761000
2475,1159,1161,2016682,24171,1959147,9538600
2476,1233,1153,2015449,24251,1960300,9058900
2477,1210,1228,2014239,24233,1961528,9107200
2478,1240,1250,2012999,24223,1962778,8906900
2479,1185,1195,2011814,24213,1963973,9102200
2480,1161,1256,2010653,24118,1965229,8947000
2481,1183,1184,2009470,24117,1966413,9191100
2482,1179,1204,2008291,24092,1967617,9434100
2483,1231,1196,2007060,24127,1968813,9510600
2484,1230,1182,2005830,24175,1969995,9109900
2485,1289,1197,2004541,24267,1971192,8921100
2486,1211,1157,2003330,24321,1972349,8720700
2487,1191,1227,2002139,24285,1973576,8768700
2488,1208,1238,2000931,24255,1974814,10129000
2489,1227,1168,1999704,24314,1975982,8872400
2490,1263,1218,1998441,24359,1977200,9061500
2491,1190,1208,1997251,24341,1978408,8888900
2492,1275,1233,1995976,24383,1979641,8931800
2493,1242,1244,1994734,24381,1980885,8776000
2494,1306,1300,1993428,24387,1982185,9035000
2495,1205,1218,1992223,24374,1983403,8874800
2496,1255,1163,1990968,24466,1984566,8805800
2497,1256,1195,1989712,24527,1985761,9107100
2498,1234,1284,1988478,24477,1987045,9152900
2499,1224,1194,1987254,24507,1988239,9124100
2500,1221,1278,1986033,24450,1989517,8878700
2501,1211,1204,1984822,24457,1990721,8990400
2502,1195,1339,1983627,24313,1992060,9211500
2503,1193,1220,1982434,24286,1993280,8954500
2504,1214,1190,1981220,24310,1994470,9235500
2505,1229,1189,1979991,24350,1995659,9056000
2506,1247,1186,1978744,24411,1996845,9091000
2507,1175,1200,1977569,24386,1998045,9001900
2508,1217,1239,1976352,24364,1999284,8821100
2509,1142,1249,1975210,24257,2000533,9313600
2510,1263,1252,1973947,24268,2001785,8964300
2511,1200,1238,1972747,24230,2003023,8824900
2512,1212,1219,1971535,24223,2004242,9472800
2513,1160,1205,1970375,24178,2005447,8886100
2514,1166,1207,1969209,24137,2006654,8940700
2515,1202,1169,1968007,24170,2007823,8909700
2516,1173,1194,1966834,24149,2009017,8889300
2517,1236,1212,1965598,24173,2010229,8924600
2518,1233,1208,1964365,24198,2011437,8900400
2519,1260,1283,1963105,24175,2012720,9172700
2520,1200,1182,1961905,24193,2013902,9530300
2521,1203,1236,1960702,24160,2015138,9612700
2522,1224,1182,1959478,24202,2016320,9020300
2523,1226,1199,1958252,24229,2017519,9175500
2524,1195,1215,1957057,24209,2018734,8950100
2525,1235,1161,1955822,24283,2019895,8930700
2526,1221,1247,1954601,24257,2021142,8912200
2527,1193,1132,1953408,24318,2022274,8820900
2528,1250,1216,1952158,24352,2023490,8888300
2529,1167,1237,1950991,24282,2024727,8848000
2530,1221,1243,1949770,24260,2025970,9013500
2531,1238,1209,1948532,24289,2027179,9189200
2532,1217,1194,1947315,24312,2028373,8969500
2533,1210,1303,1946105,24219,2029676,8958800
2534,1173,1162,1944932,24230,2030838,9669300
2535,1241,1241,1943691,24230,2032079,9498800
2536,1200,1171,1942491,24259,2033250,9461000
2537,1196,1260,1941295,24195,2034510,9346600
2538,1231,1171,1940064,24255,2035681,9034900
2539,1223,1180,1938841,24298,2036861,8927100
2540,1214,1252,1937627,24260,2038113,9295900
2541,1182,1226,1936445,24216,2039339,9326200
2542,1245,1176,1935200,24285,2040515,9003400
2543,1200,1226,1934000,24259,2041741,8988300
2544,1242,1228,1932758,24273,2042969,9310200
2545,1198,1183,1931560,24288,2044152,9294900
2546,1230,1193,1930330,24325,2045345,8890700
2547,1189,1202,1929141,24312,2046547,9121100
2548,1195,1206,1927946,24301,2047753,9708100
2549,1228,1203,1926718,24326,2048956,9049300
2550,1165,1238,1925553,24253,2050194,8888200
2551,1242,1195,1924311,24300,2051389,8878800
2552,1167,1178,1923144,24289,2052567,8890800
2553,1147,1256,1921997,24180,2053823,8890200
2554,1218,1190,1920779,24208,2055013,8796200
2555,1229,1204,1919550,24233,2056217,8971300
2556,1185,1227,1918365,24191,2057444,8895100
2557,1134,1216,1917231,24109,2058660,9156300
2558,1227,1227,1916004,24109,2059887,8905100
2559,1227,1186,1914777,24150,2061073,8903700
2560,1146,1250,1913631,24046,2062323,8862200
2561,1172,1267,1912459,23951,2063590,8760600
2562,1139,1229,1911320,23861,2064819,8893500
2563,1123,1235,1910197,23749,2066054,8892600
2564,1198,1227,1908999,23720,2067281,8972900
2565,1214,1183,1907785,23751,2068464,8705800
2566,1159,1132,1906626,23778,2069596,8808600
2567,1168,1157,1905458,23789,2070753,9049600
2568,1155,1230,1904303,23714,2071983,8789800
2569,1169,1168,1903134,23715,2073151,8817600
2570,1153,1177,1901981,23691,2074328,8863500
2571,1151,1148,1900830,23694,2075476,8937900
2572,1159,1208,1899671,23645,2076684,8915400
2573,1132,1188,1898539,23589,2077872,9036700
2574,1162,1156,1897377,23595,2079028,9269900
2575,1180,1174,1896197,23601,2080202,8833600
2576,1191,1151,1895006,23641,2081353,9034300
2577,1167,1191,1893839,23617,2082544,9328300
2578,1175,1238,1892664,23554,2083782,9311700
2579,1227,1168,1891437,23613,2084950,8724900
2580,1231,1215,1890206,23629,2086165,8831100
2581,1140,1150,1889066,23619,2087315,9140400
2582,1169,1212,1887897,23576,2088527,8815100
2583,1159,1208,1886738,23527,2089735,8857100
2584,1179,1157,1885559,23549,2090892,8746900
2585,1181,1212,1884378,23518,2092104,8817200
2586,1188,1171,1883190,23535,2093275,8906400
2587,1192,1126,1881998,23601,2094401,8791600
2588,1205,1224,1880793,23582,2095625,8899600
2589,1160,1149,1879633,23593,2096774,8861500
2590,1128,1189,1878505,23532,2097963,8881400
2591,1146,1217,1877359,23461,2099180,8672900
2592,1114,1156,1876245,23419,2100336,8808900
2593,1162,1191,1875083,23390,2101527,9204000
2594,1192,1183,1873891,23399,2102710,9418600
2595,1126,1085,1872765,23440,2103795,8877700
2596,1132,1166,1871633,23406,2104961,9004800
2597,1162,1189,1870471,23379,2106150,9077200
2598,1160,1176,1869311,23363,2107326,9066400
2599,1126,1159,1868185,23330,2108485,9010400
2600,1183,1217,1867002,23296,2109702,9759800
2601,1183,1200,1865819,23279,2110902,9196900
2602,1163,1089,1864656,23353,2111991,9128500
2603,1193,1189,1863463,23357,2113180,8998000
2604,1151,1164,1862312,23344,2114344,8966800
2605,1203,1252,1861109,23295,2115596,9068800
2606,1175,1111,1859934,23359,2116707,8858600
2607,1223,1173,1858711,23409,2117880,9215300
2608,1149,1199,1857562,23359,2119079,9451500
2609,1202,1227,1856360,23334,2120306,9176400
2610,1197,1149,1855163,23382,2121455,9199600
2611,1171,1252,1853992,23301,2122707,9016400
2612,1181,1110,1852811,23372,2123817,9120700
2613,1135,1113,1851676,23394,2124930,10059100
2614,1154,1185,1850522,23363,2126115,9205600
2615,1162,1263,1849360,23262,2127378,9036700
2616,1180,1134,1848180,23308,2128512,8921400
2617,1167,1126,1847013,23349,2129638,8944300
2618,1122,1121,1845891,23350,2130759,8916500
2619,1141,1205,1844750,23286,2131964,9135700
2620,1220,1102,1843530,23404,2133066,9200000
2621,1161,1113,1842369,23452,2134179,8970400
2622,1217,1155,1841152,23514,2135334,8820100
2623,1214,1172,1839938,23556,2136506,8918600
2624,1198,1135,1838740,23619,2137641,9357000
2625,1158,1237,1837582,23540,2138878,8835200
2626,1161,1199,1836421,23502,2140077,8969500
2627,1149,1183,1835272,23468,2141260,8810700
2628,1154,1144,1834118,23478,2142404,8859000
2629,1156,1107,1832962,23527,2143511,8927300
2630,1131,1183,1831831,23475,2144694,9083500
2631,1184,1118,1830647,23541,2145812,9039900
2632,1177,1234,1829470,23484,2147046,8921100
2633,1125,1136,1828345,23473,2148182,9232100
2634,1167,1216,1827178,23424,2149398,8870900
2635,1167,1182,1826011,23409,2150580,8983200
2636,1177,1181,1824834,23405,2151761,9102000
2637,1134,1098,1823700,23441,2152859,8924400
2638,1109,1157,1822591,23393,2154016,9022300
2639,1102,1207,1821489,23288,2155223,9174200
2640,1102,1187,1820387,23203,2156410,9481200
2641,1143,1154,1819244,23192,2157564,9201700
2642,1135,1090,1818109,23237,2158654,8849700
2643,1085,1178,1817024,23144,2159832,8912400
2644,1113,1190,1815911,23067,2161022,8808200
2645,1161,1188,1814750,23040,2162210,9125600
2646,1111,1133,1813639,23018,2163343,9286200
2647,1086,1216,1812553,22888,2164559,9118600
2648,1138,1148,1811415,22878,2165707,9079700
2649,1157,1133,1810258,22902,2166840,9121900
2650,1124,1153,1809134,22873,2167993,9801400
2651,1158,1080,1807976,22951,2169073,9243300
2652,1189,1161,1806787,22979,2170234,9166100
2653,1166,1181,1805621,22964,2171415,9112500
2654,1100,1105,1804521,22959,2172520,9287600
2655,1147,1189,1803374,22917,2173709,8877000
2656,1077,1153,1802297,22841,2174862,8736300
2657,1161,1108,1801136,22894,2175970,8874900
2658,1191,1140,1799945,22945,2177110,8799800
2659,1161,1138,1798784,22968,2178248,8970200
2660,1193,1133,1797591,23028,2179381,9159700
2661,1119,1139,1796472,23008,2180520,9137500
2662,1150,1144,1795322,23014,2181664,8871300
2663,1185,1172,1794137,23027,2182836,8915200
2664,1214,1215,1792923,23026,2184051,8888000
2665,1183,1206,1791740,23003,2185257,8755000
2666,1141,1143,1790599,23001,2186400,9519700
2667,1175,1166,1789424,23010,2187566,9239700
2668,1175,1151,1788249,23034,2188717,8992000
2669,1141,1116,1787108,23059,2189833,8814200
2670,1237,1147,1785871,23149,2190980,8942900
2671,1186,1097,1784685,23238,2192077,8926500
2672,1156,1204,1783529,23190,2193281,8897300
2673,1201,1115,1782328,23276,2194396,8954200
2674,1169,1142,1781159,23303,2195538,9098700
2675,1200,1146,1779959,23357,2196684,9094800
2676,1185,1126,1778774,23416,2197810,9140800
2677,1193,1162,1777581,23447,2198972,8904500
2678,1149,1130,1776432,23466,2200102,8893200
2679,1180,1167,1775252,23479,2201269,8801600
2680,1135,1106,1774117,23508,2202375,8788300
2681,1191,1186,1772926,23513,2203561,9286800
2682,1152,1137,1771774,23528,2204698,9000100
2683,1185,1215,1770589,23498,2205913,8858000
2684,1147,1212,1769442,23433,2207125,9900500
2685,1175,1164,1768267,23444,2208289,9004700
2686,1148,1148,1767119,23444,2209437,9468900
2687,1179,1138,1765940,23485,2210575,9600500
2688,1136,1162,1764804,23459,2211737,9609000
2689,1103,1190,1763701,23372,2212927,9128600
2690,1169,1130,1762532,23411,2214057,9003700
2691,1145,1167,1761387,23389,2215224,9296200
2692,1169,1221,1760218,23337,2216445,9362100
2693,1216,1210,1759002,23343,2217655,8943000
2694,1142,1173,1757860,23312,2218828,8830900
2695,1143,1186,1756717,23269,2220014,9125500
2696,1145,1200,1755572,23214,2221214,9607200
2697,1213,1117,1754359,23310,2222331,9078900
2698,1201,1181,1753158,23330,2223512,8951800
2699,1139,1178,1752019,23291,2224690,9036200
2700,1156,1152,1750863,23295,2225842,9439800
2701,1087,1109,1749776,23273,2226951,9323300
2702,1125,1155,1748651,23243,2228106,9089600
2703,1106,1210,1747545,23139,2229316,9379800
2704,1163,1230,1746382,23072,2230546,9527400
2705,1136,1149,1745246,23059,2231695,9119700
2706,1159,1218,1744087,23000,2232913,9267300
2707,1211,1132,1742876,23079,2234045,8798700
2708,1162,1219,1741714,23022,2235264,8973700
2709,1156,1135,1740558,23043,2236399,9406800
2710,1165,1152,1739393,23056,2237551,8957300
2711,1135,1119,1738258,23072,2238670,8787800
2712,1180,1224,1737078,23028,2239894,8866100
2713,1165,1162,1735913,23031,2241056,8808400
2714,1130,1121,1734783,23040,2242177,8911400
2715,1163,1103,1733620,23100,2243280,9106300
2716,1157,1174,1732463,23083,2244454,9135500
2717,1230,1160,1731233,23153,2245614,9697000
2718,1147,1115,1730086,23185,2246729,10753900
2719,1177,1145,1728909,23217,2247874,11250400
2720,1111,1162,1727798,23166,2249036,15441600
2721,1155,1103,1726643,23218,2250139,21157900
2722,1178,1158,1725465,23238,2251297,10302800
2723,1147,1180,1724318,23205,2252477,10685000
2724,1165,1159,1723153,23211,2253636,11032500
2725,1091,1122,1722062,23180,2254758,10527200
2726,1178,1174,1720884,23184,2255932,10299400
2727,1161,1145,1719723,23200,2257077,12451700
2728,1135,1174,1718588,23161,2258251,13186500
2729,1188,1096,1717400,23253,2259347,10443200
2730,1108,1163,1716292,23198,2260510,10318100
2731,1133,1136,1715159,23195,2261646,9616700
2732,1099,1125,1714060,23169,2262771,9121800
2733,1103,1155,1712957,23117,2263926,9272300
2734,1197,1157,1711760,23157,2265083,9286800
2735,1151,1147,1710609,23161,2266230,9378900
2736,1118,1114,1709491,23165,2267344,9807100
2737,1130,1160,1708361,23135,2268504,9588900
2738,1081,1118,1707280,23098,2269622,9583400
2739,1160,1164,1706120,23094,2270786,9510500
2740,1186,1145,1704934,23135,2271931,9224700
2741,1130,1168,1703804,23097,2273099,9274600
2742,1130,1154,1702674,23073,2274253,9136700
2743,1155,1107,1701519,23121,2275360,9421400
2744,1107,1169,1700412,23059,2276529,9104400
2745,1107,1118,1699305,23048,2277647,8814800
2746,1094,1192,1698211,22950,2278839,9250700
2747,1085,1046,1697126,22989,2279885,9019400
2748,1150,1090,1695976,23049,2280975,9021500
2749,1100,1137,1694876,23012,2282112,9098900
2750,1169,1096,1693707,23085,2283208,9111400
2751,1099,1189,1692608,22995,2284397,9155000
2752,1117,1121,1691491,22991,2285518,9109800
2753,1045,1146,1690446,22890,2286664,9252100
2754,1132,1158,1689314,22864,2287822,9647500
2755,1122,1080,1688192,22906,2288902,9483000
2756,1130,1153,1687062,22883,2290055,9398800
2757,1052,1125,1686010,22810,2291180,8918600
2758,1131,1177,1684879,22764,2292357,8799700
2759,1111,1107,1683768,22768,2293464,8785700
2760,1097,1099,1682671,22766,2294563,8864500
2761,1172,1132,1681499,22806,2295695,8995700
2762,1166,1094,1680333,22878,2296789,8896800
2763,1116,1107,1679217,22887,2297896,8994400
2764,1148,1174,1678069,22861,2299070,9133100
2765,1129,1165,1676940,22825,2300235,9154200
2766,1125,1177,1675815,22773,2301412,9043600
2767,1179,1185,1674636,22767,2302597,10475200
2768,1144,1148,1673492,22763,2303745,8794400
2769,1146,1226,1672346,22683,2304971,8912800
2770,1133,1072,1671213,22744,2306043,8902200
2771,1171,1112,1670042,22803,2307155,9122400
2772,1133,1137,1668909,22799,2308292,9295900
2773,1132,1121,1667777,22810,2309413,8949600
2774,1168,1146,1666609,22832,2310559,8907700
2775,1150,1185,1665459,22797,2311744,8817600
2776,1198,1112,1664261,22883,2312856,8833300
2777,1112,1198,1663149,22797,2314054,8897700
2778,1177,1140,1661972,22834,2315194,8843000
2779,1143,1108,1660829,22869,2316302,8917700
2780,1143,1150,1659686,22862,2317452,9621500
2781,1089,1077,1658597,22874,2318529,8952500
2782,1128,1182,1657469,22820,2319711,8844300
2783,1108,1131,1656361,22797,2320842,8725400
2784,1145,1135,1655216,22807,2321977,8767100
2785,1057,1167,1654159,22697,2323144,8770300
2786,1083,1149,1653076,22631,2324293,9019000
2787,1102,1134,1651974,22599,2325427,9376600
2788,1037,1128,1650937,22508,2326555,8876300
2789,1047,1150,1649890,22405,2327705,9078800
2790,1043,1106,1648847,22342,2328811,8794400
2791,1039,1078,1647808,22303,2329889,9282400
2792,1124,1063,1646684,22364,2330952,8792400
2793,1091,1053,1645593,22402,2332005,8738700
2794,1059,1125,1644534,22336,2333130,9142600
2795,1114,1074,1643420,22376,2334204,9047700
2796,1098,1113,1642322,22361,2335317,8988000
2797,1138,1131,1641184,22368,2336448,8866700
2798,1125,1118,1640059,22375,2337566,9012100
2799,1087,1116,1638972,22346,2338682,8785300
2800,1140,1115,1637832,22371,2339797,9115800
2801,1113,1105,1636719,22379,2340902,9346400
2802,1162,1113,1635557,22428,2342015,9089300
2803,1169,1074,1634388,22523,2343089,9102800
2804,1060,1111,1633328,22472,2344200,8937100
2805,1128,1106,1632200,22494,2345306,8842900
2806,1095,1147,1631105,22442,2346453,8889900
2807,1089,1125,1630016,22406,2347578,9081800
2808,1148,1167,1628868,22387,2348745,9886800
2809,1096,1076,1627772,22407,2349821,9256600
2810,1113,1121,1626659,22399,2350942,9414200
2811,1091,1081,1625568,22409,2352023,8853300
2812,1129,1121,1624439,22417,2353144,8894200
2813,1120,1133,1623319,22404,2354277,8818100
2814,1077,1116,1622242,22365,2355393,8762000
2815,1096,1147,1621146,22314,2356540,8826200
2816,1103,1121,1620043,22296,2357661,9115900
2817,1087,1044,1618956,22339,2358705,9208400
2818,1093,1163,1617863,22269,2359868,8845900
2819,1104,1138,1616759,22235,2361006,8827600
2820,1067,1100,1615692,22202,2362106,8885700
2821,1093,1087,1614599,22208,2363193,8895900
2822,1113,1071,1613486,22250,2364264,8867500
2823,1156,1093,1612330,22313,2365357,9073300
2824,1121,1067,1611209,22367,2366424,9943200
2825,1075,1138,1610134,22304,2367562,9537700
2826,1132,1136,1609002,22300,2368698,10375700
2827,1176,1080,1607826,22396,2369778,9810400
2828,1102,1114,1606724,22384,2370892,9901000
2829,1118,1121,1605606,22381,2372013,9851200
2830,1171,1176,1604435,22376,2373189,9275500
2831,1118,1176,1603317,22318,2374365,8986800
2832,1118,1138,1602199,22298,2375503,9154000
2833,1121,1165,1601078,22254,2376668,9309000
2834,1175,1090,1599903,22339,2377758,9155700
2835,1032,1120,1598871,22251,2378878,9184900
2836,1067,1089,1597804,22229,2379967,28252800
2837,1158,1106,1596646,22281,2381073,11188600
2838,1130,1077,1595516,22334,2382150,11687000
2839,1042,1104,1594474,22272,2383254,12068600
2840,1117,1147,1593357,22242,2384401,11114300
2841,1057,1108,1592300,22191,2385509,10568800
2842,1065,1153,1591235,22103,2386662,13560400
2843,1102,1113,1590133,22092,2387775,21036800
2844,1063,1102,1589070,22053,2388877,11745300
2845,1046,1105,1588024,21994,2389982,10944500
2846,1090,1093,1586934,21991,2391075,11566300
2847,1108,1096,1585826,22003,2392171,10730300
2848,1090,1171,1584736,21922,2393342,9657600
2849,1104,1131,1583632,21895,2394473,9815100
2850,1064,1092,1582568,21867,2395565,9573100
2851,1057,1077,1581511,21847,2396642,9344300
2852,1033,1122,1580478,21758,2397764,9772400
2853,1036,1113,1579442,21681,2398877,9870800
2854,1062,1070,1578380,21673,2399947,9342900
2855,1094,1056,1577286,21711,2401003,9904700
2856,1062,1048,1576224,21725,2402051,9448700
2857,1088,1076,1575136,21737,2403127,10048300
2858,1067,1087,1574069,21717,2404214,9912200
2859,1104,1095,1572965,21726,2405309,9764600
2860,1147,1165,1571818,21708,2406474,10383800
2861,1152,1044,1570666,21816,2407518,11537400
2862,1151,1064,1569515,21903,2408582,14274900
2863,1105,1072,1568410,21936,2409654,21413900
2864,1219,1081,1567191,22074,2410735,13247300
2865,1104,1147,1566087,22031,2411882,12186800
2866,1123,1060,1564964,22094,2412942,12428400
2867,1128,1074,1563836,22148,2414016,13873900
2868,1081,1097,1562755,22132,2415113,10921200
2869,1094,1157,1561661,22069,2416270,11038400
2870,1093,1096,1560568,22066,2417366,12739700
2871,1080,1118,1559488,22028,2418484,18713500
2872,1104,1127,1558384,22005,2419611,10127500
2873,1111,1087,1557273,22029,2420698,9899100
2874,1098,1068,1556175,22059,2421766,9996600
2875,1086,1134,1555089,22011,2422900,10040600
2876,1047,1083,1554042,21975,2423983,9365500
2877,1080,1067,1552962,21988,2425050,9609800
2878,1132,1093,1551830,22027,2426143,9540100
2879,1044,1073,1550786,21998,2427216,9969500
2880,1094,1131,1549692,21961,2428347,11877400
2881,1117,1086,1548575,21992,2429433,10235300
2882,1018,1113,1547557,21897,2430546,14388500
2883,1107,1150,1546450,21854,2431696,11038600
2884,1118,1081,1545332,21891,2432777,11097500
2885,1136,1145,1544196,21882,2433922,9746700
2886,1108,1092,1543088,21898,2435014,10406700
2887,1110,1089,1541978,21919,2436103,9538800
2888,1137,1023,1540841,22033,2437126,9439600
2889,1073,1126,1539768,21980,2438252,9100400
2890,1096,1050,1538672,22026,2439302,9261400
2891,1086,1074,1537586,22038,2440376,9132800
2892,1074,1135,1536512,21977,2441511,9087600
2893,1051,1050,1535461,21978,2442561,9285100
2894,1072,1064,1534389,21986,2443625,9091100
2895,1102,1119,1533287,21969,2444744,9988200
2896,1078,1092,1532209,21955,2445836,9638000
2897,1100,1079,1531109,21976,2446915,9042100
2898,1070,1089,1530039,21957,2448004,9225400
2899,1058,1130,1528981,21885,2449134,9099300
2900,1098,1052,1527883,21931,2450186,8961200
2901,1129,1064,1526754,21996,2451250,9128400
2902,1019,1134,1525735,21881,2452384,9219400
2903,1067,1112,1524668,21836,2453496,9484000
2904,1152,1077,1523516,21911,2454573,10310100
2905,1036,1082,1522480,21865,2455655,9427400
2906,1047,1114,1521433,21798,2456769,10064500
2907,1097,1074,1520336,21821,2457843,9284100
2908,1062,1085,1519274,21798,2458928,9609600
2909,1101,1046,1518173,21853,2459974,10296100
2910,1049,1075,1517124,21827,2461049,9383500
2911,1067,1053,1516057,21841,2462102,9182200
2912,1141,1096,1514916,21886,2463198,8874300
2913,1114,1110,1513802,21890,2464308,8756500
2914,1116,1043,1512686,21963,2465351,8785300
2915,1103,1133,1511583,21933,2466484,9022600
2916,1065,1078,1510518,21920,2467562,9116800
2917,1058,1059,1509460,21919,2468621,9054200
2918,1047,1123,1508413,21843,2469744,9133200
2919,1069,1058,1507344,21854,2470802,9019100
2920,1029,1072,1506315,21811,2471874,9113200
2921,1078,1096,1505237,21793,2472970,8972300
2922,1082,1091,1504155,21784,2474061,8874400
2923,1040,1093,1503115,21731,2475154,8935100
2924,1057,1034,1502058,21754,2476188,9207200
2925,1067,1141,1500991,21680,2477329,8793800
2926,1076,1078,1499915,21678,2478407,8849900
2927,1074,1088,1498841,21664,2479495,8817900
2928,1078,1072,1497763,21670,2480567,8743900
2929,1044,1047,1496719,21667,2481614,8831400
2930,1047,1069,1495672,21645,2482683,9119200
2931,1067,1124,1494605,21588,2483807,9006600
2932,1043,1058,1493562,21573,2484865,9078500
2933,1042,1067,1492520,21548,2485932,9024500
2934,1079,1136,1491441,21491,2487068,8771400
2935,1080,1040,1490361,21531,2488108,8857400
2936,1075,1050,1489286,21556,2489158,8925300
2937,1054,1072,1488232,21538,2490230,9196100
2938,1068,1157,1487164,21449,2491387,9286300
2939,1042,1025,1486122,21466,2492412,9101300
2940,1080,1081,1485042,21465,2493493,9031100
2941,1097,1066,1483945,21496,2494559,9163200
2942,1075,1087,1482870,21484,2495646,9115000
2943,1037,1040,1481833,21481,2496686,9066500
2944,1072,1034,1480761,21519,2497720,9116700
2945,1058,1124,1479703,21453,2498844,8985300
2946,1157,1041,1478546,21569,2499885,9375400
2947,1072,1164,1477474,21477,2501049,9021500
2948,1028,1038,1476446,21467,2502087,9142500
2949,1015,1049,1475431,21433,2503136,9280100
2950,995,1130,1474436,21298,2504266,8893900
2951,1021,1110,1473415,21209,2505376,9038500
2952,1020,1089,1472395,21140,2506465,9087300
2953,1024,1032,1471371,21132,2507497,9106600
2954,1049,1106,1470322,21075,2508603,8811200
2955,1028,1053,1469294,21050,2509656,8807900
2956,1040,1084,1468254,21006,2510740,8856100
2957,1002,1013,1467252,20995,2511753,8936500
2958,997,1032,1466255,20960,2512785,9356300
2959,971,1089,1465284,20842,2513874,10193200
2960,1053,1069,1464231,20826,2514943,9269700
2961,1034,1006,1463197,20854,2515949,9948400
2962,1034,1030,1462163,20858,2516979,9582500
2963,995,1032,1461168,20821,2518011,9905500
2964,1027,1065,1460141,20783,2519076,9902400
2965,973,1045,1459168,20711,2520121,9475200
2966,1010,1069,1458158,20652,2521190,9242900
2967,1034,1039,1457124,20647,2522229,9105100
2968,1006,1028,1456118,20625,2523257,8916900
2969,1018,1037,1455100,20606,2524294,9120600
2970,1018,1006,1454082,20618,2525300,9224500
2971,999,1021,1453083,20596,2526321,9051600
2972,974,1004,1452109,20566,2527325,8933900
2973,1040,1034,1451069,20572,2528359,9051300
2974,1014,1042,1450055,20544,2529401,9300300
2975,1030,964,1449025,20610,2530365,9010900
2976,1001,1073,1448024,20538,2531438,9271000
2977,1016,1036,1447008,20518,2532474,9431000
2978,1026,1085,1445982,20459,2533559,9222700
2979,1003,1011,1444979,20451,2534570,9093800
2980,1051,1035,1443928,20467,2535605,9091900
2981,1049,982,1442879,20534,2536587,9136200
2982,1001,1022,1441878,20513,2537609,9637300
2983,1017,1065,1440861,20465,2538674,9129700
2984,976,996,1439885,20445,2539670,9385700
2985,1091,1012,1438794,20524,2540682,9534800
2986,1073,998,1437721,20599,2541680,9111400
2987,1082,1028,1436639,20653,2542708,9262100
2988,1030,1070,1435609,20613,2543778,9107400
2989,1035,1042,1434574,20606,2544820,9432900
2990,1025,1067,1433549,20564,2545887,9188700
2991,1058,1074,1432491,20548,2546961,9235000
2992,1070,1005,1431421,20613,2547966,9286400
2993,1044,1048,1430377,20609,2549014,9146900
2994,1012,1006,1429365,20615,2550020,9230500
2995,984,1035,1428381,20564,2551055,9039800
2996,1002,1020,1427379,20546,2552075,9451700
2997,1026,953,1426353,20619,2553028,9265900
2998,1063,1060,1425290,20622,2554088,11117900
2999,1023,1012,1424267,20633,2555100,9984700
3000,1070,981,1423197,20722,2556081,9463400
3001,993,1031,1422204,20684,2557112,9273700
3002,1098,987,1421106,20795,2558099,9486300
3003,1081,1043,1420025,20833,2559142,10213700
3004,1018,1108,1419007,20743,2560250,9787700
3005,1051,1039,1417956,20755,2561289,9316700
3006,1084,1051,1416872,20788,2562340,9297500
3007,1018,1047,1415854,20759,2563387,9175100
3008,1048,1019,1414806,20788,2564406,9085700
3009,1013,997,1413793,20804,2565403,9307100
3010,1045,1031,1412748,20818,2566434,11218000
3011,1095,1039,1411653,20874,2567473,9859100
3012,1079,1012,1410574,20941,2568485,10001800
3013,1009,1068,1409565,20882,2569553,9869600
3014,981,973,1408584,20890,2570526,9378100
3015,1003,1034,1407581,20859,2571560,9289700
3016,988,1027,1406593,20820,2572587,9311100
3017,1004,1062,1405589,20762,2573649,9739500
3018,1050,1059,1404539,20753,2574708,11103900
3019,978,1034,1403561,20697,2575742,10096300
3020,1025,1007,1402536,20715,2576749,16993700
3021,990,1081,1401546,20624,2577830,11497400
3022,1024,1104,1400522,20544,2578934,10713300
3023,995,1016,1399527,20523,2579950,10088100
3024,1001,1076,1398526,20448,2581026,9450800
3025,959,1019,1397567,20388,2582045,9001500
3026,955,966,1396612,20377,2583011,9630200
3027,989,1005,1395623,20361,2584016,9180100
3028,1009,1041,1394614,20329,2585057,9129400
3029,990,1038,1393624,20281,2586095,8898900
3030,1005,947,1392619,20339,2587042,8943000
3031,1037,1025,1391582,20351,2588067,8979900
3032,998,1059,1390584,20290,2589126,9055100
3033,969,1023,1389615,20236,2590149,8913500
3034,999,992,1388616,20243,2591141,8772800
3035,1055,971,1387561,20327,2592112,8812300
3036,1038,1026,1386523,20339,2593138,9006100
3037,982,1034,1385541,20287,2594172,9024800
3038,1057,1021,1384484,20323,2595193,8922600
3039,964,1070,1383520,20217,2596263,8847300
3040,945,1000,1382575,20162,2597263,9210000
3041,956,1003,1381619,20115,2598266,8878700
3042,1012,962,1380607,20165,2599228,8681600
3043,1014,977,1379593,20202,2600205,8880600
3044,1072,1052,1378521,20222,2601257,8824100
3045,1063,1012,1377458,20273,2602269,9110100
3046,1012,1042,1376446,20243,2603311,8943400
3047,1042,1004,1375404,20281,2604315,8836600
3048,1025,992,1374379,20314,2605307,9033300
3049,1024,1009,1373355,20329,2606316,9118000
3050,1011,1054,1372344,20286,2607370,9245900
3051,1002,1024,1371342,20264,2608394,8753800
3052,956,999,1370386,20221,2609393,9027500
3053,998,1010,1369388,20209,2610403,9037600
3054,978,1024,1368410,20163,2611427,8961600
3055,950,1005,1367460,20108,2612432,8958900
3056,1017,1010,1366443,20115,2613442,8907300
3057,979,999,1365464,20095,2614441,9035700
3058,974,972,1364490,20097,2615413,8778700
3059,1009,1023,1363481,20083,2616436,8921400
3060,970,937,1362511,20116,2617373,9042200
3061,1015,1018,1361496,20113,2618391,8997900
3062,983,947,1360513,20149,2619338,8965800
3063,992,1039,1359521,20102,2620377,9017300
3064,968,1071,1358553,19999,2621448,9078600
3065,985,1000,1357568,19984,2622448,9016400
3066,951,971,1356617,19964,2623419,9791800
3067,936,995,1355681,19905,2624414,9381600
3068,1011,1017,1354670,19899,2625431,9367100
3069,972,1002,1353698,19869,2626433,9599200
3070,1006,1033,1352692,19842,2627466,9256300
3071,922,946,1351770,19818,2628412,8950300
3072,947,980,1350823,19785,2629392,8923000
3073,938,998,1349885,19725,2630390,8879000
3074,985,964,1348900,19746,2631354,8997600
3075,955,1041,1347945,19660,2632395,8885800
3076,955,951,1346990,19664,2633346,8807900
3077,976,963,1346014,19677,2634309,8811100
3078,955,1010,1345059,19622,2635319,8809400
3079,878,936,1344181,19564,2636255,9175200
3080,925,957,1343256,19532,2637212,8900800
3081,976,999,1342280,19509,2638211,8797700
3082,929,937,1341351,19501,2639148,8818100
3083,939,997,1340412,19443,2640145,8869600
3084,919,998,1339493,19364,2641143,8714300
3085,960,970,1338533,19354,2642113,8806500
3086,1011,971,1337522,19394,2643084,8816700
3087,953,984,1336569,19363,2644068,8720200
3088,904,956,1335665,19311,2645024,8993300
3089,879,986,1334786,19204,2646010,8996300
3090,943,954,1333843,19193,2646964,9038900
3091,939,975,1332904,19157,2647939,9013400
3092,873,998,1332031,19032,2648937,8894300
3093,955,943,1331076,19044,2649880,8779000
3094,906,915,1330170,19035,2650795,8835900
3095,937,909,1329233,19063,2651704,8768300
3096,919,978,1328314,19004,2652682,8867700
3097,925,947,1327389,18982,2653629,8975800
3098,886,937,1326503,18931,2654566,8668400
3099,907,942,1325596,18896,2655508,8654500
3100,905,1025,1324691,18776,2656533,9041800
3101,859,931,1323832,18704,2657464,8818100
3102,940,912,1322892,18732,2658376,8757300
3103,888,878,1322004,18742,2659254,8631000
3104,881,881,1321123,18742,2660135,8974300
3105,861,953,1320262,18650,2661088,8993300
3106,913,869,1319349,18694,2661957,8820200
3107,901,962,1318448,18633,2662919,8869500
3108,845,942,1317603,18536,2663861,8714000
3109,918,896,1316685,18558,2664757,8751500
3110,904,887,1315781,18575,2665644,8798400
3111,842,951,1314939,18466,2666595,8741200
3112,886,852,1314053,18500,2667447,10428900
3113,859,903,1313194,18456,2668350,8647500
3114,855,914,1312339,18397,2669264,9147700
3115,835,933,1311504,18299,2670197,9105000
3116,877,966,1310627,18210,2671163,8801300
3117,848,917,1309779,18141,2672080,8735100
3118,846,909,1308933,18078,2672989,8746100
3119,842,934,1308091,17986,2673923,8904900
3120,857,863,1307234,17980,2674786,8635600
3121,919,846,1306315,18053,2675632,9236400
3122,845,954,1305470,17944,2676586,9024000
3123,862,889,1304608,17917,2677475,9113800
3124,867,901,1303741,17883,2678376,9417700
3125,889,859,1302852,17913,2679235,8971900
3126,843,905,1302009,17851,2680140,9241300
3127,880,914,1301129,17817,2681054,8792700
3128,883,831,1300246,17869,2681885,8695600
3129,894,878,1299352,17885,2682763,8725900
3130,826,962,1298526,17749,2683725,8733900
3131,875,881,1297651,17743,2684606,8618400
3132,847,859,1296804,17731,2685465,8738800
3133,864,955,1295940,17640,2686420,8788000
3134,828,875,1295112,17593,2687295,9108100
3135,865,867,1294247,17591,2688162,9353500
3136,862,871,1293385,17582,2689033,9068900
3137,838,885,1292547,17535,2689918,9205700
3138,851,895,1291696,17491,2690813,8991700
3139,787,908,1290909,17370,2691721,9005600
3140,810,835,1290099,17345,2692556,9214500
3141,761,876,1289338,17230,2693432,9261600
3142,778,902,1288560,17106,2694334,9020300
3143,785,882,1287775,17009,2695216,8959700
3144,834,934,1286941,16909,2696150,8936100
3145,786,896,1286155,16799,2697046,8981700
3146,809,840,1285346,16768,2697886,8807800
3147,815,814,1284531,16769,2698700,8923600
3148,776,854,1283755,16691,2699554,9139300
3149,806,808,1282949,16689,2700362,9003000
3150,764,816,1282185,16637,2701178,8923700
3151,817,827,1281368,16627,2702005,8878400
3152,825,835,1280543,16617,2702840,8860300
3153,819,867,1279724,16569,2703707,8866100
3154,841,825,1278883,16585,2704532,8908400
3155,829,847,1278054,16567,2705379,9364000
3156,776,848,1277278,16495,2706227,9011500
3157,848,874,1276430,16469,2707101,9451500
3158,804,838,1275626,16435,2707939,8861500
3159,787,791,1274839,16431,2708730,8663300
3160,794,835,1274045,16390,2709565,8727900
3161,812,833,1273233,16369,2710398,8686500
3162,775,813,1272458,16331,2711211,9068300
3163,798,776,1271660,16353,2711987,8919700
3164,812,835,1270848,16330,2712822,9037900
3165,768,870,1270080,16228,2713692,8632300
3166,802,805,1269278,16225,2714497,8683700
3167,792,860,1268486,16157,2715357,8833600
3168,794,861,1267692,16090,2716218,9240300
3169,752,781,1266940,16061,2716999,8801200
3170,780,806,1266160,16035,2717805,8851100
3171,800,763,1265360,16072,2718568,8762400
3172,796,821,1264564,16047,2719389,8626800
3173,789,783,1263775,16053,2720172,8697600
3174,837,823,1262938,16067,2720995,8743200
3175,831,815,1262107,16083,2721810,8636100
3176,866,799,1261241,16150,2722609,8698800
3177,803,803,1260438,16150,2723412,8760100
3178,810,835,1259628,16125,2724247,8963400
3179,843,812,1258785,16156,2725059,9021500
3180,829,791,1257956,16194,2725850,9063100
3181,800,826,1257156,16168,2726676,8672000
3182,811,792,1256345,16187,2727468,8818800
3183,822,841,1255523,16168,2728309,8560900
3184,770,837,1254753,16101,2729146,8617400
3185,846,814,1253907,16133,2729960,8597400
3186,803,851,1253104,16085,2730811,8832000
3187,810,815,1252294,16080,2731626,8812600
3188,800,802,1251494,16078,2732428,8777500
3189,805,755,1250689,16128,2733183,8664000
3190,825,855,1249864,16098,2734038,8675800
3191,760,811,1249104,16047,2734849,8886700
3192,822,760,1248282,16109,2735609,8674900
3193,835,830,1247447,16114,2736439,8719900
3194,872,809,1246575,16177,2737248,8823300
3195,812,806,1245763,16183,2738054,8877300
3196,803,777,1244960,16209,2738831,8963100
3197,833,806,1244127,16236,2739637,8725700
3198,815,799,1243312,16252,2740436,8795000
3199,831,814,1242481,16269,2741250,8642600
3200,809,786,1241672,16292,2742036,8611600
3201,827,814,1240845,16305,2742850,8802700
3202,831,785,1240014,16351,2743635,8729200
3203,748,791,1239266,16308,2744426,9061800
3204,815,830,1238451,16293,2745256,8614200
3205,842,802,1237609,16333,2746058,8891000
3206,800,765,1236809,16368,2746823,8576700
3207,790,854,1236019,16304,2747677,8766600
3208,818,844,1235201,16278,2748521,8590900
3209,816,788,1234385,16306,2749309,8615200
3210,823,869,1233562,16260,2750178,8706800
3211,809,837,1232753,16232,2751015,8647100
3212,833,856,1231920,16209,2751871,8960000
3213,797,809,1231123,16197,2752680,8649100
3214,841,800,1230282,16238,2753480,9396100
3215,856,818,1229426,16276,2754298,8750700
3216,858,840,1228568,16294,2755138,8713000
3217,802,846,1227766,16250,2755984,8667600
3218,846,807,1226920,16289,2756791,8547800
3219,857,819,1226063,16327,2757610,8630400
3220,831,868,1225232,16290,2758478,8775200
3221,855,807,1224377,16338,2759285,8789500
3222,800,814,1223577,16324,2760099,8683200
3223,840,833,1222737,16331,2760932,8847800
3224,834,814,1221903,16351,2761746,9068700
3225,846,786,1221057,16411,2762532,9141700
3226,815,824,1220242,16402,2763356,8863400
3227,810,832,1219432,16380,2764188,8740200
3228,806,837,1218626,16349,2765025,8554800
3229,787,771,1217839,16365,2765796,8565400
3230,835,830,1217004,16370,2766626,8875400
3231,860,818,1216144,16412,2767444,8637800
3232,843,879,1215301,16376,2768323,9783600
3233,847,822,1214454,16401,2769145,9177400
3234,812,864,1213642,16349,2770009,9080600
3235,846,832,1212796,16363,2770841,9425000
3236,823,805,1211973,16381,2771646,8805500
3237,809,782,1211164,16408,2772428,8678900
3238,774,816,1210390,16366,2773244,8638300
3239,826,792,1209564,16400,2774036,8682800
3240,787,824,1208777,16363,2774860,8522800
3241,835,799,1207942,16399,2775659,8539000
3242,803,778,1207139,16424,2776437,8578900
3243,779,835,1206360,16368,2777272,8556500
3244,814,813,1205546,16369,2778085,8720100
3245,783,807,1204763,16345,2778892,8551800
3246,757,800,1204006,16302,2779692,8805100
3247,794,772,1203212,16324,2780464,8822600
3248,814,811,1202398,16327,2781275,8930300
3249,858,810,1201540,16375,2782085,8907300
3250,773,866,1200767,16282,2782951,8964000
3251,823,816,1199944,16289,2783767,9014500
3252,854,833,1199090,16310,2784600,8640200
3253,809,833,1198281,16286,2785433,8566400
3254,815,803,1197466,16298,2786236,8759400
3255,797,854,1196669,16241,2787090,8892600
3256,790,778,1195879,16253,2787868,8703300
3257,804,824,1195075,16233,2788692,8712400
3258,861,833,1194214,16261,2789525,8735100
3259,834,814,1193380,16281,2790339,8695700
3260,844,829,1192536,16296,2791168,8676500
3261,789,826,1191747,16259,2791994,8554700
3262,773,809,1190974,16223,2792803,9012800
3263,770,779,1190204,16214,2793582,8688400
3264,789,755,1189415,16248,2794337,8669300
3265,805,794,1188610,16259,2795131,8578900
3266,806,835,1187804,16230,2795966,8551600
3267,783,811,1187021,16202,2796777,8705600
3268,798,820,1186223,16180,2797597,8624800
3269,787,783,1185436,16184,2798380,8872600
3270,851,809,1184585,16226,2799189,8902300
3271,819,821,1183766,16224,2800010,8857900
3272,804,806,1182962,16222,2800816,9542400
3273,754,756,1182208,16220,2801572,9030800
3274,791,776,1181417,16235,2802348,9112100
3275,762,758,1180655,16239,2803106,8956400
3276,796,786,1179859,16249,2803892,8921300
3277,779,832,1179080,16196,2804724,8878500
3278,792,786,1178288,16202,2805510,8803700
3279,798,794,1177490,16206,2806304,8824000
3280,784,818,1176706,16172,2807122,8718800
3281,770,792,1175936,16150,2807914,8703600
3282,768,813,1175168,16105,2808727,8642400
3283,759,838,1174409,16026,2809565,8748400
3284,777,797,1173632,16006,2810362,8898700
3285,791,821,1172841,15976,2811183,9080900
3286,749,817,1172092,15908,2812000,8927200
3287,751,824,1171341,15835,2812824,8788700
3288,837,805,1170504,15867,2813629,8842700
3289,779,793,1169725,15853,2814422,8692100
3290,764,743,1168961,15874,2815165,8743800
3291,773,813,1168188,15834,2815978,8997200
3292,779,814,1167409,15799,2816792,9311700
3293,781,737,1166628,15843,2817529,9201800
3294,807,788,1165821,15862,2818317,9052900
3295,789,799,1165032,15852,2819116,9121200
3296,799,783,1164233,15868,2819899,8782800
3297,795,752,1163438,15911,2820651,9027200
3298,815,827,1162623,15899,2821478,8879300
3299,788,798,1161835,15889,2822276,8794300
3300,804,783,1161031,15910,2823059,9199900
3301,835,812,1160196,15933,2823871,8718500
3302,761,839,1159435,15855,2824710,8633500
3303,762,745,1158673,15872,2825455,8620200
3304,750,791,1157923,15831,2826246,8800000
3305,777,762,1157146,15846,2827008,8657600
3306,810,772,1156336,15884,2827780,8742400
3307,793,787,1155543,15890,2828567,8922100
3308,788,794,1154755,15884,2829361,8691600
3309,796,849,1153959,15831,2830210,8932500
3310,767,805,1153192,15793,2831015,8524500
3311,796,783,1152396,15806,2831798,8591000
3312,808,797,1151588,15817,2832595,8640300
3313,780,795,1150808,15802,2833390,8544900
3314,745,790,1150063,15757,2834180,8546700
3315,738,785,1149325,15710,2834965,8664600
3316,834,845,1148491,15699,2835810,8780000
3317,805,785,1147686,15719,2836595,8608000
3318,766,784,1146920,15701,2837379,8794200
3319,764,761,1146156,15704,2838140,8710300
3320,830,786,1145326,15748,2838926,8706000
3321,827,828,1144499,15747,2839754,8588700
3322,769,786,1143730,15730,2840540,8739600
3323,762,820,1142968,15672,2841360,8733300
3324,730,788,1142238,15614,2842148,8642000
3325,773,820,1141465,15567,2842968,8758200
3326,728,810,1140737,15485,2843778,8763100
3327,751,833,1139986,15403,2844611,8741000
3328,738,788,1139248,15353,2845399,8642200
3329,742,796,1138506,15299,2846195,8770900
3330,785,759,1137721,15325,2846954,8727600
3331,797,758,1136924,15364,2847712,8893500
3332,776,809,1136148,15331,2848521,8607500
3333,734,798,1135414,15267,2849319,8735900
3334,708,725,1134706,15250,2850044,8667700
3335,795,758,1133911,15287,2850802,8624500
3336,743,784,1133168,15246,2851586,8683200
3337,749,771,1132419,15224,2852357,8646200
3338,718,761,1131701,15181,2853118,8766600
3339,751,791,1130950,15141,2853909,8922800
3340,733,674,1130217,15200,2854583,8464000
3341,735,804,1129482,15131,2855387,9003000
3342,769,753,1128713,15147,2856140,8431700
3343,762,713,1127951,15196,2856853,8493900
3344,748,772,1127203,15172,2857625,8589500
3345,773,719,1126430,15226,2858344,8598200
3346,760,725,1125670,15261,2859069,8689600
3347,785,772,1124885,15274,2859841,8607000
3348,748,787,1124137,15235,2860628,8646100
3349,730,759,1123407,15206,2861387,8882800
3350,719,772,1122688,15153,2862159,9502800
3351,726,745,1121962,15134,2862904,9085600
3352,709,777,1121253,15066,2863681,8678600
3353,703,781,1120550,14988,2864462,8645700
3354,688,736,1119862,14940,2865198,8590900
3355,737,715,1119125,14962,2865913,8699500
3356,735,752,1118390,14945,2866665,8500700
3357,742,730,1117648,14957,2867395,8481100
3358,760,740,1116888,14977,2868135,8488900
3359,719,761,1116169,14935,2868896,8957500
3360,714,726,1115455,14923,2869622,8734300
3361,758,786,1114697,14895,2870408,8833800
3362,709,737,1113988,14867,2871145,8494500
3363,735,731,1113253,14871,2871876,8499900
3364,702,681,1112551,14892,2872557,8469200
3365,725,714,1111826,14903,2873271,8730200
3366,732,747,1111094,14888,2874018,8647800
3367,701,689,1110393,14900,2874707,8533700
3368,716,732,1109677,14884,2875439,9038600
3369,715,724,1108962,14875,2876163,8673400
3370,741,732,1108221,14884,2876895,8986300
3371,735,738,1107486,14881,2877633,8763100
3372,719,726,1106767,14874,2878359,8633700
3373,706,768,1106061,14812,2879127,8558800
3374,722,657,1105339,14877,2879784,8569300
3375,712,757,1104627,14832,2880541,8632800
3376,744,754,1103883,14822,2881295,8877700
3377,760,714,1103123,14868,2882009,8964400
3378,756,752,1102367,14872,2882761,8700600
3379,748,750,1101619,14870,2883511,9041100
3380,719,740,1100900,14849,2884251,8590100
3381,731,736,1100169,14844,2884987,8598900
3382,744,716,1099425,14872,2885703,8815400
3383,793,711,1098632,14954,2886414,8794300
3384,732,717,1097900,14969,2887131,8756500
3385,739,765,1097161,14943,2887896,8674900
3386,678,740,1096483,14881,2888636,8525000
3387,718,748,1095765,14851,2889384,8673300
3388,710,744,1095055,14817,2890128,9650200
3389,729,734,1094326,14812,2890862,8568000
3390,761,718,1093565,14855,2891580,8631900
3391,729,715,1092836,14869,2892295,8906500
3392,744,753,1092092,14860,2893048,8505500
3393,700,728,1091392,14832,2893776,8543300
3394,757,728,1090635,14861,2894504,8523600
3395,705,774,1089930,14792,2895278,8652900
3396,779,744,1089151,14827,2896022,8520200
3397,738,737,1088413,14828,2896759,8638500
3398,762,754,1087651,14836,2897513,8626500
3399,763,714,1086888,14885,2898227,8735200
3400,703,763,1086185,14825,2898990,9228000
3401,746,743,1085439,14828,2899733,8596500
3402,724,724,1084715,14828,2900457,8701900
3403,759,750,1083956,14837,2901207,8552700
3404,776,741,1083180,14872,2901948,8548000
3405,739,761,1082441,14850,2902709,8606400
3406,755,736,1081686,14869,2903445,9029900
3407,760,752,1080926,14877,2904197,8854400
3408,767,785,1080159,14859,2904982,8973900
3409,739,801,1079420,14797,2905783,9032100
3410,795,735,1078625,14857,2906518,8680500
3411,758,762,1077867,14853,2907280,8569800
3412,775,761,1077092,14867,2908041,8465300
3413,761,737,1076331,14891,2908778,8572900
3414,779,732,1075552,14938,2909510,8596400
3415,770,758,1074782,14950,2910268,8735500
3416,782,759,1074000,14973,2911027,8836900
3417,776,752,1073224,14997,2911779,8739200
3418,746,732,1072478,15011,2912511,9035700
3419,754,776,1071724,14989,2913287,8543600
3420,739,693,1070985,15035,2913980,8799200
3421,755,682,1070230,15108,2914662,9060700
3422,718,744,1069512,15082,2915406,9701400
3423,763,742,1068749,15103,2916148,12812900
3424,721,756,1068028,15068,2916904,13487700
3425,736,771,1067292,15033,2917675,8991900
3426,728,753,1066564,15008,2918428,9619500
3427,727,743,1065837,14992,2919171,10753700
3428,734,710,1065103,15016,2919881,9757100
3429,696,735,1064407,14977,2920616,9318700
3430,767,717,1063640,15027,2921333,8828200
3431,738,720,1062902,15045,2922053,8812000
3432,677,787,1062225,14935,2922840,8850700
3433,712,733,1061513,14914,2923573,8905100
3434,737,727,1060776,14924,2924300,8745800
3435,758,733,1060018,14949,2925033,8895000
3436,706,753,1059312,14902,2925786,8989400
3437,732,750,1058580,14884,2926536,8905500
3438,742,733,1057838,14893,2927269,8781900
3439,723,756,1057115,14860,2928025,8821300
3440,699,705,1056416,14854,2928730,8920600
3441,687,757,1055729,14784,2929487,9007600
3442,664,750,1055065,14698,2930237,8570500
3443,676,741,1054389,14633,2930978,8639000
3444,672,717,1053717,14588,2931695,8741100
3445,699,742,1053018,14545,2932437,8470600
3446,703,754,1052315,14494,2933191,8470400
3447,731,762,1051584,14463,2933953,8603000
3448,677,741,1050907,14399,2934694,8415100
3449,673,697,1050234,14375,2935391,8456900
3450,737,701,1049497,14411,2936092,8823700
3451,701,724,1048796,14388,2936816,8498100
3452,687,743,1048109,14332,2937559,8594500
3453,694,780,1047415,14246,2938339,8453200
3454,693,745,1046722,14194,2939084,9001500
3455,695,745,1046027,14144,2939829,8738500
3456,687,693,1045340,14138,2940522,8649100
3457,607,671,1044733,14074,2941193,8575300
3458,656,733,1044077,13997,2941926,8479900
3459,639,700,1043438,13936,2942626,8524300
3460,687,702,1042751,13921,2943328,8416900
3461,629,659,1042122,13891,2943987,8606500
3462,648,684,1041474,13855,2944671,8587700
3463,676,642,1040798,13889,2945313,8915200
3464,641,712,1040157,13818,2946025,8942400
3465,677,711,1039480,13784,2946736,9195400
3466,705,669,1038775,13820,2947405,8544400
3467,688,712,1038087,13796,2948117,8491900
3468,715,734,1037372,13777,2948851,8551400
3469,681,695,1036691,13763,2949546,8405900
3470,683,691,1036008,13755,2950237,8447800
3471,673,688,1035335,13740,2950925,8425600
3472,664,662,1034671,13742,2951587,8712700
3473,706,678,1033965,13770,2952265,8691500
3474,674,718,1033291,13726,2952983,8544400
3475,639,677,1032652,13688,2953660,8560900
3476,665,686,1031987,13667,2954346,8480900
3477,634,721,1031353,13580,2955067,8407600
3478,694,674,1030659,13600,2955741,8897000
3479,661,691,1029998,13570,2956432,8816600
3480,665,688,1029333,13547,2957120,8801900
3481,711,703,1028622,13555,2957823,8911200
3482,693,699,1027929,13549,2958522,8867700
3483,691,663,1027238,13577,2959185,8633900
3484,676,692,1026562,13561,2959877,9228300
3485,692,689,1025870,13564,2960566,8691900
3486,693,679,1025177,13578,2961245,8485000
3487,685,690,1024492,13573,2961935,8439000
3488,694,708,1023798,13559,2962643,8745700
3489,721,651,1023077,13629,2963294,8728600
3490,698,718,1022379,13609,2964012,8625900
3491,737,726,1021642,13620,2964738,8483300
3492,665,684,1020977,13601,2965422,8539600
3493,668,686,1020309,13583,2966108,8407000
3494,682,672,1019627,13593,2966780,8592900
3495,677,684,1018950,13586,2967464,8435900
3496,706,667,1018244,13625,2968131,8727600
3497,674,658,1017570,13641,2968789,8712700
3498,700,663,1016870,13678,2969452,8698900
3499,682,690,1016188,13670,2970142,8893500
3500,669,649,1015519,13690,2970791,8598600
3501,681,690,1014838,13681,2971481,8757800
3502,714,660,1014124,13735,2972141,8634200
3503,700,675,1013424,13760,2972816,8491700
3504,686,691,1012738,13755,2973507,8740800
3505,681,680,1012057,13756,2974187,8527700
3506,709,682,1011348,13783,2974869,8868400
3507,694,687,1010654,13790,2975556,8725300
3508,727,765,1009927,13752,2976321,8847800
3509,704,670,1009223,13786,2976991,8376600
3510,679,693,1008544,13772,2977684,8465100
3511,712,679,1007832,13805,2978363,8561400
3512,666,713,1007166,13758,2979076,8838300
3513,680,684,1006486,13754,2979760,8565000
3514,644,685,1005842,13713,2980445,8769500
3515,739,655,1005103,13797,2981100,8414300
3516,666,693,1004437,13770,2981793,8511200
3517,659,722,1003778,13707,2982515,8790800
3518,636,704,1003142,13639,2983219,8432700
3519,676,684,1002466,13631,2983903,8486800
3520,698,735,1001768,13594,2984638,8659600
3521,635,680,1001133,13549,2985318,8785300
3522,664,641,1000469,13572,2985959,8776200
3523,655,679,999814,13548,2986638,8640400
3524,652,667,999162,13533,2987305,8601600
3525,669,664,998493,13538,2987969,8511900
3526,639,673,997854,13504,2988642,8979300
3527,655,650,997199,13509,2989292,8848600
3528,636,659,996563,13486,2989951,8656100
3529,669,664,995894,13491,2990615,8524300
3530,683,683,995211,13491,2991298,8464100
3531,649,695,994562,13445,2991993,8458900
3532,631,670,993931,13406,2992663,8518600
3533,702,707,993229,13401,2993370,8468200
3534,644,690,992585,13355,2994060,8700400
3535,669,679,991916,13345,2994739,9501400
3536,660,679,991256,13326,2995418,9232000
3537,677,673,990579,13330,2996091,9442400
3538,647,645,989932,13332,2996736,9061000
3539,659,663,989273,13328,2997399,9075300
3540,700,654,988573,13374,2998053,9056500
3541,621,651,987952,13344,2998704,9028600
3542,655,680,987297,13319,2999384,8872900
3543,666,676,986631,13309,3000060,8440900
3544,640,663,985991,13286,3000723,8624800
3545,664,658,985327,13292,3001381,8622000
3546,613,660,984714,13245,3002041,8471500
3547,674,706,984040,13213,3002747,8654600
3548,664,622,983376,13255,3003369,8703800
3549,657,686,982719,13226,3004055,8709600
3550,650,633,982069,13243,3004688,8583700
3551,703,697,981366,13249,3005385,8649700
3552,678,600,980688,13327,3005985,8683500
3553,650,659,980038,13318,3006644,9038100
3554,663,685,979375,13296,3007329,8593900
3555,676,633,978699,13339,3007962,8535400
3556,667,673,978032,13333,3008635,8647400
3557,645,648,977387,13330,3009283,8635900
3558,639,644,976748,13325,3009927,8828500
3559,667,666,976081,13326,3010593,8642700
3560,660,687,975421,13299,3011280,8957300
3561,682,681,974739,13300,3011961,8812000
3562,646,662,974093,13284,3012623,8587100
3563,627,661,973466,13250,3013284,8836800
3564,689,624,972777,13315,3013908,8623700
3565,691,658,972086,13348,3014566,9066400
3566,642,696,971444,13294,3015262,9083100
3567,679,649,970765,13324,3015911,8849000
3568,644,689,970121,13279,3016600,8875300
3569,658,653,969463,13284,3017253,8840700
3570,669,632,968794,13321,3017885,9082400
3571,643,701,968151,13263,3018586,8920800
3572,695,666,967456,13292,3019252,8977100
3573,623,710,966833,13205,3019962,9077100
3574,612,719,966221,13098,3020681,8800400
3575,635,666,965586,13067,3021347,8894700
3576,635,652,964951,13050,3021999,8693100
3577,669,671,964282,13048,3022670,8881400
3578,667,680,963615,13035,3023350,8963600
3579,692,687,962923,13040,3024037,9282400
3580,687,651,962236,13076,3024688,9174800
3581,682,666,961554,13092,3025354,9054100
3582,694,615,960860,13171,3025969,9361100
3583,648,660,960212,13159,3026629,9328700
3584,660,630,959552,13189,3027259,9130600
3585,676,663,958876,13202,3027922,9309700
3586,633,707,958243,13128,3028629,8917600
3587,622,607,957621,13143,3029236,8895200
3588,638,690,956983,13091,3029926,8762200
3589,664,664,956319,13091,3030590,8705100
3590,668,647,955651,13112,3031237,8677700
3591,613,652,955038,13073,3031889,9304300
3592,676,666,954362,13083,3032555,8930700
3593,653,650,953709,13086,3033205,10961200
3594,601,704,953108,12983,3033909,9300600
3595,637,618,952471,13002,3034527,9666500
3596,627,631,951844,12998,3035158,10620000
3597,642,688,951202,12952,3035846,16400100
3598,631,613,950571,12970,3036459,9124500
3599,629,649,949942,12950,3037108,10153600
3600,631,641,949311,12940,3037749,12343400
3601,651,644,948660,12947,3038393,18074000
3602,670,679,947990,12938,3039072,10961800
3603,585,605,947405,12918,3039677,10047700
3604,669,623,946736,12964,3040300,10059100
3605,659,591,946077,13032,3040891,9462800
3606,623,665,945454,12990,3041556,11360200
3607,643,661,944811,12972,3042217,11058200
3608,656,676,944155,12952,3042893,14901000
3609,658,626,943497,12984,3043519,9515700
3610,631,620,942866,12995,3044139,9338600
3611,694,690,942172,12999,3044829,9332300
3612,647,691,941525,12955,3045520,8766300
3613,667,642,940858,12980,3046162,8543300
3614,627,593,940231,13014,3046755,8490300
3615,637,633,939594,13018,3047388,8894000
3616,624,657,938970,12985,3048045,8929600
3617,649,649,938321,12985,3048694,8460900
3618,648,712,937673,12921,3049406,8542300
3619,651,624,937022,12948,3050030,8514800
3620,602,652,936420,12898,3050682,8476200
3621,659,637,935761,12920,3051319,8882400
3622,674,647,935087,12947,3051966,8620700
3623,636,611,934451,12972,3052577,8400400
3624,680,657,933771,12995,3053234,8861000
3625,646,642,933125,12999,3053876,8387900
3626,661,685,932464,12975,3054561,8396000
3627,676,622,931788,13029,3055183,8417600
3628,662,634,931126,13057,3055817,8692300
3629,687,677,930439,13067,3056494,9053900
3630,652,658,929787,13061,3057152,9024200
3631,684,641,929103,13104,3057793,9675700
3632,652,706,928451,13050,3058499,9222200
3633,615,645,927836,13020,3059144,9020400
3634,659,635,927177,13044,3059779,9351500
3635,608,670,926569,12982,3060449,9144600
3636,667,681,925902,12968,3061130,8875500
3637,632,671,925270,12929,3061801,8879800
3638,625,618,924645,12936,3062419,8810100
3639,602,642,924043,12896,3063061,9096300
3640,644,623,923399,12917,3063684,8856000
3641,611,631,922788,12897,3064315,8963700
3642,626,680,922162,12843,3064995,9301900
3643,656,660,921506,12839,3065655,9129300
3644,614,663,920892,12790,3066318,8914200
3645,658,608,920234,12840,3066926,8845800
3646,635,653,919599,12822,3067579,8956800
3647,621,631,918978,12812,3068210,8930000
3648,652,644,918326,12820,3068854,8784100
3649,583,598,917743,12805,3069452,8759100
3650,593,628,917150,12770,3070080,8951200
3651,677,644,916473,12803,3070724,9038300
3652,623,629,915850,12797,3071353,8832000
3653,611,609,915239,12799,3071962,8879000
3654,630,677,914609,12752,3072639,8625400
3655,597,625,914012,12724,3073264,8686300
3656,597,649,913415,12672,3073913,8608700
3657,592,636,912823,12628,3074549,8549400
3658,613,616,912210,12625,3075165,8457500
3659,618,625,911592,12618,3075790,8468400
3660,633,620,910959,12631,3076410,8426800
3661,612,633,910347,12610,3077043,8576000
3662,623,635,909724,12598,3077678,8447700
3663,622,618,909102,12602,3078296,8415900
3664,634,659,908468,12577,3078955,8418200
3665,619,627,907849,12569,3079582,8579000
3666,589,648,907260,12510,3080230,8578700
3667,631,647,906629,12494,3080877,8429100
3668,600,649,906029,12445,3081526,8504400
3669,609,680,905420,12374,3082206,8739900
3670,592,610,904828,12356,3082816,8639200
3671,604,610,904224,12350,3083426,8765200
3672,604,554,903620,12400,3083980,8610500
3673,629,636,902991,12393,3084616,8875500
3674,615,640,902376,12368,3085256,8582400
3675,631,594,901745,12405,3085850,8485000
3676,621,620,901124,12406,3086470,8541500
3677,613,605,900511,12414,3087075,8939800
3678,603,653,899908,12364,3087728,9030400
3679,635,647,899273,12352,3088375,8456000
3680,649,643,898624,12358,3089018,8556100
3681,609,665,898015,12302,3089683,8564900
3682,617,616,897398,12303,3090299,8567600
3683,570,635,896828,12238,3090934,8415500
3684,656,623,896172,12271,3091557,8592100
3685,662,615,895510,12318,3092172,8512400
3686,634,588,894876,12364,3092760,8380800
3687,629,653,894247,12340,3093413,8394800
3688,613,630,893634,12323,3094043,8549300
3689,659,597,892975,12385,3094640,8557900
3690,591,607,892384,12369,3095247,8449900
3691,671,638,891713,12402,3095885,8390500
3692,613,629,891100,12386,3096514,8642200
3693,617,638,890483,12365,3097152,8829000
3694,590,649,889893,12306,3097801,8455500
3695,621,606,889272,12321,3098407,8301900
3696,629,632,888643,12318,3099039,8393300
3697,596,596,888047,12318,3099635,8500300
3698,622,632,887425,12308,3100267,8359700
3699,566,628,886859,12246,3100895,9195000
3700,618,606,886241,12258,3101501,8982100
3701,618,641,885623,12235,3102142,8578500
3702,578,582,885045,12231,3102724,8483800
3703,599,614,884446,12216,3103338,8792600
3704,623,597,883823,12242,3103935,8661900
3705,578,625,883245,12195,3104560,8609700
3706,612,603,882633,12204,3105163,8451100
3707,620,641,882013,12183,3105804,8512600
3708,622,596,881391,12209,3106400,8898700
3709,627,593,880764,12243,3106993,8569000
3710,627,596,880137,12274,3107589,8837800
3711,612,634,879525,12252,3108223,10006400
3712,623,644,878902,12231,3108867,9620600
3713,597,641,878305,12187,3109508,9465800
3714,629,616,877676,12200,3110124,9398100
3715,622,621,877054,12201,3110745,9030000
3716,628,609,876426,12220,3111354,11062800
3717,592,599,875834,12213,3111953,8950700
3718,594,600,875240,12207,3112553,8775900
3719,600,642,874640,12165,3113195,9504100
3720,592,627,874048,12130,3113822,9140300
3721,592,595,873456,12127,3114417,9131800
3722,599,622,872857,12104,3115039,8936500
3723,604,617,872253,12091,3115656,9307200
3724,615,610,871638,12096,3116266,9101300
3725,626,606,871012,12116,3116872,9372800
3726,653,629,870359,12140,3117501,9138600
3727,634,587,869725,12187,3118088,8810900
3728,619,632,869106,12174,3118720,8968400
3729,604,612,868502,12166,3119332,8585200
3730,633,581,867869,12218,3119913,8557400
3731,630,643,867239,12205,3120556,9193200
3732,601,574,866638,12232,3121130,8976900
3733,682,572,865956,12342,3121702,9376900
3734,634,650,865322,12326,3122352,8603000
3735,589,596,864733,12319,3122948,8824300
3736,612,638,864121,12293,3123586,9208100
3737,609,634,863512,12268,3124220,8825000
3738,631,647,862881,12252,3124867,8852400
3739,621,653,862260,12220,3125520,8705200
3740,662,657,861598,12225,3126177,8626600
3741,629,587,860969,12267,3126764,8638100
3742,607,627,860362,12247,3127391,8955500
3743,613,605,859749,12255,3127996,9190100
3744,618,628,859131,12245,3128624,9139100
3745,603,628,858528,12220,3129252,9183500
3746,635,612,857893,12243,3129864,8986300
3747,624,622,857269,12245,3130486,8688100
3748,605,571,856664,12279,3131057,8749300
3749,622,624,856042,12277,3131681,8671900
3750,608,640,855434,12245,3132321,8766900
3751,596,633,854838,12208,3132954,9035900
3752,606,631,854232,12183,3133585,8656900
3753,622,604,853610,12201,3134189,8540300
3754,562,608,853048,12155,3134797,8589900
3755,596,627,852452,12124,3135424,8632800
3756,576,593,851876,12107,3136017,8826600
3757,600,608,851276,12099,3136625,8776900
3758,613,618,850663,12094,3137243,9057600
3759,606,580,850057,12120,3137823,9246300
3760,617,595,849440,12142,3138418,9034700
3761,611,590,848829,12163,3139008,11185300
3762,622,606,848207,12179,3139614,15719600
3763,612,668,847595,12123,3140282,11431900
3764,622,620,846973,12125,3140902,9761000
3765,641,646,846332,12120,3141548,10024800
3766,665,666,845667,12119,3142214,10573800
3767,636,547,845031,12208,3142761,10184900
3768,609,623,844422,12194,3143384,10460800
3769,677,607,843745,12264,3143991,10586800
3770,656,610,843089,12310,3144601,10202700
3771,604,627,842485,12287,3145228,10896400
3772,624,595,841861,12316,3145823,11637200
3773,673,583,841188,12406,3146406,10273700
3774,637,602,840551,12441,3147008,10666600
3775,667,617,839884,12491,3147625,10913500
3776,665,592,839219,12564,3148217,14681600
3777,670,627,838549,12607,3148844,10918800
3778,648,632,837901,12623,3149476,15967000
3779,639,636,837262,12626,3150112,9053600
3780,649,648,836613,12627,3150760,9419500
3781,663,654,835950,12636,3151414,9157200
3782,657,627,835293,12666,3152041,11701200
3783,618,598,834675,12686,3152639,10531600
3784,631,664,834044,12653,3153303,9037700
3785,662,609,833382,12706,3153912,11510900
3786,647,615,832735,12738,3154527,9900900
3787,647,626,832088,12759,3155153,9248000
3788,649,641,831439,12767,3155794,9083100
3789,633,631,830806,12769,3156425,8922600
3790,644,640,830162,12773,3157065,8778000
3791,596,628,829566,12741,3157693,8595300
3792,593,665,828973,12669,3158358,8639400
3793,607,660,828366,12616,3159018,8835600
3794,579,636,827787,12559,3159654,8832200
3795,588,633,827199,12514,3160287,9856500
3796,611,601,826588,12524,3160888,10884300
3797,595,641,825993,12478,3161529,15451400
3798,634,615,825359,12497,3162144,8889800
3799,596,655,824763,12438,3162799,9408300
3800,526,591,824237,12373,3163390,9420500
3801,561,583,823676,12351,3163973,10911700
3802,594,599,823082,12346,3164572,9527300
3803,573,639,822509,12280,3165211,8727600
3804,570,612,821939,12238,3165823,8555000
3805,579,626,821360,12191,3166449,8503100
3806,621,575,820739,12237,3167024,8478600
3807,608,658,820131,12187,3167682,8762300
3808,606,577,819525,12216,3168259,8664800
3809,595,618,818930,12193,3168877,8568100
3810,579,608,818351,12164,3169485,8459100
3811,615,576,817736,12203,3170061,8669000
3812,569,600,817167,12172,3170661,10680600
3813,541,598,816626,12115,3171259,16542300
3814,600,614,816026,12101,3171873,9386900
3815,549,619,815477,12031,3172492,8944300
3816,547,650,814930,11928,3173142,11998200
3817,553,583,814377,11898,3173725,9796300
3818,524,636,813853,11786,3174361,9541600
3819,511,590,813342,11707,3174951,9006400
3820,570,597,812772,11680,3175548,8812600
3821,557,550,812215,11687,3176098,8618100
3822,577,597,811638,11667,3176695,8743000
3823,563,568,811075,11662,3177263,8599200
3824,554,589,810521,11627,3177852,8727600
3825,578,571,809943,11634,3178423,8615800
3826,509,579,809434,11564,3179002,8503500
3827,541,575,808893,11530,3179577,8395000
3828,536,570,808357,11496,3180147,8698300
3829,540,560,807817,11476,3180707,11148900
3830,519,583,807298,11412,3181290,12041000
3831,548,617,806750,11343,3181907,9371200
3832,552,597,806198,11298,3182504,8842600
3833,507,578,805691,11227,3183082,9996300
3834,543,517,805148,11253,3183599,9460100
3835,542,572,804606,11223,3184171,10913200
3836,564,581,804042,11206,3184752,9607500
3837,490,551,803552,11145,3185303,9365400
3838,528,521,803024,11152,3185824,8607800
3839,539,600,802485,11091,3186424,8848700
3840,524,579,801961,11036,3187003,8866900
3841,519,618,801442,10937,3187621,8789100
3842,512,526,800930,10923,3188147,8730400
3843,516,563,800414,10876,3188710,8981000
3844,516,535,799898,10857,3189245,9310500
3845,521,559,799377,10819,3189804,8717200
3846,521,561,798856,10779,3190365,9059300
3847,500,553,798356,10726,3190918,9140400
3848,521,529,797835,10718,3191447,8694300
3849,537,567,797298,10688,3192014,8686600
3850,522,540,796776,10670,3192554,8747600
3851,524,510,796252,10684,3193064,8543000
3852,517,542,795735,10659,3193606,8459500
3853,539,575,795196,10623,3194181,8735000
3854,504,540,794692,10587,3194721,9043100
3855,506,521,794186,10572,3195242,10848900
3856,504,533,793682,10543,3195775,16294800
3857,498,505,793184,10536,3196280,9050600
3858,489,558,792695,10467,3196838,9415600
3859,496,522,792199,10441,3197360,9449900
3860,504,484,791695,10461,3197844,10328500
3861,487,509,791208,10439,3198353,9783500
3862,542,565,790666,10416,3198918,9105000
3863,494,503,790172,10407,3199421,8613000
3864,490,523,789682,10374,3199944,8587700
3865,516,501,789166,10389,3200445,9090300
3866,517,462,788649,10444,3200907,8408700
3867,509,553,788140,10400,3201460,8751900
3868,527,524,787613,10403,3201984,8663000
3869,491,495,787122,10399,3202479,8456700
3870,449,503,786673,10345,3202982,8386400
3871,496,516,786177,10325,3203498,8494800
3872,483,483,785694,10325,3203981,8465200
3873,525,484,785169,10366,3204465,8542700
3874,523,548,784646,10341,3205013,8304600
3875,534,552,784112,10323,3205565,8809600
3876,528,514,783584,10337,3206079,8424500
3877,536,546,783048,10327,3206625,10095400
3878,524,481,782524,10370,3207106,8373500
3879,516,501,782008,10385,3207607,8381800
3880,514,492,781494,10407,3208099,8447400
3881,514,524,780980,10397,3208623,8337700
3882,550,501,780430,10446,3209124,8387100
3883,516,535,779914,10427,3209659,8592300
3884,532,531,779382,10428,3210190,8418700
3885,458,534,778924,10352,3210724,8445600
3886,456,548,778468,10260,3211272,8349400
3887,531,522,777937,10269,3211794,8449300
3888,488,505,777449,10252,3212299,8627300
3889,506,499,776943,10259,3212798,8602800
3890,542,537,776401,10264,3213335,8451100
3891,492,518,775909,10238,3213853,8310500
3892,497,494,775412,10241,3214347,8489300
3893,509,497,774903,10253,3214844,8471900
3894,510,489,774393,10274,3215333,8680900
3895,516,510,773877,10280,3215843,8597300
3896,515,526,773362,10269,3216369,8598700
3897,461,525,772901,10205,3216894,8558000
3898,491,522,772410,10174,3217416,8634000
3899,510,473,771900,10211,3217889,8355100
3900,479,519,771421,10171,3218408,8408400
3901,484,524,770937,10131,3218932,8419000
3902,486,498,770451,10119,3219430,9020800
3903,466,529,769985,10056,3219959,8690200
3904,488,511,769497,10033,3220470,8619100
3905,502,509,768995,10026,3220979,8453300
3906,456,505,768539,9977,3221484,8321300
3907,460,477,768079,9960,3221961,8389300
3908,494,514,767585,9940,3222475,8343500
3909,496,511,767089,9925,3222986,8378200
3910,476,516,766613,9885,3223502,8315600
3911,489,511,766124,9863,3224013,8409300
3912,484,505,765640,9842,3224518,8315000
3913,505,491,765135,9856,3225009,8474700
3914,479,496,764656,9839,3225505,8341200
3915,471,487,764185,9823,3225992,8842200
3916,483,465,763702,9841,3226457,8460600
3917,512,495,763190,9858,3226952,8486100
3918,504,497,762686,9865,3227449,8464300
3919,475,475,762211,9865,3227924,8498300
3920,439,509,761772,9795,3228433,9218600
3921,466,483,761306,9778,3228916,8557400
3922,494,508,760812,9764,3229424,8511300
3923,470,445,760342,9789,3229869,8450000
3924,461,496,759881,9754,3230365,8480500
3925,498,474,759383,9778,3230839,8450900
3926,504,457,758879,9825,3231296,8463500
3927,489,532,758390,9782,3231828,8556000
3928,487,517,757903,9752,3232345,8970000
3929,442,472,757461,9722,3232817,8667000
3930,500,481,756961,9741,3233298,8767700
3931,489,491,756472,9739,3233789,8787300
3932,487,446,755985,9780,3234235,9145900
3933,483,494,755502,9769,3234729,8540700
3934,514,493,754988,9790,3235222,8497500
3935,431,449,754557,9772,3235671,8449800
3936,474,466,754083,9780,3236137,8409500
3937,495,492,753588,9783,3236629,8359700
3938,477,485,753111,9775,3237114,8703200
3939,449,481,752662,9743,3237595,8578000
3940,453,482,752209,9714,3238077,8407400
3941,485,478,751724,9721,3238555,8531400
3942,473,467,751251,9727,3239022,8664300
3943,530,465,750721,9792,3239487,8758500
3944,460,529,750261,9723,3240016,8481100
3945,433,466,749828,9690,3240482,8483500
3946,469,472,749359,9687,3240954,8429300
3947,477,446,748882,9718,3241400,8600700
3948,443,452,748439,9709,3241852,8460200
3949,476,493,747963,9692,3242345,8707400
3950,454,474,747509,9672,3242819,8577900
3951,485,451,747024,9706,3243270,8446800
3952,456,471,746568,9691,3243741,8391700
3953,453,501,746115,9643,3244242,8469200
3954,452,491,745663,9604,3244733,8301800
3955,459,492,745204,9571,3245225,8587600
3956,475,481,744729,9565,3245706,8440100
3957,483,474,744246,9574,3246180,8440600
3958,440,459,743806,9555,3246639,8531800
3959,467,500,743339,9522,3247139,8706300
3960,470,456,742869,9536,3247595,8362200
3961,446,485,742423,9497,3248080,8290700
3962,420,485,742003,9432,3248565,8382800
3963,442,459,741561,9415,3249024,8329300
3964,464,476,741097,9403,3249500,8505000
3965,447,491,740650,9359,3249991,8606100
3966,478,460,740172,9377,3250451,9170800
3967,482,467,739690,9392,3250918,8626700
3968,472,478,739218,9386,3251396,8458400
3969,456,475,738762,9367,3251871,8909400
3970,454,491,738308,9330,3252362,9487300
3971,455,472,737853,9313,3252834,9671200
3972,471,494,737382,9290,3253328,9906500
3973,449,513,736933,9226,3253841,9398600
3974,441,446,736492,9221,3254287,8737700
3975,442,451,736050,9212,3254738,8510500
3976,440,469,735610,9183,3255207,8677600
3977,458,478,735152,9163,3255685,8422200
3978,493,486,734659,9170,3256171,8675400
3979,460,494,734199,9136,3256665,8887400
3980,469,482,733730,9123,3257147,8812600
3981,436,448,733294,9111,3257595,8683300
3982,460,433,732834,9138,3258028,8686500
3983,498,443,732336,9193,3258471,9789600
3984,455,433,731881,9215,3258904,8656500
3985,475,437,731406,9253,3259341,8791800
3986,494,453,730912,9294,3259794,9229600
3987,458,496,730454,9256,3260290,8882200
3988,461,486,729993,9231,3260776,9080600
3989,472,465,729521,9238,3261241,8900700
3990,500,503,729021,9235,3261744,8616400
3991,458,460,728563,9233,3262204,9294700
3992,470,456,728093,9247,3262660,8678300
3993,493,443,727600,9297,3263103,8846600
3994,464,455,727136,9306,3263558,8711100
3995,424,455,726712,9275,3264013,9943200
3996,469,421,726243,9323,3264434,9104800
3997,458,407,725785,9374,3264841,8717200
3998,495,486,725290,9383,3265327,8737200
3999,474,475,724816,9382,3265802,8732100
4000,473,451,724343,9404,3266253,8848800
4001,447,477,723896,9374,3266730,9320100
4002,492,425,723404,9441,3267155,8925700
4003,471,490,722933,9422,3267645,9583300
4004,444,482,722489,9384,3268127,8998000
4005,484,458,722005,9410,3268585,8792900
4006,482,480,721523,9412,3269065,9245500
4007,462,495,721061,9379,3269560,8664200
4008,457,430,720604,9406,3269990,8722800
4009,422,472,720182,9356,3270462,8815000
4010,427,442,719755,9341,3270904,8749000
4011,444,468,719311,9317,3271372,9515700
4012,453,428,718858,9342,3271800,8758200
4013,444,432,718414,9354,3272232,8867100
4014,459,505,717955,9308,3272737,8887300
4015,429,441,717526,9296,3273178,9332700
4016,447,437,717079,9306,3273615,10659400
4017,448,465,716631,9289,3274080,14154800
4018,398,488,716233,9199,3274568,10236700
4019,421,445,715812,9175,3275013,11296900
4020,457,470,715355,9162,3275483,13789200
4021,419,441,714936,9140,3275924,10353300
4022,410,448,714526,9102,3276372,10710500
4023,434,491,714092,9045,3276863,9814700
4024,418,468,713674,8995,3277331,9663900
4025,395,414,713279,8976,3277745,10044600
4026,436,459,712843,8953,3278204,15102800
4027,379,435,712464,8897,3278639,8903800
4028,437,394,712027,8940,3279033,10305800
4029,426,432,711601,8934,3279465,11451200
4030,428,456,711173,8906,3279921,16910600
4031,446,457,710727,8895,3280378,10488500
4032,435,412,710292,8918,3280790,9243000
4033,457,465,709835,8910,3281255,9330200
4034,421,443,709414,8888,3281698,9227700
4035,412,461,709002,8839,3282159,9177800
4036,420,447,708582,8812,3282606,8591000
4037,407,452,708175,8767,3283058,8471100
4038,411,445,707764,8733,3283503,8619900
4039,380,415,707384,8698,3283918,8521300
4040,422,457,706962,8663,3284375,8416200
4041,409,467,706553,8605,3284842,8258100
4042,425,409,706128,8621,3285251,8942900
4043,432,431,705696,8622,3285682,8677000
4044,416,439,705280,8599,3286121,8459800
4045,407,439,704873,8567,3286560,9628800
4046,401,433,704472,8535,3286993,8444800
4047,410,433,704062,8512,3287426,8516500
4048,449,407,703613,8554,3287833,8838100
4049,410,441,703203,8523,3288274,8471300
4050,397,452,702806,8468,3288726,8390000
4051,413,438,702393,8443,3289164,8480800
4052,414,402,701979,8455,3289566,8691100
4053,380,426,701599,8409,3289992,8421000
4054,366,400,701233,8375,3290392,8824600
4055,414,416,700819,8373,3290808,8446900
4056,404,415,700415,8362,3291223,8541100
4057,420,410,699995,8372,3291633,8627700
4058,478,405,699517,8445,3292038,8668000
4059,427,416,699090,8456,3292454,8628500
4060,435,414,698655,8477,3292868,8329300
4061,453,442,698202,8488,3293310,8330000
4062,427,425,697775,8490,3293735,8565900
4063,429,412,697346,8507,3294147,8257600
4064,403,381,696943,8529,3294528,8365200
4065,383,451,696560,8461,3294979,8445200
4066,398,425,696162,8434,3295404,8547200
4067,397,435,695765,8396,3295839,8594200
4068,440,421,695325,8415,3296260,8855200
4069,423,441,694902,8397,3296701,8847300
4070,404,439,694498,8362,3297140,9181200
4071,463,459,694035,8366,3297599,9008800
4072,408,404,693627,8370,3298003,8906600
4073,414,435,693213,8349,3298438,8923000
4074,396,426,692817,8319,3298864,9476500
4075,416,430,692401,8305,3299294,9308500
4076,389,387,692012,8307,3299681,9344100
4077,398,383,691614,8322,3300064,8919800
4078,416,429,691198,8309,3300493,8911300
4079,389,439,690809,8259,3300932,9004700
4080,413,419,690396,8253,3301351,9301100
4081,418,456,689978,8215,3301807,8917600
4082,437,421,689541,8231,3302228,8752200
4083,387,434,689154,8184,3302662,8959800
4084,415,409,688739,8190,3303071,8782000
4085,451,423,688288,8218,3303494,8736700
4086,415,412,687873,8221,3303906,9191400
4087,437,439,687436,8219,3304345,8685600
4088,446,393,686990,8272,3304738,8914800
4089,410,416,686580,8266,3305154,8599400
4090,406,441,686174,8231,3305595,8298900
4091,426,429,685748,8228,3306024,8483700
4092,428,373,685320,8283,3306397,8253000
4093,417,402,684903,8298,3306799,8380000
4094,434,433,684469,8299,3307232,8730500
4095,404,396,684065,8307,3307628,8237500
4096,410,453,683655,8264,3308081,8435700
4097,445,446,683210,8263,3308527,8499300
4098,412,405,682798,8270,3308932,8824300
4099,419,448,682379,8241,3309380,8484300
4100,404,428,681975,8217,3309808,8615500
4101,401,409,681574,8209,3310217,8392400
4102,406,384,681168,8231,3310601,8419800
4103,383,404,680785,8210,3311005,8592200
4104,424,451,680361,8183,3311456,9266400
4105,407,395,679954,8195,3311851,8692600
4106,392,403,679562,8184,3312254,8424400
4107,400,401,679162,8183,3312655,8513500
4108,383,459,678779,8107,3313114,8500000
4109,380,404,678399,8083,3313518,8414400
4110,390,432,678009,8041,3313950,8589000
4111,373,384,677636,8030,3314334,8353700
4112,396,405,677240,8021,3314739,8316400
4113,355,410,676885,7966,3315149,8486900
4114,377,405,676508,7938,3315554,8549300
4115,419,388,676089,7969,3315942,8758200
4116,395,406,675694,7958,3316348,8822400
4117,394,406,675300,7946,3316754,8598300
4118,397,383,674903,7960,3317137,8556200
4119,391,418,674512,7933,3317555,8902500
4120,380,378,674132,7935,3317933,9008800
4121,382,374,673750,7943,3318307,9062700
4122,431,391,673319,7983,3318698,9162400
4123,394,437,672925,7940,3319135,8960100
4124,386,377,672539,7949,3319512,9012500
4125,367,396,672172,7920,3319908,9545600
4126,408,378,671764,7950,3320286,9797900
4127,391,427,671373,7914,3320713,10178800
4128,399,377,670974,7936,3321090,9416600
4129,396,401,670578,7931,3321491,9579800
4130,433,406,670145,7958,3321897,9324900
4131,399,386,669746,7971,3322283,9719600
4132,422,407,669324,7986,3322690,9310900
4133,409,423,668915,7972,3323113,9236900
4134,401,387,668514,7986,3323500,9501700
4135,392,410,668122,7968,3323910,9308800
4136,426,417,667696,7977,3324327,9390100
4137,385,386,667311,7976,3324713,9805800
4138,398,413,666913,7961,3325126,9709400
4139,391,433,666522,7919,3325559,9687200
4140,407,419,666115,7907,3325978,10185000
4141,395,413,665720,7889,3326391,9582700
4142,423,394,665297,7918,3326785,9568000
4143,370,427,664927,7861,3327212,8800400
4144,416,413,664511,7864,3327625,9367100
4145,390,394,664121,7860,3328019,9035000
4146,408,396,663713,7872,3328415,9046400
4147,384,423,663329,7833,3328838,9384600
4148,423,348,662906,7908,3329186,9187800
4149,423,395,662483,7936,3329581,9936100
4150,442,390,662041,7988,3329971,9526400
4151,430,420,661611,7998,3330391,10451700
4152,397,409,661214,7986,3330800,8946800
4153,390,387,660824,7989,3331187,9504900
4154,443,418,660381,8014,3331605,9236800
4155,410,402,659971,8022,3332007,8960200
4156,423,418,659548,8027,3332425,8902300
4157,413,400,659135,8040,3332825,8786300
4158,406,425,658729,8021,3333250,9195400
4159,402,398,658327,8025,3333648,9068300
4160,407,416,657920,8016,3334064,8752800
4161,461,399,657459,8078,3334463,9561400
4162,401,418,657058,8061,3334881,8828700
4163,386,407,656672,8040,3335288,8908600
4164,389,396,656283,8033,3335684,8805700
4165,409,371,655874,8071,3336055,8688600
4166,390,375,655484,8086,3336430,8879400
4167,380,420,655104,8046,3336850,8718400
4168,361,416,654743,7991,3337266,8852700
4169,370,370,654373,7991,3337636,9203100
4170,385,390,653988,7986,3338026,9122900
4171,411,416,653577,7981,3338442,9066600
4172,410,421,653167,7970,3338863,9015500
4173,386,379,652781,7977,3339242,9139500
4174,386,382,652395,7981,3339624,8953400
4175,412,417,651983,7976,3340041,9366100
4176,393,383,651590,7986,3340424,9216800
4177,379,413,651211,7952,3340837,8881600
4178,383,400,650828,7935,3341237,9042700
4179,392,417,650436,7910,3341654,8687900
4180,364,384,650072,7890,3342038,9067300
4181,390,374,649682,7906,3342412,8659700
4182,412,413,649270,7905,3342825,8559600
4183,394,385,648876,7914,3343210,9245400
4184,399,392,648477,7921,3343602,11210200
4185,428,424,648049,7925,3344026,9697000
4186,391,410,647658,7906,3344436,9935700
4187,408,392,647250,7922,3344828,9467000
4188,425,430,646825,7917,3345258,9077000
4189,395,380,646430,7932,3345638,11546900
4190,371,396,646059,7907,3346034,9109500
4191,358,397,645701,7868,3346431,13215900
4192,383,403,645318,7848,3346834,9607600
4193,368,393,644950,7823,3347227,8871600
4194,379,375,644571,7827,3347602,9454200
4195,380,399,644191,7808,3348001,9003200
4196,380,362,643811,7826,3348363,9415800
4197,382,393,643429,7815,3348756,8672800
4198,376,372,643053,7819,3349128,8631100
4199,397,388,642656,7828,3349516,8455900
4200,378,418,642278,7788,3349934,8510200
4201,389,377,641889,7800,3350311,8534200
4202,387,394,641502,7793,3350705,8574700
4203,370,362,641132,7801,3351067,9109600
4204,388,380,640744,7809,3351447,8339200
4205,354,384,640390,7779,3351831,8503400
4206,362,410,640028,7731,3352241,8421800
4207,364,351,639664,7744,3352592,8336400
4208,377,397,639287,7724,3352989,8511400
4209,386,391,638901,7719,3353380,8414600
4210,369,414,638532,7674,3353794,8324600
4211,374,423,638158,7625,3354217,8460400
4212,400,386,637758,7639,3354603,8705500
4213,386,395,637372,7630,3354998,8499300
4214,398,389,636974,7639,3355387,8528300
4215,408,364,636566,7683,3355751,8426500
4216,391,366,636175,7708,3356117,8318800
4217,407,398,635768,7717,3356515,8222600
4218,397,412,635371,7702,3356927,8370600
4219,374,381,634997,7695,3357308,8366900
4220,393,426,634604,7662,3357734,8623700
4221,407,335,634197,7734,3358069,8899000
4222,388,372,633809,7750,3358441,8577500
4223,364,403,633445,7711,3358844,8496600
4224,368,352,633077,7727,3359196,8442000
4225,378,348,632699,7757,3359544,8415600
4226,339,376,632360,7720,3359920,8377600
4227,362,377,631998,7705,3360297,8411100
4228,389,377,631609,7717,3360674,8351800
4229,411,402,631198,7726,3361076,8560800
4230,396,398,630802,7724,3361474,8346500
4231,370,384,630432,7710,3361858,8467100
4232,366,372,630066,7704,3362230,8348900
4233,363,399,629703,7668,3362629,8440600
4234,390,375,629313,7683,3363004,8548000
4235,353,383,628960,7653,3363387,8676500
4236,371,376,628589,7648,3363763,8652600
4237,369,350,628220,7667,3364113,8825500
4238,338,407,627882,7598,3364520,8489600
4239,362,392,627520,7568,3364912,8771200
4240,394,383,627126,7579,3365295,8660400
4241,342,386,626784,7535,3365681,8521500
4242,361,361,626423,7535,3366042,8687700
4243,342,400,626081,7477,3366442,8758700
4244,400,370,625681,7507,3366812,8395300
4245,379,404,625302,7482,3367216,8475100
4246,370,374,624932,7478,3367590,8353900
4247,375,372,624557,7481,3367962,8300500
4248,367,343,624190,7505,3368305,8427000
4249,390,414,623800,7481,3368719,8209100
4250,377,346,623423,7512,3369065,8330300
4251,390,380,623033,7522,3369445,8703900
4252,336,368,622697,7490,3369813,8415200
4253,382,371,622315,7501,3370184,8588000
4254,367,385,621948,7483,3370569,8482100
4255,403,400,621545,7486,3370969,8618300
4256,377,357,621168,7506,3371326,8453800
4257,376,348,620792,7534,3371674,8623800
4258,361,387,620431,7508,3372061,8716100
4259,354,383,620077,7479,3372444,8593500
4260,361,388,619716,7452,3372832,9734900
4261,372,378,619344,7446,3373210,8688200
4262,397,398,618947,7445,3373608,8633000
4263,338,412,618609,7371,3374020,8487100
4264,360,379,618249,7352,3374399,8434800
4265,346,390,617903,7308,3374789,8510600
4266,360,372,617543,7296,3375161,8394200
4267,374,326,617169,7344,3375487,8882800
4268,357,395,616812,7306,3375882,8610400
4269,338,364,616474,7280,3376246,8480000
4270,346,338,616128,7288,3376584,8386800
4271,327,347,615801,7268,3376931,8554800
4272,355,369,615446,7254,3377300,8570300
4273,355,324,615091,7285,3377624,8501300
4274,344,361,614747,7268,3377985,8486200
4275,337,364,614410,7241,3378349,8385900
4276,386,330,614024,7297,3378679,8412400
4277,372,370,613652,7299,3379049,8367300
4278,357,352,613295,7304,3379401,8470400
4279,371,350,612924,7325,3379751,8289100
4280,383,373,612541,7335,3380124,9260600
4281,354,325,612187,7364,3380449,8262300
4282,355,401,611832,7318,3380850,8561400
4283,345,413,611487,7250,3381263,8440900
4284,350,342,611137,7258,3381605,8394700
4285,379,335,610758,7302,3381940,8442900
4286,336,331,610422,7307,3382271,8402400
4287,358,353,610064,7312,3382624,8608100
4288,402,334,609662,7380,3382958,8219300
4289,347,351,609315,7376,3383309,8320700
4290,374,387,608941,7363,3383696,8490500
4291,375,346,608566,7392,3384042,9867400
4292,382,359,608184,7415,3384401,11123600
4293,420,370,607764,7465,3384771,14631500
4294,405,366,607359,7504,3385137,8898800
4295,377,388,606982,7493,3385525,8991700
4296,396,378,606586,7511,3385903,9656100
4297,350,377,606236,7484,3386280,11010700
4298,386,380,605850,7490,3386660,9395000
4299,396,394,605454,7492,3387054,8852800
4300,336,378,605118,7450,3387432,9106200
4301,324,395,604794,7379,3387827,8865200
4302,385,379,604409,7385,3388206,8790900
4303,350,358,604059,7377,3388564,8534600
4304,357,378,603702,7356,3388942,8573600
4305,351,359,603351,7348,3389301,8539000
4306,359,367,602992,7340,3389668,8497100
4307,345,356,602647,7329,3390024,8445100
4308,367,394,602280,7302,3390418,8326600
4309,333,374,601947,7261,3390792,8380900
4310,331,388,601616,7204,3391180,8401700
4311,361,379,601255,7186,3391559,8516300
4312,352,370,600903,7168,3391929,10622000
4313,330,362,600573,7136,3392291,15381500
4314,353,346,600220,7143,3392637,9272000
4315,331,361,599889,7113,3392998,8913400
4316,339,385,599550,7067,3393383,9217500
4317,330,359,599220,7038,3393742,9513300
4318,339,326,598881,7051,3394068,9571800
4319,334,361,598547,7024,3394429,9434500
4320,335,338,598212,7021,3394767,8913100
4321,350,346,597862,7025,3395113,8455500
4322,316,339,597546,7002,3395452,8379400
4323,358,355,597188,7005,3395807,8730400
4324,321,388,596867,6938,3396195,8780200
4325,328,313,596539,6953,3396508,8436300
4326,338,372,596201,6919,3396880,8624700
4327,348,340,595853,6927,3397220,8723900
4328,349,345,595504,6931,3397565,8345800
4329,330,378,595174,6883,3397943,8615700
4330,333,357,594841,6859,3398300,10544200
4331,314,325,594527,6848,3398625,16249500
4332,369,377,594158,6840,3399002,9089600
4333,351,362,593807,6829,3399364,8957100
4334,349,316,593458,6862,3399680,8880000
4335,325,376,593133,6811,3400056,9330200
4336,330,349,592803,6792,3400405,9761900
4337,348,345,592455,6795,3400750,9374500
4338,360,320,592095,6835,3401070,8781400
4339,357,334,591738,6858,3401404,8461600
4340,354,330,591384,6882,3401734,8666700
4341,377,316,591007,6943,3402050,8540200
4342,349,327,590658,6965,3402377,8845100
4343,415,364,590243,7016,3402741,8559900
4344,389,348,589854,7057,3403089,8509000
4345,371,363,589483,7065,3403452,8412500
4346,354,346,589129,7073,3403798,8393800
4347,339,361,588790,7051,3404159,8317000
4348,372,351,588418,7072,3404510,8624100
4349,368,355,588050,7085,3404865,8446300
4350,387,353,587663,7119,3405218,8487900
4351,379,363,587284,7135,3405581,8395400
4352,332,377,586952,7090,3405958,8778300
4353,369,351,586583,7108,3406309,8849800
4354,373,386,586210,7095,3406695,8395200
4355,382,326,585828,7151,3407021,8547800
4356,380,400,585448,7131,3407421,8308000
4357,381,356,585067,7156,3407777,8848900
4358,369,337,584698,7188,3408114,11216000
4359,348,364,584350,7172,3408478,14973300
4360,371,318,583979,7225,3408796,9197500
4361,355,370,583624,7210,3409166,11343900
4362,396,344,583228,7262,3409510,9675200
4363,335,382,582893,7215,3409892,9882100
4364,384,327,582509,7272,3410219,10423600
4365,375,376,582134,7271,3410595,9518100
4366,355,349,581779,7277,3410944,9007400
4367,375,382,581404,7270,3411326,9424800
4368,333,385,581071,7218,3411711,8804900
4369,394,327,580677,7285,3412038,8895500
4370,383,362,580294,7306,3412400,8757500
4371,376,342,579918,7340,3412742,8415800
4372,380,329,579538,7391,3413071,8300800
4373,364,363,579174,7392,3413434,8388400
4374,382,352,578792,7422,3413786,8257700
4375,388,391,578404,7419,3414177,8435100
4376,335,371,578069,7383,3414548,8388000
4377,377,359,577692,7401,3414907,9118000
4378,356,350,577336,7407,3415257,10640900
4379,363,335,576973,7435,3415592,18358200
4380,400,366,576573,7469,3415958,9415800
4381,362,372,576211,7459,3416330,9245300
4382,350,345,575861,7464,3416675,9886500
4383,347,366,575514,7445,3417041,9786200
4384,365,381,575149,7429,3417422,9589600
4385,369,364,574780,7434,3417786,8690000
4386,349,370,574431,7413,3418156,8640500
4387,373,366,574058,7420,3418522,9031300
4388,366,398,573692,7388,3418920,8444900
4389,349,377,573343,7360,3419297,8620800
4390,364,368,572979,7356,3419665,8558100
4391,319,402,572660,7273,3420067,8650500
4392,330,375,572330,7228,3420442,8535600
4393,313,378,572017,7163,3420820,8600900
4394,360,364,571657,7159,3421184,8448100
4395,351,336,571306,7174,3421520,8497200
4396,328,339,570978,7163,3421859,9282400
4397,345,374,570633,7134,3422233,8351200
4398,334,373,570299,7095,3422606,8439900
4399,330,372,569969,7053,3422978,8922200
4400,315,353,569654,7015,3423331,8541200
4401,350,350,569304,7015,3423681,8561900
4402,333,359,568971,6989,3424040,8588600
4403,355,347,568616,6997,3424387,8486300
4404,308,361,568308,6944,3424748,8482300
4405,335,361,567973,6918,3425109,8644200
4406,335,325,567638,6928,3425434,8876400
4407,336,364,567302,6900,3425798,8772800
4408,373,311,566929,6962,3426109,8495700
4409,349,343,566580,6968,3426452,8735600
4410,379,351,566201,6996,3426803,8914200
4411,350,340,565851,7006,3427143,8564900
4412,347,330,565504,7023,3427473,8687000
4413,355,346,565149,7032,3427819,8734000
4414,336,334,564813,7034,3428153,8515000
4415,318,343,564495,7009,3428496,8388800
4416,348,359,564147,6998,3428855,8520400
4417,351,364,563796,6985,3429219,8332000
4418,346,361,563450,6970,3429580,8368600
4419,335,361,563115,6944,3429941,8526200
4420,393,342,562722,6995,3430283,8490600
4421,368,380,562354,6983,3430663,8300800
4422,339,349,562015,6973,3431012,8478800
4423,339,328,561676,6984,3431340,8289800
4424,351,367,561325,6968,3431707,8448400
4425,336,366,560989,6938,3432073,8520700
4426,315,357,560674,6896,3432430,8385200
4427,328,337,560346,6887,3432767,8605000
4428,349,347,559997,6889,3433114,8285300
4429,337,337,559660,6889,3433451,8459200
4430,346,345,559314,6890,3433796,8413700
4431,334,371,558980,6853,3434167,8543300
4432,325,325,558655,6853,3434492,8882300
4433,309,356,558346,6806,3434848,8506200
4434,345,346,558001,6805,3435194,8497800
4435,356,329,557645,6832,3435523,8381600
4436,301,324,557344,6809,3435847,8198300
4437,352,311,556992,6850,3436158,8430500
4438,318,373,556674,6795,3436531,8457900
4439,329,366,556345,6758,3436897,8393800
4440,329,319,556016,6768,3437216,8397600
4441,336,344,555680,6760,3437560,8374400
4442,277,327,555403,6710,3437887,8386300
4443,309,357,555094,6662,3438244,8789200
4444,309,364,554785,6607,3438608,8623700
4445,352,364,554433,6595,3438972,8541700
4446,334,327,554099,6602,3439299,8542300
4447,335,345,553764,6592,3439644,8544500
4448,331,366,553433,6557,3440010,8447800
4449,305,314,553128,6548,3440324,8603300
4450,284,318,552844,6514,3440642,8531700
4451,336,300,552508,6550,3440942,8279700
4452,338,310,552170,6578,3441252,8261700
4453,317,369,551853,6526,3441621,8618600
4454,330,339,551523,6517,3441960,8458200
4455,302,335,551221,6484,3442295,8533500
4456,306,346,550915,6444,3442641,8736300
4457,308,346,550607,6406,3442987,8473100
4458,309,321,550298,6394,3443308,8958500
4459,296,356,550002,6334,3443664,8409200
4460,297,322,549705,6309,3443986,8420100
4461,333,338,549372,6304,3444324,8408900
4462,320,317,549052,6307,3444641,8374400
4463,281,309,548771,6279,3444950,8638800
4464,335,310,548436,6304,3445260,8511000
4465,299,305,548137,6298,3445565,8911500
4466,288,309,547849,6277,3445874,8556300
4467,280,326,547569,6231,3446200,8531700
4468,321,344,547248,6208,3446544,8473000
4469,295,318,546953,6185,3446862,8885300
4470,309,327,546644,6167,3447189,8248200
4471,351,303,546293,6215,3447492,8370900
4472,315,291,545978,6239,3447783,8341700
4473,334,303,545644,6270,3448086,8254000
4474,331,344,545313,6257,3448430,8269900
4475,322,346,544991,6233,3448776,8381100
4476,304,319,544687,6218,3449095,9135400
4477,312,294,544375,6236,3449389,8393700
4478,318,301,544057,6253,3449690,8644800
4479,341,310,543716,6284,3450000,8894200
4480,330,296,543386,6318,3450296,10645000
4481,333,316,543053,6335,3450612,13418900
4482,339,285,542714,6389,3450897,9954300
4483,338,347,542376,6380,3451244,9552800
4484,338,320,542038,6398,3451564,9139500
4485,363,310,541675,6451,3451874,9664400
4486,320,346,541355,6425,3452220,9521400
4487,294,324,541061,6395,3452544,11042100
4488,301,307,540760,6389,3452851,9362100
4489,334,355,540426,6368,3453206,9241300
4490,312,328,540114,6352,3453534,8710200
4491,337,313,539777,6376,3453847,8808700
4492,327,316,539450,6387,3454163,8838700
4493,342,280,539108,6449,3454443,8630100
4494,323,321,538785,6451,3454764,8474300
4495,348,342,538437,6457,3455106,8327500
4496,310,334,538127,6433,3455440,8371700
4497,342,305,537785,6470,3455745,8414400
4498,379,330,537406,6519,3456075,8671500
4499,307,309,537099,6517,3456384,8249700
4500,309,324,536790,6502,3456708,8384900
4501,306,331,536484,6477,3457039,8325900
4502,338,331,536146,6484,3457370,8346400
4503,372,329,535774,6527,3457699,8622500
4504,329,325,535445,6531,3458024,8475300
4505,333,332,535112,6532,3458356,9118800
4506,343,321,534769,6554,3458677,8541100
4507,342,324,534427,6572,3459001,8725300
4508,316,347,534111,6541,3459348,8699300
4509,322,325,533789,6538,3459673,8501600
4510,341,319,533448,6560,3459992,8524700
4511,347,339,533101,6568,3460331,8307300
4512,338,316,532763,6590,3460647,8760100
4513,308,332,532455,6566,3460979,8636500
4514,322,339,532133,6549,3461318,8570600
4515,306,344,531827,6511,3461662,8590200
4516,363,315,531464,6559,3461977,8239200
4517,336,348,531128,6547,3462325,8371300
4518,357,329,530771,6575,3462654,8587000
4519,361,312,530410,6624,3462966,8292300
4520,362,347,530048,6639,3463313,8279200
4521,352,315,529696,6676,3463628,8552400
4522,318,351,529378,6643,3463979,8816200
4523,350,313,529028,6680,3464292,8661000
4524,352,309,528676,6723,3464601,8677700
4525,352,329,528324,6746,3464930,8634300
4526,340,335,527984,6751,3465265,8539600
4527,357,349,527627,6759,3465614,8474200
4528,344,339,527283,6764,3465953,8653700
4529,345,327,526938,6782,3466280,8833500
4530,345,354,526593,6773,3466634,8577100
4531,327,361,526266,6739,3466995,8756600
4532,323,340,525943,6722,3467335,9065200
4533,337,347,525606,6712,3467682,8966000
4534,314,334,525292,6692,3468016,9023900
4535,323,355,524969,6660,3468371,9103200
4536,365,321,524604,6704,3468692,9054900
4537,333,332,524271,6705,3469024,9147900
4538,328,358,523943,6675,3469382,8803800
4539,293,330,523650,6638,3469712,8829900
4540,319,340,523331,6617,3470052,9024200
4541,309,335,523022,6591,3470387,8887000
4542,319,311,522703,6599,3470698,8810700
4543,337,334,522366,6602,3471032,9121200
4544,341,307,522025,6636,3471339,8759500
4545,328,314,521697,6650,3471653,9017800
4546,368,332,521329,6686,3471985,9091700
4547,345,321,520984,6710,3472306,9316300
4548,341,337,520643,6714,3472643,9455300
4549,340,329,520303,6725,3472972,8757600
4550,350,304,519953,6771,3473276,9290200
4551,346,345,519607,6772,3473621,9158300
4552,326,303,519281,6795,3473924,8824100
4553,305,349,518976,6751,3474273,9002300
4554,347,338,518629,6760,3474611,9058400
4555,305,325,518324,6740,3474936,8840200
4556,290,368,518034,6662,3475304,8845400
4557,316,319,517718,6659,3475623,8588400
4558,306,324,517412,6641,3475947,8507600
4559,315,337,517097,6619,3476284,8660600
4560,311,366,516786,6564,3476650,8737100
4561,305,311,516481,6558,3476961,8490100
4562,296,332,516185,6522,3477293,8923800
4563,328,313,515857,6537,3477606,8323500
4564,318,336,515539,6519,3477942,8246600
4565,319,321,515220,6517,3478263,8483500
4566,293,337,514927,6473,3478600,8505600
4567,317,321,514610,6469,3478921,8466300
4568,345,316,514265,6498,3479237,8469100
4569,279,314,513986,6463,3479551,8377500
4570,342,285,513644,6520,3479836,8389100
4571,310,322,513334,6508,3480158,8518200
4572,315,287,513019,6536,3480445,8665400
4573,295,343,512724,6488,3480788,8651300
4574,288,289,512436,6487,3481077,8573300
4575,332,338,512104,6481,3481415,8665000
4576,316,303,511788,6494,3481718,9014100
4577,333,338,511455,6489,3482056,8919100
4578,331,325,511124,6495,3482381,9282200
4579,281,329,510843,6447,3482710,8798100
4580,290,305,510553,6432,3483015,9060000
4581,317,323,510236,6426,3483338,8675500
4582,312,293,509924,6445,3483631,8878000
4583,307,319,509617,6433,3483950,8570300
4584,321,306,509296,6448,3484256,8711700
4585,291,321,509005,6418,3484577,8706500
4586,317,329,508688,6406,3484906,8784300
4587,316,278,508372,6444,3485184,8862700
4588,341,333,508031,6452,3485517,8874300
4589,285,313,507746,6424,3485830,8847500
4590,306,323,507440,6407,3486153,8678800
4591,311,298,507129,6420,3486451,9017500
4592,292,340,506837,6372,3486791,9634400
4593,304,353,506533,6323,3487144,9182700
4594,304,308,506229,6319,3487452,9120500
4595,297,322,505932,6294,3487774,9576100
4596,321,339,505611,6276,3488113,9443100
4597,320,316,505291,6280,3488429,9447100
4598,341,310,504950,6311,3488739,8831400
4599,326,329,504624,6308,3489068,8628700
4600,321,309,504303,6320,3489377,8635800
4601,314,311,503989,6323,3489688,8679000
4602,315,345,503674,6293,3490033,8795600
4603,280,308,503394,6265,3490341,8700000
4604,341,304,503053,6302,3490645,8791800
4605,305,315,502748,6292,3490960,8526000
4606,316,308,502432,6300,3491268,8746000
4607,266,333,502166,6233,3491601,8540100
4608,301,312,501865,6222,3491913,8679100
4609,328,311,501537,6239,3492224,8880500
4610,299,322,501238,6216,3492546,8775400
4611,322,323,500916,6215,3492869,8621200
4612,275,331,500641,6159,3493200,8708500
4613,299,330,500342,6128,3493530,8627900
4614,306,292,500036,6142,3493822,8702900
4615,303,303,499733,6142,3494125,8989800
4616,286,298,499447,6130,3494423,8578500
4617,318,282,499129,6166,3494705,9521700
4618,293,329,498836,6130,3495034,8678200
4619,316,282,498520,6164,3495316,8700900
4620,278,315,498242,6127,3495631,8942800
4621,301,310,497941,6118,3495941,8395700
4622,312,304,497629,6126,3496245,8783500
4623,304,291,497325,6139,3496536,8603400
4624,298,291,497027,6146,3496827,9000400
4625,296,284,496731,6158,3497111,8607200
4626,299,325,496432,6132,3497436,9184000
4627,325,328,496107,6129,3497764,8830400
4628,324,307,495783,6146,3498071,9387100
4629,305,276,495478,6175,3498347,9011200
4630,294,299,495184,6170,3498646,8619200
4631,332,332,494852,6170,3498978,8771500
4632,287,313,494565,6144,3499291,8990500
4633,308,303,494257,6149,3499594,9220600
4634,327,314,493930,6162,3499908,10954600
4635,309,317,493621,6154,3500225,8919000
4636,299,298,493322,6155,3500523,8938800
4637,324,294,492998,6185,3500817,8891100
4638,278,282,492720,6181,3501099,8645500
4639,280,294,492440,6167,3501393,8903300
4640,269,303,492171,6133,3501696,8625900
4641,290,285,491881,6138,3501981,8839500
4642,302,322,491579,6118,3502303,9354600
4643,285,298,491294,6105,3502601,8765800
4644,290,312,491004,6083,3502913,8811500
4645,284,304,490720,6063,3503217,8804600
4646,279,322,490441,6020,3503539,8550800
4647,270,309,490171,5981,3503848,8812600
4648,273,285,489898,5969,3504133,9420200
4649,286,304,489612,5951,3504437,9067100
4650,263,300,489349,5914,3504737,10246800
4651,285,291,489064,5908,3505028,8703200
4652,297,292,488767,5913,3505320,8895800
4653,285,289,488482,5909,3505609,10058700
4654,278,301,488204,5886,3505910,9095900
4655,292,298,487912,5880,3506208,11119800
4656,266,294,487646,5852,3506502,10640100
4657,283,274,487363,5861,3506776,9500400
4658,274,315,487089,5820,3507091,9138400
4659,275,307,486814,5788,3507398,9143500
4660,279,293,486535,5774,3507691,9097700
4661,303,297,486232,5780,3507988,8393600
4662,283,303,485949,5760,3508291,8526200
4663,275,280,485674,5755,3508571,8959400
4664,283,317,485391,5721,3508888,8362600
4665,275,293,485116,5703,3509181,8501200
4666,284,288,484832,5699,3509469,8440500
4667,267,332,484565,5634,3509801,8352600
4668,299,274,484266,5659,3510075,8232300
4669,267,270,483999,5656,3510345,8289800
4670,310,275,483689,5691,3510620,8258700
4671,284,295,483405,5680,3510915,8472500
4672,275,280,483130,5675,3511195,8466000
4673,291,276,482839,5690,3511471,8455900
4674,299,274,482540,5715,3511745,8360600
4675,289,279,482251,5725,3512024,8214200
4676,280,302,481971,5703,3512326,8415000
4677,283,268,481688,5718,3512594,8442900
4678,323,306,481365,5735,3512900,8697200
4679,282,304,481083,5713,3513204,8425400
4680,282,322,480801,5673,3513526,8440000
4681,295,291,480506,5677,3513817,8384700
4682,322,289,480184,5710,3514106,8502300
4683,305,270,479879,5745,3514376,8484400
4684,297,285,479582,5757,3514661,8358700
4685,285,305,479297,5737,3514966,8474100
4686,299,299,478998,5737,3515265,8532500
4687,295,278,478703,5754,3515543,8743000
4688,263,303,478440,5714,3515846,8557900
4689,306,256,478134,5764,3516102,8466900
4690,301,274,477833,5791,3516376,8307400
4691,277,301,477556,5767,3516677,8693200
4692,307,293,477249,5781,3516970,8900900
4693,261,299,476988,5743,3517269,9471100
4694,263,311,476725,5695,3517580,8585100
4695,280,276,476445,5699,3517856,8485100
4696,237,312,476208,5624,3518168,8497800
4697,285,267,475923,5642,3518435,8698600
4698,290,307,475633,5625,3518742,8414200
4699,276,257,475357,5644,3518999,8394200
4700,286,292,475071,5638,3519291,8445500
4701,262,283,474809,5617,3519574,8349700
4702,267,308,474542,5576,3519882,8384300
4703,287,280,474255,5583,3520162,8463000
4704,291,297,473964,5577,3520459,8382900
4705,252,291,473712,5538,3520750,8170300
4706,294,274,473418,5558,3521024,8161800
4707,290,280,473128,5568,3521304,8312800
4708,307,278,472821,5597,3521582,8386300
4709,307,268,472514,5636,3521850,8275800
4710,296,284,472218,5648,3522134,8492400
4711,273,269,471945,5652,3522403,8292600
4712,301,281,471644,5672,3522684,8378300
4713,278,281,471366,5669,3522965,8372000
4714,257,273,471109,5653,3523238,8355600
4715,284,290,470825,5647,3523528,8376700
4716,290,281,470535,5656,3523809,8363300
4717,323,308,470212,5671,3524117,8624000
4718,315,290,469897,5696,3524407,8684500
4719,301,275,469596,5722,3524682,8660600
4720,273,278,469323,5717,3524960,8538600
4721,297,291,469026,5723,3525251,8444900
4722,275,312,468751,5686,3525563,8361200
4723,287,303,468464,5670,3525866,8600200
4724,264,263,468200,5671,3526129,8628600
4725,277,280,467923,5668,3526409,8293500
4726,289,299,467634,5658,3526708,8507100
4727,280,288,467354,5650,3526996,8372500
4728,299,282,467055,5667,3527278,8354500
4729,331,292,466724,5706,3527570,8174800
4730,272,287,466452,5691,3527857,8747400
4731,275,268,466177,5698,3528125,8311700
4732,286,252,465891,5732,3528377,8441600
4733,306,275,465585,5763,3528652,8369000
4734,295,266,465290,5792,3528918,8714700
4735,272,333,465018,5731,3529251,8505100
4736,285,276,464733,5740,3529527,8555700
4737,296,272,464437,5764,3529799,8534800
4738,286,293,464151,5757,3530092,8379500
4739,284,288,463867,5753,3530380,8587300
4740,287,304,463580,5736,3530684,8366900
4741,322,277,463258,5781,3530961,8568000
4742,268,272,462990,5777,3531233,8759700
4743,299,304,462691,5772,3531537,8548000
4744,286,281,462405,5777,3531818,8415100
4745,282,307,462123,5752,3532125,8453400
4746,278,289,461845,5741,3532414,8536200
4747,284,266,461561,5759,3532680,8516700
4748,288,261,461273,5786,3532941,8501900
4749,272,292,461001,5766,3533233,8746400
4750,266,296,460735,5736,3533529,8445100
4751,279,288,460456,5727,3533817,8414200
4752,288,272,460168,5743,3534089,8532700
4753,266,278,459902,5731,3534367,8327300
4754,264,297,459638,5698,3534664,8756300
4755,268,278,459370,5688,3534942,8346100
4756,276,286,459094,5678,3535228,8638000
4757,301,299,458793,5680,3535527,8464900
4758,293,260,458500,5713,3535787,8583100
4759,315,286,458185,5742,3536073,8577700
4760,282,296,457903,5728,3536369,8412400
4761,252,279,457651,5701,3536648,8503600
4762,281,312,457370,5670,3536960,8375500
4763,259,272,457111,5657,3537232,8492200
4764,284,281,456827,5660,3537513,8257000
4765,282,304,456545,5638,3537817,8995400
4766,284,271,456261,5651,3538088,8619700
4767,282,287,455979,5646,3538375,8318700
4768,290,252,455689,5684,3538627,8608200
4769,254,302,455435,5636,3538929,8319000
4770,303,293,455132,5646,3539222,8483700
4771,260,278,454872,5628,3539500,8302500
4772,255,299,454617,5584,3539799,8206300
4773,285,282,454332,5587,3540081,8287500
4774,266,276,454066,5577,3540357,8353500
4775,268,314,453798,5531,3540671,8221100
4776,239,269,453559,5501,3540940,8495100
4777,266,290,453293,5477,3541230,8616100
4778,247,281,453046,5443,3541511,8647700
4779,272,246,452774,5469,3541757,8693700
4780,248,253,452526,5464,3542010,8271600
4781,251,286,452275,5429,3542296,8548800
4782,275,270,452000,5434,3542566,8425300
4783,286,277,451714,5443,3542843,8362200
4784,261,288,451453,5416,3543131,8438600
4785,292,261,451161,5447,3543392,8467700
4786,315,258,450846,5504,3543650,8486100
4787,290,277,450556,5517,3543927,8572700
4788,296,277,450260,5536,3544204,8889200
4789,254,233,450006,5557,3544437,8690700
4790,296,285,449710,5568,3544722,8567900
4791,298,278,449412,5588,3545000,8483400
4792,276,269,449136,5595,3545269,8530500
4793,294,260,448842,5629,3545529,8413500
4794,276,263,448566,5642,3545792,8500700
4795,272,274,448294,5640,3546066,8562000
4796,285,264,448009,5661,3546330,8695600
4797,290,278,447719,5673,3546608,9139500
4798,266,286,447453,5653,3546894,8445400
4799,256,291,447197,5618,3547185,8580400
4800,256,296,446941,5578,3547481,8351100
4801,283,277,446658,5584,3547758,8628800
4802,275,292,446383,5567,3548050,8453000
4803,280,294,446103,5553,3548344,8528700
4804,276,255,445827,5574,3548599,8701200
4805,262,289,445565,5547,3548888,8609500
4806,289,253,445276,5583,3549141,8410300
4807,274,272,445002,5585,3549413,8419300
4808,251,268,444751,5568,3549681,8987000
4809,244,275,444507,5537,3549956,8385000
4810,275,266,444232,5546,3550222,8558700
4811,263,283,443969,5526,3550505,8446100
4812,249,262,443720,5513,3550767,8632200
4813,285,293,443435,5505,3551060,8540700
4814,249,261,443186,5493,3551321,8712700
4815,266,259,442920,5500,3551580,8430700
4816,251,290,442669,5461,3551870,8642800
4817,296,277,442373,5480,3552147,8493500
4818,263,253,442110,5490,3552400,8270000
4819,279,266,441831,5503,3552666,8560300
4820,276,265,441555,5514,3552931,8273600
4821,264,248,441291,5530,3553179,8395000
4822,284,233,441007,5581,3553412,8465900
4823,271,246,440736,5606,3553658,8597800
4824,276,280,440460,5602,3553938,8452800
4825,274,302,440186,5574,3554240,8419400
4826,307,268,439879,5613,3554508,8438300
4827,274,292,439605,5595,3554800,8927000
4828,261,271,439344,5585,3555071,8530100
4829,284,284,439060,5585,3555355,8514400
4830,301,269,438759,5617,3555624,8345100
4831,265,302,438494,5580,3555926,8325700
4832,291,261,438203,5610,3556187,8300500
4833,307,268,437896,5649,3556455,8341900
4834,272,301,437624,5620,3556756,8416500
4835,299,316,437325,5603,3557072,8529400
4836,281,274,437044,5610,3557346,8559500
4837,286,256,436758,5640,3557602,8665900
4838,266,265,436492,5641,3557867,8512100
4839,272,291,436220,5622,3558158,8380500
4840,266,277,435954,5611,3558435,8456700
4841,301,277,435653,5635,3558712,8522200
4842,266,291,435387,5610,3559003,8509000
4843,296,277,435091,5629,3559280,8529400
4844,282,261,434809,5650,3559541,9069200
4845,253,297,434556,5606,3559838,9336100
4846,272,284,434284,5594,3560122,8774200
4847,258,285,434026,5567,3560407,8695700
4848,282,280,433744,5569,3560687,8564900
4849,262,282,433482,5549,3560969,8603300
4850,238,282,433244,5505,3561251,8376800
4851,282,272,432962,5515,3561523,8510100
4852,272,270,432690,5517,3561793,8542000
4853,262,294,432428,5485,3562087,8310200
4854,260,295,432168,5450,3562382,8334100
4855,266,282,431902,5434,3562664,8525600
4856,262,268,431640,5428,3562932,9189800
4857,250,277,431390,5401,3563209,8547200
4858,242,254,431148,5389,3563463,8390400
4859,275,267,430873,5397,3563730,8528500
4860,239,284,430634,5352,3564014,8332000
4861,255,264,430379,5343,3564278,8276200
4862,254,267,430125,5330,3564545,8433000
4863,256,292,429869,5294,3564837,8909100
4864,238,261,429631,5271,3565098,8315900
4865,254,242,429377,5283,3565340,8576500
4866,271,272,429106,5282,3565612,8938700
4867,274,275,428832,5281,3565887,11461900
4868,255,259,428577,5277,3566146,16942000
4869,282,294,428295,5265,3566440,9600800
4870,249,276,428046,5238,3566716,9026900
4871,249,271,427797,5216,3566987,11250800
4872,280,270,427517,5226,3567257,9271700
4873,271,271,427246,5226,3567528,8836900
4874,272,251,426974,5247,3567779,8915200
4875,250,259,426724,5238,3568038,9916800
4876,256,260,426468,5234,3568298,14803400
4877,250,277,426218,5207,3568575,9202700
4878,268,264,425950,5211,3568839,8667200
4879,257,279,425693,5189,3569118,9214500
4880,257,279,425436,5167,3569397,8482400
4881,251,247,425185,5171,3569644,8440100
4882,282,259,424903,5194,3569903,8397700
4883,253,258,424650,5189,3570161,8330100
4884,264,241,424386,5212,3570402,8592900
4885,234,258,424152,5188,3570660,8353000
4886,262,306,423890,5144,3570966,8191300
4887,264,271,423626,5137,3571237,8343000
4888,301,271,423325,5167,3571508,8356600
4889,246,270,423079,5143,3571778,8271100
4890,274,270,422805,5147,3572048,8317000
4891,265,254,422540,5158,3572302,8511300
4892,255,235,422285,5178,3572537,8180000
4893,297,280,421988,5195,3572817,8395100
4894,270,287,421718,5178,3573104,8310400
4895,268,273,421450,5173,3573377,8335100
4896,294,255,421156,5212,3573632,8268000
4897,267,278,420889,5201,3573910,8340700
4898,250,261,420639,5190,3574171,8484200
4899,249,248,420390,5191,3574419,8429900
4900,258,259,420132,5190,3574678,8244900
4901,236,281,419896,5145,3574959,8319900
4902,251,248,419645,5148,3575207,8400800
4903,241,268,419404,5121,3575475,8546600
4904,268,258,419136,5131,3575733,8438000
4905,252,241,418884,5142,3575974,8435000
4906,277,238,418607,5181,3576212,8484000
4907,285,225,418322,5241,3576437,8344400
4908,290,267,418032,5264,3576704,8269000
4909,250,273,417782,5241,3576977,8435200
4910,247,273,417535,5215,3577250,9035800
4911,252,264,417283,5203,3577514,8740600
4912,254,252,417029,5205,3577766,8503200
4913,266,236,416763,5235,3578002,8412100
4914,274,272,416489,5237,3578274,8312900
4915,274,256,416215,5255,3578530,8247300
4916,255,264,415960,5246,3578794,8501700
4917,243,277,415717,5212,3579071,8368200
4918,278,273,415439,5217,3579344,8483200
4919,236,264,415203,5189,3579608,8457300
4920,247,253,414956,5183,3579861,8459200
4921,240,254,414716,5169,3580115,8701300
4922,241,246,414475,5164,3580361,9587200
4923,261,264,414214,5161,3580625,10985100
4924,257,269,413957,5149,3580894,16720000
4925,262,250,413695,5161,3581144,9566500
4926,230,273,413465,5118,3581417,9132700
4927,248,261,413217,5105,3581678,11190200
4928,240,261,412977,5084,3581939,9496800
4929,226,267,412751,5043,3582206,8686500
4930,233,260,412518,5016,3582466,9036700
4931,241,268,412277,4989,3582734,12822800
4932,253,246,412024,4996,3582980,8924800
4933,238,250,411786,4984,3583230,8682600
4934,238,235,411548,4987,3583465,8590600
4935,253,269,411295,4971,3583734,8851100
4936,237,253,411058,4955,3583987,8258400
4937,198,228,410860,4925,3584215,8288900
4938,215,218,410645,4922,3584433,8264700
4939,241,224,410404,4939,3584657,8385000
4940,232,228,410172,4943,3584885,8451400
4941,266,269,409906,4940,3585154,8313200
4942,255,218,409651,4977,3585372,8370700
4943,237,240,409414,4974,3585612,8309200
4944,246,229,409168,4991,3585841,8447500
4945,242,246,408926,4987,3586087,8712500
4946,247,248,408679,4986,3586335,8328500
4947,270,223,408409,5033,3586558,8600700
4948,267,261,408142,5039,3586819,8592100
4949,242,268,407900,5013,3587087,8632700
4950,272,254,407628,5031,3587341,8463300
4951,267,220,407361,5078,3587561,8353400
4952,259,261,407102,5076,3587822,10299800
4953,273,239,406829,5110,3588061,8543100
4954,239,262,406590,5087,3588323,9148500
4955,263,272,406327,5078,3588595,9418400
4956,267,242,406060,5103,3588837,8415200
4957,237,260,405823,5080,3589097,8404600
4958,271,237,405552,5114,3589334,8404900
4959,250,258,405302,5106,3589592,8286600
4960,271,278,405031,5099,3589870,8426000
4961,245,269,404786,5075,3590139,9430000
4962,281,255,404505,5101,3590394,8753800
4963,251,263,404254,5089,3590657,9573600
4964,280,260,403974,5109,3590917,11076900
4965,263,265,403711,5107,3591182,11677000
4966,256,280,403455,5083,3591462,11823600
4967,248,253,403207,5078,3591715,14157600
4968,264,257,402943,5085,3591972,12212200
4969,286,237,402657,5134,3592209,13338500
4970,262,257,402395,5139,3592466,13651500
4971,278,261,402117,5156,3592727,12709200
4972,230,249,401887,5137,3592976,11997300
4973,255,274,401632,5118,3593250,10593500
4974,277,263,401355,5132,3593513,11390100
4975,238,264,401117,5106,3593777,11815300
4976,253,235,400864,5124,3594012,9936600
4977,273,239,400591,5158,3594251,9308400
4978,264,254,400327,5168,3594505,9106500
4979,246,283,400081,5131,3594788,9817500
4980,246,252,399835,5125,3595040,9338400
4981,235,247,399600,5113,3595287,9850600
4982,288,249,399312,5152,3595536,10985000
4983,231,250,399081,5133,3595786,10072700
4984,230,282,398851,5081,3596068,9627100
4985,235,240,398616,5076,3596308,8788800
4986,244,245,398372,5075,3596553,8599900
4987,213,280,398159,5008,3596833,8482300
4988,249,209,397910,5048,3597042,8472300
4989,242,266,397668,5024,3597308,9029400
4990,237,257,397431,5004,3597565,8466400
4991,272,249,397159,5027,3597814,8600500
4992,244,226,396915,5045,3598040,8613900
4993,281,268,396634,5058,3598308,8606300
4994,221,260,396413,5019,3598568,8871300
4995,231,260,396182,4990,3598828,9213700
4996,235,240,395947,4985,3599068,8611100
4997,244,263,395703,4966,3599331,8593200
4998,225,246,395478,4945,3599577,8741600
4999,239,237,395239,4947,3599814,9318200
5000,231,264,395008,4914,3600078,8589900
5001,259,234,394749,4939,3600312,8550600
5002,253,245,394496,4947,3600557,8463800
5003,244,253,394252,4938,3600810,8357800
5004,236,243,394016,4931,3601053,8486800
5005,244,269,393772,4906,3601322,8773800
5006,239,260,393533,4885,3601582,8537100
5007,228,252,393305,4861,3601834,9358100
5008,227,260,393078,4828,3602094,8438700
5009,244,267,392834,4805,3602361,8815300
5010,265,236,392569,4834,3602597,8769200
5011,252,268,392317,4818,3602865,8775400
5012,254,228,392063,4844,3603093,8474900
5013,227,228,391836,4843,3603321,8343000
5014,254,242,391582,4855,3603563,8332400
5015,242,249,391340,4848,3603812,8222500
5016,241,231,391099,4858,3604043,8169500
5017,255,219,390844,4894,3604262,8508400
5018,271,236,390573,4929,3604498,9667700
5019,268,260,390305,4937,3604758,8323400
5020,259,256,390046,4940,3605014,8238300
5021,230,255,389816,4915,3605269,8300800
5022,227,262,389589,4880,3605531,8469400
5023,239,218,389350,4901,3605749,8344900
5024,234,230,389116,4905,3605979,8325600
5025,261,231,388855,4935,3606210,8313300
5026,253,258,388602,4930,3606468,8485800
5027,243,244,388359,4929,3606712,8492300
5028,237,259,388122,4907,3606971,8178100
5029,219,244,387903,4882,3607215,8770600
5030,231,277,387672,4836,3607492,9053300
5031,255,268,387417,4823,3607760,10165200
5032,234,273,387183,4784,3608033,9041900
5033,229,237,386954,4776,3608270,10213600
5034,240,245,386714,4771,3608515,9733500
5035,234,247,386480,4758,3608762,8622100
5036,246,230,386234,4774,3608992,9437700
5037,239,236,385995,4777,3609228,8762100
5038,231,218,385764,4790,3609446,8666100
5039,253,251,385511,4792,3609697,8758200
5040,225,225,385286,4792,3609922,8437500
5041,234,240,385052,4786,3610162,8970500
5042,212,245,384840,4753,3610407,8420900
5043,235,253,384605,4735,3610660,8661900
5044,240,237,384365,4738,3610897,8612900
5045,246,213,384119,4771,3611110,8744800
5046,256,247,383863,4780,3611357,8734900
5047,245,211,383618,4814,3611568,8440000
5048,248,226,383370,4836,3611794,8655700
5049,219,242,383151,4813,3612036,8368100
5050,263,252,382888,4824,3612288,8588600
5051,250,270,382638,4804,3612558,8732100
5052,260,246,382378,4818,3612804,8879000
5053,241,223,382137,4836,3613027,9439300
5054,221,237,381916,4820,3613264,8868800
5055,213,234,381703,4799,3613498,8796800
5056,218,256,381485,4761,3613754,8600800
5057,254,224,381231,4791,3613978,8656300
5058,239,251,380992,4779,3614229,10599100
5059,233,238,380759,4774,3614467,21071000
5060,217,210,380542,4781,3614677,8930600
5061,253,251,380289,4783,3614928,9091600
5062,234,238,380055,4779,3615166,9555400
5063,227,238,379828,4768,3615404,9490700
5064,235,212,379593,4791,3615616,10147100
5065,235,237,379358,4789,3615853,10473400
5066,226,253,379132,4762,3616106,9017000
5067,231,243,378901,4750,3616349,9053200
5068,236,248,378665,4738,3616597,8786200
5069,250,240,378415,4748,3616837,8767100
5070,222,234,378193,4736,3617071,8928100
5071,245,225,377948,4756,3617296,8787700
5072,257,236,377691,4777,3617532,8354600
5073,234,217,377457,4794,3617749,8556600
5074,239,216,377218,4817,3617965,8392600
5075,249,222,376969,4844,3618187,9440700
5076,244,255,376725,4833,3618442,8915500
5077,257,231,376468,4859,3618673,9315100
5078,226,230,376242,4855,3618903,8951200
5079,218,248,376024,4825,3619151,8806200
5080,242,236,375782,4831,3619387,8584800
5081,214,246,375568,4799,3619633,8535900
5082,245,238,375323,4806,3619871,8679000
5083,213,229,375110,4790,3620100,8651400
5084,221,260,374889,4751,3620360,9284700
5085,231,217,374658,4765,3620577,8928300
5086,250,216,374408,4799,3620793,8805600
5087,227,240,374181,4786,3621033,10329300
5088,266,240,373915,4812,3621273,12316200
5089,238,233,373677,4817,3621506,10530800
5090,260,214,373417,4863,3621720,12999400
5091,245,254,373172,4854,3621974,11012400
5092,254,273,372918,4835,3622247,9637700
5093,235,227,372683,4843,3622474,9564100
5094,277,238,372406,4882,3622712,8966800
5095,231,232,372175,4881,3622944,9330100
5096,270,243,371905,4908,3623187,18760000
5097,252,251,371653,4909,3623438,11556900
5098,277,231,371376,4955,3623669,9398100
5099,228,267,371148,4916,3623936,9137500
5100,224,258,370924,4882,3624194,9131800
5101,264,242,370660,4904,3624436,8965100
5102,265,231,370395,4938,3624667,8764500
5103,245,235,370150,4948,3624902,11280400
5104,252,236,369898,4964,3625138,11040000
5105,236,217,369662,4983,3625355,8981300
5106,255,255,369407,4983,3625610,9064600
5107,266,247,369141,5002,3625857,9023600
5108,237,254,368904,4985,3626111,8658700
5109,267,248,368637,5004,3626359,8420100
5110,237,267,368400,4974,3626626,8606900
5111,270,261,368130,4983,3626887,8471700
5112,235,241,367895,4977,3627128,8402300
5113,228,279,367667,4926,3627407,8386700
5114,242,240,367425,4928,3627647,8399000
5115,242,257,367183,4913,3627904,8403800
5116,227,246,366956,4894,3628150,8342200
5117,209,252,366747,4851,3628402,8503800
5118,233,230,366514,4854,3628632,8500300
5119,261,241,366253,4874,3628873,10128500
5120,226,235,366027,4865,3629108,17127400
5121,240,239,365787,4866,3629347,8849700
5122,262,243,365525,4885,3629590,8760700
5123,214,256,365311,4843,3629846,8798600
5124,233,224,365078,4852,3630070,9624600
5125,241,251,364837,4842,3630321,9321800
5126,235,244,364602,4833,3630565,9342500
5127,215,228,364387,4820,3630793,8549400
5128,209,227,364178,4802,3631020,8408800
5129,190,261,363988,4731,3631281,8388800
5130,236,265,363752,4702,3631546,9009100
5131,221,228,363531,4695,3631774,8424100
5132,207,265,363324,4637,3632039,8443600
5133,184,217,363140,4604,3632256,8286400
5134,220,256,362920,4568,3632512,8321700
5135,211,219,362709,4560,3632731,8173500
5136,249,224,362460,4585,3632955,8322600
5137,201,254,362259,4532,3633209,8402400
5138,201,220,362058,4513,3633429,8460600
5139,206,201,361852,4518,3633630,8578800
5140,206,227,361646,4497,3633857,8457600
5141,211,218,361435,4490,3634075,8280100
5142,197,233,361238,4454,3634308,8361700
5143,214,207,361024,4461,3634515,9063800
5144,223,218,360801,4466,3634733,9035400
5145,221,229,360580,4458,3634962,8373000
5146,220,234,360360,4444,3635196,8491800
5147,220,216,360140,4448,3635412,8854700
5148,196,222,359944,4422,3635634,8559800
5149,220,249,359724,4393,3635883,8338700
5150,190,238,359534,4345,3636121,8419300
5151,210,223,359324,4332,3636344,8465000
5152,215,226,359109,4321,3636570,8303700
5153,199,229,358910,4291,3636799,8148000
5154,199,192,358711,4298,3636991,8390500
5155,218,194,358493,4322,3637185,8626300
5156,253,227,358240,4348,3637412,8317300
5157,227,205,358013,4370,3637617,8259700
5158,222,232,357791,4360,3637849,8331600
5159,236,225,357555,4371,3638074,8590000
5160,209,246,357346,4334,3638320,8452800
5161,203,172,357143,4365,3638492,8378300
5162,206,230,356937,4341,3638722,8912500
5163,208,206,356729,4343,3638928,8705500
5164,213,215,356516,4341,3639143,8498600
5165,210,194,356306,4357,3639337,8391700
5166,229,216,356077,4370,3639553,8434400
5167,192,209,355885,4353,3639762,8376400
5168,219,238,355666,4334,3640000,8531200
5169,195,228,355471,4301,3640228,8398300
5170,210,227,355261,4284,3640455,8446100
5171,202,200,355059,4286,3640655,8523100
5172,218,211,354841,4293,3640866,8487400
5173,234,203,354607,4324,3641069,8382100
5174,235,224,354372,4335,3641293,8309700
5175,237,210,354135,4362,3641503,8220000
5176,218,197,353917,4383,3641700,8194400
5177,240,197,353677,4426,3641897,8449100
5178,224,220,353453,4430,3642117,8232800
5179,219,227,353234,4422,3642344,8635600
5180,216,232,353018,4406,3642576,8193700
5181,211,227,352807,4390,3642803,8141100
5182,238,219,352569,4409,3643022,8205500
5183,201,225,352368,4385,3643247,8451500
5184,214,232,352154,4367,3643479,8262100
5185,196,212,351958,4351,3643691,8282900
5186,215,187,351743,4379,3643878,8464000
5187,195,201,351548,4373,3644079,8543100
5188,210,228,351338,4355,3644307,8793600
5189,222,227,351116,4350,3644534,9413100
5190,204,227,350912,4327,3644761,16910900
5191,207,221,350705,4313,3644982,9022000
5192,224,224,350481,4313,3645206,8836300
5193,193,208,350288,4298,3645414,8856200
5194,208,218,350080,4288,3645632,10214700
5195,237,209,349843,4316,3645841,9014400
5196,211,229,349632,4298,3646070,8642400
5197,236,201,349396,4333,3646271,8518500
5198,213,221,349183,4325,3646492,8680600
5199,209,224,348974,4310,3646716,8336300
5200,218,210,348756,4318,3646926,9003900
5201,225,197,348531,4346,3647123,9058500
5202,227,212,348304,4361,3647335,8551000
5203,200,207,348104,4354,3647542,8366700
5204,207,207,347897,4354,3647749,8245400
5205,215,207,347682,4362,3647956,8181200
5206,207,217,347475,4352,3648173,8542200
5207,187,201,347288,4338,3648374,8424100
5208,226,247,347062,4317,3648621,8337100
5209,209,200,346853,4326,3648821,8334800
5210,196,209,346657,4313,3649030,8209400
5211,180,208,346477,4285,3649238,8281900
5212,227,203,346250,4309,3649441,8134000
5213,184,218,346066,4275,3649659,8242000
5214,195,215,345871,4255,3649874,8364600
5215,210,197,345661,4268,3650071,8187900
5216,233,209,345428,4292,3650280,8082700
5217,206,218,345222,4280,3650498,8397600
5218,213,244,345009,4249,3650742,8203600
5219,214,235,344795,4228,3650977,8319100
5220,228,230,344567,4226,3651207,8327500
5221,200,231,344367,4195,3651438,8244700
5222,210,214,344157,4191,3651652,8440700
5223,213,215,343944,4189,3651867,8397600
5224,201,182,343743,4208,3652049,8201700
5225,208,218,343535,4198,3652267,8270700
5226,226,220,343309,4204,3652487,8272600
5227,219,218,343090,4205,3652705,8289400
5228,240,186,342850,4259,3652891,8633900
5229,238,198,342612,4299,3653089,8307200
5230,227,212,342385,4314,3653301,8454200
5231,247,217,342138,4344,3653518,8205100
5232,225,222,341913,4347,3653740,8482000
5233,219,220,341694,4346,3653960,8414900
5234,199,215,341495,4330,3654175,8444500
5235,208,207,341287,4331,3654382,8234600
5236,202,186,341085,4347,3654568,8441700
5237,202,227,340883,4322,3654795,8214400
5238,212,221,340671,4313,3655016,8367400
5239,214,207,340457,4320,3655223,8342200
5240,231,218,340226,4333,3655441,8228700
5241,238,213,339988,4358,3655654,8547700
5242,233,233,339755,4358,3655887,8243800
5243,230,229,339525,4359,3656116,8171900
5244,193,230,339332,4322,3656346,8344800
5245,216,231,339116,4307,3656577,8133000
5246,196,206,338920,4297,3656783,8167300
5247,193,210,338727,4280,3656993,8302800
5248,203,223,338524,4260,3657216,8193000
5249,194,218,338330,4236,3657434,8561600
5250,189,210,338141,4215,3657644,8520800
5251,195,228,337946,4182,3657872,8529400
5252,207,201,337739,4188,3658073,8470000
5253,210,198,337529,4200,3658271,8513500
5254,234,223,337295,4211,3658494,8329600
5255,219,209,337076,4221,3658703,8220900
5256,205,219,336871,4207,3658922,8711900
5257,219,210,336652,4216,3659132,8919500
5258,209,198,336443,4227,3659330,8363700
5259,196,189,336247,4234,3659519,8447700
5260,201,192,336046,4243,3659711,9099700
5261,223,214,335823,4252,3659925,8742300
5262,214,224,335609,4242,3660149,8365500
5263,223,229,335386,4236,3660378,8374500
5264,217,197,335169,4256,3660575,8721400
5265,192,198,334977,4250,3660773,8307200
5266,225,195,334752,4280,3660968,8261500
5267,208,225,334544,4263,3661193,8420100
5268,186,209,334358,4240,3661402,8369700
5269,181,213,334177,4208,3661615,8225100
5270,218,222,333959,4204,3661837,8202600
5271,213,204,333746,4213,3662041,9520500
5272,213,188,333533,4238,3662229,8806600
5273,199,211,333334,4226,3662440,8718900
5274,200,226,333134,4200,3662666,8240300
5275,202,176,332932,4226,3662842,8237000
5276,206,241,332726,4191,3663083,8276300
5277,192,197,332534,4186,3663280,8157100
5278,198,200,332336,4184,3663480,8111100
5279,186,233,332150,4137,3663713,8250900
5280,204,216,331946,4125,3663929,8697000
5281,182,208,331764,4099,3664137,9058900
5282,196,212,331568,4083,3664349,10529200
5283,205,222,331363,4066,3664571,18439000
5284,183,218,331180,4031,3664789,9757000
5285,188,203,330992,4016,3664992,10115800
5286,179,206,330813,3989,3665198,9234900
5287,163,198,330650,3954,3665396,9454500
5288,179,183,330471,3950,3665579,9643300
5289,181,191,330290,3940,3665770,10272100
5290,165,212,330125,3893,3665982,10962200
5291,186,183,329939,3896,3666165,8477700
5292,172,185,329767,3883,3666350,8470700
5293,183,199,329584,3867,3666549,8698600
5294,180,193,329404,3854,3666742,8516600
5295,187,203,329217,3838,3666945,8470400
5296,194,200,329023,3832,3667145,8215900
5297,177,203,328846,3806,3667348,8384200
5298,157,177,328689,3786,3667525,8374400
5299,192,197,328497,3781,3667722,8345100
5300,169,193,328328,3757,3667915,8295700
5301,198,168,328130,3787,3668083,8376700
5302,187,189,327943,3785,3668272,8383100
5303,203,185,327740,3803,3668457,8354100
5304,183,188,327557,3798,3668645,8287300
5305,187,189,327370,3796,3668834,8676100
5306,175,206,327195,3765,3669040,8232900
5307,200,182,326995,3783,3669222,8605900
5308,196,203,326799,3776,3669425,8247600
5309,197,180,326602,3793,3669605,8448600
5310,177,196,326425,3774,3669801,8377700
5311,179,202,326246,3751,3670003,8416200
5312,197,187,326049,3761,3670190,8381100
5313,173,167,325876,3767,3670357,8395600
5314,190,206,325686,3751,3670563,8554200
5315,185,183,325501,3753,3670746,8424800
5316,193,209,325308,3737,3670955,8185000
5317,212,200,325096,3749,3671155,8842700
5318,214,171,324882,3792,3671326,8458600
5319,185,195,324697,3782,3671521,8225500
5320,207,190,324490,3799,3671711,8428100
5321,181,187,324309,3793,3671898,8529100
5322,203,179,324106,3817,3672077,8235900
5323,195,183,323911,3829,3672260,8463500
5324,200,183,323711,3846,3672443,8564500
5325,204,218,323507,3832,3672661,8448500
5326,206,189,323301,3849,3672850,8369900
5327,198,210,323103,3837,3673060,8330500
5328,184,198,322919,3823,3673258,8411600
5329,203,186,322716,3840,3673444,8232800
5330,202,181,322514,3861,3673625,8348100
5331,197,202,322317,3856,3673827,8569700
5332,204,172,322113,3888,3673999,8408900
5333,194,185,321919,3897,3674184,8332100
5334,199,192,321720,3904,3674376,8343800
5335,193,189,321527,3908,3674565,8243200
5336,162,194,321365,3876,3674759,8468500
5337,204,202,321161,3878,3674961,8332600
5338,193,193,320968,3878,3675154,8300200
5339,207,177,320761,3908,3675331,8275400
5340,201,188,320560,3921,3675519,8248300
5341,195,220,320365,3896,3675739,8481300
5342,194,203,320171,3887,3675942,8134900
5343,200,207,319971,3880,3676149,8297600
5344,176,192,319795,3864,3676341,8179500
5345,194,190,319601,3868,3676531,8491700
5346,203,185,319398,3886,3676716,8221300
5347,174,193,319224,3867,3676909,8507200
5348,207,173,319017,3901,3677082,8218100
5349,191,205,318826,3887,3677287,8472800
5350,187,211,318639,3863,3677498,8510900
5351,199,185,318440,3877,3677683,8498600
5352,210,158,318230,3929,3677841,8396000
5353,210,206,318020,3933,3678047,8370000
5354,218,186,317802,3965,3678233,8427400
5355,199,201,317603,3963,3678434,8307000
5356,185,203,317418,3945,3678637,8347900
5357,202,214,317216,3933,3678851,8481700
5358,207,192,317009,3948,3679043,8365200
5359,201,184,316808,3965,3679227,8098800
5360,196,214,316612,3947,3679441,8172100
5361,194,221,316418,3920,3679662,8319000
5362,185,202,316233,3903,3679864,8096100
5363,185,199,316048,3889,3680063,8367400
5364,178,187,315870,3880,3680250,8531500
5365,177,185,315693,3872,3680435,8580700
5366,171,201,315522,3842,3680636,8276400
5367,188,203,315334,3827,3680839,8421200
5368,203,193,315131,3837,3681032,8279500
5369,217,187,314914,3867,3681219,8519900
5370,183,206,314731,3844,3681425,8464200
5371,176,179,314555,3841,3681604,8340200
5372,175,212,314380,3804,3681816,8465300
5373,182,190,314198,3796,3682006,8463600
5374,193,192,314005,3797,3682198,8305600
5375,186,221,313819,3762,3682419,8339900
5376,203,192,313616,3773,3682611,8337900
5377,208,182,313408,3799,3682793,8309800
5378,185,182,313223,3802,3682975,8710000
5379,203,190,313020,3815,3683165,8526700
5380,171,216,312849,3770,3683381,8493300
5381,204,187,312645,3787,3683568,8362000
5382,193,192,312452,3788,3683760,8451500
5383,193,177,312259,3804,3683937,8629300
5384,197,198,312062,3803,3684135,8278300
5385,178,189,311884,3792,3684324,8278800
5386,195,188,311689,3799,3684512,8492600
5387,189,170,311500,3818,3684682,8371800
5388,191,207,311309,3802,3684889,8217300
5389,203,185,311106,3820,3685074,8154400
5390,195,211,310911,3804,3685285,8212100
5391,208,190,310703,3822,3685475,8066700
5392,202,197,310501,3827,3685672,8193300
5393,204,167,310297,3864,3685839,8378800
5394,194,194,310103,3864,3686033,8530200
5395,186,200,309917,3850,3686233,8711500
5396,178,199,309739,3829,3686432,8738100
5397,200,184,309539,3845,3686616,10208200
5398,181,196,309358,3830,3686812,10524900
5399,185,189,309173,3826,3687001,9648300
5400,226,195,308947,3857,3687196,9235100
5401,190,196,308757,3851,3687392,8798800
5402,203,210,308554,3844,3687602,8668400
5403,201,186,308353,3859,3687788,8770900
5404,201,177,308152,3883,3687965,8581900
5405,189,198,307963,3874,3688163,8412400
5406,194,225,307769,3843,3688388,8317500
5407,197,188,307572,3852,3688576,8585100
5408,205,199,307367,3858,3688775,8408400
5409,191,199,307176,3850,3688974,9446600
5410,173,197,307003,3826,3689171,8603100
5411,174,179,306829,3821,3689350,8847600
5412,184,186,306645,3819,3689536,8555400
5413,198,188,306447,3829,3689724,8607100
5414,187,203,306260,3813,3689927,9178500
5415,204,184,306056,3833,3690111,8984800
5416,201,168,305855,3866,3690279,8998400
5417,184,173,305671,3877,3690452,8510900
5418,187,200,305484,3864,3690652,8672200
5419,207,179,305277,3892,3690831,9288600
5420,206,179,305071,3919,3691010,9112800
5421,197,191,304874,3925,3691201,8733600
5422,203,190,304671,3938,3691391,9088500
5423,185,217,304486,3906,3691608,9533100
5424,213,207,304273,3912,3691815,8825200
5425,234,193,304039,3953,3692008,8486600
5426,189,193,303850,3949,3692201,8987800
5427,211,179,303639,3981,3692380,8671200
5428,205,181,303434,4005,3692561,8714400
5429,204,171,303230,4038,3692732,8458400
5430,210,206,303020,4042,3692938,8391500
5431,184,218,302836,4008,3693156,8502300
5432,189,221,302647,3976,3693377,8416200
5433,195,183,302452,3988,3693560,8737000
5434,191,204,302261,3975,3693764,8703900
5435,192,189,302069,3978,3693953,8787200
5436,175,185,301894,3968,3694138,8522500
5437,207,208,301687,3967,3694346,8693500
5438,196,200,301491,3963,3694546,8414200
5439,207,199,301284,3971,3694745,8568100
5440,185,219,301099,3937,3694964,8831200
5441,166,191,300933,3912,3695155,8901000
5442,183,187,300750,3908,3695342,9025700
5443,205,206,300545,3907,3695548,8585600
5444,156,184,300389,3879,3695732,9113000
5445,209,186,300180,3902,3695918,8820800
5446,184,183,299996,3903,3696101,8774700
5447,178,207,299818,3874,3696308,8417300
5448,187,201,299631,3860,3696509,8602600
5449,189,161,299442,3888,3696670,8659900
5450,204,188,299238,3904,3696858,9645700
5451,202,184,299036,3922,3697042,8690100
5452,212,195,298824,3939,3697237,8725100
5453,184,193,298640,3930,3697430,10282100
5454,184,211,298456,3903,3697641,8875100
5455,187,174,298269,3916,3697815,10760000
5456,192,197,298077,3911,3698012,9194300
5457,195,188,297882,3918,3698200,9977100
5458,162,186,297720,3894,3698386,12918700
5459,168,214,297552,3848,3698600,8980100
5460,205,169,297347,3884,3698769,8761000
5461,177,183,297170,3878,3698952,8786900
5462,171,185,296999,3864,3699137,8700800
5463,187,195,296812,3856,3699332,8816100
5464,166,169,296646,3853,3699501,8799400
5465,175,189,296471,3839,3699690,8404600
5466,172,187,296299,3824,3699877,8180300
5467,187,166,296112,3845,3700043,8269400
5468,155,189,295957,3811,3700232,8166000
5469,155,203,295802,3763,3700435,8345100
5470,161,186,295641,3738,3700621,8470100
5471,165,172,295476,3731,3700793,8686000
5472,173,172,295303,3732,3700965,8543500
5473,191,181,295112,3742,3701146,8261000
5474,187,208,294925,3721,3701354,8394700
5475,166,211,294759,3676,3701565,8069300
5476,164,195,294595,3645,3701760,8160000
5477,192,179,294403,3658,3701939,8487000
5478,181,188,294222,3651,3702127,8229400
5479,164,175,294058,3640,3702302,8308700
5480,156,194,293902,3602,3702496,8804100
5481,153,165,293749,3590,3702661,8329400
5482,151,194,293598,3547,3702855,8434800
5483,173,199,293425,3521,3703054,8172700
5484,159,171,293266,3509,3703225,8043300
5485,178,170,293088,3517,3703395,8257200
5486,161,167,292927,3511,3703562,8309800
5487,167,180,292760,3498,3703742,8483900
5488,179,178,292581,3499,3703920,8321000
5489,189,183,292392,3505,3704103,8258500
5490,163,172,292229,3496,3704275,8592800
5491,162,168,292067,3490,3704443,8748600
5492,156,169,291911,3477,3704612,8598800
5493,156,205,291755,3428,3704817,8431900
5494,168,172,291587,3424,3704989,8438100
5495,167,184,291420,3407,3705173,8339900
5496,173,173,291247,3407,3705346,8159800
5497,155,159,291092,3403,3705505,8172300
5498,176,172,290916,3407,3705677,8069400
5499,165,171,290751,3401,3705848,8161300
5500,197,167,290554,3431,3706015,8065500
5501,154,179,290400,3406,3706194,8426200
5502,151,171,290249,3386,3706365,8221600
5503,170,149,290079,3407,3706514,8555100
5504,162,162,289917,3407,3706676,8527000
5505,149,172,289768,3384,3706848,8211800
5506,154,156,289614,3382,3707004,8591100
5507,170,150,289444,3402,3707154,8624000
5508,170,181,289274,3391,3707335,8669300
5509,172,167,289102,3396,3707502,8330300
5510,141,164,288961,3373,3707666,8800500
5511,152,170,288809,3355,3707836,8843300
5512,155,170,288654,3340,3708006,8721500
5513,156,186,288498,3310,3708192,8360000
5514,184,154,288314,3340,3708346,8399900
5515,172,172,288142,3340,3708518,8529900
5516,168,155,287974,3353,3708673,8395700
5517,168,152,287806,3369,3708825,8777600
5518,188,176,287618,3381,3709001,8911900
5519,177,159,287441,3399,3709160,8513200
5520,173,162,287268,3410,3709322,8401000
5521,160,180,287108,3390,3709502,8515600
5522,161,164,286947,3387,3709666,8621200
5523,177,158,286770,3406,3709824,8656000
5524,189,170,286581,3425,3709994,9044000
5525,199,185,286382,3439,3710179,8391800
5526,172,173,286210,3438,3710352,8499400
5527,177,170,286033,3445,3710522,8208800
5528,174,176,285859,3443,3710698,8084800
5529,168,185,285691,3426,3710883,8343400
5530,152,188,285539,3390,3711071,8097900
5531,189,173,285350,3406,3711244,8541200
5532,179,150,285171,3435,3711394,8348700
5533,171,176,285000,3430,3711570,8368700
5534,164,154,284836,3440,3711724,8325200
5535,168,166,284668,3442,3711890,8475100
5536,142,161,284526,3423,3712051,8103800
5537,177,182,284349,3418,3712233,8427100
5538,169,170,284180,3417,3712403,8470200
5539,168,175,284012,3410,3712578,8383000
5540,159,173,283853,3396,3712751,8396000
5541,181,169,283672,3408,3712920,8690100
5542,193,161,283479,3440,3713081,8437500
5543,170,186,283309,3424,3713267,8390200
5544,169,175,283140,3418,3713442,8416200
5545,182,164,282958,3436,3713606,8475300
5546,173,173,282785,3436,3713779,8380200
5547,188,179,282597,3445,3713958,8744900
5548,176,173,282421,3448,3714131,8610700
5549,166,177,282255,3437,3714308,8403900
5550,146,178,282109,3405,3714486,9300500
5551,156,168,281953,3393,3714654,8706100
5552,166,175,281787,3384,3714829,8360800
5553,158,171,281629,3371,3715000,8273100
5554,178,172,281451,3377,3715172,8798500
5555,164,149,281287,3392,3715321,8663200
5556,165,186,281122,3371,3715507,8599200
5557,151,163,280971,3359,3715670,8668900
5558,162,159,280809,3362,3715829,8619400
5559,186,175,280623,3373,3716004,8653300
5560,162,193,280461,3342,3716197,8449800
5561,166,191,280295,3317,3716388,8601000
5562,174,163,280121,3328,3716551,8361500
5563,165,157,279956,3336,3716708,8938700
5564,158,163,279798,3331,3716871,8495000
5565,166,163,279632,3334,3717034,8474600
5566,169,175,279463,3328,3717209,8453600
5567,148,154,279315,3322,3717363,8414100
5568,142,152,279173,3312,3717515,8264100
5569,158,166,279015,3304,3717681,8586900
5570,164,144,278851,3324,3717825,8633400
5571,163,174,278688,3313,3717999,8396600
5572,179,159,278509,3333,3718158,8140600
5573,172,165,278337,3340,3718323,8446300
5574,175,170,278162,3345,3718493,8485500
5575,170,179,277992,3336,3718672,8298100
5576,141,163,277851,3314,3718835,8354100
5577,172,156,277679,3330,3718991,8052700
5578,177,172,277502,3335,3719163,8527900
5579,163,162,277339,3336,3719325,8296400
5580,161,192,277178,3305,3719517,8189300
5581,174,156,277004,3323,3719673,8159900
5582,172,173,276832,3322,3719846,8320800
5583,173,151,276659,3344,3719997,8324800
5584,166,159,276493,3351,3720156,8241000
5585,170,156,276323,3365,3720312,8221000
5586,142,165,276181,3342,3720477,8498900
5587,168,167,276013,3343,3720644,8531400
5588,160,175,275853,3328,3720819,8090500
5589,180,178,275673,3330,3720997,8726900
5590,166,141,275507,3355,3721138,8275900
5591,181,155,275326,3381,3721293,8340900
5592,161,171,275165,3371,3721464,8375200
5593,182,169,274983,3384,3721633,8216700
5594,158,159,274825,3383,3721792,8170200
5595,163,175,274662,3371,3721967,8388000
5596,160,177,274502,3354,3722144,8408600
5597,169,152,274333,3371,3722296,8448800
5598,191,168,274142,3394,3722464,8263000
5599,163,160,273979,3397,3722624,8264700
5600,167,141,273812,3423,3722765,8321900
5601,168,188,273644,3403,3722953,8496600
5602,175,177,273469,3401,3723130,8278000
5603,160,180,273309,3381,3723310,8125100
5604,179,156,273130,3404,3723466,8387700
5605,149,156,272981,3397,3723622,8335800
5606,149,154,272832,3392,3723776,8160800
5607,154,186,272678,3360,3723962,8391000
5608,162,167,272516,3355,3724129,8803700
5609,155,183,272361,3327,3724312,8486200
5610,178,196,272183,3309,3724508,8625100
5611,187,167,271996,3329,3724675,8368400
5612,156,179,271840,3306,3724854,8213200
5613,160,171,271680,3295,3725025,8397200
5614,165,173,271515,3287,3725198,8153200
5615,154,179,271361,3262,3725377,8568500
5616,170,161,271191,3271,3725538,8256100
5617,163,161,271028,3273,3725699,8427700
5618,162,164,270866,3271,3725863,8112300
5619,162,169,270704,3264,3726032,8158800
5620,147,165,270557,3246,3726197,8333800
5621,152,150,270405,3248,3726347,8671700
5622,153,169,270252,3232,3726516,8510800
5623,151,153,270101,3230,3726669,8379200
5624,166,149,269935,3247,3726818,8625600
5625,161,170,269774,3238,3726988,8185700
5626,152,159,269622,3231,3727147,8632100
5627,165,158,269457,3238,3727305,8255800
5628,157,191,269300,3204,3727496,8666600
5629,184,177,269116,3211,3727673,8236700
5630,162,167,268954,3206,3727840,8322300
5631,161,169,268793,3198,3728009,8548300
5632,154,191,268639,3161,3728200,8463700
5633,152,156,268487,3157,3728356,8623300
5634,147,147,268340,3157,3728503,8501900
5635,167,158,268173,3166,3728661,8258900
5636,149,156,268024,3159,3728817,8299700
5637,138,166,267886,3131,3728983,8471600
5638,154,137,267732,3148,3729120,8445300
5639,137,188,267595,3097,3729308,8367900
5640,140,141,267455,3096,3729449,8271400
5641,151,146,267304,3101,3729595,8490700
5642,141,148,267163,3094,3729743,9373700
5643,177,159,266986,3112,3729902,8619100
5644,157,163,266829,3106,3730065,8576600
5645,135,158,266694,3083,3730223,9164400
5646,162,147,266532,3098,3730370,8747600
5647,185,170,266347,3113,3730540,8541700
5648,150,171,266197,3092,3730711,8568800
5649,156,164,266041,3084,3730875,8775800
5650,175,154,265866,3105,3731029,8669000
5651,159,157,265707,3107,3731186,8663600
5652,156,138,265551,3125,3731324,8701600
5653,149,178,265402,3096,3731502,8725700
5654,148,159,265254,3085,3731661,8481700
5655,148,151,265106,3082,3731812,9575900
5656,165,151,264941,3096,3731963,8869800
5657,161,168,264780,3089,3732131,9369700
5658,166,140,264614,3115,3732271,8886700
5659,137,156,264477,3096,3732427,9364800
5660,161,142,264316,3115,3732569,8953700
5661,145,175,264171,3085,3732744,8446700
5662,169,162,264002,3092,3732906,8584400
5663,173,156,263829,3109,3733062,8519100
5664,134,151,263695,3092,3733213,8620100
5665,167,150,263528,3109,3733363,8732800
5666,147,157,263381,3099,3733520,8927900
5667,164,172,263217,3091,3733692,8485100
5668,163,162,263054,3092,3733854,8758500
5669,166,150,262888,3108,3734004,8596500
5670,147,137,262741,3118,3734141,8766700
5671,170,166,262571,3122,3734307,8633300
5672,165,171,262406,3116,3734478,8379600
5673,148,148,262258,3116,3734626,9099200
5674,159,164,262099,3111,3734790,8946400
5675,154,147,261945,3118,3734937,9177800
5676,163,178,261782,3103,3735115,8693800
5677,167,149,261615,3121,3735264,8561300
5678,170,156,261445,3135,3735420,9100000
5679,172,138,261273,3169,3735558,8405300
5680,152,156,261121,3165,3735714,8534300
5681,190,160,260931,3195,3735874,8411900
5682,170,157,260761,3208,3736031,8595900
5683,149,159,260612,3198,3736190,8588100
5684,151,159,260461,3190,3736349,8590500
5685,176,153,260285,3213,3736502,8464200
5686,165,163,260120,3215,3736665,8604600
5687,162,151,259958,3226,3736816,8510500
5688,184,162,259774,3248,3736978,8876100
5689,178,173,259596,3253,3737151,8671200
5690,166,181,259430,3238,3737332,9128900
5691,152,159,259278,3231,3737491,9354400
5692,174,173,259104,3232,3737664,8638600
5693,165,146,258939,3251,3737810,8730000
5694,178,188,258761,3241,3737998,8633400
5695,153,172,258608,3222,3738170,8563700
5696,172,136,258436,3258,3738306,8634500
5697,153,161,258283,3250,3738467,8740100
5698,185,171,258098,3264,3738638,8602700
5699,157,160,257941,3261,3738798,8886000
5700,152,155,257789,3258,3738953,8818700
5701,150,171,257639,3237,3739124,8656900
5702,153,138,257486,3252,3739262,8519500
5703,170,147,257316,3275,3739409,8809100
5704,163,190,257153,3248,3739599,8697300
5705,165,160,256988,3253,3739759,8647200
5706,167,155,256821,3265,3739914,8743000
5707,157,134,256664,3288,3740048,8888700
5708,170,157,256494,3301,3740205,8645700
5709,153,170,256341,3284,3740375,8909300
5710,164,178,256177,3270,3740553,8580100
5711,163,174,256014,3259,3740727,8554700
5712,149,140,255865,3268,3740867,8622500
5713,152,165,255713,3255,3741032,9221600
5714,164,164,255549,3255,3741196,8704000
5715,144,155,255405,3244,3741351,8714200
5716,156,173,255249,3227,3741524,8556300
5717,165,160,255084,3232,3741684,8475900
5718,159,170,254925,3221,3741854,8507400
5719,170,139,254755,3252,3741993,8517900
5720,167,166,254588,3253,3742159,8539700
5721,137,173,254451,3217,3742332,8844000
5722,162,177,254289,3202,3742509,8764900
5723,144,169,254145,3177,3742678,8610900
5724,173,134,253972,3216,3742812,8811900
5725,164,147,253808,3233,3742959,9617300
5726,156,178,253652,3211,3743137,8834600
5727,152,148,253500,3215,3743285,8766000
5728,181,171,253319,3225,3743456,8496900
5729,182,166,253137,3241,3743622,8657600
5730,165,167,252972,3239,3743789,8421300
5731,149,167,252823,3221,3743956,8419700
5732,148,154,252675,3215,3744110,8563200
5733,180,150,252495,3245,3744260,8466600
5734,181,167,252314,3259,3744427,8570900
5735,173,157,252141,3275,3744584,8422900
5736,182,168,251959,3289,3744752,8469600
5737,164,158,251795,3295,3744910,8242900
5738,168,177,251627,3286,3745087,8254200
5739,171,150,251456,3307,3745237,8297900
5740,172,153,251284,3326,3745390,8278200
5741,161,174,251123,3313,3745564,8386300
5742,160,177,250963,3296,3745741,8399700
5743,142,171,250821,3267,3745912,8745200
5744,176,162,250645,3281,3746074,8560200
5745,147,148,250498,3280,3746222,8542100
5746,154,159,250344,3275,3746381,8262600
5747,163,170,250181,3268,3746551,9004500
5748,156,164,250025,3260,3746715,8470000
5749,173,160,249852,3273,3746875,8473800
5750,161,166,249691,3268,3747041,8315700
5751,185,161,249506,3292,3747202,8425400
5752,162,158,249344,3296,3747360,8487500
5753,154,182,249190,3268,3747542,8270700
5754,173,160,249017,3281,3747702,8398600
5755,138,143,248879,3276,3747845,8260200
5756,155,149,248724,3282,3747994,8216900
5757,173,181,248551,3274,3748175,8094700
5758,141,162,248410,3253,3748337,8188300
5759,140,190,248270,3203,3748527,8391900
5760,177,174,248093,3206,3748701,9333600
5761,164,154,247929,3216,3748855,8471200
5762,158,158,247771,3216,3749013,8157300
5763,146,177,247625,3185,3749190,7987900
5764,153,172,247472,3166,3749362,8318900
5765,156,170,247316,3152,3749532,8063700
5766,171,168,247145,3155,3749700,8449200
5767,158,148,246987,3165,3749848,8433000
5768,175,167,246812,3173,3750015,8604100
5769,173,145,246639,3201,3750160,8371800
5770,189,164,246450,3226,3750324,8372800
5771,166,161,246284,3231,3750485,8251000
5772,175,162,246109,3244,3750647,8181300
5773,183,181,245926,3246,3750828,8148700
5774,140,148,245786,3238,3750976,8233300
5775,167,161,245619,3244,3751137,8397300
5776,157,165,245462,3236,3751302,8504800
5777,158,142,245304,3252,3751444,8626500
5778,161,152,245143,3261,3751596,8552400
5779,178,134,244965,3305,3751730,8405400
5780,151,188,244814,3268,3751918,8499600
5781,146,159,244668,3255,3752077,8578500
5782,159,154,244509,3260,3752231,8488700
5783,154,166,244355,3248,3752397,8603200
5784,161,182,244194,3227,3752579,9097300
5785,132,152,244062,3207,3752731,8927600
5786,153,153,243909,3207,3752884,8752500
5787,137,179,243772,3165,3753063,8471000
5788,151,166,243621,3150,3753229,8339500
5789,145,139,243476,3156,3753368,8540600
5790,157,159,243319,3154,3753527,8416200
5791,146,151,243173,3149,3753678,8493700
5792,147,182,243026,3114,3753860,8522600
5793,155,143,242871,3126,3754003,8464100
5794,147,155,242724,3118,3754158,8345700
5795,158,162,242566,3114,3754320,8238500
5796,152,162,242414,3104,3754482,8293600
5797,135,154,242279,3085,3754636,8221500
5798,163,160,242116,3088,3754796,8323700
5799,166,157,241950,3097,3754953,8370900
5800,118,153,241832,3062,3755106,8345100
5801,161,149,241671,3074,3755255,8121800
5802,132,147,241539,3059,3755402,8305000
5803,168,161,241371,3066,3755563,8243100
5804,152,174,241219,3044,3755737,8227300
5805,118,150,241101,3012,3755887,8357900
5806,134,163,240967,2983,3756050,8336600
5807,145,135,240822,2993,3756185,8505700
5808,132,152,240690,2973,3756337,8366400
5809,155,135,240535,2993,3756472,8084700
5810,142,154,240393,2981,3756626,8355200
5811,150,119,240243,3012,3756745,8359200
5812,161,147,240082,3026,3756892,8305900
5813,158,157,239924,3027,3757049,8322500
5814,158,149,239766,3036,3757198,9156800
5815,153,156,239613,3033,3757354,8418900
5816,130,155,239483,3008,3757509,8344500
5817,152,150,239331,3010,3757659,8099500
5818,141,150,239190,3001,3757809,8226000
5819,161,140,239029,3022,3757949,8269200
5820,147,158,238882,3011,3758107,8112500
5821,167,149,238715,3029,3758256,8627300
5822,169,149,238546,3049,3758405,8344500
5823,161,141,238385,3069,3758546,8392600
5824,152,178,238233,3043,3758724,8158400
5825,158,156,238075,3045,3758880,8365600
5826,154,168,237921,3031,3759048,8127900
5827,141,147,237780,3025,3759195,8210200
5828,168,158,237612,3035,3759353,8227200
5829,154,151,237458,3038,3759504,8320500
5830,156,178,237302,3016,3759682,9020900
5831,143,145,237159,3014,3759827,8450400
5832,135,128,237024,3021,3759955,8529100
5833,141,166,236883,2996,3760121,8132900
5834,152,176,236731,2972,3760297,8231300
5835,151,143,236580,2980,3760440,8168900
5836,129,149,236451,2960,3760589,8267700
5837,147,127,236304,2980,3760716,8611200
5838,167,141,236137,3006,3760857,8534500
5839,136,159,236001,2983,3761016,8471700
5840,135,152,235866,2966,3761168,8513500
5841,148,147,235718,2967,3761315,8496600
5842,155,147,235563,2975,3761462,8574900
5843,145,141,235418,2979,3761603,8503500
5844,155,136,235263,2998,3761739,8670900
5845,165,153,235098,3010,3761892,8609000
5846,146,166,234952,2990,3762058,9054700
5847,135,157,234817,2968,3762215,8506500
5848,140,141,234677,2967,3762356,8391800
5849,148,165,234529,2950,3762521,8683800
5850,133,124,234396,2959,3762645,8404800
5851,151,145,234245,2965,3762790,8381500
5852,163,164,234082,2964,3762954,8310700
5853,154,132,233928,2986,3763086,8432600
5854,128,153,233800,2961,3763239,8708200
5855,162,146,233638,2977,3763385,8506500
5856,136,155,233502,2958,3763540,8553800
5857,142,156,233360,2944,3763696,8425200
5858,136,163,233224,2917,3763859,8283000
5859,143,160,233081,2900,3764019,8389000
5860,165,134,232916,2931,3764153,8304500
5861,144,146,232772,2929,3764299,8452500
5862,131,140,232641,2920,3764439,8319600
5863,146,149,232495,2917,3764588,9081000
5864,144,154,232351,2907,3764742,8318500
5865,135,134,232216,2908,3764876,8463800
5866,163,146,232053,2925,3765022,8502500
5867,176,164,231877,2937,3765186,9481900
5868,159,135,231718,2961,3765321,8531100
5869,148,169,231570,2940,3765490,8394800
5870,137,165,231433,2912,3765655,8410700
5871,132,164,231301,2880,3765819,8211200
5872,155,123,231146,2912,3765942,8254800
5873,152,141,230994,2923,3766083,8420000
5874,149,169,230845,2903,3766252,8189100
5875,154,150,230691,2907,3766402,8179500
5876,178,145,230513,2940,3766547,8549100
5877,146,137,230367,2949,3766684,8180800
5878,163,140,230204,2972,3766824,8557100
5879,155,159,230049,2968,3766983,8303000
5880,142,155,229907,2955,3767138,8353800
5881,152,144,229755,2963,3767282,8105500
5882,147,148,229608,2962,3767430,8394200
5883,159,138,229449,2983,3767568,8521700
5884,142,147,229307,2978,3767715,8447800
5885,147,156,229160,2969,3767871,8167400
5886,145,127,229015,2987,3767998,8513400
5887,157,161,228858,2983,3768159,8130000
5888,155,138,228703,3000,3768297,8256500
5889,152,149,228551,3003,3768446,8071400
5890,153,149,228398,3007,3768595,8325500
5891,169,151,228229,3025,3768746,8902600
5892,169,155,228060,3039,3768901,8332400
5893,125,141,227935,3023,3769042,8337700
5894,143,137,227792,3029,3769179,8202800
5895,164,155,227628,3038,3769334,8290800
5896,156,157,227472,3037,3769491,8213100
5897,154,150,227318,3041,3769641,8464700
5898,143,169,227175,3015,3769810,8115500
5899,174,171,227001,3018,3769981,8059100
5900,143,137,226858,3024,3770118,8330100
5901,153,147,226705,3030,3770265,8340300
5902,152,146,226553,3036,3770411,8463200
5903,135,140,226418,3031,3770551,8462500
5904,150,159,226268,3022,3770710,8713100
5905,134,156,226134,3000,3770866,8483700
5906,162,157,225972,3005,3771023,9383600
5907,141,172,225831,2974,3771195,9963000
5908,160,159,225671,2975,3771354,8523400
5909,134,140,225537,2969,3771494,8378500
5910,153,159,225384,2963,3771653,8268600
5911,158,147,225226,2974,3771800,8168900
5912,154,143,225072,2985,3771943,8511600
5913,140,171,224932,2954,3772114,8522200
5914,148,169,224784,2933,3772283,8553700
5915,177,157,224607,2953,3772440,8368300
5916,137,152,224470,2938,3772592,8289500
5917,138,156,224332,2920,3772748,8296600
5918,146,172,224186,2894,3772920,8517100
5919,148,158,224038,2884,3773078,8477500
5920,153,153,223885,2884,3773231,8499400
5921,141,134,223744,2891,3773365,8282800
5922,150,131,223594,2910,3773496,8530000
5923,152,158,223442,2904,3773654,8236100
5924,147,145,223295,2906,3773799,8320100
5925,126,172,223169,2860,3773971,8325100
5926,155,138,223014,2877,3774109,8281100
5927,145,152,222869,2870,3774261,8176200
5928,139,150,222730,2859,3774411,8183000
5929,143,149,222587,2853,3774560,8195600
5930,154,156,222433,2851,3774716,8444400
5931,134,132,222299,2853,3774848,8148100
5932,146,149,222153,2850,3774997,8241100
5933,153,147,222000,2856,3775144,8196600
5934,149,160,221851,2845,3775304,8395300
5935,150,148,221701,2847,3775452,8368100
5936,131,143,221570,2835,3775595,8115500
5937,146,128,221424,2853,3775723,8230200
5938,147,143,221277,2857,3775866,8229800
5939,143,140,221134,2860,3776006,8175800
5940,125,158,221009,2827,3776164,8242600
5941,133,149,220876,2811,3776313,8394400
5942,144,126,220732,2829,3776439,8256900
5943,155,160,220577,2824,3776599,8152300
5944,123,155,220454,2792,3776754,8138400
5945,130,117,220324,2805,3776871,8296700
5946,148,142,220176,2811,3777013,8338900
5947,117,132,220059,2796,3777145,8183600
5948,130,170,219929,2756,3777315,8130900
5949,141,143,219788,2754,3777458,8131700
5950,142,149,219646,2747,3777607,8415300
5951,139,147,219507,2739,3777754,8438500
5952,142,135,219365,2746,3777889,8217900
5953,120,144,219245,2722,3778033,8394500
5954,144,123,219101,2743,3778156,8542400
5955,143,118,218958,2768,3778274,8347300
5956,144,136,218814,2776,3778410,8437100
5957,154,149,218660,2781,3778559,8317200
5958,154,144,218506,2791,3778703,8455700
5959,126,135,218380,2782,3778838,8115100
5960,154,131,218226,2805,3778969,8089700
5961,140,153,218086,2792,3779122,8167900
5962,140,152,217946,2780,3779274,8092200
5963,120,135,217826,2765,3779409,8275500
5964,139,149,217687,2755,3779558,9376300
5965,143,138,217544,2760,3779696,8368100
5966,150,150,217394,2760,3779846,8344500
5967,146,125,217248,2781,3779971,8540600
5968,153,153,217095,2781,3780124,8999400
5969,138,146,216957,2773,3780270,9012000
5970,140,152,216817,2761,3780422,8137200
5971,137,133,216680,2765,3780555,8313200
5972,146,146,216534,2765,3780701,8092100
5973,149,126,216385,2788,3780827,8366200
5974,166,145,216219,2809,3780972,8557800
5975,153,136,216066,2826,3781108,8332700
5976,166,170,215900,2822,3781278,8547600
5977,157,129,215743,2850,3781407,8262200
5978,148,145,215595,2853,3781552,8197500
5979,133,127,215462,2859,3781679,8145200
5980,163,139,215299,2883,3781818,8302800
5981,127,152,215172,2858,3781970,8436100
5982,148,146,215024,2860,3782116,8901700
5983,151,143,214873,2868,3782259,8277700
5984,158,152,214715,2874,3782411,8488500
5985,129,123,214586,2880,3782534,8434100
5986,136,124,214450,2892,3782658,8395800
5987,162,153,214288,2901,3782811,8844300
5988,154,130,214134,2925,3782941,8386800
5989,147,161,213987,2911,3783102,8969400
5990,142,155,213845,2898,3783257,8402400
5991,147,144,213698,2901,3783401,8502800
5992,151,144,213547,2908,3783545,8196800
5993,119,145,213428,2882,3783690,8359100
5994,158,144,213270,2896,3783834,8226000
5995,130,145,213140,2881,3783979,8265300
5996,136,152,213004,2865,3784131,8244100
5997,139,132,212865,2872,3784263,8342800
5998,142,147,212723,2867,3784410,8338600
5999,149,130,212574,2886,3784540,8299300
6000,132,146,212442,2872,3784686,8255500
6001,147,150,212295,2869,3784836,8226400
6002,138,140,212157,2867,3784976,8176600
6003,139,145,212018,2861,3785121,8367200
6004,156,143,211862,2874,3785264,8404100
6005,141,155,211721,2860,3785419,8346000
6006,129,137,211592,2852,3785556,8380900
6007,120,148,211472,2824,3785704,8328200
6008,111,158,211361,2777,3785862,8376600
6009,105,134,211256,2748,3785996,8373000
6010,129,148,211127,2729,3786144,8282800
6011,137,139,210990,2727,3786283,8395400
6012,125,140,210865,2712,3786423,8896200
6013,142,128,210723,2726,3786551,10473300
6014,138,151,210585,2713,3786702,11822400
6015,122,140,210463,2695,3786842,10386500
6016,144,143,210319,2696,3786985,8769800
6017,129,123,210190,2702,3787108,8966800
6018,137,146,210053,2693,3787254,9417200
6019,147,137,209906,2703,3787391,9377500
6020,144,142,209762,2705,3787533,9257500
6021,122,142,209640,2685,3787675,8686200
6022,143,162,209497,2666,3787837,8821100
6023,132,135,209365,2663,3787972,8643800
6024,147,120,209218,2690,3788092,8306400
6025,151,127,209067,2714,3788219,8550200
6026,145,161,208922,2698,3788380,8570800
6027,142,148,208780,2692,3788528,8362600
6028,144,128,208636,2708,3788656,8353000
6029,164,146,208472,2726,3788802,8262400
6030,142,148,208330,2720,3788950,8380200
6031,159,132,208171,2747,3789082,8631300
6032,150,123,208021,2774,3789205,9859700
6033,131,132,207890,2773,3789337,9538000
6034,155,136,207735,2792,3789473,11342100
6035,134,160,207601,2766,3789633,14385600
6036,165,120,207436,2811,3789753,8826900
6037,140,143,207296,2808,3789896,8560200
6038,133,141,207163,2800,3790037,9393200
6039,139,128,207024,2811,3790165,9347200
6040,136,138,206888,2809,3790303,9457000
6041,144,125,206744,2828,3790428,11021000
6042,113,141,206631,2800,3790569,8539300
6043,144,146,206487,2798,3790715,8593700
6044,131,138,206356,2791,3790853,8171700
6045,140,127,206216,2804,3790980,9066200
6046,157,144,206059,2817,3791124,8543000
6047,129,156,205930,2790,3791280,8368800
6048,122,129,205808,2783,3791409,8260600
6049,145,149,205663,2779,3791558,8231900
6050,155,154,205508,2780,3791712,8208400
6051,137,130,205371,2787,3791842,8179000
6052,150,124,205221,2813,3791966,8303600
6053,145,158,205076,2800,3792124,8743300
6054,152,133,204924,2819,3792257,13195900
6055,125,130,204799,2814,3792387,13804500
6056,149,145,204650,2818,3792532,9057600
6057,145,158,204505,2805,3792690,8753600
6058,146,128,204359,2823,3792818,8910500
6059,143,133,204216,2833,3792951,9221100
6060,152,145,204064,2840,3793096,9341200
6061,148,145,203916,2843,3793241,8674300
6062,138,140,203778,2841,3793381,8544900
6063,140,166,203638,2815,3793547,9070700
6064,134,133,203504,2816,3793680,8526300
6065,129,126,203375,2819,3793806,8225900
6066,151,126,203224,2844,3793932,8781100
6067,145,142,203079,2847,3794074,8315600
6068,145,135,202934,2857,3794209,8155500
6069,135,133,202799,2859,3794342,8225800
6070,153,148,202646,2864,3794490,8236000
6071,154,144,202492,2874,3794634,8596800
6072,135,150,202357,2859,3794784,10126400
6073,142,163,202215,2838,3794947,14476700
6074,141,172,202074,2807,3795119,11087200
6075,122,138,201952,2791,3795257,9152600
6076,140,125,201812,2806,3795382,9153000
6077,145,143,201667,2808,3795525,9720000
6078,161,146,201506,2823,3795671,9224600
6079,140,155,201366,2808,3795826,9301400
6080,146,148,201220,2806,3795974,8705800
6081,124,131,201096,2799,3796105,8723400
6082,135,138,200961,2796,3796243,8902200
6083,138,141,200823,2793,3796384,8478400
6084,134,143,200689,2784,3796527,8473800
6085,144,147,200545,2781,3796674,8223900
6086,126,120,200419,2787,3796794,8488000
6087,144,144,200275,2787,3796938,8450000
6088,150,128,200125,2809,3797066,8159900
6089,153,129,199972,2833,3797195,8494300
6090,127,131,199845,2829,3797326,9991200
6091,119,125,199726,2823,3797451,13690200
6092,131,145,199595,2809,3797596,13100000
6093,133,132,199462,2810,3797728,8907000
6094,130,145,199332,2795,3797873,9136200
6095,143,136,199189,2802,3798009,10750800
6096,155,128,199034,2829,3798137,9854800
6097,133,134,198901,2828,3798271,9299000
6098,134,167,198767,2795,3798438,8806200
6099,139,128,198628,2806,3798566,8401900
6100,133,133,198495,2806,3798699,8148700
6101,138,118,198357,2826,3798817,8020700
6102,128,153,198229,2801,3798970,8395300
6103,136,129,198093,2808,3799099,8224500
6104,109,143,197984,2774,3799242,8424400
6105,133,142,197851,2765,3799384,8244900
6106,112,141,197739,2736,3799525,8487300
6107,136,151,197603,2721,3799676,9713700
6108,136,149,197467,2708,3799825,19725300
6109,126,135,197341,2699,3799960,9252500
6110,120,142,197221,2677,3800102,9067600
6111,137,113,197084,2701,3800215,9074700
6112,146,117,196938,2730,3800332,11694300
6113,149,152,196789,2727,3800484,9120400
6114,153,155,196636,2725,3800639,8993300
6115,144,143,196492,2726,3800782,8416900
6116,131,145,196361,2712,3800927,8251100
6117,137,122,196224,2727,3801049,8306500
6118,128,148,196096,2707,3801197,8493200
6119,122,140,195974,2689,3801337,8473600
6120,121,141,195853,2669,3801478,8560800
6121,124,143,195729,2650,3801621,8343500
6122,111,127,195618,2634,3801748,8378200
6123,119,123,195499,2630,3801871,8347500
6124,134,148,195365,2616,3802019,8381300
6125,137,128,195228,2625,3802147,8315600
6126,134,121,195094,2638,3802268,8465600
6127,141,116,194953,2663,3802384,8274500
6128,120,143,194833,2640,3802527,8321300
6129,137,122,194696,2655,3802649,8265600
6130,117,138,194579,2634,3802787,8220200
6131,117,143,194462,2608,3802930,8500500
6132,124,153,194338,2579,3803083,8808100
6133,119,116,194219,2582,3803199,8378200
6134,133,133,194086,2582,3803332,8245200
6135,118,128,193968,2572,3803460,8860300
6136,109,142,193859,2539,3803602,8275100
6137,116,136,193743,2519,3803738,8313500
6138,130,145,193613,2504,3803883,8180100
6139,125,122,193488,2507,3804005,8630800
6140,115,127,193373,2495,3804132,8687300
6141,128,132,193245,2491,3804264,8381200
6142,126,104,193119,2513,3804368,8363000
6143,141,127,192978,2527,3804495,8330300
6144,112,140,192866,2499,3804635,8245800
6145,126,131,192740,2494,3804766,8244200
6146,127,114,192613,2507,3804880,8141300
6147,125,118,192488,2514,3804998,8150600
6148,121,131,192367,2504,3805129,8403400
6149,134,118,192233,2520,3805247,8154500
6150,129,114,192104,2535,3805361,8299100
6151,105,125,191999,2515,3805486,8135200
6152,119,129,191880,2505,3805615,8588900
6153,120,133,191760,2492,3805748,8395000
6154,113,122,191647,2483,3805870,8539100
6155,111,129,191536,2465,3805999,8409100
6156,115,110,191421,2470,3806109,8081100
6157,133,101,191288,2502,3806210,8300000
6158,135,110,191153,2527,3806320,8139400
6159,115,126,191038,2516,3806446,8133100
6160,123,108,190915,2531,3806554,8289600
6161,143,137,190772,2537,3806691,8639600
6162,123,143,190649,2517,3806834,8224500
6163,105,107,190544,2515,3806941,8158500
6164,116,109,190428,2522,3807050,8097000
6165,139,109,190289,2552,3807159,8424300
6166,121,111,190168,2562,3807270,8117300
6167,126,139,190042,2549,3807409,8339700
6168,123,130,189919,2542,3807539,8637800
6169,121,112,189798,2551,3807651,8408600
6170,147,112,189651,2586,3807763,8370500
6171,145,137,189506,2594,3807900,8388800
6172,124,151,189382,2567,3808051,8080200
6173,121,117,189261,2571,3808168,8151600
6174,152,133,189109,2590,3808301,8001100
6175,132,121,188977,2601,3808422,8516100
6176,151,143,188826,2609,3808565,8756300
6177,126,141,188700,2594,3808706,8327100
6178,145,127,188555,2612,3808833,8713400
6179,139,128,188416,2623,3808961,8189800
6180,123,122,188293,2624,3809083,8467500
6181,145,130,188148,2639,3809213,8055600
6182,139,143,188009,2635,3809356,8379600
6183,153,129,187856,2659,3809485,8309300
6184,108,124,187748,2643,3809609,8184900
6185,125,133,187623,2635,3809742,8318100
6186,138,132,187485,2641,3809874,8151300
6187,149,134,187336,2656,3810008,8190500
6188,126,136,187210,2646,3810144,8159100
6189,118,142,187092,2622,3810286,8520200
6190,147,137,186945,2632,3810423,8181600
6191,148,133,186797,2647,3810556,8276300
6192,123,157,186674,2613,3810713,8350800
6193,129,148,186545,2594,3810861,8784100
6194,158,107,186387,2645,3810968,8267700
6195,150,130,186237,2665,3811098,8391900
6196,147,133,186090,2679,3811231,8080400
6197,129,131,185961,2677,3811362,8093900
6198,122,121,185839,2678,3811483,8130000
6199,123,148,185716,2653,3811631,8178100
6200,132,132,185584,2653,3811763,8353400
6201,128,138,185456,2643,3811901,8203400
6202,118,131,185338,2630,3812032,8192700
6203,130,142,185208,2618,3812174,8120200
6204,129,144,185079,2603,3812318,8373100
6205,135,110,184944,2628,3812428,8139400
6206,131,147,184813,2612,3812575,8498400
6207,107,127,184706,2592,3812702,8216500
6208,139,160,184567,2571,3812862,8361300
6209,116,119,184451,2568,3812981,8306900
6210,129,124,184322,2573,3813105,8444700
6211,132,133,184190,2572,3813238,8195100
6212,128,141,184062,2559,3813379,8452900
6213,132,124,183930,2567,3813503,8331100
6214,136,139,183794,2564,3813642,8334500
6215,131,133,183663,2562,3813775,8251300
6216,131,121,183532,2572,3813896,8317000
6217,116,130,183416,2558,3814026,8169600
6218,121,131,183295,2548,3814157,8229600
6219,111,132,183184,2527,3814289,8089100
6220,115,135,183069,2507,3814424,8090100
6221,114,131,182955,2490,3814555,8119700
6222,117,137,182838,2470,3814692,8409200
6223,123,123,182715,2470,3814815,8552600
6224,137,127,182578,2480,3814942,9016100
6225,99,127,182479,2452,3815069,9056000
6226,129,140,182350,2441,3815209,9708300
6227,124,125,182226,2440,3815334,9577900
6228,130,120,182096,2450,3815454,8885400
6229,118,107,181978,2461,3815561,8459300
6230,133,144,181845,2450,3815705,8527500
6231,123,100,181722,2473,3815805,8495000
6232,112,126,181610,2459,3815931,8663700
6233,123,120,181487,2462,3816051,8176000
6234,126,130,181361,2458,3816181,8607200
6235,125,147,181236,2436,3816328,8223300
6236,124,106,181112,2454,3816434,8845100
6237,137,128,180975,2463,3816562,8246200
6238,126,107,180849,2482,3816669,8316400
6239,125,140,180724,2467,3816809,8451300
6240,128,117,180596,2478,3816926,8252400
6241,112,130,180484,2460,3817056,8473200
6242,118,120,180366,2458,3817176,9311900
6243,134,129,180232,2463,3817305,8701500
6244,133,124,180099,2472,3817429,8567400
6245,124,144,179975,2452,3817573,8235900
6246,132,129,179843,2455,3817702,8433300
6247,106,145,179737,2416,3817847,8516000
6248,112,103,179625,2425,3817950,8363700
6249,133,120,179492,2438,3818070,8501600
6250,122,123,179370,2437,3818193,8417000
6251,117,125,179253,2429,3818318,8916200
6252,100,120,179153,2409,3818438,8484900
6253,132,134,179021,2407,3818572,8340200
6254,120,109,178901,2418,3818681,8661100
6255,123,131,178778,2410,3818812,8552100
6256,117,125,178661,2402,3818937,8524100
6257,127,111,178534,2418,3819048,8238400
6258,111,139,178423,2390,3819187,8727700
6259,119,132,178304,2377,3819319,8835100
6260,120,119,178184,2378,3819438,8763700
6261,101,120,178083,2359,3819558,8808600
6262,124,116,177959,2367,3819674,8450500
6263,105,119,177854,2353,3819793,8919400
6264,140,125,177714,2368,3819918,8525900
6265,124,123,177590,2369,3820041,8468600
6266,133,117,177457,2385,3820158,8542300
6267,118,130,177339,2373,3820288,8436300
6268,137,101,177202,2409,3820389,8476800
6269,110,115,177092,2404,3820504,8552300
6270,142,101,176950,2445,3820605,9164800
6271,110,117,176840,2438,3820722,8776100
6272,126,106,176714,2458,3820828,9367800
6273,128,113,176586,2473,3820941,9039700
6274,144,109,176442,2508,3821050,8682700
6275,131,127,176311,2512,3821177,8514600
6276,143,141,176168,2514,3821318,8541200
6277,151,122,176017,2543,3821440,8651100
6278,146,123,175871,2566,3821563,8697600
6279,131,115,175740,2582,3821678,8762100
6280,127,131,175613,2578,3821809,8500200
6281,144,105,175469,2617,3821914,8406500
6282,134,138,175335,2613,3822052,8686400
6283,146,119,175189,2640,3822171,8916200
6284,140,128,175049,2652,3822299,8798700
6285,130,125,174919,2657,3822424,10075900
6286,140,139,174779,2658,3822563,10419500
6287,132,128,174647,2662,3822691,9443900
6288,130,136,174517,2656,3822827,17090700
6289,141,144,174376,2653,3822971,9654400
6290,123,146,174253,2630,3823117,9447900
6291,137,145,174116,2622,3823262,9312400
6292,125,115,173991,2632,3823377,9791300
6293,130,124,173861,2638,3823501,8828800
6294,123,129,173738,2632,3823630,8769700
6295,122,126,173616,2628,3823756,8624900
6296,117,124,173499,2621,3823880,8584600
6297,132,157,173367,2596,3824037,8360400
6298,107,156,173260,2547,3824193,8322300
6299,108,129,173152,2526,3824322,8391400
6300,130,122,173022,2534,3824444,8241400
6301,127,132,172895,2529,3824576,8131000
6302,134,122,172761,2541,3824698,8221500
6303,109,142,172652,2508,3824840,8334600
6304,106,132,172546,2482,3824972,8353100
6305,105,120,172441,2467,3825092,8324600
6306,119,116,172322,2470,3825208,8337000
6307,107,118,172215,2459,3825326,8677000
6308,107,144,172108,2422,3825470,8535100
6309,100,125,172008,2397,3825595,8277500
6310,102,130,171906,2369,3825725,8218200
6311,116,130,171790,2355,3825855,8259600
6312,116,115,171674,2356,3825970,8036700
6313,119,101,171555,2374,3826071,8235400
6314,113,110,171442,2377,3826181,8344800
6315,113,124,171329,2366,3826305,8303600
6316,115,126,171214,2355,3826431,8440200
6317,138,107,171076,2386,3826538,8189300
6318,119,110,170957,2395,3826648,8103500
6319,112,121,170845,2386,3826769,8261600
6320,120,117,170725,2389,3826886,9159900
6321,106,113,170619,2382,3826999,12011000
6322,124,131,170495,2375,3827130,15859500
6323,119,113,170376,2381,3827243,8787000
6324,112,107,170264,2386,3827350,8935700
6325,112,131,170152,2367,3827481,9172700
6326,128,120,170024,2375,3827601,9328900
6327,131,143,169893,2363,3827744,9346600
6328,130,116,169763,2377,3827860,8591000
6329,133,111,169630,2399,3827971,8564400
6330,127,123,169503,2403,3828094,8614500
6331,131,98,169372,2436,3828192,8448300
6332,117,131,169255,2422,3828323,8500300
6333,117,136,169138,2403,3828459,8417000
6334,113,138,169025,2378,3828597,8184500
6335,123,139,168902,2362,3828736,8204900
6336,110,108,168792,2364,3828844,8087300
6337,118,110,168674,2372,3828954,8521100
6338,130,116,168544,2386,3829070,8307000
6339,122,109,168422,2399,3829179,8307700
6340,125,123,168297,2401,3829302,7968500
6341,130,137,168167,2394,3829439,8348700
6342,120,128,168047,2386,3829567,8322500
6343,118,120,167929,2384,3829687,8227700
6344,120,130,167809,2374,3829817,8115900
6345,127,128,167682,2373,3829945,8476600
6346,131,116,167551,2388,3830061,8260600
6347,120,129,167431,2379,3830190,8242000
6348,126,126,167305,2379,3830316,8696700
6349,126,112,167179,2393,3830428,8361700
6350,102,126,167077,2369,3830554,8230100
6351,120,108,166957,2381,3830662,8350900
6352,131,134,166826,2378,3830796,8422100
6353,141,112,166685,2407,3830908,8468200
6354,129,131,166556,2405,3831039,8395500
6355,122,128,166434,2399,3831167,8313700
6356,112,113,166322,2398,3831280,8254300
6357,122,113,166200,2407,3831393,8038500
6358,117,128,166083,2396,3831521,8185300
6359,98,110,165985,2384,3831631,8111200
6360,114,120,165871,2378,3831751,8452400
6361,111,127,165760,2362,3831878,8460800
6362,109,118,165651,2353,3831996,8175100
6363,113,117,165538,2349,3832113,8201300
6364,129,112,165409,2366,3832225,8426600
6365,112,105,165297,2373,3832330,8617500
6366,117,111,165180,2379,3832441,8448600
6367,120,128,165060,2371,3832569,8646200
6368,119,103,164941,2387,3832672,8220600
6369,99,128,164842,2358,3832800,8333000
6370,112,128,164730,2342,3832928,8374300
6371,115,117,164615,2340,3833045,8122000
6372,131,117,164484,2354,3833162,8113000
6373,123,113,164361,2364,3833275,8345300
6374,117,109,164244,2372,3833384,8449500
6375,122,126,164122,2368,3833510,8511100
6376,124,132,163998,2360,3833642,8343800
6377,117,123,163881,2354,3833765,8137100
6378,114,124,163767,2344,3833889,8280100
6379,121,123,163646,2342,3834012,8217900
6380,115,116,163531,2341,3834128,8089900
6381,113,119,163418,2335,3834247,8074100
6382,124,108,163294,2351,3834355,8171400
6383,122,123,163172,2350,3834478,8040500
6384,115,103,163057,2362,3834581,8081200
6385,127,126,162930,2363,3834707,8195600
6386,103,108,162827,2358,3834815,9583800
6387,121,130,162706,2349,3834945,13703900
6388,117,129,162589,2337,3835074,13460600
6389,105,129,162484,2313,3835203,8618300
6390,112,102,162372,2323,3835305,9909700
6391,104,116,162268,2311,3835421,8785000
6392,114,134,162154,2291,3835555,9740600
6393,113,116,162041,2288,3835671,9287700
6394,111,105,161930,2294,3835776,8866900
6395,118,122,161812,2290,3835898,8366400
6396,121,103,161691,2308,3836001,8218400
6397,103,122,161588,2289,3836123,8367200
6398,82,109,161506,2262,3836232,8223400
6399,133,110,161373,2285,3836342,8707200
6400,115,112,161258,2288,3836454,8509800
6401,108,115,161150,2281,3836569,8189700
6402,96,121,161054,2256,3836690,8173400
6403,108,104,160946,2260,3836794,8188800
6404,111,114,160835,2257,3836908,8396000
6405,109,102,160726,2264,3837010,8233700
6406,101,118,160625,2247,3837128,8236700
6407,121,103,160504,2265,3837231,8448400
6408,131,110,160373,2286,3837341,8233800
6409,131,125,160242,2292,3837466,8130200
6410,126,110,160116,2308,3837576,8108000
6411,133,130,159983,2311,3837706,8139900
6412,103,110,159880,2304,3837816,8394300
6413,110,111,159770,2303,3837927,8303800
6414,129,127,159641,2305,3838054,8416500
6415,132,133,159509,2304,3838187,8451200
6416,126,113,159383,2317,3838300,8464700
6417,104,123,159279,2298,3838423,8257600
6418,126,119,159153,2305,3838542,8556000
6419,139,121,159014,2323,3838663,8332100
6420,110,114,158904,2319,3838777,8333800
6421,108,117,158796,2310,3838894,8277800
6422,103,113,158693,2300,3839007,8260500
6423,114,123,158579,2291,3839130,8687000
6424,113,133,158466,2271,3839263,8841000
6425,131,113,158335,2289,3839376,8459900
6426,135,124,158200,2300,3839500,8474800
6427,118,128,158082,2290,3839628,8908400
6428,125,120,157957,2295,3839748,8374700
6429,125,118,157832,2302,3839866,8474100
6430,128,117,157704,2313,3839983,8319200
6431,120,112,157584,2321,3840095,8323800
6432,130,138,157454,2313,3840233,8356000
6433,113,130,157341,2296,3840363,8211500
6434,130,109,157211,2317,3840472,8227000
6435,111,122,157100,2306,3840594,8266000
6436,142,120,156958,2328,3840714,8976300
6437,118,118,156840,2328,3840832,8302600
6438,142,104,156698,2366,3840936,8446200
6439,141,117,156557,2390,3841053,8541600
6440,117,135,156440,2372,3841188,8323100
6441,117,106,156323,2383,3841294,8524200
6442,110,105,156213,2388,3841399,8503900
6443,112,136,156101,2364,3841535,8446000
6444,117,105,155984,2376,3841640,8283200
6445,99,116,155885,2359,3841756,8320800
6446,109,132,155776,2336,3841888,8216900
6447,130,120,155646,2346,3842008,8531300
6448,119,119,155527,2346,3842127,9207600
6449,118,113,155409,2351,3842240,12427200
6450,120,112,155289,2359,3842352,13630600
6451,121,126,155168,2354,3842478,8953600
6452,131,112,155037,2373,3842590,9105200
6453,113,125,154924,2361,3842715,9209800
6454,111,122,154813,2350,3842837,8580900
6455,108,94,154705,2364,3842931,8807100
6456,123,108,154582,2379,3843039,8514400
6457,124,117,154458,2386,3843156,8338700
6458,122,104,154336,2404,3843260,8072800
6459,115,106,154221,2413,3843366,8407200
6460,122,105,154099,2430,3843471,8308200
6461,123,127,153976,2426,3843598,8497000
6462,115,121,153861,2420,3843719,8455100
6463,114,116,153747,2418,3843835,8279900
6464,103,118,153644,2403,3843953,8365700
6465,128,135,153516,2396,3844088,8188300
6466,118,119,153398,2395,3844207,8165100
6467,120,114,153278,2401,3844321,8115700
6468,118,120,153160,2399,3844441,8170700
6469,136,119,153024,2416,3844560,8444000
6470,107,111,152917,2412,3844671,8288500
6471,119,107,152798,2424,3844778,8107300
6472,126,127,152672,2423,3844905,8011700
6473,105,110,152567,2418,3845015,8069600
6474,104,135,152463,2387,3845150,8259000
6475,108,120,152355,2375,3845270,8202700
6476,120,120,152235,2375,3845390,8298200
6477,115,121,152120,2369,3845511,8593100
6478,114,105,152006,2378,3845616,8352600
6479,132,101,151874,2409,3845717,8296300
6480,101,130,151773,2380,3845847,8243600
6481,104,113,151669,2371,3845960,8245900
6482,106,103,151563,2374,3846063,8574200
6483,121,112,151442,2383,3846175,8472700
6484,96,137,151346,2342,3846312,8191200
6485,94,107,151252,2329,3846419,8253100
6486,105,100,151147,2334,3846519,8141800
6487,100,113,151047,2321,3846632,8327700
6488,114,98,150933,2337,3846730,8157500
6489,132,122,150801,2347,3846852,8840900
6490,111,117,150690,2341,3846969,8553700
6491,123,113,150567,2351,3847082,8415000
6492,122,130,150445,2343,3847212,8315600
6493,110,113,150335,2340,3847325,8421600
6494,114,119,150221,2335,3847444,8517300
6495,117,108,150104,2344,3847552,12741500
6496,116,117,149988,2343,3847669,8166200
6497,123,121,149865,2345,3847790,8421500
6498,124,92,149741,2377,3847882,8582400
6499,110,127,149631,2360,3848009,8213600
6500,105,112,149526,2353,3848121,8630200
6501,98,126,149428,2325,3848247,8650100
6502,94,116,149334,2303,3848363,8393800
6503,112,121,149222,2294,3848484,8286000
6504,113,119,149109,2288,3848603,8106100
6505,120,104,148989,2304,3848707,8142800
6506,131,128,148858,2307,3848835,8315200
6507,137,110,148721,2334,3848945,8216100
6508,118,118,148603,2334,3849063,8206400
6509,122,117,148481,2339,3849180,8466700
6510,114,110,148367,2343,3849290,8185400
6511,123,127,148244,2339,3849417,8181100
6512,121,120,148123,2340,3849537,8252400
6513,129,110,147994,2359,3849647,8187500
6514,131,119,147863,2371,3849766,8466600
6515,118,100,147745,2389,3849866,8472800
6516,129,124,147616,2394,3849990,8300800
6517,133,136,147483,2391,3850126,8444800
6518,110,99,147373,2402,3850225,8314700
6519,122,124,147251,2400,3850349,8182700
6520,128,122,147123,2406,3850471,8519700
6521,124,100,146999,2430,3850571,9840200
6522,114,127,146885,2417,3850698,13220500
6523,107,119,146778,2405,3850817,10947100
6524,114,143,146664,2376,3850960,8587600
6525,104,111,146560,2369,3851071,9017300
6526,104,123,146456,2350,3851194,9803400
6527,111,126,146345,2335,3851320,10717800
6528,102,124,146243,2313,3851444,8888500
6529,106,118,146137,2301,3851562,8830800
6530,121,121,146016,2301,3851683,8413800
6531,122,129,145894,2294,3851812,8219200
6532,115,109,145779,2300,3851921,8299500
6533,118,103,145661,2315,3852024,8376700
6534,110,110,145551,2315,3852134,8691600
6535,115,125,145436,2305,3852259,8209100
6536,109,123,145327,2291,3852382,8129000
6537,122,111,145205,2302,3852493,8281100
6538,140,121,145065,2321,3852614,8432900
6539,99,107,144966,2313,3852721,8422600
6540,114,124,144852,2303,3852845,8563400
6541,127,108,144725,2322,3852953,8298900
6542,130,127,144595,2325,3853080,8079900
6543,108,113,144487,2320,3853193,8098100
6544,113,123,144374,2310,3853316,8048900
6545,117,113,144257,2314,3853429,8030600
6546,101,126,144156,2289,3853555,8137000
6547,110,116,144046,2283,3853671,8655400
6548,113,105,143933,2291,3853776,8273300
6549,122,136,143811,2277,3853912,8097400
6550,94,118,143717,2253,3854030,8071600
6551,100,106,143617,2247,3854136,8000600
6552,117,135,143500,2229,3854271,8081800
6553,120,90,143380,2259,3854361,8186900
6554,107,126,143273,2240,3854487,9633900
6555,122,126,143151,2236,3854613,8434600
6556,108,98,143043,2246,3854711,8644200
6557,116,114,142927,2248,3854825,8220800
6558,106,90,142821,2264,3854915,8309500
6559,116,99,142705,2281,3855014,8784900
6560,105,106,142600,2280,3855120,8352800
6561,114,119,142486,2275,3855239,8727900
6562,110,123,142376,2262,3855362,8405000
6563,132,123,142244,2271,3855485,8651400
6564,127,119,142117,2279,3855604,8247900
6565,110,120,142007,2269,3855724,8344500
6566,118,117,141889,2270,3855841,8206100
6567,115,107,141774,2278,3855948,8490100
6568,132,126,141642,2284,3856074,8240400
6569,111,107,141531,2288,3856181,8471000
6570,110,124,141421,2274,3856305,8304800
6571,105,111,141316,2268,3856416,8499700
6572,94,103,141222,2259,3856519,8746300
6573,119,106,141103,2272,3856625,8538400
6574,124,98,140979,2298,3856723,8325300
6575,118,105,140861,2311,3856828,8317200
6576,113,101,140748,2323,3856929,8858900
6577,100,111,140648,2312,3857040,8223100
6578,99,107,140549,2304,3857147,8417500
6579,109,120,140440,2293,3857267,8429500
6580,106,114,140334,2285,3857381,8347500
6581,95,137,140239,2243,3857518,8343700
6582,103,116,140136,2230,3857634,8370900
6583,122,121,140014,2231,3857755,8363800
6584,104,111,139910,2224,3857866,9729900
6585,108,102,139802,2230,3857968,14508500
6586,122,103,139680,2249,3858071,12130300
6587,104,131,139576,2222,3858202,9114400
6588,105,135,139471,2192,3858337,11482200
6589,105,96,139366,2201,3858433,9531500
6590,99,129,139267,2171,3858562,9573800
6591,92,99,139175,2164,3858661,9271000
6592,94,107,139081,2151,3858768,11073700
6593,94,95,138987,2150,3858863,9440600
6594,111,119,138876,2142,3858982,8757500
6595,106,94,138770,2154,3859076,8611400
6596,109,116,138661,2147,3859192,8922500
6597,108,98,138553,2157,3859290,8681200
6598,100,132,138453,2125,3859422,8431900
6599,108,96,138345,2137,3859518,8545500
6600,103,118,138242,2122,3859636,8312800
6601,120,106,138122,2136,3859742,8191000
6602,114,94,138008,2156,3859836,8982900
6603,106,117,137902,2145,3859953,8861800
6604,88,114,137814,2119,3860067,8706700
6605,107,97,137707,2129,3860164,8528200
6606,106,105,137601,2130,3860269,8453500
6607,101,96,137500,2135,3860365,8085400
6608,105,103,137395,2137,3860468,8254800
6609,91,102,137304,2126,3860570,8165400
6610,118,113,137186,2131,3860683,8369500
6611,93,123,137093,2101,3860806,8140000
6612,90,111,137003,2080,3860917,8130000
6613,113,102,136890,2091,3861019,8071800
6614,99,107,136791,2083,3861126,8310900
6615,122,104,136669,2101,3861230,8316100
6616,118,94,136551,2125,3861324,8362600
6617,102,97,136449,2130,3861421,8212900
6618,103,90,136346,2143,3861511,8165000
6619,95,108,136251,2130,3861619,8198000
6620,102,94,136149,2138,3861713,8211100
6621,98,114,136051,2122,3861827,8180400
6622,86,106,135965,2102,3861933,8746700
6623,101,116,135864,2087,3862049,8780000
6624,103,124,135761,2066,3862173,8434500
6625,96,105,135665,2057,3862278,8093800
6626,90,116,135575,2031,3862394,8124300
6627,94,98,135481,2027,3862492,8018500
6628,97,88,135384,2036,3862580,8231600
6629,114,89,135270,2061,3862669,8023700
6630,93,111,135177,2043,3862780,8398400
6631,89,91,135088,2041,3862871,8204200
6632,92,101,134996,2032,3862972,8374000
6633,98,107,134898,2023,3863079,8385100
6634,97,93,134801,2027,3863172,8204000
6635,84,104,134717,2007,3863276,8389200
6636,74,109,134643,1972,3863385,8389800
6637,104,94,134539,1982,3863479,8330500
6638,84,91,134455,1975,3863570,8244500
6639,91,85,134364,1981,3863655,8392700
6640,102,97,134262,1986,3863752,8987000
6641,107,90,134155,2003,3863842,9108100
6642,80,92,134075,1991,3863934,8479900
6643,85,98,133990,1978,3864032,8495300
6644,108,110,133882,1976,3864142,8487900
6645,96,111,133786,1961,3864253,8614600
6646,101,109,133685,1953,3864362,9065700
6647,86,97,133599,1942,3864459,8699700
6648,116,98,133483,1960,3864557,8502300
6649,87,116,133396,1931,3864673,8534500
6650,92,92,133304,1931,3864765,8535800
6651,96,109,133208,1918,3864874,8493500
6652,93,70,133115,1941,3864944,8453100
6653,102,94,133013,1949,3865038,8339400
6654,99,106,132914,1942,3865144,8367500
6655,102,96,132812,1948,3865240,8498900
6656,92,112,132720,1928,3865352,9000500
6657,96,98,132624,1926,3865450,8955600
6658,98,95,132526,1929,3865545,9843400
6659,94,84,132432,1939,3865629,9193000
6660,106,96,132326,1949,3865725,8915400
6661,111,97,132215,1963,3865822,8754400
6662,81,86,132134,1958,3865908,8443000
6663,106,95,132028,1969,3866003,8495100
6664,104,115,131924,1958,3866118,8456500
6665,116,107,131808,1967,3866225,8477600
6666,88,101,131720,1954,3866326,8466600
6667,86,104,131634,1936,3866430,8198900
6668,98,90,131536,1944,3866520,8930100
6669,88,81,131448,1951,3866601,9667200
6670,94,104,131354,1941,3866705,9335100
6671,104,126,131250,1919,3866831,9772500
6672,117,91,131133,1945,3866922,9388500
6673,87,95,131046,1937,3867017,8863100
6674,92,101,130954,1928,3867118,8728300
6675,89,88,130865,1929,3867206,8521200
6676,119,83,130746,1965,3867289,8577700
6677,111,97,130635,1979,3867386,9243600
6678,105,95,130530,1989,3867481,8470300
6679,104,108,130426,1985,3867589,8963000
6680,96,95,130330,1986,3867684,8763200
6681,104,120,130226,1970,3867804,8667400
6682,104,104,130122,1970,3867908,8530100
6683,105,115,130017,1960,3868023,8695000
6684,121,89,129896,1992,3868112,8769800
6685,97,103,129799,1986,3868215,9001600
6686,103,96,129696,1993,3868311,8612000
6687,120,92,129576,2021,3868403,8401300
6688,92,107,129484,2006,3868510,8623800
6689,98,95,129386,2009,3868605,8543200
6690,121,98,129265,2032,3868703,8512200
6691,123,129,129142,2026,3868832,8488100
6692,121,98,129021,2049,3868930,8918800
6693,110,97,128911,2062,3869027,11662700
6694,109,98,128802,2073,3869125,11665500
6695,103,96,128699,2080,3869221,10732600
6696,124,107,128575,2097,3869328,9585200
6697,108,90,128467,2115,3869418,9541800
6698,98,97,128369,2116,3869515,9532300
6699,107,99,128262,2124,3869614,9640300
6700,94,121,128168,2097,3869735,9303700
6701,106,113,128062,2090,3869848,9003300
6702,109,116,127953,2083,3869964,8822200
6703,108,100,127845,2091,3870064,8535200
6704,118,116,127727,2093,3870180,9068500
6705,94,108,127633,2079,3870288,8831900
6706,78,102,127555,2055,3870390,8859500
6707,95,101,127460,2049,3870491,8682800
6708,94,95,127366,2048,3870586,8899600
6709,102,97,127264,2053,3870683,8636700
6710,102,106,127162,2049,3870789,8787300
6711,97,92,127065,2054,3870881,8562600
6712,101,134,126964,2021,3871015,8953800
6713,99,95,126865,2025,3871110,9396100
6714,93,109,126772,2009,3871219,9423400
6715,110,102,126662,2017,3871321,9023500
6716,111,120,126551,2008,3871441,8663900
6717,100,104,126451,2004,3871545,8534500
6718,106,90,126345,2020,3871635,8976500
6719,100,116,126245,2004,3871751,8577600
6720,114,89,126131,2029,3871840,8672900
6721,94,94,126037,2029,3871934,8866400
6722,109,101,125928,2037,3872035,8561400
6723,104,96,125824,2045,3872131,8482700
6724,103,94,125721,2054,3872225,8809700
6725,106,111,125615,2049,3872336,9925000
6726,105,101,125510,2053,3872437,8627800
6727,91,117,125419,2027,3872554,8875400
6728,102,107,125317,2022,3872661,8644500
6729,93,89,125224,2026,3872750,8769400
6730,77,93,125147,2010,3872843,8830000
6731,94,116,125053,1988,3872959,8605300
6732,91,102,124962,1977,3873061,8694300
6733,79,107,124883,1949,3873168,8598100
6734,88,98,124795,1939,3873266,8474700
6735,107,97,124688,1949,3873363,8534700
6736,106,99,124582,1956,3873462,8721800
6737,105,75,124477,1986,3873537,8957700
6738,87,99,124390,1974,3873636,8640700
6739,96,102,124294,1968,3873738,8906700
6740,101,95,124193,1974,3873833,8725200
6741,86,86,124107,1974,3873919,8712700
6742,99,109,124008,1964,3874028,8583100
6743,86,91,123922,1959,3874119,8642700
6744,96,116,123826,1939,3874235,8550200
6745,93,91,123733,1941,3874326,8492700
6746,82,81,123651,1942,3874407,8455000
6747,99,101,123552,1940,3874508,8370900
6748,107,92,123445,1955,3874600,8404400
6749,99,97,123346,1957,3874697,8438100
6750,96,96,123250,1957,3874793,8994000
6751,108,107,123142,1958,3874900,8367000
6752,94,106,123048,1946,3875006,8832600
6753,99,82,122949,1963,3875088,8370900
6754,111,98,122838,1976,3875186,9020300
6755,101,104,122737,1973,3875290,8526600
6756,89,81,122648,1981,3875371,8494900
6757,111,99,122537,1993,3875470,8444500
6758,96,94,122441,1995,3875564,8357600
6759,106,97,122335,2004,3875661,8464500
6760,122,103,122213,2023,3875764,8399700
6761,107,103,122106,2027,3875867,8753900
6762,109,100,121997,2036,3875967,8618400
6763,118,106,121879,2048,3876073,8574600
6764,122,96,121757,2074,3876169,8481600
6765,91,113,121666,2052,3876282,8472000
6766,105,108,121561,2049,3876390,8439900
6767,107,102,121454,2054,3876492,8595100
6768,93,97,121361,2050,3876589,8390800
6769,90,77,121271,2063,3876666,8481100
6770,104,104,121167,2063,3876770,8596400
6771,87,107,121080,2043,3876877,9062600
6772,101,102,120979,2042,3876979,8436600
6773,86,91,120893,2037,3877070,8409400
6774,81,106,120812,2012,3877176,8465300
6775,78,98,120734,1992,3877274,8664600
6776,111,110,120623,1993,3877384,8617700
6777,99,117,120524,1975,3877501,8398900
6778,94,98,120430,1971,3877599,8501800
6779,101,95,120329,1977,3877694,8445900
6780,96,105,120233,1968,3877799,8564000
6781,80,102,120153,1946,3877901,8514800
6782,78,92,120075,1932,3877993,8605200
6783,103,90,119972,1945,3878083,8644500
6784,95,90,119877,1950,3878173,8444900
6785,92,90,119785,1952,3878263,8511600
6786,83,92,119702,1943,3878355,8431300
6787,93,101,119609,1935,3878456,8327600
6788,89,99,119520,1925,3878555,8422000
6789,96,91,119424,1930,3878646,8665400
6790,97,99,119327,1928,3878745,8732600
6791,88,100,119239,1916,3878845,8535500
6792,82,91,119157,1907,3878936,8162400
6793,90,97,119067,1900,3879033,8192400
6794,77,99,118990,1878,3879132,8602100
6795,79,82,118911,1875,3879214,7978200
6796,95,96,118816,1874,3879310,8106800
6797,96,95,118720,1875,3879405,8126700
6798,88,83,118632,1880,3879488,8231900
6799,91,99,118541,1872,3879587,8313600
6800,101,89,118440,1884,3879676,8301500
6801,89,98,118351,1875,3879774,8167800
6802,75,102,118276,1848,3879876,8126200
6803,86,91,118190,1843,3879967,8643000
6804,93,110,118097,1826,3880077,8437600
6805,109,106,117988,1829,3880183,8141000
6806,83,80,117905,1832,3880263,8282600
6807,92,97,117813,1827,3880360,8943300
6808,105,92,117708,1840,3880452,9174500
6809,98,73,117610,1865,3880525,9592200
6810,110,81,117500,1894,3880606,9061800
6811,118,80,117382,1932,3880686,8913400
6812,112,98,117270,1946,3880784,8671500
6813,114,92,117156,1968,3880876,8652600
6814,100,115,117056,1953,3880991,8414500
6815,95,105,116961,1943,3881096,8379500
6816,98,95,116863,1946,3881191,8247100
6817,99,92,116764,1953,3881283,8364600
6818,91,108,116673,1936,3881391,8443600
6819,97,103,116576,1930,3881494,8433600
6820,88,90,116488,1928,3881584,8390000
6821,90,111,116398,1907,3881695,8426700
6822,103,84,116295,1926,3881779,8489800
6823,100,97,116195,1929,3881876,8226400
6824,101,103,116094,1927,3881979,8452500
6825,73,91,116021,1909,3882070,8651100
6826,86,100,115935,1895,3882170,8434900
6827,95,88,115840,1902,3882258,8628000
6828,103,85,115737,1920,3882343,8228700
6829,94,104,115643,1910,3882447,8139400
6830,106,112,115537,1904,3882559,8477400
6831,84,86,115453,1902,3882645,9472000
6832,95,91,115358,1906,3882736,8306500
6833,97,100,115261,1903,3882836,8810800
6834,81,101,115180,1883,3882937,8406800
6835,90,97,115090,1876,3883034,8445600
6836,80,92,115010,1864,3883126,8444200
6837,96,85,114914,1875,3883211,8562200
6838,97,103,114817,1869,3883314,8812300
6839,96,109,114721,1856,3883423,8856600
6840,103,92,114618,1867,3883515,8648300
6841,106,93,114512,1880,3883608,8227400
6842,80,99,114432,1861,3883707,9339600
6843,73,101,114359,1833,3883808,8428000
6844,77,107,114282,1803,3883915,8655400
6845,97,88,114185,1812,3884003,8632600
6846,86,100,114099,1798,3884103,8698300
6847,87,81,114012,1804,3884184,8842800
6848,73,94,113939,1783,3884278,8410300
6849,91,83,113848,1791,3884361,8424900
6850,94,102,113754,1783,3884463,8428000
6851,78,98,113676,1763,3884561,8515900
6852,75,91,113601,1747,3884652,8471300
6853,89,77,113512,1759,3884729,8719900
6854,95,85,113417,1769,3884814,8794900
6855,93,97,113324,1765,3884911,8582500
6856,76,91,113248,1750,3885002,8632600
6857,103,90,113145,1763,3885092,8808100
6858,106,81,113039,1788,3885173,8660000
6859,96,90,112943,1794,3885263,8588900
6860,101,71,112842,1824,3885334,8586700
6861,93,72,112749,1845,3885406,9266300
6862,83,94,112666,1834,3885500,9192900
6863,91,90,112575,1835,3885590,8630500
6864,85,106,112490,1814,3885696,8622700
6865,101,87,112389,1828,3885783,8618500
6866,88,85,112301,1831,3885868,8995500
6867,97,93,112204,1835,3885961,9476700
6868,72,94,112132,1813,3886055,12689300
6869,99,75,112033,1837,3886130,11644900
6870,96,96,111937,1837,3886226,10775700
6871,89,89,111848,1837,3886315,13139900
6872,82,85,111766,1834,3886400,10016300
6873,86,77,111680,1843,3886477,9800900
6874,87,96,111593,1834,3886573,9239900
6875,97,104,111496,1827,3886677,9169500
6876,106,69,111390,1864,3886746,8956700
6877,89,90,111301,1863,3886836,9108000
6878,90,93,111211,1860,3886929,9278700
6879,80,113,111131,1827,3887042,11438500
6880,91,92,111040,1826,3887134,15268000
6881,91,113,110949,1804,3887247,9674000
6882,105,85,110844,1824,3887332,8857100
6883,85,87,110759,1822,3887419,10719200
6884,85,99,110674,1808,3887518,8693300
6885,95,88,110579,1815,3887606,8390800
6886,79,97,110500,1797,3887703,8774300
6887,92,83,110408,1806,3887786,8450300
6888,94,77,110314,1823,3887863,8557400
6889,86,87,110228,1822,3887950,8550800
6890,92,91,110136,1823,3888041,8072000
6891,96,86,110040,1833,3888127,8165900
6892,84,86,109956,1831,3888213,8164600
6893,100,96,109856,1835,3888309,8075200
6894,89,98,109767,1826,3888407,8080100
6895,79,81,109688,1824,3888488,8092500
6896,89,98,109599,1815,3888586,8424200
6897,97,92,109502,1820,3888678,8419900
6898,94,100,109408,1814,3888778,8616900
6899,92,83,109316,1823,3888861,8997200
6900,91,106,109225,1808,3888967,8839400
6901,84,107,109141,1785,3889074,9246000
6902,86,78,109055,1793,3889152,9428700
6903,77,73,108978,1797,3889225,9708300
6904,83,85,108895,1795,3889310,9223700
6905,84,102,108811,1777,3889412,8910100
6906,84,89,108727,1772,3889501,10475400
6907,86,98,108641,1760,3889599,9563000
6908,75,93,108566,1742,3889692,10617200
6909,93,88,108473,1747,3889780,10159100
6910,81,75,108392,1753,3889855,9166700
6911,95,90,108297,1758,3889945,8724000
6912,80,91,108217,1747,3890036,8575900
6913,96,90,108121,1753,3890126,8454400
6914,74,78,108047,1749,3890204,8532200
6915,87,90,107960,1746,3890294,9844000
6916,85,94,107875,1737,3890388,9879600
6917,88,82,107787,1743,3890470,8841200
6918,99,89,107688,1753,3890559,9344300
6919,96,85,107592,1764,3890644,8650300
6920,91,96,107501,1759,3890740,8837900
6921,105,89,107396,1775,3890829,9505700
6922,96,82,107300,1789,3890911,8866300
6923,102,107,107198,1784,3891018,9602200
6924,86,73,107112,1797,3891091,8969500
6925,97,94,107015,1800,3891185,9113800
6926,105,94,106910,1811,3891279,9021700
6927,79,87,106831,1803,3891366,8928900
6928,104,85,106727,1822,3891451,10617500
6929,88,94,106639,1816,3891545,9578700
6930,97,79,106542,1834,3891624,10575700
6931,95,105,106447,1824,3891729,9279300
6932,91,92,106356,1823,3891821,9302900
6933,88,95,106268,1816,3891916,8591700
6934,86,72,106182,1830,3891988,8515600
6935,79,93,106103,1816,3892081,8441400
6936,78,87,106025,1807,3892168,10209200
6937,96,90,105929,1813,3892258,9514500
6938,84,91,105845,1806,3892349,10837700
6939,95,81,105750,1820,3892430,9627100
6940,84,86,105666,1818,3892516,9306000
6941,89,78,105577,1829,3892594,8986100
6942,88,87,105489,1830,3892681,8745500
6943,101,77,105388,1854,3892758,8661900
6944,104,79,105284,1879,3892837,8707200
6945,87,96,105197,1870,3892933,8678400
6946,92,106,105105,1856,3893039,8477400
6947,81,88,105024,1849,3893127,8738100
6948,98,88,104926,1859,3893215,9468900
6949,87,116,104839,1830,3893331,8732300
6950,98,96,104741,1832,3893427,8429200
6951,102,100,104639,1834,3893527,8368200
6952,84,88,104555,1830,3893615,8559100
6953,87,88,104468,1829,3893703,8752400
6954,91,86,104377,1834,3893789,8668600
6955,107,92,104270,1849,3893881,8598300
6956,81,97,104189,1833,3893978,8387500
6957,97,103,104092,1827,3894081,8841500
6958,79,89,104013,1817,3894170,8368200
6959,86,77,103927,1826,3894247,10186500
6960,84,89,103843,1821,3894336,8585300
6961,61,86,103782,1796,3894422,8357800
6962,73,85,103709,1784,3894507,8356000
6963,99,88,103610,1795,3894595,8251200
6964,65,98,103545,1762,3894693,8507400
6965,73,74,103472,1761,3894767,8120300
6966,94,82,103378,1773,3894849,8179800
6967,78,90,103300,1761,3894939,8102200
6968,75,91,103225,1745,3895030,8234700
6969,89,96,103136,1738,3895126,8389600
6970,87,85,103049,1740,3895211,8501900
6971,92,94,102957,1738,3895305,8201900
6972,65,76,102892,1727,3895381,8137300
6973,73,83,102819,1717,3895464,8236800
6974,81,93,102738,1705,3895557,8161800
6975,74,83,102664,1696,3895640,8049300
6976,79,82,102585,1693,3895722,8225600
6977,69,95,102516,1667,3895817,9210500
6978,71,96,102445,1642,3895913,8846400
6979,87,59,102358,1670,3895972,9028000
6980,80,80,102278,1670,3896052,9023800
6981,82,94,102196,1658,3896146,8848900
6982,90,82,102106,1666,3896228,8991700
6983,82,86,102024,1662,3896314,11881600
6984,84,78,101940,1668,3896392,11935200
6985,79,82,101861,1665,3896474,11540600
6986,72,71,101789,1666,3896545,9284200
6987,82,74,101707,1674,3896619,10379000
6988,101,108,101606,1667,3896727,10154800
6989,67,86,101539,1648,3896813,9038200
6990,79,84,101460,1643,3896897,8915200
6991,81,66,101379,1658,3896963,8772600
6992,87,82,101292,1663,3897045,8750200
6993,83,67,101209,1679,3897112,8505900
6994,75,86,101134,1668,3897198,8938900
6995,104,98,101030,1674,3897296,9252900
6996,78,84,100952,1668,3897380,8700200
6997,85,86,100867,1667,3897466,8755500
6998,85,75,100782,1677,3897541,8603900
6999,82,70,100700,1689,3897611,8624000
7000,99,71,100601,1717,3897682,8996700
7001,96,94,100505,1719,3897776,8538000
7002,79,88,100426,1710,3897864,8647600
7003,79,76,100347,1713,3897940,8535900
7004,78,85,100269,1706,3898025,8497800
7005,77,77,100192,1706,3898102,8552400
7006,98,80,100094,1724,3898182,8899300
7007,64,90,100030,1698,3898272,8714600
7008,71,81,99959,1688,3898353,8946800
7009,82,90,99877,1680,3898443,8720200
7010,63,89,99814,1654,3898532,8543500
7011,93,80,99721,1667,3898612,8679700
7012,77,85,99644,1659,3898697,8798800
7013,71,91,99573,1639,3898788,8841800
7014,86,98,99487,1627,3898886,8773500
7015,77,80,99410,1624,3898966,8919200
7016,78,96,99332,1606,3899062,8648200
7017,80,72,99252,1614,3899134,8788800
7018,70,64,99182,1620,3899198,8676600
7019,73,74,99109,1619,3899272,8734400
7020,94,86,99015,1627,3899358,8939000
7021,69,92,98946,1604,3899450,8600200
7022,75,72,98871,1607,3899522,8745000
7023,78,74,98793,1611,3899596,8800900
7024,85,73,98708,1623,3899669,8513600
7025,96,80,98612,1639,3899749,8560600
7026,79,82,98533,1636,3899831,8480800
7027,79,75,98454,1640,3899906,8426300
7028,78,83,98376,1635,3899989,8700300
7029,85,79,98291,1641,3900068,8449200
7030,91,79,98200,1653,3900147,8746300
7031,69,70,98131,1652,3900217,8566500
7032,76,75,98055,1653,3900292,8534300
7033,68,74,97987,1647,3900366,8832600
7034,67,89,97920,1625,3900455,9526500
7035,71,80,97849,1616,3900535,10257600
7036,81,77,97768,1620,3900612,11010100
7037,71,83,97697,1608,3900695,15983000
7038,65,68,97632,1605,3900763,12098000
7039,88,78,97544,1615,3900841,10745900
7040,72,67,97472,1620,3900908,9827000
7041,73,73,97399,1620,3900981,9052800
7042,92,85,97307,1627,3901066,8770100
7043,90,67,97217,1650,3901133,8637100
7044,92,66,97125,1676,3901199,8513500
7045,82,77,97043,1681,3901276,8322200
7046,85,68,96958,1698,3901344,8417400
7047,95,91,96863,1702,3901435,8460200
7048,87,82,96776,1707,3901517,8319600
7049,78,90,96698,1695,3901607,8539800
7050,85,99,96613,1681,3901706,8762500
7051,73,64,96540,1690,3901770,8440700
7052,83,80,96457,1693,3901850,8219000
7053,91,91,96366,1693,3901941,8275000
7054,83,81,96283,1695,3902022,8049700
7055,93,77,96190,1711,3902099,8231200
7056,77,103,96113,1685,3902202,8270600
7057,84,89,96029,1680,3902291,8038500
7058,93,87,95936,1686,3902378,8463700
7059,80,69,95856,1697,3902447,8120300
7060,84,92,95772,1689,3902539,8292200
7061,68,81,95704,1676,3902620,8572200
7062,81,83,95623,1674,3902703,8647000
7063,91,73,95532,1692,3902776,8501400
7064,84,90,95448,1686,3902866,8235800
7065,86,93,95362,1679,3902959,8187400
7066,81,87,95281,1673,3903046,8208900
7067,69,94,95212,1648,3903140,8360100
7068,82,81,95130,1649,3903221,8631800
7069,76,90,95054,1635,3903311,10599700
7070,89,74,94965,1650,3903385,18890200
7071,100,74,94865,1676,3903459,9139300
7072,81,68,94784,1689,3903527,8989100
7073,86,85,94698,1690,3903612,9234500
7074,93,71,94605,1712,3903683,9097300
7075,72,96,94533,1688,3903779,10607500
7076,90,83,94443,1695,3903862,12170200
7077,74,66,94369,1703,3903928,8971700
7078,75,91,94294,1687,3904019,8798600
7079,93,90,94201,1690,3904109,8450900
7080,92,71,94109,1711,3904180,8947300
7081,80,71,94029,1720,3904251,8472300
7082,88,86,93941,1722,3904337,8100200
7083,89,86,93852,1725,3904423,8170300
7084,98,99,93754,1724,3904522,8183400
7085,79,76,93675,1727,3904598,8114700
7086,97,119,93578,1705,3904717,8426200
7087,56,86,93522,1675,3904803,8543900
7088,77,82,93445,1670,3904885,8287200
7089,79,92,93366,1657,3904977,8176700
7090,67,74,93299,1650,3905051,8209400
7091,77,80,93222,1647,3905131,8161600
7092,76,73,93146,1650,3905204,8181400
7093,71,82,93075,1639,3905286,8453000
7094,74,75,93001,1638,3905361,8130600
7095,73,92,92928,1619,3905453,9516000
7096,88,82,92840,1625,3905535,8645200
7097,69,95,92771,1599,3905630,8340400
7098,71,71,92700,1599,3905701,8393200
7099,73,77,92627,1595,3905778,8047500
7100,83,84,92544,1594,3905862,8223100
7101,84,65,92460,1613,3905927,8470800
7102,77,83,92383,1607,3906010,8313000
7103,85,68,92298,1624,3906078,8285000
7104,87,69,92211,1642,3906147,8656400
7105,77,74,92134,1645,3906221,8087300
7106,82,77,92052,1650,3906298,7981500
7107,84,87,91968,1647,3906385,8492600
7108,79,88,91889,1638,3906473,8609300
7109,90,76,91799,1652,3906549,8256700
7110,95,80,91704,1667,3906629,8186400
7111,77,85,91627,1659,3906714,8045100
7112,83,92,91544,1650,3906806,8453800
7113,92,97,91452,1645,3906903,8089300
7114,86,76,91366,1655,3906979,8382600
7115,96,70,91270,1681,3907049,8627000
7116,94,79,91176,1696,3907128,8466200
7117,92,87,91084,1701,3907215,8208100
7118,78,90,91006,1689,3907305,8205700
7119,100,79,90906,1710,3907384,8346700
7120,86,104,90820,1692,3907488,8275300
7121,87,80,90733,1699,3907568,8334100
7122,95,85,90638,1709,3907653,8197600
7123,83,97,90555,1695,3907750,8471900
7124,84,67,90471,1712,3907817,8256000
7125,96,103,90375,1705,3907920,8273700
7126,87,90,90288,1702,3908010,8301800
7127,84,89,90204,1697,3908099,8242800
7128,83,82,90121,1698,3908181,8596700
7129,79,90,90042,1687,3908271,8327400
7130,97,88,89945,1696,3908359,8077700
7131,119,83,89826,1732,3908442,8031700
7132,72,78,89754,1726,3908520,8261900
7133,105,93,89649,1738,3908613,8154200
7134,97,78,89552,1757,3908691,8870200
7135,85,93,89467,1749,3908784,8514600
7136,83,62,89384,1770,3908846,8642700
7137,84,79,89300,1775,3908925,8149900
7138,87,91,89213,1771,3909016,8321100
7139,94,77,89119,1788,3909093,8355000
7140,98,87,89021,1799,3909180,8230400
7141,102,82,88919,1819,3909262,8353900
7142,100,90,88819,1829,3909352,8232700
7143,98,83,88721,1844,3909435,8221100
7144,99,77,88622,1866,3909512,8329400
7145,78,93,88544,1851,3909605,8799900
7146,104,101,88440,1854,3909706,8260800
7147,100,95,88340,1859,3909801,8325800
7148,105,98,88235,1866,3909899,8150300
7149,94,94,88141,1866,3909993,8119000
7150,81,77,88060,1870,3910070,8180300
7151,92,81,87968,1881,3910151,8098200
7152,89,89,87879,1881,3910240,8470300
7153,91,88,87788,1884,3910328,8218700
7154,102,101,87686,1885,3910429,9054600
7155,81,100,87605,1866,3910529,8233100
7156,97,76,87508,1887,3910605,8480800
7157,105,88,87403,1904,3910693,8143300
7158,91,84,87312,1911,3910777,8387700
7159,82,97,87230,1896,3910874,8219800
7160,98,92,87132,1902,3910966,8331400
7161,82,98,87050,1886,3911064,8483800
7162,102,106,86948,1882,3911170,8107500
7163,81,90,86867,1873,3911260,8501100
7164,95,88,86772,1880,3911348,8322800
7165,83,89,86689,1874,3911437,8182700
7166,77,103,86612,1848,3911540,8258800
7167,78,119,86534,1807,3911659,8473500
7168,89,92,86445,1804,3911751,8546700
7169,73,92,86372,1785,3911843,8338700
7170,74,88,86298,1771,3911931,8281800
7171,80,94,86218,1757,3912025,8147100
7172,73,73,86145,1757,3912098,8171500
7173,61,88,86084,1730,3912186,8318700
7174,79,87,86005,1722,3912273,8234300
7175,78,98,85927,1702,3912371,8288200
7176,82,102,85845,1682,3912473,8188300
7177,59,104,85786,1637,3912577,8642300
7178,82,82,85704,1637,3912659,8149700
7179,69,93,85635,1613,3912752,8460500
7180,81,86,85554,1608,3912838,8943400
7181,83,73,85471,1618,3912911,8320800
7182,80,99,85391,1599,3913010,8337500
7183,69,88,85322,1580,3913098,8896500
7184,91,68,85231,1603,3913166,11900800
7185,80,93,85151,1590,3913259,13224600
7186,68,68,85083,1590,3913327,8501900
7187,77,92,85006,1575,3913419,8635700
7188,83,91,84923,1567,3913510,10026600
7189,74,67,84849,1574,3913577,11843200
7190,80,84,84769,1570,3913661,9942100
7191,65,89,84704,1546,3913750,8836900
7192,86,73,84618,1559,3913823,8370600
7193,82,91,84536,1550,3913914,8488000
7194,66,86,84470,1530,3914000,8466600
7195,69,81,84401,1518,3914081,8473700
7196,77,79,84324,1516,3914160,8175500
7197,71,67,84253,1520,3914227,8350000
7198,83,83,84170,1520,3914310,8343900
7199,77,72,84093,1525,3914382,8236100
7200,88,66,84005,1547,3914448,8174300
7201,77,76,83928,1548,3914524,8456700
7202,71,79,83857,1540,3914603,8501600
7203,87,86,83770,1541,3914689,8339500
7204,76,72,83694,1545,3914761,8496700
7205,87,73,83607,1559,3914834,8406700
7206,76,75,83531,1560,3914909,8332900
7207,80,62,83451,1578,3914971,8230200
7208,76,94,83375,1560,3915065,8211300
7209,83,79,83292,1564,3915144,8236300
7210,78,80,83214,1562,3915224,8413300
7211,80,74,83134,1568,3915298,8144600
7212,79,82,83055,1565,3915380,8200800
7213,74,79,82981,1560,3915459,8352900
7214,77,67,82904,1570,3915526,8327800
7215,86,69,82818,1587,3915595,8205500
7216,81,79,82737,1589,3915674,8317200
7217,82,87,82655,1584,3915761,8244500
7218,81,81,82574,1584,3915842,8418700
7219,74,76,82500,1582,3915918,8443800
7220,84,97,82416,1569,3916015,8568700
7221,56,81,82360,1544,3916096,8282500
7222,66,92,82294,1518,3916188,8561200
7223,53,71,82241,1500,3916259,8168200
7224,66,73,82175,1493,3916332,8303300
7225,65,87,82110,1471,3916419,9064700
7226,65,77,82045,1459,3916496,8551900
7227,62,85,81983,1436,3916581,8505900
7228,65,80,81918,1421,3916661,8233800
7229,64,75,81854,1410,3916736,8703700
7230,61,70,81793,1401,3916806,8835000
7231,68,57,81725,1412,3916863,8191700
7232,59,64,81666,1407,3916927,8158500
7233,64,76,81602,1395,3917003,8118700
7234,64,74,81538,1385,3917077,8286800
7235,57,65,81481,1377,3917142,8292700
7236,75,74,81406,1378,3917216,8219500
7237,66,77,81340,1367,3917293,8764200
7238,71,68,81269,1370,3917361,8622200
7239,72,66,81197,1376,3917427,8205300
7240,64,71,81133,1369,3917498,8309000
7241,58,61,81075,1366,3917559,8149100
7242,65,70,81010,1361,3917629,8522800
7243,76,63,80934,1374,3917692,8451200
7244,69,65,80865,1378,3917757,8263500
7245,68,73,80797,1373,3917830,8288800
7246,70,64,80727,1379,3917894,8107000
7247,63,79,80664,1363,3917973,8159100
7248,37,70,80627,1330,3918043,8145100
7249,70,77,80557,1323,3918120,8346900
7250,52,66,80505,1309,3918186,8232700
7251,64,61,80441,1312,3918247,8232700
7252,72,77,80369,1307,3918324,8388300
7253,60,58,80309,1309,3918382,8293200
7254,61,63,80248,1307,3918445,8195900
7255,62,52,80186,1317,3918497,8062200
7256,59,52,80127,1324,3918549,8169800
7257,62,69,80065,1317,3918618,8414400
7258,54,69,80011,1302,3918687,8079500
7259,71,61,79940,1312,3918748,8199800
7260,77,63,79863,1326,3918811,8317700
7261,60,63,79803,1323,3918874,8369600
7262,69,73,79734,1319,3918947,8328000
7263,53,69,79681,1303,3919016,8176800
7264,78,51,79603,1330,3919067,8160700
7265,67,66,79536,1331,3919133,8429000
7266,56,70,79480,1317,3919203,8114000
7267,60,64,79420,1313,3919267,8260000
7268,62,64,79358,1311,3919331,8363700
7269,59,63,79299,1307,3919394,8214500
7270,57,84,79242,1280,3919478,8325600
7271,64,62,79178,1282,3919540,8305000
7272,61,75,79117,1268,3919615,8225400
7273,51,65,79066,1254,3919680,8268100
7274,75,61,78991,1268,3919741,8229100
7275,65,72,78926,1261,3919813,8140000
7276,60,58,78866,1263,3919871,8522200
7277,75,64,78791,1274,3919935,8304500
7278,66,54,78725,1286,3919989,8711900
7279,66,72,78659,1280,3920061,8314200
7280,72,66,78587,1286,3920127,8265400
7281,67,61,78520,1292,3920188,8252500
7282,55,64,78465,1283,3920252,8177200
7283,61,56,78404,1288,3920308,8288400
7284,55,68,78349,1275,3920376,8380400
7285,76,58,78273,1293,3920434,8287400
7286,71,76,78202,1288,3920510,8418600
7287,63,65,78139,1286,3920575,8400400
7288,54,58,78085,1282,3920633,8428700
7289,59,69,78026,1272,3920702,8280500
7290,64,68,77962,1268,3920770,8578200
7291,62,62,77900,1268,3920832,8415100
7292,70,69,77830,1269,3920901,8817300
7293,73,57,77757,1285,3920958,21389400
7294,58,59,77699,1284,3921017,10200900
7295,58,63,77641,1279,3921080,9187200
7296,64,57,77577,1286,3921137,9299800
7297,77,62,77500,1301,3921199,9983800
7298,59,60,77441,1300,3921259,10833000
7299,64,75,77377,1289,3921334,9981200
7300,65,69,77312,1285,3921403,14413600
7301,57,83,77255,1259,3921486,8895700
7302,54,66,77201,1247,3921552,8629000
7303,55,56,77146,1246,3921608,8747400
7304,68,63,77078,1251,3921671,8557700
7305,67,66,77011,1252,3921737,8266300
7306,76,62,76935,1266,3921799,8402100
7307,67,49,76868,1284,3921848,8409100
7308,69,50,76799,1303,3921898,8247600
7309,57,69,76742,1291,3921967,8487100
7310,61,72,76681,1280,3922039,8383800
7311,62,72,76619,1270,3922111,9367700
7312,43,72,76576,1241,3922183,8476800
7313,62,63,76514,1240,3922246,8284000
7314,67,66,76447,1241,3922312,8398100
7315,65,63,76382,1243,3922375,8261600
7316,64,78,76318,1229,3922453,8892800
7317,64,61,76254,1232,3922514,8127500
7318,57,65,76197,1224,3922579,8086400
7319,58,41,76139,1241,3922620,8126200
7320,63,65,76076,1239,3922685,8718100
7321,67,69,76009,1237,3922754,8949300
7322,62,55,75947,1244,3922809,8797300
7323,65,51,75882,1258,3922860,8356900
7324,64,71,75818,1251,3922931,8393800
7325,59,57,75759,1253,3922988,8258900
7326,65,76,75694,1242,3923064,8161000
7327,55,61,75639,1236,3923125,8285100
7328,60,67,75579,1229,3923192,8397100
7329,48,72,75531,1205,3923264,9310700
7330,60,52,75471,1213,3923316,8575200
7331,52,68,75419,1197,3923384,8299800
7332,60,67,75359,1190,3923451,8092800
7333,57,70,75302,1177,3923521,8382500
7334,56,67,75246,1166,3923588,8307600
7335,65,51,75181,1180,3923639,8280600
7336,62,76,75119,1166,3923715,8207400
7337,58,61,75061,1163,3923776,8250300
7338,63,63,74998,1163,3923839,8179900
7339,53,57,74945,1159,3923896,8193900
7340,76,69,74869,1166,3923965,8113100
7341,64,65,74805,1165,3924030,8589000
7342,56,53,74749,1168,3924083,9474100
7343,48,51,74701,1165,3924134,8198600
7344,62,73,74639,1154,3924207,8186300
7345,58,59,74581,1153,3924266,8296600
7346,51,48,74530,1156,3924314,8097000
7347,59,64,74471,1151,3924378,8107300
7348,62,70,74409,1143,3924448,8123000
7349,55,47,74354,1151,3924495,8154000
7350,55,62,74299,1144,3924557,8284200
7351,54,63,74245,1135,3924620,8103800
7352,69,53,74176,1151,3924673,8204100
7353,52,65,74124,1138,3924738,8545700
7354,51,53,74073,1136,3924791,8660900
7355,63,73,74010,1126,3924864,8258700
7356,62,58,73948,1130,3924922,8227500
7357,43,53,73905,1120,3924975,8186900
7358,60,63,73845,1117,3925038,8307100
7359,56,58,73789,1115,3925096,8243300
7360,47,71,73742,1091,3925167,8254500
7361,57,53,73685,1095,3925220,8681900
7362,42,69,73643,1068,3925289,8267300
7363,59,52,73584,1075,3925341,8194800
7364,48,64,73536,1059,3925405,8263500
7365,43,49,73493,1053,3925454,8510800
7366,51,46,73442,1058,3925500,8192900
7367,54,50,73388,1062,3925550,8442600
7368,47,56,73341,1053,3925606,8294400
7369,58,57,73283,1054,3925663,8190300
7370,52,51,73231,1055,3925714,8404200
7371,53,60,73178,1048,3925774,8170900
7372,59,62,73119,1045,3925836,8218500
7373,56,52,73063,1049,3925888,8390100
7374,59,50,73004,1058,3925938,8210800
7375,45,46,72959,1057,3925984,8310200
7376,46,61,72913,1042,3926045,8399000
7377,46,58,72867,1030,3926103,8422000
7378,50,51,72817,1029,3926154,8207300
7379,43,39,72774,1033,3926193,8237900
7380,62,59,72712,1036,3926252,8351400
7381,45,54,72667,1027,3926306,8485200
7382,50,61,72617,1016,3926367,8588900
7383,60,54,72557,1022,3926421,8937000
7384,53,54,72504,1021,3926475,8766600
7385,68,53,72436,1036,3926528,8704800
7386,49,48,72387,1037,3926576,8565500
7387,51,39,72336,1049,3926615,8915700
7388,48,63,72288,1034,3926678,8779400
7389,53,54,72235,1033,3926732,8804300
7390,44,54,72191,1023,3926786,8600900
7391,54,49,72137,1028,3926835,8710700
7392,48,44,72089,1032,3926879,8531000
7393,37,41,72052,1028,3926920,8863000
7394,37,37,72015,1028,3926957,8777300
7395,54,50,71961,1032,3927007,8906100
7396,50,54,71911,1028,3927061,8777800
7397,38,42,71873,1024,3927103,8853100
7398,39,38,71834,1025,3927141,8685000
7399,55,45,71779,1035,3927186,8704900
7400,52,53,71727,1034,3927239,9404000
7401,31,58,71696,1007,3927297,8894900
7402,34,63,71662,978,3927360,9002700
7403,49,45,71613,982,3927405,8950700
7404,54,58,71559,978,3927463,8806100
7405,52,44,71507,986,3927507,8739400
7406,40,57,71467,969,3927564,8824100
7407,46,58,71421,957,3927622,9764000
7408,44,42,71377,959,3927664,8926700
7409,50,47,71327,962,3927711,9539400
7410,48,49,71279,961,3927760,8880700
7411,58,51,71221,968,3927811,9204600
7412,53,39,71168,982,3927850,9285400
7413,51,55,71117,978,3927905,9106800
7414,42,58,71075,962,3927963,9156700
7415,41,57,71034,946,3928020,9019000
7416,45,45,70989,946,3928065,8736800
7417,38,53,70951,931,3928118,8349400
7418,40,50,70911,921,3928168,8260800
7419,48,42,70863,927,3928210,8473400
7420,44,37,70819,934,3928247,8491400
7421,52,39,70767,947,3928286,8371100
7422,56,42,70711,961,3928328,8407100
7423,67,36,70644,992,3928364,8843300
7424,46,50,70598,988,3928414,9388500
7425,49,49,70549,988,3928463,9094500
7426,49,38,70500,999,3928501,8533600
7427,48,52,70452,995,3928553,8375900
7428,40,46,70412,989,3928599,8432400
7429,39,46,70373,982,3928645,8593800
7430,53,48,70320,987,3928693,8635200
7431,52,37,70268,1002,3928730,8682100
7432,52,40,70216,1014,3928770,9006900
7433,55,35,70161,1034,3928805,8818600
7434,45,43,70116,1036,3928848,8394300
7435,54,62,70062,1028,3928910,8581800
7436,39,58,70023,1009,3928968,8536500
7437,54,44,69969,1019,3929012,8931300
7438,59,57,69910,1021,3929069,9250800
7439,46,47,69864,1020,3929116,9099900
7440,51,56,69813,1015,3929172,8581700
7441,59,39,69754,1035,3929211,9134600
7442,52,45,69702,1042,3929256,8563500
7443,42,63,69660,1021,3929319,8925500
7444,57,61,69603,1017,3929380,8860500
7445,45,43,69558,1019,3929423,8832100
7446,41,58,69517,1002,3929481,9513500
7447,56,47,69461,1011,3929528,8782700
7448,46,44,69415,1013,3929572,8769600
7449,56,55,69359,1014,3929627,8722400
7450,51,58,69308,1007,3929685,9836600
7451,47,49,69261,1005,3929734,8661800
7452,41,61,69220,985,3929795,8742700
7453,45,48,69175,982,3929843,8941300
7454,49,43,69126,988,3929886,8804900
7455,40,51,69086,977,3929937,8614800
7456,55,54,69031,978,3929991,8761100
7457,39,43,68992,974,3930034,8625600
7458,51,46,68941,979,3930080,9154600
7459,38,66,68903,951,3930146,8844300
7460,34,46,68869,939,3930192,8864200
7461,46,49,68823,936,3930241,10846800
7462,40,33,68783,943,3930274,8865800
7463,48,42,68735,949,3930316,10996500
7464,44,53,68691,940,3930369,8787500
7465,39,50,68652,929,3930419,10944900
7466,34,42,68618,921,3930461,10221700
7467,37,58,68581,900,3930519,8946300
7468,44,51,68537,893,3930570,10671700
7469,52,53,68485,892,3930623,9036400
7470,38,46,68447,884,3930669,8905900
7471,42,42,68405,884,3930711,8569800
7472,43,32,68362,895,3930743,8321100
7473,44,46,68318,893,3930789,8285900
7474,32,48,68286,877,3930837,8402000
7475,42,45,68244,874,3930882,8492400
7476,42,34,68202,882,3930916,8331800
7477,38,46,68164,874,3930962,8392000
7478,33,52,68131,855,3931014,8359100
7479,36,43,68095,848,3931057,8386100
7480,45,48,68050,845,3931105,8532400
7481,29,43,68021,831,3931148,8198400
7482,36,42,67985,825,3931190,8295300
7483,38,35,67947,828,3931225,8378500
7484,38,30,67909,836,3931255,8212500
7485,54,48,67855,842,3931303,8322200
7486,43,40,67812,845,3931343,8061000
7487,43,41,67769,847,3931384,8335600
7488,51,53,67718,845,3931437,8348200
7489,41,41,67677,845,3931478,8245900
7490,34,41,67643,838,3931519,8513700
7491,40,43,67603,835,3931562,8292200
7492,42,43,67561,834,3931605,8494200
7493,53,30,67508,857,3931635,8261600
7494,47,36,67461,868,3931671,8486700
7495,48,40,67413,876,3931711,8431200
7496,34,47,67379,863,3931758,8245300
7497,30,46,67349,847,3931804,8074100
7498,38,40,67311,845,3931844,8492800
7499,28,27,67283,846,3931871,8265900
7500,42,48,67241,840,3931919,8370400
7501,35,40,67206,835,3931959,8211800
7502,40,38,67166,837,3931997,8207400
7503,30,44,67136,823,3932041,8239100
7504,33,37,67103,819,3932078,8262500
7505,33,34,67070,818,3932112,8309300
7506,42,50,67028,810,3932162,8323500
7507,35,45,66993,800,3932207,8705800
7508,37,31,66956,806,3932238,8149800
7509,46,43,66910,809,3932281,8234900
7510,46,41,66864,814,3932322,8237300
7511,35,28,66829,821,3932350,8423700
7512,30,40,66799,811,3932390,8146200
7513,37,43,66762,805,3932433,8176000
7514,39,34,66723,810,3932467,8197600
7515,52,50,66671,812,3932517,8590800
7516,43,57,66628,798,3932574,8661600
7517,47,36,66581,809,3932610,8382300
7518,35,43,66546,801,3932653,8221200
7519,48,40,66498,809,3932693,8031900
7520,36,44,66462,801,3932737,8258600
7521,45,36,66417,810,3932773,8136000
7522,38,44,66379,804,3932817,8141100
7523,33,33,66346,804,3932850,8572300
7524,42,33,66304,813,3932883,8297500
7525,40,40,66264,813,3932923,8277100
7526,26,32,66238,807,3932955,8307800
7527,48,39,66190,816,3932994,8388300
7528,31,46,66159,801,3933040,8062300
7529,39,44,66120,796,3933084,8119000
7530,28,44,66092,780,3933128,8328400
7531,36,29,66056,787,3933157,8473500
7532,36,36,66020,787,3933193,8405000
7533,34,33,65986,788,3933226,8395700
7534,37,35,65949,790,3933261,8153400
7535,45,30,65904,805,3933291,8230400
7536,30,38,65874,797,3933329,8066200
7537,45,33,65829,809,3933362,8243400
7538,32,46,65797,795,3933408,8235700
7539,25,32,65772,788,3933440,8229700
7540,29,41,65743,776,3933481,8394300
7541,32,43,65711,765,3933524,8266300
7542,25,30,65686,760,3933554,8256900
7543,34,24,65652,770,3933578,8218700
7544,36,46,65616,760,3933624,8223300
7545,39,26,65577,773,3933650,8335900
7546,30,46,65547,757,3933696,8258700
7547,25,40,65522,742,3933736,8462500
7548,21,42,65501,721,3933778,8435600
7549,30,30,65471,721,3933808,8089300
7550,29,28,65442,722,3933836,8171400
7551,36,43,65406,715,3933879,8322300
7552,30,23,65376,722,3933902,8489900
7553,26,37,65350,711,3933939,8311800
7554,29,26,65321,714,3933965,8473000
7555,33,28,65288,719,3933993,8617900
7556,30,39,65258,710,3934032,8218400
7557,34,31,65224,713,3934063,8373100
7558,29,30,65195,712,3934093,8297100
7559,33,37,65162,708,3934130,7994900
7560,27,38,65135,697,3934168,8269600
7561,25,35,65110,687,3934203,8097300
7562,28,29,65082,686,3934232,8204900
7563,33,37,65049,682,3934269,8971900
7564,32,36,65017,678,3934305,8287600
7565,22,35,64995,665,3934340,8386100
7566,27,26,64968,666,3934366,8171900
7567,24,38,64944,652,3934404,8446200
7568,32,33,64912,651,3934437,8050900
7569,27,31,64885,647,3934468,8120600
7570,21,32,64864,636,3934500,8602100
7571,24,30,64840,630,3934530,8373600
7572,21,26,64819,625,3934556,8337000
7573,20,24,64799,621,3934580,8181500
7574,25,13,64774,633,3934593,8116300
7575,27,28,64747,632,3934621,8268800
7576,18,27,64729,623,3934648,8154700
7577,23,35,64706,611,3934683,8174600
7578,19,20,64687,610,3934703,8136600
7579,20,29,64667,601,3934732,8151600
7580,22,32,64645,591,3934764,8157700
7581,12,26,64633,577,3934790,8305600
7582,14,31,64619,560,3934821,8303000
7583,23,34,64596,549,3934855,8093600
7584,23,33,64573,539,3934888,8349200
7585,16,35,64557,520,3934923,8443200
7586,15,24,64542,511,3934947,8293500
7587,18,31,64524,498,3934978,8672100
7588,30,28,64494,500,3935006,8476900
7589,30,27,64464,503,3935033,8514700
7590,21,27,64443,497,3935060,8855100
7591,21,21,64422,497,3935081,8780500
7592,18,30,64404,485,3935111,8430100
7593,21,18,64383,488,3935129,8510300
7594,18,24,64365,482,3935153,8557000
7595,14,27,64351,469,3935180,8291700
7596,26,16,64325,479,3935196,8312900
7597,20,30,64305,469,3935226,9521500
7598,24,25,64281,468,3935251,8435500
7599,17,20,64264,465,3935271,8383500
7600,26,23,64238,468,3935294,8277200
7601,26,34,64212,460,3935328,8324800
7602,19,23,64193,456,3935351,8720800
7603,31,21,64162,466,3935372,8297500
7604,25,22,64137,469,3935394,8640800
7605,24,38,64113,455,3935432,8497700
7606,28,20,64085,463,3935452,8505600
7607,33,26,64052,470,3935478,8675900
7608,19,18,64033,471,3935496,8431900
7609,27,23,64006,475,3935519,8342600
7610,29,14,63977,490,3935533,8336700
7611,24,17,63953,497,3935550,8006800
7612,25,23,63928,499,3935573,8072600
7613,25,19,63903,505,3935592,8135700
7614,16,22,63887,499,3935614,8212200
7615,13,22,63874,490,3935636,8545900
7616,22,30,63852,482,3935666,8195700
7617,14,18,63838,478,3935684,8099800
7618,17,16,63821,479,3935700,8354800
7619,19,28,63802,470,3935728,8325800
7620,25,19,63777,476,3935747,8349300
7621,19,25,63758,470,3935772,8131800
7622,19,21,63739,468,3935793,9274900
7623,17,28,63722,457,3935821,8435300
7624,18,19,63704,456,3935840,8275000
7625,21,19,63683,458,3935859,8198100
7626,15,19,63668,454,3935878,8325200
7627,24,18,63644,460,3935896,8290600
7628,18,24,63626,454,3935920,8230500
7629,21,21,63605,454,3935941,8245600
7630,15,18,63590,451,3935959,8599400
7631,19,30,63571,440,3935989,8136200
7632,13,29,63558,424,3936018,8208200
7633,20,19,63538,425,3936037,8064600
7634,16,10,63522,431,3936047,8870900
7635,16,21,63506,426,3936068,8502500
7636,20,21,63486,425,3936089,8623500
7637,24,21,63462,428,3936110,9472300
7638,17,19,63445,426,3936129,8453700
7639,15,16,63430,425,3936145,8365800
7640,15,20,63415,420,3936165,8449900
7641,14,22,63401,412,3936187,8300800
7642,17,15,63384,414,3936202,8229800
7643,16,19,63368,411,3936221,8631400
7644,14,21,63354,404,3936242,8259200
7645,11,31,63343,384,3936273,8320200
7646,22,15,63321,391,3936288,8639600
7647,20,24,63301,387,3936312,10199700
7648,17,15,63284,389,3936327,22557200
7649,13,20,63271,382,3936347,10960600
7650,11,20,63260,373,3936367,10329800
7651,11,19,63249,365,3936386,10107500
7652,21,22,63228,364,3936408,10504500
7653,13,21,63215,356,3936429,8883100
7654,14,20,63201,350,3936449,9522700
7655,18,13,63183,355,3936462,13640400
7656,18,24,63165,349,3936486,8828400
7657,21,17,63144,353,3936503,8813400
7658,22,24,63122,351,3936527,8755500
7659,16,18,63106,349,3936545,8310300
7660,18,20,63088,347,3936565,8242000
7661,25,22,63063,350,3936587,8419600
7662,23,19,63040,354,3936606,8261100
7663,18,22,63022,350,3936628,8161700
7664,26,21,62996,355,3936649,8202400
7665,25,20,62971,360,3936669,8378800
7666,11,28,62960,343,3936697,8395600
7667,17,19,62943,341,3936716,8229900
7668,20,20,62923,341,3936736,8498200
7669,17,14,62906,344,3936750,8098000
7670,16,13,62890,347,3936763,8320700
7671,12,12,62878,347,3936775,8683000
7672,20,28,62858,339,3936803,8219600
7673,10,17,62848,332,3936820,8182000
7674,15,15,62833,332,3936835,8404800
7675,21,19,62812,334,3936854,8392600
7676,23,21,62789,336,3936875,8230000
7677,14,14,62775,336,3936889,8221700
7678,11,19,62764,328,3936908,8174300
7679,10,17,62754,321,3936925,8118200
7680,18,13,62736,326,3936938,8152300
7681,17,11,62719,332,3936949,8266300
7682,12,19,62707,325,3936968,8133200
7683,18,12,62689,331,3936980,8148100
7684,24,16,62665,339,3936996,8235000
7685,14,27,62651,326,3937023,8859000
7686,13,19,62638,320,3937042,8211600
7687,18,20,62620,318,3937062,8353700
7688,14,15,62606,317,3937077,8482300
7689,17,17,62589,317,3937094,8095000
7690,6,12,62583,311,3937106,8170000
7691,17,16,62566,312,3937122,8501800
7692,20,16,62546,316,3937138,8667300
7693,11,18,62535,309,3937156,8906600
7694,15,14,62520,310,3937170,8393500
7695,16,17,62504,309,3937187,8151700
7696,19,12,62485,316,3937199,8261500
7697,21,18,62464,319,3937217,8386000
7698,15,21,62449,313,3937238,8451700
7699,14,24,62435,303,3937262,8509400
7700,10,18,62425,295,3937280,8418200
7701,14,15,62411,294,3937295,8456200
7702,15,19,62396,290,3937314,8243300
7703,7,19,62389,278,3937333,8158400
7704,18,14,62371,282,3937347,8122600
7705,16,21,62355,277,3937368,9230100
7706,9,15,62346,271,3937383,8298700
7707,12,16,62334,267,3937399,8238200
7708,8,11,62326,264,3937410,8211500
7709,13,17,62313,260,3937427,8316900
7710,10,13,62303,257,3937440,8283900
7711,13,14,62290,256,3937454,8221400
7712,12,13,62278,255,3937467,8526400
7713,16,11,62262,260,3937478,8223000
7714,16,12,62246,264,3937490,8578700
7715,7,12,62239,259,3937502,8142000
7716,15,8,62224,266,3937510,8096200
7717,15,11,62209,270,3937521,8268800
7718,12,15,62197,267,3937536,8141700
7719,16,21,62181,262,3937557,8308900
7720,9,13,62172,258,3937570,8209700
7721,20,15,62152,263,3937585,8807500
7722,9,15,62143,257,3937600,8376400
7723,11,16,62132,252,3937616,8190100
7724,13,16,62119,249,3937632,8140700
7725,18,14,62101,253,3937646,8317500
7726,10,11,62091,252,3937657,8231200
7727,12,10,62079,254,3937667,8466400
7728,8,13,62071,249,3937680,8299800
7729,14,10,62057,253,3937690,8535900
7730,9,16,62048,246,3937706,8501700
7731,16,10,62032,252,3937716,8512300
7732,14,18,62018,248,3937734,8658700
7733,11,10,62007,249,3937744,8430000
7734,11,11,61996,249,3937755,8220600
7735,14,10,61982,253,3937765,8409000
7736,15,8,61967,260,3937773,8709800
7737,18,13,61949,265,3937786,8308900
7738,16,9,61933,272,3937795,8250700
7739,12,14,61921,270,3937809,8400500
7740,14,13,61907,271,3937822,8718300
7741,10,16,61897,265,3937838,8324800
7742,12,16,61885,261,3937854,8367000
7743,9,12,61876,258,3937866,8656900
7744,13,13,61863,258,3937879,8418200
7745,17,11,61846,264,3937890,8260300
7746,16,9,61830,271,3937899,8811500
7747,12,18,61818,265,3937917,8959000
7748,14,15,61804,264,3937932,8577500
7749,3,9,61801,258,3937941,8518400
7750,11,16,61790,253,3937957,8418300
7751,7,11,61783,249,3937968,8660900
7752,9,18,61774,240,3937986,8542100
7753,14,10,61760,244,3937996,8542900
7754,5,10,61755,239,3938006,9067200
7755,11,15,61744,235,3938021,13185700
7756,5,16,61739,224,3938037,20295700
7757,6,12,61733,218,3938049,9026600
7758,8,9,61725,217,3938058,9733900
7759,8,15,61717,210,3938073,8895200
7760,4,16,61713,198,3938089,8781900
7761,11,9,61702,200,3938098,8916400
7762,8,8,61694,200,3938106,9109300
7763,7,15,61687,192,3938121,11867800
7764,5,6,61682,191,3938127,9362300
7765,5,5,61677,191,3938132,8729400
7766,10,6,61667,195,3938138,8568500
7767,6,11,61661,190,3938149,8620100
7768,9,12,61652,187,3938161,8588800
7769,4,11,61648,180,3938172,8569600
7770,7,8,61641,179,3938180,8336400
7771,4,8,61637,175,3938188,8410700
7772,5,7,61632,173,3938195,8194200
7773,4,10,61628,167,3938205,8216700
7774,6,12,61622,161,3938217,8812000
7775,9,11,61613,159,3938228,8332800
7776,4,10,61609,153,3938238,8164800
7777,5,9,61604,149,3938247,8110100
7778,9,15,61595,143,3938262,8194200
7779,6,4,61589,145,3938266,8454600
7780,4,10,61585,139,3938276,8288500
7781,11,7,61574,143,3938283,8597700
7782,7,8,61567,142,3938291,8179800
7783,3,10,61564,135,3938301,8448600
7784,8,10,61556,133,3938311,8144200
7785,8,4,61548,137,3938315,8214300
7786,8,4,61540,141,3938319,8215500
7787,8,8,61532,141,3938327,8473800
7788,11,3,61521,149,3938330,8127900
7789,4,7,61517,146,3938337,8228300
7790,8,7,61509,147,3938344,8478100
7791,6,7,61503,146,3938351,8124800
7792,3,3,61500,146,3938354,8325400
7793,2,6,61498,142,3938360,8380700
7794,10,9,61488,143,3938369,8677500
7795,2,8,61486,137,3938377,8210800
7796,8,6,61478,139,3938383,8324300
7797,4,9,61474,134,3938392,8115100
7798,6,4,61468,136,3938396,8821400
7799,5,8,61463,133,3938404,8213000
7800,1,6,61462,128,3938410,8219500
7801,5,3,61457,130,3938413,8290700
7802,5,12,61452,123,3938425,8292000
7803,3,6,61449,120,3938431,8373800
7804,2,12,61447,110,3938443,8362700
7805,3,5,61444,108,3938448,8527000
7806,1,7,61443,102,3938455,8409800
7807,1,2,61442,101,3938457,8384400
7808,5,4,61437,102,3938461,8472300
7809,5,4,61432,103,3938465,8337900
7810,3,4,61429,102,3938469,8519400
7811,1,4,61428,99,3938473,8757900
7812,5,6,61423,98,3938479,8303400
7813,6,5,61417,99,3938484,8279500
7814,4,3,61413,100,3938487,8070600
7815,3,8,61410,95,3938495,8356200
7816,1,8,61409,88,3938503,8592800
7817,2,2,61407,88,3938505,8282800
7818,2,6,61405,84,3938511,8530900
7819,6,2,61399,88,3938513,8222500
7820,0,4,61399,84,3938517,8385200
7821,4,2,61395,86,3938519,8309300
7822,3,4,61392,85,3938523,8417300
7823,5,2,61387,88,3938525,8320300
7824,4,3,61383,89,3938528,8363300
7825,4,9,61379,84,3938537,8505500
7826,4,5,61375,83,3938542,8240900
7827,2,4,61373,81,3938546,8080700
7828,3,4,61370,80,3938550,8419500
7829,9,4,61361,85,3938554,8094700
7830,8,6,61353,87,3938560,8399700
7831,2,3,61351,86,3938563,8147300
7832,3,4,61348,85,3938567,8241600
7833,4,1,61344,88,3938568,8089600
7834,6,3,61338,91,3938571,8266800
7835,6,6,61332,91,3938577,8344600
7836,7,4,61325,94,3938581,8182600
7837,6,6,61319,94,3938587,8218500
7838,4,4,61315,94,3938591,8487700
7839,2,1,61313,95,3938592,8631700
7840,3,7,61310,91,3938599,8401400
7841,4,4,61306,91,3938603,8285300
7842,4,6,61302,89,3938609,8169600
7843,4,1,61298,92,3938610,8405000
7844,7,4,61291,95,3938614,8031100
7845,8,2,61283,101,3938616,8697300
7846,3,5,61280,99,3938621,8868400
7847,2,4,61278,97,3938625,8311500
7848,3,3,61275,97,3938628,8460200
7849,2,8,61273,91,3938636,8165800
7850,1,3,61272,89,3938639,8200400
7851,1,1,61271,89,3938640,8562700
7852,4,4,61267,89,3938644,8423900
7853,3,6,61264,86,3938650,8247200
7854,4,4,61260,86,3938654,8154400
7855,7,3,61253,90,3938657,8072400
7856,5,7,61248,88,3938664,8184800
7857,5,4,61243,89,3938668,8187200
7858,4,5,61239,88,3938673,8316100
7859,3,6,61236,85,3938679,8510400
7860,0,2,61236,83,3938681,9669800
7861,0,3,61236,80,3938684,12279200
7862,1,3,61235,78,3938687,15329300
7863,2,1,61233,79,3938688,9449500
7864,3,4,61230,78,3938692,11959300
7865,2,3,61228,77,3938695,9328500
7866,0,9,61228,68,3938704,9470600
7867,0,5,61228,63,3938709,9077100
7868,3,3,61225,63,3938712,8679400
7869,2,5,61223,60,3938717,9502800
7870,3,4,61220,59,3938721,14527800
7871,3,5,61217,57,3938726,8843200
7872,3,1,61214,59,3938727,8799500
7873,0,2,61214,57,3938729,8638700
7874,1,5,61213,53,3938734,8512400
7875,2,4,61211,51,3938738,8700800
7876,2,2,61209,51,3938740,8459100
7877,1,4,61208,48,3938744,8407100
7878,2,2,61206,48,3938746,8837500
7879,0,1,61206,47,3938747,8638200
7880,3,3,61203,47,3938750,8546900
7881,0,4,61203,43,3938754,8693400
7882,0,1,61203,42,3938755,8700300
7883,1,3,61202,40,3938758,8556400
7884,2,1,61200,41,3938759,8364400
7885,4,2,61196,43,3938761,8292800
7886,1,4,61195,40,3938765,8658800
7887,2,1,61193,41,3938766,8580400
7888,1,3,61192,39,3938769,8617700
7889,1,2,61191,38,3938771,8338000
7890,3,2,61188,39,3938773,9283600
7891,0,2,61188,37,3938775,8421200
7892,1,5,61187,33,3938780,8140200
7893,1,2,61186,32,3938782,8651300
7894,0,1,61186,31,3938783,8493800
7895,0,2,61186,29,3938785,8611500
7896,1,2,61185,28,3938787,8330300
7897,0,0,61185,28,3938787,8213500
7898,2,1,61183,29,3938788,8672400
7899,1,2,61182,28,3938790,8174800
7900,2,1,61180,29,3938791,8110100
7901,0,1,61180,28,3938792,8215900
7902,0,1,61180,27,3938793,8308200
7903,0,1,61180,26,3938794,8123800
7904,1,3,61179,24,3938797,8338600
7905,0,1,61179,23,3938798,8589400
7906,1,0,61178,24,3938798,8537600
7907,1,2,61177,23,3938800,8216500
7908,1,1,61176,23,3938801,8147800
7909,1,2,61175,22,3938803,8244300
7910,0,0,61175,22,3938803,8612100
7911,0,0,61175,22,3938803,8526300
7912,1,0,61174,23,3938803,8542900
7913,0,1,61174,22,3938804,8492200
7914,0,3,61174,19,3938807,8333500
7915,0,3,61174,16,3938810,8142900
7916,0,0,61174,16,3938810,8294300
7917,0,3,61174,13,3938813,8361600
7918,0,0,61174,13,3938813,8087100
7919,0,0,61174,13,3938813,8244000
7920,0,0,61174,13,3938813,8496700
7921,0,1,61174,12,3938814,8647100
7922,0,4,61174,8,3938818,8169400
7923,0,2,61174,6,3938820,8298300
7924,0,0,61174,6,3938820,8582400
7925,0,1,61174,5,3938821,8374100
7926,0,0,61174,5,3938821,8118800
7927,0,0,61174,5,3938821,8237300
7928,0,0,61174,5,3938821,8716800
7929,0,0,61174,5,3938821,8167400
7930,0,0,61174,5,3938821,8548800
7931,0,0,61174,5,3938821,8325700
7932,0,0,61174,5,3938821,8155600
7933,0,0,61174,5,3938821,8284400
7934,0,0,61174,5,3938821,8499000
7935,0,0,61174,5,3938821,8426000
7936,0,0,61174,5,3938821,8304800
7937,0,0,61174,5,3938821,9119900
7938,0,0,61174,5,3938821,8423100
7939,0,0,61174,5,3938821,8453000
7940,0,0,61174,5,3938821,8198500
7941,0,0,61174,5,3938821,8161100
7942,0,0,61174,5,3938821,8363300
7943,0,0,61174,5,3938821,8175400
7944,0,1,61174,4,3938822,8873400
7945,0,0,61174,4,3938822,8254400
7946,0,1,61174,3,3938823,8695500
7947,0,0,61174,3,3938823,8414800
7948,0,0,61174,3,3938823,8624900
7949,0,0,61174,3,3938823,8763300
7950,0,0,61174,3,3938823,10689800
7951,0,0,61174,3,3938823,23551500
7952,0,0,61174,3,3938823,9552500
7953,0,0,61174,3,3938823,9799600
7954,0,0,61174,3,3938823,9935400
7955,0,1,61174,2,3938824,8847500
7956,0,0,61174,2,3938824,9049100
7957,0,0,61174,2,3938824,11018400
7958,0,0,61174,2,3938824,11381300
7959,0,0,61174,2,3938824,8569400
7960,0,0,61174,2,3938824,8377000
7961,0,0,61174,2,3938824,9781000
7962,0,1,61174,1,3938825,8282300
7963,0,0,61174,1,3938825,8178000
7964,0,0,61174,1,3938825,8531000
7965,0,0,61174,1,3938825,8332600
7966,0,0,61174,1,3938825,8416000
7967,0,0,61174,1,3938825,8232400
7968,0,0,61174,1,3938825,8178800
7969,0,0,61174,1,3938825,8166600
7970,0,0,61174,1,3938825,8062600
7971,0,0,61174,1,3938825,8095200
7972,0,0,61174,1,3938825,8377600
7973,0,0,61174,1,3938825,8124300
7974,0,0,61174,1,3938825,8450900
7975,0,0,61174,1,3938825,8479900
7976,0,0,61174,1,3938825,8136900
7977,0,0,61174,1,3938825,8161800
7978,0,0,61174,1,3938825,8292400
7979,0,0,61174,1,3938825,8236200
7980,0,0,61174,1,3938825,8634300
7981,0,0,61174,1,3938825,8289100
7982,0,0,61174,1,3938825,8165500
7983,0,0,61174,1,3938825,8319400
7984,0,0,61174,1,3938825,8110600
7985,0,0,61174,1,3938825,8028200
7986,0,0,61174,1,3938825,8257600
7987,0,0,61174,1,3938825,8119000
7988,0,0,61174,1,3938825,8101100
7989,0,0,61174,1,3938825,8093300
7990,0,0,61174,1,3938825,8216300
7991,0,0,61174,1,3938825,8376800
7992,0,0,61174,1,3938825,8228800
7993,0,0,61174,1,3938825,8153000
7994,0,0,61174,1,3938825,8095100
7995,0,0,61174,1,3938825,8405100
7996,0,0,61174,1,3938825,8796200
7997,0,0,61174,1,3938825,8517700
7998,0,0,61174,1,3938825,8482600
7999,0,0,61174,1,3938825,8155600
8000,0,0,61174,1,3938825,8138300
8001,0,0,61174,1,3938825,8093900
8002,0,0,61174,1,3938825,8483300
8003,0,0,61174,1,3938825,8129100
8004,0,0,61174,1,3938825,8356700
8005,0,0,61174,1,3938825,8066500
8006,0,0,61174,1,3938825,8327600
8007,0,0,61174,1,3938825,8565200
8008,0,0,61174,1,3938825,9079800
8009,0,0,61174,1,3938825,8870600
8010,0,0,61174,1,3938825,8620600
8011,0,0,61174,1,3938825,8585100
8012,0,0,61174,1,3938825,8516800
8013,0,0,61174,1,3938825,8613300
8014,0,0,61174,1,3938825,8560500
8015,0,0,61174,1,3938825,8862500
8016,0,0,61174,1,3938825,8549600
8017,0,0,61174,1,3938825,9077600
8018,0,0,61174,1,3938825,9427200
8019,0,1,61174,0,3938826,8616500
