Tick,NewlyInfected,NewlyRecovered,TotalSusceptible,TotalInfected,TotalRecovered,StepTimeNanos
0,6,0,62489,11,0,650600
1,1,1,62488,11,1,176600
2,0,0,62488,11,1,198900
3,3,1,62485,13,2,142000
4,4,0,62481,17,2,185400
5,3,0,62478,20,2,145200
6,5,2,62473,23,4,144600
7,4,0,62469,27,4,141700
8,6,0,62463,33,4,148700
9,6,2,62457,37,6,149500
10,6,3,62451,40,9,137800
11,4,2,62447,42,11,141400
12,3,2,62444,43,13,156400
13,12,2,62432,53,15,150100
14,5,1,62427,57,16,136500
15,5,4,62422,58,20,140700
16,11,7,62411,62,27,138000
17,5,1,62406,66,28,138600
18,8,3,62398,71,31,193300
19,11,3,62387,79,34,148700
20,8,2,62379,85,36,149500
21,12,7,62367,90,43,162500
22,10,6,62357,94,49,146800
23,9,7,62348,96,56,149100
24,15,6,62333,105,62,151300
25,11,7,62322,109,69,148000
26,11,5,62311,115,74,138000
27,13,4,62298,124,78,146300
28,6,8,62292,122,86,145400
29,10,6,62282,126,92,139100
30,6,8,62276,124,100,138200
31,6,7,62270,123,107,140300
32,9,7,62261,125,114,161600
33,11,9,62250,127,123,132100
34,8,11,62242,124,134,139500
35,7,8,62235,123,142,146400
36,16,9,62219,130,151,140600
37,17,6,62202,141,157,166500
38,11,10,62191,142,167,146600
39,14,4,62177,152,171,142000
40,18,4,62159,166,175,147300
41,21,12,62138,175,187,150100
42,18,12,62120,181,199,150500
43,20,7,62100,194,206,153900
44,17,9,62083,202,215,148000
45,20,6,62063,216,221,167700
46,16,11,62047,221,232,168900
47,17,15,62030,223,247,169300
48,23,10,62007,236,257,167000
49,20,14,61987,242,271,159500
50,21,9,61966,254,280,197700
51,16,11,61950,259,291,200100
52,19,10,61931,268,301,153200
53,21,12,61910,277,313,159000
54,31,11,61879,297,324,149900
55,35,15,61844,317,339,161600
56,27,12,61817,332,351,156100
57,28,14,61789,346,365,150000
58,22,20,61767,348,385,152000
59,39,21,61728,366,406,149900
60,31,20,61697,377,426,174500
61,36,20,61661,393,446,153900
62,27,21,61634,399,467,154000
63,23,30,61611,392,497,147100
64,24,29,61587,387,526,151500
65,36,18,61551,405,544,145700
66,33,17,61518,421,561,156000
67,36,17,61482,440,578,157000
68,23,23,61459,440,601,155600
69,40,20,61419,460,621,165000
70,35,22,61384,473,643,164500
71,35,30,61349,478,673,178800
72,34,21,61315,491,694,210300
73,34,19,61281,506,713,210000
74,30,22,61251,514,735,180500
75,41,25,61210,530,760,192800
76,43,21,61167,552,781,168600
77,35,32,61132,555,813,153100
78,39,28,61093,566,841,166300
79,32,30,61061,568,871,156800
80,39,25,61022,582,896,162900
81,40,31,60982,591,927,157000
82,48,35,60934,604,962,171200
83,42,33,60892,613,995,169000
84,34,21,60858,626,1016,157900
85,43,35,60815,634,1051,161300
86,44,29,60771,649,1080,157100
87,43,29,60728,663,1109,162400
88,43,40,60685,666,1149,152200
89,33,35,60652,664,1184,161300
90,40,30,60612,674,1214,161600
91,44,31,60568,687,1245,157600
92,45,28,60523,704,1273,145100
93,40,32,60483,712,1305,150100
94,54,33,60429,733,1338,165900
95,52,23,60377,762,1361,168400
96,46,38,60331,770,1399,187100
97,37,39,60294,768,1438,166100
98,52,45,60242,775,1483,221500
99,39,46,60203,768,1529,170100
100,46,39,60157,775,1568,172000
101,44,49,60113,770,1617,173700
102,50,33,60063,787,1650,165500
103,57,47,60006,797,1697,169300
104,42,41,59964,798,1738,165800
105,50,49,59914,799,1787,160300
106,58,45,59856,812,1832,162600
107,53,42,59803,823,1874,164400
108,48,52,59755,819,1926,174200
109,49,40,59706,828,1966,156600
110,55,48,59651,835,2014,150800
111,56,42,59595,849,2056,151000
112,60,37,59535,872,2093,150400
113,63,44,59472,891,2137,152000
114,60,59,59412,892,2196,155100
115,58,44,59354,906,2240,162700
116,37,46,59317,897,2286,161500
117,56,38,59261,915,2324,157900
118,58,38,59203,935,2362,168800
119,69,55,59134,949,2417,167400
120,46,41,59088,954,2458,173100
121,59,40,59029,973,2498,317900
122,57,57,58972,973,2555,172500
123,65,47,58907,991,2602,156800
124,49,42,58858,998,2644,151600
125,64,55,58794,1007,2699,168000
126,57,58,58737,1006,2757,162000
127,60,50,58677,1016,2807,155300
128,70,43,58607,1043,2850,151900
129,53,50,58554,1046,2900,156500
130,62,50,58492,1058,2950,178700
131,64,53,58428,1069,3003,164200
132,65,55,58363,1079,3058,158700
133,66,59,58297,1086,3117,176200
134,63,58,58234,1091,3175,174900
135,63,48,58171,1106,3223,172500
136,65,55,58106,1116,3278,160100
137,70,52,58036,1134,3330,162900
138,81,39,57955,1176,3369,165800
139,88,61,57867,1203,3430,159300
140,74,55,57793,1222,3485,163500
141,69,46,57724,1245,3531,160900
142,79,50,57645,1274,3581,157700
143,77,75,57568,1276,3656,179200
144,69,55,57499,1290,3711,160900
145,64,59,57435,1295,3770,169300
146,76,69,57359,1302,3839,173700
147,72,70,57287,1304,3909,175300
148,66,68,57221,1302,3977,167200
149,76,61,57145,1317,4038,164500
150,73,64,57072,1326,4102,158700
151,84,61,56988,1349,4163,162400
152,76,51,56912,1374,4214,164700
153,66,59,56846,1381,4273,156700
154,84,62,56762,1403,4335,159400
155,80,67,56682,1416,4402,158000
156,96,80,56586,1432,4482,169600
157,82,69,56504,1445,4551,174400
158,84,81,56420,1448,4632,164700
159,80,82,56340,1446,4714,177100
160,86,60,56254,1472,4774,158100
161,83,83,56171,1472,4857,171800
162,94,80,56077,1486,4937,177500
163,73,66,56004,1493,5003,167900
164,80,72,55924,1501,5075,161600
165,97,72,55827,1526,5147,163200
166,81,80,55746,1527,5227,166900
167,83,83,55663,1527,5310,159800
168,83,70,55580,1540,5380,152700
169,79,71,55501,1548,5451,172400
170,70,73,55431,1545,5524,150000
171,90,78,55341,1557,5602,160800
172,85,66,55256,1576,5668,149900
173,88,71,55168,1593,5739,155400
174,83,93,55085,1583,5832,167800
175,84,73,55001,1594,5905,175100
176,91,78,54910,1607,5983,172700
177,95,82,54815,1620,6065,158600
178,95,88,54720,1627,6153,162900
179,85,77,54635,1635,6230,165400
180,93,87,54542,1641,6317,163100
181,93,89,54449,1645,6406,157000
182,103,84,54346,1664,6490,164100
183,92,93,54254,1663,6583,162300
184,91,86,54163,1668,6669,164500
185,95,82,54068,1681,6751,157100
186,81,90,53987,1672,6841,160600
187,84,95,53903,1661,6936,161700
188,100,71,53803,1690,7007,164300
189,99,81,53704,1708,7088,172100
190,87,85,53617,1710,7173,189600
191,106,80,53511,1736,7253,166300
192,97,92,53414,1741,7345,169900
193,90,94,53324,1737,7439,203700
194,93,119,53231,1711,7558,174700
195,92,81,53139,1722,7639,168700
196,102,86,53037,1738,7725,172400
197,85,93,52952,1730,7818,176700
198,88,98,52864,1720,7916,160800
199,92,97,52772,1715,8013,167300
200,100,97,52672,1718,8110,159000
201,111,108,52561,1721,8218,168500
202,89,94,52472,1716,8312,270500
203,104,87,52368,1733,8399,174700
204,94,81,52274,1746,8480,165600
205,93,106,52181,1733,8586,177900
206,81,98,52100,1716,8684,179100
207,87,75,52013,1728,8759,169200
208,95,83,51918,1740,8842,166300
209,92,84,51826,1748,8926,176600
210,103,88,51723,1763,9014,174100
211,116,96,51607,1783,9110,191400
212,91,83,51516,1791,9193,180500
213,113,97,51403,1807,9290,176300
214,97,76,51306,1828,9366,177900
215,122,112,51184,1838,9478,162200
216,108,94,51076,1852,9572,160100
217,113,91,50963,1874,9663,163600
218,100,97,50863,1877,9760,175100
219,111,83,50752,1905,9843,173800
220,97,92,50655,1910,9935,162200
221,100,105,50555,1905,10040,182800
222,105,78,50450,1932,10118,170200
223,95,92,50355,1935,10210,169600
224,101,98,50254,1938,10308,163900
225,111,107,50143,1942,10415,162100
226,96,97,50047,1941,10512,169500
227,107,94,49940,1954,10606,169700
228,99,104,49841,1949,10710,173700
229,127,95,49714,1981,10805,163500
230,116,113,49598,1984,10918,164700
231,117,94,49481,2007,11012,158000
232,112,102,49369,2017,11114,172200
233,113,120,49256,2010,11234,167900
234,127,122,49129,2015,11356,163600
235,81,108,49048,1988,11464,167800
236,116,101,48932,2003,11565,171700
237,110,123,48822,1990,11688,169800
238,106,116,48716,1980,11804,169000
239,113,105,48603,1988,11909,166300
240,111,105,48492,1994,12014,164600
241,87,86,48405,1995,12100,161900
242,106,89,48299,2012,12189,161300
243,108,108,48191,2012,12297,171100
244,125,105,48066,2032,12402,158700
245,109,119,47957,2022,12521,162000
246,121,106,47836,2037,12627,170800
247,103,68,47733,2072,12695,166600
248,122,84,47611,2110,12779,180200
249,119,108,47492,2121,12887,179300
250,108,103,47384,2126,12990,178200
251,129,91,47255,2164,13081,184300
252,103,123,47152,2144,13204,193000
253,107,127,47045,2124,13331,185200
254,122,110,46923,2136,13441,207100
255,137,102,46786,2171,13543,181800
256,114,94,46672,2191,13637,182700
257,124,117,46548,2198,13754,179600
258,140,110,46408,2228,13864,179700
259,119,136,46289,2211,14000,183200
260,114,110,46175,2215,14110,174900
261,119,133,46056,2201,14243,183800
262,116,119,45940,2198,14362,179400
263,136,108,45804,2226,14470,175600
264,131,118,45673,2239,14588,166200
265,140,125,45533,2254,14713,192300
266,130,134,45403,2250,14847,186000
267,123,86,45280,2287,14933,172000
268,114,107,45166,2294,15040,180100
269,129,110,45037,2313,15150,169200
270,110,107,44927,2316,15257,176700
271,118,126,44809,2308,15383,172500
272,126,118,44683,2316,15501,173000
273,114,141,44569,2289,15642,159000
274,116,104,44453,2301,15746,155200
275,131,109,44322,2323,15855,171800
276,128,107,44194,2344,15962,168700
277,134,124,44060,2354,16086,168800
278,121,117,43939,2358,16203,170100
279,103,128,43836,2333,16331,165100
280,122,135,43714,2320,16466,217100
281,136,97,43578,2359,16563,188600
282,132,122,43446,2369,16685,176700
283,145,108,43301,2406,16793,170800
284,137,128,43164,2415,16921,217500
285,143,130,43021,2428,17051,177100
286,134,133,42887,2429,17184,174100
287,148,122,42739,2455,17306,173300
288,161,123,42578,2493,17429,192900
289,117,137,42461,2473,17566,184500
290,163,132,42298,2504,17698,181100
291,141,108,42157,2537,17806,179600
292,146,133,42011,2550,17939,182600
293,130,137,41881,2543,18076,179200
294,137,121,41744,2559,18197,171700
295,150,131,41594,2578,18328,228200
296,157,125,41437,2610,18453,295900
297,153,125,41284,2638,18578,180800
298,144,128,41140,2654,18706,183200
299,171,134,40969,2691,18840,176700
300,125,124,40844,2692,18964,161400
301,140,122,40704,2710,19086,167500
302,171,156,40533,2725,19242,162400
303,165,141,40368,2749,19383,181900
304,132,130,40236,2751,19513,192300
305,155,115,40081,2791,19628,190800
306,130,133,39951,2788,19761,186200
307,158,118,39793,2828,19879,184000
308,156,138,39637,2846,20017,177300
309,139,140,39498,2845,20157,179100
310,126,163,39372,2808,20320,178600
311,145,135,39227,2818,20455,179700
312,141,153,39086,2806,20608,186100
313,131,133,38955,2804,20741,193900
314,147,157,38808,2794,20898,193800
315,149,139,38659,2804,21037,176700
316,156,137,38503,2823,21174,178800
317,122,143,38381,2802,21317,169800
318,157,168,38224,2791,21485,177400
319,157,124,38067,2824,21609,165700
320,145,150,37922,2819,21759,182000
321,135,142,37787,2812,21901,176100
322,122,135,37665,2799,22036,175100
323,131,141,37534,2789,22177,173200
324,157,129,37377,2817,22306,180500
325,159,145,37218,2831,22451,194900
326,145,140,37073,2836,22591,175900
327,157,153,36916,2840,22744,180300
328,156,147,36760,2849,22891,175200
329,126,131,36634,2844,23022,178300
330,145,139,36489,2850,23161,170400
331,138,137,36351,2851,23298,172900
332,170,144,36181,2877,23442,183900
333,157,120,36024,2914,23562,183800
334,150,126,35874,2938,23688,311300
335,132,156,35742,2914,23844,185300
336,136,142,35606,2908,23986,181400
337,155,174,35451,2889,24160,177300
338,172,150,35279,2911,24310,179200
339,161,145,35118,2927,24455,179500
340,144,155,34974,2916,24610,168700
341,159,135,34815,2940,24745,162000
342,147,149,34668,2938,24894,175100
343,144,134,34524,2948,25028,169600
344,143,146,34381,2945,25174,175400
345,158,143,34223,2960,25317,180800
346,165,152,34058,2973,25469,175000
347,148,158,33910,2963,25627,160300
348,154,125,33756,2992,25752,176200
349,164,145,33592,3011,25897,176600
350,156,151,33436,3016,26048,169100
351,178,155,33258,3039,26203,166800
352,145,130,33113,3054,26333,175200
353,150,165,32963,3039,26498,168400
354,156,166,32807,3029,26664,171700
355,158,155,32649,3032,26819,170800
356,133,150,32516,3015,26969,174200
357,155,175,32361,2995,27144,174900
358,136,148,32225,2983,27292,228200
359,147,165,32078,2965,27457,204600
360,158,145,31920,2978,27602,191900
361,150,165,31770,2963,27767,178400
362,168,174,31602,2957,27941,182400
363,147,146,31455,2958,28087,190000
364,150,159,31305,2949,28246,176400
365,151,126,31154,2974,28372,186600
366,165,177,30989,2962,28549,190500
367,130,160,30859,2932,28709,178300
368,139,131,30720,2940,28840,183000
369,138,146,30582,2932,28986,173900
370,158,154,30424,2936,29140,175200
371,133,161,30291,2908,29301,181600
372,163,135,30128,2936,29436,180900
373,139,133,29989,2942,29569,176200
374,162,151,29827,2953,29720,181000
375,154,134,29673,2973,29854,178600
376,146,183,29527,2936,30037,172500
377,147,126,29380,2957,30163,172300
378,138,155,29242,2940,30318,183400
379,139,157,29103,2922,30475,166800
380,143,147,28960,2918,30622,167000
381,138,157,28822,2899,30779,187100
382,129,112,28693,2916,30891,194300
383,160,128,28533,2948,31019,178500
384,153,136,28380,2965,31155,186500
385,137,168,28243,2934,31323,180000
386,153,153,28090,2934,31476,172900
387,142,151,27948,2925,31627,175400
388,132,133,27816,2924,31760,170000
389,146,137,27670,2933,31897,161900
390,159,132,27511,2960,32029,167900
391,119,161,27392,2918,32190,176800
392,130,124,27262,2924,32314,162600
393,123,170,27139,2877,32484,173900
394,127,181,27012,2823,32665,169800
395,132,142,26880,2813,32807,202600
396,128,136,26752,2805,32943,179300
397,123,155,26629,2773,33098,176100
398,143,136,26486,2780,33234,189200
399,125,124,26361,2781,33358,180600
400,135,154,26226,2762,33512,185400
401,135,149,26091,2748,33661,185100
402,125,150,25966,2723,33811,190400
403,120,143,25846,2700,33954,193700
404,116,136,25730,2680,34090,187200
405,127,133,25603,2674,34223,181900
406,129,145,25474,2658,34368,181000
407,104,128,25370,2634,34496,183400
408,113,135,25257,2612,34631,176300
409,117,146,25140,2583,34777,171500
410,104,133,25036,2554,34910,170700
411,141,118,24895,2577,35028,172600
412,127,133,24768,2571,35161,187300
413,107,139,24661,2539,35300,169700
414,116,114,24545,2541,35414,172400
415,139,118,24406,2562,35532,170200
416,124,110,24282,2576,35642,161700
417,132,142,24150,2566,35784,161700
418,125,129,24025,2562,35913,172000
419,127,119,23898,2570,36032,189600
420,115,135,23783,2550,36167,178800
421,119,120,23664,2549,36287,183100
422,129,134,23535,2544,36421,182200
423,124,125,23411,2543,36546,248400
424,124,111,23287,2556,36657,271800
425,110,130,23177,2536,36787,220000
426,117,126,23060,2527,36913,218900
427,104,115,22956,2516,37028,212300
428,106,145,22850,2477,37173,185200
429,119,118,22731,2478,37291,184100
430,123,124,22608,2477,37415,175000
431,109,125,22499,2461,37540,165000
432,122,110,22377,2473,37650,171700
433,131,114,22246,2490,37764,162800
434,92,131,22154,2451,37895,163700
435,122,108,22032,2465,38003,169600
436,111,110,21921,2466,38113,178500
437,122,120,21799,2468,38233,223700
438,125,129,21674,2464,38362,198900
439,104,106,21570,2462,38468,176600
440,113,130,21457,2445,38598,175000
441,124,141,21333,2428,38739,174100
442,104,130,21229,2402,38869,175200
443,107,140,21122,2369,39009,178200
444,116,137,21006,2348,39146,177300
445,106,127,20900,2327,39273,170100
446,93,110,20807,2310,39383,174100
447,112,103,20695,2319,39486,172200
448,104,100,20591,2323,39586,178700
449,100,136,20491,2287,39722,239400
450,108,111,20383,2284,39833,268500
451,111,107,20272,2288,39940,292400
452,119,102,20153,2305,40042,330000
453,116,111,20037,2310,40153,292300
454,114,113,19923,2311,40266,256600
455,101,105,19822,2307,40371,260000
456,125,124,19697,2308,40495,257800
457,127,102,19570,2333,40597,274800
458,138,112,19432,2359,40709,322700
459,107,135,19325,2331,40844,267500
460,105,122,19220,2314,40966,306700
461,107,101,19113,2320,41067,322100
462,124,126,18989,2318,41193,317600
463,106,119,18883,2305,41312,219000
464,116,131,18767,2290,41443,189100
465,123,109,18644,2304,41552,200300
466,114,124,18530,2294,41676,173800
467,114,111,18416,2297,41787,183600
468,116,111,18300,2302,41898,184700
469,121,114,18179,2309,42012,197100
470,118,110,18061,2317,42122,180300
471,97,98,17964,2316,42220,193900
472,103,120,17861,2299,42340,181000
473,94,117,17767,2276,42457,192000
474,108,106,17659,2278,42563,190600
475,122,120,17537,2280,42683,175400
476,100,115,17437,2265,42798,181100
477,92,100,17345,2257,42898,177500
478,111,100,17234,2268,42998,174600
479,88,113,17146,2243,43111,178000
480,97,101,17049,2239,43212,188500
481,93,133,16956,2199,43345,172600
482,93,114,16863,2178,43459,168100
483,78,111,16785,2145,43570,176100
484,80,124,16705,2101,43694,165000
485,87,129,16618,2059,43823,177900
486,80,104,16538,2035,43927,167100
487,82,114,16456,2003,44041,178500
488,72,96,16384,1979,44137,170500
489,74,96,16310,1957,44233,172700
490,89,113,16221,1933,44346,197300
491,93,104,16128,1922,44450,184100
492,116,100,16012,1938,44550,189600
493,84,95,15928,1927,44645,169400
494,90,110,15838,1907,44755,171300
495,88,76,15750,1919,44831,178100
496,98,100,15652,1917,44931,175600
497,95,108,15557,1904,45039,178800
498,98,94,15459,1908,45133,196400
499,95,96,15364,1907,45229,181800
500,73,92,15291,1888,45321,173900
501,103,96,15188,1895,45417,173800
502,85,101,15103,1879,45518,173300
503,89,97,15014,1871,45615,202300
504,74,109,14940,1836,45724,172600
505,91,94,14849,1833,45818,187300
506,86,93,14763,1826,45911,230900
507,85,82,14678,1829,45993,188900
508,73,91,14605,1811,46084,178000
509,74,72,14531,1813,46156,181800
510,103,108,14428,1808,46264,183700
511,96,87,14332,1817,46351,177100
512,80,96,14252,1801,46447,177300
513,79,90,14173,1790,46537,185200
514,65,91,14108,1764,46628,232800
515,73,76,14035,1761,46704,211600
516,85,88,13950,1758,46792,200500
517,72,105,13878,1725,46897,189400
518,81,81,13797,1725,46978,183000
519,82,84,13715,1723,47062,169600
520,77,72,13638,1728,47134,173800
521,79,92,13559,1715,47226,183200
522,79,97,13480,1697,47323,165000
523,56,89,13424,1664,47412,168000
524,71,85,13353,1650,47497,165000
525,89,77,13264,1662,47574,164500
526,67,84,13197,1645,47658,172600
527,68,74,13129,1639,47732,156900
528,75,87,13054,1627,47819,160000
529,76,75,12978,1628,47894,157400
530,77,84,12901,1621,47978,174700
531,88,86,12813,1623,48064,160200
532,80,75,12733,1628,48139,366600
533,77,79,12656,1626,48218,215600
534,67,83,12589,1610,48301,197800
535,75,76,12514,1609,48377,188900
536,80,86,12434,1603,48463,173900
537,64,93,12370,1574,48556,166800
538,69,77,12301,1566,48633,170200
539,71,77,12230,1560,48710,262700
540,66,81,12164,1545,48791,169400
541,73,71,12091,1547,48862,163100
542,80,77,12011,1550,48939,168200
543,74,62,11937,1562,49001,176700
544,82,71,11855,1573,49072,164000
545,68,74,11787,1567,49146,188500
546,70,77,11717,1560,49223,166300
547,80,80,11637,1560,49303,166600
548,82,88,11555,1554,49391,166200
549,70,67,11485,1557,49458,205200
550,45,98,11440,1504,49556,179000
551,76,84,11364,1496,49640,161100
552,54,67,11310,1483,49707,158500
553,67,70,11243,1480,49777,160200
554,77,65,11166,1492,49842,183300
555,74,59,11092,1507,49901,163500
556,61,83,11031,1485,49984,162500
557,64,68,10967,1481,50052,161800
558,59,60,10908,1480,50112,163100
559,44,71,10864,1453,50183,164600
560,78,81,10786,1450,50264,174700
561,52,67,10734,1435,50331,177600
562,52,76,10682,1411,50407,168200
563,51,74,10631,1388,50481,232100
564,55,74,10576,1369,50555,195300
565,52,62,10524,1359,50617,185300
566,61,57,10463,1363,50674,189900
567,42,61,10421,1344,50735,175000
568,75,66,10346,1353,50801,161200
569,64,70,10282,1347,50871,164000
570,56,51,10226,1352,50922,173200
571,51,58,10175,1345,50980,266600
572,49,65,10126,1329,51045,165400
573,52,61,10074,1320,51106,173100
574,70,81,10004,1309,51187,162400
575,43,75,9961,1277,51262,162200
576,55,50,9906,1282,51312,160900
577,52,56,9854,1278,51368,154900
578,59,53,9795,1284,51421,160400
579,48,76,9747,1256,51497,148600
580,54,56,9693,1254,51553,150300
581,50,64,9643,1240,51617,143400
582,48,68,9595,1220,51685,150900
583,52,64,9543,1208,51749,153900
584,53,62,9490,1199,51811,154100
585,50,67,9440,1182,51878,148900
586,53,60,9387,1175,51938,148800
587,66,65,9321,1176,52003,154800
588,45,62,9276,1159,52065,152600
589,46,55,9230,1150,52120,155700
590,54,55,9176,1149,52175,159200
591,43,65,9133,1127,52240,155000
592,47,59,9086,1115,52299,150900
593,50,53,9036,1112,52352,147400
594,56,44,8980,1124,52396,144800
595,40,61,8940,1103,52457,189200
596,44,48,8896,1099,52505,201200
597,49,50,8847,1098,52555,172700
598,62,49,8785,1111,52604,175100
599,48,66,8737,1093,52670,170300
600,48,57,8689,1084,52727,254000
601,41,57,8648,1068,52784,163300
602,49,52,8599,1065,52836,160400
603,41,60,8558,1046,52896,142500
604,57,69,8501,1034,52965,153400
605,57,60,8444,1031,53025,147000
606,41,43,8403,1029,53068,140000
607,51,53,8352,1027,53121,148200
608,67,58,8285,1036,53179,153600
609,42,39,8243,1039,53218,149000
610,50,56,8193,1033,53274,153600
611,46,44,8147,1035,53318,164700
612,46,50,8101,1031,53368,150600
613,50,53,8051,1028,53421,152100
614,51,67,8000,1012,53488,148400
615,52,45,7948,1019,53533,142700
616,46,55,7902,1010,53588,162200
617,46,62,7856,994,53650,144100
618,49,54,7807,989,53704,145000
619,35,46,7772,978,53750,162800
620,44,57,7728,965,53807,146000
621,43,51,7685,957,53858,149900
622,38,53,7647,942,53911,145000
623,42,56,7605,928,53967,148100
624,42,38,7563,932,54005,147900
625,41,58,7522,915,54063,146800
626,36,47,7486,904,54110,151300
627,46,32,7440,918,54142,138400
628,39,50,7401,907,54192,146100
629,49,40,7352,916,54232,146200
630,31,47,7321,900,54279,156800
631,42,42,7279,900,54321,164700
632,42,35,7237,907,54356,160600
633,44,43,7193,908,54399,171200
634,35,49,7158,894,54448,153700
635,44,56,7114,882,54504,143800
636,32,39,7082,875,54543,158600
637,30,52,7052,853,54595,151600
638,31,39,7021,845,54634,153800
639,29,40,6992,834,54674,145700
640,43,43,6949,834,54717,141900
641,48,47,6901,835,54764,146400
642,31,37,6870,829,54801,139800
643,41,34,6829,836,54835,144400
644,45,49,6784,832,54884,145200
645,40,48,6744,824,54932,141900
646,42,33,6702,833,54965,143200
647,41,54,6661,820,55019,144600
648,29,31,6632,818,55050,144000
649,38,44,6594,812,55094,145200
650,35,40,6559,807,55134,151700
651,36,34,6523,809,55168,145700
652,36,45,6487,800,55213,163700
653,46,35,6441,811,55248,218900
654,33,45,6408,799,55293,150100
655,40,34,6368,805,55327,146300
656,31,40,6337,796,55367,149800
657,43,34,6294,805,55401,141700
658,37,46,6257,796,55447,136400
659,34,42,6223,788,55489,136200
660,30,40,6193,778,55529,138300
661,29,51,6164,756,55580,135600
662,35,36,6129,755,55616,137100
663,31,31,6098,755,55647,139300
664,34,34,6064,755,55681,333100
665,24,43,6040,736,55724,155000
666,24,35,6016,725,55759,160300
667,27,37,5989,715,55796,155500
668,20,31,5969,704,55827,189900
669,35,43,5934,696,55870,158800
670,28,38,5906,686,55908,143800
671,26,38,5880,674,55946,135800
672,22,32,5858,664,55978,137800
673,31,34,5827,661,56012,133100
674,32,32,5795,661,56044,260600
675,23,45,5772,639,56089,152900
676,32,30,5740,641,56119,139200
677,21,32,5719,630,56151,133100
678,22,41,5697,611,56192,153300
679,26,33,5671,604,56225,133900
680,41,33,5630,612,56258,137700
681,36,33,5594,615,56291,153100
682,26,26,5568,615,56317,131200
683,31,31,5537,615,56348,138800
684,31,30,5506,616,56378,139300
685,34,39,5472,611,56417,128100
686,29,30,5443,610,56447,130300
687,24,32,5419,602,56479,132800
688,23,18,5396,607,56497,135700
689,22,35,5374,594,56532,133200
690,27,21,5347,600,56553,129200
691,28,32,5319,596,56585,137100
692,30,29,5289,597,56614,135100
693,30,35,5259,592,56649,130100
694,32,24,5227,600,56673,128400
695,41,22,5186,619,56695,139000
696,27,28,5159,618,56723,125100
697,28,26,5131,620,56749,181900
698,23,26,5108,617,56775,200100
699,30,27,5078,620,56802,139600
700,30,32,5048,618,56834,316200
701,29,37,5019,610,56871,157600
702,33,28,4986,615,56899,165500
703,33,38,4953,610,56937,157600
704,30,30,4923,610,56967,146600
705,35,37,4888,608,57004,137800
706,25,31,4863,602,57035,134800
707,24,21,4839,605,57056,138000
708,18,31,4821,592,57087,133900
709,19,29,4802,582,57116,134400
710,23,22,4779,583,57138,132700
711,31,32,4748,582,57170,136500
712,18,24,4730,576,57194,130000
713,24,25,4706,575,57219,130400
714,26,25,4680,576,57244,136500
715,25,20,4655,581,57264,132600
716,25,27,4630,579,57291,128800
717,25,27,4605,577,57318,132300
718,25,23,4580,579,57341,160300
719,27,27,4553,579,57368,140200
720,20,27,4533,572,57395,133000
721,24,28,4509,568,57423,133300
722,23,37,4486,554,57460,135100
723,24,28,4462,550,57488,198700
724,36,38,4426,548,57526,136300
725,25,37,4401,536,57563,130600
726,16,32,4385,520,57595,133400
727,20,16,4365,524,57611,136200
728,28,21,4337,531,57632,134200
729,28,29,4309,530,57661,135400
730,27,28,4282,529,57689,133300
731,23,30,4259,522,57719,156600
732,28,25,4231,525,57744,133800
733,24,29,4207,520,57773,133300
734,35,22,4172,533,57795,127100
735,29,28,4143,534,57823,152900
736,20,29,4123,525,57852,130900
737,24,25,4099,524,57877,132300
738,21,25,4078,520,57902,134600
739,26,41,4052,505,57943,150700
740,18,33,4034,490,57976,151500
741,18,29,4016,479,58005,177800
742,24,23,3992,480,58028,146700
743,19,22,3973,477,58050,142100
744,29,22,3944,484,58072,159800
745,19,27,3925,476,58099,139200
746,22,20,3903,478,58119,144400
747,27,24,3876,481,58143,132100
748,17,15,3859,483,58158,140100
749,15,25,3844,473,58183,131000
750,18,27,3826,464,58210,141300
751,22,23,3804,463,58233,139800
752,18,25,3786,456,58258,131200
753,25,20,3761,461,58278,134500
754,25,17,3736,469,58295,145100
755,31,22,3705,478,58317,137400
756,22,31,3683,469,58348,132900
757,20,28,3663,461,58376,132800
758,15,19,3648,457,58395,135300
759,20,25,3628,452,58420,138100
760,20,35,3608,437,58455,134300
761,27,19,3581,445,58474,134400
762,23,23,3558,445,58497,129000
763,19,21,3539,443,58518,151200
764,18,23,3521,438,58541,135700
765,21,24,3500,435,58565,139500
766,17,17,3483,435,58582,132400
767,24,18,3459,441,58600,132700
768,13,29,3446,425,58629,129000
769,21,30,3425,416,58659,133900
770,24,22,3401,418,58681,135900
771,20,31,3381,407,58712,132600
772,21,16,3360,412,58728,139900
773,17,22,3343,407,58750,136900
774,18,20,3325,405,58770,139200
775,20,18,3305,407,58788,138700
776,17,23,3288,401,58811,133300
777,20,13,3268,408,58824,269700
778,15,24,3253,399,58848,149700
779,20,18,3233,401,58866,158800
780,10,23,3223,388,58889,146500
781,15,21,3208,382,58910,151300
782,15,24,3193,373,58934,142000
783,16,20,3177,369,58954,126200
784,13,15,3164,367,58969,151200
785,12,17,3152,362,58986,130800
786,19,20,3133,361,59006,133800
787,15,25,3118,351,59031,134100
788,19,16,3099,354,59047,154000
789,9,15,3090,348,59062,131800
790,8,16,3082,340,59078,137400
791,13,20,3069,333,59098,126800
792,11,16,3058,328,59114,128000
793,14,9,3044,333,59123,132600
794,12,16,3032,329,59139,134100
795,11,17,3021,323,59156,161300
796,17,18,3004,322,59174,134200
797,18,20,2986,320,59194,130700
798,19,23,2967,316,59217,127700
799,16,16,2951,316,59233,134100
800,11,18,2940,309,59251,142700
801,21,18,2919,312,59269,130300
802,17,17,2902,312,59286,132800
803,12,15,2890,309,59301,131800
804,11,12,2879,308,59313,130200
805,15,21,2864,302,59334,138900
806,14,8,2850,308,59342,166700
807,9,22,2841,295,59364,142000
808,18,14,2823,299,59378,136400
809,20,10,2803,309,59388,149000
810,19,18,2784,310,59406,136500
811,13,15,2771,308,59421,134800
812,11,17,2760,302,59438,134400
813,15,17,2745,300,59455,128300
814,14,13,2731,301,59468,134900
815,13,16,2718,298,59484,224100
816,13,17,2705,294,59501,157700
817,10,16,2695,288,59517,162300
818,19,15,2676,292,59532,148000
819,17,12,2659,297,59544,140900
820,16,18,2643,295,59562,136400
821,23,12,2620,306,59574,134400
822,10,16,2610,300,59590,130300
823,12,17,2598,295,59607,128900
824,9,13,2589,291,59620,135500
825,12,12,2577,291,59632,130300
826,15,13,2562,293,59645,130400
827,12,15,2550,290,59660,142300
828,10,16,2540,284,59676,130000
829,13,14,2527,283,59690,135700
830,15,15,2512,283,59705,163800
831,20,16,2492,287,59721,133000
832,12,15,2480,284,59736,128900
833,14,11,2466,287,59747,140000
834,11,12,2455,286,59759,134500
835,18,8,2437,296,59767,133800
836,10,11,2427,295,59778,134200
837,15,19,2412,291,59797,134800
838,10,15,2402,286,59812,134400
839,13,12,2389,287,59824,133600
840,19,17,2370,289,59841,134000
841,17,10,2353,296,59851,134900
842,15,12,2338,299,59863,137800
843,23,19,2315,303,59882,129000
844,19,12,2296,310,59894,139800
845,14,13,2282,311,59907,132400
846,12,10,2270,313,59917,138800
847,21,18,2249,316,59935,131600
848,19,11,2230,324,59946,128700
849,20,21,2210,323,59967,139400
850,27,10,2183,340,59977,130200
851,28,16,2155,352,59993,137400
852,27,21,2128,358,60014,136100
853,20,19,2108,359,60033,126600
854,17,22,2091,354,60055,234300
855,27,20,2064,361,60075,155600
856,18,16,2046,363,60091,150700
857,16,18,2030,361,60109,144400
858,21,19,2009,363,60128,181200
859,15,17,1994,361,60145,141900
860,27,16,1967,372,60161,141000
861,12,20,1955,364,60181,141400
862,19,23,1936,360,60204,132500
863,17,11,1919,366,60215,153800
864,15,7,1904,374,60222,136000
865,16,20,1888,370,60242,129700
866,14,25,1874,359,60267,133200
867,11,16,1863,354,60283,133500
868,14,14,1849,354,60297,153300
869,17,23,1832,348,60320,130900
870,13,17,1819,344,60337,130500
871,17,16,1802,345,60353,128500
872,13,19,1789,339,60372,127000
873,14,20,1775,333,60392,134200
874,12,8,1763,337,60400,134900
875,20,13,1743,344,60413,133800
876,18,15,1725,347,60428,137200
877,14,18,1711,343,60446,134900
878,11,18,1700,336,60464,129400
879,20,10,1680,346,60474,132900
880,14,20,1666,340,60494,134600
881,10,23,1656,327,60517,128800
882,13,12,1643,328,60529,133600
883,12,13,1631,327,60542,128100
884,14,15,1617,326,60557,127800
885,9,22,1608,313,60579,131900
886,10,15,1598,308,60594,133300
887,17,20,1581,305,60614,126900
888,13,13,1568,305,60627,128300
889,8,13,1560,300,60640,132700
890,12,17,1548,295,60657,140500
891,13,15,1535,293,60672,136300
892,7,11,1528,289,60683,138700
893,5,16,1523,278,60699,145200
894,6,13,1517,271,60712,157600
895,11,14,1506,268,60726,154100
896,8,12,1498,264,60738,147200
897,12,17,1486,259,60755,141100
898,17,7,1469,269,60762,142500
899,7,19,1462,257,60781,183700
900,7,15,1455,249,60796,131100
901,6,11,1449,244,60807,141800
902,10,11,1439,243,60818,134900
903,3,14,1436,232,60832,134000
904,11,12,1425,231,60844,127000
905,6,13,1419,224,60857,156800
906,6,6,1413,224,60863,240600
907,5,20,1408,209,60883,139200
908,5,12,1403,202,60895,135200
909,6,12,1397,196,60907,129700
910,7,8,1390,195,60915,130000
911,11,6,1379,200,60921,126100
912,9,8,1370,201,60929,131000
913,11,8,1359,204,60937,132000
914,3,9,1356,198,60946,136600
915,5,10,1351,193,60956,138500
916,4,12,1347,185,60968,128600
917,4,10,1343,179,60978,131100
918,5,8,1338,176,60986,126400
919,7,5,1331,178,60991,136900
920,4,9,1327,173,61000,133300
921,8,7,1319,174,61007,143800
922,7,11,1312,170,61018,134700
923,6,11,1306,165,61029,136300
924,3,8,1303,160,61037,140400
925,6,16,1297,150,61053,129200
926,5,6,1292,149,61059,132200
927,5,12,1287,142,61071,136700
928,2,8,1285,136,61079,135100
929,3,6,1282,133,61085,135800
930,5,8,1277,130,61093,324800
931,2,5,1275,127,61098,150800
932,2,11,1273,118,61109,150700
933,7,5,1266,120,61114,142900
934,4,2,1262,122,61116,144500
935,1,8,1261,115,61124,137800
936,3,7,1258,111,61131,127500
937,1,10,1257,102,61141,133100
938,5,3,1252,104,61144,133500
939,7,9,1245,102,61153,131300
940,2,9,1243,95,61162,127800
941,3,5,1240,93,61167,130000
942,2,3,1238,92,61170,128300
943,3,9,1235,86,61179,240800
944,5,2,1230,89,61181,125300
945,3,3,1227,89,61184,129700
946,2,9,1225,82,61193,130400
947,3,1,1222,84,61194,130300
948,5,2,1217,87,61196,135300
949,7,3,1210,91,61199,127000
950,2,0,1208,93,61199,128300
951,6,6,1202,93,61205,131700
952,7,4,1195,96,61209,132800
953,2,2,1193,96,61211,135100
954,1,2,1192,95,61213,128500
955,2,6,1190,91,61219,131600
956,3,2,1187,92,61221,130700
957,3,5,1184,90,61226,129300
958,2,7,1182,85,61233,128200
959,0,2,1182,83,61235,137100
960,3,3,1179,83,61238,129100
961,2,3,1177,82,61241,131300
962,1,3,1176,80,61244,128500
963,3,4,1173,79,61248,130100
964,1,3,1172,77,61251,138400
965,4,2,1168,79,61253,134700
966,4,8,1164,75,61261,132800
967,0,5,1164,70,61266,135500
968,2,4,1162,68,61270,135100
969,1,1,1161,68,61271,252800
970,4,5,1157,67,61276,155300
971,1,5,1156,63,61281,139700
972,1,5,1155,59,61286,147100
973,2,5,1153,56,61291,136900
974,2,3,1151,55,61294,181500
975,1,2,1150,54,61296,137000
976,3,4,1147,53,61300,128300
977,1,5,1146,49,61305,131200
978,1,3,1145,47,61308,128200
979,3,3,1142,47,61311,127800
980,1,2,1141,46,61313,153100
981,2,0,1139,48,61313,129500
982,1,1,1138,48,61314,122400
983,2,1,1136,49,61315,126000
984,1,1,1135,49,61316,129500
985,2,2,1133,49,61318,128900
986,1,5,1132,45,61323,127700
987,2,1,1130,46,61324,125200
988,2,5,1128,43,61329,134300
989,2,3,1126,42,61332,124800
990,2,2,1124,42,61334,127900
991,1,3,1123,40,61337,132600
992,0,4,1123,36,61341,125900
993,1,1,1122,36,61342,129500
994,1,4,1121,33,61346,127500
995,0,1,1121,32,61347,126100
996,3,1,1118,34,61348,131000
997,1,2,1117,33,61350,124400
998,0,2,1117,31,61352,128000
999,2,2,1115,31,61354,127200
1000,0,1,1115,30,61355,127600
1001,2,3,1113,29,61358,126200
1002,3,2,1110,30,61360,119400
1003,0,1,1110,29,61361,132400
1004,2,1,1108,30,61362,132800
1005,1,2,1107,29,61364,129100
1006,0,4,1107,25,61368,126500
1007,0,1,1107,24,61369,317600
1008,0,1,1107,23,61370,159000
1009,0,3,1107,20,61373,135400
1010,0,2,1107,18,61375,149800
1011,0,0,1107,18,61375,146000
1012,0,0,1107,18,61375,127600
1013,0,1,1107,17,61376,137100
1014,0,0,1107,17,61376,134000
1015,0,2,1107,15,61378,128400
1016,1,0,1106,16,61378,125600
1017,0,0,1106,16,61378,126200
1018,0,1,1106,15,61379,130100
1019,0,1,1106,14,61380,239000
1020,0,1,1106,13,61381,133400
1021,0,2,1106,11,61383,130000
1022,0,0,1106,11,61383,121000
1023,0,1,1106,10,61384,127000
1024,3,0,1103,13,61384,122900
1025,0,1,1103,12,61385,127300
1026,0,0,1103,12,61385,123500
1027,1,0,1102,13,61385,121200
1028,2,0,1100,15,61385,123700
1029,2,3,1098,14,61388,127100
1030,2,0,1096,16,61388,127700
1031,3,0,1093,19,61388,123900
1032,0,2,1093,17,61390,120100
1033,2,1,1091,18,61391,127400
1034,3,1,1088,20,61392,127200
1035,4,1,1084,23,61393,128600
1036,3,2,1081,24,61395,125000
1037,4,0,1077,28,61395,128100
1038,0,1,1077,27,61396,130800
1039,1,3,1076,25,61399,131700
1040,2,0,1074,27,61399,128200
1041,3,2,1071,28,61401,127900
1042,1,6,1070,23,61407,135600
1043,2,0,1068,25,61407,127700
1044,3,1,1065,27,61408,126600
1045,1,2,1064,26,61410,120000
1046,1,0,1063,27,61410,173300
1047,1,1,1062,27,61411,132500
1048,2,3,1060,26,61414,147200
1049,1,2,1059,25,61416,136600
1050,2,1,1057,26,61417,134300
1051,0,3,1057,23,61420,141300
1052,1,1,1056,23,61421,140900
1053,1,1,1055,23,61422,128400
1054,0,2,1055,21,61424,128600
1055,2,0,1053,23,61424,132600
1056,2,0,1051,25,61424,129200
1057,0,1,1051,24,61425,129700
1058,0,0,1051,24,61425,120800
1059,1,0,1050,25,61425,135400
1060,0,0,1050,25,61425,123900
1061,1,3,1049,23,61428,126400
1062,3,1,1046,25,61429,148600
1063,1,1,1045,25,61430,134700
1064,0,1,1045,24,61431,126200
1065,0,3,1045,21,61434,122900
1066,1,1,1044,21,61435,122400
1067,0,1,1044,20,61436,131100
1068,1,2,1043,19,61438,126700
1069,1,0,1042,20,61438,127100
1070,1,2,1041,19,61440,133000
1071,0,2,1041,17,61442,133300
1072,1,1,1040,17,61443,120500
1073,0,0,1040,17,61443,125100
1074,0,0,1040,17,61443,129700
1075,1,1,1039,17,61444,130300
1076,0,0,1039,17,61444,123700
1077,0,1,1039,16,61445,129800
1078,0,0,1039,16,61445,123800
1079,0,2,1039,14,61447,127800
1080,0,1,1039,13,61448,120600
1081,1,0,1038,14,61448,146500
1082,0,1,1038,13,61449,130900
1083,0,1,1038,12,61450,126200
1084,1,0,1037,13,61450,121800
1085,0,3,1037,10,61453,126400
1086,0,1,1037,9,61454,125400
1087,1,0,1036,10,61454,316300
1088,0,0,1036,10,61454,148500
1089,0,0,1036,10,61454,139200
1090,0,0,1036,10,61454,162500
1091,1,1,1035,10,61455,144200
1092,0,0,1035,10,61455,137500
1093,0,0,1035,10,61455,124200
1094,0,0,1035,10,61455,131600
1095,0,1,1035,9,61456,130900
1096,0,0,1035,9,61456,168700
1097,0,0,1035,9,61456,125700
1098,0,1,1035,8,61457,124400
1099,0,1,1035,7,61458,128300
1100,0,1,1035,6,61459,127900
1101,0,0,1035,6,61459,127900
1102,0,1,1035,5,61460,134200
1103,0,0,1035,5,61460,129400
1104,0,0,1035,5,61460,131900
1105,0,0,1035,5,61460,128900
1106,0,0,1035,5,61460,122200
1107,0,0,1035,5,61460,123200
1108,0,0,1035,5,61460,124700
1109,0,0,1035,5,61460,131200
1110,0,0,1035,5,61460,126400
1111,0,0,1035,5,61460,120000
1112,0,0,1035,5,61460,123100
1113,0,0,1035,5,61460,144900
1114,0,0,1035,5,61460,136900
1115,0,0,1035,5,61460,143900
1116,0,0,1035,5,61460,126400
1117,0,0,1035,5,61460,145700
1118,0,1,1035,4,61461,132900
1119,0,0,1035,4,61461,132800
1120,0,0,1035,4,61461,132100
1121,0,0,1035,4,61461,145600
1122,0,0,1035,4,61461,123200
1123,0,0,1035,4,61461,145500
1124,0,0,1035,4,61461,129200
1125,0,0,1035,4,61461,124700
1126,0,0,1035,4,61461,143900
1127,0,0,1035,4,61461,138200
1128,0,0,1035,4,61461,149300
1129,0,0,1035,4,61461,150600
1130,0,0,1035,4,61461,164500
1131,0,0,1035,4,61461,135600
1132,0,1,1035,3,61462,133300
1133,0,0,1035,3,61462,132100
1134,0,0,1035,3,61462,127700
1135,0,0,1035,3,61462,152000
1136,0,0,1035,3,61462,135000
1137,0,0,1035,3,61462,125800
1138,0,0,1035,3,61462,132800
1139,0,0,1035,3,61462,133800
1140,0,0,1035,3,61462,133300
1141,0,0,1035,3,61462,143100
1142,0,0,1035,3,61462,137400
1143,0,0,1035,3,61462,127200
1144,0,0,1035,3,61462,126000
1145,0,0,1035,3,61462,126600
1146,0,1,1035,2,61463,126800
1147,0,0,1035,2,61463,121600
1148,0,0,1035,2,61463,121100
1149,0,0,1035,2,61463,134200
1150,0,0,1035,2,61463,131000
1151,0,0,1035,2,61463,118500
1152,0,0,1035,2,61463,122400
1153,0,0,1035,2,61463,130600
1154,0,0,1035,2,61463,158900
1155,0,0,1035,2,61463,126800
1156,0,0,1035,2,61463,137000
1157,0,0,1035,2,61463,125400
1158,0,0,1035,2,61463,121300
1159,0,1,1035,1,61464,122500
1160,0,0,1035,1,61464,123700
1161,0,0,1035,1,61464,120800
1162,0,0,1035,1,61464,119800
1163,0,1,1035,0,61465,164600
