Tick,NewlyInfected,NewlyRecovered,TotalSusceptible,TotalInfected,TotalRecovered,StepTimeNanos
0,5,0,62490,10,0,605000
1,1,0,62489,11,0,176300
2,0,1,62489,10,1,152600
3,5,1,62484,14,2,146200
4,3,2,62481,15,4,143100
5,3,1,62478,17,5,149600
6,3,0,62475,20,5,136500
7,5,1,62470,24,6,135600
8,5,0,62465,29,6,133400
9,4,3,62461,30,9,133900
10,5,1,62456,34,10,134500
11,5,0,62451,39,10,146800
12,4,0,62447,43,10,138000
13,11,3,62436,51,13,138300
14,6,1,62430,56,14,149300
15,8,1,62422,63,15,131200
16,8,4,62414,67,19,153000
17,11,5,62403,73,24,129900
18,7,2,62396,78,26,138700
19,15,3,62381,90,29,166900
20,9,4,62372,95,33,144200
21,15,4,62357,106,37,154100
22,10,6,62347,110,43,132800
23,11,6,62336,115,49,135900
24,17,7,62319,125,56,136500
25,15,6,62304,134,62,138600
26,21,5,62283,150,67,132500
27,13,10,62270,153,77,139700
28,10,8,62260,155,85,130800
29,12,7,62248,160,92,130700
30,11,10,62237,161,102,126500
31,11,8,62226,164,110,134400
32,16,8,62210,172,118,138000
33,18,4,62192,186,122,133000
34,17,11,62175,192,133,137800
35,18,7,62157,203,140,128500
36,14,8,62143,209,148,137800
37,19,9,62124,219,157,148400
38,21,12,62103,228,169,146400
39,23,13,62080,238,182,140200
40,24,10,62056,252,192,139400
41,23,12,62033,263,204,172600
42,26,13,62007,276,217,151100
43,28,13,61979,291,230,148700
44,25,14,61954,302,244,200700
45,29,14,61925,317,258,138200
46,22,11,61903,328,269,191800
47,29,23,61874,334,292,146000
48,25,14,61849,345,306,137600
49,29,16,61820,358,322,147600
50,16,17,61804,357,339,141600
51,25,19,61779,363,358,147800
52,37,16,61742,384,374,138500
53,32,19,61710,397,393,154900
54,29,25,61681,401,418,146700
55,43,16,61638,428,434,149700
56,26,16,61612,438,450,150800
57,42,16,61570,464,466,146700
58,40,20,61530,484,486,146000
59,35,33,61495,486,519,149000
60,37,26,61458,497,545,151700
61,39,22,61419,514,567,152600
62,25,20,61394,519,587,150100
63,36,20,61358,535,607,139400
64,43,20,61315,558,627,141800
65,32,25,61283,565,652,147200
66,38,29,61245,574,681,157900
67,32,28,61213,578,709,145400
68,36,20,61177,594,729,147000
69,36,29,61141,601,758,149100
70,40,31,61101,610,789,148300
71,27,33,61074,604,822,179000
72,41,16,61033,629,838,158000
73,35,28,60998,636,866,154000
74,44,31,60954,649,897,152800
75,30,31,60924,648,928,148000
76,38,31,60886,655,959,141800
77,39,30,60847,664,989,147500
78,36,26,60811,674,1015,147800
79,37,34,60774,677,1049,151700
80,34,40,60740,671,1089,142000
81,39,36,60701,674,1125,148100
82,37,39,60664,672,1164,142200
83,32,17,60632,687,1181,149900
84,47,42,60585,692,1223,141400
85,47,31,60538,708,1254,140500
86,44,35,60494,717,1289,145500
87,34,40,60460,711,1329,156800
88,44,21,60416,734,1350,164200
89,43,27,60373,750,1377,259700
90,46,48,60327,748,1425,175800
91,47,41,60280,754,1466,147400
92,52,27,60228,779,1493,158700
93,39,34,60189,784,1527,149100
94,48,37,60141,795,1564,150500
95,43,44,60098,794,1608,149500
96,46,29,60052,811,1637,152100
97,60,43,59992,828,1680,160400
98,40,40,59952,828,1720,155000
99,35,43,59917,820,1763,155300
100,45,41,59872,824,1804,145300
101,44,44,59828,824,1848,144900
102,52,41,59776,835,1889,150100
103,59,42,59717,852,1931,157200
104,39,49,59678,842,1980,156100
105,45,43,59633,844,2023,145400
106,45,44,59588,845,2067,169000
107,41,39,59547,847,2106,336500
108,48,38,59499,857,2144,155800
109,46,46,59453,857,2190,161200
110,57,38,59396,876,2228,146600
111,43,37,59353,882,2265,163000
112,47,50,59306,879,2315,161100
113,40,59,59266,860,2374,147600
114,45,38,59221,867,2412,154400
115,37,42,59184,862,2454,149300
116,45,36,59139,871,2490,195100
117,42,43,59097,870,2533,150600
118,49,45,59048,874,2578,156600
119,39,37,59009,876,2615,158200
120,47,40,58962,883,2655,162500
121,53,43,58909,893,2698,155500
122,52,49,58857,896,2747,160100
123,47,44,58810,899,2791,157500
124,55,53,58755,901,2844,156300
125,47,41,58708,907,2885,153700
126,50,58,58658,899,2943,160000
127,50,41,58608,908,2984,143000
128,47,51,58561,904,3035,155900
129,60,50,58501,914,3085,165300
130,48,44,58453,918,3129,154500
131,54,46,58399,926,3175,155600
132,56,62,58343,920,3237,260400
133,56,46,58287,930,3283,256400
134,46,46,58241,930,3329,159300
135,46,46,58195,930,3375,148500
136,55,47,58140,938,3422,159100
137,56,63,58084,931,3485,154700
138,64,40,58020,955,3525,153600
139,54,55,57966,954,3580,150800
140,42,41,57924,955,3621,147600
141,49,45,57875,959,3666,159500
142,46,55,57829,950,3721,155900
143,67,40,57762,977,3761,144500
144,55,47,57707,985,3808,139700
145,56,43,57651,998,3851,146000
146,53,62,57598,989,3913,154600
147,45,53,57553,981,3966,147200
148,53,61,57500,973,4027,143000
149,67,56,57433,984,4083,144000
150,78,47,57355,1015,4130,145500
151,53,42,57302,1026,4172,150400
152,56,44,57246,1038,4216,158600
153,49,55,57197,1032,4271,146000
154,51,51,57146,1032,4322,147600
155,69,59,57077,1042,4381,154000
156,51,43,57026,1050,4424,173100
157,47,59,56979,1038,4483,247100
158,49,60,56930,1027,4543,267700
159,60,49,56870,1038,4592,230300
160,56,51,56814,1043,4643,200000
161,66,57,56748,1052,4700,201300
162,62,43,56686,1071,4743,192400
163,66,65,56620,1072,4808,202900
164,63,60,56557,1075,4868,191900
165,65,60,56492,1080,4928,199800
166,54,68,56438,1066,4996,188600
167,51,56,56387,1061,5052,200900
168,51,54,56336,1058,5106,199900
169,56,42,56280,1072,5148,258600
170,59,66,56221,1065,5214,373900
171,49,51,56172,1063,5265,176900
172,50,45,56122,1068,5310,169000
173,65,57,56057,1076,5367,154900
174,62,54,55995,1084,5421,159000
175,67,55,55928,1096,5476,157000
176,68,61,55860,1103,5537,168200
177,46,51,55814,1098,5588,156900
178,57,54,55757,1101,5642,151500
179,66,58,55691,1109,5700,154300
180,57,58,55634,1108,5758,157700
181,69,48,55565,1129,5806,163300
182,57,57,55508,1129,5863,157100
183,61,60,55447,1130,5923,160700
184,56,54,55391,1132,5977,161000
185,61,49,55330,1144,6026,152100
186,67,55,55263,1156,6081,157600
187,62,58,55201,1160,6139,153900
188,72,66,55129,1166,6205,148000
189,62,63,55067,1165,6268,161000
190,75,58,54992,1182,6326,165800
191,73,67,54919,1188,6393,168300
192,73,70,54846,1191,6463,167900
193,75,72,54771,1194,6535,166300
194,72,64,54699,1202,6599,158900
195,69,55,54630,1216,6654,155300
196,71,73,54559,1214,6727,151400
197,73,60,54486,1227,6787,154800
198,74,70,54412,1231,6857,153000
199,70,65,54342,1236,6922,155900
200,62,103,54280,1195,7025,162300
201,63,66,54217,1192,7091,155100
202,73,68,54144,1197,7159,162200
203,58,55,54086,1200,7214,160700
204,74,62,54012,1212,7276,153300
205,72,61,53940,1223,7337,149700
206,81,63,53859,1241,7400,151600
207,71,49,53788,1263,7449,154800
208,76,74,53712,1265,7523,163700
209,79,67,53633,1277,7590,178200
210,79,67,53554,1289,7657,158000
211,75,70,53479,1294,7727,163200
212,86,61,53393,1319,7788,140800
213,62,61,53331,1320,7849,152700
214,90,74,53241,1336,7923,157000
215,74,83,53167,1327,8006,156100
216,93,56,53074,1364,8062,172300
217,83,61,52991,1386,8123,172200
218,86,63,52905,1409,8186,168000
219,71,67,52834,1413,8253,174100
220,76,64,52758,1425,8317,167500
221,80,75,52678,1430,8392,164100
222,83,68,52595,1445,8460,163100
223,72,71,52523,1446,8531,171500
224,103,63,52420,1486,8594,172800
225,78,70,52342,1494,8664,165300
226,96,66,52246,1524,8730,159700
227,91,80,52155,1535,8810,167900
228,86,85,52069,1536,8895,165600
229,67,81,52002,1522,8976,162200
230,79,92,51923,1509,9068,168600
231,86,91,51837,1504,9159,182800
232,78,91,51759,1491,9250,181100
233,93,78,51666,1506,9328,166900
234,64,68,51602,1502,9396,164400
235,83,67,51519,1518,9463,172600
236,90,76,51429,1532,9539,159500
237,91,69,51338,1554,9608,163300
238,86,72,51252,1568,9680,160200
239,88,78,51164,1578,9758,174600
240,75,81,51089,1572,9839,166400
241,82,62,51007,1592,9901,170400
242,79,88,50928,1583,9989,164200
243,85,86,50843,1582,10075,165400
244,78,89,50765,1571,10164,164400
245,105,84,50660,1592,10248,293200
246,93,55,50567,1630,10303,173900
247,80,81,50487,1629,10384,151700
248,80,88,50407,1621,10472,182200
249,79,75,50328,1625,10547,200800
250,90,73,50238,1642,10620,163700
251,96,67,50142,1671,10687,163000
252,114,82,50028,1703,10769,176300
253,99,72,49929,1730,10841,181200
254,85,85,49844,1730,10926,169000
255,93,77,49751,1746,11003,178400
256,100,83,49651,1763,11086,156500
257,110,97,49541,1776,11183,158200
258,116,93,49425,1799,11276,167900
259,98,77,49327,1820,11353,162200
260,115,96,49212,1839,11449,171500
261,111,83,49101,1867,11532,172400
262,128,116,48973,1879,11648,173300
263,113,90,48860,1902,11738,175200
264,107,111,48753,1898,11849,168700
265,122,96,48631,1924,11945,207200
266,95,90,48536,1929,12035,165200
267,113,91,48423,1951,12126,157900
268,115,98,48308,1968,12224,344100
269,102,79,48206,1991,12303,188800
270,117,116,48089,1992,12419,166000
271,130,92,47959,2030,12511,184300
272,111,93,47848,2048,12604,207200
273,112,95,47736,2065,12699,190300
274,102,99,47634,2068,12798,167700
275,112,104,47522,2076,12902,169000
276,117,99,47405,2094,13001,174600
277,117,94,47288,2117,13095,170200
278,103,106,47185,2114,13201,168700
279,95,114,47090,2095,13315,187100
280,90,103,47000,2082,13418,170200
281,110,120,46890,2072,13538,159900
282,97,96,46793,2073,13634,174800
283,89,104,46704,2058,13738,180900
284,106,128,46598,2036,13866,189500
285,107,97,46491,2046,13963,187400
286,107,72,46384,2081,14035,160500
287,98,104,46286,2075,14139,151900
288,95,106,46191,2064,14245,159500
289,114,114,46077,2064,14359,146200
290,104,103,45973,2065,14462,364800
291,121,106,45852,2080,14568,253600
292,90,117,45762,2053,14685,184400
293,102,97,45660,2058,14782,215400
294,111,109,45549,2060,14891,185300
295,91,108,45458,2043,14999,166700
296,116,97,45342,2062,15096,186500
297,106,93,45236,2075,15189,161900
298,118,99,45118,2094,15288,154400
299,109,94,45009,2109,15382,165700
300,103,101,44906,2111,15483,154000
301,118,115,44788,2114,15598,159500
302,108,112,44680,2110,15710,154400
303,110,101,44570,2119,15811,149200
304,118,95,44452,2142,15906,164900
305,107,95,44345,2154,16001,157500
306,111,100,44234,2165,16101,167000
307,119,103,44115,2181,16204,154400
308,102,117,44013,2166,16321,168900
309,103,98,43910,2171,16419,160500
310,124,107,43786,2188,16526,159300
311,100,120,43686,2168,16646,153500
312,102,81,43584,2189,16727,161100
313,125,114,43459,2200,16841,165400
314,88,112,43371,2176,16953,181800
315,97,111,43274,2162,17064,181700
316,126,109,43148,2179,17173,188900
317,112,118,43036,2173,17291,164000
318,125,100,42911,2198,17391,169700
319,119,99,42792,2218,17490,163000
320,114,124,42678,2208,17614,159300
321,101,111,42577,2198,17725,162700
322,111,100,42466,2209,17825,161100
323,107,118,42359,2198,17943,161700
324,110,111,42249,2197,18054,164900
325,83,92,42166,2188,18146,153000
326,116,109,42050,2195,18255,159500
327,110,109,41940,2196,18364,155700
328,107,116,41833,2187,18480,157900
329,113,104,41720,2196,18584,158900
330,103,121,41617,2178,18705,157400
331,110,111,41507,2177,18816,158700
332,91,98,41416,2170,18914,163600
333,123,108,41293,2185,19022,162400
334,109,92,41184,2202,19114,162300
335,126,96,41058,2232,19210,159800
336,118,131,40940,2219,19341,156100
337,106,115,40834,2210,19456,184200
338,131,115,40703,2226,19571,208100
339,108,102,40595,2232,19673,211100
340,125,109,40470,2248,19782,213500
341,111,108,40359,2251,19890,174500
342,125,125,40234,2251,20015,162400
343,113,126,40121,2238,20141,187700
344,109,100,40012,2247,20241,202100
345,103,96,39909,2254,20337,157700
346,109,117,39800,2246,20454,157600
347,109,86,39691,2269,20540,162700
348,107,115,39584,2261,20655,159400
349,115,106,39469,2270,20761,162200
350,126,103,39343,2293,20864,164500
351,116,110,39227,2299,20974,155000
352,99,118,39128,2280,21092,176800
353,111,135,39017,2256,21227,185800
354,113,111,38904,2258,21338,159300
355,111,103,38793,2266,21441,158700
356,119,109,38674,2276,21550,169300
357,115,96,38559,2295,21646,162500
358,121,119,38438,2297,21765,162100
359,114,126,38324,2285,21891,158600
360,96,116,38228,2265,22007,161900
361,110,130,38118,2245,22137,175900
362,103,116,38015,2232,22253,373800
363,102,143,37913,2191,22396,246600
364,90,110,37823,2171,22506,211100
365,103,123,37720,2151,22629,187500
366,93,122,37627,2122,22751,171700
367,101,85,37526,2138,22836,177800
368,94,113,37432,2119,22949,179900
369,97,127,37335,2089,23076,172500
370,92,109,37243,2072,23185,169800
371,115,109,37128,2078,23294,169300
372,108,101,37020,2085,23395,181400
373,88,114,36932,2059,23509,176000
374,85,91,36847,2053,23600,168100
375,89,117,36758,2025,23717,163600
376,106,99,36652,2032,23816,163300
377,97,93,36555,2036,23909,157200
378,96,93,36459,2039,24002,160800
379,87,111,36372,2015,24113,170000
380,88,110,36284,1993,24223,165600
381,97,76,36187,2014,24299,164900
382,104,103,36083,2015,24402,167100
383,99,100,35984,2014,24502,158400
384,98,106,35886,2006,24608,153500
385,89,96,35797,1999,24704,165200
386,94,115,35703,1978,24819,193900
387,92,90,35611,1980,24909,194500
388,98,101,35513,1977,25010,191300
389,110,106,35403,1981,25116,175500
390,100,94,35303,1987,25210,183400
391,62,101,35241,1948,25311,221100
392,97,102,35144,1943,25413,172800
393,89,123,35055,1909,25536,168300
394,92,106,34963,1895,25642,166500
395,94,92,34869,1897,25734,165800
396,98,101,34771,1894,25835,166500
397,93,107,34678,1880,25942,173600
398,86,91,34592,1875,26033,164400
399,82,97,34510,1860,26130,170900
400,94,103,34416,1851,26233,168500
401,76,110,34340,1817,26343,208800
402,84,110,34256,1791,26453,156100
403,77,93,34179,1775,26546,171300
404,78,96,34101,1757,26642,166400
405,74,109,34027,1722,26751,248800
406,75,79,33952,1718,26830,164100
407,72,94,33880,1696,26924,175400
408,81,96,33799,1681,27020,168300
409,74,82,33725,1673,27102,172700
410,78,91,33647,1660,27193,173900
411,66,99,33581,1627,27292,176500
412,79,82,33502,1624,27374,179600
413,85,78,33417,1631,27452,172500
414,79,84,33338,1626,27536,172100
415,78,66,33260,1638,27602,165400
416,92,95,33168,1635,27697,162600
417,91,80,33077,1646,27777,159600
418,86,74,32991,1658,27851,161500
419,94,89,32897,1663,27940,162000
420,99,86,32798,1676,28026,158800
421,87,80,32711,1683,28106,159900
422,74,92,32637,1665,28198,163400
423,79,76,32558,1668,28274,154300
424,84,75,32474,1677,28349,175800
425,68,88,32406,1657,28437,158000
426,54,82,32352,1629,28519,159500
427,94,79,32258,1644,28598,161200
428,74,66,32184,1652,28664,180100
429,75,90,32109,1637,28754,186100
430,72,69,32037,1640,28823,171100
431,71,81,31966,1630,28904,193200
432,79,81,31887,1628,28985,175700
433,73,94,31814,1607,29079,163100
434,77,69,31737,1615,29148,163000
435,82,79,31655,1618,29227,163800
436,71,70,31584,1619,29297,162500
437,87,83,31497,1623,29380,169100
438,60,71,31437,1612,29451,156700
439,74,81,31363,1605,29532,171800
440,77,81,31286,1601,29613,166300
441,65,92,31221,1574,29705,165400
442,73,79,31148,1568,29784,183200
443,69,76,31079,1561,29860,170700
444,77,81,31002,1557,29941,158000
445,63,85,30939,1535,30026,160700
446,71,72,30868,1534,30098,158400
447,71,74,30797,1531,30172,151300
448,69,84,30728,1516,30256,158700
449,77,74,30651,1519,30330,163600
450,73,78,30578,1514,30408,156200
451,64,83,30514,1495,30491,148700
452,73,68,30441,1500,30559,155600
453,73,66,30368,1507,30625,158200
454,57,67,30311,1497,30692,155700
455,73,74,30238,1496,30766,159300
456,89,62,30149,1523,30828,146900
457,61,82,30088,1502,30910,150500
458,77,79,30011,1500,30989,260700
459,66,82,29945,1484,31071,146400
460,74,80,29871,1478,31151,147900
461,87,75,29784,1490,31226,162000
462,79,67,29705,1502,31293,170900
463,82,76,29623,1508,31369,183300
464,64,82,29559,1490,31451,174500
465,65,78,29494,1477,31529,166800
466,71,72,29423,1476,31601,159500
467,72,99,29351,1449,31700,170000
468,72,64,29279,1457,31764,162800
469,61,71,29218,1447,31835,152600
470,76,62,29142,1461,31897,156300
471,84,73,29058,1472,31970,161800
472,73,62,28985,1483,32032,157900
473,68,84,28917,1467,32116,156600
474,65,74,28852,1458,32190,159500
475,68,77,28784,1449,32267,152700
476,56,75,28728,1430,32342,155500
477,65,64,28663,1431,32406,175600
478,62,65,28601,1428,32471,162100
479,75,69,28526,1434,32540,221000
480,72,72,28454,1434,32612,163100
481,82,81,28372,1435,32693,151800
482,73,69,28299,1439,32762,145200
483,63,81,28236,1421,32843,166000
484,70,86,28166,1405,32929,153200
485,76,58,28090,1423,32987,168000
486,70,85,28020,1408,33072,156500
487,60,66,27960,1402,33138,155400
488,61,74,27899,1389,33212,177400
489,63,82,27836,1370,33294,181600
490,80,69,27756,1381,33363,194800
491,68,60,27688,1389,33423,209400
492,69,63,27619,1395,33486,174300
493,62,81,27557,1376,33567,167700
494,66,59,27491,1383,33626,177600
495,72,76,27419,1379,33702,169400
496,80,75,27339,1384,33777,166800
497,70,71,27269,1383,33848,173800
498,64,52,27205,1395,33900,186900
499,55,65,27150,1385,33965,162400
500,60,72,27090,1373,34037,160900
501,71,70,27019,1374,34107,176700
502,78,67,26941,1385,34174,170500
503,67,85,26874,1367,34259,160500
504,75,70,26799,1372,34329,159300
505,61,75,26738,1358,34404,166800
506,60,62,26678,1356,34466,166400
507,59,71,26619,1344,34537,154000
508,52,70,26567,1326,34607,169600
509,90,81,26477,1335,34688,154800
510,51,75,26426,1311,34763,151100
511,58,56,26368,1313,34819,160200
512,62,67,26306,1308,34886,173000
513,77,62,26229,1323,34948,204000
514,71,63,26158,1331,35011,177500
515,75,58,26083,1348,35069,176500
516,78,63,26005,1363,35132,210900
517,74,62,25931,1375,35194,156900
518,65,73,25866,1367,35267,161600
519,58,61,25808,1364,35328,154800
520,62,69,25746,1357,35397,156300
521,74,63,25672,1368,35460,148500
522,56,73,25616,1351,35533,152800
523,56,77,25560,1330,35610,153900
524,65,74,25495,1321,35684,157400
525,43,65,25452,1299,35749,140600
526,57,62,25395,1294,35811,146400
527,62,63,25333,1293,35874,155300
528,46,70,25287,1269,35944,148200
529,62,68,25225,1263,36012,150100
530,63,49,25162,1277,36061,154300
531,52,58,25110,1271,36119,163500
532,68,57,25042,1282,36176,172500
533,54,45,24988,1291,36221,154200
534,54,51,24934,1294,36272,150700
535,55,63,24879,1286,36335,150800
536,57,64,24822,1279,36399,152700
537,69,55,24753,1293,36454,149400
538,56,74,24697,1275,36528,165800
539,56,80,24641,1251,36608,363900
540,51,63,24590,1239,36671,215000
541,62,75,24528,1226,36746,271300
542,54,61,24474,1219,36807,191800
543,61,57,24413,1223,36864,182200
544,53,65,24360,1211,36929,184200
545,64,54,24296,1221,36983,185900
546,55,70,24241,1206,37053,169100
547,50,59,24191,1197,37112,169900
548,51,57,24140,1191,37169,182200
549,66,75,24074,1182,37244,168000
550,69,53,24005,1198,37297,161800
551,52,64,23953,1186,37361,160900
552,50,47,23903,1189,37408,177100
553,61,59,23842,1191,37467,181900
554,53,59,23789,1185,37526,165700
555,56,55,23733,1186,37581,166700
556,55,55,23678,1186,37636,177200
557,58,60,23620,1184,37696,162600
558,53,70,23567,1167,37766,157300
559,59,43,23508,1183,37809,150000
560,48,47,23460,1184,37856,156300
561,63,57,23397,1190,37913,165900
562,67,56,23330,1201,37969,167400
563,54,62,23276,1193,38031,170900
564,53,56,23223,1190,38087,161300
565,49,50,23174,1189,38137,176200
566,54,67,23120,1176,38204,221400
567,76,51,23044,1201,38255,190700
568,57,64,22987,1194,38319,191800
569,57,51,22930,1200,38370,176300
570,49,59,22881,1190,38429,176400
571,61,58,22820,1193,38487,169600
572,62,64,22758,1191,38551,169900
573,56,58,22702,1189,38609,162500
574,64,47,22638,1206,38656,157200
575,67,59,22571,1214,38715,169900
576,65,64,22506,1215,38779,177700
577,67,73,22439,1209,38852,159300
578,67,65,22372,1211,38917,198500
579,70,71,22302,1210,38988,167500
580,61,53,22241,1218,39041,156500
581,56,73,22185,1201,39114,151100
582,54,59,22131,1196,39173,155700
583,68,53,22063,1211,39226,161500
584,80,67,21983,1224,39293,153600
585,49,58,21934,1215,39351,149900
586,55,71,21879,1199,39422,141500
587,68,53,21811,1214,39475,147600
588,72,60,21739,1226,39535,147500
589,87,64,21652,1249,39599,145700
590,58,60,21594,1247,39659,142000
591,79,62,21515,1264,39721,146700
592,47,59,21468,1252,39780,240200
593,66,61,21402,1257,39841,178600
594,58,68,21344,1247,39909,168500
595,54,66,21290,1235,39975,165200
596,61,73,21229,1223,40048,165200
597,55,56,21174,1222,40104,164200
598,56,61,21118,1217,40165,166500
599,49,49,21069,1217,40214,147400
600,72,68,20997,1221,40282,147600
601,59,56,20938,1224,40338,146500
602,60,70,20878,1214,40408,161100
603,61,54,20817,1221,40462,151000
604,61,55,20756,1227,40517,149400
605,58,71,20698,1214,40588,156600
606,46,69,20652,1191,40657,151900
607,59,50,20593,1200,40707,148900
608,64,54,20529,1210,40761,161700
609,61,60,20468,1211,40821,149600
610,66,66,20402,1211,40887,146800
611,59,67,20343,1203,40954,153300
612,55,58,20288,1200,41012,148200
613,57,64,20231,1193,41076,150300
614,75,69,20156,1199,41145,152700
615,70,61,20086,1208,41206,149300
616,51,61,20035,1198,41267,152900
617,63,65,19972,1196,41332,148400
618,60,64,19912,1192,41396,143500
619,66,73,19846,1185,41469,163900
620,61,54,19785,1192,41523,145000
621,67,50,19718,1209,41573,315600
622,67,63,19651,1213,41636,164400
623,68,60,19583,1221,41696,175600
624,52,61,19531,1212,41757,163300
625,44,56,19487,1200,41813,160000
626,59,70,19428,1189,41883,169800
627,58,59,19370,1188,41942,157900
628,77,54,19293,1211,41996,199300
629,53,52,19240,1212,42048,144400
630,56,58,19184,1210,42106,146200
631,49,52,19135,1207,42158,150500
632,70,55,19065,1222,42213,145900
633,46,67,19019,1201,42280,142800
634,59,55,18960,1205,42335,147200
635,46,63,18914,1188,42398,142900
636,62,58,18852,1192,42456,152300
637,51,68,18801,1175,42524,149400
638,56,57,18745,1174,42581,144900
639,65,61,18680,1178,42642,149300
640,49,53,18631,1174,42695,146800
641,56,49,18575,1181,42744,140900
642,66,48,18509,1199,42792,149200
643,62,70,18447,1191,42862,140700
644,55,48,18392,1198,42910,141900
645,71,65,18321,1204,42975,142400
646,72,68,18249,1208,43043,142500
647,75,64,18174,1219,43107,145100
648,51,64,18123,1206,43171,138100
649,52,65,18071,1193,43236,140900
650,54,50,18017,1197,43286,137300
651,64,64,17953,1197,43350,139600
652,46,52,17907,1191,43402,149300
653,58,65,17849,1184,43467,189800
654,61,62,17788,1183,43529,178800
655,52,67,17736,1168,43596,176800
656,51,60,17685,1159,43656,221500
657,49,57,17636,1151,43713,149400
658,57,54,17579,1154,43767,185600
659,52,51,17527,1155,43818,153700
660,63,60,17464,1158,43878,149500
661,55,61,17409,1152,43939,147900
662,53,61,17356,1144,44000,154200
663,58,54,17298,1148,44054,149400
664,61,54,17237,1155,44108,142000
665,69,51,17168,1173,44159,152900
666,54,70,17114,1157,44229,145400
667,61,61,17053,1157,44290,145800
668,42,60,17011,1139,44350,177100
669,53,61,16958,1131,44411,148400
670,53,54,16905,1130,44465,149000
671,51,53,16854,1128,44518,168000
672,54,52,16800,1130,44570,155400
673,60,52,16740,1138,44622,150800
674,45,62,16695,1121,44684,137700
675,55,55,16640,1121,44739,147500
676,43,53,16597,1111,44792,143200
677,62,53,16535,1120,44845,141600
678,70,54,16465,1136,44899,152200
679,48,60,16417,1124,44959,143100
680,56,64,16361,1116,45023,146400
681,47,55,16314,1108,45078,151400
682,54,54,16260,1108,45132,343700
683,60,55,16200,1113,45187,168300
684,50,50,16150,1113,45237,178400
685,55,50,16095,1118,45287,166100
686,51,58,16044,1111,45345,162200
687,47,45,15997,1113,45390,170000
688,56,53,15941,1116,45443,158100
689,63,62,15878,1117,45505,144600
690,51,56,15827,1112,45561,155800
691,54,61,15773,1105,45622,164800
692,40,56,15733,1089,45678,151200
693,46,60,15687,1075,45738,144700
694,51,55,15636,1071,45793,145100
695,54,50,15582,1075,45843,143700
696,41,54,15541,1062,45897,138800
697,53,73,15488,1042,45970,141000
698,49,63,15439,1028,46033,147700
699,53,48,15386,1033,46081,140900
700,42,53,15344,1022,46134,141000
701,51,44,15293,1029,46178,143600
702,46,60,15247,1015,46238,167400
703,40,42,15207,1013,46280,144900
704,58,44,15149,1027,46324,135700
705,59,56,15090,1030,46380,148400
706,53,62,15037,1021,46442,137500
707,52,47,14985,1026,46489,135600
708,55,37,14930,1044,46526,152300
709,45,43,14885,1046,46569,143000
710,51,50,14834,1047,46619,147400
711,67,56,14767,1058,46675,144600
712,48,57,14719,1049,46732,332400
713,59,46,14660,1062,46778,174300
714,46,60,14614,1048,46838,166800
715,48,60,14566,1036,46898,161200
716,49,40,14517,1045,46938,154200
717,42,53,14475,1034,46991,150000
718,62,51,14413,1045,47042,158600
719,45,42,14368,1048,47084,153300
720,46,57,14322,1037,47141,180500
721,53,53,14269,1037,47194,144000
722,53,53,14216,1037,47247,150200
723,58,55,14158,1040,47302,184200
724,52,59,14106,1033,47361,180900
725,47,57,14059,1023,47418,187200
726,40,62,14019,1001,47480,163300
727,48,47,13971,1002,47527,151400
728,54,49,13917,1007,47576,146800
729,42,62,13875,987,47638,143900
730,55,58,13820,984,47696,147700
731,52,53,13768,983,47749,152300
732,46,48,13722,981,47797,152000
733,59,49,13663,991,47846,152200
734,55,55,13608,991,47901,167600
735,50,46,13558,995,47947,154900
736,53,45,13505,1003,47992,145300
737,46,49,13459,1000,48041,151500
738,51,53,13408,998,48094,152500
739,45,63,13363,980,48157,148400
740,55,57,13308,978,48214,146400
741,50,41,13258,987,48255,150000
742,50,57,13208,980,48312,184300
743,48,41,13160,987,48353,299200
744,59,42,13101,1004,48395,181600
745,35,55,13066,984,48450,163200
746,45,41,13021,988,48491,205100
747,58,39,12963,1007,48530,206200
748,39,47,12924,999,48577,153300
749,49,47,12875,1001,48624,153500
750,57,53,12818,1005,48677,159000
751,65,44,12753,1026,48721,196600
752,62,55,12691,1033,48776,144100
753,53,60,12638,1026,48836,175400
754,53,41,12585,1038,48877,139700
755,54,43,12531,1049,48920,143100
756,49,48,12482,1050,48968,146800
757,46,52,12436,1044,49020,148700
758,45,45,12391,1044,49065,144700
759,40,44,12351,1040,49109,140400
760,62,55,12289,1047,49164,148300
761,48,49,12241,1046,49213,151900
762,66,47,12175,1065,49260,141400
763,35,64,12140,1036,49324,143300
764,50,42,12090,1044,49366,139400
765,50,37,12040,1057,49403,142900
766,47,48,11993,1056,49451,139300
767,52,54,11941,1054,49505,144300
768,53,56,11888,1051,49561,140200
769,51,50,11837,1052,49611,144700
770,48,43,11789,1057,49654,142000
771,56,50,11733,1063,49704,143100
772,52,48,11681,1067,49752,143900
773,53,52,11628,1068,49804,150900
774,43,62,11585,1049,49866,147400
775,50,56,11535,1043,49922,142600
776,44,57,11491,1030,49979,157300
777,51,45,11440,1036,50024,170600
778,42,43,11398,1035,50067,175200
779,37,60,11361,1012,50127,164800
780,37,45,11324,1004,50172,164200
781,61,54,11263,1011,50226,165100
782,46,40,11217,1017,50266,156000
783,55,47,11162,1025,50313,151800
784,55,47,11107,1033,50360,173000
785,45,46,11062,1032,50406,169800
786,48,42,11014,1038,50448,245500
787,44,58,10970,1024,50506,143200
788,49,65,10921,1008,50571,149700
789,46,55,10875,999,50626,162800
790,44,56,10831,987,50682,152000
791,33,37,10798,983,50719,145000
792,41,56,10757,968,50775,144100
793,43,47,10714,964,50822,152400
794,52,61,10662,955,50883,149800
795,50,46,10612,959,50929,145400
796,35,45,10577,949,50974,146000
797,41,51,10536,939,51025,147500
798,45,46,10491,938,51071,146400
799,42,41,10449,939,51112,145900
800,35,52,10414,922,51164,142300
801,50,38,10364,934,51202,144100
802,41,48,10323,927,51250,151900
803,53,46,10270,934,51296,144100
804,45,35,10225,944,51331,153500
805,47,52,10178,939,51383,152700
806,51,59,10127,931,51442,148500
807,39,51,10088,919,51493,180600
808,49,47,10039,921,51540,175300
809,48,52,9991,917,51592,190000
810,41,43,9950,915,51635,168500
811,51,44,9899,922,51679,184100
812,49,47,9850,924,51726,158900
813,47,51,9803,920,51777,163600
814,49,45,9754,924,51822,149700
815,54,58,9700,920,51880,152400
816,56,49,9644,927,51929,153900
817,50,40,9594,937,51969,150900
818,50,50,9544,937,52019,149300
819,53,50,9491,940,52069,138900
820,57,41,9434,956,52110,173500
821,54,58,9380,952,52168,152700
822,45,43,9335,954,52211,146000
823,43,49,9292,948,52260,168500
824,57,44,9235,961,52304,144400
825,53,42,9182,972,52346,139000
826,39,41,9143,970,52387,147600
827,34,42,9109,962,52429,142600
828,50,52,9059,960,52481,147600
829,48,52,9011,956,52533,147300
830,35,52,8976,939,52585,135400
831,58,49,8918,948,52634,140700
832,32,51,8886,929,52685,142100
833,41,40,8845,930,52725,287100
834,36,50,8809,916,52775,148100
835,36,50,8773,902,52825,149000
836,34,44,8739,892,52869,153200
837,40,38,8699,894,52907,164100
838,45,41,8654,898,52948,157700
839,34,44,8620,888,52992,165900
840,49,41,8571,896,53033,146700
841,38,48,8533,886,53081,148900
842,35,54,8498,867,53135,143100
843,45,46,8453,866,53181,240700
844,31,46,8422,851,53227,169100
845,45,47,8377,849,53274,163300
846,40,45,8337,844,53319,164500
847,28,46,8309,826,53365,146100
848,31,34,8278,823,53399,151400
849,41,42,8237,822,53441,147600
850,38,42,8199,818,53483,148700
851,32,42,8167,808,53525,146300
852,33,42,8134,799,53567,169300
853,45,42,8089,802,53609,143900
854,35,37,8054,800,53646,146000
855,45,44,8009,801,53690,148400
856,36,39,7973,798,53729,137000
857,50,39,7923,809,53768,140100
858,38,42,7885,805,53810,140500
859,48,38,7837,815,53848,141700
860,46,46,7791,815,53894,145000
861,45,41,7746,819,53935,149400
862,37,34,7709,822,53969,138800
863,49,43,7660,828,54012,140300
864,54,35,7606,847,54047,153600
865,40,37,7566,850,54084,141100
866,36,43,7530,843,54127,138300
867,40,49,7490,834,54176,148400
868,39,43,7451,830,54219,143000
869,50,39,7401,841,54258,138500
870,51,35,7350,857,54293,145900
871,33,37,7317,853,54330,139500
872,28,24,7289,857,54354,143800
873,54,32,7235,879,54386,142300
874,25,39,7210,865,54425,140300
875,38,47,7172,856,54472,150500
876,41,43,7131,854,54515,138800
877,38,35,7093,857,54550,144900
878,30,68,7063,819,54618,137200
879,36,36,7027,819,54654,143100
880,41,38,6986,822,54692,179900
881,33,38,6953,817,54730,155600
882,29,39,6924,807,54769,150900
883,39,43,6885,803,54812,144200
884,42,35,6843,810,54847,146100
885,31,41,6812,800,54888,156300
886,30,40,6782,790,54928,146300
887,48,38,6734,800,54966,147300
888,28,46,6706,782,55012,149200
889,32,37,6674,777,55049,139100
890,23,43,6651,757,55092,152400
891,40,25,6611,772,55117,137900
892,29,35,6582,766,55152,147200
893,32,38,6550,760,55190,150500
894,31,42,6519,749,55232,146800
895,34,45,6485,738,55277,141900
896,23,39,6462,722,55316,139000
897,33,40,6429,715,55356,144900
898,33,32,6396,716,55388,141700
899,32,34,6364,714,55422,138800
900,36,40,6328,710,55462,147800
901,34,42,6294,702,55504,139000
902,31,27,6263,706,55531,148600
903,47,38,6216,715,55569,145600
904,32,38,6184,709,55607,143500
905,41,36,6143,714,55643,145500
906,43,33,6100,724,55676,141000
907,37,33,6063,728,55709,149100
908,34,30,6029,732,55739,143200
909,28,40,6001,720,55779,136100
910,27,41,5974,706,55820,135100
911,24,29,5950,701,55849,143500
912,26,31,5924,696,55880,137700
913,33,36,5891,693,55916,138800
914,25,32,5866,686,55948,133400
915,28,35,5838,679,55983,143500
916,30,25,5808,684,56008,322600
917,31,25,5777,690,56033,140900
918,32,33,5745,689,56066,145100
919,37,35,5708,691,56101,148500
920,26,34,5682,683,56135,142400
921,36,38,5646,681,56173,147200
922,32,30,5614,683,56203,138600
923,33,39,5581,677,56242,144100
924,30,36,5551,671,56278,140400
925,27,28,5524,670,56306,135900
926,25,34,5499,661,56340,144500
927,34,28,5465,667,56368,144500
928,32,29,5433,670,56397,141000
929,29,37,5404,662,56434,129700
930,24,34,5380,652,56468,141300
931,23,31,5357,644,56499,144600
932,24,27,5333,641,56526,139300
933,34,25,5299,650,56551,141200
934,26,47,5273,629,56598,139700
935,24,34,5249,619,56632,141500
936,33,30,5216,622,56662,152300
937,30,25,5186,627,56687,141600
938,23,40,5163,610,56727,191600
939,18,38,5145,590,56765,145700
940,22,26,5123,586,56791,144500
941,20,26,5103,580,56817,136000
942,27,29,5076,578,56846,137700
943,34,29,5042,583,56875,145200
944,37,16,5005,604,56891,134900
945,27,32,4978,599,56923,133500
946,28,40,4950,587,56963,147000
947,28,26,4922,589,56989,144100
948,43,29,4879,603,57018,141900
949,36,31,4843,608,57049,134300
950,38,44,4805,602,57093,142000
951,33,21,4772,614,57114,151600
952,33,35,4739,612,57149,147300
953,31,36,4708,607,57185,162600
954,25,31,4683,601,57216,145500
955,33,32,4650,602,57248,137300
956,32,22,4618,612,57270,141300
957,26,29,4592,609,57299,141200
958,25,30,4567,604,57329,147500
959,25,24,4542,605,57353,136100
960,26,23,4516,608,57376,140000
961,37,31,4479,614,57407,144100
962,30,35,4449,609,57442,134000
963,36,33,4413,612,57475,141500
964,20,40,4393,592,57515,137300
965,43,17,4350,618,57532,142800
966,34,30,4316,622,57562,133800
967,36,20,4280,638,57582,152800
968,32,32,4248,638,57614,135800
969,22,36,4226,624,57650,142200
970,30,26,4196,628,57676,132000
971,23,35,4173,616,57711,140400
972,36,34,4137,618,57745,137800
973,29,28,4108,619,57773,143200
974,38,23,4070,634,57796,139100
975,24,36,4046,622,57832,134600
976,23,30,4023,615,57862,132700
977,30,32,3993,613,57894,144300
978,29,42,3964,600,57936,144900
979,16,26,3948,590,57962,139500
980,20,32,3928,578,57994,144600
981,25,23,3903,580,58017,140900
982,29,24,3874,585,58041,139000
983,30,28,3844,587,58069,136800
984,28,29,3816,586,58098,141800
985,24,26,3792,584,58124,145300
986,27,27,3765,584,58151,139500
987,21,26,3744,579,58177,137400
988,28,30,3716,577,58207,140500
989,18,32,3698,563,58239,137200
990,19,34,3679,548,58273,138400
991,22,24,3657,546,58297,250000
992,19,28,3638,537,58325,142200
993,15,24,3623,528,58349,140300
994,19,22,3604,525,58371,131600
995,21,24,3583,522,58395,136800
996,23,15,3560,530,58410,139500
997,22,25,3538,527,58435,136100
998,23,20,3515,530,58455,136600
999,22,21,3493,531,58476,136100
1000,18,23,3475,526,58499,137700
1001,22,26,3453,522,58525,143500
1002,16,27,3437,511,58552,133100
1003,29,31,3408,509,58583,136600
1004,15,16,3393,508,58599,147600
1005,31,26,3362,513,58625,140600
1006,19,26,3343,506,58651,142100
1007,20,22,3323,504,58673,133200
1008,18,24,3305,498,58697,132100
1009,16,29,3289,485,58726,139700
1010,13,26,3276,472,58752,139100
1011,16,28,3260,460,58780,132900
1012,14,18,3246,456,58798,137300
1013,21,26,3225,451,58824,136100
1014,13,21,3212,443,58845,134500
1015,21,24,3191,440,58869,134600
1016,19,16,3172,443,58885,138500
1017,23,23,3149,443,58908,133300
1018,14,23,3135,434,58931,131900
1019,23,24,3112,433,58955,141900
1020,19,26,3093,426,58981,138900
1021,19,22,3074,423,59003,144300
1022,21,21,3053,423,59024,133900
1023,15,19,3038,419,59043,135500
1024,14,21,3024,412,59064,132700
1025,19,26,3005,405,59090,133400
1026,11,22,2994,394,59112,135500
1027,14,21,2980,387,59133,136600
1028,17,18,2963,386,59151,138000
1029,15,14,2948,387,59165,134500
1030,17,15,2931,389,59180,142300
1031,26,28,2905,387,59208,138300
1032,11,20,2894,378,59228,130500
1033,13,24,2881,367,59252,135800
1034,12,21,2869,358,59273,135500
1035,12,24,2857,346,59297,153500
1036,17,17,2840,346,59314,131600
1037,17,17,2823,346,59331,133100
1038,16,21,2807,341,59352,135300
1039,12,15,2795,338,59367,139200
1040,13,13,2782,338,59380,134400
1041,13,15,2769,336,59395,128200
1042,14,15,2755,335,59410,130500
1043,11,15,2744,331,59425,148300
1044,10,21,2734,320,59446,131300
1045,16,19,2718,317,59465,134300
1046,13,12,2705,318,59477,135800
1047,19,12,2686,325,59489,135200
1048,15,11,2671,329,59500,184700
1049,14,14,2657,329,59514,146700
1050,17,16,2640,330,59530,141300
1051,11,16,2629,325,59546,138900
1052,17,16,2612,326,59562,139600
1053,15,15,2597,326,59577,141200
1054,17,15,2580,328,59592,135100
1055,17,17,2563,328,59609,142600
1056,12,9,2551,331,59618,141400
1057,8,17,2543,322,59635,139700
1058,15,22,2528,315,59657,147400
1059,10,14,2518,311,59671,140400
1060,17,14,2501,314,59685,150600
1061,6,8,2495,312,59693,149300
1062,8,17,2487,303,59710,138100
1063,14,17,2473,300,59727,135000
1064,9,11,2464,298,59738,139900
1065,6,13,2458,291,59751,130500
1066,12,14,2446,289,59765,138400
1067,10,19,2436,280,59784,133800
1068,11,9,2425,282,59793,154000
1069,10,13,2415,279,59806,146400
1070,11,13,2404,277,59819,135400
1071,13,16,2391,274,59835,141800
1072,17,18,2374,273,59853,140500
1073,10,9,2364,274,59862,144200
1074,20,20,2344,274,59882,148000
1075,13,7,2331,280,59889,142500
1076,16,13,2315,283,59902,139300
1077,14,7,2301,290,59909,143100
1078,11,14,2290,287,59923,137900
1079,20,18,2270,289,59941,136900
1080,17,15,2253,291,59956,137100
1081,19,14,2234,296,59970,129200
1082,17,11,2217,302,59981,138400
1083,13,6,2204,309,59987,151700
1084,14,17,2190,306,60004,138400
1085,17,21,2173,302,60025,148300
1086,16,19,2157,299,60044,132400
1087,12,11,2145,300,60055,132300
1088,18,15,2127,303,60070,138000
1089,16,16,2111,303,60086,145500
1090,15,17,2096,301,60103,143600
1091,19,12,2077,308,60115,133300
1092,13,10,2064,311,60125,145100
1093,18,11,2046,318,60136,125200
1094,8,10,2038,316,60146,128700
1095,10,24,2028,302,60170,143600
1096,16,12,2012,306,60182,134000
1097,12,12,2000,306,60194,130000
1098,11,15,1989,302,60209,140600
1099,14,15,1975,301,60224,144500
1100,17,12,1958,306,60236,134900
1101,17,9,1941,314,60245,140500
1102,16,20,1925,310,60265,133400
1103,17,15,1908,312,60280,137600
1104,8,15,1900,305,60295,137600
1105,17,16,1883,306,60311,140100
1106,14,7,1869,313,60318,141700
1107,15,13,1854,315,60331,149000
1108,10,14,1844,311,60345,139100
1109,12,20,1832,303,60365,131400
1110,13,14,1819,302,60379,137600
1111,10,14,1809,298,60393,134100
1112,11,12,1798,297,60405,141500
1113,10,9,1788,298,60414,145500
1114,12,11,1776,299,60425,139400
1115,20,18,1756,301,60443,140100
1116,14,18,1742,297,60461,135300
1117,9,16,1733,290,60477,138100
1118,12,15,1721,287,60492,134800
1119,14,14,1707,287,60506,131500
1120,11,10,1696,288,60516,140300
1121,9,10,1687,287,60526,139800
1122,18,13,1669,292,60539,143400
1123,16,13,1653,295,60552,141600
1124,12,12,1641,295,60564,164300
1125,18,20,1623,293,60584,135600
1126,15,14,1608,294,60598,133200
1127,10,11,1598,293,60609,130500
1128,5,10,1593,288,60619,135500
1129,15,14,1578,289,60633,138300
1130,15,15,1563,289,60648,139500
1131,4,16,1559,277,60664,143000
1132,12,16,1547,273,60680,141600
1133,17,13,1530,277,60693,130600
1134,15,13,1515,279,60706,144400
1135,14,20,1501,273,60726,133000
1136,9,12,1492,270,60738,131400
1137,8,9,1484,269,60747,131100
1138,9,7,1475,271,60754,137300
1139,9,16,1466,264,60770,133900
1140,7,19,1459,252,60789,128000
1141,5,13,1454,244,60802,154100
1142,6,9,1448,241,60811,136400
1143,7,17,1441,231,60828,141100
1144,6,16,1435,221,60844,135900
1145,9,9,1426,221,60853,141600
1146,8,15,1418,214,60868,170600
1147,7,10,1411,211,60878,134400
1148,4,11,1407,204,60889,139400
1149,7,10,1400,201,60899,130300
1150,6,8,1394,199,60907,128700
1151,5,7,1389,197,60914,134800
1152,11,8,1378,200,60922,127700
1153,7,5,1371,202,60927,136600
1154,6,10,1365,198,60937,132500
1155,8,17,1357,189,60954,142700
1156,9,14,1348,184,60968,136100
1157,5,7,1343,182,60975,128000
1158,9,11,1334,180,60986,130100
1159,12,8,1322,184,60994,129700
1160,9,10,1313,183,61004,153600
1161,10,6,1303,187,61010,150900
1162,7,5,1296,189,61015,139400
1163,5,7,1291,187,61022,138800
1164,12,7,1279,192,61029,157600
1165,10,10,1269,192,61039,130400
1166,13,6,1256,199,61045,154600
1167,10,11,1246,198,61056,145400
1168,11,15,1235,194,61071,146000
1169,5,8,1230,191,61079,130200
1170,13,12,1217,192,61091,144200
1171,7,6,1210,193,61097,135700
1172,9,16,1201,186,61113,128000
1173,10,4,1191,192,61117,133300
1174,11,14,1180,189,61131,136600
1175,11,8,1169,192,61139,130500
1176,8,11,1161,189,61150,131000
1177,9,7,1152,191,61157,133600
1178,8,10,1144,189,61167,132600
1179,4,9,1140,184,61176,128800
1180,8,10,1132,182,61186,137800
1181,8,8,1124,182,61194,134900
1182,9,10,1115,181,61204,138300
1183,10,10,1105,181,61214,136600
1184,11,15,1094,177,61229,138100
1185,8,13,1086,172,61242,137100
1186,10,6,1076,176,61248,144400
1187,7,12,1069,171,61260,140500
1188,7,7,1062,171,61267,175600
1189,7,14,1055,164,61281,184300
1190,6,3,1049,167,61284,185000
1191,3,12,1046,158,61296,181300
1192,6,12,1040,152,61308,207400
1193,3,9,1037,146,61317,182500
1194,2,6,1035,142,61323,158000
1195,4,7,1031,139,61330,170400
1196,5,2,1026,142,61332,167100
1197,0,4,1026,138,61336,176600
1198,4,11,1022,131,61347,169800
1199,2,6,1020,127,61353,168700
1200,2,10,1018,119,61363,170900
1201,1,6,1017,114,61369,157300
1202,4,2,1013,116,61371,166400
1203,3,7,1010,112,61378,163800
1204,2,5,1008,109,61383,159500
1205,5,4,1003,110,61387,178800
1206,3,4,1000,109,61391,170000
1207,5,5,995,109,61396,178900
1208,5,2,990,112,61398,180100
1209,2,8,988,106,61406,163500
1210,2,3,986,105,61409,168800
1211,1,4,985,102,61413,175300
1212,2,7,983,97,61420,155000
1213,3,6,980,94,61426,140600
1214,0,7,980,87,61433,139200
1215,1,2,979,86,61435,138300
1216,2,4,977,84,61439,146100
1217,1,5,976,80,61444,161100
1218,3,5,973,78,61449,142000
1219,0,3,973,75,61452,141900
1220,0,2,973,73,61454,139300
1221,1,5,972,69,61459,138800
1222,0,0,972,69,61459,137600
1223,0,5,972,64,61464,133100
1224,0,4,972,60,61468,129100
1225,0,4,972,56,61472,139700
1226,1,3,971,54,61475,130100
1227,0,1,971,53,61476,127800
1228,1,5,970,49,61481,131700
1229,0,5,970,44,61486,134600
1230,0,1,970,43,61487,131400
1231,1,1,969,43,61488,125400
1232,0,2,969,41,61490,126000
1233,0,4,969,37,61494,135600
1234,0,2,969,35,61496,129900
1235,0,2,969,33,61498,139500
1236,1,3,968,31,61501,123700
1237,0,1,968,30,61502,126100
1238,0,2,968,28,61504,126500
1239,0,1,968,27,61505,126400
1240,0,0,968,27,61505,129500
1241,0,1,968,26,61506,127300
1242,0,1,968,25,61507,130300
1243,0,0,968,25,61507,127400
1244,0,1,968,24,61508,127100
1245,0,1,968,23,61509,123400
1246,0,0,968,23,61509,128600
1247,0,0,968,23,61509,130100
1248,0,1,968,22,61510,127900
1249,0,3,968,19,61513,134800
1250,0,0,968,19,61513,141900
1251,0,0,968,19,61513,133900
1252,0,0,968,19,61513,128200
1253,0,0,968,19,61513,128600
1254,0,2,968,17,61515,120700
1255,0,2,968,15,61517,128200
1256,0,0,968,15,61517,135500
1257,0,0,968,15,61517,174500
1258,0,1,968,14,61518,125200
1259,0,0,968,14,61518,128100
1260,0,0,968,14,61518,132900
1261,0,1,968,13,61519,131600
1262,0,0,968,13,61519,133700
1263,0,0,968,13,61519,132300
1264,0,4,968,9,61523,139600
1265,0,1,968,8,61524,163900
1266,0,0,968,8,61524,137700
1267,0,0,968,8,61524,132000
1268,0,2,968,6,61526,130200
1269,0,0,968,6,61526,135700
1270,0,0,968,6,61526,245200
1271,0,0,968,6,61526,146000
1272,0,0,968,6,61526,138000
1273,0,0,968,6,61526,130700
1274,0,0,968,6,61526,133000
1275,0,0,968,6,61526,142700
1276,0,0,968,6,61526,145300
1277,0,1,968,5,61527,142800
1278,0,1,968,4,61528,143700
1279,0,1,968,3,61529,141900
1280,0,0,968,3,61529,143100
1281,0,0,968,3,61529,141600
1282,0,0,968,3,61529,137500
1283,0,0,968,3,61529,124100
1284,0,0,968,3,61529,126000
1285,0,0,968,3,61529,129900
1286,0,0,968,3,61529,135900
1287,0,0,968,3,61529,131300
1288,0,0,968,3,61529,122800
1289,0,0,968,3,61529,133400
1290,0,0,968,3,61529,124800
1291,0,0,968,3,61529,124200
1292,0,1,968,2,61530,134300
1293,0,0,968,2,61530,130300
1294,0,0,968,2,61530,129800
1295,0,1,968,1,61531,241100
1296,0,0,968,1,61531,139000
1297,0,0,968,1,61531,145200
1298,0,0,968,1,61531,133500
1299,0,0,968,1,61531,139300
1300,0,0,968,1,61531,133300
1301,0,0,968,1,61531,137000
1302,0,0,968,1,61531,130500
1303,0,0,968,1,61531,131600
1304,0,0,968,1,61531,126800
1305,0,0,968,1,61531,129500
1306,0,0,968,1,61531,132400
1307,0,0,968,1,61531,141200
1308,0,0,968,1,61531,156400
1309,0,0,968,1,61531,147100
1310,0,0,968,1,61531,138800
1311,0,0,968,1,61531,141600
1312,0,0,968,1,61531,147300
1313,0,0,968,1,61531,135700
1314,0,0,968,1,61531,139600
1315,0,0,968,1,61531,127500
1316,0,0,968,1,61531,131400
1317,0,0,968,1,61531,132800
1318,0,0,968,1,61531,133700
1319,0,0,968,1,61531,132000
1320,0,0,968,1,61531,125300
1321,0,0,968,1,61531,126400
1322,0,0,968,1,61531,125000
1323,0,0,968,1,61531,122500
1324,0,0,968,1,61531,126800
1325,0,0,968,1,61531,132200
1326,0,1,968,0,61532,140600
