Tick,NewlyInfected,NewlyRecovered,TotalSusceptible,TotalInfected,TotalRecovered,StepTimeNanos
0,5,0,62490,10,0,578700
1,2,0,62488,12,0,151300
2,1,3,62487,10,3,134000
3,6,0,62481,16,3,126200
4,7,0,62474,23,3,130800
5,3,1,62471,25,4,127200
6,5,2,62466,28,6,162400
7,6,1,62460,33,7,125300
8,4,3,62456,34,10,130100
9,9,0,62447,43,10,152300
10,7,4,62440,46,14,126900
11,9,2,62431,53,16,129100
12,5,1,62426,57,17,132200
13,7,4,62419,60,21,131900
14,10,2,62409,68,23,150700
15,7,4,62402,71,27,151500
16,14,6,62388,79,33,140900
17,16,3,62372,92,36,140700
18,11,1,62361,102,37,133000
19,10,5,62351,107,42,126500
20,18,3,62333,122,45,147000
21,17,5,62316,134,50,127800
22,15,7,62301,142,57,124100
23,10,12,62291,140,69,148300
24,15,9,62276,146,78,188100
25,6,9,62270,143,87,170500
26,16,9,62254,150,96,135300
27,14,10,62240,154,106,140000
28,10,9,62230,155,115,133600
29,16,10,62214,161,125,172700
30,12,6,62202,167,131,132800
31,15,6,62187,176,137,128600
32,15,7,62172,184,144,134600
33,13,5,62159,192,149,132300
34,22,17,62137,197,166,131600
35,23,12,62114,208,178,135100
36,16,6,62098,218,184,322100
37,23,5,62075,236,189,161700
38,23,8,62052,251,197,150000
39,22,9,62030,264,206,164700
40,20,7,62010,277,213,144700
41,28,12,61982,293,225,149900
42,19,19,61963,293,244,138300
43,25,18,61938,300,262,133600
44,18,15,61920,303,277,160700
45,29,14,61891,318,291,137200
46,24,14,61867,328,305,138400
47,31,19,61836,340,324,133200
48,39,15,61797,364,339,129400
49,28,13,61769,379,352,132900
50,33,13,61736,399,365,137400
51,30,17,61706,412,382,133700
52,33,20,61673,425,402,136700
53,33,23,61640,435,425,135000
54,42,18,61598,459,443,133100
55,37,24,61561,472,467,130900
56,43,18,61518,497,485,135800
57,30,31,61488,496,516,137400
58,30,25,61458,501,541,135700
59,40,28,61418,513,569,132600
60,44,21,61374,536,590,150600
61,34,29,61340,541,619,161700
62,28,26,61312,543,645,140100
63,43,26,61269,560,671,163300
64,39,30,61230,569,701,145800
65,40,21,61190,588,722,143700
66,33,31,61157,590,753,138300
67,46,29,61111,607,782,136500
68,44,30,61067,621,812,141100
69,43,23,61024,641,835,138400
70,48,33,60976,656,868,145500
71,55,36,60921,675,904,140500
72,34,33,60887,676,937,140800
73,32,26,60855,682,963,148900
74,38,30,60817,690,993,142500
75,36,32,60781,694,1025,137900
76,55,29,60726,720,1054,135500
77,38,34,60688,724,1088,137900
78,45,35,60643,734,1123,151300
79,41,42,60602,733,1165,154100
80,49,49,60553,733,1214,149400
81,38,38,60515,733,1252,150400
82,40,38,60475,735,1290,142000
83,40,38,60435,737,1328,141600
84,54,40,60381,751,1368,152700
85,47,45,60334,753,1413,154700
86,44,33,60290,764,1446,151100
87,45,36,60245,773,1482,140300
88,38,33,60207,778,1515,136100
89,49,36,60158,791,1551,137900
90,54,39,60104,806,1590,133500
91,60,35,60044,831,1625,140600
92,42,42,60002,831,1667,138800
93,37,31,59965,837,1698,138800
94,50,39,59915,848,1737,140700
95,53,43,59862,858,1780,142600
96,37,44,59825,851,1824,145100
97,53,31,59772,873,1855,149900
98,44,53,59728,864,1908,150100
99,54,44,59674,874,1952,150100
100,32,42,59642,864,1994,146200
101,52,57,59590,859,2051,152700
102,42,44,59548,857,2095,138700
103,46,42,59502,861,2137,145600
104,39,48,59463,852,2185,182700
105,47,46,59416,853,2231,149000
106,37,49,59379,841,2280,141800
107,39,52,59340,828,2332,141900
108,56,45,59284,839,2377,158300
109,43,42,59241,840,2419,151500
110,44,48,59197,836,2467,138200
111,43,46,59154,833,2513,148000
112,52,41,59102,844,2554,146700
113,47,36,59055,855,2590,146900
114,50,42,59005,863,2632,142300
115,42,44,58963,861,2676,138700
116,42,41,58921,862,2717,147300
117,47,38,58874,871,2755,151800
118,55,43,58819,883,2798,144300
119,57,48,58762,892,2846,141500
120,52,43,58710,901,2889,149900
121,67,37,58643,931,2926,153200
122,59,48,58584,942,2974,139400
123,52,45,58532,949,3019,143600
124,55,51,58477,953,3070,147500
125,60,54,58417,959,3124,148400
126,68,35,58349,992,3159,143000
127,57,30,58292,1019,3189,139800
128,65,59,58227,1025,3248,143600
129,60,50,58167,1035,3298,142500
130,65,54,58102,1046,3352,141400
131,82,50,58020,1078,3402,146300
132,68,60,57952,1086,3462,279800
133,62,51,57890,1097,3513,161400
134,68,39,57822,1126,3552,154300
135,75,53,57747,1148,3605,168800
136,74,55,57673,1167,3660,146300
137,59,55,57614,1171,3715,150900
138,72,62,57542,1181,3777,147400
139,61,63,57481,1179,3840,146500
140,70,49,57411,1200,3889,156300
141,64,63,57347,1201,3952,150800
142,58,61,57289,1198,4013,171200
143,58,54,57231,1202,4067,155800
144,49,51,57182,1200,4118,153000
145,67,58,57115,1209,4176,148700
146,58,57,57057,1210,4233,151600
147,63,52,56994,1221,4285,151400
148,53,59,56941,1215,4344,162100
149,70,66,56871,1219,4410,162200
150,54,68,56817,1205,4478,167000
151,56,48,56761,1213,4526,153700
152,46,43,56715,1216,4569,152800
153,52,76,56663,1192,4645,134900
154,47,58,56616,1181,4703,144800
155,48,66,56568,1163,4769,149400
156,47,60,56521,1150,4829,149400
157,49,58,56472,1141,4887,147800
158,64,59,56408,1146,4946,150900
159,55,56,56353,1145,5002,144200
160,61,69,56292,1137,5071,151700
161,43,67,56249,1113,5138,145200
162,41,57,56208,1097,5195,155900
163,60,57,56148,1100,5252,143700
164,53,54,56095,1099,5306,149600
165,64,57,56031,1106,5363,154800
166,61,55,55970,1112,5418,144400
167,55,43,55915,1124,5461,142300
168,54,58,55861,1120,5519,151500
169,74,50,55787,1144,5569,159000
170,65,60,55722,1149,5629,181900
171,69,49,55653,1169,5678,154700
172,57,58,55596,1168,5736,169600
173,69,62,55527,1175,5798,161700
174,67,61,55460,1181,5859,160000
175,66,56,55394,1191,5915,150400
176,68,56,55326,1203,5971,158500
177,51,51,55275,1203,6022,155600
178,71,49,55204,1225,6071,157200
179,62,62,55142,1225,6133,155400
180,68,69,55074,1224,6202,153700
181,84,61,54990,1247,6263,180900
182,92,60,54898,1279,6323,182800
183,61,74,54837,1266,6397,210100
184,61,56,54776,1271,6453,161900
185,65,57,54711,1279,6510,154000
186,59,66,54652,1272,6576,145400
187,67,55,54585,1284,6631,149100
188,68,57,54517,1295,6688,149200
189,58,65,54459,1288,6753,145000
190,73,65,54386,1296,6818,144600
191,80,72,54306,1304,6890,156000
192,98,81,54208,1321,6971,144300
193,73,87,54135,1307,7058,171800
194,74,65,54061,1316,7123,153300
195,75,54,53986,1337,7177,139000
196,79,78,53907,1338,7255,149000
197,76,73,53831,1341,7328,152500
198,67,81,53764,1327,7409,153600
199,86,67,53678,1346,7476,195100
200,100,80,53578,1366,7556,168700
201,81,78,53497,1369,7634,164700
202,94,69,53403,1394,7703,150900
203,92,67,53311,1419,7770,152700
204,84,77,53227,1426,7847,151900
205,78,76,53149,1428,7923,166900
206,84,73,53065,1439,7996,161700
207,72,69,52993,1442,8065,150500
208,89,75,52904,1456,8140,153800
209,82,71,52822,1467,8211,159900
210,91,63,52731,1495,8274,154200
211,96,94,52635,1497,8368,158600
212,113,67,52522,1543,8435,161800
213,94,80,52428,1557,8515,157900
214,94,66,52334,1585,8581,154800
215,106,97,52228,1594,8678,158000
216,92,86,52136,1600,8764,152700
217,69,78,52067,1591,8842,154900
218,92,77,51975,1606,8919,156100
219,92,80,51883,1618,8999,149000
220,88,76,51795,1630,9075,150300
221,91,82,51704,1639,9157,162300
222,82,74,51622,1647,9231,163300
223,87,83,51535,1651,9314,163100
224,92,69,51443,1674,9383,167700
225,100,89,51343,1685,9472,171800
226,78,80,51265,1683,9552,160100
227,86,79,51179,1690,9631,164700
228,85,88,51094,1687,9719,187400
229,79,90,51015,1676,9809,235300
230,101,83,50914,1694,9892,167700
231,91,100,50823,1685,9992,163900
232,98,82,50725,1701,10074,169900
233,101,78,50624,1724,10152,168600
234,108,91,50516,1741,10243,162000
235,99,93,50417,1747,10336,151800
236,112,85,50305,1774,10421,161400
237,95,100,50210,1769,10521,161800
238,102,106,50108,1765,10627,153600
239,103,98,50005,1770,10725,162200
240,105,98,49900,1777,10823,167400
241,89,79,49811,1787,10902,155500
242,102,91,49709,1798,10993,206000
243,111,99,49598,1810,11092,173900
244,96,84,49502,1822,11176,184500
245,113,94,49389,1841,11270,162100
246,98,93,49291,1846,11363,187000
247,81,95,49210,1832,11458,159800
248,111,76,49099,1867,11534,157600
249,102,100,48997,1869,11634,152600
250,83,91,48914,1861,11725,163500
251,103,71,48811,1893,11796,148900
252,113,99,48698,1907,11895,164800
253,97,93,48601,1911,11988,218200
254,104,84,48497,1931,12072,175800
255,109,86,48388,1954,12158,169100
256,113,106,48275,1961,12264,170600
257,127,104,48148,1984,12368,192900
258,105,104,48043,1985,12472,188900
259,98,104,47945,1979,12576,153700
260,129,78,47816,2030,12654,158700
261,122,102,47694,2050,12756,150900
262,106,117,47588,2039,12873,162700
263,110,108,47478,2041,12981,162400
264,117,107,47361,2051,13088,162500
265,131,117,47230,2065,13205,159000
266,127,110,47103,2082,13315,167700
267,109,101,46994,2090,13416,157500
268,102,98,46892,2094,13514,164600
269,114,111,46778,2097,13625,167700
270,125,112,46653,2110,13737,166800
271,113,108,46540,2115,13845,165500
272,120,101,46420,2134,13946,178900
273,117,97,46303,2154,14043,155200
274,103,131,46200,2126,14174,168000
275,134,91,46066,2169,14265,165400
276,123,107,45943,2185,14372,163600
277,137,110,45806,2212,14482,170300
278,105,118,45701,2199,14600,168700
279,118,109,45583,2208,14709,166700
280,120,106,45463,2222,14815,151700
281,119,107,45344,2234,14922,156300
282,137,117,45207,2254,15039,186400
283,134,101,45073,2287,15140,154400
284,106,119,44967,2274,15259,161000
285,137,100,44830,2311,15359,157300
286,115,115,44715,2311,15474,169300
287,117,107,44598,2321,15581,153300
288,116,120,44482,2317,15701,159600
289,144,114,44338,2347,15815,168000
290,112,110,44226,2349,15925,158000
291,128,99,44098,2378,16024,166100
292,129,117,43969,2390,16141,159100
293,121,120,43848,2391,16261,172000
294,112,109,43736,2394,16370,155500
295,128,112,43608,2410,16482,173400
296,122,126,43486,2406,16608,174900
297,135,145,43351,2396,16753,173200
298,138,123,43213,2411,16876,165600
299,119,141,43094,2389,17017,162400
300,117,115,42977,2391,17132,177500
301,137,135,42840,2393,17267,178400
302,129,116,42711,2406,17383,177000
303,148,121,42563,2433,17504,174700
304,137,117,42426,2453,17621,206800
305,137,118,42289,2472,17739,224300
306,120,121,42169,2471,17860,175600
307,120,120,42049,2471,17980,168400
308,138,120,41911,2489,18100,174900
309,108,128,41803,2469,18228,159500
310,123,127,41680,2465,18355,172800
311,132,120,41548,2477,18475,178100
312,109,110,41439,2476,18585,174300
313,127,136,41312,2467,18721,159800
314,116,114,41196,2469,18835,156900
315,106,146,41090,2429,18981,171700
316,111,136,40979,2404,19117,158900
317,123,134,40856,2393,19251,156600
318,111,122,40745,2382,19373,149900
319,126,114,40619,2394,19487,177500
320,113,133,40506,2374,19620,166100
321,93,121,40413,2346,19741,215900
322,105,107,40308,2344,19848,237000
323,108,109,40200,2343,19957,376800
324,142,113,40058,2372,20070,789300
325,101,117,39957,2356,20187,264100
326,104,103,39853,2357,20290,252400
327,120,123,39733,2354,20413,216400
328,109,133,39624,2330,20546,208000
329,96,109,39528,2317,20655,247400
330,98,123,39430,2292,20778,209600
331,118,107,39312,2303,20885,205000
332,113,108,39199,2308,20993,264600
333,132,108,39067,2332,21101,193300
334,91,106,38976,2317,21207,194400
335,114,123,38862,2308,21330,184400
336,113,118,38749,2303,21448,174400
337,102,141,38647,2264,21589,162000
338,112,119,38535,2257,21708,169500
339,89,115,38446,2231,21823,169500
340,95,112,38351,2214,21935,171900
341,104,122,38247,2196,22057,166400
342,110,121,38137,2185,22178,155200
343,111,92,38026,2204,22270,157600
344,93,93,37933,2204,22363,179100
345,96,99,37837,2201,22462,169900
346,89,118,37748,2172,22580,168500
347,88,102,37660,2158,22682,162000
348,100,119,37560,2139,22801,198900
349,100,113,37460,2126,22914,166900
350,103,117,37357,2112,23031,170800
351,91,116,37266,2087,23147,160200
352,100,105,37166,2082,23252,171000
353,109,115,37057,2076,23367,162100
354,97,105,36960,2068,23472,158400
355,93,85,36867,2076,23557,152000
356,86,90,36781,2072,23647,163800
357,114,117,36667,2069,23764,173900
358,90,105,36577,2054,23869,170600
359,100,110,36477,2044,23979,181200
360,78,105,36399,2017,24084,177600
361,84,116,36315,1985,24200,168000
362,84,102,36231,1967,24302,165200
363,86,106,36145,1947,24408,168900
364,78,98,36067,1927,24506,153500
365,82,99,35985,1910,24605,158300
366,86,102,35899,1894,24707,157500
367,86,83,35813,1897,24790,158900
368,81,91,35732,1887,24881,183200
369,85,99,35647,1873,24980,170700
370,72,113,35575,1832,25093,177100
371,82,97,35493,1817,25190,163400
372,84,86,35409,1815,25276,156800
373,66,90,35343,1791,25366,161700
374,72,91,35271,1772,25457,161500
375,71,94,35200,1749,25551,159200
376,71,100,35129,1720,25651,157500
377,69,74,35060,1715,25725,164900
378,71,85,34989,1701,25810,165200
379,70,77,34919,1694,25887,164100
380,87,93,34832,1688,25980,158800
381,81,77,34751,1692,26057,167600
382,79,63,34672,1708,26120,174100
383,74,75,34598,1707,26195,162000
384,91,85,34507,1713,26280,187200
385,87,96,34420,1704,26376,161100
386,86,81,34334,1709,26457,147800
387,73,70,34261,1712,26527,166500
388,64,95,34197,1681,26622,156100
389,79,81,34118,1679,26703,152100
390,73,84,34045,1668,26787,157000
391,66,81,33979,1653,26868,154700
392,76,70,33903,1659,26938,154700
393,72,91,33831,1640,27029,166700
394,72,88,33759,1624,27117,151800
395,58,85,33701,1597,27202,192700
396,80,90,33621,1587,27292,164200
397,69,85,33552,1571,27377,159500
398,62,80,33490,1553,27457,167800
399,66,71,33424,1548,27528,171000
400,77,83,33347,1542,27611,169300
401,84,85,33263,1541,27696,157700
402,69,87,33194,1523,27783,156500
403,76,87,33118,1512,27870,150700
404,79,71,33039,1520,27941,153400
405,72,75,32967,1517,28016,151300
406,75,80,32892,1512,28096,153700
407,73,80,32819,1505,28176,173400
408,81,75,32738,1511,28251,148400
409,73,85,32665,1499,28336,151800
410,89,71,32576,1517,28407,151100
411,69,85,32507,1501,28492,154300
412,76,70,32431,1507,28562,152300
413,80,65,32351,1522,28627,147200
414,64,66,32287,1520,28693,147500
415,73,69,32214,1524,28762,146200
416,97,92,32117,1529,28854,159400
417,71,74,32046,1526,28928,153900
418,63,74,31983,1515,29002,145500
419,69,84,31914,1500,29086,157500
420,71,72,31843,1499,29158,150600
421,65,88,31778,1476,29246,137000
422,70,85,31708,1461,29331,161400
423,66,65,31642,1462,29396,177100
424,60,60,31582,1462,29456,172200
425,61,66,31521,1457,29522,212100
426,75,69,31446,1463,29591,160100
427,59,81,31387,1441,29672,159800
428,67,67,31320,1441,29739,189400
429,76,87,31244,1430,29826,153600
430,59,64,31185,1425,29890,147900
431,64,67,31121,1422,29957,152700
432,67,64,31054,1425,30021,149700
433,59,76,30995,1408,30097,157500
434,69,73,30926,1404,30170,156700
435,58,53,30868,1409,30223,151000
436,62,78,30806,1393,30301,143400
437,82,79,30724,1396,30380,149600
438,49,69,30675,1376,30449,156000
439,55,73,30620,1358,30522,143300
440,66,72,30554,1352,30594,149100
441,69,71,30485,1350,30665,149700
442,66,71,30419,1345,30736,158100
443,57,76,30362,1326,30812,152300
444,65,67,30297,1324,30879,156600
445,61,57,30236,1328,30936,147000
446,68,75,30168,1321,31011,202600
447,72,60,30096,1333,31071,157200
448,62,79,30034,1316,31150,149500
449,75,75,29959,1316,31225,162900
450,67,69,29892,1314,31294,188300
451,66,70,29826,1310,31364,165500
452,71,65,29755,1316,31429,174300
453,67,62,29688,1321,31491,169300
454,62,56,29626,1327,31547,158400
455,81,61,29545,1347,31608,160900
456,73,62,29472,1358,31670,150900
457,59,67,29413,1350,31737,145700
458,57,65,29356,1342,31802,146300
459,59,68,29297,1333,31870,138800
460,66,61,29231,1338,31931,172000
461,64,72,29167,1330,32003,147700
462,48,68,29119,1310,32071,142400
463,73,63,29046,1320,32134,142100
464,66,62,28980,1324,32196,148600
465,64,69,28916,1319,32265,167400
466,67,67,28849,1319,32332,145700
467,64,67,28785,1316,32399,143600
468,84,72,28701,1328,32471,146900
469,67,63,28634,1332,32534,141000
470,65,63,28569,1334,32597,147000
471,65,62,28504,1337,32659,142600
472,56,68,28448,1325,32727,144700
473,66,59,28382,1332,32786,139300
474,82,70,28300,1344,32856,140900
475,56,73,28244,1327,32929,141400
476,57,60,28187,1324,32989,140000
477,75,55,28112,1344,33044,149700
478,54,63,28058,1335,33107,153500
479,50,64,28008,1321,33171,221800
480,71,71,27937,1321,33242,176900
481,63,80,27874,1304,33322,224900
482,63,65,27811,1302,33387,163900
483,63,60,27748,1305,33447,147400
484,67,70,27681,1302,33517,152900
485,65,56,27616,1311,33573,139600
486,66,68,27550,1309,33641,144300
487,48,70,27502,1287,33711,143300
488,60,52,27442,1295,33763,146200
489,81,59,27361,1317,33822,150100
490,77,53,27284,1341,33875,142400
491,77,69,27207,1349,33944,142400
492,64,69,27143,1344,34013,139500
493,58,73,27085,1329,34086,144300
494,71,62,27014,1338,34148,143600
495,84,67,26930,1355,34215,143200
496,63,87,26867,1331,34302,149100
497,64,72,26803,1323,34374,172800
498,71,60,26732,1334,34434,148200
499,52,73,26680,1313,34507,147300
500,87,76,26593,1324,34583,143200
501,64,66,26529,1322,34649,149000
502,61,67,26468,1316,34716,144500
503,72,62,26396,1326,34778,158700
504,84,59,26312,1351,34837,144200
505,55,68,26257,1338,34905,146500
506,74,63,26183,1349,34968,142700
507,64,72,26119,1341,35040,141000
508,45,56,26074,1330,35096,187000
509,72,67,26002,1335,35163,174700
510,71,76,25931,1330,35239,166500
511,64,63,25867,1331,35302,153400
512,65,50,25802,1346,35352,154900
513,52,68,25750,1330,35420,161600
514,57,60,25693,1327,35480,154100
515,74,64,25619,1337,35544,149000
516,56,75,25563,1318,35619,180500
517,66,72,25497,1312,35691,145200
518,57,55,25440,1314,35746,147500
519,66,53,25374,1327,35799,149900
520,56,79,25318,1304,35878,146000
521,54,63,25264,1295,35941,146400
522,50,65,25214,1280,36006,146700
523,53,53,25161,1280,36059,141500
524,67,62,25094,1285,36121,143600
525,54,51,25040,1288,36172,265200
526,55,63,24985,1280,36235,159500
527,56,69,24929,1267,36304,152000
528,74,60,24855,1281,36364,151600
529,57,68,24798,1270,36432,149000
530,68,65,24730,1273,36497,149900
531,63,65,24667,1271,36562,148300
532,62,59,24605,1274,36621,145900
533,61,62,24544,1273,36683,145700
534,54,56,24490,1271,36739,149400
535,58,68,24432,1261,36807,182100
536,59,64,24373,1256,36871,168500
537,64,46,24309,1274,36917,161900
538,67,85,24242,1256,37002,173600
539,57,55,24185,1258,37057,176200
540,68,51,24117,1275,37108,172200
541,63,79,24054,1259,37187,150200
542,53,72,24001,1240,37259,150100
543,53,59,23948,1234,37318,149100
544,60,60,23888,1234,37378,147700
545,69,59,23819,1244,37437,158000
546,63,66,23756,1241,37503,150400
547,64,72,23692,1233,37575,147500
548,53,55,23639,1231,37630,152000
549,51,70,23588,1212,37700,147900
550,58,69,23530,1201,37769,151400
551,54,46,23476,1209,37815,143400
552,65,56,23411,1218,37871,149300
553,63,61,23348,1220,37932,146300
554,62,54,23286,1228,37986,147100
555,66,48,23220,1246,38034,144800
556,61,54,23159,1253,38088,146300
557,55,55,23104,1253,38143,145600
558,57,51,23047,1259,38194,156200
559,73,68,22974,1264,38262,136500
560,63,66,22911,1261,38328,173200
561,62,52,22849,1271,38380,142900
562,70,71,22779,1270,38451,142600
563,71,65,22708,1276,38516,145100
564,53,61,22655,1268,38577,148200
565,59,59,22596,1268,38636,142900
566,42,65,22554,1245,38701,194500
567,65,67,22489,1243,38768,176100
568,72,69,22417,1246,38837,174200
569,48,60,22369,1234,38897,151800
570,72,51,22297,1255,38948,154600
571,56,69,22241,1242,39017,153100
572,67,59,22174,1250,39076,153900
573,67,74,22107,1243,39150,141600
574,51,62,22056,1232,39212,153300
575,67,55,21989,1244,39267,149100
576,66,55,21923,1255,39322,167000
577,50,62,21873,1243,39384,140000
578,70,68,21803,1245,39452,150900
579,65,45,21738,1265,39497,147200
580,63,62,21675,1266,39559,169000
581,59,46,21616,1279,39605,146200
582,61,71,21555,1269,39676,167800
583,53,61,21502,1261,39737,148400
584,61,77,21441,1245,39814,156700
585,58,56,21383,1247,39870,142700
586,61,63,21322,1245,39933,145800
587,55,64,21267,1236,39997,153100
588,53,72,21214,1217,40069,156400
589,52,65,21162,1204,40134,145700
590,52,71,21110,1185,40205,148500
591,51,58,21059,1178,40263,145000
592,61,52,20998,1187,40315,143600
593,47,54,20951,1180,40369,155500
594,54,60,20897,1174,40429,148000
595,46,60,20851,1160,40489,149100
596,52,67,20799,1145,40556,171400
597,55,65,20744,1135,40621,206000
598,49,54,20695,1130,40675,183600
599,50,58,20645,1122,40733,171900
600,50,58,20595,1114,40791,185200
601,41,58,20554,1097,40849,159600
602,51,47,20503,1101,40896,149400
603,64,51,20439,1114,40947,156000
604,69,71,20370,1112,41018,158500
605,48,46,20322,1114,41064,191800
606,56,61,20266,1109,41125,161300
607,59,56,20207,1112,41181,169200
608,52,50,20155,1114,41231,157000
609,47,63,20108,1098,41294,157100
610,66,53,20042,1111,41347,153600
611,67,58,19975,1120,41405,157400
612,56,41,19919,1135,41446,162200
613,53,73,19866,1115,41519,160400
614,55,53,19811,1117,41572,154300
615,53,67,19758,1103,41639,152900
616,53,55,19705,1101,41694,150400
617,49,50,19656,1100,41744,178100
618,44,51,19612,1093,41795,155500
619,48,64,19564,1077,41859,150100
620,49,58,19515,1068,41917,177300
621,59,46,19456,1081,41963,156800
622,57,49,19399,1089,42012,162300
623,48,53,19351,1084,42065,158200
624,46,66,19305,1064,42131,153400
625,45,60,19260,1049,42191,159800
626,44,49,19216,1044,42240,159200
627,49,44,19167,1049,42284,160600
628,47,51,19120,1045,42335,181400
629,42,52,19078,1035,42387,161500
630,40,65,19038,1010,42452,170500
631,40,40,18998,1010,42492,158900
632,47,52,18951,1005,42544,154800
633,50,48,18901,1007,42592,150600
634,58,54,18843,1011,42646,159400
635,51,46,18792,1016,42692,140600
636,50,64,18742,1002,42756,153300
637,45,35,18697,1012,42791,149500
638,59,55,18638,1016,42846,149800
639,48,44,18590,1020,42890,147000
640,49,51,18541,1018,42941,141300
641,43,42,18498,1019,42983,142500
642,35,54,18463,1000,43037,136800
643,63,74,18400,989,43111,147800
644,48,63,18352,974,43174,162000
645,68,46,18284,996,43220,164500
646,50,50,18234,996,43270,162200
647,52,45,18182,1003,43315,162700
648,49,59,18133,993,43374,161300
649,47,53,18086,987,43427,154500
650,52,45,18034,994,43472,154500
651,59,51,17975,1002,43523,153000
652,42,47,17933,997,43570,197000
653,52,55,17881,994,43625,156300
654,54,40,17827,1008,43665,152400
655,54,50,17773,1012,43715,166000
656,51,54,17722,1009,43769,356300
657,55,60,17667,1004,43829,157100
658,51,45,17616,1010,43874,161000
659,57,47,17559,1020,43921,157000
660,65,51,17494,1034,43972,142700
661,59,48,17435,1045,44020,144200
662,55,49,17380,1051,44069,138200
663,56,39,17324,1068,44108,137800
664,56,53,17268,1071,44161,144200
665,63,61,17205,1073,44222,143200
666,68,47,17137,1094,44269,153800
667,61,53,17076,1102,44322,149200
668,45,49,17031,1098,44371,148300
669,68,48,16963,1118,44419,149200
670,51,54,16912,1115,44473,183000
671,53,60,16859,1108,44533,158500
672,62,61,16797,1109,44594,140700
673,54,57,16743,1106,44651,137400
674,48,58,16695,1096,44709,147500
675,55,59,16640,1092,44768,138200
676,58,50,16582,1100,44818,141800
677,61,50,16521,1111,44868,155200
678,57,63,16464,1105,44931,141800
679,61,53,16403,1113,44984,138900
680,65,52,16338,1126,45036,149800
681,56,58,16282,1124,45094,151300
682,59,57,16223,1126,45151,152500
683,64,54,16159,1136,45205,173300
684,57,57,16102,1136,45262,154800
685,61,50,16041,1147,45312,153100
686,62,50,15979,1159,45362,149300
687,56,61,15923,1154,45423,144600
688,42,50,15881,1146,45473,137600
689,53,68,15828,1131,45541,152700
690,49,53,15779,1127,45594,174200
691,59,60,15720,1126,45654,170900
692,43,59,15677,1110,45713,168900
693,52,57,15625,1105,45770,166700
694,56,54,15569,1107,45824,158700
695,48,59,15521,1096,45883,146800
696,53,57,15468,1092,45940,151600
697,48,54,15420,1086,45994,147600
698,52,49,15368,1089,46043,151700
699,38,63,15330,1064,46106,154400
700,49,54,15281,1059,46160,146400
701,50,45,15231,1064,46205,137900
702,55,59,15176,1060,46264,145100
703,45,48,15131,1057,46312,149100
704,42,61,15089,1038,46373,203200
705,52,60,15037,1030,46433,147500
706,44,51,14993,1023,46484,141100
707,36,55,14957,1004,46539,147100
708,45,43,14912,1006,46582,144300
709,55,52,14857,1009,46634,145900
710,47,42,14810,1014,46676,178000
711,35,59,14775,990,46735,150300
712,40,57,14735,973,46792,146800
713,41,55,14694,959,46847,153800
714,47,57,14647,949,46904,144600
715,33,62,14614,920,46966,146400
716,50,40,14564,930,47006,136100
717,50,41,14514,939,47047,155600
718,46,38,14468,947,47085,142300
719,38,50,14430,935,47135,150000
720,38,46,14392,927,47181,143000
721,52,41,14340,938,47222,147100
722,42,52,14298,928,47274,253500
723,57,46,14241,939,47320,161800
724,39,55,14202,923,47375,160300
725,47,42,14155,928,47417,167800
726,41,51,14114,918,47468,151400
727,50,51,14064,917,47519,156700
728,44,44,14020,917,47563,150800
729,50,48,13970,919,47611,141100
730,46,40,13924,925,47651,143700
731,55,44,13869,936,47695,141300
732,46,51,13823,931,47746,146000
733,47,47,13776,931,47793,138200
734,61,39,13715,953,47832,143800
735,43,55,13672,941,47887,140600
736,49,45,13623,945,47932,147300
737,56,51,13567,950,47983,142800
738,59,58,13508,951,48041,173500
739,49,59,13459,941,48100,144500
740,50,49,13409,942,48149,133700
741,51,51,13358,942,48200,142000
742,43,44,13315,941,48244,142000
743,64,50,13251,955,48294,147500
744,62,43,13189,974,48337,170100
745,47,36,13142,985,48373,143500
746,46,44,13096,987,48417,138800
747,48,59,13048,976,48476,155100
748,59,45,12989,990,48521,145000
749,62,48,12927,1004,48569,146300
750,52,42,12875,1014,48611,155800
751,64,48,12811,1030,48659,135400
752,62,47,12749,1045,48706,135600
753,55,62,12694,1038,48768,138400
754,52,42,12642,1048,48810,146100
755,48,49,12594,1047,48859,155000
756,57,56,12537,1048,48915,134400
757,52,54,12485,1046,48969,176800
758,44,58,12441,1032,49027,163300
759,53,47,12388,1038,49074,168900
760,64,56,12324,1046,49130,155100
761,51,49,12273,1048,49179,145500
762,50,63,12223,1035,49242,147400
763,42,49,12181,1028,49291,155000
764,45,65,12136,1008,49356,173600
765,56,50,12080,1014,49406,138200
766,54,52,12026,1016,49458,139900
767,44,48,11982,1012,49506,147200
768,53,60,11929,1005,49566,150300
769,49,50,11880,1004,49616,142100
770,45,53,11835,996,49669,154200
771,49,60,11786,985,49729,145300
772,55,48,11731,992,49777,151700
773,58,44,11673,1006,49821,145700
774,52,50,11621,1008,49871,144700
775,57,50,11564,1015,49921,143100
776,59,52,11505,1022,49973,145700
777,65,51,11440,1036,50024,146600
778,53,50,11387,1039,50074,149500
779,62,54,11325,1047,50128,137300
780,59,38,11266,1068,50166,140900
781,73,74,11193,1067,50240,143400
782,61,48,11132,1080,50288,140300
783,57,46,11075,1091,50334,140700
784,59,60,11016,1090,50394,140700
785,60,63,10956,1087,50457,143700
786,57,49,10899,1095,50506,144900
787,59,69,10840,1085,50575,142600
788,57,67,10783,1075,50642,148600
789,50,54,10733,1071,50696,178900
790,48,53,10685,1066,50749,156700
791,59,35,10626,1090,50784,143900
792,50,58,10576,1082,50842,137000
793,46,70,10530,1058,50912,238800
794,60,49,10470,1069,50961,161900
795,48,45,10422,1072,51006,160300
796,60,47,10362,1085,51053,160400
797,55,53,10307,1087,51106,149900
798,48,60,10259,1075,51166,149200
799,50,52,10209,1073,51218,140700
800,52,52,10157,1073,51270,133300
801,53,62,10104,1064,51332,186000
802,47,52,10057,1059,51384,140400
803,57,53,10000,1063,51437,147400
804,45,50,9955,1058,51487,199300
805,32,59,9923,1031,51546,142700
806,41,56,9882,1016,51602,146000
807,36,38,9846,1014,51640,136000
808,45,52,9801,1007,51692,148000
809,40,44,9761,1003,51736,133800
810,53,45,9708,1011,51781,138700
811,54,59,9654,1006,51840,135000
812,49,57,9605,998,51897,146900
813,42,60,9563,980,51957,135500
814,49,51,9514,978,52008,139000
815,46,47,9468,977,52055,133200
816,42,46,9426,973,52101,136100
817,47,41,9379,979,52142,147300
818,58,44,9321,993,52186,147100
819,56,48,9265,1001,52234,160100
820,46,56,9219,991,52290,150000
821,47,55,9172,983,52345,145100
822,33,51,9139,965,52396,139200
823,51,54,9088,962,52450,141900
824,46,53,9042,955,52503,135700
825,43,50,8999,948,52553,147200
826,54,48,8945,954,52601,140600
827,42,42,8903,954,52643,142400
828,42,46,8861,950,52689,333800
829,41,50,8820,941,52739,159600
830,41,37,8779,945,52776,163500
831,46,58,8733,933,52834,152900
832,51,54,8682,930,52888,148700
833,43,46,8639,927,52934,160900
834,45,47,8594,925,52981,143800
835,39,49,8555,915,53030,149800
836,40,40,8515,915,53070,152500
837,38,59,8477,894,53129,140900
838,40,47,8437,887,53176,139600
839,36,39,8401,884,53215,143400
840,50,45,8351,889,53260,148300
841,32,59,8319,862,53319,144800
842,44,38,8275,868,53357,146000
843,37,48,8238,857,53405,138900
844,40,46,8198,851,53451,144900
845,35,37,8163,849,53488,139000
846,45,48,8118,846,53536,136900
847,44,42,8074,848,53578,136600
848,37,31,8037,854,53609,139200
849,29,39,8008,844,53648,135900
850,31,41,7977,834,53689,140200
851,40,43,7937,831,53732,137700
852,42,33,7895,840,53765,145000
853,46,47,7849,839,53812,142100
854,40,41,7809,838,53853,139600
855,51,43,7758,846,53896,133700
856,39,34,7719,851,53930,136300
857,43,43,7676,851,53973,144400
858,31,44,7645,838,54017,141100
859,34,42,7611,830,54059,142900
860,38,58,7573,810,54117,137000
861,40,34,7533,816,54151,135400
862,34,33,7499,817,54184,143500
863,36,35,7463,818,54219,143500
864,46,45,7417,819,54264,132000
865,31,42,7386,808,54306,138200
866,31,36,7355,803,54342,197300
867,32,47,7323,788,54389,159400
868,37,45,7286,780,54434,158100
869,34,41,7252,773,54475,157100
870,40,40,7212,773,54515,190400
871,27,43,7185,757,54558,139500
872,33,31,7152,759,54589,136300
873,37,29,7115,767,54618,137300
874,34,29,7081,772,54647,139100
875,28,40,7053,760,54687,132100
876,34,33,7019,761,54720,139600
877,43,25,6976,779,54745,137300
878,25,37,6951,767,54782,160300
879,37,28,6914,776,54810,138200
880,39,29,6875,786,54839,135200
881,38,34,6837,790,54873,131400
882,36,54,6801,772,54927,136500
883,34,51,6767,755,54978,138300
884,32,31,6735,756,55009,142500
885,27,46,6708,737,55055,140900
886,32,31,6676,738,55086,139500
887,33,32,6643,739,55118,140700
888,30,33,6613,736,55151,137000
889,32,30,6581,738,55181,136000
890,28,36,6553,730,55217,134800
891,37,35,6516,732,55252,132400
892,38,37,6478,733,55289,175400
893,31,36,6447,728,55325,136200
894,23,37,6424,714,55362,132700
895,42,39,6382,717,55401,133100
896,20,38,6362,699,55439,156500
897,34,39,6328,694,55478,140500
898,26,42,6302,678,55520,137200
899,25,34,6277,669,55554,137900
900,23,47,6254,645,55601,135500
901,22,45,6232,622,55646,152000
902,21,28,6211,615,55674,327400
903,23,28,6188,610,55702,152800
904,24,31,6164,603,55733,158200
905,26,33,6138,596,55766,150500
906,25,32,6113,589,55798,146800
907,25,23,6088,591,55821,141500
908,31,28,6057,594,55849,141500
909,22,22,6035,594,55871,154300
910,26,30,6009,590,55901,134600
911,28,34,5981,584,55935,135700
912,23,23,5958,584,55958,154100
913,25,31,5933,578,55989,140000
914,30,33,5903,575,56022,130800
915,16,27,5887,564,56049,133000
916,25,33,5862,556,56082,131900
917,25,28,5837,553,56110,132500
918,26,29,5811,550,56139,137900
919,27,26,5784,551,56165,135000
920,29,31,5755,549,56196,132700
921,28,28,5727,549,56224,133300
922,30,32,5697,547,56256,136000
923,33,24,5664,556,56280,128700
924,26,26,5638,556,56306,143500
925,22,29,5616,549,56335,138100
926,29,26,5587,552,56361,142200
927,28,22,5559,558,56383,137000
928,25,34,5534,549,56417,135100
929,30,37,5504,542,56454,130500
930,21,35,5483,528,56489,126300
931,26,21,5457,533,56510,127800
932,37,16,5420,554,56526,132800
933,25,28,5395,551,56554,167900
934,31,26,5364,556,56580,141000
935,29,23,5335,562,56603,141300
936,22,25,5313,559,56628,133200
937,32,26,5281,565,56654,129900
938,28,35,5253,558,56689,166000
939,20,26,5233,552,56715,332400
940,20,28,5213,544,56743,157100
941,24,29,5189,539,56772,151500
942,29,25,5160,543,56797,144000
943,27,26,5133,544,56823,187800
944,31,32,5102,543,56855,154100
945,23,23,5079,543,56878,132700
946,20,28,5059,535,56906,190900
947,38,31,5021,542,56937,165500
948,33,18,4988,557,56955,134500
949,31,27,4957,561,56982,139800
950,30,29,4927,562,57011,145000
951,27,28,4900,561,57039,136500
952,26,21,4874,566,57060,137000
953,31,28,4843,569,57088,132900
954,29,32,4814,566,57120,138100
955,44,27,4770,583,57147,136500
956,28,28,4742,583,57175,135900
957,27,23,4715,587,57198,138300
958,31,22,4684,596,57220,135300
959,30,33,4654,593,57253,135500
960,28,25,4626,596,57278,130100
961,29,26,4597,599,57304,132600
962,30,22,4567,607,57326,132800
963,31,28,4536,610,57354,152600
964,28,32,4508,606,57386,153300
965,33,23,4475,616,57409,139400
966,30,28,4445,618,57437,135700
967,32,25,4413,625,57462,142900
968,34,35,4379,624,57497,130800
969,31,33,4348,622,57530,134400
970,31,18,4317,635,57548,134800
971,36,34,4281,637,57582,140500
972,35,38,4246,634,57620,133700
973,36,44,4210,626,57664,134100
974,30,37,4180,619,57701,136500
975,40,41,4140,618,57742,252200
976,32,31,4108,619,57773,167300
977,36,33,4072,622,57806,143600
978,28,27,4044,623,57833,245700
979,37,35,4007,625,57868,163200
980,25,31,3982,619,57899,140100
981,33,41,3949,611,57940,158700
982,34,36,3915,609,57976,189500
983,34,34,3881,609,58010,138900
984,25,30,3856,604,58040,353400
985,34,26,3822,612,58066,141300
986,19,33,3803,598,58099,134200
987,32,44,3771,586,58143,133400
988,32,28,3739,590,58171,155300
989,22,25,3717,587,58196,148700
990,28,25,3689,590,58221,147100
991,32,36,3657,586,58257,146900
992,33,36,3624,583,58293,136300
993,22,34,3602,571,58327,163500
994,25,26,3577,570,58353,142800
995,17,31,3560,556,58384,137800
996,33,30,3527,559,58414,141200
997,21,31,3506,549,58445,133600
998,38,23,3468,564,58468,135300
999,19,34,3449,549,58502,135300
1000,32,22,3417,559,58524,137200
1001,16,28,3401,547,58552,133000
1002,22,31,3379,538,58583,136400
1003,24,25,3355,537,58608,138000
1004,27,24,3328,540,58632,132900
1005,17,30,3311,527,58662,136500
1006,29,39,3282,517,58701,139500
1007,21,30,3261,508,58731,128800
1008,24,28,3237,504,58759,139700
1009,17,25,3220,496,58784,132700
1010,17,33,3203,480,58817,163300
1011,24,25,3179,479,58842,144800
1012,21,30,3158,470,58872,151100
1013,22,21,3136,471,58893,156100
1014,21,22,3115,470,58915,155500
1015,16,18,3099,468,58933,177100
1016,23,19,3076,472,58952,229500
1017,23,17,3053,478,58969,146000
1018,28,20,3025,486,58989,142400
1019,25,25,3000,486,59014,143000
1020,15,21,2985,480,59035,133500
1021,26,16,2959,490,59051,137300
1022,19,24,2940,485,59075,148400
1023,30,24,2910,491,59099,137000
1024,33,24,2877,500,59123,136200
1025,26,27,2851,499,59150,144200
1026,26,21,2825,504,59171,136100
1027,24,26,2801,502,59197,137400
1028,29,29,2772,502,59226,205400
1029,23,24,2749,501,59250,145600
1030,21,31,2728,491,59281,148400
1031,32,18,2696,505,59299,132600
1032,22,25,2674,502,59324,181900
1033,30,29,2644,503,59353,135900
1034,24,19,2620,508,59372,131500
1035,22,17,2598,513,59389,132700
1036,22,26,2576,509,59415,142800
1037,21,36,2555,494,59451,135800
1038,28,26,2527,496,59477,128800
1039,19,23,2508,492,59500,134600
1040,20,21,2488,491,59521,136700
1041,22,23,2466,490,59544,132100
1042,17,33,2449,474,59577,129200
1043,21,23,2428,472,59600,135900
1044,17,21,2411,468,59621,132900
1045,20,13,2391,475,59634,135500
1046,15,29,2376,461,59663,133400
1047,22,17,2354,466,59680,156900
1048,10,27,2344,449,59707,183400
1049,19,19,2325,449,59726,147800
1050,14,22,2311,441,59748,155700
1051,13,21,2298,433,59769,202600
1052,16,24,2282,425,59793,138100
1053,19,15,2263,429,59808,132600
1054,18,20,2245,427,59828,130600
1055,16,25,2229,418,59853,135800
1056,20,23,2209,415,59876,138300
1057,20,23,2189,412,59899,132500
1058,12,15,2177,409,59914,131700
1059,20,14,2157,415,59928,130100
1060,14,16,2143,413,59944,127700
1061,18,14,2125,417,59958,141100
1062,23,18,2102,422,59976,126800
1063,17,18,2085,421,59994,134700
1064,12,17,2073,416,60011,138000
1065,21,22,2052,415,60033,142000
1066,18,19,2034,414,60052,146500
1067,15,26,2019,403,60078,158100
1068,11,27,2008,387,60105,136600
1069,18,15,1990,390,60120,146500
1070,14,20,1976,384,60140,136200
1071,22,16,1954,390,60156,127600
1072,25,14,1929,401,60170,135900
1073,15,20,1914,396,60190,130800
1074,16,17,1898,395,60207,138200
1075,12,17,1886,390,60224,129000
1076,18,20,1868,388,60244,128800
1077,19,22,1849,385,60266,137000
1078,20,17,1829,388,60283,140300
1079,18,15,1811,391,60298,136700
1080,14,14,1797,391,60312,134300
1081,16,16,1781,391,60328,126100
1082,19,20,1762,390,60348,126200
1083,17,20,1745,387,60368,138800
1084,26,20,1719,393,60388,136000
1085,20,22,1699,391,60410,140200
1086,17,18,1682,390,60428,140800
1087,11,22,1671,379,60450,149500
1088,19,17,1652,381,60467,154000
1089,11,18,1641,374,60485,162100
1090,16,19,1625,371,60504,176100
1091,15,13,1610,373,60517,216200
1092,11,21,1599,363,60538,138100
1093,22,19,1577,366,60557,136600
1094,9,23,1568,352,60580,154800
1095,12,23,1556,341,60603,128800
1096,16,15,1540,342,60618,154900
1097,14,22,1526,334,60640,169900
1098,11,23,1515,322,60663,141000
1099,12,15,1503,319,60678,133800
1100,15,14,1488,320,60692,134600
1101,13,17,1475,316,60709,131800
1102,17,9,1458,324,60718,131200
1103,10,12,1448,322,60730,127100
1104,14,18,1434,318,60748,149700
1105,17,16,1417,319,60764,131500
1106,17,20,1400,316,60784,134600
1107,10,18,1390,308,60802,131700
1108,17,10,1373,315,60812,128800
1109,14,15,1359,314,60827,136500
1110,11,20,1348,305,60847,133400
1111,12,18,1336,299,60865,139100
1112,19,12,1317,306,60877,132200
1113,13,17,1304,302,60894,131900
1114,13,20,1291,295,60914,136700
1115,9,8,1282,296,60922,136500
1116,9,20,1273,285,60942,131800
1117,13,17,1260,281,60959,131300
1118,7,19,1253,269,60978,147200
1119,8,14,1245,263,60992,134100
1120,11,19,1234,255,61011,143200
1121,10,23,1224,242,61034,142300
1122,9,7,1215,244,61041,127800
1123,9,12,1206,241,61053,138100
1124,6,8,1200,239,61061,228300
1125,12,8,1188,243,61069,154400
1126,13,21,1175,235,61090,149900
1127,6,15,1169,226,61105,139600
1128,8,13,1161,221,61118,137500
1129,6,15,1155,212,61133,134600
1130,10,11,1145,211,61144,152200
1131,5,6,1140,210,61150,141700
1132,7,13,1133,204,61163,137100
1133,8,15,1125,197,61178,132500
1134,5,10,1120,192,61188,137500
1135,9,6,1111,195,61194,130700
1136,7,7,1104,195,61201,136600
1137,8,6,1096,197,61207,134400
1138,4,11,1092,190,61218,136200
1139,10,15,1082,185,61233,130100
1140,5,10,1077,180,61243,137200
1141,6,8,1071,178,61251,139900
1142,6,9,1065,175,61260,132400
1143,2,10,1063,167,61270,136200
1144,1,11,1062,157,61281,135100
1145,4,11,1058,150,61292,131500
1146,3,4,1055,149,61296,129900
1147,5,8,1050,146,61304,136300
1148,4,5,1046,145,61309,130900
1149,3,5,1043,143,61314,125400
1150,3,9,1040,137,61323,128400
1151,0,8,1040,129,61331,130700
1152,2,10,1038,121,61341,132000
1153,4,4,1034,121,61345,139400
1154,3,8,1031,116,61353,135700
1155,3,4,1028,115,61357,142800
1156,3,6,1025,112,61363,127700
1157,1,14,1024,99,61377,141300
1158,0,6,1024,93,61383,133500
1159,1,5,1023,89,61388,132800
1160,0,3,1023,86,61391,124500
1161,1,3,1022,84,61394,130900
1162,3,0,1019,87,61394,130500
1163,0,6,1019,81,61400,263200
1164,1,5,1018,77,61405,134800
1165,1,3,1017,75,61408,127600
1166,1,4,1016,72,61412,135700
1167,1,3,1015,70,61415,138200
1168,0,3,1015,67,61418,138100
1169,0,5,1015,62,61423,128700
1170,0,4,1015,58,61427,126200
1171,1,6,1014,53,61433,127900
1172,1,2,1013,52,61435,128600
1173,0,3,1013,49,61438,126500
1174,1,4,1012,46,61442,125500
1175,0,2,1012,44,61444,138900
1176,0,0,1012,44,61444,134200
1177,0,4,1012,40,61448,128300
1178,0,2,1012,38,61450,127500
1179,0,2,1012,36,61452,134500
1180,0,1,1012,35,61453,155100
1181,0,2,1012,33,61455,132900
1182,0,1,1012,32,61456,135300
1183,0,3,1012,29,61459,131800
1184,1,1,1011,29,61460,124700
1185,0,1,1011,28,61461,129400
1186,0,1,1011,27,61462,126500
1187,0,2,1011,25,61464,128200
1188,0,2,1011,23,61466,130300
1189,0,0,1011,23,61466,126900
1190,0,1,1011,22,61467,132400
1191,0,3,1011,19,61470,130100
1192,0,1,1011,18,61471,130100
1193,0,1,1011,17,61472,131100
1194,0,0,1011,17,61472,126200
1195,0,1,1011,16,61473,131500
1196,0,1,1011,15,61474,127100
1197,0,1,1011,14,61475,121000
1198,0,1,1011,13,61476,131300
1199,0,1,1011,12,61477,129100
1200,0,1,1011,11,61478,127600
1201,0,1,1011,10,61479,130400
1202,0,2,1011,8,61481,134600
1203,0,0,1011,8,61481,130100
1204,0,0,1011,8,61481,171100
1205,0,0,1011,8,61481,139800
1206,0,2,1011,6,61483,131000
1207,0,0,1011,6,61483,132300
1208,0,0,1011,6,61483,127300
1209,0,1,1011,5,61484,120800
1210,0,0,1011,5,61484,124000
1211,0,0,1011,5,61484,130300
1212,0,0,1011,5,61484,124900
1213,0,0,1011,5,61484,123200
1214,0,0,1011,5,61484,128100
1215,0,1,1011,4,61485,127900
1216,0,1,1011,3,61486,130200
1217,0,0,1011,3,61486,132100
1218,0,0,1011,3,61486,128800
1219,0,0,1011,3,61486,137700
1220,0,0,1011,3,61486,128800
1221,0,0,1011,3,61486,127300
1222,0,0,1011,3,61486,127700
1223,0,0,1011,3,61486,128200
1224,0,0,1011,3,61486,130100
1225,0,0,1011,3,61486,128400
1226,0,0,1011,3,61486,131900
1227,0,0,1011,3,61486,132000
1228,0,0,1011,3,61486,134400
1229,0,0,1011,3,61486,134400
1230,0,0,1011,3,61486,130400
1231,0,0,1011,3,61486,136900
1232,0,2,1011,1,61488,127100
1233,0,1,1011,0,61489,126400
