Tick,NewlyInfected,NewlyRecovered,TotalSusceptible,TotalInfected,TotalRecovered,StepTimeNanos
0,5,0,62490,10,0,676700
1,0,0,62490,10,0,139400
2,0,1,62490,9,1,138900
3,5,0,62485,14,1,130900
4,5,0,62480,19,1,133100
5,3,0,62477,22,1,128900
6,3,3,62474,22,4,130800
7,4,0,62470,26,4,129500
8,5,1,62465,30,5,131000
9,8,2,62457,36,7,158100
10,5,2,62452,39,9,131100
11,3,1,62449,41,10,134100
12,3,3,62446,41,13,128400
13,9,5,62437,45,18,129700
14,5,0,62432,50,18,158500
15,6,2,62426,54,20,147900
16,10,3,62416,61,23,163900
17,7,5,62409,63,28,163600
18,7,3,62402,67,31,136700
19,3,5,62399,65,36,165100
20,8,3,62391,70,39,149200
21,11,4,62380,77,43,143200
22,9,6,62371,80,49,144600
23,11,4,62360,87,53,145000
24,9,6,62351,90,59,135000
25,14,3,62337,101,62,126600
26,12,5,62325,108,67,136500
27,8,5,62317,111,72,145000
28,9,7,62308,113,79,139900
29,12,5,62296,120,84,141500
30,9,7,62287,122,91,138500
31,7,5,62280,124,96,127000
32,8,7,62272,125,103,129200
33,18,3,62254,140,106,137500
34,14,8,62240,146,114,130300
35,6,10,62234,142,124,137800
36,16,3,62218,155,127,154000
37,16,7,62202,164,134,144900
38,20,4,62182,180,138,136400
39,17,8,62165,189,146,140800
40,20,7,62145,202,153,140200
41,23,10,62122,215,163,137500
42,18,9,62104,224,172,143100
43,19,13,62085,230,185,144500
44,20,10,62065,240,195,145800
45,15,11,62050,244,206,136900
46,19,12,62031,251,218,134400
47,20,16,62011,255,234,133200
48,20,8,61991,267,242,133500
49,22,12,61969,277,254,139500
50,15,11,61954,281,265,136000
51,20,16,61934,285,281,172200
52,26,10,61908,301,291,163700
53,24,16,61884,309,307,145700
54,18,20,61866,307,327,136700
55,18,17,61848,308,344,142100
56,26,10,61822,324,354,135400
57,38,21,61784,341,375,129000
58,24,16,61760,349,391,134000
59,26,17,61734,358,408,130900
60,22,17,61712,363,425,134000
61,27,19,61685,371,444,138100
62,23,13,61662,381,457,159900
63,27,18,61635,390,475,267000
64,23,26,61612,387,501,179100
65,27,24,61585,390,525,161700
66,36,19,61549,407,544,150500
67,23,18,61526,412,562,144900
68,32,17,61494,427,579,141100
69,30,21,61464,436,600,136300
70,34,20,61430,450,620,141400
71,37,23,61393,464,643,143700
72,32,24,61361,472,667,136300
73,24,22,61337,474,689,132500
74,32,28,61305,478,717,131700
75,25,27,61280,476,744,132000
76,32,21,61248,487,765,139200
77,30,22,61218,495,787,137100
78,36,22,61182,509,809,137500
79,39,24,61143,524,833,135200
80,39,25,61104,538,858,130500
81,39,25,61065,552,883,193600
82,41,22,61024,571,905,172300
83,34,17,60990,588,922,159400
84,40,38,60950,590,960,142900
85,39,34,60911,595,994,148500
86,33,27,60878,601,1021,144400
87,30,37,60848,594,1058,173200
88,32,29,60816,597,1087,171900
89,45,17,60771,625,1104,154800
90,41,34,60730,632,1138,168700
91,37,27,60693,642,1165,183200
92,32,34,60661,640,1199,139300
93,36,27,60625,649,1226,165700
94,34,45,60591,638,1271,149600
95,49,30,60542,657,1301,142900
96,49,25,60493,681,1326,139600
97,34,36,60459,679,1362,139200
98,31,32,60428,678,1394,146700
99,42,39,60386,681,1433,147400
100,35,28,60351,688,1461,148100
101,49,35,60302,702,1496,146000
102,42,33,60260,711,1529,149500
103,43,34,60217,720,1563,144600
104,44,37,60173,727,1600,146000
105,40,36,60133,731,1636,142100
106,35,47,60098,719,1683,134800
107,39,37,60059,721,1720,145300
108,35,32,60024,724,1752,170000
109,41,42,59983,723,1794,384200
110,40,37,59943,726,1831,202700
111,42,38,59901,730,1869,192300
112,36,49,59865,717,1918,166700
113,46,44,59819,719,1962,147000
114,45,41,59774,723,2003,159400
115,50,35,59724,738,2038,154200
116,50,24,59674,764,2062,146100
117,38,39,59636,763,2101,142700
118,46,45,59590,764,2146,147400
119,44,37,59546,771,2183,147100
120,48,29,59498,790,2212,138100
121,45,32,59453,803,2244,136000
122,41,42,59412,802,2286,145000
123,44,42,59368,804,2328,133400
124,44,45,59324,803,2373,136100
125,42,50,59282,795,2423,145400
126,44,44,59238,795,2467,143900
127,39,36,59199,798,2503,154900
128,53,37,59146,814,2540,144200
129,50,35,59096,829,2575,137700
130,43,37,59053,835,2612,137100
131,41,44,59012,832,2656,149500
132,43,43,58969,832,2699,250200
133,53,40,58916,845,2739,193600
134,30,39,58886,836,2778,280800
135,51,38,58835,849,2816,197800
136,40,41,58795,848,2857,148700
137,44,38,58751,854,2895,147100
138,51,44,58700,861,2939,162300
139,40,37,58660,864,2976,165000
140,28,44,58632,848,3020,150800
141,37,39,58595,846,3059,182900
142,39,41,58556,844,3100,138200
143,43,41,58513,846,3141,185100
144,40,42,58473,844,3183,211200
145,49,40,58424,853,3223,154200
146,46,38,58378,861,3261,160200
147,47,42,58331,866,3303,145900
148,48,44,58283,870,3347,142200
149,43,52,58240,861,3399,142300
150,53,36,58187,878,3435,140200
151,50,34,58137,894,3469,143200
152,49,39,58088,904,3508,143400
153,42,48,58046,898,3556,146200
154,52,40,57994,910,3596,156800
155,49,43,57945,916,3639,194600
156,46,40,57899,922,3679,208800
157,38,47,57861,913,3726,195100
158,50,49,57811,914,3775,176100
159,60,40,57751,934,3815,160100
160,47,46,57704,935,3861,178500
161,58,67,57646,926,3928,148400
162,56,38,57590,944,3966,162500
163,54,51,57536,947,4017,162500
164,53,48,57483,952,4065,142000
165,61,48,57422,965,4113,150300
166,60,49,57362,976,4162,148500
167,58,47,57304,987,4209,144400
168,46,45,57258,988,4254,144100
169,51,38,57207,1001,4292,145900
170,62,51,57145,1012,4343,140500
171,52,43,57093,1021,4386,151600
172,52,48,57041,1025,4434,154300
173,71,56,56970,1040,4490,155400
174,58,52,56912,1046,4542,161000
175,63,53,56849,1056,4595,145700
176,71,59,56778,1068,4654,155300
177,61,53,56717,1076,4707,166100
178,60,39,56657,1097,4746,166200
179,65,59,56592,1103,4805,172900
180,78,46,56514,1135,4851,173900
181,72,51,56442,1156,4902,161300
182,64,55,56378,1165,4957,210600
183,53,61,56325,1157,5018,166100
184,60,52,56265,1165,5070,150700
185,55,53,56210,1167,5123,187600
186,76,59,56134,1184,5182,164200
187,65,59,56069,1190,5241,162200
188,77,63,55992,1204,5304,144700
189,62,61,55930,1205,5365,162900
190,73,59,55857,1219,5424,149000
191,75,71,55782,1223,5495,153200
192,69,69,55713,1223,5564,150200
193,73,65,55640,1231,5629,148600
194,65,66,55575,1230,5695,152600
195,66,58,55509,1238,5753,145300
196,72,79,55437,1231,5832,148900
197,76,68,55361,1239,5900,173800
198,75,64,55286,1250,5964,147700
199,71,71,55215,1250,6035,179300
200,73,98,55142,1225,6133,192600
201,64,73,55078,1216,6206,183600
202,67,70,55011,1213,6276,176800
203,54,56,54957,1211,6332,175900
204,67,77,54890,1201,6409,164900
205,73,54,54817,1220,6463,161100
206,81,53,54736,1248,6516,153000
207,60,64,54676,1244,6580,196100
208,74,61,54602,1257,6641,168900
209,68,63,54534,1262,6704,170400
210,90,56,54444,1296,6760,171300
211,76,64,54368,1308,6824,158000
212,80,62,54288,1326,6886,167900
213,68,61,54220,1333,6947,174900
214,75,81,54145,1327,7028,176000
215,87,51,54058,1363,7079,161600
216,74,73,53984,1364,7152,146000
217,78,66,53906,1376,7218,164200
218,85,63,53821,1398,7281,156000
219,65,65,53756,1398,7346,144300
220,85,69,53671,1414,7415,156300
221,72,78,53599,1408,7493,170600
222,84,61,53515,1431,7554,335800
223,79,69,53436,1441,7623,182200
224,85,77,53351,1449,7700,182600
225,93,62,53258,1480,7762,176200
226,86,67,53172,1499,7829,187200
227,79,88,53093,1490,7917,154700
228,86,72,53007,1504,7989,157500
229,73,68,52934,1509,8057,156400
230,85,76,52849,1518,8133,160400
231,92,88,52757,1522,8221,152700
232,83,75,52674,1530,8296,153000
233,86,84,52588,1532,8380,149700
234,78,71,52510,1539,8451,150300
235,78,65,52432,1552,8516,153300
236,84,84,52348,1552,8600,164500
237,90,78,52258,1564,8678,152000
238,93,77,52165,1580,8755,152900
239,97,75,52068,1602,8830,157900
240,89,73,51979,1618,8903,175800
241,87,63,51892,1642,8966,146100
242,103,86,51789,1659,9052,152000
243,87,88,51702,1658,9140,145100
244,86,82,51616,1662,9222,154200
245,89,93,51527,1658,9315,177600
246,83,71,51444,1670,9386,191300
247,70,92,51374,1648,9478,178400
248,79,85,51295,1642,9563,164400
249,100,79,51195,1663,9642,152800
250,86,75,51109,1674,9717,193800
251,100,73,51009,1701,9790,156200
252,99,96,50910,1704,9886,209700
253,94,84,50816,1714,9970,150000
254,86,86,50730,1714,10056,152500
255,80,75,50650,1719,10131,151200
256,95,77,50555,1737,10208,159300
257,108,94,50447,1751,10302,157400
258,100,97,50347,1754,10399,158400
259,105,75,50242,1784,10474,151000
260,108,84,50134,1808,10558,151000
261,93,91,50041,1810,10649,151200
262,96,110,49945,1796,10759,159500
263,103,106,49842,1793,10865,158900
264,96,94,49746,1795,10959,156200
265,102,90,49644,1807,11049,153200
266,99,87,49545,1819,11136,148100
267,99,79,49446,1839,11215,160900
268,100,87,49346,1852,11302,248800
269,98,80,49248,1870,11382,225700
270,111,103,49137,1878,11485,243300
271,96,90,49041,1884,11575,182200
272,108,81,48933,1911,11656,178900
273,93,88,48840,1916,11744,170100
274,92,102,48748,1906,11846,165400
275,113,81,48635,1938,11927,171000
276,97,89,48538,1946,12016,167200
277,100,77,48438,1969,12093,169700
278,98,114,48340,1953,12207,162200
279,87,95,48253,1945,12302,152300
280,107,88,48146,1964,12390,148200
281,112,93,48034,1983,12483,151200
282,91,97,47943,1977,12580,156600
283,110,103,47833,1984,12683,173200
284,102,117,47731,1969,12800,165900
285,112,98,47619,1983,12898,159300
286,100,92,47519,1991,12990,162600
287,116,86,47403,2021,13076,178100
288,101,104,47302,2018,13180,181400
289,121,129,47181,2010,13309,180900
290,118,92,47063,2036,13401,178000
291,102,98,46961,2040,13499,249600
292,108,105,46853,2043,13604,198100
293,120,90,46733,2073,13694,182300
294,101,97,46632,2077,13791,179400
295,105,101,46527,2081,13892,176400
296,100,97,46427,2084,13989,175700
297,109,121,46318,2072,14110,187000
298,107,113,46211,2066,14223,171500
299,116,103,46095,2079,14326,171000
300,105,103,45990,2081,14429,164800
301,121,117,45869,2085,14546,166400
302,99,99,45770,2085,14645,173800
303,103,98,45667,2090,14743,172700
304,108,89,45559,2109,14832,175300
305,110,116,45449,2103,14948,160400
306,95,92,45354,2106,15040,155800
307,105,98,45249,2113,15138,170400
308,112,97,45137,2128,15235,163800
309,118,90,45019,2156,15325,167100
310,113,98,44906,2171,15423,160600
311,95,120,44811,2146,15543,165400
312,95,92,44716,2149,15635,160000
313,124,108,44592,2165,15743,340300
314,107,110,44485,2162,15853,188300
315,115,102,44370,2175,15955,188500
316,113,110,44257,2178,16065,219300
317,110,123,44147,2165,16188,161600
318,107,108,44040,2164,16296,162700
319,122,95,43918,2191,16391,195400
320,122,115,43796,2198,16506,170000
321,117,99,43679,2216,16605,170600
322,123,112,43556,2227,16717,182200
323,118,106,43438,2239,16823,164100
324,111,109,43327,2241,16932,165200
325,106,87,43221,2260,17019,155900
326,121,107,43100,2274,17126,159500
327,114,118,42986,2270,17244,164100
328,103,124,42883,2249,17368,166100
329,124,100,42759,2273,17468,175000
330,114,127,42645,2260,17595,170300
331,123,117,42522,2266,17712,165800
332,109,93,42413,2282,17805,165700
333,118,119,42295,2281,17924,164300
334,123,104,42172,2300,18028,195800
335,140,109,42032,2331,18137,172800
336,143,122,41889,2352,18259,359900
337,132,142,41757,2342,18401,220000
338,123,126,41634,2339,18527,190900
339,125,110,41509,2354,18637,183200
340,117,115,41392,2356,18752,207700
341,114,126,41278,2344,18878,170700
342,116,122,41162,2338,19000,174300
343,117,110,41045,2345,19110,162000
344,109,110,40936,2344,19220,168800
345,99,124,40837,2319,19344,162400
346,115,105,40722,2329,19449,165600
347,109,119,40613,2319,19568,158500
348,121,141,40492,2299,19709,156400
349,137,111,40355,2325,19820,168300
350,130,131,40225,2324,19951,161600
351,120,117,40105,2327,20068,159400
352,133,108,39972,2352,20176,165400
353,139,134,39833,2357,20310,171500
354,127,117,39706,2367,20427,183600
355,116,106,39590,2377,20533,192700
356,113,102,39477,2388,20635,160200
357,121,108,39356,2401,20743,173700
358,117,133,39239,2385,20876,167100
359,116,123,39123,2378,20999,163900
360,116,130,39007,2364,21129,177000
361,140,134,38867,2370,21263,201300
362,114,125,38753,2359,21388,191000
363,142,108,38611,2393,21496,180400
364,129,117,38482,2405,21613,166100
365,113,128,38369,2390,21741,178800
366,115,133,38254,2372,21874,177600
367,120,112,38134,2380,21986,165100
368,123,128,38011,2375,22114,174900
369,108,130,37903,2353,22244,160800
370,105,124,37798,2334,22368,165200
371,130,121,37668,2343,22489,164300
372,116,110,37552,2349,22599,184800
373,87,124,37465,2312,22723,172800
374,118,120,37347,2310,22843,169400
375,95,125,37252,2280,22968,173400
376,103,97,37149,2286,23065,166400
377,108,87,37041,2307,23152,154300
378,96,114,36945,2289,23266,158900
379,102,114,36843,2277,23380,178800
380,108,118,36735,2267,23498,175300
381,94,111,36641,2250,23609,169600
382,97,95,36544,2252,23704,169000
383,113,102,36431,2263,23806,452700
384,107,116,36324,2254,23922,190200
385,110,113,36214,2251,24035,174600
386,89,125,36125,2215,24160,178800
387,104,90,36021,2229,24250,171800
388,92,118,35929,2203,24368,221400
389,94,108,35835,2189,24476,173700
390,93,131,35742,2151,24607,161900
391,99,104,35643,2146,24711,216900
392,86,104,35557,2128,24815,164000
393,99,118,35458,2109,24933,154400
394,96,123,35362,2082,25056,166600
395,88,104,35274,2066,25160,166200
396,86,113,35188,2039,25273,163000
397,72,112,35116,1999,25385,163200
398,73,98,35043,1974,25483,149600
399,83,94,34960,1963,25577,146700
400,84,112,34876,1935,25689,163600
401,83,110,34793,1908,25799,243200
402,73,106,34720,1875,25905,174600
403,69,101,34651,1843,26006,168600
404,84,86,34567,1841,26092,162500
405,96,87,34471,1850,26179,163500
406,81,86,34390,1845,26265,161000
407,86,96,34304,1835,26361,329000
408,104,86,34200,1853,26447,178700
409,99,100,34101,1852,26547,186800
410,95,84,34006,1863,26631,187600
411,91,92,33915,1862,26723,179500
412,104,91,33811,1875,26814,174400
413,75,95,33736,1855,26909,181400
414,96,83,33640,1868,26992,185000
415,79,86,33561,1861,27078,166300
416,98,114,33463,1845,27192,163000
417,83,89,33380,1839,27281,149400
418,79,94,33301,1824,27375,159900
419,72,104,33229,1792,27479,161100
420,82,99,33147,1775,27578,159600
421,79,96,33068,1758,27674,147900
422,84,80,32984,1762,27754,152200
423,74,80,32910,1756,27834,158400
424,84,93,32826,1747,27927,156500
425,87,79,32739,1755,28006,154200
426,62,83,32677,1734,28089,143700
427,84,89,32593,1729,28178,157100
428,83,80,32510,1732,28258,148400
429,96,103,32414,1725,28361,156900
430,83,73,32331,1735,28434,156700
431,83,75,32248,1743,28509,149500
432,73,85,32175,1731,28594,325900
433,70,80,32105,1721,28674,197600
434,69,82,32036,1708,28756,176800
435,82,75,31954,1715,28831,167400
436,71,87,31883,1699,28918,158800
437,74,101,31809,1672,29019,152000
438,74,73,31735,1673,29092,152900
439,73,72,31662,1674,29164,153300
440,81,87,31581,1668,29251,160500
441,70,103,31511,1635,29354,169400
442,83,92,31428,1626,29446,206700
443,76,95,31352,1607,29541,165900
444,75,71,31277,1611,29612,159100
445,76,74,31201,1613,29686,152200
446,73,89,31128,1597,29775,153600
447,71,84,31057,1584,29859,163100
448,58,82,30999,1560,29941,146600
449,74,76,30925,1558,30017,144800
450,67,78,30858,1547,30095,151300
451,64,80,30794,1531,30175,158500
452,60,85,30734,1506,30260,162400
453,62,80,30672,1488,30340,153800
454,61,64,30611,1485,30404,139100
455,69,89,30542,1465,30493,143400
456,75,69,30467,1471,30562,142000
457,67,60,30400,1478,30622,296400
458,73,62,30327,1489,30684,155300
459,69,82,30258,1476,30766,163700
460,43,71,30215,1448,30837,177300
461,63,88,30152,1423,30925,216700
462,58,63,30094,1418,30988,161300
463,66,71,30028,1413,31059,163400
464,66,70,29962,1409,31129,153900
465,61,68,29901,1402,31197,157600
466,61,75,29840,1388,31272,184200
467,65,76,29775,1377,31348,153700
468,70,85,29705,1362,31433,177300
469,69,63,29636,1368,31496,156900
470,49,70,29587,1347,31566,146500
471,74,62,29513,1359,31628,148000
472,58,56,29455,1361,31684,157000
473,63,60,29392,1364,31744,181100
474,68,71,29324,1361,31815,165000
475,58,66,29266,1353,31881,157200
476,54,63,29212,1344,31944,159300
477,61,66,29151,1339,32010,164600
478,71,63,29080,1347,32073,158700
479,69,57,29011,1359,32130,156200
480,60,85,28951,1334,32215,150000
481,71,71,28880,1334,32286,145600
482,55,70,28825,1319,32356,146500
483,76,62,28749,1333,32418,148400
484,58,73,28691,1318,32491,144400
485,60,62,28631,1316,32553,151900
486,68,80,28563,1304,32633,178500
487,61,60,28502,1305,32693,164000
488,56,63,28446,1298,32756,170300
489,69,73,28377,1294,32829,169300
490,75,66,28302,1303,32895,160900
491,72,70,28230,1305,32965,161400
492,83,63,28147,1325,33028,162800
493,79,70,28068,1334,33098,151600
494,59,65,28009,1328,33163,149800
495,65,68,27944,1325,33231,142400
496,68,79,27876,1314,33310,144400
497,64,63,27812,1315,33373,144500
498,60,63,27752,1312,33436,143600
499,65,53,27687,1324,33489,150000
500,81,66,27606,1339,33555,151300
501,63,61,27543,1341,33616,138800
502,73,61,27470,1353,33677,144700
503,73,65,27397,1361,33742,154500
504,57,69,27340,1349,33811,150900
505,57,81,27283,1325,33892,148600
506,65,61,27218,1329,33953,150500
507,73,56,27145,1346,34009,142100
508,59,53,27086,1352,34062,146600
509,67,79,27019,1340,34141,178300
510,58,61,26961,1337,34202,145700
511,58,68,26903,1327,34270,171900
512,50,80,26853,1297,34350,145600
513,53,67,26800,1283,34417,157900
514,60,50,26740,1293,34467,321600
515,44,66,26696,1271,34533,210600
516,65,66,26631,1270,34599,196700
517,75,62,26556,1283,34661,158700
518,60,60,26496,1283,34721,182400
519,54,64,26442,1273,34785,143900
520,59,71,26383,1261,34856,143600
521,61,64,26322,1258,34920,142900
522,63,84,26259,1237,35004,140500
523,54,52,26205,1239,35056,150700
524,48,69,26157,1218,35125,143200
525,59,67,26098,1210,35192,142700
526,51,64,26047,1197,35256,140500
527,60,66,25987,1191,35322,137400
528,60,59,25927,1192,35381,140900
529,61,66,25866,1187,35447,137900
530,68,57,25798,1198,35504,140300
531,55,60,25743,1193,35564,144800
532,53,61,25690,1185,35625,152500
533,62,50,25628,1197,35675,150800
534,48,62,25580,1183,35737,147800
535,60,62,25520,1181,35799,155900
536,51,62,25469,1170,35861,156500
537,52,68,25417,1154,35929,154400
538,64,71,25353,1147,36000,153100
539,55,47,25298,1155,36047,156300
540,57,62,25241,1150,36109,140800
541,53,66,25188,1137,36175,143300
542,56,53,25132,1140,36228,142600
543,67,50,25065,1157,36278,176100
544,45,65,25020,1137,36343,160800
545,48,65,24972,1120,36408,173200
546,63,56,24909,1127,36464,199400
547,67,58,24842,1136,36522,158500
548,62,50,24780,1148,36572,147900
549,44,61,24736,1131,36633,147900
550,48,58,24688,1121,36691,291600
551,44,54,24644,1111,36745,150600
552,52,67,24592,1096,36812,150100
553,51,42,24541,1105,36854,144900
554,48,52,24493,1101,36906,140900
555,54,43,24439,1112,36949,142200
556,67,51,24372,1128,37000,146100
557,46,44,24326,1130,37044,139700
558,44,46,24282,1128,37090,143600
559,63,67,24219,1124,37157,149300
560,49,65,24170,1108,37222,147800
561,48,49,24122,1107,37271,153400
562,49,58,24073,1098,37329,142400
563,75,58,23998,1115,37387,141900
564,49,47,23949,1117,37434,144300
565,53,47,23896,1123,37481,151100
566,58,47,23838,1134,37528,149500
567,63,51,23775,1146,37579,151100
568,50,61,23725,1135,37640,174000
569,54,51,23671,1138,37691,143000
570,51,44,23620,1145,37735,162500
571,55,55,23565,1145,37790,162100
572,65,55,23500,1155,37845,168000
573,64,53,23436,1166,37898,166600
574,70,63,23366,1173,37961,180200
575,65,45,23301,1193,38006,160500
576,56,63,23245,1186,38069,157300
577,65,53,23180,1198,38122,157300
578,62,60,23118,1200,38182,160000
579,63,59,23055,1204,38241,149300
580,60,70,22995,1194,38311,161200
581,80,44,22915,1230,38355,152200
582,73,71,22842,1232,38426,152100
583,60,60,22782,1232,38486,139700
584,66,73,22716,1225,38559,138300
585,64,60,22652,1229,38619,145100
586,50,72,22602,1207,38691,143500
587,59,65,22543,1201,38756,137300
588,54,55,22489,1200,38811,168300
589,57,68,22432,1189,38879,150900
590,51,61,22381,1179,38940,140400
591,60,51,22321,1188,38991,140500
592,46,65,22275,1169,39056,162200
593,54,47,22221,1176,39103,148500
594,53,56,22168,1173,39159,142600
595,62,54,22106,1181,39213,142100
596,67,65,22039,1183,39278,144800
597,61,70,21978,1174,39348,141700
598,65,58,21913,1181,39406,151400
599,60,57,21853,1184,39463,148000
600,72,59,21781,1197,39522,147900
601,52,66,21729,1183,39588,152000
602,65,64,21664,1184,39652,149100
603,58,76,21606,1166,39728,161600
604,61,81,21545,1146,39809,165500
605,51,54,21494,1143,39863,159200
606,56,67,21438,1132,39930,150400
607,53,65,21385,1120,39995,148800
608,52,59,21333,1113,40054,143200
609,59,55,21274,1117,40109,147800
610,48,51,21226,1114,40160,147700
611,53,64,21173,1103,40224,144000
612,50,49,21123,1104,40273,149500
613,56,75,21067,1085,40348,147000
614,54,68,21013,1071,40416,149800
615,41,66,20972,1046,40482,140800
616,53,52,20919,1047,40534,135700
617,61,49,20858,1059,40583,135000
618,55,42,20803,1072,40625,146800
619,49,46,20754,1075,40671,143500
620,58,68,20696,1065,40739,144300
621,49,58,20647,1056,40797,142500
622,63,53,20584,1066,40850,146100
623,37,63,20547,1040,40913,140700
624,58,58,20489,1040,40971,149000
625,48,58,20441,1030,41029,143900
626,50,52,20391,1028,41081,142300
627,45,35,20346,1038,41116,148200
628,50,53,20296,1035,41169,143300
629,61,42,20235,1054,41211,142800
630,63,50,20172,1067,41261,145000
631,48,46,20124,1069,41307,143900
632,45,60,20079,1054,41367,144900
633,42,62,20037,1034,41429,323800
634,51,62,19986,1023,41491,222900
635,56,48,19930,1031,41539,184100
636,52,65,19878,1018,41604,177400
637,48,34,19830,1032,41638,160100
638,47,58,19783,1021,41696,151400
639,59,43,19724,1037,41739,153300
640,45,41,19679,1041,41780,157800
641,45,52,19634,1034,41832,156200
642,42,41,19592,1035,41873,146600
643,46,73,19546,1008,41946,149800
644,52,57,19494,1003,42003,148100
645,51,47,19443,1007,42050,145400
646,53,46,19390,1014,42096,141900
647,51,47,19339,1018,42143,149500
648,45,57,19294,1006,42200,141300
649,44,50,19250,1000,42250,149700
650,45,47,19205,998,42297,151300
651,57,62,19148,993,42359,142100
652,51,47,19097,997,42406,148000
653,50,41,19047,1006,42447,146100
654,48,56,18999,998,42503,147600
655,47,49,18952,996,42552,150300
656,50,50,18902,996,42602,146700
657,49,57,18853,988,42659,146700
658,55,49,18798,994,42708,145400
659,56,38,18742,1012,42746,137600
660,57,64,18685,1005,42810,144400
661,44,50,18641,999,42860,148000
662,45,41,18596,1003,42901,144600
663,58,60,18538,1001,42961,139100
664,54,54,18484,1001,43015,140800
665,59,54,18425,1006,43069,196000
666,57,49,18368,1014,43118,166800
667,41,55,18327,1000,43173,161900
668,58,44,18269,1014,43217,199700
669,71,48,18198,1037,43265,149100
670,60,43,18138,1054,43308,150400
671,60,57,18078,1057,43365,136400
672,65,47,18013,1075,43412,146200
673,66,51,17947,1090,43463,147200
674,63,53,17884,1100,43516,142400
675,65,45,17819,1120,43561,159100
676,47,64,17772,1103,43625,145800
677,58,61,17714,1100,43686,149000
678,76,54,17638,1122,43740,154400
679,56,66,17582,1112,43806,144000
680,64,59,17518,1117,43865,144500
681,57,56,17461,1118,43921,152600
682,61,63,17400,1116,43984,140100
683,64,62,17336,1118,44046,145700
684,65,46,17271,1137,44092,147700
685,66,60,17205,1143,44152,150500
686,64,54,17141,1153,44206,149400
687,57,59,17084,1151,44265,146300
688,63,65,17021,1149,44330,139400
689,51,56,16970,1144,44386,147300
690,57,55,16913,1146,44441,145000
691,75,62,16838,1159,44503,142900
692,51,72,16787,1138,44575,149400
693,60,65,16727,1133,44640,151500
694,55,50,16672,1138,44690,154900
695,54,54,16618,1138,44744,140500
696,51,56,16567,1133,44800,323500
697,50,48,16517,1135,44848,159200
698,59,45,16458,1149,44893,149700
699,45,60,16413,1134,44953,151300
700,41,58,16372,1117,45011,147800
701,42,54,16330,1105,45065,139800
702,56,70,16274,1091,45135,138800
703,68,56,16206,1103,45191,155100
704,65,61,16141,1107,45252,147400
705,48,51,16093,1104,45303,146500
706,60,57,16033,1107,45360,150600
707,51,50,15982,1108,45410,138000
708,54,51,15928,1111,45461,137600
709,51,57,15877,1105,45518,144600
710,42,57,15835,1090,45575,143100
711,37,66,15798,1061,45641,139900
712,48,56,15750,1053,45697,140600
713,41,44,15709,1050,45741,158300
714,49,47,15660,1052,45788,148300
715,38,47,15622,1043,45835,150100
716,43,48,15579,1038,45883,158500
717,40,45,15539,1033,45928,146800
718,42,59,15497,1016,45987,147400
719,38,59,15459,995,46046,136900
720,42,48,15417,989,46094,139000
721,45,50,15372,984,46144,140000
722,38,42,15334,980,46186,142900
723,63,52,15271,991,46238,164000
724,40,50,15231,981,46288,163300
725,38,57,15193,962,46345,147500
726,44,26,15149,980,46371,146800
727,44,49,15105,975,46420,139000
728,53,44,15052,984,46464,137900
729,43,53,15009,974,46517,152200
730,51,50,14958,975,46567,236700
731,50,54,14908,971,46621,158500
732,44,41,14864,974,46662,157900
733,38,46,14826,966,46708,142100
734,52,58,14774,960,46766,169700
735,42,51,14732,951,46817,149000
736,46,55,14686,942,46872,156400
737,36,41,14650,937,46913,150200
738,58,63,14592,932,46976,148000
739,43,32,14549,943,47008,184100
740,44,48,14505,939,47056,153300
741,47,36,14458,950,47092,147600
742,46,40,14412,956,47132,139600
743,37,59,14375,934,47191,160200
744,33,61,14342,906,47252,142800
745,37,42,14305,901,47294,144100
746,46,46,14259,901,47340,142300
747,38,42,14221,897,47382,144700
748,47,43,14174,901,47425,151800
749,44,47,14130,898,47472,151400
750,44,53,14086,889,47525,145400
751,58,48,14028,899,47573,137200
752,45,49,13983,895,47622,146600
753,50,56,13933,889,47678,139200
754,39,55,13894,873,47733,141600
755,43,50,13851,866,47783,143600
756,38,42,13813,862,47825,142000
757,38,47,13775,853,47872,133300
758,44,43,13731,854,47915,138600
759,50,53,13681,851,47968,152000
760,49,36,13632,864,48004,136200
761,54,45,13578,873,48049,143700
762,53,37,13525,889,48086,143400
763,46,47,13479,888,48133,258100
764,45,46,13434,887,48179,151400
765,50,41,13384,896,48220,171300
766,51,45,13333,902,48265,152400
767,45,42,13288,905,48307,160600
768,54,48,13234,911,48355,151000
769,49,51,13185,909,48406,149700
770,51,42,13134,918,48448,145400
771,34,56,13100,896,48504,136600
772,48,41,13052,903,48545,144300
773,53,45,12999,911,48590,147700
774,45,49,12954,907,48639,138200
775,53,40,12901,920,48679,145300
776,49,52,12852,917,48731,149500
777,56,41,12796,932,48772,149700
778,35,40,12761,927,48812,141200
779,41,40,12720,928,48852,143100
780,53,49,12667,932,48901,143600
781,45,67,12622,910,48968,143700
782,61,52,12561,919,49020,140300
783,52,36,12509,935,49056,143000
784,45,48,12464,932,49104,143400
785,47,48,12417,931,49152,145700
786,47,48,12370,930,49200,151900
787,46,47,12324,929,49247,138500
788,41,42,12283,928,49289,146300
789,41,48,12242,921,49337,140500
790,38,55,12204,904,49392,143700
791,38,39,12166,903,49431,148400
792,34,29,12132,908,49460,137100
793,47,51,12085,904,49511,143000
794,48,34,12037,918,49545,145300
795,57,57,11980,918,49602,139600
796,59,50,11921,927,49652,149600
797,48,47,11873,928,49699,146000
798,44,57,11829,915,49756,243500
799,40,51,11789,904,49807,144600
800,43,40,11746,907,49847,149500
801,39,50,11707,896,49897,143900
802,42,46,11665,892,49943,139900
803,39,40,11626,891,49983,144300
804,40,38,11586,893,50021,145800
805,40,35,11546,898,50056,140500
806,50,45,11496,903,50101,150500
807,47,53,11449,897,50154,138200
808,39,41,11410,895,50195,145200
809,47,51,11363,891,50246,139500
810,52,37,11311,906,50283,144300
811,41,43,11270,904,50326,144300
812,48,45,11222,907,50371,147000
813,57,38,11165,926,50409,152500
814,53,57,11112,922,50466,153600
815,45,56,11067,911,50522,150100
816,44,49,11023,906,50571,148000
817,47,44,10976,909,50615,228700
818,40,38,10936,911,50653,170600
819,51,47,10885,915,50700,169200
820,57,41,10828,931,50741,168100
821,50,43,10778,938,50784,171900
822,61,47,10717,952,50831,166700
823,35,49,10682,938,50880,160200
824,56,37,10626,957,50917,158800
825,59,38,10567,978,50955,160800
826,55,57,10512,976,51012,153400
827,52,47,10460,981,51059,144900
828,43,36,10417,988,51095,138600
829,44,49,10373,983,51144,137500
830,58,56,10315,985,51200,322600
831,44,54,10271,975,51254,247300
832,64,57,10207,982,51311,145500
833,44,56,10163,970,51367,141600
834,50,44,10113,976,51411,150800
835,57,35,10056,998,51446,160800
836,40,58,10016,980,51504,162700
837,37,51,9979,966,51555,150200
838,49,52,9930,963,51607,148200
839,52,49,9878,966,51656,143700
840,59,35,9819,990,51691,150300
841,63,46,9756,1007,51737,141700
842,58,56,9698,1009,51793,142400
843,65,48,9633,1026,51841,142200
844,47,60,9586,1013,51901,144500
845,52,57,9534,1008,51958,141500
846,50,41,9484,1017,51999,144700
847,47,54,9437,1010,52053,135800
848,44,45,9393,1009,52098,143000
849,40,42,9353,1007,52140,148200
850,55,46,9298,1016,52186,143200
851,50,45,9248,1021,52231,137300
852,53,51,9195,1023,52282,142000
853,45,49,9150,1019,52331,148500
854,46,54,9104,1011,52385,151600
855,44,42,9060,1013,52427,145600
856,50,51,9010,1012,52478,138800
857,58,43,8952,1027,52521,137700
858,51,65,8901,1013,52586,143900
859,46,51,8855,1008,52637,149900
860,46,58,8809,996,52695,146600
861,54,60,8755,990,52755,144900
862,50,46,8705,994,52801,147800
863,44,44,8661,994,52845,144000
864,48,49,8613,993,52894,140700
865,47,51,8566,989,52945,143300
866,43,49,8523,983,52994,143900
867,41,55,8482,969,53049,152100
868,44,44,8438,969,53093,149400
869,38,64,8400,943,53157,149900
870,41,40,8359,944,53197,137600
871,48,40,8311,952,53237,144500
872,47,58,8264,941,53295,138200
873,49,46,8215,944,53341,134400
874,39,35,8176,948,53376,143800
875,39,40,8137,947,53416,144700
876,50,47,8087,950,53463,137000
877,56,50,8031,956,53513,147900
878,42,43,7989,955,53556,152100
879,43,40,7946,958,53596,140500
880,44,44,7902,958,53640,133100
881,47,35,7855,970,53675,145600
882,52,44,7803,978,53719,150600
883,55,51,7748,982,53770,151800
884,56,60,7692,978,53830,151900
885,52,65,7640,965,53895,147000
886,46,49,7594,962,53944,154400
887,50,46,7544,966,53990,181600
888,38,43,7506,961,54033,184300
889,47,49,7459,959,54082,192800
890,47,48,7412,958,54130,189400
891,56,42,7356,972,54172,201100
892,44,57,7312,959,54229,192400
893,53,56,7259,956,54285,195200
894,51,44,7208,963,54329,175300
895,31,51,7177,943,54380,201100
896,48,51,7129,940,54431,175800
897,36,47,7093,929,54478,208100
898,34,54,7059,909,54532,201500
899,42,51,7017,900,54583,220600
900,38,40,6979,898,54623,224800
901,29,44,6950,883,54667,289800
902,25,46,6925,862,54713,219200
903,30,43,6895,849,54756,190000
904,50,39,6845,860,54795,199300
905,36,40,6809,856,54835,185300
906,35,51,6774,840,54886,162800
907,39,46,6735,833,54932,163100
908,46,37,6689,842,54969,161600
909,43,45,6646,840,55014,156700
910,48,39,6598,849,55053,344000
911,38,39,6560,848,55092,169500
912,46,45,6514,849,55137,147800
913,25,38,6489,836,55175,151000
914,35,44,6454,827,55219,143700
915,36,50,6418,813,55269,147600
916,43,39,6375,817,55308,152800
917,39,45,6336,811,55353,153600
918,34,33,6302,812,55386,144700
919,38,32,6264,818,55418,146000
920,41,54,6223,805,55472,147400
921,29,53,6194,781,55525,150500
922,35,46,6159,770,55571,144000
923,42,33,6117,779,55604,139500
924,34,58,6083,755,55662,142600
925,27,44,6056,738,55706,138800
926,29,34,6027,733,55740,153600
927,28,45,5999,716,55785,142500
928,29,36,5970,709,55821,140900
929,28,42,5942,695,55863,137300
930,27,34,5915,688,55897,137700
931,25,40,5890,673,55937,137700
932,38,31,5852,680,55968,141300
933,26,33,5826,673,56001,228500
934,30,30,5796,673,56031,149300
935,26,35,5770,664,56066,141600
936,31,35,5739,660,56101,148800
937,33,29,5706,664,56130,145800
938,33,38,5673,659,56168,136000
939,38,26,5635,671,56194,137900
940,24,40,5611,655,56234,135100
941,32,34,5579,653,56268,140300
942,36,25,5543,664,56293,141700
943,28,35,5515,657,56328,142800
944,37,28,5478,666,56356,145200
945,41,27,5437,680,56383,139000
946,31,33,5406,678,56416,144200
947,33,40,5373,671,56456,142300
948,39,38,5334,672,56494,138500
949,29,28,5305,673,56522,136000
950,35,25,5270,683,56547,140300
951,26,44,5244,665,56591,138400
952,34,38,5210,661,56629,139700
953,25,27,5185,659,56656,148600
954,35,32,5150,662,56688,145400
955,22,37,5128,647,56725,141900
956,36,27,5092,656,56752,142800
957,31,36,5061,651,56788,156800
958,33,36,5028,648,56824,141400
959,26,29,5002,645,56853,140500
960,33,37,4969,641,56890,141300
961,41,19,4928,663,56909,139500
962,32,24,4896,671,56933,138700
963,33,35,4863,669,56968,141200
964,27,32,4836,664,57000,136600
965,38,25,4798,677,57025,146700
966,39,31,4759,685,57056,140700
967,34,39,4725,680,57095,135900
968,29,24,4696,685,57119,137700
969,26,36,4670,675,57155,132700
970,26,34,4644,667,57189,138700
971,24,26,4620,665,57215,140000
972,30,35,4590,660,57250,143300
973,36,28,4554,668,57278,140500
974,34,36,4520,666,57314,151200
975,29,41,4491,654,57355,145900
976,28,26,4463,656,57381,146000
977,20,45,4443,631,57426,137700
978,27,34,4416,624,57460,140900
979,24,30,4392,618,57490,136800
980,20,37,4372,601,57527,140100
981,23,29,4349,595,57556,138100
982,24,23,4325,596,57579,142400
983,25,30,4300,591,57609,144500
984,30,34,4270,587,57643,137700
985,28,28,4242,587,57671,138100
986,30,31,4212,586,57702,146000
987,21,27,4191,580,57729,143600
988,32,33,4159,579,57762,137500
989,28,34,4131,573,57796,140800
990,29,38,4102,564,57834,140300
991,27,41,4075,550,57875,138400
992,23,34,4052,539,57909,134900
993,30,28,4022,541,57937,141200
994,22,29,4000,534,57966,138800
995,21,20,3979,535,57986,147100
996,24,24,3955,535,58010,140700
997,21,23,3934,533,58033,142700
998,29,15,3905,547,58048,137900
999,29,21,3876,555,58069,135800
1000,24,18,3852,561,58087,138300
1001,17,31,3835,547,58118,138100
1002,25,26,3810,546,58144,135300
1003,25,29,3785,542,58173,136500
1004,20,28,3765,534,58201,136400
1005,22,32,3743,524,58233,141600
1006,27,21,3716,530,58254,136600
1007,36,24,3680,542,58278,141200
1008,27,23,3653,546,58301,137100
1009,22,29,3631,539,58330,175100
1010,24,26,3607,537,58356,143100
1011,17,21,3590,533,58377,149100
1012,15,23,3575,525,58400,167200
1013,26,26,3549,525,58426,152500
1014,25,23,3524,527,58449,160200
1015,28,30,3496,525,58479,226200
1016,20,26,3476,519,58505,148400
1017,21,24,3455,516,58529,140000
1018,23,18,3432,521,58547,140600
1019,22,30,3410,513,58577,141000
1020,28,42,3382,499,58619,146100
1021,32,29,3350,502,58648,140100
1022,32,15,3318,519,58663,135800
1023,23,31,3295,511,58694,140000
1024,15,16,3280,510,58710,147700
1025,24,20,3256,514,58730,148200
1026,26,31,3230,509,58761,134400
1027,19,27,3211,501,58788,147300
1028,21,25,3190,497,58813,146800
1029,16,27,3174,486,58840,144300
1030,18,24,3156,480,58864,145700
1031,21,23,3135,478,58887,128700
1032,20,16,3115,482,58903,129300
1033,17,23,3098,476,58926,135600
1034,15,30,3083,461,58956,137800
1035,20,20,3063,461,58976,137700
1036,23,27,3040,457,59003,140700
1037,23,24,3017,456,59027,138300
1038,25,18,2992,463,59045,135800
1039,18,24,2974,457,59069,134800
1040,16,21,2958,452,59090,136000
1041,18,29,2940,441,59119,148800
1042,18,27,2922,432,59146,135800
1043,18,11,2904,439,59157,131400
1044,19,24,2885,434,59181,138000
1045,17,18,2868,433,59199,133700
1046,25,19,2843,439,59218,132400
1047,20,20,2823,439,59238,169700
1048,16,20,2807,435,59258,133400
1049,12,19,2795,428,59277,133100
1050,21,21,2774,428,59298,132500
1051,10,19,2764,419,59317,133700
1052,7,22,2757,404,59339,139600
1053,17,21,2740,400,59360,149500
1054,9,17,2731,392,59377,131100
1055,21,14,2710,399,59391,150200
1056,20,21,2690,398,59412,149700
1057,8,23,2682,383,59435,150300
1058,19,25,2663,377,59460,139300
1059,17,19,2646,375,59479,137700
1060,9,19,2637,365,59498,152300
1061,21,11,2616,375,59509,143200
1062,10,21,2606,364,59530,146900
1063,16,19,2590,361,59549,151600
1064,14,18,2576,357,59567,152700
1065,20,17,2556,360,59584,145100
1066,16,16,2540,360,59600,146000
1067,15,15,2525,360,59615,144300
1068,21,16,2504,365,59631,133900
1069,23,17,2481,371,59648,133600
1070,12,25,2469,358,59673,135500
1071,18,13,2451,363,59686,135800
1072,19,15,2432,367,59701,134000
1073,11,18,2421,360,59719,143000
1074,16,9,2405,367,59728,130200
1075,10,19,2395,358,59747,137000
1076,14,9,2381,363,59756,143700
1077,20,20,2361,363,59776,145500
1078,20,22,2341,361,59798,141500
1079,14,10,2327,365,59808,136800
1080,14,15,2313,364,59823,173400
1081,12,24,2301,352,59847,166300
1082,10,15,2291,347,59862,153600
1083,11,24,2280,334,59886,134500
1084,16,18,2264,332,59904,130600
1085,14,15,2250,331,59919,135800
1086,20,19,2230,332,59938,132400
1087,8,24,2222,316,59962,129500
1088,13,18,2209,311,59980,134600
1089,19,19,2190,311,59999,130700
1090,11,11,2179,311,60010,138500
1091,20,22,2159,309,60032,146300
1092,26,16,2133,319,60048,147400
1093,14,14,2119,319,60062,140700
1094,24,13,2095,330,60075,138700
1095,13,22,2082,321,60097,139500
1096,16,19,2066,318,60116,147700
1097,17,16,2049,319,60132,146900
1098,13,16,2036,316,60148,141500
1099,16,22,2020,310,60170,142600
1100,17,12,2003,315,60182,149200
1101,13,15,1990,313,60197,140500
1102,15,17,1975,311,60214,150200
1103,19,20,1956,310,60234,135200
1104,19,20,1937,309,60254,138500
1105,12,14,1925,307,60268,127000
1106,10,19,1915,298,60287,166600
1107,13,19,1902,292,60306,139300
1108,12,18,1890,286,60324,137000
1109,8,15,1882,279,60339,136600
1110,12,13,1870,278,60352,142600
1111,15,12,1855,281,60364,140600
1112,10,19,1845,272,60383,155200
1113,11,10,1834,273,60393,164500
1114,15,20,1819,268,60413,165300
1115,12,12,1807,268,60425,167200
1116,12,16,1795,264,60441,140600
1117,18,13,1777,269,60454,186800
1118,13,16,1764,266,60470,144200
1119,18,15,1746,269,60485,153600
1120,13,15,1733,267,60500,147000
1121,11,18,1722,260,60518,145100
1122,13,17,1709,256,60535,233700
1123,15,20,1694,251,60555,139000
1124,10,13,1684,248,60568,138600
1125,7,14,1677,241,60582,177500
1126,8,10,1669,239,60592,135100
1127,11,7,1658,243,60599,127100
1128,16,18,1642,241,60617,136000
1129,8,16,1634,233,60633,144200
1130,15,11,1619,237,60644,130100
1131,11,18,1608,230,60662,131500
1132,7,14,1601,223,60676,131400
1133,12,6,1589,229,60682,132400
1134,9,13,1580,225,60695,143200
1135,13,19,1567,219,60714,133900
1136,6,15,1561,210,60729,132200
1137,8,7,1553,211,60736,141200
1138,6,8,1547,209,60744,134900
1139,4,7,1543,206,60751,131900
1140,9,8,1534,207,60759,131800
1141,9,11,1525,205,60770,136500
1142,8,11,1517,202,60781,140300
1143,10,12,1507,200,60793,141000
1144,6,12,1501,194,60805,141800
1145,9,9,1492,194,60814,137000
1146,5,7,1487,192,60821,141700
1147,9,12,1478,189,60833,134800
1148,10,9,1468,190,60842,138800
1149,3,9,1465,184,60851,152100
1150,10,8,1455,186,60859,134800
1151,8,4,1447,190,60863,135200
1152,6,10,1441,186,60873,136300
1153,8,9,1433,185,60882,154300
1154,10,8,1423,187,60890,140900
1155,8,11,1415,184,60901,137300
1156,7,7,1408,184,60908,138500
1157,6,9,1402,181,60917,145200
1158,8,6,1394,183,60923,142100
1159,6,9,1388,180,60932,157900
1160,5,14,1383,171,60946,160800
1161,7,6,1376,172,60952,139700
1162,9,9,1367,172,60961,138300
1163,7,8,1360,171,60969,141000
1164,9,8,1351,172,60977,144900
1165,3,7,1348,168,60984,133900
1166,6,6,1342,168,60990,135400
1167,8,4,1334,172,60994,135300
1168,9,6,1325,175,61000,128500
1169,9,2,1316,182,61002,125400
1170,4,4,1312,182,61006,135100
1171,6,10,1306,178,61016,129000
1172,8,5,1298,181,61021,125700
1173,7,9,1291,179,61030,132300
1174,13,10,1278,182,61040,128100
1175,5,11,1273,176,61051,131800
1176,10,10,1263,176,61061,137600
1177,10,11,1253,175,61072,132800
1178,11,9,1242,177,61081,133600
1179,11,9,1231,179,61090,125500
1180,4,10,1227,173,61100,126500
1181,8,8,1219,173,61108,131800
1182,6,9,1213,170,61117,133400
1183,10,6,1203,174,61123,130000
1184,6,7,1197,173,61130,136100
1185,5,10,1192,168,61140,133400
1186,8,5,1184,171,61145,130000
1187,8,12,1176,167,61157,128300
1188,8,11,1168,164,61168,126000
1189,5,8,1163,161,61176,130800
1190,6,11,1157,156,61187,129200
1191,8,5,1149,159,61192,132700
1192,6,12,1143,153,61204,138400
1193,5,2,1138,156,61206,145500
1194,10,6,1128,160,61212,144200
1195,6,12,1122,154,61224,140700
1196,3,9,1119,148,61233,137800
1197,7,8,1112,147,61241,132000
1198,3,9,1109,141,61250,140000
1199,7,6,1102,142,61256,133900
1200,1,4,1101,139,61260,143200
1201,5,9,1096,135,61269,139000
1202,2,4,1094,133,61273,142400
1203,2,11,1092,124,61284,136300
1204,4,3,1088,125,61287,130900
1205,2,3,1086,124,61290,153500
1206,2,6,1084,120,61296,155900
1207,1,5,1083,116,61301,160200
1208,3,6,1080,113,61307,138700
1209,1,4,1079,110,61311,155800
1210,3,5,1076,108,61316,141100
1211,4,3,1072,109,61319,148800
1212,1,7,1071,103,61326,136400
1213,2,3,1069,102,61329,137500
1214,1,3,1068,100,61332,131300
1215,2,6,1066,96,61338,136100
1216,1,5,1065,92,61343,195300
1217,1,6,1064,87,61349,120000
1218,2,1,1062,88,61350,282600
1219,0,5,1062,83,61355,131800
1220,0,3,1062,80,61358,130900
1221,0,4,1062,76,61362,181000
1222,2,8,1060,70,61370,145900
1223,0,5,1060,65,61375,145800
1224,0,1,1060,64,61376,133600
1225,0,6,1060,58,61382,127900
1226,0,3,1060,55,61385,127600
1227,0,1,1060,54,61386,128400
1228,0,0,1060,54,61386,126800
1229,0,2,1060,52,61388,133600
1230,0,4,1060,48,61392,131500
1231,0,4,1060,44,61396,132900
1232,2,1,1058,45,61397,128800
1233,1,2,1057,44,61399,128100
1234,1,2,1056,43,61401,128700
1235,0,2,1056,41,61403,130400
1236,0,2,1056,39,61405,133200
1237,1,3,1055,37,61408,141900
1238,0,2,1055,35,61410,164800
1239,0,1,1055,34,61411,150300
1240,0,2,1055,32,61413,142200
1241,0,0,1055,32,61413,150500
1242,0,0,1055,32,61413,132100
1243,0,0,1055,32,61413,130300
1244,1,2,1054,31,61415,133500
1245,0,2,1054,29,61417,130500
1246,0,1,1054,28,61418,130500
1247,0,0,1054,28,61418,120900
1248,0,1,1054,27,61419,146300
1249,0,1,1054,26,61420,128700
1250,1,1,1053,26,61421,132700
1251,0,0,1053,26,61421,126900
1252,0,2,1053,24,61423,125000
1253,0,1,1053,23,61424,124700
1254,0,1,1053,22,61425,128800
1255,0,0,1053,22,61425,127800
1256,1,0,1052,23,61425,128100
1257,0,0,1052,23,61425,126900
1258,0,1,1052,22,61426,131200
1259,0,1,1052,21,61427,149800
1260,0,4,1052,17,61431,134700
1261,0,1,1052,16,61432,126200
1262,0,3,1052,13,61435,129300
1263,0,0,1052,13,61435,144100
1264,0,2,1052,11,61437,136100
1265,0,2,1052,9,61439,129000
1266,0,0,1052,9,61439,124200
1267,0,0,1052,9,61439,136400
1268,0,0,1052,9,61439,127400
1269,0,2,1052,7,61441,123500
1270,0,0,1052,7,61441,125400
1271,0,0,1052,7,61441,123200
1272,0,1,1052,6,61442,131000
1273,0,0,1052,6,61442,124100
1274,0,0,1052,6,61442,127800
1275,0,0,1052,6,61442,127900
1276,0,0,1052,6,61442,143600
1277,0,0,1052,6,61442,129200
1278,0,0,1052,6,61442,139500
1279,0,0,1052,6,61442,154300
1280,0,0,1052,6,61442,144800
1281,0,0,1052,6,61442,136700
1282,0,0,1052,6,61442,141600
1283,0,0,1052,6,61442,129100
1284,0,1,1052,5,61443,140800
1285,0,0,1052,5,61443,130900
1286,0,0,1052,5,61443,122300
1287,0,1,1052,4,61444,124700
1288,0,1,1052,3,61445,132700
1289,0,0,1052,3,61445,125100
1290,0,0,1052,3,61445,126800
1291,0,0,1052,3,61445,129200
1292,0,1,1052,2,61446,120200
1293,0,1,1052,1,61447,130700
1294,0,0,1052,1,61447,123300
1295,0,0,1052,1,61447,121400
1296,0,0,1052,1,61447,121500
1297,0,0,1052,1,61447,124200
1298,0,0,1052,1,61447,119800
1299,0,0,1052,1,61447,121700
1300,0,0,1052,1,61447,127600
1301,0,0,1052,1,61447,122100
1302,0,0,1052,1,61447,122300
1303,0,0,1052,1,61447,129200
1304,0,0,1052,1,61447,125700
1305,0,0,1052,1,61447,127700
1306,0,0,1052,1,61447,123600
1307,0,0,1052,1,61447,125800
1308,0,1,1052,0,61448,127600
