Tick,NewlyInfected,NewlyRecovered,TotalSusceptible,TotalInfected,TotalRecovered,StepTimeNanos
0,1,0,999994,6,0,2523300
1,3,0,999991,9,0,2404200
2,2,1,999989,10,1,2520400
3,1,1,999988,10,2,2630300
4,3,0,999985,13,2,2285900
5,3,0,999982,16,2,2303300
6,2,1,999980,17,3,2300900
7,1,0,999979,18,3,2531800
8,6,1,999973,23,4,2285400
9,4,0,999969,27,4,2302100
10,9,1,999960,35,5,2304800
11,9,2,999951,42,7,2270500
12,10,1,999941,51,8,2276700
13,7,2,999934,56,10,2403900
14,9,2,999925,63,12,2426000
15,8,1,999917,70,13,2292500
16,12,3,999905,79,16,2276300
17,10,2,999895,87,18,2286000
18,9,1,999886,95,19,2271500
19,11,6,999875,100,25,2293800
20,15,5,999860,110,30,2448200
21,16,5,999844,121,35,2343500
22,9,2,999835,128,37,2314300
23,10,4,999825,134,41,2307500
24,15,9,999810,140,50,2328400
25,9,9,999801,140,59,2327900
26,12,10,999789,142,69,2396900
27,15,12,999774,145,81,2418800
28,16,12,999758,149,93,2603800
29,12,7,999746,154,100,2356100
30,9,13,999737,150,113,2360700
31,16,5,999721,161,118,2425400
32,11,11,999710,161,129,2484500
33,15,10,999695,166,139,2611900
34,15,11,999680,170,150,2336700
35,9,3,999671,176,153,2353600
36,13,5,999658,184,158,2325100
37,16,2,999642,198,160,2355100
38,23,12,999619,209,172,2391700
39,16,16,999603,209,188,2440600
40,17,13,999586,213,201,2352500
41,20,12,999566,221,213,2373100
42,20,15,999546,226,228,2398600
43,23,12,999523,237,240,2360500
44,25,13,999498,249,253,2330800
45,25,11,999473,263,264,2337600
46,20,13,999453,270,277,2350600
47,23,12,999430,281,289,2355600
48,32,14,999398,299,303,2313100
49,21,13,999377,307,316,2301600
50,29,12,999348,324,328,2341500
51,25,16,999323,333,344,2390400
52,34,22,999289,345,366,2649200
53,27,18,999262,354,384,2401700
54,36,16,999226,374,400,2546200
55,27,18,999199,383,418,2421100
56,31,21,999168,393,439,2349600
57,23,20,999145,396,459,2395200
58,30,22,999115,404,481,2406900
59,42,21,999073,425,502,2606500
60,31,9,999042,447,511,2388700
61,30,28,999012,449,539,2374200
62,36,27,998976,458,566,2370800
63,18,15,998958,461,581,2495300
64,32,19,998926,474,600,2413800
65,36,19,998890,491,619,2395700
66,41,23,998849,509,642,2361000
67,44,27,998805,526,669,2364700
68,49,28,998756,547,697,2390700
69,34,24,998722,557,721,2361600
70,48,25,998674,580,746,2963400
71,50,16,998624,614,762,2657100
72,40,35,998584,619,797,2430800
73,45,29,998539,635,826,2441200
74,35,32,998504,638,858,2593500
75,37,24,998467,651,882,2437900
76,59,35,998408,675,917,2388100
77,53,41,998355,687,958,2421300
78,49,30,998306,706,988,2381000
79,61,37,998245,730,1025,2527000
80,55,46,998190,739,1071,2667400
81,56,40,998134,755,1111,2926400
82,50,28,998084,777,1139,2525900
83,61,43,998023,795,1182,2417200
84,52,35,997971,812,1217,2411200
85,60,37,997911,835,1254,2397400
86,52,45,997859,842,1299,2421700
87,62,41,997797,863,1340,2509400
88,50,49,997747,864,1389,2662900
89,69,35,997678,898,1424,2509800
90,62,46,997616,914,1470,2485900
91,60,39,997556,935,1509,2724100
92,48,44,997508,939,1553,2528100
93,59,54,997449,944,1607,2765100
94,64,58,997385,950,1665,2875200
95,64,50,997321,964,1715,2708600
96,65,46,997256,983,1761,2634100
97,48,51,997208,980,1812,2688800
98,68,41,997140,1007,1853,2698900
99,68,47,997072,1028,1900,2565100
100,71,48,997001,1051,1948,2552300
101,70,50,996931,1071,1998,2522000
102,70,48,996861,1093,2046,2446900
103,62,56,996799,1099,2102,2566300
104,69,49,996730,1119,2151,2453000
105,69,47,996661,1141,2198,2588700
106,62,66,996599,1137,2264,2460200
107,63,64,996536,1136,2328,2540700
108,72,61,996464,1147,2389,2527800
109,77,65,996387,1159,2454,2530400
110,80,49,996307,1190,2503,2598200
111,69,58,996238,1201,2561,2597000
112,72,66,996166,1207,2627,2495600
113,80,59,996086,1228,2686,2499300
114,70,62,996016,1236,2748,2505200
115,85,71,995931,1250,2819,2513400
116,67,53,995864,1264,2872,2448200
117,77,52,995787,1289,2924,2522200
118,75,59,995712,1305,2983,2479100
119,79,60,995633,1324,3043,2462600
120,85,75,995548,1334,3118,2481200
121,86,54,995462,1366,3172,2469500
122,96,71,995366,1391,3243,2452200
123,86,74,995280,1403,3317,2558600
124,105,75,995175,1433,3392,2652600
125,93,66,995082,1460,3458,3088800
126,98,73,994984,1485,3531,4667300
127,102,77,994882,1510,3608,2485700
128,90,63,994792,1537,3671,2580100
129,99,83,994693,1553,3754,2540400
130,98,69,994595,1582,3823,7301500
131,95,81,994500,1596,3904,2668500
132,94,97,994406,1593,4001,2669200
133,78,67,994328,1604,4068,3034900
134,93,79,994235,1618,4147,7289100
135,100,76,994135,1642,4223,3171600
136,86,82,994049,1646,4305,3204900
137,94,82,993955,1658,4387,2876900
138,107,87,993848,1678,4474,2847100
139,95,80,993753,1693,4554,2825200
140,112,91,993641,1714,4645,2946400
141,111,98,993530,1727,4743,2858000
142,98,81,993432,1744,4824,2718300
143,111,86,993321,1769,4910,2671100
144,87,91,993234,1765,5001,2775300
145,100,100,993134,1765,5101,3091000
146,102,84,993032,1783,5185,2879200
147,101,80,992931,1804,5265,2817200
148,118,96,992813,1826,5361,2566200
149,117,91,992696,1852,5452,2510600
150,90,86,992606,1856,5538,2508600
151,99,88,992507,1867,5626,2480800
152,98,96,992409,1869,5722,2508900
153,108,95,992301,1882,5817,2482300
154,95,102,992206,1875,5919,2442400
155,95,91,992111,1879,6010,2426600
156,122,102,991989,1899,6112,2422600
157,118,113,991871,1904,6225,2478300
158,123,95,991748,1932,6320,2482500
159,122,79,991626,1975,6399,2912000
160,118,100,991508,1993,6499,2438100
161,122,94,991386,2021,6593,2401600
162,115,100,991271,2036,6693,2393800
163,117,114,991154,2039,6807,2401700
164,118,110,991036,2047,6917,2395000
165,125,106,990911,2066,7023,2444200
166,116,98,990795,2084,7121,2384000
167,127,96,990668,2115,7217,2356400
168,117,102,990551,2130,7319,2375900
169,122,113,990429,2139,7432,2375100
170,119,112,990310,2146,7544,2376800
171,127,120,990183,2153,7664,2476800
172,121,100,990062,2174,7764,2459700
173,114,117,989948,2171,7881,2659500
174,122,116,989826,2177,7997,2543200
175,117,115,989709,2179,8112,2585500
176,132,110,989577,2201,8222,2502000
177,131,117,989446,2215,8339,2616100
178,108,109,989338,2214,8448,2615800
179,117,117,989221,2214,8565,2489700
180,127,109,989094,2232,8674,2460200
181,127,109,988967,2250,8783,2443300
182,146,117,988821,2279,8900,2520700
183,120,112,988701,2287,9012,2639700
184,133,102,988568,2318,9114,2639500
185,111,125,988457,2304,9239,2496100
186,142,133,988315,2313,9372,2440600
187,139,107,988176,2345,9479,2446800
188,138,116,988038,2367,9595,2467300
189,139,107,987899,2399,9702,2444700
190,141,131,987758,2409,9833,2429300
191,136,120,987622,2425,9953,2429000
192,130,102,987492,2453,10055,2427300
193,167,132,987325,2488,10187,2421100
194,149,124,987176,2513,10311,2440700
195,143,126,987033,2530,10437,2371900
196,147,147,986886,2530,10584,2428000
197,136,131,986750,2535,10715,2475000
198,144,113,986606,2566,10828,2366000
199,136,121,986470,2581,10949,2348900
200,155,117,986315,2619,11066,2363600
201,146,142,986169,2623,11208,2357500
202,157,158,986012,2622,11366,2482800
203,162,136,985850,2648,11502,2366700
204,146,139,985704,2655,11641,2352200
205,161,123,985543,2693,11764,2425800
206,136,149,985407,2680,11913,2396200
207,155,115,985252,2720,12028,2362900
208,155,128,985097,2747,12156,2598600
209,130,129,984967,2748,12285,2422600
210,147,125,984820,2770,12410,2431400
211,169,139,984651,2800,12549,2441100
212,133,137,984518,2796,12686,2534800
213,146,135,984372,2807,12821,2463900
214,145,151,984227,2801,12972,2854700
215,146,143,984081,2804,13115,2459700
216,161,139,983920,2826,13254,2470500
217,170,151,983750,2845,13405,2462700
218,147,147,983603,2845,13552,2437600
219,155,150,983448,2850,13702,2454600
220,156,124,983292,2882,13826,2535500
221,158,140,983134,2900,13966,2442200
222,183,146,982951,2937,14112,2455500
223,170,157,982781,2950,14269,2464200
224,170,131,982611,2989,14400,2472500
225,174,163,982437,3000,14563,2472100
226,179,162,982258,3017,14725,2515500
227,189,151,982069,3055,14876,2516500
228,193,158,981876,3090,15034,2514700
229,168,156,981708,3102,15190,2500800
230,160,166,981548,3096,15356,2461800
231,184,154,981364,3126,15510,2476400
232,186,152,981178,3160,15662,2483700
233,169,175,981009,3154,15837,2531900
234,127,155,980882,3126,15992,2470600
235,175,150,980707,3151,16142,2506600
236,191,163,980516,3179,16305,2524300
237,196,176,980320,3199,16481,2513500
238,215,162,980105,3252,16643,2600100
239,204,153,979901,3303,16796,2553700
240,193,169,979708,3327,16965,2534500
241,208,167,979500,3368,17132,2545400
242,201,196,979299,3373,17328,2476700
243,192,152,979107,3413,17480,2447400
244,202,172,978905,3443,17652,2709300
245,225,154,978680,3514,17806,2793200
246,210,180,978470,3544,17986,2573000
247,217,183,978253,3578,18169,2521500
248,188,156,978065,3610,18325,2580100
249,201,197,977864,3614,18522,2743800
250,210,168,977654,3656,18690,2615300
251,202,179,977452,3679,18869,2545300
252,211,189,977241,3701,19058,2538600
253,247,188,976994,3760,19246,2497800
254,206,187,976788,3779,19433,2470100
255,240,158,976548,3861,19591,2443500
256,191,186,976357,3866,19777,2615600
257,213,209,976144,3870,19986,2525800
258,207,189,975937,3888,20175,2518700
259,204,194,975733,3898,20369,2468900
260,195,184,975538,3909,20553,2464800
261,218,180,975320,3947,20733,2541800
262,233,194,975087,3986,20927,2992300
263,236,160,974851,4062,21087,2597500
264,243,236,974608,4069,21323,2521000
265,220,201,974388,4088,21524,2535200
266,230,196,974158,4122,21720,2500500
267,209,212,973949,4119,21932,2460000
268,190,208,973759,4101,22140,2981900
269,227,203,973532,4125,22343,2470600
270,208,204,973324,4129,22547,2658700
271,210,232,973114,4107,22779,2513200
272,224,213,972890,4118,22992,2425800
273,199,224,972691,4093,23216,2439700
274,218,209,972473,4102,23425,2426300
275,207,190,972266,4119,23615,2435800
276,241,206,972025,4154,23821,2402000
277,231,210,971794,4175,24031,2419000
278,227,215,971567,4187,24246,2404600
279,243,202,971324,4228,24448,2400100
280,226,214,971098,4240,24662,2445900
281,226,226,970872,4240,24888,2496600
282,235,207,970637,4268,25095,2465500
283,238,212,970399,4294,25307,2428400
284,250,205,970149,4339,25512,2427800
285,231,233,969918,4337,25745,2392300
286,236,241,969682,4332,25986,2433100
287,257,198,969425,4391,26184,2748500
288,272,223,969153,4440,26407,2539700
289,270,224,968883,4486,26631,2544300
290,253,227,968630,4512,26858,2618800
291,238,238,968392,4512,27096,2770500
292,233,222,968159,4523,27318,2672300
293,223,242,967936,4504,27560,2639200
294,238,234,967698,4508,27794,2545900
295,259,234,967439,4533,28028,2523300
296,241,211,967198,4563,28239,2504600
297,243,234,966955,4572,28473,2518600
298,252,225,966703,4599,28698,2556500
299,241,253,966462,4587,28951,2494400
300,263,239,966199,4611,29190,2475600
301,229,246,965970,4594,29436,2472700
302,247,235,965723,4606,29671,2466100
303,275,232,965448,4649,29903,2429900
304,228,236,965220,4641,30139,2986300
305,285,215,964935,4711,30354,2509100
306,246,259,964689,4698,30613,2475500
307,252,229,964437,4721,30842,2468100
308,253,242,964184,4732,31084,2437100
309,249,242,963935,4739,31326,2438700
310,249,222,963686,4766,31548,2532100
311,249,247,963437,4768,31795,2472700
312,241,255,963196,4754,32050,2492500
313,256,251,962940,4759,32301,2535800
314,268,228,962672,4799,32529,2535400
315,287,221,962385,4865,32750,2509500
316,278,206,962107,4937,32956,2752600
317,284,235,961823,4986,33191,2738800
318,252,259,961571,4979,33450,2626300
319,260,268,961311,4971,33718,2600600
320,274,234,961037,5011,33952,2572000
321,272,259,960765,5024,34211,2572200
322,267,255,960498,5036,34466,2523700
323,263,252,960235,5047,34718,2502400
324,295,244,959940,5098,34962,2493700
325,253,273,959687,5078,35235,2533900
326,252,269,959435,5061,35504,2478800
327,275,277,959160,5059,35781,2556300
328,261,268,958899,5052,36049,2920200
329,253,231,958646,5074,36280,2607400
330,254,287,958392,5041,36567,2619800
331,303,264,958089,5080,36831,2518600
332,282,274,957807,5088,37105,2539000
333,270,267,957537,5091,37372,2623700
334,280,261,957257,5110,37633,2554300
335,299,262,956958,5147,37895,2586300
336,281,267,956677,5161,38162,2550600
337,276,280,956401,5157,38442,2529500
338,260,279,956141,5138,38721,2551700
339,269,276,955872,5131,38997,2631700
340,307,263,955565,5175,39260,2604800
341,284,230,955281,5229,39490,2512000
342,286,243,954995,5272,39733,2513300
343,286,256,954709,5302,39989,2506700
344,290,256,954419,5336,40245,2514900
345,298,244,954121,5390,40489,2514400
346,286,273,953835,5403,40762,2538300
347,285,301,953550,5387,41063,2528700
348,316,259,953234,5444,41322,2531300
349,284,288,952950,5440,41610,2521300
350,304,270,952646,5474,41880,2519000
351,303,277,952343,5500,42157,2471300
352,323,293,952020,5530,42450,2553400
353,331,262,951689,5599,42712,2497700
354,323,291,951366,5631,43003,2482300
355,301,257,951065,5675,43260,2483000
356,316,271,950749,5720,43531,2499500
357,303,349,950446,5674,43880,2489200
358,315,266,950131,5723,44146,2589800
359,330,306,949801,5747,44452,2506500
360,326,268,949475,5805,44720,2507300
361,308,293,949167,5820,45013,2481400
362,337,290,948830,5867,45303,2494200
363,306,305,948524,5868,45608,2525900
364,333,265,948191,5936,45873,2654200
365,320,289,947871,5967,46162,2637100
366,279,284,947592,5962,46446,2603400
367,319,280,947273,6001,46726,2827400
368,335,290,946938,6046,47016,2771400
369,348,294,946590,6100,47310,2715600
370,318,275,946272,6143,47585,2709800
371,320,292,945952,6171,47877,2655700
372,349,331,945603,6189,48208,2620000
373,340,316,945263,6213,48524,2598800
374,372,336,944891,6249,48860,2590400
375,320,305,944571,6264,49165,3003800
376,369,305,944202,6328,49470,2787600
377,314,288,943888,6354,49758,2678900
378,372,314,943516,6412,50072,2642900
379,335,295,943181,6452,50367,2571000
380,358,328,942823,6482,50695,2570700
381,332,321,942491,6493,51016,2600900
382,367,316,942124,6544,51332,2577500
383,369,339,941755,6574,51671,2546800
384,378,328,941377,6624,51999,2548400
385,383,330,940994,6677,52329,2785800
386,335,319,940659,6693,52648,2512400
387,357,318,940302,6732,52966,2892900
388,384,338,939918,6778,53304,2600000
389,364,337,939554,6805,53641,2622400
390,363,357,939191,6811,53998,2644500
391,350,336,938841,6825,54334,2602800
392,331,345,938510,6811,54679,2571400
393,389,366,938121,6834,55045,2943700
394,358,363,937763,6829,55408,2660500
395,358,370,937405,6817,55778,2633500
396,313,390,937092,6740,56168,2576600
397,366,325,936726,6781,56493,2548500
398,350,340,936376,6791,56833,2535700
399,359,364,936017,6786,57197,2858800
400,352,357,935665,6781,57554,2588100
401,376,336,935289,6821,57890,2536700
402,354,366,934935,6809,58256,2534800
403,348,331,934587,6826,58587,2531200
404,360,321,934227,6865,58908,2543400
405,341,303,933886,6903,59211,2600400
406,353,358,933533,6898,59569,2586700
407,337,345,933196,6890,59914,2564900
408,345,326,932851,6909,60240,2577500
409,373,315,932478,6967,60555,2539600
410,355,364,932123,6958,60919,2521400
411,342,340,931781,6960,61259,2638700
412,383,303,931398,7040,61562,2589000
413,337,347,931061,7030,61909,2601900
414,395,342,930666,7083,62251,2599300
415,386,346,930280,7123,62597,2682800
416,347,355,929933,7115,62952,2641900
417,328,334,929605,7109,63286,2661500
418,354,342,929251,7121,63628,2607900
419,382,374,928869,7129,64002,2609900
420,381,368,928488,7142,64370,2580100
421,370,350,928118,7162,64720,2548100
422,383,361,927735,7184,65081,2571800
423,380,362,927355,7202,65443,2628100
424,335,352,927020,7185,65795,2729600
425,355,362,926665,7178,66157,2573200
426,328,333,926337,7173,66490,2569400
427,358,366,925979,7165,66856,2560700
428,369,371,925610,7163,67227,2544000
429,375,352,925235,7186,67579,2792000
430,372,341,924863,7217,67920,2596700
431,368,352,924495,7233,68272,2598600
432,375,381,924120,7227,68653,2602100
433,405,379,923715,7253,69032,2665400
434,387,353,923328,7287,69385,2614800
435,336,363,922992,7260,69748,2720100
436,359,389,922633,7230,70137,2632800
437,376,358,922257,7248,70495,2587600
438,340,363,921917,7225,70858,2623700
439,376,376,921541,7225,71234,2620900
440,393,381,921148,7237,71615,2713300
441,391,373,920757,7255,71988,2714700
442,370,376,920387,7249,72364,2688000
443,393,369,919994,7273,72733,2635200
444,377,372,919617,7278,73105,2613000
445,411,371,919206,7318,73476,2630400
446,394,368,918812,7344,73844,2645400
447,426,362,918386,7408,74206,2611900
448,411,336,917975,7483,74542,2602000
449,392,381,917583,7494,74923,2605700
450,409,360,917174,7543,75283,2584700
451,413,364,916761,7592,75647,2580200
452,413,365,916348,7640,76012,2907300
453,442,369,915906,7713,76381,2594600
454,423,392,915483,7744,76773,2567800
455,399,414,915084,7729,77187,2568200
456,399,398,914685,7730,77585,2546500
457,410,369,914275,7771,77954,2569900
458,415,388,913860,7798,78342,2960800
459,395,420,913465,7773,78762,2624000
460,401,417,913064,7757,79179,2628000
461,407,396,912657,7768,79575,2626700
462,425,384,912232,7809,79959,2586000
463,394,389,911838,7814,80348,2608100
464,405,379,911433,7840,80727,2802000
465,428,380,911005,7888,81107,2749200
466,417,390,910588,7915,81497,2670100
467,448,405,910140,7958,81902,2652600
468,379,401,909761,7936,82303,2676500
469,398,370,909363,7964,82673,2642900
470,400,390,908963,7974,83063,2649300
471,416,424,908547,7966,83487,2633500
472,408,376,908139,7998,83863,2604800
473,406,400,907733,8004,84263,2597800
474,371,393,907362,7982,84656,2622800
475,398,401,906964,7979,85057,2625100
476,400,390,906564,7989,85447,2738900
477,389,406,906175,7972,85853,2729900
478,437,382,905738,8027,86235,2751400
479,421,375,905317,8073,86610,2820200
480,431,401,904886,8103,87011,2884200
481,441,410,904445,8134,87421,3100200
482,476,404,903969,8206,87825,2790300
483,430,409,903539,8227,88234,2755000
484,416,429,903123,8214,88663,2705600
485,422,449,902701,8187,89112,2642800
486,427,435,902274,8179,89547,2660000
487,447,436,901827,8190,89983,2639900
488,379,423,901448,8146,90406,2664500
489,433,380,901015,8199,90786,2682400
490,443,387,900572,8255,91173,2722600
491,447,425,900125,8277,91598,2658500
492,456,430,899669,8303,92028,2714300
493,448,439,899221,8312,92467,2666300
494,442,405,898779,8349,92872,2636900
495,436,415,898343,8370,93287,2655200
496,456,431,897887,8395,93718,2707000
497,459,406,897428,8448,94124,2706600
498,465,431,896963,8482,94555,2855900
499,452,405,896511,8529,94960,2698900
500,434,418,896077,8545,95378,2695900
501,432,452,895645,8525,95830,2674000
502,443,416,895202,8552,96246,2630600
503,462,474,894740,8540,96720,2644000
504,448,420,894292,8568,97140,2703100
505,482,462,893810,8588,97602,2702300
506,439,417,893371,8610,98019,2693700
507,473,406,892898,8677,98425,2745600
508,454,402,892444,8729,98827,2693400
509,452,402,891992,8779,99229,2834000
510,442,463,891550,8758,99692,2980300
511,453,447,891097,8764,100139,3008900
512,430,436,890667,8758,100575,2907100
513,462,408,890205,8812,100983,2871800
514,465,442,889740,8835,101425,3501800
515,452,463,889288,8824,101888,3364800
516,467,471,888821,8820,102359,2945600
517,424,487,888397,8757,102846,3019900
518,471,452,887926,8776,103298,3004100
519,426,420,887500,8782,103718,2942800
520,435,431,887065,8786,104149,2845700
521,452,454,886613,8784,104603,2864500
522,427,452,886186,8759,105055,2790600
523,487,410,885699,8836,105465,2762300
524,440,429,885259,8847,105894,2739000
525,435,422,884824,8860,106316,2753500
526,471,415,884353,8916,106731,2760100
527,421,452,883932,8885,107183,2741400
528,448,450,883484,8883,107633,2721100
529,459,440,883025,8902,108073,2715200
530,463,449,882562,8916,108522,2763400
531,509,429,882053,8996,108951,2749600
532,473,434,881580,9035,109385,2745300
533,459,487,881121,9007,109872,2696200
534,454,469,880667,8992,110341,2658500
535,495,458,880172,9029,110799,2684900
536,490,509,879682,9010,111308,2740500
537,463,443,879219,9030,111751,2802700
538,455,455,878764,9030,112206,2751300
539,459,427,878305,9062,112633,2695000
540,433,442,877872,9053,113075,2678400
541,523,457,877349,9119,113532,2644600
542,450,488,876899,9081,114020,3085500
543,451,437,876448,9095,114457,2756200
544,503,480,875945,9118,114937,2692700
545,471,444,875474,9145,115381,2677000
546,521,436,874953,9230,115817,2653500
547,482,519,874471,9193,116336,2687200
548,490,470,873981,9213,116806,2704800
549,476,456,873505,9233,117262,2670500
550,504,452,873001,9285,117714,2706600
551,475,474,872526,9286,118188,2689600
552,482,482,872044,9286,118670,2631500
553,488,468,871556,9306,119138,2866300
554,496,480,871060,9322,119618,2781800
555,474,477,870586,9319,120095,2671700
556,480,434,870106,9365,120529,2644600
557,426,478,869680,9313,121007,2682500
558,442,472,869238,9283,121479,2745900
559,476,492,868762,9267,121971,2759500
560,477,442,868285,9302,122413,2787500
561,461,447,867824,9316,122860,2812400
562,491,468,867333,9339,123328,2801200
563,437,476,866896,9300,123804,2944200
564,469,510,866427,9259,124314,2703900
565,439,467,865988,9231,124781,2772800
566,451,464,865537,9218,125245,2713100
567,474,488,865063,9204,125733,2666400
568,484,490,864579,9198,126223,2667700
569,454,438,864125,9214,126661,2659400
570,416,501,863709,9129,127162,2708100
571,433,458,863276,9104,127620,2833700
572,467,456,862809,9115,128076,2861500
573,484,466,862325,9133,128542,2831800
574,454,455,861871,9132,128997,2827800
575,434,425,861437,9141,129422,2855300
576,453,447,860984,9147,129869,3424200
577,499,452,860485,9194,130321,2916100
578,465,414,860020,9245,130735,2887400
579,442,457,859578,9230,131192,2862700
580,428,430,859150,9228,131622,2847100
581,438,478,858712,9188,132100,2850000
582,447,478,858265,9157,132578,2916200
583,417,464,857848,9110,133042,2947500
584,424,459,857424,9075,133501,3015500
585,416,450,857008,9041,133951,2952400
586,427,434,856581,9034,134385,2966300
587,457,447,856124,9044,134832,2914800
588,456,487,855668,9013,135319,2882900
589,422,471,855246,8964,135790,2856400
590,437,437,854809,8964,136227,2833400
591,502,410,854307,9056,136637,2814900
592,477,450,853830,9083,137087,2898300
593,451,441,853379,9093,137528,2888200
594,487,476,852892,9104,138004,2856500
595,478,432,852414,9150,138436,2842900
596,446,450,851968,9146,138886,2843600
597,445,458,851523,9133,139344,2820200
598,477,447,851046,9163,139791,2844000
599,467,472,850579,9158,140263,2922700
600,470,467,850109,9161,140730,2957000
601,496,459,849613,9198,141189,2918600
602,453,467,849160,9184,141656,2878700
603,468,414,848692,9238,142070,3086100
604,495,437,848197,9296,142507,2869700
605,463,451,847734,9308,142958,2813200
606,473,496,847261,9285,143454,2938500
607,465,452,846796,9298,143906,3034800
608,452,508,846344,9242,144414,3191100
609,433,450,845911,9225,144864,3052100
610,448,477,845463,9196,145341,2888900
611,449,452,845014,9193,145793,2870500
612,486,463,844528,9216,146256,2890700
613,448,494,844080,9170,146750,2857800
614,445,488,843635,9127,147238,3530600
615,459,458,843176,9128,147696,2996600
616,489,446,842687,9171,148142,2958500
617,482,426,842205,9227,148568,2951200
618,486,511,841719,9202,149079,2872700
619,468,480,841251,9190,149559,2997300
620,487,480,840764,9197,150039,2923300
621,492,452,840272,9237,150491,2883000
622,468,446,839804,9259,150937,2865200
623,505,434,839299,9330,151371,2881000
624,506,442,838793,9394,151813,3309300
625,464,464,838329,9394,152277,2916600
626,468,438,837861,9424,152715,2846900
627,523,463,837338,9484,153178,2790600
628,499,493,836839,9490,153671,2809700
629,504,501,836335,9493,154172,2899900
630,490,458,835845,9525,154630,2912900
631,534,440,835311,9619,155070,2784300
632,505,472,834806,9652,155542,2758400
633,523,488,834283,9687,156030,2726600
634,486,494,833797,9679,156524,2727500
635,511,487,833286,9703,157011,2697200
636,448,507,832838,9644,157518,2728300
637,514,460,832324,9698,157978,2857800
638,465,496,831859,9667,158474,2683500
639,501,505,831358,9663,158979,2671900
640,467,468,830891,9662,159447,2642800
641,494,446,830397,9710,159893,2659700
642,482,483,829915,9709,160376,2669200
643,463,461,829452,9711,160837,2689100
644,493,513,828959,9691,161350,2655100
645,477,485,828482,9683,161835,2654600
646,462,500,828020,9645,162335,2646700
647,443,424,827577,9664,162759,3032700
648,489,509,827088,9644,163268,2701600
649,468,494,826620,9618,163762,2688800
650,428,459,826192,9587,164221,2675500
651,452,449,825740,9590,164670,2659500
652,495,479,825245,9606,165149,2769600
653,471,463,824774,9614,165612,3151100
654,500,507,824274,9607,166119,2848100
655,531,502,823743,9636,166621,2761900
656,513,473,823230,9676,167094,2753100
657,470,478,822760,9668,167572,2715200
658,474,505,822286,9637,168077,3316200
659,498,454,821788,9681,168531,2781000
660,493,503,821295,9671,169034,2681900
661,487,466,820808,9692,169500,2663000
662,460,516,820348,9636,170016,2694400
663,468,514,819880,9590,170530,3274300
664,496,478,819384,9608,171008,2770700
665,500,487,818884,9621,171495,2684800
666,457,483,818427,9595,171978,2696300
667,484,480,817943,9599,172458,2673200
668,483,451,817460,9631,172909,2656600
669,466,483,816994,9614,173392,2860100
670,487,485,816507,9616,173877,2795000
671,470,489,816037,9597,174366,2755500
672,469,470,815568,9596,174836,2786800
673,477,487,815091,9586,175323,2798700
674,451,461,814640,9576,175784,2935300
675,486,473,814154,9589,176257,3058000
676,464,448,813690,9605,176705,2799600
677,457,478,813233,9584,177183,2868400
678,495,513,812738,9566,177696,2809200
679,457,450,812281,9573,178146,2750700
680,438,479,811843,9532,178625,2835300
681,470,490,811373,9512,179115,2732300
682,453,491,810920,9474,179606,2713700
683,466,446,810454,9494,180052,2704800
684,459,450,809995,9503,180502,2746600
685,456,505,809539,9454,181007,3045300
686,493,481,809046,9466,181488,3005600
687,507,479,808539,9494,181967,2754200
688,528,481,808011,9541,182448,2742400
689,483,461,807528,9563,182909,2704500
690,492,502,807036,9553,183411,2687200
691,460,465,806576,9548,183876,3155900
692,464,434,806112,9578,184310,2750900
693,479,480,805633,9577,184790,2792000
694,481,479,805152,9579,185269,2782500
695,482,483,804670,9578,185752,2715800
696,473,483,804197,9568,186235,2697400
697,459,446,803738,9581,186681,3267300
698,498,442,803240,9637,187123,2927200
699,472,476,802768,9633,187599,2902800
700,499,526,802269,9606,188125,2868700
701,499,483,801770,9622,188608,2882800
702,508,464,801262,9666,189072,3217400
703,471,500,800791,9637,189572,2971200
704,442,486,800349,9593,190058,2890600
705,475,460,799874,9608,190518,2845000
706,490,491,799384,9607,191009,2860600
707,451,447,798933,9611,191456,2904600
708,504,487,798429,9628,191943,2966600
709,458,506,797971,9580,192449,2889600
710,495,457,797476,9618,192906,2804300
711,487,476,796989,9629,193382,2793900
712,487,470,796502,9646,193852,2835300
713,527,492,795975,9681,194344,3209700
714,447,488,795528,9640,194832,2815800
715,502,484,795026,9658,195316,2888800
716,478,459,794548,9677,195775,2805800
717,526,445,794022,9758,196220,2795900
718,479,489,793543,9748,196709,3097800
719,526,468,793017,9806,197177,2891600
720,525,488,792492,9843,197665,3156400
721,515,474,791977,9884,198139,2841900
722,489,469,791488,9904,198608,2915300
723,497,491,790991,9910,199099,2945700
724,500,501,790491,9909,199600,2919600
725,505,471,789986,9943,200071,2926200
726,505,486,789481,9962,200557,2866500
727,511,503,788970,9970,201060,2869200
728,505,515,788465,9960,201575,3015900
729,469,506,787996,9923,202081,2889100
730,496,456,787500,9963,202537,2857600
731,491,477,787009,9977,203014,2827200
732,491,477,786518,9991,203491,2878100
733,509,490,786009,10010,203981,2822700
734,496,503,785513,10003,204484,2887100
735,517,514,784996,10006,204998,2815500
736,499,485,784497,10020,205483,2822800
737,501,518,783996,10003,206001,2839400
738,522,503,783474,10022,206504,2806200
739,518,502,782956,10038,207006,2801400
740,530,498,782426,10070,207504,2852600
741,496,517,781930,10049,208021,2838800
742,464,495,781466,10018,208516,2819100
743,504,465,780962,10057,208981,2769600
744,480,517,780482,10020,209498,2761400
745,492,478,779990,10034,209976,2965600
746,504,517,779486,10021,210493,2962200
747,512,484,778974,10049,210977,2989400
748,493,487,778481,10055,211464,2921200
749,532,512,777949,10075,211976,2871600
750,486,529,777463,10032,212505,2855000
751,498,497,776965,10033,213002,3224500
752,517,501,776448,10049,213503,2980600
753,494,505,775954,10038,214008,2961400
754,524,473,775430,10089,214481,2831300
755,496,508,774934,10077,214989,2832800
756,533,502,774401,10108,215491,3197600
757,546,488,773855,10166,215979,2953500
758,471,477,773384,10160,216456,2874400
759,488,512,772896,10136,216968,2797700
760,519,506,772377,10149,217474,2758300
761,490,490,771887,10149,217964,3118200
762,486,507,771401,10128,218471,2866900
763,501,498,770900,10131,218969,2831200
764,479,491,770421,10119,219460,2750000
765,486,485,769935,10120,219945,2735700
766,500,498,769435,10122,220443,2909400
767,488,548,768947,10062,220991,2910200
768,466,510,768481,10018,221501,2843500
769,461,510,768020,9969,222011,2861300
770,475,503,767545,9941,222514,2847800
771,495,524,767050,9912,223038,2778300
772,512,497,766538,9927,223535,2804700
773,494,551,766044,9870,224086,2755400
774,498,488,765546,9880,224574,2733500
775,482,497,765064,9865,225071,2877300
776,499,432,764565,9932,225503,2810700
777,488,516,764077,9904,226019,2738600
778,491,481,763586,9914,226500,2736700
779,448,478,763138,9884,226978,2721300
780,506,519,762632,9871,227497,2717800
781,462,487,762170,9846,227984,2692300
782,476,458,761694,9864,228442,2674500
783,489,468,761205,9885,228910,2736800
784,497,480,760708,9902,229390,2740600
785,476,489,760232,9889,229879,2734900
786,512,504,759720,9897,230383,2759100
787,511,525,759209,9883,230908,2826800
788,538,472,758671,9949,231380,2769600
789,536,519,758135,9966,231899,2949700
790,469,498,757666,9937,232397,2870900
791,509,481,757157,9965,232878,2787500
792,498,506,756659,9957,233384,2826800
793,538,488,756121,10007,233872,2813200
794,491,476,755630,10022,234348,2879800
795,487,507,755143,10002,234855,2896600
796,515,506,754628,10011,235361,2823000
797,515,489,754113,10037,235850,2780800
798,506,452,753607,10091,236302,2751300
799,495,488,753112,10098,236790,2738800
800,487,541,752625,10044,237331,3201300
801,436,483,752189,9997,237814,2921700
802,515,479,751674,10033,238293,2776100
803,457,515,751217,9975,238808,2694900
804,482,480,750735,9977,239288,2678900
805,499,527,750236,9949,239815,2807200
806,505,483,749731,9971,240298,2921300
807,494,493,749237,9972,240791,2728400
808,528,489,748709,10011,241280,2714100
809,536,520,748173,10027,241800,2729900
810,542,526,747631,10043,242326,2712500
811,551,508,747080,10086,242834,3177300
812,533,544,746547,10075,243378,2766800
813,522,514,746025,10083,243892,2729100
814,476,478,745549,10081,244370,2701300
815,530,484,745019,10127,244854,2710800
816,510,560,744509,10077,245414,2783000
817,515,514,743994,10078,245928,2930900
818,529,508,743465,10099,246436,2840200
819,520,513,742945,10106,246949,2791200
820,545,474,742400,10177,247423,2772600
821,540,505,741860,10212,247928,2730400
822,521,495,741339,10238,248423,2786900
823,492,470,740847,10260,248893,2750500
824,511,501,740336,10270,249394,2732400
825,547,517,739789,10300,249911,2725000
826,535,516,739254,10319,250427,2694500
827,513,531,738741,10301,250958,2727200
828,503,527,738238,10277,251485,3037800
829,523,506,737715,10294,251991,2741900
830,491,508,737224,10277,252499,2714700
831,546,572,736678,10251,253071,2718800
832,520,512,736158,10259,253583,2718300
833,490,497,735668,10252,254080,2699600
834,498,507,735170,10243,254587,2861300
835,488,507,734682,10224,255094,2842700
836,480,499,734202,10205,255593,2788000
837,550,488,733652,10267,256081,2768000
838,489,519,733163,10237,256600,2781000
839,511,522,732652,10226,257122,2829200
840,534,487,732118,10273,257609,2940300
841,523,535,731595,10261,258144,3069000
842,538,501,731057,10298,258645,2977600
843,523,497,730534,10324,259142,2941100
844,512,515,730022,10321,259657,2927400
845,560,558,729462,10323,260215,3212200
846,549,503,728913,10369,260718,2974700
847,496,513,728417,10352,261231,3042800
848,518,495,727899,10375,261726,2969900
849,481,553,727418,10303,262279,2883900
850,541,518,726877,10326,262797,2981900
851,497,559,726380,10264,263356,2906900
852,517,529,725863,10252,263885,2811900
853,513,536,725350,10229,264421,2808400
854,510,486,724840,10253,264907,2769800
855,527,556,724313,10224,265463,2804900
856,518,503,723795,10239,265966,3020600
857,571,540,723224,10270,266506,3084700
858,475,493,722749,10252,266999,3008000
859,496,522,722253,10226,267521,2984700
860,547,487,721706,10286,268008,2947300
861,540,484,721166,10342,268492,3581700
862,541,532,720625,10351,269024,3081600
863,515,555,720110,10311,269579,3274000
864,511,505,719599,10317,270084,3189600
865,535,515,719064,10337,270599,3109900
866,522,508,718542,10351,271107,3177400
867,529,509,718013,10371,271616,3020200
868,531,517,717482,10385,272133,2945800
869,500,536,716982,10349,272669,2903200
870,506,499,716476,10356,273168,2886700
871,498,539,715978,10315,273707,3349200
872,521,507,715457,10329,274214,2973100
873,537,504,714920,10362,274718,2905600
874,535,482,714385,10415,275200,2865800
875,570,508,713815,10477,275708,2852000
876,526,505,713289,10498,276213,3218000
877,544,532,712745,10510,276745,2839600
878,541,527,712204,10524,277272,2846800
879,511,530,711693,10505,277802,2777000
880,548,558,711145,10495,278360,2706500
881,556,576,710589,10475,278936,2722500
882,536,552,710053,10459,279488,2777500
883,542,517,709511,10484,280005,2726400
884,501,490,709010,10495,280495,2815800
885,534,514,708476,10515,281009,2819700
886,553,530,707923,10538,281539,2866200
887,517,534,707406,10521,282073,2863700
888,562,569,706844,10514,282642,3072100
889,508,533,706336,10489,283175,2810100
890,544,553,705792,10480,283728,2760900
891,567,526,705225,10521,284254,2729500
892,545,480,704680,10586,284734,2747000
893,557,552,704123,10591,285286,2836000
894,521,517,703602,10595,285803,2768800
895,563,522,703039,10636,286325,2739400
896,504,524,702535,10616,286849,2721700
897,521,533,702014,10604,287382,2696700
898,557,535,701457,10626,287917,2977000
899,516,503,700941,10639,288420,2941900
900,516,541,700425,10614,288961,2826100
901,531,485,699894,10660,289446,2747600
902,496,499,699398,10657,289945,2729500
903,554,544,698844,10667,290489,2730000
904,557,495,698287,10729,290984,3068300
905,554,539,697733,10744,291523,2776600
906,552,518,697181,10778,292041,2706500
907,539,561,696642,10756,292602,2783700
908,555,543,696087,10768,293145,2820400
909,520,544,695567,10744,293689,2833300
910,510,568,695057,10686,294257,2919600
911,504,527,694553,10663,294784,2827500
912,511,510,694042,10664,295294,2778900
913,482,564,693560,10582,295858,2752700
914,477,508,693083,10551,296366,2767500
915,493,505,692590,10539,296871,2836600
916,501,557,692089,10483,297428,2734600
917,529,478,691560,10534,297906,2757300
918,555,523,691005,10566,298429,2724600
919,533,561,690472,10538,298990,2720900
920,505,535,689967,10508,299525,2823600
921,563,546,689404,10525,300071,3007700
922,494,506,688910,10513,300577,2785100
923,476,527,688434,10462,301104,2751700
924,507,519,687927,10450,301623,2744000
925,483,503,687444,10430,302126,2725700
926,554,490,686890,10494,302616,2820900
927,486,555,686404,10425,303171,2809600
928,484,532,685920,10377,303703,2765300
929,457,511,685463,10323,304214,2736000
930,492,511,684971,10304,304725,2744600
931,509,500,684462,10313,305225,2747500
932,537,497,683925,10353,305722,2869000
933,533,501,683392,10385,306223,2949700
934,541,523,682851,10403,306746,2894100
935,543,554,682308,10392,307300,2838200
936,533,546,681775,10379,307846,2791900
937,525,526,681250,10378,308372,2826100
938,552,511,680698,10419,308883,2806400
939,517,517,680181,10419,309400,2759600
940,523,535,679658,10407,309935,2742200
941,520,524,679138,10403,310459,2722600
942,533,496,678605,10440,310955,2927600
943,542,500,678063,10482,311455,3008000
944,534,519,677529,10497,311974,2755300
945,493,508,677036,10482,312482,2718800
946,540,485,676496,10537,312967,2700700
947,516,527,675980,10526,313494,2668800
948,514,519,675466,10521,314013,3116400
949,533,528,674933,10526,314541,2765700
950,554,518,674379,10562,315059,2746800
951,518,529,673861,10551,315588,2752700
952,493,527,673368,10517,316115,2744400
953,506,502,672862,10521,316617,2782000
954,537,478,672325,10580,317095,2774800
955,536,513,671789,10603,317608,2782600
956,544,531,671245,10616,318139,2812100
957,539,521,670706,10634,318660,2928000
958,557,541,670149,10650,319201,2905700
959,516,494,669633,10672,319695,2870400
960,526,516,669107,10682,320211,2845500
961,499,580,668608,10601,320791,2803500
962,542,534,668066,10609,321325,2757000
963,517,502,667549,10624,321827,2805100
964,529,550,667020,10603,322377,2863800
965,517,542,666503,10578,322919,2890200
966,542,515,665961,10605,323434,2869100
967,536,533,665425,10608,323967,2844900
968,545,518,664880,10635,324485,2828200
969,535,525,664345,10645,325010,2895000
970,525,537,663820,10633,325547,2861700
971,540,532,663280,10641,326079,2807000
972,496,533,662784,10604,326612,2790000
973,496,528,662288,10572,327140,2754700
974,514,546,661774,10540,327686,2767600
975,496,531,661278,10505,328217,3234200
976,527,560,660751,10472,328777,2735400
977,510,535,660241,10447,329312,2735500
978,520,538,659721,10429,329850,3041300
979,568,509,659153,10488,330359,2884800
980,516,480,658637,10524,330839,3043600
981,493,524,658144,10493,331363,3102700
982,527,517,657617,10503,331880,3044400
983,485,522,657132,10466,332402,2996300
984,536,513,656596,10489,332915,3009900
985,549,548,656047,10490,333463,3038200
986,545,494,655502,10541,333957,2977000
987,504,520,654998,10525,334477,2936500
988,520,569,654478,10476,335046,2918000
989,485,538,653993,10423,335584,2861500
990,532,513,653461,10442,336097,2896700
991,506,534,652955,10414,336631,2904400
992,520,555,652435,10379,337186,2880000
993,529,510,651906,10398,337696,2875500
994,531,484,651375,10445,338180,2858400
995,560,490,650815,10515,338670,2858200
996,542,536,650273,10521,339206,2881200
997,518,577,649755,10462,339783,2915400
998,544,506,649211,10500,340289,2932200
999,492,539,648719,10453,340828,2963600
1000,541,515,648178,10479,341343,2939800
1001,535,572,647643,10442,341915,3134600
1002,518,499,647125,10461,342414,3018800
1003,545,503,646580,10503,342917,3018900
1004,521,540,646059,10484,343457,3011000
1005,519,548,645540,10455,344005,2950200
1006,533,509,645007,10479,344514,3111900
1007,526,530,644481,10475,345044,2904800
1008,495,498,643986,10472,345542,2925900
1009,482,517,643504,10437,346059,2886200
1010,536,499,642968,10474,346558,3099200
1011,550,468,642418,10556,347026,3288900
1012,506,546,641912,10516,347572,2912500
1013,554,522,641358,10548,348094,2894600
1014,519,511,640839,10556,348605,2896500
1015,511,526,640328,10541,349131,2885400
1016,544,516,639784,10569,349647,2908400
1017,547,514,639237,10602,350161,2938700
1018,564,515,638673,10651,350676,2885000
1019,517,518,638156,10650,351194,2845600
1020,511,532,637645,10629,351726,2923200
1021,511,565,637134,10575,352291,3076000
1022,497,499,636637,10573,352790,3236100
1023,528,519,636109,10582,353309,3109800
1024,535,500,635574,10617,353809,3089600
1025,537,519,635037,10635,354328,3058800
1026,559,524,634478,10670,354852,2979700
1027,572,538,633906,10704,355390,3021500
1028,532,548,633374,10688,355938,2995100
1029,548,576,632826,10660,356514,2936500
1030,525,535,632301,10650,357049,2930700
1031,534,513,631767,10671,357562,2943600
1032,526,516,631241,10681,358078,3471300
1033,529,536,630712,10674,358614,2916500
1034,540,527,630172,10687,359141,2876300
1035,544,571,629628,10660,359712,2808200
1036,572,544,629056,10688,360256,2773100
1037,546,546,628510,10688,360802,2757900
1038,501,541,628009,10648,361343,2771400
1039,535,509,627474,10674,361852,2743200
1040,535,540,626939,10669,362392,2736700
1041,543,528,626396,10684,362920,2718500
1042,540,544,625856,10680,363464,2716400
1043,542,523,625314,10699,363987,2723600
1044,511,521,624803,10689,364508,2709800
1045,496,569,624307,10616,365077,2776400
1046,548,512,623759,10652,365589,2818500
1047,530,530,623229,10652,366119,2893100
1048,514,505,622715,10661,366624,2854700
1049,555,490,622160,10726,367114,2901700
1050,509,551,621651,10684,367665,2985600
1051,525,532,621126,10677,368197,2802100
1052,473,557,620653,10593,368754,2826700
1053,520,496,620133,10617,369250,2753100
1054,546,536,619587,10627,369786,2754100
1055,517,518,619070,10626,370304,3364900
1056,522,532,618548,10616,370836,2893900
1057,521,498,618027,10639,371334,2824700
1058,520,515,617507,10644,371849,2816000
1059,532,529,616975,10647,372378,2967100
1060,514,557,616461,10604,372935,2870800
1061,494,537,615967,10561,373472,2919600
1062,522,549,615445,10534,374021,2839400
1063,514,520,614931,10528,374541,2887500
1064,510,532,614421,10506,375073,3063000
1065,524,519,613897,10511,375592,3191500
1066,538,545,613359,10504,376137,2977700
1067,505,535,612854,10474,376672,2885300
1068,507,482,612347,10499,377154,2879400
1069,531,481,611816,10549,377635,3216400
1070,568,501,611248,10616,378136,3070500
1071,515,539,610733,10592,378675,3022900
1072,530,535,610203,10587,379210,2973100
1073,573,562,609630,10598,379772,2976000
1074,531,522,609099,10607,380294,2988200
1075,550,541,608549,10616,380835,3119700
1076,562,545,607987,10633,381380,2954000
1077,505,497,607482,10641,381877,2934200
1078,505,525,606977,10621,382402,2937700
1079,519,530,606458,10610,382932,3002600
1080,543,562,605915,10591,383494,2989800
1081,504,532,605411,10563,384026,3026500
1082,530,521,604881,10572,384547,2950000
1083,518,532,604363,10558,385079,2977700
1084,536,561,603827,10533,385640,2929600
1085,531,525,603296,10539,386165,2984800
1086,522,548,602774,10513,386713,3012700
1087,497,509,602277,10501,387222,2924900
1088,521,512,601756,10510,387734,2908100
1089,542,511,601214,10541,388245,2916000
1090,493,516,600721,10518,388761,2951400
1091,526,549,600195,10495,389310,3058300
1092,513,560,599682,10448,389870,3033700
1093,526,539,599156,10435,390409,3080100
1094,500,526,598656,10409,390935,3048100
1095,537,586,598119,10360,391521,2977300
1096,493,496,597626,10357,392017,3304000
1097,528,520,597098,10365,392537,3060800
1098,544,573,596554,10336,393110,3016600
1099,524,447,596030,10413,393557,3001800
1100,551,478,595479,10486,394035,2980300
1101,542,501,594937,10527,394536,3029500
1102,522,512,594415,10537,395048,2989200
1103,505,546,593910,10496,395594,2957500
1104,536,553,593374,10479,396147,2936500
1105,519,552,592855,10446,396699,2936100
1106,512,532,592343,10426,397231,3380400
1107,528,496,591815,10458,397727,3015200
1108,574,510,591241,10522,398237,2952500
1109,512,518,590729,10516,398755,3185800
1110,544,533,590185,10527,399288,2961000
1111,521,527,589664,10521,399815,3255500
1112,517,539,589147,10499,400354,3046300
1113,523,490,588624,10532,400844,2996700
1114,495,568,588129,10459,401412,3029200
1115,514,518,587615,10455,401930,3022100
1116,520,531,587095,10444,402461,3560000
1117,509,530,586586,10423,402991,2961500
1118,547,530,586039,10440,403521,2903300
1119,531,505,585508,10466,404026,2870100
1120,521,504,584987,10483,404530,2861900
1121,494,499,584493,10478,405029,3087800
1122,545,540,583948,10483,405569,2906700
1123,528,526,583420,10485,406095,2812000
1124,555,535,582865,10505,406630,2779800
1125,537,495,582328,10547,407125,2795700
1126,501,546,581827,10502,407671,2778100
1127,505,493,581322,10514,408164,3131000
1128,515,508,580807,10521,408672,2769000
1129,518,518,580289,10521,409190,2725000
1130,490,552,579799,10459,409742,2804500
1131,541,550,579258,10450,410292,2924200
1132,524,525,578734,10449,410817,3260900
1133,484,536,578250,10397,411353,2880600
1134,514,531,577736,10380,411884,2835000
1135,505,480,577231,10405,412364,2777400
1136,502,507,576729,10400,412871,2853100
1137,462,510,576267,10352,413381,2939700
1138,507,492,575760,10367,413873,2999100
1139,517,514,575243,10370,414387,2964000
1140,504,529,574739,10345,414916,2890300
1141,515,514,574224,10346,415430,2842700
1142,519,497,573705,10368,415927,2843500
1143,475,522,573230,10321,416449,2851800
1144,525,487,572705,10359,416936,2788700
1145,518,513,572187,10364,417449,2782700
1146,565,515,571622,10414,417964,2936900
1147,505,520,571117,10399,418484,2863700
1148,523,511,570594,10411,418995,2829500
1149,545,531,570049,10425,419526,2877900
1150,538,461,569511,10502,419987,2812200
1151,504,479,569007,10527,420466,2755800
1152,548,542,568459,10533,421008,2780900
1153,548,502,567911,10579,421510,2896500
1154,576,480,567335,10675,421990,3117000
1155,532,533,566803,10674,422523,2776300
1156,530,540,566273,10664,423063,2739200
1157,523,556,565750,10631,423619,2720300
1158,527,525,565223,10633,424144,2728700
1159,543,499,564680,10677,424643,3165600
1160,531,545,564149,10663,425188,2921300
1161,532,528,563617,10667,425716,3013200
1162,540,568,563077,10639,426284,2970200
1163,558,520,562519,10677,426804,2890600
1164,546,508,561973,10715,427312,3056400
1165,534,557,561439,10692,427869,2923400
1166,547,503,560892,10736,428372,2812200
1167,545,518,560347,10763,428890,2785100
1168,541,514,559806,10790,429404,2946200
1169,575,550,559231,10815,429954,2738300
1170,561,552,558670,10824,430506,2870500
1171,512,549,558158,10787,431055,2876100
1172,543,549,557615,10781,431604,2813100
1173,550,504,557065,10827,432108,2792300
1174,532,524,556533,10835,432632,2747800
1175,513,534,556020,10814,433166,3137200
1176,546,539,555474,10821,433705,2795100
1177,556,525,554918,10852,434230,2759300
1178,527,534,554391,10845,434764,2774600
1179,536,575,553855,10806,435339,2714800
1180,544,548,553311,10802,435887,2766200
1181,502,566,552809,10738,436453,2776000
1182,553,523,552256,10768,436976,2774000
1183,541,558,551715,10751,437534,2806300
1184,543,568,551172,10726,438102,2952900
1185,533,541,550639,10718,438643,2880900
1186,548,538,550091,10728,439181,3470400
1187,519,524,549572,10723,439705,2852700
1188,582,531,548990,10774,440236,2850900
1189,534,524,548456,10784,440760,2768200
1190,557,557,547899,10784,441317,2745700
1191,559,581,547340,10762,441898,3050000
1192,535,506,546805,10791,442404,3044500
1193,536,549,546269,10778,442953,3019400
1194,571,501,545698,10848,443454,2997900
1195,549,527,545149,10870,443981,3018000
1196,544,503,544605,10911,444484,3158500
1197,569,557,544036,10923,445041,3300400
1198,554,552,543482,10925,445593,2989700
1199,546,540,542936,10931,446133,2934200
1200,532,528,542404,10935,446661,2827200
1201,530,558,541874,10907,447219,2944800
1202,554,542,541320,10919,447761,3429800
1203,539,516,540781,10942,448277,3183500
1204,524,542,540257,10924,448819,3012800
1205,517,540,539740,10901,449359,2947500
1206,565,540,539175,10926,449899,3056000
1207,515,529,538660,10912,450428,3388300
1208,531,519,538129,10924,450947,3049400
1209,550,532,537579,10942,451479,2932200
1210,582,502,536997,11022,451981,2997800
1211,593,587,536404,11028,452568,3251900
1212,555,549,535849,11034,453117,3240100
1213,569,574,535280,11029,453691,3074200
1214,563,566,534717,11026,454257,2975500
1215,572,558,534145,11040,454815,2960700
1216,576,535,533569,11081,455350,2918900
1217,580,552,532989,11109,455902,2971100
1218,589,531,532400,11167,456433,2917300
1219,573,566,531827,11174,456999,2863400
1220,575,553,531252,11196,457552,2865800
1221,545,596,530707,11145,458148,2839000
1222,526,559,530181,11112,458707,2980800
1223,530,581,529651,11061,459288,2958100
1224,540,562,529111,11039,459850,2800300
1225,543,528,528568,11054,460378,2754400
1226,494,542,528074,11006,460920,2731500
1227,540,519,527534,11027,461439,2804500
1228,527,520,527007,11034,461959,3313700
1229,552,537,526455,11049,462496,2919100
1230,554,595,525901,11008,463091,2880000
1231,515,549,525386,10974,463640,2833600
1232,568,517,524818,11025,464157,2792700
1233,531,546,524287,11010,464703,2976900
1234,538,576,523749,10972,465279,2973000
1235,532,561,523217,10943,465840,2777400
1236,540,543,522677,10940,466383,2771900
1237,529,537,522148,10932,466920,2745200
1238,554,486,521594,11000,467406,2747200
1239,547,532,521047,11015,467938,3185300
1240,563,537,520484,11041,468475,2851100
1241,570,517,519914,11094,468992,2828500
1242,521,549,519393,11066,469541,2796100
1243,563,560,518830,11069,470101,2772300
1244,512,577,518318,11004,470678,2760800
1245,530,553,517788,10981,471231,2768800
1246,535,545,517253,10971,471776,2722000
1247,566,558,516687,10979,472334,2726300
1248,511,559,516176,10931,472893,2718200
1249,570,576,515606,10925,473469,2751500
1250,517,541,515089,10901,474010,2894200
1251,524,564,514565,10861,474574,3003100
1252,536,501,514029,10896,475075,2948300
1253,550,535,513479,10911,475610,2857900
1254,544,540,512935,10915,476150,2872700
1255,542,563,512393,10894,476713,2898800
1256,546,613,511847,10827,477326,2842700
1257,564,515,511283,10876,477841,2800700
1258,543,524,510740,10895,478365,2756100
1259,513,564,510227,10844,478929,2768700
1260,563,560,509664,10847,479489,2765100
1261,528,559,509136,10816,480048,2990700
1262,522,516,508614,10822,480564,2767500
1263,571,540,508043,10853,481104,2782000
1264,550,563,507493,10840,481667,2733900
1265,520,529,506973,10831,482196,2746900
1266,540,552,506433,10819,482748,2743400
1267,556,549,505877,10826,483297,2783000
1268,510,556,505367,10780,483853,2744100
1269,537,543,504830,10774,484396,2714500
1270,489,589,504341,10674,484985,2751700
1271,538,507,503803,10705,485492,2721000
1272,570,536,503233,10739,486028,2759800
1273,567,527,502666,10779,486555,2834900
1274,512,504,502154,10787,487059,2856000
1275,533,570,501621,10750,487629,2862200
1276,516,549,501105,10717,488178,2870500
1277,531,523,500574,10725,488701,2841200
1278,573,503,500001,10795,489204,3152900
1279,536,567,499465,10764,489771,2805700
1280,530,518,498935,10776,490289,2754200
1281,510,562,498425,10724,490851,2774200
1282,522,500,497903,10746,491351,2726600
1283,564,541,497339,10769,491892,2877200
1284,529,534,496810,10764,492426,2806800
1285,511,503,496299,10772,492929,2789000
1286,525,559,495774,10738,493488,2747900
1287,533,540,495241,10731,494028,2714600
1288,557,528,494684,10760,494556,2723600
1289,553,541,494131,10772,495097,3111100
1290,581,537,493550,10816,495634,2844700
1291,543,554,493007,10805,496188,2790500
1292,582,549,492425,10838,496737,2780100
1293,536,566,491889,10808,497303,2721400
1294,548,581,491341,10775,497884,2761400
1295,544,556,490797,10763,498440,2819200
1296,544,532,490253,10775,498972,2921600
1297,552,535,489701,10792,499507,2932600
1298,559,519,489142,10832,500026,2842600
1299,524,511,488618,10845,500537,2880700
1300,531,498,488087,10878,501035,3569200
1301,582,550,487505,10910,501585,2905700
1302,582,549,486923,10943,502134,2799700
1303,576,563,486347,10956,502697,2795100
1304,577,542,485770,10991,503239,2749900
1305,598,542,485172,11047,503781,3156100
1306,575,558,484597,11064,504339,2813700
1307,540,548,484057,11056,504887,2944400
1308,530,550,483527,11036,505437,2751800
1309,520,541,483007,11015,505978,2720600
1310,554,550,482453,11019,506528,2764500
1311,596,529,481857,11086,507057,2863500
1312,576,529,481281,11133,507586,2880800
1313,554,589,480727,11098,508175,2822700
1314,571,527,480156,11142,508702,2823600
1315,548,541,479608,11149,509243,2807600
1316,558,574,479050,11133,509817,3136000
1317,575,546,478475,11162,510363,2877800
1318,587,577,477888,11172,510940,2805800
1319,544,555,477344,11161,511495,2766200
1320,535,588,476809,11108,512083,2805400
1321,566,561,476243,11113,512644,2901200
1322,565,542,475678,11136,513186,3253000
1323,552,557,475126,11131,513743,2875200
1324,551,547,474575,11135,514290,2833400
1325,583,599,473992,11119,514889,2833000
1326,541,553,473451,11107,515442,2797100
1327,606,532,472845,11181,515974,3226200
1328,578,539,472267,11220,516513,2853600
1329,600,562,471667,11258,517075,2831600
1330,566,556,471101,11268,517631,2769600
1331,603,568,470498,11303,518199,2772600
1332,571,587,469927,11287,518786,2767200
1333,571,563,469356,11295,519349,2853000
1334,563,580,468793,11278,519929,2983100
1335,569,603,468224,11244,520532,2855200
1336,549,558,467675,11235,521090,2815300
1337,570,563,467105,11242,521653,2855100
1338,602,552,466503,11292,522205,3314500
1339,581,554,465922,11319,522759,2951500
1340,553,570,465369,11302,523329,2919500
1341,578,556,464791,11324,523885,2948100
1342,573,587,464218,11310,524472,2928500
1343,553,494,463665,11369,524966,3350200
1344,567,572,463098,11364,525538,3495800
1345,521,589,462577,11296,526127,3217700
1346,522,533,462055,11285,526660,3272600
1347,559,566,461496,11278,527226,3470300
1348,589,617,460907,11250,527843,3165400
1349,567,562,460340,11255,528405,3038300
1350,566,582,459774,11239,528987,2957500
1351,595,564,459179,11270,529551,2969900
1352,542,558,458637,11254,530109,3028600
1353,531,578,458106,11207,530687,3149400
1354,532,556,457574,11183,531243,3007500
1355,517,553,457057,11147,531796,2976500
1356,483,541,456574,11089,532337,2984500
1357,539,586,456035,11042,532923,2996200
1358,537,552,455498,11027,533475,3199700
1359,540,570,454958,10997,534045,2992200
1360,540,591,454418,10946,534636,2963800
1361,512,541,453906,10917,535177,2952400
1362,530,529,453376,10918,535706,3050300
1363,512,537,452864,10893,536243,3232200
1364,556,554,452308,10895,536797,3120900
1365,526,560,451782,10861,537357,3096900
1366,545,526,451237,10880,537883,3138400
1367,533,534,450704,10879,538417,3133300
1368,548,535,450156,10892,538952,3170500
1369,582,577,449574,10897,539529,3080300
1370,501,547,449073,10851,540076,3048800
1371,553,559,448520,10845,540635,3047100
1372,522,519,447998,10848,541154,3031000
1373,571,548,447427,10871,541702,3166100
1374,500,527,446927,10844,542229,2973300
1375,557,539,446370,10862,542768,2982400
1376,526,542,445844,10846,543310,2855900
1377,536,544,445308,10838,543854,2857900
1378,561,533,444747,10866,544387,3330900
1379,571,593,444176,10844,544980,2999800
1380,572,568,443604,10848,545548,2963800
1381,539,560,443065,10827,546108,2954600
1382,544,535,442521,10836,546643,2963800
1383,556,549,441965,10843,547192,3315700
1384,516,541,441449,10818,547733,3125800
1385,543,547,440906,10814,548280,2984900
1386,522,572,440384,10764,548852,2977300
1387,537,547,439847,10754,549399,3029500
1388,538,534,439309,10758,549933,3036900
1389,551,532,438758,10777,550465,2952300
1390,561,523,438197,10815,550988,3019500
1391,591,567,437606,10839,551555,3300300
1392,560,525,437046,10874,552080,3577900
1393,609,523,436437,10960,552603,3612000
1394,592,573,435845,10979,553176,3286100
1395,529,543,435316,10965,553719,3189500
1396,576,557,434740,10984,554276,3121100
1397,585,573,434155,10996,554849,3121000
1398,549,545,433606,11000,555394,3432800
1399,535,573,433071,10962,555967,3024900
1400,498,551,432573,10909,556518,2964800
1401,534,523,432039,10920,557041,2983500
1402,572,540,431467,10952,557581,2955600
1403,552,585,430915,10919,558166,3033000
1404,575,556,430340,10938,558722,2960000
1405,580,563,429760,10955,559285,2967300
1406,586,518,429174,11023,559803,2933200
1407,577,584,428597,11016,560387,2985800
1408,599,565,427998,11050,560952,3271100
1409,578,569,427420,11059,561521,3093700
1410,546,567,426874,11038,562088,3027400
1411,555,590,426319,11003,562678,3086400
1412,551,545,425768,11009,563223,3441200
1413,530,526,425238,11013,563749,3317200
1414,566,576,424672,11003,564325,3303900
1415,581,556,424091,11028,564881,3173900
1416,564,535,423527,11057,565416,3171300
1417,591,528,422936,11120,565944,3224000
1418,564,576,422372,11108,566520,3719100
1419,566,577,421806,11097,567097,3300200
1420,566,550,421240,11113,567647,3070000
1421,528,587,420712,11054,568234,3033800
1422,596,530,420116,11120,568764,3101800
1423,601,617,419515,11104,569381,3080700
1424,608,564,418907,11148,569945,3039100
1425,591,569,418316,11170,570514,3038200
1426,574,546,417742,11198,571060,2981000
1427,556,575,417186,11179,571635,2958100
1428,592,552,416594,11219,572187,3051500
1429,536,567,416058,11188,572754,3051700
1430,594,529,415464,11253,573283,3146900
1431,538,561,414926,11230,573844,3094500
1432,548,570,414378,11208,574414,3024300
1433,566,534,413812,11240,574948,3089000
1434,596,587,413216,11249,575535,2989600
1435,525,552,412691,11222,576087,2957400
1436,573,587,412118,11208,576674,2911500
1437,535,582,411583,11161,577256,3085400
1438,586,506,410997,11241,577762,3232500
1439,577,523,410420,11295,578285,2973100
1440,598,570,409822,11323,578855,2904300
1441,619,563,409203,11379,579418,2926600
1442,569,553,408634,11395,579971,2904000
1443,591,582,408043,11404,580553,2963100
1444,630,553,407413,11481,581106,2957300
1445,568,530,406845,11519,581636,3106900
1446,578,543,406267,11554,582179,3193500
1447,549,585,405718,11518,582764,2995500
1448,594,598,405124,11514,583362,3196400
1449,543,569,404581,11488,583931,3098900
1450,558,588,404023,11458,584519,3017800
1451,554,562,403469,11450,585081,3005500
1452,569,586,402900,11433,585667,3066200
1453,585,627,402315,11391,586294,3128100
1454,604,559,401711,11436,586853,3153800
1455,579,570,401132,11445,587423,3090000
1456,554,571,400578,11428,587994,3244700
1457,545,557,400033,11416,588551,3003100
1458,516,599,399517,11333,589150,3213500
1459,552,596,398965,11289,589746,3046200
1460,566,547,398399,11308,590293,2962200
1461,534,573,397865,11269,590866,2951200
1462,522,559,397343,11232,591425,2917900
1463,575,599,396768,11208,592024,2975800
1464,556,583,396212,11181,592607,3043400
1465,501,578,395711,11104,593185,2957800
1466,529,554,395182,11079,593739,2959000
1467,522,502,394660,11099,594241,2973400
1468,531,565,394129,11065,594806,3233700
1469,544,538,393585,11071,595344,3339100
1470,542,547,393043,11066,595891,3110500
1471,577,550,392466,11093,596441,3043500
1472,576,591,391890,11078,597032,3035000
1473,559,573,391331,11064,597605,3074500
1474,595,561,390736,11098,598166,3051500
1475,526,579,390210,11045,598745,3015400
1476,548,561,389662,11032,599306,2942400
1477,508,536,389154,11004,599842,3299300
1478,550,558,388604,10996,600400,2966600
1479,526,592,388078,10930,600992,2872000
1480,557,581,387521,10906,601573,2845200
1481,539,507,386982,10938,602080,2822200
1482,531,582,386451,10887,602662,2839300
1483,578,521,385873,10944,603183,2816400
1484,550,528,385323,10966,603711,2857200
1485,535,532,384788,10969,604243,2814900
1486,554,557,384234,10966,604800,2752400
1487,579,540,383655,11005,605340,2757700
1488,588,542,383067,11051,605882,2762300
1489,523,510,382544,11064,606392,3230700
1490,545,552,381999,11057,606944,2970800
1491,557,568,381442,11046,607512,2873100
1492,557,533,380885,11070,608045,2843200
1493,477,568,380408,10979,608613,2810700
1494,522,561,379886,10940,609174,3127800
1495,519,529,379367,10930,609703,3869800
1496,498,582,378869,10846,610285,3015400
1497,532,535,378337,10843,610820,2849700
1498,555,545,377782,10853,611365,2874100
1499,548,560,377234,10841,611925,3526500
1500,508,560,376726,10789,612485,3006800
1501,524,544,376202,10769,613029,2781500
1502,518,542,375684,10745,613571,2746500
1503,502,537,375182,10710,614108,2722200
1504,534,517,374648,10727,614625,2733500
1505,577,580,374071,10724,615205,2970400
1506,532,549,373539,10707,615754,2772400
1507,552,525,372987,10734,616279,2745300
1508,517,532,372470,10719,616811,2749600
1509,519,524,371951,10714,617335,2745000
1510,543,528,371408,10729,617863,3047200
1511,531,510,370877,10750,618373,2979800
1512,524,548,370353,10726,618921,2784900
1513,500,534,369853,10692,619455,2737100
1514,568,560,369285,10700,620015,2690700
1515,543,545,368742,10698,620560,2727000
1516,502,552,368240,10648,621112,3227200
1517,523,538,367717,10633,621650,2947400
1518,566,518,367151,10681,622168,2862100
1519,549,575,366602,10655,622743,2899800
1520,519,530,366083,10644,623273,2828000
1521,512,494,365571,10662,623767,3004400
1522,519,537,365052,10644,624304,2945000
1523,505,520,364547,10629,624824,2793300
1524,500,533,364047,10596,625357,2788700
1525,526,529,363521,10593,625886,2741900
1526,537,534,362984,10596,626420,2736800
1527,511,524,362473,10583,626944,3113300
1528,504,509,361969,10578,627453,2808800
1529,538,504,361431,10612,627957,2813200
1530,501,543,360930,10570,628500,2778400
1531,526,492,360404,10604,628992,2732500
1532,552,492,359852,10664,629484,2760200
1533,531,586,359321,10609,630070,2824300
1534,543,536,358778,10616,630606,2795700
1535,529,559,358249,10586,631165,2762200
1536,524,518,357725,10592,631683,2766100
1537,533,516,357192,10609,632199,2834100
1538,496,538,356696,10567,632737,3424900
1539,495,512,356201,10550,633249,4611200
1540,510,551,355691,10509,633800,3218700
1541,527,522,355164,10514,634322,3171400
1542,541,488,354623,10567,634810,3410500
1543,503,513,354120,10557,635323,3700600
1544,507,540,353613,10524,635863,3433200
1545,526,540,353087,10510,636403,3143100
1546,562,474,352525,10598,636877,3219300
1547,528,558,351997,10568,637435,3133900
1548,539,485,351458,10622,637920,3055500
1549,544,537,350914,10629,638457,3013100
1550,532,544,350382,10617,639001,3049900
1551,538,542,349844,10613,639543,3243200
1552,551,526,349293,10638,640069,3239100
1553,550,514,348743,10674,640583,3277600
1554,529,572,348214,10631,641155,3043000
1555,541,545,347673,10627,641700,3090500
1556,494,504,347179,10617,642204,3386000
1557,520,510,346659,10627,642714,2975300
1558,505,527,346154,10605,643241,2892600
1559,570,532,345584,10643,643773,2876600
1560,553,521,345031,10675,644294,2813000
1561,563,551,344468,10687,644845,3322600
1562,519,551,343949,10655,645396,2913300
1563,537,518,343412,10674,645914,3192000
1564,533,565,342879,10642,646479,3010800
1565,545,557,342334,10630,647036,2809200
1566,515,539,341819,10606,647575,2812100
1567,540,578,341279,10568,648153,2797600
1568,490,537,340789,10521,648690,2764800
1569,558,510,340231,10569,649200,2778200
1570,504,537,339727,10536,649737,2753000
1571,510,534,339217,10512,650271,2737500
1572,539,570,338678,10481,650841,2832100
1573,521,552,338157,10450,651393,2862900
1574,523,505,337634,10468,651898,2817200
1575,547,531,337087,10484,652429,2775400
1576,522,473,336565,10533,652902,2732100
1577,540,499,336025,10574,653401,2775100
1578,522,524,335503,10572,653925,3183100
1579,520,570,334983,10522,654495,3157600
1580,537,484,334446,10575,654979,3005500
1581,528,552,333918,10551,655531,2954500
1582,547,529,333371,10569,656060,2898700
1583,521,515,332850,10575,656575,3586100
1584,532,542,332318,10565,657117,2966400
1585,503,542,331815,10526,657659,3077300
1586,524,560,331291,10490,658219,3184400
1587,505,487,330786,10508,658706,2892800
1588,505,519,330281,10494,659225,2996000
1589,508,535,329773,10467,659760,2951200
1590,496,495,329277,10468,660255,2899600
1591,524,517,328753,10475,660772,2846100
1592,444,525,328309,10394,661297,2805800
1593,497,496,327812,10395,661793,2851100
1594,521,519,327291,10397,662312,2837700
1595,505,521,326786,10381,662833,2787600
1596,514,525,326272,10370,663358,2779200
1597,472,515,325800,10327,663873,2766400
1598,549,516,325251,10360,664389,2754800
1599,529,548,324722,10341,664937,2787700
1600,490,480,324232,10351,665417,2812300
1601,518,501,323714,10368,665918,2721500
1602,481,516,323233,10333,666434,2747700
1603,524,488,322709,10369,666922,2724100
1604,508,504,322201,10373,667426,2779900
1605,500,517,321701,10356,667943,2871200
1606,500,537,321201,10319,668480,2833200
1607,530,539,320671,10310,669019,2839100
1608,535,511,320136,10334,669530,2823100
1609,512,546,319624,10300,670076,2848900
1610,516,511,319108,10305,670587,2900800
1611,530,480,318578,10355,671067,2873300
1612,521,520,318057,10356,671587,2803900
1613,474,519,317583,10311,672106,2777900
1614,501,555,317082,10257,672661,2783700
1615,501,534,316581,10224,673195,2781400
1616,510,499,316071,10235,673694,2777600
1617,480,511,315591,10204,674205,2775400
1618,508,491,315083,10221,674696,2724000
1619,517,542,314566,10196,675238,2697700
1620,506,515,314060,10187,675753,2724900
1621,547,556,313513,10178,676309,2850900
1622,530,518,312983,10190,676827,2753200
1623,489,528,312494,10151,677355,2756500
1624,522,514,311972,10159,677869,2737700
1625,539,512,311433,10186,678381,2708600
1626,511,506,310922,10191,678887,2725600
1627,515,506,310407,10200,679393,2804500
1628,503,545,309904,10158,679938,2790000
1629,484,510,309420,10132,680448,2739800
1630,527,516,308893,10143,680964,2763100
1631,569,508,308324,10204,681472,2796500
1632,544,510,307780,10238,681982,2885500
1633,542,524,307238,10256,682506,2962800
1634,545,517,306693,10284,683023,2878400
1635,513,507,306180,10290,683530,2847900
1636,506,519,305674,10277,684049,2801500
1637,500,490,305174,10287,684539,2758900
1638,522,482,304652,10327,685021,2874200
1639,528,558,304124,10297,685579,2781000
1640,446,534,303678,10209,686113,2727200
1641,514,512,303164,10211,686625,2728600
1642,465,515,302699,10161,687140,2732300
1643,487,502,302212,10146,687642,2792700
1644,481,521,301731,10106,688163,2760400
1645,501,468,301230,10139,688631,2736400
1646,502,502,300728,10139,689133,2720600
1647,460,496,300268,10103,689629,2689400
1648,470,497,299798,10076,690126,2702800
1649,507,522,299291,10061,690648,2807300
1650,529,531,298762,10059,691179,2869600
1651,504,537,298258,10026,691716,2966100
1652,489,525,297769,9990,692241,2813300
1653,533,514,297236,10009,692755,2825100
1654,536,504,296700,10041,693259,2864100
1655,514,477,296186,10078,693736,3104300
1656,521,499,295665,10100,694235,2897000
1657,517,471,295148,10146,694706,2900900
1658,529,528,294619,10147,695234,2844300
1659,480,507,294139,10120,695741,2801100
1660,531,519,293608,10132,696260,3062500
1661,472,474,293136,10130,696734,2957500
1662,471,556,292665,10045,697290,2756100
1663,538,518,292127,10065,697808,2726100
1664,498,485,291629,10078,698293,2740300
1665,503,522,291126,10059,698815,2707700
1666,452,511,290674,10000,699326,3097000
1667,530,498,290144,10032,699824,2803200
1668,464,492,289680,10004,700316,3018100
1669,467,471,289213,10000,700787,3002000
1670,508,472,288705,10036,701259,3125300
1671,506,531,288199,10011,701790,3211500
1672,501,507,287698,10005,702297,5834600
1673,471,470,287227,10006,702767,8264500
1674,473,508,286754,9971,703275,4726200
1675,463,528,286291,9906,703803,3738000
1676,499,489,285792,9916,704292,3323800
1677,503,472,285289,9947,704764,3587900
1678,451,437,284838,9961,705201,4488800
1679,459,464,284379,9956,705665,3856500
1680,513,489,283866,9980,706154,3331900
1681,486,465,283380,10001,706619,3343000
1682,485,488,282895,9998,707107,3885800
1683,532,483,282363,10047,707590,3196100
1684,453,521,281910,9979,708111,3169200
1685,454,468,281456,9965,708579,3578100
1686,473,467,280983,9971,709046,3356200
1687,475,517,280508,9929,709563,3117600
1688,481,516,280027,9894,710079,3258500
1689,502,494,279525,9902,710573,3197000
1690,496,492,279029,9906,711065,3276600
1691,509,501,278520,9914,711566,3397100
1692,466,451,278054,9929,712017,3292600
1693,487,497,277567,9919,712514,3372400
1694,482,510,277085,9891,713024,3422500
1695,509,519,276576,9881,713543,3685400
1696,496,518,276080,9859,714061,3715900
1697,501,489,275579,9871,714550,3489500
1698,476,498,275103,9849,715048,3058100
1699,455,513,274648,9791,715561,3005000
1700,488,523,274160,9756,716084,3239400
1701,470,479,273690,9747,716563,3147400
1702,491,460,273199,9778,717023,2961700
1703,519,480,272680,9817,717503,2921200
1704,444,506,272236,9755,718009,2896100
1705,472,489,271764,9738,718498,3010300
1706,504,479,271260,9763,718977,2983200
1707,493,507,270767,9749,719484,2811100
1708,521,494,270246,9776,719978,2798400
1709,478,470,269768,9784,720448,2748600
1710,504,525,269264,9763,720973,2717900
1711,491,474,268773,9780,721447,2895800
1712,519,465,268254,9834,721912,3080100
1713,483,509,267771,9808,722421,3024600
1714,472,469,267299,9811,722890,3013600
1715,456,462,266843,9805,723352,2933900
1716,480,457,266363,9828,723809,2957300
1717,480,490,265883,9818,724299,2972500
1718,486,472,265397,9832,724771,2870400
1719,440,503,264957,9769,725274,2831100
1720,479,457,264478,9791,725731,2809500
1721,496,479,263982,9808,726210,2841800
1722,455,459,263527,9804,726669,2813900
1723,477,458,263050,9823,727127,2808500
1724,475,524,262575,9774,727651,2774600
1725,456,443,262119,9787,728094,2731500
1726,464,475,261655,9776,728569,2716000
1727,466,507,261189,9735,729076,2986400
1728,479,510,260710,9704,729586,2932000
1729,471,482,260239,9693,730068,2868400
1730,464,438,259775,9719,730506,2911200
1731,532,526,259243,9725,731032,2941100
1732,453,508,258790,9670,731540,3030900
1733,480,523,258310,9627,732063,2934600
1734,506,488,257804,9645,732551,2925200
1735,505,474,257299,9676,733025,2845400
1736,488,460,256811,9704,733485,2808500
1737,469,470,256342,9703,733955,2904900
1738,474,516,255868,9661,734471,3093800
1739,455,455,255413,9661,734926,2903500
1740,499,456,254914,9704,735382,2839100
1741,471,485,254443,9690,735867,2799900
1742,486,475,253957,9701,736342,2754400
1743,475,482,253482,9694,736824,3156800
1744,489,463,252993,9720,737287,3187800
1745,480,461,252513,9739,737748,3034700
1746,492,478,252021,9753,738226,2950200
1747,474,480,251547,9747,738706,2895900
1748,476,505,251071,9718,739211,3041100
1749,456,449,250615,9725,739660,2860400
1750,461,521,250154,9665,740181,2804500
1751,461,490,249693,9636,740671,2804100
1752,449,483,249244,9602,741154,2746400
1753,487,497,248757,9592,741651,2807000
1754,490,472,248267,9610,742123,2903000
1755,505,509,247762,9606,742632,2835300
1756,471,512,247291,9565,743144,2749900
1757,465,498,246826,9532,743642,2742200
1758,478,467,246348,9543,744109,2741300
1759,450,463,245898,9530,744572,2938400
1760,474,462,245424,9542,745034,2794600
1761,439,518,244985,9463,745552,2806800
1762,455,528,244530,9390,746080,2840000
1763,480,486,244050,9384,746566,2828100
1764,449,420,243601,9413,746986,2925900
1765,489,457,243112,9445,747443,3108000
1766,419,483,242693,9381,747926,3029200
1767,481,440,242212,9422,748366,3022600
1768,453,457,241759,9418,748823,2970700
1769,437,481,241322,9374,749304,2996700
1770,419,481,240903,9312,749785,3305700
1771,422,467,240481,9267,750252,2925000
1772,458,462,240023,9263,750714,2888700
1773,412,471,239611,9204,751185,2884700
1774,458,398,239153,9264,751583,2958400
1775,431,501,238722,9194,752084,3361200
1776,441,438,238281,9197,752522,2985500
1777,409,408,237872,9198,752930,2909900
1778,448,469,237424,9177,753399,2892300
1779,423,448,237001,9152,753847,2844100
1780,413,438,236588,9127,754285,2835700
1781,453,444,236135,9136,754729,2912800
1782,444,425,235691,9155,755154,2900500
1783,440,465,235251,9130,755619,2951000
1784,424,464,234827,9090,756083,2993200
1785,432,468,234395,9054,756551,3003700
1786,402,475,233993,8981,757026,3193300
1787,408,473,233585,8916,757499,2918800
1788,461,434,233124,8943,757933,2918700
1789,442,479,232682,8906,758412,2933900
1790,454,429,232228,8931,758841,2889200
1791,423,458,231805,8896,759299,3080600
1792,440,465,231365,8871,759764,3246100
1793,474,443,230891,8902,760207,3448800
1794,443,435,230448,8910,760642,3216700
1795,424,459,230024,8875,761101,3130400
1796,418,453,229606,8840,761554,3056000
1797,448,443,229158,8845,761997,2844300
1798,466,424,228692,8887,762421,2873200
1799,405,435,228287,8857,762856,2788400
1800,425,433,227862,8849,763289,2840800
1801,462,460,227400,8851,763749,2941100
1802,395,428,227005,8818,764177,3559800
1803,423,429,226582,8812,764606,3345500
1804,446,427,226136,8831,765033,3232800
1805,393,461,225743,8763,765494,3223300
1806,424,453,225319,8734,765947,3621800
1807,426,469,224893,8691,766416,3249300
1808,385,421,224508,8655,766837,3207500
1809,421,420,224087,8656,767257,3134900
1810,409,453,223678,8612,767710,3110100
1811,424,449,223254,8587,768159,3437600
1812,383,464,222871,8506,768623,2861300
1813,403,408,222468,8501,769031,2809400
1814,409,464,222059,8446,769495,2807000
1815,405,412,221654,8439,769907,2770200
1816,379,455,221275,8363,770362,2795900
1817,399,404,220876,8358,770766,2799500
1818,372,417,220504,8313,771183,2784100
1819,407,411,220097,8309,771594,2950100
1820,435,409,219662,8335,772003,2963500
1821,415,409,219247,8341,772412,2983100
1822,377,406,218870,8312,772818,2937800
1823,423,423,218447,8312,773241,3056900
1824,438,412,218009,8338,773653,2909200
1825,448,423,217561,8363,774076,2873500
1826,409,386,217152,8386,774462,2839400
1827,423,385,216729,8424,774847,3100700
1828,402,407,216327,8419,775254,2843200
1829,425,433,215902,8411,775687,2814300
1830,392,416,215510,8387,776103,2820100
1831,362,451,215148,8298,776554,2796600
1832,400,393,214748,8305,776947,2786700
1833,424,428,214324,8301,777375,2780800
1834,401,404,213923,8298,777779,2715400
1835,430,417,213493,8311,778196,2700900
1836,394,393,213099,8312,778589,2694800
1837,404,396,212695,8320,778985,2668600
1838,378,424,212317,8274,779409,2900100
1839,369,450,211948,8193,779859,2696000
1840,408,379,211540,8222,780238,2652200
1841,415,430,211125,8207,780668,2637500
1842,379,411,210746,8175,781079,2648900
1843,392,367,210354,8200,781446,2675400
1844,398,416,209956,8182,781862,3204300
1845,419,406,209537,8195,782268,2728900
1846,439,396,209098,8238,782664,2853600
1847,374,398,208724,8214,783062,2675900
1848,404,441,208320,8177,783503,2626400
1849,392,435,207928,8134,783938,3131700
1850,387,384,207541,8137,784322,2696900
1851,397,391,207144,8143,784713,2699900
1852,399,367,206745,8175,785080,2976900
1853,389,429,206356,8135,785509,2814400
1854,392,384,205964,8143,785893,2986400
1855,403,396,205561,8150,786289,2925500
1856,395,389,205166,8156,786678,2770300
1857,416,402,204750,8170,787080,2720200
1858,388,406,204362,8152,787486,2677500
1859,420,394,203942,8178,787880,2675600
1860,407,431,203535,8154,788311,3034100
1861,362,428,203173,8088,788739,2724900
1862,411,427,202762,8072,789166,2700300
1863,394,376,202368,8090,789542,2688800
1864,403,397,201965,8096,789939,2651100
1865,382,425,201583,8053,790364,2623100
1866,401,442,201182,8012,790806,3052200
1867,385,426,200797,7971,791232,2659300
1868,395,387,200402,7979,791619,2920900
1869,382,431,200020,7930,792050,2633900
1870,384,365,199636,7949,792415,2627300
1871,396,383,199240,7962,792798,2740900
1872,393,375,198847,7980,793173,3030600
1873,396,407,198451,7969,793580,2792900
1874,412,392,198039,7989,793972,2915300
1875,388,409,197651,7968,794381,2817900
1876,390,420,197261,7938,794801,2818600
1877,396,399,196865,7935,795200,2916800
1878,388,408,196477,7915,795608,2808800
1879,405,403,196072,7917,796011,2826500
1880,381,390,195691,7908,796401,2763600
1881,403,406,195288,7905,796807,2729800
1882,410,415,194878,7900,797222,2920100
1883,393,385,194485,7908,797607,3241100
1884,397,423,194088,7882,798030,3029700
1885,382,393,193706,7871,798423,2935200
1886,368,380,193338,7859,798803,2867600
1887,354,372,192984,7841,799175,2867700
1888,398,368,192586,7871,799543,2911700
1889,349,409,192237,7811,799952,2977900
1890,376,366,191861,7821,800318,3454500
1891,384,460,191477,7745,800778,3075800
1892,375,389,191102,7731,801167,3021800
1893,357,391,190745,7697,801558,2936700
1894,350,354,190395,7693,801912,2922600
1895,398,393,189997,7698,802305,2802000
1896,359,392,189638,7665,802697,2755600
1897,376,413,189262,7628,803110,2786300
1898,350,344,188912,7634,803454,2754800
1899,367,390,188545,7611,803844,2732400
1900,359,404,188186,7566,804248,2763200
1901,384,375,187802,7575,804623,2713000
1902,359,375,187443,7559,804998,2684600
1903,378,379,187065,7558,805377,2681600
1904,394,392,186671,7560,805769,2677600
1905,384,415,186287,7529,806184,2650200
1906,383,429,185904,7483,806613,2637300
1907,390,381,185514,7492,806994,2610800
1908,395,353,185119,7534,807347,2624000
1909,380,376,184739,7538,807723,2626700
1910,376,388,184363,7526,808111,2674900
1911,344,355,184019,7515,808466,2615000
1912,375,367,183644,7523,808833,2636100
1913,363,397,183281,7489,809230,2597600
1914,379,402,182902,7466,809632,2601700
1915,353,332,182549,7487,809964,2595200
1916,376,376,182173,7487,810340,2677100
1917,367,391,181806,7463,810731,2644600
1918,360,368,181446,7455,811099,2615500
1919,357,349,181089,7463,811448,2598600
1920,372,397,180717,7438,811845,2638300
1921,361,371,180356,7428,812216,2776700
1922,364,362,179992,7430,812578,2752600
1923,333,365,179659,7398,812943,2676200
1924,350,341,179309,7407,813284,2692500
1925,374,366,178935,7415,813650,2773000
1926,357,358,178578,7414,814008,2679800
1927,347,406,178231,7355,814414,2970600
1928,324,372,177907,7307,814786,2682300
1929,329,384,177578,7252,815170,2641600
1930,342,375,177236,7219,815545,2663000
1931,342,400,176894,7161,815945,2710900
1932,313,337,176581,7137,816282,2682000
1933,354,340,176227,7151,816622,2741700
1934,347,359,175880,7139,816981,2750200
1935,361,360,175519,7140,817341,2703100
1936,356,333,175163,7163,817674,2664900
1937,389,392,174774,7160,818066,2643100
1938,358,360,174416,7158,818426,2630300
1939,351,352,174065,7157,818778,2664000
1940,357,359,173708,7155,819137,2637600
1941,356,367,173352,7144,819504,2615000
1942,345,387,173007,7102,819891,2579900
1943,371,347,172636,7126,820238,2587600
1944,345,375,172291,7096,820613,2783800
1945,353,390,171938,7059,821003,2747800
1946,348,362,171590,7045,821365,2633900
1947,359,356,171231,7048,821721,2690300
1948,364,363,170867,7049,822084,2649800
1949,351,343,170516,7057,822427,2718100
1950,334,359,170182,7032,822786,2905400
1951,360,335,169822,7057,823121,2922500
1952,354,373,169468,7038,823494,2679500
1953,330,358,169138,7010,823852,2644300
1954,343,327,168795,7026,824179,2604500
1955,350,373,168445,7003,824552,2583100
1956,327,351,168118,6979,824903,2620900
1957,362,362,167756,6979,825265,2605500
1958,344,371,167412,6952,825636,2630800
1959,335,368,167077,6919,826004,2570300
1960,374,348,166703,6945,826352,2571600
1961,369,352,166334,6962,826704,2579600
1962,365,360,165969,6967,827064,2945100
1963,328,349,165641,6946,827413,2682800
1964,306,351,165335,6901,827764,2612600
1965,346,332,164989,6915,828096,2590500
1966,379,342,164610,6952,828438,2598600
1967,361,329,164249,6984,828767,2564100
1968,364,373,163885,6975,829140,2693000
1969,359,344,163526,6990,829484,2755500
1970,338,338,163188,6990,829822,2654700
1971,350,327,162838,7013,830149,2632400
1972,354,352,162484,7015,830501,2688600
1973,311,342,162173,6984,830843,2671200
1974,353,354,161820,6983,831197,2741200
1975,345,344,161475,6984,831541,2762900
1976,341,356,161134,6969,831897,2682000
1977,370,353,160764,6986,832250,2650700
1978,362,334,160402,7014,832584,2601300
1979,354,341,160048,7027,832925,2590400
1980,365,331,159683,7061,833256,2665500
1981,347,351,159336,7057,833607,2633400
1982,358,360,158978,7055,833967,2592900
1983,372,331,158606,7096,834298,2590400
1984,365,365,158241,7096,834663,2578300
1985,322,325,157919,7093,834988,2573500
1986,350,362,157569,7081,835350,2936500
1987,370,373,157199,7078,835723,2606900
1988,379,338,156820,7119,836061,2634600
1989,360,346,156460,7133,836407,2562000
1990,339,347,156121,7125,836754,2530400
1991,342,373,155779,7094,837127,2586400
1992,353,322,155426,7125,837449,3027600
1993,344,326,155082,7143,837775,2713500
1994,318,345,154764,7116,838120,2684100
1995,353,373,154411,7096,838493,2668500
1996,356,351,154055,7101,838844,2657200
1997,343,356,153712,7088,839200,2731200
1998,369,366,153343,7091,839566,2702000
1999,381,374,152962,7098,839940,2735900
2000,391,328,152571,7161,840268,2682200
2001,384,364,152187,7181,840632,2636000
2002,390,391,151797,7180,841023,2608900
2003,390,387,151407,7183,841410,2666900
2004,342,356,151065,7169,841766,2628000
2005,333,370,150732,7132,842136,2580600
2006,329,365,150403,7096,842501,2568600
2007,368,343,150035,7121,842844,2589500
2008,379,326,149656,7174,843170,2549300
2009,404,332,149252,7246,843502,2712200
2010,354,366,148898,7234,843868,2985800
2011,380,339,148518,7275,844207,2631300
2012,375,409,148143,7241,844616,2618700
2013,348,386,147795,7203,845002,2674000
2014,381,374,147414,7210,845376,3110300
2015,350,373,147064,7187,845749,3466900
2016,372,362,146692,7197,846111,3030600
2017,356,355,146336,7198,846466,2996400
2018,344,344,145992,7198,846810,3099900
2019,351,355,145641,7194,847165,3180900
2020,362,323,145279,7233,847488,3379800
2021,339,380,144940,7192,847868,3100700
2022,372,336,144568,7228,848204,2945500
2023,353,351,144215,7230,848555,3234100
2024,326,336,143889,7220,848891,3022700
2025,368,351,143521,7237,849242,3214800
2026,335,393,143186,7179,849635,2942300
2027,338,396,142848,7121,850031,2783100
2028,335,355,142513,7101,850386,2748300
2029,324,311,142189,7114,850697,2745300
2030,323,404,141866,7033,851101,2754500
2031,369,336,141497,7066,851437,2753300
2032,362,362,141135,7066,851799,2773300
2033,351,308,140784,7109,852107,2726200
2034,374,379,140410,7104,852486,2765700
2035,363,341,140047,7126,852827,2693500
2036,305,391,139742,7040,853218,2974300
2037,335,339,139407,7036,853557,2827900
2038,320,372,139087,6984,853929,2883800
2039,324,348,138763,6960,854277,2799300
2040,340,344,138423,6956,854621,2790300
2041,326,348,138097,6934,854969,2872900
2042,339,296,137758,6977,855265,3094400
2043,341,351,137417,6967,855616,2864900
2044,336,333,137081,6970,855949,2838800
2045,329,356,136752,6943,856305,2883600
2046,311,364,136441,6890,856669,3099700
2047,332,351,136109,6871,857020,2999600
2048,309,321,135800,6859,857341,2873100
2049,305,363,135495,6801,857704,2833600
2050,341,358,135154,6784,858062,2831300
2051,303,360,134851,6727,858422,2819300
2052,317,319,134534,6725,858741,3084400
2053,316,363,134218,6678,859104,2828700
2054,311,340,133907,6649,859444,2785000
2055,287,302,133620,6634,859746,2851100
2056,317,309,133303,6642,860055,2845300
2057,343,332,132960,6653,860387,2882300
2058,308,325,132652,6636,860712,2817400
2059,345,343,132307,6638,861055,2774000
2060,310,342,131997,6606,861397,3004300
2061,334,322,131663,6618,861719,2807800
2062,369,350,131294,6637,862069,2774300
2063,347,330,130947,6654,862399,2753600
2064,340,323,130607,6671,862722,2791000
2065,317,340,130290,6648,863062,2806200
2066,342,321,129948,6669,863383,2951200
2067,293,317,129655,6645,863700,2876100
2068,336,301,129319,6680,864001,3078300
2069,322,339,128997,6663,864340,2961800
2070,348,322,128649,6689,864662,2808600
2071,330,304,128319,6715,864966,2750000
2072,377,332,127942,6760,865298,2724500
2073,321,356,127621,6725,865654,2739800
2074,303,326,127318,6702,865980,2828100
2075,340,399,126978,6643,866379,3032500
2076,338,327,126640,6654,866706,2813700
2077,338,329,126302,6663,867035,2809500
2078,364,342,125938,6685,867377,2827400
2079,346,320,125592,6711,867697,2994400
2080,339,349,125253,6701,868046,2785200
2081,324,311,124929,6714,868357,2722000
2082,350,352,124579,6712,868709,2757300
2083,307,302,124272,6717,869011,3193300
2084,315,316,123957,6716,869327,2728800
2085,355,334,123602,6737,869661,2997600
2086,327,352,123275,6712,870013,2865000
2087,330,330,122945,6712,870343,2855400
2088,315,326,122630,6701,870669,2807300
2089,324,334,122306,6691,871003,2845600
2090,307,328,121999,6670,871331,3176500
2091,277,369,121722,6578,871700,2789400
2092,363,353,121359,6588,872053,2848500
2093,300,332,121059,6556,872385,3015000
2094,281,343,120778,6494,872728,2789400
2095,314,347,120464,6461,873075,2909200
2096,300,311,120164,6450,873386,2842900
2097,279,305,119885,6424,873691,2765000
2098,310,345,119575,6389,874036,2763100
2099,306,335,119269,6360,874371,2886400
2100,293,305,118976,6348,874676,3094300
2101,305,324,118671,6329,875000,3007500
2102,300,338,118371,6291,875338,3028900
2103,300,335,118071,6256,875673,2901700
2104,292,335,117779,6213,876008,2933700
2105,279,325,117500,6167,876333,2877700
2106,278,331,117222,6114,876664,2958900
2107,313,291,116909,6136,876955,2915800
2108,316,300,116593,6152,877255,2826100
2109,289,304,116304,6137,877559,2869000
2110,277,305,116027,6109,877864,2951400
2111,297,305,115730,6101,878169,2918000
2112,288,312,115442,6077,878481,3825800
2113,287,316,115155,6048,878797,3730200
2114,296,336,114859,6008,879133,3789400
2115,286,290,114573,6004,879423,3865300
2116,290,282,114283,6012,879705,3486500
2117,292,292,113991,6012,879997,2974100
2118,280,275,113711,6017,880272,2868100
2119,266,292,113445,5991,880564,2838700
2120,262,279,113183,5974,880843,2787300
2121,287,280,112896,5981,881123,2840200
2122,292,288,112604,5985,881411,2762400
2123,277,353,112327,5909,881764,2741500
2124,283,307,112044,5885,882071,2696200
2125,267,285,111777,5867,882356,2690000
2126,279,280,111498,5866,882636,2682900
2127,299,275,111199,5890,882911,2804900
2128,288,260,110911,5918,883171,2761300
2129,308,248,110603,5978,883419,2783000
2130,298,307,110305,5969,883726,2877200
2131,298,295,110007,5972,884021,2790500
2132,276,294,109731,5954,884315,2805700
2133,324,328,109407,5950,884643,2840600
2134,284,293,109123,5941,884936,2774400
2135,308,330,108815,5919,885266,2821300
2136,285,290,108530,5914,885556,2800500
2137,302,287,108228,5929,885843,2994700
2138,306,293,107922,5942,886136,2897000
2139,324,312,107598,5954,886448,2843200
2140,331,291,107267,5994,886739,2846000
2141,335,281,106932,6048,887020,2771800
2142,317,317,106615,6048,887337,2836700
2143,304,292,106311,6060,887629,2762500
2144,278,294,106033,6044,887923,3783000
2145,270,292,105763,6022,888215,4631800
2146,310,308,105453,6024,888523,3022600
2147,290,296,105163,6018,888819,2910200
2148,302,289,104861,6031,889108,3119700
2149,324,308,104537,6047,889416,3639400
2150,285,291,104252,6041,889707,3052000
2151,298,287,103954,6052,889994,2950300
2152,306,317,103648,6041,890311,3441500
2153,323,290,103325,6074,890601,3002100
2154,314,294,103011,6094,890895,3045300
2155,272,294,102739,6072,891189,4007600
2156,289,320,102450,6041,891509,4238400
2157,277,303,102173,6015,891812,4231300
2158,306,290,101867,6031,892102,3518600
2159,295,281,101572,6045,892383,3592100
2160,245,292,101327,5998,892675,3396300
2161,273,296,101054,5975,892971,2995300
2162,263,308,100791,5930,893279,2964300
2163,278,288,100513,5920,893567,2940200
2164,265,325,100248,5860,893892,2900600
2165,285,292,99963,5853,894184,2959400
2166,266,279,99697,5840,894463,2907800
2167,287,308,99410,5819,894771,3175600
2168,269,282,99141,5806,895053,2892000
2169,280,272,98861,5814,895325,2735700
2170,264,297,98597,5781,895622,2713200
2171,273,278,98324,5776,895900,2658600
2172,295,294,98029,5777,896194,2630100
2173,263,296,97766,5744,896490,2670700
2174,259,302,97507,5701,896792,2593600
2175,247,273,97260,5675,897065,2550900
2176,277,283,96983,5669,897348,2588400
2177,265,299,96718,5635,897647,2523900
2178,246,297,96472,5584,897944,2580300
2179,262,261,96210,5585,898205,2598800
2180,253,250,95957,5588,898455,2701700
2181,270,287,95687,5571,898742,2722300
2182,250,309,95437,5512,899051,2684300
2183,267,262,95170,5517,899313,2664000
2184,244,298,94926,5463,899611,2688500
2185,248,288,94678,5423,899899,2736500
2186,267,268,94411,5422,900167,2703500
2187,280,250,94131,5452,900417,2650100
2188,277,271,93854,5458,900688,2656900
2189,272,261,93582,5469,900949,2664200
2190,261,255,93321,5475,901204,2649200
2191,253,241,93068,5487,901445,2950900
2192,281,289,92787,5479,901734,2632600
2193,273,255,92514,5497,901989,2545300
2194,262,280,92252,5479,902269,2575400
2195,283,271,91969,5491,902540,2553100
2196,260,269,91709,5482,902809,2541800
2197,289,257,91420,5514,903066,2669500
2198,258,290,91162,5482,903356,2662000
2199,274,282,90888,5474,903638,2614500
2200,269,265,90619,5478,903903,2630700
2201,269,290,90350,5457,904193,2643900
2202,229,289,90121,5397,904482,2779100
2203,254,268,89867,5383,904750,3028900
2204,262,261,89605,5384,905011,2691100
2205,241,299,89364,5326,905310,2655500
2206,241,252,89123,5315,905562,2657800
2207,267,258,88856,5324,905820,2635400
2208,234,254,88622,5304,906074,2614400
2209,245,229,88377,5320,906303,2619600
2210,234,255,88143,5299,906558,2613500
2211,268,275,87875,5292,906833,2591200
2212,246,257,87629,5281,907090,2573400
2213,268,281,87361,5268,907371,2561300
2214,293,249,87068,5312,907620,2594000
2215,235,235,86833,5312,907855,2623600
2216,240,259,86593,5293,908114,2599600
2217,257,264,86336,5286,908378,2571500
2218,244,266,86092,5264,908644,2570400
2219,262,286,85830,5240,908930,2572700
2220,236,255,85594,5221,909185,2635800
2221,263,248,85331,5236,909433,2600800
2222,249,261,85082,5224,909694,2562500
2223,260,247,84822,5237,909941,2563000
2224,230,258,84592,5209,910199,2565400
2225,240,272,84352,5177,910471,2534800
2226,230,261,84122,5146,910732,2756900
2227,235,262,83887,5119,910994,3504700
2228,261,235,83626,5145,911229,2954100
2229,248,233,83378,5160,911462,2710500
2230,255,272,83123,5143,911734,2709400
2231,270,234,82853,5179,911968,2829300
2232,227,254,82626,5152,912222,2971500
2233,279,259,82347,5172,912481,2671700
2234,252,246,82095,5178,912727,2657600
2235,232,261,81863,5149,912988,2641600
2236,250,279,81613,5120,913267,2625100
2237,226,248,81387,5098,913515,2812500
2238,216,267,81171,5047,913782,3362200
2239,247,252,80924,5042,914034,3087200
2240,240,218,80684,5064,914252,3052600
2241,244,250,80440,5058,914502,2996500
2242,247,246,80193,5059,914748,3278900
2243,245,265,79948,5039,915013,2796500
2244,240,235,79708,5044,915248,2724100
2245,230,248,79478,5026,915496,2732800
2246,233,251,79245,5008,915747,2729100
2247,225,249,79020,4984,915996,2667700
2248,254,224,78766,5014,916220,2658300
2249,228,261,78538,4981,916481,2658200
2250,216,275,78322,4922,916756,2606200
2251,242,226,78080,4938,916982,2594300
2252,238,261,77842,4915,917243,2594400
2253,237,219,77605,4933,917462,2629000
2254,258,253,77347,4938,917715,3013100
2255,234,229,77113,4943,917944,2677900
2256,234,272,76879,4905,918216,2650600
2257,239,217,76640,4927,918433,2626700
2258,254,270,76386,4911,918703,2827800
2259,251,246,76135,4916,918949,2601800
2260,254,233,75881,4937,919182,2589700
2261,222,233,75659,4926,919415,2557500
2262,209,262,75450,4873,919677,2527800
2263,220,248,75230,4845,919925,2508700
2264,246,259,74984,4832,920184,2521300
2265,244,241,74740,4835,920425,2481700
2266,207,259,74533,4783,920684,2937800
2267,250,239,74283,4794,920923,2486900
2268,213,225,74070,4782,921148,2481500
2269,224,233,73846,4773,921381,2463200
2270,238,221,73608,4790,921602,2474300
2271,221,225,73387,4786,921827,2660300
2272,209,222,73178,4773,922049,2866300
2273,238,217,72940,4794,922266,2691200
2274,264,237,72676,4821,922503,2626700
2275,204,238,72472,4787,922741,2641900
2276,241,262,72231,4766,923003,2571200
2277,219,247,72012,4738,923250,2935000
2278,226,229,71786,4735,923479,3559500
2279,232,251,71554,4716,923730,3399600
2280,233,238,71321,4711,923968,2628100
2281,226,250,71095,4687,924218,2529000
2282,245,236,70850,4696,924454,2493500
2283,221,207,70629,4710,924661,2764200
2284,234,221,70395,4723,924882,2513000
2285,219,215,70176,4727,925097,2482400
2286,233,275,69943,4685,925372,2513700
2287,225,222,69718,4688,925594,2463500
2288,235,227,69483,4696,925821,2464700
2289,218,232,69265,4682,926053,2469400
2290,226,267,69039,4641,926320,2466200
2291,221,200,68818,4662,926520,2433200
2292,215,235,68603,4642,926755,2976400
2293,214,217,68389,4639,926972,2437200
2294,227,236,68162,4630,927208,2451800
2295,197,238,67965,4589,927446,2795000
2296,203,221,67762,4571,927667,2483100
2297,210,224,67552,4557,927891,2454000
2298,214,228,67338,4543,928119,2447500
2299,201,213,67137,4531,928332,2421400
2300,207,221,66930,4517,928553,2432300
2301,201,234,66729,4484,928787,2678200
2302,194,233,66535,4445,929020,2682900
2303,201,218,66334,4428,929238,2521500
2304,190,225,66144,4393,929463,2540000
2305,197,223,65947,4367,929686,2503100
2306,208,224,65739,4351,929910,2484200
2307,175,208,65564,4318,930118,2487700
2308,194,229,65370,4283,930347,2468200
2309,205,230,65165,4258,930577,2458600
2310,156,207,65009,4207,930784,2461100
2311,196,216,64813,4187,931000,2426400
2312,200,230,64613,4157,931230,2412900
2313,192,237,64421,4112,931467,2446400
2314,179,212,64242,4079,931679,2457500
2315,195,198,64047,4076,931877,2420300
2316,202,203,63845,4075,932080,2419100
2317,186,186,63659,4075,932266,2434700
2318,167,197,63492,4045,932463,2424400
2319,222,204,63270,4063,932667,2398700
2320,195,197,63075,4061,932864,2454000
2321,189,179,62886,4071,933043,2439900
2322,171,214,62715,4028,933257,2456500
2323,191,171,62524,4048,933428,2392800
2324,192,213,62332,4027,933641,2405500
2325,188,180,62144,4035,933821,2406500
2326,214,217,61930,4032,934038,2456100
2327,194,213,61736,4013,934251,2455600
2328,188,184,61548,4017,934435,2449900
2329,199,215,61349,4001,934650,2449800
2330,192,192,61157,4001,934842,2462400
2331,178,215,60979,3964,935057,2482700
2332,194,185,60785,3973,935242,2496400
2333,214,186,60571,4001,935428,2826200
2334,169,206,60402,3964,935634,2516000
2335,173,200,60229,3937,935834,2476300
2336,161,205,60068,3893,936039,2445000
2337,164,188,59904,3869,936227,2450000
2338,170,193,59734,3846,936420,2421400
2339,163,184,59571,3825,936604,2811600
2340,181,199,59390,3807,936803,2479000
2341,159,191,59231,3775,936994,2433800
2342,188,197,59043,3766,937191,2417300
2343,195,206,58848,3755,937397,2406400
2344,176,183,58672,3748,937580,2392200
2345,169,180,58503,3737,937760,2510700
2346,174,184,58329,3727,937944,2837400
2347,171,203,58158,3695,938147,2434600
2348,148,207,58010,3636,938354,2430000
2349,169,172,57841,3633,938526,2429500
2350,180,160,57661,3653,938686,2416700
2351,168,188,57493,3633,938874,2416100
2352,181,193,57312,3621,939067,2540600
2353,175,180,57137,3616,939247,2509100
2354,164,208,56973,3572,939455,2474200
2355,177,183,56796,3566,939638,2455700
2356,152,174,56644,3544,939812,2534700
2357,167,185,56477,3526,939997,2509900
2358,165,162,56312,3529,940159,3002600
2359,173,166,56139,3536,940325,2618800
2360,198,161,55941,3573,940486,2492000
2361,155,184,55786,3544,940670,2462200
2362,168,185,55618,3527,940855,2446000
2363,167,150,55451,3544,941005,2408600
2364,164,199,55287,3509,941204,2816900
2365,164,163,55123,3510,941367,2600500
2366,169,158,54954,3521,941525,2420000
2367,171,193,54783,3499,941718,2412700
2368,158,194,54625,3463,941912,2381100
2369,174,174,54451,3463,942086,2392200
2370,176,192,54275,3447,942278,2396200
2371,175,157,54100,3465,942435,2954600
2372,152,182,53948,3435,942617,2442500
2373,186,189,53762,3432,942806,2410900
2374,165,149,53597,3448,942955,2393600
2375,156,189,53441,3415,943144,2408400
2376,164,167,53277,3412,943311,2404000
2377,201,147,53076,3466,943458,2758100
2378,162,178,52914,3450,943636,2443500
2379,193,184,52721,3459,943820,2398100
2380,157,171,52564,3445,943991,2375300
2381,165,172,52399,3438,944163,2386000
2382,139,154,52260,3423,944317,2421500
2383,166,194,52094,3395,944511,2564800
2384,159,153,51935,3401,944664,2630500
2385,170,153,51765,3418,944817,2501500
2386,163,170,51602,3411,944987,2461000
2387,140,161,51462,3390,945148,2414600
2388,142,195,51320,3337,945343,2420000
2389,157,188,51163,3306,945531,2413900
2390,157,167,51006,3296,945698,2458700
2391,149,174,50857,3271,945872,2391000
2392,159,175,50698,3255,946047,2388000
2393,149,163,50549,3241,946210,2399900
2394,128,152,50421,3217,946362,2412300
2395,148,163,50273,3202,946525,2367400
2396,162,174,50111,3190,946699,2377600
2397,154,151,49957,3193,946850,2374900
2398,158,167,49799,3184,947017,2393200
2399,157,162,49642,3179,947179,2367800
2400,131,140,49511,3170,947319,2370200
2401,148,162,49363,3156,947481,2399300
2402,169,151,49194,3174,947632,2390800
2403,149,171,49045,3152,947803,2662100
2404,139,153,48906,3138,947956,2440600
2405,169,167,48737,3140,948123,2373500
2406,131,136,48606,3135,948259,2361200
2407,150,161,48456,3124,948420,2373400
2408,141,165,48315,3100,948585,2348000
2409,142,147,48173,3095,948732,2538100
2410,133,142,48040,3086,948874,2582500
2411,139,181,47901,3044,949055,2423100
2412,155,158,47746,3041,949213,2394300
2413,139,148,47607,3032,949361,2421100
2414,155,124,47452,3063,949485,2389500
2415,124,146,47328,3041,949631,2365200
2416,142,157,47186,3026,949788,2542800
2417,137,169,47049,2994,949957,2393400
2418,152,143,46897,3003,950100,2394000
2419,126,137,46771,2992,950237,2408400
2420,144,133,46627,3003,950370,2342700
2421,133,139,46494,2997,950509,2463100
2422,111,141,46383,2967,950650,2493600
2423,118,156,46265,2929,950806,2457900
2424,152,143,46113,2938,950949,2387100
2425,126,156,45987,2908,951105,2391400
2426,143,152,45844,2899,951257,2363500
2427,108,125,45736,2882,951382,2400100
2428,126,161,45610,2847,951543,2359500
2429,133,148,45477,2832,951691,2644500
2430,128,122,45349,2838,951813,2398600
2431,133,164,45216,2807,951977,2371100
2432,116,108,45100,2815,952085,2345000
2433,150,126,44950,2839,952211,2327000
2434,129,169,44821,2799,952380,2322600
2435,130,118,44691,2811,952498,2749800
2436,104,148,44587,2767,952646,2475900
2437,133,139,44454,2761,952785,2389700
2438,138,149,44316,2750,952934,2393900
2439,125,137,44191,2738,953071,2401500
2440,130,138,44061,2730,953209,2427800
2441,115,142,43946,2703,953351,2592200
2442,128,133,43818,2698,953484,2553300
2443,113,136,43705,2675,953620,2401500
2444,125,126,43580,2674,953746,2401600
2445,136,124,43444,2686,953870,2372800
2446,122,93,43322,2715,953963,2377700
2447,130,131,43192,2714,954094,2425500
2448,129,137,43063,2706,954231,2398300
2449,137,132,42926,2711,954363,2380300
2450,134,122,42792,2723,954485,2402100
2451,143,136,42649,2730,954621,2367600
2452,122,145,42527,2707,954766,2349100
2453,135,159,42392,2683,954925,2363200
2454,127,144,42265,2666,955069,2630600
2455,138,140,42127,2664,955209,2362200
2456,124,114,42003,2674,955323,2362800
2457,117,135,41886,2656,955458,2325500
2458,124,140,41762,2640,955598,2350200
2459,107,133,41655,2614,955731,2337500
2460,108,120,41547,2602,955851,2370300
2461,117,120,41430,2599,955971,2370500
2462,108,130,41322,2577,956101,2373500
2463,105,95,41217,2587,956196,2333800
2464,108,121,41109,2574,956317,2370700
2465,99,127,41010,2546,956444,2374900
2466,90,130,40920,2506,956574,2375300
2467,110,124,40810,2492,956698,2430500
2468,96,111,40714,2477,956809,2427800
2469,101,122,40613,2456,956931,2401400
2470,115,122,40498,2449,957053,2366500
2471,105,133,40393,2421,957186,2345000
2472,101,117,40292,2405,957303,2350300
2473,97,107,40195,2395,957410,2382900
2474,106,97,40089,2404,957507,2368700
2475,84,123,40005,2365,957630,2405000
2476,104,103,39901,2366,957733,2373500
2477,99,129,39802,2336,957862,2366100
2478,95,108,39707,2323,957970,2347000
2479,120,117,39587,2326,958087,2347000
2480,110,114,39477,2322,958201,2395300
2481,103,115,39374,2310,958316,2364800
2482,114,99,39260,2325,958415,2328600
2483,89,90,39171,2324,958505,2319000
2484,107,132,39064,2299,958637,2317300
2485,112,114,38952,2297,958751,2336800
2486,106,89,38846,2314,958840,2313300
2487,98,119,38748,2293,958959,2660200
2488,105,112,38643,2286,959071,2393500
2489,123,109,38520,2300,959180,2378500
2490,118,111,38402,2307,959291,2333100
2491,122,115,38280,2314,959406,2327400
2492,111,109,38169,2316,959515,2359100
2493,102,116,38067,2302,959631,2436100
2494,121,142,37946,2281,959773,2450700
2495,109,110,37837,2280,959883,2421000
2496,109,130,37728,2259,960013,2400500
2497,118,117,37610,2260,960130,2403800
2498,96,114,37514,2242,960244,2365800
2499,107,112,37407,2237,960356,2346000
2500,127,117,37280,2247,960473,2435400
2501,111,103,37169,2255,960576,2402500
2502,118,123,37051,2250,960699,2391500
2503,106,110,36945,2246,960809,2348300
2504,126,117,36819,2255,960926,2358000
2505,130,119,36689,2266,961045,2354200
2506,112,121,36577,2257,961166,2552600
2507,111,126,36466,2242,961292,2511600
2508,119,112,36347,2249,961404,2360900
2509,107,126,36240,2230,961530,2336200
2510,109,116,36131,2223,961646,2352700
2511,110,101,36021,2232,961747,2332200
2512,99,136,35922,2195,961883,2326200
2513,99,124,35823,2170,962007,2382800
2514,86,102,35737,2154,962109,2354200
2515,95,95,35642,2154,962204,2342700
2516,108,101,35534,2161,962305,2321200
2517,110,115,35424,2156,962420,2326300
2518,107,98,35317,2165,962518,2346200
2519,97,115,35220,2147,962633,2518500
2520,109,114,35111,2142,962747,2925000
2521,97,110,35014,2129,962857,2356700
2522,115,101,34899,2143,962958,2418700
2523,104,106,34795,2141,963064,2429100
2524,110,115,34685,2136,963179,2429100
2525,92,116,34593,2112,963295,2389600
2526,97,103,34496,2106,963398,2415300
2527,80,120,34416,2066,963518,2397900
2528,76,96,34340,2046,963614,2368600
2529,115,104,34225,2057,963718,2355200
2530,77,92,34148,2042,963810,2337100
2531,100,117,34048,2025,963927,2341200
2532,81,97,33967,2009,964024,2412500
2533,98,98,33869,2009,964122,2452900
2534,78,111,33791,1976,964233,2457200
2535,84,90,33707,1970,964323,2451500
2536,86,110,33621,1946,964433,2417800
2537,85,93,33536,1938,964526,2435900
2538,86,114,33450,1910,964640,2391200
2539,92,100,33358,1902,964740,2568200
2540,79,99,33279,1882,964839,2360800
2541,105,100,33174,1887,964939,2348300
2542,73,80,33101,1880,965019,2366700
2543,94,101,33007,1873,965120,2349900
2544,89,94,32918,1868,965214,2358700
2545,75,103,32843,1840,965317,2589800
2546,64,99,32779,1805,965416,2552900
2547,74,96,32705,1783,965512,2432700
2548,75,87,32630,1771,965599,2414000
2549,83,89,32547,1765,965688,2393500
2550,91,89,32456,1767,965777,2421700
2551,90,73,32366,1784,965850,2415300
2552,84,111,32282,1757,965961,2404700
2553,90,94,32192,1753,966055,2372000
2554,91,99,32101,1745,966154,2358100
2555,86,88,32015,1743,966242,2340700
2556,100,81,31915,1762,966323,2361100
2557,75,82,31840,1755,966405,2338700
2558,94,94,31746,1755,966499,2396700
2559,89,86,31657,1758,966585,2407700
2560,78,97,31579,1739,966682,2375200
2561,90,73,31489,1756,966755,2356300
2562,109,84,31380,1781,966839,2371600
2563,87,78,31293,1790,966917,2336100
2564,88,111,31205,1767,967028,2359200
2565,89,93,31116,1763,967121,2357400
2566,76,79,31040,1760,967200,2335200
2567,87,86,30953,1761,967286,2322400
2568,87,91,30866,1757,967377,2329000
2569,92,80,30774,1769,967457,2343900
2570,110,97,30664,1782,967554,2314100
2571,85,79,30579,1788,967633,2341600
2572,91,85,30488,1794,967718,2325800
2573,89,78,30399,1805,967796,2314600
2574,100,91,30299,1814,967887,2330700
2575,97,89,30202,1822,967976,2317200
2576,79,99,30123,1802,968075,2379500
2577,103,82,30020,1823,968157,2533100
2578,93,73,29927,1843,968230,2469400
2579,87,80,29840,1850,968310,2360000
2580,93,78,29747,1865,968388,2334100
2581,102,83,29645,1884,968471,2331100
2582,107,108,29538,1883,968579,2358600
2583,107,92,29431,1898,968671,2311400
2584,84,90,29347,1892,968761,2823400
2585,110,98,29237,1904,968859,2441500
2586,87,103,29150,1888,968962,2342800
2587,91,75,29059,1904,969037,2340800
2588,94,96,28965,1902,969133,2355800
2589,89,119,28876,1872,969252,2333400
2590,100,111,28776,1861,969363,2652700
2591,82,77,28694,1866,969440,2540800
2592,96,92,28598,1870,969532,2339600
2593,86,98,28512,1858,969630,2324900
2594,82,91,28430,1849,969721,2336400
2595,80,90,28350,1839,969811,2307900
2596,100,99,28250,1840,969910,2305900
2597,82,100,28168,1822,970010,2843000
2598,77,80,28091,1819,970090,2347400
2599,85,114,28006,1790,970204,2337300
2600,92,92,27914,1790,970296,2338500
2601,88,94,27826,1784,970390,2316200
2602,73,96,27753,1761,970486,2328500
2603,81,96,27672,1746,970582,2311200
2604,83,82,27589,1747,970664,2437600
2605,82,97,27507,1732,970761,2381300
2606,66,76,27441,1722,970837,2428100
2607,78,80,27363,1720,970917,2396200
2608,78,73,27285,1725,970990,2381200
2609,87,80,27198,1732,971070,2360900
2610,91,86,27107,1737,971156,2346300
2611,88,86,27019,1739,971242,2338300
2612,77,88,26942,1728,971330,2338800
2613,77,95,26865,1710,971425,2324900
2614,71,73,26794,1708,971498,2328900
2615,78,93,26716,1693,971591,2312900
2616,70,92,26646,1671,971683,2307100
2617,70,79,26576,1662,971762,2355400
2618,59,82,26517,1639,971844,2410500
2619,79,79,26438,1639,971923,2400200
2620,64,77,26374,1626,972000,2357300
2621,78,68,26296,1636,972068,2349200
2622,65,76,26231,1625,972144,2333900
2623,88,74,26143,1639,972218,2326000
2624,74,67,26069,1646,972285,2371500
2625,81,76,25988,1651,972361,2336400
2626,67,73,25921,1645,972434,2353700
2627,81,76,25840,1650,972510,2329600
2628,81,80,25759,1651,972590,2316300
2629,77,99,25682,1629,972689,2307900
2630,77,84,25605,1622,972773,2430700
2631,99,82,25506,1639,972855,2491700
2632,96,94,25410,1641,972949,2456800
2633,76,86,25334,1631,973035,2408000
2634,70,73,25264,1628,973108,2396200
2635,84,69,25180,1643,973177,2394200
2636,94,62,25086,1675,973239,2370200
2637,81,78,25005,1678,973317,2834200
2638,94,88,24911,1684,973405,2672400
2639,86,77,24825,1693,973482,2540600
2640,87,101,24738,1679,973583,2775100
2641,97,75,24641,1701,973658,2465700
2642,84,72,24557,1713,973730,2462000
2643,91,88,24466,1716,973818,3001300
2644,110,79,24356,1747,973897,2433300
2645,80,82,24276,1745,973979,2433100
2646,92,85,24184,1752,974064,2554100
2647,76,87,24108,1741,974151,2584600
2648,73,98,24035,1716,974249,2457700
2649,101,88,23934,1729,974337,2757100
2650,74,79,23860,1724,974416,2763800
2651,73,71,23787,1726,974487,2449900
2652,82,74,23705,1734,974561,2427700
2653,90,103,23615,1721,974664,2427500
2654,79,97,23536,1703,974761,2404600
2655,84,69,23452,1718,974830,2478000
2656,84,88,23368,1714,974918,2402100
2657,68,84,23300,1698,975002,2400100
2658,75,90,23225,1683,975092,2431900
2659,85,90,23140,1678,975182,2412500
2660,64,70,23076,1672,975252,2435000
2661,77,93,22999,1656,975345,2548100
2662,73,91,22926,1638,975436,2628900
2663,68,77,22858,1629,975513,2423900
2664,69,93,22789,1605,975606,2411600
2665,63,93,22726,1575,975699,2386700
2666,75,71,22651,1579,975770,2424800
2667,74,96,22577,1557,975866,2404900
2668,67,81,22510,1543,975947,2480800
2669,70,71,22440,1542,976018,2441200
2670,73,73,22367,1542,976091,2426800
2671,65,74,22302,1533,976165,2430500
2672,85,81,22217,1537,976246,2476300
2673,80,67,22137,1550,976313,2471200
2674,85,68,22052,1567,976381,2468900
2675,64,74,21988,1557,976455,2480400
2676,63,64,21925,1556,976519,2479000
2677,68,83,21857,1541,976602,2456400
2678,77,70,21780,1548,976672,2464600
2679,69,66,21711,1551,976738,2478900
2680,75,77,21636,1549,976815,2498600
2681,58,74,21578,1533,976889,2603700
2682,61,78,21517,1516,976967,2339300
2683,51,87,21466,1480,977054,2378400
2684,56,75,21410,1461,977129,2380900
2685,60,72,21350,1449,977201,2389600
2686,49,70,21301,1428,977271,2382000
2687,50,68,21251,1410,977339,2438000
2688,62,78,21189,1394,977417,2413500
2689,53,77,21136,1370,977494,2753300
2690,65,59,21071,1376,977553,2416800
2691,59,68,21012,1367,977621,2436100
2692,57,87,20955,1337,977708,2403400
2693,57,63,20898,1331,977771,2453300
2694,55,61,20843,1325,977832,2467100
2695,54,71,20789,1308,977903,2418600
2696,61,56,20728,1313,977959,2403100
2697,46,60,20682,1299,978019,2368000
2698,57,65,20625,1291,978084,2394000
2699,60,49,20565,1302,978133,2384000
2700,59,71,20506,1290,978204,2422700
2701,64,67,20442,1287,978271,2374200
2702,56,72,20386,1271,978343,2351500
2703,53,71,20333,1253,978414,2408100
2704,52,61,20281,1244,978475,2406900
2705,42,67,20239,1219,978542,2372400
2706,40,65,20199,1194,978607,2434700
2707,58,51,20141,1201,978658,2756300
2708,45,65,20096,1181,978723,2730900
2709,43,54,20053,1170,978777,2599800
2710,38,72,20015,1136,978849,2612300
2711,51,50,19964,1137,978899,2592200
2712,43,38,19921,1142,978937,2756900
2713,39,52,19882,1129,978989,2457800
2714,38,48,19844,1119,979037,2439400
2715,56,59,19788,1116,979096,2430400
2716,38,56,19750,1098,979152,2436900
2717,47,60,19703,1085,979212,2414500
2718,41,54,19662,1072,979266,2376600
2719,45,55,19617,1062,979321,2424700
2720,36,58,19581,1040,979379,2350100
2721,44,48,19537,1036,979427,2323100
2722,37,52,19500,1021,979479,2337200
2723,36,38,19464,1019,979517,2287400
2724,42,49,19422,1012,979566,2301700
2725,41,45,19381,1008,979611,2323200
2726,44,56,19337,996,979667,2274100
2727,35,56,19302,975,979723,2298000
2728,35,42,19267,968,979765,2300500
2729,42,43,19225,967,979808,2291900
2730,52,44,19173,975,979852,2266900
2731,47,37,19126,985,979889,2259500
2732,39,52,19087,972,979941,2333700
2733,38,51,19049,959,979992,2280500
2734,34,62,19015,931,980054,2270500
2735,34,47,18981,918,980101,2281300
2736,36,46,18945,908,980147,2286300
2737,35,44,18910,899,980191,2285800
2738,51,47,18859,903,980238,2276900
2739,34,44,18825,893,980282,2311100
2740,28,36,18797,885,980318,2310100
2741,43,42,18754,886,980360,2323400
2742,36,47,18718,875,980407,2331100
2743,38,48,18680,865,980455,2341500
2744,34,42,18646,857,980497,2337400
2745,44,43,18602,858,980540,2327500
2746,39,56,18563,841,980596,2386000
2747,38,41,18525,838,980637,2314100
2748,31,42,18494,827,980679,2316100
2749,31,40,18463,818,980719,2298800
2750,34,47,18429,805,980766,2291700
2751,30,36,18399,799,980802,2268400
2752,33,38,18366,794,980840,2402100
2753,26,58,18340,762,980898,2362100
2754,36,36,18304,762,980934,2310600
2755,21,41,18283,742,980975,2274200
2756,24,38,18259,728,981013,2263200
2757,26,26,18233,728,981039,2254900
2758,20,45,18213,703,981084,2270600
2759,25,32,18188,696,981116,2325200
2760,22,29,18166,689,981145,2748900
2761,20,35,18146,674,981180,2262900
2762,30,37,18116,667,981217,2253000
2763,22,39,18094,650,981256,2232000
2764,29,41,18065,638,981297,2239700
2765,25,30,18040,633,981327,2239100
2766,26,29,18014,630,981356,2242300
2767,22,24,17992,628,981380,2341400
2768,32,38,17960,622,981418,2305100
2769,23,30,17937,615,981448,2319300
2770,27,26,17910,616,981474,2308800
2771,22,33,17888,605,981507,2346500
2772,12,27,17876,590,981534,2361800
2773,19,23,17857,586,981557,2351600
2774,16,17,17841,585,981574,2333000
2775,19,39,17822,565,981613,2329100
2776,22,30,17800,557,981643,2281500
2777,17,27,17783,547,981670,2263700
2778,14,17,17769,544,981687,2248800
2779,22,15,17747,551,981702,2249700
2780,32,23,17715,560,981725,2448200
2781,30,18,17685,572,981743,2496200
2782,18,26,17667,564,981769,2300200
2783,17,25,17650,556,981794,2297300
2784,17,28,17633,545,981822,2282000
2785,31,23,17602,553,981845,2265200
2786,17,26,17585,544,981871,2246100
2787,32,22,17553,554,981893,2356200
2788,32,27,17521,559,981920,2295300
2789,36,34,17485,561,981954,2268300
2790,31,26,17454,566,981980,2256100
2791,24,21,17430,569,982001,2236100
2792,28,33,17402,564,982034,2265500
2793,31,24,17371,571,982058,2341700
2794,25,27,17346,569,982085,2763500
2795,28,25,17318,572,982110,2253900
2796,19,23,17299,568,982133,2252200
2797,28,24,17271,572,982157,2276200
2798,18,27,17253,563,982184,2274000
2799,30,28,17223,565,982212,2258100
2800,25,26,17198,564,982238,2323100
2801,17,19,17181,562,982257,2316200
2802,25,26,17156,561,982283,2288800
2803,21,30,17135,552,982313,2269600
2804,23,23,17112,552,982336,2266100
2805,25,31,17087,546,982367,2284900
2806,13,29,17074,530,982396,2270700
2807,21,17,17053,534,982413,2578200
2808,22,25,17031,531,982438,2325400
2809,17,31,17014,517,982469,2250300
2810,17,28,16997,506,982497,2252700
2811,20,31,16977,495,982528,2247800
2812,17,22,16960,490,982550,2250100
2813,25,24,16935,491,982574,2266200
2814,18,31,16917,478,982605,2592400
2815,21,23,16896,476,982628,2246600
2816,13,28,16883,461,982656,2228100
2817,12,26,16871,447,982682,2226100
2818,16,26,16855,437,982708,2237700
2819,16,23,16839,430,982731,2257700
2820,15,23,16824,422,982754,2554700
2821,19,24,16805,417,982778,2240200
2822,16,33,16789,400,982811,2250600
2823,13,21,16776,392,982832,2235300
2824,19,20,16757,391,982852,2686700
2825,20,26,16737,385,982878,2656000
2826,16,21,16721,380,982899,2636000
2827,10,31,16711,359,982930,2300700
2828,12,21,16699,350,982951,2286400
2829,5,25,16694,330,982976,2303400
2830,20,14,16674,336,982990,2295900
2831,15,16,16659,335,983006,2263300
2832,17,13,16642,339,983019,2283400
2833,19,22,16623,336,983041,2272000
2834,14,19,16609,331,983060,2244300
2835,18,17,16591,332,983077,2251900
2836,14,24,16577,322,983101,2272300
2837,11,18,16566,315,983119,2252500
2838,21,15,16545,321,983134,2775600
2839,16,14,16529,323,983148,2228900
2840,15,12,16514,326,983160,2201800
2841,14,21,16500,319,983181,2217800
2842,16,26,16484,309,983207,2263200
2843,8,13,16476,304,983220,2211500
2844,10,18,16466,296,983238,2881500
2845,15,24,16451,287,983262,2244500
2846,11,12,16440,286,983274,2195500
2847,16,7,16424,295,983281,2181600
2848,13,20,16411,288,983301,2224400
2849,14,15,16397,287,983316,2207900
2850,10,16,16387,281,983332,2604000
2851,9,15,16378,275,983347,2253600
2852,18,12,16360,281,983359,2262100
2853,9,17,16351,273,983376,2260400
2854,18,16,16333,275,983392,2254900
2855,12,21,16321,266,983413,2257800
2856,10,12,16311,264,983425,2283000
2857,12,12,16299,264,983437,2249300
2858,10,16,16289,258,983453,2215400
2859,11,4,16278,265,983457,2221700
2860,16,14,16262,267,983471,2230000
2861,17,10,16245,274,983481,2224300
2862,18,12,16227,280,983493,2363600
2863,11,17,16216,274,983510,2473700
2864,17,18,16199,273,983528,2265000
2865,15,13,16184,275,983541,2268900
2866,13,23,16171,265,983564,2226900
2867,13,7,16158,271,983571,2229400
2868,15,11,16143,275,983582,2225200
2869,17,14,16126,278,983596,2287400
2870,7,10,16119,275,983606,2241900
2871,23,14,16096,284,983620,2227300
2872,13,11,16083,286,983631,2230300
2873,10,14,16073,282,983645,2230300
2874,19,10,16054,291,983655,2215200
2875,10,19,16044,282,983674,2300200
2876,6,19,16038,269,983693,2249500
2877,9,18,16029,260,983711,2295600
2878,14,12,16015,262,983723,2251600
2879,11,8,16004,265,983731,2249500
2880,13,10,15991,268,983741,2324100
2881,13,15,15978,266,983756,2817400
2882,5,10,15973,261,983766,2204600
2883,7,10,15966,258,983776,2221300
2884,13,8,15953,263,983784,2221800
2885,14,9,15939,268,983793,2234000
2886,11,10,15928,269,983803,2232600
2887,7,14,15921,262,983817,2237300
2888,13,17,15908,258,983834,2228800
2889,14,16,15894,256,983850,2244400
2890,13,20,15881,249,983870,2230100
2891,11,14,15870,246,983884,2202400
2892,16,6,15854,256,983890,2215100
2893,18,3,15836,271,983893,2277200
2894,14,9,15822,276,983902,2262300
2895,15,10,15807,281,983912,2279300
2896,17,16,15790,282,983928,2236100
2897,17,14,15773,285,983942,2230600
2898,4,17,15769,272,983959,2213200
2899,13,13,15756,272,983972,2425900
2900,20,12,15736,280,983984,2276900
2901,11,17,15725,274,984001,2276000
2902,20,21,15705,273,984022,2241000
2903,19,9,15686,283,984031,2262600
2904,18,17,15668,284,984048,2262900
2905,11,15,15657,280,984063,2341600
2906,18,17,15639,281,984080,2330000
2907,17,7,15622,291,984087,2304700
2908,9,18,15613,282,984105,2277000
2909,16,14,15597,284,984119,2264900
2910,12,9,15585,287,984128,2259400
2911,19,12,15566,294,984140,2281400
2912,14,19,15552,289,984159,2257500
2913,12,15,15540,286,984174,2270600
2914,22,13,15518,295,984187,2262700
2915,10,18,15508,287,984205,2238300
2916,13,17,15495,283,984222,2244100
2917,21,12,15474,292,984234,2234300
2918,8,16,15466,284,984250,2556200
2919,12,6,15454,290,984256,2209400
2920,12,17,15442,285,984273,2200000
2921,9,13,15433,281,984286,2232700
2922,7,15,15426,273,984301,2211000
2923,9,13,15417,269,984314,2206000
2924,7,13,15410,263,984327,2258900
2925,6,13,15404,256,984340,2243700
2926,7,16,15397,247,984356,2220800
2927,6,17,15391,236,984373,2204500
2928,6,8,15385,234,984381,2217700
2929,7,11,15378,230,984392,2210100
2930,8,15,15370,223,984407,2257700
2931,2,13,15368,212,984420,2260800
2932,4,9,15364,207,984429,2266500
2933,9,5,15355,211,984434,2252200
2934,6,13,15349,204,984447,2253500
2935,6,7,15343,203,984454,2234000
2936,4,11,15339,196,984465,2366500
2937,2,10,15337,188,984475,2527500
2938,3,13,15334,178,984488,2228000
2939,2,9,15332,171,984497,2242500
2940,6,6,15326,171,984503,2230200
2941,1,9,15325,163,984512,2238700
2942,2,10,15323,155,984522,2261500
2943,1,6,15322,150,984528,2284100
2944,3,7,15319,146,984535,2260700
2945,3,6,15316,143,984541,2229900
2946,3,4,15313,142,984545,2227800
2947,0,8,15313,134,984553,2238800
2948,0,6,15313,128,984559,2246800
2949,3,7,15310,124,984566,2310700
2950,1,2,15309,123,984568,2243900
2951,2,9,15307,116,984577,2235300
2952,1,7,15306,110,984584,2231600
2953,1,5,15305,106,984589,2241600
2954,1,4,15304,103,984593,2281500
2955,1,3,15303,101,984596,2753300
2956,2,8,15301,95,984604,2277000
2957,0,7,15301,88,984611,2249900
2958,1,4,15300,85,984615,2265900
2959,0,3,15300,82,984618,2257200
2960,0,5,15300,77,984623,2268700
2961,1,5,15299,73,984628,2269300
2962,0,4,15299,69,984632,2230500
2963,0,6,15299,63,984638,2230700
2964,0,1,15299,62,984639,2208900
2965,0,4,15299,58,984643,2222500
2966,0,1,15299,57,984644,2252100
2967,0,1,15299,56,984645,2261700
2968,0,4,15299,52,984649,2227800
2969,0,2,15299,50,984651,2215100
2970,0,0,15299,50,984651,2205200
2971,0,0,15299,50,984651,2212900
2972,0,2,15299,48,984653,2218200
2973,0,1,15299,47,984654,2281400
2974,0,3,15299,44,984657,2483300
2975,0,5,15299,39,984662,2294900
2976,1,0,15298,40,984662,2245500
2977,0,1,15298,39,984663,2243000
2978,0,2,15298,37,984665,2229700
2979,0,4,15298,33,984669,2439100
2980,0,1,15298,32,984670,2302900
2981,0,1,15298,31,984671,2169300
2982,0,0,15298,31,984671,2226500
2983,0,2,15298,29,984673,2235200
2984,1,2,15297,28,984675,2238700
2985,0,1,15297,27,984676,2431700
2986,0,0,15297,27,984676,2305100
2987,0,1,15297,26,984677,2243300
2988,0,0,15297,26,984677,2233200
2989,0,1,15297,25,984678,2238100
2990,0,1,15297,24,984679,2459400
2991,0,4,15297,20,984683,2633200
2992,1,1,15296,20,984684,2211400
2993,0,1,15296,19,984685,2223800
2994,0,1,15296,18,984686,2200400
2995,0,0,15296,18,984686,2199100
2996,0,1,15296,17,984687,2179000
2997,0,1,15296,16,984688,2243300
2998,0,3,15296,13,984691,2230500
2999,0,0,15296,13,984691,2217400
3000,0,0,15296,13,984691,2202200
3001,0,2,15296,11,984693,2208400
3002,0,2,15296,9,984695,2208000
3003,0,0,15296,9,984695,2218900
3004,0,1,15296,8,984696,2368700
3005,1,1,15295,8,984697,2215300
3006,0,0,15295,8,984697,2209200
3007,0,0,15295,8,984697,2210800
3008,0,0,15295,8,984697,2219100
3009,0,0,15295,8,984697,2213500
3010,1,1,15294,8,984698,2289100
3011,0,0,15294,8,984698,2259400
3012,0,0,15294,8,984698,2233800
3013,0,2,15294,6,984700,2256500
3014,0,0,15294,6,984700,2232100
3015,0,0,15294,6,984700,2215900
3016,0,0,15294,6,984700,2229400
3017,0,0,15294,6,984700,2211700
3018,0,0,15294,6,984700,2211500
3019,0,0,15294,6,984700,2219800
3020,0,0,15294,6,984700,2192400
3021,0,0,15294,6,984700,2204800
3022,0,0,15294,6,984700,2225400
3023,0,0,15294,6,984700,2541400
3024,0,0,15294,6,984700,2287700
3025,0,0,15294,6,984700,2274600
3026,0,0,15294,6,984700,2234700
3027,0,0,15294,6,984700,2231500
3028,0,0,15294,6,984700,2270200
3029,0,0,15294,6,984700,2242500
3030,0,0,15294,6,984700,2237600
3031,0,0,15294,6,984700,2231400
3032,0,0,15294,6,984700,2227600
3033,0,0,15294,6,984700,2372600
3034,0,0,15294,6,984700,2298900
3035,0,0,15294,6,984700,2545000
3036,0,0,15294,6,984700,2245800
3037,0,0,15294,6,984700,2245100
3038,0,1,15294,5,984701,2498200
3039,0,0,15294,5,984701,2254100
3040,0,0,15294,5,984701,2244500
3041,0,0,15294,5,984701,2454000
3042,0,0,15294,5,984701,2347500
3043,0,1,15294,4,984702,2282400
3044,0,0,15294,4,984702,2271200
3045,0,0,15294,4,984702,2288400
3046,0,0,15294,4,984702,2404800
3047,0,0,15294,4,984702,2500000
3048,0,0,15294,4,984702,2310000
3049,0,1,15294,3,984703,2379100
3050,0,0,15294,3,984703,2406700
3051,0,0,15294,3,984703,2368900
3052,0,0,15294,3,984703,2528600
3053,0,0,15294,3,984703,2312900
3054,0,0,15294,3,984703,2276600
3055,0,0,15294,3,984703,2250800
3056,0,1,15294,2,984704,2245400
3057,0,1,15294,1,984705,2230800
3058,0,0,15294,1,984705,2491400
3059,0,0,15294,1,984705,2305900
3060,0,0,15294,1,984705,2249800
3061,0,0,15294,1,984705,2256800
3062,0,0,15294,1,984705,2257100
3063,0,0,15294,1,984705,2229600
3064,0,0,15294,1,984705,2484900
3065,0,0,15294,1,984705,2248000
3066,0,0,15294,1,984705,2227000
3067,0,0,15294,1,984705,2224100
3068,0,0,15294,1,984705,2229600
3069,0,0,15294,1,984705,2206400
3070,0,0,15294,1,984705,2232500
3071,0,0,15294,1,984705,2255300
3072,0,0,15294,1,984705,2247800
3073,0,0,15294,1,984705,2221900
3074,0,0,15294,1,984705,2213800
3075,0,0,15294,1,984705,2219900
3076,0,0,15294,1,984705,2382400
3077,0,0,15294,1,984705,2443100
3078,0,0,15294,1,984705,2214600
3079,0,0,15294,1,984705,2206500
3080,0,0,15294,1,984705,2210400
3081,0,0,15294,1,984705,2207200
3082,0,0,15294,1,984705,2253000
3083,0,0,15294,1,984705,2377000
3084,0,0,15294,1,984705,2260300
3085,0,0,15294,1,984705,2291600
3086,0,0,15294,1,984705,2310300
3087,0,0,15294,1,984705,2320500
3088,0,0,15294,1,984705,2366600
3089,0,0,15294,1,984705,2408700
3090,0,0,15294,1,984705,2279800
3091,0,0,15294,1,984705,2271500
3092,0,0,15294,1,984705,2234800
3093,0,0,15294,1,984705,2238100
3094,0,1,15294,0,984706,2211800
